           1            0            0
           0            1            0
           0            0            1
   -0.165636    -0.986179   0.00402336
   -0.970371     0.163706     0.177706
    0.175909   -0.0255305     0.984075
    0.158603     -0.95157     0.263363
    0.974623     0.193564     0.112438
   -0.157971     0.238847     0.958122
    0.146605    -0.912095     0.382871
    0.978709     0.189954     0.077762
   -0.143654     0.363318     0.920523
    0.122546    -0.858336     0.498239
    0.984415     0.168928    0.0488935
   -0.126133     0.484482      0.86566
    0.117849    -0.889003     0.442477
    0.987933     0.150057    0.0383615
     -0.1005     0.432616     0.895959
    0.143988    -0.841606     0.520545
    0.985685     0.168597 -6.68924e-05
  -0.0877059     0.513103     0.853834
    0.127387    -0.910433     0.393552
    0.990185     0.139735    0.0027513
  -0.0574981     0.389339     0.919298
    0.103242    -0.944739     0.311142
     0.99227     0.119479    0.0335291
  -0.0688512     0.305276     0.949772
   0.0998204    -0.985477     0.137373
    0.994721     0.102139   0.00991905
  -0.0238062     0.135657      0.99047
   0.0805953    -0.988063     0.131285
    0.996231    0.0840903    0.0212899
  -0.0320756     0.129075     0.991116
  -0.0691655    -0.991557     0.109686
   -0.997585    0.0694435  -0.00128777
  -0.0063401     -0.10951    -0.993965
   0.0752005    -0.974135     0.213085
    0.996866     0.078708   0.00801315
  -0.0245774     0.211815     0.977001
    0.122428    -0.463447     0.877626
    0.969076     0.246714  -0.00490304
    -0.21425     0.851087      0.47932
    0.121788    -0.654111      0.74653
    0.970341     0.236702    0.0490982
    -0.20882     0.718409     0.663538
    0.119844    -0.653434     0.747437
    0.971905     0.230841    0.0459734
   -0.202579     0.720928      0.66274
    0.118159    -0.756681     0.643018
    0.974022     0.214297    0.0731943
   -0.193181     0.617665     0.762346
    0.120959    -0.757158     0.641935
    0.972566     0.219846    0.0760477
   -0.198707     0.615125     0.762979
    0.118174    -0.757454     0.642105
    0.975556     0.209209     0.067248
   -0.185271     0.618462     0.763662
    0.114202    -0.791523     0.600374
    0.976847     0.199515    0.0772235
   -0.180908     0.577654     0.795982
    0.113885    -0.792225     0.599508
    0.978113      0.19518    0.0721161
   -0.174144     0.578174     0.797113
    0.107194    -0.803085     0.586143
    0.981114     0.180915    0.0684479
   -0.161011     0.567736     0.807311
    0.117502    -0.792133     0.598931
    0.975522     0.204957    0.0796875
   -0.185878     0.574907     0.796826
     0.10812     -0.80251      0.58676
    0.979977     0.185301    0.0728603
   -0.167199     0.567134     0.806476
      0.1115    -0.803102     0.585317
    0.978812     0.190539    0.0749767
    -0.17174     0.564555     0.807331
    0.116418    -0.794053     0.596596
     0.97934     0.191777    0.0641443
   -0.165348     0.576803     0.799974
    0.109502    -0.804681     0.583522
    0.982116     0.178045     0.061225
    -0.15316     0.566382     0.809786
    0.113769    -0.806656     0.579968
    0.983053     0.175862    0.0517593
   -0.143746     0.564251     0.812993
    0.122248    -0.796283     0.592443
    0.980215     0.190491    0.0537697
   -0.155671     0.574148     0.803816
    0.122887    -0.759952     0.638256
     0.97663     0.206873    0.0582814
   -0.176329     0.616179     0.767614
    0.131522    -0.762242     0.633789
    0.977195     0.207208    0.0464187
   -0.166708      0.61323     0.772112
    0.130751    -0.658249     0.741359
    0.973893     0.225243    0.0282297
   -0.185568     0.718313     0.670515
    0.123135    -0.655615     0.744988
    0.973121     0.226982    0.0389107
    -0.19461     0.720172     0.665942
    0.131418    -0.464911     0.875549
    0.971035     0.238158   -0.0192902
   -0.199551     0.852724     0.482743
    0.141463    -0.660834     0.737079
    0.974282     0.224859    0.0146107
   -0.175394     0.716056     0.675648
     0.14125    -0.467058     0.872872
    0.971561     0.234662   -0.0316572
   -0.190044      0.85252     0.486922
    0.154669    -0.470214     0.868894
    0.971654     0.231556   -0.0476513
   -0.178792     0.851634       0.4927
    0.124723    -0.463564     0.877241
    0.970183     0.242167  -0.00996852
   -0.207817     0.852328     0.479946
    0.105001     -0.80862     0.578886
    0.982585     0.174092    0.0649568
   -0.153305     0.561984     0.812817
    0.102882    -0.807501     0.580825
    0.983377     0.170402     0.062718
   -0.149619     0.564717     0.811609
   0.0927852    -0.813561     0.574029
    0.987671     0.148208    0.0504071
   -0.126085     0.562275     0.817282
   0.0937522    -0.815582     0.570996
    0.987202     0.150468    0.0528313
   -0.129005     0.558736     0.819251
   0.0928839    -0.813975     0.573427
    0.988246     0.145596    0.0465954
   -0.121416     0.562359     0.817931
   0.0798067    -0.820575     0.565939
      0.9918     0.122218    0.0373478
  -0.0998145     0.558318     0.823601
     0.08074    -0.820213     0.566332
    0.992091     0.120916    0.0336829
   -0.096106     0.559134     0.823488
   0.0664512    -0.826713     0.558686
    0.995257    0.0947897    0.0218868
  -0.0710518     0.554581     0.829091
   0.0799162    -0.823202     0.562097
    0.991555     0.123428    0.0397887
   -0.102133      0.55417     0.826114
   0.0652486    -0.827474     0.557699
    0.995117    0.0954372    0.0251782
  -0.0740596     0.553333     0.829661
   0.0653412    -0.830388     0.553341
    0.994953    0.0965312    0.0273735
  -0.0761453      0.54876     0.832505
   0.0829873    -0.822032     0.563362
    0.992425     0.119555    0.0282577
  -0.0905814     0.556749     0.825727
   0.0691324    -0.827904     0.556592
    0.995375    0.0945501    0.0170067
  -0.0667058     0.552842     0.830612
   0.0730613    -0.830218      0.55263
    0.995467    0.0945354    0.0104135
  -0.0608886     0.549365     0.833361
   0.0869361    -0.824233     0.559538
    0.992708     0.118755    0.0206956
  -0.0835061     0.553658     0.828546
   0.0947799    -0.815915      0.57035
    0.988865     0.143191    0.0405144
   -0.114725     0.560159     0.820402
    0.099256    -0.817604     0.567161
    0.989317     0.142244    0.0319198
   -0.106773     0.557934     0.822988
    0.104297    -0.809837      0.57731
    0.985132     0.163802     0.051804
   -0.136517     0.563324      0.81488
    0.102127    -0.808294     0.579855
    0.984306     0.166438    0.0586461
   -0.143913     0.564765     0.812606
    0.108976    -0.811518     0.574076
    0.985783     0.162527     0.042619
   -0.127889      0.56127     0.817692
     0.10228    -0.919287     0.380066
     0.99301      0.11698    0.0157168
  -0.0589084     0.375802     0.924826
    0.106589     -0.93817     0.329356
    0.991704     0.124245    0.0329699
  -0.0718523     0.323109      0.94363
    0.112676    -0.857764     0.501542
     0.98951     0.142792    0.0219082
  -0.0904084     0.493812     0.864856
     0.11765    -0.900525     0.418584
    0.987604     0.150205    0.0455619
   -0.103903     0.408035     0.907034
    0.117194    -0.873395     0.472701
    0.987347     0.153668    0.0391416
   -0.106825     0.462132     0.880353
    0.119907     -0.85664     0.501787
    0.984255      0.16869    0.0527859
   -0.129865     0.487557     0.863379
    0.119659    -0.871766     0.475085
    0.984583     0.165694    0.0560581
   -0.127588     0.461053     0.878153
    0.119391    -0.815268     0.566642
    0.985947     0.164524     0.028974
   -0.116848      0.55522     0.823455
     0.12129    -0.824831     0.552216
    0.983821     0.173791    0.0434982
   -0.131849     0.538006     0.832565
    0.109653    -0.821237     0.559952
    0.989248     0.145014    0.0189607
  -0.0967723     0.551852     0.828308
   0.0969518    -0.828206     0.551973
    0.992496     0.121967   0.00867732
  -0.0745092      0.54699     0.833817
    0.101919    -0.867887     0.486194
    0.992565     0.121405   0.00864785
  -0.0665318     0.481698     0.873808
   0.0886042      -0.8706     0.483948
    0.995062     0.099183  -0.00375651
   -0.044729     0.481891     0.875089
   0.0824977    -0.835464     0.543317
    0.995183    0.0980381  -0.00035513
  -0.0529691     0.540729     0.839527
   0.0894941    -0.913483     0.396912
     0.99513    0.0985424   0.00241489
  -0.0413186     0.394763     0.917853
     0.13427     -0.89833     0.418301
    0.981027     0.180074    0.0718227
   -0.139846     0.400721     0.905465
    0.151339    -0.947238     0.282555
    0.976204     0.188136     0.107845
   -0.155313     0.259511     0.953169
     0.14439    -0.879557     0.453356
     0.97705     0.199235    0.0753536
   -0.156602     0.432071     0.888139
   -0.160509    -0.941201    -0.297285
   -0.972302    0.0989279     0.211757
    0.169896    -0.323039     0.931011
    0.158655    -0.137427    -0.977723
    0.972433    -0.149645     0.178831
   -0.170888    -0.979142     0.109897
   -0.170611    -0.356996     0.918393
   -0.967417    -0.116267    -0.224913
    0.187071    -0.926842    -0.325528
   -0.165843    -0.392585      0.90464
   -0.968162    -0.109605    -0.225054
    0.187506    -0.913161    -0.361909
    0.145742    -0.681663     0.717004
    0.974843     0.222493    0.0133748
   -0.168645     0.697017      0.69694
    0.161117    -0.258262     0.952545
    0.970422     0.217272    -0.105233
   -0.179784     0.941326     0.285629
    0.136379    -0.803876     0.578952
    0.978201     0.201655    0.0495722
   -0.156599     0.559571     0.813854
     0.12823    -0.827304     0.546923
     0.98121     0.185998    0.0512984
   -0.144166     0.530069      0.83561
    0.133204    -0.873555     0.468144
     0.98067     0.184484    0.0652108
    -0.14333     0.450409     0.881243
   0.0502696    -0.839642     0.540809
    0.997603    0.0679922    0.0128326
  -0.0475455     0.538868     0.841048
   0.0516193    -0.835925     0.546411
    0.997607    0.0683667     0.010347
  -0.0460056     0.544569     0.837453
   0.0332949    -0.846366      0.53156
    0.999357    0.0352667   -0.0064432
  -0.0132931     0.531433     0.846996
   0.0306896    -0.851707     0.523119
    0.999426    0.0336428    -0.003858
  -0.0143133     0.522938     0.852251
   0.0352934    -0.845722     0.532455
    0.999311    0.0359969  -0.00906311
  -0.0115018     0.532408      0.84641
   0.0130099    -0.859616     0.510774
    0.999711  0.000849244   -0.0240344
   0.0202266     0.510939     0.859379
   0.0158088    -0.857622     0.514037
    0.999647    0.0025841    -0.026432
   0.0213404     0.514274      0.85736
 -0.00477032    -0.871729     0.489965
    0.998655   -0.0294499   -0.0426732
   0.0516289     0.489103     0.870697
    0.010044    -0.865884     0.500143
    0.999762  -0.00100169   -0.0218117
   0.0193874     0.500243     0.865668
 -0.00763317     -0.87432      0.48529
    0.998665   -0.0314552    -0.040963
   0.0510797      0.48433     0.873393
 -0.00998497      -0.8805     0.473942
    0.998685   -0.0326177   -0.0395577
   0.0502895     0.472924     0.879667
   0.0183377    -0.859987     0.509986
    0.999564    0.0039723   -0.0292432
   0.0231229       0.5103     0.859686
 -0.00181486    -0.873083     0.487569
    0.998624   -0.0271364   -0.0448756
   0.0524109     0.486817      0.87193
   0.0010918    -0.877879     0.478881
    0.998543   -0.0248752   -0.0478775
   0.0539429     0.478236     0.876573
   0.0218113    -0.863781     0.503396
    0.999439   0.00603511   -0.0329483
    0.025422     0.503832     0.863427
   0.0377752    -0.848036      0.52859
    0.999246    0.0367811    -0.012401
 -0.00892564      0.52866     0.848787
   0.0422578    -0.850268     0.524652
    0.999091    0.0389031   -0.0174236
 -0.00559585     0.524911     0.851139
   0.0558877    -0.836983     0.544367
    0.997628    0.0687576   0.00329535
  -0.0401876     0.542892     0.838841
   0.0528936    -0.835747     0.546562
     0.99765    0.0680979   0.00758074
  -0.0435553     0.544876     0.837385
    0.060589    -0.838868     0.540953
    0.997521     0.070316  -0.00268591
  -0.0357845     0.539775     0.841049
  -0.0293307    -0.899566       0.4358
    0.996183    -0.062167   -0.0612773
   0.0822153     0.432339     0.897955
  -0.0252516    -0.894169     0.447018
    0.996239   -0.0595829   -0.0629069
    0.082884     0.443748      0.89231
  -0.0474655     -0.91903      0.39132
    0.991933    -0.089468   -0.0898016
    0.117541     0.383901     0.915862
  -0.0529236    -0.924219     0.378177
     0.99166   -0.0932079   -0.0890122
    0.117516     0.370312     0.921444
  -0.0442552    -0.919842     0.389784
    0.992136    -0.086193   -0.0907599
    0.117081     0.382702     0.916423
  -0.0712745    -0.947926     0.310413
    0.985916    -0.114155    -0.122225
    0.151295     0.297329     0.942712
  -0.0669668    -0.949552     0.306376
    0.986449    -0.109104    -0.122532
    0.149778     0.294019     0.943991
  -0.0906976    -0.975856     0.198693
    0.979801    -0.123145    -0.157562
    0.178226     0.180389     0.967314
  -0.0777853    -0.950376     0.301222
    0.985321    -0.119336    -0.122071
    0.151959     0.287305     0.945708
  -0.0957682    -0.972222      0.21357
    0.978832    -0.130968    -0.157275
    0.180877     0.193987     0.964185
   -0.102377    -0.971139     0.215426
    0.977872    -0.137971    -0.157258
    0.182442     0.194559     0.963775
  -0.0639468    -0.957092     0.282639
    0.986916    -0.102657    -0.124335
    0.148015      0.27099     0.951134
  -0.0870013     -0.98244     0.165053
    0.980693     -0.11359    -0.159181
    0.175134     0.148017     0.973354
  -0.0842513    -0.990465    -0.109003
    0.981463    -0.101385     0.162642
    0.172142    0.0932797    -0.980646
  -0.0610453    -0.966439     0.249536
     0.98742   -0.0950061    -0.126395
    0.145861     0.238681     0.960081
  -0.0416593    -0.925023     0.377621
    0.992363   -0.0822274    -0.091947
    0.116104     0.370906     0.921384
  -0.0376945    -0.931699     0.361269
    0.992638   -0.0765549   -0.0938614
    0.115107     0.355071     0.927726
  -0.0196654    -0.895676     0.444271
    0.996367   -0.0543824   -0.0655343
   0.0828581     0.441369     0.893492
   -0.022923    -0.893402     0.448672
    0.996283   -0.0576863   -0.0639649
   0.0830286     0.445538     0.891404
  -0.0158837    -0.900339       0.4349
    0.996419   -0.0503784   -0.0679026
   0.0830449     0.432264     0.897915
   0.0583138    -0.944423     0.323518
   -0.984785  -0.00127874     0.173773
   -0.163702    -0.328729    -0.930128
   0.0314166     -0.98775     0.152846
   -0.989034  -0.00864337     0.147433
   -0.144306    -0.155802    -0.977191
   0.0399015    -0.998265    0.0433074
   -0.988779   -0.0332039     0.145646
   -0.143956   -0.0486329    -0.988388
  -0.0149874     -0.98821    -0.152372
     0.99291   -0.0326809     0.114289
    0.117921     0.149579    -0.981693
 -0.00403845    -0.997991   -0.0632199
    0.992733   -0.0116045     0.119775
    0.120268    0.0622767    -0.990786
  -0.0237844    -0.970587     0.239574
    0.992938   -0.0507947    -0.107208
    0.116224     0.235332     0.964941
  0.00975674    -0.954061     0.299454
    0.995854   -0.0178146    -0.089204
   0.0904407     0.299083     0.949932
-0.000916088    -0.935635     0.352969
    0.996207   -0.0315654   -0.0810867
   0.0870091     0.351556     0.932115
   0.0183768     -0.90438     0.426331
    0.998015  -0.00909791   -0.0623184
   0.0602383      0.42663     0.902418
   0.0182855    -0.985615    -0.168012
    0.995468   0.00226207    0.0950713
   0.0933237     0.168989     -0.98119
   0.0293019    -0.919876     0.391114
    0.997436    0.0013531   -0.0715446
   0.0652829     0.392208     0.917557
   0.0295064    -0.980202      0.19579
    0.997286    0.0156514   -0.0719386
     0.06745     0.197381     0.978004
 -0.00910697    -0.916719      0.39943
    0.996373   -0.0421149   -0.0739394
   0.0846036     0.397308     0.913777
   0.0086854    -0.890227     0.455434
    0.998369     -0.01798   -0.0541847
   0.0564254     0.455162     0.888619
  -0.0308917    -0.949021     0.313696
    0.992867   -0.0652935   -0.0997574
    0.115154     0.308377     0.944268
  -0.0543615    -0.982522     0.178034
    0.988032   -0.0787047    -0.132662
    0.144355     0.168691     0.975041
  -0.0470567    -0.995962   -0.0764573
    0.988496   -0.0574447     0.139913
     0.14374    0.0689939    -0.987207
   0.0715967    -0.991853    -0.105362
   -0.983431   -0.0525583    -0.173499
   -0.166548    -0.116038     0.979182
   -0.078593     0.996826   -0.0126972
    0.982484    0.0796084     0.168488
    0.168964  0.000767207    -0.985622
   0.0643817    -0.972628     0.223271
   -0.984192   -0.0248959     0.175346
   -0.164988     -0.23103    -0.958856
   0.0480614    -0.978984     0.198192
    0.997881    0.0383467   -0.0525689
   0.0438641     0.200299     0.978752
   0.0496382     -0.92033      0.38798
    0.997936    0.0298525   -0.0568628
   0.0407504     0.390001     0.919912
   0.0667819     -0.92769     0.367331
    0.997678    0.0571472   -0.0370563
   0.0133848     0.368953     0.929352
   0.0670252    -0.971502     0.227359
     0.99763    0.0616998   -0.0304579
   0.0155619     0.228861     0.973335
   0.0619722    -0.868164     0.492393
    0.998056    0.0506165   -0.0363698
  0.00665166      0.49369     0.869613
   0.0818581    -0.925171     0.370617
    0.996538     0.081415   -0.0168688
  -0.0145673     0.370715     0.928633
   0.0777465    -0.872572      0.48226
    0.996755    0.0781554     -0.01928
   -0.020868     0.482194     0.875816
   0.0787478    -0.967565     0.240034
    0.996859    0.0784689   -0.0107346
 -0.00844879     0.240125     0.970705
   0.0693887    -0.845677     0.529165
    0.997166    0.0742502   -0.0120953
  -0.0290619     0.528505     0.848433
   0.0514941    -0.857441     0.511999
    0.998673    0.0444802   -0.0259506
-0.000522617     0.512656     0.858594
   0.0306127    -0.872806     0.487106
    0.999104    0.0124767   -0.0404338
   0.0292134     0.487907     0.872407
   0.0411988    -0.884335     0.465031
    0.998552    0.0203322   -0.0498004
   0.0345851      0.46641     0.883892
  -0.0736441    -0.996822    0.0303815
   -0.997183    0.0740371    0.0120202
  -0.0142314   -0.0294107    -0.999466
   0.0733746    -0.996391    0.0426741
    0.996889    0.0720427   -0.0319567
    0.028767    0.0448861     0.998578
  -0.0719666    -0.979715     0.187029
   -0.996987    0.0761021    0.0150167
  -0.0289454    -0.185385     -0.98224
   0.0562972    -0.996307    0.0648332
    0.997327    0.0530882   -0.0501986
   0.0465713     0.067486     0.996633
  -0.0686254    -0.986178     0.150813
   -0.996616    0.0746236    0.0344726
  -0.0452502    -0.147936    -0.987961
  -0.0458672    -0.990034     0.133149
   -0.997136    0.0533985     0.053553
  -0.0601292    -0.130311    -0.989648
   0.0320172    -0.999324   -0.0180601
    0.997087    0.0306836    0.0698265
   0.0692252    0.0202431    -0.997396
  -0.0405447    -0.969583     0.241382
   -0.997496     0.053287    0.0464945
  -0.0579428    -0.238893    -0.969316
  -0.0244952    -0.997396    0.0678305
   -0.995254     0.030722    0.0923335
   -0.094177   -0.0652469    -0.993415
 -0.00702144    -0.988916    -0.148313
   -0.992672    0.0247853    -0.118268
   -0.120633    -0.146395     0.981843
  -0.0106578    -0.970346     0.241484
   -0.992466    0.0397428     0.115895
   -0.122055     -0.23843    -0.963459
   0.0164447    -0.963449     0.267387
   -0.989334    0.0230308      0.14383
   -0.144731      -0.2669    -0.952794
  0.00835585    -0.940225     0.340452
   -0.989589    0.0411439     0.137915
   -0.143678     -0.33806    -0.930092
    0.031121    -0.893812     0.447361
   -0.986429    0.0447251     0.157981
   -0.161214    -0.446206     -0.88029
   0.0456366    -0.914235     0.402606
   -0.985719    0.0241836      0.16665
   -0.162094    -0.404461    -0.900076
  0.00603631    -0.926351     0.376612
   -0.990172    0.0470856     0.131687
   -0.139721    -0.373706    -0.916964
   0.0296982    -0.896438     0.442172
   -0.987132    0.0432343     0.153951
   -0.157125    -0.441054    -0.883619
   0.0311285    -0.867308     0.496797
    -0.98989    0.0420617     0.135456
   -0.138378    -0.495991    -0.857231
 -0.00503208    -0.908958     0.416857
   -0.992785    0.0544825     0.106815
   -0.119802    -0.413312    -0.902674
  -0.0250843    -0.943669     0.329939
   -0.992779    0.0622426     0.102544
   -0.117303    -0.324984    -0.938416
  -0.0374913    -0.953942     0.297638
   -0.994695    0.0641762    0.0803926
  -0.0957912    -0.293045    -0.951288
  -0.0499096    -0.962693     0.265954
   -0.995206    0.0703611    0.0679285
  -0.0841071    -0.261289    -0.961589
  -0.0323341    -0.980718     0.192733
   -0.994752    0.0503053    0.0890919
  -0.0970695     -0.18884    -0.977198
 -0.00986615    -0.920979     0.389488
   -0.993286    0.0539249     0.102349
   -0.115264    -0.385863    -0.915327
   0.0314316    -0.868094     0.495403
   -0.990888     0.037883     0.129251
   -0.130969    -0.494952    -0.858994
   -0.571652    -0.820366   -0.0146049
   -0.810959     0.562212     0.162056
    0.124735    -0.104484     0.986673
   -0.585101     -0.81096 -0.000219656
   -0.803848     0.579934     0.132307
    0.107168   -0.0775894     0.991209
    0.551368     0.831715    0.0651374
    0.830526    -0.554604    0.0513879
  -0.0788655   -0.0257647     0.996552
     0.56688     0.820771    0.0705849
    0.821022    -0.569922    0.0333595
  -0.0676083   -0.0390409     0.996948
   -0.597862    -0.801489    0.0132824
   -0.795957     0.595535     0.108581
    0.094937   -0.0543445     0.993999
    0.538204      0.83459     0.117457
    0.841861    -0.538976   -0.0278253
   -0.040084    -0.113858     0.992688
    0.579752     0.811234    0.0760762
     0.81239    -0.582683    0.0224457
   -0.062537   -0.0487906     0.996849
    0.552564     0.825224     0.116954
    0.832692    -0.552648    -0.034691
  -0.0360064    -0.116556     0.992531
    0.563191     0.818049     0.116672
    0.825442    -0.563483   -0.0336451
  -0.0382194    -0.115255       0.9926
    0.607758     0.793722    0.0252122
     0.78912    -0.607183    0.0928358
  -0.0889942    0.0365263     0.995362
     0.58816     0.804771    0.0800705
      0.8062    -0.591276     0.020817
  -0.0640967   -0.0523092     0.996572
    0.613071     0.789287    0.0341943
    0.784908    -0.613447    0.0871898
  -0.0897942    0.0266142     0.995605
     0.52823      -0.8364     0.146317
    0.848994     0.522998   -0.0753757
  -0.0134793     0.164038     0.986362
    0.539253    -0.829969     0.142677
     0.84199     0.534598   -0.0725151
  -0.0160895     0.159237     0.987109
    0.519988    -0.839145     0.159523
    0.854173     0.511056   -0.0959685
-0.000993489     0.186162     0.982518
    0.502465     -0.85306     0.140775
     0.86459     0.495082   -0.0858937
  0.00357739     0.164871     0.986309
    0.505489     0.854921     0.116585
    0.862714    -0.503026   -0.0518559
  -0.0143123    -0.126792     0.991826
      0.4792     0.868088      0.12958
    0.877703     -0.47356   -0.0733379
  0.00230004    -0.148876     0.988853
    0.478938    -0.868831     0.125502
    0.877574     0.477445   -0.0437036
   -0.021949     0.131068      0.99113
    0.512428      0.85389    0.0910429
    0.857409    -0.514635  0.000893721
   -0.047617    -0.077603     0.995847
    0.489214    -0.863235     0.124479
    0.869822     0.493358   0.00285118
  -0.0638737     0.106879     0.992218
    0.452276    -0.876391     0.165486
    0.891865     0.445414   -0.0786329
 -0.00479639     0.183155     0.983072
    0.455512    -0.873691     0.170801
    0.889479     0.454552   -0.0470133
  -0.0365631     0.173339     0.984183
    0.432061    -0.878998     0.201705
     0.90166     0.425551   -0.0769151
  -0.0182274     0.215101     0.976422
    0.528293     0.846831      0.06151
    0.843718    -0.531704    0.0736956
  -0.0951128   -0.0129642     0.995382
    0.606647     0.794251    0.0338292
    0.788099    -0.606441     0.105492
   -0.104303    0.0373358     0.993845
    0.585469     0.807163     0.075593
    0.806843    -0.589228     0.042613
  -0.0789371   -0.0360431     0.996228
    0.573716     0.816147    0.0689462
     0.81293     -0.57768    0.0736964
  -0.0999759   -0.0137676     0.994895
    0.594701     0.803401    0.0296108
    0.794066     -0.59275      0.13456
   -0.125658    0.0565102     0.990463
    0.552928      0.82702     0.101529
    0.829942    -0.557456    0.0209635
  -0.0739354   -0.0726722     0.994612
     0.55847     0.827292    0.0608236
     0.82004    -0.561655       0.1099
   -0.125081    0.0114978      0.99208
    0.537536     0.838128    0.0927203
    0.837492    -0.543452    0.0571593
  -0.0982958   -0.0469273      0.99405
    0.522085     0.848779    0.0836719
    0.843872    -0.528302    0.0936846
   -0.123722    -0.021697      0.99208
    0.578243     0.815531    0.0233567
    0.801723    -0.573294     0.169038
   -0.151246    0.0790193     0.985333
    0.541782     0.838887    0.0523522
    0.826773    -0.543105     0.146569
   -0.151387    0.0361248     0.987814
    0.558808     0.829123    0.0169692
    0.809916    -0.550032     0.203717
    -0.17824     0.100095     0.978883
    0.517475    -0.847764     0.116263
    0.852467     0.522537    0.0159802
   -0.074299    0.0908408      0.99309
    0.501243    -0.858612     0.107427
    0.859686     0.508262    0.0510886
  -0.0984666     0.066746     0.992899
    0.482957    -0.866908     0.123381
    0.872074       0.4889    0.0215355
  -0.0789903    0.0971966     0.992126
    0.499746    -0.855957     0.132634
    0.864343     0.502756   -0.0121719
  -0.0562641     0.120725      0.99109
     0.53165    -0.837511     0.126192
    0.845432     0.533722   -0.0196243
   -0.050916      0.11712     0.991812
    0.512368    -0.846824     0.142719
    0.858095     0.511416   -0.0461148
  -0.0339379     0.146094     0.988688
    0.539074    -0.831284     0.135524
    0.841694     0.537584   -0.0505445
  -0.0308387     0.141317     0.989484
    0.562075     0.819701      0.11028
    0.825371    -0.564484   -0.0109901
  -0.0532426   -0.0971989      0.99384
    0.519147    -0.841057     0.152016
    0.854556     0.513878   -0.0752538
  -0.0148248     0.168974     0.985509
   -0.492664    -0.759837    -0.424182
    -0.86962     0.411784     0.272387
    0.032298    -0.503072     0.863641
    0.498263     0.866675   -0.0246594
     0.86666    -0.497023    0.0432298
  -0.0252099     0.042911     0.998761
      0.4826     0.874352    0.0510536
    0.875339    -0.483476   0.00566912
    -0.02964   -0.0419533      0.99868
    0.495834     0.861277     0.111133
    0.868215    -0.494405   -0.0420249
  -0.0187495    -0.117324     0.992917
    0.506519     0.855193     0.109921
    0.861899    -0.505718   -0.0371305
  -0.0238351    -0.113548     0.993247
    0.493639    -0.860563     0.125502
     0.86944      0.49164   -0.0486226
  -0.0198588     0.133118     0.990901
    0.502486     0.851807     0.148095
    0.864474    -0.497748   -0.0702314
  -0.0138903    -0.163315     0.986476
    0.499541     0.850521     0.164536
    0.866254    -0.492172   -0.0858584
 -0.00795573     -0.18542     0.982627
    0.498898     0.847252     0.182384
    0.866657    -0.488308    -0.102276
 -0.00240622     -0.20909     0.977893
    0.514383     0.835122     0.194887
    0.857348     -0.50586   -0.0951845
  -0.0190948    -0.216047     0.976196
     0.50612     0.848811     0.152848
    0.862409     -0.50007     -0.07862
 -0.00970144    -0.171609     0.985117
   -0.517819    -0.790585     0.326861
   -0.855306     0.486346    -0.178658
   0.0177238     0.372079     0.928032
     0.50812    -0.846365     0.159627
    0.861235     0.501315   -0.0834115
 -0.00942711      0.17986     0.983647
    0.504591    -0.846852     0.168017
    0.863356     0.494479    -0.100531
  0.00205407     0.195785     0.980645
    0.500233    -0.852916     0.149337
    0.865515     0.497604   -0.0572186
   -0.025508     0.157876     0.987129
    0.487844    -0.861865     0.138555
     0.87176     0.489232   -0.0262084
  -0.0451973     0.133572     0.990008
    0.480521    -0.869826     0.111809
    0.876272     0.481347   -0.0212751
  -0.0353134     0.108198     0.993502
    0.470003     0.881377     0.047657
    0.881058     -0.47172    0.0348969
  -0.0532381   -0.0255869     0.998254
    0.472901    -0.875446    0.0997951
    0.878678     0.476977    0.0204458
  -0.0654992    0.0780189     0.994798
    0.477692     0.877269       -0.047
    0.877499    -0.473863    0.0738223
  -0.0424905    0.0765068     0.996163
    0.506712     0.860298    0.0559583
    0.861791    -0.507235  -0.00547886
  -0.0236705   -0.0510006     0.998418
    0.486431     -0.84616      0.21771
    0.873617     0.474836    -0.106415
  -0.0133328     0.241959     0.970195
   -0.462066    -0.797213     0.388519
   -0.886652     0.424423    -0.183611
   0.0185193     0.429322     0.902962
   -0.478502    -0.404423    -0.779409
   -0.877174     0.260607     0.403298
   0.0400164     0.876656    -0.479451
    0.453271     0.856119     0.248203
    0.891334    -0.437908    -0.117301
 -0.00826649    -0.274401      0.96158
    0.440488     0.137283      -0.8872
    0.897052    -0.106498       0.4289
  -0.0356038     -0.98479    -0.170061
   -0.427152    -0.841879     0.329819
   -0.904035     0.404176    -0.139145
   0.0161615     0.357604     0.933734
   -0.404418    -0.858515     0.315273
   -0.913767     0.393772   -0.0998657
   0.0384094     0.328474     0.943732
   -0.450973    -0.434583     -0.77959
   -0.890693     0.275262     0.361798
   0.0573599     0.857536    -0.511216
    0.412902     0.876077     0.249001
    0.909121    -0.412922   -0.0547256
  -0.0548741    -0.248968     0.966956
    -0.42773    -0.401849     -0.80967
    -0.90102     0.261079     0.346412
   0.0721821     0.877699    -0.473745
     0.42492    -0.878692     0.217585
    0.905213     0.413988   -0.0959372
 -0.00577826     0.237726     0.971315
    0.406781    -0.882113     0.237498
    0.913252     0.399034   -0.0821092
  -0.0223401     0.250296     0.967912
    0.461903     0.872493     0.159379
     0.88693    -0.454256    -0.083701
 0.000629637     -0.18002     0.983663
    0.487374    -0.854577     0.179344
    0.873188     0.476273    -0.103476
  0.00301142     0.207032     0.978329
    0.478196    -0.844484     0.241196
     0.87825     0.460508    -0.128876
 -0.00223875     0.273459     0.961881
   -0.536082    -0.844121   0.00869727
    -0.81806     0.522018       0.2414
    0.208311    -0.122295     0.970387
    0.518413     0.854164    0.0406434
    0.835787    -0.516166     0.187172
   -0.180854    0.0630633     0.981486
    0.491087     0.870628    0.0289875
     0.84508    -0.484222     0.226646
   -0.211361     0.086806     0.973546
   -0.510627     0.859802 -0.000427386
   -0.825711    -0.490242     0.279042
    0.239711     0.142839     0.960279
    0.472184    -0.879673    0.0567258
    0.862688     0.474373     0.175328
   -0.181141   -0.0338505     0.982874
    0.464194    -0.885543     0.018393
    0.852637     0.452376     0.261469
   -0.239863     -0.10569     0.965037
    0.444152     -0.89486    0.0442082
     0.87139     0.442924     0.210947
   -0.208349   -0.0551698     0.976497
    0.422109     -0.90595    0.0328353
    0.876863     0.417213     0.238839
   -0.230076   -0.0720241     0.970504
   -0.484032     0.875013  -0.00812691
   -0.832557    -0.457648     0.312103
    0.269375     0.157834     0.950014
    -0.44175      0.89709   0.00931994
   -0.857719    -0.425363     0.288764
    0.263012     0.119568     0.957355
   -0.459402     0.888115   -0.0141834
   -0.838226    -0.428203     0.337666
    0.293813     0.167013     0.941159
    0.425556    -0.902535    0.0658263
    0.887188     0.430441     0.166187
   -0.178323   -0.0123214     0.983895
    0.402598    -0.913825    0.0532761
    0.893574     0.404969     0.193714
   -0.198596   -0.0303827      0.97961
    0.386529    -0.919706     0.068826
    0.906029     0.392607     0.158024
   -0.172357   0.00127734     0.985034
    0.409519    -0.908543    0.0827235
    0.899303     0.417274     0.130907
   -0.153453    0.0207847     0.987937
    0.452975    -0.887901    0.0802778
    0.878355     0.459891     0.130356
   -0.152662    0.0114644     0.988212
    0.435637    -0.894772    0.0979941
    0.890795     0.444193    0.0958016
   -0.129249    0.0455578     0.990565
    0.478605     -0.87285    0.0952342
    0.869065     0.486384    0.0903121
   -0.125149    0.0395409      0.99135
     0.49906     0.863658    0.0709541
    0.853124    -0.504035     0.134643
   -0.152049   0.00666257      0.98835
    0.460502    -0.880495     0.112542
    0.881596     0.468459    0.0577431
   -0.103564    0.0726258     0.991968
    0.440533    -0.897477   -0.0215576
    0.841162     0.404263      0.35919
    -0.31365    -0.176369     0.933015
   -0.422036     0.906577  -0.00171802
   -0.861618    -0.400515     0.311771
    0.281957     0.133059     0.950156
   -0.397882      0.91735    -0.012647
   -0.866113    -0.371042     0.334928
    0.302553     0.144215     0.942159
    0.417998    -0.907965   -0.0296288
    0.844291     0.376232     0.381605
   -0.335337    -0.184525      0.92385
   -0.378946     0.925407    0.0045594
   -0.886084    -0.364256     0.286656
    0.266934     0.104587     0.958023
    0.373075    -0.927509   -0.0232926
    0.869906     0.340955      0.35639
   -0.322613    -0.153222     0.934047
   -0.353067     0.935558    -0.008658
     -0.8909    -0.333359     0.308494
    0.285728     0.116632     0.951187
   -0.329763     0.944001   -0.0108483
   -0.894226     -0.30865     0.324182
     0.30268     0.116604     0.945932
    0.392776    -0.918869   -0.0375041
    0.847666     0.345922     0.402243
   -0.356636    -0.189782     0.914764
   -0.349171    -0.935851    0.0475622
   -0.872265     0.306063    -0.381417
    0.342392    -0.174667    -0.923179
    -0.36832    -0.928639    0.0443922
   -0.850844     0.317451    -0.418677
    0.374707    -0.191978     -0.90705
   -0.334823      0.94227    0.0044977
    -0.90848    -0.324076     0.263892
    0.250116    0.0842712     0.964542
   -0.308825     0.951037   -0.0124857
   -0.912575    -0.292585     0.285658
    0.268019    0.0996126      0.95825
    0.292493    -0.956122    0.0166699
     0.92673     0.287714     0.241645
   -0.235838   -0.0552309     0.970222
    0.320476    -0.947123    0.0158856
    0.921434     0.315585      0.22664
   -0.219669   -0.0579951     0.973849
    0.361163    -0.932273    0.0206731
    0.903064     0.355202     0.241468
   -0.232458   -0.0685403     0.970188
    0.345692    -0.937728    0.0341069
    0.916113     0.345143     0.203994
   -0.203063   -0.0392735     0.978378
    0.384023    -0.922555     0.037655
    0.898048     0.382677     0.216951
   -0.214559   -0.0494981     0.975456
    0.403318    -0.914862    0.0190061
    0.880933     0.393812     0.262429
   -0.247571   -0.0890994     0.964764
    0.368184    -0.928266    0.0525678
     0.91084     0.371463     0.179959
   -0.186576    -0.018377     0.982269
   -0.275841    -0.845955     0.456369
   -0.950154     0.168193    -0.262524
    0.145326    -0.506036    -0.850181
   -0.293095    -0.840764     0.455205
   -0.946039       0.1862    -0.265218
    0.138227    -0.508376    -0.849969
   -0.287217    -0.932251     0.220031
   -0.945703     0.239496    -0.219745
    0.152161    -0.271199     -0.95042
    -0.31403    -0.927644     0.202143
   -0.939224     0.272427    -0.208908
    0.138723     -0.25546    -0.956816
   -0.320998    -0.831491     0.453413
   -0.938837      0.21634    -0.267924
    0.124685    -0.511684    -0.850079
    -0.31601    -0.946193    0.0696952
   -0.935702     0.298676    -0.187761
    0.156841    -0.124548    -0.979739
   -0.342001    -0.922185     0.180583
   -0.931301     0.306992    -0.196046
    0.125353    -0.235225    -0.963823
    0.342348    -0.938284   -0.0492103
    0.928598     0.329903     0.169913
   -0.143192    -0.103866      0.98423
     0.36633    -0.930044     -0.02863
    0.921154     0.358138     0.152356
   -0.131444   -0.0821852     0.987911
   -0.348899    -0.821776     0.450504
   -0.930561     0.246839    -0.270421
    0.111023    -0.513571    -0.850834
      0.3678      0.91654    -0.157093
    0.922966     -0.33921     0.181853
   -0.113388     0.211877     0.970696
   -0.373778    -0.812404    -0.447538
   -0.922199     0.273913     0.272984
   0.0991865    -0.514754     0.851581
    0.352541    -0.935532     0.022235
     0.92136     0.351162     0.166675
   -0.163738   -0.0382735     0.985761
    0.373752     -0.92668    0.0396789
    0.915091     0.375385     0.147294
   -0.151389   -0.0187416     0.988297
   -0.329746     0.944065   0.00304388
   -0.926892    -0.324356     0.188852
    0.179276    0.0594517     0.982001
    0.304866    -0.952256   -0.0163105
     0.93223     0.294861     0.209771
   -0.194946   -0.0791572     0.977614
   -0.293069    -0.951855    0.0899023
   -0.940521     0.270118    -0.206048
    0.171843    -0.144941    -0.974403
    -0.27172    -0.957168     0.099993
   -0.944461     0.245263    -0.218722
    0.184829    -0.153871     -0.97065
    0.273943    -0.961635   -0.0146384
    0.938394     0.263927     0.223068
   -0.210646   -0.0748445     0.974693
   -0.268617    -0.933765     0.236492
   -0.949261     0.214929    -0.229584
    0.163548    -0.286163     -0.94412
   -0.397278    -0.803122    -0.444033
   -0.913444     0.299525      0.27551
    0.088269    -0.515053     0.852602
    0.382377     0.914193    -0.134306
    0.918526    -0.360265     0.162846
   -0.100487     0.185633     0.977468
    0.413239      0.90416    -0.108294
     0.90693    -0.397945     0.138264
  -0.0819174     0.155351     0.984457
   -0.428742    -0.790044    -0.438189
   -0.900612     0.335505     0.276288
   0.0712654    -0.513095     0.855368
   -0.409354     0.912326   0.00951565
   -0.907489    -0.408218    0.0991053
   0.0943008    0.0319339     0.995031
    0.446013     0.891623   -0.0779772
    0.892856    -0.437176     0.108096
  -0.0622916     0.117835     0.991078
    0.440449     0.897292    0.0295448
    0.894784    -0.441427    0.0671091
  -0.0732583   0.00312186     0.997308
   -0.460767    -0.775896    -0.430905
   -0.885966      0.37338      0.27505
   0.0525185    -0.508501     0.859458
    0.446462    -0.890539    0.0872469
    0.890583     0.451697     0.053211
  -0.0867957    0.0539439     0.994765
    0.420659    -0.904366    0.0718816
    0.900391     0.425884     0.088994
   -0.111096    0.0272853     0.993435
    0.394848    -0.917086    0.0552179
    0.908951     0.398685     0.121893
     -0.1338   0.00206136     0.991006
   -0.384949     0.922882   -0.0101449
   -0.915661    -0.380513     0.129517
    0.115668    0.0591465     0.991525
   -0.736924     0.634419     0.233355
   -0.503828    -0.285341    -0.815314
    0.450666     0.718396    -0.529913
   -0.737836    -0.633371      0.23332
   -0.508706     0.294603    -0.808967
     0.44364    -0.715577    -0.539568
   -0.720135    -0.646176     0.252709
   -0.560371     0.326895    -0.761002
    0.409132    -0.689635    -0.597507
    -0.72326    -0.642771     0.252467
   -0.562077     0.335534    -0.755967
    0.401203    -0.688667    -0.603965
    0.737354    -0.634636       0.2314
    0.513317     0.303737    -0.802651
   -0.439107     -0.71062    -0.549732
    -0.70991    -0.653255     0.263222
   -0.609358     0.382309    -0.694638
    0.353144    -0.653527    -0.669471
    0.723613    -0.644038     0.248193
    0.564422     0.345192    -0.749847
