           1            0            0
           0            1            0
           0            0            1
    0.142072     0.986582    0.0804499
    0.979726    -0.151751       0.1308
   -0.141254   -0.0602357     0.988139
    0.138752      -0.9464     0.291675
    0.982384     0.168763     0.080258
    -0.12518       0.2754     0.953145
    0.130317     -0.90639      0.40184
    0.984623     0.165869    0.0548216
   -0.116343     0.388516     0.914068
    0.114132    -0.852381     0.510314
    0.987919     0.151582    0.0322393
   -0.104835     0.500469     0.859384
    0.114759    -0.882145     0.456782
     0.98982     0.140505    0.0226695
  -0.0841779     0.449531      0.88929
    0.141208    -0.834853     0.532053
    0.987521     0.156643   -0.0162989
  -0.0697353     0.527715     0.846554
    0.128967      -0.9027     0.410487
    0.990699     0.135401   -0.0134975
  -0.0433962      0.40841     0.911767
    0.104606    -0.939109     0.327311
    0.992945       0.1171    0.0186421
  -0.0558351     0.323051     0.944733
      0.1053    -0.982149     0.155871
    0.994363     0.105952  -0.00414534
  -0.0124435     0.155429     0.987769
   0.0856821    -0.985579     0.145923
     0.99609    0.0879003   0.00881003
  -0.0215096     0.144597     0.989257
  -0.0777264    -0.991968    0.0997856
   -0.996852    0.0788959   0.00782149
  -0.0156313   -0.0988635    -0.994978
   0.0821157    -0.969749      0.22988
    0.996512    0.0833392  -0.00439866
  -0.0148924     0.229439     0.973209
    0.103162    -0.467217     0.878103
    0.976443     0.215775  9.27515e-05
   -0.189516     0.857409     0.478471
    0.111861    -0.650952     0.750832
    0.975374     0.216452    0.0423448
   -0.190084     0.727605     0.659135
    0.106279    -0.650305     0.752203
    0.977532     0.206822    0.0406883
   -0.182032     0.730978     0.657674
    0.113762    -0.751328     0.650049
    0.977201     0.202679    0.0632413
   -0.179266     0.628034     0.757256
    0.120734    -0.751745     0.648308
       0.975     0.212527    0.0648619
   -0.186543     0.624269      0.75861
    0.109819    -0.752316     0.649585
    0.979434     0.193198    0.0581687
   -0.169259     0.629838     0.758061
    0.118174    -0.785231     0.607822
    0.977795     0.198702    0.0665934
   -0.173066     0.586456     0.791276
     0.11368    -0.786269     0.607337
    0.979836     0.189827    0.0623509
   -0.164314     0.588002     0.791994
    0.113461    -0.796344     0.594107
    0.981229     0.183667    0.0587953
   -0.155939     0.576284     0.802234
    0.126064     -0.78577     0.605536
    0.975585     0.208858    0.0679201
    -0.17984     0.582189     0.792914
    0.118684    -0.795422     0.594321
    0.979286     0.192662    0.0622934
   -0.164053     0.574617     0.801811
    0.126411    -0.796006     0.591942
    0.977267      0.20232    0.0633686
   -0.170203     0.570475     0.803486
     0.11257    -0.788584     0.604535
    0.981785     0.181989    0.0545781
   -0.153058      0.58738     0.794706
    0.112113    -0.798456     0.591523
    0.982937     0.176468    0.0519029
   -0.145827     0.575611     0.804616
    0.113388    -0.800861     0.588017
     0.98451     0.170226    0.0419991
   -0.133731     0.574146     0.807757
    0.115519     -0.79122     0.600522
    0.983291     0.176721    0.0436894
   -0.140693     0.585441     0.798414
    0.111365    -0.755164     0.646007
    0.981135     0.186917    0.0493632
   -0.158027     0.628323     0.761733
    0.117674    -0.757778     0.641814
    0.982253     0.183873    0.0370031
   -0.146052      0.62607     0.765967
    0.111621    -0.655237     0.747132
    0.980572      0.19466    0.0242212
   -0.161307     0.729912     0.664235
    0.106385     -0.65247      0.75031
    0.979291     0.199479    0.0346151
   -0.172256     0.731089     0.660179
    0.107674    -0.468433     0.876913
    0.979233     0.202375   -0.0121319
   -0.171782     0.860009     0.480495
    0.120651    -0.657907     0.743372
    0.981426     0.191569    0.0102571
   -0.149155     0.728327       0.6688
    0.115616    -0.470801     0.874631
    0.980146     0.196869   -0.0235924
    -0.16108     0.859994     0.484214
    0.128675    -0.474205     0.870961
    0.980555     0.192062   -0.0402957
    -0.14817      0.85921     0.489698
    0.102939    -0.467062     0.878212
    0.977994     0.208602  -0.00369329
   -0.181472     0.859266     0.478257
    0.123685    -0.800917     0.585862
    0.980253     0.190412    0.0533593
   -0.154291     0.567693     0.808653
    0.117586    -0.799708     0.588762
    0.981796      0.18267    0.0520376
   -0.149164     0.571925      0.80663
    0.110884    -0.805292     0.582418
    0.985691     0.163974    0.0390613
   -0.126957     0.569752     0.811951
    0.115336    -0.807587      0.57836
    0.984634     0.169808    0.0407551
   -0.131124     0.564772     0.814763
    0.107256    -0.805934     0.582208
    0.986871     0.157424    0.0361132
   -0.120758     0.570691     0.812238
    0.100359    -0.812087     0.574842
    0.989843     0.139962    0.0249138
   -0.100688     0.566503     0.817885
   0.0979432    -0.811852      0.57559
     0.99058     0.135148    0.0220641
  -0.0957027     0.568006     0.817441
    0.085725    -0.818177     0.568539
    0.993866     0.110238   0.00878518
  -0.0698623     0.564299     0.822609
    0.103465    -0.815182     0.569889
    0.989172     0.144292    0.0268112
   -0.104087     0.560944     0.821284
   0.0875178    -0.818928     0.567184
    0.993415     0.114008    0.0113235
  -0.0739365     0.562459     0.823513
   0.0900635    -0.822524     0.561553
    0.992956     0.117742     0.013207
  -0.0769814     0.556409     0.827335
    0.096955    -0.814116     0.572551
    0.991336     0.130207    0.0172719
  -0.0886117     0.565916     0.819687
   0.0853963     -0.81983     0.566203
    0.994272     0.106782   0.00465625
  -0.0642779     0.562562     0.824252
    0.086699    -0.822641     0.561912
      0.9946     0.103771  -0.00153828
  -0.0570449     0.559011     0.827196
   0.0981298    -0.816785     0.568535
    0.991977     0.126035   0.00985231
  -0.0797028     0.563007       0.8226
    0.105712    -0.808363     0.579114
    0.988047     0.151098    0.0305518
     -0.1122     0.568962     0.814674
     0.10726    -0.810493     0.575844
    0.988984     0.146403    0.0218455
   -0.102011     0.567158     0.817267
    0.111373    -0.802853     0.585682
    0.984949     0.167565    0.0424017
   -0.132182     0.572144     0.809431
     0.11282    -0.800814     0.588191
    0.983459     0.174421    0.0488353
   -0.141701     0.572952     0.807246
      0.1131     -0.80496     0.582449
    0.986182     0.162365    0.0328964
    -0.12105     0.570681     0.812201
    0.106815    -0.912217     0.395538
    0.993057     0.117599    0.0030407
  -0.0492886     0.392466     0.918445
    0.107975    -0.932884     0.343612
    0.992306     0.122195    0.0199353
   -0.060585     0.338815       0.9389
    0.115659    -0.850354     0.513344
    0.989975     0.140865    0.0102963
  -0.0810678     0.507007     0.858121
    0.115485    -0.894484     0.431927
    0.989244      0.14287    0.0313764
   -0.089775     0.423658     0.901363
    0.116445    -0.867162     0.484221
     0.98865     0.147804    0.0269442
  -0.0949349     0.475588      0.87453
    0.114838    -0.850851     0.512703
    0.986763     0.157196    0.0398521
   -0.114503      0.50134     0.857641
    0.113428    -0.865942     0.487113
    0.987501     0.152259     0.040723
   -0.109431     0.476406     0.872389
    0.120857    -0.808781     0.575558
    0.986846     0.160603    0.0184607
   -0.107367     0.565757     0.817552
    0.118398    -0.819209      0.56114
    0.985807     0.164714     0.032466
   -0.119024     0.549332     0.827084
    0.115065    -0.814107     0.569201
    0.989306     0.145622   0.00828736
  -0.0896351     0.562161     0.822156
     0.10565    -0.820681     0.561535
    0.992028     0.125994  -0.00250609
  -0.0686932     0.557323     0.827449
    0.108347    -0.860345     0.498064
    0.992377     0.123201  -0.00306486
  -0.0587249     0.494599     0.867135
   0.0978872    -0.862941     0.495733
    0.994483      0.10369   -0.0158731
  -0.0377049     0.494552      0.86833
   0.0937464    -0.827869     0.553033
    0.994459     0.104404    -0.012286
  -0.0475674      0.55112     0.833069
   0.0970837    -0.906063     0.411856
    0.994735      0.10198   -0.0101298
  -0.0328229     0.410671     0.911193
    0.120917    -0.892929     0.433656
    0.985823     0.159215    0.0529558
    -0.11633     0.421105     0.899521
    0.131239    -0.940058     0.314751
    0.983293     0.163834    0.0793235
   -0.126136     0.299082     0.945854
    0.124695    -0.868525     0.479703
    0.983648     0.171537    0.0548845
   -0.129955     0.465015     0.875713
     0.13656     0.949855    -0.281295
    0.981126   -0.0904402     0.170914
   -0.136903     0.299326     0.944278
   -0.133898    0.0180478    -0.990831
   -0.981025     0.139054     0.135106
    0.140218      0.99012  -0.00091374
   -0.143416    -0.322748     0.935556
   -0.977676    -0.100481    -0.184537
    0.153564    -0.941136    -0.301132
    -0.14003    -0.346878     0.927398
   -0.978239   -0.0963615    -0.183749
    0.153104    -0.932947    -0.325836
    0.123385    -0.675151     0.727287
    0.982331     0.187024   0.00696329
   -0.140721     0.713578     0.686298
    0.134468    -0.273239     0.952501
    0.979762     0.180493   -0.0865398
   -0.148274     0.944861     0.291979
    0.120452    -0.798629     0.589647
     0.98369     0.175951    0.0373648
   -0.133589     0.575529     0.806796
    0.119193    -0.822352     0.556355
    0.984785     0.169289    0.0392479
    -0.12646     0.543212     0.830017
    0.120707    -0.867966     0.481731
    0.985143     0.164458     0.049469
   -0.122162     0.468602     0.874922
   0.0756537    -0.832032     0.549545
    0.996039    0.0888818  -0.00255047
  -0.0467225     0.547561      0.83546
   0.0750179    -0.827421     0.556549
    0.996197    0.0869866  -0.00495568
  -0.0443118     0.554804       0.8308
   0.0573643    -0.838045     0.542576
    0.998308    0.0533573   -0.0231329
 -0.00956398     0.542985     0.839688
    0.056442    -0.844544     0.532503
    0.998341    0.0538292   -0.0204453
  -0.0113973     0.532774     0.846181
   0.0571838    -0.837114     0.544032
    0.998338    0.0518295   -0.0251853
 -0.00711396     0.544568     0.838687
   0.0375165    -0.851584     0.522874
    0.998953    0.0182456   -0.0419595
   0.0261919     0.523901     0.851376
   0.0383713    -0.849025     0.526957
    0.998877    0.0179174   -0.0438666
   0.0278021     0.528049     0.848759
   0.0183395     -0.86322     0.504496
     0.99802   -0.0145556   -0.0611855
   0.0601597     0.504619     0.861244
   0.0359407    -0.859301     0.510205
    0.999052    0.0183396   -0.0394887
   0.0245757     0.511141     0.859146
   0.0170806    -0.866695     0.498546
     0.99809   -0.0148242   -0.0599664
   0.0593631     0.498619     0.864786
   0.0158548    -0.874619     0.484552
    0.998198   -0.0142038   -0.0582994
   0.0578722     0.484603     0.872817
   0.0387106    -0.851667     0.522652
    0.998804     0.017352    -0.045702
   0.0298538     0.523796      0.85132
   0.0193346    -0.864616      0.50206
    0.997957   -0.0138904   -0.0623531
   0.0608853      0.50224     0.862582
   0.0200913    -0.870203     0.492284
    0.997865   -0.0131544   -0.0639783
   0.0621498     0.492518      0.86808
   0.0398428    -0.856178     0.515142
    0.998683    0.0174496   -0.0482399
   0.0323129     0.516386     0.855746
    0.057107    -0.839833     0.539832
     0.99836    0.0501684   -0.0275646
 -0.00393284     0.540521     0.841321
   0.0591376    -0.842667     0.535177
     0.99825     0.049943   -0.0316695
-4.15213e-05     0.536114     0.844146
   0.0738856    -0.828789     0.554662
    0.996591    0.0818336   -0.0104765
  -0.0367071     0.553545      0.83201
   0.0736881    -0.827151     0.557128
    0.996438    0.0840348  -0.00702911
   -0.041004     0.555661     0.830397
   0.0760697    -0.831256     0.550661
     0.99661    0.0807369   -0.0157972
  -0.0313271     0.549996     0.834579
 -0.00367997    -0.894444     0.447166
     0.99574   -0.0444741   -0.0807648
   0.0921268     0.444964     0.890797
-0.000389192    -0.887075     0.461625
     0.99564   -0.0434056   -0.0825704
   0.0932833      0.45958     0.883224
   -0.022777    -0.912883     0.407585
     0.99126   -0.0736112    -0.109475
    0.129941     0.401529     0.906581
  -0.0278612    -0.920316     0.390181
    0.991152   -0.0761096    -0.108745
    0.129776     0.383699     0.914294
  -0.0206752    -0.912243     0.409128
    0.991416   -0.0715474     -0.10943
    0.129099     0.403354     0.905891
  -0.0472313    -0.943523     0.327923
    0.985064   -0.0984174    -0.141293
    0.165587     0.316351     0.934079
  -0.0435003    -0.943471     0.328588
    0.985635   -0.0942529    -0.140144
    0.163192     0.317772     0.934018
  -0.0678238    -0.972779     0.221585
    0.978885    -0.107809    -0.173671
    0.192832     0.205127     0.959551
  -0.0539353    -0.948114     0.313323
    0.984554    -0.102835    -0.141698
    0.166566     0.300841     0.939016
  -0.0729024    -0.970265     0.230805
    0.977715     -0.11521      -0.1755
    0.196873     0.212867     0.957042
  -0.0805037     -0.97066     0.226581
    0.976627    -0.122264    -0.176779
    0.199295     0.207053     0.957815
  -0.0417007    -0.950686      0.30734
    0.986221   -0.0884548    -0.139801
    0.160093     0.297275     0.941274
  -0.0647853    -0.979276     0.191888
     0.98006   -0.0986368    -0.172492
    0.187844     0.176887     0.966139
  -0.0631195    -0.988768     0.135474
    0.981152   -0.0863211    -0.172887
    0.182639     0.122008      0.97558
  -0.0402041    -0.960863     0.274091
    0.986894    -0.081091    -0.139516
    0.156282     0.264889      0.95153
  -0.0196356    -0.917069     0.398245
    0.991672   -0.0685725    -0.109012
    0.127281     0.392788     0.910779
  -0.0173825    -0.924333     0.381191
    0.991988   -0.0636567    -0.109123
    0.125131      0.37624     0.918034
  0.00192329    -0.887291     0.461206
     0.99568   -0.0411138   -0.0832488
   0.0928278     0.459374     0.883379
 0.000452865    -0.885178     0.465253
    0.995625   -0.0430726   -0.0829179
   0.0934368     0.463255     0.881286
  0.00379608    -0.892578     0.450876
    0.995723   -0.0382492   -0.0841034
   0.0923146     0.449267     0.888615
   0.0410807     -0.94658     0.319842
   -0.985363    0.0146233     0.169839
   -0.165443    -0.322138    -0.932124
   0.0153953     -0.99008    -0.139656
   -0.988894   0.00557254    -0.148519
   -0.147824    -0.140391     0.978999
   0.0231284     -0.99938    0.0265386
   -0.988548   -0.0189019     0.149721
   -0.149127   -0.0296975    -0.988372
 0.000788821    -0.984918    -0.173022
    0.992263   -0.0207104     0.122416
    0.124153      0.17178    -0.977281
   0.0109671    -0.996331   -0.0848775
    0.992065  0.000209439     0.125727
    0.125248    0.0855828    -0.988427
 -0.00677797    -0.965892     0.258858
    0.992294   -0.0385237    -0.117763
    0.123719     0.256065      0.95871
   0.0246285    -0.947616      0.31846
    0.994946  -0.00778562    -0.100112
   0.0973475     0.319316     0.942635
   0.0151887    -0.929144     0.369405
    0.995389   -0.0209451   -0.0936092
   0.0947137     0.369123     0.924542
   0.0336315    -0.897073       0.4406
    0.997132  0.000210284   -0.0756839
   0.0678013     0.441882     0.894507
   0.0323542    -0.981385     0.189304
    0.994519    0.0127697    -0.103774
   0.0994251     0.191624     0.976419
   0.0433204    -0.911973     0.407958
    0.996426   0.00979894   -0.0839037
   0.0725203     0.410134     0.909137
    0.042851    -0.975645      0.21513
     0.99631    0.0257033   -0.0818833
   0.0743595     0.217845     0.973147
  0.00867025     -0.90991     0.414716
    0.995619   -0.0307588   -0.0883012
   0.0931023     0.413665     0.905656
   0.0256534    -0.883143     0.468403
      0.9976  -0.00752821   -0.0688303
   0.0643132     0.469044      0.88083
  -0.0123259    -0.943001     0.332562
    0.992215   -0.0527542    -0.112813
    0.123927     0.328582      0.93631
  -0.0350384    -0.979135     0.200166
    0.987606   -0.0645849    -0.143047
    0.152991     0.192673     0.969263
  -0.0291113    -0.994939   -0.0961745
    0.988161    -0.043145     0.147232
    0.150636    0.0907497    -0.984415
   0.0527867    -0.994435   -0.0911759
     -0.9836   -0.0360074    -0.176735
   -0.172468   -0.0990098     0.980026
   0.0587029    -0.997708   -0.0336488
   -0.982439   -0.0637189     0.175367
   -0.177109    0.0227633    -0.983928
   0.0464455    -0.975562      0.21476
   -0.984554  -0.00837523     0.174882
   -0.168809    -0.219565    -0.960882
   0.0603291    -0.974723     0.215119
    0.996857    0.0477492   -0.0632079
   0.0513384     0.218256      0.97454
   0.0626225    -0.912684      0.40384
    0.996879    0.0377081   -0.0693628
   0.0480782     0.406924     0.912196
   0.0784716    -0.920672     0.382367
    0.996698    0.0644325   -0.0494062
   0.0208501     0.384981     0.922689
   0.0779119    -0.966488     0.244603
    0.996679    0.0696861   -0.0421187
   0.0236618     0.247072     0.968708
   0.0749564    -0.860295     0.504255
    0.997096     0.057846   -0.0495265
   0.0134383     0.506503     0.862133
   0.0917754    -0.918104     0.385567
    0.995757    0.0872534    -0.029251
  -0.0067866     0.386616     0.922216
   0.0891527    -0.864863     0.494028
    0.995917    0.0844719   -0.0318445
  -0.0141904      0.49485     0.868862
   0.0877538    -0.962374     0.257167
    0.996142    0.0846995   -0.0229528
 0.000307205      0.25819     0.966094
   0.0826385    -0.838085     0.539245
    0.996302    0.0822498   -0.0248506
  -0.0235259     0.539304     0.841782
   0.0662521    -0.849978     0.522636
    0.997787    0.0534815   -0.0395063
  0.00562804     0.524097      0.85164
   0.0465292    -0.865535     0.498683
    0.998259    0.0221789   -0.0546471
   0.0362388     0.500357      0.86506
   0.0554223    -0.876636     0.477952
    0.997589    0.0285985   -0.0632245
   0.0417562     0.480303     0.876108
   0.0831601    -0.996352   -0.0191545
    0.996269    0.0835677   -0.0215643
   0.0230864   -0.0172898     0.999584
   0.0842967    -0.994859    0.0561168
    0.995753    0.0820129   -0.0418313
   0.0370139    0.0594047     0.997548
  -0.0845322    -0.979718     0.181678
   -0.995692    0.0900244    0.0221849
  -0.0380904     -0.17902    -0.983108
   0.0685527     -0.99443    0.0800574
     0.99617    0.0638647   -0.0597216
   0.0542761    0.0838449        0.995
  -0.0816048     -0.98621     0.143984
   -0.995223    0.0883993    0.0414298
  -0.0535865    -0.139915    -0.988712
  -0.0593395    -0.990535     0.123773
   -0.995949    0.0671379    0.0598129
  -0.0675567    -0.119723    -0.990506
    0.045416    -0.998447   -0.0322579
    0.996086    0.0428104    0.0773244
   0.0758233    0.0356434    -0.996484
  -0.0568837    -0.969609     0.237956
   -0.996223    0.0707882    0.0502953
  -0.0656112    -0.234196    -0.969973
  -0.0381717    -0.997727    0.0555312
   -0.994313    0.0434528    0.0972309
  -0.0994229   -0.0515039    -0.993711
  -0.0214643    -0.990351     0.136908
   -0.992006    0.0381296     0.120292
   -0.124352    -0.133231    -0.983253
  -0.0252556     -0.97109     0.237374
    -0.99194    0.0538353       0.1147
   -0.124164    -0.232564    -0.964623
  0.00106194    -0.965527     0.260299
   -0.989201     0.037135      0.14178
   -0.146559    -0.257639    -0.955062
 -0.00687456    -0.940579     0.339506
   -0.989608    0.0551646     0.132792
    -0.14363    -0.335065    -0.931183
   0.0151441    -0.892766     0.450266
   -0.987227    0.0580785     0.148359
   -0.158601    -0.446761    -0.880483
   0.0292151    -0.914681      0.40312
   -0.986402    0.0388723     0.159688
   -0.161734    -0.402304    -0.901107
 -0.00948712    -0.925817     0.377852
   -0.990413    0.0607763     0.124047
    -0.13781    -0.373053    -0.917518
   0.0129899    -0.895234     0.445407
   -0.988238    0.0563855     0.142152
   -0.152373    -0.442015    -0.883971
   0.0138051    -0.865132     0.501355
   -0.990988    0.0549753     0.122152
    -0.13324    -0.498523    -0.856576
  -0.0222352    -0.907572     0.419308
   -0.992565    0.0702419    0.0994011
   -0.119667     -0.41398    -0.902386
  -0.0404039    -0.943225     0.329689
   -0.992101    0.0770874    0.0989601
   -0.118756    -0.323086    -0.938889
  -0.0546953    -0.953348     0.296878
   -0.993445    0.0818468    0.0798027
   -0.100378    -0.290567    -0.951575
  -0.0648088    -0.962522     0.263347
    -0.99382    0.0860878    0.0700714
  -0.0901162    -0.257178    -0.962153
  -0.0463428    -0.981221     0.187238
   -0.993773    0.0642999    0.0909976
   -0.101328    -0.181855    -0.978091
  -0.0292073    -0.919664     0.391618
   -0.992823    0.0721466    0.0953813
   -0.115973    -0.386021    -0.915171
   0.0120989    -0.865576     0.500632
   -0.992081     0.052205     0.114237
   -0.125016    -0.498049     -0.85809
    0.566553     0.822861    -0.043782
    0.814734    -0.551418     0.179295
   -0.123392     0.137251     0.982821
    0.581128     0.813305   -0.0287353
    0.806945    -0.571287     0.149905
   -0.105502     0.110301     0.988283
    0.546167     0.836856    0.0370616
    0.834038    -0.547382    0.0689529
  -0.0779905   0.00674902     0.996931
    0.562273     0.825749    0.0445751
    0.824214     -0.56398     0.050981
   -0.067237  -0.00807411     0.997704
   -0.594212    -0.804193   -0.0136157
   -0.798818     0.588096     0.126621
   0.0938209   -0.0861164     0.991858
    0.532696     0.841113    0.0936143
     0.84534    -0.534107    -0.011372
  -0.0404349   -0.0851937     0.995544
    0.574945     0.816484    0.0528459
    0.815729    -0.577025    0.0403451
  -0.0634345   -0.0199117     0.997787
    0.547019     0.831606    0.0959217
    0.836282    -0.547999   -0.0181709
   -0.037454   -0.0901574     0.995223
    0.556941      0.82464    0.0989223
    0.829527    -0.558209   -0.0169366
  -0.0412528   -0.0914914     0.994951
   -0.603612    -0.797278  0.000753064
   -0.792258     0.599917     0.111477
   0.0893303   -0.0666925     0.993767
    0.582401     0.810666    0.0602502
    0.810148    -0.584927    0.0390024
  -0.0668599   -0.0260965     0.997421
   -0.607843     -0.79395    0.0130104
   -0.788679     0.605549     0.106282
   0.0922609   -0.0543416     0.994251
    0.521925    -0.843411     0.127485
    0.852852      0.51868   -0.0601234
   -0.015415     0.140105     0.990017
    0.532378    -0.836939     0.126914
    0.846287     0.529638   -0.0572813
  -0.0192777     0.137901     0.990258
    0.512511    -0.846309     0.145232
     0.85867      0.50595   -0.0818556
   -0.004205     0.166658     0.986006
    0.495212    -0.860343     0.120725
    0.868771     0.490214   -0.0701909
  0.00120717     0.139642     0.990201
    0.498843     0.861683    0.0930494
    0.866555    -0.497792    -0.035849
  -0.0154288   -0.0985155     0.995016
    0.471294     0.875685     0.105158
    0.881976    -0.467857   -0.0568205
 0.000557715    -0.119526     0.992831
    0.471024     0.876473    0.0996586
    0.881825    -0.470773    -0.027501
  -0.0228127    -0.100835     0.994642
     0.50587     0.860214    0.0642478
    0.861292     -0.50781    0.0174733
  -0.0476564   -0.0464969     0.997781
    0.480847      0.87143    0.0969335
    0.874441    -0.484723     0.019915
  -0.0643405   -0.0751865     0.995092
    0.442977    -0.885463     0.140454
     0.89651     0.438612   -0.0623591
 -0.00638796     0.153542     0.988122
    0.445776    -0.883192     0.145794
    0.894345     0.446312   -0.0308577
  -0.0378162     0.144146     0.988834
    0.421128    -0.889211      0.17876
    0.906778     0.417139   -0.0612303
  -0.0201213     0.187882     0.981986
    0.521421     0.852695    0.0321011
    0.848026    -0.522008     0.091428
  -0.0947173      0.02045     0.995294
   -0.600013    -0.799812    0.0168871
   -0.792515     0.597153     0.123807
    0.109107   -0.0609025     0.992163
    0.578272     0.813659    0.0596729
    0.811544    -0.581183    0.0601868
  -0.0836524   -0.0136229     0.996402
    0.565424      0.82286    0.0565443
    0.817954    -0.568226    0.0898378
   -0.106054   0.00454577      0.99435
   -0.586834     -0.80954    0.0164714
   -0.798833     0.582155     0.151533
    0.132261   -0.0757666     0.988315
    0.544303     0.834011    0.0903285
    0.835133    -0.548894    0.0356259
  -0.0792931    -0.056045     0.995275
     0.54968     0.833809    0.0511327
    0.824979    -0.551448     0.123754
   -0.131384    0.0258415     0.990995
    0.528492     0.844787    0.0838489
    0.842625     -0.53402    0.0693233
    -0.10334   -0.0340163     0.994064
    0.513189     0.854898    0.0760704
     0.84882    -0.518658     0.102463
    -0.12705   -0.0119872     0.991824
   -0.569969    -0.821561    0.0131699
   -0.806215     0.562273     0.184031
    0.158598   -0.0942741     0.982832
    0.533153     0.844859    0.0442846
    0.831387    -0.532907     0.157496
   -0.156662     0.047152     0.986526
   -0.550805    -0.834589   0.00865695
   -0.813828     0.539347     0.216306
    0.185196    -0.112097     0.976287
     0.50839    -0.854303     0.108191
    0.857603     0.513652    0.0260508
  -0.0778281    0.0795413     0.993789
      0.4926    -0.864459     0.100281
    0.864539     0.499291    0.0572749
   -0.099581    0.0584831     0.993309
    0.474967    -0.872257     0.116508
     0.87656     0.480644     0.024961
  -0.0777712    0.0902705     0.992876
     0.49092    -0.862177     0.125095
    0.869267     0.494323  -0.00437581
  -0.0580645     0.110889     0.992135
    0.522835    -0.844478     0.116189
    0.850632     0.525718  -0.00674058
  -0.0553903     0.102358     0.993204
     0.50355    -0.853576     0.133587
    0.863159     0.503712   -0.0350894
   -0.037338     0.132976     0.990416
    0.531147    -0.838322     0.122879
    0.846552     0.531091   -0.0359509
  -0.0351214     0.123118      0.99177
    0.554486     0.826632    0.0960483
    0.830183    -0.557467   0.00515573
  -0.0578057   -0.0768789     0.995363
    0.510847    -0.848103     0.140561
     0.85947     0.507396   -0.0621323
  -0.0186256     0.152548     0.988121
   -0.486261    -0.767544    -0.417644
   -0.873278     0.410134     0.263012
    0.030583    -0.492612     0.869712
    0.490329     0.870411   -0.0442889
    0.871133    -0.487919    0.0553499
  -0.0265678    0.0657212     0.997484
    0.474919     0.879089    0.0406697
    0.879499     -0.47573    0.0127549
  -0.0305605   -0.0297115     0.999091
    0.486987     0.868352    0.0938523
    0.873146    -0.486657   -0.0279315
  -0.0214195    -0.095549     0.995194
    0.497977     0.863185     0.083246
    0.866814    -0.498289    -0.018478
  -0.0255307   -0.0813605     0.996358
    0.485057    -0.866893     0.114967
    0.874193     0.484071   -0.0382312
  -0.0225099     0.119048     0.992633
    0.493607     0.860085     0.128866
    0.869529    -0.490883   -0.0543533
  -0.0165095    -0.138881     0.990171
    0.490717     0.858708     0.147706
    0.871247    -0.485757   -0.0704947
  -0.0112149    -0.163281     0.986516
     0.49022      0.85653     0.161368
    0.871582    -0.482867   -0.0847595
 -0.00532006    -0.182196     0.983248
    0.505242     0.850703     0.145036
    0.862706    -0.502117   -0.0601401
  -0.0216635    -0.155508     0.987597
    0.497072     0.858713     0.124626
    0.867621    -0.493918   -0.0572629
  -0.0123827    -0.136592      0.99055
    0.508344     0.833794     0.215348
    0.860915    -0.497951    -0.104262
     -0.0203    -0.238397     0.970956
    0.499566    -0.853551     0.147932
     0.86618     0.494715     -0.07064
  -0.0128891     0.163425     0.986472
     0.49657    -0.855052     0.149348
    0.867996     0.489382   -0.0841932
 -0.00109847     0.171441     0.985194
    0.491511    -0.859545     0.139997
    0.870409     0.490098   -0.0468207
  -0.0283676     0.144867     0.989044
    0.479378    -0.867801     0.130839
    0.876395     0.481202   -0.0193899
  -0.0461333     0.123961     0.991214
    0.472512    -0.875249       0.1033
    0.880589     0.473651   -0.0147761
  -0.0359952    0.0979464     0.994541
    0.462976     0.885479    0.0397386
     0.88493    -0.464314    0.0362135
  -0.0505175   -0.0183999     0.998554
    0.465385    -0.880247    0.0926384
    0.882857     0.469112    0.0223019
  -0.0630889    0.0714076      0.99545
    0.471084     0.880253   -0.0568823
    0.881176    -0.466684    0.0757288
  -0.0401144    0.0857979     0.995505
    0.496831     0.866521   -0.0479531
     0.86745    -0.494175    0.0576266
  -0.0262374    0.0702276     0.997186
    0.476817     0.858121     0.190456
    0.878858    -0.469347   -0.0855733
  -0.0159578    -0.208187     0.977959
   -0.450975    -0.825286     0.339889
   -0.892285     0.425915    -0.149745
   0.0211816     0.370809     0.928467
    0.467319     0.313398    -0.826676
     0.88304    -0.210996     0.419191
  -0.0430516    -0.925884    -0.375346
    0.442569      0.87571     0.193042
     0.89667    -0.434742   -0.0835594
  -0.0107497    -0.210076     0.977626
     0.42764    0.0527168    -0.902411
    0.903135   -0.0672844     0.424053
  -0.0383635     -0.99634   -0.0763839
   -0.414778    -0.866996     0.276185
   -0.909732     0.401348    -0.106339
    0.018651     0.295361     0.955204
    0.390427     0.884986     0.253707
    0.919699    -0.387344   -0.0641729
  -0.0414797    -0.258389      0.96515
   -0.437809    -0.430573     -0.78926
   -0.897021     0.268396     0.351165
   0.0606322     0.861726    -0.503739
    0.398143     0.900887     0.172873
    0.915475    -0.402179   -0.0125628
  -0.0582084    -0.163263     0.984864
   -0.412624    -0.361366    -0.836156
   -0.907738     0.239566     0.344413
   0.0758554     0.901123    -0.426876
    0.413541    -0.891375     0.185567
    0.910449      0.40667    -0.075512
 -0.00815491     0.200176     0.979726
    0.393783    -0.895382     0.207907
    0.918867     0.389558   -0.0626779
  -0.0248711      0.21572     0.976138
    0.452579     0.882323     0.129149
    0.891723    -0.448068   -0.0637572
 -0.00161297     -0.14402     0.989573
     0.47916    -0.863437      0.15774
    0.877728     0.471284   -0.0865185
 0.000362832     0.179909     0.983683
     0.46898     0.857123      0.21307
    0.883195    -0.456478    -0.107676
 -0.00497048     -0.23868     0.971085
   -0.529446    -0.848343   0.00123396
   -0.821054      0.51278     0.250851
     0.21344    -0.131799     0.968025
    0.511232     0.858802    0.0331706
    0.839565    -0.507288     0.194396
   -0.183775    0.0715325     0.980362
    0.486216     0.873583    0.0211369
    0.848047    -0.477561     0.229677
   -0.210736    0.0937475     0.973037
   -0.506223     0.862365  -0.00808579
   -0.827773    -0.483244     0.285075
    0.241931     0.151004     0.958471
    0.467359    -0.882721    0.0487837
    0.866117     0.468235     0.174921
   -0.177249   -0.0394987     0.983373
   -0.462238     0.886705   0.00946422
   -0.855078    -0.448527     0.260126
      0.2349     0.112148     0.965528
    0.442464    -0.896104    0.0349792
    0.874317     0.439726     0.205453
   -0.199488   -0.0603224     0.978042
    0.423423    -0.905667    0.0219298
    0.879812     0.416865     0.228375
   -0.215973   -0.0774052     0.973326
    0.482372     0.875808   -0.0166686
    0.833971    -0.453341     0.314601
   -0.267973     0.165656     0.949078
   -0.442687     0.896676   -0.0010645
   -0.860092    -0.424289     0.283232
    0.253516     0.126299     0.959051
    0.460321    -0.887429   -0.0239845
    0.839543     0.426382     0.336698
   -0.288569    -0.175125     0.941307
      0.4246    -0.903626    0.0563536
    0.890133     0.428015      0.15642
   -0.165466   -0.0162538     0.986082
    0.404992    -0.913357     0.041948
    0.896442     0.405683     0.178363
   -0.179927   -0.0346318      0.98307
     0.39057    -0.918798    0.0571463
    0.908348     0.394723     0.138197
   -0.149532  -0.00206695     0.988755
    0.410017    -0.909156    0.0729465
    0.901777     0.416074     0.116963
   -0.136688    0.0178248     0.990454
    0.448677    -0.890768    0.0722613
    0.881813     0.454404      0.12619
   -0.145242   0.00710227     0.989371
    0.432628    -0.897088    0.0898143
    0.893766      0.43983    0.0879281
   -0.118382    0.0422328      0.99207
    0.471669    -0.877366    0.0880773
    0.873221     0.478637    0.0916031
   -0.122526    0.0337046     0.991893
    0.491716     0.868425      0.06366
    0.857328    -0.495628     0.139075
   -0.152328     0.013808     0.988234
    0.454629    -0.884423     0.105396
    0.885273     0.461714    0.0557876
  -0.0980028    0.0679418     0.992864
    0.444311    -0.895278   -0.0326472
     0.84251     0.405179     0.354975
   -0.304573    -0.185225     0.934306
   -0.425866     0.904685   -0.0134965
   -0.864132    -0.402265     0.302422
    0.268168     0.140454     0.953079
    0.404045    -0.914376   -0.0257768
    0.869319     0.375061      0.32189
    -0.28466    -0.152466     0.946426
    0.424022    -0.904684   -0.0418614
     0.84619     0.379286     0.374306
   -0.322752    -0.194137      0.92636
   -0.385687     0.922583  -0.00933599
    -0.88992    -0.369324     0.267661
    0.243491     0.111542     0.963468
    0.380771    -0.923906   -0.0375701
    0.874236      0.34647     0.340102
   -0.301206    -0.162346     0.939638
    0.361276    -0.932154   -0.0238236
    0.895952      0.33994     0.285852
    -0.25836    -0.124616     0.957978
     0.33885    -0.940442    -0.027381
    0.900691     0.315842     0.298329
   -0.271913    -0.125751      0.95407
   -0.400107    -0.915061    0.0507701
   -0.850648     0.350186    -0.392131
    0.341045    -0.200082    -0.918507
   -0.356741    -0.932114    0.0624468
   -0.877895     0.311633    -0.363574
    0.319431    -0.184523     -0.92947
   -0.376153    -0.924702    0.0586082
   -0.855183     0.322138    -0.406065
    0.356609    -0.202863    -0.911963
   -0.344124     0.938855   -0.0113721
   -0.913479    -0.331973     0.235268
    0.217107    0.0913494     0.971864
     0.31838    -0.947504   -0.0294981
    0.919003     0.300871     0.254776
   -0.232526    -0.108224      0.96655
   -0.304362     0.952556  -0.00120817
   -0.932505    -0.297695     0.204482
    0.194421     0.063363      0.97887
   -0.331729     0.943375 -0.000515205
   -0.925709    -0.325412     0.192796
    0.181711    0.0644328     0.981239
   -0.369178     0.929339   0.00610913
   -0.906799    -0.361648     0.216625
    0.203527    0.0744335     0.976236
     0.35554    -0.934468    0.0189898
    0.919197     0.353266     0.174009
   -0.169314   -0.0444118     0.984561
    0.389554    -0.920675     0.024612
    0.901092     0.386523     0.196553
   -0.190474   -0.0543904     0.980184
   -0.407755     0.913068   0.00653774
   -0.884024    -0.396557     0.247474
    0.228553    0.0951293     0.968872
    0.375562    -0.925974     0.039059
    0.913232     0.376921     0.154717
   -0.157986   -0.0224359     0.987186
   -0.303781    -0.833807     0.460958
   -0.947447     0.213441    -0.238301
     0.10031    -0.509125    -0.854827
   -0.317724    -0.829505     0.459318
   -0.943205     0.226923    -0.242632
   0.0970345    -0.510321    -0.854492
   -0.308039    -0.922786     0.231468
   -0.944923     0.268472    -0.187199
    0.110602    -0.276384    -0.954662
    -0.33172    -0.919062     0.212808
   -0.937881      0.29697     -0.17941
    0.101692    -0.259103    -0.960481
   -0.341714      -0.8214     0.456654
   -0.935683     0.251897    -0.247074
   0.0879167    -0.511712    -0.854647
   -0.330682    -0.940055    0.0833387
   -0.936119     0.315527     -0.15532
    0.119713    -0.129376    -0.984343
   -0.356005    -0.914901     0.190304
   -0.929804     0.326443        -0.17
   0.0934103    -0.237466    -0.966894
    0.353672    -0.933341   -0.0615688
    0.928716     0.342558     0.141915
   -0.111364    -0.107371     0.987962
    0.373528    -0.926778   -0.0394839
    0.921595     0.365923     0.129467
   -0.105539   -0.0847479     0.990797
   -0.365006    -0.813522     0.452716
   -0.927596     0.276203    -0.251552
   0.0796014    -0.511755    -0.855436
    0.377325     0.911132    -0.165723
    0.921947    -0.352687      0.16008
   -0.087406      0.21319     0.973093
   -0.384844    -0.806776    -0.448338
   -0.920023     0.296449     0.256274
   0.0738461    -0.511107     0.856339
   -0.361527     0.932319   0.00890892
   -0.922854    -0.359186     0.139018
    0.132809    0.0420372      0.99025
    0.379164    -0.924903    0.0280799
     0.91667     0.379584     0.125029
   -0.126298   -0.0216665     0.991756
   -0.341522       0.9398    -0.011774
   -0.928925     -0.33561     0.156412
    0.143045    0.0643554     0.987622
    0.318108    -0.947502   -0.0323622
    0.935418      0.30813     0.173346
   -0.154274   -0.0854149     0.984329
   -0.309847    -0.945023     0.104533
   -0.941826     0.290007    -0.169882
    0.130227    -0.151089    -0.979905
   -0.289786    -0.950082     0.115621
   -0.946863     0.266976    -0.179371
    0.139549    -0.161456    -0.976964
    0.287806    -0.957141   -0.0323922
    0.943096     0.277377     0.183389
   -0.166545   -0.0833296     0.982507
   -0.292036    -0.923543     0.248561
   -0.949091     0.247759    -0.194531
    0.118074    -0.292717    -0.948881
   -0.403721    -0.800487    -0.442978
    -0.91226     0.315596     0.261116
   0.0692184    -0.509529     0.857665
    0.387316     0.910985    -0.141747
    0.918374    -0.367703     0.146233
   -0.081095     0.186815     0.979042
    0.414208     0.902896    -0.114939
    0.907586    -0.400187     0.127038
  -0.0687052     0.156937     0.985216
   -0.430573    -0.790719    -0.435167
   -0.900662     0.345215     0.263883
   0.0584312    -0.505559     0.860811
   -0.408672      0.91268   0.00157059
   -0.909069    -0.407207    0.0881853
   0.0811245    0.0346111     0.996103
    0.442469     0.892707   -0.0854139
    0.895089    -0.433771     0.103243
  -0.0551155     0.122135     0.990982
    0.436192     0.899582    0.0220947
    0.897445    -0.436689    0.0624096
  -0.0657911   0.00739383     0.997806
   -0.457792    -0.780762     -0.42525
   -0.887874     0.376795     0.264019
   0.0459036    -0.498434     0.865711
    0.441317    -0.893781    0.0799695
    0.893796     0.445744    0.0494003
   -0.079799    0.0496752     0.995572
    0.418662    -0.905907    0.0636828
    0.902786     0.422773    0.0790019
  -0.0984917    0.0244169     0.994838
    0.396415    -0.916944    0.0454766
    0.910841     0.399015     0.105619
   -0.114993 -0.000447159     0.993366
    0.387985    -0.921462   -0.0193589
    0.916628     0.383586     0.112496
  -0.0962347   -0.0613915     0.993464
   -0.736726     0.634872      0.23275
   -0.505128     -0.28789    -0.813612
    0.449533     0.716978    -0.532788
   -0.737602    -0.633748     0.233037
   -0.510174     0.296969    -0.807175
    0.442341    -0.714263    -0.542367
   -0.720075    -0.646414     0.252271
   -0.561511     0.329228    -0.759154
    0.407673    -0.688301    -0.600037
   -0.722879    -0.643255     0.252327
    -0.56333     0.337173    -0.754304
    0.400132    -0.687413      -0.6061
   -0.736696    -0.635363     0.231502
   -0.515032     0.305341    -0.800942
    0.438203    -0.709282    -0.552176
   -0.709624    -0.653335     0.263791
   -0.610444     0.383141    -0.693225
    0.351839    -0.652959    -0.670711
   -0.722629    -0.645086     0.248338
     -0.5658      0.34562     -0.74861
