0 0 0
0 0 0
0 0 0
 0.00748955 -0.00103682 0.000341645
-0.00103682  0.00034677  0.00136223
0.000341645  0.00136223  0.00979201
 0.00901834 -0.00087097  0.00316092
-0.00087097 0.000358171  0.00184533
 0.00316092  0.00184533   0.0179854
    0.010291 -0.000496836   0.00732224
-0.000496836  0.000280084   0.00181371
  0.00732224   0.00181371    0.0235514
   0.0111979 -0.000111368    0.0111415
-0.000111368  0.000138597   0.00118462
   0.0111415   0.00118462    0.0232931
  0.0102505 -0.00035897   0.0097533
-0.00035897 0.000120427 0.000926205
  0.0097533 0.000926205   0.0241875
  0.00903382 -0.000639412   0.00923802
-0.000639412  8.76448e-05 -5.37522e-05
  0.00923802 -5.37522e-05     0.017945
  0.00866932 -0.000816181   0.00713102
-0.000816181  0.000106537  5.81616e-06
  0.00713102  5.81616e-06    0.0213251
   0.0098763 -0.000587494   0.00805512
-0.000587494  0.000110066  0.000854378
  0.00805512  0.000854378    0.0302851
  0.00950567 -0.000964302    0.0033808
-0.000964302  0.000102525  2.26874e-05
   0.0033808  2.26874e-05    0.0304223
   0.0104351 -0.000786823    0.0051283
-0.000786823  7.93602e-05  0.000517483
   0.0051283  0.000517483    0.0443929
   0.0125428 -0.000920672  -0.00365317
-0.000920672  7.96209e-05 -0.000476085
 -0.00365317 -0.000476085    0.0485269
    0.011386 -0.000844078   0.00629681
-0.000844078  7.06939e-05   2.7676e-05
  0.00629681   2.7676e-05    0.0365728
  0.0698834 -0.00169089   0.0293288
-0.00169089 0.000784133  0.00311966
  0.0293288  0.00311966   0.0320385
  0.0474413 0.000199442   0.0289417
0.000199442 0.000834597  0.00439993
  0.0289417  0.00439993    0.039609
  0.0476556 0.000183738   0.0288104
0.000183738 0.000771344  0.00424947
  0.0288104  0.00424947   0.0396411
  0.0406115  0.00151837   0.0340488
 0.00151837 0.000803941  0.00534591
  0.0340488  0.00534591   0.0507484
  0.0401319  0.00151369   0.0338857
 0.00151369 0.000858628  0.00546746
  0.0338857  0.00546746   0.0505082
  0.0406118  0.00130254   0.0338869
 0.00130254 0.000716067  0.00498863
  0.0338869  0.00498863   0.0508536
  0.0401568  0.00229743   0.0404001
 0.00229743 0.000783674  0.00599628
  0.0404001  0.00599628    0.061464
  0.0401402  0.00209053    0.040237
 0.00209053 0.000704846  0.00564924
   0.040237  0.00564924   0.0615254
 0.0410218 0.00224608  0.0439805
0.00224608 0.00064072 0.00566491
 0.0439805 0.00566491  0.0676461
  0.0395179  0.00227445   0.0400394
 0.00227445 0.000828743  0.00608999
  0.0400394  0.00608999   0.0611032
  0.0410317  0.00242467   0.0441579
 0.00242467 0.000708622  0.00598364
  0.0441579  0.00598364   0.0676645
 0.0403903 0.00239653  0.0437583
0.00239653 0.00074648 0.00606568
 0.0437583 0.00606568  0.0673273
  0.0396294  0.00164867   0.0397215
 0.00164867 0.000594124    0.005023
  0.0397215    0.005023   0.0614338
  0.0404545  0.00181772   0.0433537
 0.00181772 0.000542565   0.0050526
  0.0433537   0.0050526   0.0673877
 0.0397172 0.00121419  0.0426135
0.00121419 0.00043223  0.0042069
 0.0426135  0.0042069  0.0671022
  0.0389301  0.00102439   0.0391237
 0.00102439 0.000478537  0.00418401
  0.0391237  0.00418401   0.0613654
  0.0400962 0.000846249   0.0335106
0.000846249 0.000613596  0.00440577
  0.0335106  0.00440577   0.0509695
  0.0394867 0.000189674   0.0330898
0.000189674 0.000517428  0.00363192
  0.0330898  0.00363192   0.0510865
   0.0468462 -0.000670216    0.0283422
-0.000670216  0.000628584    0.0033572
   0.0283422    0.0033572    0.0400202
   0.0473908 -0.000112328    0.0286299
-0.000112328  0.000697595   0.00389648
   0.0286299   0.00389648    0.0398335
  0.0684273 -0.00251898   0.0285312
-0.00251898 0.000714136  0.00249192
  0.0285312  0.00249192   0.0320885
  0.0463478 -0.00141731   0.0281646
-0.00141731 0.000579428  0.00266559
  0.0281646  0.00266559   0.0403216
  0.0676017  -0.0033217   0.0283094
 -0.0033217 0.000716115  0.00197309
  0.0283094  0.00197309   0.0323252
  0.0609645 -0.00422334    0.024994
-0.00422334 0.000763684  0.00138531
   0.024994  0.00138531   0.0308733
  0.0690239 -0.00192896   0.0287578
-0.00192896 0.000739991  0.00289379
  0.0287578  0.00289379    0.031908
  0.0384851  0.00162861    0.041198
 0.00162861 0.000594512  0.00508235
   0.041198  0.00508235   0.0653152
  0.039033 0.00162129  0.0414409
0.00162129 0.00056106 0.00497051
 0.0414409 0.00497051  0.0653836
  0.0370328 0.000787404   0.0384576
0.000787404 0.000398294   0.0037794
  0.0384576   0.0037794   0.0629318
  0.0364394 0.000828998   0.0382771
0.000828998 0.000424092  0.00391323
  0.0382771  0.00391323   0.0630539
  0.0367814 0.000646497   0.0379521
0.000646497 0.000359582  0.00351183
  0.0379521  0.00351183   0.0624084
  0.0350931 4.56814e-05   0.0354274
4.56814e-05 0.000256381  0.00256456
  0.0354274  0.00256456   0.0605233
   0.0349238 -8.14524e-05    0.0348981
-8.14524e-05  0.000233472   0.00233138
   0.0348981   0.00233138    0.0598464
   0.0333169 -0.000616843     0.032106
-0.000616843  0.000143344   0.00127662
    0.032106   0.00127662    0.0575576
  0.0345083 0.000105429   0.0353041
0.000105429 0.000273807  0.00270554
  0.0353041  0.00270554   0.0608052
   0.0334534 -0.000516778    0.0326546
-0.000516778  0.000154962   0.00146558
   0.0326546   0.00146558    0.0583448
   0.0328958 -0.000458529    0.0325713
-0.000458529  0.000165986   0.00159956
   0.0325713   0.00159956    0.0587389
   0.0341458 -0.000311312    0.0338777
-0.000311312  0.000205422    0.0019544
   0.0338777    0.0019544    0.0589324
   0.0326356 -0.000793746    0.0310793
-0.000793746  0.000132369  0.000984408
   0.0310793  0.000984408     0.056518
  0.0317679 -0.00105339   0.0299146
-0.00105339 0.000125611 0.000574823
  0.0299146 0.000574823   0.0554885
    0.033337 -0.000658928    0.0328429
-0.000658928  0.000179809   0.00142155
   0.0328429   0.00142155     0.058129
  0.0360607 0.000351932   0.0370747
0.000351932  0.00030856  0.00304722
  0.0370747  0.00304722   0.0617654
   0.0353642 -0.000103396    0.0361813
-0.000103396  0.000257397   0.00238374
   0.0361813   0.00238374    0.0611537
  0.0382695  0.00109061   0.0403712
 0.00109061 0.000429766  0.00411998
  0.0403712  0.00411998   0.0647155
  0.0388512  0.00146318   0.0410878
 0.00146318 0.000505461  0.00467236
  0.0410878  0.00467236   0.0651416
   0.037576 0.000547801   0.0395708
0.000547801 0.000348857  0.00335114
  0.0395708  0.00335114   0.0642738
   0.0144829 -0.000964179    0.0119596
-0.000964179  0.000131496  0.000554662
   0.0119596  0.000554662    0.0370935
  0.0130153 -0.00065234    0.012511
-0.00065234 0.000146755  0.00123702
   0.012511  0.00123702   0.0425582
   0.0219146 -0.000844869     0.020948
-0.000844869  0.000196034   0.00118597
    0.020948   0.00118597    0.0443693
  0.0126748 -0.00035049   0.0124424
-0.00035049 0.000177667  0.00150594
  0.0124424  0.00150594   0.0325999
   0.0203445 -0.000302157    0.0218072
-0.000302157  0.000227844   0.00200003
   0.0218072   0.00200003    0.0475767
 0.0194411 0.00011986  0.0205308
0.00011986 0.00026652 0.00241562
 0.0205308 0.00241562  0.0414083
   0.0131561 -5.09944e-05    0.0131764
-5.09944e-05  0.000198149   0.00173471
   0.0131764   0.00173471    0.0293118
  0.0362243 -0.00027437   0.0382535
-0.00027437 0.000276748  0.00223163
  0.0382535  0.00223163   0.0635718
  0.0339503 0.000485955   0.0377961
0.000485955 0.000325789  0.00317807
  0.0377961  0.00317807   0.0639198
  0.0341204 -0.00081428   0.0348131
-0.00081428 0.000222942  0.00141218
  0.0348131  0.00141218   0.0602764
  0.0321306 -0.00124718   0.0314053
-0.00124718 0.000175349 0.000609417
  0.0314053 0.000609417   0.0571026
  0.0222587 -0.00118911   0.0209724
-0.00118911 0.000158258 0.000475803
  0.0209724 0.000475803   0.0467349
   0.0231318   -0.0014755    0.0211353
  -0.0014755  0.000136031 -0.000255602
   0.0211353 -0.000255602    0.0481289
   0.0304091  -0.00151116    0.0283366
 -0.00151116  0.000139551 -7.32399e-05
   0.0283366 -7.32399e-05    0.0543156
  0.0153677 -0.00110403   0.0119948
-0.00110403 0.000109264 3.40653e-05
  0.0119948 3.40653e-05    0.036511
    0.011316 -0.000278169   0.00940483
-0.000278169  0.000262046   0.00193133
  0.00940483   0.00193133    0.0261425
  0.0115459 -0.00109757  0.00345682
-0.00109757 0.000421813  0.00214614
 0.00345682  0.00214614    0.020327
  0.0182973 -0.00135232  0.00732073
-0.00135232 0.000525859  0.00268249
 0.00732073  0.00268249   0.0273285
   0.0106821  -0.00156165 -0.000536385
 -0.00156165  0.000479576    0.0018791
-0.000536385    0.0018791    0.0129316
    0.02194 -0.00294506 0.000346128
-0.00294506 0.000760492  0.00250823
0.000346128  0.00250823   0.0178792
   0.020104 -0.00348757 -0.00342843
-0.00348757 0.000836735  0.00206978
-0.00342843  0.00206978  0.00997557
 0.00784218  -0.0012954 -0.00110428
 -0.0012954 0.000328464 0.000913777
-0.00110428 0.000913777   0.0048285
   0.028307 -0.00166697   0.0131831
-0.00166697  0.00052092  0.00217451
  0.0131831  0.00217451   0.0267386
  0.0330303  -0.0035609  0.00642519
 -0.0035609 0.000693453  0.00135248
 0.00642519  0.00135248   0.0147639
   0.0273228 -0.000368394    0.0219231
-0.000368394  0.000439335   0.00290243
   0.0219231   0.00290243    0.0411393
  0.0296275 0.000379192   0.0308776
0.000379192 0.000379106  0.00330838
  0.0308776  0.00330838   0.0548666
   0.0177922 -0.000348979     0.014766
-0.000348979   0.00037653   0.00269114
    0.014766   0.00269114    0.0362922
   0.0310831 -0.000975663    0.0295304
-0.000975663  9.35783e-05  0.000410097
   0.0295304  0.000410097    0.0565589
  0.0316792 -0.00107055   0.0295634
-0.00107055 9.27024e-05 0.000265446
  0.0295634 0.000265446   0.0560173
   0.0300528  -0.00147491    0.0262996
 -0.00147491  7.54766e-05 -0.000995845
   0.0262996 -0.000995845    0.0537954
    0.029222  -0.00135301    0.0261962
 -0.00135301  6.69247e-05 -0.000860037
   0.0261962 -0.000860037    0.0543952
  0.0298745 -0.00152864   0.0256151
-0.00152864 8.00984e-05 -0.00109107
  0.0256151 -0.00109107   0.0527853
   0.028449 -0.00167244   0.0230375
-0.00167244 0.000121483 -0.00222429
  0.0230375 -0.00222429   0.0518362
  0.0285645 -0.00172205    0.022447
-0.00172205 0.000129892 -0.00227646
   0.022447 -0.00227646   0.0508087
  0.0273408   -0.001682    0.019569
  -0.001682  0.00023222 -0.00332844
   0.019569 -0.00332844   0.0492523
  0.0274671 -0.00155154   0.0229045
-0.00155154 0.000108209 -0.00211438
  0.0229045 -0.00211438   0.0524575
   0.027002 -0.00165775   0.0201033
-0.00165775 0.000227356 -0.00333282
  0.0201033 -0.00333282   0.0502522
  0.0259774 -0.00157173   0.0199932
-0.00157173 0.000215291 -0.00326634
  0.0199932 -0.00326634   0.0508624
  0.0279074 -0.00171629    0.021235
-0.00171629 0.000135776 -0.00230209
   0.021235 -0.00230209   0.0494856
  0.0270162 -0.00164983    0.018463
-0.00164983 0.000233049  -0.0032836
   0.018463  -0.0032836   0.0479585
  0.0262542 -0.00158924   0.0170296
-0.00158924 0.000235108 -0.00324481
  0.0170296 -0.00324481   0.0465938
  0.0270892 -0.00172482   0.0199072
-0.00172482 0.000145444 -0.00235385
  0.0199072 -0.00235385   0.0482038
