0 0 0
0 0 0
0 0 0
 1.76799e-06 -2.86725e-07 -5.32086e-09
-2.86725e-07  2.10645e-07  1.05914e-06
-5.32086e-09  1.05914e-06  6.82298e-06
 1.38483e-06 -2.40608e-08  1.30387e-06
-2.40608e-08   4.0357e-08  2.54713e-07
 1.30387e-06  2.54713e-07   3.1539e-06
 1.39258e-06 -3.18596e-08  1.30487e-06
-3.18596e-08  4.43417e-08  2.59489e-07
 1.30487e-06  2.59489e-07   3.1423e-06
2.01149e-06 -4.5418e-08 2.72211e-06
-4.5418e-08 2.73147e-08 2.36465e-07
2.72211e-06 2.36465e-07 7.07739e-06
  3.8109e-06 -3.81259e-07  4.01861e-06
-3.81259e-07   4.7778e-08 -2.11532e-07
 4.01861e-06 -2.11532e-07  8.01532e-06
  7.9472e-07 -1.32341e-07  8.71411e-07
-1.32341e-07  2.24878e-08 -1.23921e-07
 8.71411e-07 -1.23921e-07  1.95442e-06
  9.6084e-07 -1.74512e-07  5.05124e-07
-1.74512e-07  3.31268e-08  -3.4969e-08
 5.05124e-07  -3.4969e-08  2.51774e-06
  3.8047e-06 -3.83967e-07  4.02165e-06
-3.83967e-07  5.05506e-08 -1.95704e-07
 4.02165e-06 -1.95704e-07  8.00254e-06
 9.63156e-07 -1.76785e-07  5.12438e-07
-1.76785e-07  3.43615e-08 -2.83352e-08
 5.12438e-07 -2.83352e-08  2.53023e-06
 3.82187e-06 -3.95293e-07  4.02864e-06
-3.95293e-07  5.38323e-08 -1.96725e-07
 4.02864e-06 -1.96725e-07  7.99121e-06
 1.84743e-06 -2.59323e-07 -1.80052e-06
-2.59323e-07  3.90218e-08  1.00318e-07
-1.80052e-06  1.00318e-07  1.06712e-05
 3.41817e-06 -3.74481e-07  2.98251e-06
-3.74481e-07  4.26781e-08 -2.47399e-07
 2.98251e-06 -2.47399e-07  6.87105e-06
 9.31904e-06 -3.14643e-07  3.93124e-06
-3.14643e-07  1.45057e-07  4.68717e-07
 3.93124e-06  4.68717e-07  4.34931e-06
6.00734e-06 6.86031e-07 6.64586e-06
6.86031e-07  1.7845e-07 1.25054e-06
6.64586e-06 1.25054e-06 9.76635e-06
6.14974e-06 7.02336e-07 6.78061e-06
7.02336e-07 1.79395e-07 1.27308e-06
6.78061e-06 1.27308e-06 9.98365e-06
6.04899e-06 7.15684e-07 6.73854e-06
7.15684e-07 1.92353e-07 1.30851e-06
6.73854e-06 1.30851e-06 9.93401e-06
6.00177e-06 6.85426e-07  6.6207e-06
6.85426e-07 1.91234e-07 1.27891e-06
 6.6207e-06 1.27891e-06  9.7232e-06
5.87067e-06  6.4901e-07 6.49949e-06
 6.4901e-07 1.76579e-07  1.2318e-06
6.49949e-06  1.2318e-06 9.70871e-06
6.03606e-06 7.09358e-07 6.70593e-06
7.09358e-07 2.02149e-07 1.32541e-06
6.70593e-06 1.32541e-06 9.88079e-06
 5.8006e-06 6.63681e-07  6.4823e-06
6.63681e-07 1.87718e-07 1.26321e-06
 6.4823e-06 1.26321e-06 9.67732e-06
5.42188e-06 4.39249e-07 5.81796e-06
4.39249e-07 1.20022e-07 9.61058e-07
5.81796e-06 9.61058e-07 9.08393e-06
5.97099e-06 6.77807e-07  6.5867e-06
6.77807e-07 2.00836e-07 1.29385e-06
 6.5867e-06 1.29385e-06 9.67341e-06
5.59414e-06 4.62819e-07   5.993e-06
4.62819e-07 1.29519e-07 1.00378e-06
  5.993e-06 1.00378e-06 9.24913e-06
5.43627e-06 4.53941e-07 5.89559e-06
4.53941e-07 1.29116e-07 9.92512e-07
5.89559e-06 9.92512e-07 9.13763e-06
5.78628e-06 6.26919e-07 6.39578e-06
6.26919e-07 1.77313e-07 1.21616e-06
6.39578e-06 1.21616e-06 9.57199e-06
 5.3128e-06 4.14949e-07 5.71708e-06
4.14949e-07 1.11688e-07 9.21445e-07
5.71708e-06 9.21445e-07 8.99772e-06
5.10874e-06 2.40929e-07 5.54632e-06
2.40929e-07 7.93146e-08 7.11514e-07
5.54632e-06 7.11514e-07  9.0044e-06
5.64405e-06 4.16694e-07 6.32975e-06
4.16694e-07 1.25182e-07 9.66803e-07
6.32975e-06 9.66803e-07 9.74127e-06
5.88196e-06 6.21893e-07 6.41985e-06
6.21893e-07 1.68243e-07 1.19402e-06
6.41985e-06 1.19402e-06 9.59732e-06
5.66671e-06 4.15804e-07 6.35562e-06
4.15804e-07 1.16753e-07 9.43307e-07
6.35562e-06 9.43307e-07 9.76624e-06
5.89455e-06 6.16742e-07 6.44419e-06
6.16742e-07 1.57395e-07 1.16556e-06
6.44419e-06 1.16556e-06 9.64438e-06
5.97438e-06 6.30326e-07 6.53588e-06
6.30326e-07 1.63175e-07 1.19079e-06
6.53588e-06 1.19079e-06 9.74892e-06
 9.10296e-06 -3.48264e-07  3.74542e-06
-3.48264e-07  1.36961e-07  4.40667e-07
 3.74542e-06  4.40667e-07  4.29928e-06
5.66419e-06 4.07691e-07 6.36032e-06
4.07691e-07 1.06111e-07 9.10129e-07
6.36032e-06 9.10129e-07 9.80748e-06
 8.98388e-06 -3.10216e-07  3.64902e-06
-3.10216e-07   1.3033e-07   4.4747e-07
 3.64902e-06   4.4747e-07  4.23154e-06
  8.7112e-06 -6.87807e-07  3.66088e-06
-6.87807e-07   1.5052e-07  2.33648e-07
 3.66088e-06  2.33648e-07  4.37923e-06
 9.28404e-06 -3.22857e-07  3.85772e-06
-3.22857e-07  1.42521e-07  4.67692e-07
 3.85772e-06  4.67692e-07  4.36188e-06
4.95499e-06 2.53606e-07 5.27514e-06
2.53606e-07 7.24091e-08 7.01705e-07
5.27514e-06 7.01705e-07 8.75209e-06
4.99671e-06 2.54289e-07 5.22863e-06
2.54289e-07 7.21071e-08 7.01532e-07
5.22863e-06 7.01532e-07 8.67598e-06
4.81654e-06 2.45358e-07 5.16008e-06
2.45358e-07 6.95217e-08 6.86523e-07
5.16008e-06 6.86523e-07 8.67583e-06
 4.9837e-06 2.24132e-07 5.29423e-06
2.24132e-07 6.98415e-08 6.69756e-07
5.29423e-06 6.69756e-07 8.74199e-06
4.87115e-06 2.21111e-07 5.10129e-06
2.21111e-07 6.58127e-08 6.54845e-07
5.10129e-06 6.54845e-07 8.55465e-06
4.83586e-06 2.11238e-07 5.17132e-06
2.11238e-07 6.50182e-08 6.43708e-07
5.17132e-06 6.43708e-07 8.65906e-06
4.68007e-06 2.16061e-07 5.01419e-06
2.16061e-07 6.27331e-08 6.38864e-07
5.01419e-06 6.38864e-07 8.51778e-06
4.42554e-06 4.43625e-08 4.27795e-06
4.43625e-08 2.24736e-08 3.26652e-07
4.27795e-06 3.26652e-07 7.79543e-06
5.00427e-06 1.90553e-07 5.28791e-06
1.90553e-07 6.57037e-08 6.29054e-07
5.28791e-06 6.29054e-07  8.7174e-06
4.61437e-06 3.18188e-08 4.44141e-06
3.18188e-08 2.41464e-08 3.26448e-07
4.44141e-06 3.26448e-07 7.93658e-06
4.51712e-06 3.67478e-08 4.44548e-06
3.67478e-08 2.27154e-08  3.2206e-07
4.44548e-06  3.2206e-07 8.02691e-06
4.77718e-06 1.87529e-07 5.01023e-06
1.87529e-07 5.91491e-08 6.04544e-07
5.01023e-06 6.04544e-07  8.4669e-06
4.32907e-06  4.2751e-08 4.18131e-06
 4.2751e-08 2.00164e-08 3.09736e-07
4.18131e-06 3.09736e-07 7.72188e-06
4.11446e-06 -6.6596e-08 3.90089e-06
-6.6596e-08 1.57023e-08 1.72481e-07
3.90089e-06 1.72481e-07 7.51361e-06
4.58714e-06 3.55958e-08 4.80554e-06
3.55958e-08 4.22883e-08 4.13009e-07
4.80554e-06 4.13009e-07 8.39457e-06
4.96162e-06 1.91065e-07 5.08467e-06
1.91065e-07 6.16431e-08 6.17401e-07
5.08467e-06 6.17401e-07 8.48502e-06
4.60822e-06 6.02242e-08  4.8267e-06
6.02242e-08 4.21314e-08 4.35504e-07
 4.8267e-06 4.35504e-07 8.41044e-06
4.95362e-06 2.11106e-07 5.07755e-06
2.11106e-07 6.09613e-08 6.28915e-07
5.07755e-06 6.28915e-07 8.47948e-06
5.06749e-06 2.24994e-07 5.18098e-06
2.24994e-07 6.66618e-08 6.60224e-07
5.18098e-06 6.60224e-07 8.56253e-06
4.60303e-06 8.05391e-08 4.82346e-06
8.05391e-08 4.11435e-08 4.49995e-07
4.82346e-06 4.49995e-07 8.41852e-06
 4.34388e-06 -1.78403e-07  4.53482e-06
-1.78403e-07  3.33217e-08  1.15838e-07
 4.53482e-06  1.15838e-07  8.24465e-06
 4.56866e-06 -2.04853e-07  4.66688e-06
-2.04853e-07  3.63828e-08  1.00864e-07
 4.66688e-06  1.00864e-07   8.3034e-06
 4.37008e-06 -1.41152e-07  4.57077e-06
-1.41152e-07  3.31049e-08  1.68105e-07
 4.57077e-06  1.68105e-07  8.27303e-06
 4.54971e-06 -1.88609e-07  4.64379e-06
-1.88609e-07  3.24068e-08  1.03688e-07
 4.64379e-06  1.03688e-07  8.30795e-06
 4.59354e-06 -1.65612e-07  4.68124e-06
-1.65612e-07  3.54858e-08  1.54798e-07
 4.68124e-06  1.54798e-07  8.31796e-06
  4.9457e-06 -8.86834e-09  5.41395e-06
-8.86834e-09  4.96431e-08  3.84784e-07
 5.41395e-06  3.84784e-07  9.06318e-06
4.90453e-06 -4.5278e-08 5.36999e-06
-4.5278e-08 4.45426e-08 3.23429e-07
5.36999e-06 3.23429e-07 9.03384e-06
 4.42609e-06 -9.74487e-08  4.62581e-06
-9.74487e-08  3.36113e-08  2.29599e-07
 4.62581e-06  2.29599e-07  8.32582e-06
5.00217e-06 1.92428e-08 5.46901e-06
1.92428e-08 5.58668e-08 4.38416e-07
5.46901e-06 4.38416e-07 9.10242e-06
 4.23356e-06 -7.04461e-08  4.54295e-06
-7.04461e-08  3.10033e-08  2.44455e-07
 4.54295e-06  2.44455e-07  8.30868e-06
 4.24874e-06 -9.27368e-08  4.53902e-06
-9.27368e-08  3.25504e-08  2.25634e-07
 4.53902e-06  2.25634e-07  8.30303e-06
 4.14226e-06 -1.14526e-07   4.4493e-06
-1.14526e-07  2.95835e-08  1.79586e-07
  4.4493e-06  1.79586e-07  8.24534e-06
 3.96948e-06 -2.19656e-07  3.66082e-06
-2.19656e-07  2.01501e-08 -2.49053e-08
 3.66082e-06 -2.49053e-08  7.33243e-06
4.01577e-06 -2.0569e-07 3.71084e-06
-2.0569e-07 2.05043e-08 7.78492e-09
3.71084e-06 7.78492e-09 7.36332e-06
 3.92036e-06 -2.30989e-07   3.6156e-06
-2.30989e-07  2.00967e-08 -5.27386e-08
  3.6156e-06 -5.27386e-08  7.30549e-06
5.38186e-06 9.23391e-08 6.15446e-06
9.23391e-08 6.96678e-08 5.41153e-07
6.15446e-06 5.41153e-07 9.82441e-06
5.46494e-06 8.44174e-08 6.21304e-06
8.44174e-08 6.54305e-08 5.20633e-07
6.21304e-06 5.20633e-07 9.87573e-06
5.45833e-06 1.48081e-07 6.23677e-06
1.48081e-07 7.18201e-08 6.02638e-07
6.23677e-06 6.02638e-07 9.89704e-06
5.49478e-06 9.77784e-08 6.23744e-06
9.77784e-08 6.13887e-08 5.22904e-07
6.23744e-06 5.22904e-07 9.92497e-06
 5.5499e-06 1.28312e-07 6.30205e-06
1.28312e-07 6.73093e-08 5.71489e-07
6.30205e-06 5.71489e-07 9.97379e-06
 2.12785e-05 -3.88869e-06 -7.52431e-07
-3.88869e-06  8.93342e-07   1.1606e-06
-7.52431e-07   1.1606e-06  5.75664e-06
 4.88638e-06 -5.80021e-07  1.52702e-06
-5.80021e-07  1.42321e-07  2.70679e-07
 1.52702e-06  2.70679e-07  3.25725e-06
5.53742e-06 1.72056e-07 6.34055e-06
1.72056e-07 6.94935e-08 6.18528e-07
6.34055e-06 6.18528e-07   1.003e-05
 8.65877e-06 -8.35522e-07  3.67377e-06
-8.35522e-07  1.67992e-07  1.49464e-07
 3.67377e-06  1.49464e-07  4.46575e-06
 5.4382e-06 1.93929e-07 6.27776e-06
1.93929e-07 7.74588e-08 6.60954e-07
6.27776e-06 6.60954e-07 9.95511e-06
  5.405e-06 1.89374e-07 6.23964e-06
1.89374e-07 8.40413e-08 6.75973e-07
6.23964e-06 6.75973e-07 9.90545e-06
5.35142e-06 1.61104e-07 6.17977e-06
1.61104e-07 7.67618e-08 6.27758e-07
6.17977e-06 6.27758e-07 9.84957e-06
 4.04034e-06 -7.54828e-08  3.63415e-06
-7.54828e-08  3.57616e-09  2.75944e-08
 3.63415e-06  2.75944e-08  7.47848e-06
 4.17497e-06 -7.64901e-08  3.61558e-06
-7.64901e-08  4.39658e-09  4.53081e-08
 3.61558e-06  4.53081e-08  7.28561e-06
 3.94423e-06 -6.42875e-08   3.5019e-06
-6.42875e-08  2.38852e-09   1.7711e-08
  3.5019e-06   1.7711e-08  7.28119e-06
 4.03517e-06  -9.9608e-08  3.61704e-06
 -9.9608e-08  3.67436e-09 -1.76563e-08
 3.61704e-06 -1.76563e-08  7.46326e-06
 3.98188e-06 -9.09275e-08   3.4424e-06
-9.09275e-08  3.50992e-09 -1.28735e-09
  3.4424e-06 -1.28735e-09  7.14654e-06
 3.97691e-06 -8.92557e-08  3.51921e-06
-8.92557e-08  2.72629e-09 -2.41001e-08
 3.51921e-06 -2.41001e-08  7.27991e-06
 3.75189e-06 -7.74849e-08  3.32724e-06
-7.74849e-08  2.02516e-09 -2.65619e-08
 3.32724e-06 -2.65619e-08  7.13235e-06
 3.77299e-06 -1.18342e-07  2.68177e-06
-1.18342e-07   1.5968e-08 -3.26837e-07
 2.68177e-06 -3.26837e-07  6.73298e-06
 4.03106e-06 -1.21853e-07  3.60464e-06
-1.21853e-07  4.45128e-09 -5.21099e-08
 3.60464e-06 -5.21099e-08  7.43262e-06
 4.01162e-06 -1.38056e-07  2.86983e-06
-1.38056e-07  1.64795e-08 -3.35552e-07
 2.86983e-06 -3.35552e-07  6.85899e-06
 3.55606e-06 -1.27103e-07  2.73812e-06
-1.27103e-07  1.84966e-08 -3.57942e-07
 2.73812e-06 -3.57942e-07  6.98274e-06
 3.88376e-06 -1.00268e-07  3.35124e-06
-1.00268e-07  3.21367e-09 -3.54346e-08
 3.35124e-06 -3.54346e-08  7.06723e-06
 3.61871e-06 -9.57224e-08  2.56098e-06
-9.57224e-08  1.51232e-08 -3.14382e-07
 2.56098e-06 -3.14382e-07  6.66358e-06
 3.37683e-06  -1.2528e-07  2.14488e-06
 -1.2528e-07  1.96994e-08 -3.51401e-07
 2.14488e-06 -3.51401e-07  6.30711e-06
 3.63248e-06 -1.62747e-07   3.0109e-06
-1.62747e-07  7.44039e-09 -1.09723e-07
  3.0109e-06 -1.09723e-07   6.7612e-06
 4.14394e-06   -1.161e-07  3.49526e-06
  -1.161e-07  4.73617e-09 -1.93579e-08
 3.49526e-06 -1.93579e-08  7.10945e-06
 3.62783e-06 -1.48436e-07  3.02719e-06
-1.48436e-07  6.37601e-09 -8.79672e-08
 3.02719e-06 -8.79672e-08    6.787e-06
 4.11324e-06 -9.04798e-08  3.47303e-06
-9.04798e-08  4.22817e-09  2.01667e-08
 3.47303e-06  2.01667e-08  7.09916e-06
 4.21848e-06 -1.00241e-07  3.55952e-06
-1.00241e-07  5.42436e-09  2.79276e-08
 3.55952e-06  2.79276e-08  7.16425e-06
 3.64976e-06 -1.36034e-07   3.0409e-06
-1.36034e-07  5.61871e-09 -6.49657e-08
  3.0409e-06 -6.49657e-08  6.80256e-06
 3.09244e-06 -8.52348e-08  1.89102e-06
-8.52348e-08  7.10893e-08 -6.64731e-07
 1.89102e-06 -6.64731e-07  6.61593e-06
 3.57053e-06 -1.00307e-07  2.02224e-06
-1.00307e-07  6.74849e-08 -6.46377e-07
 2.02224e-06 -6.46377e-07  6.52038e-06
 3.11824e-06 -8.13071e-08  1.87332e-06
-8.13071e-08  7.54857e-08 -6.76152e-07
 1.87332e-06 -6.76152e-07  6.48914e-06
 3.02781e-06 -8.71457e-08  1.82983e-06
-8.71457e-08  7.58397e-08 -6.83866e-07
 1.82983e-06 -6.83866e-07   6.5389e-06
  3.4408e-06 -9.09224e-08  1.94098e-06
-9.09224e-08  7.23699e-08 -6.62041e-07
 1.94098e-06 -6.62041e-07  6.42623e-06
 3.09086e-06 -9.03369e-08   1.8589e-06
-9.03369e-08  8.30062e-08 -7.08041e-07
  1.8589e-06 -7.08041e-07  6.43538e-06
 3.06011e-06 -7.39804e-08  1.83402e-06
-7.39804e-08  8.05034e-08 -6.91671e-07
 1.83402e-06 -6.91671e-07  6.42268e-06
 3.38438e-06   1.1439e-07  1.03846e-06
  1.1439e-07  2.19477e-07 -1.11418e-06
 1.03846e-06 -1.11418e-06    6.447e-06
 2.98036e-06 -9.37936e-08  1.80237e-06
-9.37936e-08  8.27442e-08 -7.11135e-07
 1.80237e-06 -7.11135e-07  6.45711e-06
 3.31712e-06  9.40784e-08  1.00999e-06
 9.40784e-08  2.25731e-07 -1.13889e-06
 1.00999e-06 -1.13889e-06  6.42076e-06
 2.63833e-06  7.57168e-08  9.33979e-07
 7.57168e-08  2.30436e-07 -1.15583e-06
 9.33979e-07 -1.15583e-06  6.46138e-06
 3.26084e-06  -7.0635e-08  1.78528e-06
 -7.0635e-08   7.3295e-08 -6.55882e-07
 1.78528e-06 -6.55882e-07  6.28571e-06
 3.17792e-06  1.47563e-07  8.58908e-07
 1.47563e-07  2.08529e-07 -1.06996e-06
 8.58908e-07 -1.06996e-06  6.34216e-06
  3.0944e-06  2.12574e-07   2.9916e-07
 2.12574e-07  2.04334e-07 -1.04615e-06
  2.9916e-07 -1.04615e-06  6.03002e-06
 3.09785e-06 -5.84337e-08  1.34098e-06
-5.84337e-08  7.23631e-08 -6.42638e-07
 1.34098e-06 -6.42638e-07  5.92861e-06
 3.71348e-06 -9.87836e-08  1.92982e-06
-9.87836e-08  6.89489e-08 -6.44879e-07
 1.92982e-06 -6.44879e-07  6.31482e-06
 3.09243e-06 -5.32509e-08   1.3285e-06
-5.32509e-08  7.13064e-08  -6.3855e-07
  1.3285e-06  -6.3855e-07  5.95581e-06
 3.69519e-06 -8.78489e-08  1.90841e-06
-8.78489e-08  6.27976e-08 -6.15782e-07
 1.90841e-06 -6.15782e-07   6.3451e-06
 3.86656e-06 -1.10431e-07  2.03936e-06
-1.10431e-07   6.3942e-08 -6.28567e-07
 2.03936e-06 -6.28567e-07  6.42647e-06
 3.08301e-06 -4.78893e-08  1.32082e-06
-4.78893e-08  6.73687e-08 -6.21661e-07
 1.32082e-06 -6.21661e-07  5.98989e-06
 3.19896e-06  3.48074e-07 -9.13431e-07
 3.48074e-07  1.89412e-07 -9.90635e-07
-9.13431e-07 -9.90635e-07  5.50667e-06
 2.72187e-06 -3.17595e-08  2.10502e-07
-3.17595e-08  7.17894e-08 -6.11219e-07
 2.10502e-07 -6.11219e-07  5.20528e-06
 2.98641e-06 -5.20679e-08  9.09178e-07
-5.20679e-08   6.8488e-08 -6.16376e-07
 9.09178e-07 -6.16376e-07  5.61312e-06
 3.47156e-06 -1.06561e-07   1.0518e-06
-1.06561e-07  6.85187e-08 -6.21009e-07
  1.0518e-06 -6.21009e-07  5.63066e-06
2.73438e-06 -2.8477e-08 2.01106e-07
-2.8477e-08 7.49954e-08 -6.2621e-07
2.01106e-07 -6.2621e-07 5.22934e-06
 3.01256e-06  -5.9657e-08  9.28677e-07
 -5.9657e-08  7.06378e-08 -6.26967e-07
 9.28677e-07 -6.26967e-07  5.61864e-06
 3.49039e-06 -1.02202e-07  1.05169e-06
-1.02202e-07   6.9847e-08 -6.27594e-07
 1.05169e-06 -6.27594e-07  5.64442e-06
 3.49986e-06 -1.09399e-07  1.07437e-06
-1.09399e-07  6.94095e-08 -6.25776e-07
 1.07437e-06 -6.25776e-07  5.64415e-06
 3.29573e-06 -1.70188e-07  1.82473e-06
-1.70188e-07  2.76042e-08 -3.99812e-07
 1.82473e-06 -3.99812e-07  5.98566e-06
 2.74227e-06 -2.61089e-08  2.01473e-07
-2.61089e-08  7.64569e-08  -6.3349e-07
 2.01473e-07  -6.3349e-07  5.24891e-06
 3.26554e-06 -1.68682e-07  1.79009e-06
-1.68682e-07  2.80612e-08   -4.026e-07
 1.79009e-06   -4.026e-07  5.96431e-06
 2.85906e-06 -1.99997e-07  1.09414e-06
-1.99997e-07   4.1482e-08 -4.50391e-07
 1.09414e-06 -4.50391e-07  5.53325e-06
  3.0475e-06 -6.80529e-08  9.62065e-07
-6.80529e-08  7.07166e-08 -6.31193e-07
 9.62065e-07 -6.31193e-07  5.67601e-06
 3.31416e-06 -1.78061e-07  1.85496e-06
-1.78061e-07  2.77008e-08 -3.99893e-07
 1.85496e-06 -3.99893e-07  6.02121e-06
 2.59449e-06 -1.83185e-08  8.15423e-07
-1.83185e-08  7.44408e-08 -6.38435e-07
 8.15423e-07 -6.38435e-07  5.64282e-06
 2.59149e-06 -1.96096e-08  8.24071e-07
-1.96096e-08  7.49778e-08 -6.39466e-07
 8.24071e-07 -6.39466e-07  5.62065e-06
 2.55603e-06 -1.01787e-08  7.81006e-07
-1.01787e-08  7.28018e-08 -6.27801e-07
 7.81006e-07 -6.27801e-07  5.60192e-06
 3.20964e-06   2.6725e-07 -1.82032e-07
  2.6725e-07  1.94808e-07  -1.0112e-06
-1.82032e-07  -1.0112e-06  5.76204e-06
 3.25076e-06  2.56925e-07 -1.40621e-07
 2.56925e-07  2.00345e-07 -1.03007e-06
-1.40621e-07 -1.03007e-06  5.77537e-06
 3.18402e-06  2.72141e-07 -2.11027e-07
 2.72141e-07  1.90282e-07 -9.97779e-07
-2.11027e-07 -9.97779e-07  5.76345e-06
 2.91812e-06 -3.30839e-07  2.03801e-06
-3.30839e-07  3.94047e-08 -3.24082e-07
 2.03801e-06 -3.24082e-07  5.99639e-06
 3.40377e-06 -2.47753e-07  2.65744e-06
-2.47753e-07  1.80739e-08 -2.06698e-07
 2.65744e-06 -2.06698e-07  6.42549e-06
3.76214e-06 -3.0951e-07 2.83484e-06
-3.0951e-07 2.54662e-08  -2.297e-07
2.83484e-06  -2.297e-07 6.47284e-06
 2.93431e-06 -3.28329e-07  2.02272e-06
-3.28329e-07  3.88655e-08 -3.25009e-07
 2.02272e-06 -3.25009e-07  5.97964e-06
 3.45054e-06  -2.3757e-07  2.70391e-06
 -2.3757e-07  1.63569e-08 -1.86182e-07
 2.70391e-06 -1.86182e-07  6.47502e-06
 3.79454e-06  -3.0264e-07  2.85257e-06
 -3.0264e-07  2.41376e-08 -2.27582e-07
 2.85257e-06 -2.27582e-07  6.48601e-06
 3.81536e-06 -2.95374e-07  2.87971e-06
-2.95374e-07  2.29367e-08 -2.05575e-07
 2.87971e-06 -2.05575e-07  6.50315e-06
 2.92245e-06 -3.20944e-07  2.01113e-06
-3.20944e-07  3.78233e-08 -3.29547e-07
 2.01113e-06 -3.29547e-07   5.9751e-06
 3.52333e-06 -2.27094e-07  2.76967e-06
-2.27094e-07  1.47001e-08 -1.62007e-07
 2.76967e-06 -1.62007e-07   6.5205e-06
 3.20591e-06 -1.81588e-07  2.61431e-06
-1.81588e-07  1.03005e-08 -1.56187e-07
 2.61431e-06 -1.56187e-07  6.49657e-06
 3.18054e-06 -1.87791e-07  2.58261e-06
-1.87791e-07   1.1154e-08 -1.69471e-07
 2.58261e-06 -1.69471e-07  6.46456e-06
 3.16712e-06 -1.87061e-07  2.56064e-06
-1.87061e-07  1.11666e-08 -1.73961e-07
 2.56064e-06 -1.73961e-07  6.43979e-06
 1.15479e-06  -1.5949e-07  1.72232e-07
 -1.5949e-07  3.00185e-08 -2.13747e-07
 1.72232e-07 -2.13747e-07  4.54152e-06
 2.20635e-06 -3.24067e-07  1.29626e-06
-3.24067e-07  5.77606e-08 -4.11467e-07
 1.29626e-06 -4.11467e-07  5.57099e-06
 1.85594e-06  -2.7385e-08 -5.03736e-06
 -2.7385e-08  1.59279e-08 -3.02461e-07
-5.03736e-06 -3.02461e-07  2.28177e-05
 2.20552e-06 -3.26231e-07  1.30957e-06
-3.26231e-07  5.73445e-08 -4.02595e-07
 1.30957e-06 -4.02595e-07  5.57798e-06
  1.0165e-06 -1.34716e-07  2.01753e-07
-1.34716e-07   2.7411e-08 -2.36899e-07
 2.01753e-07 -2.36899e-07  4.66147e-06
 2.62045e-06 -2.73164e-07  5.09662e-07
-2.73164e-07  7.13402e-08 -5.18881e-07
 5.09662e-07 -5.18881e-07  5.16362e-06
 2.64761e-06 -2.73137e-07  5.39369e-07
-2.73137e-07  6.93904e-08 -5.12829e-07
 5.39369e-07 -5.12829e-07  5.18534e-06
 4.12439e-06  4.06718e-07  -8.0521e-06
 4.06718e-07  7.94627e-08 -1.32769e-06
 -8.0521e-06 -1.32769e-06  2.29757e-05
 2.65936e-06 -5.52559e-08 -4.17237e-07
-5.52559e-08  8.63073e-08 -6.34089e-07
-4.17237e-07 -6.34089e-07   4.9169e-06
 2.15509e-06  4.78513e-08 -5.39993e-07
 4.78513e-08  8.16809e-08 -6.32264e-07
-5.39993e-07 -6.32264e-07  4.90766e-06
 2.65204e-06  -5.2968e-08 -4.51187e-07
 -5.2968e-08  8.13215e-08 -6.11825e-07
-4.51187e-07 -6.11825e-07  4.87899e-06
 2.13557e-06  4.19677e-08 -5.41814e-07
 4.19677e-08  7.68263e-08  -6.1104e-07
-5.41814e-07  -6.1104e-07   4.8804e-06
 2.14999e-06  4.89186e-08 -5.75719e-07
 4.89186e-08  7.48825e-08 -6.01977e-07
-5.75719e-07 -6.01977e-07  4.85499e-06
 3.15324e-06  3.72041e-07 -1.63947e-06
 3.72041e-07  1.76214e-07 -9.60693e-07
-1.63947e-06 -9.60693e-07  5.30332e-06
 3.17385e-06  3.81174e-07 -1.60936e-06
 3.81174e-07  1.81678e-07  -9.7331e-07
-1.60936e-06  -9.7331e-07   5.2953e-06
 2.65175e-06 -5.22419e-08 -4.78632e-07
-5.22419e-08  7.29952e-08 -5.76118e-07
-4.78632e-07 -5.76118e-07  4.85079e-06
 3.16671e-06  3.78671e-07 -1.64683e-06
 3.78671e-07  1.72771e-07 -9.51025e-07
-1.64683e-06 -9.51025e-07  5.31854e-06
 3.55449e-06  4.00543e-07 -2.28249e-06
 4.00543e-07   1.3928e-07 -8.43024e-07
-2.28249e-06 -8.43024e-07  5.11675e-06
 2.78232e-06 -6.32157e-08 -1.14629e-06
-6.32157e-08  6.20529e-08 -4.70182e-07
-1.14629e-06 -4.70182e-07  4.53453e-06
 3.20513e-06 -1.77138e-07 -3.60533e-07
-1.77138e-07  8.83763e-08 -5.95008e-07
-3.60533e-07 -5.95008e-07  4.85238e-06
 3.31748e-06  4.76314e-07 -5.45959e-06
 4.76314e-07  1.37182e-07 -1.31339e-06
-5.45959e-06 -1.31339e-06  1.30606e-05
 1.98844e-06  2.63595e-08 -1.22927e-06
 2.63595e-08  6.19924e-08  -4.7948e-07
-1.22927e-06  -4.7948e-07  4.24031e-06
 3.22154e-06 -1.74047e-07 -3.17802e-07
-1.74047e-07  9.49952e-08 -6.27193e-07
-3.17802e-07 -6.27193e-07  4.88229e-06
 6.24193e-07  8.18494e-09 -4.56037e-07
 8.18494e-09  1.17941e-08 -9.95291e-08
-4.56037e-07 -9.95291e-08  1.08201e-06
 3.11236e-06  5.75838e-07 -3.90461e-06
 5.75838e-07  3.58934e-07 -2.12307e-06
-3.90461e-06 -2.12307e-06  1.26738e-05
 1.76452e-06 -1.20563e-06  1.32346e-07
-1.20563e-06  1.01845e-06  1.15885e-06
 1.32346e-07  1.15885e-06  8.24879e-06
  1.7882e-06 -1.36239e-06  3.50577e-07
-1.36239e-06  1.10353e-06   4.5042e-07
 3.50577e-07   4.5042e-07  7.97859e-06
 1.50503e-06 -9.72587e-07  1.10776e-06
-9.72587e-07  6.29131e-07 -7.86724e-07
 1.10776e-06 -7.86724e-07  8.95802e-06
 1.53909e-06 -1.06127e-06  1.16103e-06
-1.06127e-06  7.31866e-07 -8.25174e-07
 1.16103e-06 -8.25174e-07  9.09076e-06
 1.82188e-06 -1.38851e-06  4.02299e-07
-1.38851e-06   1.1252e-06  4.23226e-07
 4.02299e-07  4.23226e-07  8.09836e-06
 1.52102e-06 -9.86904e-07  1.17363e-06
-9.86904e-07  6.41209e-07 -8.45476e-07
 1.17363e-06 -8.45476e-07  9.11876e-06
 1.57221e-06 -1.08207e-06  1.21863e-06
-1.08207e-06  7.44749e-07 -8.47704e-07
 1.21863e-06 -8.47704e-07  9.21907e-06
 1.56805e-06 -1.07383e-06  1.24214e-06
-1.07383e-06  7.35379e-07 -8.58517e-07
 1.24214e-06 -8.58517e-07  9.23861e-06
 1.45875e-06 -9.48963e-07  1.04217e-06
-9.48963e-07  6.19781e-07 -5.36476e-07
 1.04217e-06 -5.36476e-07  8.91672e-06
 1.85116e-06 -1.40734e-06  4.49373e-07
-1.40734e-06  1.13924e-06  4.04347e-07
 4.49373e-07  4.04347e-07  8.19477e-06
 1.45834e-06  -9.5561e-07  1.01109e-06
 -9.5561e-07  6.28439e-07 -5.26681e-07
 1.01109e-06 -5.26681e-07  8.89258e-06
1.61948e-06 -1.2335e-06 3.42836e-07
-1.2335e-06 1.03355e-06  5.9482e-07
3.42836e-07  5.9482e-07 7.89967e-06
 1.55033e-06 -9.98953e-07  1.27449e-06
-9.98953e-07  6.44088e-07 -8.79345e-07
 1.27449e-06 -8.79345e-07  9.27855e-06
 1.45006e-06 -9.38802e-07  1.06822e-06
-9.38802e-07  6.10173e-07 -5.52589e-07
 1.06822e-06 -5.52589e-07   8.9416e-06
 1.38653e-06 -8.47303e-07  1.34435e-06
-8.47303e-07  5.17787e-07  -8.2447e-07
 1.34435e-06  -8.2447e-07  9.63393e-06
  1.5338e-06 -9.35419e-07  1.63749e-06
-9.35419e-07  5.73959e-07 -1.16657e-06
 1.63749e-06 -1.16657e-06  9.86248e-06
 1.50758e-06 -9.15732e-07  1.20336e-06
-9.15732e-07  5.58394e-07 -8.63991e-07
 1.20336e-06 -8.63991e-07  9.14547e-06
 1.49421e-06 -9.12769e-07  1.55428e-06
-9.12769e-07  5.61941e-07 -1.13736e-06
 1.55428e-06 -1.13736e-06  9.71841e-06
1.48529e-06 -8.9327e-07 1.14506e-06
-8.9327e-07 5.39366e-07 -8.2032e-07
1.14506e-06 -8.2032e-07 8.97541e-06
 1.48919e-06 -9.01266e-07  1.11793e-06
-9.01266e-07  5.47564e-07 -8.07715e-07
 1.11793e-06 -8.07715e-07  8.97425e-06
 1.54451e-06 -7.55505e-07  1.25721e-06
-7.55505e-07   3.7914e-07 -3.39197e-07
 1.25721e-06 -3.39197e-07  9.08596e-06
 1.46628e-06 -8.86903e-07  1.48882e-06
-8.86903e-07  5.40542e-07 -1.08167e-06
 1.48882e-06 -1.08167e-06  9.54677e-06
 1.53855e-06 -7.46592e-07  1.28536e-06
-7.46592e-07   3.7152e-07 -3.53664e-07
 1.28536e-06 -3.53664e-07   9.0971e-06
 1.60295e-06 -7.30637e-07  1.75471e-06
-7.30637e-07  3.36207e-07 -6.52587e-07
 1.75471e-06 -6.52587e-07  9.61026e-06
 1.54212e-06 -7.61503e-07  1.21975e-06
-7.61503e-07  3.86269e-07 -3.16493e-07
 1.21975e-06 -3.16493e-07  9.06131e-06
 1.60076e-06 -1.23532e-06  3.61797e-07
-1.23532e-06   1.0723e-06  6.67856e-07
 3.61797e-07  6.67856e-07  7.63293e-06
 1.40405e-06 -9.23875e-07  8.20968e-07
-9.23875e-07  6.23478e-07 -1.84608e-07
 8.20968e-07 -1.84608e-07  8.60548e-06
 1.49944e-06  -1.0258e-06   9.0742e-07
 -1.0258e-06  7.29511e-07 -1.44869e-07
  9.0742e-07 -1.44869e-07  8.71313e-06
 1.65982e-06 -1.24805e-06  4.53029e-07
-1.24805e-06  1.07507e-06  6.76197e-07
 4.53029e-07  6.76197e-07  7.70154e-06
 1.44911e-06 -9.28748e-07    9.427e-07
-9.28748e-07   6.1562e-07 -1.97321e-07
   9.427e-07 -1.97321e-07  8.73797e-06
 1.54951e-06 -1.03729e-06  9.91484e-07
-1.03729e-06  7.28227e-07 -1.38471e-07
 9.91484e-07 -1.38471e-07  8.78956e-06
 1.53949e-06  -1.0316e-06  9.95879e-07
 -1.0316e-06  7.22135e-07 -1.64515e-07
 9.95879e-07 -1.64515e-07   8.8354e-06
1.41597e-06 -7.4685e-07 8.26982e-07
-7.4685e-07 5.44073e-07 6.56971e-07
8.26982e-07 6.56971e-07 8.48459e-06
 1.70858e-06 -1.25843e-06   5.2332e-07
-1.25843e-06  1.07907e-06  6.90066e-07
  5.2332e-07  6.90066e-07  7.77094e-06
 1.42494e-06 -7.49833e-07  8.13508e-07
-7.49833e-07  5.54321e-07  6.96624e-07
 8.13508e-07  6.96624e-07  8.42493e-06
1.46992e-06  -9.256e-07 3.59882e-07
 -9.256e-07 9.68505e-07 1.46636e-06
3.59882e-07 1.46636e-06 7.52808e-06
 1.48848e-06 -9.37521e-07  1.02128e-06
-9.37521e-07   6.1204e-07 -2.23398e-07
 1.02128e-06 -2.23398e-07  8.88567e-06
 1.41007e-06 -7.44931e-07  8.37958e-07
-7.44931e-07  5.35231e-07  6.21688e-07
 8.37958e-07  6.21688e-07   8.5377e-06
 1.35127e-06 -6.34925e-07  1.10328e-06
-6.34925e-07  3.79444e-07  3.10434e-07
 1.10328e-06  3.10434e-07  9.40314e-06
 1.42098e-06 -8.34146e-07  1.28364e-06
-8.34146e-07  4.96512e-07 -5.11579e-07
 1.28364e-06 -5.11579e-07  9.70477e-06
 1.40359e-06 -8.40295e-07  9.69057e-07
-8.40295e-07  5.16585e-07 -2.49315e-07
 9.69057e-07 -2.49315e-07  8.76328e-06
 1.37492e-06 -8.17456e-07  1.19965e-06
-8.17456e-07  4.91784e-07 -4.91546e-07
 1.19965e-06 -4.91546e-07  9.57136e-06
 1.35363e-06 -8.25961e-07  8.78719e-07
-8.25961e-07  5.14285e-07 -2.48105e-07
 8.78719e-07 -2.48105e-07  8.63003e-06
 1.36268e-06  -8.3395e-07  8.68919e-07
 -8.3395e-07  5.21679e-07 -2.29847e-07
 8.68919e-07 -2.29847e-07  8.61448e-06
 1.32177e-06 -7.98869e-07  1.09723e-06
-7.98869e-07  4.86742e-07 -4.80942e-07
 1.09723e-06 -4.80942e-07  9.40144e-06
 3.59595e-06 -2.03034e-06 -2.24314e-07
-2.03034e-06  1.15359e-06  3.16243e-07
-2.24314e-07  3.16243e-07  5.15999e-06
 1.02041e-06 -5.78483e-07  6.45785e-07
-5.78483e-07  3.29623e-07 -2.80971e-07
 6.45785e-07 -2.80971e-07   4.7583e-06
 1.31062e-06 -7.52627e-07   1.6189e-06
-7.52627e-07  4.32261e-07 -9.06276e-07
  1.6189e-06 -9.06276e-07  1.06594e-05
 1.19538e-06 -6.49511e-07  1.58015e-06
-6.49511e-07  3.52915e-07 -8.61362e-07
 1.58015e-06 -8.61362e-07  1.04786e-05
 1.22318e-06 -6.33958e-07  1.75148e-06
-6.33958e-07  3.39728e-07 -6.10068e-07
 1.75148e-06 -6.10068e-07  1.04627e-05
 1.26978e-06 -7.22013e-07  1.51838e-06
-7.22013e-07  4.10909e-07 -8.07453e-07
 1.51838e-06 -8.07453e-07  1.04451e-05
 1.15447e-06  -6.2823e-07  1.48759e-06
 -6.2823e-07  3.41867e-07 -8.14493e-07
 1.48759e-06 -8.14493e-07  1.03298e-05
 1.15106e-06 -6.28733e-07  1.46159e-06
-6.28733e-07   3.4344e-07 -8.09201e-07
 1.46159e-06 -8.09201e-07  1.02827e-05
 1.33793e-06 -7.77172e-07  1.74959e-06
-7.77172e-07  4.52843e-07 -1.12313e-06
 1.74959e-06 -1.12313e-06  1.04411e-05
 1.17963e-06 -6.10539e-07  1.65909e-06
-6.10539e-07  3.27525e-07 -5.55872e-07
 1.65909e-06 -5.55872e-07  1.02978e-05
 1.33561e-06 -7.72919e-07  1.77709e-06
-7.72919e-07  4.48433e-07 -1.12483e-06
 1.77709e-06 -1.12483e-06  1.05009e-05
 4.02109e-06  -2.3749e-06  1.47743e-06
 -2.3749e-06  1.41542e-06 -5.14826e-07
 1.47743e-06 -5.14826e-07  1.06016e-05
 1.21993e-06 -7.02067e-07  1.38933e-06
-7.02067e-07  4.04177e-07 -7.64906e-07
 1.38933e-06 -7.64906e-07  1.02289e-05
 1.33473e-06 -7.79591e-07   1.7115e-06
-7.79591e-07  4.57044e-07 -1.11727e-06
  1.7115e-06 -1.11727e-06  1.03317e-05
 1.35049e-06 -8.01752e-07  1.44226e-06
-8.01752e-07  4.77289e-07 -7.48327e-07
 1.44226e-06 -7.48327e-07   1.0426e-05
 1.40145e-06 -8.25656e-07  1.53344e-06
-8.25656e-07  4.87857e-07 -7.90915e-07
 1.53344e-06 -7.90915e-07  1.05549e-05
 1.39413e-06 -8.27371e-07  1.55859e-06
-8.27371e-07  4.92056e-07  -8.2906e-07
 1.55859e-06  -8.2906e-07  1.05995e-05
 1.30109e-06    -5.79e-07  1.41207e-06
   -5.79e-07  2.93814e-07 -6.79715e-08
 1.41207e-06 -6.79715e-08  1.03265e-05
 1.30984e-06 -5.74926e-07  1.39332e-06
-5.74926e-07  2.93666e-07 -1.31004e-08
 1.39332e-06 -1.31004e-08  1.02499e-05
 1.29198e-06 -5.85572e-07  1.42472e-06
-5.85572e-07  2.97494e-07 -1.16474e-07
 1.42472e-06 -1.16474e-07  1.04181e-05
 9.58242e-07 -5.35359e-07  1.02429e-07
-5.35359e-07   3.0086e-07 -1.30074e-08
 1.02429e-07 -1.30074e-08  1.15656e-06
 4.25995e-06 -2.29534e-06  1.60515e-06
-2.29534e-06  1.24778e-06 -1.19868e-06
 1.60515e-06 -1.19868e-06  1.07258e-05
 3.58313e-06 -1.79396e-06 -5.36577e-07
-1.79396e-06  9.00057e-07   2.2023e-07
-5.36577e-07   2.2023e-07  1.33171e-06
 3.79327e-06 -1.95008e-06  3.21014e-07
-1.95008e-06  1.01935e-06  1.08182e-07
 3.21014e-07  1.08182e-07  4.49193e-06
  4.1905e-06 -2.26167e-06  1.46918e-06
-2.26167e-06  1.23428e-06 -1.16138e-06
 1.46918e-06 -1.16138e-06  1.04807e-05
  7.8983e-06 -3.91829e-06 -1.62051e-06
-3.91829e-06  1.94576e-06  7.54942e-07
-1.62051e-06  7.54942e-07  1.57625e-06
 3.55029e-06  -1.7677e-06 -5.70469e-07
 -1.7677e-06  8.82257e-07  2.33172e-07
-5.70469e-07  2.33172e-07  1.31473e-06
 4.16492e-06 -1.85295e-06  5.40729e-07
-1.85295e-06  8.29867e-07 -8.26113e-08
 5.40729e-07 -8.26113e-08  4.67357e-06
  3.7449e-06 -1.91434e-06  2.75037e-07
-1.91434e-06   9.9492e-07  1.26697e-07
 2.75037e-07  1.26697e-07  4.42897e-06
   4.138e-06  -1.8345e-06  5.61511e-07
 -1.8345e-06  8.19289e-07 -8.31591e-08
 5.61511e-07 -8.31591e-08  4.72032e-06
 9.48978e-06 -4.36535e-06  1.29797e-06
-4.36535e-06  2.07409e-06  2.11316e-07
 1.29797e-06  2.11316e-07  1.01183e-05
 4.12913e-06 -2.21387e-06  1.32687e-06
-2.21387e-06  1.20191e-06 -1.09463e-06
 1.32687e-06 -1.09463e-06  1.02673e-05
 1.37292e-06 -5.47491e-07  1.08578e-06
-5.47491e-07  2.21078e-07  -3.3307e-07
 1.08578e-06  -3.3307e-07  4.55912e-06
 1.49219e-06 -9.19599e-07  1.92937e-06
-9.19599e-07   5.7315e-07 -1.41391e-06
 1.92937e-06 -1.41391e-06  1.03664e-05
 1.53588e-06 -9.44831e-07  2.01683e-06
-9.44831e-07  5.86755e-07 -1.44919e-06
 2.01683e-06 -1.44919e-06  1.05198e-05
 1.53832e-06 -9.40618e-07  2.05556e-06
-9.40618e-07  5.79928e-07  -1.4505e-06
 2.05556e-06  -1.4505e-06  1.05878e-05
1.31274e-06 -7.1885e-07 2.61471e-07
-7.1885e-07 1.06818e-06 2.08028e-06
2.61471e-07 2.08028e-06 7.38346e-06
 1.26945e-06 -5.17787e-07   6.2071e-07
-5.17787e-07  5.92135e-07  1.48307e-06
  6.2071e-07  1.48307e-06  8.21696e-06
 1.22762e-06 -5.52272e-07   5.7726e-07
-5.52272e-07  6.34558e-07  1.50183e-06
  5.7726e-07  1.50183e-06  8.30799e-06
  1.3134e-06 -7.23133e-07   2.6758e-07
-7.23133e-07  1.05289e-06   2.0458e-06
  2.6758e-07   2.0458e-06   7.4028e-06
 1.26469e-06 -5.25313e-07  6.34808e-07
-5.25313e-07  5.60624e-07   1.3912e-06
 6.34808e-07   1.3912e-06  8.31647e-06
 1.22728e-06 -5.53983e-07  5.84637e-07
-5.53983e-07  6.22824e-07  1.46639e-06
 5.84637e-07  1.46639e-06  8.31013e-06
 1.22714e-06 -5.58325e-07  5.85157e-07
-5.58325e-07  5.97926e-07  1.40376e-06
 5.85157e-07  1.40376e-06  8.38865e-06
 1.11131e-06 -4.17819e-07  4.33053e-07
-4.17819e-07  6.75602e-07  1.87695e-06
 4.33053e-07  1.87695e-06  8.19587e-06
 1.31679e-06 -7.30554e-07  2.69681e-07
-7.30554e-07  1.04444e-06   2.0197e-06
 2.69681e-07   2.0197e-06  7.42064e-06
 1.11565e-06 -4.17853e-07  4.34754e-07
-4.17853e-07  7.15313e-07  1.93915e-06
 4.34754e-07  1.93915e-06  8.07925e-06
 1.10741e-06 -5.59585e-07  1.31211e-07
-5.59585e-07  1.19503e-06  2.51112e-06
 1.31211e-07  2.51112e-06  7.29938e-06
 1.26261e-06 -5.34619e-07  6.50361e-07
-5.34619e-07  5.27993e-07  1.28538e-06
 6.50361e-07  1.28538e-06  8.41121e-06
 1.10987e-06 -4.19949e-07  4.49158e-07
-4.19949e-07  6.48818e-07  1.81701e-06
 4.49158e-07  1.81701e-06  8.24427e-06
 1.11258e-06 -3.47184e-07  6.58076e-07
-3.47184e-07  4.28308e-07  1.45772e-06
 6.58076e-07  1.45772e-06  9.03577e-06
   1.277e-06 -4.70305e-07  9.13305e-07
-4.70305e-07  3.57875e-07  9.25308e-07
 9.13305e-07  9.25308e-07  9.27352e-06
 1.30495e-06 -5.00337e-07  6.93296e-07
-5.00337e-07  4.92831e-07   1.2823e-06
 6.93296e-07   1.2823e-06  8.33089e-06
 1.27444e-06 -4.59821e-07  9.14965e-07
-4.59821e-07  3.70116e-07  9.92255e-07
 9.14965e-07  9.92255e-07  9.22054e-06
 1.30155e-06 -4.86871e-07  6.99461e-07
-4.86871e-07  5.06016e-07  1.33955e-06
 6.99461e-07  1.33955e-06  8.29161e-06
 1.30902e-06 -4.88852e-07  6.80218e-07
-4.88852e-07  5.21106e-07  1.37937e-06
 6.80218e-07  1.37937e-06  8.23419e-06
 1.26838e-06 -4.43536e-07   9.1341e-07
-4.43536e-07  3.80955e-07  1.06811e-06
  9.1341e-07  1.06811e-06  9.18231e-06
 9.59133e-07 -4.49503e-07  3.29846e-08
-4.49503e-07  1.43061e-06  2.95301e-06
 3.29846e-08  2.95301e-06  7.22589e-06
 9.65264e-07 -3.07951e-07  2.51529e-07
-3.07951e-07   9.0459e-07  2.45255e-06
 2.51529e-07  2.45255e-06  8.02127e-06
 9.05817e-07 -3.23383e-07  2.01747e-07
-3.23383e-07  9.26084e-07  2.49025e-06
 2.01747e-07  2.49025e-06  8.14381e-06
 9.52937e-07 -4.55735e-07  2.57904e-08
-4.55735e-07  1.41065e-06  2.92739e-06
 2.57904e-08  2.92739e-06  7.24793e-06
 9.59302e-07 -3.08242e-07  2.61674e-07
-3.08242e-07  8.35673e-07  2.35344e-06
 2.61674e-07  2.35344e-06   8.1372e-06
 9.02624e-07 -3.25584e-07  2.05873e-07
-3.25584e-07  9.12117e-07  2.46387e-06
 2.05873e-07  2.46387e-06  8.15355e-06
9.04882e-07 -3.2616e-07 2.03248e-07
-3.2616e-07 8.42644e-07 2.36265e-06
2.03248e-07 2.36265e-06  8.2291e-06
 7.90306e-07 -2.90987e-07 -6.16504e-09
-2.90987e-07  9.85506e-07  2.65117e-06
-6.16504e-09  2.65117e-06  7.98882e-06
 9.59458e-07 -4.57286e-07  1.68678e-08
-4.57286e-07  1.38545e-06  2.90237e-06
 1.68678e-08  2.90237e-06   7.2571e-06
 7.94305e-07 -2.98403e-07 -1.93623e-08
-2.98403e-07  1.06034e-06  2.74252e-06
-1.93623e-08  2.74252e-06  7.89092e-06
 7.89223e-07 -4.15311e-07 -1.62767e-07
-4.15311e-07  1.61566e-06  3.23425e-06
-1.62767e-07  3.23425e-06  7.13058e-06
 9.47662e-07 -3.10887e-07  2.73959e-07
-3.10887e-07  7.54033e-07  2.21426e-06
 2.73959e-07  2.21426e-06  8.22138e-06
 7.90499e-07 -2.87786e-07  6.06824e-09
-2.87786e-07  9.12817e-07  2.54931e-06
 6.06824e-09  2.54931e-06  8.05745e-06
 7.98123e-07 -2.38141e-07  7.92283e-08
-2.38141e-07  6.01465e-07  2.12468e-06
 7.92283e-08  2.12468e-06  8.71041e-06
  9.8035e-07 -2.62241e-07  4.29523e-07
-2.62241e-07  4.82971e-07   1.7928e-06
 4.29523e-07   1.7928e-06  9.00531e-06
 1.00951e-06 -2.89352e-07  3.36768e-07
-2.89352e-07  7.49822e-07  2.21449e-06
 3.36768e-07  2.21449e-06  8.12087e-06
9.91275e-07 -2.5671e-07 4.38728e-07
-2.5671e-07 5.11919e-07 1.86178e-06
4.38728e-07 1.86178e-06 8.95575e-06
 1.01423e-06 -2.90626e-07   3.2596e-07
-2.90626e-07  7.74772e-07  2.25687e-06
  3.2596e-07  2.25687e-06  8.09296e-06
 1.01272e-06 -2.94438e-07  3.09713e-07
-2.94438e-07  8.20545e-07  2.32618e-06
 3.09713e-07  2.32618e-06  8.03845e-06
 9.88633e-07 -2.54288e-07  4.49563e-07
-2.54288e-07   5.4857e-07  1.93333e-06
 4.49563e-07  1.93333e-06  8.89471e-06
  3.1034e-06 -1.13832e-06 -1.50938e-06
-1.13832e-06  5.09736e-07  1.20761e-06
-1.50938e-06  1.20761e-06  5.37358e-06
  3.2896e-06 -1.16518e-06  -1.2926e-06
-1.16518e-06  5.07011e-07  1.13073e-06
 -1.2926e-06  1.13073e-06  5.30949e-06
 9.59687e-07 -2.33979e-07  6.37636e-07
-2.33979e-07  2.80451e-07  1.30352e-06
 6.37636e-07  1.30352e-06  9.95174e-06
 9.79786e-07 -1.98833e-07  7.17646e-07
-1.98833e-07  2.82354e-07  1.35657e-06
 7.17646e-07  1.35657e-06  9.85033e-06
  3.2878e-06 -1.17553e-06 -1.29627e-06
-1.17553e-06  5.23455e-07  1.16621e-06
-1.29627e-06  1.16621e-06  5.29858e-06
 9.71054e-07 -2.16602e-07  6.37287e-07
-2.16602e-07  3.07263e-07  1.42393e-06
 6.37287e-07  1.42393e-06  9.88968e-06
 9.79621e-07 -1.91403e-07  7.14583e-07
-1.91403e-07  2.93492e-07  1.40308e-06
 7.14583e-07  1.40308e-06  9.81436e-06
 9.83634e-07 -1.89444e-07  6.91123e-07
-1.89444e-07  3.05318e-07  1.44585e-06
 6.91123e-07  1.44585e-06  9.75949e-06
 1.10435e-06 -3.10082e-07  9.10969e-07
-3.10082e-07   2.5844e-07   1.0026e-06
 9.10969e-07   1.0026e-06  9.99818e-06
  3.2788e-06 -1.17849e-06 -1.29005e-06
-1.17849e-06  5.35769e-07   1.1964e-06
-1.29005e-06   1.1964e-06   5.2931e-06
  1.1001e-06 -3.19228e-07  9.33614e-07
-3.19228e-07  2.53261e-07  9.50438e-07
 9.33614e-07  9.50438e-07  1.00864e-05
 3.53294e-06 -1.50327e-06 -8.71948e-07
-1.50327e-06  6.90038e-07   8.7827e-07
-8.71948e-07   8.7827e-07  5.32491e-06
 9.73678e-07 -2.05308e-07  6.20385e-07
-2.05308e-07   3.4384e-07  1.54421e-06
 6.20385e-07  1.54421e-06  9.73052e-06
 1.11154e-06 -3.00259e-07  8.91372e-07
-3.00259e-07  2.71875e-07  1.08305e-06
 8.91372e-07  1.08305e-06  9.90761e-06
  9.6507e-07 -2.28845e-07  5.62395e-07
-2.28845e-07  3.41262e-07  1.52168e-06
 5.62395e-07  1.52168e-06  9.87196e-06
 9.60022e-07 -2.36417e-07   5.3251e-07
-2.36417e-07  3.13496e-07   1.4381e-06
  5.3251e-07   1.4381e-06  9.94189e-06
 9.52455e-07 -2.44783e-07  5.58549e-07
-2.44783e-07  3.02299e-07  1.37763e-06
 5.58549e-07  1.37763e-06  9.99378e-06
 7.92685e-07 -2.02291e-07  1.83824e-07
-2.02291e-07  3.50898e-07  1.64042e-06
 1.83824e-07  1.64042e-06  9.55727e-06
 7.98893e-07 -1.97312e-07  1.59804e-07
-1.97312e-07  3.67525e-07  1.69803e-06
 1.59804e-07  1.69803e-06  9.50258e-06
  7.8762e-07 -2.06497e-07  2.13301e-07
-2.06497e-07  3.46095e-07   1.6069e-06
 2.13301e-07   1.6069e-06  9.52965e-06
 3.58348e-06  -1.5761e-06 -6.52584e-07
 -1.5761e-06  7.37328e-07  7.58652e-07
-6.52584e-07  7.58652e-07  5.16064e-06
 1.23061e-06 -4.24009e-07   1.2362e-06
-4.24009e-07  2.29321e-07  4.43459e-07
  1.2362e-06  4.43459e-07  1.03235e-05
 1.21528e-06 -3.78153e-07  1.29563e-06
-3.78153e-07  2.04017e-07   4.7042e-07
 1.29563e-06   4.7042e-07  1.02191e-05
 3.56144e-06 -1.58155e-06 -6.35769e-07
-1.58155e-06  7.52456e-07  7.84714e-07
-6.35769e-07  7.84714e-07   5.1484e-06
 1.22815e-06 -4.01245e-07  1.21212e-06
-4.01245e-07   2.3465e-07  5.70481e-07
 1.21212e-06  5.70481e-07  1.02162e-05
 1.20827e-06 -3.62344e-07  1.29948e-06
-3.62344e-07  2.09742e-07  5.53364e-07
 1.29948e-06  5.53364e-07  1.01962e-05
 1.21552e-06 -3.54833e-07  1.27555e-06
-3.54833e-07  2.13275e-07  6.09469e-07
 1.27555e-06  6.09469e-07  1.01266e-05
 3.53346e-06   -1.551e-06 -6.40813e-07
  -1.551e-06  7.40932e-07  8.30601e-07
-6.40813e-07  8.30601e-07  5.13491e-06
 1.22957e-06 -3.78175e-07  1.19702e-06
-3.78175e-07  2.50244e-07   7.2522e-07
 1.19702e-06   7.2522e-07  1.00916e-05
 1.24439e-06 -4.27192e-07  1.13597e-06
-4.27192e-07  2.73647e-07  6.88124e-07
 1.13597e-06  6.88124e-07  1.01894e-05
 1.25025e-06 -4.45666e-07  1.13853e-06
-4.45666e-07  2.69696e-07   6.0399e-07
 1.13853e-06   6.0399e-07  1.02377e-05
 1.24538e-06 -4.52194e-07  1.15817e-06
-4.52194e-07  2.61959e-07  5.29757e-07
 1.15817e-06  5.29757e-07  1.03136e-05
 1.55332e-06 -3.35886e-06 -1.25158e-06
-3.35886e-06  1.08331e-05  6.67154e-06
-1.25158e-06  6.67154e-06  5.44379e-06
 1.44943e-06 -2.79641e-06 -8.15548e-07
-2.79641e-06  8.44667e-06  5.23786e-06
-8.15548e-07  5.23786e-06  4.88118e-06
 1.81406e-06 -2.58327e-06 -9.95117e-07
-2.58327e-06  5.14476e-06  4.16758e-06
-9.95117e-07  4.16758e-06  5.70592e-06
 1.42753e-06 -2.07871e-06 -8.81038e-07
-2.07871e-06  4.48696e-06  4.03378e-06
-8.81038e-07  4.03378e-06  5.72662e-06
 1.47763e-06 -2.81891e-06 -7.92867e-07
-2.81891e-06  8.47023e-06  5.21708e-06
-7.92867e-07  5.21708e-06   4.8856e-06
 1.83347e-06 -2.59325e-06 -1.00979e-06
-2.59325e-06   5.0819e-06  4.13117e-06
-1.00979e-06  4.13117e-06  5.72285e-06
 1.46944e-06 -2.09637e-06 -8.47916e-07
-2.09637e-06  4.49775e-06  4.02394e-06
-8.47916e-07  4.02394e-06  5.74488e-06
 1.45043e-06 -2.08045e-06  -8.7215e-07
-2.08045e-06  4.44461e-06  4.01577e-06
 -8.7215e-07  4.01577e-06  5.75833e-06
 1.65019e-06 -2.18649e-06 -6.75507e-07
-2.18649e-06  4.35791e-06  3.63454e-06
-6.75507e-07  3.63454e-06  5.41391e-06
 1.50689e-06 -2.82333e-06 -7.53019e-07
-2.82333e-06  8.47939e-06  5.19602e-06
-7.53019e-07  5.19602e-06   4.8908e-06
  1.6563e-06 -2.19876e-06 -6.51153e-07
-2.19876e-06  4.41144e-06  3.62549e-06
-6.51153e-07  3.62549e-06  5.36375e-06
  1.3778e-06 -2.37858e-06 -5.29238e-07
-2.37858e-06  7.24779e-06  4.61404e-06
-5.29238e-07  4.61404e-06  4.57865e-06
 1.85882e-06 -2.60844e-06  -1.0227e-06
