        -nan         -nan         -nan
        -nan         -nan         -nan
        -nan         -nan         -nan
    0.999281    0.0377049   0.00387106
  -0.0378613     0.997755    0.0552376
 -0.00177964   -0.0553445     0.998466
    0.999509    0.0313277   0.00115529
   -0.031345     0.998115    0.0527635
 0.000499844   -0.0527738     0.998606
    0.999676    0.0253492  -0.00242244
  -0.0252162     0.998689    0.0445559
  0.00354872   -0.0444803     0.999004
    0.999912    0.0124031  -0.00465213
  -0.0122314     0.999303    0.0352702
  0.00508634   -0.0352102     0.999367
    0.999982   0.00383048   -0.0046718
 -0.00370163     0.999621    0.0272842
  0.00477454   -0.0272664     0.999617
    0.999982   0.00364877  -0.00466416
  -0.0035073     0.999544    0.0299872
  0.00477145   -0.0299703     0.999539
    0.999987  -0.00331695  -0.00393188
  0.00340846     0.999718     0.023501
  0.00385282   -0.0235141     0.999716
    0.999988   -0.0025018   -0.0043008
  0.00259415     0.999763     0.021603
  0.00424574   -0.0216139     0.999757
    0.999956  -0.00898076    -0.002709
  0.00902966     0.999786    0.0186123
  0.00254127   -0.0186359     0.999823
    0.999957  -0.00838954  -0.00382514
  0.00845486     0.999813    0.0173919
  0.00367852   -0.0174235     0.999841
    0.999896   -0.0143077  -0.00157501
   0.0143299     0.999783    0.0151077
  0.00135852   -0.0151287     0.999885
    0.999928    -0.011385  -0.00375917
   0.0114434     0.999808    0.0159161
  0.00357724    -0.015958     0.999866
    0.999551    0.0299572 -4.99191e-05
  -0.0299302     0.998719    0.0408042
  0.00127224   -0.0407844     0.999167
    0.999885    0.0150872  -0.00178818
   -0.015023     0.999385    0.0316746
  0.00226496   -0.0316441     0.999497
    0.999785    0.0206443  -0.00216983
  -0.0205575     0.999196     0.034413
  0.00287852    -0.034361     0.999405
    0.999975   0.00605919  -0.00373611
 -0.00596696     0.999689    0.0242225
  0.00388171   -0.0241996       0.9997
    0.999996 -0.000416655  -0.00288441
 0.000478523     0.999769    0.0214819
  0.00287479   -0.0214832     0.999765
    0.999916    0.0123246  -0.00411672
  -0.0122071     0.999549    0.0274448
  0.00445311   -0.0273923     0.999615
    0.999963  -0.00728839  -0.00447013
   0.0073532     0.999866    0.0146588
  0.00436269   -0.0146911     0.999883
    0.999986 -0.000690485  -0.00515073
 0.000781958     0.999842    0.0177783
  0.00513764    -0.017782     0.999829
    0.999925   -0.0109661  -0.00545622
   0.0110213     0.999887    0.0101789
  0.00534398   -0.0102382     0.999933
    0.999892   -0.0143236  -0.00317109
   0.0143601     0.999827    0.0117921
  0.00300164   -0.0118363     0.999925
    0.999832    -0.017767  -0.00456101
   0.0177992     0.999816   0.00712905
  0.00443351  -0.00720903     0.999964
    0.999699   -0.0243486  -0.00307181
   0.0243624     0.999693   0.00452895
  0.00296059  -0.00460242     0.999985
    0.999972   0.00519443  -0.00533867
 -0.00507818     0.999755    0.0215633
  0.00544937   -0.0215356     0.999753
     0.99997  -0.00504514  -0.00579411
  0.00512416     0.999893    0.0137051
  0.00572435   -0.0137344     0.999889
    0.999983  -9.5033e-05  -0.00586483
 0.000199594     0.999841    0.0178304
   0.0058622   -0.0178312     0.999824
    0.999937   0.00987788  -0.00540078
 -0.00973625     0.999624    0.0256493
   0.0056521   -0.0255951     0.999656
    0.999838    0.0174839  -0.00418699
  -0.0173463     0.999372      0.03091
  0.00472479   -0.0308324     0.999513
    0.999766    0.0212391   -0.0041122
  -0.0210847     0.999182    0.0345205
  0.00484202   -0.0344258     0.999396
    0.999556    0.0297056  -0.00226649
  -0.0295914     0.998763    0.0399568
  0.00345063    -0.039872     0.999199
    0.999667    0.0256865  -0.00235884
  -0.0255814     0.998983    0.0371202
  0.00330994   -0.0370475     0.999308
    0.999315    0.0370189 -4.21108e-05
  -0.0369789     0.998286    0.0453642
  0.00172137   -0.0453316     0.998971
    0.999469    0.0325177   -0.0018612
  -0.0324079     0.998552    0.0429331
  0.00325459     -0.04285     0.999076
    0.999194    0.0401295  0.000287549
  -0.0400986     0.998088    0.0470394
  0.00160067    -0.047013     0.998893
    0.999161     0.040938   0.00130015
  -0.0409523     0.997942    0.0493367
 0.000722272   -0.0493486     0.998781
    0.999427    0.0338433 -0.000211559
  -0.0338025     0.998491    0.0432765
  0.00167586   -0.0432446     0.999063
    0.999536     -0.03031  -0.00302334
   0.0303111      0.99954  0.000313401
  0.00301245 -0.000404896     0.999995
    0.999698    -0.024172  -0.00447957
   0.0241842     0.999704   0.00267729
  0.00441353  -0.00278481     0.999986
    0.999556   -0.0294422   -0.0045517
   0.0294441     0.999566  0.000355843
  0.00453924 -0.000489706      0.99999
    0.999388    -0.034843  -0.00320766
   0.0348377     0.999392   -0.0016903
   0.0032646   0.00157752     0.999993
    0.999709   -0.0235378  -0.00529653
   0.0235527     0.999719    0.0027691
  0.00522986  -0.00289304     0.999982
    0.999433   -0.0333113  -0.00481295
   0.0333121     0.999445  8.78969e-05
  0.00480735 -0.000248176     0.999988
    0.999595    -0.027927  -0.00542086
   0.0279388     0.999607    0.0021131
  0.00535972   -0.0022637     0.999983
    0.999496   -0.0312357  -0.00568531
   0.0312534     0.999507   0.00305133
   0.0055872  -0.00322748     0.999979
    0.999278   -0.0378256  -0.00357694
   0.0378199     0.999283  -0.00164475
  0.00363659   0.00150828     0.999992
    0.999336   -0.0360734  -0.00516798
    0.036081     0.999348   0.00139861
  0.00511416  -0.00158415     0.999986
    0.999215   -0.0394015   -0.0040603
   0.0394015     0.999223 -9.45057e-05
  0.00406087 -6.55503e-05     0.999992
    0.999729   -0.0226453  -0.00546439
   0.0226701     0.999733   0.00451266
  0.00536074  -0.00463531     0.999975
     0.99964   -0.0262357  -0.00554944
   0.0262633     0.999643   0.00494505
  0.00541772  -0.00508902     0.999972
    0.999748   -0.0218716  -0.00508861
   0.0219075     0.999735     0.007097
  0.00493204  -0.00720669     0.999962
    0.999823   -0.0180614  -0.00521074
   0.0180994     0.999809   0.00734009
  0.00507717   -0.0074331     0.999959
    0.999823   -0.0179708   -0.0054911
   0.0180018     0.999822   0.00564716
  0.00538864  -0.00574501     0.999969
      0.9999     -0.01307  -0.00541317
   0.0131191     0.999872   0.00913574
  0.00529307  -0.00920585     0.999944
    0.999912    -0.012027  -0.00560143
   0.0120757     0.999889   0.00875066
  0.00549556  -0.00881753     0.999946
    0.999827   -0.0178405  -0.00532924
   0.0178695     0.999825   0.00544615
  0.00523115  -0.00554044     0.999971
    0.999959  -0.00712176  -0.00565587
  0.00719281     0.999894    0.0126435
  0.00556523   -0.0126837     0.999904
    0.999961  -0.00772368  -0.00435928
  0.00779365     0.999837    0.0162684
  0.00423291   -0.0163018     0.999858
    0.999984  -0.00270298  -0.00506123
  0.00279876     0.999815    0.0190144
  0.00500889   -0.0190282     0.999806
    0.999974  -0.00514816  -0.00500316
  0.00522846     0.999856    0.0161707
  0.00491919   -0.0161964     0.999857
    0.999984    0.0028594  -0.00495621
 -0.00274093     0.999714    0.0237463
  0.00502269   -0.0237324     0.999706
    0.999984  0.000714678   -0.0056856
-0.000598784     0.999793    0.0203596
  0.00569897   -0.0203558     0.999777
    0.999957   0.00743146  -0.00557284
 -0.00728442     0.999636    0.0259579
  0.00576372   -0.0259162     0.999648
    0.999944   0.00943568  -0.00482358
  -0.0092862     0.999503    0.0301257
  0.00510543   -0.0300792     0.999534
    0.999979  -0.00284125  -0.00588363
  0.00293959     0.999855    0.0167726
  0.00583512   -0.0167895     0.999842
    0.999973   0.00394888   -0.0062485
 -0.00380927     0.999746    0.0221989
  0.00633458   -0.0221745     0.999734
    0.999944  -0.00895246  -0.00558709
   0.0090238     0.999876    0.0128773
  0.00547112    -0.012927     0.999901
    0.999887   -0.0141043  -0.00521814
   0.0141585     0.999845       0.0105
  0.00506923   -0.0105727     0.999931
    0.999934   -0.0104068  -0.00496412
   0.0104732     0.999853    0.0135459
  0.00482242    -0.013597     0.999896
    0.999878   -0.0148546  -0.00486795
   0.0149124     0.999816    0.0120568
  0.00468795   -0.0121279     0.999915
    0.999826   -0.0179449  -0.00501581
   0.0179922     0.999793    0.0095395
  0.00484358  -0.00962809     0.999942
    0.999917   -0.0121635  -0.00418484
    0.012222     0.999824    0.0142532
  0.00401073   -0.0143032      0.99989
    0.999785    0.0204169   -0.0036182
  -0.0202616     0.999044     0.038745
   0.0044058   -0.0386634     0.999243
    0.999492     0.031853  0.000518651
  -0.0318422     0.998387    0.0470012
 0.000979315   -0.0469938     0.998895
    0.999521    0.0309448 -0.000333647
  -0.0309013     0.998583    0.0433146
  0.00167354   -0.0432835     0.999061
    0.999253    0.0384208   0.00422699
  -0.0385895     0.997883    0.0523454
 -0.00220689   -0.0524694      0.99862
    0.999202     0.039681   0.00447156
  -0.0398522     0.998012    0.0488303
 -0.00252504   -0.0489695     0.998797
    0.998984    0.0443227   0.00816601
  -0.0446924     0.997611    0.0526797
  -0.0058116   -0.0529911     0.998578
    0.999088    0.0419784   0.00785532
   -0.042343     0.997636    0.0541327
 -0.00556434    -0.054416     0.998503
    0.999381    0.0351682 -0.000235979
  -0.0351214     0.998356     0.045287
  0.00182825   -0.0452507     0.998974
     0.99908    0.0426452   0.00442758
  -0.0428136     0.997826    0.0500945
 -0.00228167    -0.050238     0.998735
     0.99969     0.024631  -0.00355808
   -0.024478     0.998976    0.0380478
  0.00449159   -0.0379489      0.99927
    0.999893    0.0135545  -0.00556161
  -0.0133825     0.999464     0.029866
  0.00596345   -0.0297884     0.999538
    0.999808    0.0192622  -0.00365031
  -0.0191228     0.999204    0.0350041
  0.00432166   -0.0349276     0.999381
    0.999174     -0.04038  -0.00466046
   0.0403906     0.999182   0.00221398
  0.00456724  -0.00240039     0.999987
    0.999273   -0.0376895  -0.00567495
   0.0377102     0.999282   0.00358636
   0.0055357  -0.00379776     0.999977
    0.999235   -0.0386009  -0.00631565
   0.0386416     0.999232   0.00645689
  0.00606156    -0.006696     0.999959
     0.99915    -0.040857  -0.00541624
   0.0408852      0.99915   0.00520453
    0.005199  -0.00542156     0.999972
    0.999359   -0.0351723  -0.00664416
   0.0352217     0.999352   0.00746536
  0.00637728   -0.0076946      0.99995
    0.999209   -0.0391163  -0.00712334
   0.0391845     0.999185   0.00970233
  0.00673801  -0.00997378     0.999928
    0.999321   -0.0361107  -0.00733001
   0.0361861     0.999291    0.0104312
  0.00694813   -0.0106893     0.999919
    0.999287   -0.0368518  -0.00816155
   0.0369593     0.999226    0.0134415
   0.0076599   -0.0137335     0.999876
    0.999149   -0.0407457  -0.00638994
   0.0407994     0.999131   0.00849998
  0.00603805  -0.00875345     0.999943
    0.999201   -0.0391309  -0.00812046
   0.0392347     0.999145    0.0130451
  0.00760305   -0.0133533     0.999882
    0.999174   -0.0399271  -0.00753328
   0.0400155     0.999127    0.0119748
  0.00704859   -0.0122664       0.9999
    0.999446   -0.0325724  -0.00677839
   0.0326446     0.999408    0.0108233
  0.00642184   -0.0110386     0.999918
      0.9994   -0.0338081  -0.00753927
   0.0339065     0.999336    0.0133181
    0.007084   -0.0135658     0.999883
    0.999526   -0.0301509  -0.00625897
   0.0302293      0.99946    0.0128473
  0.00586824   -0.0130304     0.999898
    0.999569   -0.0288091   -0.0056568
   0.0288704     0.999522    0.0110541
  0.00533564   -0.0112127     0.999923
    0.999501   -0.0309613  -0.00626565
   0.0310132     0.999484   0.00836919
  0.00600329  -0.00855933     0.999945
    0.999622   -0.0269802  -0.00530746
   0.0270284     0.999592   0.00922547
  0.00505639  -0.00936543     0.999943
    0.999563   -0.0289761     -0.00583
   0.0290127     0.999559   0.00629506
  0.00564503  -0.00646145     0.999963
    0.999418   -0.0335433  -0.00614672
   0.0335736     0.999424    0.0048929
  0.00597906  -0.00509643     0.999969
    0.999681   -0.0247413  -0.00513331
   0.0247809     0.999663    0.0077937
  0.00493875  -0.00791842     0.999956
    0.999174    -0.039734  -0.00857096
   0.0398629     0.999086    0.0154309
  0.00794999   -0.0157598     0.999844
    0.999201   -0.0389091  -0.00917721
    0.039054     0.999106     0.016176
  0.00853962   -0.0165214     0.999827
    0.999217   -0.0382321   -0.0101393
   0.0384205     0.999079    0.0190872
  0.00940019   -0.0194618     0.999766
    0.999208    -0.038621  -0.00954288
   0.0387959     0.999069    0.0188779
  0.00880491   -0.0192332     0.999776
    0.999263   -0.0370518   -0.0100314
   0.0372332     0.999135    0.0185385
  0.00933579   -0.0188983     0.999778
    0.999262   -0.0368075   -0.0109932
   0.0370403     0.999076    0.0217769
   0.0101815    -0.022168     0.999702
    0.999268    -0.036695   -0.0108255
   0.0369115     0.999108    0.0205215
   0.0100628   -0.0209061     0.999731
    0.999308   -0.0353752   -0.0114953
   0.0356229     0.999121    0.0221054
   0.0107032   -0.0224996      0.99969
    0.999286   -0.0363354   -0.0103865
   0.0365593     0.999084    0.0222553
  0.00956832   -0.0226192     0.999698
    0.999337   -0.0345045   -0.0116355
   0.0347774     0.999104    0.0241243
   0.0107926   -0.0245129     0.999641
    0.999403   -0.0327751   -0.0108921
   0.0330432     0.999131    0.0254194
   0.0100495   -0.0257641     0.999618
    0.999339   -0.0349582  -0.00997546
   0.0351381     0.999212    0.0184673
  0.00932201   -0.0188056      0.99978
    0.999332    -0.034981   -0.0105478
   0.0351798     0.999195    0.0192921
  0.00986448   -0.0196503     0.999758
    0.999404   -0.0333212  -0.00905832
   0.0334619     0.999314    0.0158468
  0.00852408   -0.0161405     0.999833
    0.999428   -0.0327466  -0.00847076
    0.032878     0.999333     0.015866
  0.00794556   -0.0161354     0.999838
    0.999355   -0.0346898  -0.00929633
   0.0348461     0.999244    0.0172122
  0.00869222    -0.017525     0.999809
    0.999458   -0.0320039  -0.00776334
   0.0321207     0.999365    0.0154108
  0.00726521   -0.0156518     0.999851
     0.99938    -0.034184  -0.00844537
    0.034312     0.999291    0.0155064
  0.00790931   -0.0157865     0.999844
    0.999274   -0.0369889  -0.00914684
   0.0371337     0.999179    0.0162036
  0.00853998   -0.0165315     0.999827
    0.999489   -0.0311882  -0.00698062
   0.0312862     0.999407    0.0143973
  0.00652745   -0.0146083     0.999872
    0.999613   -0.0277224  -0.00247492
   0.0277284     0.999613   0.00242422
  0.00240676  -0.00249191     0.999994
    0.999668   -0.0256458  -0.00264772
   0.0256595     0.999657   0.00529347
  0.00251106  -0.00535965     0.999982
    0.999636   -0.0267541  -0.00360848
   0.0267817     0.999611   0.00783395
  0.00339749  -0.00792774     0.999963
    0.999676   -0.0251801   -0.0036362
   0.0252141     0.999636   0.00962627
  0.00339248  -0.00971483     0.999947
     0.99971   -0.0238915  -0.00289624
    0.023913     0.999685   0.00764742
  0.00271262  -0.00771446     0.999967
    0.999625   -0.0269852  -0.00461197
   0.0270369     0.999568    0.0115503
  0.00429829   -0.0116706     0.999923
    0.999716   -0.0235438   -0.0038063
   0.0235835     0.999664    0.0107377
  0.00355221   -0.0108244     0.999935
    0.999664   -0.0255408  -0.00449484
   0.0255932       0.9996    0.0120046
  0.00418643   -0.0121156     0.999918
      0.9997   -0.0240919  -0.00441523
   0.0241429     0.999638    0.0118949
  0.00412706   -0.0119979      0.99992
    0.999746   -0.0223436  -0.00308833
    0.022372     0.999704   0.00951008
  0.00287493  -0.00957675      0.99995
    0.999747   -0.0221524  -0.00389695
   0.0221955     0.999689     0.011405
  0.00364309   -0.0114886     0.999927
    0.999774   -0.0209804   -0.0033279
   0.0210153      0.99972    0.0108364
  0.00309961   -0.0109039     0.999936
    0.999589   -0.0281589  -0.00544275
   0.0282289     0.999514    0.0132256
  0.00506769   -0.0133738     0.999898
    0.999624   -0.0269515  -0.00506139
   0.0270126     0.999558    0.0124164
  0.00472451   -0.0125484      0.99991
    0.999551   -0.0293604  -0.00593252
   0.0294384     0.999475     0.013503
  0.00553295   -0.0136715     0.999891
    0.999514   -0.0304819  -0.00651063
   0.0305654     0.999446    0.0131454
  0.00610633    -0.013338     0.999892
    0.999582   -0.0284906  -0.00485973
   0.0285404     0.999538    0.0104866
  0.00455871   -0.0106209     0.999933
    0.999539   -0.0299197  -0.00513714
   0.0299643     0.999512   0.00883183
  0.00487039  -0.00898169     0.999948
     0.99948   -0.0314717  -0.00701369
   0.0315558     0.999427    0.0122265
  0.00662488   -0.0124415     0.999901
    0.999581    -0.028708  -0.00371705
   0.0287287     0.999571   0.00562076
   0.0035541  -0.00572519     0.999977
    0.999807   -0.0193164  -0.00356146
   0.0193576     0.999742    0.0119228
  0.00333024   -0.0119894     0.999923
    0.999781   -0.0205174  -0.00402426
   0.0205634     0.999719    0.0117577
   0.0037819   -0.0118379     0.999923
    0.999818   -0.0185707  -0.00430626
   0.0186221     0.999752     0.012225
  0.00407816    -0.012303     0.999916
    0.999844   -0.0173276  -0.00348408
    0.017372     0.999762     0.013161
  0.00325521   -0.0132195     0.999907
    0.999776   -0.0206698  -0.00446151
   0.0207186     0.999723    0.0111752
  0.00422928   -0.0112651     0.999928
    0.999865   -0.0158827  -0.00428034
   0.0159371     0.999789    0.0129872
  0.00407317   -0.0130536     0.999907
    0.999824   -0.0181817  -0.00472342
    0.018234      0.99977    0.0112679
  0.00451746    -0.011352     0.999925
    0.999886   -0.0146497  -0.00372984
    0.014702     0.999788    0.0144042
  0.00351804   -0.0144574     0.999889
    0.999764     -0.02118  -0.00480301
   0.0212248      0.99973   0.00947118
  0.00460111  -0.00957089     0.999944
    0.999711   -0.0235586  -0.00473624
   0.0236058      0.99967    0.0101632
  0.00449525    -0.010272     0.999937
     0.99967    -0.025249  -0.00477349
   0.0253014     0.999617    0.0112503
   0.0044876   -0.0113674     0.999925
    0.999735   -0.0226319  -0.00431636
   0.0226804     0.999676    0.0115396
   0.0040538   -0.0116345     0.999924
    0.999875   -0.0155665  -0.00291146
   0.0156069     0.999775    0.0143942
  0.00268673   -0.0144379     0.999892
    0.999838   -0.0177148  -0.00321325
   0.0177564     0.999752    0.0134295
  0.00297455   -0.0134844     0.999905
    0.999793   -0.0202499  -0.00219201
     0.02028     0.999686    0.0146986
  0.00189368     -0.01474      0.99989
    0.999805   -0.0194899  -0.00309029
   0.0195267     0.999733    0.0123447
  0.00284887   -0.0124026     0.999919
    0.999779    -0.020885  -0.00236123
   0.0209148     0.999692    0.0133849
  0.00208095   -0.0134314     0.999908
    0.999765   -0.0215851  -0.00202978
   0.0216075     0.999697    0.0117814
  0.00177487   -0.0118225     0.999929
    0.999768   -0.0213042  -0.00314885
   0.0213359     0.999718    0.0104076
  0.00292623   -0.0104724     0.999941
    0.999657   -0.0260645  -0.00241513
    0.026092     0.999586    0.0121415
  0.00209767   -0.0122004     0.999923
    0.999759    -0.021789  -0.00273665
   0.0218107     0.999729   0.00819153
  0.00255743  -0.00824924     0.999963
    0.999728   -0.0232226  -0.00219208
   0.0232348     0.999713   0.00575078
   0.0020579  -0.00580014     0.999981
     0.99972   -0.0235666  -0.00202193
   0.0235731     0.999717   0.00326142
  0.00194449  -0.00330817     0.999993
    0.999691   -0.0248021  -0.00173085
   0.0248067     0.999689   0.00269518
  0.00166347  -0.00273728     0.999995
    0.999694     -0.02472  -0.00100088
   0.0247198     0.999694 -0.000172702
  0.00100484  0.000147908     0.999999
    0.999661   -0.0260219 -0.000141046
   0.0260211     0.999652  -0.00430898
 0.000253125   0.00430385     0.999991
    0.999643   -0.0267073  -0.00116294
   0.0267065     0.999643 -0.000737062
  0.00118221  0.000705741     0.999999
     0.99968   -0.0252989 -0.000351668
   0.0252977     0.999675  -0.00307804
 0.000429425   0.00306816     0.999995
    0.999633   -0.0270834  0.000303784
   0.0270849     0.999603  -0.00772028
-9.45716e-05   0.00772567      0.99997
    0.999602   -0.0281418   0.00175045
   0.0281553      0.99957  -0.00824921
 -0.00151755   0.00829522     0.999964
    0.999607   -0.0280164  3.13064e-05
   0.0280164     0.999607 -0.000279162
 -2.3473e-05   0.00027993            1
     0.99969   -0.0248871  -0.00117653
   0.0248897     0.999688   0.00225898
  0.00111994  -0.00228756     0.999997
    0.999613   -0.0277272  -0.00216857
   0.0277424     0.999588   0.00731661
   0.0019648  -0.00737394     0.999971
    0.999709   -0.0240163  -0.00205836
   0.0240349     0.999665   0.00957779
  0.00182765  -0.00962448     0.999952
    0.999745   -0.0224726  -0.00240745
   0.0224883     0.999725   0.00669123
  0.00225642  -0.00674366     0.999975
    0.999506   -0.0314118 -0.000774966
   0.0314126     0.999506   0.00112682
 0.000739188  -0.00115061     0.999999
    0.999495    -0.031728   0.00199232
   0.0317452     0.999453  -0.00927293
 -0.00169702   0.00933149     0.999955
    0.999921    0.0119997   0.00386386
  -0.0119928     0.999926  -0.00181516
 -0.00388536   0.00176868     0.999991
    0.999939   0.00979291   0.00514844
 -0.00978436     0.999951  -0.00168302
 -0.00516467   0.00163254     0.999985
    0.999912    0.0118401   0.00605333
  -0.0118208     0.999925  -0.00320498
 -0.00609082   0.00313314     0.999977
    0.999932    0.0099975   0.00606973
 -0.00997635     0.999944   -0.0035054
 -0.00610444    0.0034446     0.999975
    0.999948   0.00867135   0.00528593
 -0.00865967      0.99996  -0.00222747
 -0.00530503   0.00218158     0.999984
    0.999912    0.0113717    0.0068512
   -0.011339     0.999924  -0.00480167
 -0.00690529   0.00472356     0.999965
    0.999941   0.00962631    0.0050753
 -0.00960311     0.999943  -0.00457548
 -0.00511906   0.00452647     0.999977
    0.999926    0.0106649    0.0057742
  -0.0106328     0.999928  -0.00556334
 -0.00583312   0.00550154     0.999968
    0.999929    0.0112828   0.00389345
  -0.0112564     0.999914   -0.0067314
 -0.00396906    0.0066871      0.99997
    0.999953   0.00870947   0.00436207
 -0.00869386     0.999956  -0.00358594
  -0.0043931   0.00354784     0.999984
    0.999938    0.0107015    0.0031817
  -0.0106819     0.999924  -0.00613724
 -0.00324714   0.00610287     0.999976
    0.999946    0.0101195   0.00238148
  -0.0101063     0.999934  -0.00550887
 -0.00243707   0.00548451     0.999982
    0.999912    0.0116847   0.00632012
   -0.011644     0.999911  -0.00643901
 -0.00639479   0.00636485     0.999959
    0.999918    0.0119814   0.00455324
  -0.0119486     0.999903  -0.00717521
 -0.00463876   0.00712022     0.999964
    0.999905     0.012822   0.00505571
  -0.0127844     0.999891  -0.00740142
 -0.00515006   0.00733608      0.99996
    0.999904    0.0129469   0.00499024
  -0.0129163     0.999898  -0.00612801
 -0.00506907   0.00606296     0.999969
    0.999898     0.012891   0.00615333
  -0.0128591     0.999904  -0.00519277
 -0.00621967   0.00511311     0.999968
    0.999879    0.0146498   0.00515502
  -0.0146218     0.999878  -0.00543732
 -0.00523404   0.00536129     0.999972
    0.999857    0.0156578    0.0064211
   -0.015624     0.999864  -0.00527149
 -0.00650276   0.00517041     0.999965
    0.999884    0.0138751   0.00634138
  -0.0138478     0.999895  -0.00433801
  -0.0064009   0.00424969      0.99997
     0.99983    0.0173811   0.00623252
  -0.0173481     0.999835  -0.00532558
 -0.00632406   0.00521655     0.999966
    0.999824    0.0176301   0.00635194
  -0.0175909     0.999826  -0.00617794
 -0.00645976   0.00606512     0.999961
    0.999787    0.0192865   0.00737317
  -0.0192368     0.999792  -0.00675261
 -0.00750187   0.00660934      0.99995
     0.99975    0.0207691   0.00827656
  -0.0207035     0.999754  -0.00794001
 -0.00843943   0.00776667     0.999934
    0.999875    0.0150134   0.00495184
  -0.0149952     0.999881  -0.00369007
 -0.00500665   0.00361535     0.999981
    0.999927    0.0121132  1.33416e-05
  -0.0121128     0.999898  -0.00761954
-0.000105638   0.00761882     0.999971
    0.999917    0.0128876  0.000907656
  -0.0128802     0.999887  -0.00769639
 -0.00100674   0.00768406      0.99997
      0.9999    0.0141069 -0.000935665
  -0.0141143     0.999865  -0.00846843
 0.000816076   0.00848079     0.999964
    0.999906    0.0135846  -0.00199844
  -0.0136022     0.999867  -0.00904785
  0.00187526   0.00907418     0.999957
    0.999896    0.0144032  0.000166602
  -0.0144014     0.999867  -0.00769967
-0.000277479   0.00769648      0.99997
    0.999895    0.0143486   -0.0019873
  -0.0143639     0.999865   -0.0079247
  0.00187332   0.00795241     0.999967
    0.999895    0.0144621  -0.00068642
  -0.0144662     0.999875  -0.00635732
 0.000594394   0.00636658      0.99998
    0.999905    0.0137781 -0.000518896
  -0.0137798     0.999899  -0.00337286
 0.000472372   0.00337969     0.999994
      0.9999    0.0137836  -0.00322266
   -0.013813     0.999861  -0.00929455
   0.0030941   0.00933813     0.999952
    0.999904     0.013717  -0.00204517
   -0.013729     0.999888  -0.00597322
  0.00196301   0.00600072      0.99998
     0.99991    0.0129657  -0.00341823
  -0.0129939     0.999881  -0.00835946
  0.00330944   0.00840313     0.999959
    0.999898    0.0142812  0.000611615
  -0.0142783     0.999888  -0.00445621
-0.000675186   0.00444702      0.99999
    0.999914    0.0130759   0.00108078
  -0.0130754     0.999914 -0.000480314
 -0.00108697  0.000466141     0.999999
    0.999927    0.0118254   0.00257827
  -0.0118319     0.999927   0.00251538
 -0.00254834   -0.0025457     0.999994
    0.999907    0.0134857   0.00189861
  -0.0134813     0.999906  -0.00229547
 -0.00192939   0.00226966     0.999996
    0.999897    0.0142815   0.00124797
  -0.0142729     0.999876  -0.00668743
 -0.00134332   0.00666893     0.999977
      0.9999    0.0139856   0.00224587
  -0.0139732     0.999888  -0.00542648
 -0.00232151   0.00539456     0.999983
    0.999908    0.0133128   0.00263648
  -0.0132927     0.999883  -0.00753006
 -0.00273642   0.00749432     0.999968
    0.999912    0.0131337   0.00179885
  -0.0131195     0.999884  -0.00768456
 -0.00189957   0.00766029     0.999969
      0.9999    0.0137004    0.0033927
   -0.013676     0.999881  -0.00709441
 -0.00348949    0.0070473     0.999969
    0.999958   0.00917949  0.000765304
 -0.00918236      0.99995   0.00383241
-0.000730086  -0.00383928     0.999992
    0.999928    0.0119898  0.000450916
  -0.0119891     0.999927   -0.0013533
-0.000467109   0.00134779     0.999999
    0.999935    0.0112668   0.00196293
  -0.0112646     0.999936  -0.00117384
 -0.00197603   0.00115166     0.999997
    0.999903    0.0138588   0.00123218
  -0.0138538     0.999896  -0.00396793
 -0.00128704   0.00395048     0.999991
     0.99991    0.0134376  0.000538042
  -0.0134364     0.999907  -0.00213214
-0.000566643   0.00212472     0.999998
    0.999907    0.0133819   0.00272451
  -0.0133693       0.9999  -0.00460686
 -0.00278589   0.00457001     0.999986
    0.999894    0.0144418   0.00173066
  -0.0144341     0.999886  -0.00439471
 -0.00179394   0.00436927     0.999989
    0.999894    0.0143974   0.00216767
  -0.0143851     0.999881  -0.00557027
 -0.00224761    0.0055385     0.999982
    0.999889    0.0146949   0.00227341
  -0.0146827     0.999878  -0.00527853
  -0.0023507   0.00524457     0.999983
    0.999886    0.0150856 -0.000310841
  -0.0150866     0.999881  -0.00331028
 0.000260866   0.00331459     0.999994
    0.999882    0.0153064   0.00145517
  -0.0152996     0.999872  -0.00457303
 -0.00152498   0.00455023     0.999988
    0.999867    0.0162936  -0.00115548
   -0.016297     0.999863  -0.00301696
  0.00110616   0.00303539     0.999995
    0.999895     0.014012   0.00377644
  -0.0139862     0.999879  -0.00676179
 -0.00387073   0.00670826      0.99997
    0.999902    0.0136564   0.00316174
  -0.0136369     0.999888   -0.0061092
 -0.00324482   0.00606549     0.999976
    0.999903    0.0136632   0.00277289
  -0.0136496     0.999895  -0.00485452
 -0.00283893    0.0048162     0.999984
    0.999917    0.0126165   0.00253635
  -0.0126133      0.99992  -0.00125862
 -0.00255202   0.00122652     0.999996
    0.999927    0.0117673   0.00256783
  -0.0117649      0.99993 -0.000965174
 -0.00257901  0.000934893     0.999996
    0.999949   0.00972201   0.00284093
 -0.00973532     0.999942   0.00471264
 -0.00279495  -0.00474005     0.999985
    0.999938    0.0107275   0.00308101
  -0.0107403     0.999934   0.00416395
 -0.00303614  -0.00419678     0.999987
    0.999956   0.00916565    0.0019871
 -0.00917447     0.999948   0.00447194
 -0.00194601  -0.00448997     0.999988
    0.999848    0.0173591  -0.00129348
   -0.017363     0.999844  -0.00314439
  0.00123869   0.00316638     0.999994
    0.999851    0.0169839   0.00293054
  -0.0169671      0.99984  -0.00565292
 -0.00302608   0.00560236      0.99998
    0.999801    0.0199437 -0.000459021
  -0.0199455     0.999793  -0.00409284
   0.0003773   0.00410118     0.999992
      0.9998    0.0197454  -0.00327779
  -0.0197564     0.999799  -0.00335114
  0.00321096   0.00341523     0.999989
    0.999812    0.0194082 -0.000518911
  -0.0194099     0.999805  -0.00371777
 0.000446655   0.00372715     0.999993
    0.999716    0.0230362  -0.00615247
  -0.0230488     0.999732  -0.00198619
  0.00610507   0.00212743     0.999979
    0.999747    0.0224859 -0.000484167
  -0.0224878     0.999738  -0.00421714
 0.000389214   0.00422697     0.999991
     0.99968    0.0252867  -0.00115316
  -0.0252927     0.999665  -0.00551066
  0.00101343   0.00553806     0.999984
    0.999714    0.0235204  -0.00427398
  -0.0235369     0.999716  -0.00385786
  0.00418203   0.00395735     0.999983
    0.999646     0.026551  -0.00155983
  -0.0265596     0.999631  -0.00574062
  0.00140684   0.00578002     0.999982
    0.999624    0.0268846  -0.00530932
  -0.0269083     0.999628  -0.00445829
  0.00518749   0.00459948     0.999976
    0.999774    0.0210355   0.00310653
  -0.0210178     0.999763  -0.00565342
 -0.00322472   0.00558685     0.999979
    0.999705    0.0238571   0.00445718
  -0.0238255     0.999691  -0.00702646
 -0.00462344   0.00691819     0.999965
    0.999851    0.0170613   0.00275997
  -0.0170476     0.999843  -0.00491053
 -0.00284331   0.00486275     0.999984
    0.999887    0.0145157   0.00385236
  -0.0144929     0.999878  -0.00587208
 -0.00393713   0.00581559     0.999975
    0.999865     0.016288   0.00195792
  -0.0162779     0.999855  -0.00504234
 -0.00203976   0.00500979     0.999985
    0.999937    0.0110417  -0.00220473
  -0.0110546     0.999921  -0.00594026
  0.00213897   0.00596425      0.99998
    0.999929    0.0119126 -0.000845198
  -0.0119148     0.999925  -0.00265971
 0.000813451   0.00266959     0.999996
    0.999961   0.00870556    0.0016614
 -0.00870901      0.99996   0.00207849
 -0.00164323  -0.00209287     0.999996
    0.999968    0.0079735  0.000207214
 -0.00797303     0.999966  -0.00220377
-0.000224778   0.00220205     0.999998
    0.999958   0.00851819   0.00337164
 -0.00854075     0.999941   0.00673459
 -0.00331407   -0.0067631     0.999972
    0.999976   0.00483076   0.00496373
 -0.00486928     0.999958   0.00777644
 -0.00492596  -0.00780043     0.999957
    0.999968   0.00426543   0.00672218
 -0.00435535       0.9999    0.0134192
 -0.00666427    -0.013448     0.999887
    0.999946  0.000288883    0.0104188
-0.000503352     0.999788     0.020588
  -0.0104107   -0.0205921     0.999734
    0.999985   0.00432546   0.00340809
 -0.00433365     0.999988   0.00239968
 -0.00339767  -0.00241442     0.999991
    0.999963   0.00104564   0.00856578
 -0.00116407     0.999904     0.013833
 -0.00855049   -0.0138424     0.999868
    0.999976   0.00106158   0.00680983
 -0.00111193     0.999972   0.00739508
 -0.00680178  -0.00740248     0.999949
     0.99996   0.00286332   0.00850041
 -0.00302544     0.999813    0.0191204
 -0.00844407   -0.0191453     0.999781
    0.999923  -0.00174346    0.0122627
   0.0014101     0.999631    0.0271411
  -0.0123055   -0.0271217     0.999556
    0.999892  -0.00469314    0.0139225
  0.00423089     0.999445    0.0330469
  -0.0140699   -0.0329844     0.999357
    0.999947  0.000263179    0.0102655
-0.000515257     0.999698    0.0245609
  -0.0102559   -0.0245649     0.999646
    0.999959   0.00742542    0.0051778
 -0.00748537     0.999904    0.0116568
 -0.00509075   -0.0116951     0.999919
    0.999963    0.0051154   0.00696382
 -0.00522887     0.999852    0.0163752
 -0.00687902    -0.016411     0.999842
    0.999936    0.0110082   0.00258057
  -0.0110209     0.999927   0.00493441
 -0.00252606  -0.00496254     0.999984
    0.999928    0.0119391  0.000804766
  -0.0119399     0.999928   0.00099389
-0.000792842  -0.00100343     0.999999
    0.999949   0.00908667   0.00431823
 -0.00912459     0.999919   0.00884499
 -0.00423751  -0.00888394     0.999952
    0.999944  -0.00242239    0.0102649
  0.00229388     0.999919    0.0125123
  -0.0102944   -0.0124881     0.999869
    0.999926  -0.00241477    0.0119162
  0.00217921     0.999803    0.0197414
  -0.0119615   -0.0197139     0.999734
    0.999874  -0.00498466    0.0150474
  0.00459821     0.999661    0.0256083
  -0.0151699   -0.0255359     0.999559
    0.999899  -0.00481029    0.0133517
  0.00457709     0.999837    0.0174419
  -0.0134335    -0.017379     0.999759
    0.999839  -0.00613642    0.0168896
  0.00556241     0.999412     0.033826
  -0.0170873   -0.0337266     0.999285
    0.999824  -0.00643071    0.0175962
  0.00588555     0.999506    0.0308601
   -0.017786   -0.0307511     0.999369
    0.999784   -0.0075491     0.019356
  0.00677509     0.999187    0.0397468
  -0.0196403   -0.0396071     0.999022
    0.999736  -0.00820417    0.0214676
  0.00723129      0.99896    0.0450099
  -0.0218145   -0.0448428     0.998756
    0.999859  -0.00581089    0.0157632
   0.0054645     0.999745    0.0219294
  -0.0158866   -0.0218402     0.999635
    0.999817  -0.00578219    0.0182305
   0.0051659      0.99942    0.0336731
  -0.0184146   -0.0335727     0.999267
     0.99983  -0.00584001    0.0175027
  0.00538349     0.999647    0.0260177
  -0.0176485    -0.025919     0.999508
    0.999729  -0.00983742    0.0210968
   0.0088169     0.998812    0.0479322
  -0.0215433   -0.0477333     0.998628
    0.999706  -0.00973408    0.0222226
  0.00856692     0.998609    0.0520257
  -0.0226981   -0.0518201     0.998398
    0.999604   -0.0139147    0.0244716
   0.0124132     0.998093    0.0604745
  -0.0252664   -0.0601467      0.99787
    0.999649   -0.0136672    0.0227004
   0.0124013     0.998409     0.055001
   -0.023416   -0.0547002     0.998228
    0.999786  -0.00868616    0.0187809
  0.00789581     0.999097     0.041755
  -0.0191266   -0.0415978     0.998951
    0.999718   -0.0121653    0.0204057
   0.0111608     0.998754    0.0486358
  -0.0209719   -0.0483943     0.998608
     0.99986  -0.00571299    0.0157363
  0.00516332     0.999383    0.0347522
  -0.0159251   -0.0346661     0.999272
    0.999897  -0.00358694    0.0138876
  0.00320515     0.999619    0.0274165
  -0.0139806   -0.0273692     0.999528
    0.999807  -0.00911415     0.017399
  0.00839101     0.999116    0.0411922
  -0.0177591   -0.0410383        0.999
    0.998808   -0.0428734    0.0233518
    0.041268     0.997008    0.0653624
  -0.0260842   -0.0643208     0.997588
    0.999067   -0.0374952     0.021442
    0.036167     0.997585    0.0592921
  -0.0236134   -0.0584612      0.99801
     0.99928   -0.0310933    0.0217563
   0.0297353     0.997744    0.0601835
  -0.0235785   -0.0594932      0.99795
    0.999448   -0.0268599    0.0195706
   0.0257819     0.998241     0.053394
  -0.0209703   -0.0528599     0.998382
    0.999294   -0.0321708    0.0194284
   0.0311075     0.998123    0.0527532
   -0.021089   -0.0521116     0.998419
     0.99957   -0.0212722     0.020179
   0.0201649      0.99836     0.053574
  -0.0212856    -0.053144      0.99836
    0.999619   -0.0217423    0.0170251
   0.0209395     0.998722    0.0459936
  -0.0180033   -0.0456195     0.998797
    0.999709    -0.016659    0.0174186
   0.0158456     0.998823    0.0458379
  -0.0181618   -0.0455485     0.998797
     0.99984   -0.0108939    0.0141969
    0.010356     0.999246    0.0374281
  -0.0145939   -0.0372751     0.999198
    0.999527   -0.0257303    0.0168147
   0.0249491      0.99867    0.0451236
  -0.0179534   -0.0446827      0.99884
    0.999789   -0.0151282     0.013907
   0.0145985     0.999192    0.0374336
  -0.0144621   -0.0372227     0.999202
    0.999742   -0.0181079     0.013697
   0.0175995     0.999183    0.0363708
  -0.0143444   -0.0361204     0.999244
    0.999768   -0.0122989     0.017695
   0.0114997      0.99894    0.0445774
  -0.0182244   -0.0443636     0.998849
    0.999869  -0.00743601    0.0144036
  0.00690928     0.999318    0.0362799
  -0.0146636   -0.0361756     0.999238
    0.999658   -0.0160155    0.0206573
    0.014917     0.998521     0.052277
   -0.021464    -0.051951     0.998419
    0.999582   -0.0176036    0.0229458
   0.0162242     0.998127    0.0589774
   -0.023941   -0.0585804     0.997996
    0.999461   -0.0239627    0.0224592
   0.0225707     0.997925    0.0603075
  -0.0238577   -0.0597681     0.997927
     0.99938   -0.0254885    0.0242944
   0.0238396     0.997541    0.0659027
  -0.0259144   -0.0652826      0.99753
    0.999542   -0.0180063    0.0243199
   0.0164068     0.997787     0.064439
  -0.0254264   -0.0640105     0.997625
    0.999119   -0.0346714    0.0236411
   0.0330446      0.99727    0.0660398
  -0.0258662   -0.0652004     0.997537
    0.999885   -0.0110029    0.0104164
    0.010713     0.999565    0.0274874
  -0.0107144   -0.0273726     0.999568
    0.999911  -0.00838161    0.0104096
  0.00808438     0.999568    0.0282744
   -0.010642   -0.0281877     0.999546
     0.99997  -0.00245529   0.00741159
  0.00231016     0.999807    0.0195272
 -0.00745811   -0.0195095     0.999782
    0.999966  -0.00406125   0.00711092
  0.00392614     0.999813    0.0189123
  -0.0071864   -0.0188837     0.999796
    0.999971  0.000555318   0.00755874
-0.000703086     0.999808    0.0195608
 -0.00754643   -0.0195655      0.99978
    0.999981   0.00430843   0.00431664
 -0.00435656     0.999928    0.0112026
 -0.00426806   -0.0112212     0.999928
    0.999972   0.00574786   0.00485199
 -0.00580338     0.999917    0.0115074
 -0.00478544   -0.0115353     0.999922
    0.999987   0.00359608   0.00369505
 -0.00363409      0.99994    0.0103326
 -0.00365767   -0.0103459      0.99994
    0.999959   0.00757012   0.00488602
 -0.00762275     0.999912    0.0108431
  -0.0048035   -0.0108799     0.999929
    0.999966   0.00307722   0.00759055
 -0.00321924     0.999819    0.0187697
 -0.00753142   -0.0187935     0.999795
     0.99994  -0.00192549    0.0108228
  0.00162747     0.999621    0.0274781
  -0.0108716   -0.0274589     0.999564
    0.999932  -0.00480158    0.0106498
  0.00449782     0.999588    0.0283653
  -0.0107816   -0.0283155     0.999541
    0.999992   0.00201725  -0.00356377
 -0.00200621     0.999993   0.00309724
  0.00356999  -0.00309006     0.999989
    0.999996   0.00161475  -0.00222969
 -0.00160708     0.999993   0.00343658
  0.00223522  -0.00343299     0.999992
    0.999999  0.000689993  -0.00104449
-0.000686211     0.999993   0.00361736
  0.00104698  -0.00361664     0.999993
    0.999999   0.00109504   -0.0010293
 -0.00109199     0.999995   0.00295884
  0.00103253  -0.00295772     0.999995
    0.999995   0.00210355  -0.00222311
 -0.00209695     0.999993   0.00296827
  0.00222934  -0.00296359     0.999993
           1  0.000894478 -0.000174451
-0.000894001     0.999996   0.00271638
  0.00017688  -0.00271622     0.999996
    0.999998   0.00159444  -0.00148033
 -0.00159171     0.999997   0.00183987
