   -0.109656    -0.913478     0.391834
    -0.96794   0.00851102    -0.251038
    0.225983      -0.4068    -0.885125
   -0.104103    -0.854637     0.508683
   -0.975486   -0.0119647    -0.219737
    0.193881    -0.519089     -0.83244
  -0.0975657    -0.878733     0.467235
   -0.980957   0.00568743    -0.194142
    0.167942    -0.477279    -0.862554
  -0.0875333    -0.883801     0.459601
   -0.985053   0.00808558     -0.17206
    0.148351    -0.467792    -0.871299
  -0.0766161    -0.888933     0.451585
   -0.988653   0.00903868    -0.149943
    0.129208    -0.457949    -0.879539
  -0.0665491     -0.89718     0.436623
   -0.992326    0.0138074    -0.122876
    0.104214     -0.44145    -0.891214
  -0.0769332    -0.908467    -0.410815
   -0.992094    0.0287781      0.12215
   0.0991467    -0.416965     0.903499
  -0.0656337    -0.890074    -0.451065
   -0.994832    0.0232734    0.0988315
   0.0774695    -0.455221     0.887002
  -0.0539411    -0.888021     0.456628
   -0.995273    0.0108271   -0.0965148
   0.0807632    -0.459676    -0.884407
  -0.0493135    -0.877829    -0.476429
   -0.997361    0.0178288    0.0703833
   0.0532903    -0.478643     0.876391
  -0.0455391    -0.901661     0.430039
   -0.996609    0.0114762   -0.0814742
   0.0685269    -0.432291    -0.899126
  -0.0338608    -0.913269    -0.405947
   -0.998694    0.0153735    0.0487169
   0.0382508    -0.407067     0.912597
  -0.0250284      -0.8934     0.448564
   -0.998555  0.000996555   -0.0537312
   0.0475564    -0.449261    -0.892134
   -0.129952    -0.721794     0.679799
   -0.970656     0.232519    0.0613304
    0.202334     0.651881      0.73083
   -0.123222    -0.748276     0.651843
   -0.975115     0.213285    0.0605062
    0.184304     0.628166     0.755936
   -0.123257    -0.601965    -0.788953
   -0.976247       0.2163   -0.0125179
    0.178186      0.76867    -0.614326
   -0.117599    -0.601784    -0.789954
   -0.979683     0.200435  -0.00684723
    0.162455     0.773099    -0.613128
   -0.117605    -0.752096     0.648475
   -0.978727     0.198331    0.0525251
    0.168117     0.628503     0.759421
   -0.118198    -0.910997    -0.395112
   -0.980392    0.0438808      0.19211
    0.157674    -0.410072     0.898321
    -0.11231    -0.542863    -0.832278
   -0.983009     0.183081    0.0132337
     0.14519     0.819622    -0.554201
   -0.112239    -0.932779    -0.342529
   -0.983444    0.0549206     0.172692
    0.142272    -0.356241     0.923499
     0.10491     0.975771    -0.192002
    0.986902   -0.0783598      0.14101
   -0.122548     0.204281     0.971211
   -0.111874    -0.436803    -0.892574
   -0.982067     0.185768    0.0321806
    0.151755     0.880167    -0.449752
   -0.107065    -0.584629    -0.804205
   -0.985844     0.167392   0.00955922
    0.129029     0.793845    -0.594275
   -0.106783    -0.623733    -0.774309
   -0.985112     0.171895  -0.00261321
     0.13473     0.762502    -0.632802
   -0.111124    -0.856041     0.504823
   -0.983894    0.0231996    -0.177239
    0.140012    -0.516388    -0.844832
   -0.102033    -0.869038     0.484109
   -0.987216     0.028555    -0.156809
     0.12245     -0.49392    -0.860842
  -0.0896133    -0.887763     0.451493
   -0.988769    0.0248602    -0.147371
    0.119606    -0.459628    -0.880021
   -0.102602    -0.874068     0.474845
    -0.98521    0.0234344    -0.169743
    0.137239    -0.485238    -0.863545
   -0.118149    -0.893475     0.433294
   -0.980432    0.0357708    -0.193579
    0.157459    -0.447687    -0.880218
   -0.109898    -0.880897     0.460373
   -0.981819    0.0240871    -0.188285
    0.154771    -0.472695    -0.867528
   -0.123991    -0.892066     0.434563
   -0.976592    0.0321294    -0.212689
     0.17577    -0.450762    -0.875168
   -0.125327    -0.877719    -0.462496
   -0.976467    0.0266564     0.214014
    0.175515    -0.478434     0.860404
   -0.130675    -0.879088    -0.458398
   -0.972768    0.0244116     0.230491
    0.191431    -0.476035     0.858339
   -0.116143    -0.857236     0.501654
   -0.977962    0.0104739     -0.20852
    0.173496    -0.514817    -0.839561
    -0.12987    -0.814743      0.56509
   -0.972086  -0.00769321    -0.234498
    0.195403    -0.579771    -0.791002
   -0.123983    -0.847171     0.516652
   -0.972396  9.36793e-06    -0.233335
     0.19767     -0.53132    -0.823787
    0.130644     0.276088    -0.952212
    0.971891      -0.2254    0.0679903
   -0.195857    -0.934329    -0.297775
   -0.101405    -0.524118    -0.845587
   -0.987613     0.155339    0.0221535
    0.119742     0.837359    -0.533378
    0.103143     0.638922    -0.762326
    0.988159    -0.153345   0.00517615
   -0.113592    -0.753833    -0.647173
   0.0964423    -0.522156     0.847379
    0.990631     0.133056   -0.0307566
  -0.0966894     0.842407     0.530097
  -0.0939188    -0.472791    -0.876155
   -0.990411     0.133928    0.0338962
    0.101316     0.870937    -0.480836
  -0.0939479     -0.99549   -0.0131958
   -0.991715    0.0924089    0.0892328
   0.0876109   -0.0214697     0.995923
  -0.0843169    -0.541138    -0.836696
   -0.993669     0.108224     0.030141
   0.0742404     0.833941    -0.546837
  -0.0860428     -0.90695    -0.412358
    -0.99377    0.0487034     0.100241
   0.0708307    -0.418414      0.90549
  -0.0768728    -0.530157    -0.844407
   -0.995894    0.0814443    0.0395294
   0.0478154     0.843979    -0.534241
   0.0831746     -0.53099     0.843286
    0.993341     0.111873   -0.0275318
   -0.079722     0.839961     0.536759
  -0.0744466    -0.532152    -0.843369
   -0.995928    0.0827939    0.0356718
    0.050843     0.842591    -0.536149
  -0.0710828    -0.394024    -0.916347
   -0.995936    0.0789727    0.0432988
   0.0553056     0.915701    -0.398037
  -0.0810517     -0.95005    -0.301389
   -0.994311    0.0561046     0.090542
   0.0691101    -0.307013     0.949193
  -0.0731534     -0.93288    -0.352681
   -0.996003    0.0501623    0.0739069
    0.051255    -0.356678      0.93282
  -0.0583166     -0.93654     0.345676
   -0.997363    0.0396717   -0.0607756
   0.0432052    -0.348309    -0.936384
  -0.0669075     -0.88243     0.465662
   -0.995756    0.0294941   -0.0871814
   0.0631972    -0.469518    -0.880658
  -0.0868887     -0.93433     0.345655
   -0.992221    0.0501134    -0.113959
   0.0891531    -0.352867    -0.931416
  -0.0782359    -0.879987      0.46851
   -0.993352    0.0290009    -0.111407
   0.0844497    -0.474111    -0.876406
  -0.0947885    -0.891529     0.442935
   -0.990042    0.0379072    -0.135571
    0.104075    -0.451375    -0.886244
    0.099539      0.97967    -0.174182
    0.989478   -0.0789819     0.121226
   -0.105004     0.184416     0.977223
  -0.0870368    -0.901668     0.423579
   -0.990569    0.0331666     -0.13294
    0.105819    -0.431154    -0.896051
  -0.0464231    -0.909347      0.41344
   -0.996975    0.0163534   -0.0759767
    0.062328    -0.415717    -0.907356
  -0.0587154    -0.894794     0.442601
   -0.994855    0.0157819    -0.100072
   0.0825583      -0.4462    -0.891117
  -0.0611035    -0.899565     0.432493
   -0.994589    0.0184003    -0.102246
   0.0840187      -0.4364    -0.895821
   -0.066503    -0.874071     0.481224
   -0.992786   0.00974369    -0.119501
   0.0997633      -0.4857    -0.868414
  -0.0728836    -0.877771     0.473504
    -0.99207    0.0150637    -0.124778
    0.102394    -0.478844    -0.871908
  -0.0817916     -0.88418      0.45993
   -0.988947    0.0147405    -0.147532
    0.123665    -0.466913    -0.875613
  -0.0759714    -0.863453     0.498676
   -0.989425   0.00330582    -0.145011
    0.123562    -0.504419    -0.854572
  -0.0789396    -0.879997     0.468374
   -0.991696    0.0214702    -0.126801
    0.101528    -0.474494    -0.874384
  -0.0852942    -0.885564     0.456619
   -0.988806    0.0189246    -0.148002
    0.122424    -0.464131    -0.877266
  -0.0758126    -0.913718     0.399214
   -0.993154    0.0335135    -0.111899
   0.0888653    -0.404964    -0.910004
  -0.0605595    -0.917489     0.393124
   -0.995796     0.028418   -0.0870761
   0.0687195    -0.396745    -0.915353
  -0.0500115     -0.89579     0.441654
   -0.996701    0.0164643   -0.0794693
   0.0639163    -0.444172    -0.893659
  -0.0372988    -0.917896     0.395065
   -0.998239    0.0159718   -0.0571365
   0.0461354      -0.3965    -0.916875
   -0.047689     -0.92873     0.367676
   -0.997766    0.0270547   -0.0610755
   0.0467753    -0.369767    -0.927946
  -0.0323407    -0.904471     0.425306
   -0.998416   0.00963571   -0.0554289
   0.0460358    -0.426425     -0.90335
   -0.088872    -0.888924     0.449351
   -0.985513    0.0130512    -0.169095
    0.144448    -0.457869    -0.877206
   -0.101011    -0.868817     0.484721
   -0.980852   0.00542311    -0.194678
    0.166511    -0.495104    -0.852728
   -0.102205    -0.865181     0.490934
   -0.981393   0.00705383     -0.19188
    0.162548     -0.50141    -0.849804
   -0.105909    -0.840996     0.530574
   -0.976399   -0.0130452    -0.215578
    0.188222    -0.540884    -0.819767
   -0.109101    -0.871077     0.478876
   -0.976993   0.00515414    -0.213211
    0.183255    -0.491119    -0.851598
   -0.114228    -0.864065     0.490249
   -0.971795  -0.00529939    -0.235769
    0.206318    -0.503353    -0.839088
   -0.110193    -0.861348      0.49592
   -0.970324   -0.0148255    -0.241355
    0.215243    -0.507798    -0.834153
   -0.115523    -0.877258      0.46591
   -0.976142     0.013448    -0.216716
     0.18385     -0.47983    -0.857882
   -0.119535    -0.842248     0.525671
   -0.971452     -0.01006    -0.237023
     0.20492    -0.538997    -0.817001
   -0.110125    -0.871668     0.477564
   -0.980533    0.0166901    -0.195644
    0.162566    -0.489812    -0.856537
  -0.0984159    -0.856566     0.506566
   -0.985283    0.0123842     -0.17048
    0.139754    -0.515889    -0.845179
  -0.0927143    -0.872561     0.479627
   -0.985882    0.0129946    -0.166936
    0.139429    -0.488333    -0.861447
  -0.0581098    -0.334143    -0.940729
   -0.997889     0.046813    0.0450128
   0.0289976     0.941359    -0.336158
  -0.0627219    -0.500647    -0.863376
     -0.9977     0.053723    0.0413277
   0.0256925     0.863983    -0.502865
  -0.0455123    -0.330699    -0.942638
   -0.998963    0.0160268    0.0426092
   0.0010166       0.9436    -0.331086
  -0.0435598    -0.308906    -0.950094
   -0.999024    0.0204755    0.0391459
  0.00736122     0.950872    -0.309497
   0.0532436     0.659119    -0.750151
    0.998581   -0.0345272    0.0405392
 0.000819503    -0.751245    -0.660022
   0.0330425    -0.333396     0.942208
    0.999229  -0.00899464   -0.0382249
   0.0212188     0.942744     0.332841
   0.0396489    -0.442015     0.896131
    0.998992  -0.00135395   -0.0448677
   0.0210455     0.897007     0.441515
   0.0186311    -0.497904     0.867032
    0.998566   -0.0342655   -0.0411349
   0.0501905     0.866555     0.496552
   0.0290351    -0.387253     0.921516
    0.999399  -0.00622994    -0.034107
    0.018949     0.921952     0.386839
   0.0135923    -0.487653     0.872932
    0.998776    -0.034909   -0.0350533
    0.047567     0.872339     0.486582
  0.00713515    -0.612118     0.790734
    0.998912   -0.0320781   -0.0338458
   0.0460829     0.790115     0.611224
    0.040172     0.955621     0.291848
    0.998925   -0.0316512   -0.0338609
   0.0231208    -0.292895     0.955865
   0.0243147     0.991015    -0.131522
    0.998447   -0.0306697    -0.046511
   0.0501269     0.130187     0.990221
  -0.0240807    -0.958338    -0.284621
    -0.99865    0.0361658   -0.0372808
  -0.0460211    -0.283339     0.957915
  -0.0323737    -0.918013     0.395227
   -0.999111    0.0404085      0.01202
   -0.027005    -0.394487    -0.918505
   -0.049074    -0.835441     0.547385
   -0.998793    0.0421961   -0.0251422
 -0.00209265    -0.547958    -0.836503
  -0.0444836    -0.909404     0.413528
    -0.99901    0.0407955   -0.0177496
-0.000728518    -0.413908    -0.910319
  -0.0605947    -0.940677    -0.333849
   -0.997881    0.0491498    0.0426306
   0.0236931    -0.335725     0.941662
    0.064619     0.682998    -0.727556
    0.997643   -0.0610732    0.0312743
  -0.0230739    -0.727862    -0.685335
  -0.0544505    -0.910651     0.409574
   -0.998214    0.0395422   -0.0447883
    0.024591    -0.411281    -0.911177
  -0.0159698    -0.559417     0.828732
    0.996664   -0.0752557   -0.0315938
   0.0800409     0.825463     0.558753
  -0.0106087    -0.461027     0.887323
    0.996632   -0.0770395   -0.0281118
   0.0813192     0.884036     0.460291
  -0.0322661    -0.666409     0.744888
    0.993035    -0.105872   -0.0517029
    0.113318     0.738031     0.665184
  -0.0375564     0.497102    -0.866879
    0.993288      0.11354    0.0220755
      0.1094    -0.860231     -0.49803
  -0.0214033    -0.578529     0.815381
    0.993541    -0.103216   -0.0471541
    0.111441     0.809105     0.577001
   0.0556308     -0.24148     -0.96881
   -0.988368    -0.150873   -0.0191482
   -0.141543     0.958606    -0.247064
  -0.0459512     0.375985    -0.925486
    0.989175     0.146376    0.0103528
    0.139361    -0.914991    -0.378641
  -0.0690596    -0.501715     0.862272
     0.98443    -0.174318   -0.0225837
     0.16164     0.847287     0.505942
  -0.0637494     0.370684    -0.926569
    0.987107     0.160014  -0.00389928
    0.146818    -0.914871    -0.376105
   0.0777072     0.728947    -0.680145
   -0.982699     0.171045    0.0710434
   -0.168122    -0.662857    -0.729627
   0.0914216     0.953986    -0.285575
   -0.979882     0.137271     0.144874
   -0.177409    -0.266585    -0.947343
  -0.0355653    -0.499547     0.865557
    0.989965    -0.136139   -0.0378938
    0.136766     0.855523     0.499375
   -0.060099    -0.480048     0.875181
     0.98529    -0.169042   -0.0250612
    0.159973     0.860801     0.483146
  -0.0502052     0.558195     -0.82819
    0.986737     0.155889    0.0452522
    0.154366    -0.814934    -0.558618
  -0.0308187     0.512451    -0.858163
    0.991051     0.127226    0.0403822
    0.129875    -0.849239    -0.511786
  -0.0126788    -0.179168     0.983737
    0.994094    -0.108305  -0.00691334
    0.107782     0.977839     0.179483
   0.0110004     0.997538    0.0692646
   -0.994232     0.003521     0.107191
   -0.106684    0.0700443    -0.991823
  0.00488862     -0.80704    -0.590476
    0.996771   -0.0433917    0.0675586
   0.0801443       0.5889    -0.804223
 0.000675775    -0.578463     0.815708
    0.996653   -0.0662895   -0.0478352
   0.0817438      0.81301     0.576483
 -0.00515284     0.999911   -0.0122683
   -0.996714  -0.00612738   -0.0807716
  -0.0808396    0.0118118     0.996657
   0.0718319    -0.908948     0.410675
   -0.990273   -0.0157996     0.138241
   -0.119165    -0.416611    -0.901241
   0.0511013    -0.917866     0.393588
   -0.994343   -0.0100173     0.105739
  -0.0931117    -0.396765    -0.913185
   0.0406835    -0.909344     0.414051
   -0.993623   0.00679151     0.112546
   -0.105155     -0.41599    -0.903269
     0.02936    -0.932895     0.358951
   -0.995934    0.0032972    0.0900305
  -0.0851725    -0.360134    -0.929004
   0.0394879    -0.915216     0.401024
   -0.996312  -0.00546453    0.0856334
  -0.0761817    -0.402926    -0.912056
   0.0198229    -0.901162     0.433029
   -0.995873    0.0205699    0.0883957
  -0.0885662    -0.432995    -0.897035
   0.0198995    -0.912188     0.409287
   -0.997987   0.00653173    0.0630793
  -0.0602136    -0.409719    -0.910222
   0.0115217    -0.921158     0.389019
    -0.99773    0.0152253    0.0656021
  -0.0663528    -0.388892    -0.918891
  0.00279198    -0.929839     0.367957
   -0.999316    0.0109732    0.0353123
  -0.0368724    -0.367804    -0.929172
    0.029546    -0.929074     0.368712
   -0.998177  -0.00800107    0.0598258
  -0.0526325    -0.369807    -0.927616
   0.0126321    -0.911135     0.411915
   -0.999342   0.00250824    0.0361946
  -0.0340113    -0.412101    -0.910503
   0.0216049    -0.940518     0.339056
    -0.99947   -0.0120553    0.0302465
  -0.0243599     -0.33953     -0.94028
-0.000745757    -0.933612    -0.358285
   -0.997478    0.0261251       -0.066
  -0.0709787    -0.357332     0.931276
  -0.0135181    -0.963689    -0.266685
   -0.998947    0.0247124   -0.0386642
  -0.0438507    -0.265882     0.963008
   0.0170033    -0.930029    -0.367092
    -0.99477    0.0212455    -0.099902
   -0.100711    -0.366871     0.924804
   0.0341691    -0.869998      0.49187
   -0.991352    0.0328904     0.127042
   -0.126704    -0.491957     -0.86135
   0.0387129    -0.868746     0.493743
   -0.992069    0.0257175     0.123035
   -0.119584    -0.494591     -0.86086
   0.0583271    -0.825766     0.560988
   -0.987844    0.0333661     0.151823
   -0.144088    -0.563025    -0.813782
  -0.0484608    -0.898829     0.435613
    0.988495    0.0194028     0.150003
    0.143279    -0.437871    -0.887548
   0.0605727    -0.884337     0.462903
   -0.989787   0.00673961     0.142393
   -0.129043      -0.4668    -0.874897
  0.00779691    -0.900105     0.435603
   -0.999901  -0.00192907    0.0139112
  -0.0116813    -0.435668    -0.900032
  0.00189732    -0.923698     0.383116
   -0.999863   0.00454001    0.0158977
   -0.016424    -0.383094    -0.923563
   -0.010789    -0.927739     0.373073
   -0.999926   0.00791263  -0.00924028
  0.00562058    -0.373145    -0.927756
 -0.00670518    -0.928705      0.37076
   -0.999911   0.00195958   -0.0131749
    0.011509    -0.370815    -0.928635
  -0.0199169    -0.935329     0.353219
   -0.999789    0.0168467   -0.0117646
  0.00505318    -0.353379    -0.935467
  -0.0250222    -0.907389     0.419546
   -0.999317    0.0112829   -0.0351977
   0.0272043    -0.420141    -0.907051
  -0.0293458    -0.932935     0.358847
   -0.999245    0.0182299   -0.0343218
   0.0254783    -0.359583    -0.932765
  -0.0146696    -0.905199     0.424734
   -0.999623   0.00342341   -0.0272292
   0.0231938    -0.424973    -0.904909
  -0.0399954    -0.936165     0.349278
   -0.998943    0.0295447   -0.0351995
   0.0226332    -0.350317    -0.936358
  -0.0345352    -0.935253      0.35229
   -0.999403    0.0318424   -0.0134373
  0.00134952    -0.352544    -0.935794
   -0.023253    -0.948697     0.315329
   -0.999393    0.0302382    0.0172771
  -0.0259257    -0.314736    -0.948825
  -0.0128399    -0.927788     0.372886
   -0.999774    0.0182399    0.0109571
  -0.0169673    -0.372661    -0.927813
  -0.0208192     -0.90586     0.423065
   -0.999521   0.00917207   -0.0295476
   0.0228856    -0.423478    -0.905617
  -0.0109128    -0.934634    -0.355445
   -0.999928   0.00840226   0.00860593
  0.00505686    -0.355513     0.934658
  -0.0169271     -0.94668     -0.32173
   -0.999855    0.0154317   0.00719789
  0.00184926    -0.321806     0.946804
 0.000312872    -0.941187    -0.337885
   -0.999938   0.00347793   -0.0106138
  -0.0111647    -0.337867     0.941128
 -0.00167897    -0.963745    -0.266819
   -0.999846   0.00627435   -0.0163713
  -0.0174518     -0.26675     0.963608
   0.0156054    -0.986718    -0.161693
   -0.999359   -0.0101801   -0.0343272
  -0.0322252    -0.162125     0.986244
   0.0236463    -0.935391     0.352824
   -0.999134   -0.0100297     0.040372
  -0.0342249    -0.353473    -0.934818
  -0.0066504    -0.952317    -0.305037
    0.999357   -0.0170775    0.0315275
   0.0352334     0.304631    -0.951819
   0.0315238    -0.932666     0.359361
   -0.998289   -0.0116651    0.0572968
  -0.0492468    -0.360552    -0.931438
   0.0413441    -0.944056     0.327185
   -0.996437   -0.0148673    0.0830149
  -0.0735063    -0.329451    -0.941307
   0.0453474    -0.966742    -0.251703
   -0.996313   -0.0254003   -0.0819409
  -0.0728223    -0.254491      0.96433
   0.0558134     -0.94249     0.329541
   -0.993762   -0.0205206     0.109622
  -0.0965549    -0.333603    -0.937756
   0.0576164    -0.944706     0.322816
   -0.994039   -0.0243062     0.106285
  -0.0925621    -0.327016    -0.940475
   0.0816598    -0.939561     0.332502
   -0.989852   -0.0375263     0.137061
   -0.116299     -0.34032     -0.93309
   0.0734114    -0.941275     0.329562
   -0.990749   -0.0310132     0.132116
   -0.114136    -0.336212    -0.934845
   0.0605481     0.996494    0.0577293
   -0.993812    0.0547875     0.096623
  -0.0931214    0.0632224    -0.993645
   0.0806267     0.972938     0.216543
   -0.990131    0.0531945     0.129656
   -0.114628      0.22486    -0.967625
   0.0831941     0.983473     -0.16081
   -0.989817     0.100254     0.101052
   -0.115504    -0.150766    -0.981799
   0.0550884     0.981388    -0.183967
   -0.993679    0.0719339    0.0861832
  -0.0978125    -0.178056    -0.979147
   0.0409647     0.983805     0.174501
    -0.99603    0.0263953    0.0850098
  -0.0790271      0.17729    -0.980981
  -0.0341107    -0.830102     0.556567
    0.995934   -0.0746923   -0.0503628
   0.0833775     0.552587     0.829275
  -0.0233575    -0.954784    -0.296383
    0.997924   -0.0400669    0.0504285
   0.0600234     0.294589    -0.953737
   0.0318749    -0.944051     0.328255
   -0.998082   -0.0126264    0.0606044
  -0.0530689    -0.329557    -0.942643
  -0.0521196    -0.798244     0.600075
    0.993011    -0.105141   -0.0536142
     0.10589     0.593087     0.798145
   0.0842539      0.95522    -0.283646
   -0.988884     0.115155    0.0940647
   -0.122516    -0.272568    -0.954304
   -0.476145    -0.726316    -0.495732
   -0.862067     0.274266     0.426167
     0.17357    -0.630272     0.756724
   -0.501256     -0.65647    -0.563728
   -0.849825     0.250831     0.463552
    0.162908    -0.711429     0.683615
   -0.481082    -0.683154    -0.549419
   -0.866157     0.273596     0.418232
    0.135398    -0.677087      0.72334
   -0.498508     0.582173    -0.642312
   -0.857178    -0.220461     0.465449
    0.129367     0.782606     0.608927
   -0.520266    -0.667658      -0.5325
   -0.839117     0.283734     0.464088
    0.158764    -0.688279      0.70786
   -0.483397      0.47083    -0.738002
    -0.86848    -0.152134     0.471802
    0.109863     0.869008     0.482448
   -0.515856     0.577633    -0.632639
   -0.846958     -0.23297     0.477898
    0.128664     0.782346      0.60941
    0.500024    -0.207029    -0.840902
    0.859009  -0.00466909      0.51194
   -0.109912    -0.978324     0.175505
    0.510469    -0.039461     -0.85899
    0.852823    -0.104629      0.51161
   -0.110064    -0.993728   -0.0197565
   -0.535233     0.558724    -0.633524
   -0.830282    -0.209981     0.516275
    0.155427     0.802331     0.576287
    0.525846    -0.158238    -0.835731
    0.839986   -0.0579782     0.539501
   -0.133824    -0.985697      0.10243
     0.54768    -0.356375    -0.756996
    0.820361    0.0508632     0.569579
    -0.16448    -0.932958     0.320213
    0.486791   -0.0708944    -0.870637
     0.86857   -0.0666585     0.491063
   -0.092849    -0.995254    0.0291279
     0.49734    -0.105917    -0.861066
    0.862979   -0.0414106     0.503539
  -0.0889906    -0.993512    0.0708091
     0.48729    -0.366164    -0.792763
    0.869986     0.125267     0.476898
  -0.0753161     -0.92208     0.379599
    0.475969     0.194925    -0.857588
    0.876168    -0.189422     0.443226
  -0.0760502    -0.962353    -0.260946
   -0.468301     -0.65007    -0.598418
   -0.878558     0.270559     0.393617
   0.0939712    -0.710075     0.697827
   -0.456774     0.446977    -0.769136
   -0.885562    -0.146359     0.440862
   0.0844851     0.882491     0.462678
    -0.44586     0.422444    -0.789145
   -0.889552    -0.111085     0.443123
   0.0995327     0.899556     0.425314
   -0.455547    -0.655255    -0.602593
   -0.882742     0.244989     0.400933
    0.115085    -0.714578     0.690025
   -0.432584    -0.767166    -0.473632
    -0.89263      0.29053     0.344681
    0.126823    -0.571881     0.810474
   -0.433701     -0.65035    -0.623657
   -0.896112     0.238898     0.374047
   0.0942715    -0.721091     0.686397
   -0.418116     0.565781    -0.710683
   -0.901777     -0.16427     0.399766
    0.109436     0.808027     0.578892
   -0.408028    -0.754369    -0.514237
   -0.906612     0.268446     0.325562
     0.10755    -0.599053     0.793454
   -0.455759      -0.7002    -0.549549
   -0.877566     0.250212     0.408989
    0.148871    -0.668666     0.728508
    0.548484    -0.350202    -0.759291
    0.819304     0.043671     0.571693
   -0.167049    -0.935656     0.310875
    0.529232     0.216561    -0.820375
    0.837165    -0.290634     0.463342
   -0.138087    -0.932005     -0.33511
    0.525106     0.102149    -0.844884
    0.838415    -0.232439     0.492983
   -0.146026    -0.967232    -0.207698
   -0.544492    0.0145049    -0.838641
   -0.820378     0.199001     0.536076
    0.174666     0.979892    -0.096455
    0.508245    0.0344016    -0.860525
    0.852872     -0.15883     0.497375
   -0.119567    -0.986706    -0.110065
     0.52035    0.0681358    -0.851231
    0.838218    -0.231226     0.493887
   -0.163175    -0.970511    -0.177431
    0.500429    -0.133148    -0.855478
    0.855647   -0.0746547     0.512147
   -0.132057     -0.98828    0.0765687
    0.488607   -0.0330485    -0.871878
    0.859637    -0.152751     0.487537
   -0.149293    -0.987712   -0.0462257
    0.538762     0.216475    -0.814171
    0.820198    -0.355472     0.448236
   -0.192383    -0.909274    -0.369067
    0.508892    -0.158716    -0.846072
    0.841901    -0.113216     0.527622
   -0.179531    -0.980812    0.0760086
   -0.529725    -0.654503    -0.539461
   -0.822273     0.240323      0.51586
    0.207987    -0.716848     0.665485
    0.489554   -0.0718649    -0.869006
    0.864866   -0.0869651     0.494414
   -0.111104    -0.993616    0.0195794
    0.476223     0.136331    -0.868692
    0.870385    -0.213593      0.44363
   -0.125066    -0.967363    -0.220378
    0.463799     0.153773    -0.872493
    0.879459    -0.198823      0.43246
   -0.106971    -0.967896    -0.227451
    0.478048    0.0568484    -0.876492
    0.873404     -0.13634     0.467521
  -0.0929233     -0.98903    -0.114829
    0.498119      0.77784      -0.3832
    0.861277    -0.392663     0.322519
     -0.1004     0.490694     0.865529
    0.486832   -0.0396597    -0.872595
    0.869535   -0.0730228     0.488443
  -0.0830909    -0.996541  -0.00106432
    0.500422    0.0534594     -0.86413
    0.860813    -0.137499     0.489995
  -0.0926222    -0.989058    -0.114826
    0.514121     0.179248    -0.838778
    0.850115    -0.236407     0.470549
   -0.113948    -0.954977    -0.273923
   -0.487845     -0.70661     0.512552
   -0.869623     0.444465    -0.214959
   0.0759191     0.550593     0.831314
    0.439095     0.790768     0.426477
    0.896816    -0.414312    -0.155136
  -0.0540182     -0.45059     0.891095
    0.454101     0.794635    -0.402924
    0.889696    -0.380449     0.252389
  -0.0472654      0.47309     0.879746
    0.455542    -0.295418    -0.839768
    0.888414    0.0909008     0.449953
  -0.0565888    -0.951034     0.303863
    0.465416     0.880629    0.0887707
    0.883564    -0.468161    0.0118432
  -0.0519885   -0.0729226     0.995982
    0.462684     0.759779    -0.456792
    0.885466    -0.370912     0.279953
  -0.0432727     0.534004     0.844374
    0.469844     0.299004    -0.830568
    0.880713    -0.222655     0.418055
  -0.0599301    -0.927912     -0.36795
    0.468395     0.172108    -0.866594
    0.882111    -0.146455     0.447696
  -0.0498653     -0.97413    -0.220417
   -0.471987    -0.401389     -0.78493
   -0.879767      0.27191     0.389967
   0.0569019     0.874615    -0.481467
    0.469956     0.431151    -0.770228
    0.880859    -0.285247     0.377785
  -0.0568231    -0.856004    -0.513837
    0.465073     0.422082    -0.778173
    0.884239     -0.26394     0.385302
  -0.0427619    -0.867284    -0.495973
    0.465447     0.321218    -0.824729
    0.883595    -0.222523     0.411999
    -0.05118     -0.92049    -0.387399
    0.462548     0.407142    -0.787582
    0.885422    -0.257795     0.386742
  -0.0455761    -0.876229    -0.479735
    0.480135   -0.0856968    -0.872999
    0.874721   -0.0279094     0.483822
  -0.0658268     -0.99593    0.0615606
     0.47662     0.224471    -0.849968
    0.876757    -0.192063     0.440919
  -0.0642739    -0.955366    -0.288348
    0.477829    -0.270204    -0.835864
    0.875523    0.0688329     0.478249
  -0.0716898     -0.96034      0.26946
    0.469139   -0.0975963    -0.877715
    0.879529   -0.0379549     0.474329
  -0.0796063    -0.994502    0.0680327
    0.461743     0.136569    -0.876437
    0.884474    -0.145606     0.443289
  -0.0670752    -0.979871    -0.188025
    0.448317     0.254574    -0.856857
      0.8905    -0.210411     0.403406
   -0.077596    -0.943885    -0.321029
    0.456829    -0.042176    -0.888554
     0.88486    -0.080941     0.458772
  -0.0912696    -0.995826  0.000343681
   -0.442442    -0.545083     -0.71213
   -0.894389     0.326351     0.305881
   0.0656738     0.772256    -0.631908
    0.454966      0.29684    -0.839578
    0.889036    -0.205598     0.409077
  -0.0511849    -0.932532    -0.357442
    0.457138     0.427282    -0.780035
    0.887654    -0.274052     0.370089
  -0.0556375    -0.861583    -0.504558
   -0.441231    -0.451267    -0.775676
   -0.895066     0.283512     0.344205
   0.0645854     0.846156    -0.529008
    0.439351     0.319716    -0.839495
    0.896106    -0.221491     0.384625
  -0.0629699    -0.921262    -0.383811
    0.440444     0.140487     -0.88672
    0.895148    -0.144292     0.421769
  -0.0686931    -0.979512    -0.189309
    0.418276     0.179263    -0.890455
    0.904552     -0.17141      0.39039
  -0.0826503    -0.968754    -0.233849
    -0.41682      0.50614    -0.755039
    -0.90485    -0.151856     0.397726
   0.0866477     0.848977     0.521277
    -0.39355     0.461827     -0.79488
   -0.914029    -0.104086     0.392067
   0.0983311     0.880841     0.463087
   -0.414643    -0.428273    -0.802903
   -0.906489     0.271651     0.323238
    0.079675     0.861852    -0.500863
    0.391146    -0.149653     -0.90808
    0.915323   -0.0395094     0.400777
  -0.0958551    -0.987949     0.121527
    0.389435     0.409742    -0.824895
    0.916021      -0.2658     0.300427
  -0.0961598    -0.872618    -0.478844
   -0.423296     0.498301    -0.756649
   -0.901567    -0.149238     0.406086
   0.0894326     0.854064     0.512423
   -0.397429     0.624882    -0.671992
   -0.912083     -0.18858     0.364064
    0.100773     0.757602     0.644891
    0.446373    -0.268577    -0.853591
    0.891384    0.0496185     0.450524
  -0.0786463     -0.96198     0.261553
    0.467528    -0.279521    -0.838621
    0.881357    0.0743913     0.466558
  -0.0680265    -0.957253     0.281137
    0.461257   -0.0791566    -0.883728
    0.885255   -0.0259645      0.46438
  -0.0597043    -0.996524    0.0580975
    0.518979     0.843962    -0.135606
    0.824288    -0.452125     0.340781
   -0.226295     0.288636     0.930312
    0.498534     0.809886    -0.309109
    0.845189    -0.374863     0.380965
   -0.192665     0.451179     0.871388
   -0.485637      -0.6631     -0.56961
   -0.848208     0.199848     0.490514
    0.211425    -0.721359       0.6595
    0.506113     0.835698    -0.213211
     0.82974    -0.404342     0.384758
   -0.235331      0.37164     0.898055
   -0.465567    -0.665101    -0.583856
   -0.866149     0.206941      0.45493
    0.181751    -0.717507     0.672422
   -0.471426    -0.787105    -0.397772
    -0.85386     0.294529     0.429157
    0.220636    -0.541958     0.810926
   -0.455947     -0.75154     -0.47676
   -0.868335     0.258141     0.423506
     0.19521    -0.607084     0.770287
   -0.437948    -0.754006    -0.489568
   -0.874145      0.22999     0.427757
    0.209935    -0.615288     0.759834
   -0.491802    -0.801183    -0.340935
   -0.832866     0.318685      0.45252
      0.2539    -0.506503     0.824008
   -0.456852    -0.828136    -0.324773
   -0.856597     0.311119     0.411639
     0.23985    -0.466257     0.851514
   -0.467017     -0.82206    -0.325749
     -0.8402     0.297721      0.45324
    0.275608    -0.485365     0.829735
   -0.438055      -0.7323    -0.521387
   -0.882785     0.240941     0.403284
    0.169702    -0.636933     0.752009
   -0.420487    -0.798428    -0.430933
   -0.887711     0.263883     0.377272
    0.187509    -0.541182     0.819733
   -0.411461    -0.804045    -0.429198
   -0.897772     0.276336     0.342992
    0.157178     -0.52645     0.835551
   -0.422473    -0.702521    -0.572696
   -0.894607     0.221714     0.387969
    0.145582    -0.676245     0.722149
   -0.450432     0.584409    -0.674965
   -0.880366    -0.164942     0.444692
    0.148552     0.794519     0.588789
   -0.439117     0.564349    -0.699061
   -0.889533    -0.163866     0.426473
    0.126128      0.80911     0.573963
   -0.461302   0.00505871    -0.887229
   -0.876682     0.151232      0.45668
    0.136488     0.988485   -0.0653287
    0.479737    -0.264133    -0.836712
    0.861489   -0.0390575     0.506273
   -0.166403    -0.963695     0.208811
   -0.452617   0.00369546    -0.891697
   -0.884136     0.128151     0.449311
    0.115932     0.991748    -0.054736
   -0.445296    -0.789396     -0.42257
   -0.845744     0.215865     0.487974
    0.293987    -0.574679     0.763751
   -0.429736     -0.84801     -0.31017
   -0.865079     0.288213     0.410575
    0.258777    -0.444761     0.857451
   -0.407267    -0.810175    -0.421605
   -0.867072     0.197968     0.457159
    0.286914    -0.551748     0.783106
    0.426545     0.874052    -0.232578
    0.850278    -0.299837      0.43258
   -0.308362     0.382271     0.871081
   -0.397001    -0.825864    -0.400423
   -0.882971      0.22459     0.412215
    0.250502    -0.517212     0.818377
    -0.38186     -0.84213     -0.38079
   -0.875181     0.197056     0.441845
    0.297054    -0.501983     0.812263
   -0.367991    -0.852478    -0.371301
   -0.890495      0.20819     0.404568
    0.267584    -0.479519      0.83574
   -0.348317    -0.859138    -0.374908
   -0.894201     0.184554     0.407854
    0.281212    -0.477306     0.832526
    0.398418     0.869277    -0.292612
    0.857629     -0.23997     0.454849
   -0.325172     0.432172     0.841125
   -0.365213     -0.87415    -0.320129
   -0.873906     0.203434     0.441478
    0.320793    -0.440996     0.838221
   -0.378553    -0.838148    -0.392691
   -0.854545     0.153487      0.49618
      0.3556    -0.523402     0.774338
   -0.350397    -0.819942    -0.452677
   -0.906158     0.174556     0.385238
    0.236856    -0.545183     0.804161
   -0.336435    -0.841385    -0.422944
   -0.907599     0.169929     0.383911
    0.251146    -0.513025     0.820811
   -0.320644    -0.856884    -0.403655
   -0.920766     0.182001     0.345059
     0.22221    -0.482313     0.847347
   -0.343795    -0.800547    -0.490846
   -0.915247      0.16873      0.36586
    0.210067    -0.575026     0.790707
   -0.380097    -0.788844    -0.482962
   -0.898739     0.191566     0.394424
     0.21862    -0.583976     0.781779
   -0.369153    -0.812204     -0.45172
   -0.910112     0.217498     0.352691
     0.18821    -0.541312     0.819487
   -0.405609    -0.836077      -0.3694
   -0.891908     0.273615     0.360049
    0.199956     -0.47551     0.856684
    -0.41459    -0.823281    -0.387717
   -0.881758     0.258097     0.394828
    0.224986    -0.505564     0.832938
   -0.391497    -0.803698    -0.448107
   -0.903806     0.244399     0.351288
    0.172812     -0.54253     0.822069
   -0.285673    -0.807589    -0.515937
   -0.948938       0.1632     0.269969
    0.133824    -0.566715     0.812973
   -0.312286    -0.812962    -0.491498
   -0.942511     0.200354     0.267453
    0.118955    -0.546765     0.828793
   -0.318207     -0.83169    -0.455013
   -0.937677     0.205404     0.280305
    0.139666     -0.51585     0.845217
   -0.343572    -0.768772    -0.539396
   -0.931041     0.203622     0.302822
    0.122968    -0.606241     0.785717
   -0.343283    -0.815779     -0.46547
   -0.933677     0.242578     0.263445
       0.102    -0.525034     0.844947
   -0.353307    -0.767481    -0.534928
   -0.924832     0.200403     0.323304
    0.140928    -0.608943     0.780594
   -0.363869    -0.763629    -0.533358
   -0.925058     0.229292     0.302809
    0.108939     -0.60357     0.789833
   -0.366361    -0.761742    -0.534349
    -0.92125     0.216299     0.323284
     0.13068    -0.610708     0.780998
   -0.384915    -0.776906    -0.498254
   -0.915262     0.251763     0.314502
    0.118897     -0.57709     0.807979
   -0.354368    -0.779351    -0.516755
   -0.930366     0.238275     0.278648
   0.0940346    -0.579515     0.809518
   -0.380094    -0.820422    -0.427126
   -0.919136     0.283337     0.273696
    0.103525    -0.496617     0.861774
   -0.373999    -0.769638    -0.517476
   -0.923411     0.257139     0.284942
   0.0862386    -0.584411     0.806862
   -0.378779     -0.77015    -0.513221
   -0.912865     0.219632     0.344149
    0.152326    -0.598858     0.786235
   -0.394542    -0.762694    -0.512478
   -0.908591     0.240595     0.341433
     0.13711    -0.600343     0.787902
   -0.356057    -0.815547    -0.456187
   -0.919868     0.219945     0.324757
    0.164518    -0.535264     0.828509
   -0.334619    -0.817924    -0.468008
   -0.924652     0.189171     0.330505
    0.181794    -0.543337     0.819595
   -0.327528     -0.78516    -0.525594
   -0.931891     0.176656     0.316817
    0.155902    -0.593563     0.789543
   -0.299419    -0.831428    -0.468056
   -0.937785     0.166059     0.304932
    0.175804    -0.530238     0.829422
   -0.312409     -0.81802    -0.482953
   -0.929688     0.158848     0.332335
    0.195141    -0.552821     0.810129
   -0.298395    -0.821541    -0.485831
    -0.94209     0.171893     0.287955
    0.153056    -0.543621     0.825258
   -0.396027    -0.743767    -0.538492
   -0.915231     0.272302     0.296991
   0.0742592    -0.610461     0.788557
   -0.397277    -0.749444    -0.529626
   -0.913461      0.26754     0.306614
   0.0880939    -0.605604     0.790875
   -0.413533    -0.837584    -0.356994
   -0.907112     0.345266     0.240708
    0.078355    -0.423374      0.90256
   -0.409485    -0.802754    -0.433484
   -0.909748     0.323661     0.260004
   0.0684176    -0.500829     0.862838
   -0.419479    -0.671106    -0.611273
   -0.902904     0.238866     0.357362
   0.0938153    -0.701826     0.706143
    0.429834     0.883066    -0.188246
    0.899894    -0.401964     0.169163
  -0.0737143     0.242113     0.967444
    0.434146    -0.508225    -0.743791
    0.896502       0.1628     0.412043
  -0.0883217    -0.845697     0.526304
    0.425602     0.747927    -0.509381
     0.90289    -0.313385     0.294244
  -0.0604406     0.585146     0.808673
    0.444062    -0.262938    -0.856547
    0.890333    0.0221726     0.454771
   -0.100585    -0.964558     0.243948
   -0.428647    -0.658402    -0.618683
   -0.896649     0.226012     0.380709
     0.11083    -0.717931     0.687235
   -0.411309    -0.706565    -0.575839
   -0.902574     0.227538     0.365495
    0.127221    -0.670069     0.731316
   -0.402818     -0.74006    -0.538562
   -0.908924     0.254217     0.330501
    0.107679    -0.622644     0.775061
   -0.675996      0.28495    -0.679583
   -0.590855      0.34151     0.730932
    0.440363     0.895642   -0.0624949
   -0.678458     0.254296    -0.689223
   -0.583768      0.38294     0.715941
    0.445992     0.888082    -0.111359
    0.667837    -0.213451    -0.713044
    0.623035    -0.363806      0.69244
   -0.407211    -0.906689    -0.109976
    0.669265    -0.243307    -0.702058
    0.613933     -0.35115     0.706951
   -0.418534    -0.904154   -0.0856384
    0.681656    -0.237376    -0.692097
    0.580213    -0.400905     0.708963
   -0.445756    -0.884832    -0.135551
    0.652444   -0.0994799    -0.751279
    0.662151    -0.407357     0.628981
   -0.368609    -0.907835    -0.199907
    0.671103     -0.18067    -0.719013
    0.613144    -0.409923     0.675291
