           0            0            0
           0            0            0
           0            0            0
   0.0222174  -0.00083922    0.0034034
 -0.00083922  6.77846e-05 -0.000212912
   0.0034034 -0.000212912    0.0148542
   0.0195191  -0.00071021   0.00608244
 -0.00071021   6.1208e-05 -0.000107072
  0.00608244 -0.000107072    0.0182969
   0.0167192 -0.000963571   0.00852519
-0.000963571  0.000111916 -0.000149565
  0.00852519 -0.000149565    0.0201772
   0.0160092  -0.00131974   0.00964532
 -0.00131974  0.000183537 -0.000206956
  0.00964532 -0.000206956    0.0202905
   0.0161178  -0.00167492    0.0092391
 -0.00167492  0.000255151 -0.000299465
   0.0092391 -0.000299465    0.0206359
   0.0142037   -0.0015602   0.00786925
  -0.0015602  0.000230701 -0.000423875
  0.00786925 -0.000423875    0.0185323
   0.0147956  -0.00186965   0.00720055
 -0.00186965  0.000295121 -0.000569057
  0.00720055 -0.000569057      0.01975
   0.0162745  -0.00195144   0.00846155
 -0.00195144  0.000313565 -0.000455397
  0.00846155 -0.000455397    0.0210179
    0.014619  -0.00200674   0.00572002
 -0.00200674  0.000343701 -0.000812391
  0.00572002 -0.000812391    0.0206846
   0.0162276  -0.00213068   0.00706881
 -0.00213068  0.000362079 -0.000718955
  0.00706881 -0.000718955    0.0219774
   0.0145646  -0.00200787   0.00393664
 -0.00200787  0.000381861  -0.00113825
  0.00393664  -0.00113825    0.0218447
   0.0164136  -0.00227672   0.00645305
 -0.00227672  0.000395646 -0.000954659
  0.00645305 -0.000954659    0.0222103
   0.0327381   0.00057515    0.0106736
  0.00057515  0.000469777   0.00215079
   0.0106736   0.00215079    0.0183202
   0.0282178 -4.66753e-05    0.0129627
-4.66753e-05  0.000651921   0.00275735
   0.0129627   0.00275735      0.02187
   0.0281709  0.000482273    0.0127854
 0.000482273  0.000501586   0.00264031
   0.0127854   0.00264031      0.02178
   0.0254144  0.000100412    0.0147022
 0.000100412   0.00066739   0.00306972
   0.0147022   0.00306972    0.0245445
   0.0251283 -0.000415085    0.0146717
-0.000415085   0.00082865   0.00311282
   0.0146717   0.00311282    0.0245212
   0.0246578  0.000287977    0.0141071
 0.000287977  0.000513871   0.00276044
   0.0141071   0.00276044    0.0242336
   0.0234393 -0.000308286    0.0152458
-0.000308286  0.000788321    0.0031444
   0.0152458    0.0031444    0.0257263
   0.0229145 -9.45335e-05    0.0147662
-9.45335e-05  0.000630575   0.00290973
   0.0147662   0.00290973    0.0254524
   0.0223997 -0.000536214    0.0147273
-0.000536214  0.000687829   0.00275395
   0.0147273   0.00275395    0.0256698
   0.0229866 -0.000763997    0.0150784
-0.000763997   0.00094672   0.00313574
   0.0150784   0.00313574    0.0256416
   0.0228384 -0.000776682    0.0151532
-0.000776682  0.000836667    0.0029172
   0.0151532    0.0029172    0.0259419
    0.022324  -0.00118969    0.0149176
 -0.00118969  0.000982547   0.00287918
   0.0149176   0.00287918    0.0258573
   0.0221114  -0.00017043    0.0141299
 -0.00017043  0.000482696   0.00241937
   0.0141299   0.00241937     0.025143
    0.021613 -0.000559132     0.014088
-0.000559132   0.00054864   0.00234146
    0.014088   0.00234146    0.0253367
   0.0210736 -0.000799792    0.0136558
-0.000799792  0.000429814   0.00174094
   0.0136558   0.00174094    0.0251959
   0.0216272 -0.000453484    0.0137597
-0.000453484  0.000357764   0.00175881
   0.0137597   0.00175881    0.0250638
   0.0238125  0.000159582    0.0134902
 0.000159582  0.000373366   0.00221405
   0.0134902   0.00221405    0.0239637
   0.0234553 -0.000157161    0.0132497
-0.000157161  0.000259316   0.00153604
   0.0132497   0.00153604    0.0239823
   0.0264149  0.000421291    0.0116194
 0.000421291  0.000250343   0.00172176
   0.0116194   0.00172176    0.0212801
   0.0272248  0.000613578    0.0121336
 0.000613578  0.000366743   0.00227598
   0.0121336   0.00227598    0.0214645
   0.0310886  0.000985082   0.00963306
 0.000985082  0.000244175   0.00158754
  0.00963306   0.00158754    0.0178494
   0.0262504  8.01243e-05    0.0113428
 8.01243e-05  0.000159252   0.00110175
   0.0113428   0.00110175    0.0214053
   0.0302572  0.000681598    0.0092218
 0.000681598  0.000153638   0.00109978
   0.0092218   0.00109978    0.0177242
   0.0307765  0.000260603   0.00888138
 0.000260603  8.79161e-05  0.000595216
  0.00888138  0.000595216    0.0179662
   0.0321979   0.00100515    0.0102701
  0.00100515  0.000349302   0.00196933
   0.0102701   0.00196933     0.018123
   0.0218401  -0.00166984    0.0141732
 -0.00166984   0.00094554     0.002415
   0.0141732     0.002415    0.0255042
    0.022378  -0.00131739    0.0144154
 -0.00131739  0.000817634   0.00244927
   0.0144154   0.00244927    0.0255352
    0.021971  -0.00178835    0.0136296
 -0.00178835  0.000750853   0.00183027
   0.0136296   0.00183027     0.025153
   0.0214084  -0.00206516    0.0133654
 -0.00206516  0.000853188   0.00180794
   0.0133654   0.00180794    0.0251545
   0.0215813  -0.00153155     0.013234
 -0.00153155  0.000638371   0.00176269
    0.013234   0.00176269    0.0248334
    0.021602  -0.00217243    0.0127884
 -0.00217243  0.000659398   0.00110334
   0.0127884   0.00110334    0.0247653
   0.0212235  -0.00193124    0.0124154
 -0.00193124  0.000569953   0.00107397
   0.0124154   0.00107397    0.0244357
   0.0209303  -0.00223747    0.0115927
 -0.00223747  0.000501206  0.000317363
   0.0115927  0.000317363    0.0240572
   0.0210115  -0.00236172    0.0124785
 -0.00236172  0.000731681   0.00110437
   0.0124785   0.00110437    0.0247768
   0.0213066  -0.00245694     0.011933
 -0.00245694  0.000568522   0.00031916
    0.011933   0.00031916    0.0243874
   0.0206639   -0.0025627    0.0115488
  -0.0025627  0.000614404  0.000354426
   0.0115488  0.000354426    0.0243797
   0.0204423  -0.00179979    0.0117623
 -0.00179979  0.000488572  0.000916622
   0.0117623  0.000916622    0.0240257
   0.0201063  -0.00206994    0.0109192
 -0.00206994  0.000437928    0.0002398
   0.0109192    0.0002398    0.0236168
   0.0194621  -0.00204991    0.0103396
 -0.00204991  0.000397288   4.1465e-05
   0.0103396   4.1465e-05    0.0232869
    0.019862  -0.00184445    0.0112458
 -0.00184445  0.000431186  0.000610069
   0.0112458  0.000610069    0.0237597
   0.0208174    -0.001442    0.0125951
   -0.001442  0.000536118   0.00152028
   0.0125951   0.00152028    0.0244518
   0.0202636  -0.00155331    0.0121226
 -0.00155331  0.000458895   0.00110774
   0.0121226   0.00110774    0.0242378
   0.0212042  -0.00102276    0.0133729
 -0.00102276  0.000560397   0.00200714
   0.0133729   0.00200714    0.0248823
   0.0219704  -0.00105945    0.0140062
 -0.00105945  0.000682337    0.0023362
   0.0140062    0.0023362    0.0252373
    0.020651  -0.00119968    0.0129243
 -0.00119968  0.000459963   0.00149505
   0.0129243   0.00149505    0.0247114
   0.0178014  -0.00223552   0.00876197
 -0.00223552  0.000378006 -0.000508483
  0.00876197 -0.000508483    0.0226703
   0.0177296  -0.00202598   0.00950381
 -0.00202598  0.000343647 -0.000264645
  0.00950381 -0.000264645    0.0224576
   0.0193883  -0.00198852    0.0111559
 -0.00198852  0.000374872  0.000105998
   0.0111559  0.000105998    0.0237081
   0.0174504  -0.00173152    0.0102684
 -0.00173152  0.000288328 -0.000104064
   0.0102684 -0.000104064    0.0219234
   0.0195011  -0.00168765    0.0118423
 -0.00168765  0.000331399  0.000336965
   0.0118423  0.000336965    0.0240243
   0.0195485    -0.001314    0.0123856
   -0.001314  0.000265949  0.000476723
   0.0123856  0.000476723    0.0241105
    0.017584  -0.00138451    0.0109278
 -0.00138451  0.000220111   1.8478e-05
   0.0109278   1.8478e-05    0.0219238
    0.020536  -0.00151876    0.0128019
 -0.00151876  0.000391667  0.000857634
   0.0128019  0.000857634    0.0247938
   0.0208232  -0.00114345    0.0134723
 -0.00114345  0.000341821   0.00103703
   0.0134723   0.00103703    0.0252698
   0.0201091  -0.00181746    0.0119464
 -0.00181746  0.000412204  0.000566816
   0.0119464  0.000566816    0.0242568
   0.0196869  -0.00204557    0.0110037
 -0.00204557  0.000406622   0.00018038
   0.0110037   0.00018038    0.0236962
   0.0190815  -0.00219352    0.0103405
 -0.00219352  0.000391449 -0.000213764
   0.0103405 -0.000213764    0.0234024
   0.0188779  -0.00233472    0.0095435
 -0.00233472  0.000399006 -0.000601534
   0.0095435 -0.000601534    0.0228482
   0.0192351  -0.00218488    0.0100175
 -0.00218488  0.000388208  -0.00027386
   0.0100175  -0.00027386    0.0231407
   0.0176623  -0.00234763   0.00811481
 -0.00234763  0.000397528 -0.000833268
  0.00811481 -0.000833268    0.0225474
   0.0181979  -0.00101891    0.0105217
 -0.00101891  0.000144418  4.96312e-05
   0.0105217  4.96312e-05    0.0219087
   0.0207772   -0.0007308   0.00883127
  -0.0007308  7.99203e-05  3.32719e-05
  0.00883127  3.32719e-05    0.0206213
   0.0217316  -0.00065484    0.0107778
 -0.00065484  0.000110942  0.000323729
   0.0107778  0.000323729    0.0222035
   0.0234525 -0.000606776    0.0058408
-0.000606776     5.04e-05 -8.44718e-05
   0.0058408 -8.44718e-05    0.0172997
   0.0242698 -0.000513533   0.00761915
-0.000513533  6.21115e-05     9.79e-05
  0.00761915     9.79e-05    0.0186295
   0.0278137 -0.000516108   0.00503341
-0.000516108  4.98449e-05 -0.000101901
  0.00503341 -0.000101901    0.0153067
   0.0258057 -0.000747042   0.00347942
-0.000747042  5.92276e-05  -0.00020327
  0.00347942  -0.00020327    0.0145876
   0.0255966 -0.000237333    0.0100979
-0.000237333  9.37516e-05  0.000540334
   0.0100979  0.000540334    0.0207342
   0.0290743 -0.000163188   0.00725257
-0.000163188  5.22853e-05  0.000192432
  0.00725257  0.000192432    0.0169866
   0.0228933 -0.000476208    0.0125302
-0.000476208  0.000170945  0.000864998
   0.0125302  0.000864998    0.0236132
   0.0211386 -0.000787626    0.0134104
-0.000787626  0.000261998   0.00104096
   0.0134104   0.00104096    0.0250027
   0.0198545 -0.000954459    0.0120485
-0.000954459  0.000184974  0.000469733
   0.0120485  0.000469733    0.0236254
   0.0203075  -0.00267704    0.0105541
 -0.00267704  0.000524781 -0.000416833
   0.0105541 -0.000416833     0.023975
   0.0210882  -0.00265568    0.0110458
 -0.00265568  0.000502384  -0.00049762
   0.0110458  -0.00049762    0.0240229
   0.0209203  -0.00275016    0.0101181
 -0.00275016  0.000489126  -0.00132766
   0.0101181  -0.00132766    0.0236798
   0.0199185  -0.00269057   0.00950162
 -0.00269057  0.000493942  -0.00119878
  0.00950162  -0.00119878    0.0235761
   0.0206645  -0.00258189   0.00990956
 -0.00258189  0.000449495  -0.00132323
  0.00990956  -0.00132323    0.0234073
   0.0206843  -0.00275011   0.00915329
 -0.00275011  0.000539002  -0.00214471
  0.00915329  -0.00214471    0.0233406
   0.0206262  -0.00262065    0.0090459
 -0.00262065  0.000506845  -0.00214686
   0.0090459  -0.00214686    0.0231222
    0.020535  -0.00257113    0.0081967
 -0.00257113    0.0006213  -0.00291881
   0.0081967  -0.00291881    0.0228417
   0.0194435  -0.00261032   0.00842042
 -0.00261032  0.000522349  -0.00196849
  0.00842042  -0.00196849    0.0231691
    0.020339  -0.00265178   0.00819206
 -0.00265178  0.000644906  -0.00291213
  0.00819206  -0.00291213    0.0229854
   0.0188591  -0.00244798   0.00735102
 -0.00244798  0.000611847  -0.00270549
  0.00735102  -0.00270549    0.0227292
   0.0196429  -0.00235315   0.00831896
 -0.00235315  0.000454674   -0.0020593
  0.00831896   -0.0020593     0.022631
   0.0196685  -0.00229569   0.00750399
 -0.00229569  0.000561877  -0.00279389
  0.00750399  -0.00279389    0.0223731
   0.0185364  -0.00199894   0.00660565
 -0.00199894  0.000500394  -0.00264196
  0.00660565  -0.00264196     0.021833
   0.0185891  -0.00211647    0.0074931
 -0.00211647  0.000409834  -0.00197759
   0.0074931  -0.00197759    0.0221261
    0.019671  -0.00233773   0.00918291
 -0.00233773  0.000400336  -0.00127864
  0.00918291  -0.00127864    0.0229176
   0.0187752  -0.00218025   0.00844346
 -0.00218025  0.000369195  -0.00127925
  0.00844346  -0.00127925     0.022459
   0.0198221   -0.0022529    0.0100556
  -0.0022529   0.00039935  -0.00049912
   0.0100556  -0.00049912    0.0232421
   0.0207232  -0.00245734    0.0107574
 -0.00245734  0.000450013 -0.000490065
   0.0107574 -0.000490065    0.0237147
   0.0190687  -0.00216855   0.00940211
 -0.00216855  0.000368349 -0.000593715
  0.00940211 -0.000593715    0.0228463
   0.0181405  -0.00221073   0.00627921
 -0.00221073  0.000761496  -0.00343565
  0.00627921  -0.00343565     0.022254
   0.0198545  -0.00246542   0.00719733
 -0.00246542  0.000802607  -0.00364989
  0.00719733  -0.00364989     0.022602
   0.0192766  -0.00214663   0.00614881
 -0.00214663   0.00103478  -0.00438338
  0.00614881  -0.00438338     0.022196
   0.0173442  -0.00185588   0.00520479
 -0.00185588   0.00100504  -0.00419071
  0.00520479  -0.00419071    0.0217597
   0.0200934  -0.00215351   0.00638236
 -0.00215351  0.000996281   -0.0043594
  0.00638236   -0.0043594     0.022271
   0.0185586  -0.00168643   0.00506837
 -0.00168643   0.00135401  -0.00513101
  0.00506837  -0.00513101    0.0217906
   0.0197126  -0.00174034   0.00537567
 -0.00174034   0.00127949  -0.00506307
  0.00537567  -0.00506307    0.0219922
    0.019147  -0.00117337   0.00434592
 -0.00117337   0.00164143  -0.00575734
  0.00434592  -0.00575734    0.0217312
   0.0164539  -0.00135815   0.00416916
 -0.00135815   0.00135305  -0.00498464
  0.00416916  -0.00498464    0.0212757
    0.017658   -0.0010669   0.00400415
  -0.0010669   0.00177466  -0.00589032
  0.00400415  -0.00589032    0.0214072
   0.0154836 -0.000710345   0.00320309
-0.000710345   0.00183356  -0.00581968
  0.00320309  -0.00581968    0.0208375
   0.0195872  -0.00153324   0.00487251
 -0.00153324   0.00115045  -0.00480464
  0.00487251  -0.00480464    0.0217673
   0.0194128  -0.00101396   0.00392112
 -0.00101396   0.00144948  -0.00542818
  0.00392112  -0.00542818    0.0216413
    0.018743 -0.000703938   0.00292868
-0.000703938   0.00124215  -0.00499393
  0.00292868  -0.00499393    0.0212457
   0.0186587  -0.00119351   0.00387071
 -0.00119351   0.00100142  -0.00445196
  0.00387071  -0.00445196    0.0212833
   0.0196551  -0.00190884    0.0058042
 -0.00190884  0.000903854  -0.00415513
   0.0058042  -0.00415513    0.0219318
   0.0185899  -0.00156499   0.00481202
 -0.00156499  0.000796089  -0.00387445
  0.00481202  -0.00387445    0.0213928
   0.0196569  -0.00216397   0.00667444
 -0.00216397  0.000708063  -0.00348817
  0.00667444  -0.00348817    0.0221381
   0.0203433  -0.00242963   0.00732377
 -0.00242963  0.000777282  -0.00364932
  0.00732377  -0.00364932    0.0225595
   0.0185313  -0.00183162   0.00572827
 -0.00183162  0.000626966  -0.00327155
  0.00572827  -0.00327155     0.021585
   0.0171919  8.65492e-05 -0.000820944
 8.65492e-05  0.000679032   -0.0035906
-0.000820944   -0.0035906    0.0199423
   0.0170004 -0.000426244  0.000463315
-0.000426244   0.00060861  -0.00336954
 0.000463315  -0.00336954     0.019888
   0.0170195  -0.00048234   0.00118854
 -0.00048234   0.00067412  -0.00358064
  0.00118854  -0.00358064    0.0201351
   0.0169815 -0.000944748   0.00241732
-0.000944748  0.000579677  -0.00323377
  0.00241732  -0.00323377     0.020245
   0.0170076   -0.0009591    0.0017562
  -0.0009591  0.000554227  -0.00309593
   0.0017562  -0.00309593    0.0199787
    0.017162   -0.0010459   0.00308976
  -0.0010459  0.000628904  -0.00339989
  0.00308976  -0.00339989    0.0205309
   0.0171174  -0.00140102   0.00361631
 -0.00140102  0.000508407  -0.00286352
  0.00361631  -0.00286352    0.0204919
   0.0172292   -0.0014196   0.00421376
  -0.0014196  0.000520485   -0.0029498
  0.00421376   -0.0029498    0.0207753
   0.0175027  -0.00174732   0.00530737
 -0.00174732  0.000449897  -0.00248396
  0.00530737  -0.00248396    0.0210979
   0.0170409  -0.00147247   0.00293723
 -0.00147247  0.000515106  -0.00279266
  0.00293723  -0.00279266     0.020163
   0.0174483  -0.00181816   0.00478312
 -0.00181816  0.000469013  -0.00248777
  0.00478312  -0.00248777    0.0208216
    0.016966  -0.00187433   0.00393374
 -0.00187433  0.000489556  -0.00245384
  0.00393374  -0.00245384     0.020289
   0.0176225  -0.00156484   0.00486038
 -0.00156484  0.000561573  -0.00308375
  0.00486038  -0.00308375    0.0211078
   0.0177565  -0.00180329   0.00585088
 -0.00180329  0.000459349  -0.00253232
  0.00585088  -0.00253232    0.0214003
    0.017638  -0.00125701   0.00384382
 -0.00125701  0.000700159  -0.00360995
  0.00384382  -0.00360995    0.0208896
   0.0176978 -0.000869207   0.00279493
-0.000869207  0.000866375  -0.00410756
  0.00279493  -0.00410756    0.0207793
   0.0172095  -0.00063149   0.00193155
 -0.00063149  0.000758066  -0.00381893
  0.00193155  -0.00381893    0.0204078
   0.0173017  -0.00014886   0.00076977
 -0.00014886  0.000902783  -0.00418831
  0.00076977  -0.00418831    0.0204006
   0.0178163 -0.000383262   0.00176762
-0.000383262   0.00105462  -0.00456048
  0.00176762  -0.00456048    0.0207727
   0.0171721  2.00232e-06 -4.57377e-05
 2.00232e-06   0.00078068  -0.00387382
-4.57377e-05  -0.00387382    0.0201513
   0.0165231  -0.00211491   0.00456757
 -0.00211491  0.000460816  -0.00207777
  0.00456757  -0.00207777    0.0205175
   0.0176968  -0.00216086   0.00586675
 -0.00216086  0.000445683  -0.00209475
  0.00586675  -0.00209475    0.0211752
   0.0176768  -0.00235437   0.00681951
 -0.00235437  0.000428142  -0.00165812
  0.00681951  -0.00165812    0.0214451
   0.0161591  -0.00222406   0.00489861
 -0.00222406  0.000435787  -0.00168668
  0.00489861  -0.00168668      0.02134
   0.0182746  -0.00227626   0.00756055
 -0.00227626  0.000394071  -0.00152092
  0.00756055  -0.00152092    0.0219358
    0.017541  -0.00239837   0.00757474
 -0.00239837  0.000410687   -0.0012188
  0.00757474   -0.0012188    0.0217713
   0.0185918  -0.00237634   0.00861308
 -0.00237634  0.000393388  -0.00104636
  0.00861308  -0.00104636    0.0224133
   0.0162114  -0.00228538   0.00551197
 -0.00228538  0.000414688  -0.00131186
  0.00551197  -0.00131186    0.0222194
   0.0187594  -0.00223362   0.00898454
 -0.00223362  0.000366645 -0.000790753
  0.00898454 -0.000790753    0.0226119
    0.018344  -0.00216962   0.00792574
 -0.00216962  0.000364549  -0.00136297
  0.00792574  -0.00136297    0.0221491
   0.0179976  -0.00201559   0.00685822
 -0.00201559  0.000392314  -0.00195832
  0.00685822  -0.00195832    0.0217475
   0.0178635  -0.00204909   0.00641341
 -0.00204909  0.000406605  -0.00200776
  0.00641341  -0.00200776    0.0214847
   0.0149885  -0.00210844   0.00353733
 -0.00210844  0.000410928  -0.00137701
  0.00353733  -0.00137701    0.0223988
   0.0152492  -0.00210193   0.00310308
 -0.00210193  0.000435583  -0.00170949
  0.00310308  -0.00170949     0.022052
   0.0136014  -0.00179139   0.00106968
 -0.00179139  0.000405328   -0.0015841
  0.00106968   -0.0015841    0.0217426
   0.0152742  -0.00195799   0.00244719
 -0.00195799  0.000457919  -0.00204798
  0.00244719  -0.00204798    0.0213199
   0.0141396  -0.00179576  0.000684088
 -0.00179576  0.000441858  -0.00195481
 0.000684088  -0.00195481    0.0218219
    0.014766  -0.00167104   0.00048438
 -0.00167104  0.000475607  -0.00228067
  0.00048438  -0.00228067    0.0212003
   0.0156988  -0.00176381    0.0021203
 -0.00176381  0.000481001  -0.00234862
   0.0021203  -0.00234862    0.0204123
   0.0133167  -0.00140669  -0.00131302
 -0.00140669  0.000411702  -0.00199571
 -0.00131302  -0.00199571    0.0214773
   0.0162373  -0.00147717   0.00180764
 -0.00147717  0.000504618  -0.00263118
  0.00180764  -0.00263118    0.0195857
   0.0168098  -0.00102287  0.000919703
 -0.00102287  0.000529878  -0.00292288
 0.000919703  -0.00292288    0.0196075
   0.0160234  -0.00100713 -0.000492535
 -0.00100713  0.000492439  -0.00271071
-0.000492535  -0.00271071    0.0197768
   0.0171588 -0.000477154 -0.000269942
-0.000477154  0.000556051  -0.00315152
-0.000269942  -0.00315152    0.0196397
   0.0169406 -0.000523925  -0.00132684
-0.000523925  0.000499375  -0.00289609
 -0.00132684  -0.00289609    0.0196256
   0.0176729 -2.55812e-06  -0.00240357
-2.55812e-06  0.000509956  -0.00299662
 -0.00240357  -0.00299662    0.0195941
   0.0173267  9.25203e-05   -0.0016168
 9.25203e-05  0.000588608  -0.00330272
  -0.0016168  -0.00330272    0.0197191
   0.0159728 -0.000530708  -0.00263237
-0.000530708  0.000429509  -0.00256823
 -0.00263237  -0.00256823      0.01968
   0.0173648 -6.83097e-05  -0.00350522
-6.83097e-05  0.000422333  -0.00263821
 -0.00350522  -0.00263821    0.0196736
   0.0163109 -0.000186509  -0.00431857
-0.000186509  0.000341362  -0.00222962
 -0.00431857  -0.00222962     0.019437
   0.0151927 -0.000547434   -0.0036002
-0.000547434  0.000367929  -0.00228319
  -0.0036002  -0.00228319    0.0201392
   0.0152332 -0.000933491  -0.00189439
-0.000933491  0.000443215  -0.00250565
 -0.00189439  -0.00250565    0.0203972
   0.0140319 -0.000931737   -0.0029503
-0.000931737   0.00040097   -0.0022639
  -0.0029503   -0.0022639    0.0214854
   0.0142908  -0.00128962  -0.00152604
 -0.00128962  0.000445597  -0.00231831
 -0.00152604  -0.00231831    0.0211649
   0.0153516  -0.00138367 -3.01482e-05
 -0.00138367  0.000482149  -0.00250931
-3.01482e-05  -0.00250931      0.02056
   0.0142969 -0.000512155  -0.00437038
-0.000512155  0.000324273  -0.00209824
 -0.00437038  -0.00209824    0.0205876
   0.0152207 -0.000250464  -0.00487845
-0.000250464  0.000271808  -0.00181092
 -0.00487845  -0.00181092    0.0187665
  0.00652117  -0.00501777  -0.00345718
 -0.00501777   0.00442352   0.00445571
 -0.00345718   0.00445571    0.0220932
   0.0065526  -0.00522385  -0.00303055
 -0.00522385   0.00460239   0.00400396
 -0.00303055   0.00400396    0.0223276
  0.00634756   -0.0045841  -0.00256348
  -0.0045841   0.00363057   0.00274119
 -0.00256348   0.00274119    0.0225451
  0.00654309  -0.00478274  -0.00205778
 -0.00478274   0.00380744   0.00267074
 -0.00205778   0.00267074    0.0228831
  0.00673167  -0.00538627  -0.00247784
 -0.00538627    0.0047262   0.00382382
 -0.00247784   0.00382382     0.022561
  0.00633329  -0.00421563  -0.00160076
 -0.00421563   0.00301513   0.00168151
 -0.00160076   0.00168151    0.0232244
  0.00690536   -0.0048931  -0.00141277
  -0.0048931   0.00387566   0.00294898
 -0.00141277   0.00294898     0.023244
  0.00670777  -0.00434416  -0.00100358
 -0.00434416   0.00310001   0.00202342
 -0.00100358   0.00202342    0.0236859
  0.00724665  -0.00439843 -0.000287191
 -0.00439843   0.00314703   0.00261639
-0.000287191   0.00261639    0.0241543
  0.00708073  -0.00546796  -0.00178689
 -0.00546796    0.0047682   0.00398987
 -0.00178689   0.00398987    0.0228181
  0.00742939  -0.00492879 -0.000642001
 -0.00492879    0.0039304   0.00348863
-0.000642001   0.00348863    0.0236071
    0.007584  -0.00548928 -0.000978908
 -0.00548928    0.0048396   0.00443579
-0.000978908   0.00443579    0.0230818
  0.00651657  -0.00389054 -0.000634761
 -0.00389054   0.00250993   0.00137195
-0.000634761   0.00137195    0.0241395
  0.00705456  -0.00394726  3.15282e-05
 -0.00394726   0.00254285    0.0019547
 3.15282e-05    0.0019547    0.0246996
  0.00688927  -0.00362727  0.000290977
 -0.00362727   0.00215509   0.00148345
 0.000290977   0.00148345    0.0252239
  0.00675754  -0.00377705 -0.000522753
 -0.00377705   0.00224823   0.00105472
-0.000522753   0.00105472    0.0247507
  0.00637637  -0.00388347  -0.00131282
 -0.00388347   0.00247457   0.00107726
 -0.00131282   0.00107726    0.0237055
  0.00685881  -0.00387358  -0.00121544
 -0.00387358   0.00227162  0.000797312
 -0.00121544  0.000797312     0.024268
  0.00635369  -0.00374481  -0.00179067
 -0.00374481   0.00230221   0.00105884
 -0.00179067   0.00105884    0.0232274
   0.0062076  -0.00403932  -0.00212141
 -0.00403932   0.00283266   0.00170761
 -0.00212141   0.00170761    0.0228398
  0.00617444  -0.00377637  -0.00244401
 -0.00377637   0.00255775   0.00196166
 -0.00244401   0.00196166    0.0223939
  0.00690427  -0.00374073  -0.00168085
 -0.00374073   0.00209785  0.000822726
 -0.00168085  0.000822726    0.0223157
  0.00631654  -0.00347072  -0.00206947
 -0.00347072   0.00201655   0.00127953
 -0.00206947   0.00127953    0.0221558
  0.00678844  -0.00346027  -0.00193392
 -0.00346027   0.00184043   0.00101976
 -0.00193392   0.00101976    0.0214125
   0.0063088  -0.00433879  -0.00293333
 -0.00433879   0.00338388   0.00307825
 -0.00293333   0.00307825    0.0222014
  0.00818992  -0.00543021  -0.00012287
 -0.00543021   0.00496211   0.00510535
 -0.00012287   0.00510535     0.023302
  0.00806941  -0.00488633  0.000177001
 -0.00488633   0.00400695   0.00421927
 0.000177001   0.00421927    0.0239363
   0.0087194  -0.00477332  0.000937333
 -0.00477332   0.00415908   0.00502962
 0.000937333   0.00502962    0.0241919
  0.00879175  -0.00528881  0.000670063
 -0.00528881   0.00518371   0.00590102
 0.000670063   0.00590102    0.0234357
  0.00858468  -0.00428966   0.00119241
 -0.00428966   0.00326768   0.00414056
  0.00119241   0.00414056    0.0249708
  0.00923026   -0.0045849   0.00150957
  -0.0045849   0.00436814   0.00585423
  0.00150957   0.00585423    0.0243766
  0.00914563  -0.00415292   0.00171955
 -0.00415292   0.00339838   0.00487723
  0.00171955   0.00487723     0.025285
  0.00945149  -0.00400559   0.00197777
 -0.00400559   0.00355696   0.00543123
  0.00197777   0.00543123    0.0255393
  0.00924155   -0.0050482   0.00127668
  -0.0050482   0.00547389   0.00675782
  0.00127668   0.00675782    0.0234948
  0.00947488  -0.00436617   0.00181913
 -0.00436617   0.00459856    0.0065345
  0.00181913    0.0065345    0.0245078
  0.00942647  -0.00476975   0.00162231
 -0.00476975   0.00578908   0.00752727
  0.00162231   0.00752727    0.0235023
  0.00899859  -0.00379806   0.00186855
 -0.00379806   0.00265154   0.00394709
  0.00186855   0.00394709    0.0261854
  0.00935118  -0.00371352   0.00207829
 -0.00371352   0.00275088   0.00432058
  0.00207829   0.00432058    0.0265503
   0.0091959  -0.00351623   0.00212412
 -0.00351623   0.00219975   0.00324524
  0.00212412   0.00324524    0.0275049
  0.00881392  -0.00355248   0.00196376
 -0.00355248   0.00214013   0.00307161
  0.00196376   0.00307161    0.0270422
  0.00840948  -0.00389103   0.00139359
 -0.00389103   0.00258503   0.00335011
  0.00139359   0.00335011    0.0257473
  0.00822008  -0.00360484   0.00154118
 -0.00360484   0.00212115   0.00264892
  0.00154118   0.00264892    0.0264897
  0.00772068  -0.00394395  0.000739849
 -0.00394395   0.00255263    0.0026612
 0.000739849    0.0026612    0.0252442
  0.00790429  -0.00437389   0.00048089
 -0.00437389   0.00318377   0.00336283
  0.00048089   0.00336283    0.0245904
   0.0075366  -0.00362784  0.000947842
 -0.00362784   0.00212908   0.00209522
 0.000947842   0.00209522    0.0258685
   0.0135018  -0.00605817  -0.00117122
 -0.00605817   0.00288308   0.00192741
 -0.00117122   0.00192741    0.0215388
   0.0121101  -0.00551045 -0.000602319
 -0.00551045   0.00268342   0.00197932
-0.000602319   0.00197932     0.022444
    0.010259  -0.00434602  0.000526023
 -0.00434602   0.00204921   0.00174477
 0.000526023   0.00174477    0.0248084
  0.00945454  -0.00422252   0.00048287
 -0.00422252   0.00208388   0.00174676
  0.00048287   0.00174676    0.0247566
   0.0119538  -0.00571068  -0.00098543
 -0.00571068   0.00290422   0.00212969
 -0.00098543   0.00212969    0.0218064
  0.00830735  -0.00357163   0.00110596
 -0.00357163   0.00178175   0.00174665
  0.00110596   0.00174665    0.0257528
  0.00929597  -0.00442041 -1.37055e-05
 -0.00442041   0.00227913   0.00169248
-1.37055e-05   0.00169248    0.0243292
  0.00776367  -0.00358993  0.000692048
 -0.00358993    0.0018617   0.00152671
 0.000692048   0.00152671    0.0255304
  0.00806215  -0.00401918 -7.84959e-05
 -0.00401918   0.00215822   0.00132273
-7.84959e-05   0.00132273     0.025488
   0.0110774  -0.00557711  -0.00134637
 -0.00557711   0.00297746   0.00219887
 -0.00134637   0.00219887    0.0206933
  0.00927942  -0.00472419 -0.000946164
 -0.00472419   0.00255178   0.00170432
-0.000946164   0.00170432     0.022176
   0.0108161  -0.00573311  -0.00192991
 -0.00573311   0.00319259   0.00227962
 -0.00192991   0.00227962    0.0195194
  0.00733585  -0.00340401   0.00102733
 -0.00340401   0.00185212   0.00167526
  0.00102733   0.00167526    0.0259017
  0.00721966  -0.00365088  0.000264166
 -0.00365088   0.00203214   0.00128886
 0.000264166   0.00128886    0.0255786
  0.00807717  -0.00344849   0.00145658
 -0.00344849   0.00183677   0.00209957
  0.00145658   0.00209957    0.0264276
  0.00876541  -0.00347066   0.00175724
 -0.00347066   0.00183668    0.0023687
  0.00175724    0.0023687    0.0271338
  0.00924945  -0.00374228   0.00122163
 -0.00374228   0.00180563   0.00188395
  0.00122163   0.00188395    0.0260163
   0.0100809  -0.00393582   0.00118595
 -0.00393582    0.0018692   0.00180406
  0.00118595   0.00180406    0.0266994
  0.00926321  -0.00351277    0.0018092
 -0.00351277   0.00187974   0.00239743
   0.0018092   0.00239743    0.0277333
   0.0114428   -0.0047509  0.000136491
  -0.0047509   0.00218361    0.0016608
 0.000136491    0.0016608    0.0244152
   0.0106275  -0.00575195  -0.00218221
 -0.00575195    0.0032507   0.00223921
 -0.00218221   0.00223921    0.0189553
  0.00949434  -0.00496886  -0.00168316
 -0.00496886   0.00271594   0.00167485
 -0.00168316   0.00167485    0.0203707
    0.010053  -0.00523872  -0.00236759
 -0.00523872   0.00284246   0.00184862
 -0.00236759   0.00184862    0.0199714
   0.0108705  -0.00585795  -0.00256335
 -0.00585795   0.00328922   0.00233975
 -0.00256335   0.00233975    0.0189279
  0.00892419  -0.00458959  -0.00187268
 -0.00458959   0.00245931   0.00133828
 -0.00187268   0.00133828     0.021173
   0.0100436  -0.00494564  -0.00247524
 -0.00494564   0.00259003   0.00190574
 -0.00247524   0.00190574    0.0196608
  0.00932057  -0.00456276  -0.00223526
 -0.00456276   0.00233294   0.00130199
 -0.00223526   0.00130199    0.0208835
  0.00902946  -0.00415424  -0.00240654
 -0.00415424    0.0020206   0.00132475
 -0.00240654   0.00132475     0.021051
   0.0105209  -0.00539416  -0.00273378
 -0.00539416   0.00295082   0.00240285
 -0.00273378   0.00240285    0.0178466
   0.0096885  -0.00438071  -0.00252129
 -0.00438071   0.00216273   0.00189096
 -0.00252129   0.00189096    0.0190199
   0.0103822  -0.00494235  -0.00275255
 -0.00494235   0.00263348   0.00260696
 -0.00275255   0.00260696    0.0178909
  0.00792846  -0.00401491  -0.00195215
 -0.00401491    0.0021128   0.00101553
 -0.00195215   0.00101553    0.0212815
  0.00755534  -0.00358199  -0.00207107
 -0.00358199   0.00178545    0.0010882
 -0.00207107    0.0010882    0.0210248
  0.00770646  -0.00409338  -0.00144548
 -0.00409338   0.00225186  0.000924407
 -0.00144548  0.000924407    0.0226279
  0.00741628  -0.00393413 -0.000580612
 -0.00393413    0.0022008  0.000993977
-0.000580612  0.000993977    0.0253589
  0.00837546  -0.00433473  -0.00115635
 -0.00433473   0.00234911   0.00126237
 -0.00115635   0.00126237    0.0227568
   0.0093147  -0.00450963   0.00170235
 -0.00450963   0.00604081   0.00810474
  0.00170235   0.00810474    0.0234769
  0.00941973   -0.0041778   0.00185221
  -0.0041778   0.00477689   0.00697695
  0.00185221   0.00697695    0.0245978
  0.00911783  -0.00404792   0.00166441
 -0.00404792   0.00485772    0.0071526
  0.00166441    0.0071526    0.0246546
  0.00897984  -0.00431268   0.00156808
 -0.00431268    0.0062005   0.00844675
  0.00156808   0.00844675     0.023434
  0.00919048  -0.00382713    0.0017005
 -0.00382713   0.00371512   0.00571039
   0.0017005   0.00571039    0.0258793
  0.00867669  -0.00395507    0.0013278
 -0.00395507   0.00483432    0.0071354
   0.0013278    0.0071354    0.0247054
  0.00877763  -0.00378689   0.00129886
 -0.00378689   0.00365446   0.00551047
  0.00129886   0.00551047    0.0259994
  0.00830866   -0.0037201  0.000819056
  -0.0037201   0.00352532   0.00522225
 0.000819056   0.00522225    0.0261132
  0.00852099  -0.00415608   0.00128945
 -0.00415608    0.0062424   0.00859595
  0.00128945   0.00859595    0.0234031
  0.00818581  -0.00384742  0.000909927
 -0.00384742   0.00472099   0.00700743
 0.000909927   0.00700743    0.0247583
  0.00803414  -0.00399911   0.00092454
 -0.00399911   0.00618088   0.00862744
  0.00092454   0.00862744     0.023383
  0.00881883  -0.00366893   0.00120627
 -0.00366893   0.00280024   0.00386489
  0.00120627   0.00386489     0.027222
  0.00837821  -0.00363145  0.000668125
 -0.00363145   0.00268884   0.00341053
 0.000668125   0.00341053    0.0273741
  0.00839346  -0.00358716  0.000495873
 -0.00358716   0.00222234   0.00168057
 0.000495873   0.00168057    0.0285128
  0.00880097  -0.00360235     0.001086
 -0.00360235    0.0022793   0.00225842
    0.001086   0.00225842    0.0283403
   0.0091954  -0.00366539   0.00167429
 -0.00366539   0.00286027   0.00423547
  0.00167429   0.00423547    0.0270514
  0.00913638  -0.00356262   0.00161483
 -0.00356262   0.00230275   0.00277711
  0.00161483   0.00277711    0.0281314
  0.00940873  -0.00366724    0.0019956
 -0.00366724   0.00283977   0.00441531
   0.0019956   0.00441531     0.026836
  0.00944911  -0.00388964   0.00195452
 -0.00388964   0.00367851   0.00571195
  0.00195452   0.00571195    0.0257344
  0.00929614   -0.0035194   0.00199472
  -0.0035194   0.00226746   0.00313445
  0.00199472   0.00313445    0.0278633
  0.00755756  -0.00381945  0.000498419
 -0.00381945   0.00602558   0.00863017
 0.000498419   0.00863017    0.0233531
  0.00770663  -0.00368878  0.000429127
 -0.00368878   0.00452991   0.00687207
 0.000429127   0.00687207    0.0247933
  0.00725546  -0.00347884 -9.94419e-05
 -0.00347884   0.00429407   0.00679803
-9.94419e-05   0.00679803    0.0248015
  0.00711279  -0.00360976  2.96769e-05
 -0.00360976    0.0058238   0.00865935
 2.96769e-05   0.00865935    0.0232989
   0.0073886  -0.00335871 -0.000295263
 -0.00335871   0.00310131   0.00475389
-0.000295263   0.00475389    0.0262471
  0.00684186  -0.00324743 -0.000662071
 -0.00324743   0.00405362    0.0067736
-0.000662071    0.0067736    0.0247976
  0.00697517  -0.00309606 -0.000909859
 -0.00309606   0.00284548   0.00464876
-0.000909859   0.00464876     0.026275
  0.00664069  -0.00283404  -0.00147379
 -0.00283404   0.00259295   0.00463151
 -0.00147379   0.00463151    0.0261105
  0.00670887  -0.00339006 -0.000466973
 -0.00339006   0.00561165   0.00870172
-0.000466973   0.00870172    0.0232325
  0.00648356  -0.00300691  -0.00121996
 -0.00300691   0.00381949   0.00680798
 -0.00121996   0.00680798    0.0245641
  0.00635844  -0.00316631 -0.000961555
 -0.00316631   0.00541165   0.00876725
-0.000961555   0.00876725    0.0231691
  0.00709841  -0.00297598  -0.00119759
 -0.00297598   0.00207244   0.00250619
 -0.00119759   0.00250619    0.0275836
  0.00690987  -0.00269904   -0.0017698
 -0.00269904   0.00180814   0.00247372
  -0.0017698   0.00247372    0.0271761
  0.00704851  -0.00259315  -0.00200868
 -0.00259315   0.00145967  0.000461577
 -0.00200868  0.000461577    0.0284717
  0.00718899  -0.00290589  -0.00146875
 -0.00290589   0.00172685  0.000526866
 -0.00146875  0.000526866    0.0286688
  0.00750044  -0.00327343 -0.000547555
 -0.00327343    0.0023192   0.00268792
-0.000547555   0.00268792    0.0275579
  0.00756845  -0.00322908 -0.000794002
 -0.00322908   0.00195748  0.000761686
-0.000794002  0.000761686    0.0286839
  0.00793044  -0.00350418  7.88874e-05
 -0.00350418   0.00252884   0.00299035
 7.88874e-05   0.00299035    0.0274922
  0.00783365  -0.00358019  0.000285277
 -0.00358019   0.00333422   0.00494231
 0.000285277   0.00494231    0.0261995
  0.00797076  -0.00346886 -0.000132578
 -0.00346886   0.00211624   0.00115139
-0.000132578   0.00115139    0.0286338
   0.0131712   -0.0055408  -0.00528646
  -0.0055408   0.00277954 -0.000498541
 -0.00528646 -0.000498541    0.0216318
    0.013655  -0.00592046  -0.00481522
 -0.00592046   0.00296333 -0.000528673
 -0.00481522 -0.000528673    0.0217803
    0.010697   -0.0044709  -0.00363648
  -0.0044709   0.00232981  -0.00139329
 -0.00363648  -0.00139329    0.0254733
   0.0111243  -0.00477394  -0.00307176
 -0.00477394   0.00242016  -0.00119494
 -0.00307176  -0.00119494    0.0255426
   0.0140932  -0.00619925  -0.00432009
 -0.00619925   0.00305092 -0.000431956
 -0.00432009 -0.000431956    0.0218265
  0.00903676  -0.00383581  -0.00192613
 -0.00383581   0.00204642  -0.00138048
 -0.00192613  -0.00138048     0.028138
   0.0115078  -0.00496674  -0.00250347
 -0.00496674   0.00243273 -0.000876606
 -0.00250347 -0.000876606    0.0255132
  0.00942548  -0.00404506  -0.00130039
 -0.00404506   0.00207824 -0.000965022
 -0.00130039 -0.000965022    0.0281056
  0.00980116  -0.00414856 -0.000670155
 -0.00414856   0.00208015 -0.000424176
-0.000670155 -0.000424176    0.0279943
   0.0144274  -0.00639056  -0.00381305
 -0.00639056   0.00308031 -0.000204427
 -0.00381305 -0.000204427    0.0217659
   0.0118288  -0.00508022  -0.00191716
 -0.00508022   0.00242158 -0.000404121
 -0.00191716 -0.000404121     0.025386
   0.0146881  -0.00650124  -0.00328316
 -0.00650124   0.00307556   0.00015876
 -0.00328316   0.00015876    0.0216355
  0.00826246  -0.00355632 -0.000588819
 -0.00355632   0.00196049  -0.00022336
-0.000588819  -0.00022336    0.0289993
  0.00865683  -0.00366767  5.38051e-05
 -0.00366767   0.00200878  0.000349363
 5.38051e-05  0.000349363    0.0288774
  0.00787434  -0.00332767   -0.0012467
 -0.00332767   0.00186915 -0.000655247
  -0.0012467 -0.000655247    0.0290345
  0.00751134  -0.00298892  -0.00191683
 -0.00298892   0.00168244 -0.000921708
 -0.00191683 -0.000921708    0.0289738
  0.00864666  -0.00350897  -0.00255881
 -0.00350897   0.00191299  -0.00163457
 -0.00255881  -0.00163457    0.0280556
  0.00847337  -0.00311628   -0.0031094
 -0.00311628   0.00164832  -0.00168999
  -0.0031094  -0.00168999    0.0279199
  0.00750725  -0.00266651   -0.0024732
 -0.00266651   0.00141887 -0.000972173
  -0.0024732 -0.000972173    0.0286712
   0.0104327  -0.00409181    -0.004161
 -0.00409181    0.0021104  -0.00141362
   -0.004161  -0.00141362    0.0253022
   0.0148591  -0.00653742  -0.00273881
 -0.00653742   0.00304507  0.000641952
 -0.00273881  0.000641952    0.0214422
   0.0120869  -0.00509285  -0.00133257
 -0.00509285   0.00237787  0.000176077
 -0.00133257  0.000176077    0.0251975
   0.0122227  -0.00505398 -0.000791513
 -0.00505398   0.00231397  0.000813948
-0.000791513  0.000813948    0.0249307
   0.0149079  -0.00654107  -0.00218204
 -0.00654107   0.00301976   0.00114239
 -0.00218204   0.00114239     0.021301
   0.0103458  -0.00409422  0.000512913
 -0.00409422   0.00198448  0.000888651
 0.000512913  0.000888651    0.0275643
   0.0120958  -0.00496324  -0.00026234
 -0.00496324   0.00225651   0.00131289
 -0.00026234   0.00131289    0.0246409
    0.010382  -0.00401395  0.000929727
 -0.00401395   0.00191321    0.0014676
 0.000929727    0.0014676    0.0272195
   0.0143581  -0.00631798  -0.00162461
 -0.00631798   0.00292816   0.00160167
 -0.00162461   0.00160167    0.0213695
  0.00941084  -0.00353794   0.00164226
 -0.00353794   0.00192849   0.00212096
  0.00164226   0.00212096     0.028159
  0.00930374  -0.00361087   0.00123606
 -0.00361087   0.00198779    0.0016185
  0.00123606    0.0016185    0.0284664
  0.00902515  -0.00366611  0.000673299
 -0.00366611   0.00201468  0.000988421
 0.000673299  0.000988421    0.0286984
   0.0101228  -0.00415868  -4.8143e-05
 -0.00415868   0.00205102  0.000218489
 -4.8143e-05  0.000218489    0.0278111
   0.0052186  -0.00841733  -0.00172972
 -0.00841733    0.0253645    0.0147707
 -0.00172972    0.0147707    0.0156023
  0.00559541  -0.00840625  -0.00118085
 -0.00840625     0.024169      0.01405
 -0.00118085      0.01405    0.0160304
  0.00575785  -0.00825701  -0.00174782
 -0.00825701    0.0202287    0.0130888
 -0.00174782    0.0130888    0.0172957
  0.00616923  -0.00825898  -0.00114088
 -0.00825898    0.0193556    0.0123839
 -0.00114088    0.0123839    0.0175227
  0.00603981  -0.00838292 -0.000619683
 -0.00838292    0.0230495    0.0134329
-0.000619683    0.0134329    0.0163862
   0.0063326  -0.00808398  -0.00169448
 -0.00808398    0.0159837    0.0112566
 -0.00169448    0.0112566    0.0186248
  0.00663335  -0.00822987  -0.00054231
 -0.00822987    0.0186104    0.0118975
