           0            0            0
           0            0            0
           0            0            0
   0.0322845  -0.00536739   0.00904611
 -0.00536739   0.00143877  -0.00305877
  0.00904611  -0.00305877    0.0185264
   0.0283015  -0.00410007    0.0115337
 -0.00410007  0.000865421   -0.0024761
   0.0115337   -0.0024761    0.0225369
   0.0242689  -0.00390573    0.0138958
 -0.00390573  0.000828284  -0.00207829
   0.0138958  -0.00207829    0.0249008
    0.023307  -0.00415218     0.014943
 -0.00415218  0.000929391  -0.00150549
    0.014943  -0.00150549    0.0249976
   0.0233876  -0.00440003    0.0141409
 -0.00440003   0.00107004 -0.000884327
   0.0141409 -0.000884327    0.0250597
    0.021177  -0.00421775     0.012574
 -0.00421775   0.00102821  -0.00103839
    0.012574  -0.00103839    0.0226454
   0.0220218  -0.00446504    0.0113847
 -0.00446504   0.00114342 -0.000515231
   0.0113847 -0.000515231    0.0236711
   0.0235253  -0.00454205    0.0127596
 -0.00454205   0.00115386 -0.000470262
   0.0127596 -0.000470262    0.0251425
   0.0218063  -0.00435866   0.00891742
 -0.00435866   0.00111976 -0.000254009
  0.00891742 -0.000254009    0.0242997
   0.0234232  -0.00450491    0.0103964
 -0.00450491   0.00113799 -0.000256058
   0.0103964 -0.000256058    0.0258133
   0.0217369  -0.00393781   0.00593972
 -0.00393781  0.000977551 -0.000309842
  0.00593972 -0.000309842    0.0252252
   0.0235245  -0.00441506   0.00917079
 -0.00441506   0.00105727  -0.00033676
  0.00917079  -0.00033676     0.025882
   0.0471753  0.000570293    0.0172605
 0.000570293   0.00108855   0.00298747
   0.0172605   0.00298747     0.022442
   0.0415015 -0.000698696    0.0196522
-0.000698696   0.00139443   0.00387333
   0.0196522   0.00387333     0.026418
   0.0398595 -1.69288e-05    0.0190904
-1.69288e-05   0.00106702   0.00347782
   0.0190904   0.00347782    0.0263871
   0.0367728   -0.0007124    0.0212246
  -0.0007124   0.00140458   0.00409235
   0.0212246   0.00409235    0.0295184
   0.0374005  -0.00122237    0.0211763
 -0.00122237   0.00172412   0.00437688
   0.0211763   0.00437688    0.0292148
   0.0334743 -0.000658811    0.0196578
-0.000658811   0.00108771   0.00337976
   0.0196578   0.00337976    0.0289666
   0.0342908  -0.00123377    0.0214245
 -0.00123377   0.00163457   0.00420837
   0.0214245   0.00420837    0.0305817
   0.0316778   -0.0012532    0.0202826
  -0.0012532   0.00136411   0.00361926
   0.0202826   0.00361926    0.0302333
   0.0314017  -0.00179421    0.0199738
 -0.00179421   0.00147335   0.00344386
   0.0199738   0.00344386    0.0302522
   0.0342614  -0.00160381    0.0209435
 -0.00160381   0.00188203   0.00438777
   0.0209435   0.00438777    0.0301039
   0.0337044  -0.00177874    0.0208418
 -0.00177874   0.00165663   0.00388558
   0.0208418   0.00388558    0.0304955
   0.0332799  -0.00209837    0.0200989
 -0.00209837   0.00181564   0.00395955
   0.0200989   0.00395955    0.0300203
   0.0288173  -0.00162597    0.0188063
 -0.00162597    0.0011054   0.00266689
   0.0188063   0.00266689    0.0296828
   0.0284937  -0.00215583    0.0185871
 -0.00215583    0.0012872   0.00265516
   0.0185871   0.00265516    0.0297571
   0.0268708  -0.00276063      0.01783
 -0.00276063   0.00112703   0.00164287
     0.01783   0.00164287    0.0295866
   0.0275591  -0.00226578    0.0181867
 -0.00226578  0.000908735   0.00146194
   0.0181867   0.00146194    0.0296072
   0.0306219 -0.000981325     0.018139
-0.000981325  0.000816289    0.0023088
    0.018139    0.0023088    0.0284075
   0.0299344  -0.00165206    0.0178568
 -0.00165206  0.000646988  0.000966486
   0.0178568  0.000966486    0.0285531
   0.0336885 -0.000138076    0.0159828
-0.000138076  0.000558524   0.00157055
   0.0159828   0.00157055    0.0253058
   0.0361734  0.000154859    0.0172757
 0.000154859  0.000777095   0.00268515
   0.0172757   0.00268515     0.025715
   0.0405473   0.00146361    0.0141865
  0.00146361  0.000620252   0.00169195
   0.0141865   0.00169195    0.0214197
   0.0337945 -0.000932088     0.015943
-0.000932088  0.000459249  0.000187553
    0.015943  0.000187553    0.0257023
    0.038706  0.000916593    0.0133311
 0.000916593   0.00045267  0.000618051
   0.0133311  0.000618051    0.0212322
    0.040482 -0.000500843    0.0137567
-0.000500843  0.000460124 -0.000759417
   0.0137567 -0.000759417    0.0219483
   0.0443008   0.00134697    0.0160164
  0.00134697  0.000837769   0.00250564
   0.0160164   0.00250564    0.0220655
   0.0324807  -0.00264534    0.0185091
 -0.00264534   0.00158252   0.00320834
   0.0185091   0.00320834    0.0293257
   0.0332469   -0.0023797    0.0193615
  -0.0023797   0.00149501    0.0032053
   0.0193615    0.0032053    0.0296611
   0.0327862  -0.00279326    0.0177953
 -0.00279326   0.00121722   0.00230328
   0.0177953   0.00230328    0.0288832
   0.0316315  -0.00300586    0.0168421
 -0.00300586   0.00125351   0.00224578
   0.0168421   0.00224578    0.0286444
   0.0310601  -0.00274819    0.0172808
 -0.00274819   0.00118529   0.00213781
   0.0172808   0.00213781    0.0286662
   0.0322133  -0.00303665    0.0161914
 -0.00303665   0.00091193   0.00123524
   0.0161914   0.00123524    0.0281188
   0.0308781  -0.00294205    0.0158142
 -0.00294205  0.000909665   0.00119545
   0.0158142   0.00119545    0.0279307
   0.0306182  -0.00297439    0.0144041
 -0.00297439  0.000664814  0.000130918
   0.0144041  0.000130918    0.0272407
   0.0306824  -0.00319285    0.0151502
 -0.00319285  0.000927249   0.00114781
   0.0151502   0.00114781     0.027917
   0.0315562  -0.00314485    0.0146753
 -0.00314485  0.000673138  7.38454e-05
   0.0146753  7.38454e-05    0.0273784
   0.0296375  -0.00326979    0.0135332
 -0.00326979  0.000690462  8.13636e-06
   0.0135332  8.13636e-06    0.0271363
   0.0281862  -0.00311118     0.014763
 -0.00311118  0.000936889  0.000946843
    0.014763  0.000946843    0.0275982
   0.0281237  -0.00301201    0.0133929
 -0.00301201  0.000696472  4.89821e-05
   0.0133929  4.89821e-05    0.0269443
   0.0258956  -0.00333386    0.0125369
 -0.00333386  0.000770743 -0.000170309
   0.0125369 -0.000170309    0.0267604
   0.0260486  -0.00353019    0.0139778
 -0.00353019  0.000991712  0.000545985
   0.0139778  0.000545985    0.0274312
   0.0282325  -0.00300061    0.0161512
 -0.00300061   0.00116753   0.00171124
   0.0161512   0.00171124    0.0282927
   0.0262143   -0.0034859    0.0153911
  -0.0034859   0.00116657   0.00111626
   0.0153911   0.00111626    0.0281298
    0.028306  -0.00267987     0.017435
 -0.00267987   0.00130115      0.00229
    0.017435      0.00229    0.0290045
   0.0312009   -0.0023691    0.0186863
  -0.0023691   0.00139664   0.00290077
   0.0186863   0.00290077    0.0294339
   0.0264496   -0.0032189    0.0166753
  -0.0032189   0.00121812   0.00148981
   0.0166753   0.00148981    0.0288398
   0.0247087  -0.00461381    0.0122359
 -0.00461381   0.00116054 -0.000219057
   0.0122359 -0.000219057    0.0266421
   0.0247693  -0.00458213    0.0136381
 -0.00458213   0.00118487 -0.000246233
   0.0136381 -0.000246233    0.0266455
   0.0259397  -0.00446181     0.015163
 -0.00446181   0.00119879  7.67215e-06
    0.015163  7.67215e-06    0.0279801
   0.0245379  -0.00435768    0.0150364
 -0.00435768   0.00108836  -0.00056067
   0.0150364  -0.00056067    0.0263788
     0.02624  -0.00425087    0.0164172
 -0.00425087   0.00113493 -3.69619e-05
   0.0164172 -3.69619e-05    0.0285661
   0.0265011  -0.00388074    0.0174481
 -0.00388074  0.000963579 -0.000327784
   0.0174481 -0.000327784    0.0289523
   0.0248261  -0.00408624    0.0161817
 -0.00408624  0.000935773  -0.00103404
   0.0161817  -0.00103404    0.0267202
   0.0266028  -0.00387042    0.0169466
 -0.00387042   0.00117438  0.000605351
   0.0169466  0.000605351    0.0292011
   0.0270778  -0.00346106    0.0180847
 -0.00346106   0.00103187  0.000535415
   0.0180847  0.000535415    0.0299685
   0.0260269  -0.00407307    0.0155154
 -0.00407307   0.00118277  0.000458974
   0.0155154  0.000458974    0.0283889
   0.0255888  -0.00407043    0.0139566
 -0.00407043   0.00106479  9.17316e-05
   0.0139566  9.17316e-05     0.027585
   0.0254326  -0.00444126    0.0136925
 -0.00444126   0.00112474 -0.000182902
   0.0136925 -0.000182902    0.0274459
   0.0251751  -0.00423854    0.0122739
 -0.00423854  0.000967425 -0.000629726
   0.0122739 -0.000629726    0.0267084
   0.0251665  -0.00383241    0.0123495
 -0.00383241  0.000872589  -0.00045258
   0.0123495  -0.00045258    0.0268247
    0.024387  -0.00441098    0.0109329
 -0.00441098    0.0010219 -0.000522587
   0.0109329 -0.000522587    0.0263662
   0.0257168  -0.00374132    0.0159961
 -0.00374132  0.000781213  -0.00162121
   0.0159961  -0.00162121    0.0268991
   0.0294715  -0.00373018     0.014557
 -0.00373018  0.000745147  -0.00217668
    0.014557  -0.00217668    0.0254493
   0.0299014  -0.00314528    0.0163291
 -0.00314528  0.000636771  -0.00151164
   0.0163291  -0.00151164    0.0271867
   0.0333869  -0.00398488     0.011501
 -0.00398488  0.000906701  -0.00261452
    0.011501  -0.00261452    0.0214654
    0.033776  -0.00328463    0.0131666
 -0.00328463  0.000754725  -0.00215557
   0.0131666  -0.00215557    0.0230174
   0.0392135  -0.00405072    0.0109442
 -0.00405072   0.00111355  -0.00284698
   0.0109442  -0.00284698    0.0193304
   0.0370103  -0.00513927   0.00938968
 -0.00513927   0.00140485  -0.00312684
  0.00938968  -0.00312684     0.018308
   0.0341822  -0.00194859    0.0152431
 -0.00194859  0.000481545  -0.00108584
   0.0152431  -0.00108584    0.0252555
   0.0395637  -0.00214883    0.0126469
 -0.00214883  0.000656056  -0.00185502
   0.0126469  -0.00185502    0.0210603
   0.0301097  -0.00240508    0.0176096
 -0.00240508  0.000578491 -0.000363811
   0.0176096 -0.000363811    0.0284768
   0.0276188  -0.00296862    0.0182904
 -0.00296862  0.000801374   0.00019816
   0.0182904   0.00019816    0.0298696
   0.0270746  -0.00347039    0.0173661
 -0.00347039  0.000765783 -0.000841442
   0.0173661 -0.000841442    0.0286402
     0.02845  -0.00332465    0.0119737
 -0.00332465  0.000583455  -0.00109548
   0.0119737  -0.00109548    0.0263397
   0.0307821  -0.00321904     0.013243
 -0.00321904  0.000562669  -0.00111928
    0.013243  -0.00111928    0.0266687
   0.0299151  -0.00332386    0.0118837
 -0.00332386   0.00060675   -0.0022692
   0.0118837   -0.0022692    0.0260283
   0.0271717  -0.00340649    0.0104604
 -0.00340649   0.00062266  -0.00209736
   0.0104604  -0.00209736    0.0255891
   0.0299059  -0.00291915    0.0118727
 -0.00291915   0.00054847  -0.00221121
   0.0118727  -0.00221121    0.0260749
   0.0288685  -0.00351207    0.0105739
 -0.00351207   0.00078557  -0.00329479
   0.0105739  -0.00329479    0.0254682
   0.0293494  -0.00302638    0.0107316
 -0.00302638  0.000716134  -0.00332196
   0.0107316  -0.00332196    0.0256174
    0.028623  -0.00325909   0.00968747
 -0.00325909  0.000981173  -0.00426197
  0.00968747  -0.00426197    0.0252218
   0.0258505  -0.00352503   0.00901481
 -0.00352503  0.000773495  -0.00295135
  0.00901481  -0.00295135    0.0249066
    0.027698    -0.003747   0.00934542
   -0.003747   0.00104413  -0.00414703
  0.00934542  -0.00414703    0.0249487
   0.0244842  -0.00363437   0.00766903
 -0.00363437  0.000988057  -0.00366368
  0.00766903  -0.00366368    0.0242401
   0.0275717  -0.00238422   0.00972428
 -0.00238422  0.000623855  -0.00315662
  0.00972428  -0.00315662    0.0254006
   0.0272581  -0.00242745   0.00876715
 -0.00242745   0.00085609  -0.00409959
  0.00876715  -0.00409959    0.0250439
   0.0250185  -0.00167553   0.00740416
 -0.00167553  0.000738591  -0.00383444
  0.00740416  -0.00383444    0.0247099
   0.0252275  -0.00196182   0.00847129
 -0.00196182  0.000564548  -0.00296015
  0.00847129  -0.00296015    0.0251187
   0.0277958  -0.00252467    0.0108396
 -0.00252467  0.000502121  -0.00207582
   0.0108396  -0.00207582    0.0258319
   0.0254572    -0.002432   0.00972115
   -0.002432  0.000509645   -0.0019857
  0.00972115   -0.0019857     0.025585
   0.0279625   -0.0027854    0.0120627
  -0.0027854   0.00052994 -0.000975287
   0.0120627 -0.000975287    0.0263446
    0.030272  -0.00293654    0.0130869
 -0.00293654  0.000526932   -0.0010281
   0.0130869   -0.0010281    0.0266188
   0.0256755  -0.00294669     0.011095
 -0.00294669  0.000582931  -0.00102603
    0.011095  -0.00102603    0.0261342
   0.0230826  -0.00363514   0.00640981
 -0.00363514   0.00122752  -0.00430559
  0.00640981  -0.00430559    0.0235249
   0.0264295  -0.00394027   0.00814748
 -0.00394027   0.00132637  -0.00485521
  0.00814748  -0.00485521    0.0244032
   0.0251665  -0.00390675   0.00697356
 -0.00390675    0.0016297  -0.00550182
  0.00697356  -0.00550182    0.0237767
   0.0216773  -0.00337761   0.00527069
 -0.00337761   0.00152348  -0.00497899
  0.00527069  -0.00497899    0.0227175
   0.0268667  -0.00372575   0.00763912
 -0.00372575   0.00156997  -0.00565777
  0.00763912  -0.00565777    0.0243953
   0.0238197  -0.00351215   0.00587853
 -0.00351215   0.00199159  -0.00617014
  0.00587853  -0.00617014     0.023044
   0.0259149   -0.0035951   0.00660936
  -0.0035951   0.00188574  -0.00624502
  0.00660936  -0.00624502    0.0238801
   0.0247871  -0.00303399   0.00563884
 -0.00303399   0.00227366   -0.0068571
  0.00563884   -0.0068571    0.0232882
   0.0201823  -0.00277147   0.00431309
 -0.00277147   0.00192918  -0.00575366
  0.00431309  -0.00575366     0.021815
   0.0222348  -0.00268199   0.00490154
 -0.00268199   0.00249029  -0.00692222
  0.00490154  -0.00692222    0.0222405
   0.0185535  -0.00179598   0.00354661
 -0.00179598   0.00255915  -0.00666471
  0.00354661  -0.00666471     0.020891
   0.0257647  -0.00296543   0.00604466
 -0.00296543   0.00164107  -0.00595463
  0.00604466  -0.00595463    0.0240627
   0.0251774  -0.00268714   0.00517153
 -0.00268714   0.00191895  -0.00642265
  0.00517153  -0.00642265    0.0236954
   0.0238324  -0.00184506   0.00371925
 -0.00184506   0.00152743  -0.00576336
  0.00371925  -0.00576336    0.0235322
   0.0240709  -0.00190763   0.00457484
 -0.00190763   0.00135298  -0.00546116
  0.00457484  -0.00546116    0.0237616
   0.0262987  -0.00288217   0.00695893
 -0.00288217    0.0013818  -0.00545815
  0.00695893  -0.00545815    0.0243998
   0.0244018  -0.00176689   0.00548854
 -0.00176689   0.00116512  -0.00507755
  0.00548854  -0.00507755    0.0240311
   0.0267816  -0.00264134   0.00785941
 -0.00264134   0.00111977  -0.00486106
  0.00785941  -0.00486106    0.0247221
   0.0277477  -0.00355231    0.0086717
 -0.00355231   0.00127155  -0.00502398
   0.0086717  -0.00502398    0.0248331
    0.024721  -0.00164236   0.00643952
 -0.00164236  0.000955513  -0.00454763
  0.00643952  -0.00454763    0.0243537
   0.0212049  0.000781082  -0.00132437
 0.000781082  0.000765606  -0.00393229
 -0.00132437  -0.00393229     0.022512
   0.0216133  0.000556453  0.000128383
 0.000556453  0.000780334  -0.00408617
 0.000128383  -0.00408617     0.022718
   0.0212449  0.000364591  0.000870213
 0.000364591  0.000862366   -0.0043339
 0.000870213   -0.0043339    0.0228784
    0.021724  1.40671e-05   0.00229734
 1.40671e-05  0.000809594  -0.00419173
  0.00229734  -0.00419173    0.0232338
   0.0222634 -1.13365e-05   0.00170238
-1.13365e-05  0.000745519  -0.00396416
  0.00170238  -0.00396416    0.0230729
   0.0217452 -0.000218797   0.00300612
-0.000218797  0.000884877  -0.00441906
  0.00300612  -0.00441906    0.0233907
   0.0223911 -0.000672157   0.00379865
-0.000672157  0.000719344  -0.00382173
  0.00379865  -0.00382173    0.0237078
   0.0222026 -0.000632937   0.00432692
-0.000632937  0.000761687    -0.004016
  0.00432692    -0.004016    0.0238386
   0.0228727  -0.00132027   0.00573033
 -0.00132027  0.000647094  -0.00342979
  0.00573033  -0.00342979    0.0243413
   0.0229447 -0.000878981    0.0032472
-0.000878981  0.000678772  -0.00359541
   0.0032472  -0.00359541    0.0234706
   0.0232854  -0.00159139   0.00539421
 -0.00159139  0.000645256  -0.00327353
  0.00539421  -0.00327353    0.0242247
   0.0233884  -0.00185012   0.00467048
 -0.00185012  0.000629897  -0.00301704
  0.00467048  -0.00301704    0.0237147
   0.0228995 -0.000928687   0.00513802
-0.000928687  0.000834546  -0.00424766
  0.00513802  -0.00424766    0.0240184
   0.0233011   -0.0012986   0.00630393
  -0.0012986   0.00066805  -0.00360143
  0.00630393  -0.00360143    0.0244592
   0.0225934 -0.000809249    0.0040289
-0.000809249  0.000994086  -0.00470363
   0.0040289  -0.00470363     0.023635
   0.0222612 -0.000851364   0.00295411
-0.000851364   0.00111509  -0.00497175
  0.00295411  -0.00497175    0.0233389
   0.0213605 -8.21055e-05   0.00173661
-8.21055e-05  0.000961157  -0.00460248
  0.00173661  -0.00460248    0.0230464
   0.0209941 -7.35157e-05   0.00052377
-7.35157e-05  0.000987291  -0.00459504
  0.00052377  -0.00459504    0.0228123
   0.0220243 -0.000867565    0.0019693
-0.000867565   0.00120105  -0.00510506
   0.0019693  -0.00510506    0.0231383
   0.0208788   0.00045924  -0.00048211
  0.00045924  0.000859915  -0.00423328
 -0.00048211  -0.00423328    0.0226432
   0.0231807    -0.002725   0.00569065
   -0.002725  0.000630935  -0.00228279
  0.00569065  -0.00228279    0.0239657
   0.0239912  -0.00258791   0.00701029
 -0.00258791  0.000633644  -0.00260281
  0.00701029  -0.00260281    0.0247241
   0.0241752  -0.00342438   0.00852855
 -0.00342438  0.000701395  -0.00185008
  0.00852855  -0.00185008     0.025079
    0.023006  -0.00343594   0.00636333
 -0.00343594  0.000716116  -0.00145895
  0.00636333  -0.00145895    0.0248004
    0.024335  -0.00310084   0.00902362
 -0.00310084    0.0006403  -0.00196249
  0.00902362  -0.00196249    0.0254995
   0.0240987   -0.0040112   0.00984035
  -0.0040112  0.000840498   -0.0011326
  0.00984035   -0.0011326    0.0254746
    0.024815  -0.00381246    0.0107057
 -0.00381246  0.000780683   -0.0012421
   0.0107057   -0.0012421    0.0261298
   0.0232122  -0.00402291   0.00748271
 -0.00402291  0.000875439 -0.000772406
  0.00748271 -0.000772406    0.0257708
   0.0246951  -0.00335842    0.0107127
 -0.00335842  0.000674403  -0.00114807
   0.0107127  -0.00114807    0.0261132
   0.0242198  -0.00267635   0.00911046
 -0.00267635  0.000557972  -0.00196175
  0.00911046  -0.00196175    0.0254892
   0.0237372  -0.00193436   0.00761018
 -0.00193436  0.000559481  -0.00281982
  0.00761018  -0.00281982    0.0249491
   0.0236107   -0.0022053   0.00728984
  -0.0022053   0.00059003  -0.00272065
  0.00728984  -0.00272065    0.0248895
   0.0222124   -0.0038074   0.00507315
  -0.0038074  0.000872165 -0.000517532
  0.00507315 -0.000517532    0.0257506
   0.0224758  -0.00337805   0.00417088
 -0.00337805  0.000719914  -0.00110132
  0.00417088  -0.00110132    0.0253735
   0.0207066  -0.00300197   0.00163215
 -0.00300197  0.000714624 -0.000741119
  0.00163215 -0.000741119    0.0247489
   0.0223231  -0.00267716   0.00305698
 -0.00267716  0.000607702  -0.00181758
  0.00305698  -0.00181758     0.024599
   0.0213944  -0.00257967  0.000834991
 -0.00257967  0.000591876  -0.00138072
 0.000834991  -0.00138072    0.0248931
   0.0219415  -0.00189286  0.000402891
 -0.00189286  0.000532174  -0.00215114
 0.000402891  -0.00215114    0.0243281
   0.0225011  -0.00187984   0.00247424
 -0.00187984  0.000571452  -0.00255301
  0.00247424  -0.00255301    0.0236715
   0.0203134  -0.00175101    -0.001877
 -0.00175101  0.000500868   -0.0015194
   -0.001877   -0.0015194    0.0243285
   0.0226189  -0.00102347   0.00202507
 -0.00102347  0.000606963   -0.0032067
  0.00202507   -0.0032067      0.02279
   0.0226839   -0.0001477  0.000879468
  -0.0001477  0.000662274   -0.0036453
 0.000879468   -0.0036453    0.0227127
   0.0224264  -0.00023079 -0.000835058
 -0.00023079  0.000551432  -0.00319636
-0.000835058  -0.00319636    0.0228136
   0.0223888  0.000544468 -0.000568631
 0.000544468    0.0006903  -0.00377984
-0.000568631  -0.00377984     0.022533
   0.0227916  0.000469662  -0.00173764
 0.000469662  0.000582424  -0.00338311
 -0.00173764  -0.00338311    0.0225451
   0.0228573  0.000887395  -0.00291137
 0.000887395  0.000570892  -0.00319066
 -0.00291137  -0.00319066    0.0222789
   0.0218363  0.000926596   -0.0021349
 0.000926596  0.000670299  -0.00359408
  -0.0021349  -0.00359408    0.0223425
    0.022152  0.000350819  -0.00338762
 0.000350819  0.000449914  -0.00283674
 -0.00338762  -0.00283674     0.022505
   0.0230691  0.000783105  -0.00418463
 0.000783105  0.000452838  -0.00269255
 -0.00418463  -0.00269255    0.0223791
   0.0221918   0.00051537  -0.00519994
  0.00051537  0.000336316  -0.00208794
 -0.00519994  -0.00208794     0.022078
   0.0215206   0.00016998  -0.00464472
  0.00016998  0.000344148  -0.00227733
 -0.00464472  -0.00227733     0.022905
   0.0218744 -0.000245216  -0.00266067
-0.000245216  0.000445947  -0.00272888
 -0.00266067  -0.00272888    0.0233549
   0.0208607  -0.00055097  -0.00409053
 -0.00055097   0.00039091  -0.00209804
 -0.00409053  -0.00209804     0.024338
   0.0213452  -0.00109493  -0.00226589
 -0.00109493  0.000457062  -0.00223832
 -0.00226589  -0.00223832    0.0241026
   0.0222353  -0.00104084 -0.000326923
 -0.00104084  0.000523636  -0.00275296
-0.000326923  -0.00275296    0.0236684
   0.0205622  0.000104082  -0.00573754
 0.000104082   0.00027129  -0.00194614
 -0.00573754  -0.00194614    0.0233104
   0.0208867  0.000260091  -0.00587013
 0.000260091  0.000260361  -0.00146601
 -0.00587013  -0.00146601     0.021259
  0.00545205  -0.00500269  -0.00641913
 -0.00500269   0.00492512   0.00545175
 -0.00641913   0.00545175    0.0209111
  0.00568726  -0.00499233  -0.00521242
 -0.00499233   0.00494719   0.00551896
 -0.00521242   0.00551896    0.0217876
  0.00540942  -0.00433006   -0.0046434
 -0.00433006   0.00405413   0.00450318
  -0.0046434   0.00450318    0.0222904
  0.00599529  -0.00422881  -0.00317686
 -0.00422881   0.00418273   0.00520123
 -0.00317686   0.00520123    0.0233568
  0.00620293   -0.0048753  -0.00372551
  -0.0048753    0.0050521   0.00603809
 -0.00372551   0.00603809    0.0226952
  0.00576639  -0.00363559  -0.00259049
 -0.00363559   0.00340287   0.00443191
 -0.00259049   0.00443191    0.0241666
  0.00688072  -0.00391386  -0.00153462
 -0.00391386   0.00443281   0.00641341
 -0.00153462   0.00641341    0.0243135
   0.0067072  -0.00331207 -0.000999211
 -0.00331207   0.00361537   0.00574243
-0.000999211   0.00574243    0.0252573
  0.00785566  -0.00279802  0.000571229
 -0.00279802    0.0040092   0.00734855
 0.000571229   0.00734855    0.0260764
  0.00702759  -0.00456764   -0.0020571
 -0.00456764   0.00530795   0.00707046
  -0.0020571   0.00707046    0.0235171
  0.00798185  -0.00340595  0.000114655
 -0.00340595   0.00490925   0.00796092
 0.000114655   0.00796092    0.0250067
  0.00806774  -0.00411144 -0.000386137
 -0.00411144   0.00584564   0.00847091
-0.000386137   0.00847091    0.0240978
  0.00653056  -0.00285112 -0.000552118
 -0.00285112   0.00295336   0.00519073
-0.000552118   0.00519073    0.0263478
  0.00768525  -0.00233373  0.000912037
 -0.00233373   0.00323579   0.00674133
 0.000912037   0.00674133    0.0272641
  0.00752311  -0.00208175   0.00108058
 -0.00208175   0.00262634   0.00613163
  0.00108058   0.00613163    0.0284993
  0.00674816  -0.00279986 -0.000519551
 -0.00279986   0.00260708   0.00487087
-0.000519551   0.00487087    0.0277878
  0.00575411  -0.00332161  -0.00223801
 -0.00332161   0.00288299   0.00396714
 -0.00223801   0.00396714    0.0253198
  0.00616155  -0.00337569  -0.00224896
 -0.00337569   0.00268535   0.00374615
 -0.00224896   0.00374615    0.0267717
  0.00520064  -0.00351824  -0.00374114
 -0.00351824    0.0028543   0.00315546
 -0.00374114   0.00315546    0.0240838
  0.00518077   -0.0037794  -0.00409712
  -0.0037794   0.00331628   0.00366728
 -0.00409712   0.00366728    0.0230311
  0.00484511  -0.00373385  -0.00526296
 -0.00373385   0.00323916   0.00331854
 -0.00526296   0.00331854    0.0218317
  0.00560059  -0.00359827  -0.00372226
 -0.00359827   0.00271532   0.00289633
 -0.00372226   0.00289633    0.0239481
  0.00481473  -0.00346546   -0.0048467
 -0.00346546   0.00278135   0.00274341
  -0.0048467   0.00274341    0.0221778
  0.00512018  -0.00352352  -0.00476106
 -0.00352352   0.00267355   0.00252284
 -0.00476106   0.00252284    0.0221783
  0.00511631  -0.00429731  -0.00582068
 -0.00429731   0.00398449   0.00426882
 -0.00582068   0.00426882    0.0212432
  0.00909704   -0.0035912   0.00106898
  -0.0035912   0.00670681    0.0100248
  0.00106898    0.0100248    0.0243356
  0.00908343  -0.00282295   0.00153533
 -0.00282295    0.0056326   0.00958761
  0.00153533   0.00958761    0.0253562
  0.00989366  -0.00237117   0.00250323
 -0.00237117   0.00652853    0.0109612
  0.00250323    0.0109612    0.0253542
  0.00983612  -0.00316873    0.0020887
 -0.00316873   0.00782105    0.0114418
   0.0020887    0.0114418    0.0242169
  0.00986581  -0.00174777   0.00275299
 -0.00174777   0.00522556     0.010169
  0.00275299     0.010169    0.0266336
    0.010196  -0.00218009   0.00288875
 -0.00218009   0.00746473    0.0118531
  0.00288875    0.0118531    0.0251031
   0.0102219  -0.00159761   0.00301444
 -0.00159761   0.00588783    0.0107955
  0.00301444    0.0107955    0.0264812
    0.010012  -0.00182812   0.00271931
 -0.00182812   0.00641423    0.0106642
  0.00271931    0.0106642    0.0262305
   0.0100842  -0.00294148   0.00255948
 -0.00294148   0.00901242    0.0124945
  0.00255948    0.0124945    0.0238568
  0.00994788  -0.00231999   0.00274097
 -0.00231999   0.00822154    0.0120751
  0.00274097    0.0120751    0.0247632
  0.00982064   -0.0029792   0.00252226
  -0.0029792    0.0100112    0.0130124
  0.00252226    0.0130124    0.0234115
    0.010139  -0.00124618   0.00286517
 -0.00124618   0.00448456   0.00943001
  0.00286517   0.00943001    0.0279152
   0.0099884  -0.00153002   0.00241187
 -0.00153002   0.00481936   0.00888007
  0.00241187   0.00888007    0.0277191
    0.009862  -0.00142272   0.00185312
 -0.00142272   0.00357153   0.00687187
  0.00185312   0.00687187    0.0291428
  0.00993823  -0.00112318   0.00247557
 -0.00112318   0.00335331   0.00784479
  0.00247557   0.00784479    0.0293015
  0.00973299  -0.00135608   0.00277371
 -0.00135608   0.00407025   0.00916307
  0.00277371   0.00916307    0.0279965
  0.00950269  -0.00119357    0.0025749
 -0.00119357   0.00310576   0.00798194
   0.0025749   0.00798194    0.0293329
  0.00884347  -0.00177229   0.00208604
 -0.00177229   0.00363832   0.00819359
  0.00208604   0.00819359    0.0278128
  0.00900247  -0.00220014   0.00189837
 -0.00220014   0.00457457   0.00894477
  0.00189837   0.00894477    0.0265308
  0.00863218  -0.00155326   0.00208885
 -0.00155326   0.00285337   0.00734252
  0.00208885   0.00734252    0.0290948
   0.0144161  -0.00432066   -0.0036775
 -0.00432066   0.00207687   0.00338145
  -0.0036775   0.00338145    0.0243842
   0.0134423  -0.00362456  -0.00224912
 -0.00362456   0.00189185   0.00440017
 -0.00224912   0.00440017    0.0259291
   0.0112655  -0.00243979 -0.000621176
 -0.00243979    0.0017294   0.00453897
-0.000621176   0.00453897    0.0281748
   0.0107878  -0.00234279  4.42616e-05
 -0.00234279   0.00176918   0.00531545
 4.42616e-05   0.00531545    0.0288722
   0.0135696  -0.00393003  -0.00230159
 -0.00393003   0.00208264   0.00489418
 -0.00230159   0.00489418    0.0258025
  0.00946115  -0.00158797   0.00118986
 -0.00158797   0.00186101   0.00578016
  0.00118986   0.00578016    0.0295153
   0.0105988  -0.00284346 -0.000370725
 -0.00284346   0.00196621   0.00533724
-0.000370725   0.00533724     0.028937
   0.0088402  -0.00190923   0.00103121
 -0.00190923   0.00193438   0.00577342
  0.00103121   0.00577342     0.029849
  0.00876476   -0.0027756 -9.88627e-05
  -0.0027756   0.00221462   0.00531278
-9.88627e-05   0.00531278    0.0301617
   0.0126706  -0.00415765  -0.00243953
 -0.00415765   0.00227769   0.00498172
 -0.00243953   0.00498172    0.0250287
    0.010171  -0.00367664  -0.00166112
 -0.00367664   0.00233192   0.00488135
 -0.00166112   0.00488135    0.0268351
      0.0119  -0.00479226  -0.00326788
 -0.00479226   0.00271708   0.00477368
 -0.00326788   0.00477368    0.0239418
  0.00837807  -0.00151466   0.00186232
 -0.00151466   0.00224715   0.00646221
  0.00186232   0.00646221    0.0297015
  0.00784586  -0.00224377  0.000759857
 -0.00224377   0.00230286   0.00567495
 0.000759857   0.00567495    0.0296099
  0.00927568  -0.00124246   0.00205499
 -0.00124246   0.00234848   0.00678788
  0.00205499   0.00678788    0.0297835
  0.00981638  -0.00123589   0.00170546
 -0.00123589   0.00247584   0.00633586
  0.00170546   0.00633586    0.0298694
   0.0102192  -0.00171158  0.000576902
 -0.00171158   0.00190982   0.00511442
 0.000576902   0.00511442    0.0291008
   0.0106776  -0.00211505 -0.000419914
 -0.00211505   0.00206629   0.00375222
-0.000419914   0.00375222     0.029118
  0.00992667  -0.00155456  0.000866453
 -0.00155456   0.00263517    0.0050753
 0.000866453    0.0050753    0.0298167
   0.0120722  -0.00302199   -0.0019812
 -0.00302199   0.00187381   0.00322936
  -0.0019812   0.00322936    0.0270916
   0.0112073  -0.00513518   -0.0037661
 -0.00513518   0.00298729   0.00455275
  -0.0037661   0.00455275    0.0234893
  0.00964464  -0.00438899  -0.00297107
 -0.00438899   0.00274718   0.00433893
 -0.00297107   0.00433893    0.0248262
  0.00934471  -0.00506233   -0.0044872
 -0.00506233   0.00321708   0.00407192
  -0.0044872   0.00407192    0.0244282
   0.0107398  -0.00552773  -0.00462637
 -0.00552773   0.00335403   0.00445568
 -0.00462637   0.00445568    0.0234949
  0.00800217  -0.00437833  -0.00373909
 -0.00437833   0.00295598   0.00374786
 -0.00373909   0.00374786    0.0250174
  0.00825155  -0.00509345  -0.00539912
 -0.00509345   0.00342387    0.0036666
 -0.00539912    0.0036666    0.0236239
  0.00747651   -0.0046724  -0.00505182
  -0.0046724   0.00321085   0.00321658
 -0.00505182   0.00321658    0.0242184
  0.00670152  -0.00443321  -0.00587032
 -0.00443321    0.0031514   0.00289401
 -0.00587032   0.00289401    0.0234543
  0.00915118  -0.00548148  -0.00564402
 -0.00548148   0.00355742   0.00392563
 -0.00564402   0.00392563    0.0219007
  0.00727012  -0.00475346  -0.00612011
 -0.00475346   0.00329489   0.00321612
 -0.00612011   0.00321612     0.022199
  0.00814149  -0.00525978  -0.00630355
 -0.00525978   0.00358185   0.00374454
 -0.00630355   0.00374454    0.0214135
  0.00641086  -0.00400672  -0.00429933
 -0.00400672   0.00284608   0.00301883
 -0.00429933   0.00301883    0.0237703
   0.0055733  -0.00376746  -0.00522151
 -0.00376746   0.00276867   0.00256143
 -0.00522151   0.00256143    0.0224112
  0.00687644  -0.00375058  -0.00281705
 -0.00375058   0.00271558   0.00362084
 -0.00281705   0.00362084    0.0258542
  0.00738843  -0.00306634 -0.000864425
 -0.00306634   0.00248614   0.00470736
-0.000864425   0.00470736     0.029307
  0.00833659  -0.00367362  -0.00196971
 -0.00367362   0.00255676   0.00443317
 -0.00196971   0.00443317    0.0271139
  0.00920587  -0.00320302   0.00214558
 -0.00320302    0.0105913     0.012992
  0.00214558     0.012992    0.0230183
  0.00932726  -0.00270763   0.00223377
 -0.00270763   0.00860161    0.0116604
  0.00223377    0.0116604    0.0244753
  0.00858181  -0.00318439   0.00157577
 -0.00318439    0.0085029    0.0107835
  0.00157577    0.0107835    0.0243187
  0.00847582  -0.00350749   0.00161147
 -0.00350749    0.0106537    0.0125522
  0.00161147    0.0125522    0.0227597
  0.00864999   -0.0029514   0.00124723
  -0.0029514   0.00653764   0.00852111
  0.00124723   0.00852111    0.0259311
  0.00790213   -0.0035702  0.000891733
  -0.0035702   0.00803203   0.00970308
 0.000891733   0.00970308    0.0243303
   0.0079824  -0.00343608  0.000438053
 -0.00343608   0.00611183   0.00703576
 0.000438053   0.00703576    0.0260217
  0.00746584  -0.00367275 -0.000331336
 -0.00367275   0.00551241   0.00564505
-0.000331336   0.00564505    0.0262857
  0.00778763  -0.00375173   0.00103912
 -0.00375173    0.0102936    0.0118806
  0.00103912    0.0118806    0.0226701
  0.00733854  -0.00375646  0.000224061
 -0.00375646   0.00734625   0.00863596
 0.000224061   0.00863596    0.0244904
  0.00720276  -0.00384791  0.000468015
 -0.00384791   0.00966166    0.0111523
 0.000468015    0.0111523    0.0227197
  0.00804345  -0.00332699 -0.000298046
 -0.00332699   0.00475082   0.00412077
-0.000298046   0.00412077    0.0276729
  0.00756876  -0.00357364  -0.00114343
 -0.00357364   0.00438317   0.00244976
 -0.00114343   0.00244976    0.0280261
  0.00765708  -0.00345169  -0.00208455
 -0.00345169   0.00394473 -0.000657758
 -0.00208455 -0.000657758    0.0296572
  0.00809942  -0.00321047  -0.00119982
 -0.00321047   0.00399454   0.00117452
 -0.00119982   0.00117452    0.0292315
  0.00869355    -0.002792  0.000627953
   -0.002792   0.00498373    0.0059422
 0.000627953    0.0059422    0.0275147
  0.00871781  -0.00267002 -0.000190008
 -0.00267002    0.0039409   0.00322267
-0.000190008   0.00322267    0.0290079
  0.00942633  -0.00210583   0.00158697
 -0.00210583   0.00502878   0.00762918
  0.00158697   0.00762918    0.0275525
  0.00939987  -0.00234159   0.00205863
 -0.00234159   0.00666739    0.0098323
  0.00205863    0.0098323    0.0260179
  0.00938084  -0.00199316  0.000890607
 -0.00199316   0.00380083   0.00522702
 0.000890607   0.00522702    0.0290027
  0.00670193  -0.00378774 -0.000102501
 -0.00378774   0.00887235    0.0105208
-0.000102501    0.0105208    0.0228569
  0.00687553  -0.00371041 -0.000456863
 -0.00371041   0.00657949   0.00774766
-0.000456863   0.00774766    0.0247552
  0.00647764   -0.0034902  -0.00116037
  -0.0034902   0.00581413   0.00714303
 -0.00116037   0.00714303    0.0250875
  0.00627711  -0.00359833 -0.000682473
 -0.00359833    0.0080633    0.0100535
-0.000682473    0.0100535    0.0230259
   0.0067219  -0.00333624  -0.00189751
 -0.00333624   0.00422838   0.00376109
 -0.00189751   0.00376109    0.0271246
  0.00614066   -0.0031668   -0.0018927
  -0.0031668   0.00514487   0.00677503
  -0.0018927   0.00677503    0.0254633
  0.00642701  -0.00292175  -0.00272297
 -0.00292175   0.00362729   0.00333159
 -0.00272297   0.00333159    0.0276388
  0.00619028  -0.00250451  -0.00347302
 -0.00250451   0.00307637   0.00319069
 -0.00347302   0.00319069    0.0279653
  0.00592715  -0.00333328  -0.00128336
 -0.00333328   0.00733246   0.00972891
 -0.00128336   0.00972891    0.0232065
  0.00587053  -0.00282349  -0.00259761
 -0.00282349   0.00456239   0.00664152
 -0.00259761   0.00664152    0.0255955
  0.00565998  -0.00304045  -0.00189362
 -0.00304045    0.0067231   0.00953516
 -0.00189362   0.00953516    0.0233917
  0.00673705   -0.0026262  -0.00366792
  -0.0026262   0.00294655  -0.00023476
 -0.00366792  -0.00023476     0.029587
  0.00665925  -0.00213848  -0.00439575
 -0.00213848   0.00238421 -0.000296238
 -0.00439575 -0.000296238    0.0296693
  0.00699642  -0.00177889  -0.00521447
 -0.00177889   0.00246094  -0.00352782
 -0.00521447  -0.00352782    0.0314514
  0.00699945  -0.00234467  -0.00455596
 -0.00234467   0.00302778  -0.00348248
 -0.00455596  -0.00348248    0.0311842
  0.00696906  -0.00313648  -0.00281086
 -0.00313648   0.00346215  0.000240285
 -0.00281086  0.000240285    0.0290365
  0.00716837  -0.00292261  -0.00373208
 -0.00292261   0.00349175  -0.00302293
 -0.00373208  -0.00302293    0.0307057
  0.00723093   -0.0034897  -0.00197152
  -0.0034897   0.00394809   0.00111876
 -0.00197152   0.00111876    0.0285036
  0.00705607  -0.00362314   -0.0011028
 -0.00362314   0.00486745   0.00451631
  -0.0011028   0.00451631    0.0266668
  0.00736515  -0.00333479  -0.00291075
 -0.00333479   0.00378903  -0.00208815
 -0.00291075  -0.00208815    0.0301774
   0.0128005  -0.00582173  -0.00833616
 -0.00582173   0.00524997  -0.00277579
 -0.00833616  -0.00277579    0.0244348
   0.0132798  -0.00630317  -0.00817448
 -0.00630317    0.0056177  -0.00304101
 -0.00817448  -0.00304101    0.0246205
    0.010469  -0.00426709  -0.00723933
 -0.00426709   0.00490748  -0.00531303
 -0.00723933  -0.00531303    0.0285173
   0.0108112  -0.00471024  -0.00686583
 -0.00471024   0.00501893  -0.00512003
 -0.00686583  -0.00512003    0.0283859
    0.013731   -0.0065365  -0.00797379
  -0.0065365   0.00556319  -0.00301273
 -0.00797379  -0.00301273    0.0245608
  0.00874809  -0.00349588  -0.00570141
 -0.00349588   0.00451252  -0.00609445
 -0.00570141  -0.00609445     0.030886
   0.0111395  -0.00488696  -0.00646459
 -0.00488696   0.00474709   -0.0045634
 -0.00646459   -0.0045634    0.0280351
  0.00899254  -0.00382651   -0.0051246
 -0.00382651   0.00441063  -0.00530715
  -0.0051246  -0.00530715     0.030453
  0.00930191  -0.00387053  -0.00447764
 -0.00387053   0.00403028  -0.00405266
 -0.00447764  -0.00405266    0.0299307
   0.0140631   -0.0065193  -0.00773086
  -0.0065193   0.00515723  -0.00266103
 -0.00773086  -0.00266103     0.024271
   0.0114433  -0.00482425  -0.00596574
 -0.00482425   0.00418399  -0.00355147
 -0.00596574  -0.00355147    0.0275422
   0.0143009  -0.00630895  -0.00738292
 -0.00630895   0.00450478  -0.00194605
 -0.00738292  -0.00194605    0.0238661
  0.00777686  -0.00331124  -0.00399342
 -0.00331124   0.00397334  -0.00437628
 -0.00399342  -0.00437628    0.0310125
    0.008054  -0.00342467  -0.00322912
 -0.00342467   0.00385854  -0.00296735
 -0.00322912  -0.00296735    0.0304732
  0.00759001  -0.00290413  -0.00471923
 -0.00290413   0.00387519  -0.00527667
 -0.00471923  -0.00527667    0.0314962
  0.00744826  -0.00228668  -0.00544059
 -0.00228668   0.00350474  -0.00569222
 -0.00544059  -0.00569222    0.0318492
    0.008539  -0.00291817  -0.00626598
 -0.00291817   0.00423036   -0.0064093
 -0.00626598   -0.0064093    0.0311094
  0.00853129  -0.00223976  -0.00673049
 -0.00223976    0.0035922   -0.0062894
 -0.00673049   -0.0062894    0.0311784
  0.00759881  -0.00168104  -0.00601397
 -0.00168104    0.0029027  -0.00561335
 -0.00601397  -0.00561335    0.0318758
   0.0103084  -0.00364887  -0.00756224
 -0.00364887   0.00435214  -0.00511406
 -0.00756224  -0.00511406    0.0284086
    0.014499  -0.00596626  -0.00685216
 -0.00596626   0.00375692 -0.000879984
 -0.00685216 -0.000879984    0.0234908
   0.0117504  -0.00452885  -0.00529919
 -0.00452885   0.00349183  -0.00214084
 -0.00529919  -0.00214084    0.0271086
   0.0120559   -0.0041081  -0.00442669
  -0.0041081   0.00277586 -0.000374446
 -0.00442669 -0.000374446    0.0268274
   0.0147542  -0.00554268  -0.00606969
 -0.00554268   0.00300573  0.000461952
 -0.00606969  0.000461952    0.0233545
   0.0101261  -0.00315955  -0.00269715
 -0.00315955   0.00287004 -0.000315108
 -0.00269715 -0.000315108    0.0291817
   0.0122629  -0.00359261  -0.00327218
 -0.00359261   0.00221829   0.00148035
 -0.00327218   0.00148035    0.0267848
    0.010531  -0.00261165  -0.00158637
 -0.00261165   0.00238102    0.0018344
 -0.00158637    0.0018344    0.0291094
    0.014641  -0.00491265  -0.00493222
 -0.00491265   0.00241356   0.00197477
 -0.00493222   0.00197477    0.0236987
  0.00956597  -0.00207201 -0.000192511
 -0.00207201   0.00288653   0.00317742
-0.000192511   0.00317742    0.0297103
  0.00901588  -0.00268791  -0.00132275
 -0.00268791   0.00322985   0.00100554
 -0.00132275   0.00100554    0.0297478
  0.00847322  -0.00318239   -0.0023605
 -0.00318239   0.00359641  -0.00113132
  -0.0023605  -0.00113132    0.0300143
  0.00968772  -0.00362132  -0.00368041
 -0.00362132   0.00348663  -0.00235259
 -0.00368041  -0.00235259    0.0294635
  0.00415934  -0.00851443  -0.00318026
 -0.00851443    0.0271116    0.0157591
 -0.00318026    0.0157591    0.0147995
  0.00488322  -0.00838317  -0.00229512
 -0.00838317    0.0257696    0.0153966
 -0.00229512    0.0153966     0.015843
  0.00495428  -0.00815488  -0.00303336
 -0.00815488    0.0210508    0.0141038
 -0.00303336    0.0141038     0.017058
   0.0058025  -0.00806376   -0.0019539
 -0.00806376    0.0200693    0.0136784
  -0.0019539    0.0136784    0.0179196
  0.00576962  -0.00822434  -0.00130743
 -0.00822434      0.02452    0.0151529
 -0.00130743    0.0151529    0.0169336
  0.00589154  -0.00783928  -0.00268693
 -0.00783928    0.0160631    0.0122572
 -0.00268693    0.0122572    0.0188691
  0.00674971  -0.00798441 -0.000869426
 -0.00798441     0.019286    0.0134481
