           0            0            0
           0            0            0
           0            0            0
   0.0306224  -0.00275949    0.0075638
 -0.00275949  0.000573021  -0.00202534
   0.0075638  -0.00202534    0.0178806
   0.0266543  -0.00225002    0.0102004
 -0.00225002  0.000371747  -0.00163589
   0.0102004  -0.00163589    0.0218339
   0.0227243  -0.00257875    0.0127024
 -0.00257875  0.000437548  -0.00140899
   0.0127024  -0.00140899    0.0241215
   0.0217515  -0.00304941    0.0138502
 -0.00304941  0.000561764   -0.0010671
   0.0138502   -0.0010671    0.0242133
   0.0218312  -0.00344546     0.013199
 -0.00344546  0.000703629 -0.000756084
    0.013199 -0.000756084    0.0243342
   0.0196259   -0.0032738    0.0116204
  -0.0032738  0.000659392 -0.000918597
   0.0116204 -0.000918597    0.0219559
   0.0203721  -0.00360754    0.0106244
 -0.00360754  0.000773238 -0.000671945
   0.0106244 -0.000671945    0.0230244
   0.0219373  -0.00369991    0.0120155
 -0.00369991  0.000797669 -0.000587352
   0.0120155 -0.000587352    0.0244755
   0.0201053  -0.00363054   0.00846639
 -0.00363054  0.000794656 -0.000609557
  0.00846639 -0.000609557    0.0236858
   0.0217943   -0.0037781   0.00995683
  -0.0037781  0.000820823 -0.000566595
  0.00995683 -0.000566595     0.025174
   0.0199611  -0.00338306   0.00586309
 -0.00338306  0.000734765  -0.00075615
  0.00586309  -0.00075615    0.0245977
   0.0218852  -0.00379735    0.0089203
 -0.00379735  0.000799199 -0.000719572
   0.0089203 -0.000719572    0.0252488
   0.0447019  0.000990896    0.0163272
 0.000990896  0.000974082   0.00295211
   0.0163272   0.00295211    0.0221015
   0.0389181 -0.000297295    0.0187137
-0.000297295   0.00124042   0.00375334
   0.0187137   0.00375334    0.0260698
    0.038046  0.000465169    0.0183223
 0.000465169  0.000937396   0.00346865
   0.0183223   0.00346865    0.0260096
   0.0347771 -0.000271749    0.0204457
-0.000271749   0.00122414   0.00402219
   0.0204457   0.00402219    0.0291373
   0.0347905 -0.000932816    0.0202981
-0.000932816   0.00153313   0.00417431
   0.0202981   0.00417431    0.0288908
   0.0323236 -0.000102363    0.0190978
-0.000102363  0.000929543   0.00344736
   0.0190978   0.00344736    0.0285636
   0.0321956 -0.000881836    0.0207324
-0.000881836   0.00143013   0.00407266
   0.0207324   0.00407266    0.0302522
   0.0303395 -0.000724523    0.0197449
-0.000724523   0.00115683   0.00363632
   0.0197449   0.00363632     0.029849
   0.0298583  -0.00132044    0.0195126
 -0.00132044   0.00125464   0.00340982
   0.0195126   0.00340982    0.0299143
   0.0317192  -0.00142288    0.0202224
 -0.00142288   0.00169406   0.00411909
   0.0202224   0.00411909     0.029833
   0.0314586  -0.00151143    0.0202842
 -0.00151143   0.00147186   0.00370246
   0.0202842   0.00370246    0.0302312
   0.0307054   -0.0019954     0.019565
  -0.0019954   0.00167251   0.00366703
    0.019565   0.00366703    0.0297938
   0.0280464 -0.000971869    0.0183827
-0.000971869  0.000904978   0.00282215
   0.0183827   0.00282215    0.0292465
    0.027572  -0.00151219    0.0182178
 -0.00151219   0.00104871   0.00275447
   0.0182178   0.00275447    0.0293416
    0.026173  -0.00199956    0.0174194
 -0.00199956  0.000876618     0.001841
   0.0174194     0.001841    0.0290814
   0.0268976  -0.00150244    0.0176991
 -0.00150244   0.00070578   0.00175265
   0.0176991   0.00175265      0.02908
   0.0299701 -0.000355673    0.0176961
-0.000355673   0.00067585   0.00251254
   0.0176961   0.00251254    0.0279715
   0.0292462 -0.000901941    0.0172977
-0.000901941  0.000495632   0.00135135
   0.0172977   0.00135135     0.028009
    0.033072  0.000410062     0.015537
 0.000410062  0.000467629   0.00181434
    0.015537   0.00181434    0.0248975
   0.0351936  0.000666039    0.0167486
 0.000666039   0.00067364   0.00279021
   0.0167486   0.00279021    0.0253399
   0.0396729   0.00184133    0.0137086
  0.00184133  0.000542982   0.00183305
   0.0137086   0.00183305    0.0210892
    0.032963 -0.000171688    0.0153031
-0.000171688  0.000337774  0.000658476
   0.0153031  0.000658476    0.0251632
   0.0379608   0.00141764    0.0128368
  0.00141764   0.00038017  0.000917081
   0.0128368  0.000917081    0.0208407
   0.0392846  0.000543987    0.0129178
 0.000543987  0.000298669 -0.000156902
   0.0129178 -0.000156902    0.0213832
   0.0427102   0.00174852    0.0153183
  0.00174852   0.00074012   0.00255273
   0.0153183   0.00255273    0.0217269
   0.0298999  -0.00261345    0.0182128
 -0.00261345   0.00151162   0.00293506
   0.0182128   0.00293506    0.0291409
   0.0308652   -0.0022074    0.0190044
  -0.0022074   0.00136799   0.00300291
   0.0190044   0.00300291    0.0294726
   0.0303026  -0.00274849    0.0176612
 -0.00274849   0.00116877   0.00211155
   0.0176612   0.00211155    0.0287663
   0.0291109  -0.00305942    0.0167901
 -0.00305942   0.00125978    0.0020291
   0.0167901    0.0020291    0.0285022
    0.029103  -0.00250281    0.0171423
 -0.00250281   0.00106454   0.00203796
   0.0171423   0.00203796    0.0284669
   0.0297136  -0.00312882    0.0162742
 -0.00312882  0.000938808   0.00108878
   0.0162742   0.00108878    0.0280697
   0.0287476   -0.0028735    0.0158651
  -0.0028735  0.000870064    0.0011003
   0.0158651    0.0011003    0.0277954
   0.0283972  -0.00309417    0.0146262
 -0.00309417  0.000692299  7.29073e-05
   0.0146262  7.29073e-05    0.0271627
   0.0283142  -0.00332917    0.0153185
 -0.00332917  0.000991154   0.00101992
   0.0153185   0.00101992    0.0278263
   0.0291469  -0.00336052    0.0149369
 -0.00336052   0.00074524  2.70724e-06
   0.0149369  2.70724e-06    0.0273914
   0.0275103   -0.0034627    0.0138681
  -0.0034627  0.000776137 -1.66742e-05
   0.0138681 -1.66742e-05    0.0271061
   0.0266425  -0.00281724    0.0147933
 -0.00281724  0.000820764  0.000928043
   0.0147933  0.000928043    0.0273108
   0.0263847  -0.00294003    0.0135829
 -0.00294003  0.000658131   3.8745e-05
   0.0135829   3.8745e-05    0.0266964
   0.0246032  -0.00304381     0.012657
 -0.00304381  0.000665062 -0.000149307
    0.012657 -0.000149307    0.0263405
   0.0249469  -0.00303028    0.0139399
 -0.00303028   0.00080661  0.000568677
   0.0139399  0.000568677    0.0269942
   0.0269154  -0.00252836    0.0160216
 -0.00252836  0.000975942   0.00171265
   0.0160216   0.00171265    0.0279633
   0.0252933  -0.00283852    0.0152056
 -0.00283852  0.000918892    0.0011716
   0.0152056    0.0011716    0.0276742
   0.0272038  -0.00208917     0.017169
 -0.00208917   0.00106444   0.00233492
    0.017169   0.00233492    0.0286306
   0.0294541  -0.00198226    0.0183693
 -0.00198226   0.00120908   0.00282454
   0.0183693   0.00282454    0.0291648
   0.0256668  -0.00248781    0.0163648
 -0.00248781  0.000947756    0.0016071
   0.0163648    0.0016071    0.0283604
   0.0232487  -0.00388985    0.0117962
 -0.00388985  0.000851707 -0.000450329
   0.0117962 -0.000450329    0.0260092
   0.0233098  -0.00376115    0.0129958
 -0.00376115  0.000840011 -0.000350237
   0.0129958 -0.000350237    0.0259903
   0.0247173  -0.00366283    0.0146231
 -0.00366283   0.00087502 -8.23814e-06
   0.0146231 -8.23814e-06    0.0273461
   0.0230935  -0.00346156    0.0141898
 -0.00346156  0.000746268 -0.000460172
   0.0141898 -0.000460172    0.0256818
   0.0250065  -0.00337391    0.0157115
 -0.00337391  0.000806758  8.61628e-05
   0.0157115  8.61628e-05    0.0278979
   0.0252396  -0.00293094    0.0165936
 -0.00293094  0.000659748 -5.80838e-06
   0.0165936 -5.80838e-06    0.0282359
   0.0233712  -0.00307267    0.0151805
 -0.00307267  0.000603023  -0.00066508
   0.0151805  -0.00066508    0.0259555
   0.0256573   -0.0030534    0.0164388
  -0.0030534  0.000875521  0.000745227
   0.0164388  0.000745227    0.0286026
   0.0261379   -0.0026032     0.017454
  -0.0026032  0.000759106  0.000806563
    0.017454  0.000806563    0.0293355
   0.0250552   -0.0033281     0.015158
  -0.0033281  0.000894874  0.000503609
    0.015158  0.000503609    0.0278172
   0.0245411  -0.00344366    0.0137663
 -0.00344366  0.000827739  8.72964e-05
   0.0137663  8.72964e-05    0.0270288
   0.0242107  -0.00375212    0.0133362
 -0.00375212  0.000846753 -0.000278759
   0.0133362 -0.000278759     0.026826
   0.0238999  -0.00369945    0.0121003
 -0.00369945  0.000765878 -0.000729722
   0.0121003 -0.000729722    0.0260837
   0.0240127  -0.00337763     0.012336
 -0.00337763  0.000710808 -0.000459713
    0.012336 -0.000459713    0.0262721
   0.0229228   -0.0038157    0.0106864
  -0.0038157  0.000787602 -0.000775865
   0.0106864 -0.000775865    0.0257236
   0.0242305  -0.00257483    0.0148836
 -0.00257483  0.000452831  -0.00100028
   0.0148836  -0.00100028     0.026098
   0.0278609  -0.00216022    0.0132924
 -0.00216022  0.000354341  -0.00134455
   0.0132924  -0.00134455    0.0246644
   0.0284756  -0.00188015    0.0152369
 -0.00188015  0.000348641 -0.000772527
   0.0152369 -0.000772527    0.0264159
   0.0316809  -0.00192225    0.0101273
 -0.00192225  0.000370413  -0.00166845
   0.0101273  -0.00166845    0.0207602
   0.0322133   -0.0015681    0.0119398
  -0.0015681  0.000336189  -0.00128059
   0.0119398  -0.00128059    0.0223057
   0.0374183  -0.00162269   0.00948634
 -0.00162269  0.000448595  -0.00177522
  0.00948634  -0.00177522    0.0186099
   0.0352244  -0.00241254   0.00785472
 -0.00241254  0.000551361  -0.00203392
  0.00785472  -0.00203392    0.0176461
   0.0329306  -0.00080128    0.0143043
 -0.00080128  0.000276294  -0.00039647
   0.0143043  -0.00039647    0.0245982
   0.0380287 -0.000518594    0.0115075
-0.000518594  0.000308105  -0.00102077
   0.0115075  -0.00102077    0.0204042
   0.0290726  -0.00145918    0.0167937
 -0.00145918   0.00038377  0.000203211
   0.0167937  0.000203211    0.0278018
   0.0266659  -0.00208376    0.0175665
 -0.00208376   0.00057195  0.000616828
   0.0175665  0.000616828    0.0292093
    0.025789  -0.00242445    0.0164038
 -0.00242445  0.000484095  -0.00030603
   0.0164038  -0.00030603    0.0278821
   0.0266298   -0.0035158    0.0124186
  -0.0035158  0.000654167  -0.00102778
   0.0124186  -0.00102778    0.0263659
   0.0285812  -0.00350491     0.013631
 -0.00350491  0.000640229  -0.00110044
    0.013631  -0.00110044    0.0267313
   0.0280029  -0.00359134    0.0123469
 -0.00359134  0.000654541  -0.00216971
   0.0123469  -0.00216971     0.026115
   0.0256667   -0.0035187    0.0109666
  -0.0035187    0.0006524  -0.00197179
   0.0109666  -0.00197179    0.0256489
    0.027859  -0.00328078    0.0123098
 -0.00328078  0.000596983  -0.00212401
   0.0123098  -0.00212401    0.0260635
   0.0272755   -0.0036642    0.0110732
  -0.0036642  0.000781982  -0.00314844
   0.0110732  -0.00314844    0.0255468
   0.0275536  -0.00335513    0.0112121
 -0.00335513  0.000725673  -0.00316982
   0.0112121  -0.00316982    0.0256001
   0.0271139  -0.00344512    0.0101795
 -0.00344512  0.000940739  -0.00408168
   0.0101795  -0.00408168    0.0251793
   0.0246139  -0.00349393   0.00954727
 -0.00349393  0.000748655  -0.00281404
  0.00954727  -0.00281404    0.0249686
   0.0263865   -0.0037106   0.00985268
  -0.0037106  0.000984032  -0.00399313
  0.00985268  -0.00399313    0.0249976
   0.0234372  -0.00343217   0.00820057
 -0.00343217  0.000913736  -0.00355102
  0.00820057  -0.00355102    0.0242844
   0.0258283  -0.00280846    0.0102046
 -0.00280846  0.000631008  -0.00299286
   0.0102046  -0.00299286    0.0252045
   0.0257176  -0.00280779   0.00926624
 -0.00280779  0.000825198  -0.00389745
  0.00926624  -0.00389745    0.0248371
   0.0235808  -0.00215891    0.0079158
 -0.00215891  0.000704126  -0.00361436
   0.0079158  -0.00361436    0.0243121
   0.0236918  -0.00236658     0.008945
 -0.00236658  0.000554805  -0.00278411
    0.008945  -0.00278411    0.0247208
    0.025938  -0.00286402    0.0112628
 -0.00286402   0.00052941  -0.00197783
   0.0112628  -0.00197783    0.0256339
   0.0239169  -0.00264525    0.0101158
 -0.00264525  0.000501983  -0.00187411
   0.0101158  -0.00187411    0.0251853
   0.0261106  -0.00294051    0.0123904
 -0.00294051  0.000543676  -0.00094271
   0.0123904  -0.00094271    0.0261275
   0.0280791  -0.00321512    0.0134405
 -0.00321512  0.000585114   -0.0010194
   0.0134405   -0.0010194    0.0265844
   0.0242241  -0.00290746    0.0113681
 -0.00290746  0.000544028 -0.000973174
   0.0113681 -0.000973174     0.025727
   0.0221405  -0.00328908   0.00691528
 -0.00328908    0.0011237  -0.00423633
  0.00691528  -0.00423633    0.0235561
   0.0253241  -0.00369663   0.00864047
 -0.00369663   0.00122522  -0.00472977
  0.00864047  -0.00472977    0.0244177
   0.0241729   -0.0034996    0.0074233
  -0.0034996   0.00151284  -0.00541862
   0.0074233  -0.00541862    0.0237775
   0.0207866  -0.00295894   0.00571131
 -0.00295894   0.00141313   -0.0049465
  0.00571131   -0.0049465    0.0227674
   0.0258124   -0.0034622   0.00809618
  -0.0034622   0.00147033  -0.00553742
  0.00809618  -0.00553742    0.0243004
   0.0228858  -0.00303588   0.00624078
 -0.00303588   0.00187871  -0.00612179
  0.00624078  -0.00612179    0.0230691
   0.0249654  -0.00316853   0.00700532
 -0.00316853   0.00178977  -0.00617747
  0.00700532  -0.00617747    0.0237915
   0.0238953  -0.00255444   0.00592977
 -0.00255444   0.00219313  -0.00682626
  0.00592977  -0.00682626     0.023238
   0.0193418  -0.00236819   0.00463999
 -0.00236819   0.00182184  -0.00573501
  0.00463999  -0.00573501    0.0219284
   0.0213584  -0.00224631   0.00513024
 -0.00224631   0.00238129  -0.00688413
  0.00513024  -0.00688413    0.0223272
   0.0177938  -0.00149413   0.00371926
 -0.00149413   0.00243691  -0.00663461
  0.00371926  -0.00663461    0.0211027
   0.0248675  -0.00271333   0.00647822
 -0.00271333   0.00157785  -0.00588263
  0.00647822  -0.00588263    0.0238379
   0.0243724    -0.002287   0.00553083
   -0.002287   0.00188194   -0.0064181
  0.00553083   -0.0064181       0.0235
   0.0231457   -0.0016174   0.00414585
  -0.0016174   0.00152997  -0.00578855
  0.00414585  -0.00578855    0.0231975
   0.0232401  -0.00189811   0.00505039
 -0.00189811   0.00131684  -0.00538369
  0.00505039  -0.00538369     0.023394
   0.0252347  -0.00285953   0.00743414
 -0.00285953   0.00130851  -0.00531284
  0.00743414  -0.00531284    0.0241685
    0.023364  -0.00200222   0.00599361
 -0.00200222   0.00110792  -0.00490857
  0.00599361  -0.00490857    0.0236437
   0.0254903  -0.00285801   0.00835429
 -0.00285801   0.00105756  -0.00466621
  0.00835429  -0.00466621    0.0245001
   0.0265039   -0.0035187   0.00915647
  -0.0035187   0.00119006  -0.00485809
  0.00915647  -0.00485809     0.024759
   0.0234637  -0.00206248   0.00695594
 -0.00206248  0.000898777  -0.00432655
  0.00695594  -0.00432655    0.0239578
   0.0203328  0.000408209 -0.000796234
 0.000408209  0.000733231  -0.00386905
-0.000796234  -0.00386905    0.0218187
   0.0205221  3.65726e-05   0.00066821
 3.65726e-05   0.00071609  -0.00389047
  0.00066821  -0.00389047    0.0219591
    0.020296 -0.000112916   0.00141204
-0.000112916  0.000806465  -0.00416415
  0.00141204  -0.00416415    0.0221853
   0.0205917 -0.000536918   0.00283141
-0.000536918    0.0007354  -0.00394673
  0.00283141  -0.00394673     0.022492
   0.0209707 -0.000550105   0.00221752
-0.000550105  0.000677991  -0.00372507
  0.00221752  -0.00372507    0.0222653
   0.0207045  -0.00074515   0.00354838
 -0.00074515  0.000816039  -0.00419098
  0.00354838  -0.00419098    0.0227378
    0.021102  -0.00115684   0.00428869
 -0.00115684  0.000656013  -0.00358327
  0.00428869  -0.00358327    0.0229359
   0.0210158  -0.00116249   0.00485035
 -0.00116249  0.000693639  -0.00376219
  0.00485035  -0.00376219    0.0231563
    0.021581  -0.00171672   0.00619573
 -0.00171672  0.000597946  -0.00321686
  0.00619573  -0.00321686    0.0236472
   0.0214736  -0.00130755   0.00370155
 -0.00130755   0.00063163  -0.00339891
  0.00370155  -0.00339891    0.0226435
   0.0218652  -0.00189701   0.00579459
 -0.00189701  0.000603752  -0.00311067
  0.00579459  -0.00311067    0.0234485
   0.0217908  -0.00207515   0.00502625
 -0.00207515  0.000602261  -0.00292958
  0.00502625  -0.00292958    0.0229061
   0.0217076  -0.00145158   0.00566799
 -0.00145158  0.000772143   -0.0040037
  0.00566799   -0.0040037    0.0234608
   0.0219934   -0.0017728   0.00680866
  -0.0017728  0.000623941  -0.00337284
  0.00680866  -0.00337284    0.0238902
   0.0215748  -0.00123681   0.00455883
 -0.00123681  0.000935688  -0.00450576
  0.00455883  -0.00450576    0.0231002
   0.0214504    -0.001074   0.00346593
   -0.001074   0.00108665   -0.0048765
  0.00346593   -0.0048765    0.0228389
    0.020508 -0.000468255     0.002272
-0.000468255  0.000921232   -0.0044722
    0.002272   -0.0044722     0.022438
   0.0203502  -0.00023217    0.0010364
 -0.00023217  0.000999645  -0.00461363
   0.0010364  -0.00461363    0.0222589
   0.0214072 -0.000846476    0.0024491
-0.000846476   0.00122165  -0.00514164
   0.0024491  -0.00514164     0.022683
   0.0201398  0.000171292  4.28049e-05
 0.000171292  0.000849144  -0.00421213
 4.28049e-05  -0.00421213    0.0220131
   0.0215357  -0.00270735    0.0059342
 -0.00270735  0.000595899  -0.00234454
   0.0059342  -0.00234454    0.0232073
   0.0224865  -0.00264854   0.00727649
 -0.00264854  0.000594646  -0.00255558
  0.00727649  -0.00255558    0.0239681
   0.0226678  -0.00323228   0.00862677
 -0.00323228  0.000628299  -0.00192823
  0.00862677  -0.00192823    0.0243659
   0.0213243  -0.00318031   0.00649494
 -0.00318031  0.000632262  -0.00168991
  0.00649494  -0.00168991    0.0240973
   0.0229623  -0.00300511   0.00922399
 -0.00300511  0.000578929  -0.00193366
  0.00922399  -0.00193366     0.024831
   0.0226285    -0.003603   0.00976366
   -0.003603  0.000698139  -0.00131281
  0.00976366  -0.00131281    0.0248053
    0.023478   -0.0034675    0.0107231
  -0.0034675  0.000659049  -0.00129665
   0.0107231  -0.00129665    0.0254844
   0.0215296  -0.00355865   0.00745774
 -0.00355865  0.000708298  -0.00112346
  0.00745774  -0.00112346    0.0251058
   0.0234361   -0.0031361    0.0108772
  -0.0031361  0.000588537  -0.00111948
   0.0108772  -0.00111948     0.025558
   0.0228864  -0.00272228   0.00943175
 -0.00272228  0.000519356  -0.00186724
  0.00943175  -0.00186724    0.0249265
   0.0223847  -0.00223154   0.00804616
 -0.00223154  0.000530435  -0.00264863
  0.00804616  -0.00264863    0.0243785
    0.022256  -0.00237517   0.00764774
 -0.00237517  0.000551133  -0.00259277
  0.00764774  -0.00259277    0.0242024
   0.0203908  -0.00335363   0.00515036
 -0.00335363  0.000694969 -0.000981919
  0.00515036 -0.000981919    0.0250971
   0.0206121  -0.00308776   0.00440172
 -0.00308776  0.000623452  -0.00146446
  0.00440172  -0.00146446    0.0246752
    0.018818  -0.00271786   0.00197536
 -0.00271786  0.000591632  -0.00116108
  0.00197536  -0.00116108    0.0240917
   0.0204851  -0.00260606   0.00343463
 -0.00260606   0.00057094  -0.00202382
  0.00343463  -0.00202382    0.0238483
   0.0194279   -0.0024636   0.00132553
  -0.0024636  0.000541243  -0.00169096
  0.00132553  -0.00169096     0.024169
   0.0200072  -0.00200355  0.000981266
 -0.00200355   0.00052348  -0.00228091
 0.000981266  -0.00228091    0.0235389
   0.0207353  -0.00204056   0.00292807
 -0.00204056  0.000557275  -0.00257915
  0.00292807  -0.00257915    0.0228713
   0.0183656  -0.00178505  -0.00120093
 -0.00178505  0.000461424  -0.00173993
 -0.00120093  -0.00173993    0.0235844
   0.0209885  -0.00139518   0.00249908
 -0.00139518  0.000580923  -0.00307502
  0.00249908  -0.00307502    0.0219612
   0.0212047  -0.00066042   0.00139652
 -0.00066042  0.000612844  -0.00343687
  0.00139652  -0.00343687    0.0218741
   0.0207614 -0.000705561 -0.000218983
-0.000705561  0.000524086  -0.00304289
-0.000218983  -0.00304289    0.0219616
   0.0211139  6.39915e-06 -3.05406e-05
 6.39915e-06  0.000630691  -0.00358643
-3.05406e-05  -0.00358643    0.0217278
    0.021326 -6.47868e-05   -0.0011522
-6.47868e-05  0.000535108  -0.00320748
  -0.0011522  -0.00320748     0.021703
   0.0216394  0.000424964  -0.00236992
 0.000424964  0.000524604  -0.00310658
 -0.00236992  -0.00310658    0.0214954
   0.0208034  0.000497924   -0.0016057
 0.000497924  0.000626027  -0.00350975
  -0.0016057  -0.00350975    0.0216009
   0.0205629 -0.000142193  -0.00269953
-0.000142193  0.000421464  -0.00270535
 -0.00269953  -0.00270535    0.0216596
   0.0216971  0.000323516  -0.00358439
 0.000323516  0.000412477  -0.00262085
 -0.00358439  -0.00262085    0.0215608
   0.0207664  0.000108716  -0.00454606
 0.000108716  0.000308217  -0.00205279
 -0.00454606  -0.00205279    0.0212577
   0.0198775 -0.000256184  -0.00387678
-0.000256184  0.000329006  -0.00221898
 -0.00387678  -0.00221898    0.0220595
   0.0201004   -0.0006823  -0.00191936
  -0.0006823  0.000433407  -0.00264074
 -0.00191936  -0.00264074    0.0224979
   0.0189695 -0.000857411  -0.00324119
-0.000857411  0.000378013   -0.0021418
 -0.00324119   -0.0021418    0.0235101
   0.0194042  -0.00134933    -0.001511
 -0.00134933  0.000450236  -0.00229566
   -0.001511  -0.00229566    0.0232923
   0.0203989  -0.00136423  0.000307443
 -0.00136423   0.00051349  -0.00271555
 0.000307443  -0.00271555     0.022832
   0.0189101 -0.000276238   -0.0048812
-0.000276238  0.000264452  -0.00191815
  -0.0048812  -0.00191815    0.0224579
    0.019524 -7.19839e-05  -0.00522138
-7.19839e-05  0.000237731  -0.00147435
 -0.00522138  -0.00147435    0.0204689
  0.00529055  -0.00486257  -0.00607836
 -0.00486257   0.00474125   0.00498859
 -0.00607836   0.00498859    0.0208044
  0.00548347  -0.00492301  -0.00508139
 -0.00492301   0.00478687   0.00485587
 -0.00508139   0.00485587     0.021535
  0.00522574  -0.00429272   -0.0045847
 -0.00429272   0.00391316   0.00378388
  -0.0045847   0.00378388    0.0218575
  0.00569275   -0.0043137   -0.0033836
  -0.0043137   0.00400189   0.00420644
  -0.0033836   0.00420644    0.0227184
   0.0059058  -0.00491793   -0.0038571
 -0.00491793   0.00484073   0.00512012
  -0.0038571   0.00512012    0.0222559
  0.00546647  -0.00375782  -0.00287498
 -0.00375782    0.0032538   0.00339113
 -0.00287498   0.00339113    0.0232929
  0.00643443  -0.00417718  -0.00199702
 -0.00417718   0.00410229   0.00510988
 -0.00199702   0.00510988    0.0235022
  0.00624284  -0.00362038  -0.00153165
 -0.00362038   0.00334183   0.00439299
 -0.00153165   0.00439299    0.0242018
  0.00725765  -0.00331583 -0.000122432
 -0.00331583   0.00352667   0.00572541
-0.000122432   0.00572541    0.0249401
  0.00661265  -0.00477841  -0.00244206
 -0.00477841   0.00493845   0.00585911
 -0.00244206   0.00585911    0.0229138
  0.00742224  -0.00387705 -0.000522952
 -0.00387705   0.00433986   0.00636853
-0.000522952   0.00636853    0.0241122
  0.00756462  -0.00451346 -0.000943597
 -0.00451346   0.00522651   0.00697698
-0.000943597   0.00697698      0.02341
  0.00606051  -0.00318308  -0.00113589
 -0.00318308   0.00273724   0.00384712
 -0.00113589   0.00384712    0.0250188
  0.00707554  -0.00287059  0.000194116
 -0.00287059   0.00285697   0.00515937
 0.000194116   0.00515937    0.0258681
  0.00691669  -0.00260026  0.000379705
 -0.00260026   0.00236067   0.00465782
 0.000379705   0.00465782     0.026832
  0.00626533  -0.00311793  -0.00109627
 -0.00311793   0.00245293   0.00357582
 -0.00109627   0.00357582    0.0261247
   0.0054594  -0.00345816  -0.00257416
 -0.00345816   0.00275261   0.00290781
 -0.00257416   0.00290781    0.0241537
  0.00585384   -0.0034993  -0.00257374
  -0.0034993   0.00257662   0.00270141
 -0.00257374   0.00270141     0.025236
  0.00506643  -0.00350961  -0.00380226
 -0.00350961   0.00271891   0.00236804
 -0.00380226   0.00236804    0.0231297
  0.00502508  -0.00376649  -0.00411318
 -0.00376649   0.00318585   0.00290485
 -0.00411318   0.00290485    0.0223724
  0.00477469  -0.00363844  -0.00506262
 -0.00363844   0.00305909   0.00277735
 -0.00506262   0.00277735    0.0213571
  0.00546504  -0.00356934  -0.00374206
 -0.00356934   0.00257323   0.00214836
 -0.00374206   0.00214836    0.0227087
  0.00478087  -0.00337021  -0.00468429
 -0.00337021   0.00258687    0.0021835
 -0.00468429    0.0021835    0.0214592
  0.00509517   -0.0034104  -0.00457566
  -0.0034104   0.00246379   0.00196961
 -0.00457566   0.00196961    0.0211911
  0.00499738  -0.00418502  -0.00555038
 -0.00418502    0.0038082   0.00376444
 -0.00555038   0.00376444     0.020977
  0.00860546  -0.00414336  0.000472176
 -0.00414336   0.00578239   0.00832241
 0.000472176   0.00832241    0.0236689
  0.00851773  -0.00346263  0.000862632
 -0.00346263   0.00478125   0.00779861
 0.000862632   0.00779861    0.0244946
  0.00946719  -0.00306825   0.00194878
 -0.00306825   0.00542904   0.00912668
  0.00194878   0.00912668    0.0246249
  0.00948477  -0.00377043   0.00159382
 -0.00377043   0.00660626   0.00965594
  0.00159382   0.00965594    0.0236604
  0.00937548   -0.0024952   0.00219251
  -0.0024952   0.00430897   0.00839497
  0.00219251   0.00839497    0.0257202
   0.0100284  -0.00280129   0.00257152
 -0.00280129    0.0061951    0.0101394
  0.00257152    0.0101394    0.0245735
  0.00999876  -0.00226742   0.00272745
 -0.00226742   0.00485234   0.00921238
  0.00272745   0.00921238    0.0258113
    0.010107  -0.00231074   0.00276015
 -0.00231074    0.0053511   0.00941681
  0.00276015   0.00941681    0.0258243
  0.00997255  -0.00347237   0.00227198
 -0.00347237   0.00757451    0.0107734
  0.00227198    0.0107734    0.0234681
   0.0100776    -0.002761   0.00270967
   -0.002761   0.00688551    0.0106237
  0.00270967    0.0106237    0.0244528
  0.00997426  -0.00335118   0.00248282
 -0.00335118   0.00846147    0.0114811
  0.00248282    0.0114811    0.0232051
   0.0098725  -0.00191886   0.00268456
 -0.00191886   0.00370357   0.00809608
  0.00268456   0.00809608    0.0271133
   0.0100424  -0.00202423   0.00259988
 -0.00202423   0.00403205   0.00795153
  0.00259988   0.00795153    0.0272329
  0.00988435  -0.00190793   0.00224941
 -0.00190793   0.00301747   0.00633461
  0.00224941   0.00633461    0.0285892
  0.00965817  -0.00176654   0.00246412
 -0.00176654    0.0028012   0.00684497
  0.00246412   0.00684497    0.0283848
  0.00920815  -0.00210505   0.00227253
 -0.00210505   0.00336263   0.00755936
  0.00227253   0.00755936    0.0268966
  0.00898249  -0.00190432   0.00219201
 -0.00190432   0.00260473   0.00663451
  0.00219201   0.00663451    0.0280627
  0.00820109  -0.00246833   0.00139212
 -0.00246833   0.00307115   0.00650622
  0.00139212   0.00650622    0.0264969
  0.00838051  -0.00288931   0.00118924
 -0.00288931   0.00385182   0.00715962
  0.00118924   0.00715962    0.0254477
  0.00799842  -0.00221776   0.00145898
 -0.00221776    0.0024534   0.00583367
  0.00145898   0.00583367    0.0275551
   0.0143747  -0.00467605  -0.00269285
 -0.00467605   0.00213607    0.0034151
 -0.00269285    0.0034151    0.0234701
   0.0131104  -0.00404881  -0.00164707
 -0.00404881   0.00197989   0.00412166
 -0.00164707   0.00412166    0.0246608
   0.0110475    -0.002894  -0.00014517
   -0.002894   0.00169276   0.00422882
 -0.00014517   0.00422882    0.0269643
   0.0102545  -0.00285039  0.000101752
 -0.00285039   0.00176066   0.00461875
 0.000101752   0.00461875    0.0272137
   0.0129529  -0.00437496   -0.0019563
 -0.00437496   0.00221663   0.00437494
  -0.0019563   0.00437494    0.0242224
  0.00900135  -0.00214507    0.0011006
 -0.00214507   0.00171449   0.00494853
   0.0011006   0.00494853    0.0279822
   0.0098857  -0.00330526 -0.000519113
 -0.00330526   0.00200257   0.00445795
-0.000519113   0.00445795    0.0269532
  0.00821338  -0.00242994  0.000652417
 -0.00242994    0.0018293   0.00469332
 0.000652417   0.00469332     0.027947
  0.00808355  -0.00317781 -0.000542194
 -0.00317781   0.00216987     0.004166
-0.000542194     0.004166    0.0279864
   0.0117979   -0.0045525  -0.00231752
  -0.0045525   0.00246027   0.00434366
 -0.00231752   0.00434366    0.0232132
  0.00939096  -0.00399662  -0.00181781
 -0.00399662   0.00241145   0.00401689
 -0.00181781   0.00401689    0.0247478
   0.0109811  -0.00505768  -0.00317914
 -0.00505768   0.00290534   0.00414081
 -0.00317914   0.00414081    0.0220241
   0.0077728  -0.00211288   0.00132722
 -0.00211288   0.00199634   0.00516521
  0.00132722   0.00516521     0.027973
  0.00722384  -0.00271178  0.000148078
 -0.00271178   0.00214636   0.00434709
 0.000148078   0.00434709    0.0276634
  0.00878505   -0.0018853   0.00180965
  -0.0018853   0.00203843     0.005715
  0.00180965     0.005715     0.028371
  0.00955354  -0.00182435   0.00187372
 -0.00182435   0.00213323   0.00566306
  0.00187372   0.00566306    0.0288463
   0.0099973  -0.00222542  0.000917414
 -0.00222542   0.00174486   0.00469083
 0.000917414   0.00469083    0.0279864
   0.0107195  -0.00254063  0.000376324
 -0.00254063   0.00187361    0.0038124
 0.000376324    0.0038124    0.0284098
  0.00993396  -0.00202063    0.0014746
 -0.00202063   0.00227947   0.00490036
   0.0014746   0.00490036    0.0291884
    0.012122  -0.00340293  -0.00106568
 -0.00340293   0.00181681   0.00334671
 -0.00106568   0.00334671    0.0262834
   0.0103375   -0.0053019  -0.00367113
  -0.0053019   0.00315045   0.00392875
 -0.00367113   0.00392875    0.0214754
  0.00897006  -0.00454702   -0.0030087
 -0.00454702   0.00279714   0.00356961
  -0.0030087   0.00356961    0.0227678
  0.00882862  -0.00506419  -0.00432094
 -0.00506419   0.00318967   0.00341343
 -0.00432094   0.00341343    0.0223074
   0.0100107  -0.00558439  -0.00442718
 -0.00558439   0.00343126   0.00387165
 -0.00442718   0.00387165    0.0214239
  0.00761857  -0.00439383  -0.00370817
 -0.00439383   0.00286815   0.00298413
 -0.00370817   0.00298413    0.0230627
  0.00798305  -0.00496083  -0.00505159
 -0.00496083   0.00324738   0.00313423
 -0.00505159   0.00313423    0.0216083
  0.00729339  -0.00454704  -0.00479219
 -0.00454704    0.0030136   0.00259546
 -0.00479219   0.00259546    0.0223658
  0.00664884  -0.00423658  -0.00548161
 -0.00423658   0.00286182   0.00236355
 -0.00548161   0.00236355    0.0218668
  0.00874198  -0.00536972  -0.00522567
 -0.00536972   0.00346236   0.00350825
 -0.00522567   0.00350825    0.0199551
  0.00715979  -0.00453358  -0.00561355
 -0.00453358   0.00300793   0.00280781
 -0.00561355   0.00280781    0.0204115
  0.00791871  -0.00506745   -0.0057636
 -0.00506745     0.003365   0.00343176
  -0.0057636   0.00343176    0.0195893
  0.00625517  -0.00393305  -0.00419484
 -0.00393305   0.00267859   0.00233147
 -0.00419484   0.00233147    0.0222334
  0.00556209  -0.00361205  -0.00493736
 -0.00361205   0.00251341   0.00203402
 -0.00493736   0.00203402    0.0211909
  0.00655061   -0.0038187  -0.00298632
  -0.0038187   0.00261649   0.00271219
 -0.00298632   0.00271219    0.0240887
  0.00687195  -0.00334496  -0.00135708
 -0.00334496   0.00239133   0.00350114
 -0.00135708   0.00350114     0.027288
  0.00777612  -0.00387047  -0.00222049
 -0.00387047    0.0025258   0.00345977
 -0.00222049   0.00345977     0.025017
  0.00956887  -0.00339711   0.00232947
 -0.00339711   0.00905875    0.0117183
  0.00232947    0.0117183    0.0229771
  0.00969747  -0.00294151   0.00246178
 -0.00294151   0.00731136    0.0105431
  0.00246178    0.0105431    0.0243641
  0.00908232  -0.00324945   0.00199209
 -0.00324945   0.00736013    0.0100027
  0.00199209    0.0100027    0.0243602
  0.00895303  -0.00355668   0.00195793
 -0.00355668   0.00926095    0.0115478
  0.00195793    0.0115478    0.0228455
  0.00915828   -0.0030332   0.00180281
  -0.0030332   0.00564551   0.00806919
  0.00180281   0.00806919    0.0259392
  0.00842604  -0.00353828   0.00141985
 -0.00353828   0.00709462   0.00921135
  0.00141985   0.00921135    0.0244653
  0.00851238  -0.00341991   0.00111882
 -0.00341991   0.00537886   0.00690712
  0.00111882   0.00690712    0.0261288
  0.00793994  -0.00363713  0.000412353
 -0.00363713   0.00495792   0.00573881
 0.000412353   0.00573881    0.0264109
  0.00829371  -0.00371733   0.00148202
 -0.00371733   0.00910975    0.0111171
  0.00148202    0.0111171    0.0228387
   0.0078246  -0.00369792  0.000810854
 -0.00369792   0.00663124   0.00835485
 0.000810854   0.00835485    0.0246591
  0.00768817  -0.00378923  0.000959165
 -0.00378923   0.00871419    0.0105789
 0.000959165    0.0105789    0.0229288
  0.00856002  -0.00334909  0.000592057
 -0.00334909   0.00414112    0.0044082
 0.000592057    0.0044082    0.0277455
  0.00801738  -0.00359177  -0.00019796
 -0.00359177    0.0038815     0.002953
 -0.00019796     0.002953    0.0280912
  0.00806602  -0.00355115 -0.000921473
 -0.00355115   0.00339673  0.000233102
-0.000921473  0.000233102    0.0296484
  0.00858053  -0.00330174 -7.29763e-05
 -0.00330174   0.00341361   0.00187351
-7.29763e-05   0.00187351    0.0292598
  0.00918553  -0.00290397   0.00138671
 -0.00290397   0.00428827    0.0058948
  0.00138671    0.0058948    0.0274966
  0.00916839  -0.00283233  0.000811254
 -0.00283233   0.00336441   0.00360253
 0.000811254   0.00360253    0.0289619
  0.00975653  -0.00239248    0.0021078
 -0.00239248   0.00426845    0.0071574
   0.0021078    0.0071574     0.027341
  0.00975986  -0.00260426   0.00239719
 -0.00260426   0.00565283   0.00898799
  0.00239719   0.00898799    0.0258484
  0.00967131  -0.00230139    0.0016446
 -0.00230139   0.00323462   0.00517702
   0.0016446   0.00517702    0.0287559
  0.00714547  -0.00374393   0.00040185
 -0.00374393    0.0081501    0.0100813
  0.00040185    0.0100813    0.0230648
  0.00729968  -0.00367644  0.000155097
 -0.00367644   0.00606681    0.0075977
 0.000155097    0.0075977    0.0248981
  0.00684005  -0.00350219 -0.000540809
 -0.00350219   0.00546014   0.00705757
-0.000540809   0.00705757    0.0251516
  0.00667249  -0.00358798 -0.000183465
 -0.00358798   0.00752449   0.00970309
-0.000183465   0.00970309    0.0232009
  0.00702758  -0.00339582  -0.00111228
 -0.00339582   0.00397428   0.00401556
 -0.00111228   0.00401556    0.0270685
  0.00644336  -0.00322989  -0.00127446
 -0.00322989   0.00489592   0.00671508
 -0.00127446   0.00671508    0.0254104
  0.00665921  -0.00304619  -0.00193133
 -0.00304619   0.00346311   0.00357731
 -0.00193133   0.00357731    0.0274145
  0.00636729  -0.00267076  -0.00268655
 -0.00267076   0.00297378   0.00340355
 -0.00268655   0.00340355    0.0275566
  0.00627061  -0.00335675  -0.00079991
 -0.00335675    0.0069273   0.00943772
 -0.00079991   0.00943772    0.0233233
  0.00611853   -0.0029164  -0.00199145
  -0.0029164   0.00438297   0.00658364
 -0.00199145   0.00658364    0.0254129
  0.00594604  -0.00308524  -0.00142805
 -0.00308524   0.00640637   0.00928747
 -0.00142805   0.00928747    0.0234359
  0.00688811  -0.00284285  -0.00270483
 -0.00284285   0.00276843  0.000340229
 -0.00270483  0.000340229    0.0292125
  0.00675505   -0.0024062  -0.00344762
  -0.0024062   0.00228175  0.000205234
 -0.00344762  0.000205234    0.0290984
  0.00701579  -0.00215381  -0.00414878
 -0.00215381   0.00227921  -0.00278018
 -0.00414878  -0.00278018     0.030782
  0.00707782  -0.00266589  -0.00345707
 -0.00266589   0.00275356  -0.00262628
 -0.00345707  -0.00262628    0.0307041
  0.00720839  -0.00327892  -0.00184627
 -0.00327892   0.00319606  0.000859286
 -0.00184627  0.000859286    0.0288542
  0.00734554  -0.00316746   -0.0026046
 -0.00316746   0.00311649   -0.0020823
  -0.0026046   -0.0020823    0.0304128
  0.00757478  -0.00355863  -0.00100823
 -0.00355863   0.00357035   0.00172632
 -0.00100823   0.00172632    0.0284775
  0.00744557  -0.00362159 -0.000329956
 -0.00362159   0.00447907   0.00473089
-0.000329956   0.00473089    0.0267346
  0.00765917  -0.00349761  -0.00175683
 -0.00349761    0.0033129   -0.0011267
 -0.00175683   -0.0011267    0.0300528
   0.0130841  -0.00598075  -0.00750268
 -0.00598075   0.00476209  -0.00254997
 -0.00750268  -0.00254997     0.023766
   0.0136095  -0.00643758  -0.00719276
 -0.00643758   0.00500756  -0.00269459
 -0.00719276  -0.00269459    0.0239461
   0.0106533  -0.00457712  -0.00615861
 -0.00457712   0.00432941  -0.00457284
 -0.00615861  -0.00457284     0.027866
   0.0110663  -0.00497797  -0.00565823
 -0.00497797   0.00433222    -0.004256
 -0.00565823    -0.004256    0.0278133
   0.0141059  -0.00667004   -0.0068459
 -0.00667004   0.00489121   -0.0025533
  -0.0068459   -0.0025533    0.0239253
  0.00891896  -0.00383505  -0.00443882
 -0.00383505   0.00386746  -0.00498321
 -0.00443882  -0.00498321    0.0303979
   0.0114678  -0.00513147  -0.00513134
 -0.00513147   0.00402908  -0.00360405
 -0.00513134  -0.00360405    0.0275772
  0.00926506  -0.00410521  -0.00376529
 -0.00410521   0.00369695  -0.00411704
 -0.00376529  -0.00411704    0.0301077
   0.0096678  -0.00410602  -0.00303933
 -0.00410602   0.00334955  -0.00285812
 -0.00303933  -0.00285812    0.0297221
   0.0144849  -0.00668244  -0.00645742
 -0.00668244   0.00450771  -0.00210544
 -0.00645742  -0.00210544    0.0237146
   0.0118363  -0.00506622  -0.00452448
 -0.00506622   0.00354822  -0.00255561
 -0.00452448  -0.00255561    0.0272082
   0.0147758  -0.00650664  -0.00597894
 -0.00650664   0.00396433  -0.00133471
 -0.00597894  -0.00133471    0.0234007
  0.00802969   -0.0035584  -0.00270016
  -0.0035584   0.00337182  -0.00319663
 -0.00270016  -0.00319663    0.0307758
  0.00841912  -0.00360941   -0.0018924
 -0.00360941   0.00323346  -0.00182092
  -0.0018924  -0.00182092    0.0303681
  0.00772652  -0.00323025  -0.00348683
 -0.00323025    0.0033626  -0.00415095
 -0.00348683  -0.00415095       0.0311
  0.00748348  -0.00268926  -0.00427249
 -0.00268926   0.00311053  -0.00467702
 -0.00427249  -0.00467702    0.0312916
   0.0086155  -0.00332592   -0.0051029
 -0.00332592   0.00372125  -0.00542645
  -0.0051029  -0.00542645    0.0305008
  0.00853784  -0.00270151  -0.00566967
 -0.00270151   0.00323884  -0.00545798
 -0.00566967  -0.00545798    0.0304744
  0.00757307  -0.00214006  -0.00491349
 -0.00214006    0.0026292  -0.00474054
 -0.00491349  -0.00474054    0.0311751
   0.0104302  -0.00401045  -0.00660972
 -0.00401045    0.0039345  -0.00451487
 -0.00660972  -0.00451487    0.0277187
   0.0150085  -0.00618765  -0.00536643
 -0.00618765   0.00337972 -0.000268564
 -0.00536643 -0.000268564    0.0230733
   0.0121817  -0.00478212  -0.00380418
 -0.00478212   0.00300895  -0.00119001
 -0.00380418  -0.00119001    0.0268392
   0.0124638  -0.00437745   -0.0029767
 -0.00437745   0.00248009  0.000422533
  -0.0029767  0.000422533    0.0265138
   0.0152158  -0.00578515  -0.00459765
 -0.00578515    0.0028149  0.000983752
 -0.00459765  0.000983752    0.0228953
   0.0105152  -0.00342086  -0.00131763
 -0.00342086    0.0024648   0.00056091
 -0.00131763   0.00056091        0.029
   0.0125484  -0.00390374  -0.00201045
 -0.00390374   0.00207292   0.00199137
 -0.00201045   0.00199137    0.0262937
   0.0107946  -0.00294168  -0.00042575
 -0.00294168   0.00210906     0.002358
 -0.00042575     0.002358    0.0287319
   0.0149241  -0.00519493  -0.00363318
 -0.00519493   0.00236924   0.00230017
 -0.00363318   0.00230017    0.0230731
  0.00981834  -0.00239761  0.000784056
 -0.00239761   0.00248634   0.00349232
 0.000784056   0.00349232    0.0294096
  0.00941271  -0.00290763 -0.000104344
 -0.00290763   0.00274328    0.0017231
-0.000104344    0.0017231    0.0296473
  0.00890152  -0.00335429  -0.00103275
 -0.00335429   0.00301606 -0.000134742
 -0.00103275 -0.000134742    0.0299694
   0.0101009  -0.00385492  -0.00222007
 -0.00385492    0.0029185   -0.0012561
 -0.00222007   -0.0012561    0.0293275
  0.00425705  -0.00863311  -0.00319395
 -0.00863311    0.0264401    0.0153771
 -0.00319395    0.0153771    0.0148306
  0.00488307  -0.00854161  -0.00239834
 -0.00854161    0.0251287    0.0149187
 -0.00239834    0.0149187    0.0157488
  0.00495337  -0.00825355  -0.00308341
 -0.00825355    0.0206139    0.0137075
 -0.00308341    0.0137075    0.0169925
  0.00568911  -0.00819803  -0.00211246
 -0.00819803    0.0196551    0.0131957
 -0.00211246    0.0131957    0.0177118
  0.00566177  -0.00844136  -0.00151287
 -0.00844136    0.0239158      0.01457
 -0.00151287      0.01457    0.0166712
  0.00577077  -0.00791637  -0.00279062
 -0.00791637    0.0158283    0.0118404
 -0.00279062    0.0118404    0.0187137
  0.00653987  -0.00815387   -0.0011198
 -0.00815387    0.0188896    0.0128925
