           0            0            0
           0            0            0
           0            0            0
   0.0171942  -0.00195323   0.00137436
 -0.00195323  0.000357889    0.0010864
  0.00137436    0.0010864    0.0132918
   0.0151493  -0.00135546   0.00384125
 -0.00135546  0.000261748   0.00104456
  0.00384125   0.00104456    0.0163692
   0.0129717 -0.000998178   0.00607746
-0.000998178  0.000201679  0.000766257
  0.00607746  0.000766257    0.0179998
   0.0124471  -0.00101048   0.00711316
 -0.00101048  0.000192634  0.000453575
  0.00711316  0.000453575    0.0181314
   0.0125931   -0.0012032   0.00676762
  -0.0012032  0.000212099  0.000254205
  0.00676762  0.000254205     0.018591
   0.0109764  -0.00112841   0.00561833
 -0.00112841  0.000195045  0.000160939
  0.00561833  0.000160939    0.0166734
   0.0115125  -0.00131319   0.00500775
 -0.00131319  0.000214055 -4.87198e-05
  0.00500775 -4.87198e-05    0.0179523
    0.012803  -0.00135836   0.00611248
 -0.00135836  0.000224889  3.83741e-05
  0.00611248  3.83741e-05    0.0190879
   0.0114585  -0.00138209   0.00377059
 -0.00138209  0.000227741 -0.000336112
  0.00377059 -0.000336112    0.0190311
   0.0128756  -0.00145427   0.00495867
 -0.00145427  0.000235341  -0.00025643
  0.00495867  -0.00025643    0.0201892
    0.011547  -0.00135132   0.00231462
 -0.00135132  0.000242836 -0.000686076
  0.00231462 -0.000686076    0.0203484
   0.0131216  -0.00153284   0.00449363
 -0.00153284  0.000242777 -0.000481436
  0.00449363 -0.000481436    0.0205104
   0.0253281 -0.000857307   0.00731133
-0.000857307  0.000432306   0.00202241
  0.00731133   0.00202241    0.0157857
   0.0217477 -0.000584644   0.00936029
-0.000584644  0.000516433   0.00242054
  0.00936029   0.00242054    0.0190048
   0.0218552 -0.000394414   0.00929045
-0.000394414  0.000451009   0.00236435
  0.00929045   0.00236435    0.0190073
   0.0195682 -0.000191561    0.0109462
-0.000191561   0.00050656   0.00261974
   0.0109462   0.00261974    0.0215091
   0.0193853 -0.000375959    0.0109546
-0.000375959  0.000568424   0.00265626
   0.0109546   0.00265626    0.0214834
   0.0194174 -0.000156525    0.0107395
-0.000156525   0.00044203   0.00244856
   0.0107395   0.00244856    0.0214486
   0.0180567  -0.00018231    0.0114965
 -0.00018231  0.000524742   0.00264873
   0.0114965   0.00264873    0.0226885
   0.0179528 -0.000139481     0.011313
-0.000139481  0.000464268   0.00249694
    0.011313   0.00249694    0.0226188
    0.017555 -0.000303787    0.0113027
-0.000303787  0.000453631   0.00234116
   0.0113027   0.00234116    0.0229253
   0.0178464  -0.00035076    0.0114704
 -0.00035076  0.000580397   0.00267191
   0.0114704   0.00267191    0.0226615
   0.0176475 -0.000358919    0.0114856
-0.000358919  0.000508253   0.00247285
   0.0114856   0.00247285    0.0230207
   0.0174374 -0.000514893     0.011451
-0.000514893  0.000559126   0.00249038
    0.011451   0.00249038     0.023017
   0.0177221 -0.000246913    0.0110688
-0.000246913  0.000398939    0.0022027
   0.0110688    0.0022027    0.0225604
   0.0173243 -0.000391358    0.0110445
-0.000391358  0.000395588   0.00206964
   0.0110445   0.00206964    0.0228355
   0.0171301 -0.000588892    0.0108418
-0.000588892  0.000339918   0.00169383
   0.0108418   0.00169383    0.0228259
   0.0175414 -0.000465623    0.0108962
-0.000465623   0.00033673   0.00180989
   0.0108962   0.00180989    0.0225906
    0.019169 -0.000289506    0.0105105
-0.000289506  0.000376242   0.00214365
   0.0105105   0.00214365    0.0214186
   0.0190124 -0.000538804    0.0103883
-0.000538804  0.000318133   0.00175193
   0.0103883   0.00175193     0.021492
   0.0213855  -0.00058144   0.00889133
 -0.00058144  0.000337642   0.00188253
  0.00889133   0.00188253     0.018966
   0.0216418 -0.000395012   0.00907459
-0.000395012  0.000390201   0.00218167
  0.00907459   0.00218167    0.0189588
   0.0249818 -0.000826509   0.00698185
-0.000826509  0.000335488   0.00176304
  0.00698185   0.00176304    0.0157397
   0.0212611 -0.000874956   0.00864538
-0.000874956  0.000298562    0.0015562
  0.00864538    0.0015562    0.0190907
   0.0245802  -0.00107253   0.00679065
 -0.00107253  0.000305651   0.00151189
  0.00679065   0.00151189    0.0157325
   0.0248257  -0.00147322    0.0063494
 -0.00147322  0.000303519   0.00128938
   0.0063494   0.00128938     0.015924
   0.0252766 -0.000724648   0.00717564
-0.000724648  0.000375667   0.00194839
  0.00717564   0.00194839    0.0157632
    0.017168 -0.000764672    0.0109145
-0.000764672  0.000507853     0.002171
   0.0109145     0.002171    0.0228406
    0.017368  -0.00062885     0.010937
 -0.00062885  0.000462342   0.00214943
    0.010937   0.00214943    0.0228034
   0.0171268 -0.000867859    0.0103407
-0.000867859  0.000399788   0.00173358
   0.0103407   0.00173358    0.0225796
   0.0169295 -0.000977617    0.0103188
-0.000977617  0.000437234   0.00175866
   0.0103188   0.00175866    0.0226477
   0.0170076 -0.000801432    0.0101301
-0.000801432  0.000360379    0.0016358
   0.0101301    0.0016358    0.0224125
   0.0169121  -0.00106724   0.00968909
 -0.00106724  0.000329101   0.00124425
  0.00968909   0.00124425    0.0223269
   0.0167784  -0.00100346    0.0094721
 -0.00100346   0.00029913   0.00116808
   0.0094721   0.00116808    0.0221299
   0.0165911  -0.00115359   0.00879464
 -0.00115359  0.000242108    0.0006557
  0.00879464    0.0006557    0.0218398
   0.0167069  -0.00114672   0.00965261
 -0.00114672  0.000356482   0.00127341
  0.00965261   0.00127341    0.0224196
   0.0167364  -0.00121377   0.00900948
 -0.00121377  0.000262398  0.000710201
  0.00900948  0.000710201    0.0220637
   0.0165118  -0.00126527   0.00894582
 -0.00126527  0.000281185  0.000744753
  0.00894582  0.000744753    0.0221696
   0.0165049    -0.001019   0.00915034
   -0.001019    0.0002715   0.00100217
  0.00915034   0.00100217    0.0219219
   0.0162839  -0.00115104   0.00844981
 -0.00115104  0.000224683  0.000533959
  0.00844981  0.000533959    0.0215926
   0.0160425  -0.00122817   0.00813478
 -0.00122817  0.000214529  0.000338864
  0.00813478  0.000338864    0.0214026
   0.0162999  -0.00112806   0.00887489
 -0.00112806   0.00025094  0.000750694
  0.00887489  0.000750694    0.0217841
   0.0167607 -0.000838446   0.00983268
-0.000838446  0.000322066   0.00142899
  0.00983268   0.00142899    0.0222446
   0.0165764  -0.00098009   0.00959061
 -0.00098009   0.00029079   0.00112728
  0.00959061   0.00112728    0.0221541
   0.0170362 -0.000627314    0.0104651
-0.000627314   0.00036541    0.0017905
   0.0104651    0.0017905    0.0225429
   0.0172637 -0.000565322    0.0107391
-0.000565322  0.000413327   0.00203299
   0.0107391   0.00203299    0.0226709
   0.0168444 -0.000798471    0.0102452
-0.000798471  0.000321063   0.00144665
   0.0102452   0.00144665    0.0224978
   0.0142981  -0.00151329   0.00648161
 -0.00151329  0.000239943 -8.31855e-05
  0.00648161 -8.31855e-05    0.0207622
   0.0141452  -0.00139979   0.00707164
 -0.00139979  0.000240153  0.000163769
  0.00707164  0.000163769    0.0204499
   0.0156915    -0.001352   0.00859828
   -0.001352   0.00025627  0.000430931
  0.00859828  0.000430931    0.0215904
   0.0138084  -0.00123373   0.00770568
 -0.00123373  0.000230979  0.000371113
  0.00770568  0.000371113    0.0198026
   0.0156846  -0.00118931   0.00914354
 -0.00118931  0.000258338  0.000681257
  0.00914354  0.000681257    0.0217806
   0.0156233 -0.000979081   0.00957402
-0.000979081  0.000249935  0.000895703
  0.00957402  0.000895703    0.0217268
   0.0138402  -0.00103856   0.00825212
 -0.00103856  0.000216015  0.000576979
  0.00825212  0.000576979    0.0196603
   0.0167037  -0.00104913    0.0100841
 -0.00104913  0.000289736   0.00102467
   0.0100841   0.00102467    0.0225324
   0.0168545 -0.000845811    0.0106221
-0.000845811  0.000295022   0.00124992
   0.0106221   0.00124992    0.0228515
   0.0164409  -0.00120326   0.00940189
 -0.00120326   0.00027173  0.000749974
  0.00940189  0.000749974    0.0221409
    0.016169  -0.00131748   0.00864934
 -0.00131748  0.000244669  0.000429937
  0.00864934  0.000429937    0.0217108
    0.015533    -0.001455   0.00796466
   -0.001455  0.000242422  0.000139613
  0.00796466  0.000139613    0.0214023
   0.0154572  -0.00152418   0.00735985
 -0.00152418  0.000231333 -0.000181052
  0.00735985 -0.000181052    0.0209658
   0.0158905  -0.00138054    0.0078686
 -0.00138054  0.000217721  7.93195e-05
   0.0078686  7.93195e-05    0.0212748
   0.0142885  -0.00156403   0.00601797
 -0.00156403  0.000236711 -0.000374232
  0.00601797 -0.000374232     0.020736
    0.014279  -0.00094992   0.00783881
 -0.00094992  0.000206974  0.000796225
  0.00783881  0.000796225    0.0195533
     0.01627  -0.00120198   0.00623601
 -0.00120198  0.000242615   0.00101552
  0.00623601   0.00101552    0.0183726
   0.0172203   -0.0010306   0.00801653
  -0.0010306    0.0002414    0.0010991
  0.00801653    0.0010991    0.0197964
   0.0183461   -0.0016866   0.00354385
  -0.0016866  0.000302263   0.00108034
  0.00354385   0.00108034    0.0154272
   0.0191604  -0.00151829   0.00515461
 -0.00151829  0.000287065   0.00110821
  0.00515461   0.00110821    0.0165849
   0.0218584  -0.00212551   0.00274718
 -0.00212551   0.00036348    0.0010772
  0.00274718    0.0010772    0.0135573
   0.0201043  -0.00222073   0.00134778
 -0.00222073  0.000386879   0.00111136
  0.00134778   0.00111136    0.0130134
   0.0205135  -0.00119069   0.00743866
 -0.00119069  0.000276766   0.00128422
  0.00743866   0.00128422    0.0184661
   0.0231782  -0.00177958   0.00481197
 -0.00177958  0.000314331   0.00113339
  0.00481197   0.00113339    0.0150629
   0.0184075 -0.000812616   0.00966916
-0.000812616   0.00027144   0.00137133
  0.00966916   0.00137133    0.0211159
   0.0170477 -0.000714333    0.0105231
-0.000714333  0.000283103   0.00137413
   0.0105231   0.00137413    0.0224888
   0.0157881 -0.000869027   0.00922608
-0.000869027  0.000235471   0.00103634
  0.00922608   0.00103634    0.0211717
   0.0163062    -0.001333   0.00818804
   -0.001333  0.000217939  0.000176869
  0.00818804  0.000176869    0.0219182
   0.0165943  -0.00131198   0.00829175
 -0.00131198  0.000207124   0.00013555
  0.00829175   0.00013555    0.0218065
   0.0164804  -0.00133506   0.00753511
 -0.00133506  0.000184727  -0.00047665
  0.00753511  -0.00047665    0.0215735
    0.016089   -0.0013266   0.00738496
  -0.0013266  0.000191044 -0.000430448
  0.00738496 -0.000430448    0.0216802
   0.0163737  -0.00128405   0.00734815
 -0.00128405  0.000176055 -0.000498154
  0.00734815 -0.000498154    0.0213253
   0.0163303  -0.00128807   0.00675109
 -0.00128807  0.000202567  -0.00111239
  0.00675109  -0.00111239    0.0213546
   0.0163112  -0.00124653   0.00659073
 -0.00124653  0.000194696  -0.00111698
  0.00659073  -0.00111698    0.0211124
   0.0162186  -0.00113931   0.00584536
 -0.00113931  0.000255364    -0.001731
  0.00584536    -0.001731    0.0209154
   0.0158251  -0.00125011   0.00655944
 -0.00125011  0.000202609  -0.00106168
  0.00655944  -0.00106168    0.0214437
   0.0161318  -0.00116926   0.00597635
 -0.00116926  0.000262912  -0.00174422
  0.00597635  -0.00174422    0.0211364
   0.0155206  -0.00111076   0.00574433
 -0.00111076   0.00025992  -0.00169411
  0.00574433  -0.00169411     0.021192
   0.0159306   -0.0011877    0.0061786
  -0.0011877   0.00018758  -0.00111986
   0.0061786  -0.00111986    0.0207792
   0.0158906  -0.00107103   0.00542825
 -0.00107103  0.000243755  -0.00169746
  0.00542825  -0.00169746    0.0205804
   0.0154656  -0.00101975   0.00492961
 -0.00101975  0.000236525    -0.001679
  0.00492961    -0.001679    0.0202374
   0.0155264  -0.00116369   0.00572539
 -0.00116369  0.000186419  -0.00114959
  0.00572539  -0.00114959    0.0204595
   0.0159859  -0.00123903   0.00695395
 -0.00123903  0.000169586 -0.000537757
  0.00695395 -0.000537757      0.02101
   0.0156425  -0.00125149    0.0065497
 -0.00125149  0.000171883 -0.000618835
   0.0065497 -0.000618835    0.0207228
   0.0160974   -0.0012312   0.00771641
  -0.0012312  0.000184279  1.98805e-05
  0.00771641  1.98805e-05    0.0212805
   0.0164435  -0.00125389   0.00808609
 -0.00125389  0.000193105  9.87517e-05
  0.00808609  9.87517e-05    0.0215666
   0.0158054  -0.00127789    0.0073591
 -0.00127789  0.000182633 -0.000117119
   0.0073591 -0.000117119    0.0210396
   0.0151547 -0.000915201   0.00491457
-0.000915201  0.000364274  -0.00234594
  0.00491457  -0.00234594    0.0209342
   0.0158815  -0.00099019   0.00517592
 -0.00099019  0.000366762  -0.00238918
  0.00517592  -0.00238918    0.0209195
   0.0156138 -0.000715654   0.00432511
-0.000715654  0.000540669  -0.00306244
  0.00432511  -0.00306244    0.0207204
   0.0147584 -0.000630938   0.00405432
-0.000630938  0.000547119  -0.00303539
  0.00405432  -0.00303539     0.020693
   0.0159621 -0.000695495   0.00425633
-0.000695495  0.000518164  -0.00300514
  0.00425633  -0.00300514    0.0205892
   0.0152713 -0.000354716   0.00343543
-0.000354716   0.00078612  -0.00376229
  0.00343543  -0.00376229    0.0205609
   0.0157957 -0.000339374   0.00338089
-0.000339374  0.000743415  -0.00367546
  0.00338089  -0.00367546    0.0204871
   0.0155305  9.86874e-05   0.00249356
 9.86874e-05   0.00103327  -0.00434173
  0.00249356  -0.00434173    0.0204238
    0.014301 -0.000258888   0.00319372
-0.000258888  0.000807223   -0.0037576
  0.00319372   -0.0037576    0.0204905
   0.0148265  9.18848e-05   0.00255553
 9.18848e-05   0.00110266  -0.00446172
  0.00255553  -0.00446172    0.0204373
    0.013785  0.000195746   0.00236691
 0.000195746   0.00114854  -0.00448854
  0.00236691  -0.00448854      0.02033
   0.0157747 -0.000248929   0.00296169
-0.000248929   0.00068986  -0.00353008
  0.00296169  -0.00353008    0.0202442
   0.0157046  0.000191993   0.00207789
 0.000191993  0.000948329  -0.00415312
  0.00207789  -0.00415312    0.0202396
   0.0155145  0.000311901   0.00143237
 0.000311901  0.000864196  -0.00394272
  0.00143237  -0.00394272    0.0199481
   0.0154579 -0.000141939   0.00234577
-0.000141939  0.000635452  -0.00336915
  0.00234577  -0.00336915     0.019915
   0.0158002 -0.000610458   0.00383455
-0.000610458  0.000485063  -0.00289931
  0.00383455  -0.00289931    0.0202992
   0.0154274 -0.000521467    0.0032533
-0.000521467  0.000453653   -0.0027866
   0.0032533   -0.0027866    0.0199484
   0.0158277 -0.000890366   0.00465561
-0.000890366  0.000335717  -0.00228674
  0.00465561  -0.00228674     0.020417
   0.0160833 -0.000966515   0.00507984
-0.000966515  0.000353736  -0.00235572
  0.00507984  -0.00235572    0.0207388
    0.015417  -0.00081902   0.00411895
 -0.00081902  0.000318843  -0.00222066
  0.00411895  -0.00222066    0.0200631
   0.0150581  0.000530231  -0.00137552
 0.000530231  0.000617356  -0.00328242
 -0.00137552  -0.00328242    0.0189102
   0.0147551  5.50312e-06 -0.000265797
 5.50312e-06   0.00049186  -0.00290249
-0.000265797  -0.00290249    0.0187949
    0.014861  1.92745e-05  0.000420916
 1.92745e-05  0.000517231  -0.00299553
 0.000420916  -0.00299553    0.0190509
   0.0147087 -0.000429269   0.00148632
-0.000429269  0.000399554  -0.00256396
  0.00148632  -0.00256396    0.0190616
   0.0145921 -0.000485258  0.000832777
-0.000485258  0.000401332  -0.00252166
 0.000832777  -0.00252166    0.0187861
   0.0148836 -0.000426247   0.00210047
-0.000426247  0.000410547   -0.0026201
  0.00210047   -0.0026201    0.0193363
   0.0146732 -0.000827764   0.00250029
-0.000827764  0.000319119  -0.00215715
  0.00250029  -0.00215715    0.0191912
   0.0148517 -0.000779887   0.00307415
-0.000779887  0.000307913  -0.00215795
  0.00307415  -0.00215795     0.019469
   0.0149557   -0.0010551   0.00399368
  -0.0010551  0.000252149  -0.00172478
  0.00399368  -0.00172478    0.0196786
   0.0144246 -0.000915131   0.00182156
-0.000915131  0.000339913  -0.00216296
  0.00182156  -0.00216296    0.0188682
   0.0147624  -0.00115356   0.00346396
 -0.00115356  0.000279426   -0.0017871
  0.00346396   -0.0017871    0.0194082
   0.0141542  -0.00122262   0.00264323
 -0.00122262  0.000306699  -0.00181827
  0.00264323  -0.00181827    0.0189174
   0.0150653 -0.000781041   0.00358523
-0.000781041  0.000309345  -0.00217889
  0.00358523  -0.00217889    0.0197444
   0.0151406  -0.00101321   0.00445382
 -0.00101321   0.00023771  -0.00168935
  0.00445382  -0.00168935    0.0199403
     0.01509 -0.000460457   0.00266363
-0.000460457  0.000427657   -0.0026925
  0.00266363   -0.0026925    0.0196189
   0.0151495 -5.93135e-05   0.00168702
-5.93135e-05   0.00058814  -0.00322347
  0.00168702  -0.00322347    0.0195874
   0.0149941 -6.22797e-06   0.00106968
-6.22797e-06  0.000549007  -0.00310021
  0.00106968  -0.00310021    0.0193083
   0.0151287  0.000482893  1.90731e-05
 0.000482893   0.00072434  -0.00357342
 1.90731e-05  -0.00357342    0.0193679
    0.015235  0.000415123  0.000707643
 0.000415123  0.000788686  -0.00374524
 0.000707643  -0.00374524    0.0196366
   0.0150943  0.000520141 -0.000663539
 0.000520141   0.00066749  -0.00342124
-0.000663539  -0.00342124    0.0191348
   0.0136051  -0.00139895   0.00315003
 -0.00139895  0.000279335  -0.00147864
  0.00315003  -0.00147864    0.0190986
   0.0147627  -0.00140606   0.00433682
 -0.00140606  0.000257599  -0.00143362
  0.00433682  -0.00143362     0.019656
   0.0145606  -0.00154746   0.00509101
 -0.00154746  0.000244706  -0.00106306
  0.00509101  -0.00106306     0.019831
    0.013148  -0.00147643   0.00336337
 -0.00147643  0.000260073  -0.00113886
  0.00336337  -0.00113886    0.0198641
   0.0152439  -0.00145693   0.00581588
 -0.00145693  0.000213764 -0.000914296
  0.00581588 -0.000914296    0.0202849
   0.0143008  -0.00158609   0.00566191
 -0.00158609  0.000235794 -0.000698724
  0.00566191 -0.000698724    0.0200654
   0.0153421  -0.00153801   0.00664228
 -0.00153801  0.000217061 -0.000535356
  0.00664228 -0.000535356    0.0206449
   0.0130712  -0.00152526   0.00378953
 -0.00152526  0.000246938 -0.000807896
  0.00378953 -0.000807896    0.0206373
   0.0156184  -0.00139353   0.00704657
 -0.00139353  0.000192489 -0.000310606
  0.00704657 -0.000310606    0.0208573
   0.0154177  -0.00133098   0.00619059
 -0.00133098  0.000183952 -0.000747007
  0.00619059 -0.000747007    0.0204945
   0.0152585  -0.00120068   0.00530883
 -0.00120068  0.000196195   -0.0012157
  0.00530883   -0.0012157    0.0201908
   0.0150883  -0.00128785   0.00489774
 -0.00128785  0.000220427  -0.00131481
  0.00489774  -0.00131481    0.0199525
   0.0119686  -0.00140677   0.00202234
 -0.00140677  0.000253228 -0.000900764
  0.00202234 -0.000900764    0.0209476
   0.0122928  -0.00139616   0.00174371
 -0.00139616  0.000266849  -0.00120078
  0.00174371  -0.00120078     0.020678
   0.0108688  -0.00118674 -4.95305e-05
 -0.00118674  0.000262162  -0.00115872
-4.95305e-05  -0.00115872    0.0205148
   0.0124308  -0.00129601   0.00124986
 -0.00129601  0.000288267  -0.00152091
  0.00124986  -0.00152091     0.020019
   0.0114037  -0.00118566 -0.000320103
 -0.00118566    0.0002862  -0.00149693
-0.000320103  -0.00149693    0.0206274
    0.012031  -0.00109386 -0.000455555
 -0.00109386  0.000319651  -0.00180877
-0.000455555  -0.00180877    0.0200102
   0.0129288  -0.00115638   0.00101747
 -0.00115638  0.000314293  -0.00180931
  0.00101747  -0.00180931    0.0191486
   0.0107744 -0.000890967  -0.00201791
-0.000890967  0.000291539  -0.00166378
 -0.00201791  -0.00166378    0.0203878
    0.013549 -0.000939988  0.000778973
-0.000939988  0.000347438  -0.00210019
 0.000778973  -0.00210019    0.0183537
   0.0142259 -0.000556632  2.18732e-05
-0.000556632  0.000399722  -0.00245024
 2.18732e-05  -0.00245024    0.0184187
   0.0133731 -0.000551201  -0.00126206
-0.000551201  0.000390013  -0.00236538
 -0.00126206  -0.00236538    0.0186135
   0.0147148 -6.25215e-05 -0.000989404
-6.25215e-05   0.00047084  -0.00279921
-0.000989404  -0.00279921    0.0185248
   0.0143317 -0.000103929  -0.00197432
-0.000103929  0.000445328  -0.00268263
 -0.00197432  -0.00268263    0.0184944
   0.0151381  0.000423149  -0.00288409
 0.000423149   0.00052148  -0.00297085
 -0.00288409  -0.00297085    0.0185113
   0.0150413  0.000502391  -0.00212915
 0.000502391  0.000567829  -0.00313336
 -0.00212915  -0.00313336    0.0186676
   0.0133375 -0.000103161  -0.00311763
-0.000103161  0.000405433  -0.00250442
 -0.00311763  -0.00250442    0.0185732
   0.0146724  0.000385893  -0.00386511
 0.000385893  0.000464486  -0.00278359
 -0.00386511  -0.00278359    0.0185711
    0.013598  0.000304241  -0.00453665
 0.000304241  0.000401174  -0.00252569
 -0.00453665  -0.00252569    0.0183349
     0.01255 -9.61903e-05  -0.00393622
-9.61903e-05  0.000368012  -0.00235428
 -0.00393622  -0.00235428    0.0190388
   0.0125917 -0.000483265  -0.00249289
-0.000483265  0.000370107   -0.0022925
 -0.00249289   -0.0022925    0.0192577
   0.0114906 -0.000492011  -0.00341938
-0.000492011  0.000336165  -0.00210143
 -0.00341938  -0.00210143    0.0203941
    0.011674 -0.000799391  -0.00219473
-0.000799391   0.00032841  -0.00198623
 -0.00219473  -0.00198623    0.0200576
   0.0126548 -0.000870438 -0.000874531
-0.000870438  0.000345952  -0.00208434
-0.000874531  -0.00208434    0.0193824
   0.0117389 -6.57255e-05  -0.00457081
-6.57255e-05  0.000341864  -0.00225835
 -0.00457081  -0.00225835    0.0194915
     0.01259  0.000276918  -0.00493997
 0.000276918   0.00034508  -0.00227301
 -0.00493997  -0.00227301    0.0176813
  0.00824431  -0.00537463 -0.000849328
 -0.00537463   0.00447107   0.00376677
-0.000849328   0.00376677    0.0228443
  0.00804153  -0.00564946 -0.000679995
 -0.00564946   0.00469829    0.0031416
-0.000679995    0.0031416    0.0229251
  0.00791257  -0.00505051 -0.000129795
 -0.00505051   0.00372167   0.00179139
-0.000129795   0.00179139    0.0233208
  0.00783659  -0.00530734  2.73721e-05
 -0.00530734   0.00395931   0.00146226
 2.73721e-05   0.00146226    0.0234604
  0.00795561  -0.00585767 -0.000452944
 -0.00585767    0.0048628   0.00273145
-0.000452944   0.00273145    0.0230047
  0.00768181  -0.00478205  0.000529408
 -0.00478205    0.0031878  0.000379939
 0.000529408  0.000379939    0.0238669
  0.00786307  -0.00545454  0.000238007
 -0.00545454    0.0040715   0.00143219
 0.000238007   0.00143219    0.0235978
  0.00771749  -0.00496087  0.000681622
 -0.00496087    0.0033384  0.000400885
 0.000681622  0.000400885    0.0240615
  0.00783598  -0.00505597  0.000882479
 -0.00505597   0.00342832  0.000646298
 0.000882479  0.000646298    0.0242388
  0.00797132  -0.00596004 -0.000178418
 -0.00596004   0.00492119   0.00261504
-0.000178418   0.00261504    0.0230839
  0.00796759  -0.00551808  0.000496804
 -0.00551808   0.00413781   0.00162592
 0.000496804   0.00162592    0.0237173
  0.00806205  -0.00599112  0.000131944
 -0.00599112   0.00496747   0.00273273
 0.000131944   0.00273273     0.023153
  0.00756581  -0.00454374   0.00108626
 -0.00454374   0.00278443 -0.000315361
  0.00108626 -0.000315361    0.0244612
  0.00768675  -0.00465125   0.00124318
 -0.00465125   0.00288092  -6.4351e-05
  0.00124318  -6.4351e-05    0.0246947
  0.00755361   -0.0043515   0.00156717
  -0.0043515   0.00254242 -0.000533749
  0.00156717 -0.000533749    0.0250941
  0.00789799     -0.00447   0.00128502
    -0.00447   0.00256067 -0.000685938
  0.00128502 -0.000685938    0.0249356
  0.00780428  -0.00448619  0.000872694
 -0.00448619   0.00266795 -0.000303654
 0.000872694 -0.000303654    0.0243011
  0.00842048  -0.00452547   0.00107528
 -0.00452547   0.00249653 -0.000658966
  0.00107528 -0.000658966    0.0247389
  0.00809108  -0.00427703   0.00078732
 -0.00427703   0.00240776 -4.59996e-05
  0.00078732 -4.59996e-05    0.0240882
  0.00784213  -0.00453898  0.000378667
 -0.00453898   0.00292686  0.000677992
 0.000378667  0.000677992    0.0237111
  0.00805266  -0.00419388  0.000361195
 -0.00419388   0.00258215   0.00115279
 0.000361195   0.00115279    0.0235039
  0.00878772  -0.00431049  0.000902302
 -0.00431049   0.00222233  -0.00030533
 0.000902302  -0.00030533    0.0230199
  0.00829748  -0.00391469  0.000783322
 -0.00391469   0.00204675  0.000420136
 0.000783322  0.000420136    0.0232719
  0.00889729  -0.00393997  0.000926508
 -0.00393997    0.0018881  0.000124182
 0.000926508  0.000124182    0.0224036
  0.00811263  -0.00472783 -0.000218039
 -0.00472783   0.00341405   0.00233036
-0.000218039   0.00233036    0.0231742
  0.00821391  -0.00594695  0.000461168
 -0.00594695   0.00497446   0.00305781
 0.000461168   0.00305781    0.0231819
  0.00813742  -0.00550459    0.0007789
 -0.00550459   0.00415199   0.00201269
   0.0007789   0.00201269    0.0237992
  0.00834162  -0.00541219   0.00105272
 -0.00541219   0.00414677   0.00254438
  0.00105272   0.00254438    0.0238196
  0.00839507  -0.00582137  0.000772917
 -0.00582137   0.00497044   0.00355138
 0.000772917   0.00355138    0.0231459
   0.0082393  -0.00500593    0.0013454
 -0.00500593   0.00343459    0.0016145
   0.0013454    0.0016145    0.0244626
  0.00851537  -0.00520912   0.00126019
 -0.00520912   0.00409627   0.00323952
  0.00126019   0.00323952    0.0237853
  0.00844213  -0.00484202    0.0015192
 -0.00484202   0.00337535    0.0022981
   0.0015192    0.0022981    0.0244927
  0.00855683  -0.00459649   0.00159206
 -0.00459649   0.00329328   0.00302598
  0.00159206   0.00302598    0.0244754
  0.00853506  -0.00557445   0.00101114
 -0.00557445   0.00493278   0.00422366
  0.00101114   0.00422366     0.023054
    0.008589  -0.00491472   0.00136267
 -0.00491472   0.00402928   0.00399049
  0.00136267   0.00399049    0.0237071
  0.00857447   -0.0052391   0.00113686
  -0.0052391   0.00488885   0.00497445
  0.00113686   0.00497445      0.02292
  0.00833114  -0.00451869   0.00175378
 -0.00451869    0.0028251   0.00151877
  0.00175378   0.00151877    0.0251494
  0.00847694   -0.0043134   0.00180301
  -0.0043134   0.00273421   0.00218019
  0.00180301   0.00218019    0.0251931
  0.00836972  -0.00409543   0.00199512
 -0.00409543   0.00235962   0.00146407
  0.00199512   0.00146407      0.02585
  0.00820153  -0.00426816    0.0019697
 -0.00426816     0.002459  0.000886371
   0.0019697  0.000886371     0.025746
  0.00810879  -0.00465063   0.00161415
 -0.00465063   0.00288982  0.000880342
  0.00161415  0.000880342    0.0250509
  0.00797083  -0.00437363   0.00186146
 -0.00437363   0.00253468  0.000319166
  0.00186146  0.000319166    0.0255813
  0.00788016  -0.00468783   0.00142816
 -0.00468783   0.00290538  0.000355191
  0.00142816  0.000355191     0.024897
  0.00801806  -0.00506819   0.00111521
 -0.00506819   0.00344542   0.00106797
  0.00111521   0.00106797    0.0243775
  0.00773958  -0.00439088   0.00171604
 -0.00439088   0.00255575 -0.000153114
  0.00171604 -0.000153114    0.0253583
   0.0126213  -0.00657586 -0.000471672
 -0.00657586   0.00352682   0.00110249
-0.000471672   0.00110249    0.0199926
   0.0115216  -0.00618716  0.000177346
 -0.00618716   0.00339503  0.000697226
 0.000177346  0.000697226    0.0211351
  0.00968375  -0.00498435   0.00107763
 -0.00498435   0.00264227  0.000302507
  0.00107763  0.000302507    0.0233345
  0.00930812  -0.00496749   0.00132732
 -0.00496749   0.00270199 -6.25838e-06
  0.00132732 -6.25838e-06    0.0236803
   0.0117689  -0.00647865  8.76428e-05
 -0.00647865   0.00363111  0.000696545
 8.76428e-05  0.000696545    0.0208067
  0.00812006  -0.00428774   0.00172338
 -0.00428774   0.00232226 -0.000154994
  0.00172338 -0.000154994    0.0246423
  0.00964231  -0.00521686   0.00125345
 -0.00521686   0.00286689 -0.000109244
  0.00125345 -0.000109244    0.0236078
  0.00807368  -0.00433894   0.00174245
 -0.00433894   0.00236576 -0.000450195
  0.00174245 -0.000450195    0.0248246
  0.00893375  -0.00481024   0.00151954
 -0.00481024   0.00262351 -0.000594029
  0.00151954 -0.000594029    0.0251157
   0.0115385  -0.00642918   6.5218e-05
 -0.00642918    0.0036477  0.000692433
  6.5218e-05  0.000692433     0.020003
   0.0102323  -0.00554212  0.000719865
 -0.00554212   0.00305869  5.08177e-05
 0.000719865  5.08177e-05    0.0217428
   0.0119117  -0.00662741  -0.00016911
 -0.00662741    0.0037738  0.000825621
 -0.00016911  0.000825621    0.0190593
  0.00757656   -0.0041532    0.0019012
  -0.0041532   0.00231813  -0.00044862
   0.0019012  -0.00044862    0.0252748
  0.00797776  -0.00440152   0.00167647
 -0.00440152   0.00245585 -0.000698642
  0.00167647 -0.000698642    0.0253129
  0.00787514  -0.00419507   0.00190918
 -0.00419507    0.0023213 -2.22472e-05
  0.00190918 -2.22472e-05    0.0253738
  0.00820093   -0.0041567   0.00192371
  -0.0041567   0.00225893  0.000468635
  0.00192371  0.000468635    0.0256526
  0.00869176  -0.00439201   0.00157467
 -0.00439201   0.00231799   0.00026482
  0.00157467   0.00026482    0.0244909
  0.00927852  -0.00443871   0.00144516
 -0.00443871   0.00226981  0.000695917
  0.00144516  0.000695917    0.0247706
  0.00847425  -0.00405531   0.00186595
 -0.00405531   0.00217006  0.000984136
  0.00186595  0.000984136    0.0258594
   0.0105982  -0.00523408  0.000611619
 -0.00523408   0.00269308  0.000744218
 0.000611619  0.000744218     0.022618
   0.0121289    -0.006655 -0.000178525
   -0.006655   0.00375536  0.000821119
-0.000178525  0.000821119     0.018644
   0.0109789  -0.00578155  0.000299395
 -0.00578155   0.00312407  0.000200916
 0.000299395  0.000200916    0.0201293
   0.0120598  -0.00603734 -7.95309e-06
 -0.00603734   0.00315303  0.000511544
-7.95309e-06  0.000511544    0.0198675
   0.0127632  -0.00674562 -0.000313108
 -0.00674562   0.00370936  0.000984876
-0.000313108  0.000984876    0.0187084
    0.010865  -0.00531722  0.000498283
 -0.00531722   0.00271334 -4.86956e-06
 0.000498283 -4.86956e-06    0.0212563
   0.0125642   -0.0056659  0.000229487
  -0.0056659   0.00277761   0.00075795
 0.000229487   0.00075795    0.0197986
   0.0117766  -0.00524967  0.000550748
 -0.00524967    0.0024885  0.000147826
 0.000550748  0.000147826    0.0212188
   0.0117617  -0.00475588  0.000707685
 -0.00475588   0.00209692  0.000347942
 0.000707685  0.000347942    0.0217301
   0.0129087  -0.00615891 -0.000203401
 -0.00615891   0.00320475   0.00130409
-0.000203401   0.00130409    0.0178408
   0.0125299  -0.00499789  0.000453399
 -0.00499789   0.00225777  0.000963443
 0.000453399  0.000963443    0.0194449
   0.0132375  -0.00561534  0.000110192
 -0.00561534   0.00279183   0.00167191
 0.000110192   0.00167191    0.0181452
   0.0100379   -0.0046226   0.00067734
  -0.0046226   0.00225082 -0.000111726
  0.00067734 -0.000111726    0.0217772
  0.00991657  -0.00408628  0.000905517
 -0.00408628   0.00183393  0.000191661
 0.000905517  0.000191661    0.0219115
  0.00943711   -0.0047725  0.000856354
  -0.0047725   0.00248625 -0.000475611
 0.000856354 -0.000475611    0.0228854
  0.00869088  -0.00467434   0.00137562
 -0.00467434   0.00254663  -0.00078246
  0.00137562  -0.00078246    0.0253946
  0.00977529  -0.00509418   0.00080994
 -0.00509418   0.00270664 -0.000349875
  0.00080994 -0.000349875    0.0226131
  0.00848393  -0.00487302   0.00114191
 -0.00487302    0.0048424   0.00569873
  0.00114191   0.00569873     0.022753
  0.00853602  -0.00458564   0.00134133
 -0.00458564   0.00395361   0.00470112
  0.00134133   0.00470112    0.0235913
  0.00836717  -0.00427704   0.00121667
 -0.00427704   0.00390978   0.00528846
  0.00121667   0.00528846    0.0234471
  0.00828771  -0.00453784    0.0010467
 -0.00453784   0.00484222   0.00631409
   0.0010467   0.00631409    0.0225647
  0.00840047  -0.00403341   0.00138599
 -0.00403341   0.00312565    0.0042514
  0.00138599    0.0042514    0.0243095
  0.00811929   -0.0040046   0.00101848
  -0.0040046    0.0038911   0.00576088
  0.00101848   0.00576088    0.0233013
  0.00817669  -0.00378548   0.00115541
 -0.00378548   0.00306842   0.00467833
  0.00115541   0.00467833    0.0242007
  0.00790517  -0.00355584  0.000885406
 -0.00355584   0.00302688   0.00501652
 0.000885406   0.00501652    0.0241044
  0.00801701  -0.00423682  0.000881632
 -0.00423682   0.00486472   0.00681527
 0.000881632   0.00681527    0.0223802
  0.00782511  -0.00374977  0.000781757
 -0.00374977   0.00388228   0.00613966
 0.000781757   0.00613966    0.0231681
  0.00771566  -0.00395686  0.000674943
 -0.00395686   0.00489457   0.00722913
 0.000674943   0.00722913    0.0222084
  0.00819442   -0.0036058   0.00127699
  -0.0036058   0.00244551   0.00366052
  0.00127699   0.00366052    0.0250441
  0.00794504   -0.0033961  0.000978481
  -0.0033961   0.00237827   0.00393899
 0.000978481   0.00393899    0.0249741
   0.0079498  -0.00328366   0.00106978
 -0.00328366   0.00194458   0.00295076
  0.00106978   0.00295076    0.0257705
  0.00817735  -0.00347493   0.00139567
 -0.00347493   0.00202687   0.00272626
  0.00139567   0.00272626    0.0258198
  0.00839278   -0.0038292   0.00153952
  -0.0038292   0.00253453   0.00328815
  0.00153952   0.00328815    0.0251201
  0.00835021   -0.0036744    0.0016876
  -0.0036744   0.00212971    0.0024133
   0.0016876    0.0024133    0.0258659
  0.00850109  -0.00407101   0.00172795
 -0.00407101   0.00262787    0.0027943
  0.00172795    0.0027943    0.0251794
  0.00853831   -0.0043089    0.0015433
  -0.0043089   0.00319902    0.0037024
   0.0015433    0.0037024    0.0244098
  0.00842282  -0.00388454   0.00190182
 -0.00388454   0.00223663   0.00198998
  0.00190182   0.00198998     0.025886
  0.00739942  -0.00369276  0.000433539
 -0.00369276   0.00491048   0.00759989
 0.000433539   0.00759989    0.0220342
  0.00751429  -0.00349948  0.000509065
 -0.00349948   0.00385858   0.00647904
 0.000509065   0.00647904    0.0230331
  0.00719528  -0.00325642   0.00020333
 -0.00325642   0.00383816   0.00680519
  0.00020333   0.00680519    0.0228884
  0.00708288  -0.00344477  0.000163547
 -0.00344477   0.00493604   0.00795156
 0.000163547   0.00795156    0.0218512
  0.00728535  -0.00308371  0.000242749
 -0.00308371   0.00291713   0.00560301
 0.000242749   0.00560301    0.0238868
  0.00687715  -0.00303962 -0.000132032
 -0.00303962   0.00383155   0.00710516
-0.000132032   0.00710516    0.0227426
  0.00696479  -0.00286184 -0.000128693
 -0.00286184   0.00286654   0.00587317
-0.000128693   0.00587317    0.0237629
   0.0066953  -0.00266623  -0.00047424
 -0.00266623   0.00282726   0.00610578
 -0.00047424   0.00610578    0.0234755
  0.00677232  -0.00322494 -0.000128683
 -0.00322494   0.00497334   0.00826684
-0.000128683   0.00826684    0.0216679
  0.00657896  -0.00284542 -0.000481934
 -0.00284542   0.00383289   0.00735513
-0.000481934   0.00735513    0.0223983
  0.00648287  -0.00302547 -0.000423773
 -0.00302547   0.00502073    0.0085536
-0.000423773    0.0085536    0.0214959
  0.00703324  -0.00272069  -0.00013031
 -0.00272069   0.00213089   0.00466508
 -0.00013031   0.00466508    0.0246826
  0.00691108  -0.00254311 -0.000499175
 -0.00254311   0.00206157   0.00486086
-0.000499175   0.00486086    0.0241924
  0.00699693  -0.00243303 -0.000455808
 -0.00243303   0.00154364   0.00374672
-0.000455808   0.00374672    0.0252066
  0.00707932  -0.00262514 -0.000119906
 -0.00262514   0.00163531   0.00354543
-0.000119906   0.00354543    0.0254796
  0.00735247  -0.00294889  0.000272066
 -0.00294889   0.00221686   0.00442881
 0.000272066   0.00442881    0.0247998
  0.00739094  -0.00285644  0.000310266
 -0.00285644   0.00174352   0.00334169
 0.000310266   0.00334169    0.0256095
   0.0076611  -0.00318067  0.000642724
 -0.00318067   0.00230104    0.0041822
 0.000642724    0.0041822    0.0248985
  0.00760049  -0.00332251  0.000582022
 -0.00332251   0.00297495   0.00531248
 0.000582022   0.00531248    0.0240033
  0.00768242  -0.00308144   0.00070973
 -0.00308144   0.00184767   0.00314033
  0.00070973   0.00314033    0.0257066
   0.0128129  -0.00471241  -0.00376564
 -0.00471241   0.00179743   0.00211946
 -0.00376564   0.00211946    0.0193333
   0.0131675  -0.00503942  -0.00335526
 -0.00503942   0.00198061   0.00200562
 -0.00335526   0.00200562     0.019425
   0.0103765  -0.00383737  -0.00202476
 -0.00383737   0.00151567   0.00188182
 -0.00202476   0.00188182    0.0225939
    0.010685  -0.00410161  -0.00160537
 -0.00410161    0.0016718   0.00177299
 -0.00160537   0.00177299    0.0226767
   0.0134494  -0.00535521  -0.00294817
 -0.00535521    0.0021954   0.00189406
 -0.00294817   0.00189406    0.0194654
  0.00875027   -0.0032969 -0.000466693
  -0.0032969   0.00143919   0.00192202
-0.000466693   0.00192202    0.0249564
    0.010921  -0.00435186  -0.00120826
 -0.00435186   0.00183753   0.00164811
 -0.00120826   0.00164811     0.022714
  0.00901165  -0.00351405 -6.55008e-05
 -0.00351405   0.00156346   0.00179327
-6.55008e-05   0.00179327     0.025021
  0.00923577  -0.00372671  0.000324571
 -0.00372671   0.00170085   0.00165954
 0.000324571   0.00165954    0.0250544
   0.0136304  -0.00566076  -0.00255647
 -0.00566076   0.00242103   0.00179577
 -0.00255647   0.00179577    0.0194483
   0.0110969  -0.00459922 -0.000817069
 -0.00459922   0.00201607    0.0015516
-0.000817069    0.0015516    0.0227019
   0.0137586  -0.00594476  -0.00216681
 -0.00594476    0.0026426   0.00172794
 -0.00216681   0.00172794    0.0193976
  0.00793312  -0.00311863  0.000493308
 -0.00311863   0.00158581   0.00232782
 0.000493308   0.00232782     0.025887
  0.00817975  -0.00331554  0.000869094
 -0.00331554   0.00169813   0.00217719
 0.000869094   0.00217719    0.0259339
  0.00765478  -0.00290424  8.74929e-05
 -0.00290424   0.00147501   0.00248587
 8.74929e-05   0.00248587    0.0257989
  0.00735351  -0.00266808 -0.000355903
 -0.00266808   0.00135049   0.00265018
-0.000355903   0.00265018    0.0256617
   0.0084412  -0.00305573 -0.000904079
 -0.00305573   0.00130666   0.00205456
-0.000904079   0.00205456    0.0248329
  0.00831033  -0.00280976  -0.00129563
 -0.00280976   0.00116434   0.00222612
 -0.00129563   0.00222612    0.0247013
  0.00739184  -0.00248855 -0.000730955
 -0.00248855   0.00124259   0.00283534
-0.000730955   0.00283534     0.025338
   0.0101886  -0.00357474  -0.00243559
 -0.00357474   0.00136412   0.00202093
 -0.00243559   0.00202093    0.0224628
   0.0138154  -0.00621661  -0.00178454
 -0.00621661   0.00287258   0.00167247
 -0.00178454   0.00167247    0.0193158
   0.0112239   -0.0048147 -0.000446028
  -0.0048147   0.00217679   0.00145931
-0.000446028   0.00145931    0.0226621
   0.0112633   -0.0050288 -0.000112988
  -0.0050288    0.0023651   0.00134133
-0.000112988   0.00134133    0.0225832
   0.0137908   -0.0065087  -0.00137992
  -0.0065087   0.00317355   0.00154736
 -0.00137992   0.00154736    0.0193198
  0.00950688  -0.00410728   0.00101527
 -0.00410728   0.00196778   0.00134587
  0.00101527   0.00134587    0.0250271
   0.0111233  -0.00521231  0.000260178
 -0.00521231   0.00256649   0.00107606
 0.000260178   0.00107606    0.0225386
  0.00949657   -0.0042893   0.00125209
  -0.0042893    0.0021127   0.00108624
  0.00125209   0.00108624     0.024952
   0.0132877  -0.00657714 -0.000927282
 -0.00657714   0.00336349   0.00135579
-0.000927282   0.00135579     0.019581
  0.00855958  -0.00386313   0.00175498
 -0.00386313   0.00202857   0.00141944
  0.00175498   0.00141944    0.0259515
  0.00851952  -0.00367788    0.0015299
 -0.00367788   0.00191232   0.00175717
   0.0015299   0.00175717    0.0259746
  0.00838227  -0.00349478   0.00121773
 -0.00349478   0.00179651   0.00199741
  0.00121773   0.00199741    0.0259633
  0.00940494  -0.00392652  0.000694292
 -0.00392652   0.00183453   0.00152177
 0.000694292   0.00152177    0.0250557
  0.00607394  -0.00817769 -0.000410698
 -0.00817769    0.0239911    0.0134773
-0.000410698    0.0134773    0.0153546
  0.00617132  -0.00806839 -7.89883e-06
 -0.00806839    0.0228402    0.0126698
-7.89883e-06    0.0126698     0.015452
  0.00655599  -0.00817668 -0.000506246
 -0.00817668    0.0194252    0.0119342
-0.000506246    0.0119342    0.0167593
  0.00665475  -0.00806376 -8.90866e-05
 -0.00806376    0.0185431    0.0111955
-8.90866e-05    0.0111955    0.0167441
  0.00629625  -0.00792215  0.000378985
 -0.00792215    0.0217367    0.0119869
 0.000378985    0.0119869    0.0154942
  0.00700666  -0.00808797 -0.000521771
 -0.00808797    0.0155902    0.0102562
-0.000521771    0.0102562    0.0179661
  0.00677063  -0.00789845  0.000292159
 -0.00789845    0.0177451    0.0106726
