           0            0            0
           0            0            0
           0            0            0
   0.0323625  -0.00566635   0.00916834
 -0.00566635   0.00156483  -0.00317514
  0.00916834  -0.00317514    0.0185597
   0.0284033  -0.00431422    0.0116399
 -0.00431422  0.000937902  -0.00256982
   0.0116399  -0.00256982    0.0225699
   0.0243764  -0.00405266    0.0139855
 -0.00405266  0.000880945  -0.00214964
   0.0139855  -0.00214964     0.024938
   0.0234202  -0.00426777    0.0150206
 -0.00426777  0.000975183  -0.00154882
   0.0150206  -0.00154882    0.0250357
   0.0235023  -0.00449467    0.0142042
 -0.00449467   0.00111316 -0.000891203
   0.0142042 -0.000891203    0.0250937
   0.0212947  -0.00431249    0.0126408
 -0.00431249   0.00107253   -0.0010437
   0.0126408   -0.0010437    0.0226777
   0.0221509  -0.00454841    0.0114326
 -0.00454841   0.00118642 -0.000489977
   0.0114326 -0.000489977    0.0237006
   0.0236461  -0.00462293    0.0128045
 -0.00462293   0.00119468 -0.000449509
   0.0128045 -0.000449509    0.0251731
   0.0219444   -0.0044273   0.00893499
  -0.0044273   0.00115704 -0.000207636
  0.00893499 -0.000207636    0.0243292
   0.0235516  -0.00457305    0.0104113
 -0.00457305   0.00117399 -0.000214336
   0.0104113 -0.000214336    0.0258441
    0.021886  -0.00398928   0.00591954
 -0.00398928   0.00100569 -0.000255428
  0.00591954 -0.000255428    0.0252599
   0.0236574  -0.00447262   0.00916695
 -0.00447262   0.00108661 -0.000287499
  0.00916695 -0.000287499    0.0259143
   0.0473175  0.000522473    0.0172858
 0.000522473   0.00109631   0.00298085
   0.0172858   0.00298085    0.0224233
   0.0416797 -0.000738487    0.0196796
-0.000738487    0.0014055   0.00387623
   0.0196796   0.00387623    0.0263944
   0.0399457 -7.05309e-05    0.0190979
-7.05309e-05   0.00107755   0.00346749
   0.0190979   0.00346749    0.0263665
   0.0368916 -0.000758585    0.0212325
-0.000758585   0.00141985   0.00408927
   0.0212325   0.00408927    0.0294927
   0.0375972  -0.00124641    0.0212004
 -0.00124641   0.00173869   0.00439094
   0.0212004   0.00439094    0.0291864
   0.0335079  -0.00072024    0.0196497
 -0.00072024   0.00110212   0.00336094
   0.0196497   0.00336094    0.0289487
   0.0344312  -0.00126729    0.0214274
 -0.00126729   0.00165252   0.00421535
   0.0214274   0.00421535    0.0305509
     0.03174  -0.00130954    0.0202734
 -0.00130954   0.00138376   0.00360771
   0.0202734   0.00360771    0.0302113
   0.0314906  -0.00184238    0.0199593
 -0.00184238   0.00149468   0.00344089
   0.0199593   0.00344089    0.0302263
   0.0344617  -0.00161352    0.0209569
 -0.00161352   0.00189658   0.00441247
   0.0209569   0.00441247    0.0300729
   0.0338674  -0.00179999    0.0208342
 -0.00179999   0.00167298   0.00390152
   0.0208342   0.00390152    0.0304606
    0.033491  -0.00209686    0.0200967
 -0.00209686   0.00182622   0.00399074
   0.0200967   0.00399074    0.0299887
   0.0288296  -0.00169637    0.0187955
 -0.00169637   0.00112539   0.00264075
   0.0187955   0.00264075    0.0296734
   0.0285256  -0.00222383    0.0185723
 -0.00222383    0.0013116   0.00263725
   0.0185723   0.00263725    0.0297456
   0.0268879  -0.00283982    0.0178284
 -0.00283982   0.00115352   0.00161636
   0.0178284   0.00161636    0.0295905
   0.0275676  -0.00234661    0.0181911
 -0.00234661   0.00093025   0.00142336
   0.0181911   0.00142336    0.0296131
   0.0306137  -0.00105046    0.0181305
 -0.00105046  0.000830016   0.00227627
   0.0181305   0.00227627    0.0284012
   0.0299366  -0.00173428    0.0178683
 -0.00173428    0.0006639  0.000916391
   0.0178683  0.000916391    0.0285625
   0.0336665 -0.000201846    0.0159791
-0.000201846  0.000567583   0.00153449
   0.0159791   0.00153449    0.0253036
    0.036178  9.58443e-05    0.0172681
 9.58443e-05  0.000786263    0.0026628
   0.0172681    0.0026628    0.0257017
   0.0405266   0.00141393    0.0141816
  0.00141393  0.000626903   0.00166776
   0.0141816   0.00166776     0.021412
   0.0338013  -0.00102167    0.0159664
 -0.00102167  0.000474553  0.000128056
   0.0159664  0.000128056    0.0257162
   0.0386845  0.000849936    0.0133394
 0.000849936  0.000460709  0.000577122
   0.0133394  0.000577122    0.0212369
   0.0405081 -0.000634082    0.0138041
-0.000634082  0.000485061 -0.000834108
   0.0138041 -0.000834108    0.0219711
   0.0443452   0.00129651    0.0160213
  0.00129651  0.000845479   0.00249036
   0.0160213   0.00249036    0.0220502
   0.0326991  -0.00263336    0.0184864
 -0.00263336   0.00158611   0.00324077
   0.0184864   0.00324077    0.0292944
   0.0334313  -0.00238712    0.0193371
 -0.00238712   0.00150574   0.00322732
   0.0193371   0.00322732     0.029623
   0.0329881  -0.00278376    0.0177512
 -0.00278376   0.00121992   0.00232727
   0.0177512   0.00232727    0.0288418
   0.0318488   -0.0029828    0.0167981
  -0.0029828   0.00124961   0.00227426
   0.0167981   0.00227426    0.0286131
   0.0312048  -0.00276551     0.017239
 -0.00276551   0.00119685   0.00214954
    0.017239   0.00214954     0.028633
   0.0324222  -0.00300984    0.0161284
 -0.00300984  0.000906934   0.00125657
   0.0161284   0.00125657    0.0280746
   0.0310468  -0.00293703     0.015755
 -0.00293703  0.000912565   0.00120965
    0.015755   0.00120965    0.0278944
   0.0308003  -0.00294624    0.0143294
 -0.00294624  0.000660588  0.000143227
   0.0143294  0.000143227    0.0272019
   0.0308866  -0.00316029    0.0150878
 -0.00316029  0.000917952   0.00116776
   0.0150878   0.00116776    0.0278847
   0.0317581   -0.0031034    0.0145974
  -0.0031034  0.000663716  8.85921e-05
   0.0145974  8.85921e-05    0.0273317
   0.0298168  -0.00323221    0.0134584
 -0.00323221  0.000679629  1.75206e-05
   0.0134584  1.75206e-05    0.0271021
   0.0282984  -0.00313532    0.0147133
 -0.00313532  0.000948934  0.000951576
   0.0147133  0.000951576    0.0275816
   0.0282608  -0.00300935    0.0133276
 -0.00300935  0.000699962  5.50734e-05
   0.0133276  5.50734e-05    0.0269267
   0.0259924  -0.00335865    0.0124868
 -0.00335865  0.000782068 -0.000167816
   0.0124868 -0.000167816    0.0267653
   0.0261215  -0.00357914    0.0139438
 -0.00357914   0.00101188    0.0005465
   0.0139438    0.0005465    0.0274348
   0.0283161  -0.00304653    0.0161167
 -0.00304653   0.00118782   0.00171074
   0.0161167   0.00171074    0.0282773
    0.026264  -0.00355148    0.0153714
 -0.00355148   0.00119355   0.00111079
   0.0153714   0.00111079    0.0281327
   0.0283617   -0.0027405    0.0174128
  -0.0027405     0.001326   0.00228139
   0.0174128   0.00228139    0.0289912
   0.0313173  -0.00240491    0.0186603
 -0.00240491   0.00141516   0.00290636
   0.0186603   0.00290636    0.0294044
     0.02648  -0.00329385    0.0166666
 -0.00329385   0.00124714   0.00147488
   0.0166666   0.00147488    0.0288431
   0.0248192  -0.00468234    0.0122503
 -0.00468234   0.00119532 -0.000186236
   0.0122503 -0.000186236     0.026671
   0.0248761   -0.0046606    0.0136719
  -0.0046606   0.00122373  -0.00022779
   0.0136719  -0.00022779    0.0266742
   0.0260214  -0.00453874    0.0151852
 -0.00453874   0.00123472  1.48567e-05
   0.0151852  1.48567e-05    0.0280054
   0.0246407  -0.00444538    0.0150895
 -0.00444538   0.00112756 -0.000565531
   0.0150895 -0.000565531    0.0264093
   0.0263188  -0.00433672    0.0164542
 -0.00433672   0.00117159 -4.64985e-05
   0.0164542 -4.64985e-05    0.0285924
   0.0265795  -0.00397738     0.017498
 -0.00397738  0.000998722 -0.000361449
    0.017498 -0.000361449    0.0289811
   0.0249269  -0.00419038    0.0162484
 -0.00419038  0.000975719  -0.00107077
   0.0162484  -0.00107077    0.0267551
   0.0266524  -0.00395176    0.0169616
 -0.00395176   0.00120698  0.000591094
   0.0169616  0.000591094    0.0292186
   0.0271226  -0.00354825    0.0181095
 -0.00354825   0.00106183  0.000504439
   0.0181095  0.000504439    0.0299872
    0.026084  -0.00414675    0.0155176
 -0.00414675   0.00121438  0.000457139
   0.0155176  0.000457139    0.0284063
   0.0256586  -0.00413205    0.0139428
 -0.00413205   0.00109094  9.70238e-05
   0.0139428  9.70238e-05    0.0276035
   0.0255193  -0.00450715    0.0136972
 -0.00450715   0.00115563 -0.000165649
   0.0136972 -0.000165649    0.0274719
   0.0252716   -0.0042895    0.0122597
  -0.0042895   0.00098972 -0.000611386
   0.0122597 -0.000611386    0.0267375
   0.0252515  -0.00387574    0.0123178
 -0.00387574  0.000890337 -0.000445842
   0.0123178 -0.000445842    0.0268458
   0.0245024  -0.00446712    0.0109277
 -0.00446712   0.00104827  -0.00048721
   0.0109277  -0.00048721    0.0263984
   0.0258176  -0.00386836     0.016074
 -0.00386836  0.000823801  -0.00168826
    0.016074  -0.00168826    0.0269364
   0.0295722  -0.00391139    0.0146516
 -0.00391139  0.000801207  -0.00227078
   0.0146516  -0.00227078    0.0254864
   0.0299849  -0.00329015     0.016403
 -0.00329015  0.000676594  -0.00159633
    0.016403  -0.00159633    0.0272212
   0.0334803  -0.00422921    0.0116097
 -0.00422921  0.000987463  -0.00272324
   0.0116097  -0.00272324    0.0215004
    0.033857  -0.00348837    0.0132581
 -0.00348837  0.000817028  -0.00225715
   0.0132581  -0.00225715    0.0230519
   0.0392951  -0.00434291      0.01106
 -0.00434291   0.00121534  -0.00297256
     0.01106  -0.00297256    0.0193708
   0.0370908  -0.00545826   0.00951567
 -0.00545826    0.0015313  -0.00325243
  0.00951567  -0.00325243    0.0183433
   0.0342344  -0.00208619    0.0153015
 -0.00208619  0.000511646   -0.0011685
   0.0153015   -0.0011685    0.0252825
   0.0396258  -0.00234987    0.0127286
 -0.00234987  0.000709967   -0.0019549
   0.0127286   -0.0019549    0.0210934
   0.0301526  -0.00251091    0.0176523
 -0.00251091  0.000603122  -0.00043179
   0.0176523  -0.00043179    0.0285009
   0.0276608  -0.00306179    0.0183234
 -0.00306179  0.000827692  0.000148643
   0.0183234  0.000148643    0.0298905
   0.0271519  -0.00358222    0.0174263
 -0.00358222  0.000800694 -0.000900892
   0.0174263 -0.000900892    0.0286722
   0.0285961  -0.00328977    0.0118926
 -0.00328977  0.000574845  -0.00109578
   0.0118926  -0.00109578    0.0263044
    0.030962  -0.00317039    0.0131565
 -0.00317039  0.000553113  -0.00111334
   0.0131565  -0.00111334    0.0266214
   0.0300625   -0.0032792    0.0117941
  -0.0032792  0.000600638  -0.00227137
   0.0117941  -0.00227137    0.0259834
   0.0272834  -0.00338354    0.0103783
 -0.00338354  0.000618804  -0.00210362
   0.0103783  -0.00210362    0.0255553
   0.0300699  -0.00286306    0.0117816
 -0.00286306  0.000542453   -0.0022123
   0.0117816   -0.0022123    0.0260373
   0.0289801  -0.00348278    0.0104855
 -0.00348278  0.000784976  -0.00330158
   0.0104855  -0.00330158    0.0254294
   0.0294837  -0.00297522    0.0106396
 -0.00297522  0.000714255   -0.0033293
   0.0106396   -0.0033293    0.0255848
   0.0287235  -0.00322581   0.00959764
 -0.00322581  0.000984314   -0.0042716
  0.00959764   -0.0042716    0.0251959
   0.0259348  -0.00352088   0.00893487
 -0.00352088  0.000775627  -0.00295881
  0.00893487  -0.00295881    0.0248779
   0.0277794  -0.00374094   0.00926054
 -0.00374094   0.00104936   -0.0041542
  0.00926054   -0.0041542     0.024918
   0.0245519  -0.00365135   0.00759313
 -0.00365135  0.000995479  -0.00366835
  0.00759313  -0.00366835    0.0242179
   0.0277103  -0.00232346   0.00963374
 -0.00232346  0.000622821   -0.0031665
  0.00963374   -0.0031665    0.0253875
    0.027371  -0.00237257   0.00867664
 -0.00237257  0.000858883  -0.00411295
  0.00867664  -0.00411295    0.0250353
   0.0251329  -0.00161109   0.00731643
 -0.00161109  0.000742589  -0.00385183
  0.00731643  -0.00385183    0.0247245
   0.0253546  -0.00190572   0.00838636
 -0.00190572  0.000565797   -0.0029729
  0.00838636   -0.0029729    0.0251304
   0.0279485  -0.00247329    0.0107529
 -0.00247329  0.000498847  -0.00207917
   0.0107529  -0.00207917    0.0258156
   0.0255846  -0.00239788   0.00964326
 -0.00239788  0.000510345  -0.00199155
  0.00964326  -0.00199155    0.0255939
    0.028114  -0.00275557    0.0119844
 -0.00275557  0.000527869 -0.000972368
   0.0119844 -0.000972368     0.026327
   0.0304527  -0.00288948    0.0130013
 -0.00288948  0.000519662  -0.00102158
   0.0130013  -0.00102158    0.0265795
    0.025792  -0.00294209    0.0110292
 -0.00294209  0.000586853  -0.00102588
   0.0110292  -0.00102588    0.0261409
   0.0231462  -0.00366929   0.00633963
 -0.00366929   0.00123795  -0.00430547
  0.00633963  -0.00430547    0.0235075
    0.026492  -0.00395898   0.00806775
 -0.00395898   0.00133573  -0.00485881
  0.00806775  -0.00485881    0.0243799
   0.0252237  -0.00394466   0.00690126
 -0.00394466   0.00164039  -0.00550044
  0.00690126  -0.00550044    0.0237573
   0.0217435  -0.00342023   0.00520944
 -0.00342023    0.0015342  -0.00497481
  0.00520944  -0.00497481    0.0227001
   0.0269185  -0.00374555   0.00755898
 -0.00374555   0.00157848  -0.00565936
  0.00755898  -0.00565936    0.0243811
    0.023879  -0.00355854   0.00581773
 -0.00355854   0.00200126  -0.00616465
  0.00581773  -0.00616465    0.0230242
   0.0259607  -0.00363415   0.00653798
 -0.00363415   0.00189337  -0.00624025
  0.00653798  -0.00624025    0.0238673
   0.0248344  -0.00307985   0.00558071
 -0.00307985   0.00227884   -0.0068481
  0.00558071   -0.0068481    0.0232734
   0.0202514  -0.00281243   0.00426564
 -0.00281243   0.00193873  -0.00574774
  0.00426564  -0.00574774    0.0217923
   0.0222973  -0.00272429    0.0048573
 -0.00272429   0.00249839  -0.00691542
   0.0048573  -0.00691542    0.0222163
   0.0186212  -0.00182548   0.00351747
 -0.00182548   0.00256898  -0.00665961
  0.00351747  -0.00665961    0.0208594
   0.0258018  -0.00298515   0.00596764
 -0.00298515    0.0016455  -0.00595111
  0.00596764  -0.00595111    0.0240628
   0.0252081  -0.00272451   0.00510409
 -0.00272451   0.00192003  -0.00641128
  0.00510409  -0.00641128     0.023694
   0.0238542  -0.00186501   0.00364751
 -0.00186501    0.0015252  -0.00575089
  0.00364751  -0.00575089    0.0235468
   0.0241089  -0.00190199   0.00449632
 -0.00190199   0.00135532  -0.00546054
  0.00449632  -0.00546054    0.0237787
   0.0263533  -0.00287506   0.00687541
 -0.00287506   0.00138784  -0.00546345
  0.00687541  -0.00546345     0.024399
   0.0244656  -0.00173272   0.00540487
 -0.00173272   0.00117038  -0.00508785
  0.00540487  -0.00508785     0.024049
   0.0268638  -0.00260622    0.0077715
 -0.00260622   0.00112529  -0.00487275
   0.0077715  -0.00487275    0.0247182
   0.0278183  -0.00354518   0.00858587
 -0.00354518   0.00127855  -0.00503127
  0.00858587  -0.00503127    0.0248141
   0.0248127  -0.00158611   0.00635271
 -0.00158611  0.000961464  -0.00456455
  0.00635271  -0.00456455    0.0243707
    0.021271  0.000823771   -0.0013973
 0.000823771  0.000770352  -0.00393833
  -0.0013973  -0.00393833    0.0225739
   0.0217038  0.000617164  5.03524e-05
 0.000617164  0.000788897  -0.00410679
 5.03524e-05  -0.00410679    0.0227852
   0.0213193  0.000420527  0.000792073
 0.000420527  0.000869648  -0.00435052
 0.000792073  -0.00435052    0.0229378
   0.0218188  7.99284e-05   0.00221695
 7.99284e-05  0.000819179  -0.00421681
  0.00221695  -0.00421681    0.0232965
   0.0223756  5.33073e-05   0.00162303
 5.33073e-05  0.000754531  -0.00398945
  0.00162303  -0.00398945    0.0231427
   0.0218282 -0.000155274   0.00292449
-0.000155274  0.000893423  -0.00444085
  0.00292449  -0.00444085    0.0234427
   0.0225025 -0.000612155   0.00372005
-0.000612155  0.000727587  -0.00384565
  0.00372005  -0.00384565    0.0237708
   0.0223025 -0.000567561   0.00424517
-0.000567561  0.000770339  -0.00404066
  0.00424517  -0.00404066    0.0238914
   0.0229834  -0.00126897   0.00565287
 -0.00126897   0.00065334  -0.00344934
  0.00565287  -0.00344934    0.0243925
   0.0230742 -0.000825153   0.00317091
-0.000825153  0.000685139   -0.0036153
  0.00317091   -0.0036153    0.0235392
   0.0234088  -0.00155049   0.00532243
 -0.00155049  0.000650457  -0.00328798
  0.00532243  -0.00328798    0.0242846
   0.0235293  -0.00181799   0.00460237
 -0.00181799   0.00063344  -0.00302368
  0.00460237  -0.00302368    0.0237778
   0.0229953 -0.000862802   0.00505368
-0.000862802  0.000842101  -0.00426953
  0.00505368  -0.00426953    0.0240556
   0.0234108   -0.0012373   0.00622098
  -0.0012373  0.000673635  -0.00362164
  0.00622098  -0.00362164    0.0244953
   0.0226673 -0.000755544   0.00394643
-0.000755544   0.00100063  -0.00471982
  0.00394643  -0.00471982    0.0236718
   0.0223091 -0.000821986   0.00287591
-0.000821986    0.0011177  -0.00497597
  0.00287591  -0.00497597    0.0233733
   0.0214212 -3.59298e-05   0.00165851
-3.59298e-05  0.000965995    -0.004613
  0.00165851    -0.004613    0.0230952
   0.0210302 -5.42137e-05  0.000451239
-5.42137e-05  0.000986029  -0.00458872
 0.000451239  -0.00458872     0.022856
   0.0220483 -0.000866637   0.00189672
-0.000866637   0.00119793  -0.00509414
  0.00189672  -0.00509414    0.0231688
   0.0209293  0.000492434 -0.000554833
 0.000492434  0.000861852  -0.00423327
-0.000554833  -0.00423327    0.0226969
   0.0233239   -0.0027195   0.00563408
  -0.0027195  0.000634934  -0.00227153
  0.00563408  -0.00227153    0.0240201
   0.0241203  -0.00257366   0.00695092
 -0.00257366  0.000637904  -0.00260293
  0.00695092  -0.00260293    0.0247779
   0.0243018  -0.00343796    0.0084864
 -0.00343796  0.000709302  -0.00183497
   0.0084864  -0.00183497    0.0251245
   0.0231506   -0.0034561   0.00631907
  -0.0034561  0.000725656  -0.00142794
  0.00631907  -0.00142794    0.0248458
   0.0244491  -0.00310396   0.00897088
 -0.00310396  0.000646782   -0.0019592
  0.00897088   -0.0019592    0.0255405
   0.0242182  -0.00404775   0.00981692
 -0.00404775  0.000856248  -0.00110527
  0.00981692  -0.00110527    0.0255124
   0.0249218  -0.00384297    0.0106716
 -0.00384297  0.000793912  -0.00122878
   0.0106716  -0.00122878    0.0261644
   0.0233536  -0.00406551   0.00745541
 -0.00406551  0.000894548 -0.000727386
  0.00745541 -0.000727386    0.0258092
   0.0247947   -0.0033758    0.0106626
  -0.0033758  0.000683606  -0.00114476
   0.0106626  -0.00114476     0.026138
     0.02433  -0.00266336    0.0090446
 -0.00266336  0.000562085  -0.00196608
   0.0090446  -0.00196608    0.0255184
   0.0238512  -0.00189278   0.00753337
 -0.00189278  0.000563001  -0.00283322
  0.00753337  -0.00283322    0.0249824
    0.023726    -0.002179   0.00722207
   -0.002179  0.000594484  -0.00272959
  0.00722207  -0.00272959    0.0249365
   0.0223684    -0.003849   0.00503661
   -0.003849  0.000892964 -0.000461543
  0.00503661 -0.000461543    0.0257894
   0.0226389  -0.00340287   0.00411747
 -0.00340287   0.00073151  -0.00105734
  0.00411747  -0.00105734    0.0254192
    0.020875  -0.00302595   0.00157033
 -0.00302595  0.000729717 -0.000692679
  0.00157033 -0.000692679    0.0247936
   0.0224871   -0.0026777   0.00298798
  -0.0026777  0.000612349  -0.00179201
  0.00298798  -0.00179201    0.0246536
   0.0215722  -0.00258622  0.000756294
 -0.00258622  0.000598748  -0.00134553
 0.000756294  -0.00134553    0.0249467
    0.022118  -0.00187386    0.0003139
 -0.00187386  0.000534184  -0.00213639
   0.0003139  -0.00213639    0.0243911
     0.02266  -0.00185526   0.00239716
 -0.00185526  0.000573778  -0.00254828
  0.00239716  -0.00254828    0.0237346
   0.0204929  -0.00174189  -0.00197193
 -0.00174189  0.000506984  -0.00149628
 -0.00197193  -0.00149628    0.0243901
   0.0227655 -0.000975872   0.00194677
-0.000975872  0.000610989   -0.0032202
  0.00194677   -0.0032202    0.0228593
   0.0228152 -8.57115e-05  0.000798957
-8.57115e-05  0.000669382  -0.00366795
 0.000798957  -0.00366795    0.0227861
   0.0225776 -0.000172905 -0.000925452
-0.000172905  0.000556183  -0.00321429
-0.000925452  -0.00321429    0.0228901
   0.0224989  0.000607634 -0.000647615
 0.000607634  0.000698693   -0.0038013
-0.000647615   -0.0038013    0.0226055
   0.0229211  0.000532785  -0.00182206
 0.000532785  0.000589627   -0.0034038
 -0.00182206   -0.0034038    0.0226229
   0.0229599  0.000940999  -0.00298716
 0.000940999  0.000577854  -0.00320161
 -0.00298716  -0.00320161    0.0223524
   0.0219198  0.000975852  -0.00220832
 0.000975852  0.000676767  -0.00360378
 -0.00220832  -0.00360378    0.0224106
   0.0222957  0.000409585  -0.00348144
 0.000409585  0.000455091  -0.00285416
 -0.00348144  -0.00285416    0.0225857
   0.0231876  0.000837071  -0.00426676
 0.000837071  0.000459302   -0.0027037
 -0.00426676   -0.0027037    0.0224583
    0.022316  0.000563882  -0.00528679
 0.000563882  0.000341274  -0.00209665
 -0.00528679  -0.00209665    0.0221597
   0.0216695  0.000221155  -0.00474588
 0.000221155  0.000347866  -0.00228805
 -0.00474588  -0.00228805    0.0229875
   0.0220379 -0.000191823  -0.00276266
-0.000191823  0.000449267  -0.00274115
 -0.00276266  -0.00274115    0.0234342
   0.0210367 -0.000512101  -0.00420221
-0.000512101  0.000394396  -0.00209655
 -0.00420221  -0.00209655    0.0244145
   0.0215251  -0.00106094  -0.00237034
 -0.00106094  0.000459479   -0.0022337
 -0.00237034   -0.0022337    0.0241733
   0.0224032  -0.00099895 -0.000421107
 -0.00099895  0.000526174  -0.00275756
-0.000421107  -0.00275756      0.02374
   0.0207131  0.000150032  -0.00584618
 0.000150032  0.000274096  -0.00195457
 -0.00584618  -0.00195457    0.0233957
   0.0210045  0.000300466  -0.00595453
 0.000300466  0.000264405  -0.00147118
 -0.00595453  -0.00147118    0.0213398
  0.00548194  -0.00502721  -0.00643073
 -0.00502721   0.00495096   0.00550902
 -0.00643073   0.00550902    0.0209645
  0.00572362  -0.00500869  -0.00520426
 -0.00500869   0.00497356    0.0055983
 -0.00520426    0.0055983    0.0218523
  0.00544375  -0.00434073  -0.00462456
 -0.00434073   0.00407448   0.00458437
 -0.00462456   0.00458437    0.0223696
  0.00604199  -0.00422513  -0.00313636
 -0.00422513   0.00421112   0.00531221
 -0.00313636   0.00531221    0.0234498
  0.00624907   -0.0048787  -0.00369564
  -0.0048787   0.00508792   0.00614534
 -0.00369564   0.00614534     0.022772
   0.0058128  -0.00362557  -0.00253825
 -0.00362557   0.00342415   0.00454358
 -0.00253825   0.00454358    0.0242803
  0.00693924  -0.00389103  -0.00147673
 -0.00389103    0.0044808   0.00655623
 -0.00147673   0.00655623    0.0244163
  0.00676729  -0.00328197 -0.000930722
 -0.00328197   0.00365286    0.0058849
-0.000930722    0.0058849    0.0253815
  0.00792333  -0.00274844  0.000645407
 -0.00274844   0.00407024   0.00751505
 0.000645407   0.00751505    0.0262026
  0.00708243  -0.00455296  -0.00200969
 -0.00455296   0.00536443   0.00720825
 -0.00200969   0.00720825    0.0236022
  0.00804553  -0.00336356  0.000180125
 -0.00336356   0.00498471   0.00813058
 0.000180125   0.00813058    0.0251114
  0.00812462   -0.0040783 -0.000330597
  -0.0040783   0.00593109   0.00863541
-0.000330597   0.00863541     0.024184
  0.00659051  -0.00281672 -0.000475282
 -0.00281672   0.00298104   0.00532812
-0.000475282   0.00532812    0.0264986
  0.00775316  -0.00228039  0.000991288
 -0.00228039   0.00328125   0.00689743
 0.000991288   0.00689743    0.0274149
  0.00758983  -0.00202949    0.0011594
 -0.00202949   0.00265642   0.00627106
   0.0011594   0.00627106     0.028678
  0.00680997  -0.00276627   -0.0004419
 -0.00276627   0.00262516   0.00499921
  -0.0004419   0.00499921    0.0279738
  0.00580023  -0.00330832  -0.00217732
 -0.00330832   0.00289915   0.00407741
 -0.00217732   0.00407741     0.025462
  0.00621098  -0.00336326  -0.00218761
 -0.00336326   0.00269684   0.00385213
 -0.00218761   0.00385213    0.0269533
  0.00523103  -0.00352221  -0.00370311
 -0.00352221   0.00286797    0.0032375
 -0.00370311    0.0032375    0.0242116
   0.0052124  -0.00378535   -0.0040669
 -0.00378535   0.00333209   0.00374929
  -0.0040669   0.00374929    0.0231295
  0.00486564  -0.00374981  -0.00525336
 -0.00374981   0.00325748   0.00337661
 -0.00525336   0.00337661    0.0219158
  0.00563404  -0.00360423  -0.00368829
 -0.00360423   0.00272781   0.00297223
 -0.00368829   0.00297223    0.0241043
  0.00483298  -0.00348014  -0.00483085
 -0.00348014   0.00279889   0.00280116
 -0.00483085   0.00280116     0.022285
  0.00514057  -0.00353994  -0.00474713
 -0.00353994   0.00269148   0.00257839
 -0.00474713   0.00257839    0.0223116
  0.00514169   -0.0043169   -0.0058219
  -0.0043169   0.00400558   0.00432648
  -0.0058219   0.00432648    0.0213092
  0.00914358  -0.00354589   0.00111998
 -0.00354589    0.0068237    0.0102053
  0.00111998    0.0102053    0.0244147
  0.00913929  -0.00276787   0.00159484
 -0.00276787   0.00573704   0.00977143
  0.00159484   0.00977143    0.0254531
   0.0099274  -0.00231567   0.00254444
 -0.00231567   0.00665484    0.0111418
  0.00254444    0.0111418    0.0254359
  0.00986024  -0.00312247   0.00212403
 -0.00312247   0.00796399    0.0116233
  0.00212403    0.0116233    0.0242827
  0.00990745  -0.00168648   0.00279549
 -0.00168648   0.00532723    0.0103355
  0.00279549    0.0103355    0.0267311
    0.010198  -0.00213628    0.0029032
 -0.00213628   0.00760206     0.012014
   0.0029032     0.012014    0.0251642
   0.0102316  -0.00154908   0.00302546
 -0.00154908   0.00599651    0.0109353
  0.00302546    0.0109353     0.026554
  0.00998784  -0.00179932   0.00269693
 -0.00179932   0.00652073    0.0107658
  0.00269693    0.0107658     0.026277
   0.0100793  -0.00290535   0.00257158
 -0.00290535   0.00917156    0.0126625
  0.00257158    0.0126625    0.0239047
  0.00991863  -0.00229501   0.00272661
 -0.00229501   0.00835868    0.0122045
  0.00272661    0.0122045    0.0248021
  0.00978891  -0.00295986    0.0025096
 -0.00295986    0.0101743    0.0131563
   0.0025096    0.0131563    0.0234405
   0.0101543  -0.00119608   0.00286571
 -0.00119608   0.00456386   0.00953579
  0.00286571   0.00953579    0.0279981
  0.00997056  -0.00149909   0.00237446
 -0.00149909   0.00489646   0.00894167
  0.00237446   0.00894167    0.0277707
  0.00984891  -0.00139034   0.00179525
 -0.00139034   0.00362516   0.00688657
  0.00179525   0.00688657    0.0291987
  0.00995551  -0.00107367   0.00245956
 -0.00107367   0.00340749   0.00790826
  0.00245956   0.00790826    0.0293935
  0.00977831  -0.00129294   0.00281125
 -0.00129294   0.00414535   0.00930354
  0.00281125   0.00930354      0.02811
  0.00954709  -0.00113243   0.00260111
 -0.00113243   0.00315628   0.00808802
  0.00260111   0.00808802     0.029462
  0.00890691  -0.00170783   0.00215152
 -0.00170783   0.00370201   0.00835192
  0.00215152   0.00835192    0.0279505
  0.00906454  -0.00213821   0.00196343
 -0.00213821   0.00465961   0.00912085
  0.00196343   0.00912085    0.0266472
  0.00869397  -0.00149083   0.00214881
 -0.00149083   0.00289581   0.00747532
  0.00214881   0.00747532    0.0292545
   0.0144022  -0.00429962  -0.00378856
 -0.00429962   0.00207832   0.00334125
 -0.00378856   0.00334125    0.0244752
   0.0134566  -0.00359756  -0.00232457
 -0.00359756   0.00188678   0.00438954
 -0.00232457   0.00438954     0.026056
   0.0112718  -0.00240637 -0.000684972
 -0.00240637   0.00173282   0.00452529
-0.000684972   0.00452529    0.0282948
   0.0108295   -0.0023025  2.56538e-05
  -0.0023025   0.00176834   0.00534743
 2.56538e-05   0.00534743    0.0290418
   0.0136178  -0.00389934   -0.0023476
 -0.00389934   0.00207263   0.00491559
  -0.0023476   0.00491559    0.0259646
  0.00949681  -0.00154077   0.00118642
 -0.00154077   0.00187314   0.00582523
  0.00118642   0.00582523    0.0296712
   0.0106667  -0.00280424 -0.000361289
 -0.00280424   0.00196117   0.00539816
-0.000361289   0.00539816    0.0291452
  0.00890033  -0.00186146   0.00106475
 -0.00186146   0.00194271    0.0058544
  0.00106475    0.0058544    0.0300483
  0.00884089  -0.00273656 -4.82188e-05
 -0.00273656   0.00221742   0.00541138
-4.82188e-05   0.00541138    0.0303964
   0.0127567  -0.00412732  -0.00245688
 -0.00412732   0.00226071   0.00502391
 -0.00245688   0.00502391    0.0252184
   0.0102588  -0.00364812  -0.00164164
 -0.00364812   0.00232262   0.00495234
 -0.00164164   0.00495234     0.027059
   0.0120047  -0.00477104  -0.00327398
 -0.00477104   0.00269786   0.00482349
 -0.00327398   0.00482349    0.0241459
  0.00843601  -0.00145858    0.0019127
 -0.00145858   0.00227184   0.00656813
   0.0019127   0.00656813    0.0298816
  0.00791472   -0.0021969  0.000829174
  -0.0021969   0.00231883     0.005795
 0.000829174     0.005795    0.0298195
  0.00931631  -0.00118669   0.00206766
 -0.00118669   0.00237766   0.00686027
  0.00206766   0.00686027    0.0299266
  0.00983182  -0.00118941   0.00167195
 -0.00118941   0.00250793   0.00636001
  0.00167195   0.00636001    0.0299705
   0.0102287  -0.00167101  0.000526761
 -0.00167101   0.00192427   0.00511169
 0.000526761   0.00511169    0.0292109
   0.0106626  -0.00208284 -0.000515114
 -0.00208284    0.0020862   0.00369905
-0.000515114   0.00369905    0.0291869
  0.00991618  -0.00152087  0.000788378
 -0.00152087   0.00266995   0.00504769
 0.000788378   0.00504769    0.0298784
   0.0120537  -0.00299465   -0.0020868
 -0.00299465   0.00188244   0.00317327
  -0.0020868   0.00317327     0.027171
   0.0113162   -0.0051213  -0.00376726
  -0.0051213    0.0029692    0.0046066
 -0.00376726    0.0046066    0.0237065
  0.00973303   -0.0043759  -0.00295564
  -0.0043759   0.00273995   0.00440716
 -0.00295564   0.00440716    0.0250521
  0.00942602  -0.00506582  -0.00448505
 -0.00506582   0.00321625   0.00413298
 -0.00448505   0.00413298    0.0246671
   0.0108417  -0.00552559  -0.00463253
 -0.00552559    0.0033436   0.00450812
 -0.00463253   0.00450812    0.0237228
  0.00806705  -0.00437994  -0.00371933
 -0.00437994   0.00296162   0.00382045
 -0.00371933   0.00382045     0.025242
  0.00831213  -0.00511304  -0.00540832
 -0.00511304   0.00343713   0.00371678
 -0.00540832   0.00371678    0.0238587
  0.00752548  -0.00469102  -0.00504864
 -0.00469102   0.00322625   0.00327656
 -0.00504864   0.00327656    0.0244393
  0.00673444  -0.00446029  -0.00587731
 -0.00446029   0.00317568   0.00294579
 -0.00587731   0.00294579    0.0236515
   0.0092261  -0.00549904  -0.00566498
 -0.00549904   0.00356295   0.00396339
 -0.00566498   0.00396339     0.022123
  0.00731285  -0.00478359  -0.00614304
 -0.00478359   0.00331875   0.00325472
 -0.00614304   0.00325472     0.022414
  0.00819767   -0.0052868  -0.00633315
  -0.0052868   0.00359874   0.00377268
 -0.00633315   0.00377268     0.021627
  0.00645066   -0.0040182  -0.00428009
  -0.0040182    0.0028597   0.00308683
 -0.00428009   0.00308683    0.0239568
  0.00559538  -0.00378892  -0.00521755
 -0.00378892   0.00279022   0.00261352
 -0.00521755   0.00261352    0.0225693
  0.00693129   -0.0037451  -0.00277397
  -0.0037451   0.00272379   0.00371009
 -0.00277397   0.00371009    0.0260594
  0.00745573  -0.00303751 -0.000795901
 -0.00303751   0.00249546    0.0048227
-0.000795901    0.0048227    0.0295322
  0.00841134   -0.0036548  -0.00192963
  -0.0036548   0.00255775   0.00452279
 -0.00192963   0.00452279    0.0273462
  0.00915677  -0.00320011    0.0021121
 -0.00320011    0.0107465    0.0131074
   0.0021121    0.0131074    0.0230296
  0.00927643  -0.00270124   0.00219495
 -0.00270124   0.00872915    0.0117544
  0.00219495    0.0117544    0.0244934
  0.00852256  -0.00319068    0.0015199
 -0.00319068   0.00861251    0.0108449
   0.0015199    0.0108449    0.0243196
  0.00841976  -0.00351587   0.00156317
 -0.00351587    0.0107896    0.0126403
  0.00156317    0.0126403    0.0227561
  0.00858999  -0.00295498   0.00117692
 -0.00295498   0.00662184    0.0085454
  0.00117692    0.0085454    0.0259346
  0.00784486   -0.0035815   0.00082644
  -0.0035815   0.00811891   0.00973863
  0.00082644   0.00973863    0.0243197
  0.00792472  -0.00344394   0.00035719
 -0.00344394   0.00617994    0.0070328
  0.00035719    0.0070328    0.0260144
  0.00741726  -0.00367824 -0.000416849
 -0.00367824   0.00556202   0.00562611
-0.000416849   0.00562611    0.0262764
  0.00773227  -0.00376434  0.000982559
 -0.00376434    0.0104046    0.0119458
 0.000982559    0.0119458    0.0226559
  0.00728794   -0.0037662  0.000154523
  -0.0037662   0.00740936   0.00865431
 0.000154523   0.00865431    0.0244751
  0.00715184  -0.00385921   0.00040814
 -0.00385921   0.00974647    0.0112003
  0.00040814    0.0112003    0.0226994
  0.00798794  -0.00332868 -0.000399776
 -0.00332868   0.00480882   0.00407448
-0.000399776   0.00407448    0.0276694
  0.00752349  -0.00357107  -0.00124893
 -0.00357107   0.00442972    0.0023904
 -0.00124893    0.0023904    0.0280244
  0.00761671   -0.0034381  -0.00221054
  -0.0034381   0.00399792 -0.000754552
 -0.00221054 -0.000754552     0.029664
  0.00804875  -0.00320216  -0.00132465
 -0.00320216   0.00405254   0.00108608
 -0.00132465   0.00108608    0.0292331
  0.00863637  -0.00279042  0.000536982
 -0.00279042   0.00504974   0.00592191
 0.000536982   0.00592191    0.0275198
  0.00866647  -0.00266087 -0.000304791
 -0.00266087   0.00399844   0.00315623
-0.000304791   0.00315623    0.0290155
   0.0093819  -0.00209255   0.00151742
 -0.00209255   0.00510166   0.00764626
  0.00151742   0.00764626    0.0275768
  0.00935071   -0.0023319    0.0020079
  -0.0023319   0.00676539   0.00989288
   0.0020079   0.00989288    0.0260402
  0.00934267  -0.00197543  0.000798179
 -0.00197543   0.00385606   0.00519611
 0.000798179   0.00519611    0.0290289
  0.00665662  -0.00379466 -0.000162451
 -0.00379466   0.00893361    0.0105575
-0.000162451    0.0105575    0.0228354
  0.00683272  -0.00371458  -0.00052743
 -0.00371458   0.00662164   0.00775704
 -0.00052743   0.00775704    0.0247423
   0.0064416  -0.00348785   -0.0012307
 -0.00348785   0.00584061   0.00714981
  -0.0012307   0.00714981    0.0250826
  0.00623722  -0.00360015 -0.000741327
 -0.00360015   0.00810654    0.0100838
-0.000741327    0.0100838    0.0230069
  0.00669283  -0.00332774  -0.00198409
 -0.00332774   0.00424585   0.00373819
 -0.00198409   0.00373819    0.0271364
  0.00611062  -0.00315887  -0.00196193
 -0.00315887   0.00516204   0.00678257
 -0.00196193   0.00678257    0.0254713
  0.00640497  -0.00290657  -0.00280886
 -0.00290657   0.00363591   0.00331413
 -0.00280886   0.00331413    0.0276697
  0.00617328  -0.00248589   -0.0035573
 -0.00248589   0.00308037   0.00317941
  -0.0035573   0.00317941    0.0280165
  0.00589291    -0.003331  -0.00134016
   -0.003331   0.00736416   0.00975545
 -0.00134016   0.00975545    0.0231938
  0.00584608  -0.00281292  -0.00266492
 -0.00281292   0.00457457   0.00665093
 -0.00266492   0.00665093    0.0256181
  0.00563216   -0.0030361  -0.00194787
  -0.0030361   0.00674793   0.00955934
 -0.00194787   0.00955934    0.0233876
  0.00672441  -0.00260127  -0.00376992
 -0.00260127   0.00295521 -0.000279336
 -0.00376992 -0.000279336    0.0296372
  0.00665108  -0.00210959  -0.00449494
 -0.00210959   0.00238607 -0.000330236
 -0.00449494 -0.000330236    0.0297415
  0.00699672  -0.00173937  -0.00532283
 -0.00173937   0.00246697  -0.00358053
 -0.00532283  -0.00358053    0.0315358
  0.00699513  -0.00230855  -0.00466947
 -0.00230855   0.00304336  -0.00355041
 -0.00466947  -0.00355041    0.0312471
  0.00694815  -0.00311818  -0.00291476
 -0.00311818   0.00348071  0.000185647
 -0.00291476  0.000185647    0.0290644
  0.00715456  -0.00289257  -0.00385036
 -0.00289257   0.00351995  -0.00310575
 -0.00385036  -0.00310575    0.0307464
  0.00719871  -0.00347953  -0.00207688
 -0.00347953   0.00398015   0.00105797
 -0.00207688   0.00105797    0.0285133
  0.00701792   -0.0036222  -0.00118948
  -0.0036222   0.00489921   0.00449179
 -0.00118948   0.00449179    0.0266645
  0.00733857  -0.00331286  -0.00303351
 -0.00331286   0.00383109  -0.00218171
 -0.00303351  -0.00218171    0.0301984
   0.0127699  -0.00579269  -0.00841262
 -0.00579269   0.00527655  -0.00278393
 -0.00841262  -0.00278393    0.0245102
   0.0132421  -0.00627551  -0.00826767
 -0.00627551   0.00565885  -0.00306236
 -0.00826767  -0.00306236    0.0246972
   0.0104514  -0.00422455  -0.00734327
 -0.00422455   0.00494513  -0.00537056
 -0.00734327  -0.00537056    0.0285928
   0.0107843  -0.00467048  -0.00698462
 -0.00467048   0.00507314  -0.00519474
 -0.00698462  -0.00519474    0.0284536
    0.013687  -0.00650901  -0.00808283
 -0.00650901   0.00561648  -0.00304884
 -0.00808283  -0.00304884     0.024635
  0.00873401  -0.00345144  -0.00582799
 -0.00345144   0.00456316  -0.00619219
 -0.00582799  -0.00619219     0.030946
   0.0111043  -0.00484986  -0.00659729
 -0.00484986   0.00481251  -0.00465563
 -0.00659729  -0.00465563    0.0280919
  0.00896666  -0.00378771  -0.00526287
 -0.00378771   0.00447538  -0.00542182
 -0.00526287  -0.00542182    0.0304979
  0.00926483  -0.00383775  -0.00462581
 -0.00383775   0.00409905  -0.00417909
 -0.00462581  -0.00417909    0.0299605
    0.014014  -0.00649064  -0.00785485
 -0.00649064   0.00521646  -0.00271302
 -0.00785485  -0.00271302    0.0243388
    0.011401  -0.00478986  -0.00611051
 -0.00478986   0.00424932  -0.00365772
 -0.00611051  -0.00365772    0.0275861
   0.0142473  -0.00628009  -0.00752004
 -0.00628009   0.00456138  -0.00201227
 -0.00752004  -0.00201227    0.0239251
  0.00775463  -0.00327833  -0.00412804
 -0.00327833   0.00402793  -0.00449014
 -0.00412804  -0.00449014    0.0310458
  0.00801844  -0.00339964  -0.00337061
 -0.00339964   0.00392082  -0.00308905
 -0.00337061  -0.00308905    0.0304911
  0.00758023  -0.00286386  -0.00484568
 -0.00286386   0.00391505  -0.00537591
 -0.00484568  -0.00537591    0.0315475
  0.00744847  -0.00224095  -0.00555841
 -0.00224095   0.00352899  -0.00577362
 -0.00555841  -0.00577362     0.031919
  0.00853504  -0.00286935  -0.00638033
 -0.00286935   0.00426258  -0.00648819
 -0.00638033  -0.00648819    0.0311826
  0.00853368  -0.00218851  -0.00683227
 -0.00218851   0.00360796   -0.0063493
 -0.00683227   -0.0063493    0.0312624
  0.00760409  -0.00163206  -0.00612302
 -0.00163206   0.00291394  -0.00567624
 -0.00612302  -0.00567624    0.0319622
   0.0102978  -0.00360368  -0.00765134
 -0.00360368   0.00437218  -0.00515482
 -0.00765134  -0.00515482    0.0284879
    0.014442  -0.00593996  -0.00699903
 -0.00593996   0.00380289 -0.000955618
 -0.00699903 -0.000955618    0.0235429
   0.0117038   -0.0044975  -0.00545108
  -0.0044975   0.00354723  -0.00225463
 -0.00545108  -0.00225463    0.0271437
   0.0120101  -0.00408056  -0.00457696
 -0.00408056   0.00281353 -0.000484234
 -0.00457696 -0.000484234    0.0268632
   0.0146997   -0.0055209  -0.00621891
  -0.0055209   0.00303574  0.000385801
 -0.00621891  0.000385801    0.0234064
   0.0100834  -0.00313414  -0.00284442
 -0.00313414   0.00291706 -0.000435055
 -0.00284442 -0.000435055    0.0292034
   0.0122252  -0.00356735   -0.0034082
 -0.00356735   0.00223948   0.00138979
  -0.0034082   0.00138979    0.0268342
   0.0104976  -0.00258504  -0.00171532
 -0.00258504    0.0024122   0.00173969
 -0.00171532   0.00173969    0.0291471
   0.0145996  -0.00489392  -0.00506972
 -0.00489392   0.00242779   0.00191008
 -0.00506972   0.00191008    0.0237632
  0.00953332   -0.0020492 -0.000305744
  -0.0020492   0.00292807   0.00310549
-0.000305744   0.00310549    0.0297407
  0.00897165  -0.00266997  -0.00145734
 -0.00266997   0.00328191   0.00090267
 -0.00145734   0.00090267    0.0297608
  0.00842848  -0.00316306  -0.00250355
 -0.00316306   0.00365773  -0.00125036
 -0.00250355  -0.00125036    0.0300241
  0.00964412  -0.00359301  -0.00383314
 -0.00359301   0.00354917  -0.00248196
 -0.00383314  -0.00248196    0.0294838
  0.00415638  -0.00849193  -0.00315223
 -0.00849193      0.02719    0.0158015
 -0.00315223    0.0158015    0.0148149
  0.00489135  -0.00835585  -0.00225868
 -0.00835585     0.025843    0.0154487
 -0.00225868    0.0154487    0.0158705
  0.00496146  -0.00813796  -0.00300226
 -0.00813796    0.0211092    0.0141503
 -0.00300226    0.0141503    0.0170845
  0.00582092  -0.00804431  -0.00191562
 -0.00804431    0.0201238     0.013732
 -0.00191562     0.013732    0.0179567
  0.00578818  -0.00819173  -0.00126363
 -0.00819173    0.0245876    0.0152144
 -0.00126363    0.0152144    0.0169758
  0.00590987  -0.00782939   -0.0026552
 -0.00782939    0.0161031    0.0123066
  -0.0026552    0.0123066    0.0189019
  0.00677526  -0.00796296 -0.000827846
 -0.00796296    0.0193368    0.0135067
