           0            0            0
           0            0            0
           0            0            0
   0.0155981  -0.00252182  0.000852183
 -0.00252182   0.00073515    0.0018408
 0.000852183    0.0018408    0.0128869
   0.0137533  -0.00169098   0.00320414
 -0.00169098  0.000537854   0.00176746
  0.00320414   0.00176746    0.0158639
   0.0117724  -0.00105946   0.00533467
 -0.00105946  0.000356319   0.00138855
  0.00533467   0.00138855    0.0174292
    0.011307 -0.000920919   0.00631838
-0.000920919   0.00026454  0.000957962
  0.00631838  0.000957962     0.017567
   0.0114693  -0.00105063   0.00597865
 -0.00105063  0.000245583  0.000715238
  0.00597865  0.000715238    0.0180642
  0.00997475  -0.00100047   0.00491679
 -0.00100047  0.000229877   0.00061838
  0.00491679   0.00061838    0.0162008
   0.0104941  -0.00113482   0.00430847
 -0.00113482  0.000218531  0.000392615
  0.00430847  0.000392615    0.0175049
    0.011698  -0.00115202   0.00534898
 -0.00115202  0.000227043  0.000473424
  0.00534898  0.000473424    0.0186004
   0.0104922   -0.0011667   0.00312954
  -0.0011667  0.000204143   8.1165e-05
  0.00312954   8.1165e-05    0.0186311
   0.0118124  -0.00120084    0.0042476
 -0.00120084  0.000207608   0.00016082
   0.0042476   0.00016082    0.0197476
   0.0106241  -0.00109734   0.00174758
 -0.00109734   0.00019567 -0.000295753
  0.00174758 -0.000295753    0.0199922
   0.0120789  -0.00123336   0.00381884
 -0.00123336  0.000193587  -7.3016e-05
  0.00381884  -7.3016e-05    0.0200979
   0.0231223  -0.00137961   0.00633362
 -0.00137961  0.000658595   0.00236835
  0.00633362   0.00236835    0.0149904
   0.0198476 -0.000729653   0.00825959
-0.000729653  0.000652352   0.00270744
  0.00825959   0.00270744    0.0180959
   0.0199726 -0.000668209   0.00824719
-0.000668209  0.000614339   0.00266138
  0.00824719   0.00266138     0.018166
   0.0178506 -0.000205322    0.0097914
-0.000205322  0.000591322   0.00284567
   0.0097914   0.00284567    0.0205862
    0.017702 -0.000265627   0.00977753
-0.000265627  0.000624555   0.00288438
  0.00977753   0.00288438    0.0205086
   0.0178196 -0.000242623   0.00970131
-0.000242623  0.000552479   0.00271359
  0.00970131   0.00271359    0.0206317
   0.0164821 -2.42902e-05    0.0103177
-2.42902e-05  0.000545428   0.00281773
   0.0103177   0.00281773    0.0217638
   0.0164636 -5.55174e-05    0.0102315
-5.55174e-05  0.000512089   0.00269519
   0.0102315   0.00269519    0.0217933
   0.0161114 -0.000111545    0.0102161
-0.000111545  0.000455241   0.00249183
   0.0102161   0.00249183    0.0221335
    0.016332 -7.91462e-05    0.0102953
-7.91462e-05  0.000572395   0.00285029
   0.0102953   0.00285029    0.0216982
   0.0161292 -8.83442e-05    0.0103111
-8.83442e-05  0.000482906   0.00260404
   0.0103111   0.00260404    0.0221335
   0.0159857 -0.000139025    0.0102943
-0.000139025   0.00050566   0.00263414
   0.0102943   0.00263414    0.0220959
   0.0163336 -0.000194895    0.0100891
-0.000194895  0.000469584   0.00246729
   0.0100891   0.00246729    0.0218277
   0.0159814 -0.000238209      0.01006
-0.000238209   0.00042001    0.0022767
     0.01006    0.0022767     0.022137
   0.0158251  -0.00044463   0.00990475
 -0.00044463  0.000382444   0.00198385
  0.00990475   0.00198385    0.0221735
   0.0161798 -0.000417789   0.00995582
-0.000417789  0.000425531   0.00216338
  0.00995582   0.00216338    0.0218998
   0.0176715 -0.000402858   0.00956953
-0.000402858  0.000508461   0.00248029
  0.00956953   0.00248029    0.0206891
   0.0175174 -0.000654648   0.00946789
-0.000654648  0.000468557   0.00217671
  0.00946789   0.00217671    0.0207913
   0.0197307 -0.000944402   0.00804984
-0.000944402  0.000547293   0.00229477
  0.00804984   0.00229477    0.0182966
   0.0199014 -0.000737649   0.00815433
-0.000737649  0.000578046   0.00252367
  0.00815433   0.00252367    0.0182196
   0.0230236  -0.00151146   0.00620953
 -0.00151146  0.000612323   0.00217254
  0.00620953   0.00217254    0.0151085
    0.019576  -0.00124664    0.0078077
 -0.00124664   0.00053203   0.00205736
   0.0078077   0.00205736    0.0184373
    0.022681  -0.00176027   0.00606829
 -0.00176027  0.000604732   0.00198156
  0.00606829   0.00198156    0.0151489
   0.0228208  -0.00218565   0.00560728
 -0.00218565  0.000641382   0.00185032
  0.00560728   0.00185032    0.0153456
   0.0231644   -0.0013635   0.00628982
  -0.0013635  0.000627607   0.00231295
  0.00628982   0.00231295    0.0150458
    0.015764 -0.000301888   0.00980017
-0.000301888  0.000424075   0.00230675
  0.00980017   0.00230675    0.0219752
   0.0159011 -0.000260181   0.00980186
-0.000260181  0.000405018   0.00227509
  0.00980186   0.00227509    0.0219751
   0.0156993 -0.000405513    0.0092451
-0.000405513  0.000323267   0.00188759
   0.0092451   0.00188759    0.0217958
   0.0155625 -0.000435109    0.0092514
-0.000435109  0.000337701   0.00191916
   0.0092514   0.00191916     0.021829
   0.0156643 -0.000418575   0.00911628
-0.000418575  0.000306924   0.00179612
  0.00911628   0.00179612    0.0217216
   0.0155129 -0.000520556   0.00863417
-0.000520556  0.000242393   0.00145189
  0.00863417   0.00145189     0.021576
   0.0154722 -0.000532653   0.00849397
-0.000532653  0.000231994   0.00137596
  0.00849397   0.00137596    0.0214665
   0.0153058 -0.000606001   0.00784955
-0.000606001    0.0001673  0.000929329
  0.00784955  0.000929329     0.021194
   0.0153723 -0.000536188   0.00863998
-0.000536188  0.000251691   0.00148212
  0.00863998   0.00148212    0.0216422
   0.0153533 -0.000594664   0.00799627
-0.000594664  0.000171977  0.000988205
  0.00799627  0.000988205    0.0213387
   0.0152054 -0.000598715   0.00799489
-0.000598715  0.000177483   0.00101659
  0.00799489   0.00101659    0.0214312
   0.0153219 -0.000611347   0.00827493
-0.000611347  0.000220127   0.00122672
  0.00827493   0.00122672    0.0213484
   0.0151418 -0.000671752    0.0076116
-0.000671752  0.000162608   0.00081006
   0.0076116   0.00081006    0.0210359
   0.0149748 -0.000796905   0.00736482
-0.000796905  0.000159967  0.000633394
  0.00736482  0.000633394    0.0209027
   0.0151688 -0.000757867   0.00805541
-0.000757867  0.000209795   0.00101269
  0.00805541   0.00101269    0.0212608
   0.0155263 -0.000511832   0.00891912
-0.000511832  0.000287419   0.00162037
  0.00891912   0.00162037    0.0216445
   0.0153813 -0.000680487   0.00872545
-0.000680487   0.00026933   0.00137386
  0.00872545   0.00137386    0.0215997
   0.0157455 -0.000387236    0.0095139
-0.000387236   0.00035531   0.00197358
   0.0095139   0.00197358     0.021901
   0.0158735 -0.000277191   0.00968918
-0.000277191  0.000381897   0.00217151
  0.00968918   0.00217151    0.0219381
   0.0155929 -0.000575603   0.00934125
-0.000575603  0.000327254   0.00170057
  0.00934125   0.00170057    0.0219005
   0.0131481  -0.00121984   0.00570161
 -0.00121984  0.000209282  0.000319532
  0.00570161  0.000319532    0.0202812
   0.0129693  -0.00116085   0.00625642
 -0.00116085  0.000236135  0.000580813
  0.00625642  0.000580813    0.0199339
   0.0144483  -0.00107975   0.00772346
 -0.00107975  0.000248612  0.000808817
  0.00772346  0.000808817    0.0210366
    0.012623  -0.00105454   0.00687009
 -0.00105454  0.000258253  0.000811533
  0.00687009  0.000811533    0.0192503
   0.0144032 -0.000984705   0.00823588
-0.000984705  0.000283503   0.00108795
  0.00823588   0.00108795    0.0211845
   0.0143115 -0.000845075   0.00864708
-0.000845075  0.000313491   0.00134735
  0.00864708   0.00134735    0.0210861
   0.0126166 -0.000921034   0.00739188
-0.000921034  0.000279794   0.00105675
  0.00739188   0.00105675    0.0190613
   0.0154086 -0.000826227   0.00915928
-0.000826227  0.000305835   0.00136484
  0.00915928   0.00136484    0.0219255
   0.0155135  -0.00069701   0.00966822
 -0.00069701  0.000349318   0.00163528
  0.00966822   0.00163528     0.022193
   0.0152054 -0.000910502   0.00852068
-0.000910502  0.000257156   0.00106836
  0.00852068   0.00106836    0.0215812
   0.0150003 -0.000962884   0.00782169
-0.000962884   0.00020734   0.00074603
  0.00782169   0.00074603    0.0211906
   0.0143441  -0.00112268   0.00713765
 -0.00112268  0.000208266  0.000506504
  0.00713765  0.000506504     0.020887
   0.0143279  -0.00113985   0.00658927
 -0.00113985  0.000177016  0.000184226
  0.00658927  0.000184226    0.0204835
   0.0147995 -0.000974737   0.00710257
-0.000974737  0.000164529   0.00040812
  0.00710257   0.00040812    0.0207869
   0.0131849  -0.00122095   0.00528434
 -0.00122095  0.000183637  2.01975e-05
  0.00528434  2.01975e-05    0.0202831
   0.0129978 -0.000949592    0.0069983
-0.000949592  0.000331696   0.00136484
   0.0069983   0.00136484    0.0189283
   0.0147999  -0.00143892   0.00545973
 -0.00143892  0.000473033   0.00168484
  0.00545973   0.00168484    0.0177752
   0.0157193  -0.00120282   0.00715951
 -0.00120282  0.000436333   0.00170035
  0.00715951   0.00170035    0.0191463
   0.0166883   -0.0022021   0.00290505
  -0.0022021  0.000639675   0.00180511
  0.00290505   0.00180511    0.0149309
   0.0174727  -0.00198098   0.00443833
 -0.00198098  0.000593063   0.00178053
  0.00443833   0.00178053    0.0160335
   0.0199094  -0.00286314   0.00213788
 -0.00286314  0.000774628   0.00178609
  0.00213788   0.00178609    0.0130879
   0.0182724  -0.00293406  0.000805966
 -0.00293406   0.00081192   0.00187573
 0.000805966   0.00187573    0.0126031
   0.0188025  -0.00159195   0.00662874
 -0.00159195  0.000540565   0.00187782
  0.00662874   0.00187782    0.0178414
   0.0212118  -0.00248368    0.0041207
 -0.00248368  0.000680267   0.00177044
   0.0041207   0.00177044    0.0145353
   0.0168881  -0.00093987   0.00875473
 -0.00093987  0.000440456   0.00188785
  0.00875473   0.00188785    0.0204275
   0.0156635 -0.000663071   0.00957394
-0.000663071  0.000384464   0.00182355
  0.00957394   0.00182355    0.0217977
   0.0144307 -0.000844154   0.00831665
-0.000844154   0.00035042   0.00155426
  0.00831665   0.00155426    0.0205091
   0.0150295 -0.000623191    0.0073092
-0.000623191  0.000115781  0.000517493
   0.0073092  0.000517493    0.0212197
   0.0152151  -0.00063312   0.00732432
 -0.00063312  0.000113515  0.000490787
  0.00732432  0.000490787    0.0211053
   0.0151004 -0.000610131   0.00662002
-0.000610131  8.60223e-05 -4.40923e-05
  0.00662002 -4.40923e-05    0.0208974
   0.0148474  -0.00058742   0.00658762
 -0.00058742  8.73181e-05 -2.04661e-05
  0.00658762 -2.04661e-05    0.0210247
    0.015076 -0.000618682   0.00646847
-0.000618682  8.74513e-05 -7.30197e-05
  0.00646847 -7.30197e-05    0.0207046
   0.0149584 -0.000532336   0.00589616
-0.000532336  9.29492e-05 -0.000608043
  0.00589616 -0.000608043    0.0207084
   0.0149938 -0.000541076   0.00574748
-0.000541076  9.38917e-05 -0.000621232
  0.00574748 -0.000621232    0.0205062
   0.0148853 -0.000408822   0.00503916
-0.000408822  0.000138263  -0.00117458
  0.00503916  -0.00117458    0.0203273
   0.0146321 -0.000497904   0.00585041
-0.000497904  9.27404e-05 -0.000586909
  0.00585041 -0.000586909    0.0208364
   0.0147835 -0.000399895   0.00518488
-0.000399895  0.000138534  -0.00117679
  0.00518488  -0.00117679    0.0205267
   0.0143977 -0.000359935   0.00512693
-0.000359935  0.000138737   -0.0011595
  0.00512693   -0.0011595    0.0206417
   0.0148055  -0.00056205   0.00544393
 -0.00056205  9.70505e-05 -0.000655062
  0.00544393 -0.000655062    0.0202574
   0.0147399 -0.000418432   0.00472058
-0.000418432  0.000138736  -0.00118162
  0.00472058  -0.00118162    0.0200693
   0.0145175 -0.000452422   0.00434094
-0.000452422   0.00014228  -0.00121204
  0.00434094  -0.00121204     0.019807
   0.0145787 -0.000617052   0.00510029
-0.000617052   0.00010338 -0.000719048
  0.00510029 -0.000719048    0.0200137
   0.0148749 -0.000652142   0.00618657
-0.000652142  9.06846e-05 -0.000133613
  0.00618657 -0.000133613    0.0204763
   0.0146732 -0.000732485   0.00587968
-0.000732485   9.8461e-05 -0.000232867
  0.00587968 -0.000232867    0.0202596
   0.0149804 -0.000692435    0.0069142
-0.000692435  0.000113592   0.00035851
   0.0069142   0.00035851    0.0207359
    0.015162 -0.000641963   0.00717335
-0.000641963  0.000111928  0.000447388
  0.00717335  0.000447388    0.0209335
   0.0147961 -0.000796822   0.00664014
-0.000796822  0.000117695  0.000221076
  0.00664014  0.000221076    0.0205587
   0.0141253 -0.000178812   0.00438762
-0.000178812  0.000224823  -0.00175741
  0.00438762  -0.00175741    0.0204546
    0.014582 -0.000223444   0.00445175
-0.000223444  0.000222623  -0.00176877
  0.00445175  -0.00176877    0.0203582
    0.014386  3.18352e-05   0.00367094
 3.18352e-05  0.000373819  -0.00239939
  0.00367094  -0.00239939    0.0202209
   0.0138413  7.51791e-05   0.00361188
 7.51791e-05  0.000382245  -0.00239815
  0.00361188  -0.00239815    0.0202972
   0.0146382  3.52118e-05   0.00352851
 3.52118e-05   0.00036354  -0.00236559
  0.00352851  -0.00236559    0.0200612
   0.0141395  0.000350964   0.00285354
 0.000350964  0.000589282  -0.00306457
  0.00285354  -0.00306457     0.020134
     0.01451  0.000363805   0.00270097
 0.000363805  0.000567345   -0.0030123
  0.00270097   -0.0030123    0.0200034
   0.0143089   0.00074961   0.00186903
  0.00074961   0.00083165   -0.0036638
  0.00186903   -0.0036638    0.0199861
   0.0135085  0.000391445   0.00282573
 0.000391445  0.000605922  -0.00307432
  0.00282573  -0.00307432    0.0201857
   0.0138174  0.000728033   0.00204843
 0.000728033  0.000867483  -0.00373389
  0.00204843  -0.00373389     0.020083
   0.0131317  0.000762761   0.00206667
 0.000762761  0.000896464  -0.00375756
  0.00206667  -0.00375756    0.0201101
   0.0145616  0.000400872   0.00232677
 0.000400872   0.00054406  -0.00294298
  0.00232677  -0.00294298    0.0197842
   0.0144933  0.000804642   0.00147454
 0.000804642   0.00079138  -0.00356764
  0.00147454  -0.00356764    0.0197981
   0.0144731  0.000859343  0.000945352
 0.000859343  0.000752987   -0.0034708
 0.000945352   -0.0034708    0.0195556
   0.0144483  0.000431747   0.00183463
 0.000431747  0.000521436  -0.00287664
  0.00183463  -0.00287664    0.0195206
   0.0145991  5.58696e-05   0.00317354
 5.58696e-05  0.000351302  -0.00232167
  0.00317354  -0.00232167    0.0198188
   0.0144463  6.25235e-05   0.00271981
 6.25235e-05  0.000341883  -0.00228668
  0.00271981  -0.00228668    0.0195442
   0.0146521 -0.000223783   0.00397242
-0.000223783  0.000214773  -0.00173254
  0.00397242  -0.00173254    0.0199193
   0.0147457 -0.000227654   0.00431057
-0.000227654  0.000217764    -0.001751
  0.00431057    -0.001751    0.0201757
   0.0144567  -0.00023879   0.00355972
 -0.00023879  0.000213353  -0.00172954
  0.00355972  -0.00172954    0.0196461
   0.0143243  0.000911096  -0.00159934
 0.000911096  0.000630725  -0.00319102
 -0.00159934  -0.00319102    0.0185718
   0.0140014  0.000377321 -0.000566305
 0.000377321  0.000463496  -0.00272562
-0.000566305  -0.00272562    0.0184666
   0.0141319  0.000420036   0.00010762
 0.000420036  0.000473458  -0.00275093
  0.00010762  -0.00275093    0.0187341
   0.0139522 -2.93929e-05   0.00110794
-2.93929e-05  0.000332636  -0.00226489
  0.00110794  -0.00226489     0.018734
   0.0137981 -0.000110359  0.000460056
-0.000110359  0.000341937  -0.00227615
 0.000460056  -0.00227615    0.0184505
   0.0141298  1.85347e-05   0.00170922
 1.85347e-05   0.00033241  -0.00226195
  0.00170922  -0.00226195    0.0190092
   0.0138702 -0.000420529   0.00205827
-0.000420529  0.000237898  -0.00182042
  0.00205827  -0.00182042    0.0188432
   0.0140696  -0.00033503   0.00262739
 -0.00033503  0.000222525  -0.00177723
  0.00262739  -0.00177723    0.0191209
   0.0141231 -0.000606457   0.00348942
-0.000606457  0.000167391  -0.00133646
  0.00348942  -0.00133646    0.0193063
   0.0135817 -0.000529322   0.00138456
-0.000529322   0.00025981   -0.0018668
  0.00138456   -0.0018668    0.0185187
   0.0138928 -0.000733267   0.00295769
-0.000733267  0.000192513  -0.00142603
  0.00295769  -0.00142603    0.0190367
   0.0132648 -0.000829012   0.00215329
-0.000829012  0.000218163  -0.00148824
  0.00215329  -0.00148824    0.0185573
    0.014247 -0.000278547   0.00311149
-0.000278547  0.000215625  -0.00174722
  0.00311149  -0.00174722     0.019381
   0.0143019 -0.000516807   0.00393475
-0.000516807  0.000150303  -0.00126618
  0.00393475  -0.00126618    0.0195563
   0.0142749  4.57031e-05   0.00223084
 4.57031e-05  0.000334587  -0.00226821
  0.00223084  -0.00226821    0.0192723
   0.0143273  0.000442127   0.00129357
 0.000442127  0.000502168  -0.00282372
  0.00129357  -0.00282372    0.0192517
   0.0142547  0.000438755  0.000735042
 0.000438755  0.000486286  -0.00278236
 0.000735042  -0.00278236    0.0189944
   0.0143911   0.00092167 -0.000256845
  0.00092167  0.000687255  -0.00331258
-0.000256845  -0.00331258    0.0190531
   0.0143896  0.000898891   0.00035103
 0.000898891   0.00071796  -0.00338559
  0.00035103  -0.00338559    0.0192985
   0.0143768  0.000925543 -0.000907385
 0.000925543    0.0006577  -0.00324824
-0.000907385  -0.00324824    0.0188132
   0.0126907  -0.00101517   0.00262372
 -0.00101517  0.000191194  -0.00112762
  0.00262372  -0.00112762    0.0187372
   0.0138228 -0.000980235   0.00376805
-0.000980235  0.000169885  -0.00105821
  0.00376805  -0.00105821    0.0192638
   0.0135624  -0.00113341   0.00446477
 -0.00113341  0.000162425 -0.000681811
  0.00446477 -0.000681811    0.0194207
    0.012211   -0.0011167    0.0028043
  -0.0011167  0.000179073 -0.000766816
   0.0028043 -0.000766816    0.0195014
   0.0142672  -0.00101343   0.00517892
 -0.00101343  0.000136513 -0.000533572
  0.00517892 -0.000533572    0.0198589
   0.0132541  -0.00120202   0.00498274
 -0.00120202  0.000165303 -0.000315046
  0.00498274 -0.000315046    0.0196368
   0.0142855  -0.00111627   0.00593533
 -0.00111627  0.000148304 -0.000162736
  0.00593533 -0.000162736    0.0201907
   0.0120835  -0.00119209   0.00317537
 -0.00119209  0.000178525  -0.00041341
  0.00317537  -0.00041341    0.0202548
   0.0146091 -0.000949089   0.00634734
-0.000949089  0.000127901  4.03936e-05
  0.00634734  4.03936e-05    0.0203984
   0.0144827 -0.000859578    0.0055572
-0.000859578  0.000111018 -0.000369066
   0.0055572 -0.000369066    0.0200617
   0.0143804 -0.000713167   0.00473685
-0.000713167  0.000115876 -0.000812118
  0.00473685 -0.000812118    0.0197838
   0.0141904 -0.000837752   0.00433046
-0.000837752  0.000138355 -0.000928028
  0.00433046 -0.000928028    0.0195545
   0.0110457  -0.00111544   0.00147863
 -0.00111544  0.000189164  -0.00051241
  0.00147863  -0.00051241     0.020607
   0.0113912  -0.00107274   0.00123712
 -0.00107274  0.000188084 -0.000831573
  0.00123712 -0.000831573    0.0203485
   0.0100662 -0.000923502 -0.000471522
-0.000923502  0.000197599 -0.000827156
-0.000471522 -0.000827156    0.0202259
   0.0115707 -0.000957743  0.000790866
-0.000957743  0.000203033  -0.00118755
 0.000790866  -0.00118755    0.0196956
   0.0106004 -0.000888617  -0.00071862
-0.000888617  0.000207111  -0.00118378
 -0.00071862  -0.00118378    0.0203367
   0.0112249 -0.000773462 -0.000832933
-0.000773462  0.000237325  -0.00153652
-0.000832933  -0.00153652    0.0197055
   0.0120769 -0.000804205  0.000586707
-0.000804205  0.000229614  -0.00151667
 0.000586707  -0.00151667    0.0188184
   0.0100402 -0.000615955  -0.00231667
-0.000615955  0.000231172  -0.00144792
 -0.00231667  -0.00144792    0.0201068
   0.0127074 -0.000581604   0.00037685
-0.000581604  0.000271374  -0.00185295
  0.00037685  -0.00185295    0.0180173
   0.0133962 -0.000196491 -0.000333401
-0.000196491  0.000346748  -0.00226051
-0.000333401  -0.00226051    0.0180779
   0.0125537 -0.000210905  -0.00156666
-0.000210905  0.000347359  -0.00224075
 -0.00156666  -0.00224075    0.0182734
    0.013911  0.000298975  -0.00127616
 0.000298975  0.000454568  -0.00268825
 -0.00127616  -0.00268825     0.018182
   0.0134944  0.000252716  -0.00222218
 0.000252716  0.000442915  -0.00264973
 -0.00222218  -0.00264973    0.0181378
   0.0142978  0.000801478  -0.00305662
 0.000801478  0.000570851  -0.00304084
 -0.00305662  -0.00304084    0.0181351
   0.0142671  0.000872296  -0.00233053
 0.000872296  0.000600765  -0.00312146
 -0.00233053  -0.00312146    0.0183118
   0.0125139  0.000243144  -0.00330102
 0.000243144  0.000417296  -0.00254767
 -0.00330102  -0.00254767    0.0182144
   0.0137954   0.00077174  -0.00398039
  0.00077174   0.00053207  -0.00294797
 -0.00398039  -0.00294797    0.0181748
   0.0127321  0.000692066   -0.0045919
 0.000692066  0.000479113  -0.00276256
  -0.0045919  -0.00276256    0.0179255
   0.0117342  0.000249451  -0.00406605
 0.000249451  0.000394139  -0.00245688
 -0.00406605  -0.00245688    0.0186685
   0.0117882 -0.000155484  -0.00273929
-0.000155484  0.000342216  -0.00223064
 -0.00273929  -0.00223064    0.0189146
   0.0107488 -0.000197856  -0.00362663
-0.000197856  0.000309399  -0.00203429
 -0.00362663  -0.00203429    0.0200766
    0.010913 -0.000496753  -0.00247945
-0.000496753  0.000267534  -0.00181557
 -0.00247945  -0.00181557    0.0197562
   0.0118407 -0.000539608  -0.00121882
-0.000539608  0.000277072  -0.00188133
 -0.00121882  -0.00188133     0.019059
   0.0109576  0.000268788  -0.00465786
 0.000268788  0.000377109  -0.00240131
 -0.00465786  -0.00240131    0.0191138
    0.011744  0.000668994   -0.0049309
 0.000668994   0.00043674  -0.00258859
  -0.0049309  -0.00258859    0.0172539
  0.00876537  -0.00560252  0.000363822
 -0.00560252   0.00460026   0.00316311
 0.000363822   0.00316311     0.022874
  0.00847224  -0.00585242  0.000448576
 -0.00585242   0.00482392   0.00251388
 0.000448576   0.00251388    0.0228532
  0.00839843  -0.00531864   0.00101342
 -0.00531864   0.00389518   0.00117269
  0.00101342   0.00117269    0.0233832
  0.00820789  -0.00554886   0.00104358
 -0.00554886   0.00413325  0.000801687
  0.00104358  0.000801687    0.0233823
  0.00827701  -0.00603348  0.000556605
 -0.00603348   0.00498113   0.00206579
 0.000556605   0.00206579    0.0228151
  0.00809819  -0.00508179   0.00153872
 -0.00508179   0.00340614 -0.000278573
  0.00153872 -0.000278573    0.0238896
  0.00809505  -0.00566175   0.00109166
 -0.00566175   0.00423927  0.000719522
  0.00109166  0.000719522    0.0233632
  0.00799165  -0.00522676   0.00152331
 -0.00522676    0.0035574  -0.00030575
  0.00152331  -0.00030575    0.0239102
  0.00794521  -0.00528139   0.00153413
 -0.00528139   0.00364178 -0.000113079
  0.00153413 -0.000113079    0.0239112
  0.00815902  -0.00610238  0.000675698
 -0.00610238   0.00502625   0.00189889
 0.000675698   0.00189889    0.0227605
  0.00803801  -0.00568709   0.00116302
 -0.00568709   0.00429438   0.00085192
  0.00116302   0.00085192    0.0233255
  0.00809455   -0.0060969   0.00080387
  -0.0060969   0.00505289   0.00195227
  0.00080387   0.00195227    0.0226949
  0.00787407  -0.00485438   0.00191035
 -0.00485438   0.00303934   -0.0010157
  0.00191035   -0.0010157    0.0243762
  0.00783087  -0.00492159   0.00187739
 -0.00492159   0.00313369 -0.000804669
  0.00187739 -0.000804669    0.0244189
  0.00772628  -0.00465242   0.00218833
 -0.00465242   0.00282078  -0.00125473
  0.00218833  -0.00125473    0.0248563
  0.00825089  -0.00482909   0.00211318
 -0.00482909   0.00285267  -0.00139096
  0.00211318  -0.00139096    0.0248874
  0.00826634  -0.00483859   0.00187882
 -0.00483859   0.00292445  -0.00096636
  0.00187882  -0.00096636    0.0243926
  0.00894238  -0.00493894   0.00209858
 -0.00493894   0.00279587   -0.0013404
  0.00209858   -0.0013404    0.0248738
  0.00868321  -0.00466054   0.00194626
 -0.00466054   0.00265596 -0.000674898
  0.00194626 -0.000674898     0.024349
   0.0083783  -0.00486618   0.00152725
 -0.00486618   0.00313935  5.93962e-05
  0.00152725  5.93962e-05    0.0238882
  0.00868693  -0.00454253   0.00161563
 -0.00454253   0.00278364  0.000562143
  0.00161563  0.000562143    0.0238261
  0.00944249  -0.00475447   0.00204163
 -0.00475447   0.00250724 -0.000929322
  0.00204163 -0.000929322    0.0233106
  0.00898604  -0.00431482   0.00203723
 -0.00431482   0.00227621 -0.000171864
  0.00203723 -0.000171864    0.0236784
  0.00964316  -0.00439459    0.0021669
 -0.00439459   0.00214848 -0.000469318
   0.0021669 -0.000469318    0.0228391
  0.00869322   -0.0050193   0.00101997
  -0.0050193    0.0035835   0.00173928
  0.00101997   0.00173928    0.0233623
  0.00808573  -0.00601826  0.000945583
 -0.00601826   0.00502249   0.00220741
 0.000945583   0.00220741    0.0225986
  0.00803983   -0.0056364   0.00125403
  -0.0056364   0.00428414   0.00117891
  0.00125403   0.00117891    0.0232592
   0.0080939  -0.00550943   0.00136106
 -0.00550943    0.0042359   0.00166806
  0.00136106   0.00166806    0.0231477
  0.00812511  -0.00586326   0.00109133
 -0.00586326   0.00495923    0.0026406
  0.00109133    0.0026406    0.0224551
  0.00802055  -0.00514957   0.00164084
 -0.00514957   0.00359987  0.000792487
  0.00164084  0.000792487    0.0238083
   0.0081603  -0.00527168   0.00144938
 -0.00527168   0.00411451   0.00236231
  0.00144938   0.00236231    0.0229951
  0.00810975  -0.00494253   0.00170079
 -0.00494253    0.0034839   0.00150672
  0.00170079   0.00150672    0.0236951
  0.00816828  -0.00464698    0.0017226
 -0.00464698   0.00332861   0.00232817
   0.0017226   0.00232817    0.0235495
  0.00816563  -0.00558813   0.00120769
 -0.00558813   0.00483324   0.00328607
  0.00120769   0.00328607    0.0222695
  0.00818384  -0.00493641   0.00149233
 -0.00493641   0.00396105   0.00316838
  0.00149233   0.00316838     0.022813
  0.00816246  -0.00521961   0.00126867
 -0.00521961   0.00468706    0.0040568
  0.00126867    0.0040568    0.0220565
  0.00802956  -0.00464468   0.00193239
 -0.00464468   0.00299125   0.00083314
  0.00193239   0.00083314    0.0243376
  0.00811496  -0.00437867   0.00193924
 -0.00437867   0.00283719   0.00162963
  0.00193924   0.00162963    0.0242318
  0.00804233  -0.00416219   0.00214258
 -0.00416219   0.00249811   0.00107393
  0.00214258   0.00107393    0.0248534
  0.00793645  -0.00440553   0.00215126
 -0.00440553   0.00265606  0.000319512
  0.00215126  0.000319512    0.0249157
  0.00792414  -0.00482852   0.00190043
 -0.00482852   0.00310336  0.000127488
  0.00190043  0.000127488    0.0244058
  0.00782231  -0.00457206   0.00214386
 -0.00457206   0.00277592 -0.000354921
  0.00214386 -0.000354921    0.0249378
  0.00785228   -0.0049132   0.00187464
  -0.0049132   0.00314435 -0.000409403
  0.00187464 -0.000409403    0.0244329
  0.00795475  -0.00525231   0.00157585
 -0.00525231   0.00364169  0.000264226
  0.00157585  0.000264226    0.0238805
   0.0077447  -0.00464403   0.00215303
 -0.00464403   0.00282091 -0.000873205
  0.00215303 -0.000873205    0.0249158
   0.0123073  -0.00665097  -0.00020286
 -0.00665097   0.00372734  0.000959417
 -0.00020286  0.000959417     0.019301
   0.0112953  -0.00635873   0.00048053
 -0.00635873   0.00365887  0.000370572
  0.00048053  0.000370572    0.0205417
  0.00946463  -0.00512842   0.00132911
 -0.00512842   0.00287039 -3.85438e-05
  0.00132911 -3.85438e-05    0.0226368
  0.00922164  -0.00520784   0.00168098
 -0.00520784   0.00298843 -0.000515181
  0.00168098 -0.000515181    0.0231602
   0.0116656  -0.00673942  0.000492679
 -0.00673942   0.00395341   0.00026193
 0.000492679   0.00026193    0.0203554
  0.00801895  -0.00449913   0.00202853
 -0.00449913   0.00258039 -0.000687892
  0.00202853 -0.000687892    0.0240644
  0.00971829  -0.00554438   0.00176014
 -0.00554438   0.00319874 -0.000706897
  0.00176014 -0.000706897    0.0232614
  0.00813746  -0.00462963    0.0022038
 -0.00462963   0.00265886  -0.00108432
   0.0022038  -0.00108432    0.0244427
  0.00919305  -0.00519707   0.00219368
 -0.00519707   0.00296632  -0.00129081
  0.00219368  -0.00129081    0.0249178
   0.0116423   -0.0068068  0.000604479
  -0.0068068   0.00403416  0.000167618
 0.000604479  0.000167618    0.0197055
   0.0105161  -0.00596732    0.0013892
 -0.00596732   0.00343646 -0.000569905
   0.0013892 -0.000569905    0.0215632
   0.0122361  -0.00711239  0.000523572
 -0.00711239   0.00421187  0.000254652
 0.000523572  0.000254652    0.0188985
  0.00760965  -0.00442018   0.00233543
 -0.00442018   0.00259287  -0.00112138
  0.00233543  -0.00112138    0.0248629
   0.0081931  -0.00474113   0.00231351
 -0.00474113   0.00276207  -0.00140794
  0.00231351  -0.00140794    0.0250983
  0.00775816  -0.00440254   0.00219663
 -0.00440254   0.00257341 -0.000618967
  0.00219663 -0.000618967    0.0247533
  0.00796806   -0.0042968   0.00211833
  -0.0042968    0.0024688  9.26449e-06
  0.00211833  9.26449e-06     0.024831
  0.00847321  -0.00453034   0.00179123
 -0.00453034   0.00253453 -0.000111777
  0.00179123 -0.000111777    0.0237233
  0.00898731  -0.00449091   0.00163594
 -0.00449091   0.00242879  0.000538083
  0.00163594  0.000538083    0.0238206
   0.0081752  -0.00411748   0.00203372
 -0.00411748   0.00232426  0.000732235
  0.00203372  0.000732235    0.0248571
   0.0102984  -0.00528583   0.00083484
 -0.00528583   0.00286178  0.000617357
  0.00083484  0.000617357    0.0217813
   0.0126008  -0.00720261   0.00062266
 -0.00720261   0.00421454  0.000219113
  0.00062266  0.000219113     0.018574
    0.011458  -0.00628806   0.00111588
 -0.00628806    0.0035286 -0.000416693
  0.00111588 -0.000416693    0.0200824
   0.0127392  -0.00662679  0.000981978
 -0.00662679   0.00357818 -0.000118847
 0.000981978 -0.000118847    0.0199425
   0.0133866  -0.00735292  0.000608549
 -0.00735292   0.00418052  0.000365383
 0.000608549  0.000365383     0.018719
   0.0115268  -0.00585819   0.00150928
 -0.00585819   0.00309101    -0.000644
  0.00150928    -0.000644    0.0213808
   0.0134425  -0.00631158   0.00137921
 -0.00631158    0.0031837  0.000131181
  0.00137921  0.000131181    0.0200324
   0.0126369  -0.00585997     0.001746
 -0.00585997   0.00286641 -0.000492264
    0.001746 -0.000492264    0.0215103
   0.0127242  -0.00537562    0.0020372
 -0.00537562   0.00244114   -0.0002803
   0.0020372   -0.0002803    0.0221775
   0.0137345  -0.00680967  0.000860615
 -0.00680967    0.0036402  0.000712455
 0.000860615  0.000712455    0.0180104
    0.013529  -0.00565797   0.00171166
 -0.00565797   0.00262282  0.000367999
  0.00171166  0.000367999    0.0198277
   0.0142299  -0.00630339   0.00131465
 -0.00630339   0.00319345   0.00108446
  0.00131465   0.00108446    0.0184622
   0.0107731  -0.00513579   0.00181604
 -0.00513579   0.00257381 -0.000728782
  0.00181604 -0.000728782     0.022061
    0.010753  -0.00460276   0.00218076
 -0.00460276   0.00211943 -0.000406689
  0.00218076 -0.000406689    0.0223766
   0.0100249  -0.00524512   0.00185888
 -0.00524512   0.00282114  -0.00113026
  0.00185888  -0.00113026    0.0230194
  0.00909876   -0.0050889    0.0022313
  -0.0050889   0.00287795  -0.00150097
   0.0022313  -0.00150097    0.0253645
   0.0102288  -0.00555618     0.001642
 -0.00555618   0.00306998  -0.00101021
    0.001642  -0.00101021    0.0225742
  0.00808706  -0.00481505   0.00126423
 -0.00481505   0.00455151   0.00485033
  0.00126423   0.00485033    0.0218218
  0.00813841  -0.00455769   0.00146885
 -0.00455769   0.00380679    0.0039895
  0.00146885    0.0039895    0.0226064
  0.00802174  -0.00419402   0.00138558
 -0.00419402   0.00372446   0.00472586
  0.00138558   0.00472586    0.0223844
  0.00794868  -0.00443526   0.00120241
 -0.00443526   0.00450212   0.00557025
  0.00120241   0.00557025    0.0215752
  0.00805928  -0.00395926    0.0015761
 -0.00395926   0.00306067   0.00389985
   0.0015761   0.00389985     0.023175
  0.00785151  -0.00386592   0.00125588
 -0.00386592   0.00370961   0.00536747
  0.00125588   0.00536747    0.0221673
  0.00790757   -0.0036478   0.00142297
  -0.0036478   0.00301278   0.00453858
  0.00142297   0.00453858    0.0229799
  0.00771976  -0.00336277   0.00124314
 -0.00336277   0.00301693   0.00508842
  0.00124314   0.00508842    0.0228023
  0.00775882  -0.00408727   0.00109777
 -0.00408727   0.00451801   0.00619901
  0.00109777   0.00619901    0.0213355
  0.00764494  -0.00356048    0.0011016
 -0.00356048   0.00374197   0.00592101
   0.0011016   0.00592101    0.0219662
  0.00754496  -0.00376272  0.000966229
 -0.00376272   0.00457767   0.00674845
 0.000966229   0.00674845    0.0211107
  0.00793411  -0.00345829   0.00158158
 -0.00345829   0.00246837   0.00378946
  0.00158158   0.00378946    0.0237436
  0.00776268  -0.00318916   0.00138081
 -0.00318916   0.00244688   0.00431537
  0.00138081   0.00431537    0.0235837
  0.00777978  -0.00305372   0.00151717
 -0.00305372   0.00203819   0.00362332
  0.00151717   0.00362332    0.0243065
  0.00793646  -0.00330753   0.00173895
 -0.00330753   0.00208067   0.00312567
  0.00173895   0.00312567    0.0244514
  0.00806692  -0.00375178   0.00175723
 -0.00375178   0.00254737   0.00316668
  0.00175723   0.00316668    0.0239177
  0.00805016  -0.00358223   0.00193533
 -0.00358223   0.00217798   0.00253099
  0.00193533   0.00253099    0.0246042
  0.00813549  -0.00406745   0.00188292
 -0.00406745    0.0026692   0.00243907
  0.00188292   0.00243907    0.0240885
  0.00815136  -0.00429988   0.00168148
 -0.00429988   0.00316596   0.00315797
  0.00168148   0.00315797     0.023372
  0.00808824  -0.00387304   0.00207712
 -0.00387304   0.00231535   0.00183691
  0.00207712   0.00183691    0.0247462
   0.0073119   -0.0034627   0.00080651
  -0.0034627   0.00465107   0.00725127
  0.00080651   0.00725127    0.0208855
   0.0074178   -0.0032713  0.000917896
  -0.0032713   0.00378458   0.00642664
 0.000917896   0.00642664    0.0217652
   0.0071704  -0.00300483  0.000701982
 -0.00300483   0.00385233   0.00689778
 0.000701982   0.00689778    0.0215564
  0.00706554   -0.0031916  0.000618409
  -0.0031916   0.00475756     0.007721
 0.000618409     0.007721    0.0206545
   0.0072545   -0.0028291  0.000790974
  -0.0028291   0.00306873   0.00604928
 0.000790974   0.00604928    0.0224312
  0.00690646  -0.00277856  0.000452195
 -0.00277856   0.00394644   0.00731843
 0.000452195   0.00731843    0.0213471
  0.00698756  -0.00260367  0.000510162
 -0.00260367   0.00312272   0.00646206
 0.000510162   0.00646206    0.0222339
  0.00675907   -0.0024149  0.000240108
  -0.0024149   0.00319022   0.00679154
 0.000240108   0.00679154    0.0218874
  0.00680841  -0.00295925   0.00040349
 -0.00295925   0.00488854   0.00813775
  0.00040349   0.00813775    0.0204255
  0.00664664  -0.00258837   0.00017309
 -0.00258837   0.00405013    0.0076487
  0.00017309    0.0076487    0.0209555
  0.00656063   -0.0027565  0.000179922
  -0.0027565   0.00503625   0.00850679
 0.000179922   0.00850679    0.0202077
  0.00705062  -0.00245788   0.00056444
 -0.00245788   0.00246034   0.00563446
  0.00056444   0.00563446    0.0230469
  0.00697105  -0.00229687  0.000265791
 -0.00229687   0.00249511   0.00592047
 0.000265791   0.00592047    0.0225126
  0.00705603  -0.00217507  0.000362438
 -0.00217507   0.00198488   0.00518008
 0.000362438   0.00518008    0.0234547
  0.00709356  -0.00234706  0.000624826
 -0.00234706   0.00196903   0.00486549
 0.000624826   0.00486549    0.0237776
  0.00731671  -0.00268242  0.000874981
 -0.00268242   0.00244366   0.00523663
 0.000874981   0.00523663    0.0232412
  0.00735659  -0.00256857  0.000963539
 -0.00256857   0.00197892   0.00448761
 0.000963539   0.00448761     0.023978
   0.0075565  -0.00293279   0.00114616
 -0.00293279   0.00243868   0.00478974
  0.00114616   0.00478974    0.0234221
   0.0074979  -0.00308911   0.00103499
 -0.00308911   0.00303581   0.00558484
  0.00103499   0.00558484     0.022623
  0.00758498  -0.00280946   0.00126193
 -0.00280946   0.00200226   0.00406652
  0.00126193   0.00406652    0.0241549
   0.0127718   -0.0042303  -0.00313679
  -0.0042303   0.00172791   0.00329529
 -0.00313679   0.00329529    0.0182302
   0.0130713   -0.0045456  -0.00276158
  -0.0045456   0.00186975   0.00311934
 -0.00276158   0.00311934    0.0183127
   0.0103324  -0.00342965  -0.00133129
 -0.00342965   0.00156302   0.00330963
 -0.00133129   0.00330963    0.0212029
   0.0105833  -0.00369667  -0.00097691
 -0.00369667   0.00167873   0.00305995
 -0.00097691   0.00305995    0.0213129
   0.0132872  -0.00488638  -0.00240057
 -0.00488638   0.00207145   0.00290641
 -0.00240057   0.00290641    0.0183669
  0.00869577  -0.00293959      0.00021
 -0.00293959   0.00155387   0.00335502
     0.00021   0.00335502    0.0233985
   0.0107559  -0.00398188 -0.000653785
 -0.00398188   0.00182178   0.00275758
-0.000653785   0.00275758     0.021399
  0.00889566  -0.00317836  0.000520023
 -0.00317836   0.00163176   0.00301303
 0.000520023   0.00301303    0.0235265
  0.00905695   -0.0034409  0.000813817
  -0.0034409   0.00173621   0.00263384
 0.000813817   0.00263384    0.0236375
   0.0134064  -0.00523983  -0.00206449
 -0.00523983   0.00229695   0.00267708
 -0.00206449   0.00267708    0.0183827
   0.0108743  -0.00428319 -0.000343918
 -0.00428319   0.00198752   0.00245348
-0.000343918   0.00245348    0.0214506
   0.0134811  -0.00558644  -0.00173776
 -0.00558644   0.00252738   0.00245209
 -0.00173776   0.00245209    0.0183788
  0.00783322  -0.00282536   0.00107867
 -0.00282536   0.00171854   0.00347388
  0.00107867   0.00347388    0.0243198
  0.00801396  -0.00306513   0.00134997
 -0.00306513   0.00178099   0.00306327
  0.00134997   0.00306327    0.0244528
  0.00761505  -0.00259503  0.000771621
 -0.00259503   0.00167367   0.00385762
 0.000771621   0.00385762    0.0241575
  0.00735865   -0.0023724  0.000415045
  -0.0023724    0.0016342   0.00419902
 0.000415045   0.00419902     0.023964
  0.00843455  -0.00270948  -0.00014801
 -0.00270948   0.00148824   0.00365431
 -0.00014801   0.00365431     0.023233
  0.00834082  -0.00249698 -0.000476039
 -0.00249698   0.00143913   0.00394059
-0.000476039   0.00394059    0.0230793
  0.00743715   -0.0022221  0.000107557
  -0.0022221   0.00162675    0.0044923
 0.000107557    0.0044923    0.0236116
   0.0101864  -0.00319781  -0.00169025
 -0.00319781   0.00148323   0.00354067
 -0.00169025   0.00354067    0.0210675
   0.0134889  -0.00594118  -0.00142307
 -0.00594118   0.00279112   0.00220731
 -0.00142307   0.00220731    0.0183552
   0.0109499  -0.00456986 -5.98042e-05
 -0.00456986   0.00215147   0.00212528
-5.98042e-05   0.00212528    0.0214867
   0.0109485  -0.00487208  0.000190935
 -0.00487208   0.00238184   0.00174413
 0.000190935   0.00174413    0.0214975
    0.013426  -0.00633798  -0.00107765
 -0.00633798   0.00317383   0.00186293
 -0.00107765   0.00186293    0.0184301
  0.00922285  -0.00397222   0.00131034
 -0.00397222   0.00200843    0.0017571
  0.00131034    0.0017571    0.0238003
   0.0107926  -0.00515857  0.000502992
 -0.00515857    0.0026555   0.00120687
 0.000502992   0.00120687    0.0215653
  0.00918854  -0.00424698   0.00147399
 -0.00424698   0.00220307   0.00120175
  0.00147399   0.00120175    0.0238477
   0.0129242  -0.00652634 -0.000662634
 -0.00652634   0.00346198   0.00143654
-0.000662634   0.00143654    0.0187793
  0.00824904  -0.00384084   0.00195523
 -0.00384084   0.00212263   0.00143266
  0.00195523   0.00143266    0.0247981
  0.00823759  -0.00356948   0.00180632
 -0.00356948   0.00196968   0.00206405
  0.00180632   0.00206405    0.0246957
  0.00815282  -0.00330886   0.00159285
 -0.00330886   0.00184925   0.00260117
  0.00159285   0.00260117    0.0245778
  0.00916757  -0.00370915   0.00108413
 -0.00370915   0.00185566    0.0022247
  0.00108413    0.0022247    0.0237274
  0.00624178  -0.00789552  0.000211676
 -0.00789552    0.0226891    0.0123024
 0.000211676    0.0123024    0.0147629
  0.00624264  -0.00773906  0.000543906
 -0.00773906      0.02156    0.0115202
 0.000543906    0.0115202     0.014772
  0.00669411  -0.00793878  0.000109657
 -0.00793878    0.0184629    0.0108782
 0.000109657    0.0108782    0.0160835
  0.00668532  -0.00777572  0.000446829
 -0.00777572    0.0175739    0.0101695
 0.000446829    0.0101695    0.0160148
  0.00626178  -0.00754469  0.000856026
 -0.00754469     0.020468    0.0108647
 0.000856026    0.0108647     0.014746
  0.00709344  -0.00787785  9.17325e-05
 -0.00787785       0.0149   0.00932122
 9.17325e-05   0.00932122    0.0172698
  0.00668679  -0.00755924  0.000743516
 -0.00755924    0.0167549   0.00966977
