           0            0            0
           0            0            0
           0            0            0
   0.0322389   -0.0052183   0.00898308
  -0.0052183   0.00137805  -0.00300119
  0.00898308  -0.00300119    0.0185075
   0.0282456  -0.00399384    0.0114781
 -0.00399384  0.000830721  -0.00242973
   0.0114781  -0.00242973    0.0225175
   0.0242112  -0.00383273    0.0138482
 -0.00383273  0.000802887  -0.00204271
   0.0138482  -0.00204271    0.0248788
   0.0232465  -0.00409433    0.0149011
 -0.00409433  0.000907108  -0.00148339
   0.0149011  -0.00148339    0.0249748
   0.0233263   -0.0043521    0.0141062
  -0.0043521   0.00104886 -0.000880108
   0.0141062 -0.000880108    0.0250385
   0.0211145  -0.00416992    0.0125378
 -0.00416992   0.00100656  -0.00103482
   0.0125378  -0.00103482    0.0226254
   0.0219533  -0.00442247    0.0113579
 -0.00442247    0.0011222 -0.000526736
   0.0113579 -0.000526736    0.0236519
    0.023461  -0.00450069    0.0127344
 -0.00450069   0.00113364 -0.000479713
   0.0127344 -0.000479713    0.0251229
   0.0217333  -0.00432324   0.00890636
 -0.00432324   0.00110123 -0.000276253
  0.00890636 -0.000276253    0.0242809
   0.0233552  -0.00446977    0.0103867
 -0.00446977   0.00112005 -0.000276059
   0.0103867 -0.000276059    0.0257938
   0.0216584  -0.00391109   0.00594799
 -0.00391109  0.000963493 -0.000336363
  0.00594799 -0.000336363    0.0252041
   0.0234545  -0.00438542   0.00917088
 -0.00438542   0.00104264 -0.000360766
  0.00917088 -0.000360766     0.025862
   0.0470948  0.000594085    0.0172414
 0.000594085   0.00108437      0.00299
   0.0172414      0.00299    0.0224471
   0.0414045 -0.000678655    0.0196321
-0.000678655   0.00138852   0.00387111
   0.0196321   0.00387111    0.0264246
   0.0398083  9.80708e-06    0.0190802
 9.80708e-06   0.00106149   0.00348216
   0.0190802   0.00348216    0.0263921
   0.0367061 -0.000689293    0.0212142
-0.000689293   0.00139661   0.00409295
   0.0212142   0.00409295    0.0295252
   0.0372949  -0.00121003    0.0211582
 -0.00121003   0.00171641   0.00436903
   0.0211582   0.00436903    0.0292235
   0.0334511 -0.000628201    0.0196564
-0.000628201   0.00108025   0.00338821
   0.0196564   0.00338821    0.0289703
   0.0342139  -0.00121681    0.0214172
 -0.00121681    0.0016253   0.00420412
   0.0214172   0.00420412    0.0305911
   0.0316409  -0.00122497    0.0202819
 -0.00122497   0.00135405   0.00362421
   0.0202819   0.00362421    0.0302387
   0.0313516  -0.00176994    0.0199763
 -0.00176994    0.0014625   0.00344477
   0.0199763   0.00344477    0.0302598
   0.0341544  -0.00159853    0.0209317
 -0.00159853   0.00187436   0.00437476
   0.0209317   0.00437476    0.0301144
   0.0336164  -0.00176772    0.0208405
 -0.00176772   0.00164823   0.00387716
   0.0208405   0.00387716    0.0305077
   0.0331682   -0.0020985    0.0200956
  -0.0020985   0.00181007    0.0039436
   0.0200956    0.0039436    0.0300319
   0.0288064  -0.00159074    0.0188077
 -0.00159074   0.00109526   0.00267914
   0.0188077   0.00267914    0.0296828
   0.0284734  -0.00212168    0.0185907
 -0.00212168   0.00127489   0.00266352
   0.0185907   0.00266352     0.029758
   0.0268586  -0.00272081    0.0178279
 -0.00272081   0.00111374   0.00165565
   0.0178279   0.00165565    0.0295807
   0.0275507  -0.00222531    0.0181812
 -0.00222531  0.000897954   0.00148057
   0.0181812   0.00148057    0.0296005
   0.0306206 -0.000946895     0.018139
-0.000946895  0.000809275   0.00232417
    0.018139   0.00232417    0.0284064
   0.0299281  -0.00161114    0.0178475
 -0.00161114   0.00063859   0.00099076
   0.0178475   0.00099076    0.0285449
   0.0336931 -0.000106506    0.0159807
-0.000106506  0.000553943   0.00158778
   0.0159807   0.00158778    0.0253036
   0.0361639  0.000184176    0.0172744
 0.000184176  0.000772337   0.00269551
   0.0172744   0.00269551    0.0257174
   0.0405494   0.00148799    0.0141847
  0.00148799  0.000616846   0.00170337
   0.0141847   0.00170337    0.0214207
   0.0337849 -0.000887772    0.0159278
-0.000887772  0.000451835  0.000216556
   0.0159278  0.000216556    0.0256924
   0.0387093  0.000949212    0.0133236
 0.000949212  0.000448738  0.000637822
   0.0133236  0.000637822    0.0212274
   0.0404613 -0.000435322    0.0137297
-0.000435322  0.000448368 -0.000722803
   0.0137297 -0.000722803    0.0219344
   0.0442694   0.00137194    0.0160081
  0.00137194  0.000833741   0.00251258
   0.0160081   0.00251258    0.0220692
    0.032366  -0.00265049    0.0185168
 -0.00265049   0.00158055   0.00319211
   0.0185168   0.00319211    0.0293381
   0.0331486  -0.00237533    0.0193693
 -0.00237533   0.00148951   0.00319421
   0.0193693   0.00319421    0.0296761
   0.0326796  -0.00279717    0.0178136
 -0.00279717   0.00121579   0.00229151
   0.0178136   0.00229151    0.0289007
   0.0315179  -0.00301644    0.0168611
 -0.00301644   0.00125537   0.00223175
   0.0168611   0.00223175    0.0286576
   0.0309823  -0.00273891    0.0172979
 -0.00273891   0.00117945   0.00213213
   0.0172979   0.00213213    0.0286792
   0.0321036  -0.00304912    0.0162197
 -0.00304912  0.000914392   0.00122496
   0.0162197   0.00122496    0.0281384
   0.0307887  -0.00294377    0.0158404
 -0.00294377  0.000908181   0.00118878
   0.0158404   0.00118878    0.0279456
   0.0305225  -0.00298761    0.0144385
 -0.00298761   0.00066691   0.00012531
   0.0144385   0.00012531    0.0272569
   0.0305755  -0.00320819    0.0151789
 -0.00320819   0.00093187   0.00113819
   0.0151789   0.00113819    0.0279313
   0.0314503  -0.00316462    0.0147114
 -0.00316462  0.000677847  6.69774e-05
   0.0147114  6.69774e-05    0.0273993
   0.0295431  -0.00328774    0.0135684
 -0.00328774  0.000695892  3.88548e-06
   0.0135684  3.88548e-06    0.0271518
   0.0281259  -0.00309851    0.0147846
 -0.00309851  0.000930846  0.000944946
   0.0147846  0.000944946    0.0276029
   0.0280512  -0.00301263    0.0134227
 -0.00301263  0.000694708  4.65632e-05
   0.0134227  4.65632e-05    0.0269496
   0.0258441  -0.00332095    0.0125596
 -0.00332095  0.000765078  -0.00017093
   0.0125596  -0.00017093    0.0267543
   0.0260091  -0.00350531    0.0139922
 -0.00350531   0.00098165  0.000546198
   0.0139922  0.000546198    0.0274257
   0.0281865  -0.00297722     0.016165
 -0.00297722   0.00115738   0.00171166
    0.016165   0.00171166    0.0282964
   0.0261863  -0.00345276    0.0153983
 -0.00345276   0.00115311   0.00111918
   0.0153983   0.00111918    0.0281245
   0.0282738  -0.00264927    0.0174426
 -0.00264927   0.00128869   0.00229412
   0.0174426   0.00229412    0.0290068
   0.0311371  -0.00235079     0.018695
 -0.00235079   0.00138728    0.0028978
    0.018695    0.0028978    0.0294442
   0.0264311  -0.00318108     0.016677
 -0.00318108    0.0012036   0.00149713
    0.016677   0.00149713    0.0288343
   0.0246499  -0.00457866    0.0122267
 -0.00457866   0.00114322 -0.000234822
   0.0122267 -0.000234822    0.0266238
    0.024712  -0.00454195    0.0136187
 -0.00454195   0.00116554  -0.00025472
   0.0136187  -0.00025472    0.0266273
   0.0258955   -0.0044226    0.0151497
  -0.0044226   0.00118089  4.53465e-06
   0.0151497  4.53465e-06    0.0279637
   0.0244826  -0.00431323    0.0150072
 -0.00431323   0.00106903 -0.000557676
   0.0150072 -0.000557676    0.0263595
   0.0261969  -0.00420732    0.0163962
 -0.00420732   0.00111674 -3.18616e-05
   0.0163962 -3.18616e-05     0.028549
   0.0264578  -0.00383215    0.0174202
 -0.00383215  0.000946276 -0.000310899
   0.0174202 -0.000310899    0.0289341
   0.0247715  -0.00403402    0.0161452
 -0.00403402  0.000916247  -0.00101544
   0.0161452  -0.00101544    0.0266988
   0.0265747  -0.00382922    0.0169367
 -0.00382922   0.00115811   0.00061254
   0.0169367   0.00061254    0.0291886
   0.0270517  -0.00341714    0.0180696
 -0.00341714   0.00101696  0.000550706
   0.0180696  0.000550706    0.0299553
   0.0259954  -0.00403568    0.0155122
 -0.00403568   0.00116701  0.000460165
   0.0155122  0.000460165    0.0283765
   0.0255511  -0.00403919    0.0139613
 -0.00403919   0.00105178  8.95383e-05
   0.0139613  8.95383e-05    0.0275721
   0.0253863   -0.0044077    0.0136881
  -0.0044077   0.00110936 -0.000191037
   0.0136881 -0.000191037    0.0274291
    0.025124  -0.00421264    0.0122789
 -0.00421264  0.000956341 -0.000638355
   0.0122789 -0.000638355    0.0266901
   0.0251214  -0.00381038    0.0123632
 -0.00381038  0.000863768 -0.000455331
   0.0123632 -0.000455331    0.0268104
   0.0243261  -0.00438234    0.0109337
 -0.00438234   0.00100879 -0.000539757
   0.0109337 -0.000539757    0.0263463
   0.0256621   -0.0036782    0.0159539
  -0.0036782  0.000760624  -0.00158783
   0.0159539  -0.00158783    0.0268767
   0.0294161  -0.00364039    0.0145067
 -0.00364039  0.000718265  -0.00213016
   0.0145067  -0.00213016    0.0254272
   0.0298544  -0.00307355    0.0162889
 -0.00307355  0.000617632  -0.00146983
   0.0162889  -0.00146983     0.027166
   0.0333337  -0.00386373    0.0114438
 -0.00386373  0.000868109  -0.00256083
   0.0114438  -0.00256083    0.0214449
   0.0337292  -0.00318368    0.0131179
 -0.00318368  0.000724934  -0.00210545
   0.0131179  -0.00210545    0.0229973
   0.0391646  -0.00390578    0.0108832
 -0.00390578   0.00106496  -0.00278491
   0.0108832  -0.00278491    0.0193075
   0.0369626  -0.00498048   0.00932439
 -0.00498048   0.00134409  -0.00306471
  0.00932439  -0.00306471    0.0182878
   0.0341499  -0.00188071    0.0152106
 -0.00188071  0.000467236   -0.0010453
   0.0152106   -0.0010453     0.025239
   0.0395251  -0.00204951     0.012603
 -0.00204951  0.000630452  -0.00180586
    0.012603  -0.00180586    0.0210411
   0.0300829  -0.00235259    0.0175848
 -0.00235259  0.000566534 -0.000330506
   0.0175848 -0.000330506    0.0284615
   0.0275934  -0.00292206    0.0182707
 -0.00292206   0.00078841  0.000222423
   0.0182707  0.000222423    0.0298555
   0.0270314  -0.00341462    0.0173328
 -0.00341462  0.000748778 -0.000811988
   0.0173328 -0.000811988    0.0286204
   0.0283721  -0.00334133    0.0120121
 -0.00334133  0.000587779  -0.00109485
   0.0120121  -0.00109485    0.0263558
   0.0306872  -0.00324247    0.0132836
 -0.00324247  0.000567474  -0.00112169
   0.0132836  -0.00112169    0.0266899
   0.0298363  -0.00334537    0.0119259
 -0.00334537  0.000609834  -0.00226754
   0.0119259  -0.00226754    0.0260484
    0.027111  -0.00341727    0.0104996
 -0.00341727   0.00062459  -0.00209376
   0.0104996  -0.00209376    0.0256046
   0.0298194  -0.00294639    0.0119156
 -0.00294639  0.000551531   -0.0022101
   0.0119156   -0.0022101    0.0260905
   0.0288076  -0.00352595    0.0106158
 -0.00352595  0.000785861  -0.00329081
   0.0106158  -0.00329081    0.0254856
   0.0292776  -0.00305121     0.010775
 -0.00305121  0.000717099  -0.00331772
    0.010775  -0.00331772     0.025631
    0.028568  -0.00327503   0.00972986
 -0.00327503  0.000979568  -0.00425655
  0.00972986  -0.00425655    0.0252323
   0.0258037  -0.00352645   0.00905313
 -0.00352645  0.000772397  -0.00294716
  0.00905313  -0.00294716      0.02492
   0.0276523  -0.00374924   0.00938574
 -0.00374924   0.00104143  -0.00414286
  0.00938574  -0.00414286    0.0249626
   0.0244459  -0.00362517   0.00770551
 -0.00362517  0.000984236  -0.00366088
  0.00770551  -0.00366088    0.0242504
   0.0274988  -0.00241394   0.00976713
 -0.00241394  0.000624435  -0.00315114
  0.00976713  -0.00315114    0.0254038
   0.0271979   -0.0024543   0.00880998
  -0.0024543   0.00085473  -0.00409238
  0.00880998  -0.00409238    0.0250452
   0.0249586  -0.00170726   0.00744602
 -0.00170726  0.000736655  -0.00382526
  0.00744602  -0.00382526    0.0246996
   0.0251614  -0.00198928   0.00851187
 -0.00198928  0.000563966  -0.00295322
  0.00851187  -0.00295322    0.0251093
   0.0277158  -0.00254963    0.0108805
 -0.00254963  0.000503809  -0.00207353
   0.0108805  -0.00207353    0.0258364
   0.0253907  -0.00244843   0.00975804
 -0.00244843  0.000509295  -0.00198215
  0.00975804  -0.00198215    0.0255766
    0.027883  -0.00279955    0.0120993
 -0.00279955  0.000530962  -0.00097606
   0.0120993  -0.00097606    0.0263497
   0.0301771  -0.00295921    0.0131269
 -0.00295921  0.000530586  -0.00103079
   0.0131269  -0.00103079    0.0266353
   0.0256143  -0.00294841    0.0111256
 -0.00294841  0.000580954  -0.00102541
   0.0111256  -0.00102541    0.0261271
   0.0230469  -0.00361733   0.00644377
 -0.00361733   0.00122213  -0.00430511
  0.00644377  -0.00430511    0.0235327
   0.0263934  -0.00393005   0.00818561
 -0.00393005   0.00132152  -0.00485273
  0.00818561  -0.00485273    0.0244133
   0.0251336  -0.00388686    0.0070083
 -0.00388686   0.00162408  -0.00550168
   0.0070083  -0.00550168    0.0237845
    0.021641  -0.00335559   0.00530028
 -0.00335559   0.00151788  -0.00498045
  0.00530028  -0.00498045     0.022725
   0.0268362    -0.003715   0.00767739
   -0.003715   0.00156547  -0.00565608
  0.00767739  -0.00565608    0.0243999
   0.0237865  -0.00348808   0.00590757
 -0.00348808    0.0019864  -0.00617186
  0.00590757  -0.00617186    0.0230518
   0.0258877  -0.00357466   0.00664347
 -0.00357466   0.00188158  -0.00624627
  0.00664347  -0.00624627    0.0238837
   0.0247598  -0.00301019   0.00566626
 -0.00301019   0.00227062  -0.00686031
  0.00566626  -0.00686031    0.0232928
   0.0201453  -0.00275033   0.00433583
 -0.00275033    0.0019241   -0.0057558
  0.00433583   -0.0057558    0.0218249
   0.0222007  -0.00266002   0.00492223
 -0.00266002   0.00248576  -0.00692445
  0.00492223  -0.00692445    0.0222506
   0.0185179  -0.00178063   0.00356017
 -0.00178063   0.00255383  -0.00666631
  0.00356017  -0.00666631    0.0209054
    0.025742  -0.00295495   0.00608163
 -0.00295495   0.00163862   -0.0059554
  0.00608163   -0.0059554    0.0240594
   0.0251581  -0.00266774   0.00520378
 -0.00266774   0.00191807  -0.00642717
  0.00520378  -0.00642717    0.0236929
    0.023818  -0.00183475   0.00375396
 -0.00183475   0.00152836  -0.00576868
  0.00375396  -0.00576868    0.0235217
   0.0240485  -0.00191011   0.00461272
 -0.00191011    0.0013517  -0.00546069
  0.00461272  -0.00546069    0.0237499
   0.0262673  -0.00288512    0.0069988
 -0.00288512   0.00137864   -0.0054547
   0.0069988   -0.0054547    0.0243973
   0.0243669  -0.00178368    0.0055286
 -0.00178368   0.00116245  -0.00507177
   0.0055286  -0.00507177    0.0240193
   0.0267366  -0.00265837   0.00790107
 -0.00265837   0.00111697  -0.00485458
  0.00790107  -0.00485458    0.0247214
   0.0277076  -0.00355511   0.00871244
 -0.00355511   0.00126791  -0.00501965
  0.00871244  -0.00501965    0.0248403
   0.0246724   -0.0016701    0.0064809
  -0.0016701  0.000952562  -0.00453868
   0.0064809  -0.00453868    0.0243426
   0.0211697  0.000759786  -0.00128877
 0.000759786   0.00076329   -0.0039291
 -0.00128877   -0.0039291    0.0224798
    0.021566  0.000526207  0.000166263
 0.000526207  0.000776101  -0.00407561
 0.000166263  -0.00407561    0.0226828
   0.0212057  0.000336772   0.00090811
 0.000336772  0.000858774   -0.0043253
  0.00090811   -0.0043253    0.0228471
   0.0216746 -1.86347e-05   0.00233623
-1.86347e-05  0.000804866  -0.00417892
  0.00233623  -0.00417892    0.0232007
   0.0222053 -4.34979e-05   0.00174068
-4.34979e-05  0.000741082   -0.0039513
  0.00174068   -0.0039513    0.0230362
   0.0217018 -0.000250323   0.00304549
-0.000250323  0.000880659  -0.00440783
  0.00304549  -0.00440783    0.0233627
   0.0223334  -0.00070189   0.00383653
 -0.00070189  0.000715289  -0.00380949
  0.00383653  -0.00380949    0.0236742
   0.0221507   -0.0006653   0.00436635
  -0.0006653  0.000757416  -0.00400331
  0.00436635  -0.00400331    0.0238099
   0.0228155  -0.00134556   0.00576767
 -0.00134556  0.000644029  -0.00341967
  0.00576767  -0.00341967    0.0243131
   0.0228779 -0.000905695   0.00328386
-0.000905695  0.000675656  -0.00358521
  0.00328386  -0.00358521    0.0234341
   0.0232217  -0.00161157   0.00542865
 -0.00161157  0.000642713  -0.00326598
  0.00542865  -0.00326598    0.0241921
   0.0233158  -0.00186599   0.00470294
 -0.00186599  0.000628195  -0.00301342
  0.00470294  -0.00301342    0.0236805
   0.0228495  -0.00096128   0.00517848
 -0.00096128  0.000830821   -0.0042363
  0.00517848   -0.0042363    0.0239972
   0.0232443  -0.00132882   0.00634383
 -0.00132882  0.000665318   -0.0035909
  0.00634383   -0.0035909    0.0244384
   0.0225542 -0.000835877   0.00406855
-0.000835877  0.000990843  -0.00469508
  0.00406855  -0.00469508    0.0236143
   0.0222348 -0.000865919   0.00299202
-0.000865919   0.00111377   -0.0049691
  0.00299202   -0.0049691    0.0233191
    0.021328 -0.000105097   0.00177455
-0.000105097  0.000958771  -0.00459684
  0.00177455  -0.00459684      0.02302
   0.0209739 -8.31791e-05  0.000559361
-8.31791e-05  0.000987956  -0.00459785
 0.000559361  -0.00459785    0.0227884
   0.0220095 -0.000867928   0.00200478
-0.000867928   0.00120257  -0.00510993
  0.00200478  -0.00510993    0.0231204
   0.0208515  0.000442677 -0.000446489
 0.000442677  0.000859002  -0.00423306
-0.000446489  -0.00423306    0.0226147
   0.0231067   -0.0027276   0.00571738
  -0.0027276  0.000629019  -0.00228805
  0.00571738  -0.00228805    0.0239356
   0.0239244  -0.00259481   0.00703842
 -0.00259481  0.000631563  -0.00260232
  0.00703842  -0.00260232    0.0246941
   0.0241094  -0.00341741   0.00854792
 -0.00341741  0.000697522  -0.00185719
  0.00854792  -0.00185719    0.0250529
    0.022931  -0.00342562   0.00638397
 -0.00342562  0.000711432  -0.00147408
  0.00638397  -0.00147408    0.0247745
   0.0242757  -0.00309899   0.00904833
 -0.00309899  0.000637091  -0.00196359
  0.00904833  -0.00196359    0.0254756
   0.0240361  -0.00399261   0.00985031
 -0.00399261  0.000832703  -0.00114577
  0.00985031  -0.00114577    0.0254523
   0.0247591  -0.00379692    0.0107209
 -0.00379692  0.000774145  -0.00124817
   0.0107209  -0.00124817    0.0261089
   0.0231384   -0.0040012   0.00749483
  -0.0040012  0.000865963 -0.000794476
  0.00749483 -0.000794476    0.0257481
   0.0246427  -0.00334931    0.0107358
 -0.00334931  0.000669825  -0.00114904
   0.0107358  -0.00114904    0.0260971
   0.0241623  -0.00268239   0.00914167
 -0.00268239  0.000555933  -0.00195899
  0.00914167  -0.00195899    0.0254709
   0.0236781  -0.00195467   0.00764705
 -0.00195467  0.000557745  -0.00281262
  0.00764705  -0.00281262    0.0249291
    0.023551   -0.0022181   0.00732229
  -0.0022181  0.000587833   -0.0027157
  0.00732229   -0.0027157    0.0248629
   0.0221309  -0.00378596   0.00508989
 -0.00378596   0.00086181 -0.000545078
  0.00508989 -0.000545078    0.0257276
   0.0223912  -0.00336538   0.00419617
 -0.00336538  0.000714199  -0.00112299
  0.00419617  -0.00112299    0.0253473
   0.0206193  -0.00298938    0.0016617
 -0.00298938  0.000707108 -0.000764924
   0.0016617 -0.000764924    0.0247234
   0.0222386   -0.0026767   0.00309012
  -0.0026767  0.000605471  -0.00183007
  0.00309012  -0.00183007    0.0245687
   0.0213027  -0.00257612  0.000873103
 -0.00257612  0.000588512  -0.00139802
 0.000873103  -0.00139802    0.0248635
   0.0218509  -0.00190215  0.000446056
 -0.00190215  0.000531247  -0.00215824
 0.000446056  -0.00215824    0.0242939
   0.0224195  -0.00189197   0.00251133
 -0.00189197  0.000570375  -0.00255508
  0.00251133  -0.00255508    0.0236373
   0.0202213   -0.0017553  -0.00183058
  -0.0017553   0.00049788  -0.00153077
 -0.00183058  -0.00153077    0.0242953
   0.0225437  -0.00104709   0.00206265
 -0.00104709   0.00060503   -0.0031997
  0.00206265   -0.0031997     0.022753
   0.0226163 -0.000178556  0.000918286
-0.000178556  0.000658798  -0.00363378
 0.000918286  -0.00363378    0.0226741
    0.022349 -0.000259592 -0.000791188
-0.000259592  0.000549136  -0.00318722
-0.000791188  -0.00318722    0.0227735
   0.0223317  0.000512967   -0.0005304
 0.000512967  0.000686176  -0.00376892
  -0.0005304  -0.00376892    0.0224952
   0.0227249  0.000438163  -0.00169661
 0.000438163   0.00057891  -0.00337264
 -0.00169661  -0.00337264    0.0225047
   0.0228038  0.000860612  -0.00287461
 0.000860612  0.000567482   -0.0031851
 -0.00287461   -0.0031851     0.022241
   0.0217923  0.000901991   -0.0020992
 0.000901991  0.000667131   -0.0035891
  -0.0020992   -0.0035891    0.0223073
   0.0220784  0.000321533  -0.00334181
 0.000321533  0.000447421  -0.00282799
 -0.00334181  -0.00282799    0.0224633
   0.0230079  0.000756196  -0.00414463
 0.000756196  0.000449691    -0.002687
 -0.00414463    -0.002687    0.0223385
   0.0221279  0.000491237  -0.00515752
 0.000491237  0.000333912  -0.00208373
 -0.00515752  -0.00208373    0.0220364
   0.0214443  0.000144534  -0.00459516
 0.000144534  0.000342383    -0.002272
 -0.00459516    -0.002272    0.0228626
   0.0217908 -0.000271772  -0.00261085
-0.000271772  0.000444383  -0.00272265
 -0.00261085  -0.00272265    0.0233135
   0.0207708 -0.000570201  -0.00403568
-0.000570201  0.000389258  -0.00209869
 -0.00403568  -0.00209869    0.0242978
   0.0212532  -0.00111174  -0.00221477
 -0.00111174  0.000455942  -0.00224044
 -0.00221477  -0.00224044    0.0240649
   0.0221494  -0.00106163  -0.00028111
 -0.00106163  0.000522448  -0.00275043
 -0.00028111  -0.00275043    0.0236303
    0.020485   8.1244e-05  -0.00568418
  8.1244e-05  0.000269987  -0.00194205
 -0.00568418  -0.00194205    0.0232667
    0.020826  0.000240091  -0.00582872
 0.000240091  0.000258398  -0.00146372
 -0.00582872  -0.00146372     0.021218
  0.00543689  -0.00499047   -0.0064109
 -0.00499047   0.00491236   0.00542299
  -0.0064109   0.00542299    0.0208874
  0.00566903  -0.00498416  -0.00521433
 -0.00498416   0.00493437    0.0054791
 -0.00521433    0.0054791    0.0217582
  0.00539234  -0.00432471  -0.00465055
 -0.00432471   0.00404419   0.00446221
 -0.00465055   0.00446221    0.0222529
  0.00597202  -0.00423061  -0.00319537
 -0.00423061   0.00416899   0.00514526
 -0.00319537   0.00514526    0.0233119
  0.00617997  -0.00487368  -0.00373886
 -0.00487368   0.00503482   0.00598428
 -0.00373886   0.00598428    0.0226593
  0.00574338  -0.00364058  -0.00261487
 -0.00364058   0.00339262   0.00437559
 -0.00261487   0.00437559    0.0241108
   0.0068514  -0.00392536   -0.0015626
 -0.00392536   0.00440946   0.00634148
  -0.0015626   0.00634148    0.0242634
  0.00667707  -0.00332713  -0.00103238
 -0.00332713   0.00359716    0.0056705
 -0.00103238    0.0056705    0.0251955
  0.00782131  -0.00282317  0.000534319
 -0.00282317   0.00397919   0.00726432
 0.000534319   0.00726432    0.0260134
   0.0070002  -0.00457528   -0.0020801
 -0.00457528   0.00528056   0.00700132
  -0.0020801   0.00700132    0.0234764
  0.00794953  -0.00342763   8.1882e-05
 -0.00342763   0.00487217   0.00787534
  8.1882e-05   0.00787534    0.0249554
  0.00803889  -0.00412878  -0.00041415
 -0.00412878   0.00580385   0.00838812
 -0.00041415   0.00838812    0.0240558
  0.00650052   -0.0028684 -0.000589603
  -0.0028684   0.00293997   0.00512129
-0.000589603   0.00512129    0.0262721
  0.00765068  -0.00236072  0.000872619
 -0.00236072   0.00321344    0.0066621
 0.000872619    0.0066621     0.027188
   0.0074891   -0.0021083   0.00104117
  -0.0021083   0.00261157   0.00606057
  0.00104117   0.00606057    0.0284086
  0.00671728  -0.00281685 -0.000557768
 -0.00281685   0.00259841   0.00480598
-0.000557768   0.00480598    0.0276939
  0.00573143   -0.0033283  -0.00226685
  -0.0033283   0.00287524   0.00391162
 -0.00226685   0.00391162    0.0252491
  0.00613747  -0.00338203   -0.0022784
 -0.00338203   0.00267982   0.00369281
  -0.0022784   0.00369281    0.0266809
  0.00518606  -0.00351636  -0.00375825
 -0.00351636   0.00284754   0.00311424
 -0.00375825   0.00311424    0.0240212
  0.00516528  -0.00377647  -0.00411006
 -0.00377647   0.00330854   0.00362589
 -0.00411006   0.00362589    0.0229834
  0.00483508  -0.00372598  -0.00526544
 -0.00372598   0.00322991   0.00328927
 -0.00526544   0.00328927    0.0217918
  0.00558485  -0.00359546  -0.00373766
 -0.00359546   0.00270901   0.00285822
 -0.00373766   0.00285822    0.0238708
  0.00480615  -0.00345825  -0.00485259
 -0.00345825   0.00277237    0.0027144
 -0.00485259    0.0027144    0.0221261
  0.00511093  -0.00351552   -0.0047662
 -0.00351552   0.00266431   0.00249492
  -0.0047662   0.00249492    0.0221132
  0.00510356  -0.00428756  -0.00581761
 -0.00428756   0.00397396   0.00423973
 -0.00581761   0.00423973    0.0212127
  0.00907281  -0.00361518   0.00104252
 -0.00361518   0.00664916   0.00993362
  0.00104252   0.00993362    0.0242969
  0.00905445  -0.00285162   0.00150469
 -0.00285162   0.00558091   0.00949458
  0.00150469   0.00949458    0.0253085
  0.00987539  -0.00240066   0.00248119
 -0.00240066    0.0064656    0.0108694
  0.00248119    0.0108694    0.0253139
  0.00982273  -0.00319362   0.00206971
 -0.00319362   0.00775002    0.0113495
  0.00206971    0.0113495    0.0241844
  0.00984355  -0.00177997   0.00273032
 -0.00177997   0.00517478    0.0100841
  0.00273032    0.0100841     0.026585
   0.0101936  -0.00220397   0.00288009
 -0.00220397   0.00739576    0.0117707
  0.00288009    0.0117707     0.025073
   0.0102157  -0.00162381   0.00300733
 -0.00162381   0.00583319    0.0107239
  0.00300733    0.0107239    0.0264452
   0.0100231  -0.00184436   0.00272927
 -0.00184436   0.00636032    0.0106116
  0.00272927    0.0106116    0.0262078
   0.0100855  -0.00296141    0.0025521
 -0.00296141   0.00893274    0.0124087
   0.0025521    0.0124087    0.0238331
  0.00996164  -0.00233427   0.00274698
 -0.00233427   0.00815212    0.0120085
  0.00274698    0.0120085    0.0247444
  0.00983572  -0.00299052   0.00252744
 -0.00299052   0.00992895    0.0129387
  0.00252744    0.0129387    0.0233974
   0.0101299  -0.00127294   0.00286328
 -0.00127294   0.00444468    0.0093753
  0.00286328    0.0093753    0.0278734
  0.00999627  -0.00154723   0.00242921
 -0.00154723   0.00478047   0.00884755
  0.00242921   0.00884755    0.0276932
   0.0098675  -0.00144035   0.00188083
 -0.00144035   0.00354473   0.00686272
  0.00188083   0.00686272     0.029114
   0.0099282  -0.00114931   0.00248228
 -0.00114931   0.00332612   0.00781096
  0.00248228   0.00781096    0.0292541
  0.00970885  -0.00138897   0.00275365
 -0.00138897   0.00403263   0.00909099
  0.00275365   0.00909099    0.0279391
  0.00947909  -0.00122529   0.00256075
 -0.00122529   0.00308042   0.00792673
  0.00256075   0.00792673    0.0292668
  0.00881063  -0.00180532   0.00205269
 -0.00180532   0.00360667   0.00811287
  0.00205269   0.00811287    0.0277431
  0.00897037  -0.00223203   0.00186509
 -0.00223203   0.00453235   0.00885541
  0.00186509   0.00885541    0.0264727
  0.00860015  -0.00158522   0.00205835
 -0.00158522   0.00283223   0.00727428
  0.00205835   0.00727428    0.0290134
   0.0144215  -0.00433183  -0.00362169
 -0.00433183   0.00207631   0.00339864
 -0.00362169   0.00339864    0.0243371
   0.0134331    -0.003639  -0.00221178
   -0.003639   0.00189428   0.00440209
 -0.00221178   0.00440209    0.0258638
   0.0112608  -0.00245726 -0.000589704
 -0.00245726   0.00172747   0.00454229
-0.000589704   0.00454229    0.0281125
   0.0107651  -0.00236391  5.27495e-05
 -0.00236391   0.00176922   0.00529594
 5.27495e-05   0.00529594    0.0287855
   0.0135435  -0.00394649  -0.00227917
 -0.00394649   0.00208756   0.00488021
 -0.00227917   0.00488021    0.0257198
  0.00944175  -0.00161246    0.0011908
 -0.00161246   0.00185468    0.0057545
   0.0011908    0.0057545    0.0294352
   0.0105634  -0.00286396 -0.000376259
 -0.00286396   0.00196843    0.0053037
-0.000376259    0.0053037    0.0288311
  0.00880877  -0.00193384   0.00101362
 -0.00193384   0.00192999    0.0057303
  0.00101362    0.0057303    0.0297476
  0.00872606  -0.00279562 -0.000124725
 -0.00279562   0.00221305   0.00526144
-0.000124725   0.00526144    0.0300428
   0.0126263  -0.00417371  -0.00243138
 -0.00417371   0.00228598   0.00495781
 -0.00243138   0.00495781    0.0249322
   0.0101268  -0.00369146  -0.00167124
 -0.00369146   0.00233632   0.00484356
 -0.00167124   0.00484356    0.0267214
   0.0118475  -0.00480343  -0.00326497
 -0.00480343   0.00272646   0.00474652
 -0.00326497   0.00474652    0.0238382
  0.00834787  -0.00154346   0.00183648
 -0.00154346   0.00223476   0.00640698
  0.00183648   0.00640698    0.0296097
  0.00781075  -0.00226769  0.000724855
 -0.00226769   0.00229496    0.0056133
 0.000724855    0.0056133    0.0295036
  0.00925399  -0.00127136   0.00204779
 -0.00127136   0.00233374   0.00674902
  0.00204779   0.00674902    0.0297098
   0.0098074  -0.00126024   0.00172128
 -0.00126024   0.00245971   0.00632112
  0.00172128   0.00632112    0.0298167
   0.0102133  -0.00173269  0.000601412
 -0.00173269   0.00190244    0.0051127
 0.000601412    0.0051127    0.0290434
   0.0106844  -0.00213182 -0.000372604
 -0.00213182   0.00205639    0.0037761
-0.000372604    0.0037761    0.0290814
  0.00993102  -0.00157243  0.000904681
 -0.00157243   0.00261791   0.00508682
 0.000904681   0.00508682    0.0297841
   0.0120806  -0.00303615  -0.00192828
 -0.00303615   0.00186952   0.00325441
 -0.00192828   0.00325441      0.02705
   0.0111536  -0.00514238   -0.0037653
 -0.00514238   0.00299604   0.00452394
  -0.0037653   0.00452394    0.0233789
   0.0096012  -0.00439591  -0.00297861
 -0.00439591   0.00275053   0.00430311
 -0.00297861   0.00430311    0.0247116
  0.00930573  -0.00506091  -0.00448749
 -0.00506091   0.00321718   0.00404016
 -0.00448749   0.00404016    0.0243069
   0.0106902  -0.00552904  -0.00462276
 -0.00552904   0.00335893   0.00442795
 -0.00462276   0.00442795    0.0233791
   0.0079712  -0.00437787  -0.00374817
 -0.00437787   0.00295293   0.00371064
 -0.00374817   0.00371064    0.0249041
  0.00822338  -0.00508404  -0.00539319
 -0.00508404   0.00341686    0.0036407
 -0.00539319    0.0036407    0.0235053
  0.00745392  -0.00466347  -0.00505198
 -0.00466347   0.00320281   0.00318605
 -0.00505198   0.00318605    0.0241076
  0.00668683  -0.00442011  -0.00586512
 -0.00442011   0.00313888   0.00286791
 -0.00586512   0.00286791    0.0233565
  0.00911566  -0.00547299  -0.00563236
 -0.00547299   0.00355424   0.00390568
 -0.00563236   0.00390568    0.0217881
  0.00725078  -0.00473886  -0.00610713
 -0.00473886   0.00328251   0.00319631
 -0.00610713   0.00319631    0.0220913
  0.00811543  -0.00524659  -0.00628731
 -0.00524659   0.00357284   0.00372969
 -0.00628731   0.00372969     0.021306
   0.0063924  -0.00400127  -0.00430758
 -0.00400127   0.00283907   0.00298451
 -0.00430758   0.00298451    0.0236772
  0.00556351  -0.00375702  -0.00522175
 -0.00375702   0.00275756   0.00253524
 -0.00522175   0.00253524    0.0223334
  0.00685003  -0.00375356  -0.00283771
 -0.00375356   0.00271144   0.00357562
 -0.00283771   0.00357562    0.0257511
   0.0073549  -0.00308098 -0.000898429
 -0.00308098   0.00248158   0.00464867
-0.000898429   0.00464867    0.0291934
  0.00829979  -0.00368336  -0.00198967
 -0.00368336   0.00255611   0.00438699
 -0.00198967   0.00438699    0.0269963
  0.00923011  -0.00320574   0.00216141
 -0.00320574    0.0105128     0.012933
  0.00216141     0.012933    0.0230135
  0.00935231  -0.00271216   0.00225245
 -0.00271216   0.00853674    0.0116118
  0.00225245    0.0116118    0.0244671
  0.00861144  -0.00318206   0.00160328
 -0.00318206     0.008447    0.0107517
  0.00160328    0.0107517    0.0243195
  0.00850379  -0.00350423   0.00163484
 -0.00350423    0.0105845    0.0125071
  0.00163484    0.0125071    0.0227627
  0.00868006  -0.00295042   0.00128226
 -0.00295042   0.00649459   0.00850793
  0.00128226   0.00850793    0.0259303
  0.00793078  -0.00356502  0.000924182
 -0.00356502    0.0079875   0.00968474
 0.000924182   0.00968474    0.0243369
  0.00801142  -0.00343247  0.000478751
 -0.00343247   0.00607699   0.00703682
 0.000478751   0.00703682    0.0260265
  0.00749024  -0.00367013  -0.00028801
 -0.00367013   0.00548691   0.00565476
 -0.00028801   0.00565476    0.0262916
  0.00781533  -0.00374615   0.00106676
 -0.00374615    0.0102367    0.0118474
  0.00106676    0.0118474    0.0226787
  0.00736388   -0.0037519  0.000259024
  -0.0037519   0.00731367   0.00862673
 0.000259024   0.00862673    0.0244995
  0.00722838   -0.0038429  0.000497567
  -0.0038429   0.00961804    0.0111278
 0.000497567    0.0111278    0.0227311
  0.00807167  -0.00332645 -0.000246664
 -0.00332645   0.00472127   0.00414379
-0.000246664   0.00414379    0.0276754
  0.00759182  -0.00357492  -0.00108986
 -0.00357492   0.00435937   0.00248002
 -0.00108986   0.00248002    0.0280278
  0.00767803  -0.00345846  -0.00202075
 -0.00345846    0.0039177 -0.000608456
 -0.00202075 -0.000608456    0.0296542
  0.00812546  -0.00321487  -0.00113696
 -0.00321487   0.00396525   0.00121883
 -0.00113696   0.00121883    0.0292311
  0.00872236  -0.00279356  0.000673373
 -0.00279356   0.00495016   0.00595152
 0.000673373   0.00595152    0.0275126
  0.00874369  -0.00267534 -0.000132715
 -0.00267534   0.00391199   0.00325521
-0.000132715   0.00325521    0.0290043
  0.00944814  -0.00211382   0.00162098
 -0.00211382   0.00499188   0.00761923
  0.00162098   0.00761923    0.0275405
  0.00942409  -0.00234779   0.00208333
 -0.00234779   0.00661749   0.00980052
  0.00208333   0.00980052    0.0260074
  0.00939951   -0.0020032  0.000936091
  -0.0020032   0.00377322   0.00524121
 0.000936091   0.00524121    0.0289892
   0.0067249  -0.00378488 -7.27874e-05
 -0.00378488   0.00884064    0.0105021
-7.27874e-05    0.0105021    0.0228689
  0.00689702  -0.00370857 -0.000421185
 -0.00370857   0.00655748   0.00774318
-0.000421185   0.00774318     0.024763
  0.00649587  -0.00349153  -0.00112468
 -0.00349153   0.00580012   0.00714009
 -0.00112468   0.00714009     0.025091
  0.00629749  -0.00359796 -0.000653174
 -0.00359796   0.00804083    0.0100384
-0.000653174    0.0100384    0.0230363
  0.00673655  -0.00334047  -0.00185331
 -0.00334047   0.00421897   0.00377356
 -0.00185331   0.00377356    0.0271199
   0.0061559  -0.00317099  -0.00185751
 -0.00317099    0.0051357   0.00677182
 -0.00185751   0.00677182    0.0254601
  0.00643811  -0.00292936  -0.00267908
 -0.00292936   0.00362229    0.0033415
 -0.00267908    0.0033415    0.0276245
  0.00619882  -0.00251391  -0.00342996
 -0.00251391   0.00307391   0.00319755
 -0.00342996   0.00319755    0.0279407
  0.00594472  -0.00333491  -0.00125501
 -0.00333491   0.00731612   0.00971579
 -0.00125501   0.00971579    0.0232137
  0.00588299  -0.00282902  -0.00256336
 -0.00282902   0.00455598   0.00663743
 -0.00256336   0.00663743     0.025585
  0.00567444  -0.00304304  -0.00186648
 -0.00304304   0.00671028   0.00952337
 -0.00186648   0.00952337    0.0233948
  0.00674352  -0.00263872  -0.00361596
 -0.00263872   0.00294144  -0.00021057
 -0.00361596  -0.00021057     0.029563
  0.00666337  -0.00215305  -0.00434524
 -0.00215305   0.00238259 -0.000277351
 -0.00434524 -0.000277351    0.0296344
  0.00699648  -0.00179886  -0.00515962
 -0.00179886   0.00245697  -0.00349903
 -0.00515962  -0.00349903    0.0314103
  0.00700196  -0.00236279   -0.0044984
 -0.00236279   0.00301913  -0.00344615
  -0.0044984  -0.00344615    0.0311537
  0.00697975  -0.00314555  -0.00275793
 -0.00314555   0.00345222  0.000269303
 -0.00275793  0.000269303    0.0290235
  0.00717582  -0.00293757  -0.00367211
 -0.00293757   0.00347689  -0.00297945
 -0.00367211  -0.00297945    0.0306859
  0.00724735   -0.0034947  -0.00191789
  -0.0034947   0.00393147   0.00115046
 -0.00191789   0.00115046    0.0284997
  0.00707521  -0.00362361  -0.00105862
 -0.00362361   0.00485095   0.00452937
 -0.00105862   0.00452937    0.0266692
   0.0073791  -0.00334563  -0.00284846
 -0.00334563   0.00376735  -0.00203979
 -0.00284846  -0.00203979    0.0301674
   0.0128166  -0.00583575  -0.00829736
 -0.00583575   0.00523499  -0.00277053
 -0.00829736  -0.00277053    0.0243972
   0.0132995  -0.00631637  -0.00812734
 -0.00631637   0.00559528  -0.00302899
 -0.00812734  -0.00302899    0.0245819
    0.010479  -0.00428815  -0.00718701
 -0.00428815   0.00488694  -0.00528231
 -0.00718701  -0.00528231    0.0284795
   0.0108258   -0.0047297  -0.00680605
  -0.0047297   0.00499021  -0.00508087
 -0.00680605  -0.00508087    0.0283521
   0.0137538  -0.00654951  -0.00791861
 -0.00654951   0.00553486  -0.00299347
 -0.00791861  -0.00299347    0.0245237
  0.00875626  -0.00351791  -0.00563769
 -0.00351791   0.00448582  -0.00604344
 -0.00563769  -0.00604344    0.0308562
   0.0111583  -0.00490501  -0.00639766
 -0.00490501   0.00471306  -0.00451593
 -0.00639766  -0.00451593    0.0280071
  0.00900681   -0.0038456  -0.00505489
  -0.0038456   0.00437705  -0.00524816
 -0.00505489  -0.00524816    0.0304309
  0.00932158  -0.00388667  -0.00440288
 -0.00388667   0.00399533  -0.00398859
 -0.00440288  -0.00398859    0.0299164
   0.0140883  -0.00653297  -0.00766784
 -0.00653297   0.00512634   -0.0026343
 -0.00766784   -0.0026343    0.0242376
   0.0114653  -0.00484106  -0.00589247
 -0.00484106   0.00415081  -0.00349784
 -0.00589247  -0.00349784    0.0275211
   0.0143283  -0.00632284  -0.00731294
 -0.00632284   0.00447596  -0.00191292
 -0.00731294  -0.00191292    0.0238376
  0.00778898  -0.00332756  -0.00392541
 -0.00332756   0.00394526  -0.00431762
 -0.00392541  -0.00431762     0.030996
  0.00807286  -0.00343708  -0.00315775
 -0.00343708   0.00382692  -0.00290555
 -0.00315775  -0.00290555    0.0304646
  0.00759576  -0.00292426  -0.00465537
 -0.00292426    0.0038542  -0.00522474
 -0.00465537  -0.00522474    0.0314709
  0.00744881  -0.00230969  -0.00538117
 -0.00230969   0.00349142  -0.00564889
 -0.00538117  -0.00564889    0.0318149
  0.00854204  -0.00294264  -0.00620846
 -0.00294264    0.0042128  -0.00636749
 -0.00620846  -0.00636749    0.0310731
  0.00853089  -0.00226567  -0.00667933
 -0.00226567   0.00358305  -0.00625706
 -0.00667933  -0.00625706     0.031137
  0.00759663  -0.00170581  -0.00595909
 -0.00170581   0.00289583  -0.00557918
 -0.00595909  -0.00557918    0.0318336
   0.0103148  -0.00367147  -0.00751729
 -0.00367147   0.00434051  -0.00509174
 -0.00751729  -0.00509174    0.0283691
    0.014528  -0.00597895  -0.00677712
 -0.00597895   0.00373394 -0.000842806
 -0.00677712 -0.000842806    0.0234656
   0.0117744  -0.00454423  -0.00522223
 -0.00454423   0.00346417  -0.00208434
 -0.00522223  -0.00208434    0.0270917
    0.012079  -0.00412171  -0.00435068
 -0.00412171   0.00275735 -0.000320942
 -0.00435068 -0.000320942    0.0268094
   0.0147815   -0.0055533  -0.00599372
  -0.0055533   0.00299108  0.000498647
 -0.00599372  0.000498647    0.0233285
   0.0101479   -0.0031724  -0.00262313
  -0.0031724   0.00284693 -0.000256132
 -0.00262313 -0.000256132    0.0291707
   0.0122814  -0.00360536  -0.00320361
 -0.00360536   0.00220799   0.00152339
 -0.00320361   0.00152339    0.0267588
   0.0105476  -0.00262533  -0.00152185
 -0.00262533   0.00236574   0.00187976
 -0.00152185   0.00187976    0.0290892
    0.014661  -0.00492213  -0.00486253
 -0.00492213   0.00240679   0.00200497
 -0.00486253   0.00200497    0.0236656
  0.00958195  -0.00208424 -0.000136375
 -0.00208424   0.00286606   0.00321189
-0.000136375   0.00321189    0.0296941
  0.00903824  -0.00269739  -0.00125542
 -0.00269739   0.00320403   0.00105631
 -0.00125542   0.00105631    0.0297412
  0.00849637  -0.00319223  -0.00228856
 -0.00319223   0.00356561  -0.00107165
 -0.00228856  -0.00107165    0.0300098
  0.00971032   -0.0036354  -0.00360339
  -0.0036354   0.00345538  -0.00228789
 -0.00360339  -0.00228789    0.0294537
  0.00416173  -0.00852598  -0.00319304
 -0.00852598     0.027074    0.0157381
 -0.00319304    0.0157381    0.0147932
  0.00488007  -0.00839706  -0.00231226
 -0.00839706    0.0257339    0.0153707
 -0.00231226    0.0153707    0.0158307
  0.00495154  -0.00816388   -0.0030479
 -0.00816388    0.0210235    0.0140811
  -0.0030479    0.0140811    0.0170462
  0.00579401  -0.00807413   -0.0019724
 -0.00807413    0.0200436    0.0136519
  -0.0019724    0.0136519    0.0179024
  0.00576108  -0.00824101  -0.00132853
 -0.00824101    0.0244869    0.0151221
 -0.00132853    0.0151221    0.0169137
  0.00588299    -0.007845  -0.00270217
   -0.007845    0.0160453    0.0122332
 -0.00270217    0.0122332    0.0188542
   0.0067373  -0.00799599 -0.000890115
 -0.00799599     0.019262    0.0134188
