           0            0            0
           0            0            0
           0            0            0
   0.0284862  -0.00148008   0.00629287
 -0.00148008  0.000280377  -0.00140933
  0.00629287  -0.00140933    0.0170858
   0.0247914  -0.00131884   0.00900355
 -0.00131884  0.000198764  -0.00112165
  0.00900355  -0.00112165    0.0209251
   0.0211315  -0.00181972    0.0115527
 -0.00181972  0.000270436 -0.000975926
   0.0115527 -0.000975926    0.0231115
   0.0202061  -0.00234314    0.0127268
 -0.00234314  0.000380182  -0.00076243
   0.0127268  -0.00076243    0.0232071
   0.0202849  -0.00277564    0.0121696
 -0.00277564  0.000503027 -0.000615464
   0.0121696 -0.000615464    0.0233931
    0.018132  -0.00262228    0.0106193
 -0.00262228   0.00046393 -0.000775038
   0.0106193 -0.000775038    0.0210721
   0.0188229  -0.00298124   0.00975574
 -0.00298124  0.000565276 -0.000689493
  0.00975574 -0.000689493    0.0221918
   0.0204015  -0.00307761    0.0111354
 -0.00307761  0.000592322 -0.000585417
   0.0111354 -0.000585417     0.023606
   0.0185588  -0.00307083    0.0078245
 -0.00307083  0.000605701 -0.000751473
   0.0078245 -0.000751473    0.0229147
   0.0202607  -0.00321679   0.00929706
 -0.00321679  0.000633328 -0.000682883
  0.00929706 -0.000682883    0.0243616
   0.0184023   -0.0029345   0.00548769
  -0.0029345   0.00059311 -0.000970358
  0.00548769 -0.000970358    0.0238676
    0.020373  -0.00330529   0.00839971
 -0.00330529     0.000643 -0.000880065
  0.00839971 -0.000880065    0.0244677
   0.0417385   0.00115231    0.0149568
  0.00115231    0.0008488   0.00280708
   0.0149568   0.00280708    0.0212839
   0.0361689 -5.48849e-05    0.0173386
-5.48849e-05   0.00108437   0.00355538
   0.0173386   0.00355538    0.0251724
   0.0356797   0.00069979    0.0170409
  0.00069979   0.00081783    0.0033317
   0.0170409    0.0033317     0.025093
   0.0324562 -1.10303e-05    0.0191344
-1.10303e-05   0.00106646    0.0038504
   0.0191344    0.0038504    0.0281499
   0.0322303 -0.000704789    0.0189811
-0.000704789   0.00134554   0.00394445
   0.0189811   0.00394445    0.0279695
   0.0305821  0.000201549    0.0180008
 0.000201549  0.000803315   0.00335923
   0.0180008   0.00335923    0.0276194
   0.0299619 -0.000633355    0.0195095
-0.000633355   0.00125216   0.00388821
   0.0195095   0.00388821    0.0292945
   0.0285897 -0.000405698    0.0186661
-0.000405698  0.000996261   0.00352948
   0.0186661   0.00352948    0.0288955
   0.0280397  -0.00100382    0.0184991
 -0.00100382   0.00108672   0.00330296
   0.0184991   0.00330296    0.0290022
   0.0293551  -0.00122155    0.0190595
 -0.00122155   0.00150463   0.00388559
   0.0190595   0.00388559    0.0289649
   0.0292059  -0.00127197    0.0191775
 -0.00127197   0.00130569   0.00353059
   0.0191775   0.00353059    0.0293384
   0.0283986  -0.00180174    0.0185608
 -0.00180174   0.00151316   0.00346183
   0.0185608   0.00346183    0.0289866
   0.0267532 -0.000578547    0.0174812
-0.000578547  0.000762365   0.00281057
   0.0174812   0.00281057    0.0283341
   0.0262285  -0.00110764    0.0173594
 -0.00110764  0.000882778   0.00272778
   0.0173594   0.00272778    0.0284508
   0.0250602  -0.00150688    0.0166208
 -0.00150688  0.000713011   0.00189903
   0.0166208   0.00189903     0.028187
   0.0257606   -0.0010255    0.0168411
  -0.0010255  0.000574049   0.00185314
   0.0168411   0.00185314    0.0281574
   0.0286677 -6.39668e-06    0.0167932
-6.39668e-06  0.000573804   0.00252971
   0.0167932   0.00252971    0.0270825
   0.0280024 -0.000471253    0.0163951
-0.000471253  0.000402867   0.00150748
   0.0163951   0.00150748    0.0270839
   0.0316819  0.000661918    0.0146852
 0.000661918  0.000398781   0.00187435
   0.0146852   0.00187435    0.0240964
   0.0334396  0.000897234    0.0157262
 0.000897234   0.00058491   0.00273817
   0.0157262   0.00273817    0.0244944
   0.0378251   0.00190918    0.0128005
  0.00190918  0.000467119   0.00183268
   0.0128005   0.00183268    0.0203825
   0.0314948  0.000185473    0.0143877
 0.000185473  0.000269594  0.000879634
   0.0143877  0.000879634    0.0242933
    0.036322   0.00153517    0.0120238
  0.00153517  0.000319868   0.00103472
   0.0120238   0.00103472    0.0201441
    0.037352  0.000907449    0.0119179
 0.000907449  0.000226669  0.000149248
   0.0119179  0.000149248    0.0205709
   0.0402774   0.00184753    0.0141411
  0.00184753  0.000641953   0.00246863
   0.0141411   0.00246863    0.0209414
   0.0276542  -0.00242606    0.0174012
 -0.00242606   0.00140144   0.00278175
   0.0174012   0.00278175    0.0284032
   0.0285981  -0.00197968    0.0180658
 -0.00197968   0.00123899   0.00286501
   0.0180658   0.00286501    0.0286702
    0.028036   -0.0025575    0.0168996
  -0.0025575   0.00109098   0.00202093
   0.0168996   0.00202093    0.0280493
   0.0269531  -0.00289926    0.0161739
 -0.00289926   0.00120537   0.00194131
   0.0161739   0.00194131    0.0278342
   0.0271468  -0.00224389    0.0163966
 -0.00224389  0.000958573   0.00197677
   0.0163966   0.00197677     0.027712
   0.0274834  -0.00299031    0.0156857
 -0.00299031  0.000911423   0.00105773
   0.0156857   0.00105773    0.0274357
    0.026738  -0.00268349    0.0152659
 -0.00268349  0.000814062   0.00107943
   0.0152659   0.00107943    0.0271147
   0.0263685  -0.00298574    0.0141601
 -0.00298574  0.000678422  0.000104455
   0.0141601  0.000104455    0.0265534
   0.0262773  -0.00320904    0.0148852
 -0.00320904  0.000982629   0.00100659
   0.0148852   0.00100659    0.0272346
   0.0269937  -0.00327874    0.0144981
 -0.00327874  0.000751941  4.10512e-05
   0.0144981  4.10512e-05    0.0268403
   0.0256317  -0.00338216    0.0135884
 -0.00338216  0.000792445  4.53661e-05
   0.0135884  4.53661e-05    0.0266006
    0.025063  -0.00254178     0.014264
 -0.00254178  0.000731255  0.000934062
    0.014264  0.000934062    0.0265909
   0.0247284  -0.00276749    0.0131719
 -0.00276749   0.00061479  7.91356e-05
   0.0131719  7.91356e-05    0.0260321
   0.0233021  -0.00278028    0.0122899
 -0.00278028   0.00058925 -0.000100547
   0.0122899 -0.000100547     0.025624
   0.0237178  -0.00265812    0.0134556
 -0.00265812  0.000684897  0.000596764
   0.0134556  0.000596764    0.0262368
   0.0254269  -0.00217626    0.0153694
 -0.00217626  0.000841843   0.00169615
   0.0153694   0.00169615     0.027187
   0.0241302   -0.0023904    0.0146046
  -0.0023904  0.000759855   0.00119396
   0.0146046   0.00119396    0.0268741
   0.0257982  -0.00169266    0.0164061
 -0.00169266  0.000901697   0.00230794
   0.0164061   0.00230794    0.0277981
   0.0275702  -0.00167872    0.0174825
 -0.00167872   0.00106166   0.00273494
   0.0174825   0.00273494    0.0283332
   0.0245461  -0.00200005    0.0156589
 -0.00200005  0.000773054   0.00164028
   0.0156589   0.00164028    0.0275157
   0.0218086  -0.00333475    0.0111178
 -0.00333475  0.000665243 -0.000521844
   0.0111178 -0.000521844    0.0251751
   0.0218369  -0.00315034    0.0121652
 -0.00315034  0.000635735 -0.000352128
   0.0121652 -0.000352128    0.0251133
   0.0233813  -0.00307515    0.0138373
 -0.00307515  0.000677666  2.48659e-05
   0.0138373  2.48659e-05     0.026459
   0.0216109  -0.00281963    0.0132096
 -0.00281963  0.000549518 -0.000346734
   0.0132096 -0.000346734    0.0247456
   0.0236283  -0.00274817    0.0147954
 -0.00274817  0.000610803  0.000188089
   0.0147954  0.000188089     0.026954
   0.0238169  -0.00229194    0.0155639
 -0.00229194  0.000488202  0.000195854
   0.0155639  0.000195854    0.0272262
   0.0218546  -0.00239986     0.014083
 -0.00239986  0.000426601 -0.000411441
    0.014083 -0.000411441    0.0249394
   0.0244584  -0.00248359    0.0156357
 -0.00248359  0.000688873  0.000826361
   0.0156357  0.000826361    0.0276937
   0.0249006  -0.00202447     0.016545
 -0.00202447  0.000591456  0.000947282
    0.016545  0.000947282    0.0283672
   0.0238858  -0.00279842    0.0144818
 -0.00279842  0.000715111  0.000546069
   0.0144818  0.000546069    0.0269621
   0.0233702  -0.00298455    0.0132244
 -0.00298455  0.000678021  0.000117474
   0.0132244  0.000117474    0.0262183
   0.0229205  -0.00323289    0.0126963
 -0.00323289  0.000674919 -0.000281653
   0.0126963 -0.000281653     0.025981
   0.0226205  -0.00327634    0.0115976
 -0.00327634   0.00063679 -0.000728207
   0.0115976 -0.000728207    0.0252711
   0.0228229  -0.00302105    0.0119281
 -0.00302105  0.000604789 -0.000419307
   0.0119281 -0.000419307    0.0255001
   0.0215238    -0.003347    0.0101535
   -0.003347  0.000642255 -0.000858286
   0.0101535 -0.000858286    0.0249143
   0.0226637  -0.00187859    0.0137321
 -0.00187859  0.000300417 -0.000613302
   0.0137321 -0.000613302    0.0250395
   0.0260413  -0.00134917    0.0120665
 -0.00134917  0.000206558 -0.000851459
   0.0120665 -0.000851459    0.0236387
   0.0267979  -0.00120556    0.0140774
 -0.00120556  0.000227777 -0.000350837
   0.0140774 -0.000350837    0.0253699
   0.0295934 -0.000951919   0.00888334
-0.000951919  0.000191765  -0.00111613
  0.00888334  -0.00111613    0.0198691
   0.0302451 -0.000761618    0.0107493
-0.000761618   0.00018931 -0.000780874
   0.0107493 -0.000780874    0.0213787
   0.0350428 -0.000556227   0.00818175
-0.000556227  0.000231182  -0.00117311
  0.00818175  -0.00117311    0.0177513
   0.0328655  -0.00113605   0.00652911
 -0.00113605  0.000269719  -0.00140123
  0.00652911  -0.00140123    0.0168461
   0.0312047 -0.000271097    0.0132434
-0.000271097  0.000192577 -2.60291e-05
   0.0132434 -2.60291e-05    0.0236633
   0.0358852  0.000145931    0.0103585
 0.000145931   0.00018772 -0.000567049
   0.0103585 -0.000567049    0.0195533
   0.0276397 -0.000926688    0.0157677
-0.000926688  0.000285697  0.000498719
   0.0157677  0.000498719    0.0267993
   0.0253834  -0.00152089    0.0165925
 -0.00152089  0.000439534  0.000832277
   0.0165925  0.000832277     0.028206
   0.0243115  -0.00177966    0.0153075
 -0.00177966  0.000342399  8.65576e-06
   0.0153075  8.65576e-06    0.0268303
   0.0249429   -0.0034557    0.0122619
  -0.0034557  0.000670962 -0.000901218
   0.0122619 -0.000901218    0.0259485
   0.0265559   -0.0034643    0.0133145
  -0.0034643   0.00065631 -0.000990635
   0.0133145 -0.000990635      0.02626
   0.0261428  -0.00355622    0.0121269
 -0.00355622  0.000656335  -0.00199955
   0.0121269  -0.00199955    0.0257123
   0.0241845  -0.00344401    0.0109078
 -0.00344401  0.000649949  -0.00180502
   0.0109078  -0.00180502    0.0253086
   0.0259299  -0.00329237     0.012038
 -0.00329237   0.00060037  -0.00196349
    0.012038  -0.00196349    0.0255785
   0.0256073  -0.00358729    0.0109284
 -0.00358729  0.000753452  -0.00294155
   0.0109284  -0.00294155    0.0251919
   0.0257508   -0.0033581    0.0110042
  -0.0033581  0.000704868  -0.00295635
   0.0110042  -0.00295635    0.0251561
   0.0254677  -0.00338484     0.010016
 -0.00338484  0.000886806   -0.0038404
    0.010016   -0.0038404    0.0247592
    0.023324  -0.00336836   0.00956367
 -0.00336836  0.000715631   -0.0026369
  0.00956367   -0.0026369    0.0246861
   0.0249101  -0.00355209   0.00976367
 -0.00355209  0.000920455  -0.00377568
  0.00976367  -0.00377568    0.0246745
   0.0223187  -0.00323515   0.00826951
 -0.00323515  0.000851152  -0.00338704
  0.00826951  -0.00338704    0.0240452
   0.0241745  -0.00288444    0.0100366
 -0.00288444  0.000615479  -0.00278979
   0.0100366  -0.00278979    0.0246758
   0.0241512  -0.00286622   0.00913269
 -0.00286622   0.00078334  -0.00365792
  0.00913269  -0.00365792     0.024331
     0.02223  -0.00230708   0.00786077
 -0.00230708  0.000670532  -0.00339121
  0.00786077  -0.00339121    0.0237349
   0.0223042  -0.00246892    0.0088492
 -0.00246892   0.00053761  -0.00259852
   0.0088492  -0.00259852    0.0241176
    0.024238  -0.00289433     0.011037
 -0.00289433  0.000527037  -0.00183015
    0.011037  -0.00183015    0.0250696
   0.0225263  -0.00264408   0.00995257
 -0.00264408  0.000485046  -0.00173933
  0.00995257  -0.00173933    0.0245499
    0.024412   -0.0028777     0.012084
  -0.0028777  0.000532252 -0.000853195
    0.012084 -0.000853195    0.0255168
    0.026077  -0.00318178    0.0130842
 -0.00318178  0.000592648 -0.000923999
   0.0130842 -0.000923999    0.0260422
   0.0228665   -0.0027736    0.0111125
  -0.0027736  0.000507444 -0.000887508
   0.0111125 -0.000887508    0.0250528
   0.0211626    -0.003027   0.00701312
   -0.003027   0.00104183  -0.00409836
  0.00701312  -0.00409836    0.0233604
   0.0240238  -0.00344165   0.00858872
 -0.00344165   0.00113441  -0.00452566
  0.00858872  -0.00452566    0.0241227
   0.0230169  -0.00316798   0.00738773
 -0.00316798   0.00140873  -0.00523939
  0.00738773  -0.00523939    0.0235206
   0.0199236  -0.00266472   0.00580716
 -0.00266472   0.00132264  -0.00483246
  0.00580716  -0.00483246    0.0226291
   0.0244789  -0.00318419   0.00797851
 -0.00318419   0.00137197  -0.00531984
  0.00797851  -0.00531984    0.0239247
   0.0218536  -0.00267827   0.00619174
 -0.00267827   0.00177001  -0.00596498
  0.00619174  -0.00596498    0.0228727
   0.0237583   -0.0028145   0.00688285
  -0.0028145   0.00168818  -0.00599064
  0.00688285  -0.00599064     0.023459
   0.0228022  -0.00218612   0.00577941
 -0.00218612   0.00209161  -0.00666205
  0.00577941  -0.00666205    0.0229694
   0.0185909  -0.00208883   0.00470058
 -0.00208883   0.00172476  -0.00563034
  0.00470058  -0.00563034    0.0218704
    0.020456  -0.00192392   0.00504225
 -0.00192392   0.00226255   -0.0067339
  0.00504225   -0.0067339    0.0222117
    0.017166  -0.00127824   0.00371645
 -0.00127824   0.00231525  -0.00651924
  0.00371645  -0.00651924    0.0211405
   0.0236592  -0.00245715     0.006363
 -0.00245715   0.00149951  -0.00569745
    0.006363  -0.00569745    0.0234016
   0.0232608  -0.00196361   0.00539151
 -0.00196361   0.00181312  -0.00627194
  0.00539151  -0.00627194    0.0231118
   0.0221596  -0.00141114    0.0040889
 -0.00141114   0.00149689  -0.00568226
   0.0040889  -0.00568226    0.0227367
    0.022167  -0.00180028   0.00501553
 -0.00180028   0.00126491  -0.00521937
  0.00501553  -0.00521937    0.0228932
   0.0239095  -0.00271823    0.0073262
 -0.00271823   0.00122944  -0.00508829
   0.0073262  -0.00508829    0.0236996
   0.0221862  -0.00202982   0.00596627
 -0.00202982   0.00104916  -0.00469604
  0.00596627  -0.00469604    0.0231112
   0.0240422  -0.00283685   0.00823983
 -0.00283685  0.000991034  -0.00441987
  0.00823983  -0.00441987    0.0240104
   0.0250226  -0.00335339   0.00902353
 -0.00335339   0.00110712   -0.0046175
  0.00902353   -0.0046175     0.024358
    0.022188   -0.0021828   0.00692135
  -0.0021828  0.000846893  -0.00409208
  0.00692135  -0.00409208    0.0234013
   0.0195024  0.000213864 -0.000626887
 0.000213864  0.000720589  -0.00381289
-0.000626887  -0.00381289    0.0212544
   0.0195551 -0.000228732  0.000809735
-0.000228732   0.00068581  -0.00375228
 0.000809735  -0.00375228    0.0213355
   0.0194189 -0.000351322   0.00155574
-0.000351322  0.000775774  -0.00402538
  0.00155574  -0.00402538    0.0215842
   0.0195983 -0.000803768   0.00293904
-0.000803768  0.000695697  -0.00376321
  0.00293904  -0.00376321     0.021841
   0.0198599 -0.000809567   0.00230422
-0.000809567  0.000644924  -0.00355656
  0.00230422  -0.00355656    0.0215859
   0.0197529 -0.000988629   0.00365407
-0.000988629  0.000773624  -0.00400013
  0.00365407  -0.00400013    0.0221213
   0.0199927  -0.00137057   0.00433535
 -0.00137057  0.000620655  -0.00340029
  0.00433535  -0.00340029    0.0222412
   0.0199782  -0.00139649   0.00491868
 -0.00139649  0.000653655  -0.00355884
  0.00491868  -0.00355884    0.0225021
   0.0204608  -0.00186532   0.00619909
 -0.00186532  0.000566502  -0.00303739
  0.00619909  -0.00303739    0.0229592
   0.0202179  -0.00148509   0.00371231
 -0.00148509   0.00060572  -0.00324837
  0.00371231  -0.00324837    0.0219216
   0.0206349  -0.00199295   0.00574788
 -0.00199295  0.000575406  -0.00296607
  0.00574788  -0.00296607    0.0227174
   0.0204214  -0.00211798   0.00494221
 -0.00211798  0.000580851  -0.00283499
  0.00494221  -0.00283499    0.0221619
   0.0206096  -0.00166119   0.00570852
 -0.00166119  0.000728483  -0.00378507
  0.00570852  -0.00378507    0.0228516
   0.0208366  -0.00194875   0.00681312
 -0.00194875  0.000592885  -0.00316997
  0.00681312  -0.00316997    0.0232531
    0.020555  -0.00140278   0.00461741
 -0.00140278   0.00088898  -0.00430688
  0.00461741  -0.00430688    0.0225217
   0.0205275   -0.0011354   0.00352686
  -0.0011354   0.00105217  -0.00473277
  0.00352686  -0.00473277    0.0222981
   0.0196558 -0.000644255   0.00239586
-0.000644255  0.000891609  -0.00433569
  0.00239586  -0.00433569     0.021866
    0.019607 -0.000291041   0.00116449
-0.000291041  0.000998115  -0.00456328
  0.00116449  -0.00456328    0.0217362
   0.0205783 -0.000782885   0.00249779
-0.000782885   0.00121292  -0.00507284
  0.00249779  -0.00507284    0.0221841
   0.0193814  2.85457e-05  0.000203396
 2.85457e-05  0.000842851  -0.00416149
 0.000203396  -0.00416149    0.0214676
   0.0201175  -0.00259768   0.00576292
 -0.00259768  0.000565385   -0.0023297
  0.00576292   -0.0023297    0.0224593
   0.0211631  -0.00258829   0.00711166
 -0.00258829  0.000561282  -0.00247089
  0.00711166  -0.00247089    0.0232081
   0.0213088  -0.00301615   0.00833595
 -0.00301615  0.000572618  -0.00190951
  0.00833595  -0.00190951    0.0235888
   0.0198649  -0.00292222   0.00624613
 -0.00292222  0.000573021   -0.0017709
  0.00624613   -0.0017709    0.0233461
   0.0217135  -0.00285283   0.00899845
 -0.00285283  0.000531127  -0.00185584
  0.00899845  -0.00185584    0.0240769
   0.0212656  -0.00325094   0.00935029
 -0.00325094  0.000602325  -0.00135043
  0.00935029  -0.00135043    0.0240155
   0.0222051  -0.00316406    0.0103588
 -0.00316406  0.000575516   -0.0012657
   0.0103588   -0.0012657     0.024698
   0.0200383  -0.00316962   0.00709967
 -0.00316962  0.000603373  -0.00127134
  0.00709967  -0.00127134    0.0243394
   0.0222298  -0.00291256    0.0106006
 -0.00291256  0.000526464  -0.00104938
   0.0106006  -0.00104938    0.0248234
   0.0216772    -0.002651   0.00927567
   -0.002651  0.000486277  -0.00175348
  0.00927567  -0.00175348    0.0242288
   0.0211913  -0.00230405   0.00798545
 -0.00230405  0.000506255  -0.00248495
  0.00798545  -0.00248495    0.0237119
   0.0210623  -0.00238439   0.00755218
 -0.00238439  0.000520546  -0.00246103
  0.00755218  -0.00246103    0.0234825
   0.0188258   -0.0029698   0.00488175
  -0.0029698  0.000589023  -0.00120934
  0.00488175  -0.00120934    0.0243675
   0.0190467  -0.00281073   0.00423568
 -0.00281073  0.000562312  -0.00163758
  0.00423568  -0.00163758    0.0239449
   0.0172548  -0.00244913     0.001915
 -0.00244913  0.000522773   -0.0013894
    0.001915   -0.0013894    0.0234299
   0.0189525  -0.00246246   0.00336817
 -0.00246246  0.000543544  -0.00211113
  0.00336817  -0.00211113    0.0231255
   0.0178271  -0.00230122   0.00135571
 -0.00230122  0.000513006  -0.00186008
  0.00135571  -0.00186008    0.0234853
   0.0184274  -0.00197755   0.00106337
 -0.00197755  0.000519386  -0.00234634
  0.00106337  -0.00234634    0.0228431
   0.0192606  -0.00204445   0.00291986
 -0.00204445  0.000546266   -0.0025663
  0.00291986   -0.0025663    0.0221538
   0.0168133  -0.00172408  -0.00101577
 -0.00172408  0.000446745  -0.00188021
 -0.00101577  -0.00188021    0.0229485
   0.0196144  -0.00153511   0.00252222
 -0.00153511   0.00056776  -0.00297359
  0.00252222  -0.00297359    0.0212571
   0.0199508 -0.000900009   0.00147458
-0.000900009  0.000591902  -0.00329707
  0.00147458  -0.00329707    0.0211902
   0.0193778 -0.000918932  -7.8334e-05
-0.000918932  0.000518682  -0.00295427
 -7.8334e-05  -0.00295427    0.0212927
   0.0200098 -0.000265887  9.85778e-05
-0.000265887  0.000606933  -0.00346254
 9.85778e-05  -0.00346254    0.0210894
   0.0200812 -0.000329254  -0.00100239
-0.000329254    0.0005214   -0.0031101
 -0.00100239   -0.0031101    0.0210602
   0.0205521  0.000185752  -0.00220852
 0.000185752  0.000512679   -0.0030692
 -0.00220852   -0.0030692    0.0209065
   0.0198626  0.000272537  -0.00143803
 0.000272537  0.000611432  -0.00345712
 -0.00143803  -0.00345712    0.0210243
   0.0192378 -0.000378476  -0.00247678
-0.000378476  0.000420817  -0.00265338
 -0.00247678  -0.00265338      0.02104
   0.0204969  9.25028e-05  -0.00338969
 9.25028e-05  0.000406153  -0.00260742
 -0.00338969  -0.00260742    0.0209693
   0.0195266 -8.75632e-05  -0.00431162
-8.75632e-05  0.000308996    -0.002079
 -0.00431162    -0.002079     0.020685
   0.0185161 -0.000452952   -0.0035944
-0.000452952  0.000337366  -0.00222651
  -0.0035944  -0.00222651    0.0214541
   0.0186555 -0.000872365  -0.00168705
-0.000872365  0.000439672  -0.00260913
 -0.00168705  -0.00260913    0.0218466
   0.0174645 -0.000969398  -0.00292732
-0.000969398  0.000385749   -0.0022015
 -0.00292732   -0.0022015    0.0228799
   0.0178458  -0.00141931  -0.00128383
 -0.00141931  0.000455511  -0.00234331
 -0.00128383  -0.00234331      0.02264
   0.0188963  -0.00147413  0.000439791
 -0.00147413  0.000513432  -0.00268996
 0.000439791  -0.00268996    0.0221438
   0.0175562 -0.000447377  -0.00452802
-0.000447377  0.000278638  -0.00195637
 -0.00452802  -0.00195637    0.0218639
   0.0183316 -0.000222977   -0.0049718
-0.000222977  0.000239022   -0.0015405
  -0.0049718   -0.0015405     0.019932
  0.00537659  -0.00485355  -0.00549406
 -0.00485355   0.00463207   0.00475021
 -0.00549406   0.00475021     0.021078
  0.00554518  -0.00495111  -0.00466991
 -0.00495111   0.00471516   0.00449997
 -0.00466991   0.00449997    0.0216477
  0.00530657  -0.00433045  -0.00420623
 -0.00433045   0.00382688   0.00337661
 -0.00420623   0.00337661     0.021873
  0.00569458  -0.00441166  -0.00323488
 -0.00441166    0.0039244   0.00362941
 -0.00323488   0.00362941     0.022535
  0.00590193  -0.00500259  -0.00367143
 -0.00500259    0.0047716   0.00460883
 -0.00367143   0.00460883    0.0221806
  0.00547357  -0.00386519  -0.00276304
 -0.00386519   0.00317545   0.00277304
 -0.00276304   0.00277304    0.0229804
  0.00631804  -0.00437447  -0.00208994
 -0.00437447   0.00397345   0.00432462
 -0.00208994   0.00432462    0.0231523
  0.00612065  -0.00383321  -0.00165874
 -0.00383321   0.00322355   0.00355817
 -0.00165874   0.00355817    0.0237205
   0.0069994  -0.00366932 -0.000445097
 -0.00366932   0.00330865   0.00466261
-0.000445097   0.00466261      0.02437
  0.00650419  -0.00495662  -0.00249586
 -0.00495662   0.00481374   0.00515551
 -0.00249586   0.00515551    0.0226746
  0.00717921  -0.00421124 -0.000819099
 -0.00421124   0.00409726   0.00535854
-0.000819099   0.00535854    0.0236718
   0.0073426   -0.0048153   -0.0011987
  -0.0048153   0.00498348   0.00606258
  -0.0011987   0.00606258    0.0230772
   0.0059344  -0.00340074  -0.00128684
 -0.00340074   0.00263554   0.00299848
 -0.00128684   0.00299848    0.0243844
  0.00681207   -0.0032299 -0.000137592
  -0.0032299   0.00267782   0.00409138
-0.000137592   0.00409138    0.0251495
  0.00665157  -0.00294469  6.29358e-05
 -0.00294469   0.00223064   0.00362492
 6.29358e-05   0.00362492    0.0259561
  0.00613805  -0.00332029  -0.00123633
 -0.00332029   0.00236681   0.00273339
 -0.00123633   0.00273339    0.0253031
  0.00547681  -0.00356366   -0.0024827
 -0.00356366   0.00266824    0.0022666
  -0.0024827    0.0022666    0.0236751
  0.00588017  -0.00358868  -0.00246394
 -0.00358868   0.00248651   0.00205282
 -0.00246394   0.00205282    0.0245531
  0.00519607  -0.00354592  -0.00346515
 -0.00354592   0.00260143    0.0018969
 -0.00346515    0.0018969     0.022848
  0.00512787  -0.00380871  -0.00376576
 -0.00380871    0.0030865     0.002459
 -0.00376576     0.002459      0.02226
   0.0049254  -0.00364379  -0.00452896
 -0.00364379   0.00291051   0.00245984
 -0.00452896   0.00245984    0.0214288
  0.00562486   -0.0035868  -0.00338321
  -0.0035868   0.00243569   0.00168763
 -0.00338321   0.00168763    0.0222495
  0.00497135  -0.00336783  -0.00416243
 -0.00336783   0.00241514   0.00184427
 -0.00416243   0.00184427     0.021379
   0.0053207  -0.00339212  -0.00404237
 -0.00339212   0.00227203    0.0016257
 -0.00404237    0.0016257     0.020934
  0.00511473  -0.00418715   -0.0049941
 -0.00418715   0.00367857   0.00348299
  -0.0049941   0.00348299    0.0211663
  0.00830679  -0.00456918  9.51009e-05
 -0.00456918   0.00535736   0.00721441
 9.51009e-05   0.00721441    0.0233271
  0.00818808  -0.00393805  0.000444256
 -0.00393805   0.00437049   0.00659086
 0.000444256   0.00659086    0.0240526
  0.00913844  -0.00363572   0.00151855
 -0.00363572   0.00483467   0.00780142
  0.00151855   0.00780142    0.0242601
  0.00919213  -0.00427455   0.00120154
 -0.00427455   0.00596888   0.00841661
  0.00120154   0.00841661    0.0233857
  0.00901774  -0.00309278   0.00176227
 -0.00309278   0.00379603   0.00704989
  0.00176227   0.00704989    0.0252438
  0.00979775  -0.00337428   0.00223251
 -0.00337428   0.00543224   0.00881245
  0.00223251   0.00881245    0.0243368
  0.00973893  -0.00287353   0.00240484
 -0.00287353   0.00421165   0.00790522
  0.00240484   0.00790522    0.0254782
   0.0100184  -0.00282584   0.00261294
 -0.00282584   0.00463694   0.00827899
  0.00261294   0.00827899    0.0256506
  0.00977418  -0.00397646   0.00196111
 -0.00397646   0.00673272   0.00950153
  0.00196111   0.00950153     0.023308
   0.0100103  -0.00324613   0.00252648
 -0.00324613   0.00601542   0.00941487
  0.00252648   0.00941487    0.0243592
  0.00992564  -0.00377544    0.0023111
 -0.00377544   0.00747505    0.0102791
   0.0023111    0.0102791     0.023174
  0.00959494  -0.00252144   0.00242913
 -0.00252144   0.00320701   0.00688785
  0.00242913   0.00688785    0.0266714
  0.00993388  -0.00253878   0.00254325
 -0.00253878   0.00349032   0.00696527
  0.00254325   0.00696527    0.0269684
  0.00976594  -0.00239844   0.00233094
 -0.00239844   0.00263835   0.00555464
  0.00233094   0.00555464    0.0282383
  0.00938263   -0.0023381   0.00231975
  -0.0023381   0.00245074   0.00579395
  0.00231975   0.00579395    0.0278391
  0.00883865  -0.00270028   0.00188297
 -0.00270028   0.00295479   0.00626517
  0.00188297   0.00626517    0.0262941
  0.00862206  -0.00247018   0.00188052
 -0.00247018   0.00231511    0.0054475
  0.00188052    0.0054475    0.0273383
  0.00784116  -0.00296982  0.000973235
 -0.00296982   0.00277626   0.00526925
 0.000973235   0.00526925    0.0257914
  0.00802732  -0.00339015  0.000755919
 -0.00339015    0.0034875   0.00590686
 0.000755919   0.00590686    0.0248826
  0.00764543  -0.00269753   0.00108337
 -0.00269753   0.00224233   0.00466224
  0.00108337   0.00466224    0.0267086
   0.0141765  -0.00509288  -0.00212693
 -0.00509288   0.00228355   0.00307368
 -0.00212693   0.00307368    0.0228399
   0.0127621  -0.00450164  -0.00132104
 -0.00450164   0.00211688   0.00355879
 -0.00132104   0.00355879    0.0238391
   0.0107942  -0.00334488  7.55034e-05
 -0.00334488    0.0017111   0.00358723
 7.55034e-05   0.00358723    0.0261835
  0.00986471  -0.00329249  0.000104515
 -0.00329249   0.00178205   0.00380217
 0.000104515   0.00380217    0.0262094
    0.012485   -0.0047968  -0.00174648
  -0.0047968    0.0023701   0.00374288
 -0.00174648   0.00374288    0.0232496
  0.00867049  -0.00261018  0.000996982
 -0.00261018   0.00164025   0.00403583
 0.000996982   0.00403583    0.0270666
  0.00945908  -0.00366573  -0.00057279
 -0.00366573   0.00203875   0.00363394
 -0.00057279   0.00363394    0.0258069
  0.00785458  -0.00281517  0.000445133
 -0.00281517     0.001771   0.00373571
 0.000445133   0.00373571    0.0268665
  0.00778149  -0.00344652 -0.000691918
 -0.00344652   0.00213305   0.00327789
-0.000691918   0.00327789     0.026805
    0.011281  -0.00487303  -0.00219433
 -0.00487303   0.00260105    0.0037234
 -0.00219433    0.0037234    0.0221396
  0.00903208  -0.00421851  -0.00180011
 -0.00421851   0.00244672   0.00331594
 -0.00180011   0.00331594    0.0235851
     0.01056  -0.00525245  -0.00300973
 -0.00525245   0.00300987    0.0036032
 -0.00300973    0.0036032    0.0209275
  0.00743118  -0.00254916   0.00101534
 -0.00254916   0.00186169   0.00409282
  0.00101534   0.00409282    0.0270052
  0.00695206  -0.00302158 -0.000110684
 -0.00302158   0.00205994   0.00337208
-0.000110684   0.00337208     0.026622
  0.00844453  -0.00240226    0.0015933
 -0.00240226   0.00186145   0.00466654
   0.0015933   0.00466654    0.0275424
  0.00929386  -0.00234848   0.00185502
 -0.00234848   0.00192132   0.00478578
  0.00185502   0.00478578    0.0282065
  0.00975722  -0.00270209   0.00103061
 -0.00270209   0.00166147   0.00396501
  0.00103061   0.00396501    0.0272741
   0.0106157  -0.00296199  0.000755798
 -0.00296199   0.00177754   0.00338507
 0.000755798   0.00338507    0.0279044
  0.00981379  -0.00247555   0.00170616
 -0.00247555    0.0020492     0.004324
  0.00170616     0.004324    0.0287512
   0.0120075  -0.00380718 -0.000577447
 -0.00380718   0.00184175    0.0029877
-0.000577447    0.0029877    0.0257116
   0.0100306  -0.00541279  -0.00344793
 -0.00541279   0.00321243   0.00344192
 -0.00344793   0.00344192    0.0203561
  0.00877629  -0.00465483  -0.00285136
 -0.00465483   0.00278621   0.00299451
 -0.00285136   0.00299451    0.0216628
  0.00883287  -0.00508169  -0.00396143
 -0.00508169   0.00310326   0.00294347
 -0.00396143   0.00294347    0.0212186
  0.00987045  -0.00563169  -0.00408706
 -0.00563169    0.0034187   0.00343316
 -0.00408706   0.00343316    0.0203092
  0.00767996  -0.00442265  -0.00340501
 -0.00442265   0.00275205   0.00246306
 -0.00340501   0.00246306    0.0221018
  0.00822749  -0.00491983  -0.00449963
 -0.00491983   0.00305127   0.00276141
 -0.00449963   0.00276141    0.0206413
   0.0075537  -0.00451407  -0.00426323
 -0.00451407   0.00280798   0.00217894
 -0.00426323   0.00217894    0.0215299
   0.0069888  -0.00417387  -0.00481377
 -0.00417387   0.00259339   0.00201194
 -0.00481377   0.00201194    0.0212321
  0.00889226  -0.00533973  -0.00467278
 -0.00533973   0.00332137   0.00319623
 -0.00467278   0.00319623    0.0189775
  0.00751878  -0.00445406  -0.00490951
 -0.00445406    0.0027374   0.00252074
 -0.00490951   0.00252074    0.0196218
  0.00823489  -0.00500046  -0.00507505
 -0.00500046   0.00313885   0.00319698
 -0.00507505   0.00319698    0.0187249
  0.00645385  -0.00392312   -0.0037689
 -0.00392312   0.00250944   0.00189002
  -0.0037689   0.00189002     0.021584
  0.00584514  -0.00356925    -0.004333
 -0.00356925   0.00228143   0.00169731
   -0.004333   0.00169731    0.0207892
  0.00660151  -0.00387485  -0.00279691
 -0.00387485   0.00251016   0.00212324
 -0.00279691   0.00212324    0.0232541
  0.00673878  -0.00351986  -0.00144159
 -0.00351986   0.00231736   0.00268335
 -0.00144159   0.00268335    0.0262626
  0.00763853  -0.00399779  -0.00217728
 -0.00399779   0.00246995   0.00276558
 -0.00217728   0.00276558    0.0239198
  0.00966832  -0.00369753   0.00230238
 -0.00369753   0.00801265    0.0106639
  0.00230238    0.0106639    0.0230553
  0.00979664  -0.00328384   0.00244328
 -0.00328384   0.00641486   0.00954078
  0.00244328   0.00954078    0.0243918
  0.00929748  -0.00344263     0.002104
 -0.00344263   0.00652473   0.00924482
    0.002104   0.00924482    0.0244679
  0.00915495  -0.00373036   0.00204393
 -0.00373036   0.00825205    0.0106781
  0.00204393    0.0106781    0.0229972
  0.00937902  -0.00323416   0.00199231
 -0.00323416   0.00498322   0.00749291
  0.00199231   0.00749291    0.0259949
  0.00869022  -0.00361671   0.00161583
 -0.00361671   0.00637511   0.00869104
  0.00161583   0.00869104    0.0246089
  0.00878655  -0.00349746   0.00140642
 -0.00349746   0.00481799   0.00661389
  0.00140642   0.00661389    0.0262243
  0.00820577   -0.0036471  0.000756174
  -0.0036471   0.00451471   0.00567777
 0.000756174   0.00567777     0.026498
  0.00854259  -0.00379185   0.00163924
 -0.00379185   0.00820337    0.0104341
  0.00163924    0.0104341    0.0230241
  0.00808781  -0.00370953   0.00105454
 -0.00370953   0.00604879   0.00803409
  0.00105454   0.00803409    0.0248014
   0.0079445  -0.00380502   0.00115519
 -0.00380502   0.00794433    0.0100594
  0.00115519    0.0100594    0.0231166
  0.00883379  -0.00343027   0.00102051
 -0.00343027   0.00368679   0.00438493
  0.00102051   0.00438493    0.0277803
  0.00827952  -0.00361179  0.000289874
 -0.00361179    0.0034962    0.0031824
 0.000289874    0.0031824    0.0281074
  0.00831481  -0.00359605 -0.000266995
 -0.00359605    0.0029997  0.000747846
-0.000266995  0.000747846    0.0295777
  0.00883835  -0.00340053  0.000526265
 -0.00340053   0.00300868   0.00213323
 0.000526265   0.00213323    0.0292211
  0.00939957  -0.00310754    0.0017062
 -0.00310754   0.00377673   0.00555738
   0.0017062   0.00555738    0.0274904
  0.00936204  -0.00304301   0.00129884
 -0.00304301   0.00296218   0.00353702
  0.00129884   0.00353702    0.0288876
  0.00983167  -0.00275797   0.00225903
 -0.00275797   0.00371901   0.00648207
  0.00225903   0.00648207    0.0272308
   0.0098507  -0.00296665   0.00243607
 -0.00296665   0.00492981   0.00811204
  0.00243607   0.00811204    0.0258122
  0.00972781  -0.00265835   0.00195257
 -0.00265835   0.00283578   0.00474771
  0.00195257   0.00474771    0.0285729
  0.00739164  -0.00373534  0.000615874
 -0.00373534   0.00752758   0.00969094
 0.000615874   0.00969094    0.0232295
  0.00754035  -0.00366656  0.000428025
 -0.00366656   0.00561634   0.00742704
 0.000428025   0.00742704    0.0250068
  0.00705368  -0.00349842 -0.000247696
 -0.00349842   0.00512605   0.00698576
-0.000247696   0.00698576    0.0251975
  0.00690049  -0.00357803   3.8165e-05
 -0.00357803   0.00703816    0.0094101
  3.8165e-05    0.0094101    0.0233254
  0.00721367  -0.00341047  -0.00070328
 -0.00341047   0.00372441   0.00422421
 -0.00070328   0.00422421    0.0270236
   0.0066292  -0.00324854 -0.000961741
 -0.00324854   0.00465112   0.00670269
-0.000961741   0.00670269    0.0253748
  0.00680725  -0.00309657   -0.0014949
 -0.00309657   0.00328299   0.00383556
  -0.0014949   0.00383556    0.0272605
  0.00648714  -0.00275352  -0.00222546
 -0.00275352   0.00285183   0.00367219
 -0.00222546   0.00367219    0.0272868
   0.0064748  -0.00335895 -0.000573158
 -0.00335895   0.00655345    0.0092165
-0.000573158    0.0092165    0.0233989
  0.00627657  -0.00295657  -0.00166302
 -0.00295657   0.00420885   0.00659749
 -0.00166302   0.00659749    0.0252953
  0.00612206  -0.00310245  -0.00119204
 -0.00310245   0.00611749   0.00911749
 -0.00119204   0.00911749    0.0234617
  0.00698986  -0.00294257  -0.00212715
 -0.00294257   0.00256678  0.000887049
 -0.00212715  0.000887049    0.0289416
  0.00682544  -0.00255032  -0.00285183
 -0.00255032   0.00213943  0.000739004
 -0.00285183  0.000739004    0.0287067
  0.00703799  -0.00236357  -0.00343162
 -0.00236357    0.0020484  -0.00201091
 -0.00343162  -0.00201091    0.0302954
  0.00713849  -0.00282058  -0.00275019
 -0.00282058   0.00245865  -0.00182956
 -0.00275019  -0.00182956    0.0303342
  0.00736203  -0.00332809  -0.00129513
 -0.00332809   0.00293835    0.0013679
 -0.00129513    0.0013679    0.0287058
  0.00746943  -0.00326292  -0.00191025
 -0.00326292   0.00276879  -0.00130621
 -0.00191025  -0.00130621    0.0301611
  0.00778788  -0.00357482  -0.00048378
 -0.00357482   0.00325111   0.00213449
 -0.00048378   0.00213449    0.0284295
  0.00767458  -0.00361615  5.11678e-05
 -0.00361615   0.00414051   0.00483761
 5.11678e-05   0.00483761    0.0267743
   0.0078537  -0.00354905  -0.00107625
 -0.00354905   0.00293073 -0.000440412
 -0.00107625 -0.000440412     0.029906
   0.0132297  -0.00596197  -0.00685803
 -0.00596197   0.00423061  -0.00217956
 -0.00685803  -0.00217956    0.0232643
   0.0137719  -0.00639753  -0.00646576
 -0.00639753   0.00442343  -0.00225596
 -0.00646576  -0.00225596    0.0234439
   0.0107569  -0.00466468  -0.00537234
 -0.00466468   0.00375823  -0.00383572
 -0.00537234  -0.00383572    0.0273479
    0.011208  -0.00503467  -0.00480952
 -0.00503467   0.00374729  -0.00349098
 -0.00480952  -0.00349098    0.0273492
   0.0142832  -0.00663912  -0.00603472
 -0.00663912   0.00432855  -0.00207982
 -0.00603472  -0.00207982    0.0234546
   0.0090362  -0.00395013  -0.00358222
 -0.00395013   0.00330925  -0.00404154
 -0.00358222  -0.00404154    0.0299776
   0.0116416  -0.00518783  -0.00422252
 -0.00518783   0.00350348  -0.00286226
 -0.00422252  -0.00286226    0.0271908
  0.00943693  -0.00419015  -0.00287405
 -0.00419015   0.00316376  -0.00322356
 -0.00287405  -0.00322356    0.0297809
  0.00987331  -0.00419766  -0.00213023
 -0.00419766   0.00290305  -0.00209091
 -0.00213023  -0.00209091    0.0294818
   0.0146798  -0.00669141  -0.00556592
 -0.00669141   0.00403534  -0.00163703
 -0.00556592  -0.00163703    0.0232994
   0.0120295  -0.00515206  -0.00357427
 -0.00515206   0.00314589   -0.0019062
 -0.00357427   -0.0019062    0.0269005
   0.0149868   -0.0065778  -0.00502523
  -0.0065778   0.00363703  -0.00092358
 -0.00502523  -0.00092358    0.0230459
  0.00820352   -0.0036417  -0.00188984
  -0.0036417    0.0029112  -0.00233072
 -0.00188984  -0.00233072    0.0305309
  0.00864106   -0.0036864   -0.0010894
  -0.0036864   0.00280638  -0.00110751
  -0.0010894  -0.00110751    0.0302072
  0.00783017   -0.0033579  -0.00268431
  -0.0033579   0.00290784  -0.00321452
 -0.00268431  -0.00321452    0.0307532
  0.00751907  -0.00288081  -0.00347937
 -0.00288081   0.00270257    -0.003738
 -0.00347937    -0.003738    0.0308427
  0.00867368  -0.00349689  -0.00428145
 -0.00349689   0.00320366   -0.0045011
 -0.00428145   -0.0045011    0.0300018
   0.0085456  -0.00293589  -0.00488283
 -0.00293589   0.00281423  -0.00459597
 -0.00488283  -0.00459597    0.0299188
  0.00756444  -0.00239376  -0.00413277
 -0.00239376   0.00229926  -0.00385284
 -0.00413277  -0.00385284    0.0306393
   0.0104979  -0.00414945  -0.00588212
 -0.00414945   0.00344843  -0.00384739
 -0.00588212  -0.00384739    0.0271768
   0.0152142  -0.00633458  -0.00439399
 -0.00633458   0.00321096  3.32934e-05
 -0.00439399  3.32934e-05    0.0227446
    0.012369  -0.00492443  -0.00285651
 -0.00492443   0.00274907 -0.000700419
 -0.00285651 -0.000700419    0.0265705
   0.0126032  -0.00459655  -0.00210109
 -0.00459655   0.00235889  0.000678048
 -0.00210109  0.000678048    0.0262156
   0.0153606  -0.00602246  -0.00366948
 -0.00602246    0.0028031   0.00111482
 -0.00366948   0.00111482    0.0225379
   0.0106618   -0.0036386 -0.000526661
  -0.0036386   0.00224527  0.000836252
-0.000526661  0.000836252    0.0287766
   0.0125851  -0.00421916  -0.00128689
 -0.00421916   0.00205005   0.00195046
 -0.00128689   0.00195046    0.0258964
   0.0108326  -0.00326314  0.000192532
 -0.00326314     0.001967   0.00228905
 0.000192532   0.00228905       0.0284
   0.0149304  -0.00552885  -0.00285012
 -0.00552885   0.00245944   0.00220206
 -0.00285012   0.00220206    0.0226115
    0.009854  -0.00273743   0.00125366
 -0.00273743    0.0022269   0.00328453
  0.00125366   0.00328453    0.0291484
  0.00957314  -0.00312544  0.000547295
 -0.00312544   0.00243703   0.00188143
 0.000547295   0.00188143    0.0294962
   0.0091249  -0.00347883 -0.000273301
 -0.00347883   0.00264333  0.000340539
-0.000273301  0.000340539    0.0298483
    0.010303   -0.0039932  -0.00133522
  -0.0039932   0.00258332 -0.000695341
 -0.00133522 -0.000695341    0.0291304
  0.00442543  -0.00860432  -0.00290503
 -0.00860432    0.0260833    0.0151721
 -0.00290503    0.0151721    0.0150432
  0.00498825  -0.00854322  -0.00218372
 -0.00854322    0.0247984    0.0146379
 -0.00218372    0.0146379    0.0158411
   0.0050595  -0.00825504  -0.00282794
 -0.00825504    0.0204391    0.0134956
 -0.00282794    0.0134956    0.0171107
  0.00571018  -0.00823467    -0.001971
 -0.00823467    0.0195025    0.0129132
   -0.001971    0.0129132    0.0176821
  0.00568193   -0.0084892  -0.00139959
  -0.0084892    0.0236086    0.0142004
 -0.00139959    0.0142004    0.0166031
  0.00579291  -0.00795309  -0.00261511
 -0.00795309    0.0158089    0.0116194
 -0.00261511    0.0116194    0.0187226
  0.00646394  -0.00822104  -0.00109693
 -0.00822104    0.0187432    0.0125425
