           0            0            0
           0            0            0
           0            0            0
    0.024354  -0.00073656   0.00432488
 -0.00073656  9.18916e-05 -0.000607634
  0.00432488 -0.000607634    0.0156076
   0.0213257 -0.000701744   0.00704306
-0.000701744  7.91081e-05 -0.000442768
  0.00704306 -0.000442768    0.0191945
   0.0182326  -0.00111457   0.00954078
 -0.00111457  0.000138197 -0.000411378
  0.00954078 -0.000411378    0.0211787
   0.0174482   -0.0015646    0.0106929
  -0.0015646  0.000222461 -0.000378337
   0.0106929 -0.000378337    0.0212858
    0.017543  -0.00196523    0.0102491
 -0.00196523  0.000310483 -0.000409002
   0.0102491 -0.000409002    0.0215788
   0.0155284  -0.00183851   0.00880187
 -0.00183851   0.00028138 -0.000549094
  0.00880187 -0.000549094    0.0193949
   0.0161595  -0.00218105   0.00809419
 -0.00218105  0.000358974 -0.000639558
  0.00809419 -0.000639558    0.0205849
   0.0176899  -0.00226883   0.00940657
 -0.00226883  0.000381016 -0.000521894
  0.00940657 -0.000521894    0.0219075
   0.0159524  -0.00232012   0.00648679
 -0.00232012  0.000409985 -0.000841692
  0.00648679 -0.000841692    0.0214468
   0.0176098  -0.00245259   0.00788763
 -0.00245259  0.000432251 -0.000749648
  0.00788763 -0.000749648    0.0227968
   0.0158541  -0.00229563   0.00453574
 -0.00229563  0.000440213  -0.00114446
  0.00453574  -0.00114446    0.0225287
   0.0177686  -0.00259468   0.00718625
 -0.00259468  0.000463883 -0.000981756
  0.00718625 -0.000981756    0.0229812
   0.0359242  0.000934712     0.012165
 0.000934712  0.000598335   0.00239244
    0.012165   0.00239244    0.0193976
   0.0310054  5.21061e-05     0.014506
 5.21061e-05  0.000795722   0.00305661
    0.014506   0.00305661    0.0230752
   0.0308602  0.000685216    0.0142972
 0.000685216  0.000605639   0.00290736
   0.0142972   0.00290736    0.0229802
    0.027915  0.000147049    0.0162935
 0.000147049  0.000798333   0.00337425
   0.0162935   0.00337425     0.025853
   0.0275971 -0.000463199    0.0162153
-0.000463199   0.00100254   0.00342573
   0.0162153   0.00342573    0.0257851
   0.0268189  0.000363378    0.0155174
 0.000363378  0.000605089   0.00300498
   0.0155174   0.00300498    0.0254554
   0.0257402 -0.000371681    0.0167991
-0.000371681  0.000943925   0.00343368
   0.0167991   0.00343368    0.0270281
   0.0249704 -0.000126271    0.0161942
-0.000126271  0.000747038   0.00316364
   0.0161942   0.00316364    0.0266973
   0.0244232 -0.000645083    0.0161247
-0.000645083  0.000818476   0.00297982
   0.0161247   0.00297982    0.0268785
   0.0251858  -0.00090557    0.0165304
 -0.00090557   0.00114145   0.00341552
   0.0165304   0.00341552    0.0268668
   0.0250667 -0.000924338    0.0166417
-0.000924338   0.00100019   0.00315526
   0.0166417   0.00315526    0.0271888
   0.0244103  -0.00140678    0.0162717
 -0.00140678   0.00117663   0.00309528
   0.0162717   0.00309528    0.0270163
   0.0238391 -0.000219569     0.015366
-0.000219569  0.000565316   0.00259621
    0.015366   0.00259621    0.0262895
   0.0233141 -0.000674091    0.0153047
-0.000674091  0.000649882   0.00251571
   0.0153047   0.00251571    0.0264541
   0.0225633 -0.000957337    0.0147541
-0.000957337  0.000508164   0.00183445
   0.0147541   0.00183445    0.0262586
    0.023175 -0.000550022    0.0148909
-0.000550022   0.00041506   0.00183178
   0.0148909   0.00183178    0.0261661
   0.0256293  0.000215242    0.0147007
 0.000215242  0.000431671   0.00235937
   0.0147007   0.00235937    0.0250873
   0.0251536 -0.000143965    0.0143949
-0.000143965  0.000294939   0.00156338
   0.0143949   0.00156338      0.02509
   0.0283842  0.000643701    0.0127383
 0.000643701  0.000293787   0.00179954
   0.0127383   0.00179954    0.0222983
   0.0295084  0.000848278    0.0134284
 0.000848278   0.00043625   0.00246292
   0.0134284   0.00246292    0.0225607
   0.0335683   0.00147531    0.0107711
  0.00147531  0.000317078   0.00168532
   0.0107711   0.00168532    0.0187687
   0.0281871  0.000268892    0.0124407
 0.000268892  0.000185776   0.00105344
   0.0124407   0.00105344    0.0224375
    0.032497   0.00114904    0.0102351
  0.00114904  0.000203996   0.00109027
   0.0102351   0.00109027     0.018599
   0.0331566  0.000694324   0.00995279
 0.000694324  0.000123439  0.000462636
  0.00995279  0.000462636    0.0188895
   0.0351136   0.00146745     0.011636
  0.00146745  0.000448127    0.0021571
    0.011636    0.0021571    0.0191446
   0.0238308  -0.00195689    0.0154032
 -0.00195689   0.00112267   0.00254974
   0.0154032   0.00254974    0.0265841
   0.0245385  -0.00154707    0.0157915
 -0.00154707  0.000972322   0.00260944
   0.0157915   0.00260944    0.0266949
    0.024064  -0.00208004    0.0148915
 -0.00208004  0.000885575   0.00190213
   0.0148915   0.00190213    0.0262351
   0.0233054  -0.00239843    0.0144699
 -0.00239843   0.00100181    0.0018555
   0.0144699    0.0018555    0.0261617
   0.0235351  -0.00177639    0.0144476
 -0.00177639  0.000754692   0.00185142
   0.0144476   0.00185142    0.0258922
   0.0236245  -0.00250509    0.0139378
 -0.00250509  0.000770241   0.00108277
   0.0139378   0.00108277    0.0257745
   0.0231393   -0.0022181    0.0135349
  -0.0022181  0.000667745   0.00107772
   0.0135349   0.00107772    0.0254305
   0.0228052  -0.00254965    0.0126262
 -0.00254965   0.00058202  0.000233529
   0.0126262  0.000233529    0.0249944
   0.0228194  -0.00271681     0.013461
 -0.00271681  0.000849545   0.00106575
    0.013461   0.00106575    0.0257108
   0.0232632  -0.00281189    0.0129805
 -0.00281189  0.000659443  0.000208821
   0.0129805  0.000208821    0.0253272
   0.0223836  -0.00292192    0.0124158
 -0.00292192  0.000707616  0.000237066
   0.0124158  0.000237066    0.0252362
   0.0220802  -0.00205575     0.012744
 -0.00205575   0.00057489  0.000931634
    0.012744  0.000931634    0.0249564
   0.0217206   -0.0023403    0.0118251
  -0.0023403  0.000509117  0.000180017
   0.0118251  0.000180017    0.0245001
   0.0208323  -0.00230781    0.0111242
 -0.00230781  0.000464443 -9.96089e-06
   0.0111242 -9.96089e-06    0.0241202
   0.0212589  -0.00210207    0.0121103
 -0.00210207  0.000511545  0.000615493
   0.0121103  0.000615493    0.0246398
   0.0224758  -0.00166702    0.0136595
 -0.00166702   0.00063659   0.00160302
   0.0136595   0.00160302    0.0254381
   0.0216821  -0.00179308    0.0130708
 -0.00179308  0.000548452   0.00115955
   0.0130708   0.00115955    0.0251727
   0.0228777   -0.0012001    0.0145162
  -0.0012001  0.000667105   0.00214419
   0.0145162   0.00214419    0.0259302
    0.023959  -0.00124506    0.0153145
 -0.00124506  0.000811785   0.00250074
   0.0153145   0.00250074    0.0263671
   0.0220958   -0.0014054    0.0139509
  -0.0014054  0.000549343   0.00157742
   0.0139509   0.00157742    0.0257067
   0.0191992  -0.00256276   0.00963246
 -0.00256276  0.000454009 -0.000543169
  0.00963246 -0.000543169    0.0235356
   0.0191613  -0.00234524    0.0104628
 -0.00234524  0.000416669 -0.000311021
   0.0104628 -0.000311021    0.0233773
   0.0208109  -0.00229563    0.0121373
 -0.00229563  0.000453409    7.831e-05
   0.0121373    7.831e-05    0.0246663
   0.0188974  -0.00202176    0.0113006
 -0.00202176  0.000349306 -0.000184711
   0.0113006 -0.000184711    0.0228968
   0.0209721  -0.00196891    0.0129031
 -0.00196891  0.000399867  0.000299015
   0.0129031  0.000299015    0.0250451
   0.0210686  -0.00155227    0.0135088
 -0.00155227  0.000316128  0.000406259
   0.0135088  0.000406259    0.0251939
   0.0190699   -0.0016331    0.0120182
  -0.0016331  0.000263534 -0.000108204
   0.0120182 -0.000108204    0.0229608
   0.0219732  -0.00177248    0.0138449
 -0.00177248  0.000470031   0.00087147
   0.0138449   0.00087147    0.0258129
   0.0223183  -0.00135354    0.0145875
 -0.00135354  0.000404289   0.00103952
   0.0145875   0.00103952    0.0263595
   0.0214879  -0.00209547    0.0128972
 -0.00209547  0.000495854  0.000573183
   0.0128972  0.000573183    0.0252061
   0.0210221  -0.00233102    0.0118562
 -0.00233102  0.000485702  0.000161434
   0.0118562  0.000161434    0.0245802
   0.0204487  -0.00250412    0.0112237
 -0.00250412  0.000469253 -0.000248204
   0.0112237 -0.000248204    0.0242997
   0.0202054  -0.00263434    0.0103318
 -0.00263434  0.000469323 -0.000663622
   0.0103318 -0.000663622    0.0236881
   0.0205234  -0.00246012    0.0107721
 -0.00246012   0.00045648 -0.000331255
   0.0107721 -0.000331255    0.0239669
   0.0190075  -0.00265985   0.00888654
 -0.00265985  0.000467019 -0.000878345
  0.00888654 -0.000878345    0.0233605
   0.0197534  -0.00118849    0.0116205
 -0.00118849  0.000172524 -0.000148257
   0.0116205 -0.000148257    0.0229852
   0.0226036 -0.000757216   0.00992126
-0.000757216  9.76431e-05  -0.00024386
  0.00992126  -0.00024386    0.0216575
   0.0235245 -0.000687472    0.0119177
-0.000687472  0.000129667  0.000125678
   0.0119177  0.000125678    0.0233019
    0.025568 -0.000464757   0.00684071
-0.000464757  6.88241e-05 -0.000420541
  0.00684071 -0.000420541    0.0181771
   0.0263577 -0.000369977    0.0086736
-0.000369977  8.01411e-05 -0.000178925
   0.0086736 -0.000178925    0.0195773
     0.03031 -0.000207206   0.00606113
-0.000207206  7.52266e-05 -0.000444029
  0.00606113 -0.000444029    0.0161378
   0.0282201 -0.000529051   0.00445382
-0.000529051  8.45136e-05 -0.000596067
  0.00445382 -0.000596067      0.01535
   0.0276148  -7.0312e-05    0.0112009
 -7.0312e-05  0.000112049  0.000373764
   0.0112009  0.000373764    0.0217637
   0.0314799  0.000196428   0.00830953
 0.000196428  7.77274e-05 -4.55109e-05
  0.00830953 -4.55109e-05    0.0178781
   0.0246232 -0.000497492    0.0136826
-0.000497492  0.000193146  0.000775822
   0.0136826  0.000775822     0.024736
   0.0226936 -0.000932661     0.014554
-0.000932661  0.000302428   0.00100687
    0.014554   0.00100687    0.0261309
   0.0214394   -0.0011205    0.0131875
  -0.0011205  0.000215488  0.000345113
   0.0131875  0.000345113    0.0247384
    0.021934  -0.00302985    0.0113108
 -0.00302985  0.000604425 -0.000600762
   0.0113108 -0.000600762    0.0247501
   0.0229833  -0.00302226    0.0119992
 -0.00302226  0.000583663 -0.000690333
   0.0119992 -0.000690333    0.0248936
   0.0227546  -0.00312302    0.0109844
 -0.00312302  0.000573026  -0.00158989
   0.0109844  -0.00158989    0.0244823
   0.0214391  -0.00303345    0.0101515
 -0.00303345  0.000572692  -0.00143222
   0.0101515  -0.00143222    0.0242685
   0.0224872   -0.0029204    0.0108044
  -0.0029204  0.000525296  -0.00157376
   0.0108044  -0.00157376    0.0242416
   0.0224414  -0.00313042   0.00993735
 -0.00313042  0.000636195  -0.00245867
  0.00993735  -0.00245867    0.0240791
   0.0224239  -0.00297379   0.00988458
 -0.00297379  0.000597919   -0.0024639
  0.00988458   -0.0024639    0.0239104
   0.0222936  -0.00294463   0.00898759
 -0.00294463  0.000734218   -0.0032829
  0.00898759   -0.0032829    0.0235878
   0.0208478    -0.002945   0.00897225
   -0.002945  0.000609266   -0.0022327
  0.00897225   -0.0022327    0.0237838
   0.0219962  -0.00304086   0.00890146
 -0.00304086  0.000760404  -0.00325805
  0.00890146  -0.00325805    0.0236629
   0.0201245  -0.00277749   0.00781453
 -0.00277749  0.000711713  -0.00298435
  0.00781453  -0.00298435    0.0232674
   0.0212103   -0.0026311   0.00905412
  -0.0026311  0.000529786  -0.00234351
  0.00905412  -0.00234351    0.0233956
   0.0212396  -0.00258939   0.00821011
 -0.00258939   0.00065771  -0.00313128
  0.00821011  -0.00313128    0.0231076
   0.0198153  -0.00219868   0.00716398
 -0.00219868  0.000575217   -0.0029325
  0.00716398   -0.0029325     0.022521
   0.0198708  -0.00232121   0.00808669
 -0.00232121  0.000469233   -0.0022187
  0.00808669   -0.0022187    0.0228453
   0.0212428  -0.00261031   0.00996277
 -0.00261031  0.000462774  -0.00149376
  0.00996277  -0.00149376    0.0237175
   0.0200771   -0.0024029   0.00908892
  -0.0024029  0.000422067  -0.00145917
  0.00908892  -0.00145917     0.023212
   0.0214088  -0.00252602    0.0108918
 -0.00252602  0.000460966 -0.000637086
   0.0108918 -0.000637086    0.0240813
   0.0225657  -0.00278426     0.011716
 -0.00278426  0.000522259  -0.00066056
    0.011716  -0.00066056    0.0245992
   0.0204036  -0.00241273    0.0101124
 -0.00241273  0.000424543 -0.000708283
   0.0101124 -0.000708283    0.0236374
   0.0192493  -0.00253477   0.00666415
 -0.00253477  0.000875574  -0.00371797
  0.00666415  -0.00371797    0.0227101
   0.0213851   -0.0028626   0.00783672
  -0.0028626  0.000936885  -0.00400929
  0.00783672  -0.00400929    0.0232134
   0.0206593  -0.00254185   0.00672281
 -0.00254185   0.00118547  -0.00474392
  0.00672281  -0.00474392    0.0227295
   0.0182858  -0.00216592   0.00552593
 -0.00216592     0.001135  -0.00447388
  0.00552593  -0.00447388    0.0221232
   0.0217059  -0.00256551   0.00709024
 -0.00256551    0.0011482  -0.00475393
  0.00709024  -0.00475393    0.0229152
   0.0197757  -0.00205926   0.00558509
 -0.00205926   0.00152385  -0.00549022
  0.00558509  -0.00549022    0.0222302
   0.0212121  -0.00214959   0.00604294
 -0.00214959   0.00144627   -0.0054531
  0.00604294   -0.0054531    0.0225646
   0.0205036  -0.00154907   0.00497274
 -0.00154907   0.00182806  -0.00614476
  0.00497274  -0.00614476    0.0222187
    0.017224  -0.00163449   0.00444543
 -0.00163449   0.00150742  -0.00527513
  0.00444543  -0.00527513    0.0215346
   0.0186851   -0.0013864   0.00447066
  -0.0013864   0.00197589  -0.00625772
  0.00447066  -0.00625772     0.021743
   0.0160777 -0.000927452     0.003452
-0.000927452   0.00203302  -0.00613431
    0.003452  -0.00613431    0.0209892
   0.0210853   -0.0018996   0.00552799
  -0.0018996   0.00129541  -0.00517614
  0.00552799  -0.00517614    0.0223821
    0.020841  -0.00137157    0.0045619
 -0.00137157   0.00160426  -0.00578919
   0.0045619  -0.00578919    0.0221966
   0.0200046 -0.000983732   0.00344865
-0.000983732   0.00135651  -0.00529311
  0.00344865  -0.00529311     0.021788
   0.0199355  -0.00146024   0.00438924
 -0.00146024   0.00111409  -0.00477047
  0.00438924  -0.00477047    0.0218672
   0.0211987   -0.0022566    0.0064739
  -0.0022566   0.00103735  -0.00453269
   0.0064739  -0.00453269     0.022596
   0.0198737  -0.00180358   0.00533512
 -0.00180358  0.000901955  -0.00420348
  0.00533512  -0.00420348    0.0220154
   0.0212202  -0.00248365   0.00735951
 -0.00248365   0.00082528   -0.0038569
  0.00735951   -0.0038569    0.0228413
   0.0220404  -0.00282515   0.00807213
 -0.00282515  0.000911846  -0.00403827
  0.00807213  -0.00403827    0.0232601
   0.0198142  -0.00204428   0.00626515
 -0.00204428  0.000719556  -0.00359268
  0.00626515  -0.00359268    0.0222427
   0.0180072  7.00055e-05 -0.000674186
 7.00055e-05  0.000698275  -0.00368411
-0.000674186  -0.00368411    0.0203751
   0.0178863 -0.000430062  0.000668399
-0.000430062  0.000640377  -0.00351528
 0.000668399  -0.00351528    0.0203651
   0.0178621 -0.000510442   0.00140623
-0.000510442  0.000717665  -0.00375627
  0.00140623  -0.00375627    0.0206197
   0.0178894 -0.000975175    0.0026926
-0.000975175  0.000627649  -0.00343641
   0.0026926  -0.00343641    0.0207813
   0.0179835 -0.000980424   0.00203273
-0.000980424  0.000591858  -0.00327006
  0.00203273  -0.00327006    0.0205106
   0.0180692  -0.00110956   0.00338617
 -0.00110956    0.0006898  -0.00363383
  0.00338617  -0.00363383    0.0210745
   0.0181068   -0.0014634   0.00396096
  -0.0014634  0.000555543   -0.0030698
  0.00396096   -0.0030698    0.0210825
   0.0181863  -0.00149471   0.00456307
 -0.00149471  0.000576819  -0.00318449
  0.00456307  -0.00318449    0.0213685
   0.0185309  -0.00185941   0.00572175
 -0.00185941  0.000499917  -0.00269922
  0.00572175  -0.00269922    0.0217388
   0.0181158   -0.0015397   0.00329034
  -0.0015397  0.000554448  -0.00297048
  0.00329034  -0.00297048    0.0207475
   0.0185395  -0.00193587   0.00520903
 -0.00193587  0.000514185  -0.00267774
  0.00520903  -0.00267774    0.0214628
   0.0181266   -0.0020025   0.00436056
  -0.0020025   0.00052925  -0.00261315
  0.00436056  -0.00261315    0.0209127
   0.0186618  -0.00168775   0.00526436
 -0.00168775  0.000632553  -0.00335581
  0.00526436  -0.00335581    0.0217189
   0.0188242  -0.00193779   0.00629671
 -0.00193779  0.000518132  -0.00277932
  0.00629671  -0.00277932    0.0220505
   0.0186645  -0.00139028   0.00421894
 -0.00139028  0.000780088   -0.0038858
  0.00421894   -0.0038858    0.0214603
   0.0187114  -0.00102698   0.00315268
 -0.00102698  0.000948266  -0.00436614
  0.00315268  -0.00436614    0.0213102
   0.0180771 -0.000707499   0.00218738
-0.000707499  0.000817107  -0.00402939
  0.00218738  -0.00402939    0.0209038
   0.0181348   -0.0002493  0.000995776
  -0.0002493  0.000951957  -0.00435781
 0.000995776  -0.00435781     0.020855
   0.0188269   -0.0005648   0.00212156
  -0.0005648   0.00113126  -0.00478878
  0.00212156  -0.00478878    0.0212675
   0.0179614 -4.59101e-05  0.000124207
-4.59101e-05  0.000812271  -0.00400129
 0.000124207  -0.00400129    0.0205912
   0.0177297   -0.0023032   0.00505239
  -0.0023032  0.000502574   -0.0022006
  0.00505239   -0.0022006    0.0211654
    0.018884  -0.00234328   0.00638209
 -0.00234328  0.000491902  -0.00225404
  0.00638209  -0.00225404    0.0218638
   0.0189259  -0.00259358   0.00742079
 -0.00259358  0.000479508  -0.00177833
  0.00742079  -0.00177833    0.0221733
   0.0174055  -0.00246448     0.005433
 -0.00246448   0.00048318  -0.00176241
    0.005433  -0.00176241    0.0220115
   0.0194782  -0.00249996   0.00815219
 -0.00249996  0.000444897  -0.00166173
  0.00815219  -0.00166173    0.0226736
   0.0188318  -0.00268032   0.00825925
 -0.00268032  0.000470653  -0.00129921
  0.00825925  -0.00129921    0.0225372
   0.0198652  -0.00264666   0.00930321
 -0.00264666  0.000452931  -0.00114517
  0.00930321  -0.00114517     0.023202
   0.0175111  -0.00257103   0.00612845
 -0.00257103   0.00047191  -0.00135146
  0.00612845  -0.00135146    0.0229347
   0.0199921  -0.00248237   0.00964585
 -0.00248237  0.000423343 -0.000895304
  0.00964585 -0.000895304    0.0233865
   0.0195149  -0.00237839   0.00850231
 -0.00237839  0.000414229  -0.00151891
  0.00850231  -0.00151891    0.0228789
   0.0191092  -0.00218266   0.00736103
 -0.00218266   0.00044277  -0.00216448
  0.00736103  -0.00216448    0.0224371
    0.018978  -0.00221527   0.00690905
 -0.00221527  0.000453828  -0.00218927
  0.00690905  -0.00218927    0.0221729
   0.0162728  -0.00238551   0.00407111
 -0.00238551  0.000464468  -0.00138634
  0.00407111  -0.00138634    0.0230572
   0.0165065  -0.00234217   0.00356436
 -0.00234217  0.000479333  -0.00174503
  0.00356436  -0.00174503    0.0226772
    0.014801  -0.00201174    0.0014397
 -0.00201174  0.000443872  -0.00158451
   0.0014397  -0.00158451    0.0223012
   0.0164831  -0.00214462    0.0028391
 -0.00214462  0.000493029  -0.00211876
   0.0028391  -0.00211876    0.0219137
   0.0153387  -0.00197994  0.000996762
 -0.00197994  0.000471939  -0.00198254
 0.000996762  -0.00198254     0.022365
    0.015953  -0.00180409  0.000766494
 -0.00180409   0.00050013  -0.00234874
 0.000766494  -0.00234874    0.0217354
   0.0168715  -0.00189411   0.00247278
 -0.00189411  0.000512172  -0.00245902
  0.00247278  -0.00245902    0.0209845
   0.0144459  -0.00153855  -0.00112135
 -0.00153855  0.000430366  -0.00200719
 -0.00112135  -0.00200719    0.0219559
   0.0173609   -0.0015502    0.0021336
  -0.0015502  0.000534852  -0.00277164
   0.0021336  -0.00277164    0.0201362
   0.0178693  -0.00104803    0.0011935
 -0.00104803  0.000557573  -0.00306524
   0.0011935  -0.00306524    0.0201266
   0.0171376  -0.00103863 -0.000264374
 -0.00103863  0.000508575  -0.00280985
-0.000264374  -0.00280985    0.0202731
   0.0181375 -0.000474974 -6.13317e-05
-0.000474974   0.00057716  -0.00326694
-6.13317e-05  -0.00326694    0.0201128
   0.0180067 -0.000526067  -0.00113534
-0.000526067  0.000510109  -0.00297426
 -0.00113534  -0.00297426     0.020092
   0.0186716 -3.52198e-06  -0.00226441
-3.52198e-06  0.000510453  -0.00302271
 -0.00226441  -0.00302271    0.0200207
   0.0182118   9.1656e-05  -0.00148011
  9.1656e-05  0.000597897  -0.00336362
 -0.00148011  -0.00336362    0.0201451
   0.0170717 -0.000543908  -0.00249603
-0.000543908  0.000430019  -0.00260145
 -0.00249603  -0.00260145    0.0201245
   0.0184447 -7.97653e-05  -0.00339708
-7.97653e-05  0.000415393  -0.00262242
 -0.00339708  -0.00262242    0.0200949
   0.0174157 -0.000216905  -0.00425126
-0.000216905  0.000329145  -0.00217065
 -0.00425126  -0.00217065    0.0198464
   0.0163071 -0.000576566   -0.0035166
-0.000576566   0.00036113  -0.00226933
  -0.0035166  -0.00226933    0.0205694
   0.0163594 -0.000970155  -0.00173394
-0.000970155  0.000449368   -0.0025585
 -0.00173394   -0.0025585    0.0208706
   0.0151494 -0.000990064  -0.00284679
-0.000990064  0.000402894  -0.00227179
 -0.00284679  -0.00227179    0.0219393
     0.01544   -0.0013738  -0.00135045
  -0.0013738  0.000458554  -0.00236403
 -0.00135045  -0.00236403    0.0216446
   0.0165119  -0.00146131  0.000217851
 -0.00146131  0.000502398  -0.00260095
 0.000217851  -0.00260095     0.021077
   0.0153858 -0.000547586  -0.00433968
-0.000547586  0.000312284  -0.00205532
 -0.00433968  -0.00205532    0.0210075
   0.0162889 -0.000301699  -0.00485737
-0.000301699  0.000258976  -0.00170625
 -0.00485737  -0.00170625    0.0191524
  0.00598659  -0.00493495  -0.00420577
 -0.00493495   0.00447552   0.00453922
 -0.00420577   0.00453922    0.0217265
  0.00608203  -0.00510195  -0.00366296
 -0.00510195   0.00462658   0.00415327
 -0.00366296   0.00415327    0.0220423
  0.00586492  -0.00447107  -0.00321234
 -0.00447107   0.00368381   0.00294263
 -0.00321234   0.00294263    0.0222334
  0.00613103  -0.00463154  -0.00257233
 -0.00463154    0.0038327   0.00297934
 -0.00257233   0.00297934    0.0226441
  0.00632909  -0.00522925   -0.0029845
 -0.00522925   0.00472648   0.00406803
  -0.0029845   0.00406803    0.0223375
   0.0059171   -0.0040737  -0.00212619
  -0.0040737   0.00305535   0.00204232
 -0.00212619   0.00204232    0.0230002
  0.00658428  -0.00470336  -0.00177578
 -0.00470336   0.00388441   0.00339302
 -0.00177578   0.00339302    0.0230645
  0.00638303   -0.0041584  -0.00137384
  -0.0041584   0.00311774   0.00252845
 -0.00137384   0.00252845    0.0235334
  0.00704288  -0.00415819 -0.000489426
 -0.00415819   0.00315803   0.00328655
-0.000489426   0.00328655    0.0240627
  0.00676867  -0.00527929  -0.00214727
 -0.00527929   0.00475924   0.00435693
 -0.00214727   0.00435693    0.0226451
  0.00723076  -0.00469156 -0.000836459
 -0.00469156   0.00394302   0.00409219
-0.000836459   0.00409219    0.0234755
   0.0073963  -0.00526481  -0.00117458
 -0.00526481     0.004846   0.00495082
 -0.00117458   0.00495082    0.0229449
  0.00619342   -0.0037137  -0.00102036
  -0.0037137   0.00252897   0.00191508
 -0.00102036   0.00191508    0.0240508
   0.0068494  -0.00371113  -0.00018962
 -0.00371113   0.00254666   0.00266208
 -0.00018962   0.00266208    0.0246833
   0.0066862  -0.00340167  3.52808e-05
 -0.00340167   0.00214216   0.00219928
 3.52808e-05   0.00219928     0.025302
  0.00641816  -0.00360944 -0.000945902
 -0.00360944    0.0022644    0.0016232
-0.000945902    0.0016232    0.0247637
  0.00594748  -0.00375401  -0.00185809
 -0.00375401   0.00252484   0.00147839
 -0.00185809   0.00147839    0.0235426
  0.00639956  -0.00375389  -0.00180308
 -0.00375389   0.00232628   0.00122895
 -0.00180308   0.00122895    0.0242066
   0.0058374  -0.00365616  -0.00248473
 -0.00365616   0.00238751   0.00134135
 -0.00248473   0.00134135    0.0229749
  0.00571453  -0.00393715  -0.00278819
 -0.00393715    0.0029048   0.00195424
 -0.00278819   0.00195424    0.0225351
  0.00561239   -0.0037131  -0.00324471
  -0.0037131   0.00265842   0.00212095
 -0.00324471   0.00212095    0.0219855
  0.00634842  -0.00366686  -0.00239056
 -0.00366686   0.00219263   0.00112196
 -0.00239056   0.00112196    0.0221684
  0.00573026   -0.0034213  -0.00288676
  -0.0034213   0.00213005   0.00146656
 -0.00288676   0.00146656    0.0217947
  0.00616679  -0.00342326   -0.0027618
 -0.00342326   0.00196188   0.00122669
  -0.0027618   0.00122669    0.0211462
   0.0057587  -0.00426409  -0.00370787
 -0.00426409   0.00346551   0.00320205
 -0.00370787   0.00320205    0.0217961
  0.00814597  -0.00516287 -0.000150656
 -0.00516287    0.0050313   0.00577801
-0.000150656   0.00577801    0.0231856
  0.00801789  -0.00459346   0.00015272
 -0.00459346   0.00406155   0.00498685
  0.00015272   0.00498685      0.02384
  0.00880713  -0.00443175   0.00105805
 -0.00443175    0.0042986   0.00593479
  0.00105805   0.00593479    0.0241144
  0.00887983  -0.00498261  0.000786429
 -0.00498261   0.00536571   0.00671314
 0.000786429   0.00671314    0.0233206
  0.00866998  -0.00393102    0.0012975
 -0.00393102   0.00335814    0.0050996
   0.0012975    0.0050996     0.024964
  0.00941583  -0.00422143   0.00172701
 -0.00422143   0.00462835   0.00683334
  0.00172701   0.00683334     0.024306
  0.00933552  -0.00377135   0.00191462
 -0.00377135   0.00357548   0.00588726
  0.00191462   0.00588726    0.0253027
  0.00968318  -0.00364937   0.00220655
 -0.00364937   0.00382862   0.00639708
  0.00220655   0.00639708    0.0255815
  0.00941881  -0.00472366   0.00149188
 -0.00472366    0.0058061    0.0076579
  0.00149188    0.0076579    0.0233687
  0.00969659  -0.00402379   0.00207933
 -0.00402379   0.00498208   0.00750417
  0.00207933   0.00750417     0.024446
  0.00963478  -0.00446201   0.00188472
 -0.00446201   0.00626929   0.00844642
  0.00188472   0.00844642    0.0233657
  0.00918436  -0.00341748   0.00201659
 -0.00341748   0.00274969    0.0049365
  0.00201659    0.0049365    0.0263151
  0.00958514  -0.00336198    0.0022475
 -0.00336198   0.00291619   0.00522629
   0.0022475   0.00522629    0.0267155
  0.00942148  -0.00318313   0.00221076
 -0.00318313   0.00227515   0.00404521
  0.00221076   0.00404521    0.0277995
  0.00898732  -0.00318915    0.0020433
 -0.00318915   0.00216662   0.00399534
   0.0020433   0.00399534    0.0272942
   0.0084878  -0.00353301    0.0014626
 -0.00353301   0.00262761   0.00431927
   0.0014626   0.00431927    0.0258394
  0.00828785  -0.00326128   0.00155438
 -0.00326128   0.00211354   0.00358609
  0.00155438   0.00358609    0.0266935
  0.00765764  -0.00364246  0.000678383
 -0.00364246   0.00256426   0.00352293
 0.000678383   0.00352293    0.0252884
  0.00784651  -0.00407058  0.000445975
 -0.00407058   0.00321859   0.00419568
 0.000445975   0.00419568    0.0245482
  0.00746915  -0.00333798  0.000842459
 -0.00333798    0.0021098   0.00294989
 0.000842459   0.00294989    0.0260149
   0.0137576  -0.00576796   -0.0014721
 -0.00576796   0.00265664   0.00232577
  -0.0014721   0.00232577    0.0220007
   0.0122999   -0.0052004 -0.000883214
  -0.0052004   0.00246355   0.00252202
-0.000883214   0.00252202    0.0228793
   0.0104288  -0.00404058  0.000339277
 -0.00404058   0.00189307   0.00237498
 0.000339277   0.00237498     0.025255
  0.00951537  -0.00393152  0.000245144
 -0.00393152   0.00194332   0.00244503
 0.000245144   0.00244503    0.0251531
    0.012043   -0.0054199  -0.00133384
  -0.0054199   0.00270176   0.00268619
 -0.00133384   0.00268619    0.0222048
  0.00836777  -0.00327564  0.000964753
 -0.00327564   0.00168387   0.00251948
 0.000964753   0.00251948    0.0261166
   0.0092249  -0.00417043 -0.000361298
 -0.00417043   0.00216859   0.00235696
-0.000361298   0.00235696    0.0246849
  0.00768509  -0.00334072  0.000445214
 -0.00334072   0.00179105   0.00227234
 0.000445214   0.00227234    0.0258418
  0.00782634  -0.00381759 -0.000481136
 -0.00381759   0.00212106   0.00199162
-0.000481136   0.00199162     0.025759
   0.0109925  -0.00533336  -0.00176975
 -0.00533336   0.00283537   0.00273527
 -0.00176975   0.00273527     0.021053
  0.00903795  -0.00453575   -0.0014073
 -0.00453575   0.00249748    0.0022682
  -0.0014073    0.0022682    0.0224938
   0.0105487  -0.00554393    -0.002445
 -0.00554393   0.00312071   0.00275812
   -0.002445   0.00275812    0.0198539
  0.00726608  -0.00313515  0.000864226
 -0.00313515   0.00180588   0.00248478
 0.000864226   0.00248478    0.0261379
  0.00700077  -0.00343814 -5.34926e-05
 -0.00343814   0.00200723   0.00199223
-5.34926e-05   0.00199223    0.0257601
  0.00813577   -0.0031291   0.00139829
  -0.0031291   0.00178308   0.00296318
  0.00139829   0.00296318    0.0267266
  0.00892682  -0.00313247   0.00175182
 -0.00313247   0.00179915   0.00319418
  0.00175182   0.00319418    0.0274898
  0.00940983  -0.00342627   0.00112265
 -0.00342627   0.00170362   0.00259647
  0.00112265   0.00259647    0.0264348
   0.0103008  -0.00364368   0.00107114
 -0.00364368   0.00179007   0.00236082
  0.00107114   0.00236082    0.0271733
  0.00948147    -0.003203   0.00179736
   -0.003203   0.00187694   0.00307222
  0.00179736   0.00307222    0.0281404
   0.0116761  -0.00446764 -7.42348e-05
 -0.00446764   0.00203154    0.0021251
-7.42348e-05    0.0021251    0.0249034
   0.0102379  -0.00559887  -0.00276424
 -0.00559887   0.00322791   0.00268135
 -0.00276424   0.00268135    0.0192801
  0.00908982  -0.00483225  -0.00223975
 -0.00483225   0.00272314   0.00214572
 -0.00223975   0.00214572    0.0206577
  0.00948479  -0.00515022  -0.00304969
 -0.00515022   0.00291071   0.00224685
 -0.00304969   0.00224685    0.0202536
   0.0103539  -0.00574099  -0.00322196
 -0.00574099    0.0033185    0.0027451
 -0.00322196    0.0027451     0.019253
  0.00836287    -0.004504  -0.00254086
   -0.004504   0.00253599   0.00173852
 -0.00254086   0.00173852    0.0213464
  0.00929312  -0.00490937  -0.00327887
 -0.00490937   0.00271487   0.00221825
 -0.00327887   0.00221825    0.0198695
  0.00859126  -0.00452095  -0.00304906
 -0.00452095    0.0024629   0.00161533
 -0.00304906   0.00161533    0.0209774
  0.00820521   -0.0041444  -0.00333765
  -0.0041444   0.00217631   0.00156561
 -0.00333765   0.00156561    0.0209951
  0.00982328  -0.00534416  -0.00349675
 -0.00534416   0.00305058   0.00270098
 -0.00349675   0.00270098     0.018113
  0.00882161  -0.00438748  -0.00343029
 -0.00438748   0.00231685   0.00211861
 -0.00343029   0.00211861    0.0191105
  0.00950974  -0.00494052  -0.00363523
 -0.00494052   0.00276786   0.00283179
 -0.00363523   0.00283179    0.0180625
  0.00730506  -0.00396126  -0.00269932
 -0.00396126   0.00222209   0.00132278
 -0.00269932   0.00132278    0.0212599
    0.006853  -0.00356505   -0.0029507
 -0.00356505   0.00192231   0.00129856
  -0.0029507   0.00129856    0.0208371
  0.00720176  -0.00399379  -0.00206324
 -0.00399379   0.00231879   0.00134365
 -0.00206324   0.00134365    0.0226928
  0.00704928  -0.00377616  -0.00106673
 -0.00377616   0.00221604   0.00157372
 -0.00106673   0.00157372    0.0254865
  0.00798163  -0.00419708  -0.00168006
 -0.00419708   0.00236874   0.00178657
 -0.00168006   0.00178657    0.0229883
  0.00950244  -0.00424996   0.00196919
 -0.00424996    0.0066318   0.00897625
  0.00196919   0.00897625    0.0233421
  0.00962119  -0.00389703   0.00210991
 -0.00389703   0.00525058   0.00785661
  0.00210991   0.00785661    0.0245575
  0.00926563  -0.00385185   0.00189096
 -0.00385185   0.00536261    0.0078851
  0.00189096    0.0078851    0.0246543
  0.00911915  -0.00411897   0.00181158
 -0.00411897   0.00683893   0.00922097
  0.00181158   0.00922097     0.023321
  0.00934834  -0.00364181   0.00187429
 -0.00364181   0.00408512    0.0063418
  0.00187429    0.0063418    0.0260093
  0.00876537  -0.00384271   0.00150849
 -0.00384271   0.00531686   0.00769029
  0.00150849   0.00769029     0.024762
  0.00887132  -0.00369734   0.00141592
 -0.00369734   0.00400802   0.00591238
  0.00141592   0.00591238    0.0261971
  0.00835023  -0.00370413   0.00087342
 -0.00370413   0.00383412   0.00539555
  0.00087342   0.00539555    0.0263863
  0.00860652   -0.0040301   0.00149589
  -0.0040301   0.00687124   0.00924378
  0.00149589   0.00924378    0.0233313
  0.00822493  -0.00380276   0.00103786
 -0.00380276   0.00514853   0.00737834
  0.00103786   0.00737834    0.0248812
  0.00807323  -0.00392917   0.00108655
 -0.00392917   0.00676042    0.0091374
  0.00108655    0.0091374    0.0233659
  0.00892037  -0.00360446    0.0012258
 -0.00360446   0.00305877   0.00406804
   0.0012258   0.00406804    0.0275619
   0.0084254  -0.00364253  0.000616445
 -0.00364253   0.00293121   0.00334688
 0.000616445   0.00334688    0.0277941
  0.00844972  -0.00361844  0.000317491
 -0.00361844   0.00245059   0.00136825
 0.000317491   0.00136825    0.0290706
  0.00891131  -0.00355995  0.000984807
 -0.00355995   0.00248504   0.00223794
 0.000984807   0.00223794    0.0288175
  0.00936258  -0.00349865   0.00176162
 -0.00349865   0.00311508   0.00471348
  0.00176162   0.00471348    0.0273188
  0.00930946  -0.00341625   0.00159172
 -0.00341625   0.00247702   0.00306551
  0.00159172   0.00306551    0.0285348
  0.00962982  -0.00339344   0.00213797
 -0.00339344    0.0030656   0.00513918
  0.00213797   0.00513918    0.0270456
   0.0096628  -0.00360563   0.00217042
 -0.00360563    0.0040226   0.00654237
  0.00217042   0.00654237    0.0258126
  0.00951649  -0.00326574   0.00204046
 -0.00326574   0.00239854   0.00371001
  0.00204046   0.00371001    0.0282061
  0.00755946  -0.00378796  0.000612309
 -0.00378796   0.00652832   0.00900967
 0.000612309   0.00900967    0.0233958
   0.0077096  -0.00368546  0.000498216
 -0.00368546   0.00488573   0.00707261
 0.000498216   0.00707261    0.0249855
  0.00723346  -0.00349218 -9.31801e-05
 -0.00349218   0.00456728   0.00686033
-9.31801e-05   0.00686033     0.025059
  0.00708668  -0.00359727  9.24404e-05
 -0.00359727   0.00623518   0.00892696
 9.24404e-05   0.00892696    0.0233979
  0.00737507  -0.00339232 -0.000380224
 -0.00339232   0.00329567   0.00455692
-0.000380224   0.00455692    0.0266657
  0.00680436   -0.0032549 -0.000722451
  -0.0032549    0.0042457   0.00673323
-0.000722451   0.00673323     0.025114
  0.00695152  -0.00311293  -0.00106902
 -0.00311293   0.00297498   0.00433425
 -0.00106902   0.00433425    0.0267574
  0.00661189  -0.00282165  -0.00170355
 -0.00282165   0.00265716   0.00424847
 -0.00170355   0.00424847    0.0266461
  0.00666356  -0.00337824 -0.000459116
 -0.00337824   0.00593121   0.00888163
-0.000459116   0.00888163    0.0233803
  0.00643794  -0.00299567  -0.00134381
 -0.00299567   0.00393574   0.00670717
 -0.00134381   0.00670717    0.0249268
  0.00630238  -0.00314332  -0.00101094
 -0.00314332    0.0056473   0.00888266
 -0.00101094   0.00888266    0.0233592
  0.00709295  -0.00299272  -0.00147664
 -0.00299272   0.00221704    0.0018952
 -0.00147664    0.0018952    0.0282153
  0.00690261  -0.00267474  -0.00211414
 -0.00267474   0.00189477    0.0018016
 -0.00211414    0.0018016    0.0278495
  0.00706386  -0.00255421  -0.00247399
 -0.00255421   0.00163641 -0.000490856
 -0.00247399 -0.000490856    0.0292596
  0.00720031  -0.00291785  -0.00187114
 -0.00291785   0.00195205 -0.000358252
 -0.00187114 -0.000358252    0.0294205
  0.00749769   -0.0033192 -0.000750271
  -0.0033192   0.00250647   0.00220611
-0.000750271   0.00220611    0.0281281
   0.0075774  -0.00328039  -0.00112381
 -0.00328039   0.00220694  6.78331e-06
 -0.00112381  6.78331e-06    0.0293841
  0.00794323  -0.00355104 -4.71183e-05
 -0.00355104   0.00274853   0.00269218
-4.71183e-05   0.00269218    0.0279917
  0.00783971  -0.00360518  0.000271869
 -0.00360518   0.00358872   0.00490945
 0.000271869   0.00490945    0.0265486
  0.00799308  -0.00353065 -0.000386976
 -0.00353065   0.00236197  0.000589017
-0.000386976  0.000589017    0.0292685
   0.0132588   -0.0057383  -0.00582543
  -0.0057383   0.00327624  -0.00120935
 -0.00582543  -0.00120935    0.0222913
   0.0137746  -0.00613919  -0.00536013
 -0.00613919   0.00345255  -0.00123738
 -0.00536013  -0.00123738    0.0224611
   0.0107731   -0.0045939  -0.00421074
  -0.0045939   0.00280007    -0.002348
 -0.00421074    -0.002348    0.0262646
   0.0112245   -0.0049184  -0.00362254
  -0.0049184    0.0028446  -0.00207045
 -0.00362254  -0.00207045    0.0263249
   0.0142523  -0.00640567  -0.00486336
 -0.00640567   0.00346952  -0.00109044
 -0.00486336  -0.00109044     0.022506
  0.00909058  -0.00392952  -0.00244558
 -0.00392952   0.00244512   -0.0023705
 -0.00244558   -0.0023705    0.0289598
   0.0116412  -0.00509545  -0.00302316
 -0.00509545   0.00276623  -0.00161511
 -0.00302316  -0.00161511    0.0262616
   0.0095025  -0.00414577  -0.00176753
 -0.00414577   0.00241071  -0.00178441
 -0.00176753  -0.00178441    0.0288817
  0.00991608  -0.00421149  -0.00107727
 -0.00421149   0.00232403  -0.00101089
 -0.00107727  -0.00101089    0.0287073
   0.0146229  -0.00654918  -0.00434633
 -0.00654918   0.00338727 -0.000763333
 -0.00434633 -0.000763333    0.0224209
   0.0119993  -0.00515438  -0.00239397
 -0.00515438   0.00264071 -0.000947774
 -0.00239397 -0.000947774    0.0260814
   0.0149135  -0.00658241  -0.00379232
 -0.00658241   0.00325318 -0.000255098
 -0.00379232 -0.000255098    0.0222512
  0.00830718  -0.00362875 -0.000964248
 -0.00362875   0.00224847 -0.000975559
-0.000964248 -0.000975559    0.0297324
  0.00873577  -0.00371164 -0.000249616
 -0.00371164   0.00224218 -0.000151817
-0.000249616 -0.000151817    0.0295388
  0.00790379  -0.00338681  -0.00168891
 -0.00338681   0.00219345  -0.00159481
 -0.00168891  -0.00159481    0.0298234
  0.00754279  -0.00300317  -0.00242071
 -0.00300317   0.00200748  -0.00198354
 -0.00242071  -0.00198354    0.0297993
  0.00869326  -0.00356179  -0.00312329
 -0.00356179   0.00233215  -0.00272814
 -0.00312329  -0.00272814    0.0288979
  0.00852493  -0.00311127  -0.00370976
 -0.00311127   0.00203491  -0.00282664
 -0.00370976  -0.00282664    0.0287638
  0.00754616  -0.00262347  -0.00302657
 -0.00262347   0.00170071  -0.00208494
 -0.00302657  -0.00208494    0.0295124
   0.0104993  -0.00416713  -0.00475054
 -0.00416713   0.00256223  -0.00238909
 -0.00475054  -0.00238909    0.0260788
   0.0151123  -0.00651837  -0.00320457
 -0.00651837   0.00309103  0.000413597
 -0.00320457  0.000413597    0.0220137
   0.0122936  -0.00508153  -0.00175019
 -0.00508153   0.00248252 -0.000128665
 -0.00175019 -0.000128665     0.025835
   0.0124605  -0.00493905  -0.00113626
 -0.00493905   0.00230736  0.000779352
 -0.00113626  0.000779352    0.0255141
   0.0151864  -0.00640928  -0.00259008
 -0.00640928   0.00293337   0.00113088
 -0.00259008   0.00113088    0.0218311
   0.0105499  -0.00397794  0.000259791
 -0.00397794   0.00204122  0.000893316
 0.000259791  0.000893316    0.0281444
   0.0123488  -0.00474819 -0.000530625
 -0.00474819   0.00215827   0.00154784
-0.000530625   0.00154784    0.0251746
   0.0106117  -0.00379656  0.000756744
 -0.00379656   0.00189325   0.00177373
 0.000756744   0.00177373    0.0277454
   0.0146413  -0.00609101  -0.00196782
 -0.00609101   0.00275027   0.00181226
 -0.00196782   0.00181226    0.0218647
  0.00963208  -0.00330477   0.00157894
 -0.00330477   0.00198038   0.00254635
  0.00157894   0.00254635    0.0286156
  0.00948816  -0.00348118   0.00109463
 -0.00348118   0.00209916   0.00173687
  0.00109463   0.00173687    0.0289811
   0.0091552   -0.0036371  0.000447741
  -0.0036371   0.00218994    0.0007846
 0.000447741    0.0007846    0.0292832
    0.010284    -0.004144 -0.000383525
   -0.004144   0.00219937 -8.62229e-05
-0.000383525 -8.62229e-05    0.0284542
  0.00488826  -0.00846143  -0.00215973
 -0.00846143    0.0256152    0.0149486
 -0.00215973    0.0149486    0.0154654
  0.00534147  -0.00844932  -0.00155883
 -0.00844932      0.02439    0.0142861
 -0.00155883    0.0142861    0.0160212
  0.00545244  -0.00823334  -0.00214657
 -0.00823334    0.0202975    0.0132533
 -0.00214657    0.0132533    0.0172851
  0.00595688  -0.00824704  -0.00146624
 -0.00824704    0.0194071    0.0125793
 -0.00146624    0.0125793    0.0176169
  0.00588211  -0.00843703 -0.000931639
 -0.00843703    0.0232478    0.0137192
-0.000931639    0.0137192    0.0165088
   0.0060752  -0.00802096  -0.00205139
 -0.00802096    0.0159182    0.0113846
 -0.00205139    0.0113846     0.018686
  0.00653038  -0.00824271 -0.000782387
 -0.00824271    0.0186611    0.0121217
