           0            0            0
           0            0            0
           0            0            0
   0.0250261 -0.000758081    0.0046203
-0.000758081  0.000108366 -0.000728048
   0.0046203 -0.000728048    0.0158473
   0.0218919 -0.000736336   0.00734758
-0.000736336  9.05606e-05 -0.000545485
  0.00734758 -0.000545485    0.0194782
   0.0187061  -0.00118799   0.00986219
 -0.00118799  0.000151561 -0.000494398
  0.00986219 -0.000494398    0.0214955
   0.0178969  -0.00166081    0.0110228
 -0.00166081  0.000239646 -0.000433281
   0.0110228 -0.000433281    0.0215998
   0.0179879  -0.00207224    0.0105659
 -0.00207224  0.000332992 -0.000441362
   0.0105659 -0.000441362    0.0218764
   0.0159467  -0.00194222   0.00909805
 -0.00194222  0.000302437 -0.000586049
  0.00909805 -0.000586049    0.0196686
    0.016588  -0.00229143   0.00837194
 -0.00229143  0.000383877 -0.000654777
  0.00837194 -0.000654777    0.0208481
   0.0181312  -0.00238042   0.00969851
 -0.00238042  0.000406897 -0.000537163
  0.00969851 -0.000537163    0.0221875
   0.0163734  -0.00242716   0.00672046
 -0.00242716  0.000434509 -0.000840321
  0.00672046 -0.000840321    0.0216881
   0.0180412   -0.0025616   0.00813494
  -0.0025616  0.000457758 -0.000750007
  0.00813494 -0.000750007    0.0230555
   0.0162601  -0.00238966   0.00470998
 -0.00238966  0.000460228  -0.00113287
  0.00470998  -0.00113287    0.0227455
   0.0181921  -0.00269926   0.00740431
 -0.00269926  0.000487544 -0.000979408
  0.00740431 -0.000979408    0.0232264
   0.0369085   0.00101133     0.012633
  0.00101133  0.000640229   0.00246768
    0.012633   0.00246768    0.0197258
     0.03187  6.07704e-05     0.014985
 6.07704e-05  0.000842545   0.00314693
    0.014985   0.00314693    0.0234413
   0.0316854  0.000721302    0.0147653
 0.000721302  0.000639866   0.00298727
   0.0147653   0.00298727    0.0233466
   0.0286851  0.000144534    0.0167824
 0.000144534  0.000840999   0.00346374
   0.0167824   0.00346374    0.0262524
   0.0283652 -0.000488739    0.0166892
-0.000488739   0.00105821   0.00351882
   0.0166892   0.00351882    0.0261684
   0.0274745  0.000365777    0.0159488
 0.000365777  0.000635717   0.00307594
   0.0159488   0.00307594    0.0258296
   0.0264502 -0.000400224     0.017272
-0.000400224   0.00099364   0.00351832
    0.017272   0.00351832    0.0274245
   0.0255948 -0.000150327    0.0166275
-0.000150327  0.000785589   0.00323657
   0.0166275   0.00323657    0.0270781
   0.0250407  -0.00068804    0.0165456
 -0.00068804  0.000860751   0.00304407
   0.0165456   0.00304407    0.0272475
   0.0258717 -0.000952321    0.0169708
-0.000952321   0.00120212   0.00349861
   0.0169708   0.00349861     0.027237
   0.0257572 -0.000973708    0.0170902
-0.000973708   0.00105104   0.00322463
   0.0170902   0.00322463     0.027567
   0.0250622  -0.00147231    0.0166773
 -0.00147231   0.00123515   0.00315923
   0.0166773   0.00315923    0.0273656
   0.0243534  -0.00025236    0.0157385
 -0.00025236  0.000594103   0.00264535
   0.0157385   0.00264535     0.026641
   0.0238234  -0.00072357    0.0156695
 -0.00072357  0.000684363   0.00256339
   0.0156695   0.00256339    0.0267966
   0.0230034  -0.00102251     0.015083
 -0.00102251   0.00053642   0.00185784
    0.015083   0.00185784    0.0265857
   0.0236323  -0.00059924    0.0152315
 -0.00059924  0.000436522   0.00184938
   0.0152315   0.00184938    0.0265051
   0.0261702  0.000210133    0.0150674
 0.000210133  0.000452482   0.00240038
   0.0150674   0.00240038    0.0254311
   0.0256586 -0.000163561    0.0147423
-0.000163561  0.000309153   0.00156813
   0.0147423   0.00156813    0.0254304
   0.0289726  0.000684278    0.0130786
 0.000684278   0.00030969   0.00182229
   0.0130786   0.00182229    0.0226091
   0.0301986  0.000892706    0.0138259
 0.000892706  0.000459807    0.0025186
   0.0138259    0.0025186    0.0228955
   0.0343183   0.00159145    0.0111212
  0.00159145   0.00034202   0.00171654
   0.0111212   0.00171654    0.0190487
   0.0287692  0.000297238    0.0127759
 0.000297238  0.000197129    0.0010371
   0.0127759    0.0010371    0.0227547
    0.033173   0.00125898    0.0105448
  0.00125898  0.000222721   0.00108863
   0.0105448   0.00108863    0.0188658
   0.0338838  0.000789254    0.0102835
 0.000789254   0.00013867  0.000422169
   0.0102835  0.000422169    0.0191744
   0.0360048   0.00157429    0.0120611
  0.00157429  0.000480683   0.00221572
   0.0120611   0.00221572    0.0194561
   0.0244535   -0.0020403    0.0157656
  -0.0020403   0.00117398   0.00258915
   0.0157656   0.00258915     0.026908
   0.0252103  -0.00161712    0.0162007
 -0.00161712   0.00101868   0.00265578
   0.0162007   0.00265578    0.0270447
   0.0247167  -0.00216464     0.015261
 -0.00216464  0.000923964   0.00192249
    0.015261   0.00192249    0.0265592
   0.0238984  -0.00249252    0.0147887
 -0.00249252   0.00104255   0.00186867
   0.0147887   0.00186867    0.0264616
   0.0241386  -0.00185143    0.0148045
 -0.00185143  0.000789583   0.00187579
   0.0148045   0.00187579    0.0262124
   0.0242558  -0.00259787    0.0142685
 -0.00259787   0.00079971    0.0010763
   0.0142685    0.0010763     0.026074
   0.0237346  -0.00230091    0.0138596
 -0.00230091  0.000695206   0.00107781
   0.0138596   0.00107781    0.0257293
   0.0233899  -0.00263522    0.0129216
 -0.00263522    0.0006029  0.000208946
   0.0129216  0.000208946     0.025274
   0.0233825  -0.00281441     0.013738
 -0.00281441   0.00087972   0.00105332
    0.013738   0.00105332    0.0259864
   0.0238731  -0.00290764    0.0132767
 -0.00290764   0.00068193  0.000176529
   0.0132767  0.000176529    0.0256036
   0.0229163  -0.00301794    0.0126541
 -0.00301794  0.000729893  0.000201702
   0.0126541  0.000201702    0.0254864
   0.0225828  -0.00213424    0.0130287
 -0.00213424   0.00060088  0.000934005
   0.0130287  0.000934005    0.0252398
   0.0222205  -0.00241751    0.0120845
 -0.00241751  0.000528863  0.000161937
   0.0120845  0.000161937    0.0247678
     0.02125  -0.00238578    0.0113484
 -0.00238578  0.000484681 -2.58075e-05
   0.0113484 -2.58075e-05     0.024377
   0.0216803  -0.00218567    0.0123608
 -0.00218567  0.000537512  0.000614796
   0.0123608  0.000614796    0.0249111
   0.0229801  -0.00174147    0.0139724
 -0.00174147  0.000668646   0.00162428
   0.0139724   0.00162428    0.0257396
   0.0221062  -0.00187622    0.0133492
 -0.00187622  0.000578776   0.00117139
   0.0133492   0.00117139    0.0254607
   0.0233824  -0.00126472    0.0148561
 -0.00126472  0.000702484   0.00218094
   0.0148561   0.00218094     0.026251
   0.0245695  -0.00130702    0.0157043
 -0.00130702  0.000852405   0.00254703
   0.0157043   0.00254703    0.0267105
   0.0225247  -0.00148229    0.0142557
 -0.00148229  0.000580703   0.00159768
   0.0142557   0.00159768    0.0260129
   0.0196301  -0.00267325   0.00989402
 -0.00267325   0.00048129 -0.000547602
  0.00989402 -0.000547602    0.0238082
    0.019603  -0.00245687    0.0107557
 -0.00245687  0.000444096 -0.000321336
   0.0107557 -0.000321336    0.0236659
   0.0212422  -0.00240311    0.0124332
 -0.00240311  0.000482244  7.04157e-05
   0.0124332  7.04157e-05    0.0249655
   0.0193436   -0.0021278    0.0116202
  -0.0021278  0.000373411 -0.000208851
   0.0116202 -0.000208851    0.0232022
   0.0214183  -0.00207188    0.0132266
 -0.00207188  0.000426135  0.000286176
   0.0132266  0.000286176    0.0253632
   0.0215295  -0.00164476    0.0138539
 -0.00164476  0.000336592  0.000381694
   0.0138539  0.000381694    0.0255315
   0.0195282  -0.00172926    0.0123584
 -0.00172926  0.000281973 -0.000149332
   0.0123584 -0.000149332    0.0232866
    0.022401  -0.00186598    0.0141576
 -0.00186598  0.000498867  0.000872248
   0.0141576  0.000872248    0.0261282
   0.0227638  -0.00143642    0.0149248
 -0.00143642  0.000428247   0.00103605
   0.0149248   0.00103605    0.0266966
   0.0218999  -0.00219275    0.0131791
 -0.00219275  0.000525482  0.000572907
   0.0131791  0.000572907    0.0255004
   0.0214234  -0.00242619    0.0121056
 -0.00242619  0.000512556  0.000154801
   0.0121056  0.000154801    0.0248552
   0.0208635  -0.00260866    0.0114859
 -0.00260866   0.00049659 -0.000256565
   0.0114859 -0.000256565    0.0245804
   0.0206097  -0.00273114    0.0105629
 -0.00273114  0.000492791 -0.000679425
   0.0105629 -0.000679425    0.0239526
   0.0209134  -0.00254725    0.0109898
 -0.00254725  0.000478441 -0.000347988
   0.0109898 -0.000347988    0.0242249
   0.0194219  -0.00276171   0.00911414
 -0.00276171  0.000490688 -0.000884886
  0.00911414 -0.000884886    0.0236177
   0.0202347  -0.00126479    0.0119647
 -0.00126479  0.000185946 -0.000212484
   0.0119647 -0.000212484    0.0233236
   0.0231705 -0.000798792    0.0102638
-0.000798792  0.000108235 -0.000331286
   0.0102638 -0.000331286    0.0219837
   0.0240745 -0.000726408    0.0122719
-0.000726408  0.000139816  6.16805e-05
   0.0122719  6.16805e-05    0.0236451
   0.0262322 -0.000465596   0.00715902
-0.000465596  8.08181e-05 -0.000523515
  0.00715902 -0.000523515    0.0184546
   0.0270077 -0.000365992   0.00900602
-0.000365992  9.12327e-05 -0.000265059
  0.00900602 -0.000265059    0.0198754
   0.0310949 -0.000165843   0.00638929
-0.000165843  9.12323e-05 -0.000549449
  0.00638929 -0.000549449    0.0164002
   0.0289792 -0.000520243   0.00476582
-0.000520243  0.000101373 -0.000715551
  0.00476582 -0.000715551    0.0155917
   0.0282311 -5.16625e-05    0.0115417
-5.16625e-05   0.00012167  0.000321276
   0.0115417  0.000321276     0.022083
   0.0322254  0.000262967   0.00864102
 0.000262967   9.1024e-05 -0.000118249
  0.00864102 -0.000118249    0.0181565
   0.0251444 -0.000529841    0.0140359
-0.000529841  0.000203707  0.000744887
   0.0140359  0.000744887    0.0250837
   0.0231584 -0.000998171     0.014902
-0.000998171   0.00031911  0.000992038
    0.014902  0.000992038    0.0264799
   0.0219223  -0.00119437    0.0135398
 -0.00119437  0.000229409  0.000303108
   0.0135398  0.000303108    0.0250859
   0.0224337  -0.00312186    0.0115133
 -0.00312186  0.000622912 -0.000654845
   0.0115133 -0.000654845    0.0249734
   0.0235716  -0.00311837    0.0122639
 -0.00311837  0.000603014 -0.000745941
   0.0122639 -0.000745941    0.0251467
   0.0233193  -0.00321922    0.0112211
 -0.00321922  0.000593505  -0.00166478
   0.0112211  -0.00166478    0.0247133
   0.0219015  -0.00312184     0.010321
 -0.00312184  0.000591626  -0.00149946
    0.010321  -0.00149946    0.0244655
   0.0230548  -0.00300664     0.011054
 -0.00300664  0.000543804  -0.00164508
    0.011054  -0.00164508    0.0244863
   0.0229768   -0.0032289    0.0101486
  -0.0032289   0.00066123  -0.00254735
   0.0101486  -0.00254735    0.0242898
   0.0229792  -0.00306319    0.0101159
 -0.00306319  0.000621269   -0.0025538
   0.0101159   -0.0025538      0.02414
   0.0228309  -0.00304092   0.00920387
 -0.00304092  0.000764471  -0.00338544
  0.00920387  -0.00338544    0.0238042
   0.0212697   -0.0030319   0.00911267
  -0.0030319  0.000631493  -0.00230702
  0.00911267  -0.00230702    0.0239565
    0.022495  -0.00314383   0.00909053
 -0.00314383  0.000791455  -0.00335447
  0.00909053  -0.00335447    0.0238553
   0.0205002  -0.00286512   0.00792999
 -0.00286512  0.000738351  -0.00306068
  0.00792999  -0.00306068    0.0234174
   0.0216995  -0.00269827   0.00925802
 -0.00269827  0.000548802  -0.00242432
  0.00925802  -0.00242432    0.0236237
   0.0217259  -0.00266073   0.00840447
 -0.00266073  0.000683111  -0.00322695
  0.00840447  -0.00322695    0.0233259
   0.0202138  -0.00224162   0.00731587
 -0.00224162  0.000594687   -0.0030149
  0.00731587   -0.0030149    0.0227299
   0.0202712  -0.00236774   0.00824981
 -0.00236774   0.00048414  -0.00228706
  0.00824981  -0.00228706    0.0230644
   0.0217344  -0.00267853    0.0101813
 -0.00267853  0.000478117  -0.00155495
   0.0101813  -0.00155495    0.0239573
   0.0204817  -0.00245886   0.00926839
 -0.00245886  0.000435479  -0.00151009
  0.00926839  -0.00151009    0.0234424
   0.0219031  -0.00259867    0.0111283
 -0.00259867  0.000476622  -0.00067666
   0.0111283  -0.00067666    0.0243342
    0.023141  -0.00287015    0.0119866
 -0.00287015  0.000539859 -0.000709474
   0.0119866 -0.000709474    0.0248608
   0.0208148  -0.00248073    0.0103125
 -0.00248073  0.000439966 -0.000741117
   0.0103125 -0.000741117    0.0238805
   0.0195761  -0.00262351   0.00675863
 -0.00262351  0.000906475  -0.00379293
  0.00675863  -0.00379293    0.0228366
   0.0218402  -0.00297116   0.00800566
 -0.00297116  0.000973703  -0.00410766
  0.00800566  -0.00410766    0.0233865
   0.0210665  -0.00265302   0.00687414
 -0.00265302   0.00122686  -0.00484071
  0.00687414  -0.00484071    0.0228804
   0.0185626  -0.00225263   0.00560454
 -0.00225263   0.00117008  -0.00454712
  0.00560454  -0.00454712    0.0222232
   0.0221859  -0.00267996   0.00728198
 -0.00267996   0.00119005  -0.00486195
  0.00728198  -0.00486195    0.0231015
   0.0201329  -0.00216596   0.00572169
 -0.00216596   0.00157003  -0.00558488
  0.00572169  -0.00558488    0.0223538
   0.0216545  -0.00226654    0.0062237
 -0.00226654   0.00149184  -0.00555803
   0.0062237  -0.00555803    0.0227299
   0.0209023  -0.00165807    0.0051431
 -0.00165807   0.00187846  -0.00624745
   0.0051431  -0.00624745    0.0223585
   0.0174517  -0.00171235   0.00451412
 -0.00171235   0.00154872  -0.00534892
  0.00451412  -0.00534892     0.021604
   0.0189873  -0.00147807   0.00459526
 -0.00147807   0.00203021  -0.00635344
  0.00459526  -0.00635344    0.0218357
   0.0162557 -0.000987874   0.00351594
-0.000987874   0.00208655  -0.00621386
  0.00351594  -0.00621386    0.0210265
   0.0215319  -0.00200203   0.00570693
 -0.00200203   0.00133468  -0.00527696
  0.00570693  -0.00527696    0.0225636
    0.021263  -0.00147471    0.0047373
 -0.00147471   0.00164549  -0.00588528
   0.0047373  -0.00588528    0.0223598
   0.0203795  -0.00106188   0.00358947
 -0.00106188     0.001386  -0.00537194
  0.00358947  -0.00537194    0.0219508
   0.0203193  -0.00153025   0.00452907
 -0.00153025   0.00114403  -0.00485697
  0.00452907  -0.00485697    0.0220431
   0.0216643  -0.00234942   0.00665688
 -0.00234942   0.00107385  -0.00463717
  0.00665688  -0.00463717    0.0227925
   0.0202654  -0.00186103   0.00547619
 -0.00186103  0.000930449  -0.00429492
  0.00547619  -0.00429492    0.0222034
   0.0216983  -0.00256441   0.00754719
 -0.00256441  0.000857156  -0.00396049
  0.00754719  -0.00396049    0.0230498
   0.0225519  -0.00293081   0.00827556
 -0.00293081  0.000948778  -0.00414653
  0.00827556  -0.00414653     0.023463
   0.0202106  -0.00209142   0.00641041
 -0.00209142  0.000744371  -0.00368327
  0.00641041  -0.00368327    0.0224418
   0.0182531  7.80316e-05 -0.000643086
 7.80316e-05  0.000702865  -0.00370885
-0.000643086  -0.00370885    0.0205109
   0.0181579 -0.000415936  0.000716232
-0.000415936  0.000648631   -0.0035563
 0.000716232   -0.0035563    0.0205144
    0.018118 -0.000503486   0.00145683
-0.000503486  0.000728881  -0.00380477
  0.00145683  -0.00380477    0.0207708
   0.0181685 -0.000967872   0.00276018
-0.000967872  0.000640236  -0.00349344
  0.00276018  -0.00349344    0.0209477
   0.0182868 -0.000971729   0.00210264
-0.000971729  0.000601591  -0.00331926
  0.00210264  -0.00331926    0.0206763
   0.0183468  -0.00111171   0.00345936
 -0.00111171  0.000705799  -0.00369922
  0.00345936  -0.00369922    0.0212425
   0.0184142  -0.00146735   0.00405021
 -0.00146735  0.000567788  -0.00312766
  0.00405021  -0.00312766    0.0212658
   0.0184814  -0.00150055   0.00465206
 -0.00150055  0.000591498  -0.00325047
  0.00465206  -0.00325047    0.0215518
   0.0188491  -0.00187908   0.00583136
 -0.00187908  0.000512827  -0.00275931
  0.00583136  -0.00275931    0.0219378
   0.0184528  -0.00154732   0.00338436
 -0.00154732  0.000564355  -0.00301955
  0.00338436  -0.00301955    0.0209294
   0.0188797  -0.00196022   0.00532451
 -0.00196022  0.000525923  -0.00272983
  0.00532451  -0.00272983    0.0216632
   0.0184925  -0.00203294   0.00447885
 -0.00203294  0.000539356  -0.00265514
  0.00447885  -0.00265514    0.0211083
   0.0189833  -0.00170732   0.00537004
 -0.00170732  0.000651241  -0.00343251
  0.00537004  -0.00343251    0.0219067
   0.0191559  -0.00196201   0.00641534
 -0.00196201  0.000533213  -0.00284897
  0.00641534  -0.00284897    0.0222509
   0.0189793  -0.00141417    0.0043163
 -0.00141417  0.000801269  -0.00396266
   0.0043163  -0.00396266    0.0216355
   0.0190185   -0.0010616   0.00324536
  -0.0010616   0.00096947  -0.00443621
  0.00324536  -0.00443621     0.021473
   0.0183397 -0.000715602   0.00224926
-0.000715602    0.0008322  -0.00408663
  0.00224926  -0.00408663    0.0210576
   0.0183837 -0.000268877    0.0010498
-0.000268877  0.000963382  -0.00440094
   0.0010498  -0.00440094     0.020996
   0.0191287 -0.000611022   0.00221396
-0.000611022      0.00115  -0.00484774
  0.00221396  -0.00484774    0.0214189
   0.0181974 -4.81635e-05  0.000161474
-4.81635e-05  0.000819554  -0.00403398
 0.000161474  -0.00403398    0.0207287
   0.0181097  -0.00235665   0.00518964
 -0.00235665  0.000513856  -0.00223006
  0.00518964  -0.00223006    0.0213709
   0.0192539  -0.00239219    0.0065271
 -0.00239219   0.00050447  -0.00229606
   0.0065271  -0.00229606    0.0220811
   0.0193138  -0.00266485   0.00759378
 -0.00266485   0.00049461  -0.00180814
  0.00759378  -0.00180814    0.0224047
   0.0177976  -0.00253808     0.005586
 -0.00253808  0.000497227  -0.00177566
    0.005586  -0.00177566     0.022226
   0.0198486  -0.00256367   0.00831964
 -0.00256367  0.000459464   -0.0016996
  0.00831964   -0.0016996    0.0229062
   0.0192305  -0.00276902   0.00845903
 -0.00276902  0.000489805  -0.00131685
  0.00845903  -0.00131685    0.0227808
   0.0202546  -0.00272985   0.00950221
 -0.00272985  0.000471474  -0.00117107
  0.00950221  -0.00117107    0.0234512
   0.0179177  -0.00266189   0.00630698
 -0.00266189  0.000490381  -0.00135236
  0.00630698  -0.00135236    0.0231629
   0.0203684  -0.00255592   0.00983363
 -0.00255592   0.00044021 -0.000924649
  0.00983363 -0.000924649    0.0236288
   0.0198754  -0.00243397   0.00866272
 -0.00243397  0.000427711  -0.00156237
  0.00866272  -0.00156237    0.0231063
   0.0194538   -0.0022203   0.00749782
  -0.0022203   0.00045568  -0.00222229
  0.00749782  -0.00222229    0.0226507
   0.0193222  -0.00225599   0.00704516
 -0.00225599  0.000466391  -0.00223912
  0.00704516  -0.00223912    0.0223883
   0.0166781  -0.00247378   0.00422312
 -0.00247378  0.000481723  -0.00137504
  0.00422312  -0.00137504    0.0232673
   0.0169052  -0.00241619   0.00369303
 -0.00241619   0.00049209   -0.0017429
  0.00369303   -0.0017429    0.0228771
   0.0151838  -0.00208032    0.0015389
 -0.00208032  0.000455387  -0.00157007
   0.0015389  -0.00157007    0.0224782
   0.0168679  -0.00219923   0.00294577
 -0.00219923  0.000502159  -0.00212948
  0.00294577  -0.00212948    0.0221022
   0.0157222  -0.00203415   0.00107638
 -0.00203415  0.000479347  -0.00197749
  0.00107638  -0.00197749    0.0225364
   0.0163335  -0.00183953  0.000837658
 -0.00183953  0.000505199  -0.00235894
 0.000837658  -0.00235894    0.0219032
   0.0172443  -0.00192742   0.00256744
 -0.00192742  0.000519536  -0.00248438
  0.00256744  -0.00248438    0.0211641
   0.0148074  -0.00157422  -0.00107983
 -0.00157422  0.000434081  -0.00199885
 -0.00107983  -0.00199885     0.022106
   0.0177166  -0.00156203   0.00222068
 -0.00156203  0.000541942  -0.00280892
  0.00222068  -0.00280892    0.0203077
   0.0182012  -0.00104179   0.00126399
 -0.00104179  0.000564282  -0.00310509
  0.00126399  -0.00310509    0.0202885
   0.0174897   -0.0010358 -0.000207949
  -0.0010358  0.000511589  -0.00283597
-0.000207949  -0.00283597    0.0204275
   0.0184402 -0.000459469 -1.08601e-05
-0.000459469  0.000582482  -0.00329989
-1.08601e-05  -0.00329989    0.0202615
   0.0183384 -0.000512263  -0.00108892
-0.000512263   0.00051231  -0.00299662
 -0.00108892  -0.00299662    0.0202388
   0.0189779  1.02994e-05  -0.00223264
 1.02994e-05  0.000510422  -0.00303033
 -0.00223264  -0.00303033    0.0201557
   0.0184814  0.000104982  -0.00145061
 0.000104982  0.000600179   -0.0033804
 -0.00145061   -0.0033804    0.0202796
   0.0174155 -0.000534321  -0.00246603
-0.000534321  0.000429082  -0.00261039
 -0.00246603  -0.00261039     0.020264
   0.0187771 -6.89133e-05  -0.00337308
-6.89133e-05  0.000413312  -0.00261884
 -0.00337308  -0.00261884    0.0202285
   0.0177565 -0.000212299  -0.00423843
-0.000212299  0.000325409  -0.00215436
 -0.00423843  -0.00215436    0.0199754
   0.0166547 -0.000572247  -0.00350299
-0.000572247  0.000357858  -0.00226339
 -0.00350299  -0.00226339    0.0207041
   0.0167153 -0.000969467  -0.00169907
-0.000969467   0.00044924  -0.00257001
 -0.00169907  -0.00257001     0.021018
   0.0155039 -0.000998313  -0.00283154
-0.000998313  0.000401427  -0.00226693
 -0.00283154  -0.00226693     0.022081
   0.0158074  -0.00139162  -0.00131319
 -0.00139162  0.000459981  -0.00236893
 -0.00131319  -0.00236893    0.0217941
   0.0168806  -0.00147566  0.000278653
 -0.00147566  0.000506099  -0.00262143
 0.000278653  -0.00262143    0.0212377
   0.0157252 -0.000545869  -0.00434284
-0.000545869  0.000307443  -0.00204044
 -0.00434284  -0.00204044    0.0211385
   0.0166181 -0.000304039  -0.00485621
-0.000304039  0.000255229  -0.00167712
 -0.00485621  -0.00167712    0.0192733
  0.00585026  -0.00491653  -0.00442705
 -0.00491653   0.00449806   0.00456401
 -0.00442705   0.00456401    0.0216198
  0.00596249  -0.00507181  -0.00384288
 -0.00507181   0.00463922   0.00419764
 -0.00384288   0.00419764    0.0219689
  0.00574137  -0.00444312  -0.00339295
 -0.00444312   0.00370552   0.00300132
 -0.00339295   0.00300132    0.0221554
  0.00602804  -0.00459162   -0.0027068
 -0.00459162   0.00384543   0.00307084
  -0.0027068   0.00307084    0.0225959
  0.00622881   -0.0051876  -0.00312048
  -0.0051876   0.00473107   0.00414144
 -0.00312048   0.00414144    0.0222911
  0.00581206  -0.00403598  -0.00225921
 -0.00403598   0.00307289   0.00214813
 -0.00225921   0.00214813    0.0229581
  0.00650774  -0.00464904  -0.00186101
 -0.00464904   0.00389291   0.00352755
 -0.00186101   0.00352755    0.0230388
  0.00630563   -0.0041053  -0.00145666
  -0.0041053   0.00312962   0.00268025
 -0.00145666   0.00268025    0.0235167
   0.0070008   -0.0040843 -0.000521957
  -0.0040843   0.00317082   0.00349212
-0.000521957   0.00349212     0.024062
  0.00669406   -0.0052252  -0.00223592
  -0.0052252   0.00476153   0.00446945
 -0.00223592   0.00446945    0.0226185
  0.00718939  -0.00461843 -0.000871252
 -0.00461843   0.00395544   0.00427838
-0.000871252   0.00427838    0.0234622
  0.00735722   -0.0051958  -0.00121375
  -0.0051958   0.00485539   0.00511109
 -0.00121375   0.00511109    0.0229282
  0.00611537  -0.00366266    -0.001103
 -0.00366266   0.00254117   0.00207732
   -0.001103   0.00207732    0.0240531
  0.00680687  -0.00363846 -0.000223133
 -0.00363846   0.00255721   0.00287809
-0.000223133   0.00287809    0.0247047
   0.0066435  -0.00333222 -4.64225e-06
 -0.00333222   0.00214672   0.00241665
-4.64225e-06   0.00241665    0.0253518
  0.00633502   -0.0035616  -0.00103574
  -0.0035616   0.00227599   0.00179198
 -0.00103574   0.00179198    0.0247964
  0.00583735  -0.00371935  -0.00199204
 -0.00371935   0.00254579   0.00159518
 -0.00199204   0.00159518    0.0235196
  0.00628006   -0.0037228  -0.00194607
  -0.0037228    0.0023494    0.0013538
 -0.00194607    0.0013538    0.0242144
  0.00570064  -0.00363379  -0.00266906
 -0.00363379   0.00241963   0.00142181
 -0.00266906   0.00142181    0.0229187
  0.00558665  -0.00391169  -0.00296916
 -0.00391169   0.00293247   0.00202501
 -0.00296916   0.00202501    0.0224614
  0.00546484  -0.00369816  -0.00347184
 -0.00369816   0.00269574   0.00216605
 -0.00347184   0.00216605     0.021873
  0.00619787  -0.00364956  -0.00257849
 -0.00364956   0.00222887   0.00120665
 -0.00257849   0.00120665    0.0221429
  0.00557208   -0.0034095  -0.00311497
  -0.0034095   0.00217191   0.00151917
 -0.00311497   0.00151917    0.0216989
  0.00599541  -0.00341566  -0.00299227
 -0.00341566   0.00200723   0.00128449
 -0.00299227   0.00128449     0.021079
  0.00561696  -0.00424718  -0.00393202
 -0.00424718   0.00349713   0.00323772
 -0.00393202   0.00323772    0.0216818
  0.00814726  -0.00507622 -0.000142354
 -0.00507622   0.00506361   0.00598886
-0.000142354   0.00598886    0.0231701
  0.00801788  -0.00449831  0.000165715
 -0.00449831   0.00409091   0.00522604
 0.000165715   0.00522604    0.0238307
  0.00884464  -0.00431784   0.00110886
 -0.00431784   0.00435809   0.00621733
  0.00110886   0.00621733    0.0241014
  0.00891643  -0.00488077  0.000832682
 -0.00488077   0.00543637   0.00696749
 0.000832682   0.00696749    0.0232973
  0.00870759  -0.00381135     0.001347
 -0.00381135   0.00340324   0.00539848
    0.001347   0.00539848    0.0249707
  0.00947638  -0.00409892    0.0017995
 -0.00409892   0.00472754   0.00713801
   0.0017995   0.00713801    0.0242844
  0.00939812  -0.00364235   0.00198291
 -0.00364235   0.00364945   0.00620172
  0.00198291   0.00620172    0.0253046
  0.00975044  -0.00352852   0.00227666
 -0.00352852   0.00393131   0.00669631
  0.00227666   0.00669631    0.0255794
  0.00947585  -0.00461467   0.00156092
 -0.00461467   0.00592544   0.00793821
  0.00156092   0.00793821    0.0233327
  0.00976026   -0.0039083   0.00215697
  -0.0039083   0.00511936   0.00780414
  0.00215697   0.00780414    0.0244165
  0.00969389  -0.00435883   0.00196071
 -0.00435883   0.00643426    0.0087304
  0.00196071    0.0087304    0.0233172
  0.00924599  -0.00328898    0.0020722
 -0.00328898    0.0027981   0.00524435
   0.0020722   0.00524435    0.0263468
  0.00965362  -0.00324232   0.00230023
 -0.00324232   0.00298454   0.00550708
  0.00230023   0.00550708    0.0267456
  0.00948737   -0.0030697   0.00223753
  -0.0030697   0.00231369   0.00429317
  0.00223753   0.00429317    0.0278625
  0.00904472  -0.00306685    0.0020786
 -0.00306685   0.00219101   0.00428239
   0.0020786   0.00428239    0.0273576
  0.00852364  -0.00341391   0.00150397
 -0.00341391    0.0026575   0.00462078
  0.00150397   0.00462078     0.025873
  0.00831978  -0.00314746   0.00158083
 -0.00314746    0.0021263   0.00387702
  0.00158083   0.00387702    0.0267577
  0.00765527  -0.00354505  0.000688247
 -0.00354505   0.00258115   0.00378959
 0.000688247   0.00378959    0.0253198
  0.00784554  -0.00397214  0.000459823
 -0.00397214   0.00324267   0.00445426
 0.000459823   0.00445426    0.0245548
  0.00746491  -0.00324455  0.000842447
 -0.00324455   0.00211584   0.00321333
 0.000842447   0.00321333     0.026076
   0.0138291  -0.00566789  -0.00156638
 -0.00566789   0.00258919   0.00244799
 -0.00156638   0.00244799    0.0221224
   0.0123612  -0.00509663 -0.000959642
 -0.00509663   0.00239981   0.00268758
-0.000959642   0.00268758    0.0230031
   0.0104808  -0.00393791  0.000291246
 -0.00393791   0.00185204   0.00256898
 0.000291246   0.00256898    0.0253777
  0.00954544  -0.00383663  0.000196263
 -0.00383663   0.00190691   0.00265836
 0.000196263   0.00265836    0.0252774
   0.0120838  -0.00532611  -0.00142082
 -0.00532611   0.00264299   0.00285393
 -0.00142082   0.00285393    0.0223298
  0.00839527  -0.00317809  0.000944994
 -0.00317809   0.00166322    0.0027575
 0.000944994    0.0027575    0.0262284
  0.00922278  -0.00409311 -0.000434648
 -0.00409311   0.00214063   0.00255713
-0.000434648   0.00255713    0.0248092
  0.00767755  -0.00326201  0.000404665
 -0.00326201   0.00177742   0.00249948
 0.000404665   0.00249948    0.0259525
  0.00777637  -0.00375848 -0.000562865
 -0.00375848   0.00211665   0.00219182
-0.000562865   0.00219182    0.0258669
   0.0109914  -0.00526056  -0.00187094
 -0.00526056   0.00279562   0.00289364
 -0.00187094   0.00289364    0.0211763
  0.00898947  -0.00448287  -0.00151265
 -0.00448287   0.00248641   0.00243471
 -0.00151265   0.00243471    0.0226128
   0.0104968  -0.00549318  -0.00257168
 -0.00549318    0.0031034   0.00289644
 -0.00257168   0.00289644    0.0199744
  0.00726019  -0.00304886  0.000848497
 -0.00304886   0.00180167   0.00273311
 0.000848497   0.00273311    0.0262255
  0.00695371  -0.00337366 -0.000109609
 -0.00337366   0.00200735    0.0022045
-0.000109609    0.0022045     0.025841
  0.00816374  -0.00302348   0.00140397
 -0.00302348   0.00177891   0.00323041
  0.00140397   0.00323041    0.0268183
  0.00897894   -0.0030189   0.00176089
  -0.0030189   0.00180104   0.00345007
  0.00176089   0.00345007    0.0275819
  0.00945966  -0.00332017   0.00110196
 -0.00332017   0.00168232   0.00281668
  0.00110196   0.00281668    0.0265462
   0.0103613  -0.00354367   0.00103289
 -0.00354367   0.00177476   0.00253296
  0.00103289   0.00253296    0.0272861
  0.00954392  -0.00309745   0.00179282
 -0.00309745   0.00188859   0.00328112
  0.00179282   0.00328112    0.0282333
    0.011739  -0.00437005 -0.000142344
 -0.00437005   0.00199041   0.00226857
-0.000142344   0.00226857    0.0250256
   0.0101503  -0.00556207  -0.00291076
 -0.00556207   0.00322654   0.00280742
 -0.00291076   0.00280742    0.0194007
  0.00899236  -0.00479854  -0.00237614
 -0.00479854   0.00273181   0.00228215
 -0.00237614   0.00228215     0.020768
  0.00933658  -0.00513292  -0.00322779
 -0.00513292    0.0029397   0.00235984
 -0.00322779   0.00235984    0.0203618
    0.010226   -0.0057162  -0.00339355
  -0.0057162   0.00333466   0.00285939
 -0.00339355   0.00285939    0.0193741
  0.00821387  -0.00448586  -0.00271336
 -0.00448586    0.0025675   0.00185284
 -0.00271336   0.00185284    0.0214208
   0.0090857   -0.0049074  -0.00349905
  -0.0049074   0.00276357   0.00230483
 -0.00349905   0.00230483    0.0199516
  0.00838882  -0.00451615   -0.0032706
 -0.00451615   0.00251302    0.0017029
  -0.0032706    0.0017029    0.0210239
  0.00797222   -0.0041476  -0.00359914
  -0.0041476   0.00223572   0.00163227
 -0.00359914   0.00163227     0.020992
  0.00963476  -0.00533899  -0.00370741
 -0.00533899   0.00309063   0.00278263
 -0.00370741   0.00278263    0.0182112
   0.0085768  -0.00439718  -0.00368801
 -0.00439718   0.00237613   0.00218035
 -0.00368801   0.00218035    0.0191523
  0.00926574  -0.00494866  -0.00388543
 -0.00494866    0.0028205   0.00289107
 -0.00388543   0.00289107    0.0181297
  0.00713369   -0.0039512   -0.0028993
  -0.0039512   0.00226418   0.00140947
  -0.0028993   0.00140947    0.0212716
  0.00665601  -0.00356423  -0.00319722
 -0.00356423   0.00197395   0.00135689
 -0.00319722   0.00135689    0.0207931
  0.00706819  -0.00396998   -0.0022173
 -0.00396998   0.00234655   0.00146419
  -0.0022173   0.00146419    0.0227357
  0.00695907  -0.00373255  -0.00117321
 -0.00373255    0.0022276   0.00174475
 -0.00117321   0.00174475    0.0255538
  0.00788426  -0.00416132  -0.00180226
 -0.00416132    0.0023816   0.00194028
 -0.00180226   0.00194028    0.0230841
  0.00954941  -0.00416339   0.00204064
 -0.00416339   0.00682854   0.00924279
  0.00204064   0.00924279    0.0232862
  0.00967187  -0.00380271   0.00218058
 -0.00380271   0.00541354   0.00812665
  0.00218058   0.00812665    0.0245255
  0.00929608  -0.00378589   0.00194871
 -0.00378589   0.00553121   0.00810814
  0.00194871   0.00810814    0.0246276
  0.00914806   -0.0040548   0.00187279
  -0.0040548   0.00704661   0.00945536
  0.00187279   0.00945536    0.0232659
  0.00938107  -0.00357807   0.00191711
 -0.00357807   0.00421265   0.00653505
  0.00191711   0.00653505    0.0260164
   0.0087769  -0.00380411   0.00155162
 -0.00380411   0.00547466    0.0078581
  0.00155162    0.0078581    0.0247478
  0.00888321  -0.00366476    0.0014406
 -0.00366476   0.00412684   0.00603524
   0.0014406   0.00603524    0.0262198
  0.00834761  -0.00369483  0.000880398
 -0.00369483   0.00393668   0.00544952
 0.000880398   0.00544952    0.0264293
  0.00861865  -0.00398824   0.00154529
 -0.00398824   0.00707244   0.00943798
  0.00154529   0.00943798    0.0232847
  0.00822288  -0.00378571   0.00106638
 -0.00378571   0.00528635   0.00749013
  0.00106638   0.00749013    0.0248847
  0.00807235  -0.00390563   0.00112387
 -0.00390563   0.00694353   0.00928908
  0.00112387   0.00928908    0.0233335
  0.00893411  -0.00357844   0.00122023
 -0.00357844   0.00314825   0.00413104
  0.00122023   0.00413104    0.0276228
  0.00842376  -0.00364012  0.000590471
 -0.00364012   0.00301427   0.00332976
 0.000590471   0.00332976    0.0278774
  0.00845106  -0.00362072  0.000251058
 -0.00362072   0.00252929   0.00127664
 0.000251058   0.00127664    0.0291916
  0.00892842  -0.00353968  0.000940425
 -0.00353968   0.00255731   0.00223368
 0.000940425   0.00223368    0.0289151
  0.00939823  -0.00343969   0.00177779
 -0.00343969   0.00320585   0.00486049
  0.00177779   0.00486049    0.0273625
  0.00934771  -0.00336293   0.00157217
 -0.00336293   0.00254112   0.00315493
  0.00157217   0.00315493    0.0286137
  0.00968693  -0.00329934   0.00217512
 -0.00329934    0.0031503   0.00536239
  0.00217512   0.00536239     0.027079
  0.00971721  -0.00350908   0.00222987
 -0.00350908   0.00414556   0.00679791
  0.00222987   0.00679791    0.0258116
    0.009574  -0.00317777   0.00204663
 -0.00317777   0.00245184    0.0038879
  0.00204663    0.0038879    0.0282735
  0.00754907  -0.00377682  0.000637481
 -0.00377682   0.00668643   0.00912189
 0.000637481   0.00912189    0.0233802
   0.0076988  -0.00368153  0.000511248
 -0.00368153   0.00499992   0.00713328
 0.000511248   0.00713328    0.0250094
  0.00721748  -0.00349353 -9.63573e-05
 -0.00349353   0.00465574   0.00688069
-9.63573e-05   0.00688069    0.0251032
  0.00706994  -0.00359224  0.000105081
 -0.00359224   0.00636454   0.00900612
 0.000105081   0.00900612    0.0233993
   0.0073611  -0.00339839  -0.00041037
 -0.00339839   0.00336189   0.00450205
 -0.00041037   0.00450205     0.026754
  0.00678593  -0.00325477 -0.000742928
 -0.00325477   0.00430968   0.00672479
-0.000742928   0.00672479    0.0251773
    0.006937  -0.00311419  -0.00111904
 -0.00311419   0.00302168   0.00424686
 -0.00111904   0.00424686    0.0268674
  0.00659803  -0.00281437  -0.00177264
 -0.00281437   0.00268458   0.00414386
 -0.00177264   0.00414386    0.0267748
  0.00664313  -0.00337355 -0.000460044
 -0.00337355   0.00603234   0.00893562
-0.000460044   0.00893562    0.0233971
  0.00641902  -0.00299005  -0.00138092
 -0.00299005   0.00397724   0.00668305
 -0.00138092   0.00668305    0.0250057
   0.0062806  -0.00313501  -0.00102646
 -0.00313501   0.00572303   0.00891903
 -0.00102646   0.00891903    0.0233897
  0.00708371  -0.00299204  -0.00156294
 -0.00299204   0.00226988   0.00172181
 -0.00156294   0.00172181    0.0283675
  0.00689516  -0.00266185  -0.00221794
 -0.00266185   0.00193012   0.00161356
 -0.00221794   0.00161356     0.028018
  0.00706346  -0.00253447  -0.00261464
 -0.00253447    0.0016999 -0.000759042
 -0.00261464 -0.000759042    0.0294615
  0.00719667  -0.00291321  -0.00199561
 -0.00291321   0.00202996 -0.000611118
 -0.00199561 -0.000611118    0.0296079
  0.00748675  -0.00332707 -0.000816278
 -0.00332707   0.00257186   0.00206776
-0.000816278   0.00206776    0.0282589
  0.00757034  -0.00328749  -0.00122972
 -0.00328749   0.00229216 -0.000211817
 -0.00122972 -0.000211817    0.0295523
  0.00793394  -0.00355936 -9.29415e-05
 -0.00355936   0.00282387   0.00260631
-9.29415e-05   0.00260631    0.0280992
  0.00782901  -0.00360848  0.000260728
 -0.00360848   0.00367341   0.00490213
 0.000260728   0.00490213    0.0266145
   0.0079868  -0.00354155 -0.000473546
 -0.00354155   0.00244595   0.00042461
-0.000473546   0.00042461    0.0294142
   0.0132728  -0.00578872  -0.00599122
 -0.00578872   0.00343195  -0.00139807
 -0.00599122  -0.00139807    0.0224743
   0.0137958  -0.00619572  -0.00553167
 -0.00619572   0.00360744  -0.00142896
 -0.00553167  -0.00142896    0.0226474
   0.0107856  -0.00462111   -0.0043904
 -0.00462111   0.00295177  -0.00261446
  -0.0043904  -0.00261446    0.0264757
   0.0112412  -0.00495263  -0.00379959
 -0.00495263   0.00298342  -0.00231772
 -0.00379959  -0.00231772    0.0265287
   0.0142826  -0.00645827  -0.00503867
 -0.00645827   0.00360307  -0.00127061
 -0.00503867  -0.00127061    0.0226881
  0.00909623  -0.00394787  -0.00261241
 -0.00394787   0.00257729  -0.00265502
 -0.00261241  -0.00265502    0.0291686
   0.0116656   -0.0051252  -0.00319473
  -0.0051252   0.00287594  -0.00182495
 -0.00319473  -0.00182495    0.0264507
   0.0095125  -0.00416693  -0.00192274
 -0.00416693   0.00252197   -0.0020216
 -0.00192274   -0.0020216    0.0290722
  0.00993527  -0.00422187  -0.00121765
 -0.00422187   0.00240677  -0.00118126
 -0.00121765  -0.00118126    0.0288752
    0.014662  -0.00658646  -0.00452241
 -0.00658646   0.00348462  -0.00091695
 -0.00452241  -0.00091695    0.0225919
    0.012033  -0.00516723  -0.00255592
 -0.00516723   0.00271299  -0.00110241
 -0.00255592  -0.00110241     0.026251
   0.0149597  -0.00659458   -0.0039644
 -0.00659458   0.00330799 -0.000368119
  -0.0039644 -0.000368119    0.0224074
  0.00830808  -0.00364186  -0.00108962
 -0.00364186   0.00234611  -0.00119554
 -0.00108962  -0.00119554    0.0299072
  0.00874471  -0.00371708 -0.000356334
 -0.00371708   0.00232236 -0.000299097
-0.000356334 -0.000299097    0.0296897
  0.00790322  -0.00339493  -0.00183055
 -0.00339493   0.00230209  -0.00186693
 -0.00183055  -0.00186693    0.0300189
  0.00754576  -0.00299718  -0.00257705
 -0.00299718   0.00211581  -0.00228697
 -0.00257705  -0.00228697    0.0300099
   0.0086998  -0.00356693  -0.00329927
 -0.00356693   0.00246919  -0.00303843
 -0.00329927  -0.00303843    0.0291174
  0.00853515  -0.00309865  -0.00389262
 -0.00309865   0.00216058  -0.00314427
 -0.00389262  -0.00314427    0.0289873
  0.00755338  -0.00260028   -0.0031945
 -0.00260028   0.00179556  -0.00239831
  -0.0031945  -0.00239831    0.0297315
   0.0105114  -0.00417974  -0.00493081
 -0.00417974   0.00270621   -0.0026572
 -0.00493081   -0.0026572    0.0262889
   0.0151652   -0.0064994  -0.00336568
  -0.0064994   0.00310377  0.000353137
 -0.00336568  0.000353137    0.0221554
   0.0123373  -0.00506756  -0.00189615
 -0.00506756    0.0025173 -0.000214123
 -0.00189615 -0.000214123    0.0259858
   0.0125138  -0.00489296  -0.00125957
 -0.00489296   0.00230773  0.000772948
 -0.00125957  0.000772948    0.0256501
   0.0152482   -0.0063555  -0.00273287
  -0.0063555   0.00290579   0.00113263
 -0.00273287   0.00113263    0.0219612
   0.0105964  -0.00393283   0.00016555
 -0.00393283   0.00206436  0.000897826
  0.00016555  0.000897826    0.0282728
   0.0124102  -0.00467113 -0.000626085
 -0.00467113   0.00213168   0.00162192
-0.000626085   0.00162192    0.0253005
   0.0106692  -0.00371979  0.000691684
 -0.00371979   0.00189402   0.00186916
 0.000691684   0.00186916    0.0278633
   0.0147105  -0.00600874  -0.00208519
 -0.00600874   0.00269625   0.00187912
 -0.00208519   0.00187912    0.0219882
  0.00968933  -0.00322352   0.00154993
 -0.00322352   0.00200652   0.00267826
  0.00154993   0.00267826     0.028713
  0.00953021  -0.00343268   0.00103691
 -0.00343268   0.00214184   0.00177502
  0.00103691   0.00177502      0.02909
  0.00917911  -0.00362035  0.000363221
 -0.00362035   0.00225168  0.000725629
 0.000363221  0.000725629    0.0294108
   0.0103165  -0.00413065   -0.0005037
 -0.00413065   0.00225108  -0.00017384
  -0.0005037  -0.00017384       0.0286
   0.0047989  -0.00848452  -0.00229073
 -0.00848452    0.0256892    0.0149878
 -0.00229073    0.0149878    0.0154063
  0.00527248   -0.0084673  -0.00167154
  -0.0084673    0.0244544    0.0143455
 -0.00167154    0.0143455    0.0160035
  0.00537169  -0.00823385  -0.00226694
 -0.00823385    0.0203169    0.0132943
 -0.00226694    0.0132943    0.0172706
  0.00590213  -0.00824645  -0.00156117
 -0.00824645    0.0194196    0.0126322
 -0.00156117    0.0126322    0.0176379
  0.00584032  -0.00845334  -0.00102155
 -0.00845334    0.0233046    0.0137971
 -0.00102155    0.0137971    0.0165341
   0.0060098  -0.00800629    -0.002156
 -0.00800629    0.0158961    0.0114203
   -0.002156    0.0114203    0.0187021
  0.00650724  -0.00824576 -0.000849237
 -0.00824576    0.0186723    0.0121857
