           0            0            0
           0            0            0
           0            0            0
   0.0175889  -0.00182728   0.00151805
 -0.00182728  0.000298648  0.000935424
  0.00151805  0.000935424     0.013399
   0.0154974  -0.00128017   0.00400929
 -0.00128017  0.000219634  0.000904783
  0.00400929  0.000904783    0.0165043
   0.0132722 -0.000982565   0.00626744
-0.000982565  0.000179182  0.000650856
  0.00626744  0.000650856    0.0181538
   0.0127325  -0.00102878    0.0073126
 -0.00102878  0.000183663   0.00036444
   0.0073126   0.00036444    0.0182844
   0.0128766  -0.00123693   0.00696471
 -0.00123693  0.000209875  0.000174005
  0.00696471  0.000174005    0.0187348
   0.0112311  -0.00115671   0.00579496
 -0.00115671  0.000192326  8.02983e-05
  0.00579496  8.02983e-05     0.016803
   0.0117727  -0.00135456   0.00518252
 -0.00135456  0.000216949 -0.000127035
  0.00518252 -0.000127035    0.0180764
   0.0130823   -0.0014053   0.00630195
  -0.0014053  0.000228416 -3.78339e-05
  0.00630195 -3.78339e-05    0.0192221
   0.0117052    -0.001432   0.00392832
   -0.001432  0.000235786 -0.000410706
  0.00392832 -0.000410706    0.0191431
   0.0131436  -0.00151188   0.00513242
 -0.00151188  0.000244478 -0.000330308
  0.00513242 -0.000330308    0.0203117
   0.0117814  -0.00140917   0.00245106
 -0.00140917  0.000255351 -0.000757566
  0.00245106 -0.000757566    0.0204495
   0.0133839  -0.00159995   0.00465723
 -0.00159995  0.000255928   -0.0005552
  0.00465723   -0.0005552    0.0206257
   0.0258987 -0.000724544   0.00756409
-0.000724544  0.000404156   0.00197946
  0.00756409   0.00197946    0.0159832
    0.022243 -0.000537787   0.00963993
-0.000537787  0.000503888   0.00239594
  0.00963993   0.00239594    0.0192304
   0.0223424 -0.000317895   0.00955806
-0.000317895  0.000432056   0.00233596
  0.00955806   0.00233596    0.0192199
   0.0200163 -0.000173085    0.0112399
-0.000173085  0.000501975   0.00260962
   0.0112399   0.00260962    0.0217435
   0.0198253 -0.000386654    0.0112508
-0.000386654  0.000571285   0.00264648
   0.0112508   0.00264648    0.0217253
   0.0198285 -0.000122787    0.0110036
-0.000122787  0.000430958   0.00242752
   0.0110036   0.00242752    0.0216595
   0.0184692 -0.000203604     0.011795
-0.000203604  0.000532588   0.00264956
    0.011795   0.00264956    0.0229242
   0.0183396 -0.000144258    0.0115872
-0.000144258  0.000464857   0.00249017
   0.0115872   0.00249017    0.0228332
   0.0179314 -0.000334099    0.0115776
-0.000334099  0.000462864   0.00234158
   0.0115776   0.00234158     0.023132
   0.0182414 -0.000398575    0.0117641
-0.000398575  0.000596092   0.00267066
   0.0117641   0.00267066    0.0229006
   0.0180454 -0.000407108    0.0117821
-0.000407108  0.000524864   0.00247769
   0.0117821   0.00247769    0.0232475
   0.0178157 -0.000587314     0.011739
-0.000587314  0.000583495   0.00249193
    0.011739   0.00249193    0.0232457
   0.0180761 -0.000246455     0.011315
-0.000246455  0.000393492   0.00217881
    0.011315   0.00217881    0.0227529
   0.0176682 -0.000414091    0.0112911
-0.000414091   0.00039867   0.00205631
   0.0112911   0.00205631      0.02302
   0.0174575 -0.000612404    0.0110736
-0.000612404  0.000338289   0.00166005
   0.0110736   0.00166005    0.0229994
   0.0178819 -0.000467281    0.0111308
-0.000467281  0.000326674   0.00176333
   0.0111308   0.00176333     0.022774
   0.0195471 -0.000252757    0.0107487
-0.000252757  0.000359741   0.00210305
   0.0107487   0.00210305    0.0216096
   0.0193841 -0.000504481    0.0106208
-0.000504481   0.00029728   0.00168818
   0.0106208   0.00168818    0.0216778
   0.0217998 -0.000489792   0.00910694
-0.000489792  0.000307998   0.00182122
  0.00910694   0.00182122    0.0191398
   0.0220852 -0.000305128   0.00931085
-0.000305128  0.000365708   0.00214001
  0.00931085   0.00214001    0.0191481
   0.0254744 -0.000659745   0.00718323
-0.000659745  0.000296582   0.00170027
  0.00718323   0.00170027    0.0158995
   0.0216795 -0.000783717   0.00886097
-0.000783717  0.000263878   0.00147171
  0.00886097   0.00147171    0.0192632
   0.0250522 -0.000908435   0.00697972
-0.000908435  0.000261718   0.00143191
  0.00697972   0.00143191    0.0158825
   0.0253211  -0.00130692   0.00654542
 -0.00130692  0.000252272   0.00118635
  0.00654542   0.00118635    0.0160754
   0.0258173 -0.000566422   0.00740676
-0.000566422  0.000342302   0.00189893
  0.00740676   0.00189893    0.0159435
   0.0175324 -0.000858053    0.0111908
-0.000858053  0.000537257   0.00216834
   0.0111908   0.00216834    0.0230555
   0.0177522 -0.000701235    0.0112227
-0.000701235  0.000484599   0.00214969
   0.0112227   0.00214969    0.0230154
   0.0174998 -0.000962393    0.0106157
-0.000962393  0.000424833   0.00172193
   0.0106157   0.00172193    0.0227803
   0.0172819  -0.00108928    0.0105825
 -0.00108928  0.000468364    0.0017449
   0.0105825    0.0017449     0.022851
   0.0173588 -0.000878084    0.0103855
-0.000878084  0.000379091   0.00162369
   0.0103855   0.00162369    0.0225938
   0.0172752  -0.00118095   0.00995278
 -0.00118095  0.000355122   0.00121569
  0.00995278   0.00121569    0.0225189
    0.017119  -0.00110035   0.00971761
 -0.00110035  0.000319786   0.00114057
  0.00971761   0.00114057    0.0223039
   0.0169242  -0.00126762   0.00903075
 -0.00126762  0.000263696   0.00060938
  0.00903075   0.00060938     0.022009
   0.0170483  -0.00127303   0.00990201
 -0.00127303  0.000387156   0.00124422
  0.00990201   0.00124422    0.0226125
   0.0170925  -0.00134322   0.00926167
 -0.00134322  0.000288326  0.000661914
  0.00926167  0.000661914    0.0222489
   0.0168432  -0.00140304    0.0091792
 -0.00140304  0.000310411  0.000697915
   0.0091792  0.000697915    0.0223528
   0.0168104  -0.00110174    0.0093681
 -0.00110174  0.000287576  0.000972183
   0.0093681  0.000972183    0.0220748
   0.0165787  -0.00124964    0.0086577
 -0.00124964  0.000242428  0.000488437
   0.0086577  0.000488437    0.0217411
   0.0163136  -0.00131654    0.0083228
 -0.00131654  0.000229707  0.000290186
   0.0083228  0.000290186     0.021537
   0.0165861  -0.00120324   0.00907526
 -0.00120324  0.000263887  0.000712912
  0.00907526  0.000712912    0.0219243
   0.0170789 -0.000902569    0.0100605
-0.000902569  0.000335453   0.00141068
   0.0100605   0.00141068    0.0224045
   0.0168771  -0.00103933   0.00980251
 -0.00103933  0.000300397   0.00109663
  0.00980251   0.00109663    0.0223023
   0.0173676 -0.000670888    0.0107028
-0.000670888  0.000374632   0.00177843
   0.0107028   0.00177843    0.0227134
    0.017627 -0.000619218    0.0110042
-0.000619218  0.000428466   0.00203092
   0.0110042   0.00203092     0.022863
   0.0171586 -0.000840148    0.0104676
-0.000840148  0.000325923   0.00141789
   0.0104676   0.00141789    0.0226572
   0.0145853  -0.00157831   0.00667158
 -0.00157831  0.000249793 -0.000153083
  0.00667158 -0.000153083     0.020894
   0.0144391  -0.00145299   0.00727146
 -0.00145299  0.000245106  9.24767e-05
  0.00727146  9.24767e-05    0.0205903
   0.0159997  -0.00141014   0.00881131
 -0.00141014  0.000262171  0.000369634
  0.00881131  0.000369634    0.0217397
   0.0141056  -0.00127299   0.00791302
 -0.00127299  0.000230069  0.000296045
  0.00791302  0.000296045    0.0199529
   0.0160029  -0.00123225   0.00936643
 -0.00123225  0.000258328  0.000616089
  0.00936643  0.000616089    0.0219412
   0.0159494  -0.00100574   0.00980408
 -0.00100574   0.00024296  0.000821991
  0.00980408  0.000821991    0.0218999
   0.0141456  -0.00106266   0.00846707
 -0.00106266  0.000208519   0.00049461
  0.00846707   0.00049461    0.0198228
   0.0170253  -0.00109367    0.0103105
 -0.00109367  0.000291932  0.000975553
   0.0103105  0.000975553    0.0226949
   0.0171876  -0.00087323    0.0108576
 -0.00087323  0.000290319   0.00119309
   0.0108576   0.00119309     0.023028
   0.0167476  -0.00126324   0.00961611
 -0.00126324  0.000279328   0.00070271
  0.00961611   0.00070271    0.0222909
   0.0164597  -0.00139086   0.00884982
 -0.00139086  0.000256236  0.000380091
  0.00884982  0.000380091    0.0218506
   0.0158275  -0.00152577   0.00816505
 -0.00152577  0.000253077  7.82253e-05
  0.00816505  7.82253e-05    0.0215418
   0.0157378  -0.00160538   0.00754609
 -0.00160538  0.000245582  -0.00024508
  0.00754609  -0.00024508     0.021097
   0.0161633  -0.00146463   0.00805368
 -0.00146463  0.000231993  2.33502e-05
  0.00805368  2.33502e-05    0.0214064
   0.0145637  -0.00163863   0.00619531
 -0.00163863  0.000250619 -0.000444646
  0.00619531 -0.000444646    0.0208605
   0.0145987  -0.00094717    0.0080516
 -0.00094717  0.000189343  0.000694497
   0.0080516  0.000694497    0.0197224
   0.0166366  -0.00114692   0.00643783
 -0.00114692  0.000207691   0.00088951
  0.00643783   0.00088951    0.0185339
   0.0175931 -0.000988263   0.00823594
-0.000988263  0.000212213  0.000990445
  0.00823594  0.000990445    0.0199715
   0.0187579  -0.00157061   0.00371566
 -0.00157061  0.000250023   0.00093822
  0.00371566   0.00093822    0.0155601
   0.0195784  -0.00141253   0.00534403
 -0.00141253  0.000239775  0.000979213
  0.00534403  0.000979213    0.0167326
   0.0223389  -0.00196071   0.00291424
 -0.00196071  0.000298974  0.000935152
  0.00291424  0.000935152    0.0136823
    0.020558  -0.00206233   0.00149951
 -0.00206233  0.000319911   0.00095663
  0.00149951   0.00095663     0.013123
   0.0209376  -0.00109614   0.00764928
 -0.00109614  0.000236532   0.00117584
  0.00764928   0.00117584    0.0186332
   0.0236646  -0.00161885   0.00499788
 -0.00161885  0.000257649   0.00101019
  0.00499788   0.00101019    0.0152032
   0.0187845  -0.00077838   0.00990153
 -0.00077838  0.000246649   0.00128395
  0.00990153   0.00128395    0.0213008
   0.0173911  -0.00071966      0.01076
 -0.00071966  0.000269954   0.00130383
     0.01076   0.00130383    0.0226742
   0.0161253 -0.000870619   0.00945469
-0.000870619  0.000219556   0.00094828
  0.00945469   0.00094828    0.0213507
   0.0166278  -0.00147918   0.00840274
 -0.00147918   0.00024618  0.000112141
  0.00840274  0.000112141    0.0220911
   0.0169467    -0.001454   0.00853168
   -0.001454  0.000233386  6.68171e-05
  0.00853168  6.68171e-05    0.0219852
   0.0168308  -0.00148668   0.00776125
 -0.00148668  0.000212214 -0.000565014
  0.00776125 -0.000565014     0.021745
   0.0163995  -0.00147821   0.00757872
 -0.00147821   0.00021948 -0.000512136
  0.00757872 -0.000512136    0.0218416
   0.0167059  -0.00142331   0.00756714
 -0.00142331  0.000200699 -0.000585003
  0.00756714 -0.000585003    0.0214871
   0.0166769  -0.00144611   0.00696176
 -0.00144611  0.000232947  -0.00121834
  0.00696176  -0.00121834    0.0215175
   0.0166473  -0.00139457    0.0068005
 -0.00139457  0.000222615  -0.00122202
   0.0068005  -0.00122202    0.0212696
   0.0165574  -0.00129307    0.0060458
 -0.00129307  0.000287673  -0.00185082
   0.0060458  -0.00185082    0.0210669
   0.0161215  -0.00140376   0.00673084
 -0.00140376  0.000232665  -0.00115842
  0.00673084  -0.00115842    0.0215921
   0.0164706  -0.00133016   0.00617086
 -0.00133016  0.000297152  -0.00186458
  0.00617086  -0.00186458    0.0212892
   0.0157978  -0.00126341   0.00589282
 -0.00126341  0.000292822  -0.00180375
  0.00589282  -0.00180375    0.0213253
   0.0162173  -0.00131728   0.00636043
 -0.00131728  0.000212128  -0.00121766
  0.00636043  -0.00121766    0.0209175
   0.0161834  -0.00120666   0.00560379
 -0.00120666   0.00027229  -0.00180854
  0.00560379  -0.00180854    0.0207151
   0.0157047  -0.00113485   0.00507329
 -0.00113485  0.000261282  -0.00177863
  0.00507329  -0.00177863    0.0203525
   0.0157655  -0.00127471    0.0058776
 -0.00127471  0.000207995   -0.0012388
   0.0058776   -0.0012388    0.0205794
   0.0162701  -0.00136038   0.00714387
 -0.00136038  0.000190973  -0.00061911
  0.00714387  -0.00061911    0.0211522
   0.0158879  -0.00135739   0.00671285
 -0.00135739  0.000190904 -0.000695033
  0.00671285 -0.000695033    0.0208478
   0.0163844  -0.00134251   0.00791504
 -0.00134251  0.000203629 -4.33943e-05
  0.00791504 -4.33943e-05    0.0214258
   0.0167733  -0.00138177   0.00831361
 -0.00138177  0.000215819  3.19939e-05
  0.00831361  3.19939e-05    0.0217323
   0.0160617  -0.00137649   0.00753448
 -0.00137649  0.000199728 -0.000179219
  0.00753448 -0.000179219    0.0211693
   0.0154064  -0.00106425   0.00504088
 -0.00106425   0.00040153  -0.00246659
  0.00504088  -0.00246659    0.0210494
    0.016206  -0.00115038   0.00535348
 -0.00115038  0.000405878  -0.00252089
  0.00535348  -0.00252089    0.0210593
   0.0159173 -0.000871508   0.00448545
-0.000871508  0.000585399  -0.00320279
  0.00448545  -0.00320279     0.020844
   0.0149794 -0.000773116   0.00416055
-0.000773116  0.000590448  -0.00316569
  0.00416055  -0.00316569     0.020787
   0.0162949 -0.000849996   0.00443734
-0.000849996  0.000560206  -0.00314356
  0.00443734  -0.00314356    0.0207237
   0.0155472 -0.000501009    0.0035788
-0.000501009  0.000838136  -0.00390981
   0.0035788  -0.00390981    0.0206653
   0.0161156 -0.000487854   0.00355068
-0.000487854  0.000790985  -0.00381902
  0.00355068  -0.00381902    0.0206091
     0.01583 -3.76516e-05   0.00265082
-3.76516e-05   0.00108747  -0.00448917
  0.00265082  -0.00448917     0.020532
   0.0144881 -0.000388392   0.00328315
-0.000388392  0.000859136  -0.00389743
  0.00328315  -0.00389743    0.0205616
   0.0150681 -3.81252e-05   0.00268195
-3.81252e-05    0.0011642   -0.0046163
  0.00268195   -0.0046163    0.0205219
   0.0139355  8.54042e-05   0.00244184
 8.54042e-05   0.00121292  -0.00463952
  0.00244184  -0.00463952    0.0203789
   0.0160799 -0.000385612   0.00312141
-0.000385612  0.000729985  -0.00365893
  0.00312141  -0.00365893    0.0203629
   0.0160057  6.35792e-05   0.00223125
 6.35792e-05  0.000991927  -0.00428255
  0.00223125  -0.00428255    0.0203513
   0.0157744  0.000199734   0.00155631
 0.000199734  0.000896431  -0.00404804
  0.00155631  -0.00404804    0.0200487
   0.0157119 -0.000259672   0.00247359
-0.000259672  0.000667275  -0.00347777
  0.00247359  -0.00347777    0.0200183
   0.0161045 -0.000750293   0.00399967
-0.000750293  0.000521659  -0.00302554
  0.00399967  -0.00302554    0.0204245
    0.015675 -0.000640889   0.00338516
-0.000640889  0.000484047  -0.00289589
  0.00338516  -0.00289589    0.0200553
   0.0161264   -0.0010296   0.00482554
  -0.0010296  0.000368585  -0.00240729
  0.00482554  -0.00240729    0.0205474
   0.0164219  -0.00112255   0.00527094
 -0.00112255  0.000390932   -0.0024866
  0.00527094   -0.0024866    0.0208831
   0.0156594 -0.000937104   0.00425613
-0.000937104  0.000346895  -0.00232709
  0.00425613  -0.00232709    0.0201741
   0.0152356  0.000460701  -0.00132214
 0.000460701   0.00061977  -0.00330812
 -0.00132214  -0.00330812    0.0189941
    0.014939 -6.27351e-05 -0.000195671
-6.27351e-05  0.000501715  -0.00294533
-0.000195671  -0.00294533    0.0188793
   0.0150384 -5.54551e-05  0.000494008
-5.54551e-05  0.000530822  -0.00305185
 0.000494008  -0.00305185    0.0191328
   0.0148942 -0.000504548   0.00157415
-0.000504548  0.000416934  -0.00263059
  0.00157415  -0.00263059     0.019148
   0.0147884 -0.000555564  0.000919712
-0.000555564  0.000416577  -0.00257767
 0.000919712  -0.00257767    0.0188749
   0.0150685 -0.000511557   0.00219208
-0.000511557  0.000431102  -0.00269871
  0.00219208  -0.00269871    0.0194229
    0.014872 -0.000905999   0.00260315
-0.000905999  0.000338683  -0.00223014
  0.00260315  -0.00223014    0.0192843
   0.0150446 -0.000865887   0.00317856
-0.000865887  0.000329088  -0.00223992
  0.00317856  -0.00223992    0.0195619
   0.0151625  -0.00114325   0.00411234
 -0.00114325  0.000272598  -0.00180633
  0.00411234  -0.00180633    0.0197788
   0.0146351  -0.00098988   0.00192356
 -0.00098988  0.000358757  -0.00222798
  0.00192356  -0.00222798    0.0189623
   0.0149796  -0.00123663   0.00358265
 -0.00123663  0.000299732  -0.00186312
  0.00358265  -0.00186312    0.0195086
   0.0143779  -0.00130157   0.00275822
 -0.00130157  0.000326954  -0.00188814
  0.00275822  -0.00188814    0.0190156
   0.0152686 -0.000880267   0.00369823
-0.000880267  0.000333417  -0.00227192
  0.00369823  -0.00227192    0.0198416
   0.0153493  -0.00111166   0.00457752
 -0.00111166  0.000259668  -0.00177867
  0.00457752  -0.00177867    0.0200436
   0.0152924 -0.000560531   0.00276761
-0.000560531  0.000452551  -0.00278516
  0.00276761  -0.00278516     0.019711
   0.0153533 -0.000158694   0.00178309
-0.000158694  0.000612534    -0.003312
  0.00178309    -0.003312    0.0196757
   0.0151747 -9.14366e-05   0.00114885
-9.14366e-05  0.000567357   -0.0031714
  0.00114885   -0.0031714    0.0193901
   0.0153081  0.000399028  8.62933e-05
 0.000399028  0.000738394  -0.00363354
 8.62933e-05  -0.00363354    0.0194477
   0.0154442  0.000319429  0.000797219
 0.000319429  0.000810865  -0.00382633
 0.000797219  -0.00382633    0.0197234
   0.0152676  0.000444669 -0.000605382
 0.000444669  0.000675156  -0.00346335
-0.000605382  -0.00346335    0.0192152
   0.0138353   -0.0014783   0.00327425
  -0.0014783  0.000299386  -0.00155003
  0.00327425  -0.00155003    0.0191984
   0.0149985  -0.00149267   0.00447159
 -0.00149267  0.000277865  -0.00150994
  0.00447159  -0.00150994    0.0197632
   0.0148111  -0.00163372    0.0052409
 -0.00163372  0.000263866  -0.00113737
   0.0052409  -0.00113737    0.0199438
    0.013384  -0.00155301   0.00349595
 -0.00155301  0.000278811  -0.00121114
  0.00349595  -0.00121114    0.0199655
   0.0154887  -0.00154792   0.00596835
 -0.00154792  0.000232123 -0.000988399
  0.00596835 -0.000988399    0.0204009
   0.0145627  -0.00166791   0.00582554
 -0.00166791  0.000252825 -0.000770201
  0.00582554 -0.000770201    0.0201835
    0.015606  -0.00162603   0.00681239
 -0.00162603  0.000233863  -0.00060429
  0.00681239  -0.00060429    0.0207687
   0.0133191  -0.00159813   0.00393632
 -0.00159813  0.000263503 -0.000881356
  0.00393632 -0.000881356    0.0207447
   0.0158715  -0.00148502   0.00721494
 -0.00148502  0.000208774 -0.000374998
  0.00721494 -0.000374998    0.0209815
   0.0156522  -0.00142686   0.00634246
 -0.00142686   0.00020195 -0.000820754
  0.00634246 -0.000820754    0.0206117
   0.0154779  -0.00129839   0.00544541
 -0.00129839  0.000216078   -0.0012982
  0.00544541   -0.0012982    0.0203008
   0.0153128  -0.00137822   0.00503233
 -0.00137822  0.000239939  -0.00139343
  0.00503233  -0.00139343    0.0200605
   0.0122025  -0.00147188   0.00215192
 -0.00147188  0.000268952  -0.00097333
  0.00215192  -0.00097333    0.0210452
   0.0125202   -0.0014663   0.00186217
  -0.0014663  0.000285157  -0.00127219
  0.00186217  -0.00127219    0.0207715
   0.0110741  -0.00124501  4.89943e-05
 -0.00124501  0.000277551  -0.00122245
 4.89943e-05  -0.00122245    0.0205985
   0.0126486  -0.00136715   0.00135627
 -0.00136715  0.000307591  -0.00158821
  0.00135627  -0.00158821      0.02011
   0.0116085  -0.00124928 -0.000228987
 -0.00124928  0.000304221  -0.00155954
-0.000228987  -0.00155954    0.0207108
   0.0122367  -0.00115991 -0.000368959
 -0.00115991   0.00033818    -0.001866
-0.000368959    -0.001866    0.0200963
   0.0131443  -0.00122802   0.00111743
 -0.00122802  0.000333476  -0.00187129
  0.00111743  -0.00187129      0.01924
   0.0109628 -0.000948473  -0.00195073
-0.000948473  0.000305718  -0.00170837
 -0.00195073  -0.00170837    0.0204676
   0.0137611  -0.00101035  0.000872976
 -0.00101035  0.000365096  -0.00215533
 0.000872976  -0.00215533    0.0184449
   0.0144331 -0.000624802  0.000105477
-0.000624802  0.000413245  -0.00249516
 0.000105477  -0.00249516    0.0185092
   0.0135805 -0.000616382  -0.00118976
-0.000616382  0.000401143  -0.00239698
 -0.00118976  -0.00239698    0.0187047
   0.0149131 -0.000128821 -0.000921199
-0.000128821  0.000477838  -0.00282891
-0.000921199  -0.00282891     0.018613
   0.0145404 -0.000169998  -0.00191413
-0.000169998  0.000449296  -0.00269662
 -0.00191413  -0.00269662    0.0185862
   0.0153445  0.000354327  -0.00284001
 0.000354327  0.000516208  -0.00296401
 -0.00284001  -0.00296401     0.018604
   0.0152296  0.000435524  -0.00208002
 0.000435524  0.000565959  -0.00314306
 -0.00208002  -0.00314306    0.0187556
   0.0135447 -0.000168233  -0.00307226
-0.000168233  0.000406404  -0.00250249
 -0.00307226  -0.00250249    0.0186656
   0.0148892  0.000314799  -0.00383366
 0.000314799  0.000455654  -0.00275731
 -0.00383366  -0.00275731     0.018668
   0.0138134  0.000231413  -0.00451905
 0.000231413  0.000390297  -0.00248352
 -0.00451905  -0.00248352    0.0184343
   0.0127555 -0.000162014  -0.00390383
-0.000162014  0.000366248  -0.00233922
 -0.00390383  -0.00233922    0.0191332
   0.0127961 -0.000546623  -0.00243484
-0.000546623  0.000378234  -0.00231086
 -0.00243484  -0.00231086    0.0193495
   0.0116803 -0.000549882  -0.00337204
-0.000549882  0.000343819  -0.00211898
 -0.00337204  -0.00211898    0.0204807
   0.0118691 -0.000860185  -0.00212997
-0.000860185  0.000342622  -0.00202431
 -0.00212997  -0.00202431     0.020142
   0.0128622 -0.000936192 -0.000794625
-0.000936192  0.000361928  -0.00213004
-0.000794625  -0.00213004    0.0194717
    0.011936  -0.00012974  -0.00454937
 -0.00012974  0.000338235  -0.00223449
 -0.00454937  -0.00223449    0.0195871
   0.0127993   0.00020207  -0.00493757
  0.00020207  0.000331906  -0.00221333
 -0.00493757  -0.00221333    0.0177827
  0.00809845  -0.00533091  -0.00111813
 -0.00533091   0.00445111   0.00387334
 -0.00111813   0.00387334    0.0228121
  0.00792048  -0.00560596 -0.000926756
 -0.00560596    0.0046761   0.00326002
-0.000926756   0.00326002    0.0229107
  0.00777918  -0.00499584 -0.000381516
 -0.00499584   0.00369319   0.00191144
-0.000381516   0.00191144    0.0232797
  0.00773234  -0.00525327 -0.000193088
 -0.00525327   0.00392728   0.00160049
-0.000193088   0.00160049    0.0234458
  0.00786308   -0.0058157 -0.000670259
  -0.0058157   0.00483918   0.00286583
-0.000670259   0.00286583     0.023011
  0.00756766   -0.0047174  0.000308484
  -0.0047174   0.00314865  0.000521016
 0.000308484  0.000521016    0.0238347
  0.00779392  -0.00540339  5.71895e-05
 -0.00540339   0.00403733   0.00159137
 5.71895e-05   0.00159137    0.0236134
  0.00763875  -0.00489842  0.000501369
 -0.00489842   0.00329513  0.000563176
 0.000501369  0.000563176     0.024064
  0.00779911   -0.0049982  0.000749069
  -0.0049982   0.00338286  0.000830049
 0.000749069  0.000830049     0.024278
  0.00791271  -0.00592147 -0.000357652
 -0.00592147   0.00489773   0.00276885
-0.000357652   0.00276885    0.0231148
  0.00793948  -0.00547161  0.000362388
 -0.00547161   0.00410353   0.00180772
 0.000362388   0.00180772    0.0237647
  0.00804251  -0.00595742  -2.1978e-06
 -0.00595742   0.00494687   0.00290906
 -2.1978e-06   0.00290906    0.0232104
   0.0074799  -0.00447304  0.000906897
 -0.00447304   0.00273474 -0.000152023
 0.000906897 -0.000152023     0.024454
  0.00764195  -0.00458452   0.00111068
 -0.00458452   0.00282755  0.000117952
  0.00111068  0.000117952    0.0247279
  0.00750329  -0.00427938   0.00143408
 -0.00427938   0.00248377 -0.000355005
  0.00143408 -0.000355005    0.0251238
  0.00780186  -0.00439083   0.00110145
 -0.00439083   0.00250465 -0.000520375
  0.00110145 -0.000520375    0.0249256
  0.00768008  -0.00441241  0.000649663
 -0.00441241   0.00262288 -0.000159265
 0.000649663 -0.000159265    0.0242583
  0.00828266  -0.00444132  0.000845475
 -0.00444132   0.00244465 -0.000509229
 0.000845475 -0.000509229    0.0246925
  0.00793575  -0.00420358  0.000528169
 -0.00420358   0.00236896  8.03435e-05
 0.000528169  8.03435e-05    0.0240127
  0.00769812  -0.00447445   0.00012405
 -0.00447445   0.00289301  0.000800419
  0.00012405  0.000800419    0.0236489
  0.00788452  -0.00413137  8.01331e-05
 -0.00413137   0.00255385   0.00126031
 8.01331e-05   0.00126031    0.0234136
  0.00861843  -0.00422737  0.000645729
 -0.00422737   0.00217819 -0.000178868
 0.000645729 -0.000178868    0.0229453
   0.0081187  -0.00384439  0.000500478
 -0.00384439   0.00201484  0.000529319
 0.000500478  0.000529319    0.0231681
  0.00870627  -0.00386092  0.000645611
 -0.00386092   0.00185169     0.000235
 0.000645611     0.000235       0.0223
  0.00795433  -0.00467389 -0.000494093
 -0.00467389   0.00338947   0.00243656
-0.000494093   0.00243656    0.0231093
  0.00823461    -0.005918  0.000373629
   -0.005918   0.00496264   0.00325741
 0.000373629   0.00325741    0.0232644
    0.008152  -0.00546307  0.000692118
 -0.00546307   0.00412252   0.00221611
 0.000692118   0.00221611    0.0238772
  0.00839475  -0.00537576   0.00100847
 -0.00537576   0.00412853   0.00276372
  0.00100847   0.00276372    0.0239259
  0.00845179  -0.00579678  0.000727426
 -0.00579678   0.00497495   0.00377075
 0.000727426   0.00377075    0.0232509
  0.00828711  -0.00495981   0.00130184
 -0.00495981   0.00339823   0.00182697
  0.00130184   0.00182697    0.0245715
  0.00859657   -0.0051789   0.00124721
  -0.0051789   0.00409749   0.00346318
  0.00124721   0.00346318    0.0239173
  0.00851991  -0.00480386    0.0015058
 -0.00480386   0.00335383   0.00250708
   0.0015058   0.00250708    0.0246332
  0.00865003  -0.00456922   0.00159353
 -0.00456922   0.00329152   0.00321428
  0.00159353   0.00321428    0.0246451
  0.00861765  -0.00555473    0.0009975
 -0.00555473   0.00496171   0.00445346
   0.0009975   0.00445346    0.0231791
  0.00868393  -0.00489324   0.00136656
 -0.00489324   0.00405407   0.00420305
  0.00136656   0.00420305    0.0238625
  0.00866842  -0.00522614   0.00114132
 -0.00522614   0.00494574   0.00520178
  0.00114132   0.00520178    0.0230628
  0.00840306  -0.00447533   0.00173825
 -0.00447533   0.00278802   0.00170598
  0.00173825   0.00170598    0.0253009
   0.0085657  -0.00428345   0.00180012
 -0.00428345    0.0027137   0.00233641
  0.00180012   0.00233641     0.025379
  0.00845166  -0.00406569   0.00198603
 -0.00406569   0.00232802   0.00158311
  0.00198603   0.00158311    0.0260518
  0.00826585  -0.00422284   0.00195028
 -0.00422284   0.00241249   0.00104658
  0.00195028   0.00104658    0.0259093
   0.0081495   -0.0045974   0.00157012
  -0.0045974   0.00284121   0.00107993
  0.00157012   0.00107993     0.025165
  0.00800391  -0.00431653   0.00181516
 -0.00431653   0.00247831  0.000501268
  0.00181516  0.000501268    0.0257018
  0.00787969  -0.00462704   0.00134282
 -0.00462704   0.00285215  0.000551472
  0.00134282  0.000551472    0.0249711
   0.0080254  -0.00501581    0.0010294
 -0.00501581   0.00340182    0.0012702
   0.0010294    0.0012702    0.0244523
  0.00773223  -0.00432486   0.00162969
 -0.00432486   0.00249614   3.3644e-05
  0.00162969   3.3644e-05    0.0254333
   0.0127038  -0.00654612 -0.000527538
 -0.00654612    0.0034711   0.00115053
-0.000527538   0.00115053     0.020143
   0.0115801  -0.00613758  0.000113225
 -0.00613758   0.00332736  0.000789108
 0.000113225  0.000789108     0.021262
  0.00973996  -0.00493998   0.00102974
 -0.00493998   0.00258345  0.000402155
  0.00102974  0.000402155     0.023483
  0.00932874  -0.00490482   0.00125295
 -0.00490482   0.00263403   0.00012997
  0.00125295   0.00012997    0.0237871
   0.0117938  -0.00641239 -3.38808e-06
 -0.00641239   0.00355497  0.000810475
-3.38808e-06  0.000810475    0.0209006
  0.00814393  -0.00423023   0.00166436
 -0.00423023   0.00226038 -9.95906e-06
  0.00166436 -9.95906e-06    0.0247592
   0.0096191  -0.00513886   0.00113875
 -0.00513886   0.00279433  4.30135e-05
  0.00113875  4.30135e-05     0.023674
  0.00805385  -0.00426799   0.00164287
 -0.00426799   0.00230095 -0.000286572
  0.00164287 -0.000286572    0.0248956
  0.00886176  -0.00472313   0.00136643
 -0.00472313   0.00255425 -0.000422716
  0.00136643 -0.000422716    0.0251453
   0.0115058  -0.00634168  -6.0856e-05
 -0.00634168   0.00356518   0.00082342
 -6.0856e-05   0.00082342    0.0200617
   0.0101526  -0.00544839  0.000563751
 -0.00544839   0.00298385  0.000201716
 0.000563751  0.000201716     0.021773
   0.0118196  -0.00652194  -0.00033266
 -0.00652194   0.00368819  0.000961723
 -0.00033266  0.000961723    0.0190892
  0.00756381   -0.0040856    0.0018118
  -0.0040856   0.00225641 -0.000273825
   0.0018118 -0.000273825     0.025348
   0.0079172  -0.00432275   0.00153585
 -0.00432275   0.00239251 -0.000522947
  0.00153585 -0.000522947     0.025342
  0.00790157  -0.00413697   0.00185809
 -0.00413697   0.00226134  0.000140421
  0.00185809  0.000140421    0.0254953
  0.00825834  -0.00411149   0.00189739
 -0.00411149   0.00220745  0.000602306
  0.00189739  0.000602306    0.0258207
  0.00874682  -0.00434804   0.00153898
 -0.00434804   0.00226308  0.000375995
  0.00153898  0.000375995    0.0246521
  0.00935386  -0.00441299   0.00141712
 -0.00441299     0.002228  0.000756282
  0.00141712  0.000756282    0.0249743
  0.00855031  -0.00402714   0.00184799
 -0.00402714   0.00213224   0.00106925
  0.00184799   0.00106925    0.0260695
   0.0106766  -0.00520894   0.00057097
 -0.00520894   0.00264652   0.00079316
  0.00057097   0.00079316    0.0227994
   0.0119972  -0.00653968 -0.000368173
 -0.00653968    0.0036703  0.000960424
-0.000368173  0.000960424    0.0186547
   0.0108492  -0.00567686  0.000109461
 -0.00567686   0.00305062  0.000343976
 0.000109461  0.000343976    0.0201339
   0.0118795  -0.00592227 -0.000236107
 -0.00592227   0.00308182  0.000649632
-0.000236107  0.000649632    0.0198507
   0.0125937  -0.00662316 -0.000528452
 -0.00662316   0.00362687   0.00112298
-0.000528452   0.00112298    0.0187048
   0.0106917  -0.00521276  0.000267684
 -0.00521276   0.00265093  0.000133872
 0.000267684  0.000133872     0.021226
   0.0123364  -0.00554829 -3.16757e-05
 -0.00554829   0.00271541  0.000885302
-3.16757e-05  0.000885302    0.0197529
   0.0115553  -0.00513915  0.000280102
 -0.00513915   0.00243143   0.00027669
 0.000280102   0.00027669    0.0211578
    0.011515  -0.00464922  0.000406203
 -0.00464922   0.00204861  0.000465749
 0.000406203  0.000465749    0.0216363
   0.0126923  -0.00603779 -0.000446613
 -0.00603779   0.00313559   0.00142534
-0.000446613   0.00142534    0.0178098
   0.0122729  -0.00488428  0.000168045
 -0.00488428   0.00220605   0.00107526
 0.000168045   0.00107526    0.0193696
   0.0129797   -0.0054946 -0.000163918
  -0.0054946   0.00273238   0.00178391
-0.000163918   0.00178391    0.0180854
   0.0098485  -0.00452862  0.000419541
 -0.00452862   0.00220145   1.3424e-05
 0.000419541   1.3424e-05    0.0217111
  0.00970314  -0.00399808  0.000616257
 -0.00399808    0.0017945  0.000302462
 0.000616257  0.000302462    0.0218082
  0.00928326  -0.00467933  0.000629159
 -0.00467933    0.0024298 -0.000332158
 0.000629159 -0.000332158    0.0228467
  0.00858103  -0.00458547   0.00118216
 -0.00458547    0.0024844 -0.000613753
  0.00118216 -0.000613753    0.0253852
  0.00965348   -0.0049981  0.000619013
  -0.0049981   0.00264044 -0.000195661
 0.000619013 -0.000195661    0.0226119
  0.00857463  -0.00486872   0.00115128
 -0.00486872   0.00492332    0.0059106
  0.00115128    0.0059106    0.0229117
  0.00862983  -0.00457589   0.00134818
 -0.00457589   0.00399966   0.00488752
  0.00134818   0.00488752    0.0237682
  0.00844836  -0.00428066   0.00121565
 -0.00428066   0.00396682   0.00543812
  0.00121565   0.00543812    0.0236434
  0.00836457   -0.0045442   0.00105045
  -0.0045442   0.00493707   0.00650074
  0.00105045   0.00650074     0.022738
  0.00848334  -0.00403662   0.00137707
 -0.00403662   0.00315238   0.00435468
  0.00137707   0.00435468    0.0245299
  0.00818157  -0.00402179   0.00100253
 -0.00402179   0.00394874     0.005868
  0.00100253     0.005868    0.0235157
  0.00824189  -0.00380434   0.00112882
 -0.00380434   0.00309502   0.00472805
  0.00112882   0.00472805    0.0244425
   0.0079502  -0.00358768  0.000837455
 -0.00358768   0.00304521    0.0050126
 0.000837455    0.0050126    0.0243658
  0.00807462  -0.00425432  0.000872769
 -0.00425432   0.00496232   0.00697037
 0.000872769   0.00697037    0.0225676
  0.00786665  -0.00377869  0.000746949
 -0.00377869   0.00393157   0.00620268
 0.000746949   0.00620268    0.0233992
  0.00775315  -0.00398441  0.000649231
 -0.00398441   0.00498569   0.00735029
 0.000649231   0.00735029    0.0224089
  0.00825987  -0.00362812   0.00123728
 -0.00362812   0.00245263   0.00364787
  0.00123728   0.00364787    0.0253116
  0.00799167   -0.0034324  0.000915002
  -0.0034324   0.00237872   0.00386383
 0.000915002   0.00386383    0.0252627
   0.0079954  -0.00332556  0.000990231
 -0.00332556   0.00194057   0.00280564
 0.000990231   0.00280564    0.0260823
  0.00824017  -0.00350216   0.00134181
 -0.00350216   0.00202627   0.00264956
  0.00134181   0.00264956    0.0261099
  0.00847436  -0.00383418   0.00152027
 -0.00383418   0.00254063   0.00333857
  0.00152027   0.00333857    0.0253639
   0.0084276  -0.00368316    0.0016568
 -0.00368316   0.00212568   0.00240722
   0.0016568   0.00240722    0.0261307
  0.00859208  -0.00405764   0.00172259
 -0.00405764   0.00262442   0.00290292
  0.00172259   0.00290292     0.025396
  0.00863222  -0.00429598   0.00154523
 -0.00429598   0.00321585   0.00385366
  0.00154523   0.00385366    0.0246063
  0.00850806   -0.0038734    0.0018876
  -0.0038734   0.00222174    0.0020512
   0.0018876    0.0020512    0.0261216
   0.0074189  -0.00372795  0.000388732
 -0.00372795     0.004988    0.0076881
 0.000388732    0.0076881    0.0222471
  0.00753686  -0.00353661  0.000453188
 -0.00353661   0.00389334   0.00650014
 0.000453188   0.00650014    0.0232798
  0.00720253  -0.00329752  0.000125599
 -0.00329752   0.00385324   0.00679002
 0.000125599   0.00679002    0.0231497
  0.00708778  -0.00348419  9.89117e-05
 -0.00348419   0.00499442   0.00801039
 9.89117e-05   0.00801039    0.0220756
  0.00729542  -0.00312715  0.000148657
 -0.00312715   0.00290298   0.00550518
 0.000148657   0.00550518    0.0241824
  0.00687334  -0.00308112 -0.000231263
 -0.00308112   0.00382399   0.00705988
-0.000231263   0.00705988    0.0230177
  0.00696359  -0.00290383 -0.000245356
 -0.00290383   0.00283043   0.00574035
-0.000245356   0.00574035    0.0240736
  0.00668602  -0.00270446 -0.000610315
 -0.00270446   0.00276841   0.00594933
-0.000610315   0.00594933    0.0237986
  0.00676667  -0.00326574 -0.000212863
 -0.00326574   0.00500957   0.00830048
-0.000212863   0.00830048    0.0219028
    0.006568  -0.00288416 -0.000599822
 -0.00288416   0.00380219   0.00728989
-0.000599822   0.00728989    0.0226839
  0.00646961  -0.00306527  -0.00052641
 -0.00306527   0.00503364   0.00856672
 -0.00052641   0.00856672    0.0217409
  0.00703512  -0.00276426 -0.000266074
 -0.00276426   0.00208354   0.00444279
-0.000266074   0.00444279    0.0250228
  0.00690421  -0.00258025 -0.000652803
 -0.00258025   0.00199273    0.0046167
-0.000652803    0.0046167     0.024541
  0.00699232  -0.00247235 -0.000627919
 -0.00247235   0.00148101   0.00341603
-0.000627919   0.00341603    0.0255755
  0.00708366  -0.00267226 -0.000273578
 -0.00267226   0.00159363   0.00324133
-0.000273578   0.00324133    0.0258394
  0.00736562    -0.002996   0.00015919
   -0.002996   0.00218939   0.00424572
  0.00015919   0.00424572    0.0251246
  0.00740537  -0.00290863  0.000179439
 -0.00290863   0.00171947   0.00307949
 0.000179439   0.00307949     0.025956
  0.00768946  -0.00322556  0.000554343
 -0.00322556   0.00228985   0.00404883
 0.000554343   0.00404883    0.0252063
   0.0076264  -0.00336288  0.000511162
 -0.00336288   0.00297917   0.00525788
 0.000511162   0.00525788    0.0242825
  0.00771096  -0.00313208  0.000603993
 -0.00313208   0.00183599   0.00293203
 0.000603993   0.00293203    0.0260372
   0.0128358  -0.00480732  -0.00390947
 -0.00480732   0.00184464   0.00185036
 -0.00390947   0.00185036    0.0195713
   0.0132034  -0.00513753   -0.0034911
 -0.00513753   0.00203221   0.00174907
  -0.0034911   0.00174907    0.0196664
   0.0103982  -0.00391536  -0.00218055
 -0.00391536   0.00154059   0.00155368
 -0.00218055   0.00155368    0.0228951
     0.01072  -0.00418019  -0.00174547
 -0.00418019   0.00169832   0.00147694
 -0.00174547   0.00147694    0.0229741
    0.013501  -0.00544826  -0.00307302
 -0.00544826   0.00224291   0.00166019
 -0.00307302   0.00166019    0.0197056
  0.00877237  -0.00336476 -0.000613608
 -0.00336476   0.00144655   0.00159302
-0.000613608   0.00159302    0.0252943
    0.010971  -0.00442354  -0.00133008
 -0.00442354   0.00186075   0.00139383
 -0.00133008   0.00139383     0.023003
  0.00904793  -0.00357841 -0.000189813
 -0.00357841   0.00157272   0.00151504
-0.000189813   0.00151504    0.0253474
  0.00928726  -0.00378021  0.000224292
 -0.00378021   0.00170877   0.00144125
 0.000224292   0.00144125    0.0253652
   0.0136969  -0.00574367  -0.00266759
 -0.00574367   0.00246126    0.0015924
 -0.00266759    0.0015924    0.0196831
   0.0111609   -0.0046591 -0.000918513
  -0.0046591   0.00203385   0.00134773
-0.000918513   0.00134773    0.0229783
   0.0138383   -0.0060136  -0.00226221
  -0.0060136   0.00267348   0.00156268
 -0.00226221   0.00156268    0.0196232
  0.00796358  -0.00317406  0.000374353
 -0.00317406   0.00158129   0.00206778
 0.000374353   0.00206778    0.0262258
  0.00822597  -0.00336189   0.00077627
 -0.00336189   0.00169702   0.00198114
  0.00077627   0.00198114     0.026255
   0.0076717  -0.00296147 -5.61301e-05
 -0.00296147   0.00146316   0.00217105
-5.61301e-05   0.00217105    0.0261519
  0.00736102  -0.00271957 -0.000521165
 -0.00271957   0.00132549    0.0022932
-0.000521165    0.0022932    0.0260247
   0.0084527  -0.00311912  -0.00107058
 -0.00311912   0.00130609   0.00168658
 -0.00107058   0.00168658    0.0251778
  0.00831454  -0.00286276  -0.00147774
 -0.00286276   0.00114731   0.00183273
 -0.00147774   0.00183273    0.0250489
  0.00739173  -0.00253015 -0.000913156
 -0.00253015   0.00119848   0.00245367
-0.000913156   0.00245367    0.0257055
    0.010201  -0.00364432  -0.00260362
 -0.00364432    0.0013779   0.00167303
 -0.00260362   0.00167303    0.0227631
   0.0139067  -0.00626655  -0.00186317
 -0.00626655   0.00288939   0.00155384
 -0.00186317   0.00155384     0.019529
   0.0113003  -0.00485823 -0.000525988
 -0.00485823   0.00218655   0.00131353
-0.000525988   0.00131353    0.0229222
    0.011349  -0.00505169 -0.000172873
 -0.00505169   0.00235922   0.00126078
-0.000172873   0.00126078    0.0228228
   0.0138903  -0.00653417  -0.00144388
 -0.00653417    0.0031663   0.00148317
 -0.00144388   0.00148317    0.0195166
  0.00958359  -0.00412555  0.000962846
 -0.00412555   0.00196051   0.00126704
 0.000962846   0.00126704    0.0252953
   0.0112113  -0.00521097  0.000214956
 -0.00521097    0.0025398   0.00106267
 0.000214956   0.00106267    0.0227518
  0.00957794  -0.00428543   0.00121702
 -0.00428543   0.00208939    0.0010805
  0.00121702    0.0010805    0.0251913
   0.0133848   -0.0065751 -0.000982221
  -0.0065751     0.003331   0.00134966
-0.000982221   0.00134966    0.0197568
  0.00864017   -0.0038547   0.00173011
  -0.0038547   0.00200746   0.00144021
  0.00173011   0.00144021    0.0261969
    0.008594  -0.00369033   0.00148726
 -0.00369033   0.00190407    0.0017052
  0.00148726    0.0017052    0.0262498
  0.00844405  -0.00352605   0.00115105
 -0.00352605   0.00179522   0.00187146
  0.00115105   0.00187146    0.0262633
  0.00947053  -0.00396442  0.000618681
 -0.00396442   0.00183808   0.00137039
 0.000618681   0.00137039    0.0253474
  0.00602062  -0.00822727  -0.00054726
 -0.00822727    0.0242127     0.013688
 -0.00054726     0.013688      0.01545
  0.00614375  -0.00812936 -0.000129242
 -0.00812936    0.0230573    0.0128808
-0.000129242    0.0128808    0.0155721
  0.00650913  -0.00821391  -0.00063829
 -0.00821391    0.0195813    0.0121232
 -0.00063829    0.0121232    0.0168758
  0.00663596  -0.00811315  -0.00020301
 -0.00811315    0.0187014    0.0113821
 -0.00020301    0.0113821    0.0168765
  0.00629649  -0.00799557  0.000274477
 -0.00799557    0.0219524    0.0121964
 0.000274477    0.0121964    0.0156351
  0.00697123  -0.00811757 -0.000650059
 -0.00811757    0.0156969    0.0104237
-0.000650059    0.0104237    0.0180886
  0.00678145  -0.00796055  0.000197817
 -0.00796055    0.0179093    0.0108576
