           0            0            0
           0            0            0
           0            0            0
   0.0319395  -0.00447853   0.00863378
 -0.00447853   0.00109776  -0.00271315
  0.00863378  -0.00271315    0.0183833
   0.0279133  -0.00346871     0.011171
 -0.00346871  0.000671021  -0.00219723
    0.011171  -0.00219723    0.0223879
   0.0238838  -0.00346827    0.0135838
 -0.00346827  0.000683308  -0.00186233
   0.0135838  -0.00186233    0.0247349
    0.022908  -0.00380108    0.0146671
 -0.00380108  0.000799621  -0.00136931
   0.0146671  -0.00136931    0.0248289
   0.0229864  -0.00410659    0.0139112
 -0.00410659  0.000945212 -0.000855635
   0.0139112 -0.000855635    0.0249052
   0.0207706  -0.00392592    0.0123358
 -0.00392592  0.000901243  -0.00101352
   0.0123358  -0.00101352    0.0224982
   0.0215814  -0.00420502    0.0112053
 -0.00420502   0.00101822 -0.000582329
   0.0112053 -0.000582329    0.0235336
    0.023108  -0.00428777    0.0125878
 -0.00428777    0.0010341 -0.000523952
   0.0125878 -0.000523952    0.0250011
   0.0213402  -0.00414187   0.00883256
 -0.00414187   0.00101036 -0.000385967
  0.00883256 -0.000385967    0.0241666
   0.0229846  -0.00428845    0.0103179
 -0.00428845   0.00103163 -0.000373294
   0.0103179 -0.000373294    0.0256749
   0.0212384  -0.00377465   0.00597201
 -0.00377465  0.000895072 -0.000467707
  0.00597201 -0.000467707    0.0250801
   0.0230758  -0.00423235   0.00915111
 -0.00423235  0.000970682 -0.000477423
  0.00915111 -0.000477423    0.0257409
   0.0466061  0.000712044    0.0171001
 0.000712044   0.00106039    0.0029958
   0.0171001    0.0029958    0.0224413
   0.0408489 -0.000575613    0.0194875
-0.000575613   0.00135507   0.00385296
   0.0194875   0.00385296    0.0264251
   0.0394763  0.000143176     0.018984
 0.000143176   0.00103153    0.0034965
    0.018984    0.0034965    0.0263849
   0.0363044 -0.000572068     0.021117
-0.000572068   0.00135376   0.00408931
    0.021117   0.00408931     0.029526
   0.0367069  -0.00114308    0.0210254
 -0.00114308   0.00167361   0.00432476
   0.0210254   0.00432476    0.0292343
   0.0332724 -0.000474358    0.0196072
-0.000474358    0.0010412   0.00342414
   0.0196072   0.00342414    0.0289562
   0.0337665  -0.00112822    0.0213382
 -0.00112822   0.00157597   0.00417815
   0.0213382   0.00417815     0.030606
   0.0313983  -0.00108192    0.0202381
 -0.00108192   0.00130174   0.00364364
   0.0202381   0.00364364    0.0302334
   0.0310455  -0.00164525    0.0199513
 -0.00164525   0.00140645   0.00344543
   0.0199513   0.00344543    0.0302669
   0.0335655  -0.00156495    0.0208333
 -0.00156495   0.00183215    0.0043071
   0.0208333    0.0043071    0.0301362
   0.0331181    -0.001707    0.0207939
   -0.001707   0.00160368   0.00383231
   0.0207939   0.00383231    0.0305377
   0.0325598   -0.0020903    0.0200424
  -0.0020903   0.00177905   0.00386371
   0.0200424   0.00386371    0.0300613
   0.0287044  -0.00141211    0.0187792
 -0.00141211   0.00104322   0.00273635
   0.0187792   0.00273635    0.0296511
   0.0283253  -0.00194765     0.018576
 -0.00194765   0.00121181   0.00270216
    0.018576   0.00270216    0.0297326
   0.0267598  -0.00251677    0.0177887
 -0.00251677   0.00104635   0.00171866
   0.0177887   0.00171866    0.0295203
   0.0274682  -0.00201936    0.0181229
 -0.00201936  0.000843605   0.00157151
   0.0181229   0.00157151    0.0295345
   0.0305617 -0.000773933    0.0181037
-0.000773933  0.000773283   0.00239586
   0.0181037   0.00239586    0.0283702
   0.0298504  -0.00140543      0.01777
 -0.00140543  0.000597126   0.00110868
     0.01777   0.00110868    0.0284723
   0.0336584  4.94707e-05    0.0159375
 4.94707e-05  0.000530547   0.00166864
   0.0159375   0.00166864    0.0252649
   0.0360479  0.000329462    0.0172275
 0.000329462  0.000747392   0.00274084
   0.0172275   0.00274084    0.0256993
    0.040483   0.00160488    0.0141398
  0.00160488   0.00059862   0.00175522
   0.0141398   0.00175522    0.0213995
   0.0336838 -0.000670346    0.0158227
-0.000670346  0.000416389  0.000357227
   0.0158227  0.000357227    0.0256143
   0.0386594   0.00110387    0.0132573
  0.00110387  0.000429211  0.000731419
   0.0132573  0.000731419    0.0211803
    0.040289 -0.000120344    0.0135658
-0.000120344  0.000395206 -0.000545206
   0.0135658 -0.000545206    0.0218398
   0.0440259   0.00149238    0.0159238
  0.00149238  0.000811511   0.00254066
   0.0159238   0.00254066    0.0220585
    0.031747  -0.00266589    0.0185218
 -0.00266589   0.00156822   0.00311265
   0.0185218   0.00311265    0.0293731
   0.0326035  -0.00234602    0.0193713
 -0.00234602    0.0014601   0.00313817
   0.0193713   0.00313817     0.029721
   0.0320984  -0.00280758    0.0178709
 -0.00280758   0.00120723   0.00223368
   0.0178709   0.00223368     0.028959
   0.0309081  -0.00305761    0.0169259
 -0.00305761    0.0012629   0.00216473
   0.0169259   0.00216473    0.0286973
   0.0305471  -0.00268651    0.0173525
 -0.00268651   0.00114935   0.00210319
   0.0173525   0.00210319    0.0287154
   0.0315112  -0.00310075    0.0163301
 -0.00310075  0.000925859   0.00117622
   0.0163301   0.00117622    0.0282078
   0.0302993  -0.00294498    0.0159426
 -0.00294498  0.000900255    0.0011566
   0.0159426    0.0011566    0.0279931
   0.0300042  -0.00304479    0.0145832
 -0.00304479  0.000677195  0.000100003
   0.0145832  0.000100003    0.0273133
   0.0300033  -0.00327285    0.0152962
 -0.00327285  0.000953895   0.00109403
   0.0152962   0.00109403    0.0279774
   0.0308798  -0.00325213    0.0148639
 -0.00325213  0.000700943  3.66289e-05
   0.0148639  3.66289e-05    0.0274779
    0.029035  -0.00336624    0.0137229
 -0.00336624  0.000722459 -1.28155e-05
   0.0137229 -1.28155e-05     0.027206
    0.027788  -0.00303026    0.0148704
 -0.00303026  0.000900305  0.000936088
   0.0148704  0.000936088     0.027602
    0.027655  -0.00300987      0.01355
 -0.00300987  0.000685836   3.6501e-05
     0.01355   3.6501e-05    0.0269539
   0.0255581  -0.00325218     0.012655
 -0.00325218  0.000736678  -0.00017152
    0.012655  -0.00017152    0.0267033
   0.0257807  -0.00337631    0.0140456
 -0.00337631  0.000930969  0.000548996
   0.0140456  0.000548996    0.0273748
   0.0279165  -0.00285596    0.0162095
 -0.00285596   0.00110595   0.00171298
   0.0162095   0.00171298    0.0282888
   0.0260132  -0.00328168    0.0154132
 -0.00328168   0.00108514   0.00113463
   0.0154132   0.00113463    0.0280724
   0.0280697  -0.00249229    0.0174525
 -0.00249229   0.00122524   0.00231265
   0.0174525   0.00231265      0.02899
   0.0307672  -0.00225459    0.0187048
 -0.00225459    0.0013391    0.0028808
   0.0187048    0.0028808     0.029466
   0.0263026  -0.00298624    0.0166608
 -0.00298624   0.00113001   0.00153389
   0.0166608   0.00153389    0.0287781
   0.0243262  -0.00439642    0.0121595
 -0.00439642   0.00105732 -0.000309626
   0.0121595 -0.000309626    0.0265088
    0.024394  -0.00433391    0.0135002
 -0.00433391   0.00106969 -0.000293558
   0.0135002 -0.000293558    0.0265102
   0.0256415  -0.00421819    0.0150603
 -0.00421819    0.0010913 -7.26599e-06
   0.0150603 -7.26599e-06     0.027855
   0.0241731  -0.00408377     0.014838
 -0.00408377  0.000973495 -0.000539003
    0.014838 -0.000539003     0.026235
   0.0259467  -0.00398156    0.0162668
 -0.00398156   0.00102598 -3.01956e-06
   0.0162668 -3.01956e-06    0.0284349
    0.026205  -0.00358309    0.0172548
 -0.00358309  0.000861024 -0.000224078
   0.0172548 -0.000224078    0.0288109
   0.0244629  -0.00376776     0.015938
 -0.00376776  0.000821164 -0.000919509
    0.015938 -0.000919509    0.0265604
   0.0264008  -0.00361585    0.0168624
 -0.00361585   0.00107623  0.000650678
   0.0168624  0.000650678     0.029096
    0.026885  -0.00319133    0.0179663
 -0.00319133  0.000942334  0.000628311
   0.0179663  0.000628311    0.0298571
   0.0258068  -0.00384154    0.0154743
 -0.00384154   0.00108754  0.000468951
   0.0154743  0.000468951    0.0282877
   0.0253342  -0.00387678    0.0139659
 -0.00387678  0.000986318  8.22433e-05
   0.0139659  8.22433e-05    0.0274832
   0.0251239  -0.00423222     0.013645
 -0.00423222   0.00103237 -0.000226857
    0.013645 -0.000226857    0.0273204
   0.0248397  -0.00407675    0.0122838
 -0.00407675  0.000900816 -0.000676058
   0.0122838 -0.000676058    0.0265754
   0.0248687  -0.00369518    0.0124142
 -0.00369518  0.000819395 -0.000464992
   0.0124142 -0.000464992    0.0267174
   0.0239926  -0.00423343    0.0109166
 -0.00423343  0.000943801 -0.000620892
   0.0109166 -0.000620892    0.0262248
   0.0253509  -0.00336153     0.015717
 -0.00336153  0.000662542  -0.00141881
    0.015717  -0.00141881    0.0267309
     0.02909  -0.00319695    0.0142256
 -0.00319695  0.000593898  -0.00189804
   0.0142256  -0.00189804    0.0252831
    0.029574  -0.00271845    0.0160587
 -0.00271845  0.000528141  -0.00126146
   0.0160587  -0.00126146    0.0270289
   0.0330057  -0.00326914    0.0111276
 -0.00326914  0.000691759   -0.0022946
   0.0111276   -0.0022946    0.0213128
   0.0334363  -0.00268901     0.012845
 -0.00268901   0.00058845  -0.00185772
    0.012845  -0.00185772    0.0228666
   0.0388419  -0.00319617    0.0105457
 -0.00319617  0.000843873  -0.00247878
   0.0105457  -0.00247878    0.0191657
   0.0366446   -0.0041974   0.00896295
  -0.0041974    0.0010649  -0.00275636
  0.00896295  -0.00275636     0.018159
   0.0339338  -0.00154903    0.0150197
 -0.00154903  0.000401616 -0.000846591
   0.0150197 -0.000846591    0.0251274
    0.039262  -0.00156787    0.0123538
 -0.00156787  0.000514447  -0.00156523
   0.0123538  -0.00156523    0.0209198
   0.0299062  -0.00209124    0.0174324
 -0.00209124  0.000509385 -0.000166391
   0.0174324 -0.000166391    0.0283516
   0.0274288  -0.00268549    0.0181442
 -0.00268549  0.000724515  0.000343332
   0.0181442  0.000343332    0.0297513
   0.0267772  -0.00313334    0.0171394
 -0.00313334  0.000666861 -0.000663654
   0.0171394 -0.000663654    0.0284877
   0.0279473  -0.00341564    0.0121878
 -0.00341564  0.000609158  -0.00108673
   0.0121878  -0.00108673    0.0264169
   0.0301732  -0.00334871    0.0134632
 -0.00334871  0.000591272  -0.00112885
   0.0134632  -0.00112885    0.0267739
   0.0294027  -0.00344349    0.0121183
 -0.00344349  0.000624967  -0.00225367
   0.0121183  -0.00225367    0.0261311
   0.0267718   -0.0034646    0.0106834
  -0.0034646  0.000633996  -0.00207043
   0.0106834  -0.00207043    0.0256668
   0.0293491  -0.00307289     0.012109
 -0.00307289  0.000566785  -0.00219956
    0.012109  -0.00219956    0.0261516
   0.0284628  -0.00358788    0.0108104
 -0.00358788  0.000786784  -0.00326504
   0.0108104  -0.00326504    0.0255585
   0.0288795  -0.00316651    0.0109743
 -0.00316651  0.000721619  -0.00329089
   0.0109743  -0.00329089     0.025684
   0.0282521  -0.00334735   0.00992708
 -0.00334735  0.000970815  -0.00422323
  0.00992708  -0.00422323     0.025273
    0.025535  -0.00352914   0.00923617
 -0.00352914   0.00076654  -0.00292085
  0.00923617  -0.00292085    0.0249749
   0.0273832  -0.00375476   0.00957578
 -0.00375476   0.00102704  -0.00411575
  0.00957578  -0.00411575    0.0250204
   0.0242227  -0.00357654   0.00788201
 -0.00357654  0.000964749  -0.00364151
  0.00788201  -0.00364151    0.0242935
   0.0271013  -0.00255465   0.00996402
 -0.00255465  0.000627561  -0.00311925
  0.00996402  -0.00311925    0.0254062
   0.0268611  -0.00258121   0.00900873
 -0.00258121  0.000847796  -0.00405131
  0.00900873  -0.00405131    0.0250407
   0.0246308  -0.00185988   0.00764057
 -0.00185988  0.000727516  -0.00377583
  0.00764057  -0.00377583     0.024637
   0.0248035  -0.00212028    0.0086984
 -0.00212028  0.000561618  -0.00291505
   0.0086984  -0.00291505    0.0250498
   0.0272839  -0.00266648    0.0110654
 -0.00266648  0.000512531  -0.00205812
   0.0110654  -0.00205812    0.0258431
   0.0250311  -0.00252478   0.00992547
 -0.00252478  0.000507927  -0.00196084
  0.00992547  -0.00196084    0.0255206
   0.0274533  -0.00286315    0.0122613
 -0.00286315  0.000536258 -0.000976855
   0.0122613 -0.000976855    0.0263565
    0.029665  -0.00306273    0.0133027
 -0.00306273  0.000548851  -0.00104016
   0.0133027  -0.00104016    0.0266965
   0.0252809  -0.00295222    0.0112616
 -0.00295222  0.000571196   -0.0010191
   0.0112616   -0.0010191     0.026074
   0.0228412  -0.00352658    0.0066083
 -0.00352658   0.00119477  -0.00429766
   0.0066083  -0.00429766    0.0235662
   0.0261747  -0.00387484   0.00836642
 -0.00387484   0.00129624  -0.00483411
  0.00836642  -0.00483411    0.0244553
   0.0249348  -0.00378433   0.00717276
 -0.00378433   0.00159494   -0.0054949
  0.00717276   -0.0054949    0.0238175
   0.0214369  -0.00324399   0.00544327
 -0.00324399   0.00148933  -0.00498285
  0.00544327  -0.00498285    0.0227593
   0.0266417  -0.00365657   0.00785707
 -0.00365657   0.00154174   -0.0056412
  0.00785707   -0.0056412    0.0244158
   0.0235909  -0.00336519   0.00604367
 -0.00336519   0.00195917  -0.00617451
  0.00604367  -0.00617451    0.0230866
    0.025713  -0.00346889   0.00680233
 -0.00346889   0.00185944   -0.0062462
  0.00680233   -0.0062462    0.0238965
   0.0245882  -0.00288826   0.00579174
 -0.00288826   0.00225372  -0.00687023
  0.00579174  -0.00687023    0.0233114
   0.0199424  -0.00264319   0.00444434
 -0.00264319    0.0018974  -0.00576173
  0.00444434  -0.00576173    0.0218726
   0.0220058  -0.00254785   0.00501688
 -0.00254785   0.00246105  -0.00692967
  0.00501688  -0.00692967    0.0222975
   0.0183263  -0.00170217   0.00362313
 -0.00170217     0.002525  -0.00666945
  0.00362313  -0.00666945    0.0209763
   0.0255877  -0.00289838    0.0062544
 -0.00289838   0.00162513  -0.00595345
   0.0062544  -0.00595345    0.0240382
   0.0250227  -0.00256782   0.00535299
 -0.00256782   0.00191238  -0.00644405
  0.00535299  -0.00644405    0.0236762
    0.023709  -0.00178067   0.00391713
 -0.00178067   0.00153219  -0.00579069
  0.00391713  -0.00579069    0.0234651
      0.0239   -0.0019192   0.00479112
  -0.0019192   0.00134443  -0.00545387
  0.00479112  -0.00545387    0.0236869
    0.026069  -0.00289476    0.0071857
 -0.00289476   0.00136175  -0.00543185
   0.0071857  -0.00543185    0.0243784
   0.0241579  -0.00186332   0.00571679
 -0.00186332   0.00114864  -0.00503876
  0.00571679  -0.00503876    0.0239541
    0.026473  -0.00273731   0.00809559
 -0.00273731   0.00110229  -0.00481687
  0.00809559  -0.00481687     0.024709
   0.0274648   -0.0035632   0.00890323
  -0.0035632   0.00124855  -0.00499141
  0.00890323  -0.00499141    0.0248669
   0.0243983  -0.00180351   0.00667428
 -0.00180351   0.00093789  -0.00449004
  0.00667428  -0.00449004     0.024278
   0.0209699  0.000652561  -0.00111816
 0.000652561  0.000752442  -0.00391263
 -0.00111816  -0.00391263    0.0223094
   0.0213064  0.000376018  0.000344319
 0.000376018  0.000756063  -0.00402266
 0.000344319  -0.00402266    0.0224978
   0.0209865  0.000198093   0.00108721
 0.000198093  0.000841696  -0.00428152
  0.00108721  -0.00428152     0.022682
   0.0214052 -0.000179777   0.00251694
-0.000179777  0.000782439  -0.00411431
  0.00251694  -0.00411431     0.023025
   0.0218928 -0.000201152   0.00191719
-0.000201152  0.000720189  -0.00388682
  0.00191719  -0.00388682    0.0228413
   0.0214611 -0.000405826   0.00323004
-0.000405826   0.00086049  -0.00435036
  0.00323004  -0.00435036    0.0232142
   0.0220231 -0.000846391    0.0040097
-0.000846391  0.000696192  -0.00374731
   0.0040097  -0.00374731    0.0234933
   0.0218689 -0.000823338   0.00454882
-0.000823338   0.00073725  -0.00393865
  0.00454882  -0.00393865    0.0236558
   0.0225064  -0.00146736   0.00593803
 -0.00146736  0.000629622  -0.00336691
  0.00593803  -0.00336691    0.0241583
    0.022521  -0.00103469   0.00344931
 -0.00103469  0.000661158  -0.00353361
  0.00344931  -0.00353361    0.0232374
   0.0228798  -0.00170756    0.0055824
 -0.00170756  0.000630684  -0.00322619
   0.0055824  -0.00322619    0.0240135
   0.0229287   -0.0019402   0.00484612
  -0.0019402  0.000620231  -0.00299357
  0.00484612  -0.00299357    0.0234925
   0.0225749  -0.00112009   0.00536739
 -0.00112009  0.000813079  -0.00417737
  0.00536739  -0.00417737    0.0238822
   0.0229362  -0.00147494   0.00652842
 -0.00147494   0.00065259  -0.00353584
  0.00652842  -0.00353584    0.0243224
   0.0223309 -0.000966119   0.00425504
-0.000966119  0.000974939  -0.00464971
  0.00425504  -0.00464971     0.023503
   0.0220726 -0.000936779   0.00317154
-0.000936779   0.00110696  -0.00495287
  0.00317154  -0.00495287    0.0232146
    0.021141 -0.000219335    0.0019543
-0.000219335   0.00094723  -0.00456691
   0.0019543  -0.00456691     0.022881
   0.0208463   -0.0001316  0.000730074
  -0.0001316  0.000991316  -0.00460956
 0.000730074  -0.00460956    0.0226621
   0.0219042 -0.000868527   0.00217375
-0.000868527   0.00120974  -0.00513081
  0.00217375  -0.00513081    0.0230259
    0.020691  0.000359045 -0.000275599
 0.000359045  0.000854887  -0.00423062
-0.000275599  -0.00423062    0.0224641
   0.0227101  -0.00273563   0.00583158
 -0.00273563  0.000619768  -0.00231119
  0.00583158  -0.00231119    0.0237654
   0.0235644  -0.00262407   0.00715946
 -0.00262407  0.000621311  -0.00259635
  0.00715946  -0.00259635    0.0245257
    0.023753  -0.00337733    0.0086247
 -0.00337733  0.000678173  -0.00188781
   0.0086247  -0.00188781    0.0249016
   0.0225273   -0.0033691   0.00646712
  -0.0033691  0.000688611  -0.00154556
  0.00646712  -0.00154556    0.0246243
   0.0239529  -0.00308477   0.00915324
 -0.00308477  0.000620968   -0.0019643
  0.00915324   -0.0019643    0.0253371
   0.0236943  -0.00389399   0.00987923
 -0.00389399  0.000793878  -0.00120624
  0.00987923  -0.00120624    0.0253184
   0.0244519  -0.00371386    0.0107774
 -0.00371386   0.00074126  -0.00127308
   0.0107774  -0.00127308     0.025983
   0.0227404  -0.00388824   0.00753525
 -0.00388824   0.00081955  -0.00090092
  0.00753525  -0.00090092    0.0256137
   0.0243553  -0.00329932    0.0108342
 -0.00329932  0.000646832  -0.00114959
   0.0108342  -0.00114959    0.0259975
   0.0238505   -0.0027081   0.00928126
  -0.0027081  0.000545905  -0.00194119
  0.00928126  -0.00194119    0.0253637
   0.0233584  -0.00205119   0.00781552
 -0.00205119  0.000549662  -0.00277339
  0.00781552  -0.00277339    0.0248155
   0.0232286  -0.00227731   0.00746705
 -0.00227731  0.000577201  -0.00268756
  0.00746705  -0.00268756    0.0247137
   0.0216961  -0.00367623   0.00515596
 -0.00367623  0.000811816 -0.000680676
  0.00515596 -0.000680676    0.0255939
   0.0219395  -0.00329905   0.00430453
 -0.00329905  0.000687044  -0.00122887
  0.00430453  -0.00122887    0.0251976
   0.0201588  -0.00292469   0.00179567
 -0.00292469  0.000671544  -0.00088366
  0.00179567  -0.00088366    0.0245803
   0.0217892  -0.00267026    0.0032382
 -0.00267026  0.000595124  -0.00189039
   0.0032382  -0.00189039    0.0243992
   0.0208188  -0.00255637   0.00104899
 -0.00255637  0.000573329  -0.00148445
  0.00104899  -0.00148445    0.0246993
    0.021373  -0.00194477  0.000646466
 -0.00194477  0.000527707  -0.00219375
 0.000646466  -0.00219375    0.0241082
   0.0219868  -0.00194828   0.00267934
 -0.00194828  0.000565786  -0.00256442
  0.00267934  -0.00256442      0.02345
   0.0197376  -0.00177529  -0.00160908
 -0.00177529  0.000484853  -0.00158907
 -0.00160908  -0.00158907    0.0241184
    0.022145  -0.00116066   0.00223369
 -0.00116066  0.000596404  -0.00316463
  0.00223369  -0.00316463    0.0225542
   0.0222557 -0.000329254   0.00109687
-0.000329254  0.000642799  -0.00357657
  0.00109687  -0.00357657    0.0224694
   0.0219397 -0.000400049 -0.000585532
-0.000400049  0.000539071  -0.00314289
-0.000585532  -0.00314289    0.0225623
   0.0220233  0.000357341 -0.000351472
 0.000357341  0.000666955  -0.00371498
-0.000351472  -0.00371498    0.0222961
   0.0223679  0.000283093  -0.00150357
 0.000283093  0.000562872  -0.00332174
 -0.00150357  -0.00332174    0.0222933
   0.0225122  0.000727581  -0.00269906
 0.000727581  0.000551713  -0.00315892
 -0.00269906  -0.00315892    0.0220422
   0.0215484  0.000779001  -0.00192849
 0.000779001  0.000652387  -0.00356476
 -0.00192849  -0.00356476    0.0221216
   0.0216881  0.000177693  -0.00312215
 0.000177693  0.000436517  -0.00278692
 -0.00312215  -0.00278692    0.0222476
   0.0226774  0.000623194  -0.00395261
 0.000623194  0.000435427   -0.0026621
 -0.00395261   -0.0026621    0.0221278
   0.0217848   0.00037254  -0.00495134
  0.00037254  0.000323273  -0.00206681
 -0.00495134  -0.00206681    0.0218229
   0.0210409  1.95984e-05  -0.00435461
 1.95984e-05  0.000335156  -0.00224907
 -0.00435461  -0.00224907    0.0226451
   0.0213513 -0.000401488  -0.00237266
-0.000401488  0.000438124  -0.00269395
 -0.00237266  -0.00269395    0.0230984
   0.0202991 -0.000663883  -0.00376987
-0.000663883  0.000382749  -0.00210469
 -0.00376987  -0.00210469    0.0240903
   0.0207704  -0.00119249  -0.00197082
 -0.00119249  0.000451817   -0.0022526
 -0.00197082   -0.0022526    0.0238666
    0.021696   -0.0011617  -6.7176e-05
  -0.0011617  0.000517783  -0.00273868
 -6.7176e-05  -0.00273868    0.0234273
   0.0200773 -3.07927e-05  -0.00542164
-3.07927e-05  0.000265054  -0.00192602
 -0.00542164  -0.00192602    0.0230453
   0.0205001  0.000142125  -0.00562636
 0.000142125  0.000249813  -0.00145724
 -0.00562636  -0.00145724    0.0210104
  0.00537449  -0.00493965  -0.00636003
 -0.00493965   0.00485594    0.0052859
 -0.00636003    0.0052859    0.0207933
  0.00559272  -0.00495387  -0.00521608
 -0.00495387   0.00488014   0.00528562
 -0.00521608   0.00528562    0.0216306
  0.00532017  -0.00430537  -0.00467483
 -0.00430537    0.0040003   0.00425844
 -0.00467483   0.00425844    0.0220811
  0.00586776  -0.00424702  -0.00328232
 -0.00424702   0.00410862   0.00486498
 -0.00328232   0.00486498    0.0230952
  0.00607868  -0.00487606  -0.00380276
 -0.00487606   0.00496105    0.0057197
 -0.00380276    0.0057197    0.0224916
  0.00563859  -0.00366993   -0.0027271
 -0.00366993   0.00334589   0.00408847
  -0.0027271   0.00408847    0.0238359
  0.00671311  -0.00399164  -0.00170546
 -0.00399164   0.00430254   0.00597846
 -0.00170546   0.00597846    0.0240119
  0.00653257  -0.00340837  -0.00119807
 -0.00340837   0.00351152   0.00530208
 -0.00119807   0.00530208    0.0248829
  0.00764989   -0.0029584  0.000340031
  -0.0029584   0.00383378   0.00682907
 0.000340031   0.00682907    0.0256879
  0.00687236  -0.00462484   -0.0021996
 -0.00462484     0.005158   0.00665778
  -0.0021996   0.00665778    0.0232765
  0.00779001  -0.00354799 -9.38907e-05
 -0.00354799   0.00469663   0.00743985
-9.38907e-05   0.00743985    0.0246911
  0.00789688  -0.00422843 -0.000566644
 -0.00422843   0.00560915   0.00797263
-0.000566644   0.00797263     0.023843
  0.00635414  -0.00295824 -0.000773578
 -0.00295824   0.00287536   0.00476146
-0.000773578   0.00476146    0.0258879
  0.00747583  -0.00250317  0.000668135
 -0.00250317   0.00310274   0.00624707
 0.000668135   0.00624707     0.026795
  0.00731525  -0.00224695  0.000838789
 -0.00224695   0.00253693   0.00568322
 0.000838789   0.00568322    0.0279419
  0.00656587  -0.00290406 -0.000743019
 -0.00290406   0.00255547   0.00446599
-0.000743019   0.00446599    0.0272179
   0.0056265  -0.00336383  -0.00239746
 -0.00336383   0.00283812   0.00362491
 -0.00239746   0.00362491    0.0248981
  0.00602571  -0.00341511  -0.00240931
 -0.00341511   0.00265253   0.00341476
 -0.00240931   0.00341476     0.026228
  0.00512306  -0.00350916  -0.00382344
 -0.00350916   0.00281367   0.00290102
 -0.00382344   0.00290102    0.0237175
  0.00509914  -0.00376631  -0.00415877
 -0.00376631   0.00327224   0.00341541
 -0.00415877   0.00341541    0.0227563
  0.00479484  -0.00369132  -0.00525937
 -0.00369132   0.00318401   0.00314041
 -0.00525937   0.00314041    0.0216079
  0.00551684  -0.00358324  -0.00379225
 -0.00358324    0.0026763   0.00265902
 -0.00379225   0.00265902    0.0234925
  0.00477247    -0.003425  -0.00485954
   -0.003425   0.00272564   0.00256374
 -0.00485954   0.00256374    0.0218814
  0.00507495  -0.00347788  -0.00476755
 -0.00347788   0.00261538   0.00234811
 -0.00476755   0.00234811    0.0217998
  0.00505153   -0.0042462  -0.00578865
  -0.0042462    0.0039248   0.00409637
 -0.00578865   0.00409637    0.0210795
  0.00894676  -0.00375011  0.000891598
 -0.00375011    0.0063723   0.00947113
 0.000891598   0.00947113    0.0240959
  0.00890561  -0.00301079    0.0013326
 -0.00301079   0.00532969   0.00901663
   0.0013326   0.00901663    0.0250591
  0.00977573  -0.00256675   0.00234971
 -0.00256675   0.00615318     0.010392
  0.00234971     0.010392    0.0251018
  0.00974573  -0.00333481   0.00195398
 -0.00333481   0.00740067    0.0108762
  0.00195398    0.0108762    0.0240152
  0.00972456  -0.00195983   0.00259667
 -0.00195983   0.00491883   0.00963429
  0.00259667   0.00963429    0.0263292
   0.0101713  -0.00234298   0.00281661
 -0.00234298   0.00704752    0.0113366
  0.00281661    0.0113366    0.0249148
   0.0101764  -0.00177499   0.00295261
 -0.00177499   0.00555392    0.0103367
  0.00295261    0.0103367    0.0262557
   0.0100718  -0.00194363   0.00276367
 -0.00194363   0.00608107    0.0103198
  0.00276367    0.0103198    0.0260888
   0.0100794   -0.0030787   0.00249581
  -0.0030787   0.00853381    0.0119632
  0.00249581    0.0119632    0.0237099
   0.0100211   -0.0024235   0.00276111
  -0.0024235   0.00779611    0.0116512
  0.00276111    0.0116512     0.024645
  0.00990097  -0.00306363   0.00253782
 -0.00306363   0.00951083    0.0125512
  0.00253782    0.0125512    0.0233239
   0.0100767  -0.00142594   0.00283728
 -0.00142594    0.0042375   0.00906725
  0.00283728   0.00906725     0.027655
   0.0100311  -0.00165054   0.00250334
 -0.00165054   0.00457655   0.00865233
  0.00250334   0.00865233    0.0275607
  0.00989126  -0.00154415    0.0020109
 -0.00154415   0.00340226   0.00678227
   0.0020109   0.00678227    0.0289697
  0.00986993  -0.00129735   0.00250241
 -0.00129735   0.00318198   0.00760415
  0.00250241   0.00760415    0.0290102
  0.00957919  -0.00157068   0.00263513
 -0.00157068   0.00383907   0.00869874
  0.00263513   0.00869874    0.0276382
  0.00935043  -0.00139918   0.00247402
 -0.00139918   0.00294678   0.00761496
  0.00247402   0.00761496    0.0289234
  0.00863908  -0.00198299   0.00187066
 -0.00198299   0.00344646   0.00768316
  0.00187066   0.00768316    0.0273796
  0.00880484  -0.00240603   0.00168137
 -0.00240603   0.00432338   0.00838858
  0.00168137   0.00838858    0.0261684
  0.00843114  -0.00175602   0.00189238
 -0.00175602   0.00272283   0.00690313
  0.00189238   0.00690313    0.0285907
   0.0144398  -0.00440231  -0.00333867
 -0.00440231   0.00207924   0.00346099
 -0.00333867   0.00346099    0.0240993
   0.0133727  -0.00372765   -0.0020286
 -0.00372765   0.00191017   0.00438356
  -0.0020286   0.00438356    0.0255273
   0.0112259  -0.00255854 -0.000437927
 -0.00255854   0.00171669   0.00452568
-0.000437927   0.00452568    0.0277921
    0.010638  -0.00248361  8.54752e-05
 -0.00248361   0.00176829   0.00516582
 8.54752e-05   0.00516582    0.0283354
   0.0133983  -0.00404513  -0.00217257
 -0.00404513    0.0021168   0.00478536
 -0.00217257   0.00478536    0.0252917
  0.00933203  -0.00174778   0.00118398
 -0.00174778    0.0018188   0.00559095
  0.00118398   0.00559095    0.0290203
   0.0103762  -0.00297768 -0.000411405
 -0.00297768   0.00197958   0.00510923
-0.000411405   0.00510923    0.0282825
  0.00864187   -0.0020664  0.000915767
  -0.0020664   0.00190529   0.00548452
 0.000915767   0.00548452    0.0292223
  0.00852973  -0.00290173 -0.000256337
 -0.00290173   0.00220429   0.00498165
-0.000256337   0.00498165    0.0294312
    0.012394   -0.0042667  -0.00239535
  -0.0042667   0.00233169   0.00481859
 -0.00239535   0.00481859    0.0244325
  0.00990315  -0.00377274  -0.00172276
 -0.00377274   0.00235961   0.00463622
 -0.00172276   0.00463622    0.0261358
   0.0115828  -0.00486731  -0.00324979
 -0.00486731   0.00277693   0.00459716
 -0.00324979   0.00459716    0.0233039
  0.00818688  -0.00169708   0.00169553
 -0.00169708   0.00216904   0.00610001
  0.00169553   0.00610001     0.029134
  0.00763157  -0.00239285   0.00054633
 -0.00239285   0.00225402   0.00528155
  0.00054633   0.00528155    0.0289577
   0.0091337  -0.00142922   0.00199799
 -0.00142922   0.00225385    0.0065182
  0.00199799    0.0065182    0.0293279
  0.00975352  -0.00139699   0.00178998
 -0.00139699   0.00237198   0.00620924
  0.00178998   0.00620924    0.0295465
   0.0101738  -0.00185111  0.000716922
 -0.00185111   0.00186085   0.00506848
 0.000716922   0.00506848    0.0287493
   0.0107142   -0.0022268  -0.00013572
  -0.0022268   0.00200397   0.00386335
 -0.00013572   0.00386335    0.0289008
  0.00994901  -0.00167525   0.00109135
 -0.00167525   0.00252599   0.00511025
  0.00109135   0.00511025    0.0296234
   0.0121167  -0.00311856  -0.00166084
 -0.00311856   0.00184893   0.00335104
 -0.00166084   0.00335104    0.0268417
   0.0108893   -0.0051835  -0.00375669
  -0.0051835   0.00304238   0.00436976
 -0.00375669   0.00436976    0.0228117
   0.0093898  -0.00443507  -0.00300995
 -0.00443507   0.00276812   0.00411129
 -0.00300995   0.00411129    0.0241258
  0.00912402  -0.00505708   -0.0044757
 -0.00505708   0.00321702   0.00387236
  -0.0044757   0.00387236     0.023694
   0.0104526  -0.00553984  -0.00459522
 -0.00553984   0.00338493   0.00428145
 -0.00459522   0.00428145    0.0227889
  0.00782862  -0.00437825  -0.00377758
 -0.00437825   0.00293636   0.00351389
 -0.00377758   0.00351389    0.0243353
  0.00809972  -0.00504057  -0.00534389
 -0.00504057   0.00337936   0.00350444
 -0.00534389   0.00350444    0.0229143
  0.00735728    -0.004622  -0.00503028
   -0.004622   0.00315967   0.00302492
 -0.00503028   0.00302492    0.0235587
  0.00662821  -0.00435755   -0.0058132
 -0.00435755   0.00307191   0.00272965
  -0.0058132   0.00272965     0.022879
  0.00895404  -0.00543473  -0.00555765
 -0.00543473   0.00353727   0.00380098
 -0.00555765   0.00380098    0.0212233
  0.00717082  -0.00466943  -0.00601928
 -0.00466943   0.00321649   0.00309195
 -0.00601928   0.00309195    0.0215606
  0.00800208  -0.00518457  -0.00618582
 -0.00518457    0.0035247   0.00365158
 -0.00618582   0.00365158    0.0207725
  0.00631272  -0.00397612  -0.00432671
 -0.00397612   0.00280185   0.00280395
 -0.00432671   0.00280395    0.0232182
   0.0055261  -0.00370714  -0.00519737
 -0.00370714   0.00269806   0.00239657
 -0.00519737   0.00239657    0.0219574
   0.0067282  -0.00377022  -0.00292421
 -0.00377022   0.00269008   0.00333797
 -0.00292421   0.00333797    0.0252349
  0.00719153  -0.00315698  -0.00106127
 -0.00315698   0.00245855   0.00433803
 -0.00106127   0.00433803    0.0286159
  0.00812118  -0.00373524  -0.00208261
 -0.00373524   0.00255233   0.00414058
 -0.00208261   0.00414058    0.0263975
  0.00934622  -0.00323358   0.00222966
 -0.00323358    0.0101085    0.0126176
  0.00222966    0.0126176    0.0229864
  0.00947189  -0.00274918   0.00233421
 -0.00274918   0.00819947    0.0113455
  0.00233421    0.0113455    0.0244224
  0.00875922  -0.00318037   0.00173333
 -0.00318037   0.00815317    0.0105722
  0.00173333    0.0105722    0.0243189
  0.00864383  -0.00349832    0.0017443
 -0.00349832    0.0102247    0.0122634
   0.0017443    0.0122634    0.0227738
  0.00883035  -0.00295433   0.00145027
 -0.00295433   0.00626656   0.00842173
  0.00145027   0.00842173    0.0259245
   0.0080778  -0.00354466    0.0010815
 -0.00354466   0.00775022   0.00957688
   0.0010815   0.00957688    0.0243652
  0.00816023  -0.00341864  0.000677666
 -0.00341864   0.00589114   0.00702784
 0.000677666   0.00702784    0.0260488
  0.00761905   -0.0036576 -7.39517e-05
  -0.0036576   0.00534842   0.00569478
-7.39517e-05   0.00569478    0.0263197
  0.00795718  -0.00372443   0.00119959
 -0.00372443     0.009937    0.0116653
  0.00119959    0.0116653    0.0227163
  0.00749646  -0.00373108  0.000430396
 -0.00373108   0.00713673   0.00856826
 0.000430396   0.00856826    0.0245397
  0.00736173  -0.00382093  0.000641783
 -0.00382093    0.0093841    0.0109924
 0.000641783    0.0109924    0.0227833
  0.00821659  -0.00332631  6.86861e-06
 -0.00332631     0.004565   0.00424744
 6.86861e-06   0.00424744    0.0276928
  0.00771351  -0.00358062 -0.000823738
 -0.00358062     0.004232   0.00262731
-0.000823738   0.00262731    0.0280418
  0.00778849   -0.0034902  -0.00170082
  -0.0034902   0.00377593 -0.000361091
 -0.00170082 -0.000361091    0.0296526
  0.00825963  -0.00323724 -0.000823234
 -0.00323724   0.00381346   0.00143271
-0.000823234   0.00143271    0.0292422
   0.0088673  -0.00280812   0.00089499
 -0.00280812   0.00477297   0.00597894
  0.00089499   0.00597894    0.0275061
  0.00887508  -0.00270703   0.00015158
 -0.00270703   0.00376156   0.00340067
  0.00015158   0.00340067    0.0289966
  0.00955504  -0.00216648   0.00178232
 -0.00216648   0.00479753   0.00754285
  0.00178232   0.00754285     0.027482
  0.00954104  -0.00239252   0.00219582
 -0.00239252   0.00635598   0.00961575
  0.00219582   0.00961575    0.0259522
  0.00949278  -0.00206443   0.00115904
 -0.00206443   0.00362751   0.00528475
  0.00115904   0.00528475    0.0289284
   0.0068456  -0.00377175  7.39321e-05
 -0.00377175   0.00866745    0.0103978
 7.39321e-05    0.0103978    0.0229231
  0.00701117  -0.00369947 -0.000244347
 -0.00369947   0.00643507   0.00771259
-0.000244347   0.00771259    0.0247976
  0.00659348  -0.00349778 -0.000946609
 -0.00349778   0.00571958   0.00712019
-0.000946609   0.00712019     0.025105
  0.00640507  -0.00359677 -0.000507868
 -0.00359677   0.00791512   0.00995354
-0.000507868   0.00995354     0.023083
  0.00681712  -0.00336045  -0.00163158
 -0.00336045   0.00416268   0.00383667
 -0.00163158   0.00383667    0.0270981
   0.0062377  -0.00319192  -0.00168118
 -0.00319192    0.0050815   0.00675358
 -0.00168118   0.00675358    0.0254418
   0.0064998  -0.00296714  -0.00245779
 -0.00296714   0.00358947   0.00339516
 -0.00245779   0.00339516    0.0275565
  0.00624626  -0.00256148  -0.00321292
 -0.00256148   0.00305609   0.00323819
 -0.00321292   0.00323819    0.0278223
  0.00603777  -0.00334367  -0.00111433
 -0.00334367   0.00722317   0.00964322
 -0.00111433   0.00964322    0.0232446
  0.00594969  -0.00285685  -0.00239216
 -0.00285685   0.00451816   0.00661664
 -0.00239216   0.00661664    0.0255305
  0.00575087  -0.00305661  -0.00173208
 -0.00305661   0.00663784   0.00945969
 -0.00173208   0.00945969     0.023405
  0.00678235  -0.00270134  -0.00335252
 -0.00270134   0.00290645 -7.84855e-05
 -0.00335252 -7.84855e-05    0.0294531
  0.00668868  -0.00222717  -0.00408887
 -0.00222717   0.00236726 -0.000170091
 -0.00408887 -0.000170091    0.0294708
  0.00700108   -0.0019013  -0.00487842
  -0.0019013   0.00242621  -0.00333555
 -0.00487842  -0.00333555    0.0312219
  0.00702097  -0.00245411  -0.00420457
 -0.00245411    0.0029637  -0.00324748
 -0.00420457  -0.00324748    0.0310175
  0.00704128  -0.00318942  -0.00249126
 -0.00318942   0.00339294  0.000421612
 -0.00249126  0.000421612     0.028967
  0.00722068  -0.00301084  -0.00336746
 -0.00301084   0.00339192  -0.00274878
 -0.00336746  -0.00274878    0.0306021
  0.00733756  -0.00351791  -0.00164922
 -0.00351791   0.00383934   0.00131146
 -0.00164922   0.00131146    0.0284872
  0.00717846  -0.00362512 -0.000838584
 -0.00362512   0.00475775   0.00459097
-0.000838584   0.00459097    0.0266817
   0.0074558  -0.00339736  -0.00253411
 -0.00339736   0.00365003  -0.00179013
 -0.00253411  -0.00179013    0.0301315
   0.0128992  -0.00589749  -0.00809315
 -0.00589749   0.00513806  -0.00273368
 -0.00809315  -0.00273368    0.0242228
   0.0133966  -0.00637356  -0.00788122
 -0.00637356   0.00546315  -0.00295867
 -0.00788122  -0.00295867    0.0244053
    0.010532   -0.0043883  -0.00691422
  -0.0043883   0.00476368  -0.00511349
 -0.00691422  -0.00511349    0.0283097
   0.0108991  -0.00482075  -0.00649648
 -0.00482075   0.00483026  -0.00487157
 -0.00649648  -0.00487157    0.0282029
   0.0138636  -0.00660605  -0.00763181
 -0.00660605   0.00537788  -0.00288776
 -0.00763181  -0.00288776     0.024355
  0.00880175  -0.00362412  -0.00530953
 -0.00362412   0.00433623  -0.00577177
 -0.00530953  -0.00577177    0.0307283
   0.0112511  -0.00498899  -0.00605205
 -0.00498899   0.00453333  -0.00426919
 -0.00605205  -0.00426919    0.0278873
  0.00908066  -0.00393625  -0.00469775
 -0.00393625   0.00419878  -0.00494172
 -0.00469775  -0.00494172    0.0303421
  0.00942185  -0.00396268  -0.00402065
 -0.00396268   0.00381516  -0.00366324
 -0.00402065  -0.00366324    0.0298661
   0.0142096  -0.00659433   -0.0073406
 -0.00659433   0.00496367   -0.0024941
  -0.0073406   -0.0024941    0.0240874
   0.0115751  -0.00492036  -0.00551433
 -0.00492036   0.00398156  -0.00322558
 -0.00551433  -0.00322558    0.0274349
   0.0144631  -0.00638785  -0.00694765
 -0.00638785   0.00432985  -0.00174564
 -0.00694765  -0.00174564     0.023711
  0.00785483  -0.00340563   -0.0035798
 -0.00340563   0.00379528  -0.00401311
  -0.0035798  -0.00401311    0.0309337
  0.00817109  -0.00349562  -0.00279685
 -0.00349562   0.00366301  -0.00259228
 -0.00279685  -0.00259228    0.0304406
  0.00763033  -0.00302255  -0.00432914
 -0.00302255    0.0037361  -0.00494876
 -0.00432914  -0.00494876    0.0313636
  0.00745712  -0.00242504  -0.00507553
 -0.00242504   0.00340952  -0.00541222
 -0.00507553  -0.00541222    0.0316626
  0.00856213  -0.00306362  -0.00591022
 -0.00306362   0.00410613  -0.00613938
 -0.00591022  -0.00613938    0.0309121
  0.00853373  -0.00239627  -0.00641191
 -0.00239627   0.00351837  -0.00607437
 -0.00641191  -0.00607437    0.0309493
     0.00759  -0.00183213  -0.00567538
 -0.00183213   0.00284637  -0.00538625
 -0.00567538  -0.00538625    0.0316412
   0.0103505  -0.00378116  -0.00728181
 -0.00378116   0.00426147  -0.00496369
 -0.00728181  -0.00496369    0.0281885
   0.0146741  -0.00604093  -0.00638404
 -0.00604093   0.00362208 -0.000661148
 -0.00638404 -0.000661148    0.0233538
   0.0118957  -0.00461932  -0.00482371
 -0.00461932   0.00332781  -0.00180595
 -0.00482371  -0.00180595    0.0270249
   0.0121977  -0.00419118  -0.00395646
 -0.00419118   0.00266788 -6.55623e-05
 -0.00395646 -6.55623e-05    0.0267328
   0.0149199  -0.00561027  -0.00559651
 -0.00561027   0.00292366  0.000671164
 -0.00559651  0.000671164    0.0232089
   0.0102595  -0.00323905  -0.00224428
 -0.00323905   0.00273254  2.46026e-05
 -0.00224428  2.46026e-05    0.0291318
   0.0123746  -0.00367587  -0.00285023
 -0.00367587   0.00215943   0.00171732
 -0.00285023   0.00171732    0.0266367
   0.0106316  -0.00270064  -0.00119312
 -0.00270064   0.00228931   0.00208269
 -0.00119312   0.00208269     0.028999
   0.0147601   -0.0049793  -0.00450189
  -0.0049793     0.002379   0.00213789
 -0.00450189   0.00213789    0.0235049
  0.00966254  -0.00215436  0.000144956
 -0.00215436   0.00276021   0.00335798
 0.000144956   0.00335798    0.0296233
  0.00915284  -0.00274838 -0.000915886
 -0.00274838   0.00307223    0.0012943
-0.000915886    0.0012943    0.0297231
  0.00861525   -0.0032403  -0.00192533
  -0.0032403   0.00340903  -0.00077857
 -0.00192533  -0.00077857    0.0300049
  0.00982522  -0.00370408  -0.00320968
 -0.00370408   0.00329882  -0.00196855
 -0.00320968  -0.00196855    0.0294255
  0.00417479   -0.0085684  -0.00323595
  -0.0085684    0.0268739    0.0156317
 -0.00323595    0.0156317    0.0147772
  0.00486565  -0.00845122    -0.002378
 -0.00845122    0.0255443     0.015239
   -0.002378     0.015239    0.0157821
  0.00493919  -0.00819804  -0.00310116
 -0.00819804    0.0208843    0.0139687
 -0.00310116    0.0139687    0.0170031
  0.00575203  -0.00811639   -0.0020489
 -0.00811639    0.0199122    0.0135186
  -0.0020489    0.0135186     0.017826
  0.00571899   -0.0083103  -0.00141719
  -0.0083103    0.0243094    0.0149642
 -0.00141719    0.0149642    0.0168233
  0.00584116  -0.00786869  -0.00276418
 -0.00786869    0.0159597     0.012115
 -0.00276418     0.012115    0.0187902
  0.00667345  -0.00804591 -0.000982513
 -0.00804591    0.0191381    0.0132687
