           0            0            0
           0            0            0
           0            0            0
    0.016799  -0.00208467   0.00123723
 -0.00208467  0.000428311   0.00125024
  0.00123723   0.00125024    0.0131877
   0.0148011  -0.00143444   0.00367767
 -0.00143444  0.000312627   0.00119831
  0.00367767   0.00119831    0.0162384
    0.012672   -0.0010132   0.00589006
  -0.0010132  0.000229134  0.000895952
  0.00589006  0.000895952     0.017851
    0.012162 -0.000990231   0.00691441
-0.000990231  0.000204185  0.000555957
  0.00691441  0.000555957    0.0179834
   0.0123108  -0.00116739   0.00657064
 -0.00116739   0.00021609  0.000347659
  0.00657064  0.000347659    0.0184514
   0.0107243  -0.00109778   0.00544296
 -0.00109778  0.000199357  0.000254553
  0.00544296  0.000254553    0.0165483
   0.0112545  -0.00127058   0.00483298
 -0.00127058  0.000212261  4.16653e-05
  0.00483298  4.16653e-05    0.0178321
   0.0125246  -0.00130989   0.00592226
 -0.00130989  0.000222588  0.000126794
  0.00592226  0.000126794    0.0189573
   0.0112136  -0.00133087    0.0036118
 -0.00133087  0.000220307 -0.000250204
   0.0036118 -0.000250204    0.0189222
   0.0126077  -0.00139494   0.00478281
 -0.00139494  0.000226922 -0.000171047
  0.00478281 -0.000171047    0.0200695
    0.011313  -0.00129173   0.00217572
 -0.00129173  0.000230492 -0.000604687
  0.00217572 -0.000604687    0.0202504
   0.0128589  -0.00146318   0.00432735
 -0.00146318  0.000229863 -0.000396983
  0.00432735 -0.000396983    0.0203978
   0.0247639 -0.000990665   0.00706185
-0.000990665  0.000470223   0.00208097
  0.00706185   0.00208097    0.0155873
   0.0212592 -0.000628889   0.00908191
-0.000628889  0.000536178   0.00246129
  0.00908191   0.00246129     0.018778
   0.0213741 -0.000468741    0.0090257
-0.000468741  0.000477186   0.00240848
   0.0090257   0.00240848    0.0187954
   0.0191266 -0.000205697    0.0106539
-0.000205697  0.000516531   0.00264512
   0.0106539   0.00264512    0.0212757
   0.0189514 -0.000360347    0.0106581
-0.000360347  0.000571115   0.00268174
   0.0106581   0.00268174    0.0212401
   0.0190111 -0.000186343    0.0104774
-0.000186343  0.000458333   0.00248442
   0.0104774   0.00248442    0.0212403
   0.0176509 -0.000155521    0.0111988
-0.000155521  0.000521041   0.00266173
   0.0111988   0.00266173    0.0224542
   0.0175715 -0.000129814    0.0110401
-0.000129814  0.000467629   0.00251747
   0.0110401   0.00251747    0.0224073
   0.0171847 -0.000268037    0.0110287
-0.000268037  0.000447452   0.00235304
   0.0110287   0.00235304    0.0227217
   0.0174563   -0.0002969    0.0111754
  -0.0002969  0.000569106   0.00268709
   0.0111754   0.00268709    0.0224211
   0.0172558 -0.000304812    0.0111893
-0.000304812  0.000494899   0.00247993
   0.0111893   0.00247993    0.0227954
   0.0170634   -0.0004359    0.0111612
  -0.0004359  0.000538237   0.00250057
   0.0111612   0.00250057    0.0227869
   0.0173708 -0.000243149     0.010823
-0.000243149  0.000408152   0.00224011
    0.010823   0.00224011    0.0223713
   0.0169839 -0.000363872    0.0107979
-0.000363872   0.00039544   0.00209562
   0.0107979   0.00209562    0.0226545
   0.0168029 -0.000561555    0.0106086
-0.000561555  0.000344419   0.00174053
   0.0106086   0.00174053     0.022656
   0.0172004 -0.000460808    0.0106611
-0.000460808  0.000350463   0.00186972
   0.0106611   0.00186972    0.0224111
   0.0187924 -0.000323462    0.0102735
-0.000323462  0.000397844   0.00219821
   0.0102735   0.00219821    0.0212309
   0.0186389 -0.000571856    0.0101566
-0.000571856  0.000344156   0.00182875
   0.0101566   0.00182875    0.0213104
   0.0209708 -0.000673752   0.00867762
-0.000673752  0.000374666   0.00195715
  0.00867762   0.00195715    0.0187947
   0.0212015 -0.000483727   0.00884086
-0.000483727  0.000421977   0.00223821
  0.00884086   0.00223821    0.0187711
   0.0244896 -0.000996013   0.00678351
-0.000996013  0.000384733   0.00183979
  0.00678351   0.00183979    0.0155804
   0.0208403 -0.000967838   0.00843204
-0.000967838  0.000340897   0.00165347
  0.00843204   0.00165347    0.0189221
   0.0241061  -0.00124087    0.0066046
 -0.00124087  0.000360004   0.00160448
   0.0066046   0.00160448     0.015584
   0.0243262  -0.00164593   0.00615709
 -0.00164593  0.000365997   0.00140438
  0.00615709   0.00140438    0.0157756
     0.02474 -0.000884419   0.00694839
-0.000884419  0.000419116   0.00201292
  0.00694839   0.00201292     0.015583
   0.0168069 -0.000664264    0.0106359
-0.000664264   0.00048103   0.00218333
   0.0106359   0.00218333    0.0226243
   0.0169891  -0.00055032    0.0106509
 -0.00055032  0.000442578    0.0021592
   0.0106509    0.0021592    0.0225927
   0.0167584 -0.000766483    0.0100648
-0.000766483  0.000376535   0.00175387
   0.0100648   0.00175387      0.02238
   0.0165794  -0.00085814    0.0100523
 -0.00085814   0.00040789   0.00178064
   0.0100523   0.00178064    0.0224428
   0.0166614 -0.000718544   0.00987465
-0.000718544   0.00034335   0.00165726
  0.00987465   0.00165726     0.022234
   0.0165524  -0.00094578   0.00942371
 -0.00094578  0.000304307   0.00128049
  0.00942371   0.00128049    0.0221353
   0.0164419  -0.00089952   0.00922586
 -0.00089952  0.000279626   0.00120397
  0.00922586   0.00120397    0.0219583
   0.0162614   -0.0010316   0.00855709
  -0.0010316  0.000221237  0.000709595
  0.00855709  0.000709595    0.0216726
   0.0163673  -0.00101149   0.00940007
 -0.00101149  0.000326939   0.00130988
  0.00940007   0.00130988    0.0222247
   0.0163831   -0.0010755   0.00875505
  -0.0010755  0.000237258  0.000765538
  0.00875505  0.000765538    0.0218785
   0.0161816  -0.00111746   0.00870906
 -0.00111746  0.000252611  0.000798388
  0.00870906  0.000798388    0.0219844
   0.0162029 -0.000929611   0.00893182
-0.000929611  0.000256395   0.00104146
  0.00893182   0.00104146    0.0217723
   0.0159923  -0.00104498   0.00824062
 -0.00104498  0.000207487  0.000587798
  0.00824062  0.000587798    0.0214471
   0.0157731  -0.00113276   0.00794483
 -0.00113276  0.000199665  0.000396635
  0.00794483  0.000396635    0.0212714
   0.0160154  -0.00104673   0.00867276
 -0.00104673   0.00023878  0.000798631
  0.00867276  0.000798631     0.021647
   0.0164462 -0.000768444   0.00960446
-0.000768444  0.000310205   0.00145762
  0.00960446   0.00145762    0.0220883
   0.0162768 -0.000915531   0.00937698
-0.000915531  0.000282567   0.00116914
  0.00937698   0.00116914    0.0220091
   0.0167086 -0.000578463    0.0102272
-0.000578463  0.000358343     0.001814
   0.0102272     0.001814    0.0223759
    0.016906  -0.00050568    0.0104743
 -0.00050568  0.000400525   0.00204573
   0.0104743   0.00204573    0.0224818
    0.016531 -0.000752284    0.0100211
-0.000752284  0.000318284   0.00148746
   0.0100211   0.00148746    0.0223417
     0.01401  -0.00144555   0.00628901
 -0.00144555  0.000230823 -1.60516e-06
  0.00628901 -1.60516e-06     0.020633
   0.0138506  -0.00134462   0.00686962
 -0.00134462  0.000236503  0.000247367
  0.00686962  0.000247367    0.0203122
   0.0153815  -0.00129068   0.00838222
 -0.00129068  0.000251727  0.000504637
  0.00838222  0.000504637    0.0214437
   0.0135109  -0.00119262   0.00749729
 -0.00119262  0.000233694  0.000458889
  0.00749729  0.000458889    0.0196561
   0.0153645  -0.00114383   0.00891825
 -0.00114383  0.000260352  0.000759488
  0.00891825  0.000759488    0.0216231
   0.0152952 -0.000950392   0.00934254
-0.000950392  0.000259632  0.000982727
  0.00934254  0.000982727    0.0215582
   0.0135341  -0.00101228   0.00803703
 -0.00101228  0.000225979  0.000672698
  0.00803703  0.000672698    0.0195027
   0.0163807  -0.00100109   0.00985525
 -0.00100109  0.000289577   0.00108651
  0.00985525   0.00108651    0.0223732
   0.0165197 -0.000815455    0.0103848
-0.000815455   0.00030249   0.00132012
   0.0103848   0.00132012    0.0226791
   0.0161333  -0.00113883   0.00918491
 -0.00113883  0.000265476   0.00080921
  0.00918491   0.00080921    0.0219937
   0.0158779  -0.00123862   0.00844615
 -0.00123862  0.000233772  0.000490709
  0.00844615  0.000490709    0.0215738
   0.0152369  -0.00137992   0.00776116
 -0.00137992  0.000232445  0.000212492
  0.00776116  0.000212492    0.0212654
   0.0151756  -0.00143748   0.00717071
 -0.00143748  0.000217147 -0.000106766
  0.00717071 -0.000106766    0.0208375
    0.015618  -0.00129007   0.00768087
 -0.00129007   0.00020358  0.000145024
  0.00768087  0.000145024    0.0211462
   0.0140124  -0.00148546   0.00583758
 -0.00148546  0.000222934 -0.000293153
  0.00583758 -0.000293153     0.020614
   0.0139586 -0.000951683   0.00762742
-0.000951683  0.000228723  0.000911749
  0.00762742  0.000911749    0.0193897
   0.0159024  -0.00125909   0.00603777
 -0.00125909  0.000284807   0.00115534
  0.00603777   0.00115534    0.0182169
   0.0168452  -0.00107422   0.00779924
 -0.00107422  0.000276805   0.00122102
  0.00779924   0.00122102    0.0196268
   0.0179328  -0.00180806    0.0033776
 -0.00180806  0.000365037   0.00123549
   0.0033776   0.00123549    0.0152985
   0.0187396   -0.0016289   0.00496961
  -0.0016289  0.000343944   0.00124977
  0.00496961   0.00124977    0.0164418
   0.0213733  -0.00229925    0.0025857
 -0.00229925  0.000440763   0.00123043
   0.0025857   0.00123043    0.0134359
    0.019649  -0.00238684   0.00120331
 -0.00238684  0.000466612   0.00127801
  0.00120331   0.00127801     0.012907
   0.0200861  -0.00128905     0.007231
 -0.00128905  0.000325433   0.00140493
    0.007231   0.00140493    0.0183038
   0.0226875  -0.00194807   0.00463095
 -0.00194807  0.000382706   0.00126797
  0.00463095   0.00126797    0.0149263
   0.0180276  -0.00084671   0.00943786
 -0.00084671  0.000301624   0.00147157
  0.00943786   0.00147157    0.0209362
   0.0167022 -0.000706831    0.0102855
-0.000706831  0.000299884   0.00145779
   0.0102855   0.00145779    0.0223084
    0.015449 -0.000865879   0.00899784
-0.000865879  0.000255236    0.0011381
  0.00899784    0.0011381    0.0209982
   0.0159854  -0.00117564   0.00796978
 -0.00117564  0.000190027  0.000248218
  0.00796978  0.000248218    0.0217435
    0.016244  -0.00116008   0.00804933
 -0.00116008  0.000181381  0.000210936
  0.00804933  0.000210936    0.0216278
   0.0161317  -0.00117266   0.00730641
 -0.00117266  0.000157641 -0.000381746
  0.00730641 -0.000381746     0.021402
   0.0157784    -0.001163   0.00718761
   -0.001163  0.000162792 -0.000341937
  0.00718761 -0.000341937    0.0215171
   0.0160438  -0.00113502   0.00712748
 -0.00113502  0.000151815 -0.000404762
  0.00712748 -0.000404762    0.0211652
   0.0159849  -0.00111876   0.00653801
 -0.00111876  0.000172592 -0.000999693
  0.00653801 -0.000999693    0.0211916
   0.0159775  -0.00108811   0.00637951
 -0.00108811  0.000167198  -0.00100561
  0.00637951  -0.00100561    0.0209568
   0.0158816 -0.000975037   0.00564361
-0.000975037  0.000223565  -0.00160458
  0.00564361  -0.00160458    0.0207651
   0.0155278  -0.00108399   0.00638467
 -0.00108399   0.00017274  -0.00095752
  0.00638467  -0.00095752    0.0212933
   0.0157934 -0.000996919   0.00577964
-0.000996919  0.000229125  -0.00161642
  0.00577964  -0.00161642    0.0209833
   0.0152421 -0.000945477    0.0055929
-0.000945477  0.000227207  -0.00157616
   0.0055929  -0.00157616    0.0210564
   0.0156457  -0.00104834   0.00599534
 -0.00104834  0.000163257  -0.00101584
  0.00599534  -0.00101584    0.0206436
   0.0155998  -0.00092528   0.00525152
 -0.00092528  0.000215541  -0.00158019
  0.00525152  -0.00158019    0.0204479
   0.0152275  -0.00089483   0.00478419
 -0.00089483   0.00021177  -0.00157343
  0.00478419  -0.00157343    0.0201247
   0.0152882  -0.00104329    0.0055713
 -0.00104329  0.000164737  -0.00105403
   0.0055713  -0.00105403    0.0203426
   0.0157039  -0.00110854   0.00676249
 -0.00110854  0.000148401 -0.000449665
  0.00676249 -0.000449665    0.0208707
   0.0153983  -0.00113693   0.00638453
 -0.00113693  0.000152731 -0.000535515
  0.00638453 -0.000535515    0.0206011
    0.015813  -0.00111155   0.00751626
 -0.00111155  0.000165183  9.05638e-05
  0.00751626  9.05638e-05    0.0211382
   0.0161164  -0.00111706   0.00785692
 -0.00111706  0.000170845  0.000172444
  0.00785692  0.000172444    0.0214028
   0.0155506  -0.00117145   0.00718174
 -0.00117145  0.000165531     -4.7e-05
  0.00718174     -4.7e-05    0.0209133
    0.014901 -0.000753648   0.00478585
-0.000753648  0.000327075  -0.00221595
  0.00478585  -0.00221595    0.0208167
   0.0155567 -0.000818626   0.00499638
-0.000818626  0.000328022  -0.00224918
  0.00499638  -0.00224918     0.020779
    0.015309 -0.000548653   0.00416296
-0.000548653  0.000496176  -0.00291291
  0.00416296  -0.00291291    0.0205958
   0.0145347 -0.000476699   0.00394619
-0.000476699  0.000503668  -0.00289472
  0.00394619  -0.00289472    0.0205967
   0.0156298 -0.000530768   0.00407411
-0.000530768   0.00047661  -0.00285892
  0.00407411  -0.00285892    0.0204549
   0.0149932  -0.00019781   0.00329051
 -0.00019781  0.000734158  -0.00360487
  0.00329051  -0.00360487    0.0204552
   0.0154753 -0.000181044   0.00321006
-0.000181044  0.000696219  -0.00352357
  0.00321006  -0.00352357    0.0203649
   0.0152292  0.000244386   0.00233555
 0.000244386  0.000979415  -0.00418582
  0.00233555  -0.00418582    0.0203149
   0.0141105 -0.000117878   0.00310286
-0.000117878  0.000754916   -0.0036065
  0.00310286   -0.0036065    0.0204175
   0.0145817  0.000232069   0.00242794
 0.000232069   0.00104106  -0.00429688
  0.00242794  -0.00429688    0.0203514
   0.0136307  0.000316925   0.00229121
 0.000316925   0.00108364  -0.00432593
  0.00229121  -0.00432593    0.0202794
   0.0154702 -0.000102968   0.00280126
-0.000102968  0.000650298  -0.00339444
  0.00280126  -0.00339444    0.0201262
   0.0154029  0.000329258   0.00192419
 0.000329258  0.000905374  -0.00401696
  0.00192419  -0.00401696     0.020128
   0.0152545  0.000432893   0.00130794
 0.000432893  0.000832747  -0.00383217
  0.00130794  -0.00383217     0.019848
   0.0152045 -1.48829e-05   0.00221689
-1.48829e-05  0.000604149  -0.00325486
  0.00221689  -0.00325486    0.0198127
   0.0154973 -0.000460878   0.00366849
-0.000460878  0.000448964  -0.00276641
  0.00366849  -0.00276641    0.0201751
    0.015181 -0.000392376   0.00312007
-0.000392376   0.00042358  -0.00267146
  0.00312007  -0.00267146    0.0198428
   0.0155308 -0.000741135   0.00448462
-0.000741135  0.000303244   -0.0021598
  0.00448462   -0.0021598     0.020288
   0.0157461  -0.00080005   0.00488746
 -0.00080005  0.000317047  -0.00221767
  0.00488746  -0.00221767    0.0205952
   0.0151757 -0.000691023   0.00398019
-0.000691023  0.000290929  -0.00210838
  0.00398019  -0.00210838     0.019954
   0.0148789  0.000609194  -0.00143071
 0.000609194  0.000616454  -0.00325693
 -0.00143071  -0.00325693    0.0188255
   0.0145697  8.28948e-05 -0.000338486
 8.28948e-05  0.000482518  -0.00285845
-0.000338486  -0.00285845    0.0187106
   0.0146821  0.000103461  0.000345034
 0.000103461  0.000504072   -0.0029368
 0.000345034   -0.0029368    0.0189692
    0.014522  -0.00034475    0.0013953
 -0.00034475  0.000381961  -0.00249389
   0.0013953  -0.00249389    0.0189759
   0.0143951 -0.000406155  0.000742897
-0.000406155  0.000385788  -0.00246315
 0.000742897  -0.00246315    0.0186983
   0.0146976  -0.00033127   0.00200586
 -0.00033127  0.000389885   -0.0025371
  0.00200586   -0.0025371    0.0192507
   0.0144736 -0.000740605   0.00239399
-0.000740605  0.000298909  -0.00207984
  0.00239399  -0.00207984    0.0190995
    0.014658  -0.00068441   0.00296654
 -0.00068441  0.000286293    -0.002071
  0.00296654    -0.002071    0.0193775
   0.0147484 -0.000957902   0.00387191
-0.000957902  0.000231074  -0.00163755
  0.00387191  -0.00163755    0.0195804
   0.0142139 -0.000832156   0.00171619
-0.000832156   0.00032029  -0.00209439
  0.00171619  -0.00209439    0.0187758
   0.0145451  -0.00106216   0.00334177
 -0.00106216  0.000258282  -0.00170582
  0.00334177  -0.00170582    0.0193098
   0.0139306  -0.00113628   0.00252464
 -0.00113628  0.000285454  -0.00174364
  0.00252464  -0.00174364    0.0188215
   0.0148618 -0.000672022   0.00346972
-0.000672022  0.000285082  -0.00208043
  0.00346972  -0.00208043    0.0196489
   0.0149318 -0.000905222   0.00432762
-0.000905222  0.000215406  -0.00159417
  0.00432762  -0.00159417    0.0198394
   0.0148875 -0.000350664   0.00255732
-0.000350664  0.000402847  -0.00259472
  0.00255732  -0.00259472    0.0195279
   0.0149454  4.95148e-05   0.00158906
 4.95148e-05  0.000564169  -0.00313029
  0.00158906  -0.00313029       0.0195
   0.0148124  8.85713e-05  0.000987897
 8.85713e-05  0.000531038  -0.00302538
 0.000987897  -0.00302538    0.0192269
   0.0149479  0.000576106 -4.99408e-05
 0.000576106  0.000711327  -0.00351065
-4.99408e-05  -0.00351065     0.019288
   0.0150252    0.0005199  0.000617013
   0.0005199    0.0007674  -0.00366025
 0.000617013  -0.00366025    0.0195502
   0.0149192  0.000605046  -0.00072375
 0.000605046    0.0006611  -0.00337792
 -0.00072375  -0.00337792    0.0190538
    0.013375  -0.00131331   0.00302212
 -0.00131331  0.000258283  -0.00140126
  0.00302212  -0.00140126    0.0190012
   0.0145271  -0.00131191   0.00419848
 -0.00131191  0.000236415  -0.00135093
  0.00419848  -0.00135093    0.0195514
   0.0143104  -0.00145467   0.00493778
 -0.00145467  0.000224738 -0.000981172
  0.00493778 -0.000981172    0.0197209
    0.012912  -0.00139482   0.00322699
 -0.00139482  0.000240523  -0.00105905
  0.00322699  -0.00105905    0.0197653
   0.0149994  -0.00135845   0.00566033
 -0.00135845  0.000194714 -0.000832608
  0.00566033 -0.000832608    0.0201717
   0.0140385  -0.00149895   0.00549508
 -0.00149895  0.000218347  -0.00061825
  0.00549508  -0.00061825      0.01995
    0.015078  -0.00144347   0.00646911
 -0.00144347  0.000199836  -0.00045753
  0.00646911  -0.00045753    0.0205241
   0.0128227  -0.00144863   0.00363912
 -0.00144863  0.000230011 -0.000725124
  0.00363912 -0.000725124    0.0205326
   0.0153659  -0.00129479   0.00687559
 -0.00129479  0.000175956 -0.000237754
  0.00687559 -0.000237754    0.0207364
   0.0151837  -0.00122699   0.00603608
 -0.00122699  0.000165521 -0.000665852
  0.00603608 -0.000665852    0.0203805
   0.0150393  -0.00109399   0.00516962
 -0.00109399  0.000175871  -0.00112668
  0.00516962  -0.00112668    0.0200836
   0.0148639  -0.00118915   0.00475996
 -0.00118915  0.000200213  -0.00122967
  0.00475996  -0.00122967    0.0198471
   0.0117348  -0.00133901   0.00188964
 -0.00133901  0.000237257 -0.000819142
  0.00188964 -0.000819142    0.0208531
   0.0120652  -0.00132211   0.00162117
 -0.00132211  0.000247819  -0.00112175
  0.00162117  -0.00112175    0.0205871
   0.0106639  -0.00112583 -0.000151361
 -0.00112583  0.000246311   -0.0010878
-0.000151361   -0.0010878    0.0204343
   0.0122131  -0.00121982   0.00113942
 -0.00121982  0.000267952  -0.00144772
  0.00113942  -0.00144772    0.0199308
   0.0111993  -0.00111809 -0.000415297
 -0.00111809  0.000267292  -0.00142844
-0.000415297  -0.00142844     0.020547
   0.0118262  -0.00102247 -0.000545653
 -0.00102247  0.000300064   -0.0017473
-0.000545653   -0.0017473    0.0199275
   0.0127138  -0.00107856  0.000913953
 -0.00107856  0.000294099  -0.00174306
 0.000913953  -0.00174306    0.0190601
   0.0105874 -0.000829309  -0.00208837
-0.000829309   0.00027675  -0.00161544
 -0.00208837  -0.00161544    0.0203113
   0.0133374 -0.000862386  0.000681923
-0.000862386   0.00032896  -0.00204232
 0.000681923  -0.00204232    0.0182647
   0.0140187 -0.000480299 -6.41923e-05
-0.000480299  0.000385897  -0.00240389
-6.41923e-05  -0.00240389    0.0183297
   0.0131666 -0.000478611  -0.00133625
-0.000478611   0.00037866  -0.00233339
 -0.00133625  -0.00233339    0.0185246
   0.0145157  1.26746e-05  -0.00105941
 1.26746e-05  0.000464424   -0.0027695
 -0.00105941   -0.0027695     0.018437
   0.0141231  -2.9427e-05  -0.00203557
 -2.9427e-05  0.000442128   -0.0026701
 -0.00203557   -0.0026701    0.0184036
   0.0149307  0.000501357  -0.00292828
 0.000501357  0.000528765  -0.00298084
 -0.00292828  -0.00298084    0.0184181
   0.0148515  0.000578626  -0.00217938
 0.000578626  0.000571444   -0.0031253
 -0.00217938   -0.0031253     0.018579
   0.0131309 -3.02344e-05  -0.00316346
-3.02344e-05  0.000405421  -0.00250894
 -0.00316346  -0.00250894    0.0184823
    0.014455  0.000466166  -0.00389602
 0.000466166  0.000475689  -0.00281465
 -0.00389602  -0.00281465    0.0184738
   0.0133824  0.000385875  -0.00455333
 0.000385875  0.000414606  -0.00257353
 -0.00455333  -0.00257353    0.0182351
   0.0123449 -2.28156e-05  -0.00396899
-2.28156e-05  0.000371012  -0.00237257
 -0.00396899  -0.00237257    0.0189458
   0.0123886 -0.000413057  -0.00255248
-0.000413057  0.000362007  -0.00227465
 -0.00255248  -0.00227465    0.0191687
   0.0113021 -0.000428306   -0.0034684
-0.000428306  0.000328469  -0.00208358
  -0.0034684  -0.00208358    0.0203109
   0.0114807 -0.000733015  -0.00226206
-0.000733015  0.000313483  -0.00194602
 -0.00226206  -0.00194602    0.0199771
   0.0124486 -0.000798301 -0.000957194
-0.000798301   0.00032918   -0.0020364
-0.000957194   -0.0020364    0.0192963
   0.0115421   5.5577e-06  -0.00459282
  5.5577e-06   0.00034686  -0.00228586
 -0.00459282  -0.00228586    0.0193971
   0.0123797  0.000360418   -0.0049411
 0.000360418  0.000361196  -0.00233924
  -0.0049411  -0.00233924    0.0175786
  0.00838575  -0.00542327 -0.000566574
 -0.00542327   0.00449609   0.00364488
-0.000566574   0.00364488     0.022869
  0.00815842  -0.00569585 -0.000419288
 -0.00569585   0.00472458   0.00300943
-0.000419288   0.00300943    0.0229295
  0.00804207  -0.00510964  0.000135517
 -0.00510964   0.00375592   0.00165878
 0.000135517   0.00165878     0.023355
  0.00793643  -0.00536379  0.000260532
 -0.00536379   0.00399611   0.00131382
 0.000260532   0.00131382    0.0234646
  0.00804388  -0.00590083  -0.00022257
 -0.00590083   0.00488954   0.00258525
 -0.00022257   0.00258525    0.0229848
  0.00779195  -0.00485044  0.000762284
 -0.00485044   0.00323301  0.000229708
 0.000762284  0.000229708    0.0238916
  0.00792731   -0.0055062  0.000430196
  -0.0055062   0.00410943   0.00126527
 0.000430196   0.00126527    0.0235675
  0.00779142  -0.00502488  0.000872469
 -0.00502488   0.00338661  0.000232412
 0.000872469  0.000232412    0.0240473
  0.00786796  -0.00511344   0.00102564
 -0.00511344   0.00347774  0.000458997
  0.00102564  0.000458997    0.0241845
  0.00802544  -0.00599817  1.27147e-05
 -0.00599817   0.00494684   0.00245144
 1.27147e-05   0.00245144    0.0230352
  0.00799087  -0.00556352  0.000641798
 -0.00556352   0.00417517   0.00143855
 0.000641798   0.00143855    0.0236516
  0.00807688  -0.00602299  0.000277223
 -0.00602299   0.00498976   0.00254844
 0.000277223   0.00254844    0.0230747
  0.00764734  -0.00461715   0.00127498
 -0.00461715   0.00284004 -0.000484002
  0.00127498 -0.000484002    0.0244587
  0.00772672  -0.00471846   0.00138419
 -0.00471846   0.00293891 -0.000248894
  0.00138419 -0.000248894    0.0246485
  0.00759974  -0.00442506   0.00170748
 -0.00442506   0.00260617 -0.000714257
  0.00170748 -0.000714257    0.0250529
  0.00799029  -0.00455333   0.00147698
 -0.00455333   0.00262362  -0.00085655
  0.00147698  -0.00085655    0.0249375
  0.00792497  -0.00456526   0.00110668
 -0.00456526   0.00272035 -0.000456499
  0.00110668 -0.000456499     0.024338
  0.00855555  -0.00461684   0.00131535
 -0.00461684   0.00255711 -0.000817098
  0.00131535 -0.000817098    0.0247812
  0.00824433  -0.00435869   0.00105921
 -0.00435869   0.00245511 -0.000183932
  0.00105921 -0.000183932    0.0241618
  0.00798277  -0.00460965  0.000646499
 -0.00460965   0.00296786  0.000543717
 0.000646499  0.000543717    0.0237695
  0.00821869  -0.00426511   0.00065642
 -0.00426511   0.00261829   0.00103106
  0.00065642   0.00103106    0.0235935
  0.00895597  -0.00440383   0.00117115
 -0.00440383   0.00227626  -0.00044309
  0.00117115  -0.00044309    0.0230951
  0.00847561   -0.0039956   0.00107987
  -0.0039956   0.00208755  0.000297058
  0.00107987  0.000297058    0.0233769
  0.00908858  -0.00403132   0.00122093
 -0.00403132   0.00193443 -2.62655e-07
  0.00122093 -2.62655e-07    0.0225108
   0.0082673  -0.00478841  7.17957e-05
 -0.00478841   0.00344517   0.00220974
 7.17957e-05   0.00220974    0.0232351
  0.00818833  -0.00597277  0.000559552
 -0.00597277   0.00498795    0.0028518
 0.000559552    0.0028518    0.0230757
  0.00811831  -0.00554367  0.000876056
 -0.00554367    0.0041843    0.0018057
 0.000876056    0.0018057    0.0237001
  0.00828438  -0.00544505   0.00110775
 -0.00544505   0.00416824   0.00232305
  0.00110775   0.00232305    0.0236903
  0.00833367  -0.00584185  0.000829406
 -0.00584185   0.00496821   0.00332684
 0.000829406   0.00332684    0.0230154
  0.00818792  -0.00504899   0.00139885
 -0.00504899   0.00347446    0.0014027
  0.00139885    0.0014027    0.0243335
  0.00843059  -0.00523502   0.00128464
 -0.00523502   0.00409886   0.00301514
  0.00128464   0.00301514    0.0236287
  0.00836143   -0.0048763   0.00154338
  -0.0048763   0.00340074   0.00209113
  0.00154338   0.00209113    0.0243304
  0.00846143  -0.00461936   0.00160241
 -0.00461936   0.00329929   0.00284089
  0.00160241   0.00284089    0.0242828
  0.00844829  -0.00558933   0.00103647
 -0.00558933   0.00490677   0.00398979
  0.00103647   0.00398979     0.022902
  0.00849118   -0.0049313   0.00137116
  -0.0049313    0.0040087    0.0037783
  0.00137116    0.0037783    0.0235261
  0.00847677  -0.00524648   0.00114489
 -0.00524648   0.00483534   0.00474408
  0.00114489   0.00474408    0.0227495
  0.00825694  -0.00455848   0.00177927
 -0.00455848   0.00286552   0.00133566
  0.00177927   0.00133566    0.0249789
  0.00838665  -0.00433927   0.00181699
 -0.00433927   0.00275829   0.00202925
  0.00181699   0.00202925    0.0249873
  0.00828708  -0.00412127   0.00201431
 -0.00412127   0.00239384   0.00135178
  0.00201431   0.00135178    0.0256307
  0.00813565  -0.00431019   0.00199811
 -0.00431019   0.00250808  0.000731571
  0.00199811  0.000731571    0.0255662
  0.00806488  -0.00470119    0.0016672
 -0.00470119   0.00294176  0.000683307
   0.0016672  0.000683307    0.0249191
  0.00793507  -0.00442851   0.00191561
 -0.00442851   0.00259397  0.000140706
  0.00191561  0.000140706    0.0254453
  0.00787642  -0.00474728   0.00152187
 -0.00474728   0.00296226  0.000159318
  0.00152187  0.000159318    0.0248074
  0.00800636  -0.00511867    0.0012105
 -0.00511867   0.00349242  0.000864579
   0.0012105  0.000864579    0.0242845
  0.00774315  -0.00445629   0.00180961
 -0.00445629   0.00261914 -0.000338724
  0.00180961 -0.000338724    0.0252696
   0.0125388  -0.00660208 -0.000410968
 -0.00660208   0.00358169   0.00105848
-0.000410968   0.00105848    0.0198346
   0.0114619  -0.00623475  0.000245956
 -0.00623475   0.00346341  0.000608387
 0.000245956  0.000608387    0.0210002
  0.00962671  -0.00502631   0.00113097
 -0.00502631   0.00270188  0.000207366
  0.00113097  0.000207366    0.0231761
  0.00928525   -0.0050295   0.00140624
  -0.0050295   0.00277247 -0.000139907
  0.00140624 -0.000139907    0.0235637
   0.0117412  -0.00654454   0.00018188
 -0.00654454   0.00370984  0.000584203
  0.00018188  0.000584203    0.0207053
  0.00809414  -0.00434403   0.00178812
 -0.00434403    0.0023865 -0.000296629
  0.00178812 -0.000296629     0.024514
  0.00966201  -0.00529634   0.00137155
 -0.00529634   0.00294409 -0.000260914
  0.00137155 -0.000260914    0.0235328
  0.00809036  -0.00441082   0.00184703
 -0.00441082   0.00243476 -0.000612936
  0.00184703 -0.000612936    0.0247432
  0.00900143  -0.00490094   0.00167747
 -0.00490094   0.00269947 -0.000767138
  0.00167747 -0.000767138    0.0250776
   0.0115663  -0.00651894   0.00019331
 -0.00651894   0.00373589  0.000561417
  0.00019331  0.000561417    0.0199378
    0.010307  -0.00564029  0.000878906
 -0.00564029   0.00314107 -0.000101734
 0.000878906 -0.000101734    0.0217063
   0.0119979  -0.00673834 -3.26783e-06
 -0.00673834   0.00386832  0.000687391
-3.26783e-06  0.000687391    0.0190255
    0.007586  -0.00422089   0.00199663
 -0.00422089   0.00238371 -0.000622126
  0.00199663 -0.000622126    0.0251892
  0.00803431  -0.00448274   0.00182315
 -0.00448274   0.00252491 -0.000875993
  0.00182315 -0.000875993    0.0252735
  0.00784637  -0.00425142   0.00196703
 -0.00425142   0.00238384 -0.000181064
  0.00196703 -0.000181064    0.0252387
  0.00814242  -0.00419888   0.00195787
 -0.00419888   0.00231223  0.000340825
  0.00195787  0.000340825    0.0254703
  0.00863587  -0.00443321   0.00161698
 -0.00443321   0.00237404  0.000158994
  0.00161698  0.000158994    0.0243178
  0.00920358   -0.0044606   0.00148089
  -0.0044606   0.00231214  0.000642677
  0.00148089  0.000642677    0.0245546
  0.00839815  -0.00407975   0.00189294
 -0.00407975   0.00220954  0.000906293
  0.00189294  0.000906293    0.0256343
   0.0105203  -0.00525547  0.000658365
 -0.00525547    0.0027393  0.000701136
 0.000658365  0.000701136    0.0224267
   0.0122541  -0.00677809   1.3663e-05
 -0.00677809   0.00385142  0.000678199
  1.3663e-05  0.000678199    0.0186312
   0.0111037  -0.00589415  0.000493735
 -0.00589415   0.00320779  5.37174e-05
 0.000493735  5.37174e-05    0.0201222
   0.0122361   -0.0061643  0.000227044
  -0.0061643   0.00323707  0.000366519
 0.000227044  0.000366519    0.0198863
   0.0129271  -0.00687894 -9.31056e-05
 -0.00687894   0.00380486   0.00084112
-9.31056e-05   0.00084112    0.0187128
   0.0110355  -0.00543288  0.000737794
 -0.00543288   0.00278734 -0.000151573
 0.000737794 -0.000151573    0.0212882
   0.0127908   -0.0057997  0.000501414
  -0.0057997   0.00285386  0.000620142
 0.000501414  0.000620142    0.0198512
   0.0119971   -0.0053754  0.000833669
  -0.0053754   0.00255874  7.47101e-06
 0.000833669  7.47101e-06    0.0212867
   0.0120084  -0.00487965   0.00102346
 -0.00487965   0.00215812  0.000216044
  0.00102346  0.000216044    0.0218339
   0.0131229  -0.00629564  4.85899e-05
 -0.00629564   0.00328832   0.00117364
 4.85899e-05   0.00117364    0.0178781
   0.0127872  -0.00513013  0.000751502
 -0.00513013   0.00232322  0.000838737
 0.000751502  0.000838737    0.0195306
   0.0134948  -0.00575486  0.000395739
 -0.00575486   0.00286565   0.00154801
 0.000395739   0.00154801    0.0182145
   0.0102263  -0.00472887  0.000946925
 -0.00472887   0.00231123 -0.000247806
 0.000946925 -0.000247806    0.0218467
   0.0101304  -0.00418879   0.00120856
 -0.00418879   0.00188416  6.69881e-05
  0.00120856  6.69881e-05    0.0220218
  0.00958836  -0.00487477   0.00109311
 -0.00487477   0.00255269 -0.000627123
  0.00109311 -0.000627123    0.0229229
  0.00879675  -0.00476875   0.00157641
 -0.00476875   0.00261693 -0.000956135
  0.00157641 -0.000956135    0.0253973
  0.00989276  -0.00519729   0.00100682
 -0.00519729   0.00278211 -0.000508585
  0.00100682 -0.000508585    0.0226101
  0.00838996  -0.00487116    0.0011462
 -0.00487116   0.00476509   0.00548506
   0.0011462   0.00548506    0.0225662
  0.00843998  -0.00458999   0.00134807
 -0.00458999   0.00391182   0.00451613
  0.00134807   0.00451613    0.0233883
  0.00828414  -0.00426774    0.0012324
 -0.00426774   0.00385713   0.00514105
   0.0012324   0.00514105    0.0232247
  0.00820807  -0.00452499    0.0010579
 -0.00452499   0.00475125   0.00612648
   0.0010579   0.00612648    0.0223636
  0.00831659  -0.00402516   0.00140912
 -0.00402516   0.00310336   0.00415292
  0.00140912   0.00415292    0.0240655
   0.0080555   -0.0039816   0.00105011
  -0.0039816   0.00383819   0.00565629
  0.00105011   0.00565629    0.0230611
  0.00811078  -0.00376154    0.0011969
 -0.00376154    0.0030467   0.00463347
   0.0011969   0.00463347    0.0239351
  0.00785967   -0.0035187   0.00094863
  -0.0035187   0.00301438   0.00502512
  0.00094863   0.00502512    0.0238188
  0.00795713  -0.00421262  0.000906578
 -0.00421262   0.00477127   0.00665961
 0.000906578   0.00665961    0.0221653
  0.00778249  -0.00371479  0.000832935
 -0.00371479   0.00383828    0.0060792
 0.000832935    0.0060792    0.0229107
  0.00767663  -0.00392222  0.000717502
 -0.00392222   0.00480779   0.00710759
 0.000717502   0.00710759    0.0219801
  0.00812898  -0.00357878    0.0013306
 -0.00357878   0.00244339   0.00368002
   0.0013306   0.00368002    0.0247548
  0.00789867  -0.00335488   0.00105607
 -0.00335488   0.00238427    0.0040208
  0.00105607    0.0040208    0.0246628
  0.00790507  -0.00323689   0.00116204
 -0.00323689    0.0019558   0.00310445
  0.00116204   0.00310445    0.0254374
   0.0081152  -0.00344311   0.00146208
 -0.00344311   0.00203258   0.00281149
  0.00146208   0.00281149    0.0255097
  0.00831097  -0.00381965   0.00157201
 -0.00381965    0.0025326   0.00324446
  0.00157201   0.00324446    0.0248553
   0.0082733  -0.00366121   0.00173053
 -0.00366121   0.00213751   0.00242781
  0.00173053   0.00242781    0.0255821
   0.0084094  -0.00408001   0.00174557
 -0.00408001   0.00263509   0.00269189
  0.00174557   0.00269189    0.0249422
  0.00844297  -0.00431706   0.00155451
 -0.00431706   0.00318646    0.0035553
  0.00155451    0.0035553      0.02419
  0.00833749  -0.00389141   0.00192723
 -0.00389141   0.00225448   0.00193654
  0.00192723   0.00193654    0.0256322
  0.00737948  -0.00365009  0.000495509
 -0.00365009   0.00483749   0.00751155
 0.000495509   0.00751155    0.0217929
  0.00749143  -0.00345576  0.000581627
 -0.00345576   0.00382979   0.00646078
 0.000581627   0.00646078    0.0227593
  0.00718864  -0.00320814  0.000297882
 -0.00320814   0.00382993   0.00682359
 0.000297882   0.00682359    0.0225992
  0.00707839  -0.00339747  0.000245516
 -0.00339747   0.00488259   0.00789293
 0.000245516   0.00789293    0.0215979
  0.00727631   -0.0030335  0.000352543
  -0.0030335   0.00293971   0.00570629
 0.000352543   0.00570629    0.0235643
  0.00688233  -0.00299028 -1.58331e-05
 -0.00299028   0.00384704   0.00715419
-1.58331e-05   0.00715419    0.0224386
  0.00696784  -0.00281224  3.98009e-06
 -0.00281224   0.00291281   0.00601241
 3.98009e-06   0.00601241    0.0234237
   0.0067071  -0.00261981 -0.000321963
 -0.00261981   0.00289799   0.00626947
-0.000321963   0.00626947    0.0231231
  0.00677934  -0.00317572 -2.72583e-05
 -0.00317572   0.00494243   0.00823385
-2.72583e-05   0.00823385    0.0214038
  0.00659218  -0.00279833 -0.000347158
 -0.00279833   0.00387244   0.00742455
-0.000347158   0.00742455    0.0220835
  0.00649863  -0.00297665 -0.000303896
 -0.00297665   0.00501369   0.00854137
-0.000303896   0.00854137    0.0212215
  0.00703379  -0.00266939   2.0051e-05
 -0.00266939   0.00219064   0.00489617
  2.0051e-05   0.00489617    0.0243147
  0.00692107   -0.0024975 -0.000330606
  -0.0024975   0.00214467   0.00511472
-0.000330606   0.00511472     0.023815
  0.00700541  -0.00238469 -0.000270286
 -0.00238469   0.00162299   0.00408999
-0.000270286   0.00408999    0.0248095
  0.00707782  -0.00257014  4.68189e-05
 -0.00257014   0.00169153   0.00386084
 4.68189e-05   0.00386084    0.0250929
  0.00734081   -0.0028952  0.000399253
  -0.0028952    0.0022546   0.00461931
 0.000399253   0.00461931    0.0244491
  0.00737835  -0.00279764  0.000453912
 -0.00279764   0.00177979   0.00361371
 0.000453912   0.00361371    0.0252381
  0.00763338  -0.00313024  0.000745268
 -0.00313024    0.0023205   0.00432226
 0.000745268   0.00432226    0.0245667
  0.00757474  -0.00327623   0.00066841
 -0.00327623   0.00297765    0.0053718
  0.00066841    0.0053718    0.0236986
  0.00765506  -0.00302527  0.000828156
 -0.00302527   0.00186898   0.00335746
 0.000828156   0.00335746     0.025353
   0.0127949  -0.00460874  -0.00361563
 -0.00460874   0.00176073   0.00240057
 -0.00361563   0.00240057    0.0190803
    0.013136  -0.00493309  -0.00321375
 -0.00493309    0.0019378   0.00227277
 -0.00321375   0.00227277    0.0191685
   0.0103587  -0.00375147  -0.00186095
 -0.00375147     0.001504   0.00222347
 -0.00186095   0.00222347    0.0222731
   0.0106534  -0.00401595  -0.00145777
 -0.00401595   0.00165579   0.00208078
 -0.00145777   0.00208078    0.0223605
   0.0134016  -0.00525469  -0.00281804
 -0.00525469   0.00215437   0.00213716
 -0.00281804   0.00213716    0.0192107
  0.00873102  -0.00322227 -0.000310103
 -0.00322227   0.00144496   0.00226378
-0.000310103   0.00226378    0.0245966
    0.010874  -0.00427392  -0.00107923
 -0.00427392   0.00182183   0.00191271
 -0.00107923   0.00191271    0.0224077
  0.00897771  -0.00344377  6.81529e-05
 -0.00344377   0.00156403   0.00208283
 6.81529e-05   0.00208283    0.0246745
  0.00918652  -0.00366771  0.000434038
 -0.00366771   0.00169939   0.00188847
 0.000434038   0.00188847    0.0247253
   0.0135675  -0.00557099  -0.00244028
 -0.00557099   0.00238474   0.00200734
 -0.00244028   0.00200734    0.0191998
   0.0110358  -0.00453348 -0.000708483
 -0.00453348   0.00200268   0.00176506
-0.000708483   0.00176506    0.0224098
   0.0136825  -0.00586918  -0.00206642
 -0.00586918   0.00261283   0.00190071
 -0.00206642   0.00190071    0.0191595
  0.00790425   -0.0030577  0.000623496
  -0.0030577    0.0016008   0.00259847
 0.000623496   0.00259847    0.0255264
  0.00813485  -0.00326427  0.000973114
 -0.00326427   0.00170669   0.00238335
 0.000973114   0.00238335    0.0255928
  0.00764003   -0.0028405  0.000242526
  -0.0028405    0.0015003   0.00281248
 0.000242526   0.00281248    0.0254221
  0.00734907  -0.00260874 -0.000179054
 -0.00260874   0.00139146   0.00302056
-0.000179054   0.00302056    0.0252732
  0.00843321  -0.00298449 -0.000727513
 -0.00298449   0.00132308   0.00243707
-0.000727513   0.00243707    0.0244649
  0.00831062  -0.00274774  -0.00110323
 -0.00274774   0.00119927   0.00263594
 -0.00110323   0.00263594    0.0243299
   0.0073961  -0.00243794   -0.0005369
 -0.00243794   0.00130473   0.00323196
  -0.0005369   0.00323196    0.0249442
   0.0101808  -0.00349659    -0.002259
 -0.00349659   0.00136569   0.00238415
   -0.002259   0.00238415    0.0221425
   0.0137274  -0.00616036  -0.00170094
 -0.00616036   0.00285485   0.00179784
 -0.00170094   0.00179784    0.0190919
   0.0111502  -0.00476552  -0.00035912
 -0.00476552   0.00216873   0.00161398
 -0.00035912   0.00161398    0.0223881
   0.0111798  -0.00500076 -4.63171e-05
 -0.00500076   0.00237106   0.00142998
-4.63171e-05   0.00142998    0.0223315
   0.0136938  -0.00647753  -0.00131086
 -0.00647753   0.00317882   0.00161738
 -0.00131086   0.00161738    0.0191138
  0.00943193  -0.00408421   0.00107644
 -0.00408421   0.00197684   0.00143416
  0.00107644   0.00143416    0.0247441
   0.0110367  -0.00520904  0.000311837
 -0.00520904   0.00259257   0.00109653
 0.000311837   0.00109653    0.0223147
  0.00941638  -0.00428873   0.00129536
 -0.00428873   0.00213676   0.00110046
  0.00129536   0.00110046    0.0246991
   0.0131919  -0.00657438  -0.00086741
 -0.00657438   0.00339411   0.00136688
 -0.00086741   0.00136688    0.0193966
  0.00847957  -0.00386734    0.0017896
 -0.00386734   0.00205168   0.00140724
   0.0017896   0.00140724    0.0256902
  0.00844601  -0.00366102   0.00158316
 -0.00366102   0.00192369   0.00181859
  0.00158316   0.00181859    0.0256825
  0.00832175  -0.00345887   0.00129539
 -0.00345887   0.00180269   0.00213322
  0.00129539   0.00213322     0.025645
  0.00934134   -0.0038836  0.000778899
  -0.0038836   0.00183476   0.00168318
 0.000778899   0.00168318    0.0247477
  0.00612237  -0.00812032   -0.0002665
 -0.00812032    0.0237325    0.0132351
  -0.0002665    0.0132351    0.0152396
  0.00619467  -0.00799956  0.000120417
 -0.00799956    0.0225866    0.0124294
 0.000120417    0.0124294    0.0153129
   0.0065976  -0.00813127 -0.000365475
 -0.00813127     0.019239    0.0117167
-0.000365475    0.0117167    0.0166231
  0.00666881  -0.00800595  3.30155e-05
 -0.00800595    0.0183548    0.0109819
 3.30155e-05    0.0109819    0.0165926
  0.00629233  -0.00784072  0.000489932
 -0.00784072     0.021485    0.0117497
 0.000489932    0.0117497    0.0153351
  0.00703592  -0.00804935 -0.000383341
 -0.00804935    0.0154598    0.0100639
-0.000383341    0.0100639    0.0178252
  0.00675549  -0.00782753  0.000394344
 -0.00782753    0.0175506    0.0104619
