           0            0            0
           0            0            0
           0            0            0
   0.0277305  -0.00121266   0.00589554
 -0.00121266   0.00022459  -0.00124143
  0.00589554  -0.00124143    0.0168047
   0.0241507  -0.00111771   0.00861664
 -0.00111771  0.000165036 -0.000979698
  0.00861664 -0.000979698    0.0205985
   0.0205939  -0.00163333    0.0111688
 -0.00163333  0.000234263 -0.000855036
   0.0111688 -0.000855036    0.0227504
   0.0196918  -0.00215688    0.0123457
 -0.00215688  0.000338619 -0.000677805
   0.0123457 -0.000677805    0.0228504
   0.0197733  -0.00259113    0.0118165
 -0.00259113   0.00045455 -0.000573047
   0.0118165 -0.000573047    0.0230609
   0.0176406  -0.00244359    0.0102803
 -0.00244359  0.000417435 -0.000730531
   0.0102803 -0.000730531    0.0207634
     0.01832  -0.00280361   0.00945448
 -0.00280361  0.000513948 -0.000687052
  0.00945448 -0.000687052    0.0219005
   0.0198958  -0.00289935    0.0108256
 -0.00289935  0.000540604 -0.000578352
   0.0108256 -0.000578352    0.0232993
   0.0180651  -0.00290882   0.00759234
 -0.00290882  0.000558131 -0.000782837
  0.00759234 -0.000782837      0.02265
   0.0197643  -0.00305305   0.00905507
 -0.00305305  0.000585229  -0.00070793
  0.00905507  -0.00070793    0.0240806
   0.0179123  -0.00280081   0.00533308
 -0.00280081   0.00055697  -0.00102191
  0.00533308  -0.00102191    0.0236222
   0.0198846  -0.00315768   0.00819766
 -0.00315768  0.000601558 -0.000915181
  0.00819766 -0.000915181    0.0241992
      0.0407   0.00115885    0.0144539
  0.00115885  0.000804307   0.00274172
   0.0144539   0.00274172    0.0209601
   0.0352342 -4.84915e-06    0.0168333
-4.84915e-06   0.00103107   0.00347472
   0.0168333   0.00347472    0.0248135
   0.0348313  0.000736721    0.0165562
 0.000736721  0.000778346   0.00326756
   0.0165562   0.00326756     0.024728
   0.0316464  4.65179e-05    0.0186376
 4.65179e-05   0.00101545   0.00377687
   0.0186376   0.00377687     0.027754
   0.0313806  -0.00064377    0.0184941
 -0.00064377   0.00128182   0.00385808
   0.0184941   0.00385808    0.0275971
    0.029934  0.000266217    0.0175712
 0.000266217  0.000764459   0.00331044
   0.0175712   0.00331044    0.0272429
   0.0291995 -0.000567347    0.0190419
-0.000567347   0.00119408   0.00381602
   0.0190419   0.00381602    0.0289064
   0.0279574 -0.000327354    0.0182428
-0.000327354  0.000947113   0.00347753
   0.0182428   0.00347753     0.028514
   0.0273991 -0.000917684    0.0180974
-0.000917684   0.00103462    0.0032561
   0.0180974    0.0032561    0.0286353
   0.0285823  -0.00115716    0.0186219
 -0.00115716   0.00143887   0.00380482
   0.0186219   0.00380482    0.0286097
     0.02845  -0.00119804    0.0187465
 -0.00119804   0.00124982   0.00346943
   0.0187465   0.00346943    0.0289728
   0.0276532  -0.00172992    0.0181722
 -0.00172992   0.00145488   0.00339682
   0.0181722   0.00339682    0.0286543
   0.0262603 -0.000480639    0.0171211
-0.000480639  0.000721306   0.00278814
   0.0171211   0.00278814    0.0279749
   0.0257289  -0.00100074    0.0170135
 -0.00100074  0.000834642   0.00270376
   0.0170135   0.00270376    0.0281003
   0.0246382  -0.00137477    0.0163038
 -0.00137477  0.000668036    0.0019024
   0.0163038    0.0019024    0.0278435
   0.0253249 -0.000902756    0.0165054
-0.000902756  0.000538544   0.00186714
   0.0165054   0.00186714    0.0278026
   0.0281594   7.1821e-05    0.0164343
  7.1821e-05  0.000544389   0.00251545
   0.0164343   0.00251545    0.0267326
    0.027523 -0.000369592    0.0160474
-0.000369592  0.000378439   0.00153695
   0.0160474   0.00153695    0.0267292
   0.0311317  0.000702902    0.0143496
 0.000702902   0.00037813   0.00187543
   0.0143496   0.00187543    0.0237825
   0.0327689  0.000931205    0.0153261
 0.000931205  0.000556829   0.00270202
   0.0153261   0.00270202    0.0241587
   0.0371028    0.0018816     0.012446
   0.0018816  0.000440848   0.00181665
    0.012446   0.00181665    0.0201033
   0.0309326  0.000251953     0.014045
 0.000251953  0.000251437  0.000929696
    0.014045  0.000929696    0.0239635
   0.0356763   0.00151936    0.0117118
  0.00151936  0.000299199   0.00105687
   0.0117118   0.00105687    0.0198745
   0.0366255  0.000942582    0.0115623
 0.000942582  0.000206373  0.000224455
   0.0115623  0.000224455    0.0202699
   0.0393778    0.0018293    0.0136957
   0.0018293   0.00060793   0.00242307
   0.0136957   0.00242307    0.0206308
   0.0269352  -0.00234765    0.0170712
 -0.00234765   0.00135657   0.00273861
   0.0170712   0.00273861    0.0280977
   0.0278492  -0.00189867    0.0176872
 -0.00189867   0.00119264   0.00282169
   0.0176872   0.00282169    0.0283373
    0.027297  -0.00247727    0.0165747
 -0.00247727   0.00105854   0.00199878
   0.0165747   0.00199878    0.0277469
   0.0262655  -0.00282192    0.0159029
 -0.00282192   0.00117662   0.00192281
   0.0159029   0.00192281    0.0275552
   0.0264895  -0.00215529    0.0160805
 -0.00215529  0.000922246   0.00195742
   0.0160805   0.00195742    0.0274034
   0.0267627  -0.00291745    0.0154136
 -0.00291745  0.000892994   0.00105863
   0.0154136   0.00105863    0.0271621
   0.0260756  -0.00260546    0.0149943
 -0.00260546  0.000790927    0.0010784
   0.0149943    0.0010784    0.0268324
   0.0257077  -0.00292286    0.0139289
 -0.00292286  0.000666646  0.000124163
   0.0139289  0.000124163    0.0262957
   0.0256273  -0.00313918    0.0146704
 -0.00313918   0.00096807   0.00101335
   0.0146704   0.00101335    0.0269828
   0.0262972  -0.00321662    0.0142722
 -0.00321662  0.000743686  6.61104e-05
   0.0142722  6.61104e-05    0.0265953
   0.0250261  -0.00332227    0.0134231
 -0.00332227   0.00078672   7.5976e-05
   0.0134231   7.5976e-05    0.0263791
   0.0245275  -0.00245016    0.0140263
 -0.00245016  0.000702253  0.000935746
   0.0140263  0.000935746    0.0263095
   0.0241803  -0.00269722    0.0129701
 -0.00269722  0.000597772   9.6128e-05
   0.0129701   9.6128e-05     0.025771
   0.0228626  -0.00269287    0.0121155
 -0.00269287  0.000565363  -8.4203e-05
   0.0121155  -8.4203e-05    0.0253603
   0.0232879  -0.00254549    0.0132443
 -0.00254549  0.000649213  0.000603159
   0.0132443  0.000603159    0.0259554
   0.0249062  -0.00207048     0.015093
 -0.00207048  0.000801281   0.00168556
    0.015093   0.00168556    0.0268832
   0.0237087  -0.00226143    0.0143551
 -0.00226143  0.000714746    0.0011945
   0.0143551    0.0011945    0.0265728
   0.0252906   -0.0015814    0.0160934
  -0.0015814  0.000853874   0.00228882
   0.0160934   0.00228882    0.0274715
   0.0269222  -0.00158692    0.0171224
 -0.00158692   0.00101454   0.00270013
   0.0171224   0.00270013    0.0279964
   0.0241289  -0.00186465    0.0153741
 -0.00186465  0.000724454   0.00163994
   0.0153741   0.00163994    0.0271941
   0.0213296  -0.00317098    0.0108646
 -0.00317098  0.000615863 -0.000534922
   0.0108646 -0.000534922    0.0248815
   0.0213459   -0.0029745    0.0118668
  -0.0029745  0.000583219 -0.000348246
   0.0118668 -0.000348246    0.0248021
   0.0229208  -0.00290557    0.0135448
 -0.00290557  0.000625374  3.57333e-05
   0.0135448  3.57333e-05    0.0261383
   0.0211128     -0.00264    0.0128654
    -0.00264  0.000500386 -0.000312618
   0.0128654 -0.000312618    0.0244101
   0.0231524  -0.00257261    0.0144623
 -0.00257261  0.000560397  0.000215539
   0.0144623  0.000215539    0.0266102
   0.0233238  -0.00211828    0.0151947
 -0.00211828   0.00044568  0.000248538
   0.0151947  0.000248538    0.0268565
   0.0213427  -0.00221904    0.0137029
 -0.00221904  0.000384746 -0.000341988
   0.0137029 -0.000341988    0.0245754
   0.0240267  -0.00232355    0.0153289
 -0.00232355  0.000638921  0.000844149
   0.0153289  0.000844149    0.0273563
   0.0244521  -0.00186678    0.0162035
 -0.00186678  0.000547738  0.000978933
   0.0162035  0.000978933    0.0280057
   0.0234687  -0.00264601    0.0142171
 -0.00264601  0.000665962  0.000555624
   0.0142171  0.000555624    0.0266484
   0.0229596  -0.00284869    0.0130032
 -0.00284869  0.000636059  0.000126382
   0.0130032  0.000126382    0.0259262
   0.0224783  -0.00307957    0.0124503
 -0.00307957  0.000628201 -0.000278756
   0.0124503 -0.000278756    0.0256806
   0.0221868  -0.00314718    0.0113936
 -0.00314718  0.000600376 -0.000721851
   0.0113936 -0.000721851    0.0249872
   0.0224166  -0.00291094    0.0117498
 -0.00291094  0.000573912 -0.000404906
   0.0117498 -0.000404906    0.0252267
   0.0210616  -0.00320576   0.00994449
 -0.00320576  0.000602682 -0.000873113
  0.00994449 -0.000873113    0.0246344
   0.0221308  -0.00170238    0.0133381
 -0.00170238   0.00026612 -0.000508279
   0.0133381 -0.000508279    0.0246591
   0.0254129  -0.00116762     0.011657
 -0.00116762  0.000176291 -0.000718607
    0.011657 -0.000718607    0.0232695
   0.0262096  -0.00105069    0.0136766
 -0.00105069  0.000201497 -0.000240488
   0.0136766 -0.000240488    0.0249893
   0.0288594 -0.000758604   0.00848273
-0.000758604  0.000157423 -0.000967623
  0.00848273 -0.000967623    0.0195517
   0.0295459 -0.000601035    0.0103539
-0.000601035  0.000159748 -0.000648443
   0.0103539 -0.000648443    0.0210454
   0.0341887 -0.000363254   0.00776493
-0.000363254  0.000188806  -0.00101468
  0.00776493  -0.00101468    0.0174487
   0.0320218 -0.000883479   0.00611303
-0.000883479  0.000215992  -0.00123091
  0.00611303  -0.00123091    0.0165633
    0.030576  -0.00016931    0.0128707
 -0.00016931  0.000173228  6.82886e-05
   0.0128707  6.82886e-05    0.0233189
   0.0351038  0.000251059   0.00997262
 0.000251059  0.000161349 -0.000449771
  0.00997262 -0.000449771    0.0192465
   0.0271159 -0.000800012    0.0153947
-0.000800012  0.000262447    0.0005711
   0.0153947    0.0005711    0.0264261
    0.024917  -0.00137381    0.0162321
 -0.00137381  0.000406333  0.000883185
   0.0162321  0.000883185    0.0278312
   0.0237966  -0.00161364    0.0149206
 -0.00161364  0.000309344  9.04511e-05
   0.0149206  9.04511e-05    0.0264466
   0.0243896  -0.00340337    0.0121388
 -0.00340337  0.000667424 -0.000850951
   0.0121388 -0.000850951    0.0257586
   0.0258942  -0.00341162    0.0131287
 -0.00341162  0.000651697 -0.000942338
   0.0131287 -0.000942338    0.0260432
   0.0255236  -0.00350625    0.0119741
 -0.00350625  0.000648746  -0.00193206
   0.0119741  -0.00193206    0.0255207
   0.0236884  -0.00339219    0.0108205
 -0.00339219  0.000642634  -0.00174245
   0.0108205  -0.00174245    0.0251476
   0.0252945  -0.00325454    0.0118673
 -0.00325454   0.00059368  -0.00189935
   0.0118673  -0.00189935    0.0253634
   0.0250388  -0.00352977    0.0108034
 -0.00352977  0.000738032  -0.00286207
   0.0108034  -0.00286207    0.0250201
   0.0251445  -0.00331851    0.0108552
 -0.00331851  0.000691529  -0.00287473
   0.0108552  -0.00287473    0.0249568
    0.024899  -0.00333109   0.00988316
 -0.00333109  0.000864046   -0.0037486
  0.00988316   -0.0037486    0.0245711
   0.0228837  -0.00330874   0.00950557
 -0.00330874  0.000700825   -0.0025704
  0.00950557   -0.0025704    0.0245486
   0.0243956  -0.00347812   0.00966095
 -0.00347812  0.000895603   -0.0036917
  0.00966095   -0.0036917    0.0245181
    0.021933  -0.00316251   0.00823392
 -0.00316251  0.000828698    -0.003323
  0.00823392    -0.003323    0.0239271
   0.0236282  -0.00286872   0.00990784
 -0.00286872  0.000605098  -0.00271478
  0.00990784  -0.00271478    0.0244616
    0.023621  -0.00284592   0.00901478
 -0.00284592  0.000765167  -0.00356974
  0.00901478  -0.00356974    0.0241255
   0.0217849  -0.00231737   0.00777869
 -0.00231737  0.000656771  -0.00331285
  0.00777869  -0.00331285    0.0235215
   0.0218545  -0.00246862   0.00875547
 -0.00246862  0.000528838  -0.00253359
  0.00875547  -0.00253359    0.0238951
   0.0236836  -0.00286857    0.0108906
 -0.00286857  0.000520608  -0.00177401
   0.0108906  -0.00177401    0.0248429
   0.0220767  -0.00261926   0.00983947
 -0.00261926  0.000476665   -0.0016918
  0.00983947   -0.0016918    0.0243164
   0.0238583  -0.00283129    0.0119139
 -0.00283129  0.000523622 -0.000817448
   0.0119139 -0.000817448    0.0252745
   0.0254248  -0.00313419    0.0128867
 -0.00313419  0.000586854 -0.000881667
   0.0128867 -0.000881667    0.0258072
   0.0224209  -0.00271706    0.0109719
 -0.00271706  0.000493876 -0.000857062
   0.0109719 -0.000857062    0.0248054
   0.0208268  -0.00294194   0.00699274
 -0.00294194   0.00101403  -0.00404065
  0.00699274  -0.00404065    0.0232614
   0.0235641   -0.0033476   0.00850338
  -0.0033476   0.00110188  -0.00444398
  0.00850338  -0.00444398     0.023981
   0.0226077  -0.00305863   0.00731413
 -0.00305863   0.00137183  -0.00516367
  0.00731413  -0.00516367    0.0233964
   0.0196329  -0.00257445   0.00579365
 -0.00257445   0.00129162  -0.00478071
  0.00579365  -0.00478071    0.0225527
   0.0239981  -0.00308227   0.00786799
 -0.00308227   0.00133566  -0.00523093
  0.00786799  -0.00523093    0.0237601
   0.0214914  -0.00256613   0.00612289
 -0.00256613   0.00173017  -0.00589463
  0.00612289  -0.00589463    0.0227725
   0.0233198  -0.00269754    0.0067775
 -0.00269754   0.00164961  -0.00590906
   0.0067775  -0.00590906    0.0233127
    0.022406  -0.00207027   0.00567492
 -0.00207027   0.00205076  -0.00658582
  0.00567492  -0.00658582    0.0228474
   0.0183437  -0.00200502   0.00468529
 -0.00200502   0.00168981  -0.00558032
  0.00468529  -0.00558032    0.0218223
   0.0201438  -0.00182518   0.00497275
 -0.00182518   0.00221704  -0.00666435
  0.00497275  -0.00666435     0.022141
   0.0169646  -0.00121389   0.00369208
 -0.00121389   0.00226998  -0.00646451
  0.00369208  -0.00646451    0.0211246
   0.0232147   -0.0023645   0.00625759
  -0.0023645   0.00146802  -0.00561755
  0.00625759  -0.00561755    0.0232271
   0.0228468  -0.00185839   0.00528455
 -0.00185839   0.00178249  -0.00620155
  0.00528455  -0.00620155    0.0229552
   0.0217896  -0.00133931   0.00401289
 -0.00133931    0.0014784  -0.00562726
  0.00401289  -0.00562726    0.0225666
   0.0217763  -0.00175245   0.00494335
 -0.00175245   0.00124268  -0.00515014
  0.00494335  -0.00515014    0.0227094
   0.0234336  -0.00265129   0.00721948
 -0.00265129   0.00119904  -0.00499935
  0.00721948  -0.00499935    0.0235115
   0.0217724  -0.00201108   0.00589439
 -0.00201108   0.00102637  -0.00461559
  0.00589439  -0.00461559    0.0229158
   0.0235371  -0.00279764   0.00812897
 -0.00279764  0.000965161  -0.00432703
  0.00812897  -0.00432703    0.0238126
   0.0244979   -0.0032762    0.0089037
  -0.0032762   0.00107584  -0.00452379
   0.0089037  -0.00452379    0.0241804
   0.0217558  -0.00218607   0.00684598
 -0.00218607  0.000827225   -0.0040079
  0.00684598   -0.0040079    0.0231961
   0.0192262  0.000169422 -0.000605673
 0.000169422  0.000717161  -0.00379255
-0.000605673  -0.00379255    0.0210803
   0.0192439 -0.000288893  0.000815633
-0.000288893  0.000677647  -0.00370937
 0.000815633  -0.00370937    0.0211429
    0.019131   -0.0004034   0.00156165
  -0.0004034   0.00076629  -0.00397905
  0.00156165  -0.00397905    0.0213956
    0.019281 -0.000860779   0.00292888
-0.000860779   0.00068395  -0.00370476
  0.00292888  -0.00370476     0.021635
   0.0195077 -0.000865051   0.00228711
-0.000865051  0.000635592  -0.00350438
  0.00228711  -0.00350438    0.0213735
   0.0194423  -0.00103719   0.00364146
 -0.00103719  0.000759907  -0.00393646
  0.00364146  -0.00393646    0.0219214
    0.019642  -0.00141129   0.00430231
 -0.00141129  0.000609732  -0.00334153
  0.00430231  -0.00334153     0.022018
   0.0196471  -0.00144104    0.0048917
 -0.00144104  0.000640994  -0.00349272
   0.0048917  -0.00349272    0.0222878
   0.0201053  -0.00188665   0.00615034
 -0.00188665  0.000555881  -0.00297817
  0.00615034  -0.00297817     0.022731
   0.0198213  -0.00151606   0.00366699
 -0.00151606  0.000597501  -0.00319956
  0.00366699  -0.00319956    0.0216917
   0.0202451  -0.00200093   0.00568374
 -0.00200093  0.000565697  -0.00291688
  0.00568374  -0.00291688    0.0224785
   0.0199867  -0.00211144   0.00486548
 -0.00211144  0.000573054  -0.00279957
  0.00486548  -0.00279957      0.02192
   0.0202501  -0.00169476   0.00566739
 -0.00169476  0.000713363  -0.00371089
  0.00566739  -0.00371089    0.0226428
    0.020465  -0.00197361   0.00676016
 -0.00197361   0.00058164  -0.00310202
  0.00676016  -0.00310202    0.0230336
   0.0202099  -0.00142614   0.00458322
 -0.00142614   0.00087198  -0.00423616
  0.00458322  -0.00423616    0.0223244
   0.0202021  -0.00113412   0.00349555
 -0.00113412   0.00103733  -0.00467523
  0.00349555  -0.00467523    0.0221137
   0.0193676 -0.000677359   0.00239215
-0.000677359  0.000880566  -0.00428569
  0.00239215  -0.00428569    0.0216811
   0.0193438 -0.000296779   0.00116606
-0.000296779  0.000993838  -0.00453568
  0.00116606  -0.00453568    0.0215668
   0.0202728  -0.00075293   0.00246508
 -0.00075293   0.00120394  -0.00503423
  0.00246508  -0.00503423     0.022013
   0.0191223 -1.34002e-06  0.000219898
-1.34002e-06  0.000839495  -0.00413866
 0.000219898  -0.00413866    0.0212963
    0.019665  -0.00255044   0.00566017
 -0.00255044  0.000554874  -0.00231522
  0.00566017  -0.00231522    0.0222127
   0.0207395  -0.00255406    0.0070102
 -0.00255406  0.000549738  -0.00243721
   0.0070102  -0.00243721    0.0229556
    0.020868  -0.00294063   0.00819739
 -0.00294063  0.000555019  -0.00189406
  0.00819739  -0.00189406    0.0233273
   0.0193983  -0.00283629   0.00612236
 -0.00283629   0.00055525  -0.00178295
  0.00612236  -0.00178295    0.0230959
   0.0213068  -0.00279452   0.00887826
 -0.00279452  0.000515501  -0.00182545
  0.00887826  -0.00182545    0.0238205
   0.0208176  -0.00313992   0.00917633
 -0.00313992  0.000574705  -0.00135138
  0.00917633  -0.00135138    0.0237462
   0.0217821   -0.0030662    0.0101967
  -0.0030662  0.000550647  -0.00124952
   0.0101967  -0.00124952    0.0244274
   0.0195609   -0.0030492   0.00694483
  -0.0030492   0.00057442  -0.00130229
  0.00694483  -0.00130229    0.0240806
   0.0218293  -0.00283606    0.0104626
 -0.00283606  0.000506914  -0.00102413
   0.0104626  -0.00102413    0.0245664
   0.0212853  -0.00261315   0.00917407
 -0.00261315  0.000474479  -0.00171395
  0.00917407  -0.00171395    0.0239864
   0.0208095  -0.00230263   0.00791274
 -0.00230263  0.000496939  -0.00242966
  0.00791274  -0.00242966    0.0234812
   0.0206805  -0.00236858   0.00747191
 -0.00236858  0.000509755  -0.00241514
  0.00747191  -0.00241514    0.0232405
   0.0183341  -0.00285114    0.0047556
 -0.00285114  0.000560865  -0.00126261
   0.0047556  -0.00126261    0.0241236
   0.0185543  -0.00271986   0.00413685
 -0.00271986  0.000545075  -0.00167546
  0.00413685  -0.00167546    0.0237038
   0.0167721  -0.00236261   0.00185267
 -0.00236261  0.000505051  -0.00144524
  0.00185267  -0.00144524    0.0232136
   0.0184717  -0.00240742   0.00329761
 -0.00240742  0.000534913  -0.00212639
  0.00329761  -0.00212639    0.0228904
   0.0173336  -0.00224231   0.00131615
 -0.00224231  0.000505231  -0.00189958
  0.00131615  -0.00189958    0.0232649
   0.0179374  -0.00195409   0.00103741
 -0.00195409  0.000517559  -0.00235837
  0.00103741  -0.00235837    0.0226217
   0.0187969  -0.00202808   0.00286606
 -0.00202808  0.000541831  -0.00255512
  0.00286606  -0.00255512    0.0219235
   0.0163384  -0.00169426  -0.00100557
 -0.00169426  0.000443658  -0.00191675
 -0.00100557  -0.00191675    0.0227498
   0.0191813    -0.001556    0.0024803
   -0.001556  0.000563251  -0.00293978
   0.0024803  -0.00293978    0.0210345
   0.0195545 -0.000949863   0.00145372
-0.000949863  0.000586169  -0.00325463
  0.00145372  -0.00325463    0.0209778
   0.0189433 -0.000961645 -8.16071e-05
-0.000961645  0.000517716  -0.00292854
-8.16071e-05  -0.00292854    0.0210867
   0.0196571   -0.0003276  9.96681e-05
  -0.0003276  0.000601272  -0.00342582
 9.96681e-05  -0.00342582    0.0208935
   0.0196854 -0.000388258 -0.000996801
-0.000388258  0.000519071  -0.00308351
-0.000996801  -0.00308351    0.0208647
   0.0201997  0.000130399   -0.0021913
 0.000130399  0.000511359  -0.00305987
  -0.0021913  -0.00305987     0.020728
   0.0195552  0.000219826   -0.0014172
 0.000219826  0.000608584  -0.00344078
  -0.0014172  -0.00344078    0.0208482
   0.0188192 -0.000429874  -0.00244919
-0.000429874  0.000422493  -0.00264245
 -0.00244919  -0.00264245    0.0208544
   0.0201091   4.0276e-05  -0.00336406
  4.0276e-05   0.00040673  -0.00260801
 -0.00336406  -0.00260801    0.0207924
   0.0191257 -0.000130228  -0.00427369
-0.000130228  0.000311684  -0.00209351
 -0.00427369  -0.00209351    0.0205155
   0.0180847 -0.000494006  -0.00354926
-0.000494006  0.000341761  -0.00223404
 -0.00354926  -0.00223404    0.0212742
   0.0182026 -0.000908951  -0.00166355
-0.000908951   0.00044244  -0.00260156
 -0.00166355  -0.00260156    0.0216482
   0.0170005 -0.000986264  -0.00287878
-0.000986264  0.000389486  -0.00222028
 -0.00287878  -0.00222028    0.0226886
   0.0173643    -0.001423  -0.00126407
   -0.001423  0.000457462  -0.00235508
 -0.00126407  -0.00235508    0.0224381
   0.0184271  -0.00148718  0.000429295
 -0.00148718  0.000513118  -0.00267921
 0.000429295  -0.00267921    0.0219284
   0.0171287 -0.000482054  -0.00446104
-0.000482054  0.000284864   -0.0019744
 -0.00446104   -0.0019744    0.0216896
   0.0179429 -0.000253913  -0.00492636
-0.000253913  0.000241636  -0.00156835
 -0.00492636  -0.00156835    0.0197748
  0.00544704   -0.0048618  -0.00526699
  -0.0048618   0.00460051   0.00469458
 -0.00526699   0.00469458     0.021194
  0.00560759  -0.00497206  -0.00449977
 -0.00497206   0.00469726   0.00441383
 -0.00449977   0.00441383    0.0217082
  0.00537267  -0.00435065  -0.00404202
 -0.00435065   0.00380019   0.00327428
 -0.00404202   0.00327428    0.0219126
  0.00573891  -0.00444858  -0.00314205
 -0.00444858   0.00390565   0.00348174
 -0.00314205   0.00348174    0.0225141
  0.00594522  -0.00503911  -0.00357085
 -0.00503911   0.00475949   0.00448134
 -0.00357085   0.00448134    0.0221824
   0.0055183  -0.00390111  -0.00267777
 -0.00390111   0.00315252   0.00261142
 -0.00267777   0.00261142    0.0229293
  0.00632858  -0.00443663  -0.00207148
 -0.00443663   0.00394869   0.00411917
 -0.00207148   0.00411917    0.0230828
  0.00612897   -0.0038963   -0.0016478
  -0.0038963   0.00319772   0.00333589
  -0.0016478   0.00333589    0.0236213
  0.00696563  -0.00377019 -0.000499524
 -0.00377019   0.00326468   0.00437164
-0.000499524   0.00437164    0.0242446
  0.00651532  -0.00501574  -0.00246792
 -0.00501574   0.00479358   0.00497482
 -0.00246792   0.00497482    0.0226288
  0.00714851  -0.00430886 -0.000866851
 -0.00430886   0.00405031   0.00508637
-0.000866851   0.00508637    0.0235756
  0.00731394  -0.00490515  -0.00123582
 -0.00490515   0.00493849   0.00581919
 -0.00123582   0.00581919     0.023004
  0.00594063  -0.00346223  -0.00128109
 -0.00346223   0.00261075   0.00276835
 -0.00128109   0.00276835    0.0242491
  0.00677565   -0.0033301 -0.000193991
  -0.0033301   0.00263999   0.00379325
-0.000193991   0.00379325    0.0249885
  0.00661375  -0.00303976  1.07313e-05
 -0.00303976   0.00220282   0.00333067
 1.07313e-05   0.00333067    0.0257567
  0.00614593  -0.00337671  -0.00122746
 -0.00337671   0.00234325   0.00250093
 -0.00122746   0.00250093    0.0251237
  0.00552549  -0.00359658  -0.00240166
 -0.00359658   0.00264075   0.00209588
 -0.00240166   0.00209588    0.0235848
  0.00593554  -0.00361656  -0.00237777
 -0.00361656   0.00245541   0.00187799
 -0.00237777   0.00187799    0.0244155
  0.00527802  -0.00356174  -0.00330799
 -0.00356174   0.00256053   0.00177283
 -0.00330799   0.00177283    0.0228168
  0.00519961  -0.00382746  -0.00360714
 -0.00382746   0.00305269   0.00234354
 -0.00360714   0.00234354    0.0222687
  0.00501259  -0.00365206  -0.00430882
 -0.00365206   0.00286124   0.00237821
 -0.00430882   0.00237821    0.0214972
  0.00572168   -0.0035973  -0.00322372
  -0.0035973   0.00238838   0.00156494
 -0.00322372   0.00156494    0.0221746
  0.00507312  -0.00337365   -0.0039453
 -0.00337365   0.00235814   0.00175574
  -0.0039453   0.00175574    0.0214107
  0.00543905  -0.00339425  -0.00382489
 -0.00339425   0.00220938    0.0015352
 -0.00382489    0.0015352    0.0209214
  0.00519215  -0.00419579  -0.00477085
 -0.00419579   0.00363707   0.00341336
 -0.00477085   0.00341336    0.0212638
  0.00824319  -0.00469269  1.08581e-05
 -0.00469269   0.00526672   0.00690861
 1.08581e-05   0.00690861    0.0232511
  0.00811994   -0.0040753  0.000348683
  -0.0040753   0.00428323   0.00625392
 0.000348683   0.00625392    0.0239543
  0.00905256  -0.00380283   0.00140335
 -0.00380283   0.00469637   0.00741808
  0.00140335   0.00741808     0.024182
  0.00911257  -0.00442283   0.00109707
 -0.00442283   0.00581804   0.00806245
  0.00109707   0.00806245    0.0233284
  0.00892649  -0.00326877   0.00164584
 -0.00326877   0.00367858   0.00665442
  0.00164584   0.00665442    0.0251376
  0.00972047  -0.00354941   0.00212614
 -0.00354941   0.00523988   0.00841501
  0.00212614   0.00841501    0.0242918
  0.00965578  -0.00305924    0.0023017
 -0.00305924   0.00405356   0.00750562
   0.0023017   0.00750562    0.0254062
  0.00996792  -0.00299177   0.00254488
 -0.00299177   0.00444846   0.00791612
  0.00254488   0.00791612    0.0256153
  0.00970401  -0.00413056   0.00186317
 -0.00413056   0.00651728   0.00912652
  0.00186317   0.00912652    0.0232827
  0.00996475   -0.0034023    0.0024496
  -0.0034023   0.00578209   0.00904025
   0.0024496   0.00904025    0.0243503
  0.00988493  -0.00391241    0.0022388
 -0.00391241   0.00720816   0.00991403
   0.0022388   0.00991403    0.0231835
  0.00950871  -0.00270629    0.0023427
 -0.00270629   0.00308728   0.00650744
   0.0023427   0.00650744    0.0265683
  0.00987936   -0.0027047   0.00249887
  -0.0027047   0.00335081   0.00663702
  0.00249887   0.00663702    0.0269038
  0.00971051  -0.00255662    0.0023236
 -0.00255662   0.00254367   0.00527769
   0.0023236   0.00527769    0.0281456
  0.00929831  -0.00251352   0.00226267
 -0.00251352   0.00236897   0.00544951
  0.00226267   0.00544951    0.0277053
  0.00874556  -0.00287517   0.00177625
 -0.00287517   0.00286257   0.00587583
  0.00177625   0.00587583    0.0261549
  0.00853166  -0.00263633   0.00179408
 -0.00263633   0.00225171   0.00507986
  0.00179408   0.00507986    0.0271654
  0.00776761  -0.00311218  0.000876399
 -0.00311218   0.00271338   0.00491187
 0.000876399   0.00491187    0.0256298
   0.0079554  -0.00353351  0.000655857
 -0.00353351   0.00341004   0.00555224
 0.000655857   0.00555224    0.0247556
  0.00757284  -0.00283309  0.000997894
 -0.00283309   0.00219818    0.0043155
 0.000997894    0.0043155    0.0265105
   0.0141005  -0.00522782  -0.00198204
 -0.00522782    0.0023435   0.00293786
 -0.00198204   0.00293786    0.0226662
   0.0126579   -0.0046437  -0.00123644
  -0.0046437   0.00217226    0.0033613
 -0.00123644    0.0033613    0.0236221
   0.0107157  -0.00348621  0.000127228
 -0.00348621   0.00173053   0.00335837
 0.000127228   0.00335837    0.0259783
  0.00976633  -0.00342464  0.000109452
 -0.00342464   0.00180009   0.00353627
 0.000109452   0.00353627    0.0259561
   0.0123641  -0.00492444  -0.00168325
 -0.00492444   0.00242673   0.00353682
 -0.00168325   0.00353682    0.0230005
   0.0085871  -0.00274851  0.000970182
 -0.00274851   0.00163178   0.00373928
 0.000970182   0.00373928    0.0268382
  0.00936669  -0.00376967 -0.000569423
 -0.00376967   0.00205595   0.00337977
-0.000569423   0.00337977    0.0255262
  0.00778022  -0.00292498  0.000406354
 -0.00292498    0.0017629   0.00344256
 0.000406354   0.00344256    0.0266055
  0.00773826  -0.00352159 -0.000699566
 -0.00352159   0.00212471   0.00301773
-0.000699566   0.00301773    0.0265286
   0.0111692  -0.00496667  -0.00214335
 -0.00496667    0.0026456   0.00353019
 -0.00214335   0.00353019    0.0218713
  0.00897651  -0.00428152  -0.00176636
 -0.00428152   0.00245566   0.00310792
 -0.00176636   0.00310792    0.0233067
   0.0104942  -0.00530919  -0.00293611
 -0.00530919    0.0030357    0.0034403
 -0.00293611    0.0034403    0.0206591
  0.00736073  -0.00267267  0.000947379
 -0.00267267   0.00183527   0.00376901
 0.000947379   0.00376901    0.0267749
  0.00691414  -0.00310732 -0.000147657
 -0.00310732   0.00204088   0.00308993
-0.000147657   0.00308993    0.0263814
  0.00835949  -0.00255433   0.00153367
 -0.00255433   0.00182574    0.0043326
  0.00153367    0.0043326    0.0273396
  0.00921487  -0.00250965   0.00183357
 -0.00250965   0.00187548   0.00448534
  0.00183357   0.00448534    0.0280443
  0.00968321  -0.00284994   0.00104891
 -0.00284994   0.00165092   0.00370813
  0.00104891   0.00370813    0.0270894
   0.0105661  -0.00309812  0.000836891
 -0.00309812    0.0017621   0.00320643
 0.000836891   0.00320643    0.0277634
  0.00975964  -0.00262197   0.00174202
 -0.00262197   0.00199539   0.00410121
  0.00174202   0.00410121    0.0286312
   0.0119542  -0.00393856 -0.000460117
 -0.00393856    0.0018629   0.00283576
-0.000460117   0.00283576    0.0255518
   0.0100065  -0.00544603  -0.00335295
 -0.00544603   0.00322146   0.00329675
 -0.00335295   0.00329675    0.0200856
  0.00877996  -0.00468722  -0.00277255
 -0.00468722   0.00277631   0.00282724
 -0.00277255   0.00282724    0.0214039
  0.00890496  -0.00509123  -0.00381921
 -0.00509123   0.00306838   0.00280799
 -0.00381921   0.00280799    0.0209699
  0.00990287  -0.00564896  -0.00395367
 -0.00564896   0.00340439   0.00330275
 -0.00395367   0.00330275    0.0200448
  0.00776211  -0.00443482  -0.00327439
 -0.00443482   0.00271023   0.00231677
 -0.00327439   0.00231677     0.021891
  0.00838148  -0.00491518   -0.0042933
 -0.00491518   0.00298469    0.0026547
  -0.0042933    0.0026547    0.0204328
  0.00770517  -0.00451231  -0.00406013
 -0.00451231   0.00273921   0.00206356
 -0.00406013   0.00206356    0.0213611
  0.00716844  -0.00416559  -0.00456037
 -0.00416559   0.00250781   0.00191643
 -0.00456037   0.00191643    0.0211236
  0.00901832  -0.00533784  -0.00447134
 -0.00533784    0.0032699   0.00310295
 -0.00447134   0.00310295    0.0187566
  0.00771352  -0.00443993   -0.0046516
 -0.00443993   0.00265104    0.0024394
  -0.0046516    0.0024394    0.0194654
  0.00842074  -0.00498814  -0.00482416
 -0.00498814   0.00306399   0.00312753
 -0.00482416   0.00312753     0.018542
  0.00657311  -0.00392656   -0.0035939
 -0.00392656   0.00245245   0.00177038
  -0.0035939   0.00177038    0.0214614
  0.00599162  -0.00356558  -0.00409619
 -0.00356558   0.00220775   0.00160836
 -0.00409619   0.00160836    0.0207412
  0.00667093  -0.00389386  -0.00269452
 -0.00389386   0.00247262   0.00196156
 -0.00269452   0.00196156    0.0230778
   0.0067489  -0.00356886  -0.00141844
 -0.00356886   0.00229445   0.00245442
 -0.00141844   0.00245442    0.0260347
  0.00765258  -0.00403485   -0.0021254
 -0.00403485   0.00244928   0.00256769
  -0.0021254   0.00256769    0.0236692
  0.00966305   -0.0038025   0.00226197
  -0.0038025   0.00771788    0.0103347
  0.00226197    0.0103347    0.0230927
  0.00979085  -0.00340201   0.00240307
 -0.00340201   0.00616299   0.00921892
  0.00240307   0.00921892    0.0244111
  0.00932412  -0.00351688   0.00209567
 -0.00351688   0.00628141   0.00899188
  0.00209567   0.00899188    0.0245022
  0.00917875  -0.00379936   0.00203119
 -0.00379936    0.0079587    0.0103994
  0.00203119    0.0103994    0.0230501
  0.00940729  -0.00330962   0.00200407
 -0.00330962   0.00479194   0.00728646
  0.00200407   0.00728646    0.0260055
  0.00873548  -0.00365431   0.00163089
 -0.00365431   0.00615938   0.00850988
  0.00163089   0.00850988    0.0246458
  0.00883492  -0.00353172   0.00144555
 -0.00353172   0.00465085   0.00649558
  0.00144555   0.00649558    0.0262375
  0.00825921  -0.00365585  0.000814587
 -0.00365585   0.00437824   0.00563728
 0.000814587   0.00563728    0.0265025
  0.00858423  -0.00383027   0.00164685
 -0.00383027   0.00793348      0.01021
  0.00164685      0.01021    0.0230806
  0.00813981  -0.00372299   0.00108613
 -0.00372299   0.00587007   0.00791768
  0.00108613   0.00791768    0.0248311
  0.00799496  -0.00382243   0.00117629
 -0.00382243   0.00770927   0.00988671
  0.00117629   0.00988671    0.0231674
  0.00888317  -0.00346223   0.00109945
 -0.00346223   0.00355384   0.00434447
  0.00109945   0.00434447    0.0277673
  0.00833323  -0.00361856   0.00038987
 -0.00361856   0.00338006   0.00322948
  0.00038987   0.00322948    0.0280836
  0.00836617  -0.00360529 -0.000116264
 -0.00360529    0.0028837  0.000882384
-0.000116264  0.000882384    0.0295242
  0.00888469  -0.00343343  0.000656101
 -0.00343343    0.0028945     0.002176
 0.000656101     0.002176    0.0291811
  0.00942695   -0.0031816   0.00175397
  -0.0031816   0.00363177   0.00541557
  0.00175397   0.00541557     0.027475
  0.00938536  -0.00311634    0.0013953
 -0.00311634   0.00285247   0.00347152
   0.0013953   0.00347152    0.0288465
  0.00982056  -0.00288244   0.00226383
 -0.00288244    0.0035695    0.0062391
  0.00226383    0.0062391    0.0271974
  0.00984297  -0.00309088   0.00241035
 -0.00309088   0.00472877   0.00781879
  0.00241035   0.00781879    0.0258064
  0.00971313  -0.00277871   0.00200082
 -0.00277871   0.00273101   0.00457002
  0.00200082   0.00457002    0.0285134
  0.00744552  -0.00374099  0.000646114
 -0.00374099   0.00733267    0.0095626
 0.000646114    0.0095626    0.0232682
   0.0075935  -0.00366847  0.000473095
 -0.00366847   0.00547414    0.0073644
 0.000473095    0.0073644    0.0250219
  0.00710459  -0.00349778 -0.000191011
 -0.00349778   0.00501834   0.00696191
-0.000191011   0.00696191    0.0251925
  0.00695407  -0.00357879  7.47479e-05
 -0.00357879   0.00688331   0.00931699
 7.47479e-05   0.00931699     0.023349
  0.00725879  -0.00341133 -0.000613133
 -0.00341133   0.00364173   0.00428806
-0.000613133   0.00428806     0.026987
  0.00667574  -0.00325154 -0.000893866
 -0.00325154   0.00457181   0.00670368
-0.000893866   0.00670368    0.0253465
  0.00684548  -0.00310544  -0.00138996
 -0.00310544   0.00322268    0.0039238
 -0.00138996    0.0039238    0.0271948
  0.00651915  -0.00277208   -0.0021071
 -0.00277208   0.00281134   0.00376957
  -0.0021071   0.00376957    0.0271914
  0.00652508  -0.00336062 -0.000530117
 -0.00336062   0.00643369   0.00914935
-0.000530117   0.00914935    0.0234066
  0.00631743  -0.00296577  -0.00158465
 -0.00296577   0.00415354   0.00660963
 -0.00158465   0.00660963     0.025245
  0.00616715  -0.00310854  -0.00114072
 -0.00310854   0.00602579   0.00906749
 -0.00114072   0.00906749    0.0234542
  0.00701744   -0.0029622  -0.00197868
  -0.0029622   0.00249884    0.0010692
 -0.00197868    0.0010692     0.028839
  0.00684594  -0.00258378  -0.00269146
 -0.00258378   0.00209059  0.000924664
 -0.00269146  0.000924664     0.028574
  0.00704635  -0.00241396   -0.0032308
 -0.00241396   0.00196946  -0.00174485
  -0.0032308  -0.00174485    0.0301323
  0.00715595  -0.00285308  -0.00255963
 -0.00285308   0.00236048   -0.0015644
 -0.00255963   -0.0015644    0.0302001
  0.00739989  -0.00333448  -0.00116207
 -0.00333448   0.00285381   0.00152667
 -0.00116207   0.00152667    0.0286346
  0.00750018  -0.00327809  -0.00173205
 -0.00327809   0.00265754  -0.00106055
 -0.00173205  -0.00106055    0.0300572
  0.00783565   -0.0035749 -0.000366679
  -0.0035749   0.00315064   0.00224924
-0.000366679   0.00224924    0.0283853
  0.00772551  -0.00361527  0.000126206
 -0.00361527   0.00403279   0.00485885
 0.000126206   0.00485885    0.0267615
  0.00789751  -0.00355411 -0.000910837
 -0.00355411   0.00281444 -0.000237676
-0.000910837 -0.000237676    0.0298299
    0.013255  -0.00593633  -0.00666145
 -0.00593633   0.00405278   -0.0020287
 -0.00666145   -0.0020287    0.0231067
   0.0137973  -0.00636578  -0.00624902
 -0.00636578   0.00423701  -0.00208957
 -0.00624902  -0.00208957     0.023285
   0.0107747  -0.00467012  -0.00514154
 -0.00467012   0.00357387  -0.00357856
 -0.00514154  -0.00357856    0.0271776
    0.011232  -0.00503116  -0.00456635
 -0.00503116   0.00356761    -0.003236
 -0.00456635    -0.003236    0.0271923
   0.0143078  -0.00661131  -0.00579838
 -0.00661131   0.00415743  -0.00191041
 -0.00579838  -0.00191041    0.0233026
  0.00906013  -0.00396434  -0.00334387
 -0.00396434   0.00313686  -0.00373566
 -0.00334387  -0.00373566    0.0298278
   0.0116688  -0.00518708    -0.003969
 -0.00518708   0.00335103  -0.00262811
   -0.003969  -0.00262811    0.0270535
  0.00947073  -0.00419812  -0.00263342
 -0.00419812    0.0030083  -0.00294871
 -0.00263342  -0.00294871    0.0296559
  0.00991013  -0.00421369  -0.00189242
 -0.00421369   0.00277907  -0.00187219
 -0.00189242  -0.00187219    0.0293803
   0.0147046  -0.00667887   -0.0053126
 -0.00667887   0.00389992  -0.00147997
  -0.0053126  -0.00147997    0.0231612
   0.0120568  -0.00516574  -0.00331673
 -0.00516574   0.00303582  -0.00171586
 -0.00331673  -0.00171586    0.0267846
   0.0150132  -0.00658956  -0.00476125
 -0.00658956   0.00355033 -0.000796263
 -0.00476125 -0.000796263    0.0229237
  0.00824104   -0.0036519  -0.00168067
  -0.0036519   0.00277429  -0.00206847
 -0.00168067  -0.00206847    0.0304265
  0.00868498  -0.00370072 -0.000890128
 -0.00370072   0.00268573 -0.000909916
-0.000890128 -0.000909916    0.0301267
  0.00785437  -0.00337878  -0.00246882
 -0.00337878   0.00276546  -0.00291455
 -0.00246882  -0.00291455    0.0306218
  0.00752878  -0.00292085   -0.0032581
 -0.00292085   0.00256833  -0.00342395
  -0.0032581  -0.00342395    0.0306854
  0.00868517  -0.00352794   -0.0040461
 -0.00352794    0.0030353  -0.00418759
  -0.0040461  -0.00418759    0.0298323
  0.00854662  -0.00298809  -0.00465039
 -0.00298809   0.00266845  -0.00429274
 -0.00465039  -0.00429274    0.0297357
  0.00756392  -0.00245468  -0.00390768
 -0.00245468   0.00218635  -0.00354535
 -0.00390768  -0.00354535    0.0304609
    0.010509  -0.00417121  -0.00566333
 -0.00417121   0.00328329  -0.00360396
 -0.00566333  -0.00360396    0.0270016
   0.0152363  -0.00637612  -0.00413186
 -0.00637612   0.00317435  0.000113768
 -0.00413186  0.000113768    0.0226317
   0.0123905  -0.00496272  -0.00260748
 -0.00496272   0.00268415 -0.000574495
 -0.00260748 -0.000574495    0.0264675
   0.0126098  -0.00466596  -0.00187777
 -0.00466596   0.00233514  0.000718959
 -0.00187777  0.000718959    0.0261106
    0.015365  -0.00609916  -0.00342524
 -0.00609916   0.00281467    0.0011306
 -0.00342524    0.0011306    0.0224221
   0.0106722  -0.00370839 -0.000335055
 -0.00370839   0.00219161   0.00087434
-0.000335055   0.00087434    0.0286894
   0.0125656  -0.00432308  -0.00110774
 -0.00432308   0.00205626   0.00189383
 -0.00110774   0.00189383    0.0257735
   0.0108147  -0.00336892  0.000335173
 -0.00336892   0.00193682   0.00221599
 0.000335173   0.00221599    0.0282939
   0.0149001  -0.00563952  -0.00264818
 -0.00563952   0.00250241   0.00213959
 -0.00264818   0.00213959    0.0224745
  0.00983525   -0.0028506   0.00134945
  -0.0028506   0.00216201   0.00316867
  0.00134945   0.00316867    0.0290634
  0.00958824  -0.00319789  0.000693677
 -0.00319789   0.00235717    0.0018814
 0.000693677    0.0018814    0.0294299
  0.00916213  -0.00351551 -9.26661e-05
 -0.00351551   0.00254247  0.000449305
-9.26661e-05  0.000449305    0.0297824
   0.0103321  -0.00403089  -0.00111208
 -0.00403089   0.00249547 -0.000556725
 -0.00111208 -0.000556725    0.0290436
  0.00449554  -0.00857956  -0.00277899
 -0.00857956    0.0259898    0.0151256
 -0.00277899    0.0151256    0.0151263
  0.00503999  -0.00853031  -0.00208152
 -0.00853031    0.0247154     0.014566
 -0.00208152     0.014566    0.0158802
  0.00511326  -0.00824852  -0.00271386
 -0.00824852    0.0204047    0.0134453
 -0.00271386    0.0134453     0.017153
  0.00573826  -0.00823923  -0.00189335
 -0.00823923    0.0194769    0.0128414
 -0.00189335    0.0128414    0.0176747
  0.00570685  -0.00848952  -0.00132977
 -0.00848952     0.023534    0.0141007
 -0.00132977    0.0141007    0.0165881
  0.00582295   -0.0079626   -0.0025268
  -0.0079626    0.0158216    0.0115669
  -0.0025268    0.0115669    0.0187231
  0.00646052  -0.00823318  -0.00105763
 -0.00823318    0.0187201    0.0124501
