           0            0            0
           0            0            0
           0            0            0
   0.0301307  -0.00237286   0.00724261
 -0.00237286  0.000477984  -0.00185762
  0.00724261  -0.00185762    0.0176989
    0.026214  -0.00197207   0.00990324
 -0.00197207  0.000316208  -0.00149751
  0.00990324  -0.00149751    0.0216296
   0.0223414  -0.00236375    0.0124242
 -0.00236375  0.000386701  -0.00129397
   0.0124242  -0.00129397    0.0238951
    0.021377  -0.00285704    0.0135835
 -0.00285704  0.000508502 -0.000987375
   0.0135835 -0.000987375    0.0239873
   0.0214573  -0.00326812    0.0129588
 -0.00326812  0.000646543 -0.000723252
   0.0129588 -0.000723252    0.0241236
   0.0192622  -0.00310038    0.0113847
 -0.00310038   0.00060321  -0.00088554
   0.0113847  -0.00088554    0.0217572
   0.0199934  -0.00344434    0.0104236
 -0.00344434  0.000714623 -0.000683713
   0.0104236 -0.000683713    0.0228372
   0.0215644  -0.00353853    0.0118137
 -0.00353853  0.000740379 -0.000593384
   0.0118137 -0.000593384    0.0242809
   0.0197239  -0.00348729   0.00832327
 -0.00348729  0.000742145 -0.000654915
  0.00832327 -0.000654915    0.0235105
   0.0214186  -0.00363509   0.00981101
 -0.00363509  0.000769263 -0.000604869
  0.00981101 -0.000604869    0.0249903
   0.0195723  -0.00327099   0.00578853
 -0.00327099  0.000695881 -0.000820048
  0.00578853 -0.000820048    0.0244283
   0.0215122  -0.00367381   0.00880949
 -0.00367381  0.000756948 -0.000770087
  0.00880949 -0.000770087    0.0250703
   0.0440211   0.00105064    0.0160253
  0.00105064  0.000944908   0.00292521
   0.0160253   0.00292521    0.0219349
   0.0382689  -0.00022571    0.0184106
 -0.00022571   0.00120316   0.00371221
   0.0184106   0.00371221     0.025889
   0.0375116  0.000539625    0.0180469
 0.000539625  0.000908092   0.00344392
   0.0180469   0.00344392    0.0258241
   0.0342397 -0.000196567    0.0201639
-0.000196567   0.00118504   0.00398787
   0.0201639   0.00398787     0.028939
   0.0341732 -0.000871821    0.0200088
-0.000871821   0.00148824   0.00412286
   0.0200088   0.00412286    0.0287075
   0.0319422  -1.3268e-05    0.0188687
 -1.3268e-05  0.000897253   0.00343497
   0.0188687   0.00343497    0.0283721
   0.0316681  -0.00081518    0.0204714
 -0.00081518   0.00138632   0.00403251
   0.0204714   0.00403251    0.0300618
    0.029945 -0.000635421    0.0195198
-0.000635421   0.00111574   0.00361804
   0.0195198   0.00361804    0.0296562
   0.0294395  -0.00123561    0.0193033
 -0.00123561   0.00121201   0.00338909
   0.0193033   0.00338909    0.0297304
   0.0311422  -0.00137428    0.0199705
 -0.00137428   0.00164944   0.00406321
   0.0199705   0.00406321    0.0296624
   0.0309199  -0.00145205    0.0200521
 -0.00145205   0.00143176   0.00366207
   0.0200521   0.00366207    0.0300557
   0.0301385  -0.00195339    0.0193533
 -0.00195339   0.00163627    0.0036148
   0.0193533    0.0036148    0.0296369
   0.0277684 -0.000862269    0.0181971
-0.000862269   0.00086734   0.00282832
   0.0181971   0.00282832    0.0290579
   0.0272759  -0.00140185    0.0180427
 -0.00140185   0.00100512   0.00275534
   0.0180427   0.00275534     0.029157
    0.025932  -0.00186627    0.0172533
 -0.00186627  0.000832612   0.00186262
   0.0172533   0.00186262    0.0288914
   0.0266536  -0.00137128    0.0175179
 -0.00137128  0.000670032   0.00178647
   0.0175179   0.00178647    0.0288844
   0.0296972 -0.000254742    0.0175093
-0.000254742  0.000648938   0.00252624
   0.0175093   0.00252624    0.0277878
   0.0289806 -0.000779127    0.0171041
-0.000779127  0.000470093   0.00140009
   0.0171041   0.00140009    0.0278126
   0.0327852  0.000489965    0.0153592
 0.000489965  0.000449864    0.0018377
   0.0153592    0.0018377    0.0247312
     0.03482  0.000740584    0.0165352
 0.000740584  0.000651382   0.00278619
   0.0165352   0.00278619    0.0251677
   0.0392887   0.00187988    0.0135186
  0.00187988  0.000524952   0.00184026
   0.0135186   0.00184026    0.0209441
   0.0326485 -6.06772e-05    0.0151019
-6.06772e-05  0.000319016   0.00072351
   0.0151019   0.00072351    0.0249766
   0.0376217   0.00147162     0.012663
  0.00147162  0.000365751  0.000953834
    0.012663  0.000953834    0.0206939
   0.0388645  0.000674284    0.0126886
 0.000674284  0.000278699 -6.91973e-05
   0.0126886 -6.91973e-05    0.0212047
   0.0421772   0.00179499     0.015066
  0.00179499  0.000716881   0.00254052
    0.015066   0.00254052    0.0215667
   0.0293447  -0.00257685    0.0180503
 -0.00257685   0.00148861   0.00289307
   0.0180503   0.00289307    0.0289993
   0.0303172  -0.00215592    0.0188144
 -0.00215592   0.00133823   0.00296754
   0.0188144   0.00296754    0.0293174
   0.0297493  -0.00271098    0.0175163
 -0.00271098   0.00115284   0.00208504
   0.0175163   0.00208504    0.0286306
   0.0285756  -0.00303274     0.016678
 -0.00303274   0.00125125   0.00200171
    0.016678   0.00200171     0.028376
   0.0286358  -0.00244197     0.016999
 -0.00244197   0.00103928   0.00202208
    0.016999   0.00202208    0.0283178
   0.0291657  -0.00310854    0.0161736
 -0.00310854  0.000936249   0.00107515
   0.0161736   0.00107515    0.0279531
   0.0282604  -0.00283506     0.015759
 -0.00283506  0.000858471   0.00109171
    0.015759   0.00109171    0.0276635
   0.0279008  -0.00308107    0.0145541
 -0.00308107  0.000692058  7.54081e-05
   0.0145541  7.54081e-05    0.0270474
   0.0278092  -0.00331454     0.015253
 -0.00331454  0.000994078   0.00101049
    0.015253   0.00101049     0.027717
   0.0286177  -0.00335759    0.0148742
 -0.00335759   0.00075135   5.4831e-06
   0.0148742   5.4831e-06    0.0272939
   0.0270479    -0.003459    0.0138405
   -0.003459  0.000784799 -7.04691e-06
   0.0138405 -7.04691e-06    0.0270162
   0.0262672  -0.00275087    0.0146981
 -0.00275087  0.000798689  0.000928936
   0.0146981  0.000928936     0.027162
   0.0259837  -0.00290476    0.0135178
 -0.00290476  0.000648721  4.59241e-05
   0.0135178  4.59241e-05    0.0265601
   0.0242924  -0.00298006    0.0125957
 -0.00298006  0.000645968  -0.00013863
   0.0125957  -0.00013863    0.0261848
   0.0246611  -0.00293505    0.0138494
 -0.00293505  0.000774804  0.000575971
   0.0138494  0.000575971    0.0268304
   0.0265705  -0.00243807     0.015896
 -0.00243807  0.000941463   0.00171062
    0.015896   0.00171062    0.0278022
   0.0250306  -0.00272092    0.0150869
 -0.00272092  0.000876667   0.00117969
   0.0150869   0.00117969    0.0275022
    0.026886  -0.00198384    0.0170164
 -0.00198384   0.00102196   0.00233318
   0.0170164   0.00233318    0.0284576
    0.029012  -0.00190518    0.0181907
 -0.00190518   0.00117235   0.00280487
   0.0181907   0.00280487    0.0289982
   0.0254196  -0.00235772    0.0162208
 -0.00235772  0.000901021   0.00162032
   0.0162208   0.00162032    0.0281799
   0.0229004   -0.0037484    0.0116471
  -0.0037484  0.000800981 -0.000475913
   0.0116471 -0.000475913     0.025822
   0.0229559  -0.00360334    0.0128086
 -0.00360334  0.000783685 -0.000356093
   0.0128086 -0.000356093    0.0257949
   0.0244028  -0.00351052    0.0144501
 -0.00351052  0.000821259 -2.49621e-06
   0.0144501 -2.49621e-06    0.0271499
   0.0227381  -0.00329269    0.0139643
 -0.00329269  0.000691139 -0.000433683
   0.0139643 -0.000433683    0.0254738
    0.024683  -0.00320941     0.015506
 -0.00320941  0.000752653  0.000111931
    0.015506  0.000111931      0.02769
   0.0249053  -0.00275955    0.0163592
 -0.00275955  0.000611413  4.86133e-05
   0.0163592  4.86133e-05    0.0280139
   0.0230088  -0.00289162    0.0149251
 -0.00289162  0.000552367 -0.000598653
   0.0149251 -0.000598653    0.0257296
   0.0253849    -0.002903    0.0162656
   -0.002903  0.000824858  0.000768286
   0.0162656  0.000768286    0.0284043
   0.0258586  -0.00244833    0.0172551
 -0.00244833  0.000713073  0.000847136
   0.0172551  0.000847136    0.0291252
   0.0247871   -0.0031898    0.0150158
  -0.0031898  0.000846529  0.000514661
   0.0150158  0.000514661    0.0276295
   0.0242685  -0.00332543    0.0136571
 -0.00332543  0.000787894  9.34192e-05
   0.0136571  9.34192e-05    0.0268495
   0.0239052  -0.00361924    0.0131997
 -0.00361924  0.000800511 -0.000283988
   0.0131997 -0.000283988    0.0266376
   0.0235936  -0.00359295    0.0119985
 -0.00359295  0.000731784  -0.00073452
   0.0119985  -0.00073452    0.0259004
   0.0237302  -0.00328795    0.0122602
 -0.00328795  0.000683123 -0.000452122
   0.0122602 -0.000452122    0.0260997
   0.0225828  -0.00369803    0.0105746
 -0.00369803  0.000748791 -0.000804837
   0.0105746 -0.000804837    0.0255399
   0.0238559  -0.00238051    0.0146103
 -0.00238051  0.000407428 -0.000896017
   0.0146103 -0.000896017    0.0258616
   0.0274319  -0.00192106    0.0129956
 -0.00192106  0.000307999  -0.00121038
   0.0129956  -0.00121038    0.0244349
   0.0280844  -0.00168338    0.0149632
 -0.00168338  0.000311862 -0.000656033
   0.0149632 -0.000656033    0.0261835
   0.0311981  -0.00162412   0.00981916
 -0.00162412  0.000312457  -0.00151732
  0.00981916  -0.00151732    0.0205584
   0.0317618  -0.00132002    0.0116512
 -0.00132002  0.000289448  -0.00114279
   0.0116512  -0.00114279    0.0220974
    0.036879  -0.00128441   0.00916153
 -0.00128441  0.000378147  -0.00160764
  0.00916153  -0.00160764    0.0184124
   0.0346869  -0.00201915   0.00752087
 -0.00201915  0.000459558  -0.00185995
  0.00752087  -0.00185995    0.0174625
    0.032543  -0.00063645    0.0140578
 -0.00063645  0.000251159 -0.000292389
   0.0140578 -0.000292389    0.0243925
   0.0375491 -0.000300277    0.0112322
-0.000300277  0.000270471 -0.000893627
   0.0112322 -0.000893627     0.020213
    0.028751  -0.00130689     0.016562
 -0.00130689  0.000355349   0.00028725
    0.016562   0.00028725    0.0275836
   0.0263766  -0.00192982    0.0173501
 -0.00192982  0.000534812  0.000678607
   0.0173501  0.000678607    0.0289915
    0.025443  -0.00224649    0.0161506
 -0.00224649  0.000442873 -0.000219793
   0.0161506 -0.000219793    0.0276502
   0.0262194  -0.00351652    0.0124197
 -0.00351652  0.000662059  -0.00100142
   0.0124197  -0.00100142    0.0262955
   0.0280869  -0.00351396    0.0135981
 -0.00351396  0.000648385  -0.00107992
   0.0135981  -0.00107992    0.0266516
   0.0275545  -0.00360109    0.0123362
 -0.00360109  0.000658388  -0.00213388
   0.0123362  -0.00213388    0.0260502
   0.0253109  -0.00351315    0.0109887
 -0.00351315  0.000654468  -0.00193485
   0.0109887  -0.00193485    0.0255951
   0.0273896  -0.00330379    0.0122862
 -0.00330379  0.000601128  -0.00209058
   0.0122862  -0.00209058    0.0259765
   0.0268797  -0.00366068    0.0110782
 -0.00366068  0.000777455  -0.00310338
   0.0110782  -0.00310338    0.0254911
   0.0271209   -0.0033754    0.0112034
  -0.0033754  0.000723262   -0.0031233
   0.0112034   -0.0031233    0.0255214
   0.0267258  -0.00344667    0.0101799
 -0.00344667  0.000929472  -0.00402849
   0.0101799  -0.00402849    0.0251044
   0.0243083  -0.00347158   0.00958395
 -0.00347158  0.000742045  -0.00277451
  0.00958395  -0.00277451    0.0249262
   0.0260414  -0.00368213   0.00986793
 -0.00368213  0.000969876  -0.00394556
  0.00986793  -0.00394556    0.0249467
   0.0231736  -0.00338713   0.00824596
 -0.00338713  0.000898849  -0.00351516
  0.00824596  -0.00351516    0.0242493
   0.0254256  -0.00284681    0.0102015
 -0.00284681  0.000629348  -0.00294739
   0.0102015  -0.00294739    0.0250988
    0.025342  -0.00284112   0.00927151
 -0.00284112  0.000816609  -0.00384328
  0.00927151  -0.00384328    0.0247361
   0.0232504  -0.00221384   0.00793497
 -0.00221384  0.000696754  -0.00356207
  0.00793497  -0.00356207    0.0241863
   0.0233496  -0.00240839   0.00895339
 -0.00240839  0.000551768  -0.00274096
  0.00895339  -0.00274096    0.0245894
   0.0255209  -0.00288889    0.0112449
 -0.00288889    0.0005312  -0.00194588
   0.0112449  -0.00194588    0.0255205
   0.0235741  -0.00265725    0.0101066
 -0.00265725  0.000498978  -0.00184349
   0.0101066  -0.00184349    0.0250469
   0.0256947  -0.00293786    0.0123519
 -0.00293786  0.000542968 -0.000924669
   0.0123519 -0.000924669    0.0260034
   0.0275887  -0.00322477    0.0133962
 -0.00322477  0.000590523  -0.00100196
   0.0133962  -0.00100196    0.0264845
    0.023893  -0.00288119    0.0113353
 -0.00288119  0.000535682 -0.000954438
   0.0113353 -0.000954438    0.0255803
   0.0219091  -0.00322361   0.00696383
 -0.00322361   0.00110353  -0.00420763
  0.00696383  -0.00420763    0.0235276
   0.0250229  -0.00363885   0.00866095
 -0.00363885   0.00120373  -0.00468613
  0.00866095  -0.00468613    0.0243697
   0.0239054  -0.00341798   0.00744356
 -0.00341798   0.00148811  -0.00538196
  0.00744356  -0.00538196    0.0237347
   0.0205798  -0.00288267   0.00575523
 -0.00288267   0.00139098  -0.00492442
  0.00575523  -0.00492442    0.0227493
   0.0255076  -0.00339899   0.00810188
 -0.00339899   0.00144771  -0.00549198
  0.00810188  -0.00549198    0.0242299
   0.0226452  -0.00294474   0.00625298
 -0.00294474   0.00185355   -0.0060917
  0.00625298   -0.0060917    0.0230378
   0.0246909  -0.00308155    0.0070058
 -0.00308155   0.00176706  -0.00614101
   0.0070058  -0.00614101    0.0237284
    0.023646  -0.00246089    0.0059184
 -0.00246089   0.00217171  -0.00679668
   0.0059184  -0.00679668    0.0231884
   0.0191594  -0.00229473   0.00467054
 -0.00229473   0.00179884  -0.00571593
  0.00467054  -0.00571593    0.0219278
   0.0211462  -0.00216298   0.00512727
 -0.00216298   0.00235488  -0.00685653
  0.00512727  -0.00685653    0.0223138
   0.0176391   -0.0014372   0.00372921
  -0.0014372   0.00240885  -0.00661348
  0.00372921  -0.00661348    0.0211247
   0.0245948  -0.00265434   0.00648244
 -0.00265434   0.00156121  -0.00584631
  0.00648244  -0.00584631    0.0237476
   0.0241239  -0.00220671   0.00552542
 -0.00220671   0.00186897  -0.00639332
  0.00552542  -0.00639332      0.02342
   0.0229262  -0.00156825   0.00415958
 -0.00156825   0.00152547  -0.00577247
  0.00415958  -0.00577247    0.0230961
   0.0229956  -0.00188138   0.00507191
 -0.00188138   0.00130635   -0.0053507
  0.00507191   -0.0053507    0.0232835
   0.0249303  -0.00283471   0.00744273
 -0.00283471   0.00129088  -0.00526478
  0.00744273  -0.00526478    0.0240727
   0.0230881   -0.0020222   0.00601857
  -0.0020222   0.00109477  -0.00486131
  0.00601857  -0.00486131    0.0235267
   0.0251504  -0.00286833   0.00836315
 -0.00286833   0.00104272   -0.0046113
  0.00836315   -0.0046113    0.0244015
    0.026161  -0.00348923   0.00916173
 -0.00348923   0.00117119  -0.00480582
  0.00916173  -0.00480582    0.0246859
   0.0231571  -0.00210935   0.00698001
 -0.00210935  0.000886841  -0.00427227
  0.00698001  -0.00427227    0.0238362
     0.02013  0.000351489 -0.000737681
 0.000351489  0.000729458  -0.00385572
-0.000737681  -0.00385572    0.0216767
   0.0202811 -4.15409e-05  0.000722524
-4.15409e-05   0.00070739  -0.00385483
 0.000722524  -0.00385483    0.0218027
     0.02008 -0.000183877   0.00146759
-0.000183877  0.000798211  -0.00412999
  0.00146759  -0.00412999    0.0220366
   0.0203436 -0.000617291   0.00287998
-0.000617291  0.000724549  -0.00390024
  0.00287998  -0.00390024    0.0223318
   0.0206923 -0.000628261   0.00226061
-0.000628261  0.000668645  -0.00368156
  0.00226061  -0.00368156    0.0220962
   0.0204695 -0.000819959   0.00359791
-0.000819959  0.000805033  -0.00414416
  0.00359791  -0.00414416    0.0225891
   0.0208242  -0.00122376   0.00432344
 -0.00122376  0.000646565  -0.00353729
  0.00432344  -0.00353729    0.0227665
   0.0207568  -0.00123572   0.00489156
 -0.00123572  0.000683153  -0.00371163
  0.00489156  -0.00371163    0.0229993
   0.0213018  -0.00176681   0.00622132
 -0.00176681  0.000590045  -0.00317296
  0.00622132  -0.00317296    0.0234835
   0.0211589  -0.00136456   0.00372728
 -0.00136456  0.000624699  -0.00336109
  0.00372728  -0.00336109    0.0224658
   0.0215582  -0.00193226   0.00580697
 -0.00193226    0.0005967   -0.0030759
  0.00580697   -0.0030759    0.0232723
   0.0214488  -0.00209606   0.00502928
 -0.00209606  0.000597189  -0.00290808
  0.00502928  -0.00290808    0.0227255
   0.0214372  -0.00152001   0.00570538
 -0.00152001  0.000761331  -0.00395095
  0.00570538  -0.00395095    0.0233196
   0.0217062  -0.00183214    0.0068372
 -0.00183214   0.00061643  -0.00332374
   0.0068372  -0.00332374    0.0237431
   0.0213287  -0.00129224   0.00460014
 -0.00129224  0.000924564  -0.00445924
  0.00460014  -0.00445924    0.0229658
   0.0212344  -0.00109897   0.00350667
 -0.00109897   0.00107954  -0.00484605
  0.00350667  -0.00484605    0.0227132
   0.0203023 -0.000522878   0.00232472
-0.000522878  0.000914181  -0.00444085
  0.00232472  -0.00444085    0.0222998
   0.0201769 -0.000252484   0.00108839
-0.000252484   0.00100076  -0.00460648
  0.00108839  -0.00460648    0.0221328
   0.0212201 -0.000834677   0.00248526
-0.000834677   0.00122226  -0.00513259
  0.00248526  -0.00513259    0.0225673
    0.019958  0.000128653  0.000100435
 0.000128653  0.000847862  -0.00420236
 0.000100435  -0.00420236     0.021878
   0.0211818  -0.00268694   0.00591501
 -0.00268694  0.000588808  -0.00234561
  0.00591501  -0.00234561    0.0230283
    0.022158  -0.00264155    0.0072598
 -0.00264155  0.000586771  -0.00253804
   0.0072598  -0.00253804    0.0237874
   0.0223326  -0.00318288    0.0085777
 -0.00318288  0.000614601   -0.0019294
   0.0085777   -0.0019294    0.0241841
   0.0209605  -0.00311976   0.00645528
 -0.00311976  0.000617363  -0.00171765
  0.00645528  -0.00171765    0.0239203
   0.0226559  -0.00297262   0.00919271
 -0.00297262  0.000567243  -0.00191814
  0.00919271  -0.00191814     0.024656
   0.0222945  -0.00351686   0.00968268
 -0.00351686  0.000673368   -0.0013297
  0.00968268   -0.0013297    0.0246235
   0.0231691  -0.00339368    0.0106566
 -0.00339368  0.000637592  -0.00129391
   0.0106566  -0.00129391    0.0253047
   0.0211594  -0.00346301   0.00738936
 -0.00346301  0.000680598  -0.00117001
  0.00738936  -0.00117001    0.0249279
    0.023144  -0.00308352    0.0108347
 -0.00308352  0.000572946  -0.00110492
   0.0108347  -0.00110492    0.0253924
   0.0225892  -0.00271236   0.00941974
 -0.00271236  0.000511621  -0.00184143
  0.00941974  -0.00184143    0.0247675
   0.0220888    -0.002262   0.00805819
   -0.002262  0.000524953  -0.00260972
  0.00805819  -0.00260972    0.0242253
   0.0219601  -0.00238703   0.00764898
 -0.00238703  0.000543845  -0.00256219
  0.00764898  -0.00256219     0.024033
   0.0199979  -0.00325956   0.00510343
 -0.00325956  0.000666477  -0.00104928
  0.00510343  -0.00104928     0.024926
   0.0202185  -0.00302257   0.00438274
 -0.00302257   0.00060764  -0.00151641
  0.00438274  -0.00151641    0.0245017
   0.0184229  -0.00265398   0.00198165
 -0.00265398  0.000572751  -0.00122614
  0.00198165  -0.00122614    0.0239326
   0.0200992   -0.0025765   0.00344196
  -0.0025765  0.000564351  -0.00205135
  0.00344196  -0.00205135    0.0236736
   0.0190225  -0.00242872   0.00135689
 -0.00242872  0.000533857  -0.00173923
  0.00135689  -0.00173923    0.0240023
    0.019608  -0.00200546   0.00102704
 -0.00200546  0.000522615  -0.00230014
  0.00102704  -0.00230014     0.023367
   0.0203648  -0.00205073   0.00295042
 -0.00205073  0.000554865   -0.0025785
  0.00295042   -0.0025785    0.0226953
   0.0179706  -0.00177696  -0.00113074
 -0.00177696  0.000457064  -0.00177772
 -0.00113074  -0.00177772    0.0234254
   0.0206438  -0.00144193    0.0025283
 -0.00144193    0.0005774  -0.00304956
   0.0025283  -0.00304956    0.0217868
     0.02089 -0.000733321   0.00143794
-0.000733321  0.000606644  -0.00340014
  0.00143794  -0.00340014    0.0217028
   0.0204135 -0.000771559 -0.000160187
-0.000771559   0.00052187  -0.00301843
-0.000160187  -0.00301843    0.0217925
    0.020838 -7.38966e-05  2.13066e-05
-7.38966e-05  0.000623374  -0.00355345
 2.13066e-05  -0.00355345    0.0215665
   0.0210141 -0.000143483  -0.00109355
-0.000143483  0.000530243   -0.0031802
 -0.00109355   -0.0031802     0.021539
   0.0213706  0.000355047  -0.00231167
 0.000355047  0.000520101   -0.0030954
 -0.00231167   -0.0030954    0.0213445
   0.0205712  0.000432467  -0.00154749
 0.000432467  0.000621194  -0.00349585
 -0.00154749  -0.00349585    0.0214543
   0.0202306 -0.000213425   -0.0026212
-0.000213425  0.000419965  -0.00268866
  -0.0026212  -0.00268866    0.0214995
   0.0213998   0.00025513  -0.00351616
  0.00025513  0.000409311  -0.00261455
 -0.00351616  -0.00261455    0.0214074
     0.02046  4.94595e-05  -0.00446725
 4.94595e-05  0.000306953  -0.00205551
 -0.00446725  -0.00205551    0.0211072
   0.0195364 -0.000316809  -0.00378284
-0.000316809    0.0003299  -0.00221699
 -0.00378284  -0.00221699    0.0219013
   0.0197361 -0.000742112  -0.00183639
-0.000742112  0.000434138  -0.00263017
 -0.00183639  -0.00263017    0.0223312
   0.0185875 -0.000895692  -0.00313718
-0.000895692  0.000379001  -0.00215493
 -0.00313718  -0.00215493    0.0233483
   0.0190091  -0.00137692  -0.00142852
 -0.00137692  0.000451136  -0.00230747
 -0.00142852  -0.00230747    0.0231275
   0.0200197  -0.00140293  0.000365777
 -0.00140293  0.000513239  -0.00270897
 0.000365777  -0.00270897    0.0226597
   0.0185704 -0.000329733  -0.00476918
-0.000329733  0.000266845  -0.00192324
 -0.00476918  -0.00192324     0.022301
   0.0192303 -0.000118888  -0.00514002
-0.000118888   0.00023679  -0.00148661
 -0.00514002  -0.00148661    0.0203264
  0.00529304  -0.00485473  -0.00595627
 -0.00485473   0.00471357   0.00492083
 -0.00595627   0.00492083    0.0208608
  0.00547955  -0.00492502  -0.00500098
 -0.00492502   0.00476761   0.00475486
 -0.00500098   0.00475486     0.021555
  0.00522768  -0.00429854  -0.00451508
 -0.00429854   0.00389214   0.00367005
 -0.00451508   0.00367005     0.021848
  0.00567284  -0.00433659  -0.00337101
 -0.00433659   0.00398043   0.00404582
 -0.00337101   0.00404582    0.0226596
  0.00588479  -0.00493612  -0.00383312
 -0.00493612   0.00481953   0.00497604
 -0.00383312   0.00497604    0.0222294
  0.00544916    -0.003785  -0.00287381
   -0.003785   0.00323386   0.00322002
 -0.00287381   0.00322002    0.0231944
  0.00638403  -0.00422854  -0.00204441
 -0.00422854   0.00406276   0.00489336
 -0.00204441   0.00489336    0.0234005
  0.00619116  -0.00367739  -0.00158929
 -0.00367739   0.00330706   0.00416424
 -0.00158929   0.00416424    0.0240597
  0.00717238    -0.003411 -0.000225891
   -0.003411   0.00346062   0.00543918
-0.000225891   0.00543918     0.024775
  0.00656545  -0.00482341  -0.00247769
 -0.00482341   0.00489807   0.00566322
 -0.00247769   0.00566322    0.0228455
  0.00734176  -0.00396601   -0.0006184
 -0.00396601   0.00426499   0.00609437
  -0.0006184   0.00609437    0.0239873
  0.00749168  -0.00459283  -0.00102701
 -0.00459283   0.00514976   0.00672661
 -0.00102701   0.00672661    0.0233175
  0.00600928   -0.0032428  -0.00120069
  -0.0032428   0.00270848   0.00361567
 -0.00120069   0.00361567    0.0248288
  0.00698946  -0.00296814  8.79105e-05
 -0.00296814    0.0028036    0.0048739
 8.79105e-05    0.0048739    0.0256569
   0.0068315  -0.00269422  0.000277791
 -0.00269422   0.00232239   0.00438403
 0.000277791   0.00438403    0.0265722
  0.00621388  -0.00317411  -0.00115797
 -0.00317411   0.00243018   0.00334745
 -0.00115797   0.00334745    0.0258773
   0.0054454  -0.00348632  -0.00257966
 -0.00348632   0.00273258   0.00273094
 -0.00257966   0.00273094    0.0240041
  0.00584096  -0.00352379  -0.00257433
 -0.00352379   0.00255632   0.00252304
 -0.00257433   0.00252304    0.0250245
  0.00508194  -0.00351752  -0.00374721
 -0.00351752   0.00269241    0.0022377
 -0.00374721    0.0022377    0.0230298
  0.00503392    -0.003775  -0.00405392
   -0.003775   0.00316297   0.00278113
 -0.00405392   0.00278113    0.0223241
  0.00479622  -0.00363622   -0.0049587
 -0.00363622   0.00302402   0.00268979
  -0.0049587   0.00268979    0.0213522
   0.0054855   -0.0035724  -0.00367946
  -0.0035724   0.00254208   0.00202125
 -0.00367946   0.00202125    0.0225571
  0.00481168  -0.00336639   -0.0045841
 -0.00336639   0.00254661   0.00209029
  -0.0045841   0.00209029    0.0214097
  0.00513223  -0.00340208  -0.00447105
 -0.00340208   0.00241834   0.00187517
 -0.00447105   0.00187517    0.0210913
  0.00500928  -0.00418115  -0.00543821
 -0.00418115   0.00377706   0.00368612
 -0.00543821   0.00368612    0.0210077
  0.00851935  -0.00425506  0.000364331
 -0.00425506   0.00565408   0.00802499
 0.000364331   0.00802499    0.0235753
  0.00842145  -0.00358815  0.000743004
 -0.00358815   0.00465817   0.00747703
 0.000743004   0.00747703    0.0243706
  0.00937989  -0.00321476   0.00183513
 -0.00321476   0.00525721    0.0087813
  0.00183513    0.0087813    0.0245231
  0.00940809      -0.0039   0.00149046
     -0.0039   0.00642179   0.00932998
  0.00149046   0.00932998    0.0235857
  0.00927925     -0.00265   0.00207862
    -0.00265   0.00416109   0.00804833
  0.00207862   0.00804833    0.0255848
  0.00997468  -0.00294459   0.00248993
 -0.00294459   0.00598212   0.00980111
  0.00248993   0.00980111    0.0245071
  0.00993704  -0.00241952   0.00265056
 -0.00241952    0.0046736    0.0088841
  0.00265056    0.0088841    0.0257172
   0.0100956  -0.00243492   0.00273526
 -0.00243492   0.00515767    0.0091394
  0.00273526    0.0091394    0.0257753
  0.00992743  -0.00359773   0.00219717
 -0.00359773   0.00733933    0.0104455
  0.00219717    0.0104455    0.0234237
   0.0100715  -0.00287721   0.00267407
 -0.00287721   0.00664958    0.0103224
  0.00267407    0.0103224     0.024425
  0.00997246  -0.00345198   0.00244888
 -0.00345198   0.00819361     0.011177
  0.00244888     0.011177    0.0231937
  0.00980525  -0.00207038   0.00262594
 -0.00207038   0.00356539   0.00779892
  0.00262594   0.00779892    0.0269877
   0.0100259  -0.00214876   0.00259997
 -0.00214876   0.00388553     0.007719
  0.00259997     0.007719     0.027159
  0.00986463  -0.00202719   0.00228665
 -0.00202719   0.00291473   0.00616095
  0.00228665   0.00616095    0.0284913
  0.00959055  -0.00191028   0.00243524
 -0.00191028   0.00270333   0.00659448
  0.00243524   0.00659448    0.0282294
  0.00910773  -0.00225943   0.00216966
 -0.00225943   0.00324554   0.00723075
  0.00216966   0.00723075    0.0267234
  0.00888398  -0.00205088   0.00211004
 -0.00205088   0.00252128   0.00633901
  0.00211004   0.00633901    0.0278532
  0.00809472  -0.00260179   0.00127156
 -0.00260179   0.00298412   0.00618342
  0.00127156   0.00618342    0.0262919
  0.00827649  -0.00302228     0.001065
 -0.00302228   0.00374355    0.0068291
    0.001065    0.0068291    0.0252859
  0.00789442  -0.00234544   0.00135038
 -0.00234544   0.00239106   0.00553209
  0.00135038   0.00553209    0.0273073
   0.0143347  -0.00477502  -0.00253273
 -0.00477502   0.00216625    0.0033496
 -0.00253273    0.0033496     0.023296
   0.0130256  -0.00415893  -0.00155403
 -0.00415893   0.00200853    0.0039972
 -0.00155403    0.0039972    0.0244291
   0.0109864  -0.00300412 -7.90044e-05
 -0.00300412    0.0016921   0.00408834
-7.90044e-05   0.00408834    0.0267436
   0.0101502  -0.00296264  0.000102959
 -0.00296264    0.0017618   0.00442409
 0.000102959   0.00442409    0.0269244
   0.0128301  -0.00448152  -0.00189982
 -0.00448152   0.00225171   0.00422463
 -0.00189982   0.00422463    0.0239443
  0.00891191  -0.00226374   0.00107381
 -0.00226374   0.00169044   0.00472981
  0.00107381   0.00472981    0.0277174
  0.00976485  -0.00340013  -0.00054001
 -0.00340013   0.00201013   0.00425218
 -0.00054001   0.00425218    0.0266192
  0.00810964  -0.00253168  0.000589792
 -0.00253168   0.00181105   0.00445257
 0.000589792   0.00445257    0.0276306
  0.00798787  -0.00325126   -0.0005977
 -0.00325126   0.00216048   0.00393474
  -0.0005977   0.00393474    0.0276365
   0.0116517  -0.00463709  -0.00229049
 -0.00463709   0.00249656   0.00418991
 -0.00229049   0.00418991    0.0229031
  0.00927946  -0.00405744  -0.00182579
 -0.00405744   0.00242279   0.00383601
 -0.00182579   0.00383601    0.0244063
   0.0108505  -0.00511105  -0.00314531
 -0.00511105   0.00293633   0.00400392
 -0.00314531   0.00400392    0.0217049
   0.0076731  -0.00222861   0.00123621
 -0.00222861   0.00195625   0.00489248
  0.00123621   0.00489248    0.0276891
  0.00713699  -0.00279636  6.24762e-05
 -0.00279636   0.00212182   0.00409095
 6.24762e-05   0.00409095    0.0273542
  0.00869194   -0.0020186   0.00175317
  -0.0020186   0.00198657   0.00545926
  0.00175317   0.00545926    0.0281311
  0.00948948  -0.00195569   0.00187796
 -0.00195569   0.00207309   0.00546159
  0.00187796   0.00546159    0.0286642
  0.00993852  -0.00234349     0.000956
 -0.00234349   0.00171854   0.00452988
    0.000956   0.00452988    0.0277843
   0.0107023  -0.00264265  0.000490882
 -0.00264265   0.00184444   0.00373399
 0.000490882   0.00373399    0.0282704
  0.00991286  -0.00213161   0.00155114
 -0.00213161   0.00221597   0.00478299
  0.00155114   0.00478299    0.0290673
   0.0121029  -0.00349955 -0.000924026
 -0.00349955   0.00181765   0.00328294
-0.000924026   0.00328294     0.026126
   0.0102314  -0.00533351  -0.00362649
 -0.00533351    0.0031726    0.0038025
 -0.00362649    0.0038025     0.021148
  0.00889574  -0.00457728  -0.00298358
 -0.00457728   0.00279899   0.00341841
 -0.00298358   0.00341841    0.0224409
  0.00879951  -0.00506869  -0.00424711
 -0.00506869   0.00317335   0.00328867
 -0.00424711   0.00328867     0.021982
  0.00994334  -0.00559772  -0.00435533
 -0.00559772   0.00343473   0.00375723
 -0.00435533   0.00375723    0.0210954
  0.00760689  -0.00440124  -0.00365205
 -0.00440124    0.0028432   0.00284381
 -0.00365205   0.00284381    0.0227719
  0.00801002   -0.0049469  -0.00493309
  -0.0049469   0.00320188   0.00303462
 -0.00493309   0.00303462    0.0213122
  0.00732804  -0.00453489  -0.00468231
 -0.00453489   0.00296538   0.00248261
 -0.00468231   0.00248261    0.0221055
  0.00670301  -0.00421481  -0.00534088
 -0.00421481   0.00279654   0.00226811
 -0.00534088   0.00226811    0.0216598
  0.00874455  -0.00535914  -0.00510282
 -0.00535914   0.00343172   0.00342692
 -0.00510282   0.00342692    0.0196612
  0.00721416  -0.00450764   -0.0054598
 -0.00450764   0.00294191   0.00273093
  -0.0054598   0.00273093    0.0201626
  0.00795899  -0.00504574  -0.00561068
 -0.00504574   0.00331145   0.00337011
 -0.00561068   0.00337011    0.0193223
  0.00628091  -0.00392823  -0.00411278
 -0.00392823   0.00263939   0.00221063
 -0.00411278   0.00221063    0.0220272
  0.00560888  -0.00359631  -0.00481419
 -0.00359631   0.00245719   0.00194177
 -0.00481419   0.00194177    0.0210493
  0.00654097  -0.00383393  -0.00296265
 -0.00383393   0.00259297   0.00255159
 -0.00296265   0.00255159    0.0238335
  0.00681757  -0.00339376  -0.00140314
 -0.00339376    0.0023736   0.00328119
 -0.00140314   0.00328119      0.02698
  0.00771833  -0.00390611  -0.00222864
 -0.00390611   0.00251477   0.00327514
 -0.00222864   0.00327514    0.0246899
  0.00960733  -0.00346379   0.00233539
 -0.00346379   0.00878066    0.0114559
  0.00233539    0.0114559    0.0229935
  0.00973632  -0.00301868   0.00247158
 -0.00301868   0.00707373    0.0102991
  0.00247158    0.0102991    0.0243691
  0.00915078  -0.00328848   0.00203677
 -0.00328848   0.00714222   0.00982262
  0.00203677   0.00982262    0.0243873
  0.00901792  -0.00359053   0.00199425
 -0.00359053   0.00899714    0.0113345
  0.00199425    0.0113345    0.0228812
  0.00922828  -0.00307508    0.0018695
 -0.00307508   0.00547288   0.00794113
   0.0018695   0.00794113    0.0259555
  0.00850574  -0.00354979   0.00148671
 -0.00354979    0.0069094   0.00909086
  0.00148671   0.00909086    0.0245038
  0.00859415  -0.00343279   0.00121074
 -0.00343279   0.00523401   0.00684917
  0.00121074   0.00684917    0.0261575
  0.00801759  -0.00363599  0.000518515
 -0.00363599   0.00484511   0.00573512
 0.000518515   0.00573512     0.026439
  0.00836974  -0.00372723   0.00153718
 -0.00372723   0.00887579    0.0109515
  0.00153718    0.0109515    0.0228849
  0.00790242  -0.00369505  0.000890224
 -0.00369505   0.00648302   0.00828227
 0.000890224   0.00828227    0.0246991
  0.00776471  -0.00378651   0.00102476
 -0.00378651    0.0085178    0.0104537
  0.00102476    0.0104537     0.022978
  0.00864111  -0.00336509  0.000721602
 -0.00336509    0.0040232   0.00442271
 0.000721602   0.00442271    0.0277594
  0.00809284  -0.00359598 -5.44319e-05
 -0.00359598   0.00378246   0.00302555
-5.44319e-05   0.00302555    0.0281016
  0.00813695  -0.00356466  -0.00073506
 -0.00356466   0.00329325  0.000379562
 -0.00073506  0.000379562    0.0296356
   0.0086571  -0.00332488   0.00010162
 -0.00332488    0.0033069   0.00196266
  0.00010162   0.00196266    0.0292542
  0.00925397  -0.00294821   0.00148895
 -0.00294821   0.00415472   0.00583264
  0.00148895   0.00583264    0.0274977
  0.00923159  -0.00288049  0.000958543
 -0.00288049   0.00325793   0.00361351
 0.000958543   0.00361351    0.0289451
  0.00979008  -0.00247707   0.00216557
 -0.00247707   0.00412309   0.00700858
  0.00216557   0.00700858    0.0273118
  0.00979702  -0.00268709   0.00242386
 -0.00268709   0.00546159    0.0087821
  0.00242386    0.0087821    0.0258384
  0.00970002  -0.00238536    0.0017447
 -0.00238536   0.00312841   0.00509619
   0.0017447   0.00509619    0.0287072
  0.00721776  -0.00373763  0.000471723
 -0.00373763   0.00799329   0.00998627
 0.000471723   0.00998627    0.0231102
  0.00736977  -0.00367094  0.000241567
 -0.00367094   0.00595345   0.00755919
 0.000241567   0.00755919    0.0249307
  0.00690138  -0.00350063 -0.000450396
 -0.00350063    0.0053772   0.00703986
-0.000450396   0.00703986     0.025168
  0.00673833  -0.00358361 -0.000112723
 -0.00358361   0.00740307   0.00963006
-0.000112723   0.00963006    0.0232369
  0.00708068  -0.00340081 -0.000991606
 -0.00340081   0.00391279   0.00406849
-0.000991606   0.00406849    0.0270621
  0.00649562  -0.00323568   -0.0011811
 -0.00323568   0.00483509   0.00670897
  -0.0011811   0.00670897    0.0254048
  0.00670063  -0.00306169  -0.00180587
 -0.00306169   0.00341913   0.00363804
 -0.00180587   0.00363804    0.0273781
   0.0063998  -0.00269475  -0.00255744
 -0.00269475   0.00294387   0.00346382
 -0.00255744   0.00346382     0.027488
  0.00632859  -0.00335702 -0.000729742
 -0.00335702    0.0068339   0.00938047
-0.000729742   0.00938047    0.0233464
  0.00616202  -0.00292811  -0.00189664
 -0.00292811   0.00433875   0.00658208
 -0.00189664   0.00658208    0.0253844
   0.0059951  -0.00308982  -0.00135799
 -0.00308982   0.00633353   0.00924166
 -0.00135799   0.00924166    0.0234455
  0.00691655  -0.00287305  -0.00254407
 -0.00287305   0.00272035  0.000472397
 -0.00254407  0.000472397    0.0291459
  0.00677403  -0.00244761  -0.00328493
 -0.00244761   0.00224841  0.000330225
 -0.00328493  0.000330225    0.0289985
  0.00702171  -0.00221358  -0.00395712
 -0.00221358    0.0022253  -0.00259836
 -0.00395712  -0.00259836    0.0306584
  0.00709467  -0.00271246  -0.00326491
 -0.00271246   0.00268282  -0.00243259
 -0.00326491  -0.00243259     0.030612
  0.00725192   -0.0032955  -0.00168973
  -0.0032955   0.00313293  0.000987849
 -0.00168973  0.000987849    0.0288212
  0.00738018  -0.00319877  -0.00241272
 -0.00319877   0.00303051  -0.00188656
 -0.00241272  -0.00188656    0.0303524
  0.00763557  -0.00356491 -0.000856615
 -0.00356491   0.00349003   0.00183677
-0.000856615   0.00183677    0.0284714
  0.00751166  -0.00361934 -0.000215049
 -0.00361934   0.00439419   0.00476379
-0.000215049   0.00476379     0.026751
  0.00771375  -0.00351603  -0.00156609
 -0.00351603    0.0032155 -0.000945259
 -0.00156609 -0.000945259    0.0300202
   0.0131288  -0.00598623  -0.00733626
 -0.00598623   0.00463571  -0.00247306
 -0.00733626  -0.00247306    0.0236362
   0.0136595  -0.00643751  -0.00700279
 -0.00643751   0.00486465  -0.00259803
 -0.00700279  -0.00259803     0.023815
   0.0106843  -0.00461055   -0.0059529
 -0.00461055   0.00419049  -0.00439869
  -0.0059529  -0.00439869    0.0277335
   0.0111083  -0.00500293  -0.00543379
 -0.00500293   0.00418495  -0.00406927
 -0.00543379  -0.00406927    0.0276939
   0.0141617   -0.0066714   -0.0066315
  -0.0066714   0.00474881  -0.00244365
  -0.0066315  -0.00244365    0.0238011
  0.00895199  -0.00387497  -0.00420995
 -0.00387497   0.00372733  -0.00474886
 -0.00420995  -0.00474886    0.0302914
   0.0115205  -0.00515481  -0.00488796
 -0.00515481   0.00389161  -0.00341631
 -0.00488796  -0.00341631    0.0274775
  0.00931391  -0.00413585  -0.00352436
 -0.00413585   0.00355811  -0.00388682
 -0.00352436  -0.00388682     0.030025
   0.0097287  -0.00413539  -0.00278995
 -0.00413539   0.00322949  -0.00265105
 -0.00278995  -0.00265105    0.0296621
    0.014547   -0.0066928  -0.00621923
  -0.0066928   0.00438404  -0.00199141
 -0.00621923  -0.00199141    0.0236046
   0.0118969  -0.00509481  -0.00426647
 -0.00509481   0.00343914  -0.00238324
 -0.00426647  -0.00238324    0.0271292
   0.0148444  -0.00653026  -0.00572125
 -0.00653026   0.00387434  -0.00122853
 -0.00572125  -0.00122853    0.0233066
  0.00807826  -0.00358733  -0.00247788
 -0.00358733   0.00325308  -0.00297098
 -0.00247788  -0.00297098    0.0307158
   0.0084828  -0.00363353   -0.0016687
 -0.00363353   0.00312018  -0.00162473
  -0.0016687  -0.00162473    0.0303301
  0.00775524  -0.00327204   -0.0032695
 -0.00327204    0.0032492  -0.00391602
  -0.0032695  -0.00391602    0.0310138
  0.00749338  -0.00274729  -0.00406075
 -0.00274729   0.00301186  -0.00444873
 -0.00406075  -0.00444873    0.0311789
  0.00863224   -0.0033805  -0.00488612
  -0.0033805   0.00359597  -0.00520304
 -0.00488612  -0.00520304    0.0303745
  0.00854064  -0.00277106  -0.00546515
 -0.00277106   0.00313949  -0.00525541
 -0.00546515  -0.00525541    0.0303337
  0.00757073  -0.00221282  -0.00470807
 -0.00221282   0.00255167  -0.00453042
 -0.00470807  -0.00453042    0.0310397
   0.0104511  -0.00405663  -0.00642172
 -0.00405663   0.00382021  -0.00436199
 -0.00642172  -0.00436199    0.0275809
   0.0150778   -0.0062268  -0.00510037
  -0.0062268   0.00332897 -0.000182514
 -0.00510037 -0.000182514    0.0229866
   0.0122436  -0.00482156  -0.00354311
 -0.00482156   0.00293532  -0.00104986
 -0.00354311  -0.00104986    0.0267706
   0.0125148  -0.00443207  -0.00273157
 -0.00443207   0.00244272    0.0005109
 -0.00273157    0.0005109     0.026437
   0.0152704  -0.00584254  -0.00434081
 -0.00584254   0.00280368   0.00103325
 -0.00434081   0.00103325    0.0228005
   0.0105672  -0.00347478  -0.00109271
 -0.00347478   0.00240292  0.000658843
 -0.00109271  0.000658843    0.0289438
   0.0125721  -0.00397924  -0.00180476
 -0.00397924   0.00206123   0.00200859
 -0.00180476   0.00200859    0.0261878
   0.0108179  -0.00301913 -0.000245514
 -0.00301913   0.00206808   0.00237235
-0.000245514   0.00237235    0.0286442
   0.0149418   -0.0052732   -0.0034138
  -0.0052732   0.00238429    0.0022965
  -0.0034138    0.0022965    0.0229482
  0.00984127  -0.00247883   0.00092637
 -0.00247883    0.0024161   0.00347093
  0.00092637   0.00347093    0.0293404
   0.0094674  -0.00295984  8.54879e-05
 -0.00295984   0.00266044   0.00179247
 8.54879e-05   0.00179247    0.0296102
  0.00896931  -0.00338648 -0.000817146
 -0.00338648   0.00291568  9.04631e-06
-0.000817146  9.04631e-06    0.0299414
   0.0101646   -0.0038928  -0.00197334
  -0.0038928   0.00282609  -0.00109288
 -0.00197334  -0.00109288    0.0292788
  0.00429267  -0.00863667  -0.00314325
 -0.00863667    0.0263377    0.0153141
 -0.00314325    0.0153141    0.0148681
  0.00490227   -0.0085519  -0.00236528
  -0.0085519    0.0250322    0.0148372
 -0.00236528    0.0148372    0.0157598
  0.00497212  -0.00826073     -0.00304
 -0.00826073    0.0205586    0.0136445
    -0.00304    0.0136445    0.0170118
  0.00568631  -0.00821345  -0.00209594
 -0.00821345    0.0196043    0.0131147
 -0.00209594    0.0131147    0.0176971
  0.00565955  -0.00846287  -0.00150379
 -0.00846287    0.0238248    0.0144666
 -0.00150379    0.0144666     0.016645
  0.00576672  -0.00792826   -0.0027652
 -0.00792826    0.0158132    0.0117759
  -0.0027652    0.0117759    0.0187109
  0.00651324  -0.00817665  -0.00113119
 -0.00817665      0.01884     0.012795
