           0            0            0
           0            0            0
           0            0            0
   0.0211003 -0.000991943   0.00293069
-0.000991943  7.69161e-05  1.04776e-05
  0.00293069  1.04776e-05    0.0144753
   0.0185621 -0.000784977   0.00557988
-0.000784977  6.63165e-05  8.34744e-05
  0.00557988  8.34744e-05    0.0178397
   0.0159072 -0.000929227   0.00798687
-0.000929227  0.000108439 -3.98518e-06
  0.00798687 -3.98518e-06    0.0196652
   0.0152354  -0.00122453   0.00908944
 -0.00122453  0.000171837 -0.000112074
  0.00908944 -0.000112074    0.0197828
   0.0153521  -0.00155087   0.00870015
 -0.00155087  0.000235126 -0.000231638
  0.00870015 -0.000231638    0.0201542
   0.0134961  -0.00144254   0.00737467
 -0.00144254   0.00021277 -0.000347826
  0.00737467 -0.000347826    0.0180935
   0.0140707  -0.00173087   0.00672078
 -0.00173087  0.000269998  -0.00051434
  0.00672078  -0.00051434    0.0193225
   0.0155177  -0.00180812   0.00795178
 -0.00180812  0.000286494 -0.000404499
  0.00795178 -0.000404499    0.0205604
   0.0139176  -0.00186039   0.00530097
 -0.00186039  0.000315025 -0.000771365
  0.00530097 -0.000771365    0.0202909
   0.0154945  -0.00197809   0.00661889
 -0.00197809  0.000331152 -0.000679387
  0.00661889 -0.000679387    0.0215528
   0.0138917  -0.00186581   0.00359857
 -0.00186581  0.000353562  -0.00110368
  0.00359857  -0.00110368    0.0214898
   0.0156935  -0.00211822   0.00604144
 -0.00211822  0.000362822 -0.000912726
  0.00604144 -0.000912726    0.0218064
   0.0310505   0.00031909   0.00989173
  0.00031909  0.000414111   0.00204028
  0.00989173   0.00204028    0.0177457
    0.026745 -0.000138395    0.0121445
-0.000138395  0.000586132   0.00260895
   0.0121445   0.00260895    0.0212252
   0.0267386  0.000324469    0.0119845
 0.000324469  0.000455659   0.00250717
   0.0119845   0.00250717    0.0211434
   0.0240883  4.56192e-05    0.0138546
 4.56192e-05  0.000605452   0.00290948
   0.0138546   0.00290948    0.0238514
   0.0238281 -0.000406836    0.0138453
-0.000406836  0.000744137   0.00295082
   0.0138453   0.00295082    0.0238439
   0.0234922  0.000209015    0.0133518
 0.000209015  0.000472571   0.00263104
   0.0133518   0.00263104    0.0235903
   0.0222207 -0.000288787    0.0144122
-0.000288787  0.000710751   0.00298773
   0.0144122   0.00298773    0.0250366
   0.0218092 -0.000102422    0.0139987
-0.000102422  0.000574616   0.00277027
   0.0139987   0.00277027    0.0247985
    0.021318  -0.00049322     0.013974
 -0.00049322  0.000622317   0.00262659
    0.013974   0.00262659    0.0250368
   0.0218265 -0.000691196     0.014291
-0.000691196  0.000846752   0.00298674
    0.014291   0.00298674    0.0249826
   0.0216641  -0.00070239    0.0143502
 -0.00070239   0.00075124     0.002785
   0.0143502     0.002785    0.0252823
   0.0212253  -0.00106783    0.0141756
 -0.00106783  0.000877901   0.00276105
   0.0141756   0.00276105    0.0252336
   0.0211621 -0.000176474    0.0134591
-0.000176474  0.000445426    0.0023212
   0.0134591    0.0023212    0.0245428
   0.0206833 -0.000521546    0.0134257
-0.000521546  0.000500579   0.00224188
   0.0134257   0.00224188    0.0247533
   0.0202441 -0.000745277     0.013053
-0.000745277  0.000395466   0.00168643
    0.013053   0.00168643    0.0246423
    0.020766 -0.000438647    0.0131428
-0.000438647  0.000334751   0.00171713
   0.0131428   0.00171713    0.0244891
   0.0228116  8.62922e-05    0.0128351
 8.62922e-05  0.000349528   0.00213755
   0.0128351   0.00213755    0.0233743
   0.0225168 -0.000210271    0.0126303
-0.000210271  0.000248178   0.00152265
   0.0126303   0.00152265    0.0234051
    0.025335  0.000245992    0.0110172
 0.000245992  0.000236092   0.00168878
   0.0110172   0.00168878    0.0207452
   0.0259892  0.000433256    0.0114419
 0.000433256  0.000338134   0.00218491
   0.0114419   0.00218491    0.0208853
    0.029749   0.00065255    0.0090287
  0.00065255  0.000217296   0.00155138
   0.0090287   0.00155138    0.0173634
   0.0251937 -7.96175e-05    0.0107548
-7.96175e-05  0.000155239   0.00113509
   0.0107548   0.00113509    0.0208686
   0.0290422  0.000362486   0.00868123
 0.000362486  0.000139858   0.00111974
  0.00868123   0.00111974    0.0172653
   0.0295011 -4.72301e-05   0.00831735
-4.72301e-05  8.44503e-05  0.000679181
  0.00831735  0.000679181    0.0174896
    0.030639  0.000688425   0.00955067
 0.000688425  0.000308344   0.00188598
  0.00955067   0.00188598    0.0175809
   0.0207933  -0.00150336    0.0134902
 -0.00150336  0.000845241   0.00233927
   0.0134902   0.00233927    0.0249223
   0.0212438  -0.00119055     0.013666
 -0.00119055   0.00073284    0.0023583
    0.013666    0.0023583    0.0249209
   0.0208754  -0.00161934    0.0129341
 -0.00161934  0.000673189   0.00178848
   0.0129341   0.00178848    0.0245782
   0.0204102  -0.00186669    0.0127413
 -0.00186669  0.000764466   0.00178003
   0.0127413   0.00178003    0.0246101
   0.0205491  -0.00139654    0.0125696
 -0.00139654  0.000574205    0.0017105
   0.0125696    0.0017105    0.0242786
   0.0205442  -0.00197296    0.0121446
 -0.00197296  0.000591553   0.00111436
   0.0121446   0.00111436    0.0242252
   0.0202174  -0.00176394    0.0117946
 -0.00176394  0.000512617   0.00107084
   0.0117946   0.00107084    0.0239114
   0.0199481  -0.00204722    0.0110104
 -0.00204722  0.000450516  0.000365724
   0.0110104  0.000365724    0.0235578
   0.0200581  -0.00214488    0.0119121
 -0.00214488  0.000657173   0.00112509
   0.0119121   0.00112509    0.0242687
   0.0202814  -0.00223769    0.0113355
 -0.00223769  0.000509714  0.000382554
   0.0113355  0.000382554    0.0238783
    0.019751  -0.00233745    0.0110374
 -0.00233745  0.000552285  0.000420831
   0.0110374  0.000420831    0.0239086
   0.0195639  -0.00165691    0.0112129
 -0.00165691  0.000440698  0.000907512
   0.0112129  0.000907512    0.0235382
   0.0192474  -0.00190901    0.0104053
 -0.00190901   0.00039535  0.000274975
   0.0104053  0.000274975    0.0231508
   0.0187122  -0.00190274   0.00988591
 -0.00190274  0.000359527  7.31776e-05
  0.00988591  7.31776e-05    0.0228473
   0.0190919  -0.00170837    0.0107536
 -0.00170837  0.000389571  0.000607842
   0.0107536  0.000607842    0.0232976
   0.0199224  -0.00132668    0.0120069
 -0.00132668  0.000483961   0.00147157
   0.0120069   0.00147157    0.0239374
    0.019478  -0.00143751    0.0115911
 -0.00143751  0.000415451   0.00107784
   0.0115911   0.00107784    0.0237492
   0.0202948 -0.000943219    0.0127465
-0.000943219  0.000507699   0.00192738
   0.0127465   0.00192738     0.024336
    0.020914 -0.000966479    0.0132961
-0.000966479  0.000614561   0.00224136
   0.0132961   0.00224136    0.0246461
    0.019848  -0.00111164    0.0123558
 -0.00111164  0.000418735    0.0014469
   0.0123558    0.0014469    0.0241929
   0.0170489  -0.00207794    0.0082795
 -0.00207794  0.000343975 -0.000471596
   0.0082795 -0.000471596    0.0222187
   0.0169594  -0.00188037   0.00898244
 -0.00188037  0.000313507 -0.000226331
  0.00898244 -0.000226331    0.0219832
    0.018608  -0.00184647    0.0106138
 -0.00184647  0.000341105  0.000128783
   0.0106138  0.000128783    0.0232093
   0.0166672  -0.00160626   0.00971321
 -0.00160626  0.000265248 -5.29272e-05
  0.00971321 -5.29272e-05     0.021424
   0.0186946  -0.00156652    0.0112646
 -0.00156652  0.000304187  0.000361979
   0.0112646  0.000361979    0.0234972
   0.0187151  -0.00122082    0.0117792
 -0.00122082  0.000248267  0.000516134
   0.0117792  0.000516134     0.023553
   0.0167783  -0.00128557    0.0103453
 -0.00128557  0.000205905  8.95118e-05
   0.0103453  8.95118e-05    0.0213934
   0.0197362   -0.0014098    0.0122263
  -0.0014098  0.000358221   0.00085004
   0.0122263   0.00085004    0.0242641
   0.0199929  -0.00106414    0.0128636
 -0.00106414  0.000317126   0.00103419
   0.0128636   0.00103419    0.0247056
   0.0193415  -0.00168674    0.0114134
 -0.00168674   0.00037415  0.000565743
   0.0114134  0.000565743      0.02376
   0.0189432  -0.00190048    0.0105167
 -0.00190048  0.000368038  0.000195453
   0.0105167  0.000195453    0.0232304
    0.018331  -0.00204004   0.00984388
 -0.00204004  0.000355253 -0.000184113
  0.00984388 -0.000184113    0.0229312
   0.0181472  -0.00217636   0.00909174
 -0.00217636  0.000363079 -0.000555117
  0.00909174 -0.000555117     0.022405
    0.018519  -0.00203448   0.00957814
 -0.00203448  0.000352009  -0.00023548
  0.00957814  -0.00023548    0.0227037
   0.0169369  -0.00218772   0.00767819
 -0.00218772  0.000363142 -0.000787849
  0.00767819 -0.000787849    0.0221195
   0.0173562 -0.000969676   0.00993626
-0.000969676  0.000138741   0.00015829
  0.00993626   0.00015829    0.0213575
   0.0198016 -0.000778529   0.00825784
-0.000778529  8.28931e-05  0.000187969
  0.00825784  0.000187969    0.0200923
   0.0207651 -0.000691809    0.0101737
-0.000691809  0.000111536  0.000433451
   0.0101737  0.000433451    0.0216401
   0.0223373 -0.000765012   0.00532174
-0.000765012  5.78038e-05  0.000107187
  0.00532174  0.000107187    0.0168541
   0.0231622 -0.000664776   0.00706872
-0.000664776  6.78884e-05  0.000255741
  0.00706872  0.000255741    0.0181464
   0.0265041 -0.000778174   0.00450457
-0.000778174  5.84984e-05  9.27734e-05
  0.00450457  9.27734e-05    0.0148867
   0.0245437 -0.000970309   0.00298067
-0.000970309  6.95032e-05   2.0131e-05
  0.00298067   2.0131e-05    0.0142041
   0.0245105 -0.000390325    0.0095145
-0.000390325  9.60918e-05  0.000637638
   0.0095145  0.000637638    0.0202047
   0.0277994 -0.000438426   0.00670259
-0.000438426   5.6401e-05  0.000332309
  0.00670259  0.000332309    0.0165318
   0.0219462 -0.000513724    0.0119117
-0.000513724  0.000167998  0.000914905
   0.0119117  0.000914905    0.0230329
   0.0202786 -0.000748569    0.0127906
-0.000748569  0.000248675   0.00105863
   0.0127906   0.00105863    0.0244188
   0.0189895 -0.000906149    0.0114377
-0.000906149  0.000177555  0.000537945
   0.0114377  0.000537945    0.0230533
   0.0194349  -0.00245016    0.0100972
 -0.00245016  0.000469967 -0.000311177
   0.0100972 -0.000311177    0.0235428
   0.0200876  -0.00242348    0.0104909
 -0.00242348  0.000448026  -0.00038574
   0.0104909  -0.00038574    0.0235437
   0.0199396  -0.00250962    0.0096038
 -0.00250962  0.000433467  -0.00117402
   0.0096038  -0.00117402    0.0232311
   0.0190907  -0.00246601    0.0090994
 -0.00246601  0.000440299  -0.00106192
   0.0090994  -0.00106192    0.0231844
   0.0197022  -0.00236264   0.00938768
 -0.00236264  0.000399505  -0.00117624
  0.00938768  -0.00117624    0.0229493
   0.0197312  -0.00250377   0.00867928
 -0.00250377  0.000476576  -0.00195829
  0.00867928  -0.00195829    0.0229229
   0.0196658  -0.00238972   0.00854896
 -0.00238972  0.000448604  -0.00195992
  0.00854896  -0.00195992    0.0226848
   0.0195821  -0.00232886   0.00772219
 -0.00232886  0.000551395  -0.00270215
  0.00772219  -0.00270215    0.0224251
   0.0186681  -0.00239038   0.00807143
 -0.00239038   0.00046527   -0.0018097
  0.00807143   -0.0018097    0.0228179
   0.0194266  -0.00240223   0.00775726
 -0.00240223  0.000572976  -0.00270347
  0.00775726  -0.00270347    0.0225998
   0.0181515  -0.00223361   0.00705262
 -0.00223361   0.00054826  -0.00253308
  0.00705262  -0.00253308    0.0224195
   0.0188117  -0.00216505   0.00788382
 -0.00216505  0.000406052  -0.00189156
  0.00788382  -0.00189156    0.0222148
   0.0188269  -0.00209687   0.00708189
 -0.00209687  0.000502023  -0.00259426
  0.00708189  -0.00259426    0.0219717
   0.0178535   -0.0018522   0.00626792
  -0.0018522  0.000452673  -0.00246945
  0.00626792  -0.00246945    0.0214646
    0.017907  -0.00197144   0.00713722
 -0.00197144  0.000370789  -0.00183397
  0.00713722  -0.00183397    0.0217414
   0.0188425  -0.00215828   0.00872802
 -0.00215828  0.000359122  -0.00115156
  0.00872802  -0.00115156    0.0224863
   0.0180774  -0.00203261   0.00806036
 -0.00203261  0.000334623  -0.00117111
  0.00806036  -0.00117111    0.0220577
    0.018983  -0.00208096   0.00957437
 -0.00208096  0.000359705 -0.000417575
  0.00957437 -0.000417575     0.022795
   0.0197581  -0.00225102    0.0102083
 -0.00225102  0.000402491  -0.00039054
   0.0102083  -0.00039054    0.0232366
   0.0183453  -0.00201843   0.00898577
 -0.00201843  0.000333789 -0.000524316
  0.00898577 -0.000524316    0.0224272
   0.0175154  -0.00200341   0.00602806
 -0.00200341   0.00068972  -0.00325562
  0.00602806  -0.00325562    0.0219895
   0.0190022  -0.00221573   0.00680219
 -0.00221573  0.000720255  -0.00342879
  0.00680219  -0.00342879    0.0222522
   0.0184996  -0.00190327   0.00579343
 -0.00190327  0.000942157  -0.00415697
  0.00579343  -0.00415697    0.0218893
   0.0168103  -0.00166026   0.00499393
 -0.00166026  0.000922816  -0.00400506
  0.00499393  -0.00400506    0.0215463
   0.0191977  -0.00189974   0.00595438
 -0.00189974  0.000904249  -0.00411781
  0.00595438  -0.00411781    0.0219087
   0.0178703  -0.00146012    0.0047495
 -0.00146012   0.00124851  -0.00490086
   0.0047495  -0.00490086    0.0215353
   0.0188726  -0.00149413   0.00497369
 -0.00149413   0.00117732  -0.00481977
  0.00497369  -0.00481977    0.0216685
   0.0183823 -0.000950455    0.0039705
-0.000950455   0.00152579  -0.00551164
   0.0039705  -0.00551164    0.0214521
   0.0160171  -0.00118453    0.0039893
 -0.00118453   0.00125507   -0.0047906
   0.0039893   -0.0047906    0.0211201
   0.0170749 -0.000873211     0.003719
-0.000873211   0.00164915  -0.00565179
    0.003719  -0.00565179    0.0212083
    0.015146 -0.000572103   0.00304525
-0.000572103   0.00170793  -0.00560809
  0.00304525  -0.00560809    0.0207407
   0.0187562  -0.00130925    0.0044812
 -0.00130925   0.00106165  -0.00457594
   0.0044812  -0.00457594    0.0214288
   0.0186143 -0.000801174   0.00354092
-0.000801174   0.00135316  -0.00520158
  0.00354092  -0.00520158     0.021332
   0.0180415 -0.000531772   0.00261931
-0.000531772    0.0011695  -0.00480553
  0.00261931  -0.00480553    0.0209517
   0.0179557  -0.00102072   0.00355887
 -0.00102072  0.000931374  -0.00425645
  0.00355887  -0.00425645    0.0209702
   0.0188072  -0.00168779   0.00540211
 -0.00168779   0.00082291  -0.00392705
  0.00540211  -0.00392705    0.0215679
   0.0178906  -0.00140041   0.00449506
 -0.00140041  0.000730934  -0.00367648
  0.00449506  -0.00367648    0.0210604
   0.0188087  -0.00195273     0.006263
 -0.00195273  0.000636523  -0.00326829
    0.006263  -0.00326829    0.0217535
   0.0194111   -0.0021788   0.00687185
  -0.0021788  0.000695591  -0.00341503
  0.00687185  -0.00341503    0.0221671
   0.0178402  -0.00167761   0.00540268
 -0.00167761  0.000569453  -0.00308046
  0.00540268  -0.00308046     0.021234
   0.0167407  0.000124647 -0.000920669
 0.000124647  0.000665312  -0.00353045
-0.000920669  -0.00353045    0.0197151
   0.0165175 -0.000391939  0.000329454
-0.000391939  0.000587279  -0.00328106
 0.000329454  -0.00328106    0.0196403
    0.016557 -0.000433889   0.00104582
-0.000433889  0.000645331  -0.00347291
  0.00104582  -0.00347291    0.0198843
   0.0164889 -0.000893516    0.0022412
-0.000893516  0.000548299  -0.00311184
   0.0022412  -0.00311184    0.0199675
   0.0164813 -0.000914723    0.0015819
-0.000914723  0.000528733  -0.00299083
   0.0015819  -0.00299083    0.0197033
   0.0166681 -0.000974733   0.00290017
-0.000974733  0.000589813  -0.00325888
  0.00290017  -0.00325888    0.0202489
   0.0165832  -0.00133442   0.00340109
 -0.00133442  0.000477028  -0.00273837
  0.00340109  -0.00273837    0.0201851
   0.0167109  -0.00134287   0.00399321
 -0.00134287  0.000483852  -0.00280865
  0.00399321  -0.00280865    0.0204658
   0.0169452  -0.00165452   0.00504992
 -0.00165452  0.000416861  -0.00235289
  0.00504992  -0.00235289    0.0207622
   0.0164652  -0.00140574   0.00272103
 -0.00140574  0.000487587  -0.00268284
  0.00272103  -0.00268284    0.0198605
   0.0168591    -0.001726   0.00452338
   -0.001726  0.000438483  -0.00236942
  0.00452338  -0.00236942    0.0204881
   0.0163451  -0.00177993   0.00367808
 -0.00177993  0.000461501   -0.0023504
  0.00367808   -0.0023504    0.0199671
    0.017062  -0.00145996   0.00460929
 -0.00145996  0.000516411  -0.00292115
  0.00460929  -0.00292115    0.0207871
   0.0171818  -0.00169454   0.00557545
 -0.00169454   0.00042103  -0.00238428
  0.00557545  -0.00238428    0.0210573
   0.0170804  -0.00114799   0.00361082
 -0.00114799  0.000649842   -0.0034439
  0.00361082   -0.0034439    0.0205913
    0.017142 -0.000752025   0.00257402
-0.000752025  0.000814139  -0.00394819
  0.00257402  -0.00394819     0.020501
   0.0167327 -0.000556695   0.00176692
-0.000556695  0.000719503  -0.00368899
  0.00176692  -0.00368899    0.0201506
   0.0168381 -6.70873e-05  0.000624916
-6.70873e-05  0.000868818  -0.00407815
 0.000624916  -0.00407815    0.0201628
   0.0172564 -0.000261237   0.00155233
-0.000261237   0.00100401  -0.00441465
  0.00155233  -0.00441465    0.0205105
   0.0167331  5.68944e-05 -0.000159523
 5.68944e-05  0.000758275  -0.00379065
-0.000159523  -0.00379065    0.0199215
    0.015879  -0.00199609   0.00428238
 -0.00199609   0.00043247  -0.00199017
  0.00428238  -0.00199017    0.0201833
   0.0170536  -0.00204063   0.00555984
 -0.00204063  0.000415159  -0.00199072
  0.00555984  -0.00199072    0.0208171
    0.016998  -0.00221242   0.00646761
 -0.00221242   0.00039664  -0.00157366
  0.00646761  -0.00157366    0.0210647
   0.0154955  -0.00208662   0.00458651
 -0.00208662  0.000406513  -0.00161931
  0.00458651  -0.00161931    0.0209909
   0.0176139   -0.0021383   0.00720833
  -0.0021383  0.000362607   -0.0014296
  0.00720833   -0.0014296    0.0215478
   0.0168407  -0.00224381    0.0071809
 -0.00224381  0.000377591  -0.00115511
   0.0071809  -0.00115511    0.0213692
   0.0178905  -0.00222308   0.00821014
 -0.00222308  0.000359755 -0.000978491
  0.00821014 -0.000978491    0.0219976
   0.0155225   -0.0021339    0.0051579
  -0.0021339  0.000383483  -0.00126128
   0.0051579  -0.00126128    0.0218448
   0.0180778  -0.00208694   0.00859273
 -0.00208694  0.000333591 -0.000724347
  0.00859273 -0.000724347     0.022202
   0.0177028  -0.00203462   0.00757841
 -0.00203462  0.000333002  -0.00126643
  0.00757841  -0.00126643    0.0217626
   0.0173956  -0.00189497   0.00655083
 -0.00189497  0.000359036  -0.00183319
  0.00655083  -0.00183319    0.0213827
   0.0172557  -0.00193354   0.00611198
 -0.00193354  0.000375628  -0.00189447
  0.00611198  -0.00189447    0.0211236
   0.0143176  -0.00196476   0.00322823
 -0.00196476  0.000382132  -0.00133778
  0.00322823  -0.00133778     0.022055
   0.0145914  -0.00196796   0.00283015
 -0.00196796   0.00040825   -0.0016577
  0.00283015   -0.0016577    0.0217272
   0.0129827  -0.00167274  0.000847359
 -0.00167274  0.000382095  -0.00155024
 0.000847359  -0.00155024    0.0214528
   0.0146385  -0.00184411   0.00221049
 -0.00184411  0.000432896  -0.00198247
  0.00221049  -0.00198247    0.0210137
   0.0135197  -0.00168665  0.000489301
 -0.00168665  0.000419634  -0.00190825
 0.000489301  -0.00190825    0.0215411
    0.014147  -0.00158077  0.000305254
 -0.00158077  0.000454835  -0.00221932
 0.000305254  -0.00221932    0.0209245
    0.015081   -0.0016724   0.00190553
  -0.0016724  0.000457179   -0.0022688
  0.00190553   -0.0022688    0.0201182
   0.0127345   -0.0013219  -0.00144323
  -0.0013219  0.000395865  -0.00196349
 -0.00144323  -0.00196349    0.0212274
   0.0156408  -0.00141012   0.00160903
 -0.00141012  0.000481652   -0.0025414
  0.00160903   -0.0025414    0.0193016
   0.0162421 -0.000977951  0.000749483
-0.000977951  0.000509622  -0.00283617
 0.000749483  -0.00283617    0.0193375
   0.0154319 -0.000960547 -0.000637331
-0.000960547  0.000478184  -0.00264775
-0.000637331  -0.00264775    0.0195174
   0.0166291 -0.000446571 -0.000403116
-0.000446571  0.000540967  -0.00308207
-0.000403116  -0.00308207    0.0193924
   0.0163673 -0.000491405  -0.00144859
-0.000491405  0.000490295  -0.00284974
 -0.00144859  -0.00284974    0.0193793
   0.0171277  2.85486e-05  -0.00249346
 2.85486e-05  0.000508772  -0.00298148
 -0.00249346  -0.00298148    0.0193666
   0.0168402  0.000122332   -0.0017089
 0.000122332   0.00058175  -0.00326455
  -0.0017089  -0.00326455    0.0194938
   0.0153852 -0.000493491  -0.00272344
-0.000493491  0.000426114   -0.0025483
 -0.00272344   -0.0025483    0.0194429
   0.0167774 -3.14651e-05  -0.00357567
-3.14651e-05  0.000426021  -0.00265041
 -0.00357567  -0.00265041    0.0194457
   0.0157111  -0.00013946  -0.00436404
 -0.00013946  0.000348034   -0.0022679
 -0.00436404   -0.0022679    0.0192132
   0.0145968 -0.000502318  -0.00366227
-0.000502318  0.000368712  -0.00228936
 -0.00366227  -0.00228936    0.0199076
   0.0146376 -0.000885535  -0.00200387
-0.000885535  0.000434507  -0.00246818
 -0.00200387  -0.00246818    0.0201479
   0.0134472 -0.000877095   -0.0030322
-0.000877095  0.000394439  -0.00224503
  -0.0030322  -0.00224503    0.0212456
   0.0136928  -0.00122209  -0.00164718
 -0.00122209  0.000431521   -0.0022743
 -0.00164718   -0.0022743    0.0209154
   0.0147437  -0.00131685 -0.000188561
 -0.00131685  0.000464149  -0.00244352
-0.000188561  -0.00244352    0.0202926
   0.0137146 -0.000464912  -0.00440462
-0.000464912  0.000328086  -0.00212097
 -0.00440462  -0.00212097    0.0203597
   0.0146375 -0.000193486  -0.00489571
-0.000193486  0.000279557  -0.00187752
 -0.00489571  -0.00187752    0.0185523
  0.00685994  -0.00507402  -0.00300783
 -0.00507402   0.00440871   0.00439045
 -0.00300783   0.00439045    0.0222936
  0.00685261  -0.00530205  -0.00263761
 -0.00530205    0.0046008    0.0039011
 -0.00263761    0.0039011    0.0224948
  0.00665464  -0.00465882  -0.00215373
 -0.00465882   0.00361633    0.0026103
 -0.00215373    0.0026103     0.022728
  0.00680643  -0.00487711  -0.00171817
 -0.00487711   0.00380804   0.00248203
 -0.00171817   0.00248203    0.0230348
   0.0069876  -0.00548116  -0.00215068
 -0.00548116    0.0047364   0.00366967
 -0.00215068   0.00366967    0.0227024
  0.00659992  -0.00430685  -0.00124762
 -0.00430685   0.00300998   0.00146419
 -0.00124762   0.00146419     0.023369
  0.00711196  -0.00500411  -0.00115651
 -0.00500411   0.00388679    0.0026893
 -0.00115651    0.0026893    0.0233664
  0.00691839  -0.00445565 -0.000735691
 -0.00445565   0.00310938   0.00173091
-0.000735691   0.00173091    0.0237941
  0.00738288  -0.00453222 -0.000117171
 -0.00453222   0.00316502   0.00223909
-0.000117171   0.00223909    0.0242241
  0.00728011  -0.00557576  -0.00153979
 -0.00557576   0.00478392    0.0037709
 -0.00153979    0.0037709    0.0229356
  0.00756108  -0.00505825 -0.000483094
 -0.00505825   0.00394349   0.00314663
-0.000483094   0.00314663    0.0236993
  0.00770833  -0.00561003 -0.000827041
 -0.00561003   0.00485021   0.00414033
-0.000827041   0.00414033    0.0231756
  0.00672848  -0.00400011 -0.000351848
 -0.00400011   0.00252036   0.00105752
-0.000351848   0.00105752    0.0242146
  0.00719344  -0.00408173  0.000218234
 -0.00408173   0.00256627   0.00155656
 0.000218234   0.00155656    0.0247296
  0.00702879  -0.00375877  0.000500876
 -0.00375877   0.00218703   0.00107932
 0.000500876   0.00107932    0.0252058
  0.00698009  -0.00388486 -0.000214244
 -0.00388486   0.00226139   0.00072475
-0.000214244   0.00072475    0.0247759
  0.00665104  -0.00397099 -0.000941951
 -0.00397099   0.00246623  0.000836533
-0.000941951  0.000836533    0.0238189
  0.00715038  -0.00395883 -0.000816901
 -0.00395883   0.00226287  0.000538566
-0.000816901  0.000538566    0.0243346
  0.00667733  -0.00380934  -0.00134284
 -0.00380934   0.00227448  0.000882116
 -0.00134284  0.000882116    0.0233831
  0.00652005  -0.00410941  -0.00169439
 -0.00410941   0.00280994    0.0015513
 -0.00169439    0.0015513    0.0230198
   0.0065266  -0.00382285  -0.00195071
 -0.00382285   0.00252007   0.00185437
 -0.00195071   0.00185437    0.0226197
  0.00724864  -0.00380025  -0.00122345
 -0.00380025   0.00206762   0.00063736
 -0.00122345   0.00063736    0.0224223
   0.0066806  -0.00351129  -0.00156079
 -0.00351129   0.00197394   0.00115693
 -0.00156079   0.00115693    0.0223624
  0.00717086  -0.00349722  -0.00141763
 -0.00349722   0.00179623  0.000886988
 -0.00141763  0.000886988    0.0215772
  0.00665539  -0.00439069  -0.00246186
 -0.00439069   0.00335516   0.00299102
 -0.00246186   0.00299102    0.0224234
  0.00822758  -0.00556656 -7.21479e-05
 -0.00556656   0.00494456   0.00472834
-7.21479e-05   0.00472834    0.0233746
  0.00811208  -0.00503678  0.000232926
 -0.00503678   0.00400367   0.00379309
 0.000232926   0.00379309    0.0239975
  0.00867585  -0.00494225  0.000900216
 -0.00494225   0.00411662    0.0045324
 0.000900216    0.0045324    0.0242246
  0.00874732  -0.00543962  0.000628759
 -0.00543962   0.00511143   0.00545122
 0.000628759   0.00545122    0.0234919
  0.00854323  -0.00446847   0.00116896
 -0.00446847   0.00325501   0.00361642
  0.00116896   0.00361642    0.0249619
  0.00912118  -0.00476064   0.00140393
 -0.00476064   0.00426495   0.00531876
  0.00140393   0.00531876    0.0243832
  0.00903464  -0.00433803   0.00162991
 -0.00433803   0.00334237   0.00432826
  0.00162991   0.00432826    0.0252378
  0.00930512  -0.00417536   0.00185443
 -0.00417536   0.00344951   0.00490752
  0.00185443   0.00490752    0.0254534
  0.00913649  -0.00520539   0.00116681
 -0.00520539   0.00532514   0.00626085
  0.00116681   0.00626085     0.023538
  0.00933361  -0.00452992   0.00167589
 -0.00452992   0.00442983   0.00600441
  0.00167589   0.00600441    0.0244873
  0.00929333  -0.00491783   0.00147304
 -0.00491783   0.00556059   0.00701904
  0.00147304   0.00701904    0.0235319
  0.00889033  -0.00398419   0.00180627
 -0.00398419   0.00263717   0.00341219
  0.00180627   0.00341219    0.0260714
  0.00920415   -0.0038812   0.00198725
  -0.0038812   0.00269837   0.00383366
  0.00198725   0.00383366    0.0263898
  0.00905415  -0.00367568   0.00207542
 -0.00367568   0.00219087    0.0028193
  0.00207542    0.0028193    0.0272675
  0.00871237  -0.00373193   0.00193797
 -0.00373193   0.00216083   0.00257435
  0.00193797   0.00257435    0.0268572
  0.00837222  -0.00407168   0.00139331
 -0.00407168   0.00259851   0.00282246
  0.00139331   0.00282246    0.0256813
  0.00818865  -0.00378091   0.00157258
 -0.00378091   0.00215942   0.00213929
  0.00157258   0.00213929    0.0263606
   0.0077718  -0.00410395  0.000827488
 -0.00410395    0.0025779   0.00218593
 0.000827488   0.00218593    0.0252267
   0.0079514  -0.00453183  0.000548724
 -0.00453183   0.00319509   0.00290283
 0.000548724   0.00290283    0.0246208
  0.00759154  -0.00378471   0.00106259
 -0.00378471    0.0021695   0.00162314
  0.00106259   0.00162314    0.0257962
   0.0133388  -0.00619543  -0.00101435
 -0.00619543   0.00301264   0.00171781
 -0.00101435   0.00171781    0.0212509
   0.0120016  -0.00566693  -0.00043655
 -0.00566693   0.00281495   0.00168436
 -0.00043655   0.00168436    0.0221923
   0.0101567  -0.00449846  0.000640608
 -0.00449846   0.00215132   0.00140547
 0.000640608   0.00140547    0.0245365
  0.00943217  -0.00437796  0.000648766
 -0.00437796   0.00217996   0.00136173
 0.000648766   0.00136173    0.0245446
   0.0119212  -0.00586814 -0.000766394
 -0.00586814   0.00302829    0.0018198
-0.000766394    0.0018198    0.0216002
  0.00828033  -0.00372654   0.00121955
 -0.00372654   0.00185855   0.00132389
  0.00121955   0.00132389     0.025547
  0.00936462   -0.0045659     0.000229
  -0.0045659   0.00235955   0.00131774
    0.000229   0.00131774    0.0241669
  0.00782933  -0.00373113  0.000883986
 -0.00373113   0.00192338   0.00111008
 0.000883986   0.00111008    0.0253829
  0.00822958  -0.00414646  0.000212771
 -0.00414646   0.00220192  0.000939957
 0.000212771  0.000939957    0.0253846
   0.0111653  -0.00572557  -0.00107052
 -0.00572557     0.003073   0.00189189
 -0.00107052   0.00189189    0.0205301
  0.00945802  -0.00484927 -0.000634057
 -0.00484927   0.00260308   0.00137865
-0.000634057   0.00137865    0.0220516
   0.0110197  -0.00586509  -0.00159683
 -0.00586509   0.00325411   0.00199903
 -0.00159683   0.00199903    0.0193842
  0.00739318  -0.00355224   0.00117471
 -0.00355224   0.00190385   0.00122613
  0.00117471   0.00122613    0.0257863
  0.00737116  -0.00377919  0.000510595
 -0.00377919   0.00206982  0.000889437
 0.000510595  0.000889437    0.0255133
  0.00805113  -0.00361416   0.00152663
 -0.00361416   0.00189527   0.00162932
  0.00152663   0.00162932    0.0262496
  0.00866965  -0.00363887   0.00177598
 -0.00363887   0.00188675   0.00192566
  0.00177598   0.00192566    0.0268925
  0.00915252  -0.00389957   0.00128905
 -0.00389957   0.00188378   0.00150145
  0.00128905   0.00150145    0.0257478
  0.00993761  -0.00407433   0.00124046
 -0.00407433   0.00193146   0.00151361
  0.00124046   0.00151361    0.0263695
  0.00912476  -0.00366079   0.00181092
 -0.00366079   0.00190761   0.00204221
  0.00181092   0.00204221    0.0274334
   0.0112899  -0.00488376  0.000242792
 -0.00488376   0.00227865   0.00141918
 0.000242792   0.00141918    0.0240935
   0.0109048   -0.0058707  -0.00180868
  -0.0058707   0.00328761   0.00197599
 -0.00180868   0.00197599     0.018837
  0.00976803  -0.00507325  -0.00131841
 -0.00507325   0.00273649   0.00139797
 -0.00131841   0.00139797    0.0202697
   0.0104198  -0.00532217  -0.00193667
 -0.00532217   0.00283363   0.00160945
 -0.00193667   0.00160945    0.0198801
   0.0112187  -0.00596036   -0.0021481
 -0.00596036   0.00330113   0.00209539
  -0.0021481   0.00209539    0.0188154
  0.00927958  -0.00466602  -0.00144278
 -0.00466602   0.00244426   0.00109843
 -0.00144278   0.00109843    0.0211304
   0.0105073  -0.00500022  -0.00198127
 -0.00500022   0.00255305   0.00171328
 -0.00198127   0.00171328     0.019608
  0.00976895  -0.00461668  -0.00172908
 -0.00461668   0.00229243   0.00110983
 -0.00172908   0.00110983    0.0208809
  0.00953239   -0.0041882  -0.00183589
  -0.0041882   0.00196682   0.00117398
 -0.00183589   0.00117398    0.0211202
   0.0109604  -0.00545861  -0.00226964
 -0.00545861   0.00292664   0.00221812
 -0.00226964   0.00221812    0.0177645
   0.0102158  -0.00440948  -0.00197266
 -0.00440948   0.00211061   0.00174706
 -0.00197266   0.00174706    0.0190239
   0.0109154  -0.00497895  -0.00222381
 -0.00497895   0.00259187    0.0024619
 -0.00222381    0.0024619    0.0178561
  0.00831316  -0.00406866  -0.00147815
 -0.00406866   0.00207859  0.000827286
 -0.00147815  0.000827286    0.0213301
  0.00798478  -0.00361243  -0.00152677
 -0.00361243   0.00173661  0.000954475
 -0.00152677  0.000954475    0.0211551
  0.00802404  -0.00417176  -0.00103563
 -0.00417176   0.00223914   0.00067381
 -0.00103563   0.00067381    0.0226349
  0.00765694  -0.00404063  -0.00023544
 -0.00404063   0.00221573  0.000656168
 -0.00023544  0.000656168    0.0253335
  0.00863522  -0.00443501 -0.000800335
 -0.00443501   0.00236259  0.000956263
-0.000800335  0.000956263    0.0226822
  0.00918578  -0.00463364   0.00154132
 -0.00463364   0.00574882   0.00762131
  0.00154132   0.00762131     0.023489
  0.00928057  -0.00431047   0.00170073
 -0.00431047   0.00455567   0.00649586
  0.00170073   0.00649586    0.0245471
  0.00900507  -0.00413799   0.00152596
 -0.00413799   0.00461329   0.00675291
  0.00152596   0.00675291     0.024569
  0.00887598  -0.00440372   0.00141578
 -0.00440372   0.00587712   0.00801592
  0.00141578   0.00801592    0.0234225
  0.00906949  -0.00390982   0.00159324
 -0.00390982   0.00354465   0.00537289
  0.00159324   0.00537289    0.0257104
  0.00859843  -0.00400207   0.00121527
 -0.00400207   0.00459503   0.00683507
  0.00121527   0.00683507    0.0245818
  0.00869288   -0.0038201   0.00122368
  -0.0038201   0.00348745   0.00530221
  0.00122368   0.00530221    0.0257871
  0.00825706  -0.00371492  0.000781919
 -0.00371492   0.00337821   0.00514313
 0.000781919   0.00514313    0.0258588
   0.0084491  -0.00421261   0.00115794
 -0.00421261   0.00591885   0.00823495
  0.00115794   0.00823495    0.0233624
  0.00813927  -0.00385954  0.000829771
 -0.00385954   0.00450696   0.00681063
 0.000829771   0.00681063    0.0245961
   0.0079919  -0.00402719   0.00082073
 -0.00402719   0.00588046   0.00834346
  0.00082073   0.00834346    0.0233097
  0.00872808  -0.00368704   0.00118289
 -0.00368704    0.0026827   0.00377107
  0.00118289   0.00377107    0.0269229
  0.00832148  -0.00360971  0.000688421
 -0.00360971    0.0025784   0.00346789
 0.000688421   0.00346789    0.0270317
  0.00833208  -0.00355188  0.000581297
 -0.00355188   0.00211765   0.00187997
 0.000581297   0.00187997    0.0280915
  0.00870635  -0.00360667   0.00112331
 -0.00360667   0.00218679   0.00229253
  0.00112331   0.00229253    0.0279611
  0.00906889   -0.0037367   0.00161234
  -0.0037367   0.00274877   0.00398726
  0.00161234   0.00398726    0.0267977
  0.00900827  -0.00362198   0.00160768
 -0.00362198   0.00222938   0.00263775
  0.00160768   0.00263775    0.0277976
  0.00925842  -0.00379367   0.00190767
 -0.00379367   0.00274938   0.00402953
  0.00190767   0.00402953    0.0266288
  0.00930223  -0.00402221    0.0018281
 -0.00402221   0.00352786   0.00526352
   0.0018281   0.00526352    0.0256079
  0.00914759  -0.00363524   0.00195499
 -0.00363524   0.00222258   0.00283445
  0.00195499   0.00283445    0.0275766
  0.00754034  -0.00382885  0.000426424
 -0.00382885   0.00576489   0.00841998
 0.000426424   0.00841998     0.023248
  0.00768527  -0.00368031  0.000386306
 -0.00368031   0.00435282   0.00677135
 0.000386306   0.00677135    0.0245949
   0.0072533   -0.0034634 -0.000102039
  -0.0034634    0.0041618   0.00677596
-0.000102039   0.00677596    0.0245712
  0.00711538  -0.00361082 -7.89178e-06
 -0.00361082   0.00561202   0.00851273
-7.89178e-06   0.00851273    0.0231656
  0.00737899  -0.00332945 -0.000245956
 -0.00332945   0.00301543   0.00488549
-0.000245956   0.00488549     0.025921
  0.00685317  -0.00323656 -0.000622596
 -0.00323656   0.00396666   0.00681227
-0.000622596   0.00681227    0.0245385
  0.00697709  -0.00307742 -0.000814506
 -0.00307742   0.00279702   0.00485042
-0.000814506   0.00485042    0.0259185
  0.00665024  -0.00283201  -0.00133552
 -0.00283201   0.00258207   0.00487726
 -0.00133552   0.00487726    0.0257296
  0.00672586  -0.00339207 -0.000467927
 -0.00339207   0.00545095   0.00860671
-0.000467927   0.00860671    0.0230748
  0.00650308  -0.00300709  -0.00114072
 -0.00300709   0.00377636   0.00688506
 -0.00114072   0.00688506    0.0242827
  0.00638403  -0.00317434 -0.000925661
 -0.00317434   0.00529834   0.00871196
-0.000925661   0.00871196    0.0229899
  0.00708884  -0.00295351  -0.00103679
 -0.00295351   0.00201954    0.0028821
 -0.00103679    0.0028821    0.0271422
  0.00690692  -0.00270005  -0.00156877
 -0.00270005   0.00178892   0.00288948
 -0.00156877   0.00288948    0.0267176
  0.00703282  -0.00259735  -0.00174219
 -0.00259735    0.0013934   0.00104383
 -0.00174219   0.00104383    0.0279503
  0.00716984  -0.00288149  -0.00124169
 -0.00288149   0.00163205   0.00106383
 -0.00124169   0.00106383    0.0281615
  0.00748315  -0.00323379  -0.00043392
 -0.00323379   0.00224065   0.00298605
 -0.00043392   0.00298605    0.0271442
  0.00754441  -0.00318229 -0.000612637
 -0.00318229   0.00184671   0.00121861
-0.000612637   0.00121861    0.0281981
  0.00789835  -0.00346312  0.000145204
 -0.00346312   0.00243089   0.00318172
 0.000145204   0.00318172     0.027111
  0.00780722  -0.00355384  0.000289941
 -0.00355384   0.00321526   0.00498001
 0.000289941   0.00498001    0.0259068
  0.00793345  -0.00341641  1.27335e-06
 -0.00341641   0.00200446   0.00149495
 1.27335e-06   0.00149495    0.0281763
      0.0131  -0.00541059  -0.00498789
 -0.00541059   0.00252427 -4.63628e-05
 -0.00498789 -4.63628e-05    0.0212292
   0.0135617   -0.0057776  -0.00452181
  -0.0057776   0.00271216 -8.28263e-05
 -0.00452181 -8.28263e-05    0.0213634
   0.0106354  -0.00438033  -0.00332294
 -0.00438033    0.0020958 -0.000808305
 -0.00332294 -0.000808305     0.024976
   0.0110445  -0.00467159  -0.00277985
 -0.00467159   0.00220855 -0.000660308
 -0.00277985 -0.000660308    0.0250444
   0.0139731  -0.00606132  -0.00403634
 -0.00606132   0.00283441 -1.83345e-05
 -0.00403634 -1.83345e-05    0.0214053
  0.00898738   -0.0037611  -0.00164785
  -0.0037611   0.00185328 -0.000783814
 -0.00164785 -0.000783814    0.0276003
   0.0114036  -0.00487306  -0.00223781
 -0.00487306   0.00226593 -0.000423579
 -0.00223781 -0.000423579    0.0250256
  0.00935745   -0.0039679   -0.0010596
  -0.0039679   0.00191718 -0.000469668
  -0.0010596 -0.000469668    0.0275847
  0.00970706  -0.00409269 -0.000470633
 -0.00409269   0.00196175  -6.2589e-05
-0.000470633  -6.2589e-05       0.0275
   0.0142805  -0.00627599  -0.00354403
 -0.00627599   0.00291829  0.000149216
 -0.00354403  0.000149216    0.0213515
   0.0116987  -0.00501462  -0.00168318
 -0.00501462   0.00231026 -6.38777e-05
 -0.00168318 -6.38777e-05    0.0249194
   0.0145185  -0.00642575  -0.00303502
 -0.00642575   0.00297697  0.000426949
 -0.00303502  0.000426949    0.0212357
  0.00821384  -0.00349586 -0.000393221
 -0.00349586   0.00182494  0.000230046
-0.000393221  0.000230046    0.0284915
  0.00858423  -0.00362388  0.000202166
 -0.00362388   0.00189932  0.000658481
 0.000202166  0.000658481    0.0284014
  0.00783976   -0.0032735  -0.00100695
  -0.0032735    0.0017175 -9.08349e-05
 -0.00100695 -9.08349e-05    0.0285041
  0.00748144  -0.00295917  -0.00163644
 -0.00295917   0.00153268 -0.000281202
 -0.00163644 -0.000281202    0.0284307
  0.00860692  -0.00345555  -0.00224778
 -0.00345555   0.00170983 -0.000972001
 -0.00224778 -0.000972001    0.0275131
  0.00843558   -0.0030952  -0.00277154
  -0.0030952   0.00146266 -0.000994243
 -0.00277154 -0.000994243    0.0273819
  0.00747825  -0.00266914  -0.00215949
 -0.00266914   0.00129383 -0.000294326
 -0.00215949 -0.000294326    0.0281256
   0.0103811   -0.0040271  -0.00383113
  -0.0040271   0.00188464 -0.000809008
 -0.00383113 -0.000809008    0.0248166
   0.0146699  -0.00651513  -0.00251946
 -0.00651513   0.00301439  0.000800728
 -0.00251946  0.000800728    0.0210621
   0.0119328  -0.00507274  -0.00113659
 -0.00507274    0.0023242  0.000378221
 -0.00113659  0.000378221    0.0247574
   0.0120503  -0.00508986 -0.000636204
 -0.00508986   0.00232104   0.00086018
-0.000636204   0.00086018     0.024522
   0.0147051  -0.00658025  -0.00199345
 -0.00658025   0.00306198   0.00117411
 -0.00199345   0.00117411    0.0209454
   0.0101983  -0.00413454  0.000621282
 -0.00413454    0.0019637   0.00091318
 0.000621282   0.00091318    0.0271401
   0.0119198  -0.00505488 -0.000141214
 -0.00505488   0.00231695   0.00120402
-0.000141214   0.00120402    0.0242716
   0.0102238  -0.00410988   0.00100078
 -0.00410988   0.00193866   0.00132037
  0.00100078   0.00132037    0.0268375
   0.0141623  -0.00641307  -0.00146141
 -0.00641307   0.00302528   0.00150344
 -0.00146141   0.00150344    0.0210445
  0.00926211  -0.00364336   0.00165774
 -0.00364336   0.00192078    0.0019067
  0.00165774    0.0019067    0.0278086
  0.00917053  -0.00366036   0.00128803
 -0.00366036    0.0019433    0.0015771
  0.00128803    0.0015771    0.0280708
  0.00892107   -0.0036621  0.000772559
  -0.0036621   0.00193463   0.00112869
 0.000772559   0.00112869    0.0282608
  0.00999957  -0.00414417  0.000106028
 -0.00414417   0.00198025  0.000419115
 0.000106028  0.000419115    0.0273502
  0.00541526  -0.00840162  -0.00149069
 -0.00840162     0.025212    0.0146415
 -0.00149069    0.0146415    0.0156522
  0.00574133  -0.00837967 -0.000969313
 -0.00837967    0.0240279    0.0138933
-0.000969313    0.0138933    0.0160086
  0.00594373   -0.0082781  -0.00152815
  -0.0082781    0.0201781    0.0129751
 -0.00152815    0.0129751    0.0172794
  0.00629616  -0.00826324 -0.000958775
 -0.00826324    0.0193079    0.0122568
-0.000958775    0.0122568    0.0174505
  0.00612479  -0.00833861 -0.000442366
 -0.00833861    0.0229151    0.0132534
-0.000442366    0.0132534    0.0162929
  0.00649393  -0.00812387  -0.00149392
 -0.00812387    0.0160051     0.011167
 -0.00149392     0.011167    0.0185752
  0.00669248  -0.00821109 -0.000404516
 -0.00821109    0.0185566    0.0117572
