           0            0            0
           0            0            0
           0            0            0
   0.0225827 -0.000803333   0.00355974
-0.000803333   6.8478e-05 -0.000282864
  0.00355974 -0.000282864    0.0149813
   0.0198302 -0.000695942   0.00624708
-0.000695942   6.2018e-05 -0.000166646
  0.00624708 -0.000166646    0.0184498
   0.0169823 -0.000981136   0.00870054
-0.000981136  0.000114697 -0.000195251
  0.00870054 -0.000195251    0.0203481
   0.0162603   -0.0013556   0.00982668
  -0.0013556  0.000188641 -0.000236486
  0.00982668 -0.000236486    0.0204605
   0.0163656  -0.00171926   0.00941371
 -0.00171926  0.000262927 -0.000319213
  0.00941371 -0.000319213    0.0207961
   0.0144333  -0.00160243    0.0080296
 -0.00160243  0.000237722 -0.000446277
   0.0080296 -0.000446277    0.0186781
   0.0150303  -0.00191826   0.00735469
 -0.00191826  0.000304426  -0.00058343
  0.00735469  -0.00058343    0.0198909
   0.0165191  -0.00200136   0.00862552
 -0.00200136  0.000323503 -0.000468836
  0.00862552 -0.000468836    0.0211689
   0.0148468  -0.00205682    0.0058532
 -0.00205682  0.000353771 -0.000821151
   0.0058532 -0.000821151    0.0208132
   0.0164648  -0.00218243   0.00721198
 -0.00218243  0.000372854  -0.00072759
  0.00721198  -0.00072759    0.0221166
   0.0147833  -0.00205508    0.0040425
 -0.00205508  0.000391213  -0.00114413
   0.0040425  -0.00114413    0.0219605
   0.0166459  -0.00232911   0.00658225
 -0.00232911   0.00040657 -0.000963429
  0.00658225 -0.000963429    0.0223414
   0.0332881  0.000649962    0.0109294
 0.000649962  0.000490625   0.00219079
   0.0109294   0.00219079     0.018507
   0.0286983 -2.20786e-05    0.0132287
-2.20786e-05  0.000675532   0.00280848
   0.0132287   0.00280848    0.0220791
   0.0286365  0.000527101    0.0130459
 0.000527101  0.000518518   0.00268627
   0.0130459   0.00268627    0.0219876
   0.0258463  0.000114305    0.0149772
 0.000114305  0.000689121   0.00312323
   0.0149772   0.00312323    0.0247707
   0.0255529 -0.000420219    0.0149389
-0.000420219  0.000857829   0.00316718
   0.0149389   0.00316718    0.0247407
   0.0250337  0.000308594    0.0143512
 0.000308594  0.000528715   0.00280371
   0.0143512   0.00280371    0.0244445
   0.0238364 -0.000316606    0.0155153
-0.000316606   0.00081466   0.00319569
   0.0155153   0.00319569    0.0259515
   0.0232721 -9.52029e-05    0.0150144
-9.52029e-05  0.000649887   0.00295525
   0.0150144   0.00295525    0.0256673
   0.0227507 -0.000552161     0.014971
-0.000552161  0.000709885    0.0027948
    0.014971    0.0027948    0.0258785
    0.023365 -0.000788061    0.0153315
-0.000788061  0.000980151   0.00318479
   0.0153315   0.00318479    0.0258547
   0.0232223  -0.00080137    0.0154127
 -0.00080137  0.000864889   0.00295973
   0.0154127   0.00295973    0.0261578
   0.0226827  -0.00122838     0.015155
 -0.00122838   0.00101661   0.00291731
    0.015155   0.00291731    0.0260591
   0.0224149 -0.000172835     0.014346
-0.000172835  0.000495935   0.00245142
    0.014346   0.00245142    0.0253412
   0.0219113 -0.000574456    0.0143013
-0.000574456  0.000565198   0.00237338
   0.0143013   0.00237338    0.0255299
   0.0213372 -0.000821444    0.0138494
-0.000821444  0.000442083   0.00175854
   0.0138494   0.00175854    0.0253799
   0.0219011 -0.000463485    0.0139583
-0.000463485  0.000366433   0.00177258
   0.0139583   0.00177258    0.0252546
    0.024132  0.000177251    0.0137011
 0.000177251  0.000382418   0.00223983
   0.0137011   0.00223983    0.0241579
    0.023755 -0.000146546    0.0134498
-0.000146546  0.000264267   0.00154124
   0.0134498   0.00154124    0.0241738
   0.0267606  0.000470159    0.0118139
 0.000470159  0.000256647   0.00173456
   0.0118139   0.00173456    0.0214561
   0.0276228  0.000664676    0.0123574
 0.000664676  0.000377743   0.00230796
   0.0123574   0.00230796     0.021654
   0.0315204    0.0010832   0.00982948
   0.0010832  0.000255263   0.00160275
  0.00982948   0.00160275    0.0180085
   0.0265903  0.000123401    0.0115339
 0.000123401  0.000162359   0.00109272
   0.0115339   0.00109272    0.0215836
   0.0306483  0.000775022   0.00939752
 0.000775022  0.000160559    0.0010963
  0.00939752    0.0010963    0.0178755
   0.0311897  0.000349374    0.0090662
 0.000349374  9.18673e-05  0.000570682
   0.0090662  0.000570682    0.0181249
   0.0327036   0.00109866     0.010505
  0.00109866  0.000365047   0.00200021
    0.010505   0.00200021    0.0182999
   0.0221821  -0.00172188    0.0143907
 -0.00172188  0.000977363   0.00243895
   0.0143907   0.00243895    0.0256925
   0.0227496  -0.00135793    0.0146567
 -0.00135793  0.000844935     0.002478
   0.0146567     0.002478    0.0257363
   0.0223303  -0.00184118    0.0138527
 -0.00184118  0.000775246   0.00184321
   0.0138527   0.00184321    0.0253412
   0.0217344  -0.00212646    0.0135628
 -0.00212646  0.000880634   0.00181643
   0.0135628   0.00181643    0.0253307
   0.0219186  -0.00157466    0.0134481
 -0.00157466  0.000658916   0.00177891
   0.0134481   0.00177891    0.0250166
    0.021949   -0.0022339    0.0129934
  -0.0022339  0.000680162   0.00109968
   0.0129934   0.00109968    0.0249417
   0.0215533  -0.00198343    0.0126142
 -0.00198343  0.000587814   0.00107479
   0.0126142   0.00107479    0.0246084
   0.0212526  -0.00229572    0.0117777
 -0.00229572  0.000516594  0.000302324
   0.0117777  0.000302324    0.0242209
   0.0213227   -0.0024279    0.0126562
  -0.0024279  0.000754163   0.00109756
   0.0126562   0.00109756    0.0249411
   0.0216426  -0.00252358    0.0121216
 -0.00252358  0.000586116  0.000299328
   0.0121216  0.000299328    0.0245528
   0.0209608  -0.00263061    0.0117077
 -0.00263061  0.000632746   0.00033349
   0.0117077   0.00033349    0.0245317
   0.0207273   -0.0018451    0.0119375
  -0.0018451   0.00050381  0.000919538
   0.0119375  0.000919538     0.024187
   0.0203861  -0.00211963    0.0110821
 -0.00211963  0.000451078  0.000229099
   0.0110821  0.000229099    0.0237704
   0.0197028  -0.00209606    0.0104819
 -0.00209606   0.00040923  3.21312e-05
   0.0104819  3.21312e-05    0.0234317
   0.0201082  -0.00188848    0.0114014
 -0.00188848  0.000444811  0.000611195
   0.0114014  0.000611195    0.0239123
   0.0211068  -0.00147988    0.0127838
 -0.00147988   0.00055325   0.00153561
   0.0127838   0.00153561    0.0246224
    0.020514  -0.00159228    0.0122919
 -0.00159228  0.000473589   0.00111749
   0.0122919   0.00111749    0.0243997
   0.0214971  -0.00105051    0.0135744
 -0.00105051   0.00057814   0.00203238
   0.0135744   0.00203238    0.0250635
   0.0223146  -0.00109037    0.0142356
 -0.00109037  0.000704588   0.00236611
   0.0142356   0.00236611    0.0254327
   0.0209063  -0.00123102    0.0131062
 -0.00123102  0.000474257   0.00151054
   0.0131062   0.00151054    0.0248838
   0.0180432  -0.00228851   0.00891513
 -0.00228851  0.000389812 -0.000516989
  0.00891513 -0.000516989    0.0228182
   0.0179777  -0.00207634   0.00967128
 -0.00207634  0.000354569 -0.000274274
  0.00967128 -0.000274274    0.0226144
   0.0196377  -0.00203729    0.0113292
 -0.00203729  0.000386909  0.000100446
   0.0113292  0.000100446     0.023873
   0.0177028  -0.00177607    0.0104477
 -0.00177607  0.000297097 -0.000118656
   0.0104477 -0.000118656    0.0220895
   0.0197594  -0.00173078    0.0120285
 -0.00173078  0.000341519  0.000330232
   0.0120285  0.000330232    0.0241999
   0.0198162    -0.001349    0.0125821
   -0.001349  0.000273008  0.000464864
   0.0125821  0.000464864    0.0242972
   0.0178443  -0.00142134    0.0111173
 -0.00142134  0.000226017 -3.33759e-06
   0.0111173 -3.33759e-06    0.0221014
     0.02079  -0.00155755    0.0129863
 -0.00155755  0.000403677  0.000860675
   0.0129863  0.000860675    0.0249699
   0.0210877  -0.00117371    0.0136684
 -0.00117371  0.000351098   0.00103835
   0.0136684   0.00103835    0.0254581
   0.0203526  -0.00186194    0.0121158
 -0.00186194   0.00042542  0.000568052
   0.0121158  0.000568052    0.0244211
   0.0199228   -0.0020932     0.011157
  -0.0020932  0.000419562  0.000176689
    0.011157  0.000176689    0.0238493
   0.0193209  -0.00224442    0.0104976
 -0.00224442  0.000403803 -0.000221096
   0.0104976 -0.000221096     0.023557
   0.0191107  -0.00238573   0.00968511
 -0.00238573  0.000410738 -0.000614045
  0.00968511 -0.000614045    0.0229932
   0.0194626  -0.00223274    0.0101545
 -0.00223274  0.000399904 -0.000284714
   0.0101545 -0.000284714     0.023284
   0.0178949  -0.00239981   0.00825181
 -0.00239981  0.000408871 -0.000844145
  0.00825181 -0.000844145    0.0226868
   0.0184701  -0.00104065    0.0107125
 -0.00104065  0.000147684  1.55788e-05
   0.0107125  1.55788e-05    0.0220933
   0.0210942 -0.000724003   0.00901937
-0.000724003  8.10334e-05 -1.52274e-05
  0.00901937 -1.52274e-05    0.0207986
   0.0220448 -0.000650596    0.0109757
-0.000650596  0.000112498  0.000289458
   0.0109757  0.000289458    0.0223924
   0.0238162 -0.000566922   0.00601182
-0.000566922  5.09819e-05 -0.000144127
  0.00601182 -0.000144127     0.017449
   0.0246305 -0.000474922   0.00780032
-0.000474922  6.29156e-05   4.8941e-05
  0.00780032   4.8941e-05    0.0187914
    0.028241 -0.000444605   0.00520823
-0.000444605  5.08622e-05 -0.000162365
  0.00520823 -0.000162365    0.0154477
   0.0262186  -0.00068936   0.00364494
 -0.00068936  5.99374e-05 -0.000273011
  0.00364494 -0.000273011    0.0147166
   0.0259486 -0.000196886    0.0102891
-0.000196886   9.5137e-05  0.000510719
   0.0102891  0.000510719    0.0209114
   0.0294895 -8.56755e-05   0.00743407
-8.56755e-05   5.4129e-05  0.000149739
  0.00743407  0.000149739    0.0171391
   0.0231981 -0.000471087    0.0127315
-0.000471087  0.000173375  0.000849799
   0.0127315  0.000849799    0.0238072
   0.0214134 -0.000805825    0.0136107
-0.000805825  0.000267589   0.00103581
   0.0136107   0.00103581    0.0251975
   0.0201332 -0.000975896    0.0122472
-0.000975896  0.000188736  0.000448552
   0.0122472  0.000448552     0.023817
   0.0205898  -0.00274461    0.0106943
 -0.00274461   0.00054075 -0.000449766
   0.0106943 -0.000449766    0.0241139
   0.0214146  -0.00272544    0.0112192
 -0.00272544  0.000518428 -0.000532346
   0.0112192 -0.000532346    0.0241775
   0.0212381  -0.00282175    0.0102771
 -0.00282175  0.000505605  -0.00137519
   0.0102771  -0.00137519    0.0238235
   0.0201843   -0.0027568   0.00962364
  -0.0027568  0.000509607  -0.00124112
  0.00962364  -0.00124112    0.0237012
   0.0209785   -0.0026472    0.0100723
  -0.0026472  0.000464345  -0.00136865
   0.0100723  -0.00136865    0.0235551
   0.0209908  -0.00282317   0.00929849
 -0.00282317  0.000557698  -0.00220213
  0.00929849  -0.00220213    0.0234733
   0.0209375  -0.00268899    0.0091996
 -0.00268899  0.000524347  -0.00220461
   0.0091996  -0.00220461    0.0232623
   0.0208416  -0.00264292   0.00834254
 -0.00264292   0.00064255  -0.00298554
  0.00834254  -0.00298554    0.0229744
   0.0196907  -0.00267497   0.00852538
 -0.00267497  0.000539242  -0.00201711
  0.00852538  -0.00201711    0.0232805
   0.0206303  -0.00272597   0.00832445
 -0.00272597  0.000666694  -0.00297598
  0.00832445  -0.00297598    0.0231073
   0.0190834  -0.00251116   0.00744018
 -0.00251116  0.000630887  -0.00275765
  0.00744018  -0.00275765     0.022827
   0.0199135  -0.00240809   0.00845375
 -0.00240809  0.000469192  -0.00211097
  0.00845375  -0.00211097    0.0227654
   0.0199409  -0.00235359   0.00763396
 -0.00235359  0.000579995  -0.00285545
  0.00763396  -0.00285545    0.0225022
   0.0187581  -0.00204035   0.00670941
 -0.00204035  0.000514701  -0.00269502
  0.00670941  -0.00269502    0.0219528
   0.0188112  -0.00215814   0.00760307
 -0.00215814  0.000421401  -0.00202157
  0.00760307  -0.00202157    0.0222515
   0.0199418  -0.00239086   0.00932491
 -0.00239086  0.000412549  -0.00131764
  0.00932491  -0.00131764    0.0230579
   0.0190017  -0.00222389   0.00856232
 -0.00222389  0.000379476  -0.00131211
  0.00856232  -0.00131211    0.0225903
   0.0200962   -0.0023048     0.010207
  -0.0023048  0.000411249 -0.000524056
    0.010207 -0.000524056    0.0233887
   0.0210397  -0.00251952    0.0109304
 -0.00251952  0.000464149 -0.000520834
   0.0109304 -0.000520834    0.0238703
   0.0193022  -0.00221426   0.00953196
 -0.00221426  0.000378885 -0.000614603
  0.00953196 -0.000614603     0.022984
    0.018338  -0.00227223    0.0063539
 -0.00227223  0.000783085  -0.00348935
   0.0063539  -0.00348935    0.0223369
   0.0201254  -0.00254023   0.00731735
 -0.00254023  0.000827698  -0.00371699
  0.00731735  -0.00371699    0.0227122
   0.0195227  -0.00222019   0.00625671
 -0.00222019   0.00106295  -0.00445145
  0.00625671  -0.00445145    0.0222925
   0.0175126  -0.00191424   0.00526731
 -0.00191424    0.0010297  -0.00424538
  0.00526731  -0.00424538    0.0218263
   0.0203786  -0.00223027   0.00651354
 -0.00223027    0.0010245  -0.00443293
  0.00651354  -0.00443293    0.0223861
   0.0187761  -0.00175525   0.00516534
 -0.00175525   0.00138599  -0.00519965
  0.00516534  -0.00519965    0.0218707
   0.0199793  -0.00181555   0.00549914
 -0.00181555   0.00131066  -0.00513652
  0.00549914  -0.00513652    0.0220949
   0.0193892  -0.00124189   0.00446156
 -0.00124189    0.0016766  -0.00583108
  0.00446156  -0.00583108    0.0218194
   0.0165915  -0.00140998   0.00422259
 -0.00140998   0.00138244  -0.00504137
  0.00422259  -0.00504137     0.021324
   0.0178418  -0.00112578   0.00409115
 -0.00112578   0.00181269  -0.00596113
  0.00409115  -0.00596113    0.0214693
   0.0155896  -0.00075128   0.00325033
 -0.00075128   0.00187147  -0.00588147
  0.00325033  -0.00588147    0.0208671
    0.019852   -0.0016011   0.00499307
  -0.0016011   0.00117757  -0.00487414
  0.00499307  -0.00487414    0.0218762
   0.0196665  -0.00107922   0.00403865
 -0.00107922   0.00147874  -0.00549655
  0.00403865  -0.00549655    0.0217403
   0.0189664  -0.00075577   0.00302404
 -0.00075577   0.00126406  -0.00505074
  0.00302404  -0.00505074    0.0213411
   0.0188834  -0.00124442   0.00396631
 -0.00124442   0.00102264  -0.00451142
  0.00396631  -0.00451142    0.0213853
   0.0199263  -0.00197472   0.00592769
 -0.00197472  0.000928655  -0.00422497
  0.00592769  -0.00422497    0.0220489
   0.0188143   -0.0016123   0.00490886
  -0.0016123  0.000815902  -0.00393517
  0.00490886  -0.00393517    0.0215011
   0.0199297  -0.00222597   0.00680085
 -0.00222597  0.000729922  -0.00355585
  0.00680085  -0.00355585    0.0222617
   0.0206414  -0.00250457   0.00746231
 -0.00250457  0.000802306  -0.00372112
  0.00746231  -0.00372112    0.0226843
   0.0187543  -0.00187517   0.00582799
 -0.00187517  0.000644386  -0.00333038
  0.00582799  -0.00333038    0.0216993
   0.0173365  7.87151e-05 -0.000791931
 7.87151e-05  0.000682951  -0.00360858
-0.000791931  -0.00360858    0.0200171
   0.0171561 -0.000432569  0.000503072
-0.000432569   0.00061483  -0.00339658
 0.000503072  -0.00339658    0.0199696
   0.0171684  -0.00049296   0.00123088
 -0.00049296  0.000682592  -0.00361344
  0.00123088  -0.00361344    0.0202181
   0.0171407 -0.000956155   0.00247031
-0.000956155  0.000588955  -0.00327119
  0.00247031  -0.00327119    0.0203366
   0.0171776 -0.000968534   0.00180882
-0.000968534  0.000561616  -0.00312804
  0.00180882  -0.00312804    0.0200694
   0.0173213  -0.00106331   0.00314674
 -0.00106331  0.000640558  -0.00344312
  0.00314674  -0.00344312     0.020624
   0.0172901  -0.00141763   0.00368181
 -0.00141763  0.000517613  -0.00290165
  0.00368181  -0.00290165    0.0205928
   0.0173969  -0.00143897   0.00428065
 -0.00143897  0.000531364  -0.00299303
  0.00428065  -0.00299303    0.0208771
   0.0176828  -0.00177248   0.00538588
 -0.00177248  0.000459637  -0.00252374
  0.00538588  -0.00252374    0.0212082
   0.0172268  -0.00148931   0.00300319
 -0.00148931  0.000522965  -0.00282581
  0.00300319  -0.00282581    0.0202624
   0.0176382  -0.00184351   0.00486263
 -0.00184351  0.000477886  -0.00252331
  0.00486263  -0.00252331    0.0209313
   0.0171658  -0.00190062     0.004012
 -0.00190062  0.000497496  -0.00248425
    0.004012  -0.00248425     0.020395
   0.0178039  -0.00159279   0.00493683
 -0.00159279  0.000575106  -0.00313368
  0.00493683  -0.00313368    0.0212131
   0.0179427  -0.00183297   0.00593501
 -0.00183297  0.000470726  -0.00257761
  0.00593501  -0.00257761    0.0215127
   0.0178175  -0.00128633   0.00391441
 -0.00128633  0.000715289  -0.00366085
  0.00391441  -0.00366085    0.0209878
   0.0178757 -0.000901727   0.00286177
-0.000901727  0.000882005  -0.00415593
  0.00286177  -0.00415593     0.020871
   0.0173625 -0.000650289   0.00198057
-0.000650289  0.000769477  -0.00385836
  0.00198057  -0.00385836     0.020493
   0.0174494 -0.000170583  0.000812751
-0.000170583  0.000912654  -0.00422111
 0.000812751  -0.00422111    0.0204791
   0.0179949 -0.000418424   0.00183316
-0.000418424   0.00106962  -0.00460418
  0.00183316  -0.00460418    0.0208587
   0.0173126 -1.10406e-05 -1.24692e-05
-1.10406e-05  0.000787111  -0.00389854
-1.24692e-05  -0.00389854    0.0202272
   0.0167302  -0.00215011    0.0046554
 -0.00215011  0.000468924  -0.00210232
   0.0046554  -0.00210232    0.0206275
   0.0179032  -0.00219609   0.00596125
 -0.00219609  0.000454601  -0.00212517
  0.00596125  -0.00212517     0.021293
   0.0178938  -0.00239774   0.00692834
 -0.00239774  0.000437596  -0.00168188
  0.00692834  -0.00168188    0.0215698
   0.0163728  -0.00226666   0.00499492
 -0.00226666   0.00044447  -0.00170388
  0.00499492  -0.00170388    0.0214544
   0.0184859  -0.00231795    0.0076692
 -0.00231795  0.000403552  -0.00154758
   0.0076692  -0.00154758    0.0220631
   0.0177651  -0.00244729    0.0076974
 -0.00244729  0.000421061  -0.00123573
   0.0076974  -0.00123573    0.0219026
   0.0188152  -0.00242424   0.00873824
 -0.00242424    0.0004039  -0.00106555
  0.00873824  -0.00106555    0.0225494
   0.0164337  -0.00233397   0.00562188
 -0.00233397  0.000424467  -0.00132319
  0.00562188  -0.00132319    0.0223413
   0.0189769  -0.00227892    0.0091059
 -0.00227892  0.000376914 -0.000810231
   0.0091059 -0.000810231    0.0227463
   0.0185498  -0.00220981   0.00803261
 -0.00220981  0.000374016  -0.00139183
  0.00803261  -0.00139183    0.0222758
   0.0181921  -0.00205003   0.00695247
 -0.00205003  0.000402157  -0.00199627
  0.00695247  -0.00199627    0.0218671
   0.0180588  -0.00208243   0.00650584
 -0.00208243  0.000415728  -0.00204161
  0.00650584  -0.00204161    0.0216034
   0.0152061  -0.00215495   0.00363266
 -0.00215495  0.000419959  -0.00138387
  0.00363266  -0.00138387    0.0225104
    0.015462  -0.00214386   0.00318649
 -0.00214386  0.000443616  -0.00172078
  0.00318649  -0.00172078    0.0221582
   0.0138031  -0.00182901   0.00113715
 -0.00182901  0.000412196  -0.00158941
  0.00113715  -0.00158941    0.0218372
   0.0154795  -0.00199209   0.00251913
 -0.00199209  0.000464873  -0.00206454
  0.00251913  -0.00206454    0.0214207
   0.0143411  -0.00182884  0.000742379
 -0.00182884  0.000447907  -0.00196466
 0.000742379  -0.00196466    0.0219142
   0.0149666   -0.0016967  0.000537788
  -0.0016967  0.000480969  -0.00229641
 0.000537788  -0.00229641    0.0212912
   0.0158983  -0.00178958   0.00218547
 -0.00178958  0.000487478  -0.00237099
  0.00218547  -0.00237099    0.0205093
   0.0135063  -0.00143147  -0.00127513
 -0.00143147  0.000415801  -0.00200204
 -0.00127513  -0.00200204    0.0215593
   0.0164298  -0.00149428   0.00186798
 -0.00149428  0.000510913  -0.00265785
  0.00186798  -0.00265785    0.0196791
   0.0169929  -0.00103255  0.000971169
 -0.00103255   0.00053554  -0.00294924
 0.000971169  -0.00294924    0.0196959
   0.0162144   -0.0010174 -0.000449176
  -0.0010174  0.000496098  -0.00272949
-0.000449176  -0.00272949    0.0198616
   0.0173295 -0.000482295 -0.000230204
-0.000482295  0.000560308   -0.0031728
-0.000230204   -0.0031728    0.0197208
   0.0171254 -0.000529628  -0.00129045
-0.000529628  0.000501753  -0.00291039
 -0.00129045  -0.00291039    0.0197059
   0.0178479 -8.00761e-06  -0.00237711
-8.00761e-06  0.000510176  -0.00300133
 -0.00237711  -0.00300133    0.0196682
   0.0174827  8.72893e-05  -0.00159009
 8.72893e-05  0.000590528  -0.00331426
 -0.00159009  -0.00331426    0.0197928
   0.0161623 -0.000538116  -0.00260563
-0.000538116  0.000430084  -0.00257441
 -0.00260563  -0.00257441    0.0197571
   0.0175533 -7.56361e-05   -0.0034845
-7.56361e-05  0.000421132  -0.00263491
  -0.0034845  -0.00263491    0.0197473
   0.0165035 -0.000197138  -0.00430514
-0.000197138   0.00033923  -0.00221838
 -0.00430514  -0.00221838    0.0195092
    0.015385 -0.000557488  -0.00358231
-0.000557488  0.000367215  -0.00228111
 -0.00358231  -0.00228111    0.0202146
   0.0154254 -0.000944389  -0.00186254
-0.000944389  0.000445145  -0.00251643
 -0.00186254  -0.00251643    0.0204787
   0.0142216 -0.000945503  -0.00292741
-0.000945503  0.000402161  -0.00226784
 -0.00292741  -0.00226784    0.0215641
   0.0144847  -0.00130751  -0.00149081
 -0.00130751   0.00044895  -0.00232956
 -0.00149081  -0.00232956    0.0212471
   0.0155486  -0.00140096  1.71854e-05
 -0.00140096  0.000486747  -0.00252791
 1.71854e-05  -0.00252791     0.020648
   0.0144848 -0.000523122  -0.00436117
-0.000523122   0.00032265   -0.0020911
 -0.00436117   -0.0020911    0.0206618
   0.0154075 -0.000264556  -0.00487339
-0.000264556  0.000269493  -0.00179117
 -0.00487339  -0.00179117    0.0188352
  0.00641735  -0.00500059  -0.00359392
 -0.00500059   0.00442984   0.00447161
 -0.00359392   0.00447161     0.022028
  0.00646183  -0.00520005  -0.00314763
 -0.00520005   0.00460437    0.0040315
 -0.00314763    0.0040315    0.0222747
  0.00625448  -0.00456179  -0.00268545
 -0.00456179   0.00363731   0.00277841
 -0.00268545   0.00277841    0.0224867
  0.00646402  -0.00475423  -0.00215672
 -0.00475423   0.00380948   0.00272643
 -0.00215672   0.00272643    0.0228358
   0.0066544  -0.00535693  -0.00257351
 -0.00535693   0.00472441    0.0038679
 -0.00257351    0.0038679    0.0225171
  0.00625293  -0.00418838  -0.00170336
 -0.00418838   0.00301949   0.00174693
 -0.00170336   0.00174693    0.0231796
  0.00684344  -0.00485883  -0.00148526
 -0.00485883   0.00387467   0.00302785
 -0.00148526   0.00302785    0.0232064
  0.00664481  -0.00431018  -0.00107895
 -0.00431018   0.00310008   0.00211322
 -0.00107895   0.00211322    0.0236532
  0.00720621  -0.00435642 -0.000332291
 -0.00435642   0.00314505   0.00273398
-0.000332291   0.00273398    0.0241331
  0.00702049  -0.00543405  -0.00185738
 -0.00543405    0.0047648   0.00405525
 -0.00185738   0.00405525     0.022782
  0.00738992  -0.00488759 -0.000684439
 -0.00488759   0.00392933   0.00359466
-0.000684439   0.00359466    0.0235785
  0.00754624  -0.00545022   -0.0010203
 -0.00545022    0.0048382   0.00452656
  -0.0010203   0.00452656    0.0230525
  0.00645347  -0.00385776 -0.000714168
 -0.00385776   0.00251003   0.00146887
-0.000714168   0.00146887    0.0241182
  0.00701358  -0.00390559 -1.79999e-05
 -0.00390559   0.00253944   0.00207902
-1.79999e-05   0.00207902    0.0246921
  0.00684823  -0.00358703  0.000234413
 -0.00358703   0.00214899   0.00160962
 0.000234413   0.00160962    0.0252328
  0.00669129  -0.00374539 -0.000609934
 -0.00374539    0.0022477   0.00115645
-0.000609934   0.00115645    0.0247467
  0.00629389  -0.00385817  -0.00142045
 -0.00385817   0.00248037   0.00115028
 -0.00142045   0.00115028    0.0236711
  0.00677106  -0.00384964  -0.00133143
 -0.00384964   0.00227798  0.000875914
 -0.00133143  0.000875914    0.0242505
  0.00625568  -0.00372678  -0.00192384
 -0.00372678   0.00231413   0.00111132
 -0.00192384   0.00111132    0.0231781
  0.00611273  -0.00401881  -0.00224832
 -0.00401881   0.00284252   0.00175342
 -0.00224832   0.00175342    0.0227822
  0.00606686  -0.00376326  -0.00259385
 -0.00376326   0.00257245    0.0019919
 -0.00259385    0.0019919    0.0223192
  0.00680008  -0.00372509  -0.00181689
 -0.00372509   0.00211115  0.000878003
 -0.00181689  0.000878003    0.0222839
  0.00620617  -0.00346022  -0.00222359
 -0.00346022   0.00203329   0.00131495
 -0.00222359   0.00131495     0.022088
  0.00667276   -0.0034517  -0.00209013
  -0.0034517   0.00185824   0.00105853
 -0.00209013   0.00105853    0.0213603
  0.00620232  -0.00432335  -0.00307675
 -0.00432335   0.00339531   0.00310171
 -0.00307675   0.00310171    0.0221281
  0.00817834  -0.00538489 -0.000133532
 -0.00538489   0.00497052   0.00522318
-0.000133532   0.00522318    0.0232783
  0.00805667  -0.00483683  0.000165847
 -0.00483683   0.00401192   0.00435332
 0.000165847   0.00435332    0.0239161
   0.0087324  -0.00471638  0.000953672
 -0.00471638   0.00417763   0.00518755
 0.000953672   0.00518755    0.0241781
   0.0088047  -0.00523761  0.000686651
 -0.00523761   0.00521062   0.00604318
 0.000686651   0.00604318     0.023415
  0.00859745  -0.00422989   0.00120513
 -0.00422989   0.00327718   0.00430742
  0.00120513   0.00430742    0.0249701
  0.00926242  -0.00452462   0.00154544
 -0.00452462    0.0044069   0.00602538
  0.00154544   0.00602538    0.0243678
  0.00917869  -0.00408977   0.00175086
 -0.00408977   0.00342237   0.00505324
  0.00175086   0.00505324    0.0252927
  0.00949408   -0.0039467   0.00201763
  -0.0039467   0.00359751       0.0056
  0.00201763       0.0056    0.0255553
  0.00927247  -0.00499417   0.00131314
 -0.00499417   0.00552611   0.00691575
  0.00131314   0.00691575    0.0234754
   0.0095158  -0.00430934     0.001865
 -0.00430934   0.00465863    0.0067046
    0.001865    0.0067046    0.0245041
  0.00946494   -0.0047184   0.00166942
  -0.0047184    0.0058672    0.0076893
  0.00166942    0.0076893    0.0234842
  0.00903115  -0.00373498   0.00189136
 -0.00373498    0.0026619   0.00411894
  0.00189136   0.00411894    0.0262139
  0.00939428  -0.00365549   0.00210776
 -0.00365549    0.0027733   0.00447804
  0.00210776   0.00447804    0.0265894
  0.00923766  -0.00346121    0.0021396
 -0.00346121   0.00220724   0.00338356
   0.0021396   0.00338356    0.0275679
  0.00884467  -0.00349207   0.00197485
 -0.00349207   0.00213857   0.00323161
  0.00197485   0.00323161    0.0270934
  0.00842138  -0.00383123   0.00139953
 -0.00383123    0.0025862   0.00351832
  0.00139953   0.00351832     0.025765
  0.00823028  -0.00354711   0.00153717
 -0.00354711   0.00211402   0.00281146
  0.00153717   0.00281146    0.0265279
  0.00770615  -0.00389256  0.000720208
 -0.00389256   0.00254938   0.00281132
 0.000720208   0.00281132    0.0252498
  0.00789066  -0.00432257   0.00046678
 -0.00432257   0.00318474   0.00350793
  0.00046678   0.00350793    0.0245803
  0.00752107  -0.00357802  0.000919885
 -0.00357802   0.00212083   0.00224433
 0.000919885   0.00224433    0.0258924
   0.0135496  -0.00601109  -0.00122269
 -0.00601109    0.0028427   0.00199617
 -0.00122269   0.00199617    0.0216257
   0.0121432  -0.00545871 -0.000653452
 -0.00545871   0.00264339    0.0020741
-0.000653452    0.0020741     0.022523
   0.0102898  -0.00429531  0.000491116
 -0.00429531   0.00201926   0.00185433
 0.000491116   0.00185433    0.0248915
  0.00946237  -0.00417275  0.000435052
 -0.00417275   0.00205648    0.0018692
 0.000435052    0.0018692    0.0248257
   0.0119653  -0.00566053  -0.00105117
 -0.00566053   0.00286714    0.0022278
 -0.00105117    0.0022278    0.0218749
  0.00831625  -0.00352154   0.00107499
 -0.00352154   0.00176099   0.00188138
  0.00107499   0.00188138    0.0258179
  0.00927718  -0.00437573 -8.35683e-05
 -0.00437573   0.00225702   0.00181011
-8.35683e-05   0.00181011     0.024387
  0.00774506  -0.00354604  0.000639018
 -0.00354604   0.00184588   0.00165788
 0.000639018   0.00165788    0.0255818
  0.00801338  -0.00398159 -0.000161057
 -0.00398159   0.00214834   0.00144172
-0.000161057   0.00144172    0.0255288
    0.011054  -0.00553243  -0.00142788
 -0.00553243   0.00295036   0.00229471
 -0.00142788   0.00229471    0.0207513
  0.00922803  -0.00468804  -0.00103675
 -0.00468804   0.00253934   0.00180527
 -0.00103675   0.00180527    0.0222244
   0.0107584  -0.00569587  -0.00202829
 -0.00569587   0.00317719   0.00236611
 -0.00202829   0.00236611    0.0195707
  0.00731964  -0.00335737  0.000989041
 -0.00335737   0.00183988   0.00181693
 0.000989041   0.00181693    0.0259409
   0.0071752  -0.00361222  0.000196323
 -0.00361222   0.00202416   0.00141333
 0.000196323   0.00141333     0.025605
  0.00808578  -0.00339463   0.00144006
 -0.00339463   0.00182262   0.00224961
  0.00144006   0.00224961    0.0264824
  0.00879435  -0.00341438   0.00175372
 -0.00341438   0.00182503   0.00251158
  0.00175372   0.00251158    0.0272033
  0.00927866  -0.00368984   0.00120205
 -0.00368984   0.00178413   0.00200749
  0.00120205   0.00200749    0.0260959
   0.0101229  -0.00388807   0.00116722
 -0.00388807   0.00185208   0.00189975
  0.00116722   0.00189975    0.0267934
   0.0093041  -0.00346177   0.00180797
 -0.00346177   0.00187454   0.00251358
  0.00180797   0.00251358    0.0278164
   0.0114875    -0.004705  0.000100948
   -0.004705   0.00215507   0.00174062
 0.000100948   0.00174062    0.0245095
   0.0105475     -0.00572  -0.00229275
    -0.00572   0.00324357    0.0023198
 -0.00229275    0.0023198    0.0190031
  0.00941399  -0.00494064  -0.00179025
 -0.00494064   0.00271384   0.00175984
 -0.00179025   0.00175984    0.0204126
  0.00994385  -0.00521823  -0.00249602
 -0.00521823   0.00285039   0.00192115
 -0.00249602   0.00192115    0.0200114
   0.0107685   -0.0058319  -0.00268711
  -0.0058319   0.00329058   0.00241396
 -0.00268711   0.00241396    0.0189749
  0.00881778  -0.00457047  -0.00200026
 -0.00457047   0.00246883   0.00141101
 -0.00200026   0.00141101    0.0211948
  0.00990321  -0.00493438  -0.00262457
 -0.00493438   0.00260712    0.0019632
 -0.00262457    0.0019632    0.0196878
  0.00918474  -0.00455113  -0.00238809
 -0.00455113     0.002351    0.0013594
 -0.00238809    0.0013594    0.0208914
  0.00887654  -0.00414864  -0.00258067
 -0.00414864   0.00204282   0.00136926
 -0.00258067   0.00136926    0.0210333
    0.010389  -0.00538022  -0.00287453
 -0.00538022   0.00296388   0.00245808
 -0.00287453   0.00245808    0.0178833
  0.00952765  -0.00437737  -0.00268929
 -0.00437737   0.00218458   0.00193334
 -0.00268929   0.00193334    0.0190263
     0.01022  -0.00493714  -0.00291473
 -0.00493714   0.00265206   0.00264943
 -0.00291473   0.00264943    0.0179111
  0.00781209  -0.00400218  -0.00209423
 -0.00400218   0.00212804   0.00107187
 -0.00209423   0.00107187    0.0212705
  0.00742503   -0.0035763  -0.00223653
  -0.0035763   0.00180527   0.00112737
 -0.00223653   0.00112737    0.0209853
  0.00761104  -0.00407261  -0.00156563
 -0.00407261   0.00226008    0.0010005
 -0.00156563    0.0010005    0.0226318
   0.0073447  -0.00390361 -0.000679131
 -0.00390361   0.00220004   0.00109798
-0.000679131   0.00109798    0.0253739
  0.00829842  -0.00430707  -0.00125962
 -0.00430707    0.0023491   0.00135653
 -0.00125962   0.00135653    0.0227893
  0.00935105  -0.00446622   0.00175201
 -0.00446622   0.00613913   0.00825916
  0.00175201   0.00825916    0.0234618
  0.00945889  -0.00413112   0.00189947
 -0.00413112   0.00485347    0.0071319
  0.00189947    0.0071319     0.024601
  0.00914833  -0.00401555   0.00170709
 -0.00401555   0.00494111   0.00728183
  0.00170709   0.00728183    0.0246672
  0.00900823   -0.0042805    0.0016144
  -0.0042805   0.00630836   0.00858446
   0.0016144   0.00858446    0.0234249
  0.00922317  -0.00379681   0.00173347
 -0.00379681   0.00377469   0.00582073
  0.00173347   0.00582073    0.0259166
  0.00869664  -0.00393731    0.0013624
 -0.00393731   0.00491527   0.00723299
   0.0013624   0.00723299    0.0247294
  0.00879906  -0.00377314   0.00132192
 -0.00377314   0.00371238    0.0055798
  0.00132192    0.0055798      0.02605
  0.00832026  -0.00371946  0.000830559
 -0.00371946   0.00357639   0.00525051
 0.000830559   0.00525051    0.0261774
  0.00853976  -0.00413569   0.00132921
 -0.00413569   0.00634974   0.00871132
  0.00132921   0.00871132    0.0234028
  0.00819648  -0.00384155  0.000934664
 -0.00384155   0.00479335   0.00707202
 0.000934664   0.00707202    0.0247946
  0.00804432  -0.00398848  0.000955919
 -0.00398848    0.0062803   0.00871814
 0.000955919   0.00871814    0.0233931
  0.00884193   -0.0036597   0.00121243
  -0.0036597   0.00284168   0.00389831
  0.00121243   0.00389831    0.0272993
  0.00839112  -0.00363571  0.000661139
 -0.00363571   0.00272801   0.00339598
 0.000661139   0.00339598    0.0274656
  0.00840795  -0.00359521  0.000467346
 -0.00359521   0.00225911   0.00162125
 0.000467346   0.00162125    0.0286293
  0.00882552  -0.00359722   0.00107189
 -0.00359722   0.00231193   0.00225161
  0.00107189   0.00225161    0.0284427
  0.00922985  -0.00363849   0.00169241
 -0.00363849   0.00290019   0.00431793
  0.00169241   0.00431793    0.0271146
   0.0091717  -0.00353947   0.00161453
 -0.00353947   0.00232941   0.00282537
  0.00161453   0.00282537    0.0282198
  0.00945149  -0.00362225   0.00202246
 -0.00362225   0.00287361   0.00454114
  0.00202246   0.00454114    0.0268865
  0.00949059  -0.00384271   0.00199403
 -0.00384271   0.00373238   0.00585737
  0.00199403   0.00585737    0.0257602
  0.00933872  -0.00347796   0.00200545
 -0.00347796   0.00228571   0.00323341
  0.00200545   0.00323341    0.0279385
  0.00756073  -0.00381532  0.000520555
 -0.00381532   0.00611176   0.00869747
 0.000520555   0.00869747    0.0233738
  0.00771032  -0.00369006  0.000442703
 -0.00369006   0.00459004   0.00690607
 0.000442703   0.00690607    0.0248417
  0.00725419  -0.00348268  -9.7755e-05
 -0.00348268   0.00433964   0.00680724
 -9.7755e-05   0.00680724    0.0248608
   0.0071106   -0.0036086  4.19269e-05
  -0.0036086   0.00589403   0.00870664
 4.19269e-05   0.00870664     0.023329
  0.00738907  -0.00336665 -0.000310009
 -0.00336665   0.00313262   0.00471549
-0.000310009   0.00471549    0.0263358
  0.00683728  -0.00324986 -0.000672911
 -0.00324986   0.00408476   0.00676419
-0.000672911   0.00676419    0.0248663
  0.00697322  -0.00310062 -0.000938465
 -0.00310062   0.00286501   0.00458892
-0.000938465   0.00458892    0.0263737
  0.00663718  -0.00283319  -0.00151543
 -0.00283319   0.00260069   0.00455867
 -0.00151543   0.00455867    0.0262173
  0.00670279  -0.00338871 -0.000465319
 -0.00338871   0.00566581   0.00873319
-0.000465319   0.00873319    0.0232706
  0.00647701  -0.00300583  -0.00124272
 -0.00300583   0.00383715   0.00678719
 -0.00124272   0.00678719      0.02464
  0.00635002  -0.00316299 -0.000970893
 -0.00316299   0.00545093    0.0087868
-0.000970893    0.0087868    0.0232138
  0.00709973  -0.00298127  -0.00124745
 -0.00298127    0.0020941   0.00239204
 -0.00124745   0.00239204    0.0277091
  0.00691028  -0.00269669  -0.00183193
 -0.00269669   0.00181924   0.00234792
 -0.00183193   0.00234792    0.0273076
  0.00705274  -0.00258914  -0.00209214
 -0.00258914   0.00148627  0.000284258
 -0.00209214  0.000284258    0.0286236
  0.00719304   -0.0029112  -0.00154015
  -0.0029112   0.00176239  0.000362675
 -0.00154015  0.000362675    0.0288155
  0.00750287  -0.00328415 -0.000583074
 -0.00328415   0.00234876   0.00259753
-0.000583074   0.00259753    0.0276739
  0.00757281   -0.0032415 -0.000851529
  -0.0032415   0.00199765  0.000621764
-0.000851529  0.000621764    0.0288229
  0.00793641  -0.00351512  5.78765e-05
 -0.00351512   0.00256421   0.00293337
 5.78765e-05   0.00293337    0.0275968
  0.00783821  -0.00358686  0.000284006
 -0.00358686   0.00337616   0.00493349
 0.000284006   0.00493349    0.0262768
  0.00797836  -0.00348281 -0.000175639
 -0.00348281   0.00215604   0.00104672
-0.000175639   0.00104672    0.0287628
   0.0131909  -0.00557899  -0.00538112
 -0.00557899   0.00286438 -0.000633737
 -0.00538112 -0.000633737    0.0217515
   0.0136812  -0.00596252  -0.00490944
 -0.00596252   0.00304665 -0.000662724
 -0.00490944 -0.000662724    0.0219045
   0.0107137  -0.00449623  -0.00373648
 -0.00449623   0.00240887  -0.00157116
 -0.00373648  -0.00157116    0.0256204
   0.0111464  -0.00480297  -0.00316593
 -0.00480297    0.0024914  -0.00135786
 -0.00316593  -0.00135786    0.0256896
   0.0141275  -0.00623948  -0.00441243
 -0.00623948   0.00312239  -0.00055638
 -0.00441243  -0.00055638    0.0219518
   0.0090493  -0.00385603  -0.00201555
 -0.00385603   0.00211257  -0.00156341
 -0.00201555  -0.00156341    0.0282954
   0.0115368  -0.00499291  -0.00259062
 -0.00499291   0.00248854  -0.00101416
 -0.00259062  -0.00101416    0.0256559
  0.00944325   -0.0040661  -0.00137895
  -0.0040661   0.00213311  -0.00111659
 -0.00137895  -0.00111659    0.0282566
  0.00982651  -0.00416276 -0.000736807
 -0.00416276   0.00212028 -0.000533722
-0.000736807 -0.000533722    0.0281356
   0.0144692  -0.00642272   -0.0039023
 -0.00642272   0.00313295 -0.000310127
  -0.0039023 -0.000310127    0.0218883
   0.0118652  -0.00509701   -0.0019957
 -0.00509701   0.00245835 -0.000506271
  -0.0019957 -0.000506271    0.0255208
   0.0147357  -0.00652032  -0.00336741
 -0.00652032    0.0031067  7.97462e-05
 -0.00336741  7.97462e-05    0.0217523
  0.00827393   -0.0035723 -0.000652246
  -0.0035723   0.00200755 -0.000362374
-0.000652246 -0.000362374     0.029145
  0.00867525  -0.00367813   4.4096e-06
 -0.00367813   0.00204661  0.000255784
  4.4096e-06  0.000255784    0.0290116
  0.00788214  -0.00334178  -0.00132332
 -0.00334178   0.00192239 -0.000828611
 -0.00132332 -0.000828611    0.0291883
  0.00751864  -0.00299532  -0.00200563
 -0.00299532   0.00173569  -0.00111802
 -0.00200563  -0.00111802    0.0291325
  0.00865696   -0.0035223  -0.00265767
  -0.0035223   0.00198276  -0.00183708
 -0.00265767  -0.00183708    0.0282151
  0.00848392  -0.00311944   -0.0032159
 -0.00311944    0.0017126  -0.00190152
  -0.0032159  -0.00190152    0.0280787
  0.00751536  -0.00266256  -0.00257192
 -0.00266256   0.00146431  -0.00117885
 -0.00257192  -0.00117885    0.0288315
   0.0104469  -0.00410884  -0.00426508
 -0.00410884   0.00218668  -0.00159633
 -0.00426508  -0.00159633    0.0254459
   0.0149119  -0.00653906  -0.00281496
 -0.00653906   0.00305382  0.000597046
 -0.00281496  0.000597046    0.0215522
     0.01213  -0.00509475   -0.0014002
 -0.00509475   0.00239536  0.000117348
  -0.0014002  0.000117348    0.0253229
   0.0122712  -0.00503781 -0.000846528
 -0.00503781   0.00231205  0.000804126
-0.000846528  0.000804126    0.0250464
   0.0149648  -0.00652307  -0.00224829
 -0.00652307   0.00300536   0.00113689
 -0.00224829   0.00113689    0.0214039
   0.0103873  -0.00407705  0.000473834
 -0.00407705   0.00199244  0.000885633
 0.000473834  0.000885633    0.0276823
   0.0121462  -0.00492953 -0.000305226
 -0.00492953   0.00223809   0.00135156
-0.000305226   0.00135156    0.0247464
   0.0104273  -0.00397916  0.000903423
 -0.00397916   0.00190705   0.00151866
 0.000903423   0.00151866     0.027326
    0.014414  -0.00628288    -0.001681
 -0.00628288   0.00289703    0.0016364
   -0.001681    0.0016364    0.0214649
  0.00945375  -0.00350012   0.00163457
 -0.00350012   0.00193385   0.00219296
  0.00163457   0.00219296    0.0282544
  0.00934108  -0.00359087   0.00121597
 -0.00359087   0.00200435   0.00163597
  0.00121597   0.00163597    0.0285741
  0.00905311  -0.00366359   0.00063847
 -0.00366359   0.00204255  0.000948365
  0.00063847  0.000948365    0.0288193
   0.0101569  -0.00415925 -0.000101429
 -0.00415925   0.00207498  0.000159822
-0.000101429  0.000159822    0.0279407
  0.00515717  -0.00842332  -0.00180589
 -0.00842332    0.0254106    0.0148064
 -0.00180589    0.0148064    0.0155824
  0.00554856  -0.00841389  -0.00124827
 -0.00841389    0.0242105    0.0140951
 -0.00124827    0.0140951    0.0160327
  0.00570037  -0.00825139  -0.00181844
 -0.00825139    0.0202424    0.0131206
 -0.00181844    0.0131206    0.0172968
   0.0061291  -0.00825698  -0.00119923
 -0.00825698    0.0193672    0.0124207
 -0.00119923    0.0124207    0.0175417
  0.00601118  -0.00839443 -0.000676031
 -0.00839443    0.0230876     0.013486
-0.000676031     0.013486    0.0164111
  0.00628327  -0.00807199  -0.00175858
 -0.00807199    0.0159741    0.0112812
 -0.00175858    0.0112812    0.0186371
  0.00661369   -0.0082337 -0.000586032
  -0.0082337    0.0186227    0.0119389
