           0            0            0
           0            0            0
           0            0            0
   0.0183842  -0.00159463   0.00181846
 -0.00159463  0.000209196  0.000674447
  0.00181846  0.000674447    0.0136235
   0.0161948  -0.00113846   0.00435293
 -0.00113846   0.00015652  0.000666219
  0.00435293  0.000666219    0.0167856
   0.0138734 -0.000954505   0.00665182
-0.000954505  0.000146601  0.000454869
  0.00665182  0.000454869    0.0184744
   0.0133003  -0.00106566   0.00771206
 -0.00106566   0.00017205  0.000214022
  0.00771206  0.000214022    0.0186019
   0.0134399  -0.00130365    0.0073581
 -0.00130365  0.000209532   4.0221e-05
   0.0073581   4.0221e-05    0.0190343
   0.0117401  -0.00121481   0.00614967
 -0.00121481  0.000190997 -5.68214e-05
  0.00614967 -5.68214e-05    0.0170743
     0.01229   -0.0014369    0.0055302
  -0.0014369  0.000225423 -0.000257319
   0.0055302 -0.000257319     0.018335
   0.0136361  -0.00149639   0.00667795
 -0.00149639  0.000238039 -0.000163006
  0.00667795 -0.000163006    0.0195016
   0.0121972  -0.00152954   0.00424018
 -0.00152954  0.000252905 -0.000534297
  0.00424018 -0.000534297    0.0193772
   0.0136745  -0.00162184    0.0054743
 -0.00162184  0.000263501 -0.000451328
   0.0054743 -0.000451328    0.0205673
   0.0122471  -0.00151894   0.00271629
 -0.00151894  0.000279776 -0.000875874
  0.00271629 -0.000875874    0.0206595
   0.0139033   -0.0017264   0.00497753
  -0.0017264  0.000281804 -0.000676581
  0.00497753 -0.000676581    0.0208662
   0.0270493 -0.000464046    0.0080756
-0.000464046  0.000371854   0.00193394
   0.0080756   0.00193394    0.0163782
   0.0232442 -0.000440066    0.0102001
-0.000440066  0.000496646   0.00238743
   0.0102001   0.00238743    0.0196802
   0.0233238 -0.000162593    0.0100955
-0.000162593  0.000411889   0.00231839
   0.0100955   0.00231839    0.0196456
   0.0209206 -0.000127601    0.0118254
-0.000127601  0.000506063   0.00262662
   0.0118254   0.00262662    0.0222116
   0.0207138 -0.000398605    0.0118385
-0.000398605  0.000590664   0.00266499
   0.0118385   0.00266499    0.0222056
   0.0206539 -4.84678e-05    0.0115299
-4.84678e-05  0.000421585   0.00242188
   0.0115299   0.00242188    0.0220823
   0.0193018 -0.000235512    0.0123869
-0.000235512  0.000558402   0.00268359
   0.0123869   0.00268359    0.0233943
   0.0191177 -0.000144069    0.0121311
-0.000144069  0.000475522   0.00250904
   0.0121311   0.00250904    0.0232631
   0.0186898 -0.000384044    0.0121223
-0.000384044  0.000488528   0.00236992
   0.0121223   0.00236992    0.0235475
   0.0190377 -0.000481071    0.0123429
-0.000481071  0.000638041     0.002701
   0.0123429     0.002701    0.0233742
   0.0188486 -0.000490865    0.0123683
-0.000490865  0.000565643   0.00251396
   0.0123683   0.00251396    0.0237002
   0.0185757 -0.000716545    0.0123037
-0.000716545  0.000639998    0.0025217
   0.0123037    0.0025217    0.0236983
   0.0187822 -0.000236467    0.0118021
-0.000236467  0.000391606   0.00216443
   0.0118021   0.00216443    0.0231404
   0.0183564 -0.000449451    0.0117792
-0.000449451  0.000411553   0.00205898
   0.0117792   0.00205898    0.0233934
   0.0181066 -0.000650092    0.0115304
-0.000650092  0.000341387   0.00162366
   0.0115304   0.00162366    0.0233518
   0.0185535 -0.000463306    0.0115925
-0.000463306  0.000315376   0.00170439
   0.0115925   0.00170439    0.0231441
   0.0202978 -0.000174365     0.011221
-0.000174365  0.000339364   0.00205832
    0.011221   0.00205832    0.0219929
   0.0201151 -0.000432609    0.0110796
-0.000432609  0.000268296   0.00159792
   0.0110796   0.00159792    0.0220517
   0.0226172 -0.000309327   0.00953619
-0.000309327  0.000266639   0.00173621
  0.00953619   0.00173621    0.0194883
   0.0229708 -0.000126641   0.00978458
-0.000126641  0.000334309    0.0020941
  0.00978458    0.0020941    0.0195279
   0.0264518 -0.000336484   0.00758885
-0.000336484  0.000243488   0.00161055
  0.00758885   0.00161055    0.0162197
   0.0225016  -0.00060649   0.00928945
 -0.00060649  0.000213279   0.00134092
  0.00928945   0.00134092    0.0196101
   0.0259808 -0.000592471   0.00735862
-0.000592471  0.000198896   0.00130744
  0.00735862   0.00130744    0.0161833
   0.0262952 -0.000989081   0.00693926
-0.000989081  0.000176661   0.00101787
  0.00693926   0.00101787      0.01638
   0.0269011 -0.000257479   0.00787462
-0.000257479  0.000299909     0.001838
  0.00787462     0.001838    0.0163049
   0.0182622  -0.00102752    0.0117312
 -0.00102752  0.000601311   0.00218411
   0.0117312   0.00218411    0.0234811
   0.0185273 -0.000831761    0.0117865
-0.000831761  0.000534352    0.0021715
   0.0117865    0.0021715    0.0234392
   0.0182506  -0.00113485    0.0111574
 -0.00113485  0.000478274   0.00171643
   0.0111574   0.00171643    0.0231814
   0.0179859  -0.00129259    0.0110974
 -0.00129259  0.000533765   0.00173485
   0.0110974   0.00173485    0.0232536
   0.0180682  -0.00101673     0.010891
 -0.00101673  0.000419826   0.00161895
    0.010891   0.00161895    0.0229604
   0.0180045  -0.00138885    0.0104705
 -0.00138885  0.000408907    0.0011743
   0.0104705    0.0011743    0.0229017
   0.0178069  -0.00127675    0.0102028
 -0.00127675  0.000362972   0.00110285
   0.0102028   0.00110285    0.0226551
   0.0175956  -0.00147549   0.00949587
 -0.00147549  0.000307696  0.000532775
  0.00949587  0.000532775    0.0223491
   0.0177291  -0.00150284    0.0103878
 -0.00150284   0.00044987   0.00120111
   0.0103878   0.00120111     0.022994
   0.0178064  -0.00157968   0.00975535
 -0.00157968  0.000340835  0.000580158
  0.00975535  0.000580158    0.0226168
   0.0175038  -0.00165271   0.00963253
 -0.00165271   0.00036896  0.000618665
  0.00963253  0.000618665    0.0227138
   0.0174273  -0.00125122   0.00979978
 -0.00125122  0.000321383  0.000931859
  0.00979978  0.000931859    0.0223879
   0.0171739  -0.00142803   0.00906837
 -0.00142803  0.000278502  0.000415485
  0.00906837  0.000415485    0.0220436
   0.0168582  -0.00147581   0.00869374
 -0.00147581  0.000260396  0.000213118
  0.00869374  0.000213118    0.0218145
   0.0171601  -0.00133873   0.00947197
 -0.00133873  0.000291217  0.000659646
  0.00947197  0.000659646    0.0222149
   0.0177203  -0.00101746    0.0105124
 -0.00101746  0.000365291     0.001396
   0.0105124     0.001396    0.0227318
   0.0174783  -0.00114544    0.0102221
 -0.00114544  0.000322512      0.00106
   0.0102221      0.00106    0.0226089
    0.018033 -0.000746982    0.0111737
-0.000746982  0.000397829   0.00177932
   0.0111737   0.00177932    0.0230608
   0.0183602 -0.000714812    0.0115295
-0.000714812  0.000463755   0.00204956
   0.0115295   0.00204956    0.0232506
    0.017784 -0.000912992    0.0109069
-0.000912992   0.00034008   0.00138795
   0.0109069   0.00138795    0.0229842
   0.0151519  -0.00170006   0.00704544
 -0.00170006  0.000270292  -0.00026559
  0.00704544  -0.00026559    0.0211693
   0.0150191  -0.00155354   0.00766603
 -0.00155354   0.00025732 -2.16452e-05
  0.00766603 -2.16452e-05    0.0208824
   0.0166075  -0.00151738   0.00923153
 -0.00151738  0.000276405  0.000275482
  0.00923153  0.000275482    0.0220499
   0.0146939  -0.00134768   0.00832436
 -0.00134768   0.00023216  0.000174609
  0.00832436  0.000174609     0.020264
   0.0166301  -0.00131124   0.00980593
 -0.00131124  0.000262363  0.000515899
  0.00980593  0.000515899    0.0222724
   0.0165916  -0.00105376    0.0102581
 -0.00105376  0.000235111  0.000707043
   0.0102581  0.000707043     0.022254
     0.01475  -0.00110884   0.00889456
 -0.00110884  0.000199445  0.000359368
  0.00889456  0.000359368     0.020158
   0.0176606   -0.0011732    0.0107566
  -0.0011732  0.000300436  0.000906951
   0.0107566  0.000906951    0.0230291
   0.0178442 -0.000920206    0.0113214
-0.000920206  0.000287054   0.00111213
   0.0113214   0.00111213    0.0233877
   0.0173549  -0.00137195    0.0100389
 -0.00137195  0.000297111  0.000635384
   0.0100389  0.000635384    0.0226021
   0.0170374  -0.00152414   0.00924545
 -0.00152414  0.000280514  0.000305064
  0.00924545  0.000305064     0.022142
   0.0164098  -0.00165597   0.00856005
 -0.00165597  0.000275311 -1.80904e-05
  0.00856005 -1.80904e-05    0.0218332
   0.0162943  -0.00175387   0.00791226
 -0.00175387  0.000273765 -0.000349295
  0.00791226 -0.000349295    0.0213709
   0.0167073  -0.00161686   0.00841799
 -0.00161686  0.000260503 -6.63539e-05
  0.00841799 -6.63539e-05    0.0216802
   0.0151076  -0.00177692   0.00654339
 -0.00177692  0.000277898 -0.000560007
  0.00654339 -0.000560007     0.021121
   0.0152328 -0.000941519   0.00847739
-0.000941519  0.000164193  0.000525394
  0.00847739  0.000525394    0.0200713
   0.0173651  -0.00104102    0.0068444
 -0.00104102  0.000155557  0.000678281
   0.0068444  0.000678281    0.0188656
   0.0183282 -0.000904838   0.00867356
-0.000904838  0.000168888  0.000812192
  0.00867356  0.000812192    0.0203288
   0.0195805  -0.00135132   0.00406712
 -0.00135132   0.00017146  0.000696835
  0.00406712  0.000696835    0.0158342
   0.0204067  -0.00121189   0.00572633
 -0.00121189  0.000168857  0.000762267
  0.00572633  0.000762267     0.017034
   0.0232946  -0.00164966   0.00325695
 -0.00164966  0.000201252  0.000692196
  0.00325695  0.000692196    0.0139372
   0.0214681  -0.00176637   0.00181507
 -0.00176637  0.000218681  0.000691062
  0.00181507  0.000691062    0.0133494
   0.0217708 -0.000913489   0.00806944
-0.000913489  0.000176659  0.000999553
  0.00806944  0.000999553    0.0189714
   0.0246252  -0.00131356   0.00537384
 -0.00131356  0.000172878  0.000803848
  0.00537384  0.000803848    0.0154872
   0.0195246 -0.000708401    0.0103608
-0.000708401  0.000210398   0.00114764
   0.0103608   0.00114764    0.0216746
   0.0180659 -0.000724716     0.011227
-0.000724716  0.000252464   0.00119881
    0.011227   0.00119881    0.0230502
   0.0167899  -0.00087189   0.00990767
 -0.00087189  0.000197058  0.000806589
  0.00990767  0.000806589    0.0217164
   0.0172682  -0.00174284   0.00881858
 -0.00174284  0.000301948  -2.5731e-06
  0.00881858  -2.5731e-06    0.0224303
   0.0176528   -0.0017128   0.00900013
  -0.0017128   0.00028581 -5.57684e-05
  0.00900013 -5.57684e-05    0.0223394
   0.0175323  -0.00176236   0.00820225
 -0.00176236  0.000266803 -0.000725799
  0.00820225 -0.000725799    0.0220842
   0.0170162  -0.00175035   0.00795306
 -0.00175035  0.000275282  -0.00065918
  0.00795306  -0.00065918     0.022157
   0.0173744  -0.00167668   0.00799638
 -0.00167668  0.000249693 -0.000742618
  0.00799638 -0.000742618    0.0218112
   0.0173696  -0.00173297   0.00737319
 -0.00173297   0.00029309  -0.00141248
  0.00737319  -0.00141248    0.0218394
   0.0173236  -0.00166395   0.00721264
 -0.00166395   0.00027806  -0.00141506
  0.00721264  -0.00141506    0.0215844
   0.0172383  -0.00157312   0.00644123
 -0.00157312   0.00035189  -0.00207215
  0.00644123  -0.00207215    0.0213701
   0.0167082  -0.00167859   0.00706186
 -0.00167859   0.00029152  -0.00133321
  0.00706186  -0.00133321    0.0218815
    0.017145  -0.00162179   0.00655173
 -0.00162179  0.000364927  -0.00208531
  0.00655173  -0.00208531    0.0215903
   0.0163436  -0.00153554   0.00618018
 -0.00153554  0.000357249  -0.00200158
  0.00618018  -0.00200158    0.0215844
   0.0167957  -0.00155129   0.00671811
 -0.00155129  0.000260459  -0.00139637
  0.00671811  -0.00139637    0.0211984
   0.0167742   -0.0014519   0.00595048
  -0.0014519  0.000328735  -0.00201354
  0.00595048  -0.00201354    0.0209881
   0.0161861  -0.00133986   0.00535551
 -0.00133986  0.000309582  -0.00196135
  0.00535551  -0.00196135    0.0205886
   0.0162457  -0.00147286    0.0061757
 -0.00147286  0.000249792  -0.00140019
   0.0061757  -0.00140019    0.0208259
   0.0168425  -0.00157968   0.00751646
 -0.00157968  0.000233116 -0.000765056
  0.00751646 -0.000765056    0.0214405
     0.01638  -0.00154705   0.00703251
 -0.00154705  0.000227842  -0.00082985
  0.00703251  -0.00082985    0.0211045
   0.0169627  -0.00154395    0.0083057
 -0.00154395  0.000242092 -0.000152898
   0.0083057 -0.000152898    0.0217209
   0.0174373   -0.0016148   0.00876022
  -0.0016148  0.000261274 -8.58861e-05
  0.00876022 -8.58861e-05    0.0220644
   0.0165767  -0.00155374   0.00787919
 -0.00155374  0.000233302 -0.000284675
  0.00787919 -0.000284675    0.0214362
   0.0158996  -0.00132892   0.00528647
 -0.00132892   0.00047432  -0.00268359
  0.00528647  -0.00268359    0.0212725
    0.016849  -0.00144036   0.00570254
 -0.00144036  0.000483173  -0.00276189
  0.00570254  -0.00276189     0.021334
   0.0165156  -0.00115279   0.00480154
 -0.00115279  0.000673547  -0.00345891
  0.00480154  -0.00345891    0.0210853
   0.0154113  -0.00102441   0.00436817
 -0.00102441  0.000674787  -0.00339938
  0.00436817  -0.00339938    0.0209678
   0.0169574  -0.00113154   0.00479661
 -0.00113154  0.000643727  -0.00339901
  0.00479661  -0.00339901    0.0209899
   0.0160899 -0.000763712   0.00386144
-0.000763712  0.000940188  -0.00417838
  0.00386144  -0.00417838    0.0208674
   0.0167494 -0.000757585   0.00388775
-0.000757585  0.000885273  -0.00408355
  0.00388775  -0.00408355    0.0208486
   0.0164214 -0.000283725   0.00296205
-0.000283725   0.00119467  -0.00476076
  0.00296205  -0.00476076    0.0207429
   0.0148528 -0.000615942   0.00345834
-0.000615942  0.000959903  -0.00414792
  0.00345834  -0.00414792    0.0206961
   0.0155418  -0.00026964   0.00293079
 -0.00026964   0.00128471  -0.00489777
  0.00293079  -0.00489777    0.0206837
   0.0142284 -0.000106309   0.00258918
-0.000106309   0.00133778  -0.00491057
  0.00258918  -0.00491057    0.0204689
   0.0166883 -0.000633883    0.0034397
-0.000633883  0.000810097  -0.00389796
   0.0034397  -0.00389796    0.0205981
   0.0166029 -0.000168567   0.00253618
-0.000168567   0.00107917  -0.00452296
  0.00253618  -0.00452296    0.0205709
   0.0162909 -1.14533e-06   0.00180301
-1.14533e-06  0.000961772  -0.00424476
  0.00180301  -0.00424476    0.0202474
   0.0162196 -0.000470722   0.00272789
-0.000470722   0.00073107  -0.00367991
  0.00272789  -0.00367991    0.0202242
   0.0167145  -0.00100434   0.00432852
 -0.00100434  0.000594529  -0.00325961
  0.00432852  -0.00325961    0.0206749
    0.016173 -0.000854493   0.00364652
-0.000854493  0.000544333  -0.00309866
  0.00364652  -0.00309866    0.0202709
   0.0167283  -0.00128211   0.00516267
 -0.00128211   0.00043375   -0.0026305
  0.00516267   -0.0026305    0.0208103
   0.0170992  -0.00140703   0.00564943
 -0.00140703  0.000464819  -0.00272835
  0.00564943  -0.00272835    0.0211706
    0.016148  -0.00114776   0.00452654
 -0.00114776  0.000402021  -0.00252363
  0.00452654  -0.00252363       0.0204
   0.0155863  0.000345526  -0.00121977
 0.000345526   0.00062791  -0.00336048
 -0.00121977  -0.00336048    0.0191586
   0.0153036 -0.000176153 -6.23322e-05
-0.000176153   0.00052237  -0.00302857
-6.23322e-05  -0.00302857     0.019048
   0.0153894 -0.000180945  0.000633198
-0.000180945   0.00055869  -0.00315896
 0.000633198  -0.00315896    0.0192964
   0.0152613 -0.000631962   0.00174087
-0.000631962  0.000450766  -0.00275531
  0.00174087  -0.00275531    0.0193234
   0.0151772 -0.000674443   0.00108497
-0.000674443  0.000446093  -0.00268366
  0.00108497  -0.00268366    0.0190545
   0.0154348 -0.000657642   0.00236708
-0.000657642  0.000471324  -0.00284487
  0.00236708  -0.00284487    0.0195982
    0.015265  -0.00104061    0.0027997
 -0.00104061  0.000375737  -0.00236472
   0.0027997  -0.00236472    0.0194749
   0.0154266  -0.00101419   0.00337858
 -0.00101419  0.000369577   -0.0023905
  0.00337858   -0.0023905    0.0197524
   0.0155719  -0.00129708   0.00434073
 -0.00129708  0.000311181  -0.00195432
  0.00434073  -0.00195432    0.0199854
   0.0150519  -0.00111913   0.00211883
 -0.00111913  0.000394077  -0.00234845
  0.00211883  -0.00234845     0.019154
   0.0154096  -0.00138226   0.00381089
 -0.00138226   0.00033765  -0.00200105
  0.00381089  -0.00200105    0.0197145
   0.0148216  -0.00144103   0.00297927
 -0.00144103  0.000364427  -0.00201508
  0.00297927  -0.00201508    0.0192158
   0.0156751  -0.00105376   0.00391783
 -0.00105376  0.000380061  -0.00244299
  0.00391783  -0.00244299    0.0200408
   0.0157656  -0.00128449   0.00481776
 -0.00128449  0.000301746  -0.00194123
  0.00481776  -0.00194123    0.0202566
   0.0156971 -0.000735566   0.00297056
-0.000735566   0.00050161  -0.00295704
  0.00297056  -0.00295704    0.0198976
     0.01576 -0.000332885   0.00197189
-0.000332885  0.000661561  -0.00347716
  0.00197189  -0.00347716    0.0198521
   0.0155327 -0.000237248   0.00130129
-0.000237248  0.000604518  -0.00330509
  0.00130129  -0.00330509    0.0195534
   0.0156626  0.000255289  0.000217382
 0.000255289  0.000768626  -0.00374769
 0.000217382  -0.00374769    0.0196047
   0.0158586  0.000151577   0.00097445
 0.000151577  0.000856697  -0.00397862
  0.00097445  -0.00397862    0.0198948
   0.0156095  0.000317857 -0.000493186
 0.000317857  0.000693229  -0.00354518
-0.000493186  -0.00354518    0.0193731
   0.0142927  -0.00162111   0.00351367
 -0.00162111  0.000336333  -0.00167667
  0.00351367  -0.00167667    0.0194027
   0.0154662  -0.00164725    0.0047322
 -0.00164725  0.000315467  -0.00164576
   0.0047322  -0.00164576    0.0199833
   0.0153084  -0.00179002   0.00553224
 -0.00179002  0.000299565  -0.00126656
  0.00553224  -0.00126656    0.0201766
   0.0138536  -0.00169325   0.00375235
 -0.00169325  0.000313534  -0.00133591
  0.00375235  -0.00133591    0.0201745
   0.0159753  -0.00171135   0.00626547
 -0.00171135  0.000266747  -0.00111758
  0.00626547  -0.00111758    0.0206412
    0.015082  -0.00181794   0.00614538
 -0.00181794  0.000285099 -0.000890933
  0.00614538 -0.000890933     0.020429
   0.0161308  -0.00178573   0.00714542
 -0.00178573  0.000266028   -0.0007207
  0.00714542   -0.0007207    0.0210258
   0.0138113  -0.00173351    0.0042218
 -0.00173351  0.000294804  -0.00100467
   0.0042218  -0.00100467    0.0209678
   0.0163771  -0.00164984   0.00754511
 -0.00164984  0.000240343 -0.000483615
  0.00754511 -0.000483615    0.0212389
   0.0161202  -0.00159817   0.00663914
 -0.00159817  0.000236329 -0.000949867
  0.00663914 -0.000949867    0.0208541
    0.015915  -0.00147129   0.00571104
 -0.00147129  0.000253878  -0.00144603
  0.00571104  -0.00144603    0.0205281
   0.0157583  -0.00153836   0.00529297
 -0.00153836  0.000276514  -0.00153363
  0.00529297  -0.00153363    0.0202835
   0.0126674  -0.00159387   0.00240235
 -0.00159387  0.000298692  -0.00109465
  0.00240235  -0.00109465    0.0212472
   0.0129741   -0.0015956   0.00208966
  -0.0015956  0.000318975   -0.0013942
  0.00208966   -0.0013942    0.0209638
    0.011485  -0.00135319  0.000237269
 -0.00135319  0.000306214  -0.00133034
 0.000237269  -0.00133034    0.0207704
   0.0130839  -0.00149586   0.00155996
 -0.00149586  0.000342977  -0.00170613
  0.00155996  -0.00170613    0.0202958
   0.0120193  -0.00136515 -5.61592e-05
 -0.00136515  0.000337131  -0.00166807
-5.61592e-05  -0.00166807    0.0208809
    0.012649  -0.00127787 -0.000204699
 -0.00127787  0.000372004   -0.0019686
-0.000204699   -0.0019686    0.0202713
    0.013573  -0.00135518   0.00130813
 -0.00135518  0.000368699  -0.00198324
  0.00130813  -0.00198324    0.0194255
   0.0113422  -0.00105149   -0.0018252
 -0.00105149  0.000331779  -0.00178678
  -0.0018252  -0.00178678    0.0206287
   0.0141825  -0.00113265    0.0010527
 -0.00113265  0.000397876  -0.00225802
   0.0010527  -0.00225802    0.0186299
   0.0148446  -0.00074068  0.000265008
 -0.00074068  0.000439222  -0.00258146
 0.000265008  -0.00258146    0.0186919
   0.0139946 -0.000727647  -0.00105222
-0.000727647   0.00042248  -0.00245919
 -0.00105222  -0.00245919    0.0188877
    0.015307 -0.000239138 -0.000791199
-0.000239138   0.00049298  -0.00288894
-0.000791199  -0.00288894    0.0187891
    0.014956 -0.000280471  -0.00179928
-0.000280471  0.000458715  -0.00272847
 -0.00179928  -0.00272847    0.0187685
   0.0157549  0.000240316  -0.00275532
 0.000240316  0.000510049  -0.00295801
 -0.00275532  -0.00295801    0.0187846
    0.015603  0.000325332  -0.00198603
 0.000325332  0.000566107   -0.0031668
 -0.00198603   -0.0031668    0.0189276
   0.0139583 -0.000277664  -0.00298637
-0.000277664  0.000410292  -0.00250539
 -0.00298637  -0.00250539    0.0188478
   0.0153212  0.000196077  -0.00377308
 0.000196077  0.000443185  -0.00271649
 -0.00377308  -0.00271649    0.0188552
   0.0142422  0.000108617   -0.0044854
 0.000108617  0.000374258  -0.00241355
  -0.0044854  -0.00241355    0.0186249
   0.0131654 -0.000273413  -0.00384402
-0.000273413  0.000365296  -0.00231751
 -0.00384402  -0.00231751    0.0193178
   0.0132045 -0.000654974  -0.00232586
-0.000654974  0.000394082  -0.00234872
 -0.00232586  -0.00234872    0.0195326
   0.0120615 -0.000649978  -0.00328507
-0.000649978   0.00035852  -0.00215307
 -0.00328507  -0.00215307    0.0206537
   0.0122618 -0.000966723  -0.00200871
-0.000966723  0.000368753  -0.00209459
 -0.00200871  -0.00209459    0.0203117
   0.0132767  -0.00105083 -0.000643435
 -0.00105083  0.000391399  -0.00221514
-0.000643435  -0.00221514    0.0196519
   0.0123289 -0.000238318  -0.00451203
-0.000238318  0.000333886  -0.00219634
 -0.00451203  -0.00219634    0.0197731
    0.013215  7.47173e-05  -0.00493267
 7.47173e-05  0.000312311  -0.00211149
 -0.00493267  -0.00211149    0.0179751
  0.00780348  -0.00525574  -0.00162153
 -0.00525574   0.00442276   0.00404898
 -0.00162153   0.00404898    0.0227221
  0.00767366  -0.00552683  -0.00138627
 -0.00552683   0.00464215   0.00346152
 -0.00138627   0.00346152    0.0228505
  0.00751028  -0.00489883 -0.000852547
 -0.00489883   0.00365077   0.00212053
-0.000852547   0.00212053    0.0231736
  0.00751882  -0.00515307 -0.000602726
 -0.00515307   0.00387631   0.00184891
-0.000602726   0.00184891    0.0233845
  0.00766987   -0.0057352  -0.00107194
  -0.0057352   0.00480088   0.00310228
 -0.00107194   0.00310228    0.0229849
  0.00733718  -0.00460033 -0.000104281
 -0.00460033   0.00308675   0.00077858
-0.000104281   0.00077858    0.0237456
  0.00764713  -0.00530479 -0.000274918
 -0.00530479   0.00398086    0.0018853
-0.000274918    0.0018853    0.0236032
  0.00747577  -0.00478105  0.000168016
 -0.00478105   0.00322355  0.000867361
 0.000168016  0.000867361    0.0240352
  0.00771624  -0.00488503   0.00050718
 -0.00488503   0.00330544   0.00118245
  0.00050718   0.00118245    0.0243135
   0.0077843  -0.00584422 -0.000684829
 -0.00584422   0.00485872   0.00304739
-0.000684829   0.00304739    0.0231301
  0.00787173  -0.00537823   0.00012098
 -0.00537823   0.00404614   0.00215132
  0.00012098   0.00215132    0.0238096
  0.00798993  -0.00588651 -0.000241683
 -0.00588651   0.00491293   0.00323642
-0.000241683   0.00323642    0.0232709
  0.00730411    -0.004342   0.00057308
   -0.004342   0.00265238  0.000157445
  0.00057308  0.000157445     0.024416
  0.00754554   -0.0044561  0.000867709
  -0.0044561   0.00273584  0.000471391
 0.000867709  0.000471391    0.0247613
  0.00739668  -0.00414222   0.00118728
 -0.00414222   0.00238243 -6.14953e-06
  0.00118728 -6.14953e-06    0.0251606
  0.00760528  -0.00424605  0.000757963
 -0.00424605   0.00241221 -0.000204951
 0.000757963 -0.000204951    0.0248931
  0.00742998  -0.00428061  0.000232176
 -0.00428061   0.00255205  0.000106971
 0.000232176  0.000106971    0.0241593
  0.00800507  -0.00429313  0.000414636
 -0.00429313   0.00236381 -0.000232222
 0.000414636 -0.000232222    0.0245981
  0.00762513  -0.00407755   4.1338e-05
 -0.00407755   0.00231245  0.000305501
  4.1338e-05  0.000305501    0.0238569
  0.00740992  -0.00436222 -0.000354004
 -0.00436222   0.00284324    0.0010168
-0.000354004    0.0010168    0.0235087
  0.00754872  -0.00402759 -0.000449295
 -0.00402759     0.002516   0.00144302
-0.000449295   0.00144302    0.0232248
  0.00828055  -0.00408695  0.000164558
 -0.00408695    0.0021144  4.70885e-05
 0.000164558  4.70885e-05     0.022804
  0.00776262  -0.00372904   -3.189e-05
 -0.00372904   0.00197244  0.000716348
  -3.189e-05  0.000716348    0.0229631
  0.00832653   -0.0037325  0.000116837
  -0.0037325     0.001803   0.00042573
 0.000116837   0.00042573    0.0221059
  0.00763703  -0.00458307  -0.00101286
 -0.00458307   0.00335595   0.00261501
 -0.00101286   0.00261501    0.0229624
   0.0082617  -0.00585336  0.000225482
 -0.00585336   0.00494622   0.00363517
 0.000225482   0.00363517    0.0233691
  0.00816829  -0.00537573  0.000544343
 -0.00537573   0.00407458   0.00260759
 0.000544343   0.00260759    0.0239768
  0.00848796  -0.00529498  0.000944687
 -0.00529498   0.00410367   0.00319182
 0.000944687   0.00319182    0.0240774
  0.00855073  -0.00573758  0.000662155
 -0.00573758   0.00499202   0.00419155
 0.000662155   0.00419155    0.0233958
  0.00837114  -0.00486129   0.00123782
 -0.00486129   0.00333867   0.00224809
  0.00123782   0.00224809    0.0247345
  0.00874679  -0.00510762   0.00124625
 -0.00510762   0.00411227   0.00390433
  0.00124625   0.00390433    0.0241173
  0.00866492   -0.0047183   0.00150262
  -0.0047183   0.00332436   0.00292643
  0.00150262   0.00292643    0.0248562
  0.00882733  -0.00450349   0.00162161
 -0.00450349   0.00330129   0.00359685
  0.00162161   0.00359685    0.0249244
  0.00876881  -0.00550233  0.000996212
 -0.00550233   0.00502848    0.0048985
 0.000996212    0.0048985    0.0233609
   0.0088628  -0.00483738   0.00140092
 -0.00483738   0.00411602   0.00462588
  0.00140092   0.00462588    0.0241076
  0.00884369  -0.00518548   0.00117797
 -0.00518548   0.00506883   0.00564468
  0.00117797   0.00564468     0.023278
  0.00853841  -0.00438066   0.00172876
 -0.00438066   0.00272661   0.00208759
  0.00172876   0.00208759    0.0255528
  0.00873603  -0.00421339   0.00181764
 -0.00421339   0.00268502   0.00266133
  0.00181764   0.00266133     0.025697
  0.00861051  -0.00399672   0.00198827
 -0.00399672   0.00227485   0.00183821
  0.00198827   0.00183821    0.0264092
  0.00838803  -0.00412509   0.00192966
 -0.00412509   0.00233017   0.00137857
  0.00192966   0.00137857    0.0261929
  0.00822155  -0.00448631   0.00150241
 -0.00448631     0.002757   0.00148061
  0.00150241   0.00148061    0.0253462
  0.00806283    -0.004199   0.00173948
   -0.004199   0.00237736  0.000870915
  0.00173948  0.000870915    0.0259048
  0.00787016  -0.00450538   0.00119284
 -0.00450538   0.00275927   0.00093909
  0.00119284   0.00093909    0.0250782
  0.00802897  -0.00490899  0.000881626
 -0.00490899   0.00332778   0.00166505
 0.000881626   0.00166505    0.0245523
  0.00771055  -0.00419456   0.00147447
 -0.00419456   0.00239057  0.000405628
  0.00147447  0.000405628     0.025552
   0.0128626  -0.00647851 -0.000632948
 -0.00647851   0.00336043   0.00125727
-0.000632948   0.00125727    0.0204274
   0.0116893   -0.0060337 -9.45381e-06
  -0.0060337   0.00319625  0.000980315
-9.45381e-06  0.000980315    0.0214998
  0.00984719  -0.00484578   0.00094164
 -0.00484578   0.00247024  0.000612337
  0.00094164  0.000612337    0.0237593
  0.00936154  -0.00477893   0.00111056
 -0.00477893   0.00250715  0.000407018
  0.00111056  0.000407018    0.0239829
   0.0118321  -0.00627994 -0.000180788
 -0.00627994   0.00341207    0.0010402
-0.000180788    0.0010402    0.0210747
   0.0081853  -0.00411361   0.00155581
 -0.00411361   0.00214554  0.000286829
  0.00155581  0.000286829    0.0249707
  0.00956318  -0.00498903  0.000917221
 -0.00498903   0.00266398  0.000344561
 0.000917221  0.000344561    0.0237939
  0.00800631  -0.00413035   0.00145454
 -0.00413035   0.00218466  3.98945e-05
  0.00145454  3.98945e-05     0.025022
  0.00871054  -0.00456143   0.00107529
 -0.00456143   0.00243558 -8.94814e-05
  0.00107529 -8.94814e-05    0.0251972
   0.0114283   -0.0061759 -0.000306012
  -0.0061759   0.00341817   0.00108037
-0.000306012   0.00108037    0.0201701
  0.00998515  -0.00527685  0.000263716
 -0.00527685   0.00285684  0.000493019
 0.000263716  0.000493019    0.0218285
    0.011626   -0.0063309 -0.000648155
  -0.0063309   0.00354406    0.0012222
-0.000648155    0.0012222     0.019146
  0.00753155  -0.00395321   0.00164699
 -0.00395321   0.00214598  7.55454e-05
  0.00164699  7.55454e-05    0.0254722
  0.00778955  -0.00417461   0.00127182
 -0.00417461   0.00228323  -0.00017979
  0.00127182  -0.00017979     0.025387
  0.00794833  -0.00401866   0.00176917
 -0.00401866   0.00215192  0.000472761
  0.00176917  0.000472761     0.025709
  0.00836834  -0.00401478   0.00185917
 -0.00401478   0.00211287  0.000883136
  0.00185917  0.000883136    0.0261225
  0.00885273  -0.00425442   0.00147833
 -0.00425442   0.00215934  0.000611273
  0.00147833  0.000611273    0.0249483
  0.00950192  -0.00435271    0.0013737
 -0.00435271   0.00214865  0.000895269
   0.0013737  0.000895269    0.0253518
  0.00869925  -0.00396171   0.00182887
 -0.00396171   0.00206366    0.0012585
  0.00182887    0.0012585    0.0264514
   0.0108301  -0.00514996  0.000498622
 -0.00514996   0.00255511  0.000906155
 0.000498622  0.000906155    0.0231399
   0.0117286  -0.00633627 -0.000732461
 -0.00633627   0.00353249   0.00122292
-0.000732461   0.00122292    0.0186773
    0.010585  -0.00549238 -0.000252831
 -0.00549238   0.00293248  0.000614073
-0.000252831  0.000614073    0.0201454
   0.0115211  -0.00572726 -0.000668642
 -0.00572726   0.00297355  0.000903835
-0.000668642  0.000903835    0.0198268
   0.0122547  -0.00641275 -0.000939436
 -0.00641275   0.00349795   0.00137927
-0.000939436   0.00137927    0.0187033
   0.0103455  -0.00503503  -0.00016771
 -0.00503503   0.00255654  0.000389256
 -0.00016771  0.000389256    0.0211769
   0.0118886  -0.00535677 -0.000525598
 -0.00535677   0.00262654   0.00111315
-0.000525598   0.00111315     0.019679
   0.0111181  -0.00495831 -0.000229725
 -0.00495831   0.00235068  0.000506614
-0.000229725  0.000506614    0.0210567
   0.0110286  -0.00447945 -0.000162146
 -0.00447945   0.00198383  0.000669887
-0.000162146  0.000669887    0.0214753
   0.0122673  -0.00583896 -0.000907548
 -0.00583896   0.00303424   0.00164295
-0.000907548   0.00164295    0.0177625
   0.0117699  -0.00470564 -0.000371507
 -0.00470564   0.00213636   0.00126898
-0.000371507   0.00126898    0.0192437
   0.0124744  -0.00530296 -0.000682763
 -0.00530296   0.00264917   0.00197867
-0.000682763   0.00197867    0.0179874
  0.00947174   -0.0043726 -6.49357e-05
  -0.0043726   0.00213075  0.000237341
-6.49357e-05  0.000237341    0.0215947
  0.00928032  -0.00385716  7.11024e-05
 -0.00385716   0.00174232  0.000493021
 7.11024e-05  0.000493021    0.0216234
  0.00897441  -0.00451823  0.000202036
 -0.00451823   0.00234329 -6.69274e-05
 0.000202036 -6.69274e-05    0.0227771
  0.00835647  -0.00442484  0.000817488
 -0.00442484   0.00238238 -0.000292393
 0.000817488 -0.000292393     0.025363
  0.00940491  -0.00482735  0.000257043
 -0.00482735    0.0025336  9.70733e-05
 0.000257043  9.70733e-05    0.0226113
  0.00874496  -0.00484471   0.00120063
 -0.00484471   0.00509462   0.00632504
  0.00120063   0.00632504    0.0231579
  0.00880797  -0.00454245   0.00139112
 -0.00454245   0.00410383   0.00526124
  0.00139112   0.00526124    0.0240555
  0.00860264   -0.0042739   0.00124615
  -0.0042739   0.00409302   0.00574067
  0.00124615   0.00574067    0.0239686
  0.00850865  -0.00454087   0.00109184
 -0.00454087   0.00513571   0.00686656
  0.00109184   0.00686656    0.0230123
  0.00864271  -0.00403039      0.00139
 -0.00403039   0.00321853   0.00457328
     0.00139   0.00457328    0.0249082
   0.0082996  -0.00404198   0.00100643
 -0.00404198   0.00407619   0.00608697
  0.00100643   0.00608697    0.0238756
    0.008367  -0.00382942   0.00110931
 -0.00382942   0.00316192   0.00484136
  0.00110931   0.00484136     0.024862
  0.00803706  -0.00363807  0.000777822
 -0.00363807   0.00309761   0.00502008
 0.000777822   0.00502008    0.0248219
  0.00818243  -0.00427265  0.000892061
 -0.00427265   0.00516575   0.00727465
 0.000892061   0.00727465     0.022869
  0.00794571  -0.00382147  0.000715771
 -0.00382147   0.00404281   0.00633507
 0.000715771   0.00633507    0.0237903
  0.00782371  -0.00402198  0.000637298
 -0.00402198   0.00517586   0.00758821
 0.000637298   0.00758821    0.0227346
  0.00838708  -0.00366084   0.00118877
 -0.00366084   0.00248091   0.00364367
  0.00118877   0.00364367    0.0257875
  0.00808267  -0.00349232  0.000821343
 -0.00349232   0.00239727   0.00373615
 0.000821343   0.00373615    0.0257781
   0.0080858  -0.00339655  0.000860886
 -0.00339655   0.00195168   0.00254436
 0.000860886   0.00254436    0.0266481
  0.00836391  -0.00354489   0.00126185
 -0.00354489   0.00203931   0.00252342
  0.00126185   0.00252342    0.0266358
  0.00863288  -0.00383257   0.00151025
 -0.00383257   0.00256512    0.0034585
  0.00151025    0.0034585    0.0257946
  0.00857968  -0.00368957   0.00162079
 -0.00368957   0.00212892   0.00241981
  0.00162079   0.00241981    0.0266089
  0.00876825  -0.00401975   0.00173761
 -0.00401975    0.0026294   0.00313646
  0.00173761   0.00313646    0.0257739
  0.00881225  -0.00425781   0.00157675
 -0.00425781   0.00326231   0.00416571
  0.00157675   0.00416571    0.0249379
  0.00867488  -0.00384042   0.00188223
 -0.00384042   0.00220193   0.00219521
  0.00188223   0.00219521    0.0265438
  0.00745648   -0.0037796   0.00034068
  -0.0037796   0.00515146   0.00786201
  0.00034068   0.00786201    0.0225959
  0.00758103  -0.00359436  0.000381869
 -0.00359436   0.00397671   0.00655056
 0.000381869   0.00655056    0.0236995
  0.00721876  -0.00336154  1.23089e-05
 -0.00336154   0.00389949   0.00676981
 1.23089e-05   0.00676981    0.0235962
  0.00709861  -0.00354287  1.28752e-05
 -0.00354287   0.00512075   0.00812746
 1.28752e-05   0.00812746    0.0224458
  0.00731826  -0.00319725  2.03345e-07
 -0.00319725   0.00289633   0.00532914
 2.03345e-07   0.00532914    0.0247005
  0.00686912  -0.00314436   -0.0003861
 -0.00314436    0.0038281    0.0069812
  -0.0003861    0.0069812    0.0234898
  0.00696589  -0.00296918 -0.000437672
 -0.00296918   0.00278411   0.00549612
-0.000437672   0.00549612    0.0246198
  0.00667368  -0.00276083 -0.000840737
 -0.00276083   0.00268068   0.00565883
-0.000840737   0.00565883    0.0243674
  0.00675769  -0.00332581 -0.000336599
 -0.00332581   0.00509371   0.00836889
-0.000336599   0.00836889    0.0222934
  0.00655061  -0.00294113 -0.000791116
 -0.00294113   0.00376318   0.00717185
-0.000791116   0.00717185    0.0231757
  0.00644729  -0.00312251 -0.000685762
 -0.00312251   0.00507384   0.00859481
-0.000685762   0.00859481    0.0221507
  0.00704486  -0.00283301 -0.000499825
 -0.00283301   0.00202138   0.00402804
-0.000499825   0.00402804    0.0256302
  0.00689839  -0.00263451 -0.000921849
 -0.00263451   0.00189144   0.00415938
-0.000921849   0.00415938    0.0251639
  0.00699259  -0.00252993 -0.000937086
 -0.00252993   0.00139831   0.00279477
-0.000937086   0.00279477    0.0262414
  0.00709901  -0.00274742 -0.000546689
 -0.00274742   0.00154787   0.00267055
-0.000546689   0.00267055    0.0264893
  0.00739516  -0.00307383 -2.98745e-05
 -0.00307383   0.00216176   0.00390701
-2.98745e-05   0.00390701    0.0257047
  0.00743819  -0.00299601 -4.90693e-05
 -0.00299601   0.00170296   0.00258929
-4.90693e-05   0.00258929    0.0265831
  0.00774644  -0.00330103  0.000412858
 -0.00330103   0.00228974    0.0038072
 0.000412858    0.0038072    0.0257562
  0.00767783  -0.00342882   0.00040767
 -0.00342882   0.00300596    0.0051663
  0.00040767    0.0051663    0.0247712
  0.00776931  -0.00321866  0.000424311
 -0.00321866   0.00183777   0.00254679
 0.000424311   0.00254679    0.0266365
   0.0128886  -0.00497772  -0.00418015
 -0.00497772   0.00196636   0.00134864
 -0.00418015   0.00134864    0.0200106
   0.0132812  -0.00531501  -0.00374697
 -0.00531501   0.00215831   0.00126863
 -0.00374697   0.00126863    0.0201132
   0.0104474   -0.0040525  -0.00247125
  -0.0040525   0.00162347  0.000937614
 -0.00247125  0.000937614    0.0234505
   0.0107943  -0.00432043  -0.00200645
 -0.00432043   0.00177824  0.000920945
 -0.00200645  0.000920945    0.0235238
   0.0136095  -0.00561687  -0.00330835
 -0.00561687   0.00235506   0.00122162
 -0.00330835   0.00122162    0.0201509
  0.00882094    -0.003483 -0.000883176
   -0.003483   0.00149403  0.000974818
-0.000883176  0.000974818    0.0259157
   0.0110744  -0.00455137  -0.00155606
 -0.00455137   0.00192634  0.000918224
 -0.00155606  0.000918224    0.0235388
  0.00912331  -0.00369189 -0.000415827
 -0.00369189    0.0016161  0.000994992
-0.000415827  0.000994992    0.0259493
  0.00939233  -0.00387365  4.45047e-05
 -0.00387365   0.00174151    0.0010382
 4.45047e-05    0.0010382    0.0259401
    0.013835  -0.00589237  -0.00287712
 -0.00589237   0.00255164   0.00121232
 -0.00287712   0.00121232    0.0201194
   0.0112921  -0.00476412  -0.00110555
 -0.00476412   0.00208048  0.000970148
 -0.00110555  0.000970148    0.0234924
   0.0140019  -0.00613473  -0.00244209
 -0.00613473   0.00273864   0.00125643
 -0.00244209   0.00125643    0.0200445
  0.00802668  -0.00327011  0.000163843
 -0.00327011   0.00159871    0.0015831
 0.000163843    0.0015831    0.0268464
  0.00831894  -0.00344185   0.00061607
 -0.00344185   0.00171416    0.0016216
  0.00061607    0.0016216    0.0268444
  0.00770998  -0.00305877  -0.00031421
 -0.00305877   0.00147327   0.00158009
 -0.00031421   0.00158009    0.0267969
  0.00738296  -0.00280307 -0.000821336
 -0.00280307   0.00131567   0.00162183
-0.000821336   0.00162183    0.0266863
  0.00848216  -0.00322641  -0.00137762
 -0.00322641    0.0013443  0.000994495
 -0.00137762  0.000994495    0.0258101
   0.0083322  -0.00294718  -0.00181482
 -0.00294718   0.00115751   0.00109446
 -0.00181482   0.00109446    0.0256843
  0.00740128    -0.002592  -0.00124624
   -0.002592   0.00115547   0.00173615
 -0.00124624   0.00173615    0.0263735
   0.0102333  -0.00376346  -0.00291749
 -0.00376346   0.00144348   0.00102161
 -0.00291749   0.00102161    0.0233149
   0.0140917  -0.00635067  -0.00201111
 -0.00635067   0.00292155    0.0013382
 -0.00201111    0.0013382     0.019929
   0.0114558  -0.00493134 -0.000671834
 -0.00493134   0.00221092    0.0010491
-0.000671834    0.0010491    0.0234082
   0.0115218  -0.00508447 -0.000280322
 -0.00508447   0.00234849   0.00112322
-0.000280322   0.00112322    0.0232722
    0.014089  -0.00657067  -0.00156396
 -0.00657067   0.00314825   0.00137346
 -0.00156396   0.00137346     0.019888
   0.0097379  -0.00415013  0.000875165
 -0.00415013   0.00195159    0.0011366
 0.000875165    0.0011366     0.025794
   0.0113866  -0.00519688   0.00013517
 -0.00519688   0.00248663   0.00105549
  0.00013517   0.00105549    0.0231529
  0.00974023  -0.00426678   0.00116218
 -0.00426678   0.00204652   0.00109205
  0.00116218   0.00109205    0.0256366
   0.0135757   -0.0065591  -0.00108497
  -0.0065591   0.00326339   0.00135251
 -0.00108497   0.00135251    0.0200897
   0.0087998  -0.00382736   0.00169997
 -0.00382736   0.00197249   0.00150546
  0.00169997   0.00150546     0.026646
  0.00874224  -0.00370419    0.0014238
 -0.00370419   0.00189674    0.0016287
   0.0014238    0.0016287    0.0267549
  0.00856747  -0.00357684   0.00104149
 -0.00357684   0.00180596   0.00164997
  0.00104149   0.00164997    0.0268146
  0.00960352  -0.00402737  0.000486602
 -0.00402737   0.00185506   0.00109851
 0.000486602   0.00109851    0.0258882
  0.00590198  -0.00830388 -0.000797203
 -0.00830388    0.0245656    0.0140244
-0.000797203    0.0140244    0.0155805
  0.00607611  -0.00822809 -0.000351426
 -0.00822809    0.0234031    0.0132228
-0.000351426    0.0132228    0.0157542
  0.00640128  -0.00826514  -0.00087795
 -0.00826514    0.0198205    0.0124255
 -0.00087795    0.0124255    0.0170514
  0.00658364  -0.00818802 -0.000408764
 -0.00818802     0.018945    0.0116837
-0.000408764    0.0116837    0.0170871
  0.00628362  -0.00811812  8.31768e-05
 -0.00811812    0.0222962    0.0125417
 8.31768e-05    0.0125417    0.0158632
  0.00688494  -0.00815404 -0.000881668
 -0.00815404    0.0158517    0.0106922
-0.000881668    0.0106922      0.01828
  0.00678791   -0.0080599  2.92629e-05
  -0.0080599    0.0181639    0.0111603
