           0            0            0
           0            0            0
           0            0            0
   0.0263109 -0.000888608   0.00520327
-0.000888608  0.000151501 -0.000960736
  0.00520327 -0.000960736    0.0162973
   0.0229642 -0.000860807   0.00793474
-0.000860807  0.000119138 -0.000742759
  0.00793474 -0.000742759    0.0200071
   0.0196011  -0.00136348    0.0104748
 -0.00136348  0.000183684  -0.00065705
   0.0104748  -0.00065705    0.0220891
   0.0187468  -0.00186999    0.0116486
 -0.00186999  0.000279202 -0.000543675
   0.0116486 -0.000543675    0.0221924
   0.0188335  -0.00229793    0.0111625
 -0.00229793  0.000383114 -0.000504723
   0.0111625 -0.000504723    0.0224395
   0.0167473  -0.00216031   0.00966049
 -0.00216031  0.000349555 -0.000656888
  0.00966049 -0.000656888    0.0201886
   0.0174076   -0.0025189   0.00889301
  -0.0025189  0.000438302 -0.000678601
  0.00889301 -0.000678601    0.0213486
   0.0189685  -0.00261081     0.010242
 -0.00261081  0.000463187 -0.000563135
    0.010242 -0.000563135     0.022717
   0.0171725  -0.00264385    0.0071471
 -0.00264385   0.00048701  -0.00082557
   0.0071471  -0.00082557    0.0221447
   0.0188563  -0.00278249   0.00858497
 -0.00278249  0.000512144 -0.000740676
  0.00858497 -0.000740676     0.023543
   0.0170335  -0.00257747   0.00502052
 -0.00257747  0.000502214  -0.00109491
  0.00502052  -0.00109491     0.023157
   0.0189911  -0.00290767   0.00779547
 -0.00290767  0.000536938 -0.000960955
  0.00779547 -0.000960955     0.023687
   0.0387258   0.00111378     0.013503
  0.00111378  0.000718892   0.00260438
    0.013503   0.00260438    0.0203258
   0.0334733   5.0955e-05    0.0158708
  5.0955e-05  0.000931378   0.00330971
   0.0158708   0.00330971    0.0241096
   0.0331999   0.00075581     0.015626
  0.00075581  0.000704956   0.00312911
    0.015626   0.00312911    0.0240161
   0.0301036  0.000117512    0.0176768
 0.000117512  0.000922401   0.00362161
   0.0176768   0.00362161    0.0269814
   0.0297942 -0.000550154    0.0175575
-0.000550154   0.00116355   0.00368631
   0.0175575   0.00368631    0.0268657
   0.0286665  0.000342666    0.0167332
 0.000342666  0.000695071   0.00319804
   0.0167332   0.00319804    0.0265127
     0.02776 -0.000466715    0.0181285
-0.000466715   0.00108772   0.00366768
   0.0181285   0.00366768    0.0281455
   0.0267336 -0.000215744    0.0174108
-0.000215744  0.000859895   0.00336115
   0.0174108   0.00336115    0.0277728
   0.0261718 -0.000783228    0.0173011
-0.000783228  0.000941386   0.00315338
   0.0173011   0.00315338    0.0279199
   0.0271499  -0.00104411    0.0177687
 -0.00104411   0.00131499   0.00364872
   0.0177687   0.00364872     0.027908
   0.0270345  -0.00107286    0.0178953
 -0.00107286   0.00114551   0.00334685
   0.0178953   0.00334685    0.0282521
   0.0262799  -0.00159393    0.0174041
 -0.00159393   0.00134165   0.00327488
   0.0174041   0.00327488     0.027996
   0.0252821 -0.000338604    0.0164095
-0.000338604  0.000651142   0.00272448
   0.0164095   0.00272448     0.027283
   0.0247473 -0.000836315    0.0163244
-0.000836315  0.000752066   0.00264018
   0.0163244   0.00264018    0.0274241
   0.0237995  -0.00116835     0.015676
 -0.00116835  0.000593992   0.00188897
    0.015676   0.00188897    0.0271877
   0.0244568 -0.000718911    0.0158471
-0.000718911  0.000480786   0.00186948
   0.0158471   0.00186948    0.0271264
   0.0271423  0.000170821    0.0157288
 0.000170821  0.000493899   0.00246634
   0.0157288   0.00246634    0.0260576
   0.0265671 -0.000232271    0.0153709
-0.000232271  0.000339113   0.00156582
   0.0153709   0.00156582     0.026053
   0.0300293  0.000724402     0.013693
 0.000724402  0.000341244   0.00185741
    0.013693   0.00185741    0.0231747
   0.0314494  0.000940944    0.0145497
 0.000940944  0.000505197   0.00261511
   0.0145497   0.00261511    0.0235059
   0.0356756   0.00176554    0.0117599
  0.00176554  0.000389636   0.00177141
   0.0117599   0.00177141    0.0195587
   0.0298206  0.000311346     0.013385
 0.000311346  0.000221126  0.000998002
    0.013385  0.000998002    0.0233344
    0.034393   0.00142117    0.0111069
  0.00142117  0.000259276   0.00108181
   0.0111069   0.00108181    0.0193519
    0.035209  0.000912981    0.0108921
 0.000912981  0.000169926  0.000339881
   0.0108921  0.000339881    0.0196984
   0.0376355   0.00173068    0.0128451
  0.00173068   0.00054192   0.00232124
   0.0128451   0.00232124     0.020025
   0.0256172  -0.00218988    0.0164059
 -0.00218988   0.00126449     0.002661
   0.0164059     0.002661    0.0274907
   0.0264574  -0.00174875    0.0169283
 -0.00174875   0.00110284   0.00273795
   0.0169283   0.00273795    0.0276765
   0.0259321  -0.00231653      0.01591
 -0.00231653  0.000991046   0.00195956
     0.01591   0.00195956    0.0271421
   0.0250074  -0.00265672    0.0153422
 -0.00265672   0.00111141    0.0018939
   0.0153422    0.0018939    0.0269991
   0.0252554  -0.00199313    0.0154344
 -0.00199313  0.000853158    0.0019175
   0.0154344    0.0019175     0.026793
   0.0254344  -0.00275841    0.0148413
 -0.00275841  0.000848497   0.00106679
   0.0148413   0.00106679    0.0266109
   0.0248416  -0.00244933    0.0144257
 -0.00244933  0.000742879   0.00107835
   0.0144257   0.00107835    0.0262693
   0.0244822  -0.00278159    0.0134303
 -0.00278159  0.000636787  0.000167085
   0.0134303  0.000167085    0.0257768
   0.0244353  -0.00298038    0.0142093
 -0.00298038  0.000927811   0.00103308
   0.0142093   0.00103308    0.0264788
   0.0250131  -0.00306811    0.0137817
 -0.00306811  0.000716732  0.000121776
   0.0137817  0.000121776     0.026096
   0.0239098  -0.00317747    0.0130508
 -0.00317747  0.000763291   0.00014045
   0.0130508   0.00014045    0.0259307
   0.0235116  -0.00228213     0.013527
 -0.00228213  0.000648734  0.000936609
    0.013527  0.000936609    0.0257583
   0.0231509  -0.00255491    0.0125326
 -0.00255491  0.000563052  0.000130234
   0.0125326  0.000130234     0.025256
   0.0220233  -0.00253078    0.0117373
 -0.00253078  0.000522266 -5.35258e-05
   0.0117373 -5.35258e-05    0.0248505
   0.0224558  -0.00234916    0.0128017
 -0.00234916  0.000587905  0.000611503
   0.0128017  0.000611503     0.025413
   0.0239056  -0.00188924    0.0145261
 -0.00188924  0.000729653   0.00165795
   0.0145261   0.00165795    0.0262923
    0.022883  -0.00204595    0.0138453
 -0.00204595  0.000639107   0.00118712
   0.0138453   0.00118712     0.025994
   0.0243037  -0.00140084    0.0154625
 -0.00140084  0.000771204   0.00223977
   0.0154625   0.00223977    0.0268393
   0.0256929  -0.00143149    0.0163987
 -0.00143149   0.00092852   0.00262563
   0.0163987   0.00262563    0.0273351
   0.0233043   -0.0016459    0.0148024
  -0.0016459  0.000643897   0.00162522
   0.0148024   0.00162522    0.0265785
   0.0204392  -0.00289684    0.0103685
 -0.00289684  0.000539045  -0.00054886
   0.0103685  -0.00054886    0.0243196
   0.0204331  -0.00268662    0.0112944
 -0.00268662  0.000503081 -0.000338829
   0.0112944 -0.000338829    0.0242083
   0.0220463  -0.00262482    0.0129736
 -0.00262482  0.000543378   5.3618e-05
   0.0129736   5.3618e-05    0.0255257
   0.0201848  -0.00235089    0.0122167
 -0.00235089  0.000426365 -0.000257892
   0.0122167 -0.000257892     0.023777
   0.0222483    -0.002289    0.0138224
   -0.002289  0.000482751    0.0002556
   0.0138224    0.0002556     0.025958
   0.0223866  -0.00184531    0.0144946
 -0.00184531  0.000381707  0.000325699
   0.0144946  0.000325699    0.0261619
   0.0203898  -0.00193703    0.0129973
 -0.00193703   0.00032365 -0.000234734
   0.0129973 -0.000234734    0.0238987
   0.0231864  -0.00206341    0.0147261
 -0.00206341  0.000559073  0.000864696
   0.0147261  0.000864696    0.0267145
   0.0235787  -0.00161761     0.015541
 -0.00161761  0.000478999   0.00101789
    0.015541   0.00101789    0.0273211
   0.0226583  -0.00239228    0.0136876
 -0.00239228  0.000586449  0.000567527
   0.0136876  0.000567527    0.0260492
   0.0221654  -0.00261592    0.0125503
 -0.00261592  0.000566817  0.000141981
   0.0125503  0.000141981    0.0253675
   0.0216378  -0.00281948    0.0119593
 -0.00281948  0.000553454 -0.000269505
   0.0119593 -0.000269505    0.0251058
   0.0213652  -0.00292094    0.0109752
 -0.00292094  0.000540199 -0.000703109
   0.0109752 -0.000703109    0.0244458
   0.0216368  -0.00271478    0.0113719
 -0.00271478  0.000521286 -0.000375937
   0.0113719 -0.000375937    0.0247042
   0.0202017  -0.00296371   0.00952388
 -0.00296371  0.000539558 -0.000887154
  0.00952388 -0.000887154    0.0241004
   0.0211363  -0.00144099    0.0126133
 -0.00144099  0.000217493 -0.000342323
   0.0126133 -0.000342323    0.0239568
   0.0242355  -0.00092627    0.0109149
 -0.00092627   0.00013447 -0.000503179
   0.0109149 -0.000503179    0.0225922
   0.0250939 -0.000840772    0.0129348
-0.000840772  0.000164124 -6.83906e-05
   0.0129348 -6.83906e-05    0.0242836
    0.027483 -0.000537093   0.00777196
-0.000537093  0.000110496 -0.000722762
  0.00777196 -0.000722762    0.0189733
   0.0282199   -0.0004193   0.00963617
  -0.0004193  0.000118214 -0.000434314
  0.00963617 -0.000434314    0.0204303
   0.0325697 -0.000174924   0.00702393
-0.000174924   0.00012979  -0.00075579
  0.00702393  -0.00075579    0.0168939
   0.0304259 -0.000600285   0.00538201
-0.000600285  0.000144582 -0.000947469
  0.00538201 -0.000947469    0.0160482
   0.0293601  -6.3321e-05    0.0121721
 -6.3321e-05  0.000143381  0.000214367
   0.0121721  0.000214367    0.0226725
    0.033606  0.000321349   0.00926597
 0.000321349  0.000120818 -0.000262221
  0.00926597 -0.000262221    0.0186745
   0.0260951 -0.000625339    0.0146843
-0.000625339   0.00022771  0.000675806
   0.0146843  0.000675806    0.0257241
   0.0240071  -0.00115001    0.0155394
 -0.00115001  0.000355461  0.000952053
   0.0155394  0.000952053    0.0271243
   0.0228175  -0.00136416    0.0141955
 -0.00136416  0.000261421  0.000213303
   0.0141955  0.000213303    0.0257324
   0.0233605  -0.00327203    0.0118434
 -0.00327203  0.000649923  -0.00074996
   0.0118434  -0.00074996    0.0253672
   0.0246681  -0.00327512    0.0127091
 -0.00327512  0.000631844 -0.000842317
   0.0127091 -0.000842317    0.0255945
   0.0243661   -0.0033744    0.0116143
  -0.0033744  0.000624926  -0.00179581
   0.0116143  -0.00179581    0.0251184
   0.0227541  -0.00326564    0.0105915
 -0.00326564  0.000620615  -0.00161797
   0.0105915  -0.00161797    0.0248099
   0.0241134  -0.00314339    0.0114742
 -0.00314339  0.000572154  -0.00176979
   0.0114742  -0.00176979    0.0249208
   0.0239628  -0.00338896    0.0104953
 -0.00338896  0.000701896  -0.00270233
   0.0104953  -0.00270233    0.0246565
   0.0240083  -0.00320427    0.0105015
 -0.00320427  0.000658897  -0.00271138
   0.0105015  -0.00271138    0.0245445
   0.0238204  -0.00319627   0.00956067
 -0.00319627   0.00081534  -0.00356452
  0.00956067  -0.00356452    0.0241827
   0.0220438  -0.00317546   0.00933184
 -0.00317546  0.000667733   -0.0024369
  0.00933184   -0.0024369    0.0242565
   0.0234087  -0.00331566   0.00939623
 -0.00331566  0.000844031  -0.00352174
  0.00939623  -0.00352174    0.0241874
   0.0211893  -0.00301408   0.00810517
 -0.00301408  0.000783471  -0.00319188
  0.00810517  -0.00319188    0.0236758
   0.0226113  -0.00279875   0.00959782
 -0.00279875  0.000579147  -0.00256636
  0.00959782  -0.00256636    0.0240322
   0.0226267  -0.00276827   0.00872534
 -0.00276827  0.000725423  -0.00339497
  0.00872534  -0.00339497    0.0237143
   0.0209566  -0.00229697   0.00756356
 -0.00229697  0.000626791  -0.00316007
  0.00756356  -0.00316007    0.0231085
   0.0210184  -0.00243272    0.0085183
 -0.00243272  0.000507953  -0.00240715
   0.0085183  -0.00240715    0.0234635
   0.0226537  -0.00278515     0.010549
 -0.00278515  0.000501844  -0.00166205
    0.010549  -0.00166205    0.0243897
   0.0212367  -0.00254728   0.00956777
 -0.00254728   0.00045718  -0.00159878
  0.00956777  -0.00159878    0.0238635
   0.0228265  -0.00272001    0.0115309
 -0.00272001  0.000501804  -0.00074538
   0.0115309  -0.00074538     0.024793
   0.0242169  -0.00301082    0.0124466
 -0.00301082  0.000566724  -0.00079407
   0.0124466  -0.00079407    0.0253286
   0.0215798  -0.00259895    0.0106527
 -0.00259895  0.000466655 -0.000797613
   0.0106527 -0.000797613    0.0243266
    0.020177  -0.00277861   0.00689767
 -0.00277861  0.000959465  -0.00391872
  0.00689767  -0.00391872    0.0230523
   0.0226719  -0.00315813    0.0082748
 -0.00315813   0.00103713   -0.0042758
   0.0082748   -0.0042758    0.0236835
   0.0218097  -0.00284953   0.00711272
 -0.00284953   0.00129841  -0.00500373
  0.00711272  -0.00500373    0.0231376
   0.0190739   -0.0024068   0.00571833
  -0.0024068   0.00123018   -0.0046675
  0.00571833   -0.0046675    0.0223915
    0.023061  -0.00287876   0.00759175
 -0.00287876   0.00126232  -0.00504641
  0.00759175  -0.00504641    0.0234238
   0.0207858  -0.00235712   0.00593771
 -0.00235712   0.00164966  -0.00574267
  0.00593771  -0.00574267    0.0225628
    0.022459  -0.00247464   0.00651534
 -0.00247464   0.00157047  -0.00573522
  0.00651534  -0.00573522    0.0230147
   0.0216272  -0.00185439   0.00542057
 -0.00185439   0.00196516  -0.00641967
  0.00542057  -0.00641967    0.0225976
   0.0178746  -0.00185154   0.00461506
 -0.00185154   0.00161927  -0.00546915
  0.00461506  -0.00546915    0.0217179
   0.0195405  -0.00164285   0.00479529
 -0.00164285   0.00212378  -0.00651263
  0.00479529  -0.00651263    0.0219892
   0.0165888  -0.00109554   0.00361469
 -0.00109554   0.00217835  -0.00634392
  0.00361469  -0.00634392     0.021082
   0.0223451  -0.00218066   0.00599628
 -0.00218066   0.00140179  -0.00544826
  0.00599628  -0.00544826    0.0228825
   0.0220292  -0.00165922   0.00502299
 -0.00165922   0.00171544  -0.00604654
  0.00502299  -0.00604654    0.0226459
   0.0210621  -0.00119837   0.00381482
 -0.00119837   0.00143455  -0.00550335
  0.00381482  -0.00550335    0.0222426
   0.0210216  -0.00164571   0.00475113
 -0.00164571   0.00119442  -0.00500429
  0.00475113  -0.00500429    0.0223586
    0.022516  -0.00250451   0.00695352
 -0.00250451   0.00113651  -0.00481717
  0.00695352  -0.00481717    0.0231386
   0.0209868   -0.0019473   0.00570114
  -0.0019473  0.000978881  -0.00445344
  0.00570114  -0.00445344     0.022541
   0.0225782  -0.00269185   0.00785401
 -0.00269185  0.000911528  -0.00414109
  0.00785401  -0.00414109    0.0234186
   0.0234884  -0.00310782    0.0086072
 -0.00310782   0.00101221  -0.00433364
   0.0086072  -0.00433364    0.0238155
   0.0209453    -0.002155   0.00664453
   -0.002155  0.000786297  -0.00384213
  0.00664453  -0.00384213    0.0228007
   0.0187145  0.000109208 -0.000606305
 0.000109208  0.000710454  -0.00375138
-0.000606305  -0.00375138    0.0207719
   0.0186699 -0.000370756  0.000783574
-0.000370756  0.000662953  -0.00363006
 0.000783574  -0.00363006    0.0208013
   0.0185981 -0.000471178   0.00152776
-0.000471178  0.000747819  -0.00389012
  0.00152776  -0.00389012    0.0210576
    0.018694 -0.000933669   0.00286258
-0.000933669   0.00066186  -0.00359529
  0.00286258  -0.00359529    0.0212635
   0.0188608 -0.000936593    0.0022108
-0.000936593  0.000618356  -0.00340801
   0.0022108  -0.00340801    0.0209945
   0.0188661  -0.00109366    0.0035688
 -0.00109366  0.000732918  -0.00381456
   0.0035688  -0.00381456    0.0215567
   0.0189934  -0.00145599   0.00419264
 -0.00145599  0.000588621   -0.0032308
  0.00419264   -0.0032308    0.0216127
    0.019033  -0.00148959    0.0047903
 -0.00148959  0.000616253  -0.00336749
   0.0047903  -0.00336749    0.0218939
   0.0194442  -0.00189717   0.00600774
 -0.00189717  0.000534461  -0.00286527
  0.00600774  -0.00286527    0.0223088
   0.0190942  -0.00154589   0.00353839
 -0.00154589  0.000581078  -0.00310682
  0.00353839  -0.00310682     0.021278
   0.0195237  -0.00199136     0.005517
 -0.00199136  0.000545887  -0.00282121
    0.005517  -0.00282121     0.022041
   0.0191921  -0.00207927   0.00468069
 -0.00207927  0.000556473  -0.00272727
  0.00468069  -0.00272727     0.021481
   0.0195825  -0.00172002   0.00553625
 -0.00172002  0.000682626  -0.00356779
  0.00553625  -0.00356779     0.022252
   0.0197747  -0.00198494   0.00660529
 -0.00198494  0.000558027  -0.00297169
  0.00660529  -0.00297169    0.0226204
   0.0195644  -0.00143669   0.00446682
 -0.00143669  0.000837016  -0.00409685
  0.00446682  -0.00409685    0.0219574
   0.0195855  -0.00110867   0.00338697
 -0.00110867   0.00100458  -0.00455595
  0.00338697  -0.00455595     0.021772
   0.0188291 -0.000711906   0.00233866
-0.000711906  0.000857177  -0.00418554
  0.00233866  -0.00418554    0.0213456
   0.0188443 -0.000291734    0.0011252
-0.000291734  0.000980807  -0.00447179
   0.0011252  -0.00447179    0.0212604
   0.0196811 -0.000685734   0.00235519
-0.000685734   0.00117961    -0.004945
  0.00235519    -0.004945    0.0216969
    0.018638 -3.71838e-05  0.000208675
-3.71838e-05  0.000830814  -0.00408848
 0.000208675  -0.00408848    0.0209901
   0.0188377  -0.00245258   0.00542961
 -0.00245258     0.000534  -0.00227628
  0.00542961  -0.00227628      0.02176
   0.0199552  -0.00247545   0.00677677
 -0.00247545  0.000526673  -0.00236695
  0.00677677  -0.00236695    0.0224891
   0.0200493  -0.00279664    0.0078988
 -0.00279664  0.000522884  -0.00185444
   0.0078988  -0.00185444    0.0228384
   0.0185465  -0.00267799   0.00585575
 -0.00267799  0.000523983  -0.00178773
  0.00585575  -0.00178773    0.0226306
   0.0205429    -0.002677   0.00860728
   -0.002677  0.000486032  -0.00176274
  0.00860728  -0.00176274    0.0233389
   0.0199834  -0.00294061     0.008816
 -0.00294061  0.000527923  -0.00133985
    0.008816  -0.00133985    0.0232372
   0.0209839  -0.00288713   0.00985194
 -0.00288713  0.000507366    -0.001212
  0.00985194    -0.001212     0.023915
    0.018689   -0.0028398   0.00662445
  -0.0028398  0.000527667  -0.00133936
  0.00662445  -0.00133936    0.0235931
    0.021068  -0.00269011    0.0101561
 -0.00269011  0.000471364 -0.000973768
   0.0101561 -0.000973768    0.0240769
   0.0205471  -0.00252679   0.00893134
 -0.00252679  0.000450882  -0.00163673
  0.00893134  -0.00163673     0.023526
   0.0200966  -0.00227283   0.00772141
 -0.00227283    0.0004769  -0.00232317
  0.00772141  -0.00232317     0.023045
   0.0199671  -0.00231916   0.00727205
 -0.00231916  0.000487949  -0.00232532
  0.00727205  -0.00232532    0.0227895
   0.0174506  -0.00264745   0.00449025
 -0.00264745  0.000516795  -0.00133579
  0.00449025  -0.00133579    0.0236655
   0.0176712  -0.00255821   0.00391831
 -0.00255821  0.000516483  -0.00172279
  0.00391831  -0.00172279    0.0232578
   0.0159191   -0.0022122   0.00170416
  -0.0022122  0.000477775  -0.00152453
  0.00170416  -0.00152453    0.0228155
   0.0176104  -0.00229977   0.00312816
 -0.00229977  0.000518255  -0.00213684
  0.00312816  -0.00213684    0.0224619
   0.0164637  -0.00213408   0.00120645
 -0.00213408   0.00049209  -0.00195193
  0.00120645  -0.00195193    0.0228663
   0.0170705  -0.00189911  0.000949296
 -0.00189911  0.000512388  -0.00236627
 0.000949296  -0.00236627    0.0222267
   0.0179642  -0.00198234   0.00272594
 -0.00198234  0.000531486  -0.00252362
  0.00272594  -0.00252362    0.0215091
   0.0155085  -0.00163542  -0.00102608
 -0.00163542  0.000439339  -0.00196925
 -0.00102608  -0.00196925    0.0223958
   0.0183984  -0.00157062     0.002362
 -0.00157062  0.000553239  -0.00287362
    0.002362  -0.00287362    0.0206379
   0.0188331  -0.00101269   0.00137296
 -0.00101269  0.000575386  -0.00317674
  0.00137296  -0.00317674    0.0206017
   0.0181638  -0.00101392 -0.000128608
 -0.00101392  0.000515404  -0.00288117
-0.000128608  -0.00288117    0.0207261
   0.0190117 -0.000411862  6.08385e-05
-0.000411862  0.000591675  -0.00335987
 6.08385e-05  -0.00335987    0.0205491
   0.0189671 -0.000468045  -0.00102673
-0.000468045  0.000515726  -0.00303749
 -0.00102673  -0.00303749     0.020523
    0.019553  5.38946e-05  -0.00219554
 5.38946e-05  0.000510622  -0.00304444
 -0.00219554  -0.00304444    0.0204168
   0.0189882  0.000146663  -0.00141654
 0.000146663  0.000604305  -0.00341025
 -0.00141654  -0.00341025    0.0205394
   0.0180675 -0.000498379  -0.00243834
-0.000498379  0.000426287  -0.00262548
 -0.00243834  -0.00262548    0.0205321
   0.0194013 -3.04759e-05   -0.0033519
-3.04759e-05  0.000409759   -0.0026128
  -0.0033519   -0.0026128    0.0204851
   0.0183963 -0.000185864  -0.00423875
-0.000185864  0.000318493  -0.00212438
 -0.00423875  -0.00212438    0.0202214
   0.0173162 -0.000547427  -0.00350559
-0.000547427  0.000350611  -0.00224996
 -0.00350559  -0.00224996    0.0209623
   0.0174006 -0.000952946  -0.00166195
-0.000952946  0.000447049  -0.00258694
 -0.00166195  -0.00258694    0.0213026
   0.0161884  -0.00100134  -0.00283291
 -0.00100134  0.000396585  -0.00224924
 -0.00283291  -0.00224924    0.0223541
     0.01652  -0.00141438  -0.00127054
 -0.00141438  0.000460076  -0.00236801
 -0.00127054  -0.00236801    0.0220828
   0.0175933  -0.00149108  0.000368508
 -0.00149108  0.000510847  -0.00265299
 0.000368508  -0.00265299    0.0215487
   0.0163729 -0.000526766  -0.00437829
-0.000526766  0.000297139  -0.00200979
 -0.00437829  -0.00200979     0.021388
    0.017236 -0.000291394  -0.00487511
-0.000291394  0.000248305  -0.00162418
 -0.00487511  -0.00162418    0.0195022
  0.00563199  -0.00488687   -0.0048306
 -0.00488687   0.00454443   0.00461512
  -0.0048306   0.00461512     0.021416
  0.00577089  -0.00502069  -0.00416342
 -0.00502069   0.00466579   0.00428614
 -0.00416342   0.00428614    0.0218373
  0.00554325  -0.00439608  -0.00371154
 -0.00439608   0.00374979   0.00311622
 -0.00371154   0.00311622     0.022023
  0.00586721  -0.00452155  -0.00293165
 -0.00452155   0.00387292   0.00324827
 -0.00293165   0.00324827      0.02253
  0.00607153  -0.00511426  -0.00335098
 -0.00511426   0.00474245   0.00428534
 -0.00335098   0.00428534    0.0222212
  0.00564849  -0.00397027  -0.00247833
 -0.00397027    0.0031101   0.00235169
 -0.00247833   0.00235169    0.0229102
  0.00639697  -0.00454931  -0.00198731
 -0.00454931   0.00391462   0.00378737
 -0.00198731   0.00378737    0.0230235
  0.00619487  -0.00400809  -0.00157556
 -0.00400809    0.0031585   0.00297197
 -0.00157556   0.00297197    0.0235239
  0.00695549  -0.00394205 -0.000544091
 -0.00394205   0.00320607   0.00388776
-0.000544091   0.00388776    0.0241024
  0.00658473  -0.00512565  -0.00237096
 -0.00512565   0.00477054    0.0046884
 -0.00237096    0.0046884    0.0225953
  0.00714305  -0.00447725 -0.000900447
 -0.00447725   0.00398906   0.00463803
-0.000900447   0.00463803    0.0234747
  0.00731144  -0.00506201  -0.00125357
 -0.00506201   0.00488201   0.00542301
 -0.00125357   0.00542301    0.0229303
  0.00600494  -0.00356996  -0.00121759
 -0.00356996   0.00257131   0.00238801
 -0.00121759   0.00238801    0.0241002
  0.00676231  -0.00349923 -0.000243283
 -0.00349923   0.00258873   0.00329315
-0.000243283   0.00329315    0.0247912
  0.00659941   -0.0032001 -3.24435e-05
  -0.0032001   0.00216666   0.00283396
-3.24435e-05   0.00283396    0.0254956
  0.00621688  -0.00347568  -0.00115864
 -0.00347568   0.00230509   0.00211385
 -0.00115864   0.00211385     0.024904
  0.00566521     -0.00366  -0.00220894
    -0.00366   0.00259014   0.00181814
 -0.00220894   0.00181814    0.0235114
  0.00609181  -0.00367116  -0.00217511
 -0.00367116   0.00239841    0.0015904
 -0.00217511    0.0015904    0.0242673
  0.00547839  -0.00359776  -0.00298685
 -0.00359776    0.0024851   0.00157548
 -0.00298685   0.00157548    0.0228392
  0.00538012  -0.00386892  -0.00328465
 -0.00386892    0.0029888   0.00216216
 -0.00328465   0.00216216    0.0223448
  0.00522619  -0.00367447  -0.00387863
 -0.00367447   0.00277167   0.00225419
 -0.00387863   0.00225419    0.0216743
   0.0059498  -0.00362282  -0.00289929
 -0.00362282   0.00230231   0.00136666
 -0.00289929   0.00136666    0.0221246
  0.00531247  -0.00339121  -0.00352006
 -0.00339121   0.00225674    0.0016201
 -0.00352006    0.0016201    0.0215364
  0.00570831  -0.00340416  -0.00339866
 -0.00340416    0.0020987   0.00139424
 -0.00339866   0.00139424    0.0209749
  0.00538954  -0.00422018  -0.00433739
 -0.00422018   0.00356131   0.00330879
 -0.00433739   0.00330879    0.0214716
  0.00817034  -0.00490284 -9.76771e-05
 -0.00490284   0.00513981    0.0063992
-9.76771e-05    0.0063992    0.0231743
  0.00804192  -0.00430806  0.000222266
 -0.00430806   0.00416283   0.00568847
 0.000222266   0.00568847    0.0238493
  0.00892675  -0.00408676   0.00122597
 -0.00408676   0.00449287   0.00676288
  0.00122597   0.00676288    0.0241067
  0.00899458  -0.00467473  0.000937628
 -0.00467473   0.00559089   0.00746128
 0.000937628   0.00746128    0.0232824
  0.00879312  -0.00356834   0.00146546
 -0.00356834   0.00351092   0.00597386
  0.00146546   0.00597386    0.0250153
  0.00958715  -0.00385094   0.00194353
 -0.00385094   0.00494119   0.00772377
  0.00194353   0.00772377    0.0242649
  0.00951428  -0.00337975   0.00212293
 -0.00337975   0.00381514   0.00680451
  0.00212293   0.00680451      0.02533
  0.00986037  -0.00328427   0.00240564
 -0.00328427   0.00415096   0.00726611
  0.00240564   0.00726611    0.0255859
  0.00957993  -0.00439543   0.00169514
 -0.00439543   0.00617595   0.00847952
  0.00169514   0.00847952    0.0232867
  0.00986419  -0.00367713   0.00229733
 -0.00367713   0.00540472   0.00837693
  0.00229733   0.00837693    0.0243723
  0.00979106  -0.00415396   0.00209536
 -0.00415396   0.00677104   0.00927481
  0.00209536   0.00927481    0.0232396
  0.00936317  -0.00302663   0.00219055
 -0.00302663   0.00291341   0.00583336
  0.00219055   0.00583336    0.0264308
  0.00976673  -0.00299817   0.00239825
 -0.00299817     0.003137    0.0060405
  0.00239825    0.0060405    0.0268133
  0.00959815  -0.00283694   0.00228563
 -0.00283694   0.00240614   0.00476293
  0.00228563   0.00476293    0.0279925
  0.00915687  -0.00281758   0.00215865
 -0.00281758   0.00225777   0.00483059
  0.00215865   0.00483059    0.0275038
  0.00860938  -0.00317273   0.00161036
 -0.00317273   0.00273547       0.0052
  0.00161036       0.0052    0.0259727
  0.00840018  -0.00291856   0.00166062
 -0.00291856   0.00217014   0.00443536
  0.00166062   0.00443536    0.0269186
  0.00768118  -0.00335164  0.000746054
 -0.00335164    0.0026299   0.00430256
 0.000746054   0.00430256    0.0254231
  0.00787161  -0.00377571  0.000521637
 -0.00377571   0.00330526   0.00495263
 0.000521637   0.00495263    0.0246069
  0.00748824  -0.00306055  0.000884789
 -0.00306055   0.00214327   0.00371991
 0.000884789   0.00371991    0.0262394
    0.013956  -0.00546635  -0.00174959
 -0.00546635   0.00246723   0.00267952
 -0.00174959   0.00267952    0.0223672
   0.0124861  -0.00488996  -0.00109108
 -0.00488996   0.00228618    0.0030024
 -0.00109108    0.0030024    0.0232705
   0.0105834   -0.0037327   0.00021213
  -0.0037327   0.00178556   0.00293954
  0.00021213   0.00293954    0.0256408
  0.00962527  -0.00364976  0.000137193
 -0.00364976   0.00184865   0.00306589
 0.000137193   0.00306589    0.0255624
   0.0121862  -0.00514201  -0.00155643
 -0.00514201   0.00253704   0.00317111
 -0.00155643   0.00317111    0.0226114
  0.00846664   -0.0029845  0.000938564
  -0.0029845   0.00163812   0.00321404
 0.000938564   0.00321404     0.026485
  0.00925573  -0.00394496 -0.000525282
 -0.00394496   0.00209573   0.00293739
-0.000525282   0.00293739    0.0251035
  0.00769639  -0.00310973  0.000375366
 -0.00310973   0.00176312   0.00293467
 0.000375366   0.00293467    0.0262186
  0.00772315  -0.00364921  -0.00066147
 -0.00364921   0.00211655   0.00257226
 -0.00066147   0.00257226    0.0261311
   0.0110325   -0.0051238  -0.00201953
  -0.0051238   0.00272427   0.00318951
 -0.00201953   0.00318951    0.0214633
  0.00894312  -0.00438776  -0.00165966
 -0.00438776    0.0024707   0.00274665
 -0.00165966   0.00274665    0.0228956
   0.0104495  -0.00540416  -0.00276434
 -0.00540416    0.0030731   0.00315095
 -0.00276434   0.00315095     0.020256
  0.00728038  -0.00288021   0.00086406
 -0.00288021   0.00180793   0.00321041
  0.00086406   0.00321041    0.0264436
  0.00690359  -0.00325257 -0.000163079
 -0.00325257   0.00201775   0.00261057
-0.000163079   0.00261057    0.0260488
  0.00823694  -0.00281286   0.00144543
 -0.00281286   0.00178831   0.00374317
  0.00144543   0.00374317    0.0270341
  0.00908274   -0.0027891   0.00179058
  -0.0027891    0.0018221   0.00393843
  0.00179058   0.00393843    0.0277837
  0.00955834  -0.00310699   0.00107431
 -0.00310699   0.00165601   0.00323693
  0.00107431   0.00323693    0.0267858
   0.0104638   -0.0033403  0.000953112
  -0.0033403   0.00175807     0.002858
 0.000953112     0.002858    0.0275093
  0.00965075  -0.00288134   0.00177939
 -0.00288134   0.00192622   0.00367592
  0.00177939   0.00367592    0.0284194
   0.0118454  -0.00417271  -0.00027887
 -0.00417271   0.00192159   0.00254014
 -0.00027887   0.00254014    0.0252682
   0.0100373  -0.00550266   -0.0031393
 -0.00550266   0.00322619   0.00303712
  -0.0031393   0.00303712    0.0196828
  0.00885375  -0.00474311  -0.00258575
 -0.00474311   0.00275269   0.00253556
 -0.00258575   0.00253556    0.0210268
   0.0090984  -0.00510929   -0.0035231
 -0.00510929   0.00299984    0.0025691
  -0.0035231    0.0025691      0.02061
   0.0100327   -0.0056797  -0.00367421
  -0.0056797   0.00336885   0.00306798
 -0.00367421   0.00306798     0.019651
  0.00797022  -0.00445902  -0.00299706
 -0.00445902   0.00263321   0.00206695
 -0.00299706   0.00206695    0.0216033
  0.00872352  -0.00490882  -0.00388487
 -0.00490882   0.00286433   0.00246751
 -0.00388487   0.00246751    0.0201426
  0.00803784  -0.00451231  -0.00365574
 -0.00451231    0.0026161   0.00186867
 -0.00365574   0.00186867    0.0211474
  0.00756163  -0.00415519  -0.00406423
 -0.00415519   0.00235839   0.00176096
 -0.00406423   0.00176096    0.0210182
  0.00931213  -0.00533554  -0.00407659
 -0.00533554   0.00317318   0.00293307
 -0.00407659   0.00293307    0.0184335
  0.00813817  -0.00441673  -0.00415114
 -0.00441673   0.00249967   0.00229944
 -0.00415114   0.00229944    0.0192652
  0.00883452  -0.00496658  -0.00433656
 -0.00496658   0.00293014   0.00300143
 -0.00433656   0.00300143    0.0182892
  0.00684358  -0.00393745   -0.0032416
 -0.00393745   0.00235005   0.00157318
  -0.0032416   0.00157318    0.0213275
  0.00631551  -0.00356393  -0.00363378
 -0.00356393   0.00207918   0.00146859
 -0.00363378   0.00146859    0.0207366
  0.00685329  -0.00393194  -0.00246495
 -0.00393194   0.00240447   0.00169134
 -0.00246495   0.00169134    0.0228574
  0.00682873  -0.00365564  -0.00132187
 -0.00365564   0.00225658   0.00206941
 -0.00132187   0.00206941    0.0257328
   0.0077411  -0.00410034  -0.00198247
 -0.00410034   0.00241192   0.00222961
 -0.00198247   0.00222961    0.0233161
  0.00961739  -0.00399451    0.0021579
 -0.00399451   0.00722312   0.00974965
   0.0021579   0.00974965     0.023187
  0.00974395  -0.00361654   0.00229775
 -0.00361654   0.00574354   0.00863807
  0.00229775   0.00863807    0.0244672
   0.0093284  -0.00365806    0.0020361
 -0.00365806   0.00586706   0.00852615
   0.0020361   0.00852615    0.0245704
  0.00917994  -0.00393243   0.00196587
 -0.00393243   0.00745699    0.0098971
  0.00196587    0.0098971     0.023161
  0.00941419  -0.00345174   0.00197697
 -0.00345174   0.00446961   0.00689518
  0.00197697   0.00689518    0.0260194
  0.00877553  -0.00373084   0.00160949
 -0.00373084   0.00578508   0.00816932
  0.00160949   0.00816932    0.0247063
  0.00888006  -0.00360042   0.00146397
 -0.00360042   0.00436265    0.0062602
  0.00146397    0.0062602    0.0262417
  0.00832183  -0.00367543  0.000870528
 -0.00367543   0.00413794   0.00554509
 0.000870528   0.00554509    0.0264812
  0.00861944   -0.0039106   0.00161408
  -0.0039106   0.00746504   0.00980115
  0.00161408   0.00980115    0.0231888
  0.00819899  -0.00375411   0.00109657
 -0.00375411   0.00555441   0.00769532
  0.00109657   0.00769532    0.0248694
  0.00805116  -0.00386364   0.00116955
 -0.00386364   0.00729608    0.0095707
  0.00116955    0.0095707    0.0232583
  0.00893073  -0.00352375   0.00118611
 -0.00352375   0.00332876   0.00424284
  0.00118611   0.00424284    0.0277113
  0.00839762  -0.00363068   0.00051822
 -0.00363068   0.00317905   0.00329161
  0.00051822   0.00329161     0.027999
   0.0084276  -0.00361695  0.000102119
 -0.00361695   0.00268731   0.00110084
 0.000102119   0.00110084    0.0293782
  0.00892836  -0.00349246  0.000832176
 -0.00349246   0.00270586   0.00222001
 0.000832176   0.00222001    0.0290663
  0.00943326  -0.00331968   0.00178767
 -0.00331968   0.00339265   0.00513247
  0.00178767   0.00513247    0.0274298
  0.00938636  -0.00325063    0.0015135
 -0.00325063   0.00267618   0.00331841
   0.0015135   0.00331841    0.0287427
   0.0097667  -0.00310805   0.00223185
 -0.00310805   0.00333031   0.00578249
  0.00223185   0.00578249    0.0271397
  0.00979338  -0.00331582   0.00232769
 -0.00331582   0.00439961   0.00728035
  0.00232769   0.00728035    0.0258093
   0.0096554  -0.00299593    0.0020436
 -0.00299593   0.00256946   0.00422106
   0.0020436   0.00422106    0.0283958
  0.00751358  -0.00375806  0.000661357
 -0.00375806   0.00698656   0.00932926
 0.000661357   0.00932926    0.0233329
  0.00766188  -0.00367467  0.000513431
 -0.00367467   0.00521966   0.00724417
 0.000513431   0.00724417    0.0250279
  0.00717477  -0.00349607 -0.000122368
 -0.00349607   0.00482439   0.00691838
-0.000122368   0.00691838    0.0251595
  0.00702689  -0.00358472   0.00010826
 -0.00358472   0.00660668   0.00915131
  0.00010826   0.00915131     0.023383
  0.00732218  -0.00340712  -0.00048625
 -0.00340712    0.0034913   0.00440099
 -0.00048625   0.00440099    0.0268852
  0.00674266  -0.00325441 -0.000797844
 -0.00325441   0.00443124   0.00671133
-0.000797844   0.00671133    0.0252716
  0.00690092  -0.00311358  -0.00122897
 -0.00311358   0.00311406   0.00409002
 -0.00122897   0.00409002    0.0270423
  0.00656642  -0.00279816  -0.00191497
 -0.00279816   0.00274109   0.00395925
 -0.00191497   0.00395925     0.026989
  0.00659729  -0.00336694 -0.000478316
 -0.00336694   0.00622022   0.00903406
-0.000478316   0.00903406    0.0234102
  0.00637823  -0.00298019  -0.00146339
 -0.00298019   0.00405759   0.00664244
 -0.00146339   0.00664244     0.025132
  0.00623506  -0.00312262  -0.00106832
 -0.00312262   0.00586404   0.00898546
 -0.00106832   0.00898546    0.0234293
  0.00705799  -0.00298433  -0.00174029
 -0.00298433   0.00237531   0.00140795
 -0.00174029   0.00140795     0.028615
  0.00687596  -0.00263144  -0.00242481
 -0.00263144   0.00200303    0.0012782
 -0.00242481    0.0012782    0.0283016
  0.00705796  -0.00248727  -0.00288908
 -0.00248727   0.00182495  -0.00123814
 -0.00288908  -0.00123814    0.0298024
   0.0071819  -0.00289416  -0.00224321
 -0.00289416    0.0021825   -0.0010693
 -0.00224321   -0.0010693    0.0299161
  0.00745393  -0.00333574 -0.000959002
 -0.00333574   0.00270132   0.00181217
-0.000959002   0.00181217    0.0284631
  0.00754468  -0.00329082  -0.00144641
 -0.00329082   0.00245925 -0.000614084
 -0.00144641 -0.000614084     0.029822
  0.00789948  -0.00356961 -0.000200724
 -0.00356961   0.00297276   0.00244291
-0.000200724   0.00244291    0.0282608
  0.00779232  -0.00361256  0.000218071
 -0.00361256   0.00383922   0.00488558
 0.000218071   0.00488558    0.0267039
  0.00795639  -0.00355294 -0.000657677
 -0.00355294    0.0026122  0.000116756
-0.000657677  0.000116756    0.0296419
   0.0132766  -0.00586838  -0.00630239
 -0.00586838   0.00372318  -0.00171643
 -0.00630239  -0.00171643    0.0227888
   0.0138106  -0.00628613  -0.00586067
 -0.00628613   0.00390003  -0.00175747
 -0.00586067  -0.00175747    0.0229649
   0.0107899  -0.00465613  -0.00473319
 -0.00465613   0.00324033   -0.0030845
 -0.00473319   -0.0030845      0.02683
   0.0112491  -0.00500109  -0.00414497
 -0.00500109   0.00325132   -0.0027597
 -0.00414497   -0.0027597    0.0268664
   0.0143116  -0.00654072  -0.00538263
 -0.00654072   0.00385789  -0.00158453
 -0.00538263  -0.00158453    0.0229954
  0.00908819  -0.00396722   -0.0029392
 -0.00396722   0.00283325  -0.00317108
  -0.0029392  -0.00317108      0.02951
   0.0116828  -0.00516527  -0.00353855
 -0.00516527   0.00309127  -0.00220582
 -0.00353855  -0.00220582    0.0267601
  0.00950581  -0.00419226  -0.00223535
 -0.00419226   0.00274159  -0.00245769
 -0.00223535  -0.00245769    0.0293784
  0.00994087  -0.00422726  -0.00150856
 -0.00422726   0.00257293  -0.00149938
 -0.00150856  -0.00149938    0.0291436
   0.0147027  -0.00663944  -0.00487595
 -0.00663944    0.0036724  -0.00118914
 -0.00487595  -0.00118914    0.0228781
   0.0120641  -0.00517552  -0.00288855
 -0.00517552   0.00285655  -0.00138772
 -0.00288855  -0.00138772    0.0265276
   0.0150098  -0.00660011  -0.00431625
 -0.00660011   0.00341436 -0.000571958
 -0.00431625 -0.000571958    0.0226687
  0.00828823  -0.00365482  -0.00134577
 -0.00365482   0.00253893   -0.0016037
 -0.00134577   -0.0016037    0.0301853
  0.00873285   -0.0037162 -0.000581937
  -0.0037162    0.0024839  -0.00057715
-0.000581937  -0.00057715    0.0299277
  0.00788754  -0.00339739  -0.00211205
 -0.00339739   0.00251384  -0.00236483
 -0.00211205  -0.00236483    0.0303359
  0.00754202  -0.00297249  -0.00288143
 -0.00297249   0.00232521  -0.00283424
 -0.00288143  -0.00283424    0.0303586
  0.00869863  -0.00356102  -0.00363711
 -0.00356102   0.00273147    -0.003594
 -0.00363711    -0.003594    0.0294829
  0.00854466  -0.00305963   -0.0042387
 -0.00305963   0.00239858  -0.00370582
  -0.0042387  -0.00370582    0.0293655
  0.00756083  -0.00254366  -0.00351667
 -0.00254366   0.00197816  -0.00295659
 -0.00351667  -0.00295659    0.0301015
   0.0105179  -0.00418799  -0.00526881
 -0.00418799   0.00297706   -0.0031244
 -0.00526881   -0.0031244    0.0266464
   0.0152255  -0.00644696  -0.00369966
 -0.00644696   0.00312953  0.000242404
 -0.00369966  0.000242404    0.0223959
    0.012385  -0.00502519  -0.00220248
 -0.00502519   0.00258801 -0.000375624
 -0.00220248 -0.000375624    0.0262356
   0.0125813  -0.00479073  -0.00152208
 -0.00479073   0.00231309  0.000757948
 -0.00152208  0.000757948    0.0258845
   0.0153275  -0.00623873  -0.00303122
 -0.00623873   0.00285604   0.00113597
 -0.00303122   0.00113597    0.0221897
   0.0106524  -0.00383293  -4.1011e-05
 -0.00383293   0.00211634   0.00090162
 -4.1011e-05   0.00090162    0.0284902
   0.0124999  -0.00451146 -0.000828849
 -0.00451146     0.002088   0.00175915
-0.000828849   0.00175915    0.0255316
   0.0107534  -0.00355983  0.000547507
 -0.00355983   0.00190505   0.00204575
 0.000547507   0.00204575    0.0280776
   0.0148146  -0.00583938  -0.00232728
 -0.00583938   0.00259826   0.00200525
 -0.00232728   0.00200525    0.0222192
  0.00977285  -0.00305403   0.00147727
 -0.00305403   0.00206901   0.00292352
  0.00147727   0.00292352    0.0288897
   0.0095772   -0.0033274  0.000902931
  -0.0033274   0.00223374   0.00184142
 0.000902931   0.00184142     0.029272
  0.00919083   -0.0035767  0.000176908
  -0.0035767   0.00237916  0.000609854
 0.000176908  0.000609854    0.0296142
   0.0103443  -0.00409095  -0.00076038
 -0.00409095   0.00235755  -0.00034152
 -0.00076038  -0.00034152    0.0288362
  0.00464528  -0.00852934  -0.00252843
 -0.00852934    0.0258286    0.0150529
 -0.00252843    0.0150529    0.0152791
  0.00515297  -0.00849903  -0.00187415
 -0.00849903    0.0245753    0.0144488
 -0.00187415    0.0144488    0.0159504
  0.00523706  -0.00823943  -0.00248613
 -0.00823943    0.0203564    0.0133657
 -0.00248613    0.0133657    0.0172233
  0.00581232  -0.00824477  -0.00172977
 -0.00824477    0.0194452    0.0127286
 -0.00172977    0.0127286    0.0176596
  0.00576821  -0.00847623  -0.00117881
 -0.00847623    0.0234105     0.013937
 -0.00117881     0.013937    0.0165625
  0.00590638  -0.00798435  -0.00234291
 -0.00798435    0.0158597    0.0114876
 -0.00234291    0.0114876    0.0187184
  0.00647349  -0.00824525 -0.000961921
 -0.00824525    0.0186937    0.0123053
