           0            0            0
           0            0            0
           0            0            0
   0.0256824 -0.000806058   0.00491374
-0.000806058  0.000128174 -0.000845337
  0.00491374 -0.000845337    0.0160781
   0.0224409 -0.000787499   0.00764499
-0.000787499  0.000103963 -0.000644984
  0.00764499 -0.000644984    0.0197488
   0.0191652  -0.00127033    0.0101743
 -0.00127033  0.000166738 -0.000576074
   0.0101743 -0.000576074    0.0217981
   0.0183325   -0.0017622    0.0113419
  -0.0017622  0.000258485 -0.000487964
   0.0113419 -0.000487964    0.0219003
   0.0184211  -0.00218295    0.0108708
 -0.00218295  0.000357159 -0.000472854
   0.0108708 -0.000472854    0.0221619
   0.0163564  -0.00204949   0.00938492
 -0.00204949  0.000325144 -0.000621756
  0.00938492 -0.000621756    0.0199316
   0.0170075  -0.00240422   0.00863854
 -0.00240422  0.000410362 -0.000667713
  0.00863854 -0.000667713    0.0211012
   0.0185603  -0.00249437   0.00997718
 -0.00249437  0.000434259 -0.000550637
  0.00997718 -0.000550637     0.022456
   0.0167828  -0.00253512   0.00694077
 -0.00253512  0.000460189 -0.000834897
  0.00694077 -0.000834897    0.0219199
   0.0184586  -0.00267132   0.00836722
 -0.00267132  0.000484309 -0.000746713
  0.00836722 -0.000746713    0.0233033
   0.0166546   -0.0024836     0.004871
  -0.0024836  0.000480912  -0.00111638
    0.004871  -0.00111638     0.022954
   0.0186005   -0.0028032   0.00760691
  -0.0028032   0.00051179 -0.000972177
  0.00760691 -0.000972177    0.0234608
   0.0378443   0.00107069    0.0130792
  0.00107069  0.000680594   0.00253872
   0.0130792   0.00253872     0.020035
   0.0326935  6.01911e-05    0.0154399
 6.01911e-05  0.000887915   0.00323164
   0.0154399   0.00323164    0.0237863
   0.0324663  0.000744828     0.015208
 0.000744828  0.000673085    0.0030616
    0.015208    0.0030616    0.0236921
   0.0294143  0.000134798    0.0172432
 0.000134798   0.00088253   0.00354671
   0.0172432   0.00354671    0.0266292
   0.0290974 -0.000517701    0.0171363
-0.000517701   0.00111213   0.00360616
   0.0171363   0.00360616    0.0265293
   0.0280901     0.000359    0.0163536
    0.000359  0.000665812   0.00314078
   0.0163536   0.00314078    0.0261827
   0.0271223 -0.000431675    0.0177143
-0.000431675   0.00104178   0.00359683
   0.0177143   0.00359683    0.0277977
    0.026181 -0.000179937    0.0170321
-0.000179937  0.000823339   0.00330283
   0.0170321   0.00330283    0.0274374
   0.0256216 -0.000733989    0.0169364
-0.000733989  0.000901867   0.00310224
   0.0169364   0.00310224    0.0275955
   0.0265256   -0.0009984    0.0173829
  -0.0009984    0.0012602   0.00357676
   0.0173829   0.00357676    0.0275847
   0.0264115  -0.00102312    0.0175069
 -0.00102312   0.00109965   0.00328884
   0.0175069   0.00328884     0.027922
   0.0256844  -0.00153465    0.0170539
 -0.00153465   0.00129033   0.00321936
   0.0170539   0.00321936    0.0276925
    0.024833 -0.000291862    0.0160853
-0.000291862  0.000622759   0.00268844
   0.0160853   0.00268844    0.0269729
   0.0242992 -0.000777458     0.016008
-0.000777458  0.000718484   0.00260518
    0.016008   0.00260518    0.0271207
   0.0234141  -0.00109257    0.0153892
 -0.00109257  0.000564991   0.00187635
   0.0153892   0.00187635    0.0268959
   0.0240584 -0.000655215    0.0155493
-0.000655215  0.000458387   0.00186235
   0.0155493   0.00186235    0.0268258
   0.0266736  0.000195554    0.0154092
 0.000195554  0.000473252   0.00243647
   0.0154092   0.00243647    0.0257553
    0.026129 -0.000192532    0.0150669
-0.000192532  0.000323863   0.00156951
   0.0150669   0.00156951    0.0257523
   0.0295205  0.000711451    0.0133962
 0.000711451  0.000325583    0.0018422
   0.0133962    0.0018422    0.0229022
   0.0308459  0.000923784    0.0141992
 0.000923784  0.000482892   0.00256989
   0.0141992   0.00256989    0.0232111
   0.0350211   0.00168829    0.0114507
  0.00168829  0.000366394   0.00174595
   0.0114507   0.00174595    0.0193126
   0.0293131  0.000311725    0.0130902
 0.000311725  0.000208972    0.0010193
   0.0130902    0.0010193    0.0230549
   0.0338044   0.00134993     0.010835
  0.00134993  0.000241319   0.00108656
    0.010835   0.00108656    0.0191179
   0.0345678  0.000863059    0.0105966
 0.000863059  0.000154343  0.000382087
   0.0105966  0.000382087    0.0194459
   0.0368466   0.00166188    0.0124639
  0.00166188  0.000512124   0.00227095
   0.0124639   0.00227095    0.0197494
   0.0250482  -0.00211794    0.0160988
 -0.00211794   0.00122127    0.0026262
   0.0160988    0.0026262    0.0272103
   0.0258485  -0.00168431    0.0165784
 -0.00168431   0.00106226   0.00269875
   0.0165784   0.00269875    0.0273724
   0.0253382  -0.00224341    0.0155992
 -0.00224341  0.000959088   0.00194161
   0.0155992   0.00194161    0.0268616
   0.0244652  -0.00257857    0.0150783
 -0.00257857   0.00107899   0.00188134
   0.0150783   0.00188134    0.0267405
   0.0247103  -0.00192361     0.015132
 -0.00192361  0.000822398   0.00189788
    0.015132   0.00189788    0.0265129
   0.0248583  -0.00268221    0.0145684
 -0.00268221  0.000825702   0.00107098
   0.0145684   0.00107098    0.0263529
   0.0243009  -0.00237791    0.0141551
 -0.00237791  0.000720166    0.0010781
   0.0141551    0.0010781    0.0260091
   0.0239481  -0.00271237    0.0131884
 -0.00271237  0.000621044  0.000187041
   0.0131884  0.000187041    0.0255351
   0.0239207  -0.00290218    0.0139862
 -0.00290218  0.000905695   0.00104238
   0.0139862   0.00104238    0.0262422
   0.0244557  -0.00299291    0.0135426
 -0.00299291  0.000700946  0.000147703
   0.0135426  0.000147703    0.0258601
   0.0234244    -0.003103    0.0128647
   -0.003103  0.000748386  0.000169646
   0.0128647  0.000169646    0.0257178
   0.0230585  -0.00220957    0.0132883
 -0.00220957  0.000625419  0.000935837
   0.0132883  0.000935837    0.0255073
   0.0226966   -0.0024889    0.0123192
  -0.0024889  0.000546736  0.000145637
   0.0123192  0.000145637      0.02502
   0.0216462  -0.00245989    0.0115518
 -0.00245989  0.000503867  -3.9924e-05
   0.0115518  -3.9924e-05    0.0246206
    0.022078  -0.00226782    0.0125901
 -0.00226782  0.000562899  0.000613769
   0.0125901  0.000613769     0.025169
   0.0234547  -0.00181542    0.0142598
 -0.00181542  0.000699654   0.00164277
   0.0142598   0.00164277    0.0260246
    0.022505  -0.00196036    0.0136062
 -0.00196036  0.000608951   0.00118083
   0.0136062   0.00118083    0.0257349
   0.0238556  -0.00133154    0.0151701
 -0.00133154  0.000737242   0.00221305
   0.0151701   0.00221305    0.0265547
   0.0251455  -0.00136915    0.0160643
 -0.00136915  0.000891403   0.00258883
   0.0160643   0.00258883    0.0270339
   0.0229258  -0.00156224    0.0145383
 -0.00156224  0.000612187    0.0016139
   0.0145383    0.0016139    0.0263039
   0.0200446  -0.00278414     0.010139
 -0.00278414  0.000509516 -0.000548993
    0.010139 -0.000548993    0.0240688
    0.020029  -0.00257044    0.0110329
 -0.00257044  0.000472826  -0.00033021
   0.0110329  -0.00033021    0.0239421
   0.0216547  -0.00251236    0.0127117
 -0.00251236   0.00051212  6.27374e-05
   0.0127117  6.27374e-05    0.0252518
    0.019775  -0.00223725    0.0119257
 -0.00223725  0.000399037 -0.000232817
   0.0119257 -0.000232817    0.0234944
   0.0218448  -0.00217813    0.0135329
 -0.00217813  0.000453647  0.000272193
   0.0135329  0.000272193     0.025667
   0.0219698  -0.00174196    0.0141822
 -0.00174196  0.000358321  0.000355395
   0.0141822  0.000355395    0.0258534
   0.0199703  -0.00183021     0.012685
 -0.00183021  0.000301915 -0.000191009
    0.012685 -0.000191009    0.0235981
   0.0228049  -0.00196257    0.0144506
 -0.00196257   0.00052845  0.000870395
   0.0144506  0.000870395    0.0264288
   0.0231836  -0.00152408    0.0152419
 -0.00152408  0.000453054   0.00102927
   0.0152419   0.00102927    0.0270171
   0.0222893  -0.00229132    0.0134419
 -0.00229132  0.000555592  0.000571433
   0.0134419  0.000571433    0.0257816
   0.0218039  -0.00252074    0.0123362
 -0.00252074  0.000539482  0.000148818
   0.0123362  0.000148818    0.0251177
   0.0212602  -0.00271331    0.0117306
 -0.00271331   0.00052454 -0.000263104
   0.0117306 -0.000263104    0.0248489
   0.0209964  -0.00282623    0.0107768
 -0.00282623  0.000516274 -0.000692057
   0.0107768 -0.000692057    0.0242048
    0.021284  -0.00263174    0.0111889
 -0.00263174  0.000499929 -0.000362321
   0.0111889 -0.000362321    0.0244706
   0.0198205  -0.00286245   0.00932618
 -0.00286245  0.000514725 -0.000887395
  0.00932618 -0.000887395    0.0238637
   0.0206979  -0.00134839     0.012296
 -0.00134839  0.000200899 -0.000276668
    0.012296 -0.000276668    0.0236468
   0.0237163 -0.000853925    0.0105951
-0.000853925  0.000120531 -0.000417229
   0.0105951 -0.000417229    0.0222953
   0.0245984 -0.000776604    0.0126109
-0.000776604  0.000151303  -2.3285e-06
   0.0126109  -2.3285e-06    0.0239726
   0.0268732 -0.000487697   0.00747003
-0.000487697  9.47744e-05 -0.000623707
  0.00747003 -0.000623707    0.0187213
   0.0276301 -0.000380929   0.00932726
-0.000380929  0.000103978 -0.000349621
  0.00932726 -0.000349621    0.0201612
   0.0318505  -0.00015259   0.00671097
 -0.00015259  0.000109518  -0.00065262
  0.00671097  -0.00065262    0.0166541
    0.029718 -0.000541234   0.00507587
-0.000541234  0.000121367 -0.000832211
  0.00507587 -0.000832211    0.0158261
   0.0288131 -4.84817e-05    0.0118655
-4.84817e-05  0.000132199  0.000268877
   0.0118655  0.000268877    0.0223877
   0.0329351  0.000306308   0.00896026
 0.000306308  0.000105516 -0.000189624
  0.00896026 -0.000189624    0.0184243
   0.0256348 -0.000571973    0.0143694
-0.000571973  0.000215217   0.00071217
   0.0143694   0.00071217    0.0254138
   0.0235962  -0.00107019    0.0152299
 -0.00107019  0.000336709  0.000974277
   0.0152299  0.000974277    0.0268111
   0.0223828  -0.00127509    0.0138757
 -0.00127509  0.000244635  0.000259783
   0.0138757  0.000259783    0.0254167
   0.0229083  -0.00320233      0.01169
 -0.00320233  0.000638018 -0.000704345
     0.01169 -0.000704345    0.0251793
   0.0241324  -0.00320245    0.0124996
 -0.00320245  0.000619007 -0.000796283
   0.0124996 -0.000796283    0.0253808
   0.0238555  -0.00330267    0.0114305
 -0.00330267   0.00061073  -0.00173317
   0.0114305  -0.00173317     0.024926
   0.0223387  -0.00319883    0.0104671
 -0.00319883  0.000607524  -0.00156123
   0.0104671  -0.00156123    0.0246463
   0.0235963  -0.00308063    0.0112766
 -0.00308063  0.000559324  -0.00171004
   0.0112766  -0.00171004    0.0247133
   0.0234828  -0.00331461    0.0103343
 -0.00331461  0.000683035  -0.00262836
   0.0103343  -0.00262836    0.0244831
   0.0235065  -0.00313959    0.0103211
 -0.00313959  0.000641499  -0.00263597
   0.0103211  -0.00263597     0.024352
    0.023339  -0.00312425    0.0093947
 -0.00312425  0.000791383  -0.00347904
   0.0093947  -0.00347904    0.0240031
   0.0216672  -0.00310818   0.00923229
 -0.00310818  0.000650881  -0.00237503
  0.00923229  -0.00237503    0.0241148
   0.0229647   -0.0032348   0.00925533
  -0.0032348    0.0008192  -0.00344224
  0.00925533  -0.00344224     0.024031
   0.0208541  -0.00294333   0.00802663
 -0.00294333   0.00076212  -0.00312984
  0.00802663  -0.00312984    0.0235544
    0.022166  -0.00275371   0.00943869
 -0.00275371  0.000565144  -0.00249816
  0.00943869  -0.00249816    0.0238361
   0.0221876  -0.00271985   0.00857587
 -0.00271985  0.000705561  -0.00331445
  0.00857587  -0.00331445    0.0235281
   0.0205939  -0.00227385   0.00744849
 -0.00227385  0.000611744  -0.00309023
  0.00744849  -0.00309023    0.0229251
   0.0206534  -0.00240449   0.00839281
 -0.00240449  0.000496932  -0.00234929
  0.00839281  -0.00234929      0.02327
   0.0222044  -0.00273652    0.0103759
 -0.00273652  0.000491055  -0.00161054
   0.0103759  -0.00161054    0.0241816
   0.0208681  -0.00250669   0.00942701
 -0.00250669  0.000447086  -0.00155602
  0.00942701  -0.00155602    0.0236592
   0.0223753  -0.00266313    0.0113403
 -0.00266313  0.000490147 -0.000712288
   0.0113403 -0.000712288    0.0245716
   0.0236909  -0.00294546    0.0122291
 -0.00294546    0.0005546  -0.00075356
   0.0122291  -0.00075356    0.0251044
   0.0212065  -0.00254253    0.0104916
 -0.00254253  0.000453907 -0.000770362
   0.0104916 -0.000770362      0.02411
   0.0198845  -0.00270411   0.00683606
 -0.00270411  0.000934235  -0.00385974
  0.00683606  -0.00385974    0.0229516
   0.0222682  -0.00306894   0.00815141
 -0.00306894   0.00100692  -0.00419624
  0.00815141  -0.00419624     0.023544
   0.0214491  -0.00275483   0.00700349
 -0.00275483   0.00126423  -0.00492686
  0.00700349  -0.00492686    0.0230169
   0.0188244  -0.00233223   0.00566803
 -0.00233223   0.00120152  -0.00461131
  0.00566803  -0.00461131    0.0223134
   0.0226369  -0.00278368   0.00744859
 -0.00278368   0.00122784  -0.00495895
  0.00744859  -0.00495895    0.0232711
   0.0204686  -0.00226448   0.00583844
 -0.00226448   0.00161163  -0.00566838
  0.00583844  -0.00566838    0.0224648
   0.0220693  -0.00237419   0.00638028
 -0.00237419   0.00153295  -0.00565145
  0.00638028  -0.00565145    0.0228796
   0.0212759  -0.00175916   0.00529152
 -0.00175916   0.00192385  -0.00633832
  0.00529152  -0.00633832     0.022484
   0.0176676  -0.00178405   0.00457003
 -0.00178405    0.0015857  -0.00541304
  0.00457003  -0.00541304    0.0216655
   0.0192713  -0.00156291   0.00470281
 -0.00156291   0.00207916  -0.00643762
  0.00470281  -0.00643762    0.0219174
    0.016425  -0.00104346   0.00356981
 -0.00104346   0.00213463  -0.00628295
  0.00356981  -0.00628295    0.0210571
   0.0219513  -0.00209512   0.00586213
 -0.00209512   0.00136992   -0.0053671
  0.00586213   -0.0053671    0.0227293
   0.0216585  -0.00157006   0.00489009
 -0.00157006   0.00168232   -0.0059704
  0.00489009   -0.0059704    0.0225084
   0.0207318  -0.00113301   0.00371074
 -0.00113301   0.00141184  -0.00544149
  0.00371074  -0.00544149    0.0221009
   0.0206811  -0.00159158   0.00464897
 -0.00159158   0.00117064  -0.00493439
  0.00464897  -0.00493439    0.0222053
   0.0221028  -0.00243147   0.00681621
 -0.00243147   0.00110672  -0.00473152
  0.00681621  -0.00473152    0.0229727
   0.0206361  -0.00190837   0.00559769
 -0.00190837  0.000955941  -0.00437778
  0.00559769  -0.00437778    0.0223773
   0.0221503  -0.00263322   0.00771175
 -0.00263322  0.000885752  -0.00405482
  0.00771175  -0.00405482    0.0232419
   0.0230338  -0.00302438   0.00845373
 -0.00302438  0.000982061  -0.00424465
  0.00845373  -0.00424465    0.0236485
   0.0205872  -0.00212777   0.00653644
 -0.00212777  0.000766477  -0.00376597
  0.00653644  -0.00376597    0.0226269
   0.0184889   9.1537e-05 -0.000620363
  9.1537e-05  0.000706949  -0.00373127
-0.000620363  -0.00373127    0.0206428
   0.0184186 -0.000395803  0.000754558
-0.000395803  0.000656154  -0.00359452
 0.000754558  -0.00359452    0.0206593
   0.0183633 -0.000489944   0.00149729
-0.000489944  0.000738893  -0.00384923
  0.00149729  -0.00384923     0.020916
   0.0184365 -0.000953675   0.00281658
-0.000953675  0.000651569  -0.00354616
  0.00281658  -0.00354616    0.0211078
   0.0185786 -0.000956924   0.00216161
-0.000956924  0.000610389   -0.0033651
  0.00216161   -0.0033651    0.0208372
   0.0186123  -0.00110591   0.00351981
 -0.00110591  0.000720067  -0.00375911
  0.00351981  -0.00375911     0.021402
   0.0187094  -0.00146467   0.00412697
 -0.00146467  0.000578736  -0.00318101
  0.00412697  -0.00318101    0.0214419
   0.0187633  -0.00149842   0.00472724
 -0.00149842  0.000604525  -0.00331106
  0.00472724  -0.00331106     0.021726
   0.0191533  -0.00189138   0.00592601
 -0.00189138   0.00052424   -0.0028142
  0.00592601   -0.0028142    0.0221269
   0.0187784  -0.00154937   0.00346632
 -0.00154937  0.000573207  -0.00306482
  0.00346632  -0.00306482    0.0211058
   0.0192076  -0.00197862   0.00542648
 -0.00197862  0.000536436  -0.00277733
  0.00542648  -0.00277733    0.0218551
   0.0188476  -0.00205856   0.00458481
 -0.00205856  0.000548411  -0.00269302
  0.00458481  -0.00269302    0.0212971
   0.0192899  -0.00171754   0.00546014
 -0.00171754  0.000667796  -0.00350269
  0.00546014  -0.00350269    0.0220832
   0.0194725  -0.00197729   0.00651755
 -0.00197729  0.000546382  -0.00291257
  0.00651755  -0.00291257      0.02244
   0.0192791   -0.0014291    0.0043984
  -0.0014291  0.000820119  -0.00403259
   0.0043984  -0.00403259    0.0217997
   0.0193098  -0.00108836   0.00332298
 -0.00108836  0.000988119  -0.00449902
  0.00332298  -0.00449902    0.0216253
   0.0185902 -0.000716612   0.00229939
-0.000716612  0.000845477  -0.00413836
  0.00229939  -0.00413836    0.0212035
   0.0186202 -0.000282663   0.00109272
-0.000282663  0.000972944  -0.00443868
  0.00109272  -0.00443868    0.0211299
   0.0194134  -0.00065096   0.00229126
 -0.00065096   0.00116601  -0.00489942
  0.00229126  -0.00489942    0.0215606
   0.0184229 -4.48396e-05    0.0001896
-4.48396e-05  0.000825721  -0.00406295
   0.0001896  -0.00406295    0.0208609
   0.0184793  -0.00240638   0.00531451
 -0.00240638  0.000524286  -0.00225517
  0.00531451  -0.00225517    0.0215683
   0.0196112  -0.00243608   0.00665787
 -0.00243608  0.000515991  -0.00233333
  0.00665787  -0.00233333    0.0222887
   0.0196886  -0.00273226   0.00775244
 -0.00273226  0.000508964  -0.00183315
  0.00775244  -0.00183315    0.0226256
   0.0181782    -0.002609   0.00572608
   -0.002609  0.000510736  -0.00178394
  0.00572608  -0.00178394    0.0224315
   0.0202035  -0.00262241   0.00847045
 -0.00262241  0.000473065  -0.00173274
  0.00847045  -0.00173274    0.0231272
   0.0196145  -0.00285527   0.00864402
 -0.00285527  0.000508756  -0.00132997
  0.00864402  -0.00132997    0.0230135
   0.0206273  -0.00280965   0.00968433
 -0.00280965  0.000489504  -0.00119283
  0.00968433  -0.00119283    0.0236883
   0.0183105  -0.00275112   0.00647156
 -0.00275112  0.000508881  -0.00134813
  0.00647156  -0.00134813    0.0233816
   0.0207268  -0.00262482    0.0100028
 -0.00262482  0.000456108 -0.000950233
   0.0100028 -0.000950233    0.0238585
   0.0202194  -0.00248314    0.0088048
 -0.00248314  0.000439832  -0.00160106
   0.0088048  -0.00160106    0.0233213
    0.019783  -0.00225006   0.00761713
 -0.00225006  0.000466962   -0.0022746
  0.00761713   -0.0022746    0.0228527
   0.0196518   -0.0022904    0.0071653
  -0.0022904  0.000477686  -0.00228395
   0.0071653  -0.00228395     0.022593
   0.0170714  -0.00256101   0.00436202
 -0.00256101   0.00049916  -0.00135827
  0.00436202  -0.00135827    0.0234693
   0.0172942  -0.00248812   0.00381031
 -0.00248812  0.000504426  -0.00173564
  0.00381031  -0.00173564    0.0230699
   0.0155577   -0.0021473   0.00162624
  -0.0021473  0.000466723  -0.00155029
  0.00162624  -0.00155029     0.022649
   0.0172441  -0.00225086    0.0030412
 -0.00225086  0.000510524  -0.00213554
   0.0030412  -0.00213554    0.0222843
    0.016098  -0.00208556   0.00114536
 -0.00208556  0.000486056  -0.00196749
  0.00114536  -0.00196749    0.0227031
   0.0167065  -0.00187135  0.000897412
 -0.00187135  0.000509302  -0.00236482
 0.000897412  -0.00236482    0.0220665
   0.0176089  -0.00195699   0.00265083
 -0.00195699     0.000526  -0.00250595
  0.00265083  -0.00250595    0.0213384
   0.0151623  -0.00160662  -0.00104895
 -0.00160662  0.000437071  -0.00198633
 -0.00104895  -0.00198633    0.0222524
    0.018062  -0.00156892   0.00229584
 -0.00156892  0.000548065  -0.00284278
  0.00229584  -0.00284278    0.0204745
   0.0185215  -0.00102995   0.00132299
 -0.00102995  0.000570211  -0.00314214
  0.00132299  -0.00314214    0.0204465
   0.0178309   -0.0010276 -0.000163743
  -0.0010276  0.000513843  -0.00285956
-0.000163743  -0.00285956    0.0205781
   0.0187306 -0.000438188  2.95095e-05
-0.000438188  0.000587324  -0.00333084
 2.95095e-05  -0.00333084    0.0204065
   0.0186571 -0.000492803  -0.00105352
-0.000492803  0.000514194  -0.00301765
 -0.00105352  -0.00301765    0.0203819
   0.0192706   2.9705e-05  -0.00221015
  2.9705e-05  0.000510518  -0.00303764
 -0.00221015  -0.00303764    0.0202872
   0.0187396  0.000123692  -0.00142961
 0.000123692  0.000602358  -0.00339598
 -0.00142961  -0.00339598    0.0204107
   0.0177461  -0.00051902  -0.00244768
 -0.00051902  0.000427826  -0.00261829
 -0.00244768  -0.00261829    0.0203994
   0.0190943 -5.22356e-05  -0.00335872
-5.22356e-05  0.000411483  -0.00261573
 -0.00335872  -0.00261573    0.0203578
   0.0180818 -0.000201689  -0.00423489
-0.000201689  0.000321869  -0.00213896
 -0.00423489  -0.00213896    0.0200997
   0.0169901 -0.000562431  -0.00350005
-0.000562431  0.000354353  -0.00225691
 -0.00350005  -0.00225691    0.0208344
   0.0170619 -0.000963846  -0.00167593
-0.000963846  0.000448477  -0.00257944
 -0.00167593  -0.00257944    0.0211617
   0.0158501  -0.00100223  -0.00282782
 -0.00100223  0.000399342  -0.00225942
 -0.00282782  -0.00225942     0.022219
   0.0161679  -0.00140537  -0.00128762
 -0.00140537  0.000460512  -0.00237026
 -0.00128762  -0.00237026    0.0219398
   0.0172408  -0.00148579  0.000327638
 -0.00148579  0.000508947  -0.00263873
 0.000327638  -0.00263873    0.0213945
    0.016054 -0.000538804  -0.00435616
-0.000538804  0.000302373  -0.00202519
 -0.00435616  -0.00202519    0.0212648
   0.0169323 -0.000300249   -0.0048625
-0.000300249  0.000251675  -0.00164985
  -0.0048625  -0.00164985    0.0193894
  0.00573233  -0.00490037  -0.00463474
 -0.00490037   0.00452084   0.00458778
 -0.00463474   0.00458778     0.021515
   0.0058593  -0.00504469  -0.00400889
 -0.00504469   0.00465206    0.0042403
 -0.00400889    0.0042403    0.0218996
   0.0056344  -0.00441817  -0.00355777
 -0.00441817   0.00372754   0.00305751
 -0.00355777   0.00305751     0.022084
   0.0059405   -0.0045549  -0.00282477
  -0.0045549   0.00385871   0.00315896
 -0.00282477   0.00315896    0.0225568
  0.00614362  -0.00514917  -0.00324156
 -0.00514917     0.004736    0.0042123
 -0.00324156    0.0042123    0.0222514
  0.00572252  -0.00400149  -0.00237421
 -0.00400149    0.0030913   0.00225008
 -0.00237421   0.00225008    0.0229274
  0.00644594  -0.00459766  -0.00192959
 -0.00459766   0.00390262   0.00365757
 -0.00192959   0.00365757    0.0230242
   0.0062433  -0.00405529  -0.00152162
 -0.00405529   0.00314321   0.00282704
 -0.00152162   0.00282704     0.023513
  0.00697216  -0.00401214 -0.000538127
 -0.00401214   0.00318669   0.00369176
-0.000538127   0.00369176    0.0240749
  0.00663335  -0.00517382  -0.00230925
 -0.00517382   0.00476465   0.00457843
 -0.00230925   0.00457843     0.022601
  0.00716053  -0.00454666 -0.000890841
 -0.00454666   0.00397024   0.00445918
-0.000890841   0.00445918    0.0234612
   0.0073293  -0.00512784  -0.00123884
 -0.00512784   0.00486663   0.00526717
 -0.00123884   0.00526717    0.0229227
  0.00605262  -0.00361489   -0.0011662
 -0.00361489   0.00255551   0.00223441
  -0.0011662   0.00223441    0.0240696
  0.00677813  -0.00356785  -0.00023875
 -0.00356785   0.00257143   0.00308817
 -0.00023875   0.00308817     0.024741
  0.00661486   -0.0032652 -2.48936e-05
  -0.0032652   0.00215518   0.00262819
-2.48936e-05   0.00262819    0.0254172
  0.00626793  -0.00351718  -0.00110418
 -0.00351718   0.00228983   0.00195527
 -0.00110418   0.00195527    0.0248435
  0.00574307   -0.0036881  -0.00210633
  -0.0036881   0.00256783   0.00170761
 -0.00210633   0.00170761    0.0235086
   0.0061773  -0.00369532  -0.00206757
 -0.00369532   0.00237368   0.00147382
 -0.00206757   0.00147382    0.0242344
  0.00558068  -0.00361438  -0.00283379
 -0.00361438    0.0024524   0.00149887
 -0.00283379   0.00149887    0.0228724
    0.005475  -0.00388895  -0.00313241
 -0.00388895   0.00296072   0.00209298
 -0.00313241   0.00209298    0.0223968
  0.00533604  -0.00368533  -0.00368139
 -0.00368533    0.0027337   0.00220904
 -0.00368139   0.00220904    0.0217673
  0.00606447  -0.00363478  -0.00274579
 -0.00363478   0.00226556   0.00128765
 -0.00274579   0.00128765    0.0221275
  0.00543216  -0.00339935  -0.00332411
 -0.00339935   0.00221438   0.00156936
 -0.00332411   0.00156936     0.021611
   0.0058417    -0.003409  -0.00320279
   -0.003409    0.0020529   0.00133973
 -0.00320279   0.00133973    0.0210204
  0.00549412  -0.00423256  -0.00414074
 -0.00423256    0.0035291   0.00327165
 -0.00414074   0.00327165    0.0215718
  0.00815553  -0.00498909 -0.000123642
 -0.00498909   0.00509905   0.00619486
-0.000123642   0.00619486    0.0231661
  0.00802609  -0.00440265  0.000190601
 -0.00440265   0.00412404   0.00545893
 0.000190601   0.00545893    0.0238335
  0.00888436  -0.00420223   0.00116622
 -0.00420223   0.00442229   0.00649254
  0.00116622   0.00649254    0.0240992
  0.00895471  -0.00477778  0.000883778
 -0.00477778   0.00551085   0.00721599
 0.000883778   0.00721599    0.0232848
  0.00874861  -0.00368984   0.00140485
 -0.00368984   0.00345384   0.00568942
  0.00140485   0.00568942    0.0249882
  0.00953317  -0.00397485   0.00187259
 -0.00397485   0.00483131   0.00743413
  0.00187259   0.00743413    0.0242714
  0.00945729  -0.00351113   0.00205386
 -0.00351113   0.00372906   0.00650702
  0.00205386   0.00650702    0.0253145
  0.00980882  -0.00340617   0.00234398
 -0.00340617   0.00403842   0.00698575
  0.00234398   0.00698575    0.0255816
  0.00952958  -0.00450497   0.00162896
 -0.00450497   0.00604825   0.00821141
  0.00162896   0.00821141    0.0233059
  0.00981574  -0.00379218    0.0022301
 -0.00379218   0.00525971   0.00809462
   0.0022301   0.00809462    0.0243925
  0.00974592  -0.00425582   0.00203087
 -0.00425582   0.00660092     0.009006
  0.00203087     0.009006    0.0232756
  0.00930532  -0.00315807   0.00213194
 -0.00315807   0.00285249   0.00554317
  0.00213194   0.00554317    0.0263865
  0.00971342  -0.00312035   0.00235183
 -0.00312035   0.00305796   0.00577849
  0.00235183   0.00577849    0.0267791
  0.00954572  -0.00295375   0.00226391
 -0.00295375   0.00235732   0.00453254
  0.00226391   0.00453254    0.0279279
  0.00910135  -0.00294258   0.00211874
 -0.00294258   0.00222135   0.00456091
  0.00211874   0.00456091     0.027429
  0.00856444  -0.00329337   0.00155524
 -0.00329337    0.0026934   0.00491419
  0.00155524   0.00491419    0.0259184
  0.00835776  -0.00303308   0.00161818
 -0.00303308   0.00214538   0.00416019
  0.00161818   0.00416019    0.0268342
  0.00766363  -0.00344799  0.000713103
 -0.00344799   0.00260309   0.00404926
 0.000713103   0.00404926    0.0253655
  0.00785431  -0.00387347  0.000487102
 -0.00387347   0.00327124   0.00470599
 0.000487102   0.00470599    0.0245744
  0.00747179  -0.00315216  0.000858798
 -0.00315216   0.00212728   0.00347005
 0.000858798   0.00347005    0.0261522
    0.013895  -0.00556722  -0.00165754
 -0.00556722   0.00252608   0.00256572
 -0.00165754   0.00256572    0.0222449
   0.0124232  -0.00499304  -0.00102693
 -0.00499304    0.0023407   0.00284724
 -0.00102693   0.00284724    0.0231346
   0.0105326  -0.00383525  0.000250655
 -0.00383525    0.0018163   0.00275699
 0.000250655   0.00275699    0.0255077
  0.00958234  -0.00374282  0.000162548
 -0.00374282   0.00187554   0.00286479
 0.000162548   0.00286479    0.0254157
   0.0121314  -0.00523338  -0.00149265
 -0.00523338   0.00258808   0.00301491
 -0.00149265   0.00301491    0.0224667
  0.00842874  -0.00308119  0.000938226
 -0.00308119   0.00164825   0.00298886
 0.000938226   0.00298886     0.026353
  0.00923309  -0.00401795 -0.000486875
 -0.00401795    0.0021164   0.00274997
-0.000486875   0.00274997    0.0249509
  0.00768178  -0.00318521  0.000383605
 -0.00318521   0.00176833   0.00271996
 0.000383605   0.00271996    0.0260803
  0.00774203  -0.00370246 -0.000620607
 -0.00370246   0.00211531   0.00238496
-0.000620607   0.00238496    0.0259929
   0.0110043  -0.00519065  -0.00195173
 -0.00519065    0.0027587   0.00304426
 -0.00195173   0.00304426    0.0213149
   0.0089577  -0.00443353  -0.00159434
 -0.00443353   0.00247761   0.00259357
 -0.00159434   0.00259357    0.0227489
   0.0104635  -0.00544653  -0.00267549
 -0.00544653   0.00308769    0.0030268
 -0.00267549    0.0030268    0.0201106
  0.00726558  -0.00296412  0.000850628
 -0.00296412   0.00180266   0.00297499
 0.000850628   0.00297499    0.0263293
  0.00692168  -0.00331207 -0.000143858
 -0.00331207   0.00201116   0.00241045
-0.000143858   0.00241045    0.0259385
  0.00819814  -0.00291813   0.00142154
 -0.00291813   0.00178097   0.00349048
  0.00142154   0.00349048    0.0269225
  0.00903139  -0.00290434   0.00177545
 -0.00290434   0.00180875    0.0036983
  0.00177545    0.0036983    0.0276815
  0.00950957  -0.00321367   0.00108751
 -0.00321367   0.00166655   0.00303012
  0.00108751   0.00303012    0.0266649
   0.0104155  -0.00344234  0.000994702
 -0.00344234   0.00176409   0.00269883
 0.000994702   0.00269883    0.0273991
  0.00960019   -0.0029899   0.00178808
  -0.0029899   0.00190502   0.00348254
  0.00178808   0.00348254    0.0283274
   0.0117953  -0.00427159 -0.000209407
 -0.00427159   0.00195377   0.00240692
-0.000209407   0.00240692     0.025148
   0.0100832  -0.00552982  -0.00303322
 -0.00552982   0.00322608   0.00292551
 -0.00303322   0.00292551    0.0195372
  0.00891375  -0.00476879  -0.00248935
 -0.00476879   0.00274169   0.00241155
 -0.00248935   0.00241155    0.0208926
  0.00920807   -0.0051193  -0.00338409
  -0.0051193   0.00296948   0.00246676
 -0.00338409   0.00246676    0.0204815
   0.0101191  -0.00569576  -0.00354226
 -0.00569576   0.00335161   0.00296655
 -0.00354226   0.00296655    0.0195082
  0.00808306  -0.00447095  -0.00286389
 -0.00447095       0.0026   0.00196191
 -0.00286389   0.00196191    0.0215063
   0.0088959  -0.00490737  -0.00370025
 -0.00490737   0.00281353   0.00238746
 -0.00370025   0.00238746    0.0200422
  0.00820428   -0.0045134   -0.0034719
  -0.0045134   0.00256418   0.00178691
  -0.0034719   0.00178691    0.0210796
   0.0077571  -0.00415127  -0.00384053
 -0.00415127   0.00229662   0.00169709
 -0.00384053   0.00169709    0.0209979
  0.00946461  -0.00533638  -0.00389941
 -0.00533638   0.00313178   0.00285953
 -0.00389941   0.00285953    0.0183183
  0.00834851  -0.00440723  -0.00392795
 -0.00440723   0.00243733   0.00224024
 -0.00392795   0.00224024    0.0192028
  0.00904044  -0.00495778  -0.00411852
 -0.00495778   0.00287502   0.00294735
 -0.00411852   0.00294735    0.0182048
  0.00697964  -0.00394322  -0.00307844
 -0.00394322   0.00230686   0.00149248
 -0.00307844   0.00149248    0.0212934
   0.0064759   -0.0035636  -0.00342377
  -0.0035636   0.00202627   0.00141312
 -0.00342377   0.00141312    0.0207578
  0.00695202  -0.00394944  -0.00234925
 -0.00394944   0.00237521   0.00157968
 -0.00234925   0.00157968    0.0227903
  0.00688553  -0.00369254  -0.00125586
 -0.00369254   0.00224136   0.00190971
 -0.00125586   0.00190971    0.0256367
  0.00780418  -0.00412913  -0.00190102
 -0.00412913   0.00239609   0.00208753
 -0.00190102   0.00208753    0.0231944
  0.00958746  -0.00407766   0.00210347
 -0.00407766   0.00702496   0.00950013
  0.00210347   0.00950013    0.0232345
  0.00971239  -0.00370858   0.00224337
 -0.00370858   0.00557722    0.0083869
  0.00224337    0.0083869    0.0244957
  0.00931646  -0.00372057   0.00199732
 -0.00372057   0.00569866   0.00832163
  0.00199732   0.00832163    0.0245995
  0.00916782  -0.00399194   0.00192433
 -0.00399194   0.00725184   0.00968018
  0.00192433   0.00968018    0.0232123
  0.00940229  -0.00351393   0.00195171
 -0.00351393   0.00434024   0.00671976
  0.00195171   0.00671976    0.0260202
  0.00877966  -0.00376613   0.00158576
 -0.00376613    0.0056301   0.00801749
  0.00158576   0.00801749    0.0247288
  0.00888539  -0.00363169   0.00145706
 -0.00363169   0.00424454   0.00615135
  0.00145706   0.00615135    0.0262347
  0.00833743  -0.00368465   0.00088007
 -0.00368465   0.00403759   0.00549929
  0.00088007   0.00549929    0.0264606
  0.00862238  -0.00394781   0.00158509
 -0.00394781   0.00726978    0.0096231
  0.00158509    0.0096231    0.0232366
  0.00821368  -0.00376899   0.00108668
 -0.00376899    0.0054212   0.00759526
  0.00108668   0.00759526    0.0248801
  0.00806468  -0.00388346   0.00115208
 -0.00388346   0.00712155    0.0094328
  0.00115208    0.0094328     0.023297
  0.00893659  -0.00355068   0.00120746
 -0.00355068     0.003238   0.00418989
  0.00120746   0.00418989    0.0276727
  0.00841361  -0.00363546  0.000558248
 -0.00363546   0.00309678   0.00331165
 0.000558248   0.00331165    0.0279456
  0.00844257  -0.00361948  0.000179608
 -0.00361948   0.00260825   0.00118827
 0.000179608   0.00118827    0.0292936
  0.00893288  -0.00351632  0.000890025
 -0.00351632   0.00263085   0.00222853
 0.000890025   0.00222853    0.0289976
  0.00942075  -0.00337918   0.00178708
 -0.00337918   0.00329804   0.00500067
  0.00178708   0.00500067    0.0273997
  0.00937208  -0.00330693   0.00154686
 -0.00330693   0.00260724   0.00323995
  0.00154686   0.00323995    0.0286829
  0.00973153  -0.00320345   0.00220735
 -0.00320345    0.0032382   0.00557717
  0.00220735   0.00557717    0.0271111
  0.00976001  -0.00341172   0.00228286
 -0.00341172   0.00427079   0.00704396
  0.00228286   0.00704396    0.0258112
  0.00961928  -0.00308711   0.00204877
 -0.00308711   0.00250862   0.00405863
  0.00204877   0.00405863    0.0283372
  0.00753387  -0.00376668  0.000654395
 -0.00376668   0.00683874   0.00922781
 0.000654395   0.00922781    0.0233587
  0.00768266  -0.00367767  0.000517195
 -0.00367767    0.0051109   0.00718981
 0.000517195   0.00718981    0.0250228
  0.00719802  -0.00349467 -0.000105276
 -0.00349467   0.00474104    0.0068994
-0.000105276    0.0068994    0.0251362
  0.00705044  -0.00358793  0.000110818
 -0.00358793   0.00648781   0.00908031
 0.000110818   0.00908031    0.0233941
  0.00734327  -0.00340305 -0.000444694
 -0.00340305     0.003427   0.00444953
-0.000444694   0.00444953    0.0268268
  0.00676566  -0.00325446 -0.000767395
 -0.00325446   0.00437106    0.0067169
-0.000767395    0.0067169    0.0252296
  0.00692017  -0.00311424  -0.00117137
 -0.00311424   0.00306786     0.004165
 -0.00117137     0.004165    0.0269621
  0.00658292  -0.00280644  -0.00184227
 -0.00280644   0.00271241   0.00404713
 -0.00184227   0.00404713    0.0268889
  0.00662151  -0.00336971  -0.00046612
 -0.00336971   0.00612809   0.00898578
 -0.00046612   0.00898578     0.023407
  0.00639933  -0.00298488   -0.0014203
 -0.00298488   0.00401736   0.00666091
  -0.0014203   0.00666091    0.0250742
  0.00625843  -0.00312817  -0.00104539
 -0.00312817   0.00579473   0.00895256
 -0.00104539   0.00895256    0.0234132
  0.00707182  -0.00298906  -0.00164971
 -0.00298906   0.00232275   0.00155918
 -0.00164971   0.00155918    0.0285006
  0.00688619  -0.00264728  -0.00232042
 -0.00264728   0.00196632   0.00143904
 -0.00232042   0.00143904    0.0281685
  0.00706129    -0.002512  -0.00275198
   -0.002512   0.00176303   -0.0010079
 -0.00275198   -0.0010079    0.0296422
   0.0071901  -0.00290515  -0.00211873
 -0.00290515   0.00210708 -0.000848072
 -0.00211873 -0.000848072     0.029773
  0.00747165   -0.0033323 -0.000884848
  -0.0033323   0.00263699   0.00193623
-0.000884848   0.00193623    0.0283704
  0.00755874  -0.00329063   -0.0013366
 -0.00329063   0.00237661 -0.000418584
  -0.0013366 -0.000418584    0.0296981
  0.00791861  -0.00356505 -0.000143404
 -0.00356505   0.00289878   0.00252321
-0.000143404   0.00252321    0.0281888
  0.00781271  -0.00361052  0.000243692
 -0.00361052   0.00375683   0.00489371
 0.000243692   0.00489371    0.0266658
  0.00797364  -0.00354839 -0.000563362
 -0.00354839   0.00252958  0.000267606
-0.000563362  0.000267606    0.0295382
   0.0132774  -0.00583172  -0.00615034
 -0.00583172    0.0035808  -0.00156547
 -0.00615034  -0.00156547    0.0226384
   0.0138059  -0.00624415  -0.00569923
 -0.00624415    0.0037565  -0.00160073
 -0.00569923  -0.00160073    0.0228132
   0.0107898  -0.00464147  -0.00456465
 -0.00464147   0.00309863  -0.00285846
 -0.00456465  -0.00285846    0.0266619
   0.0112476  -0.00497962  -0.00397429
 -0.00497962   0.00311909  -0.00254601
 -0.00397429  -0.00254601    0.0267067
   0.0143003  -0.00650261  -0.00521292
 -0.00650261   0.00373241  -0.00143376
 -0.00521292  -0.00143376     0.022849
  0.00909406  -0.00395997  -0.00277704
 -0.00395997   0.00270693  -0.00292079
 -0.00277704  -0.00292079    0.0293499
   0.0116777  -0.00514777  -0.00336729
 -0.00514777   0.00298427  -0.00202042
 -0.00336729  -0.00202042    0.0266143
  0.00951204  -0.00418179  -0.00207903
 -0.00418179   0.00263239  -0.00224493
 -0.00207903  -0.00224493    0.0292354
  0.00994196  -0.00422635  -0.00136175
 -0.00422635   0.00248971  -0.00134301
 -0.00136175  -0.00134301    0.0290185
   0.0146866  -0.00661577  -0.00470009
 -0.00661577   0.00357942  -0.00105734
 -0.00470009  -0.00105734    0.0227421
   0.0120529  -0.00517353  -0.00272147
 -0.00517353   0.00278475  -0.00124781
 -0.00272147  -0.00124781    0.0263974
     0.01499  -0.00659982  -0.00413997
 -0.00659982   0.00336152 -0.000472578
 -0.00413997 -0.000472578    0.0225448
  0.00830057  -0.00365001  -0.00121666
 -0.00365001   0.00244314  -0.00140406
 -0.00121666  -0.00140406    0.0300568
  0.00874233  -0.00371789    -0.000467
 -0.00371789   0.00240294 -0.000439897
   -0.000467 -0.000439897     0.029818
  0.00789692  -0.00339814   -0.0019712
 -0.00339814    0.0024092  -0.00212294
  -0.0019712  -0.00212294    0.0301887
  0.00754492  -0.00298679  -0.00272996
 -0.00298679   0.00222212  -0.00256994
 -0.00272996  -0.00256994    0.0301956
  0.00870053  -0.00356646   -0.0034702
 -0.00356646   0.00260271  -0.00332603
  -0.0034702  -0.00332603    0.0293108
   0.0085411  -0.00308135  -0.00406829
 -0.00308135   0.00228205  -0.00343621
 -0.00406829  -0.00343621    0.0291865
  0.00755794  -0.00257361  -0.00335697
 -0.00257361   0.00188835  -0.00268815
 -0.00335697  -0.00268815    0.0299271
   0.0105167  -0.00418665   -0.0051032
 -0.00418665   0.00284466  -0.00290087
  -0.0051032  -0.00290087    0.0264764
   0.0152014  -0.00647508  -0.00353116
 -0.00647508   0.00311643  0.000296882
 -0.00353116  0.000296882    0.0222816
   0.0123662  -0.00504823  -0.00204732
 -0.00504823   0.00255221 -0.000295614
 -0.00204732 -0.000295614    0.0261178
    0.012553  -0.00484305  -0.00138809
 -0.00484305   0.00230944  0.000766351
 -0.00138809  0.000766351    0.0257729
   0.0152941  -0.00629831  -0.00287988
 -0.00629831   0.00287995   0.00113479
 -0.00287988   0.00113479      0.02208
   0.0106293  -0.00388397  6.55032e-05
 -0.00388397   0.00208917  0.000901223
 6.55032e-05  0.000901223    0.0283875
   0.0124599  -0.00459189 -0.000724901
 -0.00459189   0.00210812   0.00169263
-0.000724901   0.00169263    0.0254196
   0.0107157  -0.00364044  0.000622611
 -0.00364044   0.00189779   0.00196022
 0.000622611   0.00196022    0.0279744
   0.0147677  -0.00592461  -0.00220438
 -0.00592461   0.00264552   0.00194357
 -0.00220438   0.00194357    0.0221063
  0.00973543  -0.00313939    0.0015169
 -0.00313939   0.00203589   0.00280437
   0.0015169   0.00280437    0.0288047
  0.00955862   -0.0033807  0.000973518
  -0.0033807   0.00218642   0.00181051
 0.000973518   0.00181051    0.0291866
  0.00918957   -0.0035994  0.000273181
  -0.0035994   0.00231453  0.000668284
 0.000273181  0.000668284    0.0295201
   0.0103351  -0.00411227 -0.000629442
 -0.00411227   0.00230354 -0.000258027
-0.000629442 -0.000258027    0.0287258
  0.00471877  -0.00850817  -0.00241436
 -0.00850817    0.0257613    0.0150229
 -0.00241436    0.0150229    0.0153439
  0.00521012  -0.00848458  -0.00177732
 -0.00848458    0.0245169    0.0143998
 -0.00177732    0.0143998    0.0159788
  0.00530128  -0.00823765  -0.00238121
 -0.00823765    0.0203383    0.0133321
 -0.00238121    0.0133321    0.0172489
  0.00585463   -0.0082471  -0.00165025
  -0.0082471    0.0194338     0.012682
 -0.00165025     0.012682    0.0176501
  0.00580213  -0.00846676   -0.0011047
 -0.00846676    0.0233593    0.0138693
  -0.0011047    0.0138693      0.01655
  0.00595488  -0.00799606  -0.00225454
 -0.00799606    0.0158786     0.011455
 -0.00225454     0.011455    0.0187115
  0.00648839  -0.00824754 -0.000910192
 -0.00824754    0.0186842    0.0122466
