           0            0            0
           0            0            0
           0            0            0
   0.0317844  -0.00418404   0.00848191
 -0.00418404   0.00099556  -0.00259865
  0.00848191  -0.00259865    0.0183237
   0.0277542  -0.00326066    0.0110359
 -0.00326066  0.000613071  -0.00210466
   0.0110359  -0.00210466    0.0223238
    0.023731  -0.00332206    0.0134645
 -0.00332206  0.000638636  -0.00178978
   0.0134645  -0.00178978    0.0246632
   0.0227533  -0.00368173    0.0145595
 -0.00368173  0.000758465  -0.00132272
   0.0145595  -0.00132272    0.0247552
   0.0228315  -0.00400512      0.01382
 -0.00400512  0.000904805 -0.000844255
     0.01382 -0.000844255    0.0248371
   0.0206142  -0.00382566    0.0122425
 -0.00382566  0.000860533   -0.0010036
   0.0122425   -0.0010036    0.0224334
   0.0214147  -0.00411469    0.0111331
 -0.00411469  0.000977518 -0.000602983
   0.0111331 -0.000602983    0.0234728
    0.022949   -0.0041987    0.0125176
  -0.0041987  0.000994921 -0.000539715
   0.0125176 -0.000539715    0.0249384
   0.0211667  -0.00406596   0.00879353
 -0.00406596  0.000974784 -0.000428544
  0.00879353 -0.000428544     0.024109
   0.0228199   -0.0042121    0.0102807
  -0.0042121  0.000996764 -0.000410456
   0.0102807 -0.000410456    0.0256148
   0.0210553  -0.00371717   0.00597367
 -0.00371717    0.0008684  -0.00051949
  0.00597367  -0.00051949    0.0250196
   0.0229086  -0.00416752   0.00913407
 -0.00416752  0.000942308 -0.000522334
  0.00913407 -0.000522334    0.0256808
   0.0463696  0.000758901    0.0170166
 0.000758901   0.00104903    0.0029943
   0.0170166    0.0029943    0.0224184
   0.0405938 -0.000532599    0.0194041
-0.000532599   0.00133956   0.00384211
   0.0194041   0.00384211    0.0264038
   0.0393081  0.000196525    0.0189195
 0.000196525    0.0010182   0.00349828
   0.0189195   0.00349828    0.0263602
   0.0361126 -0.000524156    0.0210524
-0.000524156   0.00133491    0.0040841
   0.0210524    0.0040841    0.0295033
    0.036444  -0.00111313    0.0209488
 -0.00111313   0.00165417   0.00430436
   0.0209488   0.00430436    0.0292173
   0.0331714 -0.000412809    0.0195647
-0.000412809   0.00102445   0.00343446
   0.0195647   0.00343446    0.0289296
   0.0335599  -0.00109067    0.0212829
 -0.00109067   0.00155457   0.00416502
   0.0212829   0.00416502    0.0305898
   0.0312742  -0.00102393    0.0201983
 -0.00102393    0.0012796   0.00364792
   0.0201983   0.00364792    0.0302099
   0.0308972  -0.00159387    0.0199197
 -0.00159387   0.00138298   0.00344317
   0.0199197   0.00344317    0.0302482
   0.0333061  -0.00154752    0.0207733
 -0.00154752   0.00181306   0.00427847
   0.0207733   0.00427847    0.0301253
   0.0328926  -0.00167965     0.020753
 -0.00167965   0.00158438   0.00381278
    0.020753   0.00381278    0.0305281
   0.0322941  -0.00208223    0.0200024
 -0.00208223   0.00176479   0.00383134
   0.0200024   0.00383134    0.0300548
   0.0286401  -0.00134001    0.0187492
 -0.00134001   0.00102154   0.00275595
   0.0187492   0.00275595    0.0296197
   0.0282434  -0.00187696    0.0185519
 -0.00187696   0.00118579   0.00271493
   0.0185519   0.00271493    0.0297035
   0.0267004  -0.00243342    0.0177579
 -0.00243342   0.00101887   0.00174202
   0.0177579   0.00174202    0.0294796
   0.0274143  -0.00193568     0.018084
 -0.00193568  0.000821411   0.00160552
    0.018084   0.00160552    0.0294918
   0.0305126 -0.000704709     0.018071
-0.000704709  0.000758206   0.00242088
    0.018071   0.00242088     0.028338
   0.0297961   -0.0013227    0.0177229
  -0.0013227  0.000580513    0.0011532
   0.0177229    0.0011532    0.0284273
   0.0336163  0.000110781    0.0159027
 0.000110781  0.000520808   0.00169768
   0.0159027   0.00169768    0.0252337
   0.0359687  0.000386682    0.0171868
 0.000386682  0.000736601   0.00275513
   0.0171868   0.00275513    0.0256733
   0.0404198   0.00164884    0.0141021
  0.00164884  0.000590618   0.00177288
   0.0141021   0.00177288    0.0213753
    0.033617 -0.000585019    0.0157656
-0.000585019  0.000402811  0.000410887
   0.0157656  0.000410887    0.0255687
   0.0386076   0.00116216    0.0132154
  0.00116216   0.00042139  0.000766102
   0.0132154  0.000766102    0.0211485
   0.0401876  3.94288e-07     0.013486
 3.94288e-07  0.000376482 -0.000476947
    0.013486 -0.000476947    0.0217895
   0.0438873   0.00153844     0.015865
  0.00153844  0.000801512    0.0025483
    0.015865    0.0025483     0.022035
    0.031478  -0.00266647    0.0185068
 -0.00266647   0.00156181   0.00308147
   0.0185068   0.00308147    0.0293699
   0.0323608  -0.00233024    0.0193514
 -0.00233024   0.00144716    0.0031154
   0.0193514    0.0031154    0.0297185
   0.0318419  -0.00280691    0.0178743
 -0.00280691   0.00120295   0.00221116
   0.0178743   0.00221116    0.0289627
   0.0306436  -0.00306812    0.0169359
 -0.00306812   0.00126485   0.00213926
   0.0169359   0.00213926    0.0286971
   0.0303498  -0.00266246    0.0173547
 -0.00266246   0.00113669   0.00209142
   0.0173547   0.00209142    0.0287094
   0.0312513  -0.00311597    0.0163559
 -0.00311597  0.000929878   0.00115821
   0.0163559   0.00115821    0.0282173
   0.0300811  -0.00294157    0.0159649
 -0.00294157  0.000896642   0.00114458
   0.0159649   0.00114458    0.0279927
   0.0297748   -0.0030631    0.0146234
  -0.0030631  0.000681056  9.15497e-05
   0.0146234  9.15497e-05    0.0273181
   0.0297543  -0.00329276    0.0153288
 -0.00329276  0.000962011   0.00107815
   0.0153288   0.00107815    0.0279808
   0.0306288  -0.00328146     0.014908
 -0.00328146  0.000709835  2.65304e-05
    0.014908  2.65304e-05    0.0274928
    0.028812  -0.00339224    0.0137722
 -0.00339224  0.000732714 -1.74569e-05
   0.0137722 -1.74569e-05    0.0272143
   0.0276332  -0.00300053    0.0148885
 -0.00300053  0.000887874  0.000933032
   0.0148885  0.000933032    0.0275834
   0.0274778  -0.00300565    0.0135852
 -0.00300565  0.000682119  3.38127e-05
   0.0135852  3.38127e-05    0.0269386
   0.0254282   -0.0032225    0.0126805
  -0.0032225  0.000725244 -0.000170311
   0.0126805 -0.000170311    0.0266675
   0.0256727  -0.00332275     0.014054
 -0.00332275  0.000910591  0.000550865
    0.014054  0.000550865    0.0273383
   0.0277877  -0.00280555    0.0162104
 -0.00280555   0.00108505   0.00171296
   0.0162104   0.00171296    0.0282668
   0.0259264   -0.0032113    0.0154058
  -0.0032113   0.00105772   0.00114072
   0.0154058   0.00114072    0.0280351
   0.0279663  -0.00242797     0.017439
 -0.00242797   0.00119934   0.00231844
    0.017439   0.00231844    0.0289644
   0.0305948  -0.00221378    0.0186884
 -0.00221378   0.00131901   0.00287269
   0.0186884   0.00287269    0.0294537
   0.0262325  -0.00290637    0.0166402
 -0.00290637   0.00110017   0.00154755
   0.0166402   0.00154755    0.0287393
   0.0241802  -0.00431961    0.0121224
 -0.00431961   0.00102324  -0.00033751
   0.0121224  -0.00033751    0.0264498
   0.0242495  -0.00424668    0.0134416
 -0.00424668   0.00103168 -0.000307291
   0.0134416 -0.000307291    0.0264494
   0.0255226  -0.00413242    0.0150131
 -0.00413242   0.00105552 -1.03419e-05
   0.0150131 -1.03419e-05     0.027797
   0.0240307  -0.00398837    0.0147575
 -0.00398837  0.000935834 -0.000529999
   0.0147575 -0.000529999    0.0261704
   0.0258278  -0.00388744    0.0162023
 -0.00388744  0.000989768  9.55138e-06
   0.0162023  9.55138e-06    0.0283742
   0.0260841  -0.00348041    0.0171746
 -0.00348041  0.000827355 -0.000188932
   0.0171746 -0.000188932    0.0287457
   0.0243198   -0.0036585    0.0158411
  -0.0036585  0.000784199 -0.000880227
   0.0158411 -0.000880227    0.0264894
    0.026313  -0.00352738    0.0168197
 -0.00352738   0.00104325  0.000666056
   0.0168197  0.000666056    0.0290435
   0.0267991  -0.00309828    0.0179109
 -0.00309828  0.000912299  0.000658745
   0.0179109  0.000658745    0.0298017
   0.0257145  -0.00376086    0.0154472
 -0.00376086   0.00105562  0.000473296
   0.0154472  0.000473296    0.0282372
   0.0252318  -0.00380915    0.0139565
 -0.00380915  0.000960049  8.07714e-05
   0.0139565  8.07714e-05    0.0274332
   0.0250032  -0.00415836    0.0136171
 -0.00415836   0.00100159 -0.000239098
   0.0136171 -0.000239098    0.0272631
   0.0247112  -0.00401924    0.0122755
 -0.00401924  0.000878588 -0.000688824
   0.0122755 -0.000688824    0.0265164
   0.0247531  -0.00364677    0.0124239
 -0.00364677  0.000801596 -0.000466997
   0.0124239 -0.000466997    0.0266664
    0.023844   -0.0041703    0.0109001
  -0.0041703  0.000917951 -0.000651123
   0.0109001 -0.000651123    0.0261639
   0.0252053   -0.0032338    0.0156079
  -0.0032338  0.000625393  -0.00135108
   0.0156079  -0.00135108    0.0266573
   0.0289348  -0.00302126    0.0140995
 -0.00302126  0.000548413  -0.00180601
   0.0140995  -0.00180601    0.0252116
   0.0294388  -0.00257753    0.0159522
 -0.00257753  0.000495018  -0.00117921
   0.0159522  -0.00117921     0.026959
   0.0328443  -0.00303562    0.0109887
 -0.00303562  0.000628443  -0.00218958
   0.0109887  -0.00218958    0.0212481
   0.0332903  -0.00249483    0.0127225
 -0.00249483  0.000539269  -0.00176028
   0.0127225  -0.00176028    0.0228016
   0.0386761  -0.00291895    0.0103972
 -0.00291895  0.000765257  -0.00235878
   0.0103972  -0.00235878    0.0190976
   0.0364793  -0.00388798   0.00880595
 -0.00388798  0.000963803   -0.0026345
  0.00880595   -0.0026345    0.0180973
   0.0338209  -0.00141935    0.0149295
 -0.00141935  0.000377867 -0.000769234
   0.0149295 -0.000769234    0.0250692
   0.0391234  -0.00138109    0.0122409
 -0.00138109  0.000473322  -0.00147151
   0.0122409  -0.00147151    0.0208595
   0.0298132  -0.00198682    0.0173566
 -0.00198682  0.000487494 -0.000102581
   0.0173566 -0.000102581    0.0282924
   0.0273426  -0.00258908    0.0180788
 -0.00258908   0.00069916  0.000390432
   0.0180788  0.000390432    0.0296937
   0.0266544  -0.00301913    0.0170474
 -0.00301913  0.000635242 -0.000604595
   0.0170474 -0.000604595    0.0284191
   0.0277582  -0.00344091    0.0122479
 -0.00344091  0.000617543  -0.00108129
   0.0122479  -0.00108129    0.0264301
    0.029945  -0.00338569    0.0135203
 -0.00338569  0.000600586   -0.0011293
   0.0135203   -0.0011293    0.0267931
   0.0292066  -0.00347797    0.0121827
 -0.00347797  0.000630879  -0.00224547
   0.0121827  -0.00224547    0.0261523
   0.0266176  -0.00348026    0.0107491
 -0.00348026  0.000637699  -0.00205886
   0.0107491  -0.00205886    0.0256828
   0.0291385   -0.0031184    0.0121716
  -0.0031184  0.000572788  -0.00219276
   0.0121716  -0.00219276    0.0261622
   0.0283023  -0.00360869    0.0108776
 -0.00360869   0.00078693  -0.00325187
   0.0108776  -0.00325187    0.0255781
   0.0286973  -0.00320791    0.0110409
 -0.00320791  0.000723264  -0.00327717
   0.0110409  -0.00327717    0.0256935
   0.0281023  -0.00337213    0.0099941
 -0.00337213   0.00096693  -0.00420662
   0.0099941  -0.00420662    0.0252791
     0.02541  -0.00352794   0.00930343
 -0.00352794   0.00076412   -0.0029081
  0.00930343   -0.0029081    0.0249903
   0.0272538   -0.0037538   0.00964286
  -0.0037538    0.0010209  -0.00410185
  0.00964286  -0.00410185    0.0250358
   0.0241176  -0.00355561   0.00794797
 -0.00355561  0.000956792   -0.0036314
  0.00794797   -0.0036314    0.0243058
   0.0269229   -0.0026065    0.0100297
  -0.0026065  0.000628806  -0.00310379
   0.0100297  -0.00310379    0.0253951
   0.0267058  -0.00262779    0.0090758
 -0.00262779  0.000844861   -0.0040319
   0.0090758   -0.0040319     0.025028
   0.0244838   -0.0019173    0.0077072
  -0.0019173  0.000723942  -0.00375364
   0.0077072  -0.00375364    0.0246016
   0.0246453  -0.00216912   0.00876158
 -0.00216912  0.000560784  -0.00289751
  0.00876158  -0.00289751    0.0250147
   0.0270925  -0.00270895    0.0111254
 -0.00270895  0.000516039  -0.00204963
   0.0111254  -0.00204963    0.0258321
   0.0248727  -0.00255214   0.00998047
 -0.00255214  0.000507417  -0.00195023
  0.00998047  -0.00195023    0.0254857
    0.027263   -0.0028848    0.0123113
  -0.0028848  0.000538336 -0.000975208
   0.0123113 -0.000975208    0.0263437
   0.0294383  -0.00309904    0.0133567
 -0.00309904  0.000556019  -0.00104167
   0.0133567  -0.00104167    0.0267052
   0.0251327  -0.00295108    0.0113037
 -0.00295108  0.000567245  -0.00101472
   0.0113037  -0.00101472    0.0260387
   0.0227459  -0.00348928   0.00667031
 -0.00348928   0.00118355  -0.00429224
  0.00667031  -0.00429224    0.0235756
   0.0260673  -0.00385023   0.00843097
 -0.00385023   0.00128557  -0.00482333
  0.00843097  -0.00482333    0.0244655
   0.0248376  -0.00374118   0.00723165
 -0.00374118   0.00158263  -0.00548873
  0.00723165  -0.00548873    0.0238247
   0.0213449  -0.00319851   0.00549721
 -0.00319851   0.00147756   -0.0049814
  0.00549721   -0.0049814    0.0227694
   0.0265415  -0.00363013   0.00791902
 -0.00363013   0.00153144  -0.00563132
  0.00791902  -0.00563132     0.024414
   0.0234977  -0.00331413   0.00609202
 -0.00331413   0.00194744  -0.00617202
  0.00609202  -0.00617202     0.023095
   0.0256226  -0.00342398   0.00685703
 -0.00342398   0.00184963  -0.00624208
  0.00685703  -0.00624208    0.0238941
   0.0245018  -0.00283722   0.00583396
 -0.00283722   0.00224575  -0.00687003
  0.00583396  -0.00687003    0.0233123
   0.0198535   -0.0025994   0.00448489
  -0.0025994   0.00188615  -0.00576172
  0.00448489  -0.00576172    0.0218885
   0.0219162  -0.00250119   0.00504925
 -0.00250119   0.00244995  -0.00692821
  0.00504925  -0.00692821    0.0223116
   0.0182441  -0.00166966   0.00364573
 -0.00166966   0.00251237  -0.00666817
  0.00364573  -0.00666817    0.0210023
    0.025504    -0.002873    0.0063134
   -0.002873   0.00161888  -0.00594874
   0.0063134  -0.00594874    0.0240212
   0.0249477  -0.00252567   0.00540353
 -0.00252567   0.00190913  -0.00644674
  0.00540353  -0.00644674    0.0236616
   0.0236457   -0.0017573   0.00397372
  -0.0017573   0.00153308  -0.00579615
  0.00397372  -0.00579615    0.0234346
   0.0238213   -0.0019205   0.00485292
  -0.0019205   0.00134097  -0.00544795
  0.00485292  -0.00544795    0.0236532
   0.0259675  -0.00289534   0.00724942
 -0.00289534    0.0013543  -0.00541903
  0.00724942  -0.00541903    0.0243615
   0.0240561  -0.00189231   0.00578181
 -0.00189231   0.00114274  -0.00502261
  0.00578181  -0.00502261    0.0239188
    0.026346  -0.00276507   0.00816171
 -0.00276507   0.00109597  -0.00479842
  0.00816171  -0.00479842     0.024694
   0.0273445  -0.00356286   0.00896876
 -0.00356286   0.00124018  -0.00497647
  0.00896876  -0.00497647    0.0248686
   0.0242717  -0.00185351   0.00674078
 -0.00185351  0.000931926  -0.00446792
  0.00674078  -0.00446792    0.0242423
   0.0208814  0.000610095  -0.00105466
 0.000610095  0.000748519  -0.00390568
 -0.00105466  -0.00390568     0.022236
   0.0211938  0.000316817  0.000409964
 0.000316817  0.000748582  -0.00400114
 0.000409964  -0.00400114    0.0224179
   0.0208896  0.000143626   0.00115286
 0.000143626  0.000835268  -0.00426319
  0.00115286  -0.00426319    0.0226093
   0.0212882 -0.000242768   0.00258247
-0.000242768  0.000773958   -0.0040877
  0.00258247   -0.0040877    0.0229477
   0.0217584 -0.000262864   0.00198112
-0.000262864  0.000712404  -0.00386067
  0.00198112  -0.00386067    0.0227568
   0.0213545 -0.000466241   0.00329641
-0.000466241  0.000852747  -0.00432607
  0.00329641  -0.00432607     0.023147
    0.021889 -0.000902381   0.00407133
-0.000902381  0.000689005  -0.00372158
  0.00407133  -0.00372158    0.0234134
   0.0217461 -0.000884409   0.00461381
-0.000884409  0.000729579  -0.00391148
  0.00461381  -0.00391148     0.023586
   0.0223723  -0.00151381   0.00599752
 -0.00151381  0.000624157  -0.00334433
  0.00599752  -0.00334433    0.0240877
   0.0223673  -0.00108463    0.0035076
 -0.00108463  0.000655794  -0.00351241
   0.0035076  -0.00351241    0.0231517
   0.0227318  -0.00174398   0.00563519
 -0.00174398  0.000626128  -0.00320909
  0.00563519  -0.00320909     0.023934
   0.0227615  -0.00196789   0.00489445
 -0.00196789  0.000617281   -0.0029848
  0.00489445   -0.0029848    0.0234095
   0.0224528   -0.0011809   0.00543378
  -0.0011809  0.000806208   -0.0041519
  0.00543378   -0.0041519    0.0238271
   0.0228011  -0.00153056   0.00659277
 -0.00153056  0.000647748  -0.00351196
  0.00659277  -0.00351196    0.0242666
   0.0222282  -0.00101596   0.00432091
 -0.00101596  0.000968602  -0.00462948
  0.00432091  -0.00462948    0.0234499
    0.021993 -0.000963412   0.00323525
-0.000963412   0.00110407  -0.00494413
  0.00323525  -0.00494413    0.0231648
   0.0210551 -0.000263754   0.00201938
-0.000263754  0.000942787  -0.00455351
  0.00201938  -0.00455351    0.0228181
   0.0207832 -0.000150325  0.000792434
-0.000150325  0.000992721   -0.0046127
 0.000792434   -0.0046127    0.0226048
    0.021846 -0.000867696    0.0022341
-0.000867696   0.00121234  -0.00513674
   0.0022341  -0.00513674    0.0229807
   0.0206171  0.000326077 -0.000212372
 0.000326077  0.000853508  -0.00422875
-0.000212372  -0.00422875    0.0223978
   0.0225378  -0.00273653   0.00586804
 -0.00273653  0.000616159  -0.00231937
  0.00586804  -0.00231937    0.0236886
   0.0234078  -0.00263352   0.00719836
 -0.00263352  0.000617248  -0.00259243
  0.00719836  -0.00259243    0.0244492
   0.0235966   -0.0033587   0.00864564
  -0.0033587  0.000670377  -0.00189819
  0.00864564  -0.00189819    0.0248307
   0.0223516  -0.00334367   0.00649144
 -0.00334367  0.000679631  -0.00157287
  0.00649144  -0.00157287    0.0245544
   0.0238111  -0.00307666   0.00918525
 -0.00307666  0.000614433   -0.0019625
  0.00918525   -0.0019625     0.025271
    0.023543  -0.00385145   0.00988114
 -0.00385145  0.000778377  -0.00122822
  0.00988114  -0.00122822    0.0252533
   0.0243152  -0.00367801    0.0107899
 -0.00367801  0.000728001  -0.00128077
   0.0107899  -0.00128077    0.0259205
   0.0225663  -0.00383987   0.00754268
 -0.00383987  0.000801217 -0.000941907
  0.00754268 -0.000941907     0.025549
    0.024227  -0.00327708    0.0108631
 -0.00327708  0.000637563  -0.00114771
   0.0108631  -0.00114771    0.0259451
   0.0237133  -0.00271594   0.00932677
 -0.00271594  0.000541882  -0.00193205
  0.00932677  -0.00193205    0.0253097
   0.0232186  -0.00208711   0.00787305
 -0.00208711  0.000546586  -0.00275579
  0.00787305  -0.00275579      0.02476
   0.0230881  -0.00229869   0.00751562
 -0.00229869  0.000573049  -0.00267456
  0.00751562  -0.00267456    0.0246447
   0.0215068  -0.00362957   0.00517446
 -0.00362957  0.000792386 -0.000734248
  0.00517446 -0.000734248    0.0255302
   0.0217437  -0.00326992   0.00433974
 -0.00326992  0.000676539  -0.00127072
  0.00433974  -0.00127072    0.0251282
   0.0199609  -0.00289662   0.00184254
 -0.00289662  0.000658019 -0.000931388
  0.00184254 -0.000931388    0.0245146
   0.0215952  -0.00266549    0.0032893
 -0.00266549  0.000591276  -0.00191429
   0.0032893  -0.00191429    0.0243229
    0.020611  -0.00254649   0.00111226
 -0.00254649  0.000567744  -0.00151944
  0.00111226  -0.00151944    0.0246256
   0.0211683  -0.00196001  0.000719232
 -0.00196001  0.000526761  -0.00220837
 0.000719232  -0.00220837    0.0240266
   0.0218005  -0.00196895   0.00273846
 -0.00196895  0.000564282  -0.00256797
  0.00273846  -0.00256797    0.0233675
   0.0195312   -0.0017817  -0.00152654
  -0.0017817  0.000480276  -0.00161331
 -0.00152654  -0.00161331    0.0240411
   0.0219738  -0.00120447   0.00229432
 -0.00120447    0.0005934   -0.0031504
  0.00229432   -0.0031504    0.0224681
   0.0221009 -0.000388265   0.00116135
-0.000388265  0.000636998  -0.00355362
  0.00116135  -0.00355362    0.0223816
   0.0217645 -0.000454919 -0.000510171
-0.000454919  0.000535686  -0.00312558
-0.000510171  -0.00312558    0.0224727
   0.0218908  0.000295977 -0.000285712
 0.000295977  0.000659928  -0.00369348
-0.000285712  -0.00369348    0.0222112
   0.0222146  0.000222038  -0.00143254
 0.000222038  0.000557172  -0.00330189
 -0.00143254  -0.00330189    0.0222042
   0.0223862  0.000674932  -0.00263411
 0.000674932  0.000546092  -0.00314913
 -0.00263411  -0.00314913     0.021959
   0.0214423  0.000730232  -0.00186487
 0.000730232  0.000647044  -0.00355519
 -0.00186487  -0.00355519     0.022043
   0.0215209   0.00012119  -0.00304033
  0.00012119  0.000432893  -0.00277151
 -0.00304033  -0.00277151    0.0221575
   0.0225346  0.000570762  -0.00388138
 0.000570762  0.000430447  -0.00265335
 -0.00388138  -0.00265335    0.0220404
    0.021636  0.000325978  -0.00487465
 0.000325978  0.000319698  -0.00206172
 -0.00487465  -0.00206172    0.0217347
   0.0208678 -2.93615e-05  -0.00426444
-2.93615e-05  0.000333002  -0.00224141
 -0.00426444  -0.00224141    0.0225543
   0.0211637 -0.000452155  -0.00228396
-0.000452155  0.000436322  -0.00268341
 -0.00228396  -0.00268341    0.0230075
   0.0200983 -0.000700093   -0.0036696
-0.000700093  0.000380923  -0.00210846
  -0.0036696  -0.00210846    0.0240019
   0.0205646  -0.00122332  -0.00187979
 -0.00122332  0.000450812  -0.00225837
 -0.00187979  -0.00225837    0.0237813
    0.021502   -0.0012002  1.11502e-05
  -0.0012002  0.000516472  -0.00273439
 1.11502e-05  -0.00273439    0.0233398
   0.0199031  -7.4581e-05  -0.00532229
 -7.4581e-05   0.00026381  -0.00192143
 -0.00532229  -0.00192143     0.022953
   0.0203579  0.000103894  -0.00555096
 0.000103894  0.000246937  -0.00145665
 -0.00555096  -0.00145665    0.0209249
  0.00535262  -0.00492166  -0.00633187
 -0.00492166   0.00483501     0.005234
 -0.00633187     0.005234    0.0207733
  0.00556586  -0.00494403  -0.00521021
 -0.00494403   0.00486116   0.00521131
 -0.00521021   0.00521131    0.0215961
  0.00529568  -0.00429946  -0.00467766
 -0.00429946   0.00398419   0.00417849
 -0.00467766   0.00417849    0.0220272
  0.00583023  -0.00425526  -0.00331248
 -0.00425526   0.00408718   0.00475417
 -0.00331248   0.00475417    0.0230212
  0.00604165  -0.00487915  -0.00382382
 -0.00487915   0.00493554   0.00561679
 -0.00382382   0.00561679     0.022439
  0.00560149  -0.00368275  -0.00276644
 -0.00368275   0.00332845   0.00397292
 -0.00276644   0.00397292    0.0237363
  0.00666053  -0.00402003  -0.00176112
 -0.00402003   0.00426352   0.00583356
 -0.00176112   0.00583356    0.0239209
  0.00647805  -0.00344224  -0.00126227
 -0.00344224   0.00347945   0.00515273
 -0.00126227   0.00515273    0.0247653
  0.00758185  -0.00301528  0.000260626
 -0.00301528   0.00377792    0.0066505
 0.000260626    0.0066505    0.0255622
   0.0068232  -0.00464698  -0.00224598
 -0.00464698    0.0051141   0.00652247
 -0.00224598   0.00652247    0.0232083
   0.0077261  -0.00359929 -0.000166306
 -0.00359929   0.00463053   0.00726379
-0.000166306   0.00726379     0.024592
  0.00783931  -0.00427174 -0.000629522
 -0.00427174   0.00553695   0.00780674
-0.000629522   0.00780674     0.023767
  0.00629876  -0.00299498 -0.000843804
 -0.00299498   0.00285006    0.0046132
-0.000843804    0.0046132    0.0257405
  0.00740641  -0.00256249  0.000585318
 -0.00256249   0.00305903   0.00607388
 0.000585318   0.00607388    0.0266407
  0.00724571  -0.00230423  0.000757549
 -0.00230423   0.00250627   0.00552297
 0.000757549   0.00552297    0.0277579
  0.00650832  -0.00293914 -0.000812556
 -0.00293914   0.00253753   0.00432371
-0.000812556   0.00432371    0.0270334
  0.00558958  -0.00337832  -0.00244262
 -0.00337832   0.00282301   0.00350748
 -0.00244262   0.00350748     0.024767
  0.00598647  -0.00342808  -0.00245315
 -0.00342808   0.00264025   0.00329914
 -0.00245315   0.00329914    0.0260558
   0.0051035  -0.00350675  -0.00384013
 -0.00350675   0.00279879   0.00281362
 -0.00384013   0.00281362    0.0236078
  0.00507775   -0.0037634  -0.00417039
  -0.0037634   0.00325774   0.00333088
 -0.00417039   0.00333088    0.0226782
  0.00478325  -0.00367881  -0.00524806
 -0.00367881   0.00316456   0.00308046
 -0.00524806   0.00308046    0.0215484
  0.00549613  -0.00357856  -0.00380375
 -0.00357856   0.00266101   0.00257594
 -0.00380375   0.00257594    0.0233515
  0.00476439   -0.0034126  -0.00485239
  -0.0034126   0.00270476   0.00250154
 -0.00485239   0.00250154     0.021796
  0.00506691  -0.00346351  -0.00475731
 -0.00346351   0.00259304   0.00228655
 -0.00475731   0.00228655    0.0216854
  0.00503454  -0.00423159  -0.00576906
 -0.00423159   0.00390541   0.00404041
 -0.00576906   0.00404041    0.0210422
  0.00889236  -0.00380917  0.000826626
 -0.00380917    0.0062664   0.00928382
 0.000826626   0.00928382    0.0240224
  0.00884267   -0.0030797   0.00125858
  -0.0030797   0.00523255   0.00882064
  0.00125858   0.00882064    0.0249634
  0.00972992  -0.00264052   0.00229047
 -0.00264052   0.00602959    0.0101933
  0.00229047    0.0101933    0.0250196
  0.00970852  -0.00339792   0.00190173
 -0.00339792   0.00726344    0.0106817
  0.00190173    0.0106817    0.0239531
  0.00967145  -0.00203924   0.00253591
 -0.00203924   0.00481622   0.00944348
  0.00253591   0.00944348    0.0262264
   0.0101555  -0.00240683   0.00278461
 -0.00240683    0.0069067     0.011153
  0.00278461     0.011153    0.0248535
   0.0101543  -0.00184429   0.00292339
 -0.00184429   0.00543967    0.0101689
  0.00292339    0.0101689    0.0261788
   0.0100856  -0.00199164   0.00277159
 -0.00199164   0.00596503    0.0101898
  0.00277159    0.0101898    0.0260407
   0.0100697  -0.00313265   0.00246734
 -0.00313265   0.00837336    0.0117776
  0.00246734    0.0117776    0.0236653
   0.0100388  -0.00246677   0.00276133
 -0.00246677   0.00764934    0.0114975
  0.00276133    0.0114975    0.0246072
  0.00992108  -0.00309951   0.00253702
 -0.00309951   0.00933956    0.0123876
  0.00253702    0.0123876    0.0232989
   0.0100495  -0.00149572   0.00281894
 -0.00149572   0.00415173    0.0089287
  0.00281894    0.0089287    0.0275652
   0.0100401   -0.0017001   0.00252691
  -0.0017001   0.00449115   0.00855916
  0.00252691   0.00855916    0.0275058
  0.00989641  -0.00159324   0.00205673
 -0.00159324   0.00334222   0.00673388
  0.00205673   0.00673388    0.0289105
  0.00984105  -0.00136442    0.0025022
 -0.00136442   0.00312133   0.00750428
   0.0025022   0.00750428    0.0289102
  0.00952216  -0.00165046   0.00258004
 -0.00165046   0.00376006   0.00852832
  0.00258004   0.00852832     0.027516
  0.00929393  -0.00147513   0.00243141
 -0.00147513   0.00289083   0.00747449
  0.00243141   0.00747449     0.028784
  0.00856768  -0.00205873   0.00179261
 -0.00205873   0.00338211   0.00750076
  0.00179261   0.00750076    0.0272341
  0.00873559  -0.00248068   0.00160241
 -0.00248068    0.0042412   0.00819412
  0.00160241   0.00819412    0.0260481
  0.00836054  -0.00182851   0.00182088
 -0.00182851   0.00267751   0.00674188
  0.00182088   0.00674188    0.0284212
     0.01444  -0.00443739  -0.00322863
 -0.00443739   0.00208379   0.00347496
 -0.00322863   0.00347496    0.0240041
   0.0133397  -0.00377063  -0.00196118
 -0.00377063   0.00191885   0.00436376
 -0.00196118   0.00436376    0.0253915
   0.0112043  -0.00260526 -0.000384454
 -0.00260526   0.00171232   0.00450391
-0.000384454   0.00450391    0.0276633
     0.01058  -0.00253744   9.1639e-05
 -0.00253744   0.00176752   0.00509946
  9.1639e-05   0.00509946    0.0281547
   0.0133324  -0.00409133  -0.00213509
 -0.00409133   0.00213071   0.00473681
 -0.00213509   0.00473681    0.0251191
   0.0092816  -0.00180722   0.00117376
 -0.00180722   0.00180265   0.00550956
  0.00117376   0.00550956    0.0288536
   0.0102965  -0.00302719 -0.000429835
 -0.00302719   0.00198368   0.00501998
-0.000429835   0.00501998    0.0280633
  0.00857116  -0.00212292  0.000872012
 -0.00212292   0.00189375   0.00537278
 0.000872012   0.00537278    0.0290128
   0.0084509  -0.00294583 -0.000309222
 -0.00294583   0.00219946   0.00485957
-0.000309222   0.00485957    0.0291893
   0.0122969  -0.00430869  -0.00238447
 -0.00430869   0.00235168   0.00475502
 -0.00238447   0.00475502    0.0242315
  0.00981348  -0.00380751  -0.00174411
 -0.00380751   0.00236879   0.00454568
 -0.00174411   0.00454568     0.025903
   0.0114775  -0.00489594  -0.00324428
 -0.00489594   0.00279828   0.00453205
 -0.00324428   0.00453205    0.0230904
  0.00811889  -0.00176218   0.00163445
 -0.00176218   0.00214073    0.0059634
  0.00163445    0.0059634     0.028944
  0.00755968  -0.00244441  0.000474941
 -0.00244441   0.00223617   0.00513846
 0.000474941   0.00513846    0.0287422
  0.00908015  -0.00149794   0.00197038
 -0.00149794   0.00221924   0.00640941
  0.00197038   0.00640941    0.0291741
  0.00972646  -0.00145839   0.00180936
 -0.00145839   0.00233435   0.00614691
  0.00180936   0.00614691    0.0294371
   0.0101512  -0.00190447  0.000755235
 -0.00190447   0.00184254   0.00503426
 0.000755235   0.00503426    0.0286308
   0.0107216  -0.00227025 -4.63006e-05
 -0.00227025   0.00198256    0.0038828
-4.63006e-05    0.0038828    0.0288292
  0.00995232   -0.0017229    0.0011602
  -0.0017229   0.00248725   0.00510336
   0.0011602   0.00510336    0.0295589
   0.0121257  -0.00315694  -0.00155832
 -0.00315694   0.00184166    0.0033762
 -0.00155832    0.0033762    0.0267592
   0.0107873  -0.00520177  -0.00375197
 -0.00520177   0.00306155   0.00430454
 -0.00375197   0.00430454     0.022586
   0.0093094  -0.00445205  -0.00301957
 -0.00445205   0.00277454   0.00402946
 -0.00301957   0.00402946    0.0238948
  0.00905911   -0.0050568  -0.00446412
  -0.0050568   0.00321567    0.0038017
 -0.00446412    0.0038017     0.023455
   0.0103643  -0.00554595  -0.00457977
 -0.00554595   0.00339524   0.00421988
 -0.00457977   0.00421988    0.0225562
  0.00777877  -0.00437907  -0.00378127
 -0.00437907   0.00292779   0.00343074
 -0.00378127   0.00343074    0.0241152
  0.00806019  -0.00502473  -0.00531365
 -0.00502473   0.00336211   0.00344712
 -0.00531365   0.00344712    0.0226862
  0.00732804  -0.00460654  -0.00501016
 -0.00460654   0.00313963   0.00295684
 -0.00501016   0.00295684    0.0233488
  0.00661355  -0.00433367  -0.00577983
 -0.00433367   0.00304171   0.00267108
 -0.00577983   0.00267108    0.0226983
  0.00889908  -0.00542156  -0.00551904
 -0.00542156   0.00352925    0.0037572
 -0.00551904    0.0037572    0.0210037
  0.00714858  -0.00464337  -0.00597229
 -0.00464337   0.00318716   0.00304795
 -0.00597229   0.00304795    0.0213574
  0.00796669  -0.00516184  -0.00613467
 -0.00516184   0.00350331   0.00361888
 -0.00613467   0.00361888    0.0205663
  0.00628838  -0.00396648  -0.00432373
 -0.00396648   0.00278436   0.00272798
 -0.00432373   0.00272798     0.023044
  0.00551822  -0.00368794  -0.00517595
 -0.00368794   0.00267106   0.00233782
 -0.00517595   0.00233782    0.0218174
  0.00668578   -0.0037769  -0.00295027
  -0.0037769   0.00267959   0.00323796
 -0.00295027   0.00323796    0.0250365
  0.00712951  -0.00318753  -0.00112156
 -0.00318753   0.00244786   0.00420635
 -0.00112156   0.00420635    0.0283908
  0.00805361  -0.00375653  -0.00211575
 -0.00375653   0.00254938   0.00403546
 -0.00211575   0.00403546    0.0261629
  0.00938925  -0.00325029   0.00225357
 -0.00325029   0.00994065    0.0124827
  0.00225357    0.0124827    0.0229798
  0.00951601  -0.00276993   0.00236331
 -0.00276993   0.00805865    0.0112284
  0.00236331    0.0112284    0.0244069
  0.00881697  -0.00318373   0.00178317
 -0.00318373   0.00802924    0.0104913
  0.00178317    0.0104913    0.0243213
  0.00869885   -0.0035002   0.00178582
  -0.0035002    0.0100733    0.0121578
  0.00178582    0.0121578     0.022782
  0.00888919  -0.00295969   0.00151569
 -0.00295969   0.00617005   0.00837741
  0.00151569   0.00837741    0.0259236
  0.00813721   -0.0035388   0.00114329
  -0.0035388   0.00764906   0.00952672
  0.00114329   0.00952672    0.0243791
  0.00822035  -0.00341475  0.000756808
 -0.00341475   0.00581211   0.00701731
 0.000756808   0.00701731    0.0260599
  0.00767204  -0.00365299  1.17715e-05
 -0.00365299   0.00528893   0.00570698
 1.17715e-05   0.00570698    0.0263336
  0.00801464  -0.00371836   0.00125129
 -0.00371836   0.00980904    0.0115855
  0.00125129    0.0115855    0.0227346
  0.00755096  -0.00372361  0.000498338
 -0.00372361   0.00706017   0.00854007
 0.000498338   0.00854007    0.0245585
  0.00741627  -0.00381331  0.000698546
 -0.00381331   0.00928257    0.0109325
 0.000698546    0.0109325    0.0228069
  0.00827526  -0.00332744  0.000108993
 -0.00332744    0.0044989   0.00428276
 0.000108993   0.00428276    0.0277018
  0.00776355  -0.00358262 -0.000715945
 -0.00358262    0.0041779   0.00268383
-0.000715945   0.00268383    0.0280501
   0.0078341   -0.0035022  -0.00156971
  -0.0035022   0.00371629 -0.000262404
 -0.00156971 -0.000262404    0.0296552
  0.00831436  -0.00324712 -0.000695574
 -0.00324712   0.00374986   0.00151345
-0.000695574   0.00151345    0.0292494
  0.00892424  -0.00281759  0.000982672
 -0.00281759   0.00469776   0.00597996
 0.000982672   0.00597996    0.0275045
  0.00892731    -0.002723  0.000265457
   -0.002723   0.00369886   0.00344943
 0.000265457   0.00344943    0.0289952
  0.00959467  -0.00219382   0.00184339
 -0.00219382   0.00471551   0.00749907
  0.00184339   0.00749907     0.027458
  0.00958416  -0.00241664   0.00223708
 -0.00241664   0.00624584    0.0095297
  0.00223708    0.0095297    0.0259307
  0.00952777  -0.00209481   0.00124522
 -0.00209481   0.00356628   0.00528876
  0.00124522   0.00528876     0.028904
  0.00689498  -0.00376646   0.00013206
 -0.00376646    0.0085907    0.0103517
  0.00013206    0.0103517    0.0229473
  0.00705844  -0.00369558 -0.000173933
 -0.00369558   0.00638094   0.00769752
-0.000173933   0.00769752    0.0248141
  0.00663367   -0.0034994 -0.000875437
  -0.0034994   0.00568257   0.00711108
-0.000875437   0.00711108    0.0251135
  0.00644884  -0.00359554 -0.000450134
 -0.00359554    0.0078581   0.00991636
-0.000450134   0.00991636    0.0231041
  0.00685085  -0.00336765  -0.00154199
 -0.00336765   0.00413648   0.00386349
 -0.00154199   0.00386349    0.0270925
   0.0062712  -0.00319932  -0.00161023
 -0.00319932   0.00505569   0.00674637
 -0.00161023   0.00674637    0.0254375
  0.00652533  -0.00298165  -0.00236768
 -0.00298165   0.00357297   0.00341994
 -0.00236768   0.00341994    0.0275327
  0.00626566  -0.00258041  -0.00312398
 -0.00258041   0.00304608   0.00325877
 -0.00312398   0.00325877    0.0277782
  0.00607591   -0.0033462  -0.00105829
  -0.0033462   0.00718035   0.00961176
 -0.00105829   0.00961176    0.0232593
  0.00597717  -0.00286727  -0.00232294
 -0.00286727   0.00449943   0.00660904
 -0.00232294   0.00660904    0.0255118
  0.00578261  -0.00306118  -0.00167836
 -0.00306118   0.00660407   0.00943244
 -0.00167836   0.00943244    0.0234114
  0.00679879  -0.00272635  -0.00324407
 -0.00272635   0.00288858 -1.91723e-05
 -0.00324407 -1.91723e-05    0.0294126
  0.00669895  -0.00225761  -0.00398262
 -0.00225761   0.00235756 -0.000119416
 -0.00398262 -0.000119416    0.0294087
  0.00700293  -0.00194372  -0.00476049
 -0.00194372    0.0024087  -0.00325948
 -0.00476049  -0.00325948    0.0311493
  0.00702931  -0.00249107   -0.0040823
 -0.00249107   0.00293612  -0.00315864
  -0.0040823  -0.00315864    0.0309661
  0.00706743  -0.00320632  -0.00238231
 -0.00320632   0.00336545  0.000486934
 -0.00238231  0.000486934    0.0289476
  0.00723981  -0.00303958  -0.00324149
 -0.00303958   0.00335307  -0.00264936
 -0.00324149  -0.00264936    0.0305717
  0.00737539  -0.00352641  -0.00153992
 -0.00352641    0.0037992   0.00137719
 -0.00153992   0.00137719    0.0284853
  0.00722157  -0.00362521 -0.000750047
 -0.00362521   0.00471668   0.00461478
-0.000750047   0.00461478    0.0266896
  0.00748795  -0.00341695  -0.00240465
 -0.00341695   0.00359923  -0.00168646
 -0.00240465  -0.00168646    0.0301205
   0.0129316  -0.00591847  -0.00800533
 -0.00591847   0.00509011  -0.00271298
 -0.00800533  -0.00271298    0.0241526
   0.0134348  -0.00639219  -0.00777643
 -0.00639219   0.00540099  -0.00292448
 -0.00777643  -0.00292448    0.0243346
    0.010553  -0.00442595   -0.0067979
 -0.00442595   0.00470522    -0.005037
  -0.0067979    -0.005037    0.0282422
   0.0109281    -0.004854  -0.00636544
   -0.004854   0.00475856  -0.00478033
 -0.00636544  -0.00478033    0.0281446
   0.0139072  -0.00662438  -0.00751064
 -0.00662438   0.00530736   -0.0028403
 -0.00751064   -0.0028403    0.0242885
  0.00882048  -0.00366487   -0.0051714
 -0.00366487   0.00426909  -0.00565393
  -0.0051714  -0.00565393    0.0306794
   0.0112885  -0.00501948  -0.00590652
 -0.00501948   0.00445603  -0.00416557
 -0.00590652  -0.00416557    0.0278424
  0.00911099  -0.00397046  -0.00454793
 -0.00397046   0.00412221  -0.00481309
 -0.00454793  -0.00481309    0.0303102
  0.00946322  -0.00399129  -0.00386125
 -0.00399129   0.00374042  -0.00353097
 -0.00386125  -0.00353097    0.0298505
   0.0142589  -0.00661555  -0.00720278
 -0.00661555   0.00489373  -0.00243481
 -0.00720278  -0.00243481    0.0240299
   0.0116203  -0.00494987  -0.00535595
 -0.00494987   0.00391158  -0.00311515
 -0.00535595  -0.00311515    0.0274049
   0.0145184  -0.00641172  -0.00679464
 -0.00641172   0.00426991  -0.00167801
 -0.00679464  -0.00167801    0.0236643
  0.00788236   -0.0034355  -0.00343619
  -0.0034355    0.0037307  -0.00388565
 -0.00343619  -0.00388565    0.0309124
  0.00821195  -0.00351804  -0.00264752
 -0.00351804   0.00359459  -0.00246543
 -0.00264752  -0.00246543     0.030435
  0.00764476  -0.00306102  -0.00419302
 -0.00306102   0.00368279   -0.0048295
 -0.00419302   -0.0048295    0.0313237
   0.0074606  -0.00247141  -0.00494721
 -0.00247141   0.00336978  -0.00530654
 -0.00494721  -0.00530654    0.0316039
  0.00857024  -0.00311137  -0.00578407
 -0.00311137   0.00405501  -0.00603712
 -0.00578407  -0.00603712     0.030849
  0.00853455  -0.00244895  -0.00629776
 -0.00244895   0.00348431  -0.00598962
 -0.00629776  -0.00598962    0.0308748
  0.00758714  -0.00188406  -0.00555514
 -0.00188406    0.0028198  -0.00529715
 -0.00555514  -0.00529715    0.0315661
   0.0103642  -0.00382375  -0.00718066
 -0.00382375   0.00422122  -0.00490325
 -0.00718066  -0.00490325    0.0281162
   0.0147335   -0.0060653  -0.00622107
  -0.0060653   0.00357873 -0.000590614
 -0.00622107 -0.000590614    0.0233132
   0.0119455  -0.00464845   -0.0046586
 -0.00464845   0.00327362  -0.00169721
  -0.0046586  -0.00169721    0.0270031
   0.0122454  -0.00421981  -0.00379555
 -0.00421981   0.00263376  2.99341e-05
 -0.00379555  2.99341e-05    0.0267066
   0.0149746  -0.00563513  -0.00543409
 -0.00563513   0.00290008  0.000734666
 -0.00543409  0.000734666    0.0231645
   0.0103045  -0.00326733   -0.0020903
 -0.00326733   0.00268715  0.000129178
  -0.0020903  0.000129178    0.0291205
   0.0124094  -0.00370745  -0.00270953
 -0.00370745   0.00214204   0.00178408
 -0.00270953   0.00178408    0.0265906
   0.0106634  -0.00273453   -0.0010631
 -0.00273453   0.00225897   0.00215169
  -0.0010631   0.00215169    0.0289655
   0.0147961  -0.00500692  -0.00435738
 -0.00500692   0.00237154    0.0021824
 -0.00435738    0.0021824    0.0234425
  0.00969302  -0.00218739  0.000255077
 -0.00218739   0.00271653   0.00340352
 0.000255077   0.00340352    0.0295962
   0.0091989  -0.00277151 -0.000778698
 -0.00277151    0.0030187   0.00138111
-0.000778698   0.00138111    0.0297189
  0.00866409  -0.00325997   -0.0017763
 -0.00325997   0.00334505 -0.000664763
  -0.0017763 -0.000664763    0.0300068
  0.00987232  -0.00373119  -0.00304717
 -0.00373119   0.00323568  -0.00184349
 -0.00304717  -0.00184349    0.0294191
  0.00418291  -0.00858337  -0.00324434
 -0.00858337     0.026797    0.0155888
 -0.00324434    0.0155888    0.0147755
  0.00486282  -0.00847054  -0.00239589
 -0.00847054     0.025471    0.0151861
 -0.00239589    0.0151861    0.0157678
  0.00493659  -0.00820997  -0.00311312
 -0.00820997    0.0208324    0.0139236
 -0.00311312    0.0139236    0.0169908
  0.00573717  -0.00813174  -0.00207168
 -0.00813174     0.019863    0.0134647
 -0.00207168    0.0134647       0.0178
  0.00570452  -0.00833568  -0.00144544
 -0.00833568    0.0242405    0.0149005
 -0.00144544    0.0149005    0.0167921
  0.00582576  -0.00787722  -0.00278074
 -0.00787722    0.0159297    0.0120673
 -0.00278074    0.0120673    0.0187693
  0.00664864  -0.00806478  -0.00101398
 -0.00806478    0.0190913    0.0132075
