           0            0            0
           0            0            0
           0            0            0
   0.0321887   -0.0050697   0.00891758
  -0.0050697   0.00131906  -0.00294391
  0.00891758  -0.00294391    0.0184859
   0.0281868  -0.00388824    0.0114207
 -0.00388824  0.000797085  -0.00238363
   0.0114207  -0.00238363    0.0224953
   0.0241516  -0.00375997    0.0137987
 -0.00375997  0.000778075   -0.0020071
   0.0137987   -0.0020071    0.0248537
   0.0231841  -0.00403639    0.0148576
 -0.00403639  0.000885162  -0.00146104
   0.0148576  -0.00146104     0.024949
   0.0232632  -0.00430398    0.0140704
 -0.00430398   0.00102791 -0.000875614
   0.0140704 -0.000875614    0.0250149
   0.0210504  -0.00412186    0.0125001
 -0.00412186  0.000985145  -0.00103084
   0.0125001  -0.00103084    0.0226026
   0.0218835   -0.0043796      0.01133
  -0.0043796   0.00110115 -0.000537957
     0.01133 -0.000537957    0.0236305
   0.0233951  -0.00445903    0.0127081
 -0.00445903   0.00111358 -0.000488926
   0.0127081 -0.000488926    0.0251014
   0.0216589  -0.00428755   0.00889415
 -0.00428755   0.00108282 -0.000298353
  0.00889415 -0.000298353    0.0242604
   0.0232856  -0.00443432    0.0103758
 -0.00443432   0.00110221 -0.000295921
   0.0103758 -0.000295921    0.0257731
   0.0215787  -0.00388413   0.00595526
 -0.00388413  0.000949531 -0.000362836
  0.00595526 -0.000362836    0.0251818
    0.023383  -0.00435541   0.00916961
 -0.00435541   0.00102805 -0.000384564
  0.00916961 -0.000384564    0.0258409
   0.0470086   0.00061789    0.0172199
  0.00061789   0.00107996   0.00299212
   0.0172199   0.00299212    0.0224505
   0.0413029 -0.000658346    0.0196098
-0.000658346   0.00138237   0.00386844
   0.0196098   0.00386844    0.0264297
   0.0397523  3.65486e-05    0.0190677
 3.65486e-05   0.00105582   0.00348603
   0.0190677   0.00348603    0.0263956
   0.0366351  -0.00066598    0.0212015
 -0.00066598   0.00138851   0.00409334
   0.0212015   0.00409334    0.0295307
   0.0371856  -0.00119729    0.0211378
 -0.00119729   0.00170851   0.00436107
   0.0211378   0.00436107    0.0292307
    0.033424 -0.000597428    0.0196527
-0.000597428   0.00107276   0.00339651
   0.0196527   0.00339651    0.0289723
   0.0341331  -0.00119948    0.0214076
 -0.00119948   0.00161591    0.0041999
   0.0214076    0.0041999    0.0305993
   0.0316006  -0.00119645     0.020279
 -0.00119645   0.00134395    0.0036292
    0.020279    0.0036292    0.0302426
   0.0312984  -0.00174527    0.0199767
 -0.00174527    0.0014516   0.00344581
   0.0199767   0.00344581     0.030266
   0.0340442  -0.00159275    0.0209174
 -0.00159275   0.00186655   0.00436187
   0.0209174   0.00436187    0.0301236
   0.0335249  -0.00175623    0.0208369
 -0.00175623   0.00163971   0.00386883
   0.0208369   0.00386883    0.0305189
   0.0330534  -0.00209803    0.0200899
 -0.00209803   0.00180437    0.0039279
   0.0200899    0.0039279    0.0300426
   0.0287928  -0.00155528     0.018807
 -0.00155528   0.00108516   0.00269143
    0.018807   0.00269143    0.0296809
   0.0284505  -0.00208717    0.0185924
 -0.00208717   0.00126256   0.00267204
   0.0185924   0.00267204    0.0297573
   0.0268443  -0.00268064    0.0178241
 -0.00268064   0.00110052   0.00166865
   0.0178241   0.00166865    0.0295727
   0.0275399   -0.0021847    0.0181739
  -0.0021847   0.00088729    0.0014992
   0.0181739    0.0014992    0.0295916
   0.0306162 -0.000912478    0.0181371
-0.000912478  0.000802297   0.00233937
   0.0181371   0.00233937    0.0284036
   0.0299191  -0.00157032    0.0178364
 -0.00157032  0.000630322   0.00101484
   0.0178364   0.00101484    0.0285346
   0.0336943 -7.52093e-05    0.0159767
-7.52093e-05  0.000549364    0.0016047
   0.0159767    0.0016047    0.0252998
   0.0361501  0.000213438    0.0172708
 0.000213438  0.000767547   0.00270551
   0.0172708   0.00270551    0.0257182
   0.0405465   0.00151192    0.0141807
  0.00151192  0.000613328   0.00171443
   0.0141807   0.00171443    0.0214203
   0.0337723 -0.000843946    0.0159109
-0.000843946  0.000444562  0.000245231
   0.0159109  0.000245231    0.0256808
   0.0387086  0.000981044    0.0133143
 0.000981044  0.000444783  0.000657222
   0.0133143  0.000657222    0.0212215
   0.0404364 -0.000370929    0.0137011
-0.000370929  0.000436989 -0.000686642
   0.0137011 -0.000686642    0.0219192
   0.0442324   0.00139659    0.0159976
  0.00139659   0.00082953   0.00251906
   0.0159976   0.00251906    0.0220716
   0.0322484  -0.00265492    0.0185224
 -0.00265492   0.00157841   0.00317611
   0.0185224   0.00317611    0.0293498
   0.0330471  -0.00237038    0.0193749
 -0.00237038   0.00148387   0.00318319
   0.0193749   0.00318319    0.0296901
   0.0325702  -0.00280039    0.0178299
 -0.00280039    0.0012142   0.00227975
   0.0178299   0.00227975    0.0289172
   0.0314015  -0.00302618    0.0168781
 -0.00302618   0.00125707   0.00221795
   0.0168781   0.00221795    0.0286699
   0.0309023  -0.00272906    0.0173133
 -0.00272906   0.00117348   0.00212641
   0.0173133   0.00212641    0.0286907
   0.0319912  -0.00306079    0.0162462
 -0.00306079  0.000916729   0.00121476
   0.0162462   0.00121476    0.0281567
   0.0306971  -0.00294491     0.015865
 -0.00294491  0.000906581   0.00118208
    0.015865   0.00118208    0.0279591
   0.0304246  -0.00300014    0.0144713
 -0.00300014  0.000668923   0.00011978
   0.0144713   0.00011978    0.0272717
   0.0304662  -0.00322263     0.015206
 -0.00322263  0.000936363   0.00112882
    0.015206   0.00112882    0.0279444
   0.0313419  -0.00318355    0.0147458
 -0.00318355  0.000682474  6.03383e-05
   0.0147458  6.03383e-05    0.0274189
   0.0294466  -0.00330483    0.0136023
 -0.00330483  0.000701241 -3.16221e-08
   0.0136023 -3.16221e-08    0.0271659
   0.0280642  -0.00308535    0.0148052
 -0.00308535  0.000924665  0.000943018
   0.0148052  0.000943018     0.027606
   0.0279773  -0.00301278    0.0134514
 -0.00301278  0.000692863  4.41632e-05
   0.0134514  4.41632e-05    0.0269534
   0.0257917  -0.00330766    0.0125813
 -0.00330766  0.000759315  -0.00017149
   0.0125813  -0.00017149    0.0267468
   0.0259685  -0.00347995    0.0140056
 -0.00347995  0.000971447  0.000546481
   0.0140056  0.000546481    0.0274185
   0.0281387  -0.00295333    0.0161775
 -0.00295333    0.0011471    0.0017121
   0.0161775    0.0017121    0.0282985
   0.0261568  -0.00341907    0.0154043
 -0.00341907   0.00113957   0.00112225
   0.0154043   0.00112225    0.0281175
   0.0282395   -0.0026182    0.0174486
  -0.0026182   0.00127615   0.00229835
   0.0174486   0.00229835    0.0290074
   0.0310707  -0.00233198    0.0187018
 -0.00233198   0.00137781    0.0028949
   0.0187018    0.0028949     0.029453
   0.0264107  -0.00314274    0.0166773
 -0.00314274   0.00118906   0.00150472
   0.0166773   0.00150472    0.0288269
   0.0245894  -0.00454308    0.0122161
 -0.00454308   0.00112594 -0.000250324
   0.0122161 -0.000250324    0.0266041
    0.024653  -0.00450142    0.0135981
 -0.00450142   0.00114633 -0.000262963
   0.0135981 -0.000262963    0.0266071
   0.0258493  -0.00438295     0.015135
 -0.00438295   0.00116304  1.65733e-06
    0.015135  1.65733e-06    0.0279456
   0.0244254  -0.00426854    0.0149766
 -0.00426854   0.00104989 -0.000554438
   0.0149766 -0.000554438    0.0263379
   0.0261516  -0.00416347    0.0163738
 -0.00416347   0.00109869 -2.65447e-05
   0.0163738 -2.65447e-05      0.02853
   0.0264124  -0.00378343    0.0173909
 -0.00378343  0.000929198 -0.000293899
   0.0173909 -0.000293899    0.0289133
   0.0247151  -0.00398173    0.0161072
 -0.00398173  0.000897001 -0.000996671
   0.0161072 -0.000996671    0.0266746
   0.0265446  -0.00378763    0.0169252
 -0.00378763   0.00114192  0.000620008
   0.0169252  0.000620008     0.029174
   0.0270233    -0.003373    0.0180528
   -0.003373   0.00100221  0.000566165
   0.0180528  0.000566165    0.0299399
   0.0259622  -0.00399778    0.0155076
 -0.00399778   0.00115121  0.000461627
   0.0155076  0.000461627    0.0283624
   0.0255122  -0.00400742    0.0139649
 -0.00400742   0.00103867  8.75731e-05
   0.0139649  8.75731e-05    0.0275576
   0.0253383  -0.00437362    0.0136824
 -0.00437362   0.00109397 -0.000198877
   0.0136824 -0.000198877     0.027411
   0.0250717  -0.00418626    0.0122826
 -0.00418626  0.000945174 -0.000646665
   0.0122826 -0.000646665    0.0266706
   0.0250753   -0.0037879    0.0123759
  -0.0037879  0.000854828 -0.000457887
   0.0123759 -0.000457887    0.0267947
   0.0242638  -0.00435325     0.010933
 -0.00435325  0.000995653 -0.000556674
    0.010933 -0.000556674    0.0263255
   0.0256056  -0.00361528      0.01591
 -0.00361528  0.000740443  -0.00155443
     0.01591  -0.00155443    0.0268513
   0.0293581  -0.00355122    0.0144544
 -0.00355122  0.000692161  -0.00208392
   0.0144544  -0.00208392    0.0254024
    0.029805  -0.00300231    0.0162469
 -0.00300231  0.000598975  -0.00142822
   0.0162469  -0.00142822    0.0271428
   0.0332768  -0.00374348    0.0113848
 -0.00374348  0.000830727  -0.00250753
   0.0113848  -0.00250753    0.0214221
   0.0336788   -0.0030836    0.0130674
  -0.0030836  0.000696053  -0.00205571
   0.0130674  -0.00205571     0.022975
   0.0391106  -0.00376191    0.0108206
 -0.00376191    0.0010179  -0.00272336
   0.0108206  -0.00272336    0.0192828
   0.0369096  -0.00482248   0.00925675
 -0.00482248    0.0012851  -0.00300298
  0.00925675  -0.00300298    0.0182652
   0.0341145  -0.00181365    0.0151765
 -0.00181365  0.000453366  -0.00100517
   0.0151765  -0.00100517    0.0252206
   0.0394821  -0.00195142    0.0125575
 -0.00195142  0.000605688  -0.00175713
   0.0125575  -0.00175713    0.0210205
   0.0300539  -0.00230046    0.0175584
 -0.00230046  0.000554828 -0.000297454
   0.0175584 -0.000297454    0.0284436
   0.0275659  -0.00287551    0.0182494
 -0.00287551  0.000775646   0.00024664
   0.0182494   0.00024664    0.0298389
   0.0269863  -0.00335901    0.0172979
 -0.00335901  0.000732089 -0.000782568
   0.0172979 -0.000782568    0.0285979
   0.0282922  -0.00335736    0.0120497
 -0.00335736  0.000592065  -0.00109381
   0.0120497  -0.00109381    0.0263708
   0.0305901  -0.00326513    0.0133228
 -0.00326513  0.000572235  -0.00112373
   0.0133228  -0.00112373    0.0267099
   0.0297555  -0.00336624    0.0119671
 -0.00336624  0.000612874  -0.00226541
   0.0119671  -0.00226541    0.0260675
   0.0270483  -0.00342761    0.0105382
 -0.00342761  0.000626482  -0.00208968
   0.0105382  -0.00208968    0.0256192
    0.029731  -0.00297295    0.0119573
 -0.00297295  0.000554562  -0.00220857
   0.0119573  -0.00220857    0.0261054
   0.0287446  -0.00353935    0.0106569
 -0.00353935  0.000786096  -0.00328636
   0.0106569  -0.00328636    0.0255022
   0.0292038  -0.00307543    0.0108174
 -0.00307543  0.000718024  -0.00331302
   0.0108174  -0.00331302    0.0256438
   0.0285109  -0.00329048   0.00977151
 -0.00329048  0.000977903  -0.00425067
  0.00977151  -0.00425067    0.0252424
   0.0257549   -0.0035276   0.00909108
  -0.0035276  0.000771251  -0.00294248
  0.00909108  -0.00294248    0.0249325
   0.0276043  -0.00375116   0.00942555
 -0.00375116   0.00103867  -0.00413821
  0.00942555  -0.00413821    0.0249756
   0.0244058  -0.00361586    0.0077418
 -0.00361586  0.000980391  -0.00365763
   0.0077418  -0.00365763    0.0242599
   0.0274243  -0.00244311   0.00980895
 -0.00244311  0.000625014  -0.00314532
  0.00980895  -0.00314532    0.0254063
   0.0271358  -0.00248065   0.00885195
 -0.00248065  0.000853353  -0.00408482
  0.00885195  -0.00408482    0.0250463
   0.0248973  -0.00173858   0.00748703
 -0.00173858  0.000734763  -0.00381589
  0.00748703  -0.00381589     0.024689
   0.0250939   -0.0020163   0.00855145
  -0.0020163  0.000563427  -0.00294607
  0.00855145  -0.00294607    0.0250995
   0.0276343  -0.00257402    0.0109203
 -0.00257402  0.000505487  -0.00207094
   0.0109203  -0.00207094    0.0258401
    0.025323  -0.00246444   0.00979402
 -0.00246444  0.000508947  -0.00197838
  0.00979402  -0.00197838    0.0255676
   0.0278021  -0.00281316    0.0121347
 -0.00281316  0.000531945 -0.000976683
   0.0121347 -0.000976683    0.0263536
   0.0300802  -0.00298116    0.0131655
 -0.00298116  0.000534203  -0.00103319
   0.0131655  -0.00103319    0.0266506
   0.0255521  -0.00294976    0.0111554
 -0.00294976  0.000578938  -0.00102464
   0.0111554  -0.00102464    0.0261189
   0.0230097   -0.0035995   0.00647744
  -0.0035995   0.00121675  -0.00430427
  0.00647744  -0.00430427    0.0235396
   0.0263551  -0.00391967   0.00822337
 -0.00391967   0.00131664  -0.00484986
  0.00822337  -0.00484986    0.0244226
   0.0250988  -0.00386698   0.00704264
 -0.00386698   0.00161848  -0.00550121
  0.00704264  -0.00550121    0.0237916
   0.0216035  -0.00333359   0.00532951
 -0.00333359    0.0015123  -0.00498154
  0.00532951  -0.00498154    0.0227316
   0.0268033  -0.00370409   0.00771537
 -0.00370409   0.00156097  -0.00565409
  0.00771537  -0.00565409    0.0244042
   0.0237516  -0.00346412   0.00593613
 -0.00346412   0.00198128  -0.00617333
  0.00593613  -0.00617333    0.0230589
   0.0258584  -0.00355426   0.00667722
 -0.00355426   0.00187746  -0.00624732
  0.00667722  -0.00624732     0.023887
   0.0247305  -0.00298651   0.00569325
 -0.00298651   0.00226766  -0.00686338
  0.00569325  -0.00686338    0.0232971
   0.0201073  -0.00272925   0.00435801
 -0.00272925   0.00191904  -0.00575765
  0.00435801  -0.00575765     0.021834
   0.0221652  -0.00263817   0.00494229
 -0.00263817   0.00248132  -0.00692647
  0.00494229  -0.00692647    0.0222599
   0.0184814  -0.00176531   0.00357312
 -0.00176531   0.00254856  -0.00666766
  0.00357312  -0.00666766     0.020919
   0.0257172  -0.00294431   0.00611838
 -0.00294431   0.00163616  -0.00595597
  0.00611838  -0.00595597    0.0240564
   0.0251368  -0.00264838   0.00523579
 -0.00264838   0.00191722  -0.00643153
  0.00523579  -0.00643153    0.0236906
   0.0238017   -0.0018243   0.00378857
  -0.0018243   0.00152926  -0.00577382
  0.00378857  -0.00577382    0.0235117
   0.0240242  -0.00191237   0.00465038
 -0.00191237   0.00135036  -0.00546003
  0.00465038  -0.00546003    0.0237388
   0.0262336  -0.00288781   0.00703835
 -0.00288781   0.00137546  -0.00545102
  0.00703835  -0.00545102    0.0243949
   0.0243301  -0.00180014   0.00556821
 -0.00180014   0.00115976  -0.00506583
  0.00556821  -0.00506583     0.024008
   0.0266895    -0.002675   0.00794212
   -0.002675   0.00111414  -0.00484783
  0.00794212  -0.00484783    0.0247207
   0.0276652   -0.0035576   0.00875268
  -0.0035576   0.00126422   -0.0050149
  0.00875268   -0.0050149    0.0248471
   0.0246221  -0.00169749   0.00652155
 -0.00169749  0.000949616  -0.00452953
  0.00652155  -0.00452953    0.0243315
   0.0211327  0.000738298  -0.00125392
 0.000738298  0.000760996  -0.00392589
 -0.00125392  -0.00392589    0.0224469
   0.0215169  0.000495908  0.000203292
 0.000495908  0.000771956  -0.00406512
 0.000203292  -0.00406512    0.0226471
   0.0211648   0.00030881  0.000945169
  0.00030881  0.000855239  -0.00431671
 0.000945169  -0.00431671    0.0228154
   0.0216236 -5.12976e-05    0.0023742
-5.12976e-05  0.000800253  -0.00416621
   0.0023742  -0.00416621     0.023167
   0.0221457 -7.54926e-05   0.00177806
-7.54926e-05  0.000736756  -0.00393853
  0.00177806  -0.00393853    0.0229986
   0.0216568 -0.000281822   0.00308399
-0.000281822  0.000876523  -0.00439664
  0.00308399  -0.00439664    0.0233346
   0.0222744 -0.000731379   0.00387353
-0.000731379  0.000711351  -0.00379731
  0.00387353  -0.00379731    0.0236398
   0.0220973 -0.000697471   0.00440489
-0.000697471   0.00075327   -0.0039907
  0.00440489   -0.0039907    0.0237809
   0.0227569  -0.00137055   0.00580412
 -0.00137055  0.000641061   -0.0034095
  0.00580412   -0.0034095    0.0242842
   0.0228098 -0.000932082   0.00331955
-0.000932082  0.000672652  -0.00357508
  0.00331955  -0.00357508    0.0233966
   0.0231568  -0.00163142   0.00546213
 -0.00163142  0.000640244  -0.00325839
  0.00546213  -0.00325839    0.0241587
   0.0232421  -0.00188149   0.00473436
 -0.00188149  0.000626552  -0.00300977
  0.00473436  -0.00300977    0.0236451
    0.022798 -0.000993641   0.00521812
-0.000993641  0.000827185  -0.00422495
  0.00521812  -0.00422495     0.023976
   0.0231861  -0.00135872   0.00638287
 -0.00135872  0.000662679  -0.00358031
  0.00638287  -0.00358031    0.0244171
   0.0225134 -0.000862354   0.00410751
-0.000862354  0.000987628  -0.00468646
  0.00410751  -0.00468646    0.0235937
   0.0222066 -0.000880331   0.00302948
-0.000880331   0.00111242  -0.00496633
  0.00302948  -0.00496633    0.0232997
    0.021294 -0.000128143    0.0018118
-0.000128143  0.000956392  -0.00459112
   0.0018118  -0.00459112    0.0229935
   0.0209522 -9.28304e-05  0.000594534
-9.28304e-05  0.000988579  -0.00460046
 0.000594534  -0.00460046    0.0227644
   0.0219932 -0.000868155   0.00204005
-0.000868155   0.00120403   -0.0051146
  0.00204005   -0.0051146    0.0231028
   0.0208226  0.000425941 -0.000411545
 0.000425941  0.000858079  -0.00423272
-0.000411545  -0.00423272    0.0225858
   0.0230314  -0.00272983   0.00574296
 -0.00272983  0.000627122  -0.00229316
  0.00574296  -0.00229316    0.0239044
   0.0238564  -0.00260135   0.00706547
 -0.00260135  0.000629505  -0.00260167
  0.00706547  -0.00260167    0.0246632
   0.0240424  -0.00341007   0.00856609
 -0.00341007  0.000693627  -0.00186397
  0.00856609  -0.00186397    0.0250258
   0.0228546  -0.00341495   0.00640332
 -0.00341495   0.00070676  -0.00148899
  0.00640332  -0.00148899    0.0247476
   0.0242152   -0.0030968   0.00907203
  -0.0030968  0.000633861  -0.00196439
  0.00907203  -0.00196439    0.0254508
   0.0239722  -0.00397362   0.00985887
 -0.00397362  0.000824863  -0.00115864
  0.00985887  -0.00115864     0.025429
   0.0247021  -0.00378097    0.0107349
 -0.00378097  0.000767536   -0.0012539
   0.0107349   -0.0012539     0.026087
   0.0230631  -0.00397909   0.00750556
 -0.00397909   0.00085649 -0.000816391
  0.00750556 -0.000816391    0.0257246
   0.0245895  -0.00333985    0.0107579
 -0.00333985  0.000665186  -0.00114978
   0.0107579  -0.00114978    0.0260798
   0.0241039  -0.00268813   0.00917204
 -0.00268813  0.000553882  -0.00195598
  0.00917204  -0.00195598    0.0254518
   0.0236178  -0.00197464   0.00768305
 -0.00197464  0.000556059  -0.00280523
  0.00768305  -0.00280523    0.0249085
   0.0234901  -0.00223057   0.00735386
 -0.00223057  0.000585667  -0.00271058
  0.00735386  -0.00271058    0.0248356
   0.0220481  -0.00376423   0.00510551
 -0.00376423   0.00085151 -0.000572558
  0.00510551 -0.000572558    0.0257039
   0.0223052  -0.00335237   0.00422035
 -0.00335237  0.000708527  -0.00114461
  0.00422035  -0.00114461    0.0253204
    0.020531  -0.00297659   0.00169041
 -0.00297659  0.000699686  -0.00078881
  0.00169041  -0.00078881     0.024697
   0.0221529  -0.00267594   0.00312226
 -0.00267594  0.000603284  -0.00184252
  0.00312226  -0.00184252    0.0245375
   0.0212099  -0.00257235  0.000910359
 -0.00257235  0.000585236   -0.0014155
 0.000910359   -0.0014155     0.024833
   0.0217593  -0.00191118  0.000488439
 -0.00191118  0.000530401  -0.00216551
 0.000488439  -0.00216551    0.0242587
   0.0223368  -0.00190377    0.0025475
 -0.00190377  0.000569359  -0.00255718
   0.0025475  -0.00255718    0.0236019
   0.0201281   -0.0017594  -0.00178469
  -0.0017594  0.000495009   -0.0015424
 -0.00178469   -0.0015424    0.0242614
   0.0224675  -0.00107038   0.00209931
 -0.00107038  0.000603194  -0.00319276
  0.00209931  -0.00319276    0.0227148
   0.0225475 -0.000209164  0.000956223
-0.000209164  0.000655437  -0.00362235
 0.000956223  -0.00362235    0.0226344
   0.0222706 -0.000288143 -0.000748117
-0.000288143  0.000546957  -0.00317823
-0.000748117  -0.00317823    0.0227321
    0.022273  0.000481533 -0.000492977
 0.000481533  0.000682158  -0.00375812
-0.000492977  -0.00375812    0.0224565
   0.0226568  0.000406831  -0.00165637
 0.000406831  0.000575508  -0.00336229
 -0.00165637  -0.00336229    0.0224635
   0.0227487  0.000833839  -0.00283847
 0.000833839  0.000564145  -0.00317968
 -0.00283847  -0.00317968    0.0222026
   0.0217466  0.000877281  -0.00206418
 0.000877281  0.000664026  -0.00358421
 -0.00206418  -0.00358421    0.0222714
   0.0220037  0.000292414  -0.00329661
 0.000292414  0.000445041  -0.00281946
 -0.00329661  -0.00281946     0.022421
   0.0229452  0.000729362  -0.00410523
 0.000729362  0.000446631  -0.00268166
 -0.00410523  -0.00268166    0.0222977
   0.0220628  0.000467206  -0.00511556
 0.000467206  0.000331592  -0.00207986
 -0.00511556  -0.00207986    0.0219948
   0.0213671   0.00011919    -0.004546
  0.00011919  0.000340738    -0.002267
   -0.004546    -0.002267    0.0228199
   0.0217064 -0.000298125  -0.00256151
-0.000298125  0.000442943  -0.00271668
 -0.00256151  -0.00271668    0.0232714
   0.0206799 -0.000589313  -0.00398104
-0.000589313  0.000387741  -0.00209971
 -0.00398104  -0.00209971    0.0242573
   0.0211604  -0.00112832  -0.00216412
 -0.00112832  0.000454942  -0.00224283
 -0.00216412  -0.00224283    0.0240264
   0.0220624  -0.00108212 -0.000236079
 -0.00108212  0.000521368  -0.00274809
-0.000236079  -0.00274809     0.023591
   0.0204068  5.84588e-05  -0.00563096
 5.84588e-05  0.000268806  -0.00193838
 -0.00563096  -0.00193838    0.0232232
   0.0207643  0.000220175  -0.00578779
 0.000220175  0.000256514  -0.00146182
 -0.00578779  -0.00146182    0.0211775
  0.00542269  -0.00497889  -0.00640187
 -0.00497889   0.00489995   0.00539441
 -0.00640187   0.00539441    0.0208641
  0.00565188  -0.00497667  -0.00521551
 -0.00497667   0.00492207   0.00543933
 -0.00521551   0.00543933    0.0217286
  0.00537618  -0.00431982  -0.00465665
 -0.00431982   0.00403457   0.00442109
 -0.00465665   0.00442109     0.022215
  0.00594957  -0.00423281  -0.00321314
 -0.00423281   0.00415567   0.00508897
 -0.00321314   0.00508897    0.0232659
   0.0061579  -0.00487269  -0.00375175
 -0.00487269   0.00501823   0.00593039
 -0.00375175   0.00593039    0.0226225
  0.00572103   -0.0036458  -0.00263815
  -0.0036458   0.00338261   0.00431861
 -0.00263815   0.00431861    0.0240538
  0.00682252  -0.00393736   -0.0015904
 -0.00393736   0.00438654   0.00626884
  -0.0015904   0.00626884    0.0242116
  0.00664721  -0.00334253  -0.00106506
 -0.00334253    0.0035791   0.00559755
 -0.00106506   0.00559755    0.0251322
  0.00778671  -0.00284885  0.000497277
 -0.00284885   0.00394912   0.00717854
 0.000497277   0.00717854    0.0259486
   0.0069733  -0.00458362  -0.00210305
 -0.00458362   0.00525398   0.00693185
 -0.00210305   0.00693185    0.0234343
  0.00791714     -0.00345  4.88037e-05
    -0.00345   0.00483546   0.00778865
 4.88037e-05   0.00778865    0.0249021
  0.00801007   -0.0041469 -0.000442672
  -0.0041469   0.00576285   0.00830476
-0.000442672   0.00830476    0.0240122
  0.00647061  -0.00288593 -0.000626369
 -0.00288593   0.00292665   0.00505069
-0.000626369   0.00505069    0.0261948
  0.00761574   -0.0023882   0.00083319
  -0.0023882   0.00319093   0.00658121
  0.00083319   0.00658121    0.0271101
  0.00745467  -0.00213531   0.00100179
 -0.00213531   0.00259669   0.00598778
  0.00100179   0.00598778    0.0283164
   0.0066865  -0.00283402  -0.00059513
 -0.00283402   0.00258973   0.00473974
 -0.00059513   0.00473974    0.0275987
  0.00570924  -0.00333511  -0.00229421
 -0.00333511   0.00286758   0.00385521
 -0.00229421   0.00385521    0.0251773
  0.00611385  -0.00338844  -0.00230613
 -0.00338844   0.00267433   0.00363839
 -0.00230613   0.00363839    0.0265892
    0.005172  -0.00351458  -0.00377336
 -0.00351458    0.0028408   0.00307229
 -0.00377336   0.00307229    0.0239579
  0.00515047   -0.0037738  -0.00412146
  -0.0037738   0.00330096   0.00358406
 -0.00412146   0.00358406    0.0229352
  0.00482559  -0.00371838  -0.00526621
 -0.00371838   0.00322068   0.00325965
 -0.00526621   0.00325965    0.0217518
  0.00556959  -0.00359272  -0.00375085
 -0.00359272   0.00270267    0.0028193
 -0.00375085    0.0028193    0.0237932
  0.00479795  -0.00345116  -0.00485631
 -0.00345116    0.0027633   0.00268486
 -0.00485631   0.00268486    0.0220743
  0.00510206   -0.0035076  -0.00476906
  -0.0035076   0.00265492   0.00246639
 -0.00476906   0.00246639    0.0220481
  0.00509155  -0.00427826  -0.00581334
 -0.00427826   0.00396359   0.00421056
 -0.00581334   0.00421056    0.0211823
  0.00904822  -0.00364008   0.00101498
 -0.00364008   0.00659206   0.00984159
  0.00101498   0.00984159    0.0242565
  0.00902504  -0.00288126   0.00147325
 -0.00288126   0.00552935   0.00940001
  0.00147325   0.00940001     0.025259
  0.00985649  -0.00243128   0.00245809
 -0.00243128   0.00640242    0.0107758
  0.00245809    0.0107758    0.0252722
  0.00980878   -0.0032196   0.00204932
  -0.0032196   0.00767912    0.0112562
  0.00204932    0.0112562    0.0241509
  0.00982052  -0.00181329   0.00270699
 -0.00181329   0.00512338   0.00999683
  0.00270699   0.00999683    0.0265352
   0.0101906  -0.00222915   0.00287021
 -0.00222915   0.00732619    0.0116865
  0.00287021    0.0116865    0.0250423
   0.0102088  -0.00165122   0.00299949
 -0.00165122   0.00577772    0.0106496
  0.00299949    0.0106496    0.0264085
   0.0100337  -0.00186172   0.00273841
 -0.00186172   0.00630539    0.0105567
  0.00273841    0.0105567    0.0261848
   0.0100861   -0.0029826   0.00254329
  -0.0029826   0.00885278    0.0123217
  0.00254329    0.0123217    0.0238092
  0.00997487  -0.00234978   0.00275186
 -0.00234978   0.00808179    0.0119401
  0.00275186    0.0119401    0.0247253
  0.00985023  -0.00300304   0.00253141
 -0.00300304   0.00984607    0.0128638
  0.00253141    0.0128638    0.0233833
   0.0101199  -0.00130081   0.00286109
 -0.00130081   0.00440372   0.00931757
  0.00286109   0.00931757    0.0278312
   0.0100036  -0.00156542   0.00244629
 -0.00156542   0.00474047    0.0088123
  0.00244629    0.0088123    0.0276675
  0.00987228  -0.00145887   0.00190868
 -0.00145887   0.00351694   0.00685075
  0.00190868   0.00685075    0.0290857
  0.00991715  -0.00117651   0.00248879
 -0.00117651   0.00329797   0.00777404
  0.00248879   0.00777404    0.0292068
  0.00968373  -0.00142288   0.00273316
 -0.00142288   0.00399415   0.00901611
  0.00273316   0.00901611    0.0278807
  0.00945435  -0.00125804   0.00254608
 -0.00125804   0.00305431   0.00786867
  0.00254608   0.00786867    0.0292002
  0.00877695  -0.00183915   0.00201893
 -0.00183915    0.0035745   0.00802982
  0.00201893   0.00802982     0.027672
  0.00893762  -0.00226478   0.00183132
 -0.00226478    0.0044898   0.00876397
  0.00183132   0.00876397     0.026413
  0.00856723  -0.00161799   0.00202733
 -0.00161799   0.00281065   0.00720367
  0.00202733   0.00720367    0.0289307
   0.0144262  -0.00434392  -0.00356603
 -0.00434392   0.00207612   0.00341409
 -0.00356603   0.00341409    0.0242906
   0.0134228   -0.0036545  -0.00217495
  -0.0036545   0.00189686   0.00440198
 -0.00217495   0.00440198    0.0257989
   0.0112552  -0.00247572 -0.000558944
 -0.00247572   0.00172543   0.00454324
-0.000558944   0.00454324    0.0280502
   0.0107415  -0.00238598  6.03876e-05
 -0.00238598   0.00176907   0.00527415
 6.03876e-05   0.00527415    0.0286984
   0.0135164  -0.00396401  -0.00225722
 -0.00396401   0.00209269   0.00486447
 -0.00225722   0.00486447    0.0256373
  0.00942138   -0.0016379    0.0011909
  -0.0016379   0.00184798   0.00572634
   0.0011909   0.00572634    0.0293546
   0.0105274  -0.00288524  -0.00038226
 -0.00288524   0.00197054    0.0052682
 -0.00038226    0.0052682    0.0287248
  0.00877661  -0.00195917  0.000995357
 -0.00195917   0.00192533   0.00568499
 0.000995357   0.00568499    0.0296453
  0.00868715  -0.00281606 -0.000150515
 -0.00281606   0.00221135   0.00520832
-0.000150515   0.00520832    0.0299229
   0.0125813  -0.00419067  -0.00242351
 -0.00419067   0.00229446   0.00493242
 -0.00242351   0.00493242    0.0248355
   0.0100825   -0.0037068  -0.00168131
  -0.0037068   0.00234074   0.00480436
 -0.00168131   0.00480436    0.0266072
    0.011795   -0.0048152  -0.00326191
  -0.0048152   0.00273604   0.00471831
 -0.00326191   0.00471831    0.0237341
  0.00831682  -0.00157302   0.00180999
 -0.00157302   0.00222205   0.00634952
  0.00180999   0.00634952    0.0295167
  0.00777531  -0.00229205  0.000689903
 -0.00229205   0.00228691   0.00554986
 0.000689903   0.00554986    0.0293962
  0.00923121  -0.00130121   0.00203987
 -0.00130121   0.00231846    0.0067075
  0.00203987    0.0067075    0.0296355
  0.00979742  -0.00128559   0.00173672
 -0.00128559   0.00244289    0.0063035
  0.00173672    0.0063035    0.0297641
   0.0102065  -0.00175471  0.000625382
 -0.00175471    0.0018947   0.00510841
 0.000625382   0.00510841    0.0289858
   0.0106906   -0.0021493 -0.000325234
  -0.0021493   0.00204628   0.00379756
-0.000325234   0.00379756    0.0290452
  0.00993464   -0.0015911  0.000943048
  -0.0015911   0.00260005   0.00509567
 0.000943048   0.00509567    0.0297521
   0.0120884  -0.00305109  -0.00187547
 -0.00305109   0.00186536   0.00327732
 -0.00187547   0.00327732    0.0270086
   0.0111003  -0.00514999  -0.00376415
 -0.00514999   0.00300494   0.00449426
 -0.00376415   0.00449426     0.023268
  0.00955821  -0.00440315  -0.00298556
 -0.00440315   0.00275391   0.00426627
 -0.00298556   0.00426627    0.0245965
  0.00926769  -0.00505973  -0.00448687
 -0.00505973   0.00321724   0.00400769
 -0.00448687   0.00400769    0.0241856
   0.0106415  -0.00553074  -0.00461852
 -0.00553074   0.00336396   0.00439955
 -0.00461852   0.00439955    0.0232631
    0.007941  -0.00437757  -0.00375584
 -0.00437757   0.00294981   0.00367257
 -0.00375584   0.00367257    0.0247907
  0.00819636  -0.00507492  -0.00538595
 -0.00507492   0.00340975   0.00361427
 -0.00538595   0.00361427    0.0233872
  0.00743229  -0.00465475  -0.00505037
 -0.00465475   0.00319464   0.00315487
 -0.00505037   0.00315487    0.0239969
  0.00667293  -0.00440719  -0.00585778
 -0.00440719   0.00312613    0.0028412
 -0.00585778    0.0028412    0.0232588
  0.00908132  -0.00546486  -0.00561974
 -0.00546486   0.00355101   0.00388533
 -0.00561974   0.00388533    0.0216759
  0.00723246  -0.00472454  -0.00609253
 -0.00472454   0.00326994   0.00317612
 -0.00609253   0.00317612     0.021984
  0.00809055  -0.00523373  -0.00626982
 -0.00523373   0.00356368   0.00371452
 -0.00626982   0.00371452    0.0211991
   0.0063746  -0.00399593  -0.00431383
 -0.00399593   0.00283195   0.00294942
 -0.00431383   0.00294942     0.023584
  0.00555422  -0.00374668  -0.00521974
 -0.00374668   0.00274621   0.00250844
 -0.00521974   0.00250844    0.0222556
  0.00682417  -0.00375662   -0.0028567
 -0.00375662   0.00270726   0.00352943
  -0.0028567   0.00352943    0.0256475
  0.00732158  -0.00309582 -0.000931523
 -0.00309582   0.00247698   0.00458856
-0.000931523   0.00458856    0.0290787
  0.00826333  -0.00369331  -0.00200885
 -0.00369331   0.00255538   0.00433954
 -0.00200885   0.00433954    0.0268781
    0.009254  -0.00320949   0.00217636
 -0.00320949    0.0104333    0.0128725
  0.00217636    0.0128725    0.0230086
    0.009377  -0.00271776   0.00227009
 -0.00271776   0.00847068    0.0115616
  0.00227009    0.0115616    0.0244589
  0.00864104  -0.00318045   0.00162997
 -0.00318045    0.0083898    0.0107184
  0.00162997    0.0107184      0.02432
  0.00853168  -0.00350166    0.0016576
 -0.00350166    0.0105143    0.0124608
   0.0016576    0.0124608    0.0227654
  0.00871012  -0.00295009   0.00131641
 -0.00295009   0.00645034   0.00849331
  0.00131641   0.00849331    0.0259297
   0.0079596  -0.00356017  0.000956037
 -0.00356017   0.00794161   0.00966512
 0.000956037   0.00966512    0.0243433
  0.00804069  -0.00342919  0.000518654
 -0.00342919   0.00604105   0.00703678
 0.000518654   0.00703678    0.0260314
  0.00751507  -0.00366751 -0.000245211
 -0.00366751   0.00546039   0.00566359
-0.000245211   0.00566359    0.0262976
  0.00784309   -0.0037409   0.00109393
  -0.0037409    0.0101788    0.0118129
  0.00109393    0.0118129    0.0226868
  0.00738947  -0.00374741  0.000293505
 -0.00374741   0.00727979   0.00861624
 0.000293505   0.00861624    0.0245083
  0.00725421  -0.00383807  0.000526706
 -0.00383807   0.00957318    0.0111022
 0.000526706    0.0111022    0.0227423
  0.00810011  -0.00332607 -0.000196045
 -0.00332607   0.00469098    0.0041659
-0.000196045    0.0041659    0.0276786
  0.00761534  -0.00357615  -0.00103695
 -0.00357615   0.00433489   0.00250977
 -0.00103695   0.00250977    0.0280302
  0.00769933    -0.003465  -0.00195738
   -0.003465   0.00389019 -0.000559225
 -0.00195738 -0.000559225    0.0296526
  0.00815161  -0.00321917  -0.00107453
 -0.00321917   0.00393547   0.00126258
 -0.00107453   0.00126258    0.0292321
  0.00875113  -0.00279547  0.000718148
 -0.00279547   0.00491574   0.00595946
 0.000718148   0.00595946    0.0275112
  0.00876943  -0.00268081 -7.56452e-05
 -0.00268081    0.0038824   0.00328651
-7.56452e-05   0.00328651    0.0290018
  0.00946961  -0.00212253   0.00165455
 -0.00212253   0.00495393   0.00760722
  0.00165455   0.00760722     0.027529
  0.00944804   -0.0023549   0.00210716
  -0.0023549   0.00656643   0.00976684
  0.00210716   0.00976684    0.0259969
  0.00941779  -0.00201379  0.000981628
 -0.00201379   0.00374469   0.00525318
 0.000981628   0.00525318    0.0289767
  0.00674822  -0.00378215 -4.34447e-05
 -0.00378215   0.00880769    0.0104824
-4.34447e-05    0.0104824    0.0228805
  0.00691881  -0.00370677  -0.00038584
 -0.00370677   0.00653432   0.00773771
 -0.00038584   0.00773771    0.0247705
  0.00651445  -0.00349299  -0.00108927
 -0.00349299   0.00578515    0.0071363
 -0.00108927    0.0071363    0.0250943
  0.00631835  -0.00359784 -0.000624386
 -0.00359784   0.00801707    0.0100223
-0.000624386    0.0100223    0.0230466
  0.00675158  -0.00334469  -0.00180924
 -0.00334469   0.00420878    0.0037856
 -0.00180924    0.0037856    0.0271154
   0.0061716  -0.00317541  -0.00182268
 -0.00317541   0.00512571   0.00676803
 -0.00182268   0.00676803    0.0254567
  0.00644958  -0.00293713  -0.00263528
 -0.00293713   0.00361668    0.0033512
 -0.00263528    0.0033512    0.0276104
  0.00620775  -0.00252355   -0.0033871
 -0.00252355   0.00307097   0.00320447
  -0.0033871   0.00320447    0.0279164
  0.00596287  -0.00333687  -0.00122734
 -0.00333687   0.00729851    0.0097019
 -0.00122734    0.0097019    0.0232208
  0.00589593   -0.0028348   -0.0025296
  -0.0028348   0.00454892   0.00663291
  -0.0025296   0.00663291    0.0255743
  0.00568943  -0.00304598  -0.00184006
 -0.00304598   0.00669647     0.009511
 -0.00184006     0.009511    0.0233977
  0.00675037  -0.00265132  -0.00356389
 -0.00265132   0.00293567 -0.000186028
 -0.00356389 -0.000186028    0.0295398
  0.00666777  -0.00216783  -0.00429464
 -0.00216783   0.00238049 -0.000257914
 -0.00429464 -0.000257914    0.0296004
  0.00699683  -0.00181907  -0.00510445
 -0.00181907   0.00245233  -0.00346909
 -0.00510445  -0.00346909    0.0313709
   0.0070049  -0.00238098  -0.00444064
 -0.00238098   0.00300975  -0.00340906
 -0.00444064  -0.00340906    0.0311249
  0.00699092  -0.00315455  -0.00270509
 -0.00315455   0.00344162  0.000298307
 -0.00270509  0.000298307    0.0290113
  0.00718375  -0.00295243  -0.00361212
 -0.00295243   0.00346143  -0.00293552
 -0.00361212  -0.00293552    0.0306677
  0.00726427  -0.00349961  -0.00186459
 -0.00349961   0.00391416   0.00118192
 -0.00186459   0.00118192    0.0284966
  0.00709474  -0.00362403  -0.00101478
 -0.00362403   0.00483346   0.00454165
 -0.00101478   0.00454165    0.0266718
   0.0073935  -0.00335627  -0.00278643
 -0.00335627   0.00374508  -0.00199127
 -0.00278643  -0.00199127    0.0301588
   0.0128332  -0.00584904  -0.00825837
 -0.00584904   0.00521865  -0.00276493
 -0.00825837  -0.00276493    0.0243607
   0.0133191  -0.00632872  -0.00807994
 -0.00632872   0.00557165  -0.00301671
 -0.00807994  -0.00301671    0.0245447
   0.0104894  -0.00430863   -0.0071344
 -0.00430863   0.00486517  -0.00525111
  -0.0071344  -0.00525111    0.0284433
   0.0108405  -0.00474852  -0.00674586
 -0.00474852   0.00496045  -0.00504122
 -0.00674586  -0.00504122    0.0283198
   0.0137762  -0.00656171    -0.007863
 -0.00656171   0.00550553  -0.00297381
   -0.007863  -0.00297381    0.0244879
   0.0087649  -0.00353947  -0.00557368
 -0.00353947   0.00445809  -0.00599176
 -0.00557368  -0.00599176    0.0308282
    0.011177  -0.00492242  -0.00633021
 -0.00492242   0.00467832  -0.00446804
 -0.00633021  -0.00446804    0.0279805
   0.0090213  -0.00386414  -0.00498493
 -0.00386414   0.00434266  -0.00518874
 -0.00498493  -0.00518874    0.0304105
  0.00934131  -0.00390228  -0.00432777
 -0.00390228   0.00395975  -0.00392426
 -0.00432777  -0.00392426    0.0299036
    0.014113  -0.00654596  -0.00760423
 -0.00654596   0.00509478  -0.00260718
 -0.00760423  -0.00260718    0.0242054
   0.0114872  -0.00485737  -0.00581851
 -0.00485737   0.00411722  -0.00344398
 -0.00581851  -0.00344398    0.0275013
   0.0143553  -0.00633633  -0.00724196
 -0.00633633   0.00444684  -0.00187971
 -0.00724196  -0.00187971    0.0238101
  0.00780148  -0.00334349  -0.00385745
 -0.00334349   0.00391656  -0.00425852
 -0.00385745  -0.00425852    0.0309814
  0.00809187  -0.00344911  -0.00308652
 -0.00344911   0.00379482  -0.00284358
 -0.00308652  -0.00284358    0.0304576
  0.00760196  -0.00294412  -0.00459145
 -0.00294412   0.00383248  -0.00517222
 -0.00459145  -0.00517222    0.0314474
  0.00744983  -0.00233266  -0.00532149
 -0.00233266   0.00347723  -0.00560465
 -0.00532149  -0.00560465    0.0317824
  0.00854556  -0.00296688  -0.00615062
 -0.00296688   0.00419422  -0.00632498
 -0.00615062  -0.00632498    0.0310386
  0.00853108  -0.00229155  -0.00662778
 -0.00229155   0.00357283  -0.00622377
 -0.00662778  -0.00622377    0.0310974
  0.00759488  -0.00173069  -0.00590388
 -0.00173069   0.00288807   -0.0055438
 -0.00590388   -0.0055438    0.0317931
   0.0103218  -0.00369368   -0.0074722
 -0.00369368   0.00432772  -0.00506877
  -0.0074722  -0.00506877     0.028331
   0.0145568  -0.00599152  -0.00670099
 -0.00599152   0.00371118 -0.000806054
 -0.00670099 -0.000806054    0.0234412
   0.0117981  -0.00455941  -0.00514437
 -0.00455941   0.00343658  -0.00202824
 -0.00514437  -0.00202824    0.0270758
   0.0121021   -0.0041354  -0.00427376
  -0.0041354   0.00273907 -0.000268444
 -0.00427376 -0.000268444    0.0267919
   0.0148085  -0.00556412  -0.00591682
 -0.00556412   0.00297693  0.000534404
 -0.00591682  0.000534404    0.0233032
   0.0101694   -0.0031853  -0.00254845
  -0.0031853   0.00282388 -0.000198293
 -0.00254845 -0.000198293    0.0291607
   0.0122997  -0.00361853  -0.00313449
 -0.00361853   0.00219797   0.00156481
 -0.00313449   0.00156481    0.0267332
   0.0105638  -0.00263944  -0.00145681
 -0.00263944   0.00235046   0.00192325
 -0.00145681   0.00192325    0.0290698
   0.0146806  -0.00493221  -0.00479245
 -0.00493221   0.00240051   0.00203377
 -0.00479245   0.00203377    0.0236331
  0.00959749  -0.00209691 -7.98559e-05
 -0.00209691   0.00284513   0.00324423
-7.98559e-05   0.00324423     0.029679
  0.00906044  -0.00270688  -0.00118785
 -0.00270688   0.00317778   0.00110578
 -0.00118785   0.00110578    0.0297359
  0.00851947   -0.0032018   -0.0022166
  -0.0032018    0.0035344  -0.00101242
  -0.0022166  -0.00101242    0.0300068
  0.00973281  -0.00364919  -0.00352586
 -0.00364919   0.00342394  -0.00222359
 -0.00352586  -0.00222359    0.0294456
  0.00416396  -0.00853606  -0.00320445
 -0.00853606    0.0270353    0.0157175
 -0.00320445    0.0157175    0.0147884
  0.00487677  -0.00840948  -0.00232795
 -0.00840948    0.0256976    0.0153449
 -0.00232795    0.0153449    0.0158192
  0.00494874  -0.00817181   -0.0030612
 -0.00817181    0.0209959    0.0140591
  -0.0030612    0.0140591    0.0170361
  0.00578539  -0.00808352  -0.00198979
 -0.00808352     0.020018    0.0136259
 -0.00198979    0.0136259     0.017886
  0.00575238  -0.00825632  -0.00134839
 -0.00825632    0.0244533    0.0150913
 -0.00134839    0.0150913    0.0168941
  0.00587441  -0.00785012  -0.00271661
 -0.00785012    0.0160277    0.0122101
 -0.00271661    0.0122101    0.0188406
  0.00672467  -0.00800672 -0.000909979
 -0.00800672    0.0192383    0.0133898
