           0            0            0
           0            0            0
           0            0            0
   0.0163996  -0.00222485   0.00110412
 -0.00222485  0.000513403   0.00142944
  0.00110412   0.00142944    0.0130858
   0.0144517  -0.00151761   0.00351662
 -0.00151761  0.000374296   0.00136844
  0.00351662   0.00136844    0.0161107
   0.0123713  -0.00102935   0.00570306
 -0.00102935   0.00026317   0.00104097
  0.00570306   0.00104097    0.0177059
   0.0118754  -0.00096942   0.00671425
 -0.00096942  0.000219352   0.00067181
  0.00671425   0.00067181    0.0178389
   0.0120279  -0.00113068   0.00637209
 -0.00113068  0.000222539  0.000453752
  0.00637209  0.000453752    0.0183157
   0.0104719  -0.00106681   0.00526609
 -0.00106681  0.000206175  0.000360327
  0.00526609  0.000360327    0.0164262
   0.0109977  -0.00122715   0.00465714
 -0.00122715  0.000212075  0.000143946
  0.00465714  0.000143946    0.0177157
   0.0122464  -0.00125994   0.00573041
 -0.00125994  0.000221852  0.000227256
  0.00573041  0.000227256    0.0188309
   0.0109702  -0.00127823   0.00345106
 -0.00127823   0.00021368 -0.000152883
  0.00345106 -0.000152883    0.0188176
   0.0123403  -0.00133324   0.00460471
 -0.00133324  0.000219244 -7.38901e-05
  0.00460471 -7.38901e-05    0.0199544
   0.0110804  -0.00122979   0.00203433
 -0.00122979  0.000218335 -0.000512907
  0.00203433 -0.000512907     0.020157
   0.0125968  -0.00139039   0.00415888
 -0.00139039  0.000217156 -0.000301308
  0.00415888 -0.000301308    0.0202902
   0.0242065  -0.00112278   0.00681398
 -0.00112278  0.000519212   0.00215656
  0.00681398   0.00215656    0.0153879
   0.0207779 -0.000668423   0.00880403
-0.000668423  0.000564241   0.00252082
  0.00880403   0.00252082    0.0185503
   0.0208986 -0.000539685    0.0087623
-0.000539685  0.000511968   0.00247107
   0.0087623   0.00247107    0.0185841
   0.0186915  -0.00021326    0.0103629
 -0.00021326   0.00053306   0.00268952
   0.0103629   0.00268952    0.0210438
   0.0185246 -0.000337597    0.0103618
-0.000337597   0.00058037    0.0027262
   0.0103618    0.0027262    0.0209962
   0.0186087 -0.000211014    0.0102168
-0.000211014   0.00048131   0.00253915
   0.0102168   0.00253915    0.0210351
   0.0172522 -0.000121022    0.0109024
-0.000121022  0.000522475   0.00269235
   0.0109024   0.00269235    0.0222219
   0.0171958 -0.000113162    0.0107688
-0.000113162  0.000476037   0.00255577
   0.0107688   0.00255577    0.0221996
   0.0168203 -0.000224627     0.010756
-0.000224627  0.000445035   0.00238034
    0.010756   0.00238034    0.0225221
   0.0170726 -0.000234697    0.0108802
-0.000234697   0.00056317    0.0027198
   0.0108802    0.0027198    0.0221801
   0.0168714 -0.000242517    0.0108941
-0.000242517  0.000485568   0.00250226
   0.0108941   0.00250226    0.0225721
   0.0166959 -0.000347972     0.010871
-0.000347972  0.000521642   0.00252593
    0.010871   0.00252593    0.0225563
   0.0170222 -0.000233607    0.0105783
-0.000233607  0.000422411   0.00229532
   0.0105783   0.00229532     0.022187
   0.0166465 -0.000329552    0.0105519
-0.000329552  0.000398925   0.00213717
   0.0105519   0.00213717    0.0224784
   0.0164762 -0.000528773    0.0103752
-0.000528773  0.000352543   0.00180283
   0.0103752   0.00180283    0.0224913
   0.0168602 -0.000451401    0.0104269
-0.000451401  0.000369273   0.00194739
   0.0104269   0.00194739    0.0222373
   0.0184179 -0.000353417    0.0100384
-0.000353417  0.000426251   0.00227167
   0.0100384   0.00227167    0.0210478
   0.0182661 -0.000601856   0.00992688
-0.000601856  0.000377087   0.00192442
  0.00992688   0.00192442    0.0211343
   0.0205577 -0.000764604   0.00846646
-0.000764604  0.000420831   0.00205015
  0.00846646   0.00205015    0.0186268
   0.0207645  -0.00057043   0.00860916
 -0.00057043  0.000462732   0.00231296
  0.00860916   0.00231296    0.0185856
   0.0239994  -0.00116655   0.00658786
 -0.00116655  0.000445808   0.00193261
  0.00658786   0.00193261    0.0154222
   0.0204206  -0.00106023   0.00822182
 -0.00106023  0.000392792   0.00176898
  0.00822182   0.00176898    0.0187579
   0.0236329  -0.00141083   0.00642191
 -0.00141083  0.000426454   0.00171322
  0.00642191   0.00171322    0.0154377
   0.0238272  -0.00182143   0.00596929
 -0.00182143  0.000441498   0.00153573
  0.00596929   0.00153573    0.0156304
   0.0242081   -0.0010443   0.00672344
  -0.0010443  0.000474137   0.00209396
  0.00672344   0.00209396    0.0154029
   0.0164517 -0.000554747    0.0103566
-0.000554747   0.00045749   0.00220819
   0.0103566   0.00220819    0.0224072
   0.0166178 -0.000463612    0.0103658
-0.000463612  0.000425866   0.00218156
   0.0103658   0.00218156    0.0223838
   0.0163972  -0.00065659   0.00978965
 -0.00065659   0.00035551   0.00178456
  0.00978965   0.00178456    0.0221819
   0.0162341 -0.000728927    0.0097848
-0.000728927  0.000380884   0.00181292
   0.0097848   0.00181292    0.0222372
   0.0163218 -0.000627937   0.00962022
-0.000627937  0.000328305   0.00168945
  0.00962022   0.00168945    0.0220588
   0.0161988  -0.00081514   0.00915868
 -0.00081514  0.000281069   0.00132559
  0.00915868   0.00132559    0.0219453
   0.0161119 -0.000787267   0.00898037
-0.000787267  0.000261488   0.00124905
  0.00898037   0.00124905    0.0217898
   0.0159372 -0.000900529   0.00831987
-0.000900529  0.000201342  0.000771897
  0.00831987  0.000771897    0.0215086
   0.0160311 -0.000865649   0.00914624
-0.000865649  0.000298996    0.0013552
  0.00914624    0.0013552    0.0220292
   0.0160345 -0.000927127   0.00850046
-0.000927127   0.00021325  0.000828968
  0.00850046  0.000828968     0.021695
   0.0158533 -0.000958111   0.00847053
-0.000958111  0.000225145  0.000860145
  0.00847053  0.000860145    0.0217986
   0.0159049 -0.000832578   0.00871279
-0.000832578  0.000242394   0.00109058
  0.00871279   0.00109058    0.0216264
   0.0157047 -0.000930496   0.00803086
-0.000930496  0.000191015  0.000650622
  0.00803086  0.000650622    0.0213055
   0.0155051  -0.00102961   0.00775272
 -0.00102961  0.000185259  0.000464052
  0.00775272  0.000464052     0.021144
   0.0157315 -0.000958427   0.00846831
-0.000958427  0.000227496  0.000857015
  0.00846831  0.000857015    0.0215136
   0.0161354  -0.00069126   0.00937593
 -0.00069126  0.000300046   0.00149746
  0.00937593   0.00149746    0.0219359
   0.0159772 -0.000844455   0.00916117
-0.000844455  0.000275795    0.0012226
  0.00916117    0.0012226    0.0218682
    0.016384 -0.000522575   0.00998928
-0.000522575   0.00035377   0.00185059
  0.00998928   0.00185059    0.0222135
   0.0165547 -0.000438489    0.0102108
-0.000438489  0.000390489   0.00207124
   0.0102108   0.00207124    0.0222965
   0.0162175 -0.000700122   0.00979569
-0.000700122  0.000317905   0.00154163
  0.00979569   0.00154163    0.0221904
   0.0137209  -0.00137446   0.00609377
 -0.00137446  0.000222403  9.16622e-05
  0.00609377  9.16622e-05    0.0205083
    0.013555  -0.00128692   0.00666524
 -0.00128692  0.000234274  0.000343208
  0.00666524  0.000343208    0.0201789
   0.0150694   -0.0012254    0.0081632
  -0.0012254  0.000248554   0.00059047
   0.0081632   0.00059047    0.0213014
   0.0132129  -0.00114969   0.00728741
 -0.00114969  0.000238727  0.000559663
  0.00728741  0.000559663    0.0195141
    0.015043  -0.00109508   0.00869104
 -0.00109508  0.000264742  0.000851397
  0.00869104  0.000851397    0.0214707
   0.0149665 -0.000918997   0.00911059
-0.000918997  0.000272925   0.00108518
  0.00911059   0.00108518    0.0213951
    0.013227 -0.000984503   0.00782103
-0.000984503  0.000239367  0.000782637
  0.00782103  0.000782637    0.0193496
   0.0160563 -0.000948392   0.00962431
-0.000948392  0.000291762   0.00116194
  0.00962431   0.00116194    0.0222187
   0.0161841  -0.00078091    0.0101468
 -0.00078091  0.000313552   0.00140606
   0.0101468   0.00140606    0.0225122
   0.0158237  -0.00106896   0.00896484
 -0.00106896  0.000260547  0.000880378
  0.00896484  0.000880378    0.0218508
   0.0155847  -0.00115357   0.00823953
 -0.00115357  0.000223567  0.000562509
  0.00823953  0.000562509    0.0214405
   0.0149385  -0.00129982   0.00755433
 -0.00129982  0.000223112  0.000296877
  0.00755433  0.000296877    0.0211326
   0.0148921  -0.00134476   0.00697829
 -0.00134476   0.00020309 -2.17203e-05
  0.00697829 -2.17203e-05    0.0207132
   0.0153445  -0.00119259    0.0074899
 -0.00119259  0.000189685  0.000221002
   0.0074899  0.000221002    0.0210212
   0.0137351  -0.00140228   0.00565445
 -0.00140228  0.000209242 -0.000200904
  0.00565445 -0.000200904    0.0204965
   0.0136375 -0.000952925   0.00741629
-0.000952925  0.000255962   0.00104306
  0.00741629   0.00104306    0.0192308
   0.0155348  -0.00131829   0.00584221
 -0.00131829  0.000336173    0.0013121
  0.00584221    0.0013121    0.0180655
   0.0164702  -0.00111784   0.00758401
 -0.00111784  0.000320052   0.00136033
  0.00758401   0.00136033    0.0194624
   0.0175183   -0.0019351   0.00321553
  -0.0019351  0.000440712   0.00140677
  0.00321553   0.00140677    0.0151731
   0.0183182  -0.00174315   0.00478854
 -0.00174315   0.00041253     0.001408
  0.00478854     0.001408    0.0163026
   0.0208865  -0.00248048   0.00243005
 -0.00248048  0.000533254   0.00139864
  0.00243005   0.00139864    0.0133176
   0.0191906  -0.00256236   0.00106465
 -0.00256236  0.000562528    0.0014599
  0.00106465    0.0014599    0.0128037
     0.01966  -0.00138807   0.00702725
 -0.00138807  0.000384311   0.00154348
  0.00702725   0.00154348    0.0181463
   0.0221973  -0.00212103   0.00445549
 -0.00212103  0.000464806   0.00141841
  0.00445549   0.00141841    0.0147936
   0.0176485 -0.000878947   0.00920898
-0.000878947  0.000338998   0.00159032
  0.00920898   0.00159032    0.0207624
   0.0163564 -0.000696024    0.0100486
-0.000696024  0.000321781   0.00155933
   0.0100486   0.00155933    0.0221336
   0.0151095 -0.000861069   0.00877021
-0.000861069  0.000280304   0.00125688
  0.00877021   0.00125688    0.0208303
   0.0156653  -0.00100599    0.0077493
 -0.00100599   0.00016305  0.000327569
   0.0077493  0.000327569    0.0215678
   0.0158972 -0.000997187   0.00780631
-0.000997187  0.000156609  0.000294213
  0.00780631  0.000294213    0.0214504
   0.0157852 -0.000998596   0.00707663
-0.000998596  0.000131544 -0.000278857
  0.00707663 -0.000278857    0.0212313
   0.0154676 -0.000986376    0.0069877
-0.000986376  0.000135407 -0.000245175
   0.0069877 -0.000245175    0.0213524
   0.0157176 -0.000975265   0.00690675
-0.000975265  0.000128446 -0.000303506
  0.00690675 -0.000303506    0.0210079
   0.0156406  -0.00093719   0.00632351
 -0.00093719  0.000143666 -0.000878752
  0.00632351 -0.000878752    0.0210286
   0.0156466 -0.000918508   0.00616798
-0.000918508  0.000140672 -0.000886425
  0.00616798 -0.000886425    0.0208034
   0.0155467 -0.000799234   0.00544149
-0.000799234  0.000192804  -0.00147011
  0.00544149  -0.00147011    0.0206164
   0.0152295 -0.000904223   0.00620714
-0.000904223  0.000143789 -0.000844647
  0.00620714 -0.000844647    0.0211408
   0.0154553 -0.000811918   0.00558126
-0.000811918  0.000196413  -0.00147987
  0.00558126  -0.00147987    0.0208296
   0.0149618 -0.000766112   0.00543856
-0.000766112   0.00019537  -0.00144867
  0.00543856  -0.00144867    0.0209184
   0.0153635 -0.000898353   0.00581155
-0.000898353  0.000139615 -0.000904185
  0.00581155 -0.000904185    0.0205109
   0.0153111 -0.000768679   0.00507452
-0.000768679  0.000188111  -0.00145554
  0.00507452  -0.00145554    0.0203183
   0.0149904 -0.000759316   0.00463761
-0.000759316  0.000187392  -0.00146068
  0.00463761  -0.00146068    0.0200151
   0.0150515 -0.000912709   0.00541562
-0.000912709  0.000143295 -0.000950775
  0.00541562 -0.000950775    0.0202289
   0.0154251 -0.000968004   0.00657048
-0.000968004  0.000127771 -0.000353612
  0.00657048 -0.000353612     0.020735
   0.0151559  -0.00101282   0.00621752
 -0.00101282  0.000133751 -0.000443907
  0.00621752 -0.000443907    0.0204829
   0.0155323  -0.00098264   0.00731551
 -0.00098264  0.000146623  0.000169671
  0.00731551  0.000169671    0.0209996
   0.0157939 -0.000970315   0.00762786
-0.000970315  0.000149396  0.000254104
  0.00762786  0.000254104    0.0212421
   0.0152975  -0.00105636    0.0070024
 -0.00105636  0.000148663  3.20507e-05
   0.0070024  3.20507e-05    0.0207905
   0.0146446 -0.000577912   0.00465433
-0.000577912    0.0002906  -0.00207528
  0.00465433  -0.00207528    0.0206967
   0.0152314 -0.000634228   0.00481505
-0.000634228  0.000290252  -0.00209956
  0.00481505  -0.00209956    0.0206378
   0.0150025 -0.000369054   0.00399918
-0.000369054  0.000452594  -0.00275278
  0.00399918  -0.00275278    0.0204704
   0.0143074 -0.000308524    0.0038357
-0.000308524  0.000460804   -0.0027421
   0.0038357   -0.0027421     0.020498
    0.015298  -0.00035464   0.00389159
 -0.00035464  0.000436141  -0.00270368
  0.00389159  -0.00270368    0.0203218
    0.014712  -2.8587e-05   0.00314454
 -2.8587e-05  0.000683034  -0.00343615
  0.00314454  -0.00343615    0.0203484
   0.0151542 -1.16604e-05   0.00303935
-1.16604e-05  0.000650211  -0.00336235
  0.00303935  -0.00336235    0.0202432
   0.0149255  0.000400799   0.00217836
 0.000400799  0.000926923  -0.00402071
  0.00217836  -0.00402071    0.0202052
   0.0139154  3.64631e-05   0.00301058
 3.64631e-05  0.000702965   -0.0034426
  0.00301058   -0.0034426     0.020342
   0.0143323  0.000383984   0.00230031
 0.000383984  0.000980346  -0.00412066
  0.00230031  -0.00412066    0.0202631
   0.0134709  0.000450757   0.00221539
 0.000450757   0.00101906  -0.00415026
  0.00221539  -0.00415026    0.0202255
   0.0151664  5.33363e-05   0.00264178
 5.33363e-05  0.000612018  -0.00325131
  0.00264178  -0.00325131    0.0200101
   0.0151007  0.000476482   0.00177224
 0.000476482  0.000864017  -0.00387374
  0.00177224  -0.00387374     0.020017
   0.0149946  0.000563675    0.0011853
 0.000563675  0.000802963   -0.0037164
   0.0011853   -0.0037164    0.0197492
   0.0149518  0.000122244   0.00208872
 0.000122244  0.000574022  -0.00313462
  0.00208872  -0.00313462     0.019713
   0.0151959 -0.000300615   0.00350283
-0.000300615  0.000413906  -0.00262595
  0.00350283  -0.00262595    0.0200536
   0.0149353 -0.000252858   0.00298682
-0.000252858  0.000394337  -0.00254987
  0.00298682  -0.00254987    0.0197402
   0.0152357 -0.000581034    0.0043136
-0.000581034  0.000271647  -0.00202539
   0.0043136  -0.00202539    0.0201619
   0.0154102 -0.000621971    0.0046946
-0.000621971  0.000281412  -0.00207115
   0.0046946  -0.00207115     0.020453
   0.0149353 -0.000552463   0.00384075
-0.000552463  0.000263553  -0.00198933
  0.00384075  -0.00198933    0.0198479
   0.0146965  0.000698277    -0.001487
 0.000698277  0.000617791  -0.00323259
   -0.001487  -0.00323259    0.0187404
   0.0143819  0.000170138 -0.000413356
 0.000170138  0.000474237  -0.00281382
-0.000413356  -0.00281382    0.0186274
   0.0145006  0.000197631  0.000267059
 0.000197631  0.000491895  -0.00287604
 0.000267059  -0.00287604    0.0188888
   0.0143336 -0.000250415   0.00130147
-0.000250415  0.000364561  -0.00242043
  0.00130147  -0.00242043    0.0188922
   0.0141969 -0.000317742  0.000650249
-0.000317742   0.00037037  -0.00240243
 0.000650249  -0.00240243    0.0186127
   0.0145099 -0.000226129    0.0019089
-0.000226129   0.00036954  -0.00244957
   0.0019089  -0.00244957    0.0191671
   0.0142733 -0.000644078   0.00228427
-0.000644078  0.000278316  -0.00199783
  0.00228427  -0.00199783    0.0190102
   0.0144631  -0.00057894   0.00285578
 -0.00057894  0.000264483  -0.00197852
  0.00285578  -0.00197852    0.0192883
   0.0145407 -0.000851128   0.00374672
-0.000851128  0.000209617  -0.00154381
  0.00374672  -0.00154381    0.0194847
   0.0140031  -0.00074057   0.00160751
 -0.00074057   0.00030011  -0.00202204
  0.00160751  -0.00202204    0.0186863
   0.0143278 -0.000961914   0.00321595
-0.000961914  0.000236469  -0.00161856
  0.00321595  -0.00161856    0.0192141
   0.0137077  -0.00104216   0.00240268
 -0.00104216  0.000263379  -0.00166382
  0.00240268  -0.00166382    0.0187286
   0.0146577  -0.00055263   0.00335214
 -0.00055263  0.000260957  -0.00197579
  0.00335214  -0.00197579    0.0195561
   0.0147228 -0.000787075   0.00419883
-0.000787075  0.000193051  -0.00149211
  0.00419883  -0.00149211    0.0197411
    0.014684 -0.000230516   0.00244974
-0.000230516  0.000378559  -0.00249142
  0.00244974  -0.00249142    0.0194397
   0.0147404  0.000168461   0.00149082
 0.000168461  0.000541224  -0.00303244
  0.00149082  -0.00303244     0.019415
   0.0146284  0.000193517  0.000904615
 0.000193517  0.000514028  -0.00294715
 0.000904615  -0.00294715    0.0191474
   0.0147647  0.000679387 -0.000119202
 0.000679387  0.000700114  -0.00344575
-0.000119202  -0.00344575    0.0192089
   0.0148146  0.000634529  0.000527328
 0.000634529  0.000747786  -0.00357161
 0.000527328  -0.00357161    0.0194652
    0.014741  0.000700093 -0.000785012
 0.000700093  0.000656687  -0.00333405
-0.000785012  -0.00333405     0.018973
   0.0131454  -0.00122092   0.00289107
 -0.00122092  0.000236357  -0.00131711
  0.00289107  -0.00131711    0.0189075
   0.0142916  -0.00120974   0.00405685
 -0.00120974  0.000214484   -0.0012609
  0.00405685   -0.0012609      0.01945
     0.01406  -0.00135482    0.0047818
 -0.00135482  0.000204121 -0.000890445
   0.0047818 -0.000890445    0.0196147
   0.0126764  -0.00130776   0.00308775
 -0.00130776  0.000220295 -0.000970532
  0.00308775 -0.000970532    0.0196707
   0.0147548  -0.00125189    0.0055017
 -0.00125189  0.000175207 -0.000742084
   0.0055017 -0.000742084     0.020062
   0.0137755  -0.00140604   0.00532563
 -0.00140604  0.000200554 -0.000527693
  0.00532563 -0.000527693    0.0198389
    0.014813  -0.00134182    0.0062928
 -0.00134182  0.000182353 -0.000369773
   0.0062928 -0.000369773     0.020407
   0.0125743  -0.00136769   0.00348609
 -0.00136769  0.000212747 -0.000631945
  0.00348609 -0.000631945    0.0204326
   0.0151131  -0.00118811   0.00670147
 -0.00118811  0.000159379 -0.000155408
  0.00670147 -0.000155408    0.0206188
   0.0149501  -0.00111414   0.00587858
 -0.00111414  0.000146917  -0.00057614
  0.00587858  -0.00057614    0.0202696
   0.0148203 -0.000977663   0.00502747
-0.000977663  0.000155395  -0.00103001
  0.00502747  -0.00103001    0.0199793
   0.0146395  -0.00108152   0.00461885
 -0.00108152  0.000179506  -0.00113694
  0.00461885  -0.00113694    0.0197445
   0.0115024  -0.00126801   0.00175447
 -0.00126801  0.000221061 -0.000727382
  0.00175447 -0.000727382    0.0207638
   0.0118383  -0.00124355   0.00149548
 -0.00124355  0.000228133  -0.00103392
  0.00149548  -0.00103392    0.0205009
   0.0104613  -0.00106178 -0.000256151
 -0.00106178  0.000230082  -0.00100902
-0.000256151  -0.00100902    0.0203585
   0.0119968  -0.00113814   0.00102553
 -0.00113814   0.00024677  -0.00136787
  0.00102553  -0.00136787    0.0198467
   0.0109967  -0.00104608 -0.000514052
 -0.00104608  0.000247602  -0.00135341
-0.000514052  -0.00135341    0.0204712
   0.0116232 -0.000945433 -0.000639378
-0.000945433  0.000279609  -0.00168141
-0.000639378  -0.00168141    0.0198487
   0.0124998 -0.000994117  0.000806977
-0.000994117  0.000273034  -0.00167227
 0.000806977  -0.00167227    0.0189749
   0.0104023  -0.00076301  -0.00216227
 -0.00076301   0.00026153  -0.00156311
 -0.00216227  -0.00156311    0.0202388
   0.0131264 -0.000777144   0.00058185
-0.000777144  0.000309873  -0.00198171
  0.00058185  -0.00198171    0.0181788
   0.0138112 -0.000395269 -0.000152632
-0.000395269  0.000372128  -0.00235648
-0.000152632  -0.00235648    0.0182432
    0.012961 -0.000398134  -0.00141243
-0.000398134  0.000367455  -0.00230155
 -0.00141243  -0.00230155    0.0184385
   0.0143152   9.7497e-05  -0.00113097
  9.7497e-05   0.00045915  -0.00274057
 -0.00113097  -0.00274057    0.0183505
   0.0139138  5.43206e-05  -0.00209765
 5.43206e-05  0.000440215  -0.00265981
 -0.00209765  -0.00265981     0.018314
   0.0147213  0.000589915  -0.00297201
 0.000589915  0.000538836  -0.00299509
 -0.00297201  -0.00299509    0.0183243
   0.0146589  0.000665102  -0.00223007
 0.000665102  0.000577581  -0.00311998
 -0.00223007  -0.00311998    0.0184899
   0.0129247  5.12606e-05  -0.00320979
 5.12606e-05   0.00040691  -0.00251688
 -0.00320979  -0.00251688    0.0183924
   0.0142362   0.00055663  -0.00392576
  0.00055663  0.000489982  -0.00285137
 -0.00392576  -0.00285137    0.0183755
    0.013166  0.000477054  -0.00456861
 0.000477054  0.000431323  -0.00262782
 -0.00456861  -0.00262782    0.0181337
     0.01214  5.86589e-05  -0.00400229
 5.86589e-05  0.000375822  -0.00239487
 -0.00400229  -0.00239487    0.0188532
   0.0121867   -0.0003354  -0.00261417
  -0.0003354  0.000354305  -0.00225785
 -0.00261417  -0.00225785     0.019082
   0.0111152 -0.000358338   -0.0035203
-0.000358338   0.00032112  -0.00206591
  -0.0035203  -0.00206591    0.0202303
    0.011289 -0.000660672  -0.00233284
-0.000660672  0.000298119  -0.00190389
 -0.00233284  -0.00190389       0.0199
   0.0122438 -0.000719396  -0.00104296
-0.000719396  0.000311867  -0.00198639
 -0.00104296  -0.00198639    0.0192136
   0.0113456   8.4437e-05  -0.00461558
  8.4437e-05  0.000353848  -0.00231791
 -0.00461558  -0.00231791    0.0193027
   0.0121682  0.000452898  -0.00494067
 0.000452898  0.000381053   -0.0024128
 -0.00494067   -0.0024128    0.0174732
    0.008522  -0.00547742 -0.000270475
 -0.00547742   0.00452591   0.00350511
-0.000270475   0.00350511    0.0228833
  0.00827033  -0.00574526 -0.000144902
 -0.00574526   0.00475447   0.00286159
-0.000144902   0.00286159    0.0229204
  0.00816762  -0.00517396  0.000413821
 -0.00517396   0.00379609   0.00151214
 0.000413821   0.00151214    0.0233786
  0.00803181  -0.00542298  0.000506409
 -0.00542298   0.00403763   0.00115425
 0.000506409   0.00115425    0.0234548
  0.00812702  -0.00594481  2.13657e-05
 -0.00594481   0.00491865   0.00242572
 2.13657e-05   0.00242572    0.0229483
  0.00789847  -0.00492317   0.00100661
 -0.00492317   0.00328449  6.98652e-05
  0.00100661  6.98652e-05    0.0239057
  0.00798664  -0.00555824  0.000634705
 -0.00555824   0.00415067   0.00109006
 0.000634705   0.00109006    0.0235202
  0.00786112  -0.00509069   0.00107426
 -0.00509069   0.00343969  5.77576e-05
  0.00107426  5.77576e-05    0.0240194
  0.00789551  -0.00517055   0.00117943
 -0.00517055   0.00353076  0.000268651
  0.00117943  0.000268651    0.0241133
  0.00807427  -0.00603507  0.000216996
 -0.00603507   0.00497356    0.0022769
 0.000216996    0.0022769     0.022967
  0.00800928  -0.00560731  0.000798877
 -0.00560731    0.0042146   0.00124568
 0.000798877   0.00124568    0.0235661
  0.00808651   -0.0060519  0.000435469
  -0.0060519   0.00501235   0.00235572
 0.000435469   0.00235572    0.0229739
  0.00772563   -0.0046935   0.00147273
  -0.0046935   0.00290135  -0.00065757
  0.00147273  -0.00065757    0.0244453
  0.00776295  -0.00478621   0.00153397
 -0.00478621   0.00300117    -0.000435
  0.00153397    -0.000435    0.0245885
  0.00764315  -0.00449997   0.00185466
 -0.00449997   0.00267442 -0.000895662
  0.00185466 -0.000895662    0.0250003
  0.00807956  -0.00464083   0.00167636
 -0.00464083   0.00269329  -0.00103145
  0.00167636  -0.00103145    0.0249309
  0.00804266  -0.00465012    0.0013506
 -0.00465012   0.00278028 -0.000617866
   0.0013506 -0.000617866    0.0243673
  0.00868753   -0.0047156     0.001564
  -0.0047156    0.0026266 -0.000983233
    0.001564 -0.000983233    0.0248187
  0.00839541  -0.00444921   0.00134217
 -0.00444921   0.00251139 -0.000333864
  0.00134217 -0.000333864    0.0242314
   0.0081205  -0.00468739  0.000926406
 -0.00468739   0.00301637  0.000396593
 0.000926406  0.000396593    0.0238204
  0.00838228  -0.00434637  0.000963932
 -0.00434637   0.00266293   0.00089354
 0.000963932   0.00089354    0.0236788
    0.009122  -0.00450808   0.00145009
 -0.00450808   0.00234073 -0.000592156
  0.00145009 -0.000592156    0.0231697
  0.00865181  -0.00408842   0.00138797
 -0.00408842   0.00213825  0.000158972
  0.00138797  0.000158972    0.0234814
  0.00927829  -0.00413659    0.0015263
 -0.00413659   0.00199214 -0.000139108
   0.0015263 -0.000139108    0.0226205
  0.00841806  -0.00485679  0.000374564
 -0.00485679   0.00348314   0.00207242
 0.000374564   0.00207242    0.0232883
  0.00815769  -0.00599406   0.00067067
 -0.00599406   0.00500145    0.0026397
  0.00067067    0.0026397    0.0229445
  0.00809467  -0.00557941  0.000985117
 -0.00557941    0.0042182   0.00159576
 0.000985117   0.00159576    0.0235783
  0.00822337  -0.00547307   0.00117494
 -0.00547307   0.00419124   0.00210094
  0.00117494   0.00210094     0.023536
  0.00826773  -0.00585651  0.000898963
 -0.00585651   0.00496644   0.00309826
 0.000898963   0.00309826    0.0228578
  0.00813346  -0.00508818   0.00146323
 -0.00508818   0.00351655   0.00119285
  0.00146323   0.00119285    0.0241822
    0.008343  -0.00525495    0.0013221
 -0.00525495   0.00410338   0.00279174
   0.0013221   0.00279174    0.0234455
  0.00827883  -0.00490547   0.00157926
 -0.00490547   0.00342824   0.00188785
  0.00157926   0.00188785     0.024144
    0.008365   -0.0046363   0.00162561
  -0.0046363   0.00330762   0.00266057
  0.00162561   0.00266057    0.0240648
  0.00835778  -0.00559742   0.00107564
 -0.00559742   0.00488192   0.00375353
  0.00107564   0.00375353    0.0227214
  0.00839122  -0.00494125   0.00139368
 -0.00494125   0.00399064   0.00356834
  0.00139368   0.00356834    0.0233173
   0.0083756  -0.00524653   0.00116777
 -0.00524653   0.00478402   0.00451243
  0.00116777   0.00451243    0.0225495
  0.00818134  -0.00459382    0.0018152
 -0.00459382   0.00290797   0.00115822
   0.0018152   0.00115822    0.0247874
  0.00829622  -0.00435985   0.00184242
 -0.00435985   0.00278431   0.00188514
  0.00184242   0.00188514     0.024759
  0.00820471  -0.00414217   0.00204363
 -0.00414217   0.00242942   0.00124766
  0.00204363   0.00124766     0.025392
  0.00806871  -0.00434818   0.00203568
 -0.00434818   0.00255871  0.000583669
  0.00203568  0.000583669    0.0253683
  0.00801831  -0.00474858   0.00172997
 -0.00474858   0.00299607  0.000490111
  0.00172997  0.000490111    0.0247685
  0.00789722  -0.00448072   0.00197807
 -0.00448072   0.00265537 -3.29474e-05
  0.00197807 -3.29474e-05    0.0252933
  0.00786907  -0.00480526   0.00162464
 -0.00480526   0.00302231 -3.51257e-05
  0.00162464 -3.51257e-05    0.0247012
  0.00799056  -0.00516685   0.00131635
 -0.00516685   0.00354205  0.000660886
  0.00131635  0.000660886    0.0241719
  0.00774401  -0.00452084   0.00191062
 -0.00452084    0.0026856 -0.000522135
  0.00191062 -0.000522135    0.0251669
   0.0124582  -0.00662449 -0.000346196
 -0.00662449   0.00363492    0.0010191
-0.000346196    0.0010191    0.0196666
   0.0114035  -0.00628012  0.000318917
 -0.00628012   0.00353154  0.000523277
 0.000318917  0.000523277    0.0208562
  0.00957044   -0.0050653   0.00118976
  -0.0050653   0.00276115  0.000117492
  0.00118976  0.000117492    0.0230067
  0.00926242  -0.00509088   0.00149039
 -0.00509088   0.00284476 -0.000270635
  0.00149039 -0.000270635    0.0234375
   0.0117137  -0.00661058  0.000280196
 -0.00661058   0.00379087  0.000473455
 0.000280196  0.000473455     0.020596
  0.00806781  -0.00439873   0.00185873
 -0.00439873    0.0024521 -0.000434134
  0.00185873 -0.000434134    0.0243747
  0.00968011   -0.0053777   0.00149399
  -0.0053777    0.0030258 -0.000412104
  0.00149399 -0.000412104    0.0234492
  0.00810581  -0.00448359   0.00195684
 -0.00448359   0.00250732 -0.000774181
  0.00195684 -0.000774181    0.0246519
  0.00906589  -0.00499547   0.00184031
 -0.00499547   0.00278214 -0.000941835
  0.00184031 -0.000941835    0.0250311
    0.011591  -0.00661174  0.000324839
 -0.00661174   0.00383016  0.000429883
 0.000324839  0.000429883    0.0198659
   0.0103771  -0.00574343   0.00104173
 -0.00574343   0.00323155 -0.000256326
  0.00104173 -0.000256326    0.0216632
    0.012078  -0.00685537  0.000165989
 -0.00685537   0.00397264  0.000546374
 0.000165989  0.000546374     0.018987
  0.00759382  -0.00428842   0.00209813
 -0.00428842   0.00245228 -0.000793454
  0.00209813 -0.000793454    0.0250922
  0.00808824  -0.00456649   0.00197552
 -0.00456649   0.00259937  -0.00105435
  0.00197552  -0.00105435    0.0252246
  0.00781625  -0.00430555   0.00203183
 -0.00430555     0.002448 -0.000335003
  0.00203183 -0.000335003    0.0250904
   0.0080833  -0.00423734    0.0019999
 -0.00423734   0.00236638  0.000220084
   0.0019999  0.000220084    0.0252727
  0.00858003  -0.00447103   0.00166585
 -0.00447103   0.00243022  5.95171e-05
  0.00166585  5.95171e-05    0.0241322
   0.0091295  -0.00447779   0.00152373
 -0.00447779   0.00235408    0.0005975
  0.00152373    0.0005975    0.0243244
  0.00832251  -0.00409945   0.00192864
 -0.00409945   0.00224963  0.000837073
  0.00192864  0.000837073    0.0253925
   0.0104437  -0.00527244   0.00071061
 -0.00527244   0.00278426  0.000664633
  0.00071061  0.000664633    0.0222233
   0.0123715  -0.00690927  0.000209601
 -0.00690927   0.00395945  0.000530873
 0.000209601  0.000530873     0.018615
   0.0112232  -0.00601519  0.000692968
 -0.00601519   0.00330263 -9.80336e-05
 0.000692968 -9.80336e-05    0.0201114
   0.0124064  -0.00630357  0.000469305
 -0.00630357   0.00333495  0.000213717
 0.000469305  0.000213717    0.0199055
   0.0130832  -0.00702329  0.000132353
 -0.00702329   0.00391435  0.000690815
 0.000132353  0.000690815    0.0187162
   0.0112019  -0.00556057  0.000985229
 -0.00556057   0.00287405 -0.000306632
 0.000985229 -0.000306632    0.0213199
   0.0130131  -0.00595082   0.00078397
 -0.00595082   0.00294571  0.000470405
  0.00078397  0.000470405    0.0199092
   0.0122144   -0.0055178   0.00112739
  -0.0055178   0.00264383 -0.000145344
  0.00112739 -0.000145344    0.0213591
    0.012253  -0.00502291   0.00135127
 -0.00502291   0.00223435  6.85139e-05
  0.00135127  6.85139e-05    0.0219447
   0.0133317  -0.00644849  0.000309752
 -0.00644849   0.00338754   0.00103257
 0.000309752   0.00103257    0.0179201
   0.0130416  -0.00528311   0.00106182
 -0.00528311   0.00240441  0.000698992
  0.00106182  0.000698992    0.0196248
   0.0137478    -0.005915  0.000692735
   -0.005915   0.00295577    0.0014099
 0.000692735    0.0014099    0.0182924
   0.0104124   -0.0048488   0.00122653
  -0.0048488   0.00238408  -0.00039527
  0.00122653  -0.00039527    0.0219181
   0.0103429  -0.00430789   0.00152314
 -0.00430789   0.00194717 -7.28895e-05
  0.00152314 -7.28895e-05    0.0221376
  0.00973632  -0.00498677   0.00133779
 -0.00498677   0.00262988 -0.000786564
  0.00133779 -0.000786564     0.022958
  0.00889912  -0.00486886   0.00178362
 -0.00486886   0.00269537  -0.00113431
  0.00178362  -0.00113431     0.025393
   0.0100061  -0.00530798   0.00120934
 -0.00530798   0.00286745 -0.000671744
  0.00120934 -0.000671744    0.0226022
  0.00829233  -0.00486163   0.00116629
 -0.00486163   0.00469068   0.00527059
  0.00116629   0.00527059    0.0223493
   0.0083418  -0.00458759   0.00136982
 -0.00458759   0.00387335   0.00433381
  0.00136982   0.00433381    0.0231569
  0.00819866  -0.00425156   0.00126403
 -0.00425156   0.00380845   0.00499641
  0.00126403   0.00499641    0.0229737
  0.00812463  -0.00450439   0.00108581
 -0.00450439   0.00466395   0.00593828
  0.00108581   0.00593828     0.022132
  0.00823181  -0.00401079     0.001447
 -0.00401079   0.00308488   0.00405981
    0.001447   0.00405981    0.0237954
  0.00798922  -0.00395163   0.00109853
 -0.00395163   0.00378997   0.00555449
  0.00109853   0.00555449    0.0227921
  0.00804374  -0.00373131   0.00125394
 -0.00373131   0.00302979   0.00459405
  0.00125394   0.00459405    0.0236434
  0.00781322  -0.00347479   0.00102818
 -0.00347479   0.00300809   0.00503944
  0.00102818   0.00503944    0.0235068
  0.00789379  -0.00418042  0.000949123
 -0.00418042   0.00468176   0.00650346
 0.000949123   0.00650346    0.0219198
   0.0077379  -0.00367231    0.0009018
 -0.00367231    0.0037997   0.00602169
   0.0009018   0.00602169    0.0226249
  0.00763501  -0.00387896  0.000778547
 -0.00387896   0.00472514    0.0069857
 0.000778547    0.0069857    0.0217216
  0.00806382  -0.00354578   0.00139847
 -0.00354578   0.00244605   0.00370739
  0.00139847   0.00370739    0.0244421
  0.00785257  -0.00330721   0.00114844
 -0.00330721   0.00239718   0.00411091
  0.00114844   0.00411091    0.0243277
  0.00786182  -0.00318347   0.00126744
 -0.00318347   0.00197449   0.00326848
  0.00126744   0.00326848    0.0250829
  0.00805463  -0.00340518   0.00154127
 -0.00340518   0.00204301   0.00290661
  0.00154127   0.00290661    0.0251788
  0.00822971  -0.00380426   0.00161808
 -0.00380426   0.00253388   0.00320841
  0.00161808   0.00320841    0.0245671
  0.00819809  -0.00364223   0.00178556
 -0.00364223   0.00214811   0.00245165
  0.00178556   0.00245165    0.0252778
  0.00831826  -0.00408331   0.00177586
 -0.00408331   0.00264462   0.00259682
  0.00177586   0.00259682    0.0246819
  0.00834698  -0.00431908    0.0015796
 -0.00431908   0.00317674   0.00341343
   0.0015796   0.00341343    0.0239441
   0.0082535  -0.00389277   0.00196381
 -0.00389277   0.00227406   0.00189204
  0.00196381   0.00189204    0.0253581
  0.00735849  -0.00359799  0.000576849
 -0.00359799   0.00476881   0.00742322
 0.000576849   0.00742322    0.0215217
  0.00746768  -0.00340369  0.000672686
 -0.00340369   0.00380703   0.00644555
 0.000672686   0.00644555     0.022457
  0.00718253  -0.00315055  0.000411446
 -0.00315055   0.00382858   0.00684521
 0.000411446   0.00684521    0.0222811
  0.00707447   -0.0033399  0.000347328
  -0.0033399   0.00483391   0.00783466
 0.000347328   0.00783466    0.0213148
  0.00726803   -0.0029748  0.000479971
  -0.0029748    0.0029717   0.00581575
 0.000479971   0.00581575    0.0232143
  0.00688934  -0.00293072  0.000119236
 -0.00293072   0.00387025   0.00720636
 0.000119236   0.00720636    0.0221049
  0.00697272  -0.00275316  0.000154153
 -0.00275316    0.0029699    0.0061579
 0.000154153    0.0061579    0.0230558
  0.00672186  -0.00256304 -0.000152733
 -0.00256304   0.00298083   0.00643901
-0.000152733   0.00643901     0.022741
  0.00678816  -0.00311557  9.40699e-05
 -0.00311557   0.00491715    0.0082014
 9.40699e-05    0.0082014    0.0211093
  0.00660823  -0.00274045  -0.00019406
 -0.00274045   0.00392082    0.0074969
 -0.00019406    0.0074969    0.0217383
  0.00651717  -0.00291647 -0.000164297
 -0.00291647   0.00501348   0.00852975
-0.000164297   0.00852975    0.0209158
  0.00703662  -0.00260897  0.000186086
 -0.00260897   0.00226446   0.00513636
 0.000186086   0.00513636    0.0239193
  0.00693422  -0.00244198 -0.000146917
 -0.00244198   0.00224343   0.00537736
-0.000146917   0.00537736    0.0234091
  0.00701763  -0.00232632 -7.13578e-05
 -0.00232632    0.0017217   0.00444536
-7.13578e-05   0.00444536    0.0243849
  0.00707929  -0.00250593  0.000227251
 -0.00250593   0.00176476   0.00418809
 0.000227251   0.00418809    0.0246803
  0.00733064  -0.00283332    0.0005422
 -0.00283332   0.00230418   0.00481882
   0.0005422   0.00481882    0.0240725
  0.00736814  -0.00273045  0.000611242
 -0.00273045   0.00183012   0.00389724
 0.000611242   0.00389724    0.0248424
  0.00760634  -0.00307258  0.000863098
 -0.00307258   0.00234925   0.00447106
 0.000863098   0.00447106    0.0242104
  0.00754876  -0.00322245  0.000771893
 -0.00322245   0.00298798    0.0054371
 0.000771893    0.0054371    0.0233672
  0.00762949  -0.00296168  0.000959958
 -0.00296168   0.00190105   0.00358559
 0.000959958   0.00358559    0.0249769
   0.0127822  -0.00449428  -0.00346067
 -0.00449428   0.00173554   0.00269104
 -0.00346067   0.00269104    0.0188124
   0.0131096  -0.00481581   -0.0030673
 -0.00481581   0.00190393   0.00254852
  -0.0030673   0.00254852    0.0188978
   0.0103456  -0.00365528  -0.00169015
 -0.00365528   0.00150658   0.00257683
 -0.00169015   0.00257683    0.0219342
   0.0106261  -0.00392023  -0.00130308
 -0.00392023   0.00165044    0.0023995
 -0.00130308    0.0023995    0.0220277
   0.0133587  -0.00514354  -0.00268282
 -0.00514354   0.00211918   0.00238828
 -0.00268282   0.00238828    0.0189428
  0.00871557   -0.0031382 -0.000144275
  -0.0031382   0.00146473   0.00261844
-0.000144275   0.00261844    0.0242169
   0.0108311   -0.0041866 -0.000942929
  -0.0041866   0.00181311   0.00218767
-0.000942929   0.00218767    0.0220864
  0.00894729  -0.00336469  0.000211217
 -0.00336469   0.00157459   0.00238457
 0.000211217   0.00238457    0.0243099
  0.00914072  -0.00360077  0.000552892
 -0.00360077    0.0017041   0.00212885
 0.000552892   0.00212885    0.0243795
   0.0135093  -0.00547141  -0.00231887
 -0.00547141   0.00235144   0.00222631
 -0.00231887   0.00222631    0.0189395
   0.0109787  -0.00445933 -0.000592606
 -0.00445933   0.00199299   0.00198829
-0.000592606   0.00198829    0.0221038
   0.0136111  -0.00578494  -0.00196083
 -0.00578494   0.00258359   0.00208051
 -0.00196083   0.00208051    0.0189103
    0.007878  -0.00298892  0.000765134
 -0.00298892   0.00162701   0.00288143
 0.000765134   0.00288143    0.0251451
  0.00809248  -0.00320589   0.00108847
 -0.00320589   0.00172265   0.00260104
  0.00108847   0.00260104    0.0252326
  0.00762831  -0.00276815  0.000409052
 -0.00276815    0.0015408   0.00315208
 0.000409052   0.00315208    0.0250227
  0.00734817  -0.00254015   9.3654e-06
 -0.00254015   0.00145113   0.00340438
  9.3654e-06   0.00340438    0.0248605
  0.00842943  -0.00290342 -0.000541827
 -0.00290342   0.00135729   0.00283323
-0.000541827   0.00283323    0.0240753
  0.00831569  -0.00267548 -0.000901654
 -0.00267548   0.00125501   0.00306014
-0.000901654   0.00306014    0.0239355
  0.00740461  -0.00237738 -0.000331419
 -0.00237738   0.00138808   0.00364251
-0.000331419   0.00364251    0.0245248
   0.0101779  -0.00340811  -0.00207543
 -0.00340811   0.00138438   0.00275986
 -0.00207543   0.00275986    0.0218031
   0.0136437  -0.00609654  -0.00161254
 -0.00609654   0.00283569      0.00193
 -0.00161254      0.00193     0.018857
   0.0110803  -0.00470899 -0.000265352
 -0.00470899   0.00216183   0.00177789
-0.000265352   0.00177789    0.0221008
   0.0110995  -0.00496631  2.65405e-05
 -0.00496631   0.00237647   0.00152723
 2.65405e-05   0.00152723    0.0220665
   0.0136003  -0.00643984  -0.00123748
 -0.00643984   0.00318161   0.00169375
 -0.00123748   0.00169375    0.0188967
  0.00935981  -0.00405486   0.00114597
 -0.00405486   0.00198697   0.00153257
  0.00114597   0.00153257    0.0244453
   0.0109523  -0.00520017  0.000369154
 -0.00520017   0.00261723    0.0011249
 0.000369154    0.0011249    0.0220777
  0.00933808  -0.00428257   0.00134623
 -0.00428257   0.00216076   0.00112419
  0.00134623   0.00112419    0.0244308
   0.0130987   -0.0065662 -0.000803584
  -0.0065662   0.00342206   0.00138374
-0.000803584   0.00138374    0.0192016
  0.00840115  -0.00386608   0.00183375
 -0.00386608   0.00207581   0.00140474
  0.00183375   0.00140474     0.025411
   0.0083749  -0.00363812   0.00164679
 -0.00363812   0.00193716    0.0018902
  0.00164679    0.0018902    0.0253723
  0.00826378  -0.00341648   0.00138406
 -0.00341648   0.00181318   0.00227986
  0.00138406   0.00227986    0.0253083
  0.00928105  -0.00383352  0.000872553
 -0.00383352   0.00183806   0.00185537
 0.000872553   0.00185537    0.0244237
   0.0061659  -0.00805364 -0.000113897
 -0.00805364    0.0234324    0.0129594
-0.000113897    0.0129594    0.0151029
  0.00621337  -0.00792115  0.000255714
 -0.00792115    0.0222918    0.0121584
 0.000255714    0.0121584    0.0151533
  0.00663355  -0.00807591 -0.000215218
 -0.00807591    0.0190197    0.0114693
-0.000215218    0.0114693    0.0164656
  0.00667716  -0.00793812  0.000163345
 -0.00793812    0.0181333    0.0107406
 0.000163345    0.0107406    0.0164208
  0.00628399  -0.00775011  0.000606825
 -0.00775011    0.0211925     0.011484
 0.000606825     0.011484    0.0151574
  0.00705874    -0.008001  -0.00023461
   -0.008001     0.015304   0.00984496
 -0.00023461   0.00984496    0.0176629
  0.00673496  -0.00774678  0.000503788
 -0.00774678    0.0173231    0.0102251
