           0            0            0
           0            0            0
           0            0            0
   0.0324211  -0.00596593   0.00928446
 -0.00596593   0.00169726   -0.0032929
  0.00928446   -0.0032929    0.0185858
   0.0284933  -0.00453056    0.0117403
 -0.00453056   0.00101451  -0.00266458
   0.0117403  -0.00266458    0.0225939
   0.0244766  -0.00420086    0.0140682
 -0.00420086  0.000935892   -0.0022216
   0.0140682   -0.0022216    0.0249651
   0.0235256  -0.00438368    0.0150905
 -0.00438368   0.00102242  -0.00159239
   0.0150905  -0.00159239    0.0250646
   0.0236077  -0.00458925    0.0142604
 -0.00458925   0.00115758  -0.00089848
   0.0142604  -0.00089848    0.0251194
   0.0214053  -0.00440752    0.0127013
 -0.00440752   0.00111833  -0.00104959
   0.0127013  -0.00104959    0.0227027
   0.0222714  -0.00463196     0.011475
 -0.00463196    0.0012309 -0.000465284
    0.011475 -0.000465284    0.0237232
   0.0237567  -0.00470354    0.0128431
 -0.00470354   0.00123673 -0.000428989
   0.0128431 -0.000428989    0.0251955
    0.022072   -0.0044959   0.00894806
  -0.0044959   0.00119569 -0.000161512
  0.00894806 -0.000161512    0.0243522
   0.0236685  -0.00464075     0.010421
 -0.00464075   0.00121107 -0.000172569
    0.010421 -0.000172569    0.0258671
   0.0220243  -0.00404047   0.00589578
 -0.00404047    0.0010349 -0.000200812
  0.00589578 -0.000200812    0.0252888
   0.0237786  -0.00452939   0.00915818
 -0.00452939   0.00111676 -0.000237621
  0.00915818 -0.000237621    0.0259392
   0.0474364  0.000475588    0.0172973
 0.000475588   0.00110344   0.00297303
   0.0172973   0.00297303    0.0223958
   0.0418382 -0.000776561    0.0196936
-0.000776561   0.00141578   0.00387811
   0.0196936   0.00387811    0.0263614
   0.0400125  -0.00012361    0.0190928
 -0.00012361   0.00108756   0.00345569
   0.0190928   0.00345569    0.0263371
   0.0369927 -0.000803856    0.0212278
-0.000803856   0.00143449   0.00408497
   0.0212278   0.00408497    0.0294577
   0.0377773  -0.00126855     0.021212
 -0.00126855   0.00175233   0.00440418
    0.021212   0.00440418    0.0291483
   0.0335258 -0.000781621    0.0196311
-0.000781621   0.00111614   0.00334055
   0.0196311   0.00334055    0.0289233
   0.0345556  -0.00129956    0.0214187
 -0.00129956   0.00166978   0.00422127
   0.0214187   0.00422127    0.0305109
   0.0317878  -0.00136551    0.0202541
 -0.00136551   0.00140295   0.00359475
   0.0202541   0.00359475    0.0301814
   0.0315653  -0.00188983     0.019935
 -0.00188983   0.00151557    0.0034368
    0.019935    0.0034368    0.0301922
   0.0346478  -0.00162113    0.0209593
 -0.00162113   0.00191022    0.0044366
   0.0209593    0.0044366    0.0300322
   0.0340153  -0.00181967    0.0208159
 -0.00181967    0.0016887   0.00391674
   0.0208159   0.00391674    0.0304163
   0.0336891  -0.00209298    0.0200848
 -0.00209298   0.00183598   0.00402164
   0.0200848   0.00402164    0.0299471
   0.0288294  -0.00176701    0.0187759
 -0.00176701    0.0011452   0.00261291
   0.0187759   0.00261291    0.0296573
   0.0285453  -0.00229177    0.0185492
 -0.00229177   0.00133581   0.00261795
   0.0185492   0.00261795    0.0297267
   0.0268937  -0.00291903     0.017819
 -0.00291903   0.00118007   0.00158852
    0.017819   0.00158852    0.0295871
   0.0275645  -0.00242779    0.0181875
 -0.00242779   0.00095184   0.00138322
   0.0181875   0.00138322    0.0296122
   0.0305921  -0.00112012    0.0181133
 -0.00112012  0.000843618   0.00224202
   0.0181133   0.00224202    0.0283887
   0.0299264  -0.00181742    0.0178718
 -0.00181742  0.000681066  0.000864625
   0.0178718  0.000864625    0.0285654
   0.0336296 -0.000267027    0.0159675
-0.000267027  0.000576673    0.0014966
   0.0159675    0.0014966    0.0252956
   0.0361654  3.63336e-05    0.0172505
 3.63336e-05  0.000795128   0.00263878
   0.0172505   0.00263878    0.0256814
   0.0404867   0.00136234    0.0141674
  0.00136234  0.000633189   0.00164191
   0.0141674   0.00164191     0.021398
   0.0337941  -0.00111348    0.0159825
 -0.00111348  0.000490514  6.68213e-05
   0.0159825  6.68213e-05    0.0257238
   0.0386461  0.000780278    0.0133406
 0.000780278  0.000468965  0.000534449
   0.0133406  0.000534449    0.0212364
   0.0405161 -0.000771334    0.0138447
-0.000771334  0.000511875 -0.000910681
   0.0138447 -0.000910681    0.0219882
   0.0443678    0.0012455    0.0160142
   0.0012455  0.000852729   0.00247355
   0.0160142   0.00247355    0.0220269
   0.0329057  -0.00261867     0.018455
 -0.00261867   0.00158907   0.00327332
    0.018455   0.00327332    0.0292531
   0.0336016  -0.00239253    0.0193032
 -0.00239253   0.00151599     0.003249
   0.0193032     0.003249    0.0295752
   0.0331767  -0.00277182    0.0176986
 -0.00277182   0.00122232   0.00235143
   0.0176986   0.00235143    0.0287911
   0.0320552  -0.00295692    0.0167466
 -0.00295692   0.00124538   0.00230331
   0.0167466   0.00230331    0.0285725
   0.0313363  -0.00278132     0.017189
 -0.00278132   0.00120823   0.00216106
    0.017189   0.00216106    0.0285909
   0.0326185  -0.00298041    0.0160577
 -0.00298041  0.000901864   0.00127858
   0.0160577   0.00127858     0.028022
   0.0312026  -0.00293011    0.0156882
 -0.00293011   0.00091545   0.00122417
   0.0156882   0.00122417    0.0278499
   0.0309699  -0.00291594    0.0142479
 -0.00291594  0.000656457  0.000156337
   0.0142479  0.000156337    0.0271563
   0.0310807  -0.00312509     0.015019
 -0.00312509  0.000908601   0.00118865
    0.015019   0.00118865    0.0278444
   0.0319477  -0.00305938    0.0145128
 -0.00305938  0.000654359   0.00010438
   0.0145128   0.00010438    0.0272783
   0.0299866   -0.0031924    0.0133783
  -0.0031924  0.000668932  2.79113e-05
   0.0133783  2.79113e-05    0.0270617
   0.0283994  -0.00315837    0.0146572
 -0.00315837  0.000961043  0.000956483
   0.0146572  0.000956483    0.0275566
   0.0283869  -0.00300532    0.0132563
 -0.00300532  0.000703573   6.1806e-05
   0.0132563   6.1806e-05    0.0269018
   0.0260798  -0.00338281    0.0124313
 -0.00338281  0.000793586 -0.000164821
   0.0124313 -0.000164821     0.026762
   0.0261847  -0.00362759    0.0139039
 -0.00362759   0.00103223  0.000547013
   0.0139039  0.000547013    0.0274297
   0.0283882  -0.00309171    0.0160753
 -0.00309171   0.00120807   0.00170983
   0.0160753   0.00170983    0.0282534
   0.0263035  -0.00361667    0.0153453
 -0.00361667   0.00122071   0.00110486
   0.0153453   0.00110486    0.0281267
   0.0284056  -0.00280073    0.0173828
 -0.00280073   0.00135074   0.00227181
   0.0173828   0.00227181    0.0289697
   0.0314199  -0.00243961    0.0186255
 -0.00243961   0.00143337   0.00291124
   0.0186255   0.00291124    0.0293662
   0.0264998  -0.00336853    0.0166506
 -0.00336853   0.00127625   0.00145902
   0.0166506   0.00145902    0.0288382
   0.0249179  -0.00475015    0.0122585
 -0.00475015   0.00123093 -0.000153073
   0.0122585 -0.000153073    0.0266909
   0.0249713  -0.00473865    0.0136989
 -0.00473865   0.00126362 -0.000209573
   0.0136989 -0.000209573    0.0266942
   0.0260916  -0.00461499    0.0152002
 -0.00461499   0.00127128  2.19348e-05
   0.0152002  2.19348e-05     0.028021
   0.0247332  -0.00453312    0.0151352
 -0.00453312   0.00116786 -0.000571139
   0.0151352 -0.000571139    0.0264313
   0.0263861  -0.00442213    0.0164832
 -0.00442213   0.00120889 -5.66108e-05
   0.0164832 -5.66108e-05    0.0286094
   0.0266474  -0.00407392    0.0175396
 -0.00407392   0.00103456 -0.000395942
   0.0175396 -0.000395942     0.029001
   0.0250179  -0.00429493    0.0163071
 -0.00429493   0.00101688   -0.0011084
   0.0163071   -0.0011084    0.0267815
   0.0266909  -0.00403282    0.0169691
 -0.00403282   0.00123997   0.00057602
   0.0169691   0.00057602     0.029227
   0.0271559  -0.00363548    0.0181261
 -0.00363548   0.00109219  0.000472231
   0.0181261  0.000472231    0.0299977
   0.0261305  -0.00421989    0.0155127
 -0.00421989   0.00124637  0.000455017
   0.0155127  0.000455017    0.0284139
   0.0257186  -0.00419313    0.0139227
 -0.00419313   0.00111744  0.000102445
   0.0139227  0.000102445    0.0276124
   0.0255949  -0.00457233    0.0136953
 -0.00457233   0.00118706 -0.000148177
   0.0136953 -0.000148177    0.0274883
   0.0253579  -0.00433982    0.0122398
 -0.00433982   0.00101239 -0.000592448
   0.0122398 -0.000592448    0.0267577
   0.0253275  -0.00391859    0.0122806
 -0.00391859  0.000908341 -0.000438633
   0.0122806 -0.000438633    0.0268583
   0.0246066  -0.00452247    0.0109168
 -0.00452247   0.00107524 -0.000451235
   0.0109168 -0.000451235    0.0264221
   0.0259096  -0.00399644    0.0161439
 -0.00399644  0.000867913  -0.00175597
   0.0161439  -0.00175597    0.0269642
   0.0296617  -0.00409498    0.0147392
 -0.00409498  0.000860333  -0.00236616
   0.0147392  -0.00236616    0.0255146
   0.0300569  -0.00343703    0.0164691
 -0.00343703  0.000718326  -0.00168213
   0.0164691  -0.00168213     0.027247
   0.0335571  -0.00447648    0.0117125
 -0.00447648   0.00107318  -0.00283377
   0.0117125  -0.00283377    0.0215282
   0.0339222  -0.00369508    0.0133429
 -0.00369508  0.000883113   -0.0023604
   0.0133429   -0.0023604     0.023079
   0.0393544  -0.00463792    0.0111694
 -0.00463792   0.00132343  -0.00310045
   0.0111694  -0.00310045    0.0194056
   0.0371491  -0.00577888    0.0096356
 -0.00577888   0.00166457  -0.00338009
   0.0096356  -0.00338009    0.0183725
   0.0342721    -0.002227    0.0153529
   -0.002227  0.000543723  -0.00125298
   0.0153529  -0.00125298    0.0253027
   0.0396688  -0.00255485    0.0128035
 -0.00255485  0.000767548  -0.00205672
   0.0128035  -0.00205672    0.0211207
   0.0301834  -0.00261834    0.0176872
 -0.00261834   0.00062868 -0.000501406
   0.0176872 -0.000501406    0.0285176
   0.0276916  -0.00315548    0.0183482
 -0.00315548  0.000854503  9.76314e-05
   0.0183482  9.76314e-05    0.0299038
    0.027219  -0.00369465     0.017478
 -0.00369465   0.00083659 -0.000961313
    0.017478 -0.000961313    0.0286956
   0.0287335  -0.00325312    0.0118073
 -0.00325312   0.00056641  -0.00109509
   0.0118073  -0.00109509    0.0262646
   0.0311303  -0.00311937    0.0130635
 -0.00311937  0.000543691  -0.00110621
   0.0130635  -0.00110621    0.0265688
   0.0301988  -0.00323246    0.0116987
 -0.00323246  0.000594605  -0.00227227
   0.0116987  -0.00227227     0.025934
    0.027387  -0.00335925    0.0102929
 -0.00335925  0.000615053  -0.00210896
   0.0102929  -0.00210896     0.025518
   0.0302219  -0.00280466    0.0116834
 -0.00280466  0.000536568  -0.00221208
   0.0116834  -0.00221208    0.0259944
   0.0290812   -0.0034517    0.0103918
  -0.0034517  0.000784342  -0.00330694
   0.0103918  -0.00330694    0.0253857
   0.0296064  -0.00292184    0.0105409
 -0.00292184  0.000712398  -0.00333503
   0.0105409  -0.00333503    0.0255462
   0.0288127  -0.00319054   0.00950171
 -0.00319054  0.000987308  -0.00427934
  0.00950171  -0.00427934    0.0251629
   0.0260117  -0.00351576   0.00885246
 -0.00351576  0.000777747  -0.00296525
  0.00885246  -0.00296525    0.0248455
    0.027851   -0.0037334   0.00917125
  -0.0037334   0.00105438  -0.00415964
  0.00917125  -0.00415964    0.0248813
   0.0246133  -0.00366763   0.00751546
 -0.00366763   0.00100279  -0.00367185
  0.00751546  -0.00367185    0.0241917
   0.0278384  -0.00226066   0.00953668
 -0.00226066  0.000621915  -0.00317493
  0.00953668  -0.00317493    0.0253681
   0.0274734   -0.0023157   0.00857985
  -0.0023157  0.000861667  -0.00412448
  0.00857985  -0.00412448     0.025019
   0.0252392  -0.00154505   0.00722327
 -0.00154505  0.000746737  -0.00386775
  0.00722327  -0.00386775    0.0247314
   0.0254735  -0.00184812   0.00829593
 -0.00184812  0.000567257  -0.00298446
  0.00829593  -0.00298446    0.0251353
   0.0280908  -0.00241995    0.0106598
 -0.00241995   0.00049575  -0.00208137
   0.0106598  -0.00208137    0.0257935
   0.0257036  -0.00236251    0.0095602
 -0.00236251  0.000511248  -0.00199635
   0.0095602  -0.00199635    0.0255962
   0.0282547  -0.00272405    0.0119003
 -0.00272405  0.000525957 -0.000968533
   0.0119003 -0.000968533     0.026303
   0.0306212  -0.00284008    0.0129088
 -0.00284008  0.000512521  -0.00101395
   0.0129088  -0.00101395    0.0265342
   0.0258993  -0.00293664    0.0109584
 -0.00293664  0.000590964  -0.00102492
   0.0109584  -0.00102492    0.0261402
   0.0232047  -0.00370295   0.00626812
 -0.00370295   0.00124827    -0.004304
  0.00626812    -0.004304    0.0234855
   0.0265461   -0.0039765   0.00798441
  -0.0039765    0.0013448   -0.0048604
  0.00798441   -0.0048604    0.0243496
   0.0252738  -0.00398154   0.00682581
 -0.00398154    0.0016507  -0.00549687
  0.00682581  -0.00549687     0.023731
    0.021806  -0.00346238   0.00514733
 -0.00346238   0.00154469  -0.00496924
  0.00514733  -0.00496924    0.0226784
   0.0269605  -0.00376393   0.00747412
 -0.00376393   0.00158657  -0.00565841
  0.00747412  -0.00565841     0.024358
   0.0239325  -0.00360391   0.00575417
 -0.00360391   0.00201048  -0.00615708
  0.00575417  -0.00615708    0.0229983
   0.0259979  -0.00367193   0.00646214
 -0.00367193    0.0019005  -0.00623292
  0.00646214  -0.00623292    0.0238464
   0.0248745   -0.0031244    0.0055183
  -0.0031244   0.00228343  -0.00683669
   0.0055183  -0.00683669    0.0232519
   0.0203181  -0.00285285   0.00421746
 -0.00285285   0.00194795  -0.00574051
  0.00421746  -0.00574051     0.021766
   0.0223557  -0.00276552   0.00481049
 -0.00276552   0.00250589  -0.00690666
  0.00481049  -0.00690666    0.0221873
   0.0186877  -0.00185438   0.00348757
 -0.00185438   0.00257828  -0.00665328
  0.00348757  -0.00665328    0.0208252
   0.0258292  -0.00300358   0.00588575
 -0.00300358    0.0016495  -0.00594503
  0.00588575  -0.00594503    0.0240541
   0.0252301  -0.00276066   0.00503171
 -0.00276066    0.0019206   -0.0063974
  0.00503171   -0.0063974     0.023685
   0.0238675  -0.00188416   0.00357157
 -0.00188416   0.00152267  -0.00573631
  0.00357157  -0.00573631     0.023554
   0.0241382   -0.0018954   0.00441371
  -0.0018954    0.0013574  -0.00545785
  0.00441371  -0.00545785    0.0237875
   0.0263976  -0.00286644    0.0067868
 -0.00286644   0.00139352  -0.00546631
   0.0067868  -0.00546631    0.0243887
   0.0245206  -0.00169733   0.00531689
 -0.00169733   0.00117552  -0.00509624
  0.00531689  -0.00509624     0.024058
   0.0269357  -0.00256935     0.007678
 -0.00256935   0.00113063  -0.00488231
    0.007678  -0.00488231    0.0247053
   0.0278782  -0.00353637   0.00849476
 -0.00353637   0.00128524  -0.00503627
  0.00849476  -0.00503627    0.0247866
    0.024896  -0.00152836   0.00626094
 -0.00152836  0.000967446  -0.00457975
  0.00626094  -0.00457975     0.024379
   0.0213327  0.000866448  -0.00147169
 0.000866448  0.000775441  -0.00394437
 -0.00147169  -0.00394437    0.0226312
   0.0217896   0.00067809  -2.9875e-05
  0.00067809  0.000797871  -0.00412735
 -2.9875e-05  -0.00412735    0.0228474
   0.0213894  0.000476653  0.000711785
 0.000476653  0.000877264   -0.0043668
 0.000711785   -0.0043668    0.0229913
   0.0219091  0.000146273   0.00213369
 0.000146273  0.000829174  -0.00424152
  0.00213369  -0.00424152    0.0233528
   0.0224825  0.000118334    0.0015407
 0.000118334  0.000763977   -0.0040146
   0.0015407   -0.0040146    0.0232068
   0.0219065 -9.11876e-05   0.00283995
-9.11876e-05  0.000902269  -0.00446188
  0.00283995  -0.00446188    0.0234876
   0.0226087 -0.000551615   0.00363789
-0.000551615  0.000736206  -0.00386908
  0.00363789  -0.00386908    0.0238271
   0.0223976 -0.000501439   0.00415985
-0.000501439  0.000779349  -0.00406456
  0.00415985  -0.00406456     0.023937
   0.0230886  -0.00121694   0.00557131
 -0.00121694    0.0006599  -0.00346801
  0.00557131  -0.00346801    0.0244365
   0.0231974 -0.000770968   0.00309109
-0.000770968  0.000691879  -0.00363484
  0.00309109  -0.00363484    0.0236018
   0.0235257  -0.00150917   0.00524675
 -0.00150917  0.000655958  -0.00330166
  0.00524675  -0.00330166    0.0243377
   0.0236628  -0.00178557   0.00453057
 -0.00178557  0.000637268  -0.00302969
  0.00453057  -0.00302969    0.0238349
   0.0230853 -0.000795852   0.00496518
-0.000795852  0.000849879  -0.00429019
  0.00496518  -0.00429019    0.0240849
   0.0235144  -0.00117493   0.00613353
 -0.00117493  0.000679499  -0.00364074
  0.00613353  -0.00364074    0.0245236
    0.022735 -0.000700959    0.0038605
-0.000700959   0.00100728   -0.0047347
   0.0038605   -0.0047347    0.0237003
   0.0223503  -0.00079205   0.00279478
 -0.00079205    0.0011203  -0.00497882
  0.00279478  -0.00497882    0.0234001
   0.0214771  1.05407e-05   0.00157816
 1.05407e-05  0.000971023  -0.00462273
  0.00157816  -0.00462273    0.0231373
   0.0210609 -3.48722e-05  0.000376922
-3.48722e-05  0.000984868   -0.0045816
 0.000376922   -0.0045816     0.022894
   0.0220653 -0.000865384    0.0018213
-0.000865384   0.00119474   -0.0050818
   0.0018213   -0.0050818    0.0231926
   0.0209754  0.000525605 -0.000629018
 0.000525605  0.000864053  -0.00423294
-0.000629018  -0.00423294    0.0227456
   0.0234586  -0.00271378    0.0055737
 -0.00271378  0.000639193   -0.0022595
   0.0055737   -0.0022595    0.0240686
   0.0242415  -0.00255911   0.00688729
 -0.00255911  0.000642412  -0.00260216
  0.00688729  -0.00260216    0.0248247
   0.0244191   -0.0034512   0.00843958
  -0.0034512  0.000717447  -0.00181895
  0.00843958  -0.00181895     0.025163
   0.0232856  -0.00347578   0.00627091
 -0.00347578  0.000735484  -0.00139612
  0.00627091  -0.00139612     0.024885
   0.0245551  -0.00310675   0.00891354
 -0.00310675  0.000653494    -0.001955
  0.00891354    -0.001955     0.025574
   0.0243276   -0.0040837   0.00978837
  -0.0040837  0.000872318   -0.0010771
  0.00978837   -0.0010771    0.0255426
   0.0250191  -0.00387314    0.0106323
 -0.00387314    0.0008074  -0.00121466
   0.0106323  -0.00121466     0.026191
    0.023484  -0.00410743   0.00742373
 -0.00410743   0.00091415 -0.000681619
  0.00742373 -0.000681619    0.0258407
    0.024886   -0.0033928    0.0106078
  -0.0033928  0.000693034  -0.00114072
   0.0106078  -0.00114072     0.026155
   0.0244328  -0.00264981   0.00897428
 -0.00264981  0.000566417  -0.00196947
  0.00897428  -0.00196947    0.0255404
   0.0239585  -0.00185028   0.00745196
 -0.00185028  0.000566761  -0.00284558
  0.00745196  -0.00284558    0.0250085
   0.0238344  -0.00215226   0.00715003
 -0.00215226  0.000599199  -0.00273763
  0.00715003  -0.00273763    0.0249762
   0.0225135  -0.00388982   0.00499655
 -0.00388982  0.000914414 -0.000404792
  0.00499655 -0.000404792    0.0258218
    0.022792  -0.00342708   0.00406068
 -0.00342708  0.000743499  -0.00101258
  0.00406068  -0.00101258    0.0254589
   0.0210344  -0.00304934   0.00150631
 -0.00304934  0.000745406  -0.00064364
  0.00150631  -0.00064364    0.0248331
   0.0226425  -0.00267794    0.0029158
 -0.00267794  0.000617282  -0.00176579
   0.0029158  -0.00176579    0.0247027
   0.0217417  -0.00259242  0.000675185
 -0.00259242  0.000606004  -0.00130976
 0.000675185  -0.00130976     0.024995
   0.0222875  -0.00185458  0.000222561
 -0.00185458  0.000536493  -0.00212119
 0.000222561  -0.00212119    0.0244492
   0.0228114  -0.00183041   0.00231703
 -0.00183041  0.000576411  -0.00254305
  0.00231703  -0.00254305    0.0237925
   0.0206647  -0.00173236  -0.00206866
 -0.00173236  0.000513484   -0.0014728
 -0.00206866   -0.0014728    0.0244472
   0.0229053 -0.000928037    0.0018655
-0.000928037   0.00061537  -0.00323346
   0.0018655  -0.00323346    0.0229238
     0.02294 -2.34301e-05  0.000715682
-2.34301e-05  0.000676913  -0.00369058
 0.000715682  -0.00369058    0.0228549
   0.0227219  -0.00011492  -0.00101796
 -0.00011492  0.000561301  -0.00323227
 -0.00101796  -0.00323227    0.0229628
   0.0226032  0.000670971 -0.000728696
 0.000670971  0.000707518  -0.00382288
-0.000728696  -0.00382288    0.0226739
   0.0230437  0.000596015  -0.00190837
 0.000596015  0.000597224  -0.00342466
 -0.00190837  -0.00342466    0.0226973
   0.0230564  0.000994676  -0.00306423
 0.000994676  0.000585171  -0.00321286
 -0.00306423  -0.00321286    0.0224227
   0.0219982   0.00102516  -0.00228316
  0.00102516  0.000683631  -0.00361369
 -0.00228316  -0.00361369    0.0224748
   0.0224325  0.000468332  -0.00357634
 0.000468332  0.000460603   -0.0028718
 -0.00357634   -0.0028718    0.0226635
   0.0232989  0.000891098   -0.0043497
 0.000891098   0.00046608  -0.00271521
  -0.0043497  -0.00271521    0.0225346
   0.0224332  0.000612379  -0.00537395
 0.000612379  0.000346463  -0.00210574
 -0.00537395  -0.00210574    0.0222386
   0.0218116  0.000272256  -0.00484767
 0.000272256  0.000351876  -0.00229899
 -0.00484767  -0.00229899    0.0230669
   0.0221946 -0.000138408   -0.0028661
-0.000138408  0.000452932  -0.00275351
  -0.0028661  -0.00275351      0.02351
    0.021206 -0.000473151  -0.00431476
-0.000473151  0.000398222  -0.00209503
 -0.00431476  -0.00209503    0.0244874
   0.0216982  -0.00102677  -0.00247653
 -0.00102677  0.000462233  -0.00222893
 -0.00247653  -0.00222893    0.0242402
    0.022564 -0.000956941 -0.000517664
-0.000956941  0.000529054  -0.00276197
-0.000517664  -0.00276197    0.0238073
   0.0208575  0.000195907  -0.00595496
 0.000195907  0.000277164  -0.00196318
 -0.00595496  -0.00196318    0.0234778
   0.0211157  0.000340792    -0.006039
 0.000340792  0.000268602  -0.00147677
   -0.006039  -0.00147677    0.0214176
  0.00551255  -0.00505263  -0.00643786
 -0.00505263   0.00497789   0.00556668
 -0.00643786   0.00556668    0.0210233
  0.00576082  -0.00502579  -0.00519206
 -0.00502579   0.00500139   0.00567782
 -0.00519206   0.00567782     0.021922
   0.0054794  -0.00435245   -0.0046024
 -0.00435245   0.00409638   0.00466593
  -0.0046024   0.00466593    0.0224537
  0.00608944  -0.00422224  -0.00309383
 -0.00422224   0.00424143    0.0054234
 -0.00309383    0.0054234     0.023547
  0.00629574  -0.00488264  -0.00366296
 -0.00488264    0.0051256   0.00625277
 -0.00366296   0.00625277    0.0228528
  0.00586032   -0.0036166   -0.0024849
  -0.0036166   0.00344727   0.00465536
  -0.0024849   0.00465536    0.0243972
  0.00699734  -0.00386909  -0.00141887
 -0.00386909   0.00453097   0.00669895
 -0.00141887   0.00669895    0.0245218
  0.00682708  -0.00325297 -0.000863246
 -0.00325297   0.00369236   0.00602702
-0.000863246   0.00602702    0.0255077
  0.00798904  -0.00270048  0.000716568
 -0.00270048   0.00413306   0.00768026
 0.000716568   0.00768026    0.0263295
   0.0071367  -0.00453898  -0.00196134
 -0.00453898   0.00542325   0.00734607
 -0.00196134   0.00734607    0.0236901
  0.00810713  -0.00332264   0.00024359
 -0.00332264   0.00506238   0.00829939
  0.00024359   0.00829939    0.0252173
  0.00817944  -0.00404648  -0.00027602
 -0.00404648   0.00601909    0.0087993
 -0.00027602    0.0087993    0.0242718
  0.00665056  -0.00278375 -0.000400083
 -0.00278375   0.00301049   0.00546474
-0.000400083   0.00546474    0.0266503
   0.0078193  -0.00222891   0.00106688
 -0.00222891   0.00332817   0.00705169
  0.00106688   0.00705169    0.0275654
  0.00765517  -0.00197925   0.00123445
 -0.00197925   0.00268779   0.00640821
  0.00123445   0.00640821    0.0288552
  0.00687224  -0.00273411 -0.000365839
 -0.00273411   0.00264469   0.00512636
-0.000365839   0.00512636    0.0281595
  0.00584802   -0.0032963  -0.00211593
  -0.0032963   0.00291692   0.00418749
 -0.00211593   0.00418749    0.0256066
  0.00626246  -0.00335195  -0.00212533
 -0.00335195   0.00270948   0.00395754
 -0.00212533   0.00395754    0.0271362
  0.00526406  -0.00352747  -0.00366244
 -0.00352747   0.00288275   0.00331963
 -0.00366244   0.00331963    0.0243425
    0.005246  -0.00379255  -0.00403395
 -0.00379255   0.00334934   0.00383166
 -0.00403395   0.00383166    0.0232322
  0.00488842  -0.00376726  -0.00524023
 -0.00376726   0.00327673   0.00343507
 -0.00524023   0.00343507    0.0220043
  0.00567034  -0.00361119  -0.00365139
 -0.00361119   0.00274081   0.00304783
 -0.00365139   0.00304783    0.0242629
  0.00485394  -0.00349613   -0.0048114
 -0.00349613   0.00281689   0.00285896
  -0.0048114   0.00285896    0.0223954
  0.00516378  -0.00355732  -0.00472934
 -0.00355732   0.00270934   0.00263362
 -0.00472934   0.00263362    0.0224477
  0.00516856  -0.00433779   -0.0058192
 -0.00433779   0.00402782   0.00438467
  -0.0058192   0.00438467    0.0213803
  0.00918699  -0.00350271    0.0011687
 -0.00350271   0.00694274    0.0103841
   0.0011687    0.0103841    0.0244944
  0.00919168  -0.00271528   0.00165096
 -0.00271528   0.00584333    0.0099533
  0.00165096    0.0099533    0.0255505
  0.00995733  -0.00226358   0.00258177
 -0.00226358   0.00678209    0.0113193
  0.00258177    0.0113193    0.0255178
  0.00988081  -0.00307893   0.00215648
 -0.00307893   0.00810793    0.0118022
  0.00215648    0.0118022     0.024349
  0.00994494   -0.0016288   0.00283339
  -0.0016288   0.00542926    0.0104981
  0.00283339    0.0104981    0.0268286
   0.0101968  -0.00209617   0.00291403
 -0.00209617   0.00773902    0.0121713
  0.00291403    0.0121713    0.0252259
   0.0102377   -0.0015047   0.00303244
  -0.0015047   0.00610464    0.0110705
  0.00303244    0.0110705    0.0266269
  0.00996159   -0.0017743   0.00267139
  -0.0017743   0.00662577    0.0108631
  0.00267139    0.0108631    0.0263241
   0.0100713  -0.00287201   0.00258088
 -0.00287201    0.0093302    0.0128273
  0.00258088    0.0128273    0.0239533
  0.00988735  -0.00227318   0.00270946
 -0.00227318   0.00849429    0.0123302
  0.00270946    0.0123302    0.0248421
  0.00975494  -0.00294267   0.00249495
 -0.00294267    0.0103357    0.0132968
  0.00249495    0.0132968    0.0234707
   0.0101659  -0.00115006   0.00286195
 -0.00115006   0.00464239    0.0096364
  0.00286195    0.0096364     0.028081
  0.00995044  -0.00147199   0.00233396
 -0.00147199   0.00497235   0.00899836
  0.00233396   0.00899836     0.027823
  0.00983372  -0.00136138   0.00173455
 -0.00136138   0.00367792   0.00689621
  0.00173455   0.00689621    0.0292552
  0.00996941  -0.00102784   0.00243936
 -0.00102784   0.00346116   0.00796628
  0.00243936   0.00796628    0.0294851
  0.00981942  -0.00123337   0.00284366
 -0.00123337   0.00422051   0.00943959
  0.00284366   0.00943959    0.0282228
  0.00958784  -0.00107469   0.00262224
 -0.00107469   0.00320688   0.00818926
  0.00262224   0.00818926    0.0295893
  0.00896697  -0.00164608   0.00221205
 -0.00164608   0.00376658   0.00850703
  0.00221205   0.00850703    0.0280873
  0.00912303  -0.00207889    0.0020242
 -0.00207889   0.00474594   0.00929434
   0.0020242   0.00929434    0.0267636
  0.00875281   -0.0014312   0.00220372
  -0.0014312   0.00293903   0.00760436
  0.00220372   0.00760436    0.0294122
   0.0143854  -0.00428116  -0.00389943
 -0.00428116   0.00208174   0.00329666
 -0.00389943   0.00329666    0.0245609
   0.0134671  -0.00357355   -0.0024016
 -0.00357355   0.00188314   0.00437369
  -0.0024016   0.00437369    0.0261762
   0.0112752   -0.0023757 -0.000750659
  -0.0023757   0.00173725   0.00450604
-0.000750659   0.00450604    0.0284091
   0.0108676  -0.00226498  3.91156e-06
 -0.00226498   0.00176811   0.00537382
 3.91156e-06   0.00537382    0.0292042
   0.0136624  -0.00387149  -0.00239582
 -0.00387149   0.00206378   0.00493216
 -0.00239582   0.00493216    0.0261193
  0.00952938  -0.00149652   0.00117934
 -0.00149652   0.00188575    0.0058649
  0.00117934    0.0058649    0.0298218
   0.0107319  -0.00276717 -0.000354838
 -0.00276717   0.00195662   0.00545442
-0.000354838   0.00545442    0.0293465
   0.0089578  -0.00181594   0.00109473
 -0.00181594   0.00195155   0.00593068
  0.00109473   0.00593068    0.0302419
  0.00891602  -0.00269907  1.21111e-07
 -0.00269907   0.00222072   0.00550646
 1.21111e-07   0.00550646    0.0306263
   0.0128407  -0.00409898  -0.00247649
 -0.00409898   0.00224441   0.00506222
 -0.00247649   0.00506222    0.0254013
    0.010346  -0.00362088  -0.00162401
 -0.00362088   0.00231358   0.00502007
 -0.00162401   0.00502007    0.0272779
   0.0121093  -0.00475107   -0.0032812
 -0.00475107   0.00267902    0.0048703
  -0.0032812    0.0048703    0.0243445
  0.00849124  -0.00140515   0.00195857
 -0.00140515   0.00229727   0.00666997
  0.00195857   0.00666997    0.0300579
  0.00798224  -0.00215186  0.000895391
 -0.00215186   0.00233576   0.00591215
 0.000895391   0.00591215    0.0300258
  0.00935373  -0.00113417   0.00207578
 -0.00113417   0.00240714   0.00692759
  0.00207578   0.00692759    0.0300666
  0.00984445  -0.00114622   0.00163486
 -0.00114622   0.00254007   0.00637862
  0.00163486   0.00637862    0.0300698
   0.0102356  -0.00163339  0.000474047
 -0.00163339   0.00193935   0.00510338
 0.000474047   0.00510338    0.0293174
   0.0106462   -0.0020531 -0.000611403
  -0.0020531   0.00210711   0.00364087
-0.000611403   0.00364087    0.0292536
  0.00990404  -0.00148991  0.000708171
 -0.00148991   0.00270479   0.00501507
 0.000708171   0.00501507    0.0299395
   0.0120333  -0.00296952   -0.0021926
 -0.00296952   0.00189263   0.00311247
  -0.0021926   0.00311247    0.0272461
   0.0114266  -0.00510806   -0.0037684
 -0.00510806    0.0029512    0.0046581
  -0.0037684    0.0046581    0.0239197
  0.00982297  -0.00436355  -0.00294026
 -0.00436355   0.00273275   0.00447327
 -0.00294026   0.00447327    0.0252752
  0.00951062  -0.00507002  -0.00448122
 -0.00507002   0.00321522   0.00419253
 -0.00448122   0.00419253    0.0249054
   0.0109465  -0.00552413  -0.00463752
 -0.00552413   0.00333309   0.00455856
 -0.00463752   0.00455856    0.0239483
  0.00813493  -0.00438238  -0.00369766
 -0.00438238   0.00296724   0.00389176
 -0.00369766   0.00389176    0.0254667
  0.00837709  -0.00513366  -0.00541434
 -0.00513366   0.00344999     0.003766
 -0.00541434     0.003766    0.0240946
  0.00757838  -0.00471062  -0.00504201
 -0.00471062   0.00324131   0.00333587
 -0.00504201   0.00333587    0.0246623
   0.0067712  -0.00448843  -0.00587999
 -0.00448843   0.00319939   0.00299707
 -0.00587999   0.00299707    0.0238513
  0.00930535   -0.0055176  -0.00568313
  -0.0055176    0.0035681   0.00399984
 -0.00568313   0.00399984    0.0223449
  0.00736011  -0.00481501  -0.00616206
 -0.00481501   0.00334197   0.00329263
 -0.00616206   0.00329263    0.0226308
  0.00825875  -0.00531524  -0.00635904
 -0.00531524   0.00361519   0.00379982
 -0.00635904   0.00379982    0.0218404
  0.00649367  -0.00403051  -0.00425773
 -0.00403051   0.00287327   0.00315424
 -0.00425773   0.00315424    0.0241453
  0.00562036   -0.0038112  -0.00520926
  -0.0038112   0.00281132   0.00266511
 -0.00520926   0.00266511    0.0227301
  0.00698847  -0.00374047  -0.00272935
 -0.00374047   0.00273241   0.00379837
 -0.00272935   0.00379837    0.0262653
  0.00752359  -0.00300979 -0.000728248
 -0.00300979   0.00250565   0.00493627
-0.000728248   0.00493627    0.0297557
  0.00848728  -0.00363689  -0.00188984
 -0.00363689     0.002559   0.00461032
 -0.00188984   0.00461032    0.0275763
  0.00910614  -0.00319843   0.00207761
 -0.00319843     0.010899    0.0132196
  0.00207761    0.0132196    0.0230423
  0.00922469  -0.00269688   0.00215444
 -0.00269688   0.00885427     0.011845
  0.00215444     0.011845    0.0245131
  0.00846303  -0.00319771   0.00146331
 -0.00319771   0.00871943    0.0109035
  0.00146331    0.0109035    0.0243222
  0.00836263  -0.00352462   0.00151479
 -0.00352462    0.0109224    0.0127255
  0.00151479    0.0127255    0.0227539
  0.00853053  -0.00295977   0.00110538
 -0.00295977   0.00670381     0.008567
  0.00110538     0.008567    0.0259398
  0.00778745  -0.00359275  0.000760994
 -0.00359275   0.00820306   0.00977213
 0.000760994   0.00977213    0.0243107
    0.007868  -0.00345176   0.00027568
 -0.00345176   0.00624589   0.00702823
  0.00027568   0.00702823    0.0260087
  0.00736953  -0.00368314 -0.000502481
 -0.00368314   0.00560953   0.00560663
-0.000502481   0.00560663    0.0262684
  0.00767612  -0.00377687  0.000926409
 -0.00377687    0.0105125    0.0120082
 0.000926409    0.0120082    0.0226427
  0.00723736  -0.00377551  8.53774e-05
 -0.00377551   0.00747022   0.00867125
 8.53774e-05   0.00867125    0.0244612
  0.00710061  -0.00387033   0.00034908
 -0.00387033   0.00982818     0.011246
  0.00034908     0.011246      0.02268
  0.00793435  -0.00333052 -0.000502159
 -0.00333052    0.0048649   0.00402744
-0.000502159   0.00402744    0.0276667
  0.00748015  -0.00356786  -0.00135476
 -0.00356786   0.00447424   0.00233151
 -0.00135476   0.00233151    0.0280237
  0.00757897  -0.00342388  -0.00233646
 -0.00342388   0.00404898  -0.00084962
 -0.00233646  -0.00084962     0.029671
  0.00800035  -0.00319409  -0.00144952
 -0.00319409   0.00410923  0.000997716
 -0.00144952  0.000997716     0.029235
  0.00858032  -0.00279038  0.000444868
 -0.00279038   0.00511399   0.00589922
 0.000444868   0.00589922    0.0275261
   0.0086163  -0.00265314  -0.00042017
 -0.00265314   0.00405504   0.00308769
 -0.00042017   0.00308769     0.029024
   0.0093371  -0.00208213   0.00144596
 -0.00208213   0.00517296   0.00765959
  0.00144596   0.00765959    0.0276024
  0.00930111  -0.00232493   0.00195504
 -0.00232493   0.00686127    0.0099498
  0.00195504    0.0099498     0.026064
  0.00930405  -0.00196025  0.000704256
 -0.00196025    0.0039106    0.0051614
 0.000704256    0.0051614    0.0290561
  0.00661119  -0.00380152 -0.000221334
 -0.00380152   0.00899197    0.0105922
-0.000221334    0.0105922    0.0228146
  0.00679007  -0.00371845 -0.000597215
 -0.00371845    0.0066619   0.00776566
-0.000597215   0.00776566    0.0247306
  0.00640577  -0.00348541  -0.00129984
 -0.00348541    0.0058656   0.00715659
 -0.00129984   0.00715659    0.0250791
  0.00619738  -0.00360199 -0.000798894
 -0.00360199   0.00814706    0.0101126
-0.000798894    0.0101126    0.0229888
  0.00666448   -0.0033189  -0.00206985
  -0.0033189   0.00426194    0.0037169
 -0.00206985    0.0037169    0.0271499
  0.00608086  -0.00315115   -0.0020296
 -0.00315115   0.00517789    0.0067909
  -0.0020296    0.0067909     0.025481
   0.0063835   -0.0028915  -0.00289348
  -0.0028915   0.00364345   0.00329917
 -0.00289348   0.00329917    0.0277025
  0.00615679  -0.00246772  -0.00363998
 -0.00246772   0.00308366   0.00317123
 -0.00363998   0.00317123    0.0280692
  0.00585904  -0.00332877   -0.0013955
 -0.00332877   0.00739331   0.00978107
  -0.0013955   0.00978107    0.0231825
  0.00582202  -0.00280263  -0.00273051
 -0.00280263   0.00458584    0.0066619
 -0.00273051    0.0066619    0.0256422
  0.00560481  -0.00303179  -0.00200071
 -0.00303179   0.00677042   0.00958335
 -0.00200071   0.00958335    0.0233852
   0.0067129  -0.00257631  -0.00387111
 -0.00257631   0.00296197 -0.000320065
 -0.00387111 -0.000320065    0.0296893
   0.0066438  -0.00208114    -0.004593
 -0.00208114   0.00238655 -0.000359838
   -0.004593 -0.000359838    0.0298156
  0.00699808  -0.00170032  -0.00542997
 -0.00170032   0.00247036  -0.00362767
 -0.00542997  -0.00362767    0.0316216
  0.00699238  -0.00227229  -0.00478205
 -0.00227229   0.00305572  -0.00361314
 -0.00478205  -0.00361314    0.0313109
  0.00692876  -0.00309932  -0.00301817
 -0.00309932   0.00349702  0.000133987
 -0.00301817  0.000133987     0.029094
  0.00714282  -0.00286184  -0.00396798
 -0.00286184   0.00354478  -0.00318424
 -0.00396798  -0.00318424    0.0307879
  0.00716815  -0.00346853  -0.00218214
 -0.00346853   0.00400976  0.000999017
 -0.00218214  0.000999017    0.0285242
  0.00698057  -0.00362064  -0.00127577
 -0.00362064   0.00492911   0.00446783
 -0.00127577   0.00446783    0.0266635
   0.0073145  -0.00329005  -0.00315591
 -0.00329005   0.00387021    -0.002272
 -0.00315591    -0.002272    0.0302197
   0.0127395  -0.00576183  -0.00848555
 -0.00576183   0.00529741  -0.00278905
 -0.00848555  -0.00278905    0.0245839
   0.0132047  -0.00624592  -0.00835705
 -0.00624592    0.0056942  -0.00308025
 -0.00835705  -0.00308025    0.0247722
   0.0104348  -0.00418097  -0.00744444
 -0.00418097   0.00497707  -0.00542264
 -0.00744444  -0.00542264    0.0286665
   0.0107588  -0.00462965  -0.00710038
 -0.00462965    0.0051225  -0.00526441
 -0.00710038  -0.00526441    0.0285198
    0.013643  -0.00647967  -0.00818774
 -0.00647967   0.00566532  -0.00308209
 -0.00818774  -0.00308209    0.0247074
  0.00872188  -0.00340627  -0.00595252
 -0.00340627   0.00460905  -0.00628405
 -0.00595252  -0.00628405    0.0310048
   0.0110702  -0.00481162  -0.00672683
 -0.00481162   0.00487496  -0.00474383
 -0.00672683  -0.00474383    0.0281467
  0.00894299    -0.003748   -0.0053991
   -0.003748   0.00453687  -0.00553151
  -0.0053991  -0.00553151    0.0305413
  0.00922973  -0.00380439  -0.00477191
 -0.00380439   0.00416655   -0.0043025
 -0.00477191   -0.0043025    0.0299889
   0.0139649  -0.00646033  -0.00797435
 -0.00646033   0.00527293  -0.00276302
 -0.00797435  -0.00276302    0.0244042
   0.0113598  -0.00475452  -0.00625183
 -0.00475452   0.00431377  -0.00376174
 -0.00625183  -0.00376174     0.027628
   0.0141939  -0.00625012  -0.00765233
 -0.00625012   0.00461734   -0.0020779
 -0.00765233   -0.0020779    0.0239814
  0.00773522  -0.00324459  -0.00426154
 -0.00324459   0.00407915  -0.00459958
 -0.00426154  -0.00459958    0.0310783
  0.00798555  -0.00337407  -0.00351109
 -0.00337407   0.00398124  -0.00320789
 -0.00351109  -0.00320789    0.0305083
   0.0075729  -0.00282294  -0.00497075
 -0.00282294   0.00395052  -0.00546971
 -0.00497075  -0.00546971    0.0315984
  0.00745055  -0.00219502  -0.00567467
 -0.00219502   0.00354871  -0.00584892
 -0.00567467  -0.00584892    0.0319888
   0.0085328  -0.00282014  -0.00649233
 -0.00282014   0.00428933  -0.00656054
 -0.00649233  -0.00656054    0.0312547
  0.00853755  -0.00213748  -0.00693139
 -0.00213748   0.00361877  -0.00640282
 -0.00693139  -0.00640282    0.0313456
  0.00761056  -0.00158346  -0.00623029
 -0.00158346   0.00292126  -0.00573281
 -0.00623029  -0.00573281     0.032049
   0.0102882  -0.00355783  -0.00773727
 -0.00355783   0.00438662  -0.00519055
 -0.00773727  -0.00519055    0.0285658
   0.0143853  -0.00591325  -0.00714117
 -0.00591325   0.00384992  -0.00103225
 -0.00714117  -0.00103225    0.0235922
   0.0116582  -0.00446568  -0.00559953
 -0.00446568   0.00360337  -0.00236834
 -0.00559953  -0.00236834    0.0271767
   0.0119647  -0.00405336  -0.00472439
 -0.00405336   0.00285301 -0.000595826
 -0.00472439 -0.000595826    0.0268968
   0.0146445  -0.00549966  -0.00636424
 -0.00549966   0.00306794  0.000307375
 -0.00636424  0.000307375     0.023455
   0.0100415  -0.00310935  -0.00299023
 -0.00310935   0.00296511 -0.000556467
 -0.00299023 -0.000556467    0.0292243
    0.012187  -0.00354342  -0.00354262
 -0.00354342   0.00226258   0.00129571
 -0.00354262   0.00129571    0.0268809
   0.0104642  -0.00255998  -0.00184373
 -0.00255998   0.00244455   0.00164148
 -0.00184373   0.00164148    0.0291839
   0.0145566  -0.00487668  -0.00520484
 -0.00487668   0.00244436   0.00184203
 -0.00520484   0.00184203    0.0238237
   0.0095005   -0.0020284 -0.000419674
  -0.0020284   0.00296967   0.00303006
-0.000419674   0.00303006    0.0297713
  0.00892854  -0.00265305  -0.00159164
 -0.00265305    0.0033341   0.00079834
 -0.00159164   0.00079834    0.0297741
   0.0083859  -0.00314391  -0.00264576
 -0.00314391   0.00371845  -0.00136859
 -0.00264576  -0.00136859    0.0300336
   0.0096021  -0.00356457  -0.00398384
 -0.00356457   0.00361192  -0.00261056
 -0.00398384  -0.00261056     0.029503
  0.00415331   -0.0084663  -0.00311933
  -0.0084663    0.0272693    0.0158436
 -0.00311933    0.0158436    0.0148326
  0.00489935  -0.00832548  -0.00221779
 -0.00832548    0.0259166    0.0155007
 -0.00221779    0.0155007    0.0159006
  0.00496837  -0.00811871  -0.00296628
 -0.00811871     0.021169    0.0141963
 -0.00296628    0.0141963    0.0171129
  0.00583863  -0.00802267  -0.00187341
 -0.00802267    0.0201792    0.0137851
 -0.00187341    0.0137851    0.0179951
  0.00580611  -0.00815608  -0.00121621
 -0.00815608    0.0246542    0.0152755
 -0.00121621    0.0152755    0.0170202
  0.00592743  -0.00781799  -0.00261911
 -0.00781799    0.0161447    0.0123548
 -0.00261911    0.0123548    0.0189349
  0.00679927  -0.00793938 -0.000783524
 -0.00793938    0.0193873    0.0135645
