           0            0            0
           0            0            0
           0            0            0
    0.026612 -0.000940785   0.00534575
-0.000940785  0.000164414  -0.00101753
  0.00534575  -0.00101753    0.0164044
    0.023214 -0.000904038   0.00807561
-0.000904038  0.000127361  -0.00079059
  0.00807561  -0.00079059    0.0201318
   0.0198088  -0.00141287    0.0106194
 -0.00141287   0.00019272 -0.000696374
   0.0106194 -0.000696374    0.0222285
   0.0189442  -0.00192487    0.0117953
 -0.00192487  0.000290048  -0.00057025
   0.0117953  -0.00057025    0.0223316
   0.0190302  -0.00235527    0.0113009
 -0.00235527  0.000396461 -0.000518656
   0.0113009 -0.000518656    0.0225712
   0.0169331  -0.00221525   0.00979094
 -0.00221525  0.000362047  -0.00067188
  0.00979094  -0.00067188    0.0203101
   0.0175982  -0.00257501    0.0090124
 -0.00257501  0.000452442 -0.000681113
   0.0090124 -0.000681113    0.0214659
   0.0191632  -0.00266818    0.0103666
 -0.00266818  0.000477874 -0.000567044
   0.0103666 -0.000567044    0.0228411
   0.0173593  -0.00269647   0.00724302
 -0.00269647  0.000500382 -0.000818011
  0.00724302 -0.000818011    0.0222522
   0.0190473  -0.00283691   0.00868671
 -0.00283691  0.000526156 -0.000735401
  0.00868671 -0.000735401    0.0236578
   0.0172167  -0.00262265    0.0050893
 -0.00262265  0.000512714  -0.00108174
   0.0050893  -0.00108174    0.0232553
   0.0191792  -0.00295855   0.00788336
 -0.00295855  0.000549499 -0.000953255
  0.00788336 -0.000953255    0.0237962
   0.0391471   0.00112907     0.013705
  0.00112907  0.000737092   0.00263469
    0.013705   0.00263469    0.0204626
   0.0338474  4.30377e-05    0.0160758
 4.30377e-05   0.00095231   0.00334588
   0.0160758   0.00334588    0.0242617
   0.0335498  0.000756679    0.0158247
 0.000756679   0.00072031   0.00315995
   0.0158247   0.00315995    0.0241691
   0.0304332  0.000106135    0.0178829
 0.000106135  0.000941735   0.00365604
   0.0178829   0.00365604    0.0271476
   0.0301294 -0.000567706    0.0177577
-0.000567706   0.00118834   0.00372365
   0.0177577   0.00372365    0.0270236
   0.0289402   0.00033092    0.0169134
  0.00033092  0.000709366   0.00322372
   0.0169134   0.00322372    0.0266691
   0.0280657  -0.00048559    0.0183249
 -0.00048559   0.00110994   0.00370035
   0.0183249   0.00370035    0.0283092
   0.0269966 -0.000235845    0.0175903
-0.000235845  0.000877839    0.0033876
   0.0175903    0.0033876    0.0279317
   0.0264342 -0.000808983    0.0174733
-0.000808983  0.000960674   0.00317661
   0.0174733   0.00317661    0.0280733
   0.0274509  -0.00106703     0.017952
 -0.00106703   0.00134121    0.0036823
    0.017952    0.0036823    0.0280595
   0.0273337  -0.00109795     0.018079
 -0.00109795   0.00116751   0.00337361
    0.018079   0.00337361    0.0284073
   0.0265676  -0.00162261    0.0175701
 -0.00162261   0.00136595   0.00330078
   0.0175701   0.00330078    0.0281382
   0.0254944 -0.000364527    0.0165634
-0.000364527  0.000665304   0.00274003
   0.0165634   0.00274003    0.0274309
   0.0249597 -0.000867517    0.0164738
-0.000867517  0.000768791   0.00265549
   0.0164738   0.00265549    0.0275686
   0.0239816  -0.00120811     0.015812
 -0.00120811  0.000608719   0.00189358
    0.015812   0.00189358    0.0273277
    0.024645 -0.000753355    0.0159891
-0.000753355  0.000492194   0.00187112
   0.0159891   0.00187112    0.0272708
   0.0273634  0.000154638    0.0158809
 0.000154638   0.00050412   0.00247878
   0.0158809   0.00247878    0.0262021
   0.0267739 -0.000256072    0.0155163
-0.000256072  0.000346861   0.00156202
   0.0155163   0.00156202    0.0261975
   0.0302691  0.000725426    0.0138343
 0.000725426  0.000348845   0.00186293
   0.0138343   0.00186293    0.0233049
    0.031735  0.000944303    0.0147163
 0.000944303  0.000515958   0.00263516
   0.0147163   0.00263516    0.0236458
   0.0359851   0.00179658    0.0119067
  0.00179658  0.000400603   0.00178224
   0.0119067   0.00178224    0.0196755
   0.0300606   0.00030534     0.013526
  0.00030534  0.000227197   0.00098578
    0.013526   0.00098578    0.0234689
   0.0346714   0.00144889    0.0112364
  0.00144889   0.00026779   0.00107796
   0.0112364   0.00107796    0.0194639
   0.0355136  0.000928765    0.0110339
 0.000928765  0.000177499  0.000317669
   0.0110339  0.000317669    0.0198202
   0.0380105   0.00175793    0.0130265
  0.00175793  0.000556016   0.00234413
   0.0130265   0.00234413    0.0201551
   0.0258924  -0.00222401    0.0165508
 -0.00222401   0.00128467   0.00267717
   0.0165508   0.00267717    0.0276222
   0.0267504  -0.00178007    0.0170932
 -0.00178007   0.00112208     0.002756
   0.0170932     0.002756    0.0278192
   0.0262183  -0.00235121    0.0160557
 -0.00235121    0.0010059    0.0019678
   0.0160557    0.0019678    0.0272736
   0.0252698  -0.00269325    0.0154657
 -0.00269325   0.00112618   0.00189961
   0.0154657   0.00189961    0.0271202
   0.0255165   -0.0020269     0.015576
  -0.0020269  0.000867837   0.00192638
    0.015576   0.00192638    0.0269249
   0.0257125  -0.00279381    0.0149682
 -0.00279381  0.000858767   0.00106473
   0.0149682   0.00106473    0.0267319
   0.0251013  -0.00248308    0.0145515
 -0.00248308  0.000753448   0.00107834
   0.0145515   0.00107834    0.0263919
   0.0247394  -0.00281338    0.0135419
 -0.00281338  0.000643802  0.000157684
   0.0135419  0.000157684    0.0258907
   0.0246843  -0.00301631    0.0143123
 -0.00301631  0.000937508   0.00102853
   0.0143123   0.00102853    0.0265896
   0.0252822  -0.00310224    0.0138919
 -0.00310224  0.000723484  0.000109521
   0.0138919  0.000109521    0.0262066
   0.0241439  -0.00321102    0.0131356
 -0.00321102  0.000769467  0.000126489
   0.0131356  0.000126489    0.0260303
   0.0237274  -0.00231721    0.0136376
 -0.00231721  0.000659963  0.000936725
   0.0136376  0.000936725    0.0258773
   0.0233681  -0.00258584    0.0126307
 -0.00258584  0.000570662  0.000122923
   0.0126307  0.000122923    0.0253678
    0.022202  -0.00256482    0.0118222
 -0.00256482  0.000531213 -6.00109e-05
   0.0118222 -6.00109e-05    0.0249603
   0.0226342  -0.00238925    0.0128996
 -0.00238925  0.000600326  0.000610114
   0.0128996  0.000610114    0.0255293
   0.0241196  -0.00192591    0.0146504
 -0.00192591  0.000744381   0.00166459
   0.0146504   0.00166459    0.0264191
   0.0230614  -0.00208906    0.0139569
 -0.00208906   0.00065428   0.00118949
   0.0139569   0.00118949    0.0261177
   0.0245161  -0.00143629    0.0155998
 -0.00143629  0.000788036   0.00225151
   0.0155998   0.00225151    0.0269745
   0.0259544  -0.00146272     0.016556
 -0.00146272   0.00094649   0.00264234
    0.016556   0.00264234    0.0274772
   0.0234831  -0.00168886    0.0149268
 -0.00168886   0.00065996   0.00162963
   0.0149268   0.00162963    0.0267099
   0.0206281  -0.00295247    0.0104761
 -0.00295247  0.000554002 -0.000547224
   0.0104761 -0.000547224    0.0244399
   0.0206262   -0.0027443    0.0114175
  -0.0027443   0.00051851  -0.00034155
   0.0114175  -0.00034155    0.0243354
    0.022233  -0.00268122    0.0130971
 -0.00268122  0.000559374  4.96372e-05
   0.0130971  4.96372e-05    0.0256569
   0.0203804   -0.0024078    0.0123549
  -0.0024078  0.000440396 -0.000269031
   0.0123549 -0.000269031    0.0239118
   0.0224408  -0.00234516    0.0139599
 -0.00234516  0.000497755  0.000247656
   0.0139599  0.000247656    0.0260973
   0.0225854  -0.00189842    0.0146439
 -0.00189842    0.0003939  0.000310827
   0.0146439  0.000310827    0.0263098
     0.02059  -0.00199141    0.0131467
 -0.00199141  0.000334986 -0.000255766
   0.0131467 -0.000255766    0.0240423
   0.0233673  -0.00211485    0.0148564
 -0.00211485  0.000574746   0.00086131
   0.0148564   0.00086131    0.0268515
   0.0237663  -0.00166602    0.0156835
 -0.00166602  0.000492368   0.00101132
   0.0156835   0.00101132    0.0274671
   0.0228331  -0.00244315    0.0138029
 -0.00244315   0.00060215  0.000565378
   0.0138029  0.000565378    0.0261772
   0.0223364  -0.00266324    0.0126499
 -0.00266324  0.000580608  0.000138647
   0.0126499  0.000138647    0.0254871
   0.0218176  -0.00287232    0.0120664
 -0.00287232  0.000568167 -0.000272012
   0.0120664 -0.000272012    0.0252289
   0.0215405  -0.00296749    0.0110675
 -0.00296749  0.000552217 -0.000707845
   0.0110675 -0.000707845    0.0245618
   0.0218036  -0.00275534    0.0114562
 -0.00275534  0.000531919  -0.00038234
   0.0114562  -0.00038234    0.0248163
   0.0203843  -0.00301337   0.00961615
 -0.00301337   0.00055203  -0.00088561
  0.00961615  -0.00088561    0.0242145
   0.0213452  -0.00148965    0.0127657
 -0.00148965  0.000226307 -0.000374762
   0.0127657 -0.000374762    0.0241056
   0.0244839 -0.000967929    0.0110699
-0.000967929  0.000142012 -0.000545913
   0.0110699 -0.000545913    0.0227355
     0.02533 -0.000877479    0.0130911
-0.000877479  0.000170994 -0.000101896
   0.0130911 -0.000101896    0.0244335
   0.0277746 -0.000570743   0.00791924
-0.000570743  0.000118981 -0.000771841
  0.00791924 -0.000771841    0.0190956
   0.0285016 -0.000446409   0.00978607
-0.000446409  0.000125836 -0.000476741
  0.00978607 -0.000476741    0.0205607
   0.0329136 -0.000198285   0.00717716
-0.000198285  0.000140627 -0.000807419
  0.00717716 -0.000807419    0.0170111
   0.0307654 -0.000642446   0.00553282
-0.000642446  0.000157333  -0.00100464
  0.00553282  -0.00100464    0.0161572
   0.0296203 -7.73713e-05    0.0123199
-7.73713e-05  0.000149139  0.000186131
   0.0123199  0.000186131    0.0228103
   0.0339261   0.00031874   0.00941404
  0.00031874  0.000128675 -0.000299166
  0.00941404 -0.000299166    0.0187961
   0.0263136 -0.000656086    0.0148358
-0.000656086  0.000234275  0.000656357
   0.0148358  0.000656357    0.0258739
    0.024202  -0.00119238    0.0156878
 -0.00119238  0.000365211  0.000939779
   0.0156878  0.000939779     0.027275
   0.0230246  -0.00141115    0.0143492
 -0.00141115  0.000270325  0.000189748
   0.0143492  0.000189748    0.0258842
   0.0235776  -0.00330297    0.0119122
 -0.00330297  0.000654727 -0.000771698
   0.0119122 -0.000771698    0.0254549
   0.0249261  -0.00330741    0.0128047
 -0.00330741  0.000637143 -0.000864078
   0.0128047 -0.000864078    0.0256947
   0.0246109  -0.00340593    0.0116974
 -0.00340593  0.000630956  -0.00182542
   0.0116974  -0.00182542    0.0252084
   0.0229526  -0.00329533    0.0106464
 -0.00329533   0.00062616  -0.00164486
   0.0106464  -0.00164486     0.024886
   0.0243622  -0.00317065    0.0115641
 -0.00317065   0.00057763  -0.00179799
   0.0115641  -0.00179799    0.0250184
   0.0241918  -0.00342198    0.0105674
 -0.00342198  0.000710303   -0.0027371
   0.0105674   -0.0027371    0.0247376
   0.0242488  -0.00323229     0.010583
 -0.00323229   0.00066661  -0.00274692
    0.010583  -0.00274692    0.0246351
     0.02405  -0.00322814    0.0096354
 -0.00322814  0.000826268   -0.0036046
   0.0096354   -0.0036046    0.0242674
   0.0222231  -0.00320587   0.00937489
 -0.00320587  0.000675308  -0.00246599
  0.00937489  -0.00246599    0.0243222
   0.0236197  -0.00335239   0.00945886
 -0.00335239  0.000855427  -0.00355889
  0.00945886  -0.00355889    0.0242606
   0.0213486  -0.00304683   0.00813833
 -0.00304683  0.000793371  -0.00322076
  0.00813833  -0.00322076    0.0237319
   0.0228254  -0.00281742   0.00966939
 -0.00281742   0.00058533  -0.00259856
  0.00966939  -0.00259856    0.0241251
   0.0228369  -0.00278855   0.00879238
 -0.00278855  0.000734447  -0.00343289
  0.00879238  -0.00343289    0.0238027
   0.0211309  -0.00230514   0.00761424
 -0.00230514  0.000633607  -0.00319303
  0.00761424  -0.00319303    0.0231961
   0.0211939  -0.00244368   0.00857388
 -0.00244368  0.000512855  -0.00243445
  0.00857388  -0.00243445    0.0235557
     0.02287  -0.00280602    0.0106273
 -0.00280602  0.000506506  -0.00168633
   0.0106273  -0.00168633    0.0244883
   0.0214134  -0.00256483   0.00963078
 -0.00256483  0.000461695  -0.00161892
  0.00963078  -0.00161892    0.0239609
   0.0230433  -0.00274563    0.0116178
 -0.00274563  0.000506965 -0.000760987
   0.0116178 -0.000760987    0.0248978
   0.0244705  -0.00303994    0.0125462
 -0.00303994  0.000571875 -0.000813152
   0.0125462 -0.000813152    0.0254342
   0.0217576    -0.002625    0.0107256
   -0.002625  0.000472605  -0.00081046
   0.0107256  -0.00081046    0.0244298
   0.0203163  -0.00281375   0.00692307
 -0.00281375  0.000971238  -0.00394583
  0.00692307  -0.00394583    0.0230987
   0.0228633  -0.00319959   0.00832931
 -0.00319959   0.00105114  -0.00431268
  0.00832931  -0.00431268    0.0237488
   0.0219809  -0.00289423   0.00716085
 -0.00289423   0.00131425  -0.00503901
  0.00716085  -0.00503901     0.023194
   0.0191933   -0.0024423   0.00573875
  -0.0024423   0.00124347  -0.00469292
  0.00573875  -0.00469292    0.0224272
   0.0232621  -0.00292309   0.00765601
 -0.00292309   0.00127826  -0.00508683
  0.00765601  -0.00508683    0.0234963
   0.0209368   -0.0024012   0.00598158
  -0.0024012   0.00166716  -0.00577642
  0.00598158  -0.00577642    0.0226086
   0.0226438  -0.00252212   0.00657607
 -0.00252212   0.00158776  -0.00577362
  0.00657607  -0.00577362    0.0230789
   0.0217941  -0.00189978   0.00547893
 -0.00189978   0.00198407  -0.00645669
  0.00547893  -0.00645669    0.0226513
   0.0179741  -0.00188382   0.00463357
 -0.00188382   0.00163466  -0.00549424
  0.00463357  -0.00549424    0.0217413
   0.0196691  -0.00168105   0.00483656
 -0.00168105   0.00214424  -0.00654651
  0.00483656  -0.00654651    0.0220224
    0.016668  -0.00112048   0.00363381
 -0.00112048   0.00219839   -0.0063711
  0.00363381   -0.0063711     0.021092
   0.0225317  -0.00222062   0.00605671
 -0.00222062    0.0014164  -0.00548561
  0.00605671  -0.00548561     0.022956
   0.0222049  -0.00170147   0.00508313
 -0.00170147   0.00173048  -0.00608126
  0.00508313  -0.00608126     0.022712
   0.0212185    -0.001229   0.00386131
   -0.001229    0.0014447  -0.00553145
  0.00386131  -0.00553145    0.0223112
   0.0211831  -0.00167021   0.00479648
 -0.00167021   0.00120524  -0.00503653
  0.00479648  -0.00503653    0.0224326
   0.0227121  -0.00253774   0.00701517
 -0.00253774   0.00115023  -0.00485697
  0.00701517  -0.00485697    0.0232181
   0.0211538  -0.00196378   0.00574679
 -0.00196378  0.000989401  -0.00448874
  0.00574679  -0.00448874    0.0226199
   0.0227821  -0.00271745   0.00791779
 -0.00271745  0.000923385  -0.00418149
  0.00791779  -0.00418149    0.0235028
   0.0237043  -0.00314581   0.00867611
 -0.00314581   0.00102614   -0.0043751
  0.00867611   -0.0043751    0.0238946
   0.0211167  -0.00216528   0.00669209
 -0.00216528  0.000795398  -0.00387796
  0.00669209  -0.00387796    0.0228841
   0.0188229  0.000119462 -0.000602241
 0.000119462   0.00071194  -0.00376042
-0.000602241  -0.00376042    0.0208353
   0.0187913 -0.000356508  0.000794664
-0.000356508  0.000666069   -0.0036468
 0.000794664   -0.0036468    0.0208714
   0.0187108 -0.000459908   0.00153922
-0.000459908   0.00075186  -0.00390919
  0.00153922  -0.00390919    0.0211273
   0.0188182 -0.000921564   0.00288128
-0.000921564  0.000666612  -0.00361852
  0.00288128  -0.00361852    0.0213402
   0.0189974 -0.000924554   0.00223156
-0.000924554  0.000622037  -0.00342836
  0.00223156  -0.00342836    0.0210723
   0.0189878  -0.00108518   0.00358867
 -0.00108518  0.000738822  -0.00384066
  0.00358867  -0.00384066    0.0216322
   0.0191304  -0.00144951   0.00422076
 -0.00144951  0.000593193  -0.00325442
  0.00422076  -0.00325442    0.0216968
   0.0191627  -0.00148271   0.00481659
 -0.00148271  0.000621646   -0.0033942
  0.00481659   -0.0033942     0.021976
   0.0195838  -0.00189771   0.00604301
 -0.00189771  0.000539165  -0.00288949
  0.00604301  -0.00288949    0.0223974
   0.0192473  -0.00154223   0.00357026
 -0.00154223  0.000584681   -0.0031267
  0.00357026   -0.0031267    0.0213633
   0.0196759  -0.00199568   0.00555725
 -0.00199568  0.000550246  -0.00284196
  0.00555725  -0.00284196    0.0221324
   0.0193586  -0.00208778   0.00472417
 -0.00208778  0.000560155  -0.00274326
  0.00472417  -0.00274326    0.0215719
   0.0197231  -0.00171839   0.00556865
 -0.00171839  0.000689426  -0.00359849
  0.00556865  -0.00359849    0.0223337
   0.0199198  -0.00198595   0.00664303
 -0.00198595  0.000563325  -0.00299965
  0.00664303  -0.00299965    0.0227074
    0.019701  -0.00143786   0.00449584
 -0.00143786  0.000844759  -0.00412696
  0.00449584  -0.00412696    0.0220338
   0.0197167  -0.00111661   0.00341419
 -0.00111661   0.00101201  -0.00458224
  0.00341419  -0.00458224    0.0218433
   0.0189432 -0.000707534   0.00235415
-0.000707534  0.000862438  -0.00420739
  0.00235415  -0.00420739    0.0214151
   0.0189509 -0.000294743    0.0011378
-0.000294743  0.000984101  -0.00448655
   0.0011378  -0.00448655    0.0213241
    0.019808 -0.000701385   0.00238262
-0.000701385   0.00118551  -0.00496553
  0.00238262  -0.00496553    0.0217632
   0.0187408 -3.18877e-05  0.000214955
-3.18877e-05  0.000832932  -0.00409987
 0.000214955  -0.00409987    0.0210534
   0.0190109  -0.00247403   0.00548243
 -0.00247403  0.000538527  -0.00228568
  0.00548243  -0.00228568    0.0218543
   0.0201205  -0.00249332   0.00683096
 -0.00249332  0.000531679  -0.00238263
  0.00683096  -0.00238263    0.0225872
   0.0202221   -0.0028273   0.00796637
  -0.0028273  0.000529606  -0.00186396
  0.00796637  -0.00186396     0.022942
   0.0187245  -0.00271097   0.00591572
 -0.00271097  0.000530359  -0.00178828
  0.00591572  -0.00178828    0.0227283
   0.0207046  -0.00270254   0.00866951
 -0.00270254  0.000492262  -0.00177671
  0.00866951  -0.00177671    0.0234414
     0.02016  -0.00298206   0.00889601
 -0.00298206  0.000537395  -0.00134361
  0.00889601  -0.00134361    0.0233457
   0.0211535  -0.00292459   0.00992925
 -0.00292459  0.000516203  -0.00122073
  0.00992925  -0.00122073    0.0240246
   0.0188719  -0.00288277   0.00669546
 -0.00288277  0.000536918  -0.00133335
  0.00669546  -0.00133335    0.0236962
   0.0212297   -0.0027212    0.0102258
  -0.0027212  0.000478777 -0.000984832
   0.0102258 -0.000984832     0.024182
   0.0207032  -0.00254649   0.00898792
 -0.00254649  0.000456034  -0.00165353
  0.00898792  -0.00165353    0.0236244
   0.0202468  -0.00228167   0.00776713
 -0.00228167  0.000481418  -0.00234614
  0.00776713  -0.00234614    0.0231376
   0.0201178  -0.00233144    0.0073195
 -0.00233144  0.000492728  -0.00234487
   0.0073195  -0.00234487    0.0228848
   0.0176346  -0.00268893   0.00454924
 -0.00268893  0.000525373  -0.00132248
  0.00454924  -0.00132248    0.0237617
   0.0178544  -0.00259153    0.0039678
 -0.00259153  0.000522203  -0.00171477
   0.0039678  -0.00171477    0.0233506
   0.0160948  -0.00224274   0.00173859
 -0.00224274  0.000483013  -0.00150985
  0.00173859  -0.00150985    0.0228977
   0.0177887  -0.00232255   0.00316768
 -0.00232255  0.000521767  -0.00213621
  0.00316768  -0.00213621    0.0225503
   0.0166423  -0.00215646   0.00123308
 -0.00215646   0.00049472  -0.00194273
  0.00123308  -0.00194273    0.0229477
   0.0172483  -0.00191114  0.000971586
 -0.00191114  0.000513551  -0.00236588
 0.000971586  -0.00236588    0.0223067
    0.018137  -0.00199324   0.00275954
 -0.00199324  0.000533866  -0.00253138
  0.00275954  -0.00253138    0.0215939
    0.015678  -0.00164789  -0.00101805
 -0.00164789  0.000440118  -0.00195958
 -0.00101805  -0.00195958    0.0224674
   0.0185618  -0.00156968    0.0023912
 -0.00156968  0.000555516  -0.00288804
   0.0023912  -0.00288804    0.0207189
   0.0189847   -0.0010023   0.00139435
  -0.0010023  0.000577704  -0.00319311
  0.00139435  -0.00319311    0.0206784
   0.0183259  -0.00100532 -0.000114576
 -0.00100532  0.000515948  -0.00289122
-0.000114576  -0.00289122     0.020799
    0.019148 -0.000397082  7.32055e-05
-0.000397082  0.000593652  -0.00337354
 7.32055e-05  -0.00337354    0.0206193
   0.0191179 -0.000454097  -0.00101647
-0.000454097  0.000516353  -0.00304678
 -0.00101647  -0.00304678    0.0205924
   0.0196897  6.73593e-05  -0.00219106
 6.73593e-05  0.000510611  -0.00304732
 -0.00219106  -0.00304732    0.0204801
   0.0191082  0.000159514  -0.00141285
 0.000159514  0.000605127  -0.00341663
 -0.00141285  -0.00341663    0.0206025
   0.0182241 -0.000486485   -0.0024368
-0.000486485   0.00042542  -0.00262871
  -0.0024368  -0.00262871    0.0205973
   0.0195504 -1.82135e-05   -0.0033512
-1.82135e-05  0.000408904  -0.00261119
  -0.0033512  -0.00261119    0.0205474
   0.0185491 -0.000176518  -0.00424301
-0.000176518  0.000316852  -0.00211732
 -0.00424301  -0.00211732     0.020281
   0.0174754 -0.000538338  -0.00351116
-0.000538338  0.000348678  -0.00224639
 -0.00351116  -0.00224639    0.0210252
   0.0175659 -0.000945764  -0.00165839
-0.000945764  0.000446122  -0.00259013
 -0.00165839  -0.00259013    0.0213722
   0.0163542 -0.000999179  -0.00283868
-0.000999179  0.000394995  -0.00224358
 -0.00283868  -0.00224358    0.0224213
   0.0166924  -0.00141704  -0.00126528
 -0.00141704  0.000459544  -0.00236607
 -0.00126528  -0.00236607    0.0221542
   0.0177653  -0.00149192  0.000385339
 -0.00149192  0.000511491  -0.00265924
 0.000385339  -0.00265924    0.0216254
   0.0165286 -0.000519228  -0.00439195
-0.000519228  0.000294494  -0.00200222
 -0.00439195  -0.00200222    0.0214488
   0.0173838 -0.000285583  -0.00488325
-0.000285583  0.000246688  -0.00161192
 -0.00488325  -0.00161192    0.0195574
   0.0055883  -0.00488116  -0.00492446
 -0.00488116   0.00455611   0.00462963
 -0.00492446   0.00462963    0.0213675
  0.00573245  -0.00500989  -0.00423682
 -0.00500989    0.0046724   0.00431001
 -0.00423682   0.00431001    0.0218071
  0.00550307  -0.00438599  -0.00378405
 -0.00438599   0.00376056   0.00314641
 -0.00378405   0.00314641    0.0219951
  0.00583598  -0.00450593  -0.00298033
 -0.00450593   0.00387972   0.00329351
 -0.00298033   0.00329351    0.0225201
  0.00604069  -0.00509801  -0.00340147
 -0.00509801   0.00474564   0.00432277
 -0.00340147   0.00432277    0.0222081
  0.00561658  -0.00395548   -0.0025249
 -0.00395548   0.00311904   0.00240261
  -0.0025249   0.00240261    0.0229061
  0.00637756  -0.00452596  -0.00201101
 -0.00452596   0.00392081   0.00385247
 -0.00201101   0.00385247    0.0230275
  0.00617593  -0.00398509  -0.00159679
 -0.00398509   0.00316605     0.003044
 -0.00159679     0.003044    0.0235347
  0.00695186  -0.00390734 -0.000541487
 -0.00390734   0.00321639   0.00398441
-0.000541487   0.00398441    0.0241221
  0.00656523  -0.00510258   -0.0023971
 -0.00510258   0.00477401   0.00474402
  -0.0023971   0.00474402    0.0225957
  0.00713874  -0.00444304 -0.000900093
 -0.00444304   0.00399946   0.00472688
-0.000900093   0.00472688    0.0234866
  0.00730658  -0.00502986  -0.00125632
 -0.00502986   0.00489108   0.00550096
 -0.00125632   0.00550096    0.0229384
  0.00598599  -0.00354782  -0.00123689
 -0.00354782   0.00257904   0.00246378
 -0.00123689   0.00246378    0.0241214
  0.00675915   -0.0034651 -0.000239449
  -0.0034651   0.00259783   0.00339366
-0.000239449   0.00339366    0.0248223
  0.00659621  -0.00316769 -2.97201e-05
 -0.00316769   0.00217286   0.00293434
-2.97201e-05   0.00293434    0.0255402
  0.00619604  -0.00345519  -0.00117882
 -0.00345519   0.00231261   0.00219151
 -0.00117882   0.00219151    0.0249399
  0.00563085  -0.00364632  -0.00225404
 -0.00364632   0.00260079   0.00187301
 -0.00225404   0.00187301    0.0235178
  0.00605351  -0.00365922  -0.00222212
 -0.00365922   0.00241027   0.00164763
 -0.00222212   0.00164763    0.0242887
  0.00543146  -0.00358945  -0.00305758
 -0.00358945   0.00250083    0.0016139
 -0.00305758    0.0016139    0.0228268
  0.00533749  -0.00385951  -0.00335565
 -0.00385951   0.00300229   0.00219728
 -0.00335565   0.00219728    0.0223227
  0.00517608  -0.00366907   -0.0039718
 -0.00366907   0.00279017   0.00227763
  -0.0039718   0.00227763    0.0216318
  0.00589691   -0.0036168  -0.00297026
  -0.0036168   0.00232014    0.0014056
 -0.00297026    0.0014056    0.0221269
  0.00525688  -0.00338678  -0.00361207
 -0.00338678   0.00227748   0.00164581
 -0.00361207   0.00164581    0.0215032
   0.0056466  -0.00340152  -0.00349059
 -0.00340152    0.0021213   0.00142124
 -0.00349059   0.00142124    0.0209558
   0.0053429  -0.00421453  -0.00443107
 -0.00421453   0.00357711   0.00332839
 -0.00443107   0.00332839    0.0214244
  0.00818077  -0.00486034 -8.10436e-05
 -0.00486034   0.00516216   0.00650058
-8.10436e-05   0.00650058    0.0231828
  0.00805308  -0.00426113  0.000242388
 -0.00426113   0.00418398   0.00580166
 0.000242388   0.00580166     0.023862
  0.00894955  -0.00402951   0.00125841
 -0.00402951   0.00453028   0.00689526
  0.00125841   0.00689526    0.0241145
  0.00901611  -0.00462393  0.000966431
 -0.00462393   0.00563309   0.00758214
 0.000966431   0.00758214     0.023285
  0.00881711  -0.00350789   0.00149866
 -0.00350789   0.00354127   0.00611224
  0.00149866   0.00611224    0.0250327
  0.00961411  -0.00378979   0.00197954
 -0.00378979   0.00499804   0.00786477
  0.00197954   0.00786477    0.0242643
  0.00954263  -0.00331462   0.00215843
 -0.00331462   0.00385991   0.00694843
  0.00215843   0.00694843    0.0253401
  0.00988453  -0.00322418   0.00243572
 -0.00322418   0.00420833   0.00740097
  0.00243572   0.00740097    0.0255888
  0.00960519  -0.00434172   0.00172811
 -0.00434172   0.00624167   0.00861086
  0.00172811   0.00861086    0.0232801
  0.00988703  -0.00362073   0.00232969
 -0.00362073   0.00547846   0.00851362
  0.00232969   0.00851362    0.0243637
  0.00981255  -0.00410439    0.0021257
 -0.00410439   0.00685706   0.00940584
   0.0021257   0.00940584    0.0232237
  0.00939201  -0.00296147   0.00222095
 -0.00296147   0.00294546   0.00597278
  0.00222095   0.00597278    0.0264546
  0.00979165  -0.00293782   0.00242082
 -0.00293782   0.00317756   0.00616542
  0.00242082   0.00616542    0.0268302
   0.0096227  -0.00277934   0.00229575
 -0.00277934   0.00243162   0.00487198
  0.00229575   0.00487198    0.0280238
  0.00918462  -0.00275566   0.00217951
 -0.00275566   0.00227748   0.00495966
  0.00217951   0.00495966     0.027542
  0.00863369  -0.00311266   0.00164093
 -0.00311266   0.00275809   0.00533833
  0.00164093   0.00533833    0.0260032
  0.00842336  -0.00286157    0.0016848
 -0.00286157   0.00218397   0.00456811
   0.0016848   0.00456811    0.0269633
   0.0076936  -0.00330356  0.000767419
 -0.00330356   0.00264446   0.00442606
 0.000767419   0.00442606    0.0254568
  0.00788377  -0.00372698   0.00054349
 -0.00372698   0.00332361   0.00507346
  0.00054349   0.00507346    0.0246283
  0.00750015  -0.00301485  0.000902862
 -0.00301485   0.00215236   0.00384128
 0.000902862   0.00384128    0.0262872
   0.0139855  -0.00541714  -0.00179529
 -0.00541714   0.00244002   0.00273441
 -0.00179529   0.00273441    0.0224277
   0.0125184  -0.00483955  -0.00112146
 -0.00483955   0.00226109   0.00307753
 -0.00112146   0.00307753    0.0233387
    0.010609  -0.00368237  0.000194337
 -0.00368237   0.00177224   0.00302745
 0.000194337   0.00302745    0.0257073
  0.00964933  -0.00360403  0.000127993
 -0.00360403   0.00183699   0.00316342
 0.000127993   0.00316342    0.0256371
   0.0122167  -0.00509749  -0.00158529
 -0.00509749   0.00251333   0.00324709
 -0.00158529   0.00324709    0.0226851
  0.00848745  -0.00293671  0.000941998
 -0.00293671   0.00163476   0.00332283
 0.000941998   0.00332283    0.0265523
  0.00927151  -0.00390934 -0.000539622
 -0.00390934   0.00208667   0.00302854
-0.000539622   0.00302854    0.0251824
  0.00770754   -0.0030724  0.000376454
  -0.0030724   0.00176164   0.00303888
 0.000376454   0.00303888    0.0262907
  0.00771885  -0.00362317 -0.000675588
 -0.00362317   0.00211771    0.0026633
-0.000675588    0.0026633     0.026204
    0.011052  -0.00509155  -0.00204939
 -0.00509155   0.00270805   0.00326017
 -0.00204939   0.00326017    0.0215396
  0.00894173   -0.0043659  -0.00168711
  -0.0043659   0.00246774   0.00282105
 -0.00168711   0.00282105    0.0229719
   0.0104491  -0.00538431  -0.00280431
 -0.00538431   0.00306618   0.00321118
 -0.00280431   0.00321118    0.0203312
  0.00729129  -0.00283841  0.000876025
 -0.00283841   0.00181167    0.0033246
 0.000876025    0.0033246    0.0265044
  0.00689917  -0.00322308 -0.000166065
 -0.00322308   0.00202153   0.00270794
-0.000166065   0.00270794    0.0261084
  0.00825827  -0.00276062   0.00146047
 -0.00276062   0.00179353   0.00386502
  0.00146047   0.00386502    0.0270918
  0.00910848  -0.00273216   0.00179901
 -0.00273216   0.00183037    0.0040532
  0.00179901    0.0040532    0.0278351
  0.00958267  -0.00305457   0.00106885
 -0.00305457   0.00165267   0.00333604
  0.00106885   0.00333604    0.0268461
   0.0104861  -0.00329048   0.00093174
 -0.00329048   0.00175683   0.00293321
  0.00093174   0.00293321    0.0275627
  0.00967438  -0.00282803   0.00177416
 -0.00282803   0.00193815   0.00376713
  0.00177416   0.00376713    0.0284638
   0.0118688  -0.00412445 -0.000313762
 -0.00412445   0.00190753   0.00260368
-0.000313762   0.00260368    0.0253269
   0.0100216   -0.0054906  -0.00318783
  -0.0054906   0.00322641    0.0030912
 -0.00318783    0.0030912     0.019758
  0.00883012  -0.00473128  -0.00262906
 -0.00473128   0.00275822   0.00259576
 -0.00262906   0.00259576    0.0210968
  0.00905015  -0.00510516  -0.00358804
 -0.00510516   0.00301485   0.00261866
 -0.00358804   0.00261866    0.0206772
  0.00999661  -0.00567289  -0.00373576
 -0.00567289    0.0033774   0.00311699
 -0.00373576   0.00311699     0.019725
  0.00791965  -0.00445354   -0.0030584
 -0.00445354   0.00264955   0.00211796
  -0.0030584   0.00211796    0.0216552
  0.00864419  -0.00490978  -0.00397241
 -0.00490978   0.00288948    0.0025062
 -0.00397241    0.0025062    0.0201957
  0.00796123  -0.00451188  -0.00374251
 -0.00451188   0.00264173   0.00190832
 -0.00374251   0.00190832    0.0211845
  0.00747149  -0.00415703  -0.00417025
 -0.00415703   0.00238914   0.00179207
 -0.00417025   0.00179207    0.0210321
  0.00924248  -0.00533566  -0.00416101
 -0.00533566   0.00319382   0.00296861
 -0.00416101   0.00296861    0.0184936
  0.00804084   -0.0044214  -0.00425786
  -0.0044214    0.0025308   0.00232806
 -0.00425786   0.00232806    0.0192995
  0.00873933  -0.00497093  -0.00444056
 -0.00497093   0.00295769   0.00302752
 -0.00444056   0.00302752    0.0183344
  0.00678097  -0.00393465  -0.00331792
 -0.00393465   0.00237131   0.00161258
 -0.00331792   0.00161258    0.0213477
  0.00624165  -0.00356392  -0.00373305
 -0.00356392   0.00210547   0.00149571
 -0.00373305   0.00149571    0.0207294
  0.00680894  -0.00392345  -0.00251692
 -0.00392345    0.0024187   0.00174577
 -0.00251692   0.00174577    0.0228948
  0.00680532   -0.0036375  -0.00134786
  -0.0036375    0.0022641   0.00214727
 -0.00134786   0.00214727    0.0257856
  0.00771522  -0.00408659   -0.0020173
 -0.00408659    0.0024198   0.00229869
  -0.0020173   0.00229869    0.0233806
  0.00963057  -0.00395443   0.00218207
 -0.00395443   0.00732204    0.0098706
  0.00218207    0.0098706    0.0231646
  0.00975759  -0.00357183   0.00232244
 -0.00357183   0.00582696   0.00875901
  0.00232244   0.00875901    0.0244534
   0.0093321   -0.0036281   0.00205249
  -0.0036281   0.00595064   0.00862399
  0.00205249   0.00862399    0.0245557
  0.00918401  -0.00390407   0.00198312
 -0.00390407    0.0075584    0.0100016
  0.00198312    0.0100016    0.0231362
  0.00941754  -0.00342162   0.00198715
 -0.00342162   0.00453406   0.00697833
  0.00198715   0.00697833    0.0260177
  0.00877152  -0.00371417   0.00161837
 -0.00371417   0.00586125   0.00824139
  0.00161837   0.00824139    0.0246945
  0.00887522  -0.00358554   0.00146506
 -0.00358554   0.00442103   0.00631103
  0.00146506   0.00631103    0.0262435
  0.00831245  -0.00367108  0.000863709
 -0.00367108   0.00418704   0.00556572
 0.000863709   0.00556572    0.0264893
  0.00861611  -0.00389305     0.001625
 -0.00389305   0.00756054   0.00988654
    0.001625   0.00988654    0.0231655
  0.00819015  -0.00374713   0.00109877
 -0.00374713   0.00561918   0.00774245
  0.00109877   0.00774245    0.0248633
  0.00804283  -0.00385443   0.00117494
 -0.00385443   0.00738088   0.00963669
  0.00117494   0.00963669    0.0232395
  0.00892541  -0.00351065   0.00117362
 -0.00351065   0.00337388   0.00426626
  0.00117362   0.00426626    0.0277274
   0.0083879  -0.00362824  0.000496785
 -0.00362824    0.0032197   0.00328029
 0.000496785   0.00328029     0.028022
  0.00841839  -0.00361516  6.24226e-05
 -0.00361516   0.00272661   0.00105699
 6.24226e-05   0.00105699     0.029415
  0.00892369  -0.00348038  0.000801698
 -0.00348038   0.00274334   0.00221348
 0.000801698   0.00221348    0.0290959
  0.00943671  -0.00329056   0.00178591
 -0.00329056      0.00344   0.00519385
  0.00178591   0.00519385    0.0274421
  0.00939072  -0.00322271   0.00149487
 -0.00322271   0.00271079   0.00335349
  0.00149487   0.00335349    0.0287687
  0.00978166  -0.00306114   0.00224248
 -0.00306114   0.00337685   0.00587944
  0.00224248   0.00587944    0.0271525
  0.00980761  -0.00326893    0.0023482
 -0.00326893   0.00446446   0.00739333
   0.0023482   0.00739333     0.025808
  0.00967086  -0.00295096   0.00203927
 -0.00295096    0.0026004   0.00429663
  0.00203927   0.00429663    0.0284226
  0.00750219  -0.00375409  0.000661881
 -0.00375409   0.00705794   0.00937795
 0.000661881   0.00937795    0.0233204
  0.00765034  -0.00367319   0.00050923
 -0.00367319   0.00527212   0.00726963
  0.00050923   0.00726963    0.0250294
  0.00716225  -0.00349643 -0.000132783
 -0.00349643   0.00486433   0.00692737
-0.000132783   0.00692737    0.0251699
  0.00701407  -0.00358323  0.000104547
 -0.00358323   0.00666397   0.00918567
 0.000104547   0.00918567    0.0233777
  0.00731088  -0.00340845 -0.000508229
 -0.00340845   0.00352226   0.00437733
-0.000508229   0.00437733    0.0269113
   0.0067304  -0.00325395 -0.000814429
 -0.00325395   0.00446007   0.00670915
-0.000814429   0.00670915    0.0252912
  0.00689068  -0.00311241  -0.00125847
 -0.00311241   0.00313627   0.00405441
 -0.00125847   0.00405441    0.0270792
  0.00655757  -0.00279323  -0.00195157
 -0.00279323   0.00275513   0.00391821
 -0.00195157   0.00391821     0.027036
  0.00658426  -0.00336554 -0.000486272
 -0.00336554   0.00626461   0.00905782
-0.000486272   0.00905782    0.0234117
    0.006367  -0.00297738  -0.00148576
 -0.00297738    0.0040771   0.00663468
 -0.00148576   0.00663468    0.0251595
  0.00622266  -0.00311977  -0.00108101
 -0.00311977   0.00589759   0.00900218
 -0.00108101   0.00900218    0.0234369
  0.00705063  -0.00298087  -0.00178572
 -0.00298087    0.0024007   0.00133599
 -0.00178572   0.00133599    0.0286674
  0.00687042  -0.00262248  -0.00247677
 -0.00262248   0.00202093   0.00120231
 -0.00247677   0.00120231    0.0283635
  0.00705606  -0.00247367  -0.00295702
 -0.00247367   0.00185489  -0.00134676
 -0.00295702  -0.00134676    0.0298765
  0.00717749  -0.00288738  -0.00230522
 -0.00288738   0.00221913  -0.00117448
 -0.00230522  -0.00117448    0.0299815
  0.00744445  -0.00333653 -0.000996656
 -0.00333653   0.00273257   0.00175231
-0.000996656   0.00175231    0.0285049
  0.00753712  -0.00328972  -0.00150141
 -0.00328972   0.00249974 -0.000707925
 -0.00150141 -0.000707925    0.0298778
  0.00788885  -0.00357135 -0.000230312
 -0.00357135   0.00300895   0.00240328
-0.000230312   0.00240328    0.0282927
  0.00778107  -0.00361331  0.000203633
 -0.00361331   0.00387912   0.00488065
 0.000203633   0.00488065    0.0267202
  0.00794668  -0.00355432 -0.000705261
 -0.00355432   0.00265308  4.33619e-05
-0.000705261  4.33619e-05    0.0296879
   0.0132747  -0.00588424  -0.00637701
 -0.00588424   0.00379177  -0.00178586
 -0.00637701  -0.00178586    0.0228589
    0.013811  -0.00630466  -0.00594036
 -0.00630466   0.00396972  -0.00183037
 -0.00594036  -0.00183037    0.0230355
   0.0107889  -0.00466128  -0.00481653
 -0.00466128   0.00330917  -0.00319089
 -0.00481653  -0.00319089    0.0269076
   0.0112485  -0.00500968  -0.00422976
 -0.00500968     0.003316  -0.00286121
 -0.00422976  -0.00286121    0.0269396
   0.0143149  -0.00655759  -0.00546677
 -0.00655759    0.0039193  -0.00165527
 -0.00546677  -0.00165527    0.0230633
  0.00908441   -0.0039689  -0.00301984
  -0.0039689   0.00289515  -0.00329045
 -0.00301984  -0.00329045    0.0295827
   0.0116837  -0.00517215  -0.00362409
 -0.00517215   0.00314396  -0.00229475
 -0.00362409  -0.00229475    0.0268267
  0.00950144  -0.00419567  -0.00231356
 -0.00419567   0.00279549  -0.00256028
 -0.00231356  -0.00256028    0.0294428
  0.00993845  -0.00422638  -0.00158276
 -0.00422638   0.00261426  -0.00157581
 -0.00158276  -0.00157581    0.0291995
   0.0147081  -0.00664967  -0.00496346
 -0.00664967   0.00371837  -0.00125135
 -0.00496346  -0.00125135     0.022941
   0.0120674  -0.00517536  -0.00297264
 -0.00517536   0.00289235  -0.00145552
 -0.00297264  -0.00145552    0.0265867
   0.0150163  -0.00659946  -0.00440443
 -0.00659946   0.00344116 -0.000619116
 -0.00440443 -0.000619116    0.0227259
  0.00828094  -0.00365591  -0.00141042
 -0.00365591   0.00258634   -0.0017004
 -0.00141042   -0.0017004    0.0302427
  0.00872644   -0.0037143 -0.000640223
  -0.0037143   0.00252417 -0.000644936
-0.000640223 -0.000644936    0.0299761
  0.00788228   -0.0033955   -0.0021822
  -0.0033955   0.00256516  -0.00248063
  -0.0021822  -0.00248063    0.0304024
  0.00754037  -0.00296384  -0.00295668
 -0.00296384   0.00237532  -0.00295969
 -0.00295668  -0.00295969     0.030433
  0.00869728  -0.00355644  -0.00371982
 -0.00355644   0.00279405  -0.00372072
 -0.00371982  -0.00372072    0.0295617
  0.00854617  -0.00304704  -0.00432302
 -0.00304704   0.00245473  -0.00383224
 -0.00432302  -0.00383224    0.0294481
  0.00756211  -0.00252726  -0.00359574
 -0.00252726   0.00202144  -0.00308294
 -0.00359574  -0.00308294    0.0301819
   0.0105178  -0.00418658  -0.00535039
 -0.00418658   0.00304077  -0.00322858
 -0.00535039  -0.00322858    0.0267253
   0.0152336  -0.00643294  -0.00378431
 -0.00643294   0.00313712  0.000216327
 -0.00378431  0.000216327     0.022449
   0.0123914  -0.00501334  -0.00228106
 -0.00501334   0.00260642 -0.000415141
 -0.00228106 -0.000415141    0.0262895
    0.012592  -0.00476517   -0.0015903
 -0.00476517   0.00231606  0.000752594
  -0.0015903  0.000752594    0.0259364
   0.0153402  -0.00620978  -0.00310753
 -0.00620978   0.00284571   0.00113627
 -0.00310753   0.00113627    0.0222415
   0.0106611  -0.00380767 -9.60621e-05
 -0.00380767   0.00213039  0.000899559
-9.60621e-05  0.000899559    0.0285372
   0.0125168   -0.0044724 -0.000881887
  -0.0044724   0.00207964   0.00179002
-0.000881887   0.00179002    0.0255848
   0.0107694  -0.00352046  0.000508359
 -0.00352046   0.00190986   0.00208487
 0.000508359   0.00208487    0.0281263
   0.0148351  -0.00579787  -0.00238926
 -0.00579787   0.00257664   0.00203473
 -0.00238926   0.00203473    0.0222737
  0.00978901   -0.0030121    0.0014556
  -0.0030121    0.0020863   0.00297826
   0.0014556   0.00297826    0.0289291
  0.00958383  -0.00330089  0.000865596
 -0.00330089   0.00225765   0.00185347
 0.000865596   0.00185347    0.0293102
  0.00918916  -0.00356484  0.000127213
 -0.00356484   0.00241147    0.0005793
 0.000127213    0.0005793    0.0296557
   0.0103465  -0.00407971 -0.000827342
 -0.00407971    0.0023846 -0.000383605
-0.000827342 -0.000383605    0.0288857
  0.00461143  -0.00853985  -0.00258282
 -0.00853985    0.0258623    0.0150683
 -0.00258282    0.0150683    0.0152476
  0.00512708  -0.00850586  -0.00191987
 -0.00850586    0.0246044    0.0144736
 -0.00191987    0.0144736    0.0159366
  0.00520809  -0.00824078  -0.00253587
 -0.00824078    0.0203666    0.0133827
 -0.00253587    0.0133827    0.0172098
  0.00579415  -0.00824376  -0.00176664
 -0.00824376    0.0194519    0.0127522
 -0.00176664    0.0127522    0.0176635
  0.00575344  -0.00847995  -0.00121311
 -0.00847995    0.0234361    0.0139713
 -0.00121311    0.0139713    0.0165686
  0.00588545   -0.0079792  -0.00238397
  -0.0079792    0.0158516     0.011504
 -0.00238397     0.011504    0.0187204
  0.00646848  -0.00824368 -0.000985038
 -0.00824368    0.0186993    0.0123351
