           0            0            0
           0            0            0
           0            0            0
   0.0297688  -0.00213163   0.00701969
 -0.00213163  0.000422011  -0.00174674
  0.00701969  -0.00174674    0.0175625
   0.0258949   -0.0017976   0.00969465
  -0.0017976  0.000283222  -0.00140587
  0.00969465  -0.00140587    0.0214749
   0.0220666  -0.00222486    0.0122253
 -0.00222486  0.000355377   -0.0012174
   0.0122253   -0.0012174    0.0237232
   0.0211091  -0.00272977    0.0133898
 -0.00272977  0.000474816 -0.000933798
   0.0133898 -0.000933798    0.0238159
   0.0211886  -0.00314848    0.0127816
 -0.00314848   0.00060964 -0.000699401
   0.0127816 -0.000699401    0.0239633
   0.0190022  -0.00298401    0.0112115
 -0.00298401  0.000567179  -0.00086132
   0.0112115  -0.00086132    0.0216057
   0.0197232  -0.00333319    0.0102745
 -0.00333319  0.000676502 -0.000688655
   0.0102745 -0.000688655    0.0226948
   0.0212975  -0.00342824    0.0116634
 -0.00342824  0.000702875 -0.000594758
   0.0116634 -0.000594758     0.024133
    0.019453  -0.00338811   0.00821465
 -0.00338811  0.000707594 -0.000681964
  0.00821465 -0.000681964    0.0233784
   0.0211509  -0.00353576    0.0097001
 -0.00353576   0.00073509 -0.000627345
   0.0097001 -0.000627345    0.0248518
   0.0192985    -0.003192   0.00572814
   -0.003192  0.000670026 -0.000859973
  0.00572814 -0.000859973    0.0243033
   0.0212477  -0.00358714    0.0087236
 -0.00358714  0.000728659 -0.000800799
   0.0087236 -0.000800799    0.0249373
   0.0435187   0.00108536    0.0157955
  0.00108536  0.000923586   0.00290263
   0.0157955   0.00290263    0.0217999
   0.0377983 -0.000179275      0.01818
-0.000179275   0.00117627   0.00367999
     0.01818   0.00367999    0.0257414
   0.0371126  0.000585989     0.017834
 0.000585989  0.000887284   0.00342258
    0.017834   0.00342258    0.0256735
    0.033845 -0.000147499     0.019946
-0.000147499   0.00115744    0.0039602
    0.019946    0.0039602    0.0287772
   0.0337317 -0.000830157    0.0197883
-0.000830157   0.00145587   0.00408439
   0.0197883   0.00408439    0.0285565
   0.0316511  4.41916e-05    0.0186883
 4.41916e-05  0.000874867   0.00342209
   0.0186883   0.00342209    0.0282173
   0.0312854 -0.000769907    0.0202686
-0.000769907   0.00135525   0.00400198
   0.0202686   0.00400198    0.0299054
   0.0296498 -0.000576625    0.0193425
-0.000576625   0.00108726   0.00360158
   0.0193425   0.00360158    0.0295002
   0.0291302  -0.00117832     0.019137
 -0.00117832   0.00118234   0.00337196
    0.019137   0.00337196    0.0295812
   0.0307327  -0.00133893    0.0197767
 -0.00133893   0.00161692   0.00402316
   0.0197767   0.00402316    0.0295207
    0.030532  -0.00140982    0.0198694
 -0.00140982   0.00140294   0.00363273
   0.0198694   0.00363273    0.0299102
   0.0297377   -0.0019209    0.0191872
  -0.0019209   0.00160931   0.00357867
   0.0191872   0.00357867     0.029505
   0.0275534 -0.000789885    0.0180497
-0.000789885  0.000841715   0.00282863
   0.0180497   0.00282863    0.0289082
   0.0270506  -0.00132826    0.0179025
 -0.00132826   0.00097537   0.00275257
   0.0179025   0.00275257    0.0290106
    0.025746  -0.00177702    0.0171222
 -0.00177702  0.000803014   0.00187456
   0.0171222   0.00187456    0.0287435
    0.026464  -0.00128419    0.0173763
 -0.00128419  0.000646084   0.00180612
   0.0173763   0.00180612    0.0287318
   0.0294821 -0.000189241    0.0173614
-0.000189241  0.000630561   0.00253159
   0.0173614   0.00253159    0.0276416
   0.0287738 -0.000699261    0.0169541
-0.000699261  0.000453131   0.00142956
   0.0169541   0.00142956    0.0276589
    0.032557   0.00053927    0.0152191
  0.00053927  0.000437537   0.00185024
   0.0152191   0.00185024    0.0245989
   0.0345296  0.000786427     0.016367
 0.000786427  0.000635687   0.00277935
    0.016367   0.00277935    0.0250288
   0.0389854   0.00189829    0.0133692
  0.00189829  0.000511807   0.00184201
   0.0133692   0.00184201    0.0208273
   0.0324045  7.92245e-06    0.0149486
 7.92245e-06  0.000306527  0.000764375
   0.0149486  0.000764375    0.0248313
   0.0373525   0.00149928    0.0125282
  0.00149928   0.00035529  0.000976143
   0.0125282  0.000976143     0.020578
   0.0385424  0.000748548    0.0125188
 0.000748548  0.000265694 -1.30983e-05
   0.0125188 -1.30983e-05    0.0210677
   0.0417712   0.00181912    0.0148706
  0.00181912  0.000699936   0.00252823
   0.0148706   0.00252823    0.0214372
   0.0289542  -0.00254673    0.0179184
 -0.00254673   0.00147061   0.00286525
   0.0179184   0.00286525    0.0288792
   0.0299257  -0.00211731    0.0186613
 -0.00211731   0.00131629    0.0029431
   0.0186613    0.0029431    0.0291871
   0.0293568  -0.00268051    0.0173947
 -0.00268051   0.00114023   0.00206794
   0.0173947   0.00206794     0.028515
   0.0281998  -0.00300864    0.0165809
 -0.00300864    0.0012433   0.00198484
   0.0165809   0.00198484    0.0282679
   0.0282993  -0.00239765    0.0168793
 -0.00239765     0.001021   0.00201098
   0.0168793   0.00201098    0.0281947
   0.0287784  -0.00308867    0.0160826
 -0.00308867  0.000932811   0.00106798
   0.0160826   0.00106798    0.0278521
   0.0279131  -0.00280454    0.0156653
 -0.00280454  0.000849359   0.00108693
   0.0156653   0.00108693    0.0275532
   0.0275489   -0.0030665    0.0144839
  -0.0030665  0.000690649  7.92729e-05
   0.0144839  7.92729e-05    0.0269495
   0.0274541  -0.00329826    0.0151884
 -0.00329826  0.000994288   0.00100648
   0.0151884   0.00100648    0.0276225
   0.0282433  -0.00334878    0.0148096
 -0.00334878  0.000754018  1.01821e-05
   0.0148096  1.01821e-05     0.027207
   0.0267205  -0.00345002    0.0138025
 -0.00345002  0.000789248  2.23567e-06
   0.0138025  2.23567e-06    0.0269365
   0.0259956  -0.00270329    0.0146146
 -0.00270329  0.000782992  0.000929697
   0.0146146  0.000929697     0.027043
    0.025697   -0.0028769    0.0134554
  -0.0028769  0.000641511  5.21351e-05
   0.0134554  5.21351e-05    0.0264507
   0.0240676  -0.00293445     0.012539
 -0.00293445  0.000632575 -0.000130464
    0.012539 -0.000130464    0.0260648
   0.0244508  -0.00286913    0.0137722
 -0.00286913  0.000753011  0.000580915
   0.0137722  0.000580915    0.0267038
   0.0263166  -0.00237567    0.0157911
 -0.00237567    0.0009176   0.00170813
   0.0157911   0.00170813    0.0276739
   0.0248335  -0.00264074    0.0149894
 -0.00264074  0.000848029    0.0011842
   0.0149894    0.0011842    0.0273688
   0.0266481  -0.00191254    0.0168923
 -0.00191254  0.000992872   0.00232971
   0.0168923   0.00232971    0.0283204
   0.0286897  -0.00185149    0.0180462
 -0.00185149   0.00114647   0.00278982
   0.0180462   0.00278982    0.0288624
   0.0252311  -0.00226984    0.0161053
 -0.00226984  0.000869473    0.0016274
   0.0161053    0.0016274    0.0280397
   0.0226502  -0.00365012    0.0115334
 -0.00365012  0.000767158 -0.000490248
   0.0115334 -0.000490248    0.0256805
   0.0227006  -0.00349478    0.0126677
 -0.00349478  0.000746433 -0.000357604
   0.0126677 -0.000357604    0.0256463
   0.0241728  -0.00340593    0.0143181
 -0.00340593  0.000785441  2.73393e-06
   0.0143181  2.73393e-06    0.0270006
   0.0224814  -0.00317822    0.0137967
 -0.00317822  0.000655132 -0.000414412
   0.0137967 -0.000414412    0.0253154
    0.024446  -0.00309752     0.015351
 -0.00309752  0.000716919  0.000129849
    0.015351  0.000129849    0.0275314
   0.0246608   -0.0026448    0.0161843
  -0.0026448  0.000579964  8.45336e-05
   0.0161843  8.45336e-05    0.0278443
   0.0227464  -0.00277063    0.0147366
 -0.00277063  0.000519782  -0.00055379
   0.0147366  -0.00055379    0.0255573
   0.0251811  -0.00280085    0.0161318
 -0.00280085  0.000790993  0.000783236
   0.0161318  0.000783236    0.0282526
   0.0256486  -0.00234401     0.017103
 -0.00234401  0.000682504  0.000873088
    0.017103  0.000873088    0.0289637
   0.0245876  -0.00309514     0.014904
 -0.00309514  0.000813992  0.000522286
    0.014904  0.000522286    0.0274863
   0.0240675  -0.00324377    0.0135685
 -0.00324377  0.000760915  9.84495e-05
   0.0135685  9.84495e-05     0.026713
   0.0236826  -0.00352712    0.0130932
 -0.00352712  0.000769427 -0.000285524
   0.0130932 -0.000285524    0.0264948
   0.0233719  -0.00351833    0.0119163
 -0.00351833  0.000708572 -0.000735492
   0.0119163 -0.000735492    0.0257626
   0.0235245  -0.00322507    0.0121951
 -0.00322507  0.000664132 -0.000445547
   0.0121951 -0.000445547    0.0259691
   0.0223393  -0.00361536    0.0104868
 -0.00361536  0.000722541 -0.000821326
   0.0104868 -0.000821326    0.0254022
   0.0235855  -0.00225375    0.0144123
 -0.00225375  0.000379033 -0.000827181
   0.0144123 -0.000827181    0.0256821
   0.0271199  -0.00176994    0.0127835
 -0.00176994  0.000280015  -0.00112211
   0.0127835  -0.00112211    0.0242607
   0.0277977  -0.00155817    0.0147643
 -0.00155817  0.000289179 -0.000580231
   0.0147643 -0.000580231    0.0260067
   0.0308431  -0.00143962   0.00960249
 -0.00143962  0.000278218  -0.00141774
  0.00960249  -0.00141774    0.0204064
   0.0314279  -0.00116666    0.0114452
 -0.00116666  0.000261472  -0.00105257
   0.0114452  -0.00105257    0.0219398
   0.0364786  -0.00107885   0.00893417
 -0.00107885  0.000336573  -0.00149843
  0.00893417  -0.00149843    0.0182654
   0.0342886  -0.00177644   0.00728886
 -0.00177644  0.000405671  -0.00174558
  0.00728886  -0.00174558    0.0173253
   0.0322516 -0.000534977    0.0138766
-0.000534977    0.0002355 -0.000225045
   0.0138766 -0.000225045    0.0242348
   0.0371885 -0.000170112     0.011034
-0.000170112  0.000247789 -0.000811048
    0.011034 -0.000811048    0.0200682
   0.0285087  -0.00120837    0.0163884
 -0.00120837  0.000337107  0.000341137
   0.0163884  0.000341137    0.0274154
    0.026159  -0.00182748    0.0171862
 -0.00182748  0.000510489   0.00071805
   0.0171862   0.00071805    0.0288239
   0.0251893  -0.00212935    0.0159635
 -0.00212935  0.000416594 -0.000163358
   0.0159635 -0.000163358    0.0274729
   0.0259261  -0.00351077    0.0124025
 -0.00351077  0.000666286 -0.000980635
   0.0124025 -0.000980635    0.0262306
   0.0277349  -0.00351285    0.0135544
 -0.00351285  0.000652639  -0.00106265
   0.0135544  -0.00106265    0.0265784
   0.0272322  -0.00360053    0.0123089
 -0.00360053  0.000659883  -0.00210599
   0.0123089  -0.00210599    0.0259883
   0.0250542  -0.00350386    0.0109877
 -0.00350386  0.000654928  -0.00190691
   0.0109877  -0.00190691    0.0255426
   0.0270548  -0.00331203    0.0122499
 -0.00331203  0.000602859   -0.0020644
   0.0122499   -0.0020644       0.0259
   0.0265922  -0.00365173    0.0110634
 -0.00365173  0.000773301  -0.00306901
   0.0110634  -0.00306901     0.025437
   0.0268095  -0.00338172    0.0111781
 -0.00338172  0.000720565  -0.00308787
   0.0111781  -0.00308787     0.025452
   0.0264434  -0.00344084    0.0101622
 -0.00344084  0.000920738  -0.00398834
   0.0101622  -0.00398834     0.025039
    0.024086  -0.00345202   0.00959547
 -0.00345202  0.000736767  -0.00274482
  0.00959547  -0.00274482     0.024883
   0.0257886  -0.00365732   0.00986249
 -0.00365732  0.000959239  -0.00390944
  0.00986249  -0.00390944    0.0248977
   0.0229816  -0.00335356   0.00826603
 -0.00335356  0.000888095   -0.0034879
  0.00826603   -0.0034879    0.0242128
   0.0251389  -0.00286599    0.0101822
 -0.00286599  0.000627414  -0.00291333
   0.0101822  -0.00291333    0.0250134
   0.0250721  -0.00285691   0.00925843
 -0.00285691  0.000809944  -0.00380307
  0.00925843  -0.00380307    0.0246549
   0.0230163  -0.00224518   0.00793438
 -0.00224518  0.000691308  -0.00352411
  0.00793438  -0.00352411    0.0240912
   0.0231079  -0.00243122    0.0089453
 -0.00243122   0.00054923  -0.00270926
   0.0089453  -0.00270926    0.0244893
   0.0252253  -0.00289958    0.0112154
 -0.00289958  0.000531609  -0.00192139
   0.0112154  -0.00192139    0.0254286
   0.0233315  -0.00266072    0.0100862
 -0.00266072  0.000496402  -0.00182053
   0.0100862  -0.00182053    0.0249408
   0.0253996  -0.00293091     0.012308
 -0.00293091  0.000541663 -0.000910146
    0.012308 -0.000910146    0.0259035
   0.0272408  -0.00322464    0.0133453
 -0.00322464  0.000593038 -0.000987095
   0.0133453 -0.000987095    0.0263983
   0.0236569  -0.00285982    0.0112984
 -0.00285982  0.000529472 -0.000939995
   0.0112984 -0.000939995    0.0254675
   0.0217414  -0.00317754   0.00698848
 -0.00317754   0.00108927  -0.00418519
  0.00698848  -0.00418519    0.0234983
   0.0248012  -0.00359559   0.00866163
 -0.00359559   0.00118815  -0.00465253
  0.00866163  -0.00465253    0.0243251
   0.0237088     -0.00336   0.00744647
    -0.00336   0.00147022  -0.00535303
  0.00744647  -0.00535303    0.0236965
   0.0204314  -0.00283035   0.00577878
 -0.00283035   0.00137529   -0.0049065
  0.00577878   -0.0049065      0.02273
   0.0252818  -0.00335183   0.00809188
 -0.00335183     0.001431  -0.00545652
  0.00809188  -0.00545652    0.0241719
   0.0224696  -0.00288151   0.00625238
 -0.00288151   0.00183513  -0.00606711
  0.00625238  -0.00606711    0.0230102
   0.0244871  -0.00301974   0.00699419
 -0.00301974   0.00175001   -0.0061114
  0.00699419   -0.0061114    0.0236779
   0.0234618  -0.00239575    0.0059004
 -0.00239575   0.00215506  -0.00677152
   0.0059004  -0.00677152    0.0231491
   0.0190299  -0.00224483   0.00468666
 -0.00224483   0.00178224  -0.00569991
  0.00468666  -0.00569991     0.021923
   0.0209924  -0.00210563   0.00511803
 -0.00210563   0.00233501  -0.00683343
  0.00511803  -0.00683343    0.0223007
   0.0175302  -0.00139844   0.00373258
 -0.00139844   0.00238834  -0.00659593
  0.00373258  -0.00659593    0.0211374
   0.0243915  -0.00261078   0.00647237
 -0.00261078   0.00154829  -0.00581687
  0.00647237  -0.00581687    0.0236784
   0.0239378  -0.00214996   0.00551004
 -0.00214996   0.00185809   -0.0063713
  0.00551004   -0.0063713    0.0233593
   0.0227615  -0.00153273   0.00415779
 -0.00153273   0.00152074    -0.005757
  0.00415779    -0.005757     0.023021
   0.0228147   -0.0018665   0.00507477
  -0.0018665   0.00129796  -0.00532436
  0.00507477  -0.00532436    0.0232015
   0.0247058  -0.00281287   0.00743432
 -0.00281287   0.00127765  -0.00522791
  0.00743432  -0.00522791     0.023998
   0.0228878  -0.00203092   0.00602305
 -0.00203092   0.00108498  -0.00482598
  0.00602305  -0.00482598    0.0234394
   0.0249031  -0.00286914   0.00835364
 -0.00286914   0.00103166  -0.00457025
  0.00835364  -0.00457025    0.0243233
   0.0259087  -0.00346346   0.00914938
 -0.00346346   0.00115719  -0.00476601
  0.00914938  -0.00476601    0.0246236
   0.0229377  -0.00213547   0.00698316
 -0.00213547  0.000878177  -0.00423267
  0.00698316  -0.00423267    0.0237449
    0.019987  0.000314789  -0.00070379
 0.000314789  0.000727124  -0.00384633
 -0.00070379  -0.00384633    0.0215785
   0.0201124 -9.16535e-05  0.000752548
-9.16535e-05  0.000701896  -0.00383067
 0.000752548  -0.00383067    0.0216945
   0.0199282 -0.000229182   0.00149824
-0.000229182  0.000792776  -0.00410611
  0.00149824  -0.00410611    0.0219328
   0.0201697  -0.00066817   0.00290496
 -0.00066817  0.000717491  -0.00386834
  0.00290496  -0.00386834    0.0222201
   0.0204973 -0.000677695   0.00228182
-0.000677695  0.000662713  -0.00365207
  0.00228182  -0.00365207     0.021979
   0.0203044 -0.000866866   0.00362308
-0.000866866  0.000797619  -0.00411129
  0.00362308  -0.00411129    0.0224841
   0.0206291   -0.0012652   0.00433825
  -0.0012652  0.000640353  -0.00350552
  0.00433825  -0.00350552    0.0226478
   0.0205753   -0.0012811   0.00491054
  -0.0012811  0.000676152  -0.00367639
  0.00491054  -0.00367639    0.0228883
   0.0211051  -0.00179664   0.00622897
 -0.00179664   0.00058463  -0.00314192
  0.00622897  -0.00314192     0.023367
   0.0209381  -0.00139938   0.00373575
 -0.00139938  0.000620184  -0.00333505
  0.00373575  -0.00333505    0.0223421
   0.0213419  -0.00195239   0.00580552
 -0.00195239  0.000591834  -0.00305112
  0.00580552  -0.00305112    0.0231479
   0.0212084  -0.00210653   0.00502138
 -0.00210653   0.00059358  -0.00289229
  0.00502138  -0.00289229    0.0225985
   0.0212468  -0.00156156    0.0057203
 -0.00156156  0.000753858  -0.00391345
   0.0057203  -0.00391345    0.0232175
   0.0215042  -0.00186752   0.00684562
 -0.00186752  0.000611192   -0.0032888
  0.00684562   -0.0032888    0.0236362
   0.0211537  -0.00132561    0.0046181
 -0.00132561  0.000916659   -0.0044256
   0.0046181   -0.0044256    0.0228687
   0.0210779  -0.00111276   0.00352474
 -0.00111276   0.00107399  -0.00482259
  0.00352474  -0.00482259    0.0226222
   0.0201563 -0.000557091   0.00235252
-0.000557091  0.000909181   -0.0044179
  0.00235252   -0.0044179    0.0222019
   0.0200514 -0.000264685    0.0011161
-0.000264685   0.00100097  -0.00459932
   0.0011161  -0.00459932    0.0220433
   0.0210812 -0.000824818    0.0025004
-0.000824818   0.00122155  -0.00512297
   0.0025004  -0.00512297    0.0224836
   0.0198287  0.000101341  0.000133102
 0.000101341  0.000846906  -0.00419446
 0.000133102  -0.00419446    0.0217836
   0.0209331  -0.00266968   0.00589185
 -0.00266968  0.000583605  -0.00234437
  0.00589185  -0.00234437    0.0229006
   0.0219256  -0.00263326   0.00723769
 -0.00263326   0.00058108  -0.00252417
  0.00723769  -0.00252417    0.0236581
   0.0220948  -0.00314617   0.00853324
 -0.00314617  0.000604858  -0.00192759
  0.00853324  -0.00192759    0.0240518
   0.0207045  -0.00307546   0.00641825
 -0.00307546  0.000606912  -0.00173381
  0.00641825  -0.00173381     0.023792
   0.0224374  -0.00294747   0.00915984
 -0.00294747  0.000558919  -0.00190536
  0.00915984  -0.00190536     0.024528
   0.0220565  -0.00345539   0.00961632
 -0.00345539  0.000656276  -0.00133814
  0.00961632  -0.00133814     0.024489
   0.0229473  -0.00334086    0.0105991
 -0.00334086  0.000622731  -0.00128962
   0.0105991  -0.00128962    0.0251711
    0.020898  -0.00339499   0.00733296
 -0.00339499   0.00066175  -0.00119841
  0.00733296  -0.00119841    0.0247972
    0.022934  -0.00304516    0.0107928
 -0.00304516  0.000562007  -0.00109321
   0.0107928  -0.00109321     0.025268
   0.0223776  -0.00270212   0.00939943
 -0.00270212  0.000505964  -0.00182201
  0.00939943  -0.00182201    0.0246495
   0.0218797   -0.0022783   0.00805487
  -0.0022783  0.000520949  -0.00258149
  0.00805487  -0.00258149    0.0241131
   0.0217505  -0.00239143   0.00763915
 -0.00239143  0.000538643  -0.00253966
  0.00763915  -0.00253966     0.023911
   0.0197228  -0.00319248   0.00506269
 -0.00319248  0.000647298  -0.00109188
  0.00506269  -0.00109188    0.0248011
   0.0199435  -0.00297489   0.00436073
 -0.00297489    0.0005967  -0.00154908
  0.00436073  -0.00154908    0.0243767
   0.0181475  -0.00260756   0.00197763
 -0.00260756  0.000560171  -0.00126829
  0.00197763  -0.00126829    0.0238192
   0.0198298  -0.00255296    0.0034374
 -0.00255296  0.000559574  -0.00206823
   0.0034374  -0.00206823    0.0235498
   0.0187406  -0.00240168   0.00136957
 -0.00240168  0.000528754  -0.00177057
  0.00136957  -0.00177057    0.0238852
   0.0193301  -0.00200315   0.00104867
 -0.00200315  0.000521927  -0.00231252
  0.00104867  -0.00231252    0.0232476
   0.0201058  -0.00205396   0.00295596
 -0.00205396  0.000553053  -0.00257714
  0.00295596  -0.00257714    0.0225725
   0.0176969  -0.00176786  -0.00109139
 -0.00176786  0.000454245   -0.0018031
 -0.00109139   -0.0018031    0.0233158
   0.0204025  -0.00146978   0.00253893
 -0.00146978  0.000575143   -0.0030321
  0.00253893   -0.0030321    0.0216658
   0.0206698  -0.00077903   0.00145756
 -0.00077903   0.00060286  -0.00337558
  0.00145756  -0.00337558    0.0215844
   0.0201708 -0.000812346 -0.000129386
-0.000812346  0.000520784  -0.00300258
-0.000129386  -0.00300258    0.0216765
   0.0206448 -0.000125281  4.90968e-05
-0.000125281  0.000618989  -0.00353158
 4.90968e-05  -0.00353158    0.0214555
   0.0207963  -0.00019332  -0.00106205
 -0.00019332  0.000527577  -0.00316269
 -0.00106205  -0.00316269     0.021427
   0.0211816  0.000310044  -0.00227926
 0.000310044  0.000517686  -0.00308863
 -0.00227926  -0.00308863    0.0212416
    0.020408  0.000390065  -0.00151404
 0.000390065  0.000618399  -0.00348674
 -0.00151404  -0.00348674    0.0213538
   0.0199991  -0.00025795  -0.00257685
 -0.00025795   0.00041958  -0.00267886
 -0.00257685  -0.00267886    0.0213912
   0.0211913  0.000211737  -0.00347786
 0.000211737  0.000407885  -0.00261164
 -0.00347786  -0.00261164    0.0213037
   0.0202451  1.24911e-05  -0.00442214
 1.24911e-05  0.000306777  -0.00205928
 -0.00442214  -0.00205928    0.0210065
   0.0192993  -0.00035395  -0.00372815
 -0.00035395  0.000331084  -0.00221753
 -0.00372815  -0.00221753    0.0217952
    0.019483 -0.000778428  -0.00178942
-0.000778428  0.000435062  -0.00262419
 -0.00178942  -0.00262419    0.0222182
    0.018323 -0.000917723   -0.0030755
-0.000917723  0.000380122  -0.00216514
  -0.0030755  -0.00216514    0.0232388
    0.018735  -0.00139168  -0.00138153
 -0.00139168  0.000451951  -0.00231597
 -0.00138153  -0.00231597     0.023015
   0.0197559  -0.00142516   0.00039602
 -0.00142516   0.00051321  -0.00270466
  0.00039602  -0.00270466    0.0225411
   0.0183346 -0.000362085  -0.00470216
-0.000362085  0.000269055  -0.00192904
 -0.00470216  -0.00192904    0.0221966
    0.019024 -0.000147519  -0.00509278
-0.000147519  0.000236756  -0.00149732
 -0.00509278  -0.00149732    0.0202318
  0.00530331  -0.00485221  -0.00585914
 -0.00485221   0.00469437   0.00487604
 -0.00585914   0.00487604    0.0209063
  0.00548563  -0.00492907   -0.0049341
 -0.00492907   0.00475485   0.00468821
  -0.0049341   0.00468821    0.0215718
  0.00523776  -0.00430492  -0.00445522
 -0.00430492   0.00387746    0.0035945
 -0.00445522    0.0035945    0.0218457
  0.00566843  -0.00435394  -0.00335212
 -0.00435394   0.00396669   0.00393903
 -0.00335212   0.00393903    0.0226208
  0.00587898   -0.0049505  -0.00380672
  -0.0049505   0.00480658   0.00488088
 -0.00380672   0.00488088    0.0222118
  0.00544634  -0.00380477  -0.00286239
 -0.00380477    0.0032206   0.00310629
 -0.00286239   0.00310629    0.0231309
  0.00635826  -0.00426426  -0.00206864
 -0.00426426    0.0040384   0.00474875
 -0.00206864   0.00474875    0.0233309
  0.00616484  -0.00371657  -0.00162018
 -0.00371657   0.00328533   0.00401119
 -0.00162018   0.00401119    0.0239652
  0.00712187  -0.00347562 -0.000290657
 -0.00347562   0.00341933   0.00524583
-0.000290657   0.00524583    0.0246647
  0.00654092  -0.00485518  -0.00249425
 -0.00485518   0.00487395   0.00553322
 -0.00249425   0.00553322    0.0227976
  0.00729381  -0.00402671 -0.000678081
 -0.00402671   0.00421864   0.00590992
-0.000678081   0.00590992    0.0239016
   0.0074477  -0.00464728  -0.00107874
 -0.00464728   0.00510297   0.00655927
 -0.00107874   0.00655927     0.023253
  0.00598272  -0.00328341  -0.00123596
 -0.00328341   0.00269033   0.00346067
 -0.00123596   0.00346067    0.0247055
  0.00693853  -0.00303426  2.17074e-05
 -0.00303426   0.00277008    0.0046803
 2.17074e-05    0.0046803    0.0255188
  0.00678045  -0.00275787  0.000214903
 -0.00275787   0.00229825   0.00419752
 0.000214903   0.00419752    0.0264053
  0.00618698  -0.00321207  -0.00119065
 -0.00321207   0.00241522   0.00319417
 -0.00119065   0.00319417    0.0257196
  0.00544489  -0.00350634  -0.00257214
 -0.00350634   0.00271867    0.0026133
 -0.00257214    0.0026133    0.0239092
  0.00584165  -0.00354093  -0.00256278
 -0.00354093   0.00254147    0.0024044
 -0.00256278    0.0024044    0.0248919
  0.00510193  -0.00352465  -0.00369622
 -0.00352465   0.00267293   0.00215108
 -0.00369622   0.00215108    0.0229707
  0.00504879  -0.00378283  -0.00400077
 -0.00378283   0.00314654   0.00269897
 -0.00400077   0.00269897    0.0222969
  0.00481975  -0.00363723   -0.0048735
 -0.00363723   0.00299873   0.00263147
  -0.0048735   0.00263147    0.0213574
  0.00550987  -0.00357589  -0.00362346
 -0.00357589   0.00251882   0.00193673
 -0.00362346   0.00193673    0.0224656
  0.00484246  -0.00336612  -0.00450129
 -0.00336612   0.00251717   0.00202803
 -0.00450129   0.00202803    0.0213859
  0.00516794  -0.00339854  -0.00438525
 -0.00339854   0.00238506    0.0018121
 -0.00438525    0.0018121    0.0210353
  0.00502594  -0.00418116  -0.00534766
 -0.00418116   0.00375486   0.00363403
 -0.00534766   0.00363403     0.021036
  0.00846352  -0.00433195  0.000292686
 -0.00433195    0.0055737   0.00782408
 0.000292686   0.00782408    0.0235096
  0.00835972  -0.00367412  0.000663456
 -0.00367412   0.00458041   0.00725857
 0.000663456   0.00725857    0.0242855
  0.00932076  -0.00331664   0.00175598
 -0.00331664   0.00514644   0.00854392
  0.00175598   0.00854392    0.0244528
  0.00935584  -0.00399064    0.0014184
 -0.00399064   0.00630328   0.00910724
   0.0014184   0.00910724    0.0235326
  0.00921489  -0.00275722    0.0019995
 -0.00275722   0.00406516   0.00780831
   0.0019995   0.00780831    0.0254939
  0.00993558  -0.00304654   0.00242943
 -0.00304654    0.0058422   0.00956564
  0.00242943   0.00956564    0.0244606
  0.00989273  -0.00252717    0.0025932
 -0.00252717   0.00455555   0.00865337
   0.0025932   0.00865337    0.0256533
   0.0100838  -0.00252528   0.00271118
 -0.00252528   0.00502796   0.00894108
  0.00271118   0.00894108    0.0257413
  0.00989433  -0.00368755   0.00214183
 -0.00368755   0.00718517    0.0102187
  0.00214183    0.0102187    0.0233912
   0.0100633  -0.00296248   0.00264334
 -0.00296248   0.00649207    0.0101099
  0.00264334    0.0101099     0.024405
  0.00996761  -0.00352668   0.00242012
 -0.00352668   0.00801497    0.0109641
  0.00242012    0.0109641    0.0231846
  0.00975791  -0.00217726   0.00258118
 -0.00217726   0.00347353   0.00758709
  0.00258118   0.00758709    0.0269043
   0.0100108  -0.00223881   0.00259258
 -0.00223881   0.00378673   0.00754899
  0.00259258   0.00754899    0.0271089
  0.00984782  -0.00211282   0.00230481
 -0.00211282   0.00284509    0.0060289
  0.00230481    0.0060289     0.028426
  0.00954365  -0.00201155   0.00241132
 -0.00201155   0.00263797   0.00641188
  0.00241132   0.00641188    0.0281277
  0.00904138  -0.00236628   0.00209835
 -0.00236628   0.00316917   0.00700095
  0.00209835   0.00700095    0.0266096
  0.00881944   -0.0021525   0.00205361
  -0.0021525   0.00246676   0.00612938
  0.00205361   0.00612938    0.0277174
  0.00802775  -0.00269294   0.00119218
 -0.00269294   0.00292845    0.0059613
  0.00119218    0.0059613    0.0261578
  0.00821048  -0.00311311  0.000982659
 -0.00311311   0.00367467   0.00660324
 0.000982659   0.00660324    0.0251777
  0.00782898  -0.00243287   0.00127954
 -0.00243287   0.00235119    0.0053226
  0.00127954    0.0053226    0.0271475
   0.0143043  -0.00484894  -0.00242611
 -0.00484894   0.00219047   0.00329219
 -0.00242611   0.00329219    0.0231788
   0.0129662  -0.00424005  -0.00149174
 -0.00424005   0.00203109   0.00389954
 -0.00149174   0.00389954    0.0242757
   0.0109437  -0.00308451   -3.583e-05
 -0.00308451   0.00169345   0.00397796
  -3.583e-05   0.00397796    0.0265987
   0.0100803   -0.0030427  0.000104586
  -0.0030427    0.0017641   0.00428024
 0.000104586   0.00428024    0.0267365
   0.0127471    -0.004558  -0.00186028
   -0.004558   0.00227776   0.00411291
 -0.00186028   0.00411291    0.0237613
  0.00885273  -0.00234759   0.00105617
 -0.00234759   0.00167541   0.00456955
  0.00105617   0.00456955    0.0275468
  0.00968611  -0.00346627 -0.000550866
 -0.00346627   0.00201583   0.00410512
-0.000550866   0.00410512     0.026403
  0.00804296  -0.00260223  0.000550678
 -0.00260223   0.00179958   0.00428191
 0.000550678   0.00428191    0.0274276
  0.00792958  -0.00330111 -0.000628879
 -0.00330111   0.00215379   0.00377486
-0.000628879   0.00377486    0.0274127
   0.0115568  -0.00469596  -0.00226906
 -0.00469596    0.0025214   0.00407898
 -0.00226906   0.00407898       0.0227
  0.00921096  -0.00409867  -0.00182569
 -0.00409867   0.00242942    0.0037097
 -0.00182569    0.0037097    0.0241855
   0.0107703  -0.00514712  -0.00311736
 -0.00514712   0.00295572   0.00390714
 -0.00311736   0.00390714    0.0214962
  0.00760968  -0.00230822   0.00117762
 -0.00230822    0.0019306   0.00470117
  0.00117762   0.00470117    0.0275074
  0.00708442  -0.00285375  1.08914e-05
 -0.00285375   0.00210596   0.00391525
 1.08914e-05   0.00391525    0.0271571
  0.00863089  -0.00211158   0.00171461
 -0.00211158    0.0019528   0.00527484
  0.00171461   0.00527484    0.0279766
  0.00944532  -0.00204854   0.00187734
 -0.00204854   0.00203293    0.0053105
  0.00187734    0.0053105    0.0285459
  0.00989797  -0.00242812  0.000979575
 -0.00242812   0.00170163   0.00440542
 0.000979575   0.00440542    0.0276526
   0.0106883  -0.00271639  0.000563712
 -0.00271639   0.00182541   0.00366453
 0.000563712   0.00366453    0.0281777
  0.00989565    -0.002211   0.00159683
   -0.002211   0.00217302   0.00468756
  0.00159683   0.00468756    0.0289869
   0.0120872  -0.00357062 -0.000831569
 -0.00357062   0.00182005   0.00322418
-0.000831569   0.00322418    0.0260204
   0.0101707  -0.00535432     -0.00359
 -0.00535432   0.00318498   0.00371449
    -0.00359   0.00371449     0.020934
  0.00885577  -0.00459761  -0.00295919
 -0.00459761   0.00279801   0.00331411
 -0.00295919   0.00331411    0.0222301
  0.00879345  -0.00507214  -0.00418754
 -0.00507214   0.00315922   0.00320322
 -0.00418754   0.00320322    0.0217733
  0.00991143  -0.00560668  -0.00429888
 -0.00560668   0.00343391   0.00367782
 -0.00429888   0.00367782    0.0208818
  0.00761145  -0.00440682  -0.00360316
 -0.00440682   0.00282365   0.00274885
 -0.00360316   0.00274885    0.0225876
  0.00804445  -0.00493921  -0.00484048
 -0.00493921   0.00316806   0.00296666
 -0.00484048   0.00296666    0.0211257
  0.00736617  -0.00452858  -0.00459391
 -0.00452858   0.00292988   0.00240651
 -0.00459391   0.00240651    0.0219438
  0.00675411  -0.00420262  -0.00522929
 -0.00420262   0.00274965   0.00220391
 -0.00522929   0.00220391    0.0215345
  0.00876254  -0.00535351   -0.0050094
 -0.00535351   0.00340789   0.00337029
  -0.0050094   0.00337029    0.0194729
  0.00726735  -0.00449268  -0.00534128
 -0.00449268   0.00289464   0.00267857
 -0.00534128   0.00267857    0.0200084
  0.00800399  -0.00503324   -0.0054945
 -0.00503324   0.00327231   0.00332734
  -0.0054945   0.00332734    0.0191546
  0.00631029  -0.00392639  -0.00404354
 -0.00392639   0.00261032   0.00212979
 -0.00404354   0.00212979    0.0219003
  0.00565244  -0.00358784  -0.00471476
 -0.00358784   0.00241655   0.00188007
 -0.00471476   0.00188007    0.0209667
  0.00654504  -0.00384474  -0.00293518
 -0.00384474   0.00257514   0.00244403
 -0.00293518   0.00244403    0.0236731
  0.00678907  -0.00342668  -0.00142488
 -0.00342668   0.00236105   0.00313269
 -0.00142488   0.00313269    0.0267846
  0.00768867  -0.00393008  -0.00222583
 -0.00393008   0.00250562   0.00314919
 -0.00222583   0.00314919    0.0244809
  0.00962942  -0.00351566   0.00233368
 -0.00351566   0.00859282    0.0112705
  0.00233368    0.0112705    0.0230044
  0.00975867  -0.00307793   0.00247163
 -0.00307793    0.0069131    0.0101245
  0.00247163    0.0101245    0.0243718
  0.00919363  -0.00332102   0.00206093
 -0.00332102   0.00699364   0.00969219
  0.00206093   0.00969219    0.0244056
  0.00905804  -0.00361936   0.00201351
 -0.00361936   0.00881688    0.0111827
  0.00201351    0.0111827    0.0229065
  0.00927229   -0.0031091   0.00190781
  -0.0031091   0.00535508   0.00784429
  0.00190781   0.00784429    0.0259654
  0.00855665  -0.00356207   0.00152625
 -0.00356207   0.00678207   0.00900263
  0.00152625   0.00900263    0.0245296
  0.00864687  -0.00344536    0.0012668
 -0.00344536   0.00513499   0.00680206
   0.0012668   0.00680206    0.0261758
  0.00806782  -0.00363713   0.00058429
 -0.00363713   0.00476742   0.00572813
  0.00058429   0.00572813    0.0264563
  0.00841759  -0.00373832    0.0015695
 -0.00373832   0.00871444    0.0108332
   0.0015695    0.0108332    0.0229173
  0.00795224  -0.00369583  0.000938087
 -0.00369583    0.0063804   0.00822876
 0.000938087   0.00822876    0.0247255
  0.00781301  -0.00378745   0.00106391
 -0.00378745   0.00838139    0.0103642
  0.00106391    0.0103642    0.0230118
  0.00869372  -0.00337866  0.000802902
 -0.00337866   0.00394276   0.00442388
 0.000802902   0.00442388    0.0277674
  0.00814218  -0.00359948  3.69774e-05
 -0.00359948   0.00371477   0.00306992
 3.69774e-05   0.00306992    0.0281069
  0.00818387  -0.00357314 -0.000614272
 -0.00357314    0.0032227  0.000474003
-0.000614272  0.000474003    0.0296254
  0.00870696  -0.00334202  0.000213104
 -0.00334202   0.00323464   0.00201402
 0.000213104   0.00201402     0.029249
  0.00929692  -0.00298286   0.00155067
 -0.00298286    0.0040636    0.0057791
  0.00155067    0.0057791     0.027497
  0.00927106  -0.00291665   0.00105034
 -0.00291665   0.00318568   0.00360874
  0.00105034   0.00360874    0.0289324
  0.00980855  -0.00254024   0.00219658
 -0.00254024   0.00402416   0.00689499
  0.00219658   0.00689499     0.027291
  0.00981805  -0.00274979   0.00243446
 -0.00274979    0.0053319    0.0086316
  0.00243446    0.0086316    0.0258304
  0.00971537  -0.00244702   0.00180426
 -0.00244702   0.00305596   0.00502728
  0.00180426   0.00502728    0.0286737
  0.00726353  -0.00373485  0.000513659
 -0.00373485   0.00788357   0.00991891
 0.000513659   0.00991891    0.0231406
  0.00741458  -0.00366848    0.0002941
 -0.00366848   0.00587452   0.00753104
   0.0002941   0.00753104    0.0249516
  0.00694068  -0.00349983 -0.000394957
 -0.00349983   0.00531904   0.00702798
-0.000394957   0.00702798    0.0251777
  0.00678028  -0.00358129 -7.00275e-05
 -0.00358129   0.00731775   0.00957905
-7.00275e-05   0.00957905    0.0232607
  0.00711489  -0.00340386 -0.000915737
 -0.00340386   0.00386983   0.00410594
-0.000915737   0.00410594    0.0270558
  0.00652948  -0.00323943  -0.00112278
 -0.00323943   0.00479254   0.00670677
 -0.00112278   0.00670677       0.0254
  0.00672751  -0.00307156  -0.00172582
 -0.00307156   0.00338836   0.00368304
 -0.00172582   0.00368304    0.0273518
  0.00642131  -0.00271052  -0.00247372
 -0.00271052   0.00292302   0.00350969
 -0.00247372   0.00350969    0.0274407
  0.00636589  -0.00335745 -0.000686881
 -0.00335745   0.00676847   0.00934161
-0.000686881   0.00934161    0.0233619
  0.00619057  -0.00293594  -0.00183648
 -0.00293594   0.00430839     0.006584
 -0.00183648     0.006584    0.0253649
    0.006027  -0.00309306  -0.00131441
 -0.00309306   0.00628291   0.00921159
 -0.00131441   0.00921159    0.0234524
  0.00693489  -0.00289215  -0.00243934
 -0.00289215   0.00268582  0.000567689
 -0.00243934  0.000567689    0.0290989
  0.00678647  -0.00247464  -0.00317756
 -0.00247464   0.00222424  0.000421999
 -0.00317756  0.000421999    0.0289294
  0.00702537  -0.00225257   -0.0038288
 -0.00225257   0.00218575  -0.00246616
  -0.0038288  -0.00246616    0.0305731
   0.0071054  -0.00274172  -0.00313786
 -0.00274172   0.00263179  -0.00229412
 -0.00313786  -0.00229412    0.0305478
  0.00728009  -0.00330533  -0.00158892
 -0.00330533   0.00308841   0.00107812
 -0.00158892   0.00107812    0.0287967
  0.00740269  -0.00321731  -0.00228691
 -0.00321731   0.00296976  -0.00174991
 -0.00228691  -0.00174991    0.0303098
  0.00767517  -0.00356838 -0.000759545
 -0.00356838   0.00343441   0.00191107
-0.000759545   0.00191107    0.0284653
  0.00755434  -0.00361831 -0.000143303
 -0.00361831   0.00433535    0.0047849
-0.000143303    0.0047849    0.0267601
  0.00774973  -0.00352635  -0.00144157
 -0.00352635   0.00314816 -0.000822506
 -0.00144157 -0.000822506    0.0299965
   0.0131562   -0.0059852  -0.00722252
  -0.0059852   0.00454355  -0.00241237
 -0.00722252  -0.00241237    0.0235476
   0.0136906   -0.0064327  -0.00687389
  -0.0064327   0.00476221  -0.00252454
 -0.00687389  -0.00252454    0.0237264
   0.0107037  -0.00462848  -0.00581346
 -0.00462848    0.0040904  -0.00427216
 -0.00581346  -0.00427216    0.0276428
   0.0111352  -0.00501549  -0.00528249
 -0.00501549   0.00408153   -0.0039367
 -0.00528249   -0.0039367    0.0276129
   0.0141965  -0.00666832  -0.00648678
 -0.00666832   0.00464929  -0.00236332
 -0.00648678  -0.00236332    0.0237184
   0.0089735  -0.00389785  -0.00405666
 -0.00389785    0.0036288  -0.00458453
 -0.00405666  -0.00458453    0.0302186
   0.0115543  -0.00516708  -0.00472502
 -0.00516708   0.00379767  -0.00328642
 -0.00472502  -0.00328642    0.0274108
  0.00934616  -0.00415304  -0.00336396
 -0.00415304   0.00346293  -0.00372918
 -0.00336396  -0.00372918    0.0299688
  0.00976826  -0.00415306  -0.00262529
 -0.00415306   0.00314915  -0.00251364
 -0.00262529  -0.00251364    0.0296212
    0.014586  -0.00669616  -0.00605935
 -0.00669616   0.00429915  -0.00191076
 -0.00605935  -0.00191076    0.0235317
   0.0119353  -0.00511141  -0.00409511
 -0.00511141    0.0033664   -0.0022677
 -0.00409511   -0.0022677    0.0270763
   0.0148873  -0.00654386  -0.00554901
 -0.00654386   0.00381447  -0.00115666
 -0.00554901  -0.00115666    0.0232441
  0.00811055   -0.0036039  -0.00233093
  -0.0036039   0.00317116   -0.0028174
 -0.00233093   -0.0028174    0.0306746
  0.00852504  -0.00364828  -0.00152208
 -0.00364828   0.00304366  -0.00149586
 -0.00152208  -0.00149586    0.0303036
  0.00777399  -0.00329676  -0.00312503
 -0.00329676   0.00316906  -0.00375186
 -0.00312503  -0.00375186    0.0309542
   0.0074996  -0.00278339    -0.003919
 -0.00278339   0.00294058  -0.00428582
   -0.003919  -0.00428582    0.0311009
  0.00864279  -0.00341324   -0.0047399
 -0.00341324   0.00350535  -0.00504303
  -0.0047399  -0.00504303    0.0302877
  0.00854204  -0.00281495  -0.00532581
 -0.00281495   0.00306609  -0.00510793
 -0.00532581  -0.00510793    0.0302368
  0.00756892  -0.00225995  -0.00456918
 -0.00225995   0.00249469  -0.00437789
 -0.00456918  -0.00437789    0.0309461
   0.0104638   -0.0040837  -0.00629318
  -0.0040837   0.00373602  -0.00424877
 -0.00629318  -0.00424877     0.027486
   0.0151208  -0.00625294  -0.00492329
 -0.00625294   0.00329662 -0.000128265
 -0.00492329 -0.000128265    0.0229277
   0.0122823  -0.00484716  -0.00337072
 -0.00484716   0.00288724 -0.000960554
 -0.00337072 -0.000960554    0.0267238
   0.0125456  -0.00447017  -0.00257072
 -0.00447017   0.00241919  0.000560643
 -0.00257072  0.000560643    0.0263836
   0.0153034  -0.00588403  -0.00416994
 -0.00588403   0.00279915   0.00105892
 -0.00416994   0.00105892    0.0227353
   0.0105988  -0.00351258 -0.000946897
 -0.00351258   0.00236219  0.000713686
-0.000946897  0.000713686    0.0289043
   0.0125846  -0.00403405  -0.00166999
 -0.00403405   0.00205505   0.00200678
 -0.00166999   0.00200678    0.0261152
   0.0108302  -0.00307481 -0.000129808
 -0.00307481   0.00204102   0.00236709
-0.000129808   0.00236709    0.0285842
   0.0149496  -0.00533166  -0.00326809
 -0.00533166   0.00239801   0.00228262
 -0.00326809   0.00228262     0.022863
  0.00985286  -0.00253751   0.00101514
 -0.00253751    0.0023684   0.00344163
  0.00101514   0.00344163    0.0292931
  0.00950111  -0.00299743  0.000206461
 -0.00299743   0.00260482   0.00182723
 0.000206461   0.00182723    0.0295838
  0.00901314  -0.00340868 -0.000677539
 -0.00340868   0.00284851  9.80266e-05
-0.000677539  9.80266e-05    0.0299214
   0.0102052  -0.00391763  -0.00181181
 -0.00391763   0.00276484 -0.000989541
 -0.00181181 -0.000989541    0.0292451
  0.00431955  -0.00863283  -0.00309645
 -0.00863283    0.0262727    0.0152757
 -0.00309645    0.0152757    0.0149042
  0.00491796  -0.00855322  -0.00233143
 -0.00855322    0.0249711    0.0147854
 -0.00233143    0.0147854    0.0157755
  0.00498779  -0.00826133  -0.00299886
 -0.00826133    0.0205248    0.0136044
 -0.00299886    0.0136044    0.0170326
  0.00568696  -0.00822028  -0.00207477
 -0.00822028    0.0195741    0.0130621
 -0.00207477    0.0130621    0.0176926
  0.00566021  -0.00847233  -0.00148783
 -0.00847233    0.0237671    0.0143992
 -0.00148783    0.0143992    0.0166329
  0.00576748  -0.00793468  -0.00273813
 -0.00793468     0.015807     0.011734
 -0.00273813     0.011734    0.0187137
  0.00649673  -0.00818895  -0.00113096
 -0.00818895    0.0188103    0.0127308
