           0            0            0
           0            0            0
           0            0            0
    0.020722  -0.00105756   0.00277115
 -0.00105756  8.46277e-05  9.07285e-05
  0.00277115  9.07285e-05    0.0143487
   0.0182364 -0.000820875   0.00540834
-0.000820875  7.13353e-05  0.000152413
  0.00540834  0.000152413    0.0176861
   0.0156303 -0.000924478   0.00780284
-0.000924478  0.000109395  4.89485e-05
  0.00780284  4.89485e-05    0.0194931
   0.0149705   -0.0011974   0.00889922
  -0.0011974  0.000169413 -7.67788e-05
  0.00889922 -7.67788e-05    0.0196118
   0.0150893  -0.00151287   0.00851526
 -0.00151287  0.000229709 -0.000204848
  0.00851526 -0.000204848    0.0199922
   0.0132541  -0.00140681   0.00720534
 -0.00140681  0.000208014 -0.000318137
  0.00720534 -0.000318137     0.017946
    0.013822  -0.00168724   0.00655549
 -0.00168724  0.000262609 -0.000491017
  0.00655549 -0.000491017    0.0191784
   0.0152569  -0.00176266   0.00777581
 -0.00176266  0.000278464 -0.000382842
  0.00777581 -0.000382842    0.0204063
   0.0136758   -0.0018129   0.00515443
  -0.0018129  0.000305961 -0.000751451
  0.00515443 -0.000751451    0.0201568
   0.0152412  -0.00192799   0.00646184
 -0.00192799  0.000321289  -0.00066033
  0.00646184  -0.00066033    0.0214088
   0.0136602  -0.00181802   0.00347838
 -0.00181802  0.000343891  -0.00108502
  0.00347838  -0.00108502    0.0213682
   0.0154441  -0.00206476   0.00589642
 -0.00206476  0.000351816 -0.000892336
  0.00589642 -0.000892336     0.021669
   0.0304845  0.000223115   0.00963126
 0.000223115  0.000398635    0.0020088
  0.00963126    0.0020088    0.0175523
   0.0262497 -0.000174501    0.0118694
-0.000174501  0.000566454    0.0025631
   0.0118694    0.0025631    0.0210078
   0.0262561  0.000264449    0.0117158
 0.000264449  0.000442575   0.00246627
   0.0117158   0.00246627      0.02093
   0.0236408  2.38093e-05    0.0135687
 2.38093e-05  0.000586315   0.00285804
   0.0135687   0.00285804    0.0236189
   0.0233892 -0.000405595    0.0135651
-0.000405595  0.000717404   0.00289889
   0.0135651   0.00289889    0.0236152
   0.0230955  0.000177479    0.0130961
 0.000177479    0.0004604   0.00258996
   0.0130961   0.00258996    0.0233747
   0.0218089 -0.000282918    0.0141294
-0.000282918  0.000685725   0.00293629
   0.0141294   0.00293629     0.024805
   0.0214328 -0.000107493    0.0137381
-0.000107493  0.000556997    0.0027246
   0.0137381    0.0027246    0.0245797
   0.0209503 -0.000479442    0.0137176
-0.000479442  0.000601004   0.00258418
   0.0137176   0.00258418    0.0248254
   0.0214337 -0.000665804    0.0140216
-0.000665804  0.000813987   0.00293786
   0.0140216   0.00293786    0.0247595
   0.0212672 -0.000676568    0.0140762
-0.000676568  0.000722944   0.00274092
   0.0140762   0.00274092    0.0250605
   0.0208527  -0.00102467      0.01392
 -0.00102467  0.000842743   0.00272162
     0.01392   0.00272162    0.0250219
   0.0208347  -0.00018245    0.0132298
 -0.00018245  0.000434239   0.00228956
   0.0132298   0.00228956    0.0243419
   0.0203634 -0.000511069    0.0131992
-0.000511069  0.000485389   0.00220895
   0.0131992   0.00220895    0.0245589
    0.019955 -0.000730235    0.0128455
-0.000730235  0.000385128   0.00166918
   0.0128455   0.00166918    0.0244573
   0.0204663 -0.000438632    0.0129306
-0.000438632  0.000328494   0.00170488
   0.0129306   0.00170488    0.0242962
   0.0224665  5.52299e-05    0.0126112
 5.52299e-05  0.000343272   0.00211429
   0.0126112   0.00211429    0.0231761
   0.0221921  -0.00023525    0.0124176
 -0.00023525  0.000246297   0.00152086
   0.0124176   0.00152086    0.0232107
   0.0249633  0.000177636    0.0108112
 0.000177636  0.000233667   0.00168128
   0.0108112   0.00168128    0.0205646
   0.0255688  0.000364075    0.0112083
 0.000364075  0.000330806    0.0021579
   0.0112083    0.0021579    0.0206909
   0.0292928  0.000528342   0.00882468
 0.000528342   0.00021148   0.00154399
  0.00882468   0.00154399       0.0172
   0.0248301 -0.000143338    0.0105532
-0.000143338  0.000156476   0.00114995
   0.0105532   0.00114995    0.0206874
   0.0286252  0.000242428   0.00849661
 0.000242428   0.00013864   0.00113087
  0.00849661   0.00113087    0.0171102
   0.0290645 -0.000164513    0.0081248
-0.000164513  8.71759e-05  0.000711868
   0.0081248  0.000711868    0.0173291
   0.0301134  0.000570401   0.00931026
 0.000570401  0.000297738    0.0018631
  0.00931026    0.0018631     0.017399
   0.0204384  -0.00144411    0.0132534
 -0.00144411   0.00081077   0.00231367
   0.0132534   0.00231367    0.0247246
   0.0208609  -0.00114583    0.0134091
 -0.00114583  0.000704121   0.00232776
   0.0134091   0.00232776    0.0247142
   0.0205059  -0.00155898    0.0126943
 -0.00155898  0.000646223    0.0017747
   0.0126943    0.0017747    0.0243844
   0.0200717  -0.00179528    0.0125233
 -0.00179528  0.000733164   0.00177067
   0.0125233   0.00177067    0.0244249
   0.0202004  -0.00134899    0.0123414
 -0.00134899  0.000552315   0.00169328
   0.0123414   0.00169328     0.024093
   0.0201877  -0.00190082    0.0119212
 -0.00190082  0.000567322   0.00111888
   0.0119212   0.00111888    0.0240424
   0.0198784  -0.00170389    0.0115803
 -0.00170389  0.000492478   0.00107071
   0.0115803   0.00107071    0.0237351
   0.0196176  -0.00197779     0.010808
 -0.00197779  0.000432138  0.000383736
    0.010808  0.000383736    0.0233888
   0.0197342  -0.00206584    0.0117127
 -0.00206584  0.000630113   0.00113261
   0.0117127   0.00113261    0.0240955
    0.019935  -0.00215732    0.0111264
 -0.00215732  0.000488105   0.00040557
   0.0111264   0.00040557    0.0237049
   0.0194395   -0.0022543    0.0108556
  -0.0022543  0.000529155  0.000444612
   0.0108556  0.000444612    0.0237473
   0.0192657   -0.0016064    0.0110229
  -0.0016064  0.000424228  0.000905529
   0.0110229  0.000905529    0.0233748
   0.0189571  -0.00185072    0.0102267
 -0.00185072  0.000380162  0.000288612
   0.0102267  0.000288612    0.0229938
   0.0184559  -0.00185035   0.00972755
 -0.00185035  0.000346382  8.58243e-05
  0.00972755  8.58243e-05    0.0226997
   0.0188272  -0.00166131    0.0105827
 -0.00166131  0.000375603  0.000608508
   0.0105827  0.000608508    0.0231431
   0.0196171  -0.00128709    0.0118046
 -0.00128709  0.000466557   0.00145574
   0.0118046   0.00145574    0.0237659
   0.0192061  -0.00139878    0.0114073
 -0.00139878  0.000401325   0.00106879
   0.0114073   0.00106879    0.0235863
   0.0199828 -0.000917185    0.0125318
-0.000917185   0.00049055   0.00190086
   0.0125318   0.00190086    0.0241541
    0.020556 -0.000934616    0.0130536
-0.000934616  0.000592016   0.00220959
   0.0130536   0.00220959    0.0244487
   0.0195688  -0.00108381    0.0121597
 -0.00108381  0.000405732   0.00143153
   0.0121597   0.00143153    0.0240199
   0.0167878  -0.00202571   0.00811146
 -0.00202571   0.00033312 -0.000454382
  0.00811146 -0.000454382    0.0220663
   0.0166927  -0.00183357   0.00880212
 -0.00183357  0.000304402 -0.000209246
  0.00880212 -0.000209246    0.0218236
   0.0183363  -0.00180031    0.0104261
 -0.00180031   0.00033071  0.000139431
   0.0104261  0.000139431    0.0230421
    0.016397  -0.00156752   0.00952235
 -0.00156752  0.000258793 -3.21521e-05
  0.00952235 -3.21521e-05    0.0212564
   0.0184144  -0.00152886    0.0110656
 -0.00152886  0.000296304  0.000373187
   0.0110656  0.000373187    0.0233206
    0.018427  -0.00119399    0.0115711
 -0.00119399  0.000243825  0.000532114
   0.0115711  0.000532114     0.023366
   0.0165016   -0.0012569    0.0101459
  -0.0012569  0.000202617  0.000116541
   0.0101459  0.000116541    0.0212152
   0.0194568  -0.00137569    0.0120272
 -0.00137569  0.000348091  0.000849211
   0.0120272  0.000849211    0.0240869
   0.0197031  -0.00104146    0.0126537
 -0.00104146  0.000310216   0.00103518
   0.0126537   0.00103518    0.0245164
   0.0190737  -0.00164371    0.0112286
 -0.00164371  0.000362104  0.000567288
   0.0112286  0.000567288     0.023594
   0.0186849   -0.0018511    0.0103472
  -0.0018511  0.000355361  0.000202742
   0.0103472  0.000202742    0.0230746
   0.0180701  -0.00198841   0.00967116
 -0.00198841  0.000343536 -0.000170686
  0.00967116 -0.000170686    0.0227732
   0.0178942  -0.00212161   0.00893396
 -0.00212161  0.000350927 -0.000535796
  0.00893396 -0.000535796    0.0222561
   0.0182717  -0.00198184   0.00942448
 -0.00198184  0.000339649 -0.000219939
  0.00942448 -0.000219939    0.0225572
   0.0166853  -0.00213308   0.00752516
 -0.00213308  0.000351546 -0.000767324
  0.00752516 -0.000767324    0.0219749
    0.017068 -0.000959234   0.00973567
-0.000959234  0.000138666  0.000198316
  0.00973567  0.000198316    0.0211717
   0.0194692 -0.000804244   0.00806214
-0.000804244  8.67116e-05  0.000244084
  0.00806214  0.000244084    0.0199145
   0.0204344 -0.000712851    0.0099671
-0.000712851  0.000114134  0.000474034
   0.0099671  0.000474034    0.0214504
   0.0219582 -0.000831092   0.00514527
-0.000831092  6.42681e-05  0.000176446
  0.00514527  0.000176446    0.0167046
   0.0227852 -0.000727521   0.00688139
-0.000727521  7.34355e-05  0.000313292
  0.00688139  0.000313292    0.0179842
   0.0260599 -0.000881996   0.00432599
-0.000881996   6.6484e-05  0.000163073
  0.00432599  0.000163073    0.0147461
   0.0241164  -0.00106143   0.00281278
 -0.00106143  7.81465e-05   0.00010033
  0.00281278   0.00010033    0.0140764
   0.0241386 -0.000452612   0.00931475
-0.000452612  9.98989e-05  0.000674368
  0.00931475  0.000674368    0.0200262
   0.0273651 -0.000545158   0.00651573
-0.000545158  6.20841e-05  0.000383947
  0.00651573  0.000383947    0.0163792
   0.0216199 -0.000534088    0.0116995
-0.000534088  0.000169086  0.000934777
   0.0116995  0.000934777    0.0228373
   0.0199799 -0.000740932    0.0125771
-0.000740932  0.000245797     0.001067
   0.0125771     0.001067    0.0242222
    0.018692  -0.00089585    0.0112284
 -0.00089585  0.000176803  0.000563944
   0.0112284  0.000563944    0.0228611
   0.0191352  -0.00236554   0.00993305
 -0.00236554  0.000449291 -0.000273133
  0.00993305 -0.000273133    0.0233936
   0.0197479  -0.00233755     0.010295
 -0.00233755  0.000427762 -0.000345362
    0.010295 -0.000345362    0.0233791
   0.0196045  -0.00242005   0.00942048
 -0.00242005  0.000412752  -0.00111853
  0.00942048  -0.00111853    0.0230753
   0.0188047  -0.00238164   0.00895329
 -0.00238164  0.000420136  -0.00101237
  0.00895329  -0.00101237    0.0230478
   0.0193763  -0.00228088   0.00920347
 -0.00228088  0.000380917  -0.00112305
  0.00920347  -0.00112305    0.0227912
   0.0194036  -0.00241192   0.00850895
 -0.00241192  0.000453637  -0.00189077
  0.00850895  -0.00189077    0.0227764
   0.0193386  -0.00230344   0.00837234
 -0.00230344  0.000427222  -0.00189239
  0.00837234  -0.00189239    0.0225324
   0.0192557  -0.00223874   0.00755286
 -0.00223874  0.000526062  -0.00262387
  0.00755286  -0.00262387     0.022279
   0.0183989  -0.00230748   0.00794352
 -0.00230748  0.000444037  -0.00175175
  0.00794352  -0.00175175    0.0226944
   0.0191114  -0.00230942   0.00760025
 -0.00230942  0.000546792  -0.00262755
  0.00760025  -0.00262755    0.0224634
   0.0179048  -0.00215285   0.00694264
 -0.00215285  0.000524786  -0.00246949
  0.00694264  -0.00246949    0.0223097
   0.0185302  -0.00209386   0.00772968
 -0.00209386  0.000388069  -0.00183087
  0.00772968  -0.00183087    0.0220712
   0.0185403  -0.00202171   0.00693198
 -0.00202171  0.000480207  -0.00252223
  0.00693198  -0.00252223    0.0218326
   0.0176218  -0.00179513   0.00614793
 -0.00179513  0.000435054  -0.00240699
  0.00614793  -0.00240699    0.0213387
   0.0176764  -0.00191564   0.00701097
 -0.00191564  0.000356207   -0.0017817
  0.00701097   -0.0017817      0.02161
   0.0185629  -0.00209089   0.00856763
 -0.00209089  0.000343741   -0.0011053
  0.00856763   -0.0011053    0.0223385
   0.0178414  -0.00197704   0.00792497
 -0.00197704  0.000321748  -0.00113138
  0.00792497  -0.00113138    0.0219212
   0.0187002  -0.00201738   0.00940591
 -0.00201738   0.00034512 -0.000387448
  0.00940591 -0.000387448    0.0226431
   0.0194327  -0.00217469    0.0100159
 -0.00217469  0.000384877 -0.000354256
   0.0100159 -0.000354256    0.0230732
   0.0180997  -0.00196347   0.00883955
 -0.00196347  0.000321272 -0.000498287
  0.00883955 -0.000498287    0.0222856
   0.0172965  -0.00192557   0.00593527
 -0.00192557  0.000663277  -0.00318849
  0.00593527  -0.00318849    0.0218954
   0.0187065   -0.0021234   0.00665937
  -0.0021234  0.000690402  -0.00334782
  0.00665937  -0.00334782    0.0221281
   0.0182288  -0.00181379   0.00566501
 -0.00181379  0.000908485  -0.00407333
  0.00566501  -0.00407333    0.0217804
   0.0166223  -0.00158703    0.0049161
 -0.00158703  0.000892435  -0.00393505
   0.0049161  -0.00393505    0.0214703
   0.0188882   -0.0018069   0.00580139
  -0.0018069  0.000871096  -0.00402968
  0.00580139  -0.00402968    0.0217814
   0.0176293  -0.00137714   0.00463462
 -0.00137714   0.00120998  -0.00481514
  0.00463462  -0.00481514    0.0214448
    0.018581  -0.00140474   0.00483025
 -0.00140474   0.00114033  -0.00473033
  0.00483025  -0.00473033    0.0215549
   0.0181154 -0.000869706   0.00383711
-0.000869706   0.00148378  -0.00542082
  0.00383711  -0.00542082    0.0213541
   0.0158622  -0.00111939   0.00392328
 -0.00111939   0.00121886  -0.00471685
  0.00392328  -0.00471685    0.0210646
   0.0168695 -0.000801911   0.00361682
-0.000801911   0.00160336  -0.00556251
  0.00361682  -0.00556251    0.0211374
   0.0150258 -0.000519713   0.00298799
-0.000519713   0.00166186  -0.00552766
  0.00298799  -0.00552766    0.0207054
   0.0184697  -0.00122757   0.00434224
 -0.00122757   0.00102958   -0.0044925
  0.00434224   -0.0044925    0.0213114
   0.0183374 -0.000724293   0.00340638
-0.000724293   0.00131819  -0.00511838
  0.00340638  -0.00511838    0.0212249
   0.0177993 -0.000468639   0.00250987
-0.000468639   0.00114298  -0.00473643
  0.00250987  -0.00473643    0.0208512
    0.017714 -0.000956219   0.00344805
-0.000956219   0.00090592  -0.00418521
  0.00344805  -0.00418521    0.0208633
    0.018516  -0.00160609   0.00525912
 -0.00160609  0.000793755  -0.00384433
  0.00525912  -0.00384433    0.0214417
   0.0176512  -0.00133773   0.00438241
 -0.00133773  0.000707277  -0.00360472
  0.00438241  -0.00360472    0.0209469
   0.0185186  -0.00187367   0.00611682
 -0.00187367    0.0006107   -0.0031889
  0.00611682   -0.0031889    0.0216201
   0.0190903  -0.00208618   0.00671024
 -0.00208618  0.000666167  -0.00333009
  0.00671024  -0.00333009    0.0220291
   0.0176043  -0.00161797   0.00528694
 -0.00161797  0.000548454  -0.00301137
  0.00528694  -0.00301137    0.0211139
   0.0165836    0.0001433 -0.000957577
   0.0001433  0.000660169  -0.00350832
-0.000957577  -0.00350832    0.0196372
   0.0163506 -0.000374283  0.000280431
-0.000374283  0.000579256  -0.00324887
 0.000280431  -0.00324887     0.019556
   0.0163969 -0.000411172  0.000993707
-0.000411172  0.000634554  -0.00343353
 0.000993707  -0.00343353    0.0197999
   0.0163197 -0.000869767   0.00217737
-0.000869767  0.000536534  -0.00306744
  0.00217737  -0.00306744    0.0198741
   0.0163005  -0.00089356   0.00151836
 -0.00089356  0.000519012   -0.0029524
  0.00151836   -0.0029524    0.0196099
   0.0164982  -0.00094378   0.00283175
 -0.00094378  0.000575277  -0.00320756
  0.00283175  -0.00320756    0.0201543
   0.0164006  -0.00130574   0.00332325
 -0.00130574  0.000465145   -0.0026925
  0.00332325   -0.0026925    0.0200818
   0.0165338  -0.00131024   0.00391382
 -0.00131024  0.000470149  -0.00275724
  0.00391382  -0.00275724    0.0203617
   0.0167554  -0.00161707   0.00495752
 -0.00161707  0.000404412  -0.00230473
  0.00495752  -0.00230473     0.020649
   0.0162682  -0.00137726   0.00264237
 -0.00137726  0.000476902  -0.00264205
  0.00264237  -0.00264205    0.0197581
    0.016658  -0.00168924   0.00442979
 -0.00168924  0.000426815  -0.00232534
  0.00442979  -0.00232534    0.0203755
   0.0161322  -0.00174261   0.00358527
 -0.00174261  0.000450523  -0.00231098
  0.00358527  -0.00231098    0.0198578
   0.0168704  -0.00141725   0.00451939
 -0.00141725    0.0004997  -0.00286216
  0.00451939  -0.00286216    0.0206785
   0.0169864  -0.00165098   0.00547696
 -0.00165098  0.000406707  -0.00233034
  0.00547696  -0.00233034    0.0209411
   0.0168889  -0.00110399   0.00352735
 -0.00110399  0.000631342  -0.00338359
  0.00352735  -0.00338359    0.0204907
   0.0169505  -0.00070597   0.00249496
 -0.00070597  0.000794927  -0.00388995
  0.00249496  -0.00388995    0.0204072
   0.0165678   -0.0005248   0.00170728
  -0.0005248  0.000705136  -0.00364137
  0.00170728  -0.00364137    0.0200643
    0.016677 -3.36361e-05  0.000572368
-3.36361e-05  0.000856051  -0.00403722
 0.000572368  -0.00403722    0.0200828
   0.0170629 -0.000214686   0.00147558
-0.000214686  0.000985278  -0.00436085
  0.00147558  -0.00436085    0.0204219
   0.0165802  8.13599e-05 -0.000201483
 8.13599e-05  0.000749812  -0.00375977
-0.000201483  -0.00375977    0.0198436
   0.0156579  -0.00195156   0.00417961
 -0.00195156  0.000421462   -0.0019553
  0.00417961   -0.0019553    0.0200695
   0.0168333  -0.00199521   0.00544998
 -0.00199521  0.000403553  -0.00195099
  0.00544998  -0.00195099    0.0206958
   0.0167646   -0.0021608   0.00634279
  -0.0021608  0.000384957   -0.0015402
  0.00634279   -0.0015402    0.0209358
   0.0152668  -0.00203714   0.00447456
 -0.00203714  0.000395491  -0.00159038
  0.00447456  -0.00159038    0.0208716
   0.0173877  -0.00208761   0.00708363
 -0.00208761  0.000351024  -0.00139471
  0.00708363  -0.00139471    0.0214168
   0.0165987   -0.0021894   0.00704209
  -0.0021894  0.000365846  -0.00112852
  0.00704209  -0.00112852     0.021233
    0.017649  -0.00216859   0.00806857
 -0.00216859  0.000347831 -0.000951644
  0.00806857 -0.000951644    0.0218575
   0.0152844  -0.00208122   0.00503178
 -0.00208122  0.000372331  -0.00123754
  0.00503178  -0.00123754    0.0217169
    0.017844   -0.0020341   0.00845476
  -0.0020341  0.000321813 -0.000698918
  0.00845476 -0.000698918    0.0220639
   0.0174844   -0.0019843   0.00745531
  -0.0019843  0.000321352  -0.00123041
  0.00745531  -0.00123041    0.0216319
   0.0171912  -0.00184831   0.00644125
 -0.00184831   0.00034656   -0.0017872
  0.00644125   -0.0017872    0.0212591
   0.0170487  -0.00188932   0.00600441
 -0.00188932  0.000363973  -0.00185219
  0.00600441  -0.00185219    0.0210017
    0.014086  -0.00191511   0.00311683
 -0.00191511  0.000371785  -0.00131694
  0.00311683  -0.00131694    0.0219367
   0.0143645  -0.00192006   0.00273079
 -0.00192006  0.000397802  -0.00163283
  0.00273079  -0.00163283    0.0216154
   0.0127701  -0.00163091  0.000765436
 -0.00163091  0.000373279  -0.00153153
 0.000765436  -0.00153153    0.0213529
     0.01442  -0.00180166   0.00212356
 -0.00180166  0.000422875  -0.00195395
  0.00212356  -0.00195395    0.0209088
   0.0133068  -0.00164654  0.000416474
 -0.00164654    0.0004106  -0.00188555
 0.000416474  -0.00188555    0.0214445
   0.0139344  -0.00154561  0.000237556
 -0.00154561  0.000446079  -0.00219288
 0.000237556  -0.00219288    0.0208298
   0.0148691  -0.00163651   0.00182632
 -0.00163651  0.000447499  -0.00223678
  0.00182632  -0.00223678    0.0200178
   0.0125354   -0.0012897  -0.00149318
  -0.0012897   0.00038915  -0.00194704
 -0.00149318  -0.00194704    0.0211413
   0.0154359  -0.00138179   0.00153599
 -0.00138179  0.000472423  -0.00250736
  0.00153599  -0.00250736    0.0192048
    0.016047 -0.000956727  0.000687191
-0.000956727  0.000501648  -0.00280425
 0.000687191  -0.00280425    0.0192454
   0.0152289 -0.000939036 -0.000690825
-0.000939036  0.000472219  -0.00262414
-0.000690825  -0.00262414    0.0194285
   0.0164463 -0.000430222 -0.000451845
-0.000430222  0.000535174   -0.0030569
-0.000451845   -0.0030569    0.0193075
     0.01617 -0.000474433  -0.00149307
-0.000474433  0.000486601  -0.00283299
 -0.00149307  -0.00283299    0.0192942
   0.0169387  4.49914e-05  -0.00252621
 4.49914e-05   0.00050831  -0.00297617
 -0.00252621  -0.00297617     0.019287
   0.0166712  0.000138131  -0.00174286
 0.000138131  0.000579221  -0.00325073
 -0.00174286  -0.00325073    0.0194156
   0.0151839 -0.000475199  -0.00275682
-0.000475199  0.000424408  -0.00254107
 -0.00275682  -0.00254107     0.019361
   0.0165747  -1.2941e-05  -0.00360094
 -1.2941e-05  0.000427383  -0.00265537
 -0.00360094  -0.00265537    0.0193658
   0.0155052 -0.000117581  -0.00437985
-0.000117581  0.000350451  -0.00228241
 -0.00437985  -0.00228241    0.0191349
   0.0143939 -0.000481641  -0.00368509
-0.000481641  0.000368463  -0.00229114
 -0.00368509  -0.00229114    0.0198276
   0.0144341  -0.00086375  -0.00204497
 -0.00086375  0.000430465  -0.00245345
 -0.00204497  -0.00245345    0.0200622
   0.0132485 -0.000853846  -0.00306414
-0.000853846  0.000391081   -0.0022356
 -0.00306414   -0.0022356     0.021163
   0.0134885   -0.0011944  -0.00169389
  -0.0011944  0.000425234  -0.00225519
 -0.00169389  -0.00225519    0.0208296
   0.0145357  -0.00128896 -0.000247915
 -0.00128896  0.000456523  -0.00241733
-0.000247915  -0.00241733     0.020201
   0.0135177 -0.000443901  -0.00441721
-0.000443901   0.00032893  -0.00212863
 -0.00441721  -0.00212863     0.020281
   0.0144379 -0.000168421  -0.00490084
-0.000168421  0.000282506  -0.00190261
 -0.00490084  -0.00190261    0.0184769
  0.00698171  -0.00509479  -0.00284256
 -0.00509479   0.00440561   0.00436092
 -0.00284256   0.00436092    0.0223587
  0.00696115  -0.00533045   -0.0024903
 -0.00533045   0.00460206   0.00385821
  -0.0024903   0.00385821    0.0225503
  0.00676521  -0.00468644  -0.00199984
 -0.00468644   0.00361408   0.00255838
 -0.00199984   0.00255838    0.0227901
  0.00690175  -0.00491148    -0.001588
 -0.00491148   0.00381089   0.00241019
   -0.001588   0.00241019    0.0230865
  0.00708047  -0.00551504  -0.00202564
 -0.00551504   0.00474148   0.00360902
 -0.00202564   0.00360902    0.0227498
   0.0066959  -0.00434051  -0.00111229
 -0.00434051   0.00301162   0.00138321
 -0.00111229   0.00138321    0.0234201
  0.00718681  -0.00504383  -0.00105575
 -0.00504383   0.00389352   0.00259324
 -0.00105575   0.00259324    0.0234069
  0.00699442  -0.00449611 -0.000630322
 -0.00449611   0.00311644   0.00162443
-0.000630322   0.00162443    0.0238314
  0.00743188  -0.00457934   -4.732e-05
 -0.00457934   0.00317564   0.00210434
  -4.732e-05   0.00210434    0.0242457
  0.00735192  -0.00561332  -0.00144295
 -0.00561332   0.00479083   0.00368811
 -0.00144295   0.00368811    0.0229741
  0.00760828  -0.00510306 -0.000417418
 -0.00510306   0.00395128   0.00302288
-0.000417418   0.00302288    0.0237274
  0.00775235  -0.00565078 -0.000764521
 -0.00565078   0.00485547    0.0040317
-0.000764521    0.0040317    0.0232045
  0.00680487  -0.00404045 -0.000241422
 -0.00404045   0.00252834  0.000944095
-0.000241422  0.000944095    0.0242427
  0.00724326  -0.00412961  0.000293807
 -0.00412961   0.00257937   0.00141556
 0.000293807   0.00141556    0.0247395
  0.00707889    -0.003806  0.000583587
   -0.003806   0.00220303  0.000936832
 0.000583587  0.000936832    0.0252014
  0.00706046  -0.00392525 -9.56721e-05
 -0.00392525    0.0022706  0.000606328
-9.56721e-05  0.000606328    0.0247888
  0.00674973  -0.00400405 -0.000800782
 -0.00400405   0.00246738  0.000747911
-0.000800782  0.000747911    0.0238613
  0.00725621  -0.00399233 -0.000666609
 -0.00399233   0.00226452  0.000443888
-0.000666609  0.000443888    0.0243626
  0.00679392   -0.0038347  -0.00117576
  -0.0038347   0.00226886  0.000815368
 -0.00117576  0.000815368    0.0234395
  0.00663191  -0.00413565  -0.00153413
 -0.00413565   0.00280532   0.00149133
 -0.00153413   0.00149133    0.0230829
  0.00665271  -0.00384089   -0.0017691
 -0.00384089   0.00251024   0.00181159
  -0.0017691   0.00181159     0.022697
  0.00737423  -0.00382541  -0.00105395
 -0.00382541    0.0020619  0.000568107
 -0.00105395  0.000568107    0.0224634
  0.00681205  -0.00352846  -0.00137451
 -0.00352846   0.00196314   0.00110919
 -0.00137451   0.00110919    0.0224345
  0.00731086  -0.00351479  -0.00122927
 -0.00351479   0.00178568  0.000836003
 -0.00122927  0.000836003    0.0216366
  0.00677925  -0.00440995  -0.00228804
 -0.00440995   0.00334784    0.0029547
 -0.00228804    0.0029547    0.0224975
  0.00823968  -0.00561104 -4.64837e-05
 -0.00561104    0.0049407   0.00459234
-4.64837e-05   0.00459234     0.023394
  0.00812658  -0.00508695  0.000261032
 -0.00508695   0.00400643    0.0036413
 0.000261032    0.0036413    0.0240125
  0.00865857  -0.00499689  0.000893908
 -0.00499689   0.00410664   0.00435723
 0.000893908   0.00435723    0.0242268
  0.00872942  -0.00548763  0.000620347
 -0.00548763   0.00508955   0.00529102
 0.000620347   0.00529102    0.0235029
  0.00852719  -0.00452736   0.00116731
 -0.00452736   0.00325662   0.00343376
  0.00116731   0.00343376    0.0249499
  0.00907945  -0.00481629   0.00137146
 -0.00481629    0.0042347   0.00513142
  0.00137146   0.00513142    0.0243732
  0.00899267  -0.00439745   0.00160292
 -0.00439745   0.00332943   0.00413837
  0.00160292   0.00413837    0.0252091
  0.00924922   -0.0042287   0.00181373
  -0.0042287   0.00341868   0.00472763
  0.00181373   0.00472763    0.0254084
  0.00909621   -0.0052547    0.0011322
  -0.0052547   0.00527771    0.0060852
   0.0011322    0.0060852    0.0235417
  0.00927938  -0.00458095   0.00162833
 -0.00458095   0.00437716   0.00582001
  0.00162833   0.00582001    0.0244653
  0.00924229  -0.00496378   0.00142269
 -0.00496378   0.00548592   0.00684025
  0.00142269   0.00684025    0.0235285
  0.00884985   -0.0040448   0.00178798
  -0.0040448   0.00263896   0.00322924
  0.00178798   0.00322924    0.0260204
  0.00914857  -0.00393439     0.001957
 -0.00393439   0.00268658   0.00366863
    0.001957   0.00366863    0.0263194
  0.00900091  -0.00372667   0.00205862
 -0.00372667   0.00219373   0.00267713
  0.00205862   0.00267713    0.0271715
  0.00867452  -0.00379086   0.00193123
 -0.00379086   0.00217428   0.00240597
  0.00193123   0.00240597     0.026783
  0.00835801  -0.00413205   0.00139914
 -0.00413205   0.00260966   0.00264028
  0.00139914   0.00264028    0.0256509
  0.00817645   -0.0038402   0.00158839
  -0.0038402   0.00217886   0.00196458
  0.00158839   0.00196458      0.02631
  0.00778977  -0.00415906  0.000866438
 -0.00415906   0.00259242   0.00201997
 0.000866438   0.00201997    0.0252169
  0.00796781  -0.00458556  0.000581114
 -0.00458556   0.00320423   0.00274074
 0.000581114   0.00274074    0.0246257
  0.00761073   -0.0038392   0.00111009
  -0.0038392   0.00218917   0.00145917
  0.00111009   0.00145917    0.0257695
   0.0132787  -0.00623903   -0.0009621
 -0.00623903    0.0030581   0.00164791
  -0.0009621   0.00164791    0.0211453
    0.011962  -0.00571887 -0.000379741
 -0.00571887   0.00286241   0.00158399
-0.000379741   0.00158399    0.0221014
   0.0101183   -0.0045484    0.0006797
  -0.0045484   0.00218923   0.00129093
   0.0006797   0.00129093    0.0244369
  0.00942391  -0.00443122  0.000708156
 -0.00443122   0.00221671   0.00122938
 0.000708156   0.00122938    0.0244696
     0.01191   -0.0059225 -0.000689514
  -0.0059225   0.00307396   0.00171286
-0.000689514   0.00171286     0.021528
  0.00826979  -0.00377904   0.00126144
 -0.00377904   0.00188924   0.00117926
  0.00126144   0.00117926    0.0254731
  0.00939017    -0.004618  0.000317224
   -0.004618   0.00239144   0.00118713
 0.000317224   0.00118713    0.0241129
  0.00785303  -0.00378098  0.000955873
 -0.00378098   0.00194903  0.000965318
 0.000955873  0.000965318    0.0253334
  0.00829071  -0.00419384  0.000321623
 -0.00419384   0.00222195  0.000804898
 0.000321623  0.000804898    0.0253537
   0.0111991  -0.00578001 -0.000971672
 -0.00578001   0.00311023   0.00178429
-0.000971672   0.00178429    0.0204762
  0.00952469  -0.00489718  -0.00051963
 -0.00489718   0.00262589   0.00126338
 -0.00051963   0.00126338    0.0220139
   0.0110968  -0.00591677  -0.00147591
 -0.00591677   0.00328095   0.00189913
 -0.00147591   0.00189913    0.0193429
  0.00741336  -0.00360398   0.00123231
 -0.00360398   0.00192669   0.00107029
  0.00123231   0.00107029    0.0257466
   0.0074259  -0.00382591  0.000605125
 -0.00382591   0.00208762  0.000748585
 0.000605125  0.000748585    0.0254944
  0.00804066  -0.00367015   0.00155462
 -0.00367015   0.00192078    0.0014685
  0.00155462    0.0014685    0.0261839
  0.00863376  -0.00369415   0.00178352
 -0.00369415    0.0019092    0.0017765
  0.00178352    0.0017765    0.0268004
  0.00911599  -0.00395115   0.00131237
 -0.00395115   0.00191456   0.00137287
  0.00131237   0.00137287    0.0256483
  0.00988392  -0.00411821   0.00125733
 -0.00411821   0.00195616   0.00141855
  0.00125733   0.00141855    0.0262451
  0.00907301  -0.00370809    0.0018105
 -0.00370809   0.00192196   0.00192505
   0.0018105   0.00192505    0.0273173
   0.0112326  -0.00492551  0.000277219
 -0.00492551   0.00231307   0.00133974
 0.000277219   0.00133974    0.0239739
   0.0110093  -0.00591945  -0.00167245
 -0.00591945   0.00330671    0.0018813
 -0.00167245    0.0018813    0.0188035
  0.00987021  -0.00511615  -0.00118413
 -0.00511615   0.00274963   0.00129871
 -0.00118413   0.00129871    0.0202418
   0.0105565  -0.00535966  -0.00177818
 -0.00535966   0.00283759   0.00152253
 -0.00177818   0.00152253    0.0198573
   0.0113492  -0.00600477  -0.00199609
 -0.00600477   0.00331241   0.00200669
 -0.00199609   0.00200669    0.0187854
  0.00941094  -0.00469971  -0.00128414
 -0.00469971   0.00244534   0.00101128
 -0.00128414   0.00101128    0.0211231
   0.0106778  -0.00502846  -0.00180066
 -0.00502846   0.00254766   0.00164206
 -0.00180066   0.00164206    0.0195987
  0.00993396  -0.00464373   -0.0015438
 -0.00464373    0.0022854   0.00103872
  -0.0015438   0.00103872     0.020887
  0.00971579    -0.004208  -0.00162917
   -0.004208   0.00195499   0.00111729
 -0.00162917   0.00111729    0.0211494
   0.0111231  -0.00549066  -0.00210052
 -0.00549066   0.00292575   0.00214973
 -0.00210052   0.00214973    0.0177454
   0.0104077  -0.00442878  -0.00177446
 -0.00442878   0.00209985   0.00169305
 -0.00177446   0.00169305    0.0190324
   0.0111097  -0.00500157  -0.00203304
 -0.00500157   0.00258485   0.00240708
 -0.00203304   0.00240708    0.0178522
   0.0084543  -0.00409363  -0.00130428
 -0.00409363   0.00207242  0.000757587
 -0.00130428  0.000757587     0.021352
  0.00814232  -0.00362926  -0.00132998
 -0.00362926   0.00172521  0.000903581
 -0.00132998  0.000903581    0.0212026
  0.00814083  -0.00420451  -0.00088276
 -0.00420451   0.00224016  0.000582478
 -0.00088276  0.000582478    0.0226437
  0.00774469  -0.00408164 -0.000104815
 -0.00408164   0.00222593  0.000535054
-0.000104815  0.000535054    0.0253307
  0.00873098  -0.00447523 -0.000667776
 -0.00447523    0.0023728   0.00084675
-0.000667776   0.00084675    0.0226631
  0.00913559  -0.00467171   0.00148534
 -0.00467171   0.00565223   0.00745169
  0.00148534   0.00745169    0.0234773
   0.0092262  -0.00435107   0.00164871
 -0.00435107   0.00448451   0.00632928
  0.00164871   0.00632928    0.0245123
  0.00895969   -0.0041648   0.00147761
  -0.0041648   0.00453372   0.00661506
  0.00147761   0.00661506    0.0245209
  0.00883464  -0.00443123   0.00136203
 -0.00443123   0.00576939    0.0078649
  0.00136203    0.0078649    0.0234013
  0.00902073  -0.00393391   0.00155589
 -0.00393391   0.00349076   0.00525896
  0.00155589   0.00525896    0.0256331
  0.00856573  -0.00401503   0.00117585
 -0.00401503   0.00451659   0.00673193
  0.00117585   0.00673193    0.0245201
  0.00865704   -0.0038281    0.0011974
  -0.0038281   0.00343441   0.00523331
   0.0011974   0.00523331    0.0256944
  0.00823397  -0.00371056  0.000769451
 -0.00371056    0.0033316   0.00511917
 0.000769451   0.00511917    0.0257516
  0.00841973  -0.00422898   0.00111139
 -0.00422898   0.00581046   0.00810833
  0.00111139   0.00810833    0.0233304
  0.00811893  -0.00386115  0.000802071
 -0.00386115   0.00443667   0.00674344
 0.000802071   0.00674344    0.0245212
  0.00797395  -0.00403429  0.000784315
 -0.00403429   0.00577956    0.0082436
 0.000784315    0.0082436    0.0232663
  0.00868985  -0.00368971   0.00117431
 -0.00368971   0.00264647   0.00374356
  0.00117431   0.00374356    0.0268001
  0.00829599   -0.0035994  0.000695725
  -0.0035994   0.00254457   0.00349311
 0.000695725   0.00349311    0.0268941
  0.00830499  -0.00353654  0.000610555
 -0.00353654   0.00208573   0.00195578
 0.000610555   0.00195578     0.027927
  0.00866711  -0.00360445   0.00113483
 -0.00360445   0.00215885   0.00231067
  0.00113483   0.00231067    0.0278109
  0.00901823   -0.0037569   0.00159023
  -0.0037569     0.002715    0.0039062
  0.00159023    0.0039062    0.0266911
  0.00895763  -0.00363828   0.00160348
 -0.00363828   0.00220837   0.00259584
  0.00160348   0.00259584    0.0276636
  0.00920027  -0.00383244   0.00187713
 -0.00383244   0.00272373   0.00390039
  0.00187713   0.00390039    0.0265396
  0.00924498  -0.00406274   0.00178482
 -0.00406274   0.00348148   0.00511062
  0.00178482   0.00511062    0.0255466
  0.00909076  -0.00367079   0.00193995
 -0.00367079    0.0022121   0.00273664
  0.00193995   0.00273664    0.0274608
    0.007532  -0.00382986  0.000402058
 -0.00382986    0.0056771    0.0083458
 0.000402058    0.0083458    0.0231938
  0.00767493  -0.00367526  0.000372411
 -0.00367526    0.0042949   0.00673762
 0.000372411   0.00673762    0.0245079
  0.00725058  -0.00345616 -0.000100875
 -0.00345616    0.0041192   0.00676994
-0.000100875   0.00676994    0.0244733
  0.00711468   -0.0036092 -1.91457e-05
  -0.0036092   0.00554087   0.00846081
-1.91457e-05   0.00846081    0.0231018
  0.00737321   -0.0033174 -0.000226589
  -0.0033174   0.00298983   0.00493563
-0.000226589   0.00493563      0.02579
  0.00685594  -0.00323084  -0.00060578
 -0.00323084   0.00393996   0.00682827
 -0.00060578   0.00682827    0.0244307
  0.00697631  -0.00306902 -0.000778173
 -0.00306902   0.00278462   0.00492595
-0.000778173   0.00492595    0.0257772
  0.00665292  -0.00282913  -0.00128364
 -0.00282913   0.00258319   0.00496937
 -0.00128364   0.00496937    0.0255798
  0.00673071  -0.00339086 -0.000465377
 -0.00339086   0.00539764   0.00857345
-0.000465377   0.00857345    0.0230027
  0.00650922   -0.0030052  -0.00110924
  -0.0030052   0.00376539   0.00691551
 -0.00110924   0.00691551    0.0241671
  0.00639237  -0.00317522 -0.000909388
 -0.00317522    0.0052618   0.00869357
-0.000909388   0.00869357    0.0229102
  0.00708378  -0.00294344 -0.000977849
 -0.00294344   0.00200654   0.00302076
-0.000977849   0.00302076     0.026972
  0.00690511    -0.002698  -0.00149526
   -0.002698   0.00178814    0.0030432
 -0.00149526    0.0030432    0.0265417
  0.00702649  -0.00259578  -0.00164618
 -0.00259578   0.00137713   0.00125795
 -0.00164618   0.00125795    0.0277533
   0.0071612  -0.00287021  -0.00116002
 -0.00287021   0.00160539   0.00126068
 -0.00116002   0.00126068     0.027969
  0.00747414  -0.00321788  -0.00039224
 -0.00321788   0.00221841   0.00309639
 -0.00039224   0.00309639    0.0269832
  0.00753284  -0.00316332 -0.000547721
 -0.00316332   0.00181391   0.00138605
-0.000547721   0.00138605    0.0280126
  0.00788278  -0.00344667  0.000169509
 -0.00344667   0.00240154   0.00325394
 0.000169509   0.00325394    0.0269607
   0.0077943  -0.00354263  0.000292828
 -0.00354263   0.00317822    0.0049968
 0.000292828    0.0049968    0.0257869
  0.00791593  -0.00339539   4.8493e-05
 -0.00339539   0.00197064   0.00162153
  4.8493e-05   0.00162153    0.0279999
   0.0130728  -0.00536107  -0.00488359
 -0.00536107    0.0024394  0.000121676
 -0.00488359  0.000121676    0.0210815
   0.0135263  -0.00572388  -0.00442019
 -0.00572388   0.00262871  8.16096e-05
 -0.00442019  8.16096e-05     0.021211
   0.0106115  -0.00434462  -0.00321359
 -0.00434462    0.0020196 -0.000594132
 -0.00321359 -0.000594132    0.0247927
   0.0110137  -0.00463219  -0.00267921
 -0.00463219   0.00213987 -0.000465619
 -0.00267921 -0.000465619     0.024861
   0.0139278  -0.00600956  -0.00393918
 -0.00600956   0.00276264  0.000133227
 -0.00393918  0.000133227    0.0212514
  0.00896721  -0.00373119  -0.00155101
 -0.00373119   0.00179168  -0.00056677
 -0.00155101  -0.00056677    0.0274002
   0.0113634  -0.00483692  -0.00214777
 -0.00483692   0.00221199  -0.00025882
 -0.00214777  -0.00025882    0.0248455
  0.00932981  -0.00393753 -0.000977308
 -0.00393753   0.00186609 -0.000289697
-0.000977308 -0.000289697    0.0273901
  0.00966966  -0.00406976 -0.000404201
 -0.00406976   0.00192447  7.00829e-05
-0.000404201  7.00829e-05    0.0273139
    0.014225  -0.00623217  -0.00345333
 -0.00623217   0.00286433  0.000278606
 -0.00345333  0.000278606    0.0211998
   0.0116488  -0.00498801  -0.00160558
 -0.00498801   0.00227431  6.07745e-05
 -0.00160558  6.07745e-05    0.0247459
   0.0144541  -0.00639481  -0.00295289
 -0.00639481   0.00294345  0.000525879
 -0.00295289  0.000525879    0.0210883
  0.00819272  -0.00347154 -0.000325467
 -0.00347154   0.00178289  0.000395425
-0.000325467  0.000395425     0.028299
  0.00855386  -0.00360533  0.000252041
 -0.00360533   0.00186551  0.000772868
 0.000252041  0.000772868    0.0282193
  0.00782466  -0.00325122 -0.000922444
 -0.00325122   0.00167057   0.00011484
-0.000922444   0.00011484    0.0283045
  0.00746895  -0.00294539  -0.00153674
 -0.00294539   0.00148725 -4.71441e-05
 -0.00153674 -4.71441e-05    0.0282268
  0.00859087   -0.0034328  -0.00213835
  -0.0034328   0.00164532 -0.000730025
 -0.00213835 -0.000730025    0.0273113
  0.00842106  -0.00308376  -0.00265185
 -0.00308376   0.00140466 -0.000738831
 -0.00265185 -0.000738831    0.0271817
    0.007467   -0.0026666  -0.00204751
  -0.0026666   0.00125749 -4.55999e-05
 -0.00204751 -4.55999e-05    0.0279212
   0.0103614  -0.00400023  -0.00371505
 -0.00400023   0.00181145 -0.000586382
 -0.00371505 -0.000586382    0.0246372
   0.0145978  -0.00650177  -0.00244798
 -0.00650177     0.003003  0.000861058
 -0.00244798  0.000861058    0.0209214
   0.0118739  -0.00506131  -0.00107314
 -0.00506131   0.00230687  0.000454558
 -0.00107314  0.000454558    0.0245927
   0.0119848  -0.00509718 -0.000586923
 -0.00509718   0.00232402  0.000882171
-0.000586923  0.000882171    0.0243685
   0.0146282  -0.00658785  -0.00193255
 -0.00658785   0.00307542    0.0011898
 -0.00193255    0.0011898    0.0208133
   0.0101419  -0.00414414  0.000654646
 -0.00414414   0.00195882  0.000928723
 0.000654646  0.000928723    0.0269784
   0.0118535  -0.00508162 -0.000102924
 -0.00508162   0.00233869   0.00117161
-0.000102924   0.00117161    0.0241333
   0.0101641  -0.00413851   0.00102199
 -0.00413851   0.00194991   0.00127588
  0.00102199   0.00127588    0.0266923
   0.0140889   -0.0064406  -0.00140829
  -0.0064406   0.00305822   0.00147322
 -0.00140829   0.00147322    0.0209242
  0.00920577  -0.00367565    0.0016606
 -0.00367565   0.00192215   0.00183931
   0.0016606   0.00183931    0.0276722
  0.00911892  -0.00367344   0.00130289
 -0.00367344   0.00193152   0.00156988
  0.00130289   0.00156988     0.027917
  0.00887934  -0.00365707  0.000804222
 -0.00365707   0.00191059   0.00118435
 0.000804222   0.00118435    0.0280918
  0.00995155  -0.00413533  0.000155569
 -0.00413533   0.00195857  0.000495655
 0.000155569  0.000495655    0.0271754
  0.00548566  -0.00839625  -0.00140377
 -0.00839625    0.0251519    0.0145866
 -0.00140377    0.0145866    0.0156646
  0.00579299  -0.00836873 -0.000891949
 -0.00836873    0.0239709    0.0138295
-0.000891949    0.0138295    0.0159958
  0.00601031  -0.00828442  -0.00144759
 -0.00828442    0.0201534    0.0129266
 -0.00144759    0.0129266    0.0172693
  0.00634114  -0.00826262 -0.000891703
 -0.00826262    0.0192834    0.0122041
-0.000891703    0.0122041    0.0174203
  0.00615363  -0.00831973 -0.000377449
 -0.00831973    0.0228592    0.0131825
-0.000377449    0.0131825    0.0162546
  0.00655162   -0.0081361  -0.00141985
  -0.0081361    0.0160053    0.0111273
 -0.00141985    0.0111273    0.0185539
  0.00671232  -0.00820111 -0.000353261
 -0.00820111    0.0185291    0.0117004
