           0            0            0
           0            0            0
           0            0            0
   0.0282417  -0.00138579   0.00616292
 -0.00138579  0.000260664  -0.00135313
  0.00616292  -0.00135313     0.016995
   0.0245847   -0.0012485   0.00887802
  -0.0012485  0.000186942  -0.00107424
  0.00887802  -0.00107424    0.0208198
   0.0209584  -0.00175606    0.0114289
 -0.00175606   0.00025792 -0.000935474
   0.0114289 -0.000935474    0.0229948
   0.0200401  -0.00228015    0.0126038
 -0.00228015   0.00036587 -0.000733823
   0.0126038 -0.000733823    0.0230914
   0.0201189   -0.0027135    0.0120551
  -0.0027135   0.00048645 -0.000600992
   0.0120551 -0.000600992    0.0232851
   0.0179726   -0.0025622    0.0105094
  -0.0025622  0.000448022 -0.000760043
   0.0105094 -0.000760043    0.0209717
   0.0186588   -0.0029217   0.00965789
  -0.0029217  0.000547811 -0.000688632
  0.00965789 -0.000688632    0.0220973
   0.0202369  -0.00301785     0.011035
 -0.00301785  0.000574727  -0.00058287
    0.011035  -0.00058287    0.0235066
   0.0183971  -0.00301671   0.00774931
 -0.00301671  0.000589547 -0.000762057
  0.00774931 -0.000762057    0.0228292
   0.0200985  -0.00316209   0.00921893
 -0.00316209   0.00061702 -0.000691196
  0.00921893 -0.000691196    0.0242707
   0.0182414  -0.00289001   0.00543825
 -0.00289001   0.00058086 -0.000987741
  0.00543825 -0.000987741    0.0237882
   0.0202137  -0.00325629   0.00833506
 -0.00325629  0.000629037 -0.000891911
  0.00833506 -0.000891911    0.0243812
   0.0414044   0.00115658    0.0147963
  0.00115658  0.000834477   0.00278649
   0.0147963   0.00278649     0.021182
   0.0358671 -3.73229e-05    0.0171775
-3.73229e-05    0.0010671   0.00352973
   0.0171775   0.00352973    0.0250596
   0.0354077  0.000713662    0.0168865
 0.000713662  0.000804991   0.00331158
   0.0168865   0.00331158    0.0249776
   0.0321956  8.91311e-06    0.0189763
 8.91311e-06   0.00104981   0.00382713
   0.0189763   0.00382713    0.0280247
   0.0319551 -0.000684449    0.0188259
-0.000684449   0.00132485   0.00391673
   0.0188259   0.00391673    0.0278526
   0.0303753   0.00022414    0.0178644
  0.00022414  0.000790532   0.00334407
   0.0178644   0.00334407    0.0274995
   0.0297157 -0.000611292    0.0193607
-0.000611292   0.00123322   0.00386515
   0.0193607   0.00386515    0.0291717
   0.0283871 -0.000379141    0.0185318
-0.000379141  0.000980087   0.00351314
   0.0185318   0.00351314     0.028774
   0.0278338 -0.000975154    0.0183716
-0.000975154   0.00106963   0.00328806
   0.0183716   0.00328806    0.0288852
   0.0291042  -0.00120063    0.0189201
 -0.00120063   0.00148336   0.00385946
   0.0189201   0.00385946    0.0288533
   0.0289611  -0.00124784    0.0190404
 -0.00124784   0.00128759   0.00351085
   0.0190404   0.00351085    0.0292226
   0.0281561  -0.00177885    0.0184373
 -0.00177885   0.00149448   0.00344061
   0.0184373   0.00344061    0.0288819
   0.0265967  -0.00054536    0.0173671
 -0.00054536  0.000748728   0.00280388
   0.0173671   0.00280388    0.0282189
   0.0260694  -0.00107183    0.0172499
 -0.00107183  0.000866832   0.00272042
   0.0172499   0.00272042    0.0283384
   0.0249263  -0.00146255    0.0165203
 -0.00146255  0.000697954   0.00190074
   0.0165203   0.00190074    0.0280761
   0.0256226 -0.000983995    0.0167345
-0.000983995  0.000562119   0.00185844
   0.0167345   0.00185844     0.028043
   0.0285068  2.06945e-05    0.0166793
 2.06945e-05  0.000564032   0.00252577
   0.0166793   0.00252577    0.0269704
   0.0278507 -0.000436315    0.0162844
-0.000436315  0.000394639   0.00151799
   0.0162844   0.00151799    0.0269698
   0.0315078  0.000677249    0.0145785
 0.000677249     0.000392   0.00187541
   0.0145785   0.00187541     0.023996
   0.0332263  0.000910249    0.0155989
 0.000910249  0.000575746    0.0027271
   0.0155989    0.0027271    0.0243875
   0.0375956   0.00190268    0.0126875
  0.00190268  0.000458676   0.00182801
   0.0126875   0.00182801    0.0202937
   0.0313163   0.00020952    0.0142782
  0.00020952  0.000263534  0.000896876
   0.0142782  0.000896876    0.0241873
   0.0361171   0.00153264    0.0119241
  0.00153264  0.000313221   0.00104247
   0.0119241   0.00104247     0.020058
   0.0371199   0.00092277    0.0118033
  0.00092277  0.000220008  0.000174733
   0.0118033  0.000174733    0.0204742
   0.0399899   0.00184409    0.0139991
  0.00184409  0.000631006   0.00245449
   0.0139991   0.00245449    0.0208431
   0.0274199  -0.00240148    0.0172967
 -0.00240148   0.00138733   0.00276748
   0.0172967   0.00276748    0.0283065
    0.028355  -0.00195376    0.0179456
 -0.00195376   0.00122415   0.00285085
   0.0179456   0.00285085    0.0285646
   0.0277956  -0.00253236     0.016797
 -0.00253236   0.00108083   0.00201339
    0.016797   0.00201339    0.0279534
   0.0267288  -0.00287537    0.0160886
 -0.00287537   0.00119661   0.00193485
   0.0160886   0.00193485    0.0277455
   0.0269339  -0.00221541    0.0162968
 -0.00221541  0.000946894   0.00197041
   0.0162968   0.00197041    0.0276137
   0.0272487  -0.00296799    0.0156003
 -0.00296799  0.000905938   0.00105748
   0.0156003   0.00105748    0.0273488
   0.0265229  -0.00265895    0.0151807
 -0.00265895  0.000806822   0.00107881
   0.0151807   0.00107881     0.027025
   0.0261536  -0.00296663    0.0140881
 -0.00296663  0.000674972  0.000110388
   0.0140881  0.000110388    0.0264717
   0.0260653  -0.00318784    0.0148182
 -0.00318784  0.000978512   0.00100822
   0.0148182   0.00100822    0.0271543
   0.0267669  -0.00326026    0.0144279
 -0.00326026  0.000749787  4.85495e-05
   0.0144279  4.85495e-05    0.0267627
   0.0254346  -0.00336433    0.0135376
 -0.00336433  0.000791142  5.47321e-05
   0.0135376  5.47321e-05      0.02653
     0.02489   -0.0025122    0.0141894
  -0.0025122  0.000721869   0.00093462
   0.0141894   0.00093462     0.026501
   0.0245508  -0.00274535    0.0131091
 -0.00274535  0.000609424  8.44885e-05
   0.0131091  8.44885e-05    0.0259489
   0.0231603    -0.002752    0.0122357
   -0.002752   0.00058148   -9.522e-05
   0.0122357   -9.522e-05    0.0255395
   0.0235799  -0.00262121    0.0133894
 -0.00262121  0.000673147  0.000599022
   0.0133894  0.000599022    0.0261464
   0.0252595   -0.0021416    0.0152822
  -0.0021416   0.00082855    0.0016929
   0.0152822    0.0016929    0.0270897
   0.0239958  -0.00234773    0.0145258
 -0.00234773  0.000744881   0.00119445
   0.0145258   0.00119445     0.026777
   0.0256358  -0.00165579    0.0163072
 -0.00165579  0.000885911   0.00230204
   0.0163072   0.00230204    0.0276933
   0.0273612  -0.00164868    0.0173683
 -0.00164868   0.00104632   0.00272377
   0.0173683   0.00272377    0.0282258
   0.0244134  -0.00195493    0.0155687
 -0.00195493  0.000756836   0.00164063
   0.0155687   0.00164063    0.0274119
    0.021653  -0.00328021    0.0110365
 -0.00328021  0.000648594 -0.000526099
   0.0110365 -0.000526099    0.0250804
   0.0216774  -0.00309154    0.0120689
 -0.00309154  0.000617942 -0.000350622
   0.0120689 -0.000350622    0.0250126
   0.0232329  -0.00301855    0.0137435
 -0.00301855  0.000660029  2.87879e-05
   0.0137435  2.87879e-05    0.0263553
   0.0214497   -0.0027593    0.0130985
  -0.0027593   0.00053279 -0.000335048
   0.0130985 -0.000335048    0.0246368
    0.023475   -0.0026893    0.0146884
  -0.0026893  0.000593709  0.000197645
   0.0146884  0.000197645    0.0268425
   0.0236588  -0.00223343    0.0154454
 -0.00223343  0.000473692  0.000213932
   0.0154454  0.000213932    0.0271063
   0.0216896  -0.00233883    0.0139605
 -0.00233883  0.000412244 -0.000387836
   0.0139605 -0.000387836    0.0248212
   0.0243204  -0.00243015    0.0155379
 -0.00243015  0.000672063  0.000832682
   0.0155379  0.000832682    0.0275846
   0.0247575  -0.00197151     0.016436
 -0.00197151  0.000576668   0.00095832
    0.016436   0.00095832    0.0282501
   0.0237524  -0.00274779    0.0143977
 -0.00274779  0.000698657  0.000549542
   0.0143977  0.000549542    0.0268608
   0.0232386  -0.00293968    0.0131545
 -0.00293968   0.00066406  0.000120615
   0.0131545  0.000120615    0.0261242
    0.022778  -0.00318201    0.0126179
 -0.00318201  0.000659262 -0.000280516
   0.0126179 -0.000280516    0.0258841
   0.0224807  -0.00323379    0.0115332
 -0.00323379  0.000624673 -0.000726113
   0.0115332 -0.000726113    0.0251797
   0.0226922  -0.00298497    0.0118723
 -0.00298497  0.000594605  -0.00041452
   0.0118723  -0.00041452    0.0254121
   0.0213738  -0.00330025    0.0100869
 -0.00330025  0.000628995 -0.000863293
   0.0100869 -0.000863293    0.0248242
   0.0224924  -0.00181865    0.0136053
 -0.00181865   0.00028859 -0.000577877
   0.0136053 -0.000577877    0.0249164
   0.0258391  -0.00128609    0.0119343
 -0.00128609  0.000196007  -0.00080684
   0.0119343  -0.00080684    0.0235195
   0.0266093  -0.00115198    0.0139486
 -0.00115198   0.00021868 -0.000313495
   0.0139486 -0.000313495    0.0252471
   0.0293566 -0.000883257   0.00875288
-0.000883257  0.000179714  -0.00106634
  0.00875288  -0.00106634    0.0197667
   0.0300202 -0.000704549    0.0106212
-0.000704549  0.000179007 -0.000736326
   0.0106212 -0.000736326    0.0212712
   0.0347675  -0.00048628   0.00804562
 -0.00048628  0.000216318  -0.00111981
  0.00804562  -0.00111981    0.0176537
   0.0325929  -0.00104604   0.00639288
 -0.00104604  0.000250762  -0.00134412
  0.00639288  -0.00134412    0.0167549
   0.0310037   -0.0002346    0.0131235
  -0.0002346   0.00018599  5.88947e-06
   0.0131235  5.88947e-06    0.0235523
   0.0356343  0.000185306    0.0102334
 0.000185306  0.000178693 -0.000527514
   0.0102334 -0.000527514    0.0194545
   0.0274729 -0.000883167    0.0156484
-0.000883167  0.000277741  0.000523428
   0.0156484  0.000523428    0.0266789
   0.0252349  -0.00147117    0.0164774
 -0.00147117  0.000428246  0.000849808
   0.0164774  0.000849808    0.0280848
   0.0241468   -0.0017233    0.0151834
  -0.0017233  0.000331035  3.65145e-05
   0.0151834  3.65145e-05     0.026706
   0.0247634  -0.00344035     0.012225
 -0.00344035  0.000670283 -0.000885416
    0.012225 -0.000885416    0.0258883
   0.0263407  -0.00344906    0.0132575
 -0.00344906  0.000655306 -0.000975575
   0.0132575 -0.000975575    0.0261917
   0.0259421  -0.00354187    0.0120808
 -0.00354187  0.000654297  -0.00197821
   0.0120808  -0.00197821    0.0256522
   0.0240243  -0.00342868    0.0108826
 -0.00342868  0.000647939  -0.00178519
   0.0108826  -0.00178519    0.0252578
   0.0257235  -0.00328203    0.0119861
 -0.00328203  0.000598599   -0.0019432
   0.0119861   -0.0019432    0.0255109
   0.0254242  -0.00357032    0.0108914
 -0.00357032  0.000748797  -0.00291634
   0.0108914  -0.00291634    0.0251382
   0.0255547  -0.00334719    0.0109594
 -0.00334719   0.00070089  -0.00293037
   0.0109594  -0.00293037    0.0250936
   0.0252847  -0.00336913   0.00997648
 -0.00336913  0.000879726  -0.00381123
  0.00997648  -0.00381123    0.0247002
   0.0231827  -0.00335017   0.00954801
 -0.00335017  0.000711084  -0.00261581
  0.00954801  -0.00261581     0.024643
   0.0247453  -0.00352939   0.00973393
 -0.00352939  0.000912666  -0.00374909
  0.00973393  -0.00374909    0.0246257
   0.0221955   -0.0032123   0.00826099
  -0.0032123  0.000844047  -0.00336681
  0.00826099  -0.00336681    0.0240083
   0.0239971  -0.00288121    0.0099979
 -0.00288121  0.000612401   -0.0027658
   0.0099979   -0.0027658    0.0246079
   0.0239798  -0.00286151   0.00909757
 -0.00286151  0.000777699  -0.00362974
  0.00909757  -0.00362974    0.0242659
   0.0220855   -0.0023122   0.00783673
  -0.0023122  0.000666234    -0.003366
  0.00783673    -0.003366    0.0236665
   0.0221579  -0.00247036   0.00882142
 -0.00247036  0.000534939  -0.00257761
  0.00882142  -0.00257761    0.0240465
   0.0240577   -0.0028876    0.0109925
  -0.0028876  0.000525242  -0.00181228
   0.0109925  -0.00181228    0.0249979
   0.0223801  -0.00263713   0.00991848
 -0.00263713  0.000482472  -0.00172406
  0.00991848  -0.00172406    0.0244754
    0.024232  -0.00286383    0.0120317
 -0.00286383  0.000529702 -0.000841879
   0.0120317 -0.000841879    0.0254399
   0.0258649  -0.00316804    0.0130233
 -0.00316804  0.000591185 -0.000910801
   0.0130233 -0.000910801    0.0259681
   0.0227221  -0.00275582    0.0110694
 -0.00275582   0.00050313  -0.00087769
   0.0110694  -0.00087769    0.0249738
   0.0210554   -0.0029997   0.00700924
  -0.0029997   0.00103293  -0.00408026
  0.00700924  -0.00408026    0.0233296
   0.0238772  -0.00341197   0.00856446
 -0.00341197   0.00112407  -0.00449992
  0.00856446  -0.00449992    0.0240786
   0.0228866  -0.00313288   0.00736703
 -0.00313288   0.00139695  -0.00521569
  0.00736703  -0.00521569    0.0234819
   0.0198305  -0.00263545   0.00580511
 -0.00263545    0.0013127  -0.00481637
  0.00580511  -0.00481637    0.0226054
   0.0243258  -0.00315194    0.0079462
 -0.00315194   0.00136045  -0.00529188
   0.0079462  -0.00529188    0.0238731
    0.021738  -0.00264199   0.00617217
 -0.00264199   0.00175734  -0.00594309
  0.00617217  -0.00594309    0.0228417
   0.0236189  -0.00277691   0.00685203
 -0.00277691   0.00167598  -0.00596516
  0.00685203  -0.00596516    0.0234131
   0.0226762   -0.0021486   0.00574839
  -0.0021486   0.00207878  -0.00663839
  0.00574839  -0.00663839    0.0229311
   0.0185113  -0.00206154   0.00469743
 -0.00206154   0.00171359  -0.00561484
  0.00469743  -0.00561484    0.0218558
   0.0203561  -0.00189185   0.00502183
 -0.00189185   0.00224812  -0.00671232
  0.00502183  -0.00671232    0.0221901
   0.0171009  -0.00125731   0.00370974
 -0.00125731   0.00230081  -0.00650225
  0.00370974  -0.00650225    0.0211362
   0.0235179  -0.00242774   0.00633208
 -0.00242774   0.00148961  -0.00567239
  0.00633208  -0.00567239     0.023346
   0.0231295  -0.00192969   0.00535989
 -0.00192969   0.00180364  -0.00625014
  0.00535989  -0.00625014    0.0230616
   0.0220423  -0.00138817   0.00406699
 -0.00138817   0.00149129  -0.00566525
  0.00406699  -0.00566525    0.0226814
   0.0220424  -0.00178563   0.00499477
 -0.00178563   0.00125795  -0.00519752
  0.00499477  -0.00519752    0.0228338
   0.0237575  -0.00269766   0.00729482
 -0.00269766   0.00121982  -0.00506014
  0.00729482  -0.00506014    0.0236399
   0.0220532  -0.00202509   0.00594547
 -0.00202509   0.00104195  -0.00467036
  0.00594547  -0.00467036    0.0230483
   0.0238799  -0.00282573   0.00820706
 -0.00282573  0.000982875  -0.00439029
  0.00820706  -0.00439029    0.0239477
   0.0248548  -0.00332965   0.00898827
 -0.00332965   0.00109723  -0.00458785
  0.00898827  -0.00458785    0.0243024
   0.0220483  -0.00218555    0.0068994
 -0.00218555  0.000840669  -0.00406505
   0.0068994  -0.00406505    0.0233354
   0.0194131  0.000198538  -0.00061868
 0.000198538  0.000719428  -0.00380623
 -0.00061868  -0.00380623    0.0211964
    0.019454 -0.000249506    0.0008133
-0.000249506  0.000683068   -0.0037381
   0.0008133   -0.0037381    0.0212715
   0.0193255 -0.000369447   0.00155921
-0.000369447  0.000772658  -0.00401022
  0.00155921  -0.00401022    0.0215216
   0.0194951 -0.000823654   0.00293758
-0.000823654  0.000691821  -0.00374402
  0.00293758  -0.00374402    0.0217729
   0.0197452 -0.000828895   0.00230049
-0.000828895   0.00064182  -0.00353937
  0.00230049  -0.00353937    0.0215156
   0.0196521  -0.00100585   0.00365176
 -0.00100585  0.000769166  -0.00397938
  0.00365176  -0.00397938    0.0220555
   0.0198785  -0.00138505   0.00432664
 -0.00138505  0.000617076  -0.00338107
  0.00432664  -0.00338107    0.0221679
   0.0198704  -0.00141239   0.00491192
 -0.00141239  0.000649536  -0.00353727
  0.00491192  -0.00353727     0.022432
   0.0203451  -0.00187342   0.00618543
 -0.00187342  0.000563069  -0.00301812
  0.00618543  -0.00301812    0.0228849
   0.0200886  -0.00149627   0.00369951
 -0.00149627  0.000603042  -0.00323244
  0.00369951  -0.00323244    0.0218459
    0.020508  -0.00199649   0.00572911
 -0.00199649   0.00057227  -0.00295013
  0.00572911  -0.00295013    0.0226394
   0.0202798  -0.00211667   0.00491924
 -0.00211667  0.000578366  -0.00282365
  0.00491924  -0.00282365    0.0220827
   0.0204928   -0.0016737   0.00569727
  -0.0016737  0.000723641  -0.00376104
  0.00569727  -0.00376104    0.0227837
   0.0207156  -0.00195829   0.00679819
 -0.00195829  0.000589307  -0.00314793
  0.00679819  -0.00314793    0.0231821
   0.0204435  -0.00141179   0.00460829
 -0.00141179   0.00088355  -0.00428407
  0.00460829  -0.00428407    0.0224572
   0.0204231  -0.00113601   0.00351862
 -0.00113601   0.00104752  -0.00471442
  0.00351862  -0.00471442    0.0222376
   0.0195627 -0.000656154   0.00239623
-0.000656154  0.000888074  -0.00431953
  0.00239623  -0.00431953    0.0218049
   0.0195227 -0.000293538   0.00116656
-0.000293538  0.000996897  -0.00455465
  0.00116656  -0.00455465    0.0216799
   0.0204811 -0.000773646   0.00248927
-0.000773646   0.00121031   -0.0050609
  0.00248927   -0.0050609    0.0221277
   0.0192979  1.80626e-05  0.000210097
 1.80626e-05  0.000841814  -0.00415421
 0.000210097  -0.00415421    0.0214106
   0.0199701  -0.00258273   0.00573145
 -0.00258273  0.000561997   -0.0023254
  0.00573145   -0.0023254     0.022379
   0.0210253  -0.00257772   0.00708077
 -0.00257772  0.000557552  -0.00246016
  0.00708077  -0.00246016    0.0231262
   0.0211658  -0.00299173   0.00829289
 -0.00299173  0.000566876  -0.00190481
  0.00829289  -0.00190481    0.0235044
   0.0197131  -0.00289425   0.00620766
 -0.00289425  0.000567171  -0.00177541
  0.00620766  -0.00177541    0.0232651
   0.0215817   -0.0028342   0.00896154
  -0.0028342  0.000526045  -0.00184609
  0.00896154  -0.00184609    0.0239942
   0.0211204  -0.00321452   0.00929548
 -0.00321452  0.000593162  -0.00135103
  0.00929548  -0.00135103    0.0239288
   0.0220684  -0.00313212    0.0103081
 -0.00313212  0.000567328  -0.00126052
   0.0103081  -0.00126052    0.0246109
   0.0198827  -0.00312993   0.00705073
 -0.00312993  0.000593691  -0.00128199
  0.00705073  -0.00128199    0.0242559
   0.0221004  -0.00288784    0.0105579
 -0.00288784  0.000520096  -0.00104116
   0.0105579  -0.00104116    0.0247408
   0.0215501  -0.00263932   0.00924491
 -0.00263932   0.00048249  -0.00174069
  0.00924491  -0.00174069    0.0241508
   0.0210671   -0.0023047   0.00796418
  -0.0023047  0.000503304  -0.00246702
  0.00796418  -0.00246702    0.0236375
   0.0209383  -0.00238003   0.00752829
 -0.00238003  0.000517065  -0.00244618
  0.00752829  -0.00244618    0.0234042
   0.0186647  -0.00293066   0.00484209
 -0.00293066  0.000579555  -0.00122751
  0.00484209  -0.00122751    0.0242888
   0.0188858  -0.00278109    0.0042053
 -0.00278109  0.000556593  -0.00165075
   0.0042053  -0.00165075    0.0238667
    0.017096  -0.00242075   0.00189606
 -0.00242075  0.000516813  -0.00140842
  0.00189606  -0.00140842    0.0233593
   0.0187952  -0.00244485   0.00334708
 -0.00244485  0.000540745  -0.00211675
  0.00334708  -0.00211675    0.0230487
   0.0176649  -0.00228224   0.00134452
 -0.00228224  0.000510455  -0.00187375
  0.00134452  -0.00187375     0.023413
   0.0182665  -0.00197055   0.00105667
 -0.00197055   0.00051888   -0.0023508
  0.00105667   -0.0023508    0.0227698
   0.0191088  -0.00203979   0.00290424
 -0.00203979  0.000544893    -0.002563
  0.00290424    -0.002563     0.022078
   0.0166569  -0.00171476   -0.0010108
 -0.00171476  0.000445717  -0.00189264
  -0.0010108  -0.00189264    0.0228828
   0.0194728  -0.00154289   0.00251036
 -0.00154289  0.000566329  -0.00296261
  0.00251036  -0.00296261    0.0211835
   0.0198214 -0.000917422   0.00146955
-0.000917422  0.000590006  -0.00328309
  0.00146955  -0.00328309    0.0211198
   0.0192354 -0.000933957 -7.78054e-05
-0.000933957  0.000518377  -0.00294578
-7.78054e-05  -0.00294578    0.0212239
   0.0198949 -0.000287187  0.000100543
-0.000287187  0.000605003  -0.00345034
 0.000100543  -0.00345034    0.0210242
   0.0199518 -0.000349661 -0.000999004
-0.000349661  0.000520572  -0.00310119
-0.000999004  -0.00310119    0.0209949
   0.0204374  0.000166675  -0.00220159
 0.000166675  0.000512143  -0.00306599
 -0.00220159  -0.00306599    0.0208468
   0.0197629  0.000254423  -0.00142987
 0.000254423  0.000610415  -0.00345168
 -0.00142987  -0.00345168    0.0209656
   0.0191005 -0.000396333  -0.00246633
-0.000396333   0.00042132  -0.00264956
 -0.00246633  -0.00264956    0.0209778
   0.0203704   7.4424e-05  -0.00337989
  7.4424e-05  0.000406255  -0.00260737
 -0.00337989  -0.00260737    0.0209102
   0.0193957 -0.000102482  -0.00429787
-0.000102482    0.0003098  -0.00208343
 -0.00429787  -0.00208343    0.0206284
   0.0183745 -0.000467361  -0.00357816
-0.000467361  0.000338765  -0.00222875
 -0.00357816  -0.00222875    0.0213939
   0.0185066 -0.000885369  -0.00167775
-0.000885369  0.000440603  -0.00260659
 -0.00167775  -0.00260659    0.0217802
   0.0173117 -0.000975745  -0.00290987
-0.000975745  0.000386965  -0.00220773
 -0.00290987  -0.00220773    0.0228159
   0.0176873   -0.0014213   -0.0012758
  -0.0014213  0.000456195   -0.0023474
  -0.0012758   -0.0023474    0.0225726
   0.0187423  -0.00147929  0.000438044
 -0.00147929  0.000513386   -0.0026866
 0.000438044   -0.0026866    0.0220721
   0.0174158 -0.000459628  -0.00450456
-0.000459628  0.000280634    -0.001962
 -0.00450456    -0.001962    0.0218056
    0.018205 -0.000233929  -0.00495565
-0.000233929  0.000239805  -0.00154923
 -0.00495565  -0.00154923    0.0198797
  0.00539712  -0.00485571  -0.00542175
 -0.00485571   0.00462154   0.00473127
 -0.00542175   0.00473127    0.0211155
   0.0055631  -0.00495724  -0.00461619
 -0.00495724   0.00470905   0.00447084
 -0.00461619   0.00447084     0.021667
  0.00532576  -0.00433654  -0.00415464
 -0.00433654   0.00381814   0.00334222
 -0.00415464   0.00334222    0.0218847
  0.00570667  -0.00442328  -0.00320689
 -0.00442328   0.00391803   0.00357987
 -0.00320689   0.00357987    0.0225264
  0.00591366  -0.00501389  -0.00364068
 -0.00501389    0.0047672   0.00456588
 -0.00364068   0.00456588    0.0221801
  0.00548587   -0.0038767  -0.00273763
  -0.0038767   0.00316791   0.00271895
 -0.00273763   0.00271895    0.0229609
  0.00631891  -0.00439456  -0.00208651
 -0.00439456   0.00396466   0.00425587
 -0.00208651   0.00425587    0.0231272
  0.00612084  -0.00385382  -0.00165788
 -0.00385382   0.00321462   0.00348391
 -0.00165788   0.00348391    0.0236849
   0.0069857  -0.00370259  -0.00046552
 -0.00370259   0.00329312   0.00456568
 -0.00046552   0.00456568    0.0243259
  0.00650532  -0.00497559  -0.00248922
 -0.00497559   0.00480631   0.00509493
 -0.00248922   0.00509493     0.022658
  0.00716648   -0.0042433 -0.000837401
  -0.0042433   0.00408058    0.0052678
-0.000837401    0.0052678    0.0236379
   0.0073307  -0.00484477   -0.0012135
 -0.00484477   0.00496745   0.00598135
  -0.0012135   0.00598135    0.0230513
   0.0059339  -0.00342102  -0.00128769
 -0.00342102   0.00262717   0.00292177
 -0.00128769   0.00292177     0.024336
   0.0067976  -0.00326314 -0.000158597
 -0.00326314   0.00266459   0.00399231
-0.000158597   0.00399231    0.0250928
  0.00663665  -0.00297633  4.34555e-05
 -0.00297633   0.00222099   0.00352748
 4.34555e-05   0.00352748    0.0258864
  0.00613784  -0.00333891  -0.00123597
 -0.00333891   0.00235902   0.00265611
 -0.00123597   0.00265611    0.0252396
  0.00549012  -0.00357425  -0.00245859
 -0.00357425   0.00265935   0.00220955
 -0.00245859   0.00220955    0.0236419
  0.00589533  -0.00359761  -0.00243801
 -0.00359761   0.00247656   0.00199449
 -0.00243801   0.00199449    0.0245035
  0.00522002  -0.00355073  -0.00341575
 -0.00355073   0.00258834    0.0018553
 -0.00341575    0.0018553    0.0228348
  0.00514884  -0.00381447  -0.00371601
 -0.00381447   0.00307562    0.0024203
 -0.00371601    0.0024203    0.0222607
  0.00495121   -0.0036462  -0.00445884
  -0.0036462   0.00289458   0.00243243
 -0.00445884   0.00243243    0.0214495
  0.00565339  -0.00358987  -0.00333271
 -0.00358987   0.00242053    0.0016465
 -0.00333271    0.0016465    0.0222211
  0.00500149  -0.00336938  -0.00409304
 -0.00336938   0.00239676   0.00181451
 -0.00409304   0.00181451     0.021387
  0.00535592  -0.00339243  -0.00397262
 -0.00339243   0.00225182   0.00159523
 -0.00397262   0.00159523    0.0209267
   0.0051376   -0.0041896  -0.00492314
  -0.0041896     0.003665   0.00345951
 -0.00492314   0.00345951    0.0211972
  0.00828383  -0.00461001  6.51778e-05
 -0.00461001   0.00532589   0.00711284
 6.51778e-05   0.00711284    0.0233002
   0.0081633  -0.00398336   0.00041052
 -0.00398336   0.00434011   0.00647905
  0.00041052   0.00647905    0.0240181
  0.00910868   -0.0036909    0.0014791
  -0.0036909   0.00478725   0.00767481
   0.0014791   0.00767481    0.0242323
  0.00916485  -0.00432353   0.00116565
 -0.00432353   0.00591732    0.0082995
  0.00116565    0.0082995    0.0233649
  0.00898596  -0.00315075   0.00172252
 -0.00315075    0.0037555    0.0069194
  0.00172252    0.0069194    0.0252067
   0.0097721  -0.00343187   0.00219697
 -0.00343187   0.00536711   0.00868178
  0.00219697   0.00868178    0.0243201
  0.00971101  -0.00293447    0.0023705
 -0.00293447   0.00415782   0.00777404
   0.0023705   0.00777404    0.0254527
   0.0100026  -0.00288002   0.00259129
 -0.00288002   0.00457347   0.00816041
  0.00259129   0.00816041    0.0256378
  0.00975121  -0.00402715   0.00192843
 -0.00402715   0.00665988   0.00937792
  0.00192843   0.00937792    0.0232979
  0.00999638   -0.0032972   0.00250187
  -0.0032972   0.00593709   0.00929214
  0.00250187   0.00929214    0.0243549
  0.00991346  -0.00382017   0.00228799
 -0.00382017   0.00738551    0.0101591
  0.00228799    0.0101591    0.0231758
  0.00956576  -0.00258196   0.00240053
 -0.00258196   0.00316588   0.00676322
  0.00240053   0.00676322    0.0266357
  0.00991637  -0.00259282   0.00252961
 -0.00259282   0.00344299    0.0068583
  0.00252961    0.0068583    0.0269463
  0.00974788  -0.00244985   0.00232978
 -0.00244985   0.00260583   0.00546492
  0.00232978   0.00546492    0.0282072
  0.00935405  -0.00239551   0.00230126
 -0.00239551    0.0024223   0.00568148
  0.00230126   0.00568148    0.0277933
  0.00880626  -0.00275785   0.00184674
 -0.00275785   0.00292269   0.00613693
  0.00184674   0.00613693    0.0262457
  0.00859069  -0.00252497    0.0018514
 -0.00252497   0.00229283    0.0053268
   0.0018514    0.0053268    0.0272787
  0.00781462  -0.00301692   0.00093942
 -0.00301692   0.00275418   0.00515093
  0.00093942   0.00515093    0.0257349
  0.00800121  -0.00343746   0.00072083
 -0.00343746   0.00346037   0.00578926
  0.00072083   0.00578926    0.0248382
  0.00761936  -0.00274255   0.00105361
 -0.00274255    0.0022268   0.00454786
  0.00105361   0.00454786    0.0266399
    0.014152  -0.00513717  -0.00207806
 -0.00513717   0.00230255   0.00303017
 -0.00207806   0.00303017    0.0227828
   0.0127274  -0.00454843  -0.00129269
 -0.00454843   0.00213441   0.00349474
 -0.00129269   0.00349474    0.0237671
    0.010768  -0.00339135  9.31037e-05
 -0.00339135   0.00171674   0.00351334
 9.31037e-05   0.00351334    0.0261152
  0.00983094  -0.00333621  0.000105837
 -0.00333621   0.00178736   0.00371535
 0.000105837   0.00371535    0.0261243
   0.0124438  -0.00483905  -0.00172579
 -0.00483905   0.00238823   0.00367543
 -0.00172579   0.00367543    0.0231663
  0.00864168  -0.00265591  0.000987877
 -0.00265591   0.00163669   0.00393911
 0.000987877   0.00393911    0.0269894
  0.00942645  -0.00370026 -0.000572768
 -0.00370026   0.00204408   0.00355043
-0.000572768   0.00355043    0.0257118
  0.00782796  -0.00285163  0.000431146
 -0.00285163   0.00176782   0.00363942
 0.000431146   0.00363942    0.0267774
  0.00776442  -0.00347141 -0.000696186
 -0.00347141   0.00213012   0.00319194
-0.000696186   0.00319194    0.0267099
   0.0112417  -0.00490411  -0.00217826
 -0.00490411   0.00261565   0.00365995
 -0.00217826   0.00365995    0.0220491
  0.00901073  -0.00423939  -0.00179033
 -0.00423939   0.00244976   0.00324733
 -0.00179033   0.00324733    0.0234902
    0.010535  -0.00527126  -0.00298653
 -0.00527126   0.00301875   0.00354962
 -0.00298653   0.00354962    0.0208365
  0.00740587  -0.00259023  0.000991488
 -0.00259023    0.0018523   0.00398635
 0.000991488   0.00398635    0.0269259
  0.00693694   -0.0030501 -0.000124889
  -0.0030501   0.00205335   0.00327882
-0.000124889   0.00327882    0.0265385
  0.00841506  -0.00245254   0.00157325
 -0.00245254   0.00184869   0.00455738
  0.00157325   0.00455738    0.0274731
  0.00926711  -0.00240133   0.00184854
 -0.00240133   0.00190506   0.00468819
  0.00184854   0.00468819    0.0281516
   0.0097323   -0.0027507   0.00103732
  -0.0027507   0.00165715   0.00388198
  0.00103732   0.00388198    0.0272122
   0.0105995  -0.00300634  0.000784148
 -0.00300634   0.00177151    0.0033282
 0.000784148    0.0033282    0.0278581
  0.00979605  -0.00252315   0.00171953
 -0.00252315    0.0020303   0.00425244
  0.00171953   0.00425244    0.0287114
   0.0119904   -0.0038501 -0.000537407
  -0.0038501   0.00184793    0.0029395
-0.000537407    0.0029395    0.0256592
   0.0100189  -0.00542371  -0.00341784
 -0.00542371     0.003216   0.00339423
 -0.00341784   0.00339423    0.0202642
  0.00877394  -0.00466542   -0.0028268
 -0.00466542   0.00278335   0.00293919
  -0.0028268   0.00293919    0.0215739
  0.00885283  -0.00508461    -0.003916
 -0.00508461   0.00309225   0.00289852
   -0.003916   0.00289852    0.0211328
  0.00987716  -0.00563722  -0.00404436
 -0.00563722   0.00341458   0.00339028
 -0.00404436   0.00339028    0.0202191
  0.00770342  -0.00442641  -0.00336362
 -0.00442641   0.00273863   0.00241428
 -0.00336362   0.00241428    0.0220281
   0.0082742  -0.00491795  -0.00443336
 -0.00491795   0.00302964    0.0027258
 -0.00443336    0.0027258    0.0205686
  0.00759973  -0.00451316  -0.00419835
 -0.00451316   0.00278568   0.00214017
 -0.00419835   0.00214017    0.0214694
  0.00704383  -0.00417076   -0.0047327
 -0.00417076   0.00256542   0.00197953
  -0.0047327   0.00197953    0.0211912
  0.00892976   -0.0053388  -0.00460783
  -0.0053388    0.0033048   0.00316551
 -0.00460783   0.00316551    0.0189018
   0.0075788  -0.00444906  -0.00482658
 -0.00444906   0.00270907    0.0024933
 -0.00482658    0.0024933    0.0195659
  0.00829163  -0.00499606  -0.00499419
 -0.00499606   0.00311439    0.0031739
 -0.00499419    0.0031739    0.0186613
  0.00648948  -0.00392393  -0.00371317
 -0.00392393   0.00249111   0.00184988
 -0.00371317   0.00184988    0.0215393
  0.00588939  -0.00356767  -0.00425704
 -0.00356767    0.0022575   0.00166719
 -0.00425704   0.00166719    0.0207693
  0.00662096  -0.00388084  -0.00276518
 -0.00388084   0.00249818   0.00206933
 -0.00276518   0.00206933    0.0231916
  0.00673901  -0.00353599  -0.00143634
 -0.00353599   0.00230991   0.00260731
 -0.00143634   0.00260731    0.0261826
  0.00763986  -0.00400989  -0.00216192
 -0.00400989   0.00246336   0.00269996
 -0.00216192   0.00269996    0.0238331
  0.00966843  -0.00373149   0.00229065
 -0.00373149   0.00791439    0.0105561
  0.00229065    0.0105561    0.0230669
  0.00979666  -0.00332214   0.00243172
 -0.00332214    0.0063308   0.00943567
  0.00243172   0.00943567    0.0243976
  0.00930836   -0.0034664   0.00210348
  -0.0034664   0.00644393   0.00916247
  0.00210348   0.00916247    0.0244794
   0.0091647  -0.00375238   0.00204178
 -0.00375238   0.00815476    0.0105871
  0.00204178    0.0105871    0.0230146
  0.00939051  -0.00325838   0.00199862
 -0.00325838    0.0049196    0.0074261
  0.00199862    0.0074261     0.025999
  0.00870695  -0.00362849   0.00162316
 -0.00362849   0.00630384   0.00863232
  0.00162316   0.00863232     0.024622
  0.00880442  -0.00350823   0.00142192
 -0.00350823   0.00476264   0.00657589
  0.00142192   0.00657589    0.0262302
  0.00822473  -0.00364968   0.00077785
 -0.00364968   0.00446975   0.00566501
  0.00077785   0.00566501    0.0265016
  0.00855793  -0.00380385    0.0016439
 -0.00380385   0.00811426    0.0103611
   0.0016439    0.0103611    0.0230434
  0.00810626  -0.00371356   0.00106715
 -0.00371356   0.00598996   0.00799648
  0.00106715   0.00799648    0.0248128
  0.00796245  -0.00381024   0.00116413
 -0.00381024   0.00786701    0.0100033
  0.00116413    0.0100033    0.0231346
  0.00885202  -0.00344043   0.00104935
 -0.00344043   0.00364257   0.00437258
  0.00104935   0.00437258    0.0277783
   0.0082986  -0.00361396  0.000325396
 -0.00361396   0.00345775    0.0031983
 0.000325396    0.0031983    0.0281024
  0.00833307  -0.00359927 -0.000214661
 -0.00359927   0.00296111  0.000792435
-0.000214661  0.000792435    0.0295635
  0.00885539  -0.00341118  0.000571957
 -0.00341118   0.00297047   0.00214828
 0.000571957   0.00214828    0.0292109
  0.00941065  -0.00313133   0.00172455
 -0.00313133   0.00372828   0.00551199
  0.00172455   0.00551199    0.0274867
  0.00937145  -0.00306662   0.00133333
 -0.00306662   0.00292522   0.00351682
  0.00133333   0.00351682    0.0288762
  0.00982952  -0.00279823   0.00226256
 -0.00279823   0.00366877   0.00640339
  0.00226256   0.00640339    0.0272201
  0.00984999  -0.00300693   0.00242942
 -0.00300693   0.00486259   0.00801669
  0.00242942   0.00801669      0.02581
  0.00972411  -0.00269726   0.00197058
 -0.00269726   0.00280021   0.00469077
  0.00197058   0.00469077    0.0285541
  0.00741052  -0.00373689  0.000627446
 -0.00373689   0.00746361   0.00964923
 0.000627446   0.00964923    0.0232437
   0.0075588  -0.00366703  0.000444617
 -0.00366703   0.00556976   0.00740682
 0.000444617   0.00740682    0.0250138
  0.00707123  -0.00349825 -0.000227799
 -0.00349825   0.00509077   0.00697786
-0.000227799   0.00697786     0.025198
  0.00691914  -0.00357815  5.14345e-05
 -0.00357815   0.00698739   0.00937966
 5.14345e-05   0.00937966    0.0233348
  0.00722902  -0.00341099 -0.000672145
 -0.00341099   0.00369741   0.00424492
-0.000672145   0.00424492    0.0270139
  0.00664526  -0.00324967 -0.000938623
 -0.00324967   0.00462498   0.00670259
-0.000938623   0.00670259    0.0253675
  0.00682025  -0.00309985  -0.00145948
 -0.00309985   0.00326317   0.00386383
 -0.00145948   0.00386383    0.0272411
  0.00649816   -0.0027599  -0.00218604
  -0.0027599   0.00283831   0.00370317
 -0.00218604   0.00370317    0.0272575
  0.00649225  -0.00335941 -0.000558171
 -0.00335941   0.00651408   0.00919432
-0.000558171   0.00919432     0.023403
  0.00629071  -0.00295964  -0.00163677
 -0.00295964   0.00419043   0.00660077
 -0.00163677   0.00660077    0.0252807
  0.00613766  -0.00310426  -0.00117454
 -0.00310426   0.00608722   0.00910071
 -0.00117454   0.00910071    0.0234608
  0.00699903  -0.00294954  -0.00207725
 -0.00294954    0.0025446  0.000945744
 -0.00207725  0.000945744    0.0289098
  0.00683236   -0.0025618  -0.00279848
  -0.0025618   0.00212337  0.000798627
 -0.00279848  0.000798627    0.0286647
  0.00704065  -0.00238072    -0.003365
 -0.00238072   0.00202267  -0.00192535
   -0.003365  -0.00192535    0.0302432
  0.00714415  -0.00283185  -0.00268657
 -0.00283185   0.00242669  -0.00174398
 -0.00268657  -0.00174398     0.030292
  0.00737478  -0.00333054  -0.00124979
 -0.00333054   0.00291074   0.00141942
 -0.00124979   0.00141942    0.0286848
  0.00747969  -0.00326846  -0.00185006
 -0.00326846    0.0027324  -0.00122647
 -0.00185006  -0.00122647    0.0301295
  0.00780434    -0.003575 -0.000443074
   -0.003575   0.00321808   0.00217208
-0.000443074   0.00217208    0.0284178
  0.00769216  -0.00361584  7.78772e-05
 -0.00361584   0.00410519    0.0048448
 7.78772e-05    0.0048448    0.0267725
  0.00786884  -0.00355116  -0.00101961
 -0.00355116   0.00289233 -0.000374082
 -0.00101961 -0.000374082    0.0298842
   0.0132385  -0.00595455   -0.0067935
 -0.00595455   0.00417317  -0.00213211
  -0.0067935  -0.00213211    0.0232132
   0.0137812  -0.00638805  -0.00639422
 -0.00638805   0.00436256  -0.00220302
 -0.00639422  -0.00220302    0.0233926
   0.0107631  -0.00466751  -0.00529602
 -0.00466751   0.00369824  -0.00375306
 -0.00529602  -0.00375306    0.0272933
   0.0112167  -0.00503448  -0.00472853
 -0.00503448   0.00368819  -0.00340844
 -0.00472853  -0.00340844    0.0272996
   0.0142928  -0.00663075  -0.00595622
 -0.00663075   0.00427203  -0.00202543
 -0.00595622  -0.00202543    0.0234059
  0.00904448  -0.00395576  -0.00350259
 -0.00395576   0.00325268  -0.00394233
 -0.00350259  -0.00394233    0.0299309
   0.0116518  -0.00518838  -0.00413758
 -0.00518838   0.00345276  -0.00278587
 -0.00413758  -0.00278587    0.0271482
    0.009449  -0.00419358  -0.00279299
 -0.00419358   0.00311217  -0.00313374
 -0.00279299  -0.00313374    0.0297429
  0.00988672  -0.00420346  -0.00204959
 -0.00420346   0.00286142  -0.00201871
 -0.00204959  -0.00201871     0.029452
   0.0146896   -0.0066879  -0.00548147
  -0.0066879   0.00399013  -0.00158613
 -0.00548147  -0.00158613    0.0232555
   0.0120399  -0.00515703  -0.00348761
 -0.00515703   0.00310877  -0.00184344
 -0.00348761  -0.00184344    0.0268652
   0.0149973  -0.00658194  -0.00493689
 -0.00658194   0.00360754 -0.000881809
 -0.00493689 -0.000881809    0.0230075
  0.00821665  -0.00364571  -0.00181892
 -0.00364571   0.00286588  -0.00224502
 -0.00181892  -0.00224502    0.0304999
  0.00865678  -0.00369149  -0.00102118
 -0.00369149   0.00276606  -0.00104232
 -0.00102118  -0.00104232    0.0301844
   0.0078383  -0.00336554  -0.00261201
 -0.00336554   0.00286119  -0.00311717
 -0.00261201  -0.00311717    0.0307127
  0.00752206  -0.00289471  -0.00340585
 -0.00289471   0.00265892  -0.00363662
 -0.00340585  -0.00363662    0.0307929
  0.00867736    -0.003508  -0.00420347
   -0.003508   0.00314887  -0.00440002
 -0.00420347  -0.00440002    0.0299479
  0.00854565  -0.00295382  -0.00480626
 -0.00295382   0.00276714  -0.00449874
 -0.00480626  -0.00449874    0.0298599
  0.00756407  -0.00241443  -0.00405842
 -0.00241443   0.00226268  -0.00375399
 -0.00405842  -0.00375399    0.0305821
   0.0105014   -0.0041575  -0.00581022
  -0.0041575   0.00339516  -0.00376973
 -0.00581022  -0.00376973    0.0271203
   0.0152232  -0.00634831  -0.00430613
 -0.00634831   0.00319801  6.02868e-05
 -0.00430613  6.02868e-05    0.0227091
   0.0123774  -0.00493705  -0.00277246
 -0.00493705   0.00272672 -0.000658145
 -0.00277246 -0.000658145    0.0265394
   0.0126065  -0.00461913  -0.00202553
 -0.00461913   0.00235021  0.000692993
 -0.00202553  0.000692993    0.0261831
   0.0153635  -0.00604749  -0.00358735
 -0.00604749   0.00280604   0.00112107
 -0.00358735   0.00112107    0.0225012
   0.0106663  -0.00366116 -0.000461071
 -0.00366116   0.00222666  0.000850408
-0.000461071  0.000850408    0.0287503
   0.0125796  -0.00425297  -0.00122604
 -0.00425297   0.00205125   0.00193362
 -0.00122604   0.00193362    0.0258571
   0.0108275   -0.0032974  0.000241638
  -0.0032974   0.00195614   0.00226702
 0.000241638   0.00226702    0.0283662
   0.0149217  -0.00556499  -0.00278202
 -0.00556499    0.0024728   0.00218285
 -0.00278202   0.00218285    0.0225672
  0.00984863  -0.00277403   0.00128739
 -0.00277403   0.00220449   0.00324823
  0.00128739   0.00324823    0.0291215
  0.00957944   -0.0031489  0.000598179
  -0.0031489    0.0024098   0.00188289
 0.000598179   0.00188289    0.0294768
  0.00913865  -0.00349093 -0.000211024
 -0.00349093   0.00260928  0.000377225
-0.000211024  0.000377225      0.02983
   0.0103139  -0.00400568  -0.00125923
 -0.00400568   0.00255342 -0.000648768
 -0.00125923 -0.000648768     0.029105
  0.00444707  -0.00859653  -0.00286525
 -0.00859653    0.0260523    0.0151563
 -0.00286525    0.0151563      0.01507
  0.00500396  -0.00853932  -0.00215175
 -0.00853932    0.0247707     0.014614
 -0.00215175     0.014614    0.0158537
  0.00507562  -0.00825276  -0.00279201
 -0.00825276    0.0204271    0.0134788
 -0.00279201    0.0134788    0.0171247
  0.00571806  -0.00823626  -0.00194699
 -0.00823626    0.0194935    0.0128892
 -0.00194699    0.0128892    0.0176798
  0.00568893  -0.00848985  -0.00137818
 -0.00848985    0.0235838    0.0141673
 -0.00137818    0.0141673    0.0165982
  0.00580127  -0.00795598  -0.00258765
 -0.00795598    0.0158124    0.0116016
 -0.00258765    0.0116016    0.0187232
  0.00646162   -0.0082254  -0.00108536
  -0.0082254    0.0187352    0.0125117
