           0            0            0
           0            0            0
           0            0            0
   0.0293771  -0.00190147   0.00678867
 -0.00190147  0.000370182  -0.00163448
  0.00678867  -0.00163448     0.017416
   0.0255536  -0.00162989   0.00947691
 -0.00162989  0.000252576  -0.00131216
  0.00947691  -0.00131216     0.021307
   0.0217745  -0.00208719    0.0120156
 -0.00208719  0.000325399  -0.00113842
   0.0120156  -0.00113842     0.023537
   0.0208257  -0.00260086    0.0131842
 -0.00260086  0.000441933 -0.000877843
   0.0131842 -0.000877843    0.0236307
    0.020905  -0.00302575    0.0125925
 -0.00302575  0.000573131 -0.000672847
   0.0125925 -0.000672847      0.02379
   0.0187289  -0.00286469    0.0110282
 -0.00286469  0.000531635 -0.000834111
   0.0110282 -0.000834111    0.0214432
   0.0194396  -0.00321818    0.0101152
 -0.00321818  0.000638574 -0.000690618
   0.0101152 -0.000690618    0.0225416
   0.0210165  -0.00331418    0.0115016
 -0.00331418  0.000665474 -0.000593319
   0.0115016 -0.000593319    0.0239725
   0.0191704  -0.00328514   0.00809658
 -0.00328514  0.000673101 -0.000706627
  0.00809658 -0.000706627    0.0232361
   0.0208706   -0.0034326   0.00957823
  -0.0034326  0.000700882 -0.000647365
  0.00957823 -0.000647365    0.0247012
   0.0190138  -0.00310923   0.00565883
 -0.00310923  0.000644113 -0.000898122
  0.00565883 -0.000898122    0.0241681
   0.0209715  -0.00349673   0.00862718
 -0.00349673  0.000700194 -0.000829198
  0.00862718 -0.000829198    0.0247921
   0.0429697   0.00111425    0.0155398
  0.00111425  0.000900575   0.00287564
   0.0155398   0.00287564    0.0216449
   0.0372909 -0.000135056     0.017923
-0.000135056   0.00114763   0.00364338
    0.017923   0.00364338    0.0255713
   0.0366738  0.000628631    0.0175948
 0.000628631  0.000865352   0.00339711
   0.0175948   0.00339711    0.0255007
    0.033416 -9.97738e-05     0.019701
-9.97738e-05   0.00112852   0.00392834
    0.019701   0.00392834    0.0285913
   0.0332605 -0.000788406     0.019542
-0.000788406   0.00142139   0.00404196
    0.019542   0.00404196    0.0283819
   0.0313271  9.96926e-05    0.0184834
 9.96926e-05  0.000851763   0.00340548
   0.0184834   0.00340548    0.0280407
   0.0308734 -0.000724453    0.0200401
-0.000724453   0.00132258   0.00396789
   0.0200401   0.00396789    0.0297257
   0.0293257 -0.000518437    0.0191409
-0.000518437   0.00105783   0.00358154
   0.0191409   0.00358154    0.0293224
   0.0287939   -0.0011205    0.0189474
  -0.0011205   0.00115156   0.00335208
   0.0189474   0.00335208    0.0294115
   0.0302981  -0.00130193    0.0195593
 -0.00130193   0.00158208   0.00398025
   0.0195593   0.00398025    0.0293567
    0.030117  -0.00136592    0.0196624
 -0.00136592   0.00137242   0.00360106
   0.0196624   0.00360106    0.0297428
    0.029314  -0.00188517    0.0189993
 -0.00188517      0.00158   0.00354112
   0.0189993   0.00354112    0.0293525
   0.0273125   -0.0007181    0.0178815
  -0.0007181  0.000815602   0.00282596
   0.0178815   0.00282596    0.0287392
   0.0268011  -0.00125444     0.017742
 -0.00125444  0.000944976   0.00274736
    0.017742   0.00274736     0.028846
    0.025539   -0.0016871    0.0169734
  -0.0016871  0.000773116    0.0018849
   0.0169734    0.0018849    0.0285787
   0.0262522  -0.00119719    0.0172169
 -0.00119719  0.000622003    0.0018239
   0.0172169    0.0018239    0.0285615
   0.0292388 -0.000125594    0.0171934
-0.000125594  0.000611876   0.00253419
   0.0171934   0.00253419    0.0274765
   0.0285419 -0.000621001    0.0167871
-0.000621001  0.000436216   0.00145746
   0.0167871   0.00145746    0.0274878
   0.0322969  0.000584717    0.0150612
 0.000584717  0.000424862   0.00186085
   0.0150612   0.00186085      0.02445
   0.0342024  0.000828303    0.0161765
 0.000828303  0.000619358   0.00276946
   0.0161765   0.00276946    0.0248704
   0.0386398   0.00190976    0.0132007
  0.00190976  0.000497807   0.00184173
   0.0132007   0.00184173    0.0206953
   0.0321307  7.20478e-05    0.0147797
 7.20478e-05  0.000294042  0.000804228
   0.0147797  0.000804228    0.0246701
   0.0370458   0.00151932     0.012378
  0.00151932  0.000344117  0.000997383
    0.012378  0.000997383    0.0204485
   0.0381832  0.000812116     0.012335
 0.000812116  0.000252689  4.21968e-05
    0.012335  4.21968e-05    0.0209173
   0.0413184   0.00183639    0.0146513
  0.00183639  0.000681816   0.00251252
   0.0146513   0.00251252    0.0212891
   0.0285418  -0.00251207    0.0177661
 -0.00251207    0.0014503   0.00283738
   0.0177661   0.00283738    0.0287399
   0.0295083  -0.00207545    0.0184854
 -0.00207545   0.00129258   0.00291785
   0.0184854   0.00291785    0.0290367
   0.0289397  -0.00264522    0.0172516
 -0.00264522   0.00112591   0.00205147
   0.0172516   0.00205147    0.0283803
   0.0278035  -0.00297878    0.0164647
 -0.00297878   0.00123323   0.00196903
   0.0164647   0.00196903    0.0281414
   0.0279383  -0.00235009    0.0167393
 -0.00235009   0.00100156    0.0019999
   0.0167393    0.0019999    0.0280541
   0.0283681  -0.00306275    0.0159716
 -0.00306275  0.000927718   0.00106249
   0.0159716   0.00106249    0.0277326
   0.0275426  -0.00276936    0.0155525
 -0.00276936   0.00083906   0.00108332
   0.0155525   0.00108332    0.0274261
   0.0271752  -0.00304602    0.0143956
 -0.00304602  0.000688063   8.5293e-05
   0.0143956   8.5293e-05    0.0268353
   0.0270799  -0.00327563    0.0151058
 -0.00327563  0.000992652   0.00100433
   0.0151058   0.00100433    0.0275103
   0.0278473  -0.00333306    0.0147259
 -0.00333306  0.000755196  1.74527e-05
   0.0147259  1.74527e-05    0.0271028
   0.0263752   -0.0034345     0.013748
  -0.0034345  0.000792163  1.38525e-05
    0.013748  1.38525e-05    0.0268402
   0.0257035  -0.00265261    0.0145149
 -0.00265261  0.000766579  0.000931111
   0.0145149  0.000931111    0.0269094
   0.0253913   -0.0028448    0.0133776
  -0.0028448  0.000633552  5.98599e-05
   0.0133776  5.98599e-05    0.0263271
   0.0238271  -0.00288581    0.0124695
 -0.00288581  0.000618705 -0.000121081
   0.0124695 -0.000121081    0.0259316
   0.0242233  -0.00280086    0.0136809
 -0.00280086  0.000730792  0.000586549
   0.0136809  0.000586549    0.0265632
   0.0260411  -0.00231122    0.0156686
 -0.00231122   0.00089306   0.00170531
   0.0156686   0.00170531    0.0275303
   0.0246178  -0.00255874    0.0148766
 -0.00255874  0.000819001   0.00118862
   0.0148766   0.00118862     0.027221
   0.0263876  -0.00184011    0.0167494
 -0.00184011  0.000963078   0.00232468
   0.0167494   0.00232468    0.0281667
   0.0283418  -0.00179597    0.0178801
 -0.00179597   0.00111943   0.00277332
   0.0178801   0.00277332    0.0287078
    0.025023  -0.00218072    0.0159734
 -0.00218072  0.000837547   0.00163352
   0.0159734   0.00163352    0.0278841
   0.0223869  -0.00354825    0.0114078
 -0.00354825  0.000733205 -0.000502231
   0.0114078 -0.000502231    0.0255256
   0.0224306  -0.00338267    0.0125142
 -0.00338267  0.000709176 -0.000356806
   0.0125142 -0.000356806    0.0254839
   0.0239272  -0.00329827    0.0141722
 -0.00329827  0.000749502  9.60214e-06
   0.0141722  9.60214e-06    0.0268363
   0.0222094  -0.00306069    0.0136162
 -0.00306069  0.000619311 -0.000392944
   0.0136162 -0.000392944    0.0251426
   0.0241922  -0.00298297    0.0151816
 -0.00298297  0.000681218  0.000148994
   0.0151816  0.000148994    0.0273572
   0.0243987  -0.00252823    0.0159945
 -0.00252823  0.000548795  0.000121402
   0.0159945  0.000121402    0.0276582
   0.0224673  -0.00264757    0.0145348
 -0.00264757  0.000487698 -0.000507034
   0.0145348 -0.000507034    0.0253699
   0.0249596  -0.00269665    0.0159826
 -0.00269665  0.000756933  0.000798355
   0.0159826  0.000798355     0.028085
   0.0254194  -0.00223825    0.0169346
 -0.00223825  0.000651898  0.000898762
   0.0169346  0.000898762    0.0287853
   0.0243717  -0.00299814    0.0147778
 -0.00299814  0.000781198  0.000530662
   0.0147778  0.000530662    0.0273281
   0.0238515  -0.00315952    0.0134669
 -0.00315952   0.00073361  0.000104757
   0.0134669  0.000104757    0.0265623
   0.0234456  -0.00343183    0.0129739
 -0.00343183  0.000738122 -0.000285047
   0.0129739 -0.000285047    0.0263375
   0.0231368  -0.00344052    0.0118221
 -0.00344052  0.000685012 -0.000734333
   0.0118221 -0.000734333    0.0256109
   0.0233049  -0.00315936    0.0121181
 -0.00315936  0.000644742 -0.000437416
   0.0121181 -0.000437416    0.0258252
    0.022083   -0.0035291    0.0103876
  -0.0035291     0.000696 -0.000835376
   0.0103876 -0.000835376    0.0252515
   0.0232977  -0.00212726    0.0142015
 -0.00212726  0.000351591 -0.000756718
   0.0142015 -0.000756718    0.0254867
   0.0267855  -0.00162362    0.0125595
 -0.00162362  0.000253697   -0.0010324
   0.0125595   -0.0010324     0.024071
   0.0274886  -0.00143639     0.014552
 -0.00143639  0.000267531 -0.000503795
    0.014552 -0.000503795    0.0258135
   0.0304595   -0.0012656   0.00937566
  -0.0012656   0.00024667  -0.00131726
  0.00937566  -0.00131726    0.0202416
   0.0310652  -0.00102214    0.0112277
 -0.00102214  0.000235427 -0.000961908
   0.0112277 -0.000961908    0.0217685
   0.0360416 -0.000889068   0.00869619
-0.000889068  0.000298293  -0.00138946
  0.00869619  -0.00138946    0.0181069
   0.0338553   -0.0015477   0.00704756
  -0.0015477   0.00035593  -0.00163056
  0.00704756  -0.00163056    0.0171775
   0.0319319 -0.000440059    0.0136818
-0.000440059  0.000220502 -0.000157968
   0.0136818 -0.000157968    0.0240615
   0.0367922 -5.22154e-05    0.0108236
-5.22154e-05  0.000226476 -0.000728842
   0.0108236 -0.000728842    0.0199106
   0.0282429  -0.00111179    0.0161994
 -0.00111179  0.000319325  0.000394586
   0.0161994  0.000394586      0.02723
   0.0259213  -0.00172488    0.0170063
 -0.00172488  0.000486381  0.000757009
   0.0170063  0.000757009    0.0286388
   0.0249168  -0.00201202    0.0157618
 -0.00201202  0.000390937 -0.000106119
   0.0157618 -0.000106119    0.0272786
   0.0256159  -0.00349902    0.0123707
 -0.00349902  0.000669308  -0.00095725
   0.0123707  -0.00095725    0.0261506
   0.0273624  -0.00350452    0.0134931
 -0.00350452  0.000655522  -0.00104232
   0.0134931  -0.00104232    0.0264888
     0.02689  -0.00359325    0.0122652
 -0.00359325  0.000660188  -0.00207464
   0.0122652  -0.00207464    0.0259109
   0.0247814  -0.00348957     0.010974
 -0.00348957  0.000654453  -0.00187623
    0.010974  -0.00187623    0.0254765
   0.0267002   -0.0033132    0.0121971
  -0.0033132  0.000603445  -0.00203482
   0.0121971  -0.00203482    0.0258081
   0.0262849  -0.00363692    0.0110338
 -0.00363692  0.000768079  -0.00303094
   0.0110338  -0.00303094    0.0253684
   0.0264779  -0.00338139     0.011137
 -0.00338139  0.000716762  -0.00304857
    0.011137  -0.00304857    0.0253674
     0.02614  -0.00342902    0.0101294
 -0.00342902  0.000910906  -0.00394393
   0.0101294  -0.00394393    0.0249588
   0.0238481  -0.00342861   0.00959602
 -0.00342861  0.000730753  -0.00271227
  0.00959602  -0.00271227    0.0248275
   0.0255159  -0.00362773   0.00984356
 -0.00362773  0.000947656   -0.0038694
  0.00984356   -0.0038694     0.024835
   0.0227749  -0.00331727   0.00827675
 -0.00331727   0.00087672  -0.00345777
  0.00827675  -0.00345777    0.0241655
   0.0248352  -0.00287898    0.0101491
 -0.00287898  0.000624571  -0.00287597
   0.0101491  -0.00287597    0.0249141
   0.0247843  -0.00286675   0.00923158
 -0.00286675  0.000802327  -0.00375904
  0.00923158  -0.00375904    0.0245595
   0.0227686  -0.00227146   0.00792261
 -0.00227146  0.000685231  -0.00348321
  0.00792261  -0.00348321    0.0239836
   0.0228531  -0.00244905   0.00892612
 -0.00244905  0.000546097  -0.00267518
  0.00892612  -0.00267518    0.0243769
   0.0249128  -0.00290424    0.0111718
 -0.00290424  0.000531149  -0.00189415
   0.0111718  -0.00189415     0.025323
   0.0230755  -0.00265963    0.0100546
 -0.00265963  0.000493259  -0.00179562
   0.0100546  -0.00179562    0.0248224
   0.0250866  -0.00291865    0.0122496
 -0.00291865   0.00053954 -0.000893487
   0.0122496 -0.000893487    0.0257895
   0.0268725  -0.00321771    0.0132772
 -0.00321771  0.000594376 -0.000969404
   0.0132772 -0.000969404    0.0262963
   0.0234064  -0.00283467    0.0112496
 -0.00283467  0.000522749 -0.000923924
   0.0112496 -0.000923924     0.025342
   0.0215606  -0.00312956   0.00700506
 -0.00312956   0.00107438  -0.00415979
  0.00700506  -0.00415979    0.0234595
   0.0245606   -0.0035485   0.00865009
  -0.0035485   0.00117158   -0.0046149
  0.00865009   -0.0046149     0.024268
   0.0234949  -0.00329916    0.0074384
 -0.00329916   0.00145116  -0.00531987
   0.0074384  -0.00531987    0.0236471
   0.0202723  -0.00277671   0.00579534
 -0.00277671   0.00135876  -0.00488537
  0.00579534  -0.00488537    0.0227024
   0.0250349  -0.00330054   0.00806839
 -0.00330054   0.00141297  -0.00541629
  0.00806839  -0.00541629    0.0241007
   0.0222791   -0.0028162   0.00624221
  -0.0028162    0.0018151  -0.00603787
  0.00624221  -0.00603787    0.0229727
   0.0242638  -0.00295485   0.00697025
 -0.00295485   0.00173125  -0.00607663
  0.00697025  -0.00607663    0.0236154
   0.0232601   -0.0023285   0.00587175
  -0.0023285   0.00213616  -0.00674075
  0.00587175  -0.00674075    0.0230994
   0.0188918  -0.00219401   0.00469715
 -0.00219401   0.00176443  -0.00568034
  0.00469715  -0.00568034    0.0219108
   0.0208262  -0.00204686   0.00510118
 -0.00204686   0.00231307  -0.00680533
  0.00510118  -0.00680533    0.0222788
   0.0174149  -0.00135919   0.00373171
 -0.00135919   0.00236602   -0.0065744
  0.00373171   -0.0065744    0.0211433
    0.024168  -0.00256369   0.00644979
 -0.00256369   0.00153379  -0.00578245
  0.00644979  -0.00578245    0.0235972
   0.0237323  -0.00209086   0.00548336
 -0.00209086   0.00184517  -0.00634385
  0.00548336  -0.00634385    0.0232878
   0.0225792  -0.00149509   0.00414625
 -0.00149509   0.00151443  -0.00573696
  0.00414625  -0.00573696    0.0229366
   0.0226165  -0.00184838   0.00506715
 -0.00184838   0.00128836  -0.00529392
  0.00506715  -0.00529392    0.0231088
   0.0244609   -0.0027865   0.00741272
  -0.0027865   0.00126316  -0.00518648
  0.00741272  -0.00518648      0.02391
    0.022671  -0.00203544    0.0060166
 -0.00203544   0.00107426  -0.00478692
   0.0060166  -0.00478692    0.0233404
   0.0246363  -0.00286453   0.00833049
 -0.00286453   0.00101953  -0.00452493
  0.00833049  -0.00452493    0.0242311
   0.0256348  -0.00343255   0.00912264
 -0.00343255   0.00114205  -0.00472166
  0.00912264  -0.00472166    0.0245472
   0.0227036  -0.00215678   0.00697524
 -0.00215678  0.000868763  -0.00418968
  0.00697524  -0.00418968    0.0236411
   0.0198354  0.000279321 -0.000673315
 0.000279321  0.000724854  -0.00383604
-0.000673315  -0.00383604    0.0214756
   0.0199358 -0.000139739  0.000778165
-0.000139739  0.000696489  -0.00380555
 0.000778165  -0.00380555    0.0215802
    0.019768 -0.000272456   0.00152424
-0.000272456  0.000787269   -0.0040808
  0.00152424   -0.0040808    0.0218226
   0.0199882 -0.000716359   0.00292436
-0.000716359  0.000710393  -0.00383497
  0.00292436  -0.00383497    0.0221001
   0.0202943 -0.000724513   0.00229737
-0.000724513  0.000656847  -0.00362152
  0.00229737  -0.00362152    0.0218539
   0.0201306 -0.000910834     0.003642
-0.000910834  0.000789997  -0.00407652
    0.003642  -0.00407652    0.0223704
    0.020426  -0.00130356   0.00434634
 -0.00130356  0.000634022   -0.0034722
  0.00434634   -0.0034722    0.0225194
   0.0203856  -0.00132315   0.00492249
 -0.00132315  0.000668966   -0.0036393
  0.00492249   -0.0036393    0.0227673
   0.0208996  -0.00182301   0.00622879
 -0.00182301   0.00057892  -0.00310905
  0.00622879  -0.00310905    0.0232396
   0.0207082  -0.00143118   0.00373741
 -0.00143118  0.000615571  -0.00330769
  0.00373741  -0.00330769    0.0222089
   0.0211159  -0.00196921   0.00579623
 -0.00196921  0.000586678  -0.00302463
  0.00579623  -0.00302463    0.0230125
   0.0209571  -0.00211374   0.00500536
 -0.00211374   0.00058968  -0.00287503
  0.00500536  -0.00287503     0.022461
   0.0210459  -0.00159917   0.00572676
 -0.00159917  0.000745984   -0.0038735
  0.00572676   -0.0038735    0.0231046
   0.0212923  -0.00189888   0.00684538
 -0.00189888  0.000605581  -0.00325164
  0.00684538  -0.00325164    0.0235181
   0.0209668  -0.00135546   0.00462795
 -0.00135546  0.000908198   -0.0043892
  0.00462795   -0.0043892    0.0227617
   0.0209082  -0.00112377   0.00353507
 -0.00112377   0.00106766  -0.00479613
  0.00353507  -0.00479613    0.0225226
   0.0200002 -0.000589058   0.00237467
-0.000589058  0.000903819  -0.00439291
  0.00237467  -0.00439291    0.0220969
   0.0199148 -0.000275584   0.00113882
-0.000275584   0.00100063  -0.00458986
  0.00113882  -0.00458986     0.021948
   0.0209282 -0.000813319   0.00250851
-0.000813319   0.00121978  -0.00510998
  0.00250851  -0.00510998    0.0223925
   0.0196899  7.51479e-05   0.00016196
 7.51479e-05  0.000845756  -0.00418505
  0.00016196  -0.00418505    0.0216842
   0.0206729  -0.00264904   0.00585951
 -0.00264904  0.000577965  -0.00234152
  0.00585951  -0.00234152     0.022762
   0.0216825  -0.00262153   0.00720636
 -0.00262153  0.000574921  -0.00250848
  0.00720636  -0.00250848    0.0235172
   0.0218452  -0.00310599   0.00847843
 -0.00310599  0.000594596  -0.00192368
  0.00847843  -0.00192368    0.0239074
   0.0204371  -0.00302773   0.00637147
 -0.00302773  0.000596035  -0.00174823
  0.00637147  -0.00174823    0.0236524
   0.0222074   -0.0029189   0.00911685
  -0.0029189  0.000550114  -0.00189068
  0.00911685  -0.00189068    0.0243877
   0.0218069  -0.00339044   0.00953898
 -0.00339044  0.000638724  -0.00134428
  0.00953898  -0.00134428    0.0243418
   0.0227132  -0.00328474    0.0105303
 -0.00328474  0.000607421  -0.00128327
   0.0105303  -0.00128327    0.0250244
    0.020625   -0.0033233   0.00726619
  -0.0033233  0.000642579   -0.0012248
  0.00726619   -0.0012248    0.0246546
   0.0227114  -0.00300363    0.0107401
 -0.00300363  0.000550619  -0.00107982
   0.0107401  -0.00107982    0.0251311
   0.0221547  -0.00268831   0.00936925
 -0.00268831  0.000499852  -0.00180081
  0.00936925  -0.00180081    0.0245198
   0.0216603  -0.00229068   0.00804252
 -0.00229068  0.000516503  -0.00255139
  0.00804252  -0.00255139    0.0239894
   0.0215308  -0.00239232   0.00762047
 -0.00239232  0.000533015  -0.00251535
  0.00762047  -0.00251535    0.0237774
   0.0194372  -0.00312176   0.00501306
 -0.00312176  0.000627945  -0.00113291
  0.00501306  -0.00113291    0.0246659
   0.0196571  -0.00292364   0.00432974
 -0.00292364  0.000585463  -0.00158043
  0.00432974  -0.00158043    0.0242415
   0.0178616  -0.00255797   0.00196645
 -0.00255797  0.000547636   -0.0013099
  0.00196645   -0.0013099    0.0236971
    0.019549  -0.00252615   0.00342476
 -0.00252615  0.000554514  -0.00208415
  0.00342476  -0.00208415    0.0234164
   0.0184473  -0.00237145   0.00137503
 -0.00237145   0.00052358  -0.00180155
  0.00137503  -0.00180155    0.0237593
   0.0190403  -0.00199792   0.00106351
 -0.00199792  0.000521217  -0.00232475
  0.00106351  -0.00232475    0.0231198
   0.0198354  -0.00205414    0.0029542
 -0.00205414  0.000551047  -0.00257494
   0.0029542  -0.00257494    0.0224405
   0.0174128  -0.00175607   -0.0010574
 -0.00175607  0.000451588  -0.00182895
  -0.0010574  -0.00182895    0.0231993
   0.0201507  -0.00149481   0.00254293
 -0.00149481  0.000572845   -0.0030138
  0.00254293   -0.0030138    0.0215364
   0.0204407 -0.000822221   0.00147158
-0.000822221  0.000599199  -0.00335033
  0.00147158  -0.00335033    0.0214589
   0.0199178 -0.000850768 -0.000103963
-0.000850768  0.000519961   -0.0029868
-0.000103963   -0.0029868    0.0215541
   0.0204433 -0.000174568  7.22993e-05
-0.000174568   0.00061481   -0.0035092
 7.22993e-05   -0.0035092    0.0213387
   0.0205694 -0.000241083  -0.00103522
-0.000241083  0.000525239  -0.00314526
 -0.00103522  -0.00314526    0.0213098
   0.0209833  0.000266626  -0.00225059
 0.000266626  0.000515613  -0.00308196
 -0.00225059  -0.00308196    0.0211346
   0.0202363  0.000349048  -0.00148388
 0.000349048  0.000615814  -0.00347721
 -0.00148388  -0.00347721    0.0212488
   0.0197574 -0.000300517  -0.00253706
-0.000300517  0.000419628  -0.00266982
 -0.00253706  -0.00266982    0.0212783
   0.0209725  0.000169963  -0.00344352
 0.000169963  0.000406847  -0.00260943
 -0.00344352  -0.00260943    0.0211963
    0.020019 -2.28838e-05   -0.0043809
-2.28838e-05  0.000307024  -0.00206439
  -0.0043809  -0.00206439    0.0209024
   0.0190514  -0.00038924  -0.00367728
 -0.00038924  0.000332738  -0.00221942
 -0.00367728  -0.00221942    0.0216851
   0.0192194 -0.000812548  -0.00174715
-0.000812548   0.00043635  -0.00261891
 -0.00174715  -0.00261891    0.0220995
    0.018048 -0.000937608  -0.00301835
-0.000937608  0.000381662  -0.00217663
 -0.00301835  -0.00217663     0.023124
   0.0184499  -0.00140393  -0.00133989
 -0.00140393  0.000453019  -0.00232516
 -0.00133989  -0.00232516    0.0228959
   0.0194811  -0.00144471  0.000420292
 -0.00144471  0.000513303  -0.00270038
 0.000420292  -0.00270038    0.0224151
   0.0180882 -0.000392685  -0.00463846
-0.000392685  0.000271749  -0.00193656
 -0.00463846  -0.00193656    0.0220885
   0.0188065 -0.000174629  -0.00504901
-0.000174629  0.000237084  -0.00150972
 -0.00504901  -0.00150972     0.020134
  0.00532129  -0.00485187  -0.00575025
 -0.00485187   0.00467464   0.00483168
 -0.00575025   0.00483168    0.0209542
  0.00549884  -0.00493511  -0.00485718
 -0.00493511   0.00474224   0.00462279
 -0.00485718   0.00462279      0.02159
  0.00525458  -0.00431282  -0.00438387
 -0.00431282   0.00386206   0.00351948
 -0.00438387   0.00351948    0.0218459
  0.00567082  -0.00437248  -0.00332331
 -0.00437248   0.00395312   0.00383345
 -0.00332331   0.00383345    0.0225841
   0.0058796  -0.00496624  -0.00377151
 -0.00496624   0.00479452   0.00478764
 -0.00377151   0.00478764    0.0221958
  0.00544934  -0.00382497  -0.00283977
 -0.00382497   0.00320679   0.00299345
 -0.00283977   0.00299345    0.0230717
  0.00633832  -0.00430031  -0.00208456
 -0.00430031   0.00401556    0.0046055
 -0.00208456    0.0046055    0.0232639
  0.00614406  -0.00375559  -0.00164201
 -0.00375559   0.00326442   0.00385899
 -0.00164201   0.00385899    0.0238749
  0.00707562     -0.00354 -0.000348699
    -0.00354   0.00338022   0.00505187
-0.000348699   0.00505187    0.0245582
  0.00652173  -0.00488749   -0.0025032
 -0.00488749   0.00485183   0.00540513
  -0.0025032   0.00540513    0.0227519
  0.00724997  -0.00408736 -0.000731558
 -0.00408736   0.00417507   0.00572571
-0.000731558   0.00572571    0.0238184
   0.0074072  -0.00470191  -0.00112485
 -0.00470191   0.00505942   0.00639283
 -0.00112485   0.00639283    0.0231906
  0.00596074  -0.00332324  -0.00126184
 -0.00332324   0.00267231   0.00330631
 -0.00126184   0.00330631    0.0245897
  0.00689129  -0.00309985 -3.79041e-05
 -0.00309985   0.00273803   0.00448558
-3.79041e-05   0.00448558    0.0253875
  0.00673241  -0.00282078  0.000158008
 -0.00282078   0.00227496   0.00400929
 0.000158008   0.00400929    0.0262473
  0.00616436  -0.00324887  -0.00121438
 -0.00324887   0.00239963   0.00304098
 -0.00121438   0.00304098    0.0255716
  0.00544926  -0.00352582  -0.00255285
 -0.00352582   0.00270339   0.00249662
 -0.00255285   0.00249662    0.0238221
  0.00584709  -0.00355692  -0.00254012
 -0.00355692   0.00252462   0.00228662
 -0.00254012   0.00228662    0.0247692
  0.00512649  -0.00353139  -0.00363158
 -0.00353139   0.00265106   0.00206522
 -0.00363158   0.00206522    0.0229199
  0.00506907  -0.00379123  -0.00393456
 -0.00379123   0.00312854   0.00261727
 -0.00393456   0.00261727    0.0222751
  0.00484815  -0.00363878  -0.00477307
 -0.00363878    0.0029713   0.00257295
 -0.00477307   0.00257295    0.0213701
  0.00553969  -0.00357877  -0.00355499
 -0.00357877   0.00249289   0.00185291
 -0.00355499   0.00185291    0.0223833
  0.00487768  -0.00336575  -0.00440299
 -0.00336575    0.0024851   0.00196579
 -0.00440299   0.00196579    0.0213719
  0.00520942  -0.00339502  -0.00428502
 -0.00339502   0.00234916   0.00174916
 -0.00428502   0.00174916    0.0209894
   0.0050492  -0.00418265  -0.00524336
 -0.00418265   0.00373115   0.00358171
 -0.00524336   0.00358171    0.0210689
  0.00840868  -0.00440951  0.000223846
 -0.00440951   0.00549727   0.00762208
 0.000223846   0.00762208    0.0234457
  0.00829938  -0.00376055  0.000587211
 -0.00376055   0.00450613   0.00703796
 0.000587211   0.00703796    0.0242026
  0.00926028  -0.00342037   0.00167709
 -0.00342037   0.00503875   0.00830131
  0.00167709   0.00830131    0.0243837
  0.00930221   -0.0040832   0.00134632
  -0.0040832   0.00618836   0.00888084
  0.00134632   0.00888084    0.0234805
  0.00914927  -0.00286638   0.00192074
 -0.00286638   0.00397176    0.0075616
  0.00192074    0.0075616    0.0254045
  0.00989314  -0.00315197   0.00236675
 -0.00315197   0.00570378   0.00932223
  0.00236675   0.00932223    0.0244147
  0.00984473  -0.00263842   0.00253355
 -0.00263842   0.00443852   0.00841283
  0.00253355   0.00841283    0.0255897
   0.0100673  -0.00262039   0.00268331
 -0.00262039   0.00489749   0.00873099
  0.00268331   0.00873099    0.0257066
  0.00985823  -0.00378084   0.00208425
 -0.00378084   0.00703319   0.00998604
  0.00208425   0.00998604    0.0233597
   0.0100511  -0.00305255   0.00260902
 -0.00305255   0.00633408   0.00988762
  0.00260902   0.00988762    0.0243852
  0.00995913  -0.00360602    0.0023879
 -0.00360602   0.00783654    0.0107439
   0.0023879    0.0107439    0.0231769
  0.00970684  -0.00228784   0.00253382
 -0.00228784   0.00338224   0.00736417
  0.00253382   0.00736417    0.0268219
  0.00999049  -0.00233363   0.00258126
 -0.00233363   0.00368698   0.00736602
  0.00258126   0.00736602    0.0270584
  0.00982589  -0.00220314   0.00231874
 -0.00220314   0.00277488   0.00588309
  0.00231874   0.00588309    0.0283608
  0.00949312  -0.00211658   0.00238418
 -0.00211658   0.00257333   0.00621709
  0.00238418   0.00621709    0.0280276
  0.00897388   -0.0024752   0.00202693
  -0.0024752   0.00309467   0.00676318
  0.00202693   0.00676318    0.0264984
   0.0087536  -0.00225628   0.00199637
 -0.00225628   0.00241375   0.00591085
  0.00199637   0.00591085    0.0275857
  0.00796244  -0.00278455     0.001116
 -0.00278455   0.00287504   0.00573491
    0.001116   0.00573491    0.0260284
  0.00814619  -0.00320434  0.000903858
 -0.00320434   0.00360873   0.00637412
 0.000903858   0.00637412    0.0250722
   0.0077647  -0.00252073   0.00121105
 -0.00252073   0.00231301   0.00510803
  0.00121105   0.00510803    0.0269943
   0.0142673  -0.00492691  -0.00232481
 -0.00492691   0.00221808     0.003227
 -0.00232481     0.003227    0.0230644
   0.0129014  -0.00432467  -0.00143427
 -0.00432467   0.00205671   0.00379377
 -0.00143427   0.00379377    0.0241266
   0.0108968  -0.00316849  2.67068e-06
 -0.00316849   0.00169693   0.00385743
 2.67068e-06   0.00385743    0.0264573
   0.0100082  -0.00312463  0.000103621
 -0.00312463   0.00176821   0.00412861
 0.000103621   0.00412861    0.0265549
   0.0126604  -0.00463632   -0.0018235
 -0.00463632   0.00230626   0.00399543
  -0.0018235   0.00399543    0.0235853
  0.00879184  -0.00243353   0.00103615
 -0.00243353   0.00166189    0.0044005
  0.00103615    0.0044005    0.0273818
  0.00960753   -0.0035326 -0.000561566
  -0.0035326   0.00202238   0.00395309
-0.000561566   0.00395309     0.026196
  0.00797698  -0.00267309  0.000512313
 -0.00267309   0.00178902    0.0041056
 0.000512313    0.0041056    0.0272332
  0.00787446  -0.00335012 -0.000655802
 -0.00335012   0.00214687   0.00361226
-0.000655802   0.00361226       0.0272
   0.0114618  -0.00475489  -0.00224756
 -0.00475489   0.00254703   0.00396442
 -0.00224756   0.00396442    0.0225059
  0.00914545  -0.00413899  -0.00182262
 -0.00413899   0.00243548   0.00358111
 -0.00182262   0.00358111    0.0239754
   0.0106934  -0.00518244  -0.00308692
 -0.00518244    0.0029744   0.00380849
 -0.00308692   0.00380849    0.0212983
  0.00754706  -0.00238832   0.00112047
 -0.00238832   0.00190622   0.00450437
  0.00112047   0.00450437    0.0273334
  0.00703488  -0.00291029 -3.56044e-05
 -0.00291029   0.00209025   0.00373716
-3.56044e-05   0.00373716    0.0269699
  0.00856847  -0.00220667   0.00167428
 -0.00220667   0.00192044   0.00508131
  0.00167428   0.00508131    0.0278274
  0.00939768  -0.00214516   0.00187287
 -0.00214516   0.00199374   0.00514722
  0.00187287   0.00514722    0.0284299
  0.00985384  -0.00251645  0.000998724
 -0.00251645   0.00168622    0.0042695
 0.000998724    0.0042695    0.0275238
   0.0106694  -0.00279444  0.000631449
 -0.00279444   0.00180762   0.00358279
 0.000631449   0.00358279    0.0280859
  0.00987363  -0.00229486   0.00163796
 -0.00229486   0.00213021   0.00457869
  0.00163796   0.00457869    0.0289071
   0.0120661  -0.00364587 -0.000744263
 -0.00364587   0.00182472   0.00315506
-0.000744263   0.00315506    0.0259167
   0.0101154  -0.00537403  -0.00354942
 -0.00537403   0.00319566    0.0036256
 -0.00354942    0.0036256    0.0207321
  0.00882117  -0.00461686  -0.00292989
 -0.00461686   0.00279528   0.00320904
 -0.00292989   0.00320904    0.0220303
  0.00879551  -0.00507488  -0.00412054
 -0.00507488   0.00314246   0.00311766
 -0.00412054   0.00311766    0.0215767
   0.0098871  -0.00561487  -0.00423623
 -0.00561487   0.00343081   0.00359801
 -0.00423623   0.00359801    0.0206809
  0.00762378  -0.00441164  -0.00354599
 -0.00441164   0.00280151     0.002654
 -0.00354599     0.002654    0.0224141
  0.00809065   -0.0049317  -0.00473733
  -0.0049317   0.00313133   0.00289899
 -0.00473733   0.00289899    0.0209518
  0.00741494  -0.00452243  -0.00449453
 -0.00452243   0.00289126   0.00233052
 -0.00449453   0.00233052     0.021793
  0.00681727  -0.00419135   -0.0051041
 -0.00419135   0.00269974   0.00213947
  -0.0051041   0.00213947      0.02142
  0.00879159   -0.0053481  -0.00490705
  -0.0053481   0.00338144    0.0033138
 -0.00490705    0.0033138     0.019297
  0.00733429  -0.00447855  -0.00521009
 -0.00447855   0.00284453   0.00262629
 -0.00521009   0.00262629    0.0198666
  0.00806341  -0.00502142  -0.00536694
 -0.00502142   0.00323038   0.00328497
 -0.00536694   0.00328497        0.019
  0.00634734  -0.00392423  -0.00396297
 -0.00392423   0.00257842   0.00204929
 -0.00396297   0.00204929    0.0217835
  0.00570469  -0.00357997  -0.00460138
 -0.00357997   0.00237327    0.0018182
 -0.00460138    0.0018182    0.0208947
  0.00655513  -0.00385453  -0.00289831
 -0.00385453     0.002555   0.00233697
 -0.00289831   0.00233697    0.0235227
  0.00676515  -0.00345832   -0.0014386
 -0.00345832   0.00234726   0.00298376
  -0.0014386   0.00298376    0.0266002
  0.00766424   -0.0039529  -0.00221683
  -0.0039529   0.00249477    0.0030225
 -0.00221683    0.0030225    0.0242828
  0.00964806  -0.00357259     0.002328
 -0.00357259   0.00840307    0.0110773
    0.002328    0.0110773    0.0230172
  0.00977718  -0.00314233   0.00246753
 -0.00314233   0.00675032   0.00993984
  0.00246753   0.00993984    0.0243745
  0.00923349  -0.00335825   0.00208072
 -0.00335825   0.00684187    0.0095525
  0.00208072    0.0095525    0.0244233
  0.00909534  -0.00365299   0.00202855
 -0.00365299   0.00863334    0.0110232
  0.00202855    0.0110232    0.0229332
  0.00931308  -0.00314739    0.0019417
 -0.00314739   0.00523469   0.00773691
   0.0019417   0.00773691    0.0259731
  0.00860541  -0.00357802   0.00156117
 -0.00357802   0.00665123   0.00890683
  0.00156117   0.00890683    0.0245542
  0.00869749  -0.00346099    0.0013185
 -0.00346099   0.00503329     0.006747
   0.0013185     0.006747    0.0261912
  0.00811691  -0.00363995  0.000645837
 -0.00363995   0.00468705   0.00571644
 0.000645837   0.00571644    0.0264704
  0.00846338  -0.00375338   0.00159746
 -0.00375338     0.008549     0.010708
  0.00159746     0.010708    0.0229504
  0.00800077    -0.003699  0.000981391
   -0.003699   0.00627424   0.00817004
 0.000981391   0.00817004    0.0247499
  0.00785998  -0.00379121   0.00109869
 -0.00379121   0.00824067     0.010269
  0.00109869     0.010269    0.0230451
  0.00874417  -0.00339441  0.000880478
 -0.00339441   0.00386018   0.00441742
 0.000880478   0.00441742    0.0277718
  0.00819057  -0.00360385  0.000125185
 -0.00360385   0.00364498   0.00311066
 0.000125185   0.00311066    0.0281079
  0.00822975   -0.0035815 -0.000495383
  -0.0035815   0.00315052  0.000566261
-0.000495383  0.000566261    0.0296106
  0.00875437  -0.00336043  0.000321847
 -0.00336043   0.00316066   0.00205872
 0.000321847   0.00205872    0.0292405
  0.00933624  -0.00302106   0.00160829
 -0.00302106   0.00397001    0.0057146
  0.00160829    0.0057146    0.0274937
  0.00930644  -0.00295563   0.00113839
 -0.00295563   0.00311172   0.00359345
  0.00113839   0.00359345    0.0289175
  0.00982207  -0.00260794   0.00222318
 -0.00260794   0.00392316   0.00676858
  0.00222318   0.00676858    0.0272685
  0.00983475   -0.0028174    0.0024407
  -0.0028174   0.00520006   0.00846917
   0.0024407   0.00846917    0.0258209
  0.00972544  -0.00251288   0.00185938
 -0.00251288    0.0029822   0.00494533
  0.00185938   0.00494533    0.0286389
  0.00730838  -0.00373372  0.000551517
 -0.00373372    0.0077698   0.00984768
 0.000551517   0.00984768    0.0231696
  0.00745877  -0.00366722  0.000342356
 -0.00366722   0.00579247    0.0075001
 0.000342356    0.0075001    0.0249698
  0.00697969   -0.0034993 -0.000343199
  -0.0034993   0.00525831   0.00701548
-0.000343199   0.00701548    0.0251845
  0.00682158  -0.00357975 -3.08682e-05
 -0.00357975   0.00722931   0.00952606
-3.08682e-05   0.00952606    0.0232823
  0.00714919  -0.00340671 -0.000843027
 -0.00340671   0.00382463   0.00414489
-0.000843027   0.00414489    0.0270456
  0.00656319  -0.00324302  -0.00106735
 -0.00324302   0.00474843    0.0067055
 -0.00106735    0.0067055    0.0253918
  0.00675466  -0.00308084  -0.00164809
 -0.00308084   0.00335588   0.00373131
 -0.00164809   0.00373131    0.0273217
  0.00644317  -0.00272577  -0.00239113
 -0.00272577   0.00290133   0.00356009
 -0.00239113   0.00356009    0.0273895
  0.00640258  -0.00335818 -0.000646894
 -0.00335818   0.00670105   0.00930216
-0.000646894   0.00930216    0.0233749
  0.00621902  -0.00294355  -0.00177805
 -0.00294355   0.00427763   0.00658798
 -0.00177805   0.00658798     0.025342
  0.00605844  -0.00309659  -0.00127279
 -0.00309659   0.00623132   0.00918206
 -0.00127279   0.00918206    0.0234568
  0.00695376  -0.00291042  -0.00233563
 -0.00291042   0.00264883  0.000668903
 -0.00233563  0.000668903    0.0290472
  0.00679943  -0.00250105  -0.00307017
 -0.00250105   0.00219816  0.000520899
 -0.00307017  0.000520899    0.0288557
  0.00702961  -0.00229094  -0.00369885
 -0.00229094   0.00214289   -0.0023242
 -0.00369885   -0.0023242    0.0304825
   0.0071168  -0.00276986  -0.00301009
 -0.00276986    0.0025774  -0.00214732
 -0.00301009  -0.00214732    0.0304783
  0.00730857   -0.0033144  -0.00149007
  -0.0033144   0.00304145   0.00117191
 -0.00149007   0.00117191    0.0287674
  0.00742572   -0.0032346  -0.00216129
  -0.0032346   0.00290612  -0.00160761
 -0.00216129  -0.00160761    0.0302617
   0.0077146  -0.00357171   -0.0006652
 -0.00357171   0.00337653    0.0019856
  -0.0006652    0.0019856    0.0284545
  0.00759664  -0.00361786 -7.54217e-05
 -0.00361786   0.00427388   0.00480472
-7.54217e-05   0.00480472    0.0267654
   0.0077857  -0.00353572  -0.00131814
 -0.00353572   0.00307859 -0.000697738
 -0.00131814 -0.000697738    0.0299675
   0.0131831  -0.00598081  -0.00710487
 -0.00598081   0.00444522  -0.00234435
 -0.00710487  -0.00234435    0.0234555
   0.0137206  -0.00642456  -0.00674183
 -0.00642456   0.00465465  -0.00244396
 -0.00674183  -0.00244396    0.0236343
   0.0107229  -0.00464351  -0.00567002
 -0.00464351   0.00398497  -0.00413725
 -0.00567002  -0.00413725    0.0275467
   0.0111615  -0.00502507  -0.00512825
 -0.00502507   0.00397437  -0.00379696
 -0.00512825  -0.00379696     0.027527
   0.0142292  -0.00666217  -0.00634004
 -0.00666217   0.00454648  -0.00227652
 -0.00634004  -0.00227652    0.0236324
  0.00899522  -0.00391811  -0.00390068
 -0.00391811   0.00352636  -0.00441278
 -0.00390068  -0.00441278    0.0301399
   0.0115865  -0.00517677  -0.00456039
 -0.00517677     0.003702   -0.0031513
 -0.00456039   -0.0031513    0.0273396
  0.00937789  -0.00416787  -0.00320204
 -0.00416787   0.00336562  -0.00356682
 -0.00320204  -0.00356682    0.0299078
  0.00980614  -0.00416925  -0.00246049
 -0.00416925   0.00306803  -0.00237506
 -0.00246049  -0.00237506    0.0295769
   0.0146222  -0.00669727  -0.00589825
 -0.00669727   0.00421312  -0.00182521
 -0.00589825  -0.00182521    0.0234562
   0.0119713  -0.00512652  -0.00392316
 -0.00512652   0.00329349  -0.00215015
 -0.00392316  -0.00215015    0.0270204
   0.0149266  -0.00655642  -0.00537651
 -0.00655642   0.00375524  -0.00108221
 -0.00537651  -0.00108221    0.0231804
  0.00814272  -0.00361864  -0.00218343
 -0.00361864   0.00308695  -0.00266022
 -0.00218343  -0.00266022     0.030628
    0.008566  -0.00366203  -0.00137611
 -0.00366203   0.00296583  -0.00136751
 -0.00137611  -0.00136751     0.030273
  0.00779328  -0.00331957  -0.00297895
 -0.00331957   0.00308552  -0.00358072
 -0.00297895  -0.00358072    0.0308887
  0.00750643  -0.00281799  -0.00377459
 -0.00281799   0.00286528  -0.00411337
 -0.00377459  -0.00411337    0.0310169
  0.00865383  -0.00344369  -0.00458983
 -0.00344369   0.00340965  -0.00487366
 -0.00458983  -0.00487366    0.0301947
  0.00854386  -0.00285722  -0.00518163
 -0.00285722    0.0029873   -0.0049498
 -0.00518163   -0.0049498    0.0301339
  0.00756757  -0.00230612   -0.0044269
 -0.00230612   0.00243351  -0.00421436
  -0.0044269  -0.00421436    0.0308466
   0.0104767  -0.00410817  -0.00615984
 -0.00410817   0.00364581  -0.00412648
 -0.00615984  -0.00412648    0.0273858
   0.0151593  -0.00627962  -0.00474723
 -0.00627962   0.00326622  -7.4646e-05
 -0.00474723  -7.4646e-05    0.0228691
   0.0123174  -0.00487282  -0.00319915
 -0.00487282   0.00284016 -0.000873001
 -0.00319915 -0.000873001    0.0266757
   0.0125718  -0.00451028  -0.00241246
 -0.00451028   0.00239729  0.000604569
 -0.00241246  0.000604569    0.0263301
   0.0153305  -0.00592802  -0.00400193
 -0.00592802   0.00279768   0.00108059
 -0.00400193   0.00108059    0.0226712
   0.0106261  -0.00355249 -0.000803854
 -0.00355249   0.00232208  0.000760992
-0.000803854  0.000760992    0.0288639
   0.0125918  -0.00409251  -0.00153953
 -0.00409251    0.0020511     0.001996
 -0.00153953     0.001996    0.0260433
   0.0108375  -0.00313418 -1.84629e-05
 -0.00313418   0.00201477   0.00235084
-1.84629e-05   0.00235084    0.0285239
   0.0149507  -0.00539407  -0.00312687
 -0.00539407   0.00241515   0.00226188
 -0.00312687   0.00226188    0.0227796
   0.0098594  -0.00260007    0.0010997
 -0.00260007   0.00232023   0.00340015
   0.0010997   0.00340015    0.0292451
   0.0095306  -0.00303736  0.000324255
 -0.00303736   0.00254844   0.00185297
 0.000324255   0.00185297    0.0295558
  0.00905428  -0.00343129   -0.0005398
 -0.00343129   0.00278036  0.000182179
  -0.0005398  0.000182179    0.0298987
   0.0102427  -0.00394255   -0.0016515
 -0.00394255   0.00270387 -0.000889364
  -0.0016515 -0.000889364    0.0292094
  0.00435079  -0.00862653  -0.00304094
 -0.00862653    0.0262091    0.0152398
 -0.00304094    0.0152398    0.0149473
  0.00493767  -0.00855235  -0.00228968
 -0.00855235    0.0249125     0.014736
 -0.00228968     0.014736    0.0157964
  0.00500786  -0.00826071   -0.0029495
 -0.00826071    0.0204938     0.013567
  -0.0029495     0.013567    0.0170583
  0.00569128  -0.00822607  -0.00204676
 -0.00822607    0.0195476    0.0130121
 -0.00204676    0.0130121    0.0176909
  0.00566416  -0.00847991  -0.00146504
 -0.00847991    0.0237127    0.0143336
 -0.00146504    0.0143336     0.016624
  0.00577245  -0.00794101  -0.00270387
 -0.00794101    0.0158044    0.0116947
 -0.00270387    0.0116947    0.0187192
  0.00648298  -0.00820054  -0.00112517
 -0.00820054    0.0187851    0.0126683
