           0            0            0
           0            0            0
           0            0            0
   0.0269038 -0.000999792   0.00548571
-0.000999792  0.000178202    -0.001074
  0.00548571    -0.001074    0.0165084
   0.0234568 -0.000951552   0.00821368
-0.000951552  0.000136048  -0.00083814
  0.00821368  -0.00083814    0.0202531
   0.0200112  -0.00146488    0.0107606
 -0.00146488  0.000202368 -0.000735956
   0.0107606 -0.000735956    0.0223646
   0.0191367  -0.00198132    0.0119381
 -0.00198132  0.000301525 -0.000597024
   0.0119381 -0.000597024    0.0224679
   0.0192218  -0.00241362    0.0114356
 -0.00241362  0.000410414 -0.000532611
   0.0114356 -0.000532611    0.0227003
   0.0171148  -0.00227155   0.00991842
 -0.00227155  0.000375246 -0.000687052
  0.00991842 -0.000687052    0.0204297
   0.0177844  -0.00263203   0.00912883
 -0.00263203  0.000467244 -0.000683586
  0.00912883 -0.000683586     0.021581
   0.0193531  -0.00272604    0.0104878
 -0.00272604  0.000493077 -0.000570741
   0.0104878 -0.000570741    0.0229624
   0.0175416  -0.00274986   0.00733602
 -0.00274986  0.000514373 -0.000810405
  0.00733602 -0.000810405    0.0223574
   0.0192333  -0.00289148   0.00878484
 -0.00289148  0.000540568 -0.000729708
  0.00878484 -0.000729708    0.0237693
   0.0173958  -0.00266785   0.00515525
 -0.00266785  0.000523524  -0.00106807
  0.00515525  -0.00106807    0.0233515
   0.0193625  -0.00300919    0.0079676
 -0.00300919  0.000562306 -0.000944974
   0.0079676 -0.000944974    0.0239021
   0.0395531   0.00114107    0.0139006
  0.00114107  0.000754816   0.00266381
   0.0139006   0.00266381    0.0205945
   0.0342084  3.33538e-05    0.0162741
 3.33538e-05  0.000972843   0.00338063
   0.0162741   0.00338063    0.0244083
    0.033886  0.000755086    0.0160167
 0.000755086  0.000735404   0.00318939
   0.0160167   0.00318939     0.024317
   0.0307503  9.32303e-05    0.0180814
 9.32303e-05  0.000960771    0.0036889
   0.0180814    0.0036889    0.0273085
   0.0304539 -0.000585913    0.0179509
-0.000585913    0.0012126   0.00375958
   0.0179509   0.00375958    0.0271761
   0.0292025  0.000317198    0.0170869
 0.000317198  0.000723503   0.00324787
   0.0170869   0.00324787    0.0268209
    0.028361 -0.000505163     0.018514
-0.000505163   0.00113168   0.00373155
    0.018514   0.00373155    0.0284678
   0.0272492   -0.0002572    0.0177628
  -0.0002572   0.00089555   0.00341249
   0.0177628   0.00341249    0.0280859
   0.0266872 -0.000835325    0.0176388
-0.000835325  0.000979629   0.00319853
   0.0176388   0.00319853    0.0282223
   0.0277436  -0.00108978    0.0181285
 -0.00108978   0.00136666   0.00371473
   0.0181285   0.00371473    0.0282061
   0.0276239  -0.00112296    0.0182558
 -0.00112296   0.00118889   0.00339925
   0.0182558   0.00339925    0.0285578
   0.0268482  -0.00165046    0.0177296
 -0.00165046   0.00138934   0.00332593
   0.0177296   0.00332593    0.0282757
   0.0256976 -0.000391885    0.0167112
-0.000391885  0.000679434    0.0027542
   0.0167112    0.0027542    0.0275746
   0.0251631 -0.000899679    0.0166172
-0.000899679  0.000785418   0.00266953
   0.0166172   0.00266953    0.0277092
    0.024156  -0.00124875    0.0159426
 -0.00124875  0.000623499   0.00189732
   0.0159426   0.00189732    0.0274637
   0.0248254 -0.000789126    0.0161257
-0.000789126  0.000503694   0.00187179
   0.0161257   0.00187179     0.027411
   0.0275749  0.000136444    0.0160273
 0.000136444  0.000514309   0.00248997
   0.0160273   0.00248997    0.0263422
   0.0269723 -0.000281892    0.0156563
-0.000281892  0.000354687   0.00155732
   0.0156563   0.00155732    0.0263375
   0.0304985  0.000723527    0.0139703
 0.000723527  0.000356356   0.00186755
   0.0139703   0.00186755     0.023431
   0.0320085  0.000944775    0.0148768
 0.000944775  0.000526556   0.00265398
   0.0148768   0.00265398    0.0237813
   0.0362815   0.00182344    0.0120485
  0.00182344  0.000411247   0.00179231
   0.0120485   0.00179231    0.0197883
   0.0302913  0.000296107    0.0136623
 0.000296107  0.000233268  0.000972841
   0.0136623  0.000972841    0.0235991
   0.0349385   0.00147221    0.0113616
  0.00147221  0.000276038   0.00107359
   0.0113616   0.00107359    0.0195722
   0.0358072   0.00093918    0.0111719
  0.00093918  0.000184922  0.000295028
   0.0111719  0.000295028    0.0199383
   0.0383705   0.00178125    0.0132018
  0.00178125  0.000569715   0.00236593
   0.0132018   0.00236593    0.0202808
   0.0261615  -0.00225678    0.0166897
 -0.00225678   0.00130392   0.00269306
   0.0166897   0.00269306    0.0277491
   0.0270354  -0.00181069    0.0172515
 -0.00181069   0.00114063   0.00277339
   0.0172515   0.00277339    0.0279576
   0.0264975  -0.00238462    0.0161951
 -0.00238462   0.00102006   0.00197582
   0.0161951   0.00197582    0.0274004
   0.0255266  -0.00272801    0.0155835
 -0.00272801   0.00114011   0.00190542
   0.0155835   0.00190542    0.0272365
   0.0257698  -0.00205996    0.0157115
 -0.00205996  0.000882055   0.00193479
   0.0157115   0.00193479    0.0270528
   0.0259841  -0.00282748     0.015089
 -0.00282748  0.000868372   0.00106281
    0.015089   0.00106281    0.0268477
   0.0253542  -0.00251559    0.0146716
 -0.00251559  0.000763526   0.00107825
   0.0146716   0.00107825    0.0265102
   0.0249903  -0.00284347    0.0136478
 -0.00284347  0.000650303  0.000148591
   0.0136478  0.000148591    0.0259997
   0.0249278  -0.00305019      0.01441
 -0.00305019  0.000946421   0.00102428
     0.01441   0.00102428    0.0266952
   0.0255449  -0.00313424     0.013996
 -0.00313424  0.000729578  9.77527e-05
    0.013996  9.77527e-05    0.0263117
   0.0243724  -0.00324227    0.0132151
 -0.00324227  0.000774911  0.000113033
   0.0132151  0.000113033    0.0261246
   0.0239365  -0.00235151     0.013743
 -0.00235151   0.00067089  0.000936633
    0.013743  0.000936633    0.0259926
   0.0235794  -0.00261554    0.0127239
 -0.00261554  0.000577917   0.00011579
   0.0127239   0.00011579    0.0254756
    0.022375  -0.00259796    0.0119027
 -0.00259796  0.000539948 -6.62951e-05
   0.0119027 -6.62951e-05    0.0250664
   0.0228064  -0.00242884    0.0129929
 -0.00242884  0.000612616  0.000608586
   0.0129929  0.000608586    0.0256422
   0.0243263  -0.00196231    0.0147693
 -0.00196231  0.000758849   0.00167062
   0.0147693   0.00167062    0.0265425
   0.0232329  -0.00213213    0.0140637
 -0.00213213  0.000669388   0.00119139
   0.0140637   0.00119139    0.0262381
   0.0247205  -0.00147209    0.0157316
 -0.00147209  0.000804684   0.00226224
   0.0157316   0.00226224    0.0271062
   0.0262074  -0.00149382     0.016707
 -0.00149382  0.000964028   0.00265814
    0.016707   0.00265814    0.0276154
   0.0236546  -0.00173227    0.0150461
 -0.00173227  0.000676037   0.00163331
   0.0150461   0.00163331    0.0268377
   0.0208113  -0.00300775    0.0105797
 -0.00300775  0.000569173 -0.000545113
   0.0105797 -0.000545113    0.0245565
   0.0208138  -0.00280207    0.0115366
 -0.00280207  0.000534296 -0.000343923
   0.0115366 -0.000343923    0.0244588
   0.0224135   -0.0027375     0.013216
  -0.0027375  0.000575575  4.58977e-05
    0.013216  4.58977e-05     0.025784
   0.0205706  -0.00246548     0.012489
 -0.00246548  0.000454925 -0.000280176
    0.012489 -0.000280176    0.0240433
    0.022627  -0.00240169    0.0140925
 -0.00240169  0.000513052  0.000239765
   0.0140925  0.000239765    0.0262326
   0.0227781  -0.00195239    0.0147885
 -0.00195239  0.000406437  0.000295809
   0.0147885  0.000295809    0.0264537
   0.0207846  -0.00204707    0.0132917
 -0.00204707   0.00034687 -0.000277013
   0.0132917 -0.000277013    0.0241825
   0.0235415  -0.00216665    0.0149818
 -0.00216665  0.000590577  0.000857631
   0.0149818  0.000857631    0.0269847
   0.0239469  -0.00171529    0.0158209
 -0.00171529  0.000505963   0.00100423
   0.0158209   0.00100423    0.0276091
   0.0230012  -0.00249394    0.0139134
 -0.00249394  0.000617937  0.000563131
   0.0139134  0.000563131    0.0263015
   0.0225011  -0.00271011     0.012745
 -0.00271011  0.000594395  0.000135462
    0.012745  0.000135462    0.0256031
   0.0219914  -0.00292476     0.012169
 -0.00292476  0.000582988 -0.000274236
    0.012169 -0.000274236     0.025348
   0.0217103  -0.00301336    0.0111554
 -0.00301336  0.000564218 -0.000712042
   0.0111554 -0.000712042    0.0246737
   0.0219648  -0.00279515    0.0115362
 -0.00279515  0.000542462 -0.000388377
   0.0115362 -0.000388377    0.0249246
   0.0205614  -0.00306245   0.00970433
 -0.00306245  0.000564577 -0.000883519
  0.00970433 -0.000883519    0.0243248
   0.0215484  -0.00154041    0.0129141
 -0.00154041   0.00023565 -0.000407656
   0.0129141 -0.000407656    0.0242507
   0.0247251  -0.00101317    0.0112209
 -0.00101317  0.000149965 -0.000588797
   0.0112209 -0.000588797    0.0228747
    0.025559 -0.000917035    0.0132429
-0.000917035  0.000178173 -0.000135819
   0.0132429 -0.000135819     0.024579
   0.0280573 -0.000610021   0.00806343
-0.000610021  0.000127903 -0.000820874
  0.00806343 -0.000820874    0.0192144
   0.0287744 -0.000478442    0.0099323
-0.000478442  0.000133792  -0.00051937
   0.0099323  -0.00051937    0.0206872
   0.0332471 -0.000229203   0.00732775
-0.000229203  0.000151926 -0.000859121
  0.00732775 -0.000859121    0.0171249
   0.0310943 -0.000692407   0.00568104
-0.000692407  0.000170872  -0.00106162
  0.00568104  -0.00106162    0.0162629
   0.0298714 -9.53383e-05    0.0124634
-9.53383e-05  0.000154994  0.000157354
   0.0124634  0.000157354    0.0229438
   0.0342354  0.000309946   0.00955866
 0.000309946  0.000136641 -0.000336421
  0.00955866 -0.000336421    0.0189141
   0.0265244 -0.000689158    0.0149821
-0.000689158  0.000241046  0.000636203
   0.0149821  0.000636203     0.026019
     0.02439  -0.00123612     0.015831
 -0.00123612  0.000375211  0.000926833
    0.015831  0.000926833    0.0274214
   0.0232253  -0.00145977    0.0144981
 -0.00145977  0.000279605  0.000165758
   0.0144981  0.000165758    0.0260318
    0.023789  -0.00333153    0.0119759
 -0.00333153  0.000658854 -0.000792677
   0.0119759 -0.000792677    0.0255376
   0.0251774  -0.00333723    0.0128943
 -0.00333723  0.000641767 -0.000885007
   0.0128943 -0.000885007    0.0257894
   0.0248489  -0.00343484    0.0117747
 -0.00343484  0.000636305  -0.00185374
   0.0117747  -0.00185374    0.0252935
   0.0231452  -0.00332274    0.0106966
 -0.00332274  0.000631082  -0.00167069
   0.0106966  -0.00167069    0.0249576
   0.0246044  -0.00319535    0.0116483
 -0.00319535  0.000582472  -0.00182494
   0.0116483  -0.00182494    0.0251117
   0.0244139  -0.00345249    0.0106341
 -0.00345249  0.000718055  -0.00277035
   0.0106341  -0.00277035    0.0248146
   0.0244824  -0.00325764    0.0106589
 -0.00325764  0.000673661  -0.00278084
   0.0106589  -0.00278084     0.024722
   0.0242725  -0.00325743   0.00970488
 -0.00325743  0.000836542  -0.00364291
  0.00970488  -0.00364291    0.0243493
   0.0223969  -0.00323428   0.00941376
 -0.00323428  0.000682343  -0.00249378
  0.00941376  -0.00249378    0.0243843
   0.0238239  -0.00338691    0.0095167
 -0.00338691  0.000866246  -0.00359435
   0.0095167  -0.00359435    0.0243307
   0.0215027  -0.00307792   0.00816782
 -0.00307792  0.000802806  -0.00324818
  0.00816782  -0.00324818    0.0237854
   0.0230338  -0.00283364     0.009736
 -0.00283364  0.000590958  -0.00262935
    0.009736  -0.00262935    0.0242151
   0.0230412  -0.00280633   0.00885455
 -0.00280633  0.000742866  -0.00346916
  0.00885455  -0.00346916    0.0238887
   0.0213004  -0.00231113    0.0076609
 -0.00231113  0.000639961   -0.0032247
   0.0076609   -0.0032247    0.0232821
    0.021365  -0.00245262   0.00862542
 -0.00245262  0.000517354  -0.00246067
  0.00862542  -0.00246067    0.0236456
   0.0230808  -0.00282476    0.0107006
 -0.00282476  0.000510676  -0.00170961
   0.0107006  -0.00170961    0.0245832
   0.0215855  -0.00258071   0.00968966
 -0.00258071   0.00046587  -0.00163822
  0.00968966  -0.00163822    0.0240552
   0.0232545  -0.00276958    0.0116998
 -0.00276958  0.000511712 -0.000776022
   0.0116998 -0.000776022    0.0249986
   0.0247177  -0.00306687      0.01264
 -0.00306687   0.00057646 -0.000831498
     0.01264 -0.000831498    0.0255348
   0.0219304  -0.00264975    0.0107943
 -0.00264975  0.000478264 -0.000822755
   0.0107943 -0.000822755    0.0245295
    0.020451  -0.00284754   0.00694535
 -0.00284754  0.000982573  -0.00397155
  0.00694535  -0.00397155    0.0231432
   0.0230484  -0.00323916   0.00837963
 -0.00323916   0.00106462  -0.00434797
  0.00837963  -0.00434797    0.0238119
   0.0221465  -0.00293746   0.00720535
 -0.00293746   0.00132952  -0.00507276
  0.00720535  -0.00507276     0.023249
   0.0193089  -0.00247677   0.00575656
 -0.00247677   0.00125623  -0.00471698
  0.00575656  -0.00471698    0.0224618
   0.0234565  -0.00296553   0.00771616
 -0.00296553   0.00129356  -0.00512561
  0.00771616  -0.00512561    0.0235672
   0.0210831  -0.00244423   0.00602232
 -0.00244423   0.00168395  -0.00580858
  0.00602232  -0.00580858    0.0226532
   0.0228225  -0.00256819   0.00663314
 -0.00256819   0.00160431  -0.00581033
  0.00663314  -0.00581033    0.0231417
   0.0219558  -0.00194426   0.00553402
 -0.00194426   0.00200202  -0.00649183
  0.00553402  -0.00649183    0.0227039
   0.0180708  -0.00191536   0.00464982
 -0.00191536   0.00164936  -0.00551791
  0.00464982  -0.00551791    0.0217639
    0.019794  -0.00171859   0.00487519
 -0.00171859   0.00216369  -0.00657859
  0.00487519  -0.00657859    0.0220547
   0.0167452  -0.00114488   0.00365105
 -0.00114488   0.00221745  -0.00639665
  0.00365105  -0.00639665    0.0211016
   0.0227121  -0.00225892   0.00611348
 -0.00225892   0.00143032  -0.00552133
  0.00611348  -0.00552133     0.023028
   0.0223747  -0.00174259   0.00513992
 -0.00174259   0.00174466  -0.00611412
  0.00513992  -0.00611412    0.0227764
   0.0213695  -0.00125831   0.00390474
 -0.00125831   0.00145409  -0.00555781
  0.00390474  -0.00555781    0.0223781
   0.0213392  -0.00169294   0.00483852
 -0.00169294   0.00121545  -0.00506725
  0.00483852  -0.00506725    0.0225053
   0.0229019  -0.00256889   0.00707281
 -0.00256889   0.00116333  -0.00489514
  0.00707281  -0.00489514    0.0232961
   0.0213156  -0.00197819   0.00578886
 -0.00197819  0.000999383  -0.00452261
  0.00578886  -0.00452261    0.0226977
   0.0229797  -0.00274067   0.00797705
 -0.00274067  0.000934638  -0.00422023
  0.00797705  -0.00422023    0.0235853
   0.0239132  -0.00318152   0.00874038
 -0.00318152   0.00103944  -0.00441486
  0.00874038  -0.00441486    0.0239716
    0.021283  -0.00217338   0.00673576
 -0.00217338  0.000803999  -0.00391241
  0.00673576  -0.00391241    0.0229664
    0.018928  0.000130655 -0.000599894
 0.000130655  0.000713354   -0.0037691
-0.000599894   -0.0037691    0.0208982
   0.0189091 -0.000341219  0.000803862
-0.000341219  0.000669114  -0.00366322
 0.000803862  -0.00366322    0.0209411
   0.0188202 -0.000447466   0.00154854
-0.000447466   0.00075573  -0.00392769
  0.00154854  -0.00392769    0.0211964
   0.0189387 -0.000908242   0.00289766
-0.000908242  0.000671204  -0.00364122
  0.00289766  -0.00364122    0.0214165
     0.01913 -0.000911383   0.00225004
-0.000911383  0.000625621  -0.00344832
  0.00225004  -0.00344832    0.0211499
    0.019106  -0.00107525   0.00360589
 -0.00107525  0.000744458  -0.00386595
  0.00360589  -0.00386595    0.0217072
   0.0192635   -0.0014418    0.0042462
  -0.0014418  0.000597594  -0.00327741
   0.0042462  -0.00327741    0.0217802
   0.0192886  -0.00147437   0.00484007
 -0.00147437  0.000626806  -0.00342016
  0.00484007  -0.00342016    0.0220572
   0.0197194  -0.00189687   0.00607518
 -0.00189687  0.000543646  -0.00291293
  0.00607518  -0.00291293    0.0224846
   0.0193961   -0.0015374   0.00359932
  -0.0015374   0.00058814  -0.00314602
  0.00359932  -0.00314602    0.0214481
    0.019824  -0.00199876   0.00559432
 -0.00199876  0.000554412  -0.00286195
  0.00559432  -0.00286195    0.0222224
    0.019521  -0.00209526   0.00476434
 -0.00209526  0.000563672  -0.00275851
  0.00476434  -0.00275851    0.0216618
   0.0198597  -0.00171495   0.00559782
 -0.00171495  0.000695874  -0.00362818
  0.00559782  -0.00362818    0.0224146
   0.0200611  -0.00198523   0.00667747
 -0.00198523  0.000568303  -0.00302666
  0.00667747  -0.00302666     0.022793
   0.0198334  -0.00143724    0.0045218
 -0.00143724  0.000852102  -0.00415596
   0.0045218  -0.00415596    0.0221096
   0.0198436  -0.00112292   0.00343853
 -0.00112292   0.00101897  -0.00460729
  0.00343853  -0.00460729    0.0219135
   0.0190538 -0.000701775   0.00236713
-0.000701775  0.000867391  -0.00422834
  0.00236713  -0.00422834    0.0214838
   0.0190538 -0.000296593   0.00114809
-0.000296593  0.000987004  -0.00450023
  0.00114809  -0.00450023    0.0213865
   0.0199304 -0.000715746   0.00240742
-0.000715746   0.00119083  -0.00498458
  0.00240742  -0.00498458    0.0218279
   0.0188403 -2.55767e-05  0.000219204
-2.55767e-05  0.000834842  -0.00411057
 0.000219204  -0.00411057    0.0211158
     0.01918  -0.00249458   0.00553167
 -0.00249458    0.0005429  -0.00229425
  0.00553167  -0.00229425     0.021947
   0.0202814  -0.00251012   0.00688137
 -0.00251012  0.000536502  -0.00239747
  0.00688137  -0.00239747    0.0226831
   0.0203904  -0.00285706   0.00802983
 -0.00285706   0.00053619  -0.00187261
  0.00802983  -0.00187261    0.0230425
   0.0188985  -0.00274348   0.00597206
 -0.00274348  0.000536732  -0.00178809
  0.00597206  -0.00178809    0.0228236
   0.0208618    -0.002727   0.00872778
   -0.002727  0.000498322  -0.00178984
  0.00872778  -0.00178984    0.0235406
   0.0203318  -0.00302278   0.00897189
 -0.00302278  0.000546809  -0.00134663
  0.00897189  -0.00134663    0.0234505
   0.0213181  -0.00296121    0.0100023
 -0.00296121   0.00052494  -0.00122875
   0.0100023  -0.00122875    0.0241302
   0.0190504  -0.00292542   0.00676288
 -0.00292542  0.000546267  -0.00132675
  0.00676288  -0.00132675    0.0237964
   0.0213866  -0.00275124    0.0102915
 -0.00275124  0.000486003 -0.000995295
   0.0102915 -0.000995295    0.0242833
   0.0208549  -0.00256485   0.00904073
 -0.00256485  0.000460941  -0.00166957
  0.00904073  -0.00166957    0.0237198
   0.0203928  -0.00228897   0.00780934
 -0.00228897   0.00048565  -0.00236822
  0.00780934  -0.00236822     0.023228
   0.0202644  -0.00234244   0.00736342
 -0.00234244   0.00049728  -0.00236358
  0.00736342  -0.00236358    0.0229779
   0.0178146  -0.00273032   0.00460533
 -0.00273032  0.000534138  -0.00130873
  0.00460533  -0.00130873    0.0238557
    0.018034  -0.00262455   0.00401417
 -0.00262455  0.000527984  -0.00170611
  0.00401417  -0.00170611    0.0234417
   0.0162674   -0.0022733   0.00177047
  -0.0022733  0.000488412  -0.00149468
  0.00177047  -0.00149468     0.022979
   0.0179635  -0.00234488   0.00320394
 -0.00234488   0.00052525  -0.00213484
  0.00320394  -0.00213484    0.0226376
   0.0168179  -0.00217862   0.00125693
 -0.00217862  0.000497393  -0.00193287
  0.00125693  -0.00193287    0.0230288
   0.0174231   -0.0019228  0.000991096
  -0.0019228  0.000514705  -0.00236488
 0.000991096  -0.00236488    0.0223871
    0.018306  -0.00200328   0.00279012
 -0.00200328  0.000536113  -0.00253842
  0.00279012  -0.00253842    0.0216785
   0.0158448  -0.00166011  -0.00101225
 -0.00166011  0.000440982  -0.00194951
 -0.00101225  -0.00194951    0.0225395
   0.0187211  -0.00156777    0.0024176
 -0.00156777  0.000557676  -0.00290195
   0.0024176  -0.00290195    0.0207999
    0.019132 -0.000990811   0.00141349
-0.000990811  0.000579974  -0.00320923
  0.00141349  -0.00320923    0.0207551
    0.018484 -0.000995761 -0.000102779
-0.000995761  0.000516467  -0.00290105
-0.000102779  -0.00290105    0.0208723
   0.0192802 -0.000381263  8.37675e-05
-0.000381263  0.000595631  -0.00338712
 8.37675e-05  -0.00338712    0.0206893
   0.0192644 -0.000439117  -0.00100787
-0.000439117  0.000517043  -0.00305621
 -0.00100787  -0.00305621    0.0206615
   0.0198221  8.17754e-05  -0.00218791
 8.17754e-05  0.000510719  -0.00305045
 -0.00218791  -0.00305045     0.020543
   0.0192246  0.000173252  -0.00141069
 0.000173252  0.000605991  -0.00342299
 -0.00141069  -0.00342299    0.0206653
   0.0183766 -0.000473649  -0.00243672
-0.000473649  0.000424632  -0.00263211
 -0.00243672  -0.00263211    0.0206624
   0.0196949 -4.95112e-06  -0.00335151
-4.95112e-06  0.000408208  -0.00261004
 -0.00335151  -0.00261004    0.0206092
   0.0186977 -0.000166217  -0.00424801
-0.000166217  0.000315365  -0.00211075
 -0.00424801  -0.00211075    0.0203402
   0.0176307 -0.000528396  -0.00351804
-0.000528396  0.000346829  -0.00224304
 -0.00351804  -0.00224304    0.0210882
   0.0177276 -0.000937735  -0.00165676
-0.000937735  0.000445209  -0.00259323
 -0.00165676  -0.00259323    0.0214422
   0.0165171 -0.000996658  -0.00284623
-0.000996658  0.000393529  -0.00223786
 -0.00284623  -0.00223786    0.0224891
   0.0168619  -0.00141935  -0.00126233
 -0.00141935  0.000459062  -0.00236383
 -0.00126233  -0.00236383    0.0222263
   0.0179337  -0.00149194  0.000399616
 -0.00149194  0.000512044    -0.002665
 0.000399616    -0.002665    0.0217027
    0.016681 -0.000510876  -0.00440677
-0.000510876  0.000291924  -0.00199484
 -0.00440677  -0.00199484    0.0215099
   0.0175277 -0.000278861  -0.00489164
-0.000278861  0.000245214   -0.0016002
 -0.00489164   -0.0016002    0.0196124
  0.00554813  -0.00487549  -0.00501427
 -0.00487549   0.00456698   0.00464437
 -0.00501427   0.00464437    0.0213215
  0.00569706  -0.00499935  -0.00430634
 -0.00499935   0.00467838   0.00433438
 -0.00430634   0.00433438    0.0217798
  0.00546605  -0.00437614  -0.00385244
 -0.00437614   0.00377056   0.00317707
 -0.00385244   0.00317707    0.0219704
  0.00580776  -0.00449064  -0.00302479
 -0.00449064   0.00388608   0.00333925
 -0.00302479   0.00333925    0.0225138
  0.00601277  -0.00508213  -0.00344788
 -0.00508213   0.00474855    0.0043609
 -0.00344788    0.0043609    0.0221984
  0.00558795  -0.00394115  -0.00256731
 -0.00394115   0.00312758   0.00245387
 -0.00256731   0.00245387    0.0229059
  0.00636121   -0.0045028   -0.0020304
  -0.0045028   0.00392699   0.00391805
  -0.0020304   0.00391805    0.0230359
  0.00616023  -0.00396234  -0.00161377
 -0.00396234   0.00317353    0.0031162
 -0.00161377    0.0031162    0.0235499
  0.00695137  -0.00387275 -0.000534896
 -0.00387275   0.00322721   0.00408088
-0.000534896   0.00408088    0.0241463
  0.00654866  -0.00507989  -0.00241901
 -0.00507989    0.0047778   0.00480034
 -0.00241901   0.00480034    0.0225999
  0.00713726  -0.00440899 -0.000895656
 -0.00440899   0.00401064     0.004816
-0.000895656     0.004816    0.0235032
  0.00730452  -0.00499805  -0.00125507
 -0.00499805   0.00490124   0.00557953
 -0.00125507   0.00557953    0.0229503
   0.0059705  -0.00352603  -0.00125217
 -0.00352603   0.00258675   0.00253961
 -0.00125217   0.00253961    0.0241469
  0.00675932  -0.00343119 -0.000231852
 -0.00343119    0.0026074   0.00349364
-0.000231852   0.00349364    0.0248578
  0.00659653  -0.00313562 -2.34734e-05
 -0.00313562   0.00217958   0.00303407
-2.34734e-05   0.00303407    0.0255893
  0.00617891  -0.00343522  -0.00119531
 -0.00343522   0.00232022   0.00226912
 -0.00119531   0.00226912    0.0249804
  0.00559998  -0.00363321  -0.00229534
 -0.00363321    0.0026111   0.00192825
 -0.00229534   0.00192825    0.0235284
  0.00601893  -0.00364791  -0.00226569
 -0.00364791   0.00242195   0.00170536
 -0.00226569   0.00170536    0.0243148
  0.00538794  -0.00358167  -0.00312469
 -0.00358167   0.00251619   0.00165314
 -0.00312469   0.00165314    0.0228184
  0.00529828  -0.00385059  -0.00342261
 -0.00385059   0.00301523   0.00223291
 -0.00342261   0.00223291    0.0223038
  0.00512945  -0.00366396   -0.0040607
 -0.00366396   0.00280825   0.00230192
  -0.0040607   0.00230192    0.0215927
  0.00584763  -0.00361125  -0.00303841
 -0.00361125   0.00233771   0.00144544
 -0.00303841   0.00144544    0.0221335
  0.00520474  -0.00338267  -0.00370047
 -0.00338267   0.00229802   0.00167277
 -0.00370047   0.00167277    0.0214741
  0.00558852  -0.00339911  -0.00357961
 -0.00339911   0.00214373   0.00144949
 -0.00357961   0.00144949    0.0209415
  0.00529978  -0.00420895  -0.00452035
 -0.00420895    0.0035922   0.00334844
 -0.00452035   0.00334844    0.0213801
  0.00819347  -0.00481822 -6.10363e-05
 -0.00481822    0.0051863   0.00660215
-6.10363e-05   0.00660215    0.0231953
  0.00806659   -0.0042144  0.000265982
  -0.0042144    0.0042066   0.00591463
 0.000265982   0.00591463    0.0238795
  0.00897376  -0.00397261   0.00129318
 -0.00397261   0.00456954   0.00702676
  0.00129318   0.00702676    0.0241264
  0.00903901  -0.00457353    0.0009976
 -0.00457353   0.00567742   0.00770265
   0.0009976   0.00770265    0.0232915
  0.00884261   -0.0034478   0.00153405
  -0.0034478   0.00357325    0.0062491
  0.00153405    0.0062491    0.0250541
  0.00964125  -0.00372919   0.00201646
 -0.00372919   0.00505667   0.00800425
  0.00201646   0.00800425    0.0242669
  0.00957117  -0.00325014   0.00219471
 -0.00325014   0.00390627   0.00709014
  0.00219471   0.00709014    0.0253529
  0.00990763  -0.00316499   0.00246511
 -0.00316499   0.00426693   0.00753326
  0.00246511   0.00753326     0.025593
   0.0096307  -0.00428851   0.00176208
 -0.00428851   0.00630917   0.00874116
  0.00176208   0.00874116    0.0232766
  0.00990889  -0.00356511   0.00236154
 -0.00356511   0.00555338   0.00864818
  0.00236154   0.00864818     0.024357
  0.00983315  -0.00405548   0.00215577
 -0.00405548   0.00694425   0.00953511
  0.00215577   0.00953511    0.0232099
   0.0094212  -0.00289694   0.00225203
 -0.00289694   0.00297888   0.00610951
  0.00225203   0.00610951    0.0264805
  0.00981555  -0.00287839   0.00244271
 -0.00287839    0.0032193   0.00628747
  0.00244271   0.00628747    0.0268477
   0.0096464  -0.00272259   0.00230517
 -0.00272259   0.00245811   0.00497795
  0.00230517   0.00497795    0.0280551
  0.00921284  -0.00269439   0.00220092
 -0.00269439   0.00229841   0.00508575
  0.00220092   0.00508575    0.0275819
  0.00865968  -0.00305294   0.00167348
 -0.00305294   0.00278204   0.00547467
  0.00167348   0.00547467     0.026037
   0.0084484  -0.00280496   0.00171083
 -0.00280496   0.00219899   0.00469859
  0.00171083   0.00469859    0.0270111
  0.00770877   -0.0032556   0.00079181
  -0.0032556   0.00265996   0.00454837
  0.00079181   0.00454837    0.0254948
   0.0078984   -0.0036784  0.000568622
  -0.0036784    0.0033432   0.00519352
 0.000568622   0.00519352    0.0246542
    0.007515  -0.00296937  0.000923765
 -0.00296937   0.00216234   0.00396121
 0.000923765   0.00396121    0.0263389
   0.0140149  -0.00536859  -0.00184096
 -0.00536859   0.00241398   0.00278743
 -0.00184096   0.00278743    0.0224883
   0.0125521  -0.00478974  -0.00115056
 -0.00478974   0.00223713   0.00315056
 -0.00115056   0.00315056    0.0234089
   0.0106353  -0.00363252  0.000177459
 -0.00363252   0.00176003   0.00311303
 0.000177459   0.00311303    0.0257755
   0.0096759  -0.00355879   0.00012133
 -0.00355879    0.0018263   0.00325879
  0.00012133   0.00325879    0.0257153
   0.0122502  -0.00505359  -0.00161162
 -0.00505359   0.00249041   0.00332106
 -0.00161162   0.00332106    0.0227619
  0.00851033  -0.00288931  0.000947423
 -0.00288931   0.00163244   0.00342952
 0.000947423   0.00342952    0.0266227
  0.00929089  -0.00387415 -0.000550487
 -0.00387415   0.00207815   0.00311781
-0.000550487   0.00311781    0.0252656
  0.00772193  -0.00303549  0.000380719
 -0.00303549   0.00176095   0.00314145
 0.000380719   0.00314145    0.0263668
  0.00771862  -0.00359758 -0.000685899
 -0.00359758   0.00211913   0.00275311
-0.000685899   0.00275311    0.0262817
   0.0110759  -0.00505989  -0.00207608
 -0.00505989   0.00269206   0.00332904
 -0.00207608   0.00332904    0.0216196
  0.00894483  -0.00434445  -0.00171111
 -0.00434445   0.00246465   0.00289399
 -0.00171111   0.00289399    0.0230525
   0.0104541  -0.00536502  -0.00284106
 -0.00536502   0.00305885   0.00326982
 -0.00284106   0.00326982    0.0204102
  0.00730523  -0.00279695  0.000890854
 -0.00279695   0.00181633   0.00343733
 0.000890854   0.00343733    0.0265692
  0.00689844  -0.00319404 -0.000165509
 -0.00319404   0.00202584   0.00280446
-0.000165509   0.00280446    0.0261728
  0.00828158  -0.00270873   0.00147731
 -0.00270873   0.00179984   0.00398465
  0.00147731   0.00398465    0.0271523
  0.00913484  -0.00267578   0.00180801
 -0.00267578   0.00183981   0.00416507
  0.00180801   0.00416507    0.0278877
   0.0096076   -0.0030026   0.00106399
  -0.0030026   0.00165041   0.00343255
  0.00106399   0.00343255    0.0269077
   0.0105077  -0.00324126  0.000909766
 -0.00324126   0.00175648   0.00300565
 0.000909766   0.00300565    0.0276157
  0.00969735  -0.00277543   0.00176829
 -0.00277543   0.00195095   0.00385532
  0.00176829   0.00385532    0.0285078
   0.0118916  -0.00407675 -0.000349033
 -0.00407675   0.00189451   0.00266491
-0.000349033   0.00266491    0.0253853
   0.0100113  -0.00547889  -0.00323327
 -0.00547889   0.00322573   0.00314387
 -0.00323327   0.00314387    0.0198369
  0.00881153  -0.00471981  -0.00266932
 -0.00471981   0.00276315   0.00265478
 -0.00266932   0.00265478    0.0211705
  0.00900741  -0.00510127  -0.00365038
 -0.00510127   0.00302892   0.00266716
 -0.00365038   0.00266716    0.0207475
  0.00996638  -0.00566638  -0.00379455
 -0.00566638   0.00338489   0.00316476
 -0.00379455   0.00316476    0.0198023
  0.00787401  -0.00444838  -0.00311722
 -0.00444838   0.00266527   0.00216853
 -0.00311722   0.00216853    0.0217107
  0.00857098  -0.00491092  -0.00405776
 -0.00491092   0.00291393    0.0025442
 -0.00405776    0.0025442    0.0202518
  0.00789028  -0.00451166  -0.00382726
 -0.00451166   0.00266674    0.0019478
 -0.00382726    0.0019478    0.0212247
   0.0073878  -0.00415891  -0.00427407
 -0.00415891   0.00241932   0.00182344
 -0.00427407   0.00182344    0.0210497
  0.00917887   -0.0053359  -0.00424315
  -0.0053359   0.00321355   0.00300327
 -0.00424315   0.00300327    0.0185568
  0.00795047  -0.00442604  -0.00436229
 -0.00442604   0.00256132   0.00235638
 -0.00436229   0.00235638    0.0193368
  0.00865069  -0.00497518  -0.00454186
 -0.00497518   0.00298472   0.00305316
 -0.00454186   0.00305316    0.0183828
  0.00672286  -0.00393213  -0.00339203
 -0.00393213   0.00239214   0.00165238
 -0.00339203   0.00165238    0.0213715
  0.00617242  -0.00356397  -0.00382992
 -0.00356397   0.00213147   0.00152376
 -0.00382992   0.00152376    0.0207265
   0.0067689  -0.00391549  -0.00256612
 -0.00391549   0.00243262    0.0018003
 -0.00256612    0.0018003    0.0229363
  0.00678597  -0.00361997  -0.00137024
 -0.00361997   0.00227175   0.00222477
 -0.00137024   0.00222477    0.0258434
   0.0076939  -0.00407328  -0.00204881
 -0.00407328   0.00242743   0.00236696
 -0.00204881   0.00236696    0.0234495
    0.009642  -0.00391521   0.00220498
 -0.00391521   0.00742142   0.00998938
  0.00220498   0.00998938    0.0231433
  0.00976935  -0.00352807    0.0023456
 -0.00352807   0.00591094   0.00887746
   0.0023456   0.00887746    0.0244405
  0.00933361  -0.00359908   0.00206682
 -0.00359908   0.00603416   0.00871936
  0.00206682   0.00871936    0.0245411
  0.00918601  -0.00387669   0.00199855
 -0.00387669   0.00765968    0.0101039
  0.00199855    0.0101039    0.0231121
  0.00941858  -0.00339241   0.00199504
 -0.00339241   0.00459879   0.00705914
  0.00199504   0.00705914    0.0260153
  0.00876545  -0.00369838   0.00162507
 -0.00369838   0.00593708   0.00831139
  0.00162507   0.00831139    0.0246822
   0.0088682  -0.00357137   0.00146386
 -0.00357137   0.00447935   0.00636014
  0.00146386   0.00636014    0.0262438
  0.00830142  -0.00366712  0.000854785
 -0.00366712   0.00423589   0.00558553
 0.000854785   0.00558553    0.0264953
  0.00861092  -0.00387645   0.00163386
 -0.00387645   0.00765548   0.00997011
  0.00163386   0.00997011    0.0231426
  0.00817979  -0.00374075   0.00109885
 -0.00374075   0.00568345   0.00778843
  0.00109885   0.00778843    0.0248561
  0.00803306  -0.00384595   0.00117827
 -0.00384595     0.007465   0.00970154
  0.00117827   0.00970154    0.0232207
  0.00891789  -0.00349805   0.00115874
 -0.00349805   0.00341914   0.00428865
  0.00115874   0.00428865    0.0277411
   0.0083765  -0.00362593  0.000473289
 -0.00362593   0.00326033   0.00326896
 0.000473289   0.00326896     0.028042
  0.00840751  -0.00361318  2.06958e-05
 -0.00361318   0.00276605   0.00101407
 2.06958e-05   0.00101407    0.0294483
  0.00891692  -0.00346845  0.000768894
 -0.00346845   0.00278109   0.00220665
 0.000768894   0.00220665    0.0291223
  0.00943784  -0.00326221   0.00178181
 -0.00326221   0.00348774   0.00525329
  0.00178181   0.00525329    0.0274528
  0.00939286  -0.00319533   0.00147396
 -0.00319533   0.00274579     0.003387
  0.00147396     0.003387    0.0287922
   0.0097947  -0.00301518   0.00225132
 -0.00301518   0.00342414   0.00597383
  0.00225132   0.00597383    0.0271645
   0.0098199  -0.00322305   0.00236696
 -0.00322305   0.00452999   0.00750366
  0.00236696   0.00750366    0.0258067
  0.00968452  -0.00290679   0.00203325
 -0.00290679   0.00263205   0.00436969
  0.00203325   0.00436969    0.0284478
   0.0074897  -0.00375068  0.000660385
 -0.00375068    0.0071287   0.00942604
 0.000660385   0.00942604    0.0233074
  0.00763777  -0.00367208  0.000502924
 -0.00367208   0.00532414   0.00729476
 0.000502924   0.00729476    0.0250291
  0.00714898  -0.00349708 -0.000145272
 -0.00349708   0.00490416    0.0069368
-0.000145272    0.0069368    0.0251777
  0.00700037  -0.00358218  9.89752e-05
 -0.00358218   0.00672071   0.00921988
 9.89752e-05   0.00921988    0.0233712
  0.00729891  -0.00340973 -0.000532176
 -0.00340973   0.00355303   0.00435485
-0.000532176   0.00435485     0.026934
   0.0067175  -0.00325375 -0.000832873
 -0.00325375   0.00448901   0.00670793
-0.000832873   0.00670793    0.0253076
  0.00687999  -0.00311125  -0.00128987
 -0.00311125   0.00315857    0.0040208
 -0.00128987    0.0040208    0.0271121
  0.00654826  -0.00278843  -0.00198972
 -0.00278843   0.00276958   0.00387959
 -0.00198972   0.00387959     0.027079
  0.00657045   -0.0033645 -0.000495926
  -0.0033645   0.00630838   0.00908164
-0.000495926   0.00908164    0.0234116
  0.00635516  -0.00297487   -0.0015097
 -0.00297487   0.00409685   0.00662811
  -0.0015097   0.00662811    0.0251837
  0.00620957  -0.00311716  -0.00109517
 -0.00311716   0.00593065   0.00901907
 -0.00109517   0.00901907    0.0234427
  0.00704294    -0.002977  -0.00183269
   -0.002977   0.00242591   0.00126688
 -0.00183269   0.00126688    0.0287156
  0.00686456  -0.00261339  -0.00253002
 -0.00261339    0.0020388   0.00112992
 -0.00253002   0.00112992    0.0284213
  0.00705399   -0.0024595  -0.00302571
  -0.0024595   0.00188429  -0.00145099
 -0.00302571  -0.00145099    0.0299466
  0.00717279  -0.00287987  -0.00236816
 -0.00287987   0.00225524  -0.00127587
 -0.00236816  -0.00127587    0.0300426
  0.00743436  -0.00333687  -0.00103592
 -0.00333687    0.0027636   0.00169454
 -0.00103592   0.00169454    0.0285426
  0.00752895  -0.00328795  -0.00155764
 -0.00328795   0.00253989 -0.000798828
 -0.00155764 -0.000798828    0.0299293
  0.00787714  -0.00357286 -0.000261747
 -0.00357286   0.00304505   0.00236465
-0.000261747   0.00236465    0.0283208
   0.0077688  -0.00361412  0.000187192
 -0.00361412   0.00391863   0.00487602
 0.000187192   0.00487602    0.0267338
  0.00793585  -0.00355523 -0.000754473
 -0.00355523   0.00269394 -2.80785e-05
-0.000754473 -2.80785e-05    0.0297298
   0.0132715  -0.00589904  -0.00645038
 -0.00589904   0.00385925  -0.00185174
 -0.00645038  -0.00185174    0.0229259
   0.0138098  -0.00632192  -0.00601927
 -0.00632192   0.00403838  -0.00189991
 -0.00601927  -0.00189991    0.0231028
   0.0107867  -0.00466538  -0.00489935
 -0.00466538   0.00337719  -0.00329319
 -0.00489935  -0.00329319    0.0269812
   0.0112463  -0.00501705  -0.00431463
 -0.00501705   0.00338014  -0.00295922
 -0.00431463  -0.00295922    0.0270088
   0.0143162  -0.00657298  -0.00555085
 -0.00657298   0.00397995  -0.00172303
 -0.00555085  -0.00172303     0.023128
  0.00907951  -0.00396956  -0.00310096
 -0.00396956   0.00295671  -0.00340611
 -0.00310096  -0.00340611    0.0296508
   0.0116827  -0.00517767   -0.0037103
 -0.00517767   0.00319626  -0.00238098
  -0.0037103  -0.00238098    0.0268893
  0.00949564  -0.00419796  -0.00239274
 -0.00419796   0.00284927  -0.00266001
 -0.00239274  -0.00266001    0.0295028
  0.00993411  -0.00422453  -0.00165847
 -0.00422453   0.00265565   -0.0016506
 -0.00165847   -0.0016506    0.0292512
   0.0147112  -0.00665852  -0.00505129
 -0.00665852   0.00376396  -0.00131145
 -0.00505129  -0.00131145    0.0230008
   0.0120684  -0.00517417  -0.00305778
 -0.00517417   0.00292811  -0.00152182
 -0.00305778  -0.00152182     0.026642
   0.0150201  -0.00659783  -0.00449337
 -0.00659783   0.00346793  -0.00066508
 -0.00449337  -0.00066508      0.02278
  0.00827241  -0.00365627  -0.00147646
 -0.00365627   0.00263382  -0.00179449
 -0.00147646  -0.00179449    0.0302956
  0.00871832  -0.00371183 -0.000700243
 -0.00371183   0.00256469 -0.000711207
-0.000700243 -0.000711207    0.0300203
  0.00787627  -0.00339279  -0.00225316
 -0.00339279    0.0026161  -0.00259293
 -0.00225316  -0.00259293    0.0304644
  0.00753828  -0.00295435  -0.00303223
 -0.00295435   0.00242467  -0.00308086
 -0.00303223  -0.00308086    0.0305032
  0.00869516  -0.00355091  -0.00380233
 -0.00355091   0.00285588  -0.00384304
 -0.00380233  -0.00384304    0.0296363
  0.00854707  -0.00303352  -0.00440668
 -0.00303352   0.00250988  -0.00395385
 -0.00440668  -0.00395385    0.0295268
  0.00756316  -0.00251004  -0.00367484
 -0.00251004   0.00206381  -0.00320447
 -0.00367484  -0.00320447    0.0302584
   0.0105168  -0.00418422  -0.00543087
 -0.00418422   0.00310345  -0.00332846
 -0.00543087  -0.00332846    0.0268005
   0.0152389  -0.00641859  -0.00387002
 -0.00641859    0.0031452  0.000190433
 -0.00387002  0.000190433    0.0224991
   0.0123954  -0.00500094    -0.002361
 -0.00500094    0.0026251 -0.000454446
   -0.002361 -0.000454446    0.0263396
   0.0126005  -0.00473966  -0.00166001
 -0.00473966   0.00231957  0.000746239
 -0.00166001  0.000746239    0.0259849
   0.0153504  -0.00618114  -0.00318511
 -0.00618114   0.00283628   0.00113589
 -0.00318511   0.00113589    0.0222905
   0.0106676  -0.00378244 -0.000152883
 -0.00378244   0.00214486  0.000896285
-0.000152883  0.000896285    0.0285807
   0.0125321  -0.00443386 -0.000936175
 -0.00443386   0.00207217   0.00181893
-0.000936175   0.00181893    0.0256359
   0.0107838  -0.00348156  0.000467816
 -0.00348156   0.00191533   0.00212165
 0.000467816   0.00212165    0.0281726
    0.014854  -0.00575697  -0.00245215
 -0.00575697   0.00255618   0.00206283
 -0.00245215   0.00206283    0.0223265
  0.00980361  -0.00297072   0.00143237
 -0.00297072   0.00210415   0.00303046
  0.00143237   0.00303046    0.0289664
  0.00958842  -0.00327461  0.000826257
 -0.00327461   0.00228193   0.00186416
 0.000826257   0.00186416    0.0293451
  0.00918548   -0.0035527  7.54549e-05
  -0.0035527   0.00244405  0.000548792
 7.54549e-05  0.000548792    0.0296932
   0.0103464  -0.00406795 -0.000896035
 -0.00406795   0.00241193 -0.000425513
-0.000896035 -0.000425513    0.0289312
  0.00457958  -0.00855004  -0.00263506
 -0.00855004    0.0258953    0.0150834
 -0.00263506    0.0150834    0.0152166
   0.0051032  -0.00851253  -0.00196323
 -0.00851253    0.0246332    0.0144975
 -0.00196323    0.0144975    0.0159222
  0.00518143  -0.00824232  -0.00258344
 -0.00824232    0.0203764    0.0133991
 -0.00258344    0.0133991    0.0171956
  0.00577806  -0.00824286   -0.0018012
 -0.00824286    0.0194583    0.0127748
  -0.0018012    0.0127748    0.0176662
  0.00574051  -0.00848354  -0.00124506
 -0.00848354    0.0234614    0.0140041
 -0.00124506    0.0140041    0.0165732
  0.00586687   -0.0079745  -0.00242277
  -0.0079745    0.0158437    0.0115198
 -0.00242277    0.0115198    0.0187213
  0.00646512   -0.0082419  -0.00100586
  -0.0082419    0.0187045    0.0123637
