           0            0            0
           0            0            0
           0            0            0
   0.0233017 -0.000753576   0.00386887
-0.000753576  7.42356e-05 -0.000417053
  0.00386887 -0.000417053    0.0152345
   0.0204404 -0.000682579   0.00657161
-0.000682579  6.65137e-05  -0.00028082
  0.00657161  -0.00028082    0.0187529
    0.017495  -0.00102485   0.00904401
 -0.00102485  0.000122199 -0.000283383
  0.00904401 -0.000283383    0.0206861
    0.016749  -0.00143292    0.0101811
 -0.00143292  0.000200434 -0.000293999
   0.0101811 -0.000293999    0.0207965
   0.0168492  -0.00181283   0.00975582
 -0.00181283  0.000280223 -0.000356841
  0.00975582 -0.000356841     0.021115
   0.0148814  -0.00169181   0.00834446
 -0.00169181  0.000253445 -0.000489287
  0.00834446 -0.000489287    0.0189693
   0.0154911  -0.00201976    0.0076569
 -0.00201976   0.00032465 -0.000609163
   0.0076569 -0.000609163    0.0201729
   0.0169987  -0.00210515   0.00894603
 -0.00210515  0.000344994 -0.000492933
  0.00894603 -0.000492933    0.0214699
   0.0152967  -0.00216024    0.0061135
 -0.00216024  0.000375147 -0.000833913
   0.0061135 -0.000833913    0.0210703
   0.0169325  -0.00228905   0.00749092
 -0.00228905  0.000395626 -0.000740538
  0.00749092 -0.000740538    0.0223938
   0.0152176  -0.00215095   0.00424733
 -0.00215095  0.000410367  -0.00114955
  0.00424733  -0.00114955    0.0221911
   0.0171036  -0.00243527   0.00683251
 -0.00243527  0.000428998 -0.000975452
  0.00683251 -0.000975452    0.0226018
     0.03437  0.000781529    0.0114333
 0.000781529  0.000533483   0.00227224
   0.0114333   0.00227224    0.0188728
   0.0296433  1.76706e-05    0.0137509
 1.76706e-05  0.000723615   0.00291037
   0.0137509   0.00291037    0.0224886
   0.0295505  0.000603499    0.0135579
 0.000603499  0.000553207    0.0027774
   0.0135579    0.0027774     0.022395
   0.0266948  0.000134942    0.0155167
 0.000134942  0.000732987   0.00322781
   0.0155167   0.00322781    0.0252151
   0.0263885 -0.000433431    0.0154625
-0.000433431   0.00091633   0.00327435
   0.0154625   0.00327435    0.0251706
   0.0257694   0.00034009    0.0148298
  0.00034009  0.000559008   0.00288784
   0.0148298   0.00288784    0.0248589
   0.0246162  -0.00033559     0.016043
 -0.00033559  0.000867104   0.00329531
    0.016043   0.00329531     0.026394
   0.0239713  -0.00010212    0.0154995
 -0.00010212  0.000688795   0.00304301
   0.0154995   0.00304301    0.0260898
    0.023438 -0.000586651    0.0154464
-0.000586651  0.000753811   0.00287312
   0.0154464   0.00287312    0.0262888
   0.0241085 -0.000835122    0.0158254
-0.000835122   0.00104617   0.00328083
   0.0158254   0.00328083    0.0262721
   0.0239763  -0.00085044    0.0159193
 -0.00085044  0.000920382   0.00304183
   0.0159193   0.00304183    0.0265819
   0.0233875  -0.00130245     0.015617
 -0.00130245   0.00108294   0.00299158
    0.015617   0.00299158    0.0264544
   0.0230054 -0.000184717    0.0147666
-0.000184717  0.000523124   0.00251288
   0.0147666   0.00251288    0.0257301
   0.0224916 -0.000609823    0.0147159
-0.000609823  0.000598792   0.00243428
   0.0147159   0.00243428    0.0259091
   0.0218475 -0.000870578    0.0142241
-0.000870578  0.000467647   0.00179174
   0.0142241   0.00179174    0.0257405
   0.0224317 -0.000490973    0.0143437
-0.000490973  0.000384854   0.00179855
   0.0143437   0.00179855    0.0256281
   0.0247531  0.000202341    0.0141127
 0.000202341  0.000401412   0.00228996
   0.0141127   0.00228996    0.0245386
   0.0243364 -0.000135797    0.0138394
-0.000135797  0.000275435   0.00155107
   0.0138394   0.00155107    0.0245485
   0.0274332  0.000553135    0.0121941
 0.000553135  0.000270615   0.00176078
   0.0121941   0.00176078    0.0218009
   0.0284009  0.000752088    0.0127968
 0.000752088  0.000400672   0.00237172
   0.0127968   0.00237172    0.0220259
   0.0323653   0.00125912    0.0102155
  0.00125912  0.000279203   0.00163521
   0.0102155   0.00163521    0.0183203
   0.0272517   0.00019549    0.0119071
  0.00019549  0.000170401   0.00107612
   0.0119071   0.00107612    0.0219323
    0.031412  0.000942901    0.0097417
 0.000942901  0.000176662   0.00109219
   0.0097417   0.00109219    0.0181716
   0.0319989  0.000507011   0.00942943
 0.000507011  0.000102643  0.000525003
  0.00942943  0.000525003    0.0184364
   0.0336957   0.00126548    0.0109676
  0.00126548  0.000397894   0.00206343
   0.0109676   0.00206343    0.0186468
   0.0228547  -0.00182072    0.0148119
 -0.00182072   0.00103839   0.00248532
   0.0148119   0.00248532    0.0260612
   0.0234802  -0.00143615    0.0151264
 -0.00143615  0.000897853   0.00253327
   0.0151264   0.00253327    0.0261311
   0.0230379  -0.00194169    0.0142848
 -0.00194169  0.000821786   0.00186798
   0.0142848   0.00186798    0.0257101
   0.0223755  -0.00224192    0.0139427
 -0.00224192  0.000932401   0.00183288
   0.0139427   0.00183288    0.0256751
   0.0225807  -0.00165793    0.0138632
 -0.00165793  0.000698643   0.00180977
   0.0138632   0.00180977    0.0253766
   0.0226324  -0.00234942    0.0133884
 -0.00234942  0.000718978   0.00109261
   0.0133884   0.00109261    0.0252864
    0.022202  -0.00208232    0.0129984
 -0.00208232  0.000621653   0.00107625
   0.0129984   0.00107625    0.0249473
   0.0218865  -0.00240451    0.0121335
 -0.00240451  0.000545029  0.000273432
   0.0121335  0.000273432    0.0245411
   0.0219338  -0.00255152    0.0129958
 -0.00255152  0.000795742   0.00108448
   0.0129958   0.00108448    0.0252612
   0.0223032  -0.00264759     0.012483
 -0.00264759   0.00061839  0.000261336
    0.012483  0.000261336    0.0248751
   0.0215422  -0.00275629    0.0120087
 -0.00275629  0.000666058  0.000293368
   0.0120087  0.000293368    0.0248263
   0.0212843   -0.0019323     0.012275
  -0.0019323  0.000533248  0.000924992
    0.012275  0.000924992    0.0245035
   0.0209342  -0.00221322    0.0113944
 -0.00221322  0.000475775  0.000208503
   0.0113944  0.000208503    0.0240715
   0.0201705  -0.00218429    0.0107532
 -0.00218429   0.00043212  1.43491e-05
   0.0107532  1.43491e-05    0.0237153
   0.0205856  -0.00197507    0.0116994
 -0.00197507  0.000471789  0.000613341
   0.0116994  0.000613341    0.0242117
   0.0216712  -0.00155508    0.0131484
 -0.00155508  0.000587099   0.00156465
   0.0131484   0.00156465    0.0249573
   0.0209991  -0.00167142    0.0126174
 -0.00167142  0.000503324   0.00113593
   0.0126174   0.00113593    0.0247176
   0.0220673  -0.00110817    0.0139648
 -0.00110817  0.000613783   0.00208039
   0.0139648   0.00208039    0.0254192
   0.0229891  -0.00115213    0.0146818
 -0.00115213  0.000748405   0.00242327
   0.0146818   0.00242327    0.0258164
   0.0214008  -0.00129741    0.0134575
 -0.00129741  0.000503667    0.0015398
   0.0134575    0.0015398    0.0252219
   0.0185174  -0.00239706   0.00921234
 -0.00239706  0.000414563  -0.00053067
  0.00921234  -0.00053067    0.0231116
   0.0184639  -0.00218109   0.00999754
 -0.00218109  0.000378014 -0.000291297
  0.00999754 -0.000291297    0.0229261
   0.0201229  -0.00213816    0.0116645
 -0.00213816  0.000412332  9.05891e-05
   0.0116645  9.05891e-05    0.0241987
   0.0181948     -0.00187    0.0107981
    -0.00187  0.000316363 -0.000146404
   0.0107981 -0.000146404     0.022419
   0.0202616  -0.00182183    0.0123899
 -0.00182183  0.000363388  0.000317518
   0.0123899  0.000317518    0.0245462
   0.0203358   -0.0014247    0.0129643
  -0.0014247  0.000288677  0.000441623
   0.0129643  0.000441623    0.0246638
   0.0183506  -0.00150037    0.0114872
 -0.00150037  0.000239371  -4.5834e-05
   0.0114872  -4.5834e-05    0.0224518
    0.021282  -0.00163968    0.0133427
 -0.00163968  0.000429068   0.00086614
   0.0133427   0.00086614     0.025316
   0.0215999  -0.00124021    0.0140486
 -0.00124021  0.000371052   0.00104023
   0.0140486   0.00104023    0.0258273
   0.0208241  -0.00195338    0.0124417
 -0.00195338  0.000452821  0.000570564
   0.0124417  0.000570564    0.0247439
   0.0203793  -0.00218845    0.0114505
 -0.00218845  0.000445769  0.000170106
   0.0114505  0.000170106    0.0241501
   0.0197867   -0.0023476    0.0108005
  -0.0023476  0.000429329 -0.000233709
   0.0108005 -0.000233709     0.023862
    0.019563  -0.00248647    0.0099562
 -0.00248647  0.000434126 -0.000636329
   0.0099562 -0.000636329    0.0232783
   0.0199028  -0.00232586    0.0104152
 -0.00232586  0.000422818 -0.000304793
   0.0104152 -0.000304793     0.023565
   0.0183508  -0.00250429   0.00851588
 -0.00250429  0.000431816 -0.000861422
  0.00851588 -0.000861422    0.0229619
   0.0189991  -0.00109158     0.011085
 -0.00109158  0.000155913 -5.07499e-05
    0.011085 -5.07499e-05    0.0224566
    0.021714 -0.000723605   0.00938882
-0.000723605  8.56619e-05 -0.000108827
  0.00938882 -0.000108827    0.0211485
   0.0226551 -0.000653758    0.0113626
-0.000653758  0.000117635  0.000222739
   0.0113626  0.000222739    0.0227631
   0.0245311 -0.000506249    0.0063492
-0.000506249  5.55365e-05 -0.000258542
   0.0063492 -0.000258542    0.0177446
   0.0253381 -0.000415214    0.0081569
-0.000415214   6.7518e-05 -4.51916e-05
   0.0081569 -4.51916e-05    0.0191108
   0.0290837 -0.000325292    0.0055539
-0.000325292  5.72666e-05 -0.000278887
   0.0055539 -0.000278887    0.0157269
   0.0270322 -0.000598989   0.00397182
-0.000598989  6.60701e-05 -0.000406787
  0.00397182 -0.000406787    0.0149724
   0.0266357 -0.000131273    0.0106635
-0.000131273  0.000100206  0.000453934
   0.0106635  0.000453934    0.0212586
   0.0303052  4.82986e-05   0.00779142
 4.82986e-05  6.12219e-05  6.82151e-05
  0.00779142  6.82151e-05    0.0174393
   0.0237896 -0.000471438    0.0131235
-0.000471438  0.000179859  0.000819999
   0.0131235  0.000819999    0.0241864
   0.0219459 -0.000849502        0.014
-0.000849502  0.000280147   0.00102518
       0.014   0.00102518    0.0255792
   0.0206745  -0.00102609    0.0126345
 -0.00102609  0.000197846  0.000407065
   0.0126345  0.000407065    0.0241932
   0.0211405  -0.00286862    0.0109582
 -0.00286862  0.000569383 -0.000512848
   0.0109582 -0.000512848    0.0243815
   0.0220546  -0.00285412    0.0115492
 -0.00285412  0.000547498 -0.000598735
   0.0115492 -0.000598735    0.0244773
   0.0218589  -0.00295305     0.010578
 -0.00295305  0.000535483  -0.00146575
    0.010578  -0.00146575    0.0241009
   0.0207007  -0.00287763   0.00985132
 -0.00287763  0.000537724  -0.00132156
  0.00985132  -0.00132156    0.0239411
   0.0215938  -0.00276666     0.010382
 -0.00276666  0.000491342  -0.00145529
    0.010382  -0.00145529    0.0238422
   0.0215871  -0.00295713   0.00957176
 -0.00295713  0.000591976  -0.00231082
  0.00957176  -0.00231082    0.0237291
   0.0215454  -0.00281382    0.0094906
 -0.00281382  0.000556515  -0.00231434
   0.0094906  -0.00231434    0.0235344
   0.0214384  -0.00277472   0.00861788
 -0.00277472  0.000682099  -0.00311175
  0.00861788  -0.00311175    0.0232322
   0.0201696  -0.00279292   0.00871975
 -0.00279292   0.00056993  -0.00210858
  0.00871975  -0.00210858     0.023494
   0.0211953   -0.0028627   0.00857268
  -0.0028627  0.000707099  -0.00309605
  0.00857268  -0.00309605    0.0233423
   0.0195169  -0.00262691   0.00760448
 -0.00262691  0.000665859  -0.00285475
  0.00760448  -0.00285475    0.0230141
   0.0204428  -0.00250715   0.00870903
 -0.00250715  0.000495799  -0.00220939
  0.00870903  -0.00220939    0.0230284
   0.0204724   -0.0024583   0.00787966
  -0.0024583  0.000613657  -0.00297234
  0.00787966  -0.00297234     0.022755
   0.0191909  -0.00211293   0.00690464
 -0.00211293   0.00054109  -0.00279578
  0.00690464  -0.00279578    0.0221889
   0.0192451  -0.00223194   0.00781022
 -0.00223194  0.000442483  -0.00210516
  0.00781022  -0.00210516    0.0224981
   0.0204728  -0.00248748   0.00959504
 -0.00248748  0.000434766  -0.00139209
  0.00959504  -0.00139209    0.0233321
   0.0194438  -0.00230294   0.00878702
 -0.00230294  0.000398181  -0.00137454
  0.00878702  -0.00137454    0.0228478
   0.0206337  -0.00240066    0.0104961
 -0.00240066  0.000433014 -0.000571808
   0.0104961 -0.000571808    0.0236754
   0.0216615  -0.00263429    0.0112612
 -0.00263429  0.000489865 -0.000579679
   0.0112612 -0.000579679    0.0241735
   0.0197569  -0.00229934   0.00977843
 -0.00229934  0.000398455  -0.00065438
  0.00977843  -0.00065438    0.0232537
    0.018719  -0.00238545   0.00649118
 -0.00238545  0.000822946  -0.00358835
  0.00649118  -0.00358835    0.0224956
   0.0206494  -0.00267903   0.00754186
 -0.00267903  0.000874517  -0.00384228
  0.00754186  -0.00384228    0.0229242
   0.0199976  -0.00235744   0.00645868
 -0.00235744   0.00111555   -0.0045777
  0.00645868   -0.0045777    0.0224772
   0.0178367  -0.00202201   0.00538232
 -0.00202201   0.00107524  -0.00434535
  0.00538232  -0.00434535    0.0219528
   0.0209305  -0.00237377   0.00676088
 -0.00237377    0.0010775  -0.00457058
  0.00676088  -0.00457058    0.0226081
   0.0191949  -0.00188404   0.00534729
 -0.00188404   0.00144547  -0.00532609
  0.00534729  -0.00532609     0.022023
   0.0204939  -0.00195706   0.00573221
 -0.00195706   0.00136901  -0.00527318
  0.00573221  -0.00527318    0.0222918
   0.0198557  -0.00137107   0.00468036
 -0.00137107   0.00174206  -0.00596726
  0.00468036  -0.00596726    0.0219872
   0.0168563  -0.00150568   0.00432139
 -0.00150568   0.00143675  -0.00514453
  0.00432139  -0.00514453    0.0214145
   0.0181952  -0.00123578   0.00425498
 -0.00123578   0.00188334  -0.00609089
  0.00425498  -0.00609089    0.0215859
   0.0157937 -0.000826485   0.00333868
-0.000826485    0.0019416  -0.00599341
  0.00333868  -0.00599341     0.020921
   0.0203643  -0.00172852   0.00522136
 -0.00172852   0.00122839  -0.00500408
  0.00522136  -0.00500408    0.0220867
   0.0201564   -0.0012025   0.00426156
  -0.0012025    0.0015332  -0.00562331
  0.00426156  -0.00562331    0.0219302
   0.0193982 -0.000853039   0.00320517
-0.000853039   0.00130456    -0.005156
  0.00320517    -0.005156    0.0215257
   0.0193188  -0.00133845   0.00414733
 -0.00133845   0.00106229  -0.00462283
  0.00414733  -0.00462283    0.0215843
   0.0204524  -0.00209687   0.00616114
 -0.00209687  0.000975321  -0.00435644
  0.00616114  -0.00435644    0.0222768
   0.0192505  -0.00169771   0.00509178
 -0.00169771  0.000853018   -0.0040497
  0.00509178   -0.0040497    0.0217139
   0.0204602  -0.00233932   0.00703957
 -0.00233932   0.00077091  -0.00368386
  0.00703957  -0.00368386    0.0225036
   0.0212198   -0.0026434   0.00772345
  -0.0026434  0.000849255  -0.00385633
  0.00772345  -0.00385633    0.0229262
   0.0191889   -0.0019522   0.00601576
  -0.0019522  0.000676868  -0.00344187
  0.00601576  -0.00344187    0.0219248
   0.0176154  6.98439e-05 -0.000739011
 6.98439e-05  0.000689804  -0.00364125
-0.000739011  -0.00364125    0.0201628
   0.0174579 -0.000437702  0.000576196
-0.000437702  0.000626011  -0.00344708
 0.000576196  -0.00344708    0.0201309
    0.017456 -0.000506438   0.00130891
-0.000506438  0.000697951  -0.00367456
  0.00130891  -0.00367456    0.0203824
   0.0174497 -0.000970712   0.00256824
-0.000970712   0.00060585  -0.00334156
  0.00256824  -0.00334156    0.0205188
   0.0175086 -0.000979687   0.00190637
-0.000979687  0.000574919  -0.00318845
  0.00190637  -0.00318845    0.0202496
   0.0176302   -0.0010894   0.00325234
  -0.0010894  0.000661994  -0.00352449
  0.00325234  -0.00352449    0.0208092
   0.0176259  -0.00144276   0.00380337
 -0.00144276   0.00053427  -0.00297339
  0.00380337  -0.00297339    0.0207939
   0.0177226  -0.00146894   0.00440459
 -0.00146894  0.000551242  -0.00307461
  0.00440459  -0.00307461    0.0210797
   0.0180325  -0.00181444   0.00553194
 -0.00181444  0.000477333  -0.00259866
  0.00553194  -0.00259866     0.021427
     0.01759  -0.00151543    0.0031266
 -0.00151543   0.00053695  -0.00288781
   0.0031266  -0.00288781    0.0204607
   0.0180079  -0.00188655   0.00501144
 -0.00188655  0.000493842  -0.00258959
  0.00501144  -0.00258959    0.0211492
   0.0175569   -0.0019464   0.00415968
  -0.0019464  0.000511571  -0.00254018
  0.00415968  -0.00254018    0.0206061
   0.0181567  -0.00163925   0.00507948
 -0.00163925  0.000600104  -0.00322821
  0.00507948  -0.00322821    0.0214223
   0.0183054  -0.00188309   0.00609202
 -0.00188309  0.000491532  -0.00266342
  0.00609202  -0.00266342    0.0217352
   0.0181661  -0.00133612   0.00404682
 -0.00133612  0.000743384  -0.00375684
  0.00404682  -0.00375684    0.0211826
   0.0182208 -0.000959081   0.00298777
-0.000959081  0.000910943   -0.0042464
  0.00298777   -0.0042464    0.0210516
   0.0176586 -0.000680065   0.00207192
-0.000680065  0.000790352  -0.00393187
  0.00207192  -0.00393187    0.0206615
   0.0177343 -0.000207626  0.000893429
-0.000207626  0.000930362  -0.00428106
 0.000893429  -0.00428106    0.0206328
   0.0183401 -0.000482746   0.00195737
-0.000482746   0.00109704  -0.00468482
  0.00195737  -0.00468482    0.0210265
    0.017583  -3.0474e-05  4.90277e-05
 -3.0474e-05  0.000798465  -0.00394346
 4.90277e-05  -0.00394346    0.0203757
   0.0171362  -0.00221505   0.00482184
 -0.00221505  0.000483491  -0.00214594
  0.00482184  -0.00214594    0.0208461
   0.0183054  -0.00225998   0.00613957
 -0.00225998   0.00047076  -0.00218105
  0.00613957  -0.00218105    0.0215264
   0.0183167  -0.00247958   0.00713503
 -0.00247958  0.000455189  -0.00172441
  0.00713503  -0.00172441     0.021816
   0.0167927  -0.00234829   0.00517796
 -0.00234829  0.000460663  -0.00173192
  0.00517796  -0.00173192    0.0216804
   0.0188957  -0.00239549   0.00787437
 -0.00239549  0.000421102  -0.00159691
  0.00787437  -0.00159691    0.0223138
   0.0182027  -0.00254255   0.00793202
 -0.00254255  0.000441196  -0.00126483
  0.00793202  -0.00126483    0.0221613
    0.019249  -0.00251625   0.00897639
 -0.00251625  0.000424045  -0.00110046
  0.00897639  -0.00110046     0.022817
   0.0168719  -0.00243006   0.00583263
 -0.00243006  0.000443606  -0.00133934
  0.00583263  -0.00133934    0.0225821
    0.019398   -0.0023645   0.00933537
  -0.0023645  0.000396318  -0.00084675
  0.00933537  -0.00084675    0.0230099
   0.0189491  -0.00228329   0.00823379
 -0.00228329  0.000391389  -0.00144616
  0.00823379  -0.00144616    0.0225247
   0.0185703  -0.00211053   0.00712893
 -0.00211053  0.000420025  -0.00206796
  0.00712893  -0.00206796    0.0221029
   0.0184383  -0.00214175   0.00667917
 -0.00214175  0.000432314  -0.00210492
  0.00667917  -0.00210492    0.0218378
   0.0156378   -0.0022479   0.00381524
  -0.0022479  0.000437827  -0.00139038
  0.00381524  -0.00139038    0.0227317
    0.015884  -0.00222501   0.00334436
 -0.00222501  0.000458542  -0.00173566
  0.00334436  -0.00173566    0.0223679
   0.0142053   -0.0019033   0.00126493
  -0.0019033  0.000425309  -0.00159302
  0.00126493  -0.00159302    0.0220253
   0.0158849  -0.00205595   0.00265397
 -0.00205595  0.000477204  -0.00209104
  0.00265397  -0.00209104    0.0216204
   0.0147424  -0.00189161  0.000850725
 -0.00189161  0.000458526  -0.00197706
 0.000850725  -0.00197706    0.0220968
   0.0153639  -0.00174299  0.000636174
 -0.00174299  0.000489918  -0.00232206
 0.000636174  -0.00232206    0.0214717
   0.0162916  -0.00183523    0.0023073
 -0.00183523  0.000498627  -0.00241047
   0.0023073  -0.00241047    0.0207023
   0.0138848  -0.00147715  -0.00120677
 -0.00147715  0.000422629  -0.00200875
 -0.00120677  -0.00200875     0.021721
   0.0168079  -0.00152176   0.00198139
 -0.00152176  0.000521829   -0.0027072
  0.00198139   -0.0027072    0.0198652
    0.017351  -0.00104464    0.0010672
 -0.00104464  0.000545459  -0.00299873
   0.0010672  -0.00299873    0.0198713
     0.01659   -0.0010313 -0.000368615
  -0.0010313  0.000502157   -0.0027645
-0.000368615   -0.0027645    0.0200295
    0.017662 -0.000485342 -0.000156626
-0.000485342  0.000567803  -0.00321268
-0.000156626  -0.00321268      0.01988
    0.017487 -0.000534065  -0.00122294
-0.000534065   0.00050572  -0.00293746
 -0.00122294  -0.00293746    0.0198628
   0.0181881 -1.19228e-05  -0.00232801
-1.19228e-05   0.00051039  -0.00301021
 -0.00232801  -0.00301021    0.0198109
   0.0177847  8.35811e-05  -0.00154139
 8.35811e-05  0.000593811  -0.00333532
 -0.00154139  -0.00333532    0.0199357
   0.0165345 -0.000546222  -0.00255662
-0.000546222  0.000430596   -0.0025862
 -0.00255662   -0.0025862    0.0199072
   0.0179212 -8.32807e-05  -0.00344611
-8.32807e-05   0.00041876  -0.00262917
 -0.00344611  -0.00262917    0.0198886
   0.0168798 -0.000211267  -0.00428044
-0.000211267  0.000335089  -0.00219783
 -0.00428044  -0.00219783    0.0196476
    0.015763 -0.000570866  -0.00355092
-0.000570866   0.00036524  -0.00227687
 -0.00355092  -0.00227687    0.0203606
   0.0158053 -0.000959765  -0.00180457
-0.000959765  0.000447805  -0.00253578
 -0.00180457  -0.00253578    0.0206392
   0.0145984 -0.000967755  -0.00288798
-0.000967755  0.000403394  -0.00227257
 -0.00288798  -0.00227257    0.0217183
   0.0148707  -0.00133803  -0.00142733
 -0.00133803  0.000454064  -0.00234758
 -0.00142733  -0.00234758    0.0214097
   0.0159382  -0.00142948  0.000104499
 -0.00142948   0.00049429  -0.00256102
 0.000104499  -0.00256102    0.0208229
   0.0148543 -0.000538553  -0.00434735
-0.000538553   0.00031892  -0.00207705
 -0.00434735  -0.00207705     0.020805
   0.0157718 -0.000285672  -0.00486452
-0.000285672  0.000265099  -0.00175477
 -0.00486452  -0.00175477    0.0189665
  0.00622812  -0.00497008  -0.00385125
 -0.00497008   0.00444551   0.00450044
 -0.00385125   0.00450044    0.0219008
  0.00629567   -0.0051565  -0.00336625
  -0.0051565   0.00461099   0.00408279
 -0.00336625   0.00408279     0.022174
  0.00608473  -0.00452167  -0.00291125
 -0.00452167   0.00365375   0.00284765
 -0.00291125   0.00284765    0.0223753
  0.00631906  -0.00470151  -0.00233741
 -0.00470151   0.00381665   0.00283202
 -0.00233741   0.00283202    0.0227479
  0.00651206  -0.00530184  -0.00275017
 -0.00530184   0.00472321   0.00395139
 -0.00275017   0.00395139    0.0224358
  0.00610684  -0.00413885  -0.00188893
 -0.00413885   0.00303157   0.00187075
 -0.00188893   0.00187075    0.0230969
  0.00672993  -0.00479362  -0.00161458
 -0.00479362   0.00387599   0.00317913
 -0.00161458   0.00317913    0.0231382
  0.00653016  -0.00424631  -0.00121185
 -0.00424631   0.00310424   0.00228569
 -0.00121185   0.00228569    0.0235946
  0.00713311  -0.00427509 -0.000407733
 -0.00427509    0.0031463   0.00296178
-0.000407733   0.00296178     0.024096
  0.00690963  -0.00536894  -0.00198446
 -0.00536894   0.00476034   0.00418004
 -0.00198446   0.00418004    0.0227168
  0.00731833  -0.00480717 -0.000756078
 -0.00480717   0.00393133   0.00379952
-0.000756078   0.00379952    0.0235273
  0.00747836  -0.00537395  -0.00109106
 -0.00537395   0.00483838   0.00470097
 -0.00109106   0.00470097    0.0229994
  0.00633975  -0.00379707 -0.000853295
 -0.00379707   0.00251463   0.00165454
-0.000853295   0.00165454    0.0240821
   0.0069402  -0.00382569 -0.000100877
 -0.00382569   0.00253822   0.00231975
-0.000100877   0.00231975    0.0246814
  0.00677593  -0.00351055  0.000138826
 -0.00351055   0.00214216   0.00185361
 0.000138826   0.00185361    0.0252546
  0.00657218  -0.00368756 -0.000762973
 -0.00368756   0.00225114   0.00135113
-0.000762973   0.00135113    0.0247458
  0.00614382  -0.00381302  -0.00161379
 -0.00381302   0.00249571   0.00128806
 -0.00161379   0.00128806    0.0236102
   0.0066106  -0.00380745  -0.00154046
 -0.00380745   0.00229452   0.00102454
 -0.00154046   0.00102454    0.0242246
   0.0060752   -0.0036954  -0.00216769
  -0.0036954   0.00234128   0.00120883
 -0.00216769   0.00120883    0.0230872
  0.00593983  -0.00398261  -0.00248161
 -0.00398261    0.0028653   0.00183841
 -0.00248161   0.00183841     0.022673
  0.00586954  -0.00374058  -0.00287206
 -0.00374058   0.00260481   0.00204691
 -0.00287206   0.00204691     0.022176
   0.0066061  -0.00369833  -0.00206694
 -0.00369833   0.00214117  0.000981633
 -0.00206694  0.000981633    0.0222296
    0.006001  -0.00344237   -0.0025086
 -0.00344237    0.0020698   0.00137979
  -0.0025086   0.00137979    0.0219615
  0.00645579  -0.00343771  -0.00237945
 -0.00343771   0.00189717   0.00113051
 -0.00237945   0.00113051    0.0212664
  0.00600858  -0.00429627  -0.00334479
 -0.00429627   0.00342107    0.0031444
 -0.00334479    0.0031444    0.0219861
  0.00816011  -0.00529508 -0.000146435
 -0.00529508   0.00499101   0.00545068
-0.000146435   0.00545068    0.0232331
  0.00803583  -0.00473865  0.000152957
 -0.00473865   0.00402704   0.00461328
 0.000152957   0.00461328    0.0238784
  0.00875976  -0.00460246  0.000991353
 -0.00460246   0.00422053   0.00549399
 0.000991353   0.00549399     0.024149
  0.00883219  -0.00513537  0.000723907
 -0.00513537   0.00526858   0.00631796
 0.000723907   0.00631796    0.0233723
  0.00862398  -0.00411043   0.00123636
 -0.00411043   0.00330322   0.00463227
  0.00123636   0.00463227    0.0249664
  0.00932444  -0.00440377   0.00161774
 -0.00440377   0.00449033   0.00635718
  0.00161774   0.00635718     0.024344
   0.0092422  -0.00396291   0.00181465
 -0.00396291   0.00347721   0.00539559
  0.00181465   0.00539559    0.0253007
  0.00957358  -0.00382839   0.00209491
 -0.00382839   0.00368481   0.00592798
  0.00209491   0.00592798    0.0255751
  0.00933185  -0.00488622   0.00138579
 -0.00488622   0.00563463   0.00722066
  0.00138579   0.00722066    0.0234315
  0.00959204  -0.00419556    0.0019538
 -0.00419556   0.00478408   0.00703385
   0.0019538   0.00703385    0.0244864
  0.00953665  -0.00461598   0.00175995
 -0.00461598   0.00602597   0.00800141
  0.00175995   0.00800141    0.0234392
  0.00909325  -0.00360849   0.00193854
 -0.00360849   0.00269019   0.00445447
  0.00193854   0.00445447     0.026262
  0.00947443  -0.00353868   0.00216425
 -0.00353868   0.00282465   0.00478559
  0.00216425   0.00478559    0.0266532
  0.00931488  -0.00335054   0.00216803
 -0.00335054   0.00222875   0.00365531
  0.00216803   0.00365531    0.0276777
  0.00890274  -0.00337132   0.00199864
 -0.00337132    0.0021432   0.00354507
  0.00199864   0.00354507    0.0271847
  0.00844565  -0.00371204   0.00141778
 -0.00371204   0.00259623   0.00384679
  0.00141778   0.00384679    0.0257963
  0.00825126  -0.00343266   0.00153599
 -0.00343266   0.00210754   0.00312937
  0.00153599   0.00312937    0.0265984
  0.00768164  -0.00379162  0.000692539
 -0.00379162   0.00254985   0.00310369
 0.000692539   0.00310369    0.0252617
  0.00786771  -0.00422101  0.000449082
 -0.00422101   0.00319298   0.00379028
 0.000449082   0.00379028    0.0245619
  0.00749533  -0.00348088  0.000876556
 -0.00348088   0.00211115   0.00253469
 0.000876556   0.00253469    0.0259398
   0.0136387  -0.00591499  -0.00132454
 -0.00591499   0.00276493   0.00213134
 -0.00132454   0.00213134    0.0217882
   0.0122078  -0.00535531 -0.000750915
 -0.00535531   0.00256739   0.00225846
-0.000750915   0.00225846    0.0226734
    0.010348  -0.00419366  0.000425639
 -0.00419366   0.00196431   0.00206825
 0.000425639   0.00206825    0.0250473
  0.00948138  -0.00407506  0.000349171
 -0.00407506    0.0020067   0.00210656
 0.000349171   0.00210656    0.0249598
   0.0119936  -0.00556264  -0.00117379
 -0.00556264    0.0027971   0.00241746
 -0.00117379   0.00241746    0.0220094
   0.0083355  -0.00342257   0.00102171
 -0.00342257   0.00172519    0.0021439
  0.00102171    0.0021439    0.0259422
   0.0092496  -0.00429074 -0.000208828
 -0.00429074   0.00221759   0.00203669
-0.000208828   0.00203669    0.0245038
  0.00771562  -0.00346177  0.000547442
 -0.00346177   0.00181953   0.00191172
 0.000547442   0.00191172    0.0256843
  0.00792923  -0.00391227 -0.000306962
 -0.00391227   0.00213355   0.00167022
-0.000306962   0.00167022    0.0256154
   0.0110206  -0.00544898  -0.00157799
 -0.00544898    0.0029007   0.00247846
 -0.00157799   0.00247846      0.02087
  0.00914134  -0.00462267   -0.0012011
 -0.00462267   0.00251908   0.00199839
  -0.0012011   0.00199839    0.0223272
   0.0106622  -0.00562979  -0.00220979
 -0.00562979   0.00315115   0.00253077
 -0.00220979   0.00253077      0.01968
   0.0072934  -0.00326702  0.000925904
 -0.00326702   0.00182147   0.00209218
 0.000925904   0.00209218    0.0260188
  0.00709747  -0.00353973  7.92123e-05
 -0.00353973   0.00201339    0.0016533
 7.92123e-05    0.0016533     0.025662
  0.00810398  -0.00328813   0.00141451
 -0.00328813   0.00180123   0.00254281
  0.00141451   0.00254281    0.0265853
  0.00884875  -0.00330196   0.00174886
 -0.00330196   0.00180881   0.00279182
  0.00174886   0.00279182    0.0273305
   0.0093333  -0.00358479   0.00116597
 -0.00358479   0.00174696   0.00224944
  0.00116597   0.00224944    0.0262436
    0.010199  -0.00379124   0.00112835
 -0.00379124   0.00182288   0.00208882
  0.00112835   0.00208882    0.0269645
  0.00937903  -0.00335896   0.00180331
 -0.00335896   0.00187029   0.00274287
  0.00180331   0.00274287    0.0279652
   0.0115687  -0.00461121   2.9899e-05
 -0.00461121   0.00210187   0.00189819
  2.9899e-05   0.00189819    0.0246833
   0.0104095  -0.00566559  -0.00249685
 -0.00566559   0.00323402   0.00247232
 -0.00249685   0.00247232    0.0191084
  0.00927155  -0.00489207  -0.00198703
 -0.00489207   0.00271421    0.0019218
 -0.00198703    0.0019218    0.0205048
  0.00974545   -0.0051855  -0.00273549
  -0.0051855   0.00287105   0.00205882
 -0.00273549   0.00205882    0.0201019
   0.0105874  -0.00578943  -0.00291731
 -0.00578943   0.00329829   0.00255419
 -0.00291731   0.00255419    0.0190802
  0.00862178  -0.00453908  -0.00223617
 -0.00453908   0.00249246   0.00154932
 -0.00223617   0.00154932    0.0212484
  0.00964216  -0.00491928  -0.00290615
 -0.00491928   0.00264642   0.00207205
 -0.00290615   0.00207205    0.0197531
  0.00893116  -0.00453438  -0.00267434
 -0.00453438   0.00239208   0.00146837
 -0.00267434   0.00146837    0.0209179
   0.0085902  -0.00414305  -0.00290704
 -0.00414305   0.00209236   0.00145333
 -0.00290704   0.00145333    0.0210094
   0.0101459   -0.0053605  -0.00314061
  -0.0053605   0.00299501   0.00256211
 -0.00314061   0.00256211    0.0179684
  0.00922639  -0.00437711  -0.00300691
 -0.00437711   0.00223357   0.00201326
 -0.00300691   0.00201326    0.0190514
  0.00991653  -0.00493396  -0.00322208
 -0.00493396   0.00269467   0.00272878
 -0.00322208   0.00272878    0.0179638
  0.00759513  -0.00398193  -0.00235733
 -0.00398193   0.00216258   0.00117837
 -0.00235733   0.00117837    0.0212589
  0.00718056  -0.00356883  -0.00254427
 -0.00356883   0.00184899   0.00120073
 -0.00254427   0.00120073    0.0209179
  0.00743485  -0.00403684  -0.00178481
 -0.00403684   0.00228055    0.0011451
 -0.00178481    0.0011451    0.0226492
  0.00721586  -0.00384864 -0.000854071
 -0.00384864   0.00220305   0.00129671
-0.000854071   0.00129671    0.0254118
  0.00816016  -0.00425849  -0.00144638
 -0.00425849   0.00235359   0.00153645
 -0.00144638   0.00153645    0.0228625
  0.00941718   -0.0043797   0.00184563
  -0.0043797   0.00633631   0.00855589
  0.00184563   0.00855589    0.0234198
  0.00952997  -0.00403772   0.00198904
 -0.00403772   0.00501017   0.00743144
  0.00198904   0.00743144    0.0245932
  0.00920207  -0.00395046   0.00178718
 -0.00395046   0.00510968   0.00753192
  0.00178718   0.00753192    0.0246748
  0.00905859  -0.00421592   0.00170093
 -0.00421592   0.00652267   0.00884879
  0.00170093   0.00884879    0.0233921
  0.00928077  -0.00373547    0.0017949
 -0.00373547   0.00389724   0.00603638
   0.0017949   0.00603638    0.0259711
  0.00873037  -0.00390037    0.0014272
 -0.00390037   0.00507737   0.00742305
   0.0014272   0.00742305    0.0247574
  0.00883508  -0.00374414   0.00136447
 -0.00374414   0.00383053   0.00571746
  0.00136447   0.00571746    0.0261284
   0.0083381  -0.00371544  0.000851425
 -0.00371544   0.00368003   0.00531002
 0.000851425   0.00531002    0.0262815
  0.00857194  -0.00409387   0.00140322
 -0.00409387    0.0065617   0.00893313
  0.00140322   0.00893313    0.0233849
  0.00821295  -0.00382749  0.000981085
 -0.00382749    0.0049376   0.00719946
 0.000981085   0.00719946    0.0248454
  0.00806044   -0.0039655   0.00101417
  -0.0039655   0.00647635    0.0088932
  0.00101417    0.0088932    0.0233943
  0.00888102  -0.00363926   0.00122142
 -0.00363926   0.00292746   0.00396801
  0.00122142   0.00396801     0.027428
  0.00841132  -0.00364109  0.000645597
 -0.00364109   0.00280893   0.00337423
 0.000645597   0.00337423    0.0276213
  0.00843142  -0.00360764  0.000408566
 -0.00360764   0.00233492   0.00151392
 0.000408566   0.00151392    0.0288328
  0.00886759  -0.00358427   0.00103975
 -0.00358427   0.00237963   0.00224441
  0.00103975   0.00224441    0.0286196
  0.00929068  -0.00358347    0.0017241
 -0.00358347   0.00298373   0.00448123
   0.0017241   0.00448123    0.0272181
  0.00923433  -0.00349132   0.00160867
 -0.00349132   0.00238574   0.00292367
  0.00160867   0.00292367    0.0283713
   0.0095292  -0.00353138    0.0020717
 -0.00353138   0.00294629   0.00478766
   0.0020717   0.00478766    0.0269684
  0.00956593  -0.00374839   0.00206869
 -0.00374839   0.00384504   0.00614023
  0.00206869   0.00614023     0.025795
  0.00941595   -0.0033938    0.0020219
  -0.0033938   0.00232671   0.00342927
   0.0020219   0.00342927    0.0280677
  0.00756394  -0.00380522  0.000561451
 -0.00380522   0.00628197   0.00882811
 0.000561451   0.00882811     0.023395
  0.00771394  -0.00368994  0.000468134
 -0.00368994    0.0047103   0.00697525
 0.000468134   0.00697525    0.0249156
  0.00724894  -0.00348809 -9.48882e-05
 -0.00348809   0.00443172   0.00682874
-9.48882e-05   0.00682874    0.0249562
  0.00710406  -0.00360474  6.44049e-05
 -0.00360474   0.00603329    0.0087989
 6.44049e-05    0.0087989     0.023369
   0.0073867  -0.00337944 -0.000338513
 -0.00337944   0.00319764   0.00464771
-0.000338513   0.00464771    0.0264873
  0.00682657  -0.00325305 -0.000693699
 -0.00325305   0.00414887   0.00674994
-0.000693699   0.00674994    0.0249812
  0.00696708   -0.0031075 -0.000993261
  -0.0031075   0.00290758   0.00448017
-0.000993261   0.00448017    0.0265461
  0.00662907  -0.00282996  -0.00159489
 -0.00282996   0.00262071   0.00442534
 -0.00159489   0.00442534    0.0264074
  0.00668944  -0.00338496 -0.000462359
 -0.00338496   0.00577382   0.00879492
-0.000462359   0.00879492    0.0233268
  0.00646329  -0.00300257  -0.00128576
 -0.00300257   0.00387535   0.00675126
 -0.00128576   0.00675126    0.0247704
  0.00633264  -0.00315557 -0.000987861
 -0.00315557   0.00553046   0.00882572
-0.000987861   0.00882572    0.0232843
  0.00709968  -0.00298869  -0.00134334
 -0.00298869   0.00214151   0.00218112
 -0.00134334   0.00218112    0.0279334
  0.00690942  -0.00269002  -0.00195073
 -0.00269002   0.00184654   0.00211501
 -0.00195073   0.00211501    0.0275454
  0.00705938  -0.00257808  -0.00225229
 -0.00257808   0.00154405 -4.56994e-05
 -0.00225229 -4.56994e-05     0.028901
  0.00719854  -0.00291754  -0.00167814
 -0.00291754   0.00183701  5.68434e-05
 -0.00167814  5.68434e-05    0.0290811
  0.00750423  -0.00330155 -0.000651974
 -0.00330155   0.00241096    0.0024316
-0.000651974    0.0024316    0.0278784
  0.00757835   -0.0032612 -0.000963775
  -0.0032612   0.00208072  0.000361425
-0.000963775  0.000361425    0.0290721
  0.00794405   -0.0035328  1.61439e-05
  -0.0035328   0.00263753    0.0028309
 1.61439e-05    0.0028309    0.0277786
  0.00784315   -0.0035968  0.000280941
  -0.0035968   0.00346159   0.00492238
 0.000280941   0.00492238    0.0264058
  0.00798945  -0.00350594   -0.0002612
 -0.00350594   0.00223801  0.000853113
  -0.0002612  0.000853113    0.0289911
   0.0132244  -0.00564886  -0.00556528
 -0.00564886    0.0030324 -0.000882954
 -0.00556528 -0.000882954    0.0219797
   0.0137262  -0.00604006   -0.0050948
 -0.00604006   0.00321225 -0.000910553
  -0.0050948 -0.000910553      0.02214
   0.0107428   -0.0045409  -0.00393228
  -0.0045409   0.00256724  -0.00190314
 -0.00393228  -0.00190314    0.0258958
   0.0111844  -0.00485505  -0.00335264
 -0.00485505   0.00263413  -0.00166176
 -0.00335264  -0.00166176    0.0259629
   0.0141866  -0.00631302  -0.00459608
 -0.00631302   0.00326411 -0.000786344
 -0.00459608 -0.000786344    0.0221878
  0.00907076   -0.0038907  -0.00219196
  -0.0038907   0.00224606  -0.00190611
 -0.00219196  -0.00190611    0.0285843
   0.0115868  -0.00503943  -0.00276565
 -0.00503943   0.00260056  -0.00127024
 -0.00276565  -0.00127024    0.0259191
  0.00947342  -0.00410293  -0.00153642
 -0.00410293   0.00224426  -0.00139979
 -0.00153642  -0.00139979    0.0285314
  0.00987004   -0.0041863 -0.000872864
  -0.0041863   0.00220155 -0.000736266
-0.000872864 -0.000736266    0.0283906
    0.014541  -0.00647992  -0.00408143
 -0.00647992   0.00323695 -0.000505048
 -0.00408143 -0.000505048    0.0221169
   0.0119278   -0.0051247  -0.00215509
  -0.0051247   0.00253182 -0.000694615
 -0.00215509 -0.000694615    0.0257674
   0.0148176  -0.00655099  -0.00353747
 -0.00655099   0.00316708 -6.46545e-05
 -0.00353747 -6.46545e-05    0.0219688
  0.00829277  -0.00359923 -0.000778866
 -0.00359923   0.00210351 -0.000621725
-0.000778866 -0.000621725    0.0294065
  0.00870645  -0.00369489 -9.67894e-05
 -0.00369489   0.00212396   8.3273e-05
-9.67894e-05   8.3273e-05    0.0292503
   0.0078948  -0.00336446  -0.00147377
 -0.00336446    0.0020307  -0.00115308
 -0.00147377  -0.00115308    0.0294674
  0.00753105  -0.00300275  -0.00217802
 -0.00300275   0.00184422  -0.00148535
 -0.00217802  -0.00148535    0.0294228
  0.00867497  -0.00354306  -0.00285051
 -0.00354306   0.00212329  -0.00221621
 -0.00285051  -0.00221621    0.0285099
  0.00850297   -0.0031204  -0.00342167
  -0.0031204   0.00184203  -0.00229633
 -0.00342167  -0.00229633    0.0283736
  0.00752984  -0.00265053  -0.00276189
 -0.00265053   0.00155802  -0.00156454
 -0.00276189  -0.00156454    0.0291266
    0.010472  -0.00413709  -0.00446684
 -0.00413709   0.00233884  -0.00193623
 -0.00446684  -0.00193623    0.0257159
   0.0150032  -0.00653555  -0.00296975
 -0.00653555   0.00306977  0.000516991
 -0.00296975  0.000516991    0.0217545
   0.0122046  -0.00509316  -0.00153895
 -0.00509316   0.00243023  1.16432e-05
 -0.00153895  1.16432e-05    0.0255508
   0.0123558  -0.00500106 -0.000960502
 -0.00500106   0.00230914  0.000791363
-0.000960502  0.000791363    0.0252562
   0.0150644  -0.00648125  -0.00238343
 -0.00648125   0.00297613   0.00113153
 -0.00238343   0.00113153    0.0215926
   0.0104601  -0.00403938  0.000390548
 -0.00403938   0.00201012   0.00088662
 0.000390548   0.00088662    0.0278936
   0.0122353  -0.00485892 -0.000393831
 -0.00485892   0.00220366   0.00143091
-0.000393831   0.00143091    0.0249385
   0.0105079  -0.00390743  0.000846536
 -0.00390743   0.00189836   0.00162257
 0.000846536   0.00162257    0.0275178
   0.0145143  -0.00620857  -0.00179512
 -0.00620857   0.00283618   0.00170723
 -0.00179512   0.00170723    0.0216408
  0.00953114  -0.00342291    0.0016143
 -0.00342291    0.0019487   0.00233761
   0.0016143   0.00233761    0.0284232
  0.00940723  -0.00354844   0.00117014
 -0.00354844   0.00203981   0.00167608
  0.00117014   0.00167608    0.0287641
  0.00910164  -0.00365527  0.000564214
 -0.00365527   0.00210001  0.000878122
 0.000564214  0.000878122     0.029033
   0.0102159  -0.00415615  -0.00021257
 -0.00415615   0.00212386  5.46113e-05
 -0.00021257  5.46113e-05     0.028173
  0.00504316  -0.00843789   -0.0019531
 -0.00843789    0.0254988    0.0148707
  -0.0019531    0.0148707    0.0155387
  0.00546065  -0.00842858  -0.00137824
 -0.00842858    0.0242884     0.014179
 -0.00137824     0.014179    0.0160328
  0.00559428  -0.00824279  -0.00195499
 -0.00824279    0.0202676    0.0131789
 -0.00195499    0.0131789    0.0172956
  0.00605483   -0.0082529  -0.00131146
  -0.0082529    0.0193866    0.0124893
 -0.00131146    0.0124893    0.0175756
  0.00595634  -0.00841349 -0.000783777
 -0.00841349    0.0231577    0.0135865
-0.000783777    0.0135865    0.0164559
  0.00619329  -0.00805033  -0.00188125
 -0.00805033    0.0159531    0.0113258
 -0.00188125    0.0113258    0.0186584
   0.0065772  -0.00823872 -0.000669497
 -0.00823872     0.018642    0.0120169
