           0            0            0
           0            0            0
           0            0            0
   0.0323945  -0.00581673   0.00922708
 -0.00581673   0.00163058  -0.00323428
  0.00922708  -0.00323428    0.0185735
   0.0284503  -0.00442267    0.0116909
 -0.00442267  0.000975899  -0.00261731
   0.0116909  -0.00261731    0.0225826
    0.024428  -0.00412689    0.0140279
 -0.00412689  0.000908245  -0.00218557
   0.0140279  -0.00218557    0.0249522
   0.0234745  -0.00432554    0.0150566
 -0.00432554  0.000998541  -0.00157018
   0.0150566  -0.00157018    0.0250505
   0.0235564  -0.00454163    0.0142331
 -0.00454163   0.00113508 -0.000894305
   0.0142331 -0.000894305    0.0251069
   0.0213512  -0.00435951    0.0126718
 -0.00435951   0.00109507  -0.00104594
   0.0126718  -0.00104594    0.0226904
   0.0222126  -0.00458963    0.0114545
 -0.00458963   0.00120827 -0.000476911
   0.0114545 -0.000476911    0.0237121
   0.0237028  -0.00466294    0.0128246
 -0.00466294   0.00121544 -0.000438739
   0.0128246 -0.000438739    0.0251847
   0.0220095  -0.00446125   0.00894204
 -0.00446125   0.00117606 -0.000184082
  0.00894204 -0.000184082    0.0243411
   0.0236116  -0.00460666    0.0104169
 -0.00460666   0.00119231 -0.000193053
   0.0104169 -0.000193053    0.0258562
   0.0219565  -0.00401466   0.00590816
 -0.00401466   0.00102007 -0.000227844
  0.00590816 -0.000227844     0.025275
   0.0237193  -0.00450101   0.00916315
 -0.00450101   0.00110159  -0.00026243
  0.00916315  -0.00026243    0.0259275
   0.0473799   0.00049881     0.017293
  0.00049881   0.00110002   0.00297714
    0.017293   0.00297714    0.0224099
   0.0417612 -0.000757772    0.0196881
-0.000757772    0.0014108   0.00387735
   0.0196881   0.00387735    0.0263785
   0.0399817 -9.71827e-05    0.0190968
-9.71827e-05   0.00108272   0.00346187
   0.0190968   0.00346187    0.0263524
   0.0369443 -0.000781369    0.0212316
-0.000781369   0.00142732   0.00408736
   0.0212316   0.00408736     0.029476
   0.0376892   -0.0012577    0.0212075
  -0.0012577   0.00174568   0.00439774
   0.0212075   0.00439774    0.0291681
   0.0335188 -0.000751055    0.0196417
-0.000751055   0.00110926   0.00335098
   0.0196417   0.00335098    0.0289369
   0.0344952   -0.0012836    0.0214244
  -0.0012836   0.00166128   0.00421849
   0.0214244   0.00421849     0.030532
   0.0317656  -0.00133769    0.0202652
 -0.00133769   0.00139347    0.0036014
   0.0202652    0.0036014    0.0301976
   0.0315297  -0.00186629    0.0199485
 -0.00186629   0.00150521   0.00343895
   0.0199485   0.00343895    0.0302106
   0.0345564  -0.00161754    0.0209592
 -0.00161754   0.00190354   0.00442466
   0.0209592   0.00442466    0.0300534
   0.0339431  -0.00181003    0.0208263
 -0.00181003   0.00168094   0.00390923
   0.0208263   0.00390923    0.0304396
   0.0335915  -0.00209518    0.0200918
 -0.00209518   0.00183121   0.00400627
   0.0200918   0.00400627    0.0299688
   0.0288311  -0.00173187     0.018787
 -0.00173187   0.00113538   0.00262696
    0.018787   0.00262696    0.0296667
   0.0285369    -0.002258     0.018562
   -0.002258   0.00132377   0.00262766
    0.018562   0.00262766    0.0297377
   0.0268921  -0.00287969    0.0178249
 -0.00287969   0.00116684   0.00160244
   0.0178249   0.00160244    0.0295903
   0.0275676  -0.00238742    0.0181906
 -0.00238742  0.000941079   0.00140333
   0.0181906   0.00140333    0.0296139
   0.0306047  -0.00108547    0.0181232
 -0.00108547  0.000836884   0.00225927
   0.0181232   0.00225927     0.028396
   0.0299333  -0.00177604    0.0178713
 -0.00177604  0.000672489  0.000890569
   0.0178713  0.000890569    0.0285649
   0.0336501 -0.000234532    0.0159743
-0.000234532  0.000572174   0.00151568
   0.0159743   0.00151568    0.0253001
    0.036174  6.60113e-05    0.0172605
 6.60113e-05  0.000790816   0.00265102
   0.0172605   0.00265102    0.0256921
   0.0405094   0.00138819    0.0141755
  0.00138819  0.000630146   0.00165503
   0.0141755   0.00165503    0.0214051
   0.0337998  -0.00106764    0.0159755
 -0.00106764  0.000482488  9.74904e-05
   0.0159755  9.74904e-05    0.0257206
   0.0386677  0.000815194    0.0133409
 0.000815194  0.000464828  0.000555903
   0.0133409  0.000555903    0.0212369
   0.0405147 -0.000702625    0.0138252
-0.000702625  0.000498273 -0.000872334
   0.0138252 -0.000872334      0.02198
   0.0443595   0.00127096    0.0160191
  0.00127096  0.000849233   0.00248218
   0.0160191   0.00248218    0.0220388
   0.0328036  -0.00262632    0.0184717
 -0.00262632   0.00158768   0.00325708
   0.0184717   0.00325708    0.0292746
   0.0335181  -0.00239007    0.0193214
 -0.00239007   0.00151096   0.00323823
   0.0193214   0.00323823    0.0296002
   0.0330839  -0.00277808    0.0177261
 -0.00277808   0.00122119   0.00233937
   0.0177261   0.00233937    0.0288176
   0.0319531  -0.00297017    0.0167733
 -0.00297017   0.00124756    0.0022888
   0.0167733    0.0022888    0.0285937
    0.031272  -0.00277367    0.0172152
 -0.00277367    0.0012026   0.00215534
   0.0172152   0.00215534    0.0286132
   0.0325217  -0.00299542    0.0160941
 -0.00299542   0.00090443   0.00126755
   0.0160941   0.00126755    0.0280493
   0.0311261  -0.00293383    0.0157227
 -0.00293383  0.000914044   0.00121691
   0.0157227   0.00121691    0.0278733
   0.0308865  -0.00293135    0.0142897
 -0.00293135  0.000658522  0.000149742
   0.0142897  0.000149742    0.0271802
   0.0309847  -0.00314297    0.0150541
 -0.00314297  0.000913295   0.00117814
   0.0150541   0.00117814    0.0278654
   0.0318542  -0.00308167     0.014556
 -0.00308167  0.000659028  9.64077e-05
    0.014556  9.64077e-05     0.027306
   0.0299027  -0.00321253    0.0134189
 -0.00321253  0.000674258  2.26232e-05
   0.0134189  2.26232e-05    0.0270826
   0.0283503  -0.00314707    0.0146863
 -0.00314707  0.000955029   0.00095401
   0.0146863   0.00095401    0.0275703
   0.0283251  -0.00300755    0.0132929
 -0.00300755  0.000701782  5.84072e-05
   0.0132929  5.84072e-05    0.0269154
   0.0260373  -0.00337087    0.0124599
 -0.00337087  0.000787837 -0.000166321
   0.0124599 -0.000166321    0.0267647
   0.0261544  -0.00360353    0.0139249
 -0.00360353   0.00102208  0.000546764
   0.0139249  0.000546764    0.0274334
   0.0283536  -0.00306935    0.0160972
 -0.00306935     0.001198   0.00171028
   0.0160972   0.00171028    0.0282667
    0.026285  -0.00358431    0.0153595
 -0.00358431   0.00120718   0.00110785
   0.0153595   0.00110785     0.028131
   0.0283851  -0.00277084     0.017399
 -0.00277084   0.00133844   0.00227662
    0.017399   0.00227662    0.0289819
   0.0313702  -0.00242249    0.0186442
 -0.00242249   0.00142434   0.00290885
   0.0186442   0.00290885    0.0293866
   0.0264912  -0.00333146    0.0166598
 -0.00333146   0.00126176   0.00146695
   0.0166598   0.00146695    0.0288421
     0.02487  -0.00471624    0.0122552
 -0.00471624   0.00121303 -0.000169453
   0.0122552 -0.000169453    0.0266817
   0.0249253  -0.00469946    0.0136864
 -0.00469946   0.00124347 -0.000218291
   0.0136864 -0.000218291    0.0266849
   0.0260579  -0.00457698    0.0151938
 -0.00457698   0.00125296  1.85529e-05
   0.0151938  1.85529e-05    0.0280141
   0.0246885  -0.00448903    0.0151133
 -0.00448903   0.00114748   -0.0005679
   0.0151133   -0.0005679    0.0264209
    0.026354  -0.00437949    0.0164699
 -0.00437949   0.00119017 -5.13531e-05
   0.0164699 -5.13531e-05     0.028602
   0.0266151  -0.00402571      0.01752
 -0.00402571   0.00101654 -0.000378533
     0.01752 -0.000378533    0.0289921
   0.0249741  -0.00424248    0.0162788
 -0.00424248  0.000996069   -0.0010892
   0.0162788   -0.0010892     0.026769
   0.0266731  -0.00399248    0.0169665
 -0.00399248   0.00122347  0.000583639
   0.0169665  0.000583639    0.0292242
   0.0271408  -0.00359203     0.018119
 -0.00359203   0.00107697  0.000488422
    0.018119  0.000488422    0.0299938
   0.0261086  -0.00418353    0.0155162
 -0.00418353    0.0012304   0.00045615
   0.0155162   0.00045615    0.0284113
   0.0256898  -0.00416278    0.0139337
 -0.00416278   0.00110422  9.98062e-05
   0.0139337  9.98062e-05     0.027609
   0.0255585  -0.00453985    0.0136971
 -0.00453985   0.00117133 -0.000156754
   0.0136971 -0.000156754    0.0274809
    0.025316  -0.00431476    0.0122506
 -0.00431476   0.00100107 -0.000601831
   0.0122506 -0.000601831    0.0267485
   0.0252907  -0.00389727       0.0123
 -0.00389727  0.000899352   -0.0004422
      0.0123   -0.0004422     0.026853
   0.0245559  -0.00449486     0.010923
 -0.00449486   0.00106172  -0.00046911
    0.010923  -0.00046911     0.026411
   0.0258652  -0.00393248    0.0161101
 -0.00393248  0.000845711  -0.00172199
   0.0161101  -0.00172199     0.026951
    0.029619  -0.00400335    0.0146965
 -0.00400335  0.000830529   -0.0023185
   0.0146965   -0.0023185    0.0255013
   0.0300229  -0.00336371    0.0164372
 -0.00336371  0.000697289   -0.0016392
   0.0164372   -0.0016392    0.0272348
   0.0335212  -0.00435309     0.011662
 -0.00435309    0.0010299  -0.00277859
    0.011662  -0.00277859    0.0215152
    0.033892   -0.0035919    0.0133014
  -0.0035919  0.000849747  -0.00230884
   0.0133014  -0.00230884    0.0230663
    0.039328  -0.00449067    0.0111156
 -0.00449067   0.00126883  -0.00303659
   0.0111156  -0.00303659     0.019389
   0.0371231  -0.00561906   0.00957637
 -0.00561906   0.00159737  -0.00331641
  0.00957637  -0.00331641    0.0183587
   0.0342554  -0.00215667    0.0153282
 -0.00215667  0.000527496  -0.00121074
   0.0153282  -0.00121074    0.0252933
   0.0396501  -0.00245241     0.012767
 -0.00245241  0.000738397  -0.00200579
    0.012767  -0.00200579    0.0211077
   0.0301698  -0.00256479    0.0176711
 -0.00256479  0.000615815 -0.000466577
   0.0176711 -0.000466577    0.0285102
   0.0276779   -0.0031088    0.0183371
  -0.0031088  0.000841052  0.000123216
   0.0183371  0.000123216    0.0298983
   0.0271872  -0.00363856    0.0174534
 -0.00363856  0.000818541 -0.000930991
   0.0174534 -0.000930991    0.0286848
   0.0286658  -0.00327164    0.0118504
 -0.00327164  0.000570589  -0.00109555
   0.0118504  -0.00109555    0.0262851
   0.0310475  -0.00314514    0.0131108
 -0.00314514  0.000548371  -0.00110987
   0.0131108  -0.00110987    0.0265958
   0.0301318   -0.0032561    0.0117471
  -0.0032561  0.000597606  -0.00227195
   0.0117471  -0.00227195    0.0259594
   0.0273361   -0.0033716    0.0103361
  -0.0033716  0.000616917  -0.00210637
   0.0103361  -0.00210637    0.0255373
   0.0301472  -0.00283415    0.0117334
 -0.00283415  0.000539487  -0.00221229
   0.0117334  -0.00221229    0.0260166
   0.0290317  -0.00346752    0.0104394
 -0.00346752  0.000784676  -0.00330439
   0.0104394  -0.00330439    0.0254082
   0.0295464  -0.00294883    0.0105911
 -0.00294883  0.000713328   -0.0033323
   0.0105911   -0.0033323    0.0255662
   0.0287693  -0.00320847   0.00955052
 -0.00320847  0.000985844  -0.00427566
  0.00955052  -0.00427566    0.0251802
    0.025974  -0.00351853   0.00889416
 -0.00351853  0.000776714  -0.00296213
  0.00889416  -0.00296213    0.0248623
   0.0278162  -0.00373746   0.00921666
 -0.00373746   0.00105193  -0.00415711
  0.00921666  -0.00415711    0.0249003
   0.0245833  -0.00365971   0.00755476
 -0.00365971  0.000999194  -0.00367024
  0.00755476  -0.00367024    0.0242053
   0.0277755  -0.00229233   0.00958605
 -0.00229233  0.000622348  -0.00317082
  0.00958605  -0.00317082    0.0253785
   0.0274234  -0.00234442   0.00862904
 -0.00234442   0.00086028  -0.00411888
  0.00862904  -0.00411888    0.0250279
    0.025187   -0.0015783   0.00727052
  -0.0015783  0.000744636  -0.00385989
  0.00727052  -0.00385989    0.0247287
    0.025415  -0.00187712   0.00834188
 -0.00187712   0.00056649  -0.00297877
  0.00834188  -0.00297877    0.0251336
   0.0280209  -0.00244687    0.0107072
 -0.00244687  0.000497269  -0.00208036
   0.0107072  -0.00208036    0.0258053
   0.0256451  -0.00238036    0.0096025
 -0.00238036  0.000510765  -0.00199402
   0.0096025  -0.00199402     0.025596
   0.0281856  -0.00274003    0.0119433
 -0.00274003  0.000526894 -0.000970525
   0.0119433 -0.000970525     0.026316
   0.0305384  -0.00286505    0.0129559
 -0.00286505  0.000516068  -0.00101786
   0.0129559  -0.00101786    0.0265577
   0.0258467  -0.00293948    0.0109946
 -0.00293948  0.000588893  -0.00102545
   0.0109946  -0.00102545    0.0261416
    0.023176  -0.00368632   0.00630428
 -0.00368632   0.00124317  -0.00430493
  0.00630428  -0.00430493    0.0234969
     0.02652  -0.00396802   0.00802676
 -0.00396802   0.00134034  -0.00485987
  0.00802676  -0.00485987    0.0243654
   0.0252496  -0.00396337   0.00686412
 -0.00396337   0.00164564  -0.00549897
  0.00686412  -0.00549897    0.0237449
   0.0217753  -0.00344145   0.00517861
 -0.00344145    0.0015395   -0.0049722
  0.00517861   -0.0049722    0.0226897
   0.0269406  -0.00375504   0.00751731
 -0.00375504   0.00158259  -0.00565919
  0.00751731  -0.00565919    0.0243706
   0.0239065  -0.00358144   0.00578637
 -0.00358144   0.00200595  -0.00616117
  0.00578637  -0.00616117    0.0230121
   0.0259803  -0.00365332   0.00650077
 -0.00365332   0.00189702  -0.00623694
  0.00650077  -0.00623694     0.023858
   0.0248554  -0.00310234   0.00555014
 -0.00310234   0.00228125  -0.00684277
  0.00555014  -0.00684277    0.0232637
   0.0202851  -0.00283272   0.00424161
 -0.00283272    0.0019434   -0.0057443
  0.00424161   -0.0057443    0.0217796
   0.0223271  -0.00274501   0.00483423
 -0.00274501   0.00250227  -0.00691137
  0.00483423  -0.00691137    0.0222025
   0.0186546  -0.00183992   0.00350253
 -0.00183992   0.00257376  -0.00665665
  0.00350253  -0.00665665    0.0208427
   0.0258166   -0.0029946   0.00592736
  -0.0029946   0.00164754  -0.00594835
  0.00592736  -0.00594835    0.0240596
   0.0252202  -0.00274279    0.0050686
 -0.00274279   0.00192038  -0.00640467
   0.0050686  -0.00640467    0.0236906
   0.0238619  -0.00187471   0.00361005
 -0.00187471   0.00152394   -0.0057438
  0.00361005   -0.0057438    0.0235513
   0.0241245  -0.00189884   0.00445548
 -0.00189884   0.00135634  -0.00545935
  0.00445548  -0.00545935    0.0237842
   0.0263766  -0.00287101    0.0068318
 -0.00287101   0.00139071  -0.00546514
   0.0068318  -0.00546514     0.024395
    0.024494  -0.00171521   0.00536136
 -0.00171521   0.00117293  -0.00509219
  0.00536136  -0.00509219    0.0240545
   0.0269009  -0.00258804   0.00772549
 -0.00258804   0.00112798  -0.00487776
  0.00772549  -0.00487776    0.0247127
   0.0278494  -0.00354108   0.00854114
 -0.00354108   0.00128195  -0.00503403
  0.00854114  -0.00503403    0.0248013
   0.0248553  -0.00155746   0.00630739
 -0.00155746  0.000964433  -0.00457229
  0.00630739  -0.00457229    0.0243758
   0.0213026  0.000845011   -0.0014345
 0.000845011  0.000772812   -0.0039413
  -0.0014345   -0.0039413    0.0226031
   0.0217474  0.000647509  1.03427e-05
 0.000647509  0.000793294  -0.00411702
 1.03427e-05  -0.00411702    0.0228171
    0.021355  0.000448481  0.000751989
 0.000448481  0.000873365  -0.00435862
 0.000751989  -0.00435862    0.0229654
   0.0218646  0.000112974   0.00217554
 0.000112974  0.000824093  -0.00422916
  0.00217554  -0.00422916    0.0233255
   0.0224298  8.57274e-05    0.0015821
 8.57274e-05  0.000759179  -0.00400202
   0.0015821  -0.00400202    0.0231756
    0.021868 -0.000123371   0.00288242
-0.000123371  0.000897768  -0.00445137
  0.00288242  -0.00445137     0.023466
   0.0225562 -0.000581976   0.00367935
-0.000581976  0.000731831  -0.00385739
  0.00367935  -0.00385739    0.0237998
   0.0223507 -0.000534623    0.0042029
-0.000534623  0.000774774  -0.00405265
   0.0042029  -0.00405265    0.0239151
   0.0230367  -0.00124305   0.00561261
 -0.00124305  0.000656577  -0.00345875
  0.00561261  -0.00345875    0.0244153
   0.0231365 -0.000798125   0.00313143
-0.000798125  0.000688454  -0.00362513
  0.00313143  -0.00362513    0.0235714
    0.023468  -0.00152986   0.00528512
 -0.00152986  0.000653161  -0.00329491
  0.00528512  -0.00329491     0.024312
   0.0235968  -0.00180182   0.00456697
 -0.00180182  0.000635323  -0.00302681
  0.00456697  -0.00302681    0.0238072
   0.0230411 -0.000829508   0.00500988
-0.000829508   0.00084594  -0.00427993
  0.00500988  -0.00427993    0.0240711
   0.0234633  -0.00120626   0.00617784
 -0.00120626  0.000676523  -0.00363128
  0.00617784  -0.00363128    0.0245103
   0.0227019 -0.000728417   0.00390376
-0.000728417    0.0010039  -0.00472733
  0.00390376  -0.00472733     0.023687
   0.0223305 -0.000807118   0.00283556
-0.000807118   0.00111894  -0.00497745
  0.00283556  -0.00497745    0.0233877
   0.0214498 -1.27847e-05   0.00161839
-1.27847e-05  0.000968424  -0.00461785
  0.00161839  -0.00461785    0.0231171
   0.0210463 -4.45863e-05  0.000414119
-4.45863e-05  0.000985379  -0.00458514
 0.000414119  -0.00458514    0.0228756
   0.0220577 -0.000866064   0.00185926
-0.000866064    0.0011963  -0.00508803
  0.00185926  -0.00508803    0.0231814
   0.0209531  0.000508959 -0.000591959
 0.000508959  0.000862867  -0.00423306
-0.000591959  -0.00423306    0.0227218
   0.0233922  -0.00271663   0.00560438
 -0.00271663  0.000637043  -0.00226567
  0.00560438  -0.00226567    0.0240453
   0.0241817  -0.00256637   0.00691968
 -0.00256637  0.000640122  -0.00260267
  0.00691968  -0.00260267    0.0248022
   0.0243615  -0.00344457   0.00846361
 -0.00344457  0.000713361  -0.00182705
  0.00846361  -0.00182705    0.0251447
   0.0232192  -0.00346602   0.00629546
 -0.00346602  0.000730562  -0.00141215
  0.00629546  -0.00141215    0.0248662
   0.0245031  -0.00310535   0.00894286
 -0.00310535  0.000650109  -0.00195717
  0.00894286  -0.00195717    0.0255581
   0.0242741  -0.00406579   0.00980332
 -0.00406579  0.000864286  -0.00109119
  0.00980332  -0.00109119    0.0255284
   0.0249716  -0.00385805    0.0106527
 -0.00385805   0.00080065  -0.00122168
   0.0106527  -0.00122168    0.0261786
   0.0234202  -0.00408653   0.00744006
 -0.00408653  0.000904319 -0.000704518
  0.00744006 -0.000704518    0.0258257
   0.0248414  -0.00338435     0.010636
 -0.00338435  0.000688307  -0.00114277
    0.010636  -0.00114277    0.0261475
   0.0243823  -0.00265664   0.00901013
 -0.00265664  0.000564217  -0.00196785
  0.00901013  -0.00196785    0.0255303
   0.0239056  -0.00187166   0.00749332
 -0.00187166  0.000564848  -0.00283951
  0.00749332  -0.00283951    0.0249963
    0.023781  -0.00216564   0.00718665
 -0.00216564  0.000596795  -0.00273372
  0.00718665  -0.00273372    0.0249572
   0.0224422   -0.0038695   0.00501697
  -0.0038695  0.000903634 -0.000433204
  0.00501697 -0.000433204    0.0258064
   0.0227167   -0.0034151    0.0040895
  -0.0034151  0.000737484  -0.00103511
   0.0040895  -0.00103511    0.0254399
   0.0209556  -0.00303773   0.00153859
 -0.00303773  0.000737496 -0.000668266
  0.00153859 -0.000668266    0.0248143
   0.0225657   -0.0026779   0.00295224
  -0.0026779  0.000614807  -0.00177906
  0.00295224  -0.00177906     0.024679
   0.0216579  -0.00258943  0.000716072
 -0.00258943  0.000602353  -0.00132783
 0.000716072  -0.00132783    0.0249719
   0.0222035  -0.00186435  0.000268522
 -0.00186435  0.000535326  -0.00212896
 0.000268522  -0.00212896    0.0244212
   0.0227364  -0.00184291   0.00235749
 -0.00184291  0.000575074  -0.00254582
  0.00235749  -0.00254582    0.0237645
   0.0205796  -0.00173729  -0.00202002
 -0.00173729  0.000510206   -0.0014847
 -0.00202002   -0.0014847    0.0244195
   0.0228361 -0.000952015   0.00190649
-0.000952015  0.000613139  -0.00322691
  0.00190649  -0.00322691    0.0228924
   0.0228784  -5.4654e-05  0.000757585
 -5.4654e-05  0.000673088  -0.00367927
 0.000757585  -0.00367927    0.0228212
   0.0226505 -0.000143995 -0.000971471
-0.000143995  0.000558698  -0.00322329
-0.000971471  -0.00322329    0.0229272
   0.0225519  0.000639213 -0.000688029
 0.000639213  0.000703027  -0.00381206
-0.000688029  -0.00381206    0.0226404
   0.0229833  0.000564318  -0.00186508
 0.000564318  0.000593365  -0.00341422
 -0.00186508  -0.00341422    0.0226606
   0.0230091  0.000967746  -0.00302567
 0.000967746  0.000581454  -0.00320725
 -0.00302567  -0.00320725     0.022388
   0.0219598   0.00100041  -0.00224572
  0.00100041  0.000680122  -0.00360871
 -0.00224572  -0.00360871    0.0224432
    0.022365  0.000438902  -0.00352879
 0.000438902  0.000457801  -0.00286297
 -0.00352879  -0.00286297    0.0226251
   0.0232443  0.000864011  -0.00430819
 0.000864011  0.000462645  -0.00270947
 -0.00430819  -0.00270947    0.0224967
   0.0223756  0.000588073   -0.0053303
 0.000588073  0.000343838  -0.00210119
  -0.0053303  -0.00210119    0.0221994
   0.0217413  0.000246673  -0.00479664
 0.000246673  0.000349837  -0.00229352
 -0.00479664  -0.00229352    0.0230277
    0.022117 -0.000165176  -0.00281416
-0.000165176  0.000451062  -0.00274734
 -0.00281416  -0.00274734    0.0234727
   0.0211221   -0.0004927  -0.00425835
  -0.0004927  0.000396283  -0.00209585
 -0.00425835  -0.00209585    0.0244517
   0.0216123  -0.00104397  -0.00242322
 -0.00104397  0.000460829  -0.00223141
 -0.00242322  -0.00223141    0.0242076
   0.0224842 -0.000978027  -0.00046909
-0.000978027  0.000527581  -0.00275986
 -0.00046909  -0.00275986    0.0237745
    0.020786  0.000172967  -0.00590043
 0.000172967  0.000275598  -0.00195885
 -0.00590043  -0.00195885    0.0234373
   0.0210611  0.000320604  -0.00599669
 0.000320604  0.000266489  -0.00147394
 -0.00599669  -0.00147394    0.0213789
  0.00549714  -0.00503981  -0.00643475
 -0.00503981   0.00496431   0.00553785
 -0.00643475   0.00553785    0.0209935
  0.00574207  -0.00501715  -0.00519855
 -0.00501715   0.00498727   0.00563799
 -0.00519855   0.00563799    0.0218868
  0.00546135  -0.00434645  -0.00461378
 -0.00434645   0.00408524   0.00462514
 -0.00461378   0.00462514    0.0224115
  0.00606552  -0.00422359  -0.00311524
 -0.00422359   0.00422602   0.00536776
 -0.00311524   0.00536776    0.0234984
  0.00627222  -0.00488057  -0.00367955
 -0.00488057   0.00510645   0.00619896
 -0.00367955   0.00619896    0.0228122
  0.00583633  -0.00362093  -0.00251158
 -0.00362093   0.00343546   0.00459947
 -0.00251158   0.00459947    0.0243388
   0.0069682  -0.00387995   -0.0014477
 -0.00387995   0.00450559   0.00662761
  -0.0014477   0.00662761    0.0244691
   0.0067971  -0.00326736 -0.000896794
 -0.00326736   0.00367237     0.005956
-0.000896794     0.005956    0.0254447
  0.00795628  -0.00272431  0.000681433
 -0.00272431   0.00410146   0.00759781
 0.000681433   0.00759781    0.0262664
  0.00710949  -0.00454585  -0.00198554
 -0.00454585   0.00539346   0.00727713
 -0.00198554   0.00727713    0.0236462
  0.00807642  -0.00334292  0.000212211
 -0.00334292   0.00502324    0.0082151
 0.000212211    0.0082151    0.0251647
   0.0081521  -0.00406223 -0.000303103
 -0.00406223   0.00597467    0.0087174
-0.000303103    0.0087174    0.0242283
  0.00662044  -0.00280008 -0.000437403
 -0.00280008   0.00299555   0.00539652
-0.000437403   0.00539652    0.0265747
  0.00778632  -0.00225448   0.00102959
 -0.00225448   0.00330456   0.00697475
  0.00102959   0.00697475    0.0274905
  0.00762259  -0.00200417   0.00119744
 -0.00200417   0.00267195   0.00633987
  0.00119744   0.00633987     0.028767
  0.00684097  -0.00275002 -0.000403535
 -0.00275002   0.00263476   0.00506296
-0.000403535   0.00506296    0.0280669
  0.00582383  -0.00330212  -0.00214652
 -0.00330212   0.00290783   0.00413254
 -0.00214652   0.00413254    0.0255344
  0.00623637  -0.00335743  -0.00215632
 -0.00335743   0.00270302     0.003905
 -0.00215632     0.003905    0.0270447
   0.0052471  -0.00352461  -0.00368289
 -0.00352461   0.00287522   0.00327869
 -0.00368289   0.00327869     0.024277
  0.00522883  -0.00378873  -0.00405059
 -0.00378873   0.00334053   0.00379051
 -0.00405059   0.00379051    0.0231809
   0.0048766   -0.0037583  -0.00524708
  -0.0037583     0.003267   0.00340591
 -0.00524708   0.00340591      0.02196
  0.00565168  -0.00360754  -0.00366991
 -0.00360754   0.00273427    0.0030102
 -0.00366991    0.0030102    0.0241832
  0.00484295  -0.00348791  -0.00482136
 -0.00348791   0.00280784   0.00283018
 -0.00482136   0.00283018      0.02234
  0.00515164  -0.00354847  -0.00473844
 -0.00354847   0.00270044   0.00260616
 -0.00473844   0.00260616    0.0223791
  0.00515486  -0.00432716  -0.00582094
 -0.00432716   0.00401659   0.00435561
 -0.00582094   0.00435561    0.0213446
  0.00916553  -0.00352404   0.00114476
 -0.00352404   0.00688282    0.0102949
  0.00114476    0.0102949    0.0244553
  0.00916572  -0.00274129   0.00162342
 -0.00274129   0.00578993   0.00986265
  0.00162342   0.00986265    0.0255024
  0.00994262  -0.00228921   0.00256374
 -0.00228921   0.00671829     0.011231
  0.00256374     0.011231    0.0254776
  0.00987081  -0.00310035   0.00214077
 -0.00310035   0.00803567    0.0117131
  0.00214077    0.0117131    0.0243167
  0.00992652  -0.00165722   0.00281517
 -0.00165722   0.00537828    0.0104174
  0.00281517    0.0104174    0.0267803
   0.0101976  -0.00211574   0.00290916
 -0.00211574   0.00767048    0.0120932
  0.00290916    0.0120932    0.0251957
   0.0102348  -0.00152637   0.00302959
 -0.00152637   0.00605071    0.0110036
  0.00302959    0.0110036    0.0265907
  0.00997473  -0.00178626   0.00268469
 -0.00178626   0.00657349    0.0108152
  0.00268469    0.0108152    0.0263006
   0.0100756   -0.0028883   0.00257665
  -0.0028883   0.00925075    0.0127454
  0.00257665    0.0127454    0.0239299
  0.00990304  -0.00228364   0.00271842
 -0.00228364   0.00842656     0.012268
  0.00271842     0.012268    0.0248227
  0.00977208   -0.0029509   0.00250248
  -0.0029509    0.0102551    0.0132272
  0.00250248    0.0132272    0.0234562
   0.0101604  -0.00117255   0.00286453
 -0.00117255   0.00460334   0.00958679
  0.00286453   0.00958679    0.0280396
  0.00996055  -0.00148501    0.0023548
 -0.00148501   0.00493468    0.0089707
   0.0023548    0.0089707    0.0277966
  0.00984139  -0.00137541   0.00176548
 -0.00137541    0.0036518   0.00689205
  0.00176548   0.00689205    0.0292267
  0.00996274  -0.00105033   0.00245012
 -0.00105033   0.00343454   0.00793797
  0.00245012   0.00793797    0.0294393
  0.00979921  -0.00126276   0.00282819
 -0.00126276   0.00418307    0.0093722
  0.00282819    0.0093722    0.0281666
  0.00956782  -0.00110321   0.00261236
 -0.00110321   0.00318166   0.00813921
  0.00261236   0.00813921    0.0295259
  0.00893722  -0.00167669   0.00218243
 -0.00167669   0.00373429   0.00842987
  0.00218243   0.00842987    0.0280192
  0.00909407  -0.00210827   0.00199441
 -0.00210827    0.0047027   0.00920796
  0.00199441   0.00920796    0.0267057
  0.00872368  -0.00146075   0.00217691
 -0.00146075   0.00291735   0.00754018
  0.00217691   0.00754018    0.0293338
   0.0143945  -0.00429011  -0.00384388
 -0.00429011   0.00207967   0.00331934
 -0.00384388   0.00331934    0.0245185
   0.0134625   -0.0035853  -0.00236287
  -0.0035853   0.00188474   0.00438211
 -0.00236287   0.00438211    0.0261166
    0.011274   -0.0023908 -0.000717524
  -0.0023908   0.00173484   0.00451619
-0.000717524   0.00451619    0.0283525
   0.0108489   -0.0022835   1.5165e-05
  -0.0022835   0.00176812   0.00536116
  1.5165e-05   0.00536116    0.0291236
   0.0136406  -0.00388516  -0.00237141
 -0.00388516   0.00206807   0.00492436
 -0.00237141   0.00492436    0.0260424
  0.00951343  -0.00151841   0.00118337
 -0.00151841   0.00187935   0.00584554
  0.00118337   0.00584554     0.029747
   0.0106996   -0.0027855 -0.000357654
  -0.0027855   0.00195884   0.00542677
-0.000357654   0.00542677    0.0292464
  0.00892927  -0.00183851    0.0010802
 -0.00183851   0.00194706   0.00589297
   0.0010802   0.00589297    0.0301456
  0.00887846  -0.00271762 -2.36263e-05
 -0.00271762   0.00221901   0.00545931
-2.36263e-05   0.00545931    0.0305116
   0.0127989  -0.00411291  -0.00246628
 -0.00411291   0.00225247   0.00504343
 -0.00246628   0.00504343    0.0253104
   0.0103023  -0.00363432   -0.0016324
 -0.00363432   0.00231807   0.00498653
  -0.0016324   0.00498653    0.0271688
   0.0120569  -0.00476086   -0.0032772
 -0.00476086   0.00268837   0.00484713
  -0.0032772   0.00484713    0.0242455
   0.0084639  -0.00143163   0.00193622
 -0.00143163   0.00228445   0.00661941
  0.00193622   0.00661941    0.0299702
  0.00794854  -0.00217419  0.000862755
 -0.00217419   0.00232718   0.00585389
 0.000862755   0.00585389     0.029923
  0.00933536  -0.00116013   0.00207233
 -0.00116013   0.00239236    0.0068944
  0.00207233    0.0068944    0.0299971
  0.00983843  -0.00116747   0.00165396
 -0.00116747   0.00252404   0.00636999
  0.00165396   0.00636999    0.0300204
   0.0102325  -0.00165192  0.000500797
 -0.00165192   0.00193167   0.00510811
 0.000500797   0.00510811    0.0292646
   0.0106546  -0.00206769 -0.000562926
 -0.00206769   0.00209643   0.00367053
-0.000562926   0.00367053    0.0292206
  0.00991021  -0.00150508  0.000748728
 -0.00150508   0.00268743   0.00503198
 0.000748728   0.00503198     0.029909
   0.0120439  -0.00298185  -0.00213953
 -0.00298185   0.00188719   0.00314335
 -0.00213953   0.00314335    0.0272091
   0.0113711  -0.00511453  -0.00376753
 -0.00511453   0.00296013   0.00463247
 -0.00376753   0.00463247    0.0238133
   0.0097777   -0.0043696  -0.00294765
  -0.0043696   0.00273635   0.00444042
 -0.00294765   0.00444042    0.0251637
  0.00946784  -0.00506779  -0.00448305
 -0.00506779   0.00321572   0.00416287
 -0.00448305   0.00416287    0.0247858
   0.0108937   -0.0055247  -0.00463485
  -0.0055247   0.00333827   0.00453339
 -0.00463485   0.00453339    0.0238355
  0.00810053  -0.00438104   -0.0037084
 -0.00438104   0.00296444   0.00385632
  -0.0037084   0.00385632    0.0253537
  0.00834401  -0.00512318  -0.00541144
 -0.00512318   0.00344356   0.00374148
 -0.00541144   0.00374148     0.023976
   0.0075514   -0.0047007  -0.00504545
  -0.0047007   0.00323381   0.00330635
 -0.00504545   0.00330635    0.0245498
  0.00675232  -0.00447423  -0.00587891
 -0.00447423   0.00318759   0.00297158
 -0.00587891   0.00297158    0.0237503
  0.00926515  -0.00550813  -0.00567413
 -0.00550813   0.00356547   0.00398163
 -0.00567413   0.00398163    0.0222336
  0.00733593  -0.00479912  -0.00615282
 -0.00479912   0.00333037   0.00327377
 -0.00615282   0.00327377    0.0225215
  0.00822755  -0.00530079  -0.00634634
 -0.00530079   0.00360696   0.00378634
 -0.00634634   0.00378634    0.0217333
  0.00647166  -0.00402423  -0.00426898
 -0.00402423   0.00286651    0.0031207
 -0.00426898    0.0031207    0.0240503
  0.00560739  -0.00379995  -0.00521364
 -0.00379995   0.00280084    0.0026395
 -0.00521364    0.0026395    0.0226489
  0.00695946  -0.00374264  -0.00275151
 -0.00374264   0.00272806   0.00375442
 -0.00275151   0.00375442     0.026162
  0.00748948  -0.00302348 -0.000761725
 -0.00302348   0.00250045   0.00487972
-0.000761725   0.00487972     0.029644
  0.00844903   -0.0036457  -0.00190945
  -0.0036457   0.00255835   0.00456681
 -0.00190945   0.00456681    0.0274611
   0.0091316    -0.003199    0.0020949
   -0.003199     0.010823    0.0131642
   0.0020949    0.0131642    0.0230363
  0.00925053  -0.00269869   0.00217489
 -0.00269869   0.00879193    0.0118003
  0.00217489    0.0118003    0.0245035
  0.00849278  -0.00319399   0.00149168
 -0.00319399   0.00866624    0.0108747
  0.00149168    0.0108747     0.024321
  0.00839135  -0.00352015   0.00153888
 -0.00352015    0.0108564    0.0126835
  0.00153888    0.0126835    0.0227551
  0.00856005  -0.00295707   0.00114143
 -0.00295707   0.00666308   0.00855663
  0.00114143   0.00855663     0.025937
  0.00781617   -0.0035871  0.000793703
  -0.0035871    0.0081613   0.00975574
 0.000793703   0.00975574    0.0243151
  0.00789614  -0.00344777  0.000316677
 -0.00344777   0.00621313   0.00703075
 0.000316677   0.00703075    0.0260114
  0.00739323  -0.00368075 -0.000459482
 -0.00368075   0.00558598   0.00561641
-0.000459482   0.00561641    0.0262722
  0.00770435  -0.00377071  0.000954288
 -0.00377071    0.0104591    0.0119775
 0.000954288    0.0119775    0.0226492
  0.00726267  -0.00377101  0.000119868
 -0.00377101   0.00744013   0.00866298
 0.000119868   0.00866298     0.024468
  0.00712635  -0.00386501  0.000378344
 -0.00386501   0.00978794    0.0112235
 0.000378344    0.0112235    0.0226896
  0.00796076  -0.00332949 -0.000450558
 -0.00332949   0.00483707    0.0040511
-0.000450558    0.0040511    0.0276678
  0.00750148  -0.00356947  -0.00130146
 -0.00356947   0.00445215   0.00236091
 -0.00130146   0.00236091    0.0280239
  0.00759741  -0.00343102  -0.00227306
 -0.00343102   0.00402359 -0.000802277
 -0.00227306 -0.000802277    0.0296674
  0.00802411  -0.00319807  -0.00138668
 -0.00319807     0.004081   0.00104187
 -0.00138668   0.00104187    0.0292337
  0.00860801  -0.00279011  0.000491311
 -0.00279011   0.00508209   0.00591089
 0.000491311   0.00591089    0.0275226
  0.00864101  -0.00265683 -0.000362086
 -0.00265683   0.00402691    0.0031222
-0.000362086    0.0031222    0.0290193
  0.00935931   -0.0020869   0.00148216
  -0.0020869   0.00513758   0.00765344
  0.00148216   0.00765344    0.0275892
  0.00932575  -0.00232797   0.00198183
 -0.00232797   0.00681357   0.00992186
  0.00198183   0.00992186    0.0260521
  0.00932318  -0.00196751  0.000751685
 -0.00196751   0.00388359   0.00517926
 0.000751685   0.00517926    0.0290421
  0.00663401  -0.00379836 -0.000192202
 -0.00379836   0.00896328    0.0105751
-0.000192202    0.0105751    0.0228249
  0.00681141  -0.00371676 -0.000562441
 -0.00371676   0.00664205   0.00776144
-0.000562441   0.00776144    0.0247363
   0.0064237  -0.00348687  -0.00126542
 -0.00348687   0.00585331   0.00715317
 -0.00126542   0.00715317    0.0250808
  0.00621737  -0.00360129 -0.000770428
 -0.00360129    0.0081272    0.0100984
-0.000770428    0.0100984     0.022998
  0.00667853  -0.00332352  -0.00202686
 -0.00332352   0.00425405    0.0037273
 -0.00202686    0.0037273     0.027143
  0.00609575  -0.00315513  -0.00199596
 -0.00315513   0.00517006   0.00678657
 -0.00199596   0.00678657    0.0254762
  0.00639414  -0.00289918  -0.00285111
 -0.00289918   0.00363977   0.00330633
 -0.00285111   0.00330633    0.0276859
  0.00616492  -0.00247683  -0.00359863
 -0.00247683   0.00308205   0.00317491
 -0.00359863   0.00317491    0.0280428
  0.00587599  -0.00332998  -0.00136812
 -0.00332998   0.00737899   0.00976835
 -0.00136812   0.00976835    0.0231884
  0.00583401  -0.00280778  -0.00269793
 -0.00280778   0.00458018    0.0066562
 -0.00269793    0.0066562    0.0256304
  0.00561846  -0.00303399  -0.00197457
 -0.00303399   0.00675934   0.00957132
 -0.00197457   0.00957132    0.0233867
  0.00671839  -0.00258893  -0.00382022
 -0.00258893   0.00295877  -0.00030008
 -0.00382022  -0.00030008     0.029663
  0.00664718  -0.00209546  -0.00454377
 -0.00209546   0.00238646 -0.000345466
 -0.00454377 -0.000345466    0.0297782
  0.00699707  -0.00171993  -0.00537611
 -0.00171993   0.00246892  -0.00360452
 -0.00537611  -0.00360452    0.0315784
  0.00699339  -0.00229052  -0.00472541
 -0.00229052   0.00304984   -0.0035822
 -0.00472541   -0.0035822    0.0312788
  0.00693814  -0.00310891  -0.00296613
 -0.00310891   0.00348907  0.000159437
 -0.00296613  0.000159437     0.029079
  0.00714829  -0.00287731  -0.00390882
 -0.00287731   0.00353265  -0.00314548
 -0.00390882  -0.00314548     0.030767
  0.00718312  -0.00347413  -0.00212918
 -0.00347413   0.00399513   0.00102821
 -0.00212918   0.00102821    0.0285186
   0.0069991  -0.00362161  -0.00123247
 -0.00362161   0.00491435   0.00447969
 -0.00123247   0.00447969    0.0266638
  0.00732612  -0.00330153  -0.00309432
 -0.00330153   0.00385083  -0.00222724
 -0.00309432  -0.00222724    0.0302089
   0.0127547  -0.00577732   -0.0084495
 -0.00577732   0.00528736  -0.00278681
  -0.0084495  -0.00278681    0.0245472
   0.0132235  -0.00626092  -0.00831273
 -0.00626092   0.00567701  -0.00307164
 -0.00831273  -0.00307164    0.0247349
    0.010443  -0.00420279  -0.00739404
 -0.00420279   0.00496148   -0.0053971
 -0.00739404   -0.0053971    0.0286298
   0.0107715  -0.00465024  -0.00704264
 -0.00465024   0.00509823  -0.00523007
 -0.00704264  -0.00523007    0.0284868
   0.0136651  -0.00649465  -0.00813564
 -0.00649465   0.00564139  -0.00306579
 -0.00813564  -0.00306579    0.0246716
  0.00872765  -0.00342895  -0.00589017
 -0.00342895   0.00458645  -0.00623868
 -0.00589017  -0.00623868    0.0309755
    0.011087  -0.00483101  -0.00666217
 -0.00483101   0.00484405  -0.00470011
 -0.00666217  -0.00470011    0.0281196
  0.00895454  -0.00376805  -0.00533088
 -0.00376805   0.00450636  -0.00547714
 -0.00533088  -0.00547714    0.0305196
  0.00924692  -0.00382126  -0.00469874
 -0.00382126   0.00413295   -0.0042411
 -0.00469874   -0.0042411    0.0299748
   0.0139894  -0.00647577  -0.00791498
 -0.00647577   0.00524504  -0.00273823
 -0.00791498  -0.00273823     0.024372
   0.0113801  -0.00477243  -0.00618131
 -0.00477243   0.00428167  -0.00370993
 -0.00618131  -0.00370993    0.0276074
   0.0142204  -0.00626524  -0.00758657
 -0.00626524   0.00458941  -0.00204518
 -0.00758657  -0.00204518    0.0239538
  0.00774451  -0.00326157   -0.0041945
 -0.00326157   0.00405375  -0.00454531
  -0.0041945  -0.00454531    0.0310619
   0.0080016  -0.00338695  -0.00344053
 -0.00338695   0.00395117  -0.00314876
 -0.00344053  -0.00314876    0.0304995
  0.00757613  -0.00284349  -0.00490796
 -0.00284349   0.00393314  -0.00542333
 -0.00490796  -0.00542333    0.0315729
  0.00744911  -0.00221805  -0.00561636
 -0.00221805   0.00353922  -0.00581176
 -0.00561636  -0.00581176    0.0319539
  0.00853357  -0.00284476  -0.00643635
 -0.00284476   0.00427637  -0.00652487
 -0.00643635  -0.00652487    0.0312187
  0.00853522  -0.00216299  -0.00688196
 -0.00216299   0.00361378  -0.00637651
 -0.00688196  -0.00637651     0.031304
  0.00760697  -0.00160782   -0.0061765
 -0.00160782   0.00291792  -0.00570495
  -0.0061765  -0.00570495    0.0320055
   0.0102928  -0.00358073  -0.00769462
 -0.00358073   0.00437978   -0.0051731
 -0.00769462   -0.0051731    0.0285269
   0.0144136  -0.00592655  -0.00707045
 -0.00592655   0.00382615 -0.000993845
 -0.00707045 -0.000993845     0.023568
   0.0116807  -0.00448167  -0.00552545
 -0.00448167   0.00357519  -0.00231142
 -0.00552545  -0.00231142    0.0271606
   0.0119873  -0.00406685  -0.00465071
 -0.00406685   0.00283294 -0.000539787
 -0.00465071 -0.000539787    0.0268805
   0.0146723  -0.00551009  -0.00629176
 -0.00551009   0.00305136  0.000346797
 -0.00629176  0.000346797    0.0234311
   0.0100622  -0.00312168  -0.00291719
 -0.00312168   0.00294094 -0.000495549
 -0.00291719 -0.000495549     0.029214
   0.0122063  -0.00355518  -0.00347535
 -0.00355518    0.0022506   0.00134317
 -0.00347535   0.00134317     0.026858
   0.0104809  -0.00257229  -0.00177931
 -0.00257229   0.00242812     0.001691
 -0.00177931     0.001691    0.0291658
   0.0145786  -0.00488506  -0.00513735
 -0.00488506   0.00243555   0.00187638
 -0.00513735   0.00187638    0.0237938
  0.00951674  -0.00203858 -0.000362367
 -0.00203858   0.00294897   0.00306824
-0.000362367   0.00306824    0.0297559
  0.00894973  -0.00266146  -0.00152418
 -0.00266146   0.00330807   0.00085073
 -0.00152418   0.00085073    0.0297673
  0.00840677  -0.00315352  -0.00257439
 -0.00315352   0.00368815  -0.00130958
 -0.00257439  -0.00130958    0.0300287
  0.00962272   -0.0035789  -0.00390841
  -0.0035789   0.00358052  -0.00254627
 -0.00390841  -0.00254627    0.0294935
  0.00415494  -0.00847973  -0.00313654
 -0.00847973    0.0272297    0.0158225
 -0.00313654    0.0158225    0.0148231
  0.00489548  -0.00834128  -0.00223896
 -0.00834128    0.0258799    0.0154745
 -0.00223896    0.0154745    0.0158848
  0.00496506  -0.00812889  -0.00298507
 -0.00812889    0.0211391    0.0141731
 -0.00298507    0.0141731    0.0170978
  0.00583002  -0.00803402  -0.00189517
 -0.00803402    0.0201515    0.0137584
 -0.00189517    0.0137584    0.0179752
  0.00579737   -0.0081745   -0.0012405
  -0.0081745     0.024621    0.0152447
  -0.0012405    0.0152447    0.0169972
  0.00591886  -0.00782411  -0.00263786
 -0.00782411    0.0161239    0.0123307
 -0.00263786    0.0123307    0.0189177
  0.00678767  -0.00795165 -0.000806119
 -0.00795165    0.0193621    0.0135355
