           0            0            0
           0            0            0
           0            0            0
   0.0287223  -0.00157928   0.00641977
 -0.00157928  0.000300991  -0.00146487
  0.00641977  -0.00146487    0.0171724
   0.0249921  -0.00139252   0.00912544
 -0.00139252  0.000211146  -0.00116871
  0.00912544  -0.00116871    0.0210255
   0.0212999  -0.00188471     0.011673
 -0.00188471   0.00028338  -0.00101625
    0.011673  -0.00101625    0.0232236
   0.0203682  -0.00240674    0.0128467
 -0.00240674   0.00039491 -0.000791123
   0.0128467 -0.000791123    0.0233189
   0.0204472  -0.00283811     0.012281
 -0.00283811  0.000519991 -0.000629994
    0.012281 -0.000629994    0.0234979
   0.0182882  -0.00268266    0.0107267
 -0.00268266  0.000480218 -0.000790006
   0.0107267 -0.000790006    0.0211697
   0.0189838  -0.00304081   0.00985099
 -0.00304081  0.000583089 -0.000690156
  0.00985099 -0.000690156    0.0222839
   0.0205624  -0.00313733    0.0112327
 -0.00313733  0.000610219 -0.000587763
   0.0112327 -0.000587763    0.0237028
   0.0187178  -0.00312492   0.00789726
 -0.00312492  0.000622161 -0.000740538
  0.00789726 -0.000740538    0.0229988
   0.0204195  -0.00327138   0.00937238
 -0.00327138  0.000649906 -0.000674247
  0.00937238 -0.000674247    0.0244506
   0.0185605  -0.00297875   0.00553459
 -0.00297875  0.000605575  -0.00095256
  0.00553459  -0.00095256    0.0239456
   0.0205286  -0.00335391   0.00846117
 -0.00335391  0.000657116 -0.000867681
  0.00846117 -0.000867681    0.0245524
   0.0420625   0.00114572     0.015111
  0.00114572  0.000862576   0.00282619
    0.015111   0.00282619    0.0213805
   0.0364623 -7.36733e-05     0.017493
-7.36733e-05   0.00110101   0.00357936
    0.017493   0.00357936    0.0252791
   0.0359426  0.000684101    0.0171883
 0.000684101  0.000830264   0.00335009
   0.0171883   0.00335009    0.0252022
   0.0327087  -3.2154e-05    0.0192853
 -3.2154e-05   0.00108258   0.00387187
   0.0192853   0.00387187    0.0282683
   0.0324983 -0.000725583    0.0191295
-0.000725583   0.00136543   0.00397053
   0.0191295   0.00397053    0.0280801
   0.0307807  0.000177536    0.0181305
 0.000177536  0.000815776   0.00337271
   0.0181305   0.00337271    0.0277329
   0.0302005 -0.000655947    0.0196512
-0.000655947   0.00127045    0.0039097
   0.0196512    0.0039097    0.0294107
   0.0287847 -0.000433163    0.0187937
-0.000433163   0.00101203   0.00354418
   0.0187937   0.00354418    0.0290108
   0.0282386  -0.00103291    0.0186199
 -0.00103291   0.00110334   0.00331648
   0.0186199   0.00331648    0.0291129
   0.0295995  -0.00124233    0.0191923
 -0.00124233   0.00152502   0.00391042
   0.0191923   0.00391042    0.0290703
   0.0294436  -0.00129606    0.0193074
 -0.00129606    0.0013231   0.00354915
   0.0193074   0.00354915    0.0294478
   0.0286352    -0.001824    0.0186781
   -0.001824   0.00153093   0.00348219
   0.0186781   0.00348219    0.0290857
    0.026903 -0.000612625    0.0175895
-0.000612625   0.00077583   0.00281591
   0.0175895   0.00281591    0.0284438
   0.0263812  -0.00114401     0.017463
 -0.00114401  0.000898503   0.00273389
    0.017463   0.00273389    0.0285577
   0.0251884  -0.00155172    0.0167164
 -0.00155172  0.000728051    0.0018964
   0.0167164    0.0018964    0.0282931
   0.0258924  -0.00106779    0.0169427
 -0.00106779   0.00058601   0.00184691
   0.0169427   0.00184691    0.0282669
   0.0288214 -3.48088e-05    0.0169015
-3.48088e-05  0.000583469    0.0025324
   0.0169015    0.0025324    0.0271892
   0.0281474 -0.000507354    0.0165006
-0.000507354  0.000411166    0.0014962
   0.0165006    0.0014962     0.027193
   0.0318482  0.000644792    0.0147868
 0.000644792  0.000405459   0.00187229
   0.0147868   0.00187229    0.0241919
   0.0336441  0.000882241    0.0158474
 0.000882241  0.000593842   0.00274772
   0.0158474   0.00274772    0.0245958
   0.0380447   0.00191286    0.0129083
  0.00191286  0.000475241   0.00183617
   0.0129083   0.00183617    0.0204669
   0.0316658  0.000159553    0.0144925
 0.000159553  0.000275661  0.000861835
   0.0144925  0.000861835    0.0243944
   0.0365178   0.00153486     0.012119
  0.00153486  0.000326258   0.00102623
    0.012119   0.00102623    0.0202259
    0.037575  0.000888444    0.0120284
 0.000888444  0.000233225  0.000123346
   0.0120284  0.000123346    0.0206634
   0.0405545   0.00184822    0.0142772
  0.00184822  0.000652507   0.00248131
   0.0142772   0.00248131    0.0210346
    0.027883  -0.00244961    0.0174998
 -0.00244961   0.00141474   0.00279569
   0.0174998   0.00279569    0.0284949
   0.0288347  -0.00200503    0.0181791
 -0.00200503   0.00125317   0.00287856
   0.0181791   0.00287856    0.0287699
   0.0282701  -0.00258158    0.0169957
 -0.00258158   0.00110055   0.00202833
   0.0169957   0.00202833      0.02814
    0.027172  -0.00292167    0.0162538
 -0.00292167   0.00121339   0.00194781
   0.0162538   0.00194781    0.0279185
   0.0273533   -0.0022718    0.0164901
  -0.0022718  0.000969854   0.00198271
   0.0164901   0.00198271    0.0278051
   0.0277121  -0.00301111    0.0157651
 -0.00301111  0.000916355   0.00105822
   0.0157651   0.00105822    0.0275174
    0.026947  -0.00270697    0.0153451
 -0.00270697  0.000820919    0.0010801
   0.0153451    0.0010801    0.0271997
   0.0265776  -0.00300337    0.0142263
 -0.00300337  0.000681465  9.88926e-05
   0.0142263  9.88926e-05    0.0266305
    0.026484  -0.00322848    0.0149473
 -0.00322848  0.000986095   0.00100525
   0.0149473   0.00100525    0.0273105
   0.0272145  -0.00329535    0.0145626
 -0.00329535  0.000753553  3.40381e-05
   0.0145626  3.40381e-05    0.0269131
   0.0258236  -0.00339803    0.0136348
 -0.00339803  0.000793161  3.64481e-05
   0.0136348  3.64481e-05    0.0266671
   0.0252305  -0.00257075    0.0143333
 -0.00257075  0.000740425  0.000933359
   0.0143333  0.000933359    0.0266767
    0.024901  -0.00278863    0.0132297
 -0.00278863  0.000619896  7.39445e-05
   0.0132297  7.39445e-05    0.0261116
   0.0234394  -0.00280786    0.0123402
 -0.00280786  0.000596861 -0.000105846
   0.0123402 -0.000105846    0.0257058
    0.023851  -0.00269465    0.0135177
 -0.00269465  0.000696542  0.000594303
   0.0135177  0.000594303    0.0263241
   0.0255887   -0.0022107    0.0154511
  -0.0022107  0.000854901   0.00169886
   0.0154511   0.00169886    0.0272796
   0.0242598  -0.00243298    0.0146789
 -0.00243298  0.000774736   0.00119296
   0.0146789   0.00119296    0.0269672
   0.0259545   -0.0017297    0.0164994
  -0.0017297  0.000917239   0.00231294
   0.0164994   0.00231294    0.0278976
   0.0277727  -0.00170866    0.0175901
 -0.00170866   0.00107655   0.00274523
   0.0175901   0.00274523    0.0284347
   0.0246734  -0.00204538    0.0157444
 -0.00204538  0.000789216   0.00163919
   0.0157444   0.00163919    0.0276151
   0.0219599  -0.00338891    0.0111957
 -0.00338891   0.00068205 -0.000517201
   0.0111957 -0.000517201    0.0252673
   0.0219924  -0.00320904    0.0122583
 -0.00320904  0.000653787 -0.000353487
   0.0122583 -0.000353487    0.0252114
   0.0235251  -0.00313163    0.0139272
 -0.00313163  0.000695475  2.09157e-05
   0.0139272  2.09157e-05    0.0265595
   0.0217681  -0.00288014    0.0133175
 -0.00288014  0.000566562 -0.000358471
   0.0133175 -0.000358471     0.024851
   0.0237769  -0.00280721    0.0148986
 -0.00280721  0.000628144  0.000178275
   0.0148986  0.000178275    0.0270619
   0.0239703  -0.00235087    0.0156785
 -0.00235087  0.000503001  0.000177423
   0.0156785  0.000177423    0.0273419
   0.0220153  -0.00246133    0.0142021
 -0.00246133  0.000441323 -0.000435203
   0.0142021 -0.000435203    0.0250536
   0.0245914  -0.00253716    0.0157292
 -0.00253716  0.000705785  0.000819623
   0.0157292  0.000819623    0.0277989
   0.0250384  -0.00207781    0.0166496
 -0.00207781  0.000606394  0.000935663
   0.0166496  0.000935663    0.0284799
   0.0240145   -0.0028489    0.0145619
  -0.0028489  0.000731599  0.000542346
   0.0145619  0.000542346    0.0270599
   0.0234973  -0.00302901    0.0132906
 -0.00302901  0.000691962  0.000114335
   0.0132906  0.000114335    0.0263096
   0.0230586  -0.00328343    0.0127713
 -0.00328343  0.000690665 -0.000282629
   0.0127713 -0.000282629    0.0260753
   0.0227558  -0.00331829    0.0116589
 -0.00331829  0.000648887 -0.000729974
   0.0116589 -0.000729974    0.0253605
   0.0229493  -0.00305649    0.0119807
 -0.00305649  0.000614888 -0.000423917
   0.0119807 -0.000423917     0.025586
   0.0216695  -0.00339321    0.0102168
 -0.00339321  0.000655572 -0.000852799
   0.0102168 -0.000852799    0.0250025
   0.0228301  -0.00193948    0.0138551
 -0.00193948  0.000312608 -0.000648777
   0.0138551 -0.000648777    0.0251578
   0.0262373  -0.00141456    0.0121946
 -0.00141456  0.000217525 -0.000895983
   0.0121946 -0.000895983    0.0237528
   0.0269804  -0.00126087    0.0142019
 -0.00126087   0.00023718  -0.00038829
   0.0142019  -0.00038829    0.0254877
   0.0298225  -0.00102501   0.00901015
 -0.00102501  0.000204386  -0.00116564
  0.00901015  -0.00116564    0.0199671
   0.0304624 -0.000822185    0.0108735
-0.000822185  0.000200022 -0.000825319
   0.0108735 -0.000825319    0.0214817
   0.0353082 -0.000632225   0.00831459
-0.000632225  0.000246757  -0.00122634
  0.00831459  -0.00122634     0.017845
   0.0331285  -0.00123195   0.00666214
 -0.00123195  0.000289535  -0.00145775
  0.00666214  -0.00145775    0.0169334
   0.0313985 -0.000309994    0.0133589
-0.000309994  0.000199288 -5.81188e-05
   0.0133589 -5.81188e-05    0.0237694
    0.036127  0.000102076      0.01048
 0.000102076   0.00019694 -0.000606631
     0.01048 -0.000606631     0.019648
   0.0278003 -0.000971365    0.0158824
-0.000971365  0.000293837  0.000473633
   0.0158824  0.000473633    0.0269147
   0.0255264  -0.00157129    0.0167032
 -0.00157129  0.000451024  0.000814191
   0.0167032  0.000814191    0.0283224
    0.024471  -0.00183681    0.0154275
 -0.00183681  0.000354081 -1.95172e-05
   0.0154275 -1.95172e-05    0.0269497
    0.025117  -0.00346909    0.0122949
 -0.00346909  0.000671165 -0.000916416
   0.0122949 -0.000916416    0.0260053
   0.0267649  -0.00347744    0.0133665
 -0.00347744  0.000656809  -0.00100496
   0.0133665  -0.00100496    0.0263241
    0.026337  -0.00356838    0.0121683
 -0.00356838  0.000657909  -0.00201995
   0.0121683  -0.00201995    0.0257685
   0.0243393  -0.00345761    0.0109294
 -0.00345761  0.000651576  -0.00182413
   0.0109294  -0.00182413    0.0253563
   0.0261302   -0.0033006    0.0120849
  -0.0033006  0.000601719  -0.00198285
   0.0120849  -0.00198285    0.0256421
   0.0257841  -0.00360228    0.0109609
 -0.00360228  0.000757679  -0.00296567
   0.0109609  -0.00296567    0.0252422
   0.0259406  -0.00336683    0.0110442
 -0.00336683  0.000708416  -0.00298118
   0.0110442  -0.00298118    0.0252151
   0.0256438  -0.00339851    0.0100508
 -0.00339851   0.00089343  -0.00386827
   0.0100508  -0.00386827    0.0248149
   0.0234603  -0.00338516   0.00957615
 -0.00338516  0.000719846  -0.00265714
  0.00957615  -0.00265714    0.0247267
   0.0250687  -0.00357314   0.00978922
 -0.00357314  0.000927827  -0.00380103
  0.00978922  -0.00380103    0.0247203
   0.0224373  -0.00325696   0.00827503
 -0.00325696  0.000857961  -0.00340624
  0.00827503  -0.00340624    0.0240799
   0.0243466  -0.00288576    0.0100708
 -0.00288576  0.000618218  -0.00281278
   0.0100708  -0.00281278    0.0247406
   0.0243168  -0.00286895   0.00916345
 -0.00286895  0.000788584  -0.00368491
  0.00916345  -0.00368491    0.0243933
   0.0223704  -0.00230039   0.00788117
 -0.00230039  0.000674546  -0.00341547
  0.00788117  -0.00341547    0.0238012
   0.0224468  -0.00246605   0.00887334
 -0.00246605  0.000540049  -0.00261868
  0.00887334  -0.00261868    0.0241866
   0.0244134  -0.00289936    0.0110769
 -0.00289936  0.000528511  -0.00184731
   0.0110769  -0.00184731    0.0251383
   0.0226688  -0.00264984   0.00998303
 -0.00264984  0.000487402  -0.00175413
  0.00998303  -0.00175413    0.0246223
   0.0245872  -0.00289019    0.0121316
 -0.00289019  0.000534513 -0.000864045
   0.0121316 -0.000864045    0.0255904
   0.0262834  -0.00319366    0.0131397
 -0.00319366  0.000593692 -0.000936538
   0.0131397 -0.000936538    0.0261121
   0.0230069  -0.00279043    0.0111519
 -0.00279043  0.000511568 -0.000897047
   0.0111519 -0.000897047    0.0251296
   0.0212657  -0.00305354   0.00701431
 -0.00305354   0.00105041  -0.00411531
  0.00701431  -0.00411531    0.0233892
   0.0241644  -0.00347007   0.00860904
 -0.00347007   0.00114431  -0.00454998
  0.00860904  -0.00454998     0.024164
   0.0231419  -0.00320208   0.00740485
 -0.00320208   0.00141999  -0.00526158
  0.00740485  -0.00526158    0.0235565
   0.0200134  -0.00269338   0.00580691
 -0.00269338   0.00133216  -0.00484731
  0.00580691  -0.00484731    0.0226507
   0.0246253  -0.00321508   0.00800657
 -0.00321508   0.00138292  -0.00534617
  0.00800657  -0.00534617    0.0239736
   0.0219645  -0.00271377   0.00620819
 -0.00271377   0.00178203  -0.00598527
  0.00620819  -0.00598527    0.0229013
   0.0238914  -0.00285099   0.00690979
 -0.00285099   0.00169972  -0.00601439
  0.00690979  -0.00601439    0.0235024
   0.0229226  -0.00222278   0.00580699
 -0.00222278   0.00210365    -0.006684
  0.00580699    -0.006684    0.0230058
   0.0186679  -0.00211563   0.00470186
 -0.00211563   0.00173529  -0.00564444
  0.00470186  -0.00564444    0.0218833
   0.0205521  -0.00195539   0.00506008
 -0.00195539   0.00227609  -0.00675383
  0.00506008  -0.00675383    0.0222318
   0.0172293   -0.0012988   0.00372177
  -0.0012988   0.00232879  -0.00653475
  0.00372177  -0.00653475    0.0211436
   0.0237937  -0.00248531   0.00639007
 -0.00248531    0.0015088  -0.00572086
  0.00639007  -0.00572086    0.0234548
   0.0233857  -0.00199661   0.00541949
 -0.00199661   0.00182195  -0.00629215
  0.00541949  -0.00629215    0.0231598
   0.0222711  -0.00143312   0.00410775
 -0.00143312   0.00150194  -0.00569784
  0.00410775  -0.00569784    0.0227902
   0.0222858  -0.00181369   0.00503312
 -0.00181369   0.00127134  -0.00523979
  0.00503312  -0.00523979    0.0229508
   0.0240549  -0.00273724   0.00735348
 -0.00273724    0.0012385  -0.00511489
  0.00735348  -0.00511489    0.0237568
   0.0223138  -0.00203303   0.00598371
 -0.00203303    0.0010559  -0.00472041
  0.00598371  -0.00472041    0.0231724
   0.0241983  -0.00284611   0.00826833
 -0.00284611  0.000998714  -0.00444804
  0.00826833  -0.00444804    0.0240706
   0.0251835   -0.0033754   0.00905431
  -0.0033754    0.0011165  -0.00464567
  0.00905431  -0.00464567    0.0244107
    0.022323  -0.00217841   0.00693972
 -0.00217841   0.00085275  -0.00411796
  0.00693972  -0.00411796    0.0234654
   0.0195894  0.000229457 -0.000636413
 0.000229457  0.000721736   -0.0038193
-0.000636413   -0.0038193    0.0213116
   0.0196539 -0.000207527  0.000804355
-0.000207527  0.000688546  -0.00376621
 0.000804355  -0.00376621    0.0213987
   0.0195098 -0.000332663    0.0015505
-0.000332663  0.000778786  -0.00404004
   0.0015505  -0.00404004    0.0216459
   0.0196993   -0.0007832   0.00293837
  -0.0007832  0.000699492  -0.00378192
  0.00293837  -0.00378192    0.0219081
   0.0199722 -0.000789578   0.00230565
-0.000789578  0.000648005  -0.00357347
  0.00230565  -0.00357347    0.0216552
   0.0198512 -0.000970544    0.0036542
-0.000970544  0.000777895  -0.00402015
   0.0036542  -0.00402015    0.0221861
   0.0201046  -0.00135523   0.00434155
 -0.00135523  0.000624148  -0.00341905
  0.00434155  -0.00341905    0.0223134
   0.0200837  -0.00137965   0.00492301
 -0.00137965  0.000657642  -0.00357981
  0.00492301  -0.00357981    0.0225711
   0.0205741  -0.00185625   0.00621019
 -0.00185625  0.000569798  -0.00305611
  0.00621019  -0.00305611    0.0230323
   0.0203445  -0.00147301   0.00372231
 -0.00147301  0.000608323  -0.00326397
  0.00372231  -0.00326397     0.021996
   0.0207591  -0.00198841   0.00576384
 -0.00198841  0.000578398  -0.00298152
  0.00576384  -0.00298152    0.0227941
   0.0205598  -0.00211826   0.00496214
 -0.00211826  0.000583212  -0.00284584
  0.00496214  -0.00284584    0.0222397
   0.0207232  -0.00164745   0.00571697
 -0.00164745  0.000733097  -0.00380826
  0.00571697  -0.00380826     0.022918
   0.0209547  -0.00193804   0.00682518
 -0.00193804  0.000596286  -0.00319132
  0.00682518  -0.00319132    0.0233227
   0.0206628  -0.00139251   0.00462387
 -0.00139251  0.000894093   -0.0043287
  0.00462387   -0.0043287    0.0225847
   0.0206278  -0.00113371   0.00353264
 -0.00113371   0.00105644  -0.00474999
  0.00353264  -0.00474999    0.0223571
    0.019746 -0.000631539   0.00239351
-0.000631539  0.000894901  -0.00435102
  0.00239351  -0.00435102     0.021926
   0.0196882 -0.000287864   0.00116077
-0.000287864  0.000999056  -0.00457104
  0.00116077  -0.00457104    0.0217914
   0.0206711 -0.000791282   0.00250403
-0.000791282   0.00121512  -0.00508362
  0.00250403  -0.00508362     0.022239
   0.0194624  3.94738e-05  0.000195327
 3.94738e-05  0.000843767  -0.00416824
 0.000195327  -0.00416824    0.0215237
    0.020261  -0.00261162   0.00579125
 -0.00261162  0.000568644  -0.00233344
  0.00579125  -0.00233344     0.022538
   0.0212975  -0.00259784   0.00713959
 -0.00259784   0.00056485  -0.00248108
  0.00713959  -0.00248108    0.0232887
   0.0214479  -0.00303959   0.00837597
 -0.00303959  0.000578216  -0.00191369
  0.00837597  -0.00191369    0.0236719
   0.0200129  -0.00294946   0.00628159
 -0.00294946  0.000578807  -0.00176581
  0.00628159  -0.00176581    0.0234257
   0.0218418  -0.00287053   0.00903247
 -0.00287053  0.000536046  -0.00186514
  0.00903247  -0.00186514    0.0241583
   0.0214064  -0.00328657   0.00940205
 -0.00328657  0.000611421  -0.00134928
  0.00940205  -0.00134928    0.0241007
   0.0223376  -0.00319522    0.0104064
 -0.00319522  0.000583599  -0.00127047
   0.0104064  -0.00127047    0.0247836
   0.0201901  -0.00320879    0.0071455
 -0.00320879  0.000613105  -0.00126012
   0.0071455  -0.00126012    0.0244212
   0.0223553  -0.00293643    0.0106401
 -0.00293643  0.000532684  -0.00105729
   0.0106401  -0.00105729    0.0249044
   0.0218011  -0.00266173   0.00930343
 -0.00266173  0.000489893  -0.00176587
  0.00930343  -0.00176587    0.0243053
   0.0213128  -0.00230235   0.00800383
 -0.00230235  0.000509045  -0.00250232
  0.00800383  -0.00250232    0.0237848
   0.0211835  -0.00238778   0.00757329
 -0.00238778  0.000523865  -0.00247534
  0.00757329  -0.00247534    0.0235595
   0.0189836  -0.00300852   0.00491847
 -0.00300852  0.000598612  -0.00119063
  0.00491847  -0.00119063    0.0244447
    0.019204  -0.00283973   0.00426312
 -0.00283973   0.00056804  -0.00162385
  0.00426312  -0.00162385    0.0240217
   0.0174108  -0.00247714   0.00193136
 -0.00247714  0.000528866  -0.00136995
  0.00193136  -0.00136995    0.0234991
   0.0191063  -0.00247932   0.00338623
 -0.00247932  0.000546314  -0.00210506
  0.00338623  -0.00210506    0.0232009
   0.0179864  -0.00231964   0.00136414
 -0.00231964  0.000515599  -0.00184602
  0.00136414  -0.00184602    0.0235563
   0.0185851  -0.00198385   0.00106719
 -0.00198385  0.000519907  -0.00234164
  0.00106719  -0.00234164    0.0229149
   0.0194088  -0.00204811   0.00293246
 -0.00204811  0.000547563  -0.00256926
  0.00293246  -0.00256926    0.0222282
    0.016967  -0.00173293  -0.00102303
 -0.00173293  0.000447865  -0.00186767
 -0.00102303  -0.00186767    0.0230133
   0.0197529  -0.00152638   0.00253118
 -0.00152638  0.000569143  -0.00298433
  0.00253118  -0.00298433    0.0213295
   0.0200774 -0.000881822   0.00147712
-0.000881822  0.000593798  -0.00331094
  0.00147712  -0.00331094    0.0212596
   0.0195172 -0.000903113 -8.13969e-05
-0.000903113  0.000519016  -0.00296272
-8.13969e-05  -0.00296272    0.0213603
   0.0201222 -0.000244088  9.46862e-05
-0.000244088  0.000608914  -0.00347465
 9.46862e-05  -0.00347465    0.0211537
   0.0202076  -0.00030824  -0.00100784
 -0.00030824   0.00052232  -0.00311908
 -0.00100784  -0.00311908    0.0211244
   0.0206643  0.000205185  -0.00221696
 0.000205185   0.00051333  -0.00307253
 -0.00221696  -0.00307253    0.0209652
   0.0199599  0.000290904  -0.00144755
 0.000290904  0.000612523  -0.00346255
 -0.00144755  -0.00346255    0.0210822
   0.0193722 -0.000360006  -0.00248923
-0.000360006   0.00042043  -0.00265739
 -0.00248923  -0.00265739    0.0211012
   0.0206205  0.000111071  -0.00340108
 0.000111071    0.0004062  -0.00260777
 -0.00340108  -0.00260777    0.0210273
   0.0196546 -7.21788e-05  -0.00432699
-7.21788e-05  0.000308342  -0.00207496
 -0.00432699  -0.00207496    0.0207406
   0.0186546 -0.000438016  -0.00361256
-0.000438016    0.0003361  -0.00222455
 -0.00361256  -0.00222455    0.0215135
    0.018801  -0.00085864   -0.0016987
 -0.00085864  0.000438812  -0.00261175
  -0.0016987  -0.00261175    0.0219119
   0.0176146 -0.000962674  -0.00294694
-0.000962674  0.000384689  -0.00219542
 -0.00294694  -0.00219542     0.022943
   0.0180012  -0.00141677  -0.00129433
 -0.00141677  0.000454912  -0.00233921
 -0.00129433  -0.00233921    0.0227063
    0.019047  -0.00146812  0.000438766
 -0.00146812  0.000513469  -0.00269317
 0.000438766  -0.00269317    0.0222142
   0.0176937 -0.000434668  -0.00455323
-0.000434668  0.000276784  -0.00195109
 -0.00455323  -0.00195109    0.0219215
   0.0184552 -0.000211607  -0.00498939
-0.000211607  0.000238379  -0.00153223
 -0.00498939  -0.00153223    0.0199836
  0.00535877  -0.00485206  -0.00556305
 -0.00485206   0.00464284   0.00477001
 -0.00556305   0.00477001     0.021044
  0.00552983  -0.00494588  -0.00472071
 -0.00494588   0.00472178   0.00453002
 -0.00472071   0.00453002    0.0216315
  0.00529011  -0.00432516  -0.00425509
 -0.00432516   0.00383579   0.00341155
 -0.00425509   0.00341155     0.021864
  0.00568528  -0.00440093  -0.00326064
 -0.00440093   0.00393126   0.00367973
 -0.00326064   0.00367973    0.0225458
  0.00589269  -0.00499231  -0.00369971
 -0.00499231   0.00477689   0.00465294
 -0.00369971   0.00465294    0.0221836
  0.00546413  -0.00385445   -0.0027862
 -0.00385445   0.00318325   0.00282764
  -0.0027862   0.00282764    0.0230016
  0.00631978   -0.0043552  -0.00209167
  -0.0043552   0.00398326   0.00439444
 -0.00209167   0.00439444    0.0231789
   0.0061232  -0.00381323  -0.00165795
 -0.00381323   0.00323319   0.00363319
 -0.00165795   0.00363319    0.0237575
  0.00701544   -0.0036366 -0.000423718
  -0.0036366   0.00332548   0.00476037
-0.000423718   0.00476037    0.0244152
  0.00650534  -0.00493851  -0.00250059
 -0.00493851   0.00482244   0.00521741
 -0.00250059   0.00521741    0.0226932
  0.00719408  -0.00417982  -0.00079969
 -0.00417982   0.00411551   0.00545038
 -0.00079969   0.00545038    0.0237068
  0.00735626  -0.00478648  -0.00118265
 -0.00478648   0.00500122   0.00614503
 -0.00118265   0.00614503    0.0231046
  0.00593768  -0.00338096   -0.0012843
 -0.00338096   0.00264437   0.00307565
  -0.0012843   0.00307565    0.0244341
  0.00682889  -0.00319703 -0.000115653
 -0.00319703   0.00269201   0.00419091
-0.000115653   0.00419091    0.0252072
  0.00666878  -0.00291339  8.33058e-05
 -0.00291339   0.00224104   0.00372241
 8.33058e-05   0.00372241    0.0260269
  0.00614111  -0.00330213  -0.00123481
 -0.00330213    0.0023749   0.00281073
 -0.00123481   0.00281073    0.0253682
  0.00546652  -0.00355375  -0.00250445
 -0.00355375   0.00267723   0.00232379
 -0.00250445   0.00232379    0.0237101
  0.00586813  -0.00358037  -0.00248736
 -0.00358037   0.00249647   0.00211111
 -0.00248736   0.00211111    0.0246049
   0.0051752  -0.00354178  -0.00351168
 -0.00354178   0.00261444   0.00193841
 -0.00351168   0.00193841    0.0228635
  0.00510981  -0.00380369  -0.00381267
 -0.00380369   0.00309739   0.00249791
 -0.00381267   0.00249791    0.0222614
  0.00490257  -0.00364198  -0.00459572
 -0.00364198   0.00292632   0.00248746
 -0.00459572   0.00248746    0.0214104
  0.00559976  -0.00358437  -0.00343087
 -0.00358437   0.00245066   0.00172851
 -0.00343087   0.00172851    0.0222801
  0.00494437  -0.00336685  -0.00422843
 -0.00336685   0.00243337   0.00187397
 -0.00422843   0.00187397    0.0213735
  0.00528915  -0.00339236  -0.00410874
 -0.00339236   0.00229197   0.00165594
 -0.00410874   0.00165594    0.0209439
  0.00509469  -0.00418528  -0.00506179
 -0.00418528   0.00369211   0.00350696
 -0.00506179   0.00350696    0.0211385
  0.00833083  -0.00452888  0.000125716
 -0.00452888   0.00539087   0.00731689
 0.000125716   0.00731689    0.0233555
  0.00821416  -0.00389329  0.000478428
 -0.00389329   0.00440291   0.00670345
 0.000478428   0.00670345    0.0240882
  0.00916861  -0.00358118   0.00155783
 -0.00358118   0.00488424   0.00792816
  0.00155783   0.00792816    0.0242889
  0.00921969  -0.00422605   0.00123746
 -0.00422605   0.00602242    0.0085341
  0.00123746    0.0085341    0.0234079
  0.00905008  -0.00303551   0.00180149
 -0.00303551   0.00383858   0.00718019
  0.00180149   0.00718019    0.0252818
  0.00982284  -0.00331744   0.00226711
 -0.00331744   0.00549918    0.0089426
  0.00226711    0.0089426    0.0243543
  0.00976638  -0.00281352   0.00243799
 -0.00281352    0.0042673   0.00803543
  0.00243799   0.00803543    0.0255041
   0.0100329  -0.00277275   0.00263269
 -0.00277275   0.00470167   0.00839596
  0.00263269   0.00839596    0.0256632
  0.00979662  -0.00392639     0.001993
 -0.00392639   0.00680715   0.00962492
    0.001993   0.00962492    0.0233192
   0.0100228  -0.00319603   0.00254931
 -0.00319603   0.00609491   0.00953643
  0.00254931   0.00953643    0.0243639
  0.00993647  -0.00373159   0.00233245
 -0.00373159    0.0075656    0.0103982
  0.00233245    0.0103982    0.0231729
  0.00962377  -0.00246192    0.0024562
 -0.00246192   0.00324984   0.00701101
   0.0024562   0.00701101    0.0267076
  0.00995018  -0.00248592   0.00255489
 -0.00248592   0.00353891   0.00707008
  0.00255489   0.00707008    0.0269902
  0.00978297  -0.00234821    0.0023299
 -0.00234821   0.00267196   0.00564184
   0.0023299   0.00564184    0.0282687
  0.00941101  -0.00228164   0.00233655
 -0.00228164   0.00248053   0.00590431
  0.00233655   0.00590431    0.0278853
  0.00887175  -0.00264337   0.00191841
 -0.00264337   0.00298859   0.00639275
  0.00191841   0.00639275    0.0263434
  0.00865416  -0.00241599   0.00190867
 -0.00241599   0.00233873   0.00556699
  0.00190867   0.00556699    0.0273985
  0.00786934  -0.00292314   0.00100702
 -0.00292314    0.0027998   0.00538762
  0.00100702   0.00538762    0.0258488
    0.008055  -0.00334336  0.000791173
 -0.00334336   0.00351645   0.00602498
 0.000791173   0.00602498    0.0249279
  0.00767309   -0.0026529   0.00111298
  -0.0026529   0.00225901   0.00477616
  0.00111298   0.00477616    0.0267781
   0.0142009  -0.00504992  -0.00217661
 -0.00504992   0.00226563   0.00311485
 -0.00217661   0.00311485    0.0228951
   0.0127972  -0.00445612  -0.00135034
 -0.00445612   0.00210047    0.0036206
 -0.00135034    0.0036206    0.0239092
   0.0108206  -0.00329956  5.67096e-05
 -0.00329956   0.00170638   0.00365849
 5.67096e-05   0.00365849    0.0262502
  0.00989951  -0.00324965  0.000102437
 -0.00324965   0.00177762   0.00388702
 0.000102437   0.00388702    0.0262934
   0.0125274  -0.00475562  -0.00176751
 -0.00475562   0.00235299   0.00380863
 -0.00176751   0.00380863    0.0233316
  0.00870012  -0.00256517   0.00100521
 -0.00256517   0.00164467   0.00413056
  0.00100521   0.00413056    0.0271433
  0.00949365  -0.00363193 -0.000572707
 -0.00363193   0.00203411    0.0037161
-0.000572707    0.0037161    0.0259015
  0.00788292  -0.00277923  0.000459076
 -0.00277923   0.00177489   0.00383075
 0.000459076   0.00383075    0.0269556
  0.00780123   -0.0034222 -0.000686596
  -0.0034222   0.00213641   0.00336317
-0.000686596   0.00336317    0.0269008
   0.0113228  -0.00484282  -0.00221011
 -0.00484282   0.00258705   0.00378567
 -0.00221011   0.00378567    0.0222292
  0.00905647  -0.00419831  -0.00180892
 -0.00419831   0.00244399   0.00338377
 -0.00180892   0.00338377    0.0236802
   0.0105887  -0.00523441  -0.00303202
 -0.00523441   0.00300112   0.00365594
 -0.00303202   0.00365594    0.0210184
   0.0074581  -0.00250847     0.001039
 -0.00250847   0.00187198   0.00419839
    0.001039   0.00419839    0.0270852
  0.00696961  -0.00299347 -9.55363e-05
 -0.00299347    0.0020671   0.00346499
-9.55363e-05   0.00346499    0.0267067
  0.00847478  -0.00235258   0.00161243
 -0.00235258   0.00187524   0.00477399
  0.00161243   0.00477399     0.027612
  0.00932054  -0.00229654   0.00185994
 -0.00229654   0.00193862   0.00488081
  0.00185994   0.00488081    0.0282614
  0.00978215  -0.00265452   0.00102255
 -0.00265452   0.00166667   0.00404527
  0.00102255   0.00404527    0.0273352
   0.0106312   -0.0029188  0.000725886
  -0.0029188   0.00178433   0.00343896
 0.000725886   0.00343896    0.0279495
  0.00983076  -0.00242906   0.00169088
 -0.00242906   0.00206891   0.00439273
  0.00169088   0.00439273    0.0287902
   0.0120243  -0.00376552 -0.000618697
 -0.00376552   0.00183637   0.00303309
-0.000618697   0.00303309    0.0257621
   0.0100467  -0.00540269  -0.00347658
 -0.00540269   0.00320875   0.00348888
 -0.00347658   0.00348888    0.0204483
  0.00878276  -0.00464499  -0.00287434
 -0.00464499   0.00278895    0.0030491
 -0.00287434    0.0030491    0.0217523
  0.00881792  -0.00507951  -0.00400488
 -0.00507951   0.00311375   0.00298768
 -0.00400488   0.00298768    0.0213057
  0.00986885  -0.00562694    -0.004128
 -0.00562694   0.00342233   0.00347529
   -0.004128   0.00347529    0.0204002
  0.00766092  -0.00441953  -0.00344415
 -0.00441953   0.00276506   0.00251121
 -0.00344415   0.00251121    0.0221772
  0.00818661  -0.00492224   -0.0045634
 -0.00492224   0.00307205   0.00279627
  -0.0045634   0.00279627     0.020716
  0.00751308   -0.0045156  -0.00432545
  -0.0045156   0.00282958   0.00221703
 -0.00432545   0.00221703    0.0215926
   0.0069396  -0.00417758  -0.00489175
 -0.00417758   0.00262072   0.00204378
 -0.00489175   0.00204378    0.0212754
  0.00886058  -0.00534121  -0.00473549
 -0.00534121   0.00333706   0.00322626
 -0.00473549   0.00322626    0.0190551
  0.00746521  -0.00445955  -0.00498977
 -0.00445955   0.00276488   0.00254746
 -0.00498977   0.00254746    0.0196798
  0.00818444  -0.00500522  -0.00515316
 -0.00500522   0.00316242   0.00321935
 -0.00515316   0.00321935    0.0187908
  0.00642252  -0.00392293  -0.00382189
 -0.00392293   0.00252738   0.00192962
 -0.00382189   0.00192962    0.0216308
  0.00580541  -0.00357139  -0.00440581
 -0.00357139   0.00230499   0.00172701
 -0.00440581   0.00172701    0.0208116
  0.00658576  -0.00386947  -0.00282627
 -0.00386947   0.00252197    0.0021768
 -0.00282627    0.0021768    0.0233187
  0.00674157  -0.00350428  -0.00144497
 -0.00350428   0.00232503   0.00275918
 -0.00144497   0.00275918    0.0263445
  0.00764072  -0.00398635  -0.00219087
 -0.00398635   0.00247656   0.00283062
 -0.00219087   0.00283062    0.0240077
  0.00966618  -0.00366473    0.0023115
 -0.00366473   0.00811129    0.0107704
   0.0023115    0.0107704     0.023044
  0.00979465  -0.00324671   0.00245217
 -0.00324671   0.00649945   0.00964424
  0.00245217   0.00964424     0.024386
  0.00928429  -0.00342013    0.0021012
 -0.00342013   0.00660543   0.00932525
   0.0021012   0.00932525    0.0244558
  0.00914287  -0.00370965   0.00204301
 -0.00370965   0.00834905    0.0107675
  0.00204301    0.0107675    0.0229798
  0.00936532  -0.00321102   0.00198265
 -0.00321102   0.00504699   0.00755766
  0.00198265   0.00755766    0.0259893
  0.00867137   -0.0036061   0.00160504
  -0.0036061   0.00644596   0.00874801
  0.00160504   0.00874801    0.0245948
  0.00876659  -0.00348754   0.00138725
 -0.00348754   0.00487315   0.00665009
  0.00138725   0.00665009    0.0262164
  0.00818526   -0.0036451  0.000731053
  -0.0036451   0.00455928   0.00568935
 0.000731053   0.00568935    0.0264921
  0.00852511  -0.00378114   0.00163164
 -0.00378114    0.0082918    0.0105053
  0.00163164    0.0105053    0.0230047
  0.00806776  -0.00370636   0.00103886
 -0.00370636   0.00610697   0.00807034
  0.00103886   0.00807034    0.0247885
    0.007925  -0.00380073   0.00114367
 -0.00380073   0.00802061    0.0101141
  0.00114367    0.0101141    0.0230979
  0.00881361  -0.00342067  0.000988173
 -0.00342067   0.00373094   0.00439562
 0.000988173   0.00439562    0.0277793
  0.00825892  -0.00360981  0.000250909
 -0.00360981   0.00353439   0.00316564
 0.000250909   0.00316564    0.0281092
  0.00829507   -0.0035927 -0.000322316
  -0.0035927   0.00303819  0.000702777
-0.000322316  0.000702777     0.029588
  0.00881948  -0.00339018  0.000477558
 -0.00339018   0.00304711    0.0021167
 0.000477558    0.0021167    0.0292277
  0.00938645  -0.00308465   0.00168471
 -0.00308465   0.00382546   0.00560046
  0.00168471   0.00560046    0.0274918
  0.00935079  -0.00302017   0.00126152
 -0.00302017   0.00299966   0.00355492
  0.00126152   0.00355492    0.0288963
  0.00983204  -0.00271883   0.00225294
 -0.00271883   0.00377001   0.00655829
  0.00225294   0.00655829    0.0272402
  0.00984952  -0.00292751   0.00244008
 -0.00292751   0.00499768   0.00820542
  0.00244008   0.00820542    0.0258136
  0.00972992  -0.00262056   0.00193199
 -0.00262056   0.00287214   0.00480192
  0.00193199   0.00480192    0.0285901
  0.00737188  -0.00373436  0.000601992
 -0.00373436   0.00759038   0.00973187
 0.000601992   0.00973187     0.023214
  0.00752104  -0.00366652  0.000408766
 -0.00366652   0.00566214   0.00744673
 0.000408766   0.00744673    0.0249978
  0.00703581  -0.00349867 -0.000269884
 -0.00349867   0.00516071   0.00699382
-0.000269884   0.00699382    0.0251947
  0.00688142  -0.00357818   2.2693e-05
 -0.00357818   0.00708802   0.00944034
  2.2693e-05   0.00944034    0.0233144
  0.00719815  -0.00340985 -0.000736768
 -0.00340985   0.00375081   0.00420423
-0.000736768   0.00420423    0.0270304
  0.00661305  -0.00324739  -0.00098694
 -0.00324739   0.00467674   0.00670338
 -0.00098694   0.00670338    0.0253796
  0.00679438   -0.0030931  -0.00153229
  -0.0030931   0.00330228   0.00380853
 -0.00153229   0.00380853    0.0272771
  0.00647627  -0.00274701   -0.0022665
 -0.00274701   0.00286499    0.0036427
  -0.0022665    0.0036427    0.0273139
  0.00645715  -0.00335872 -0.000590285
 -0.00335872   0.00659206   0.00923868
-0.000590285   0.00923868    0.0233932
  0.00626238  -0.00295359  -0.00169107
 -0.00295359   0.00422694   0.00659478
 -0.00169107   0.00659478     0.025308
  0.00610634    -0.003101  -0.00121133
   -0.003101   0.00614725   0.00913413
 -0.00121133   0.00913413    0.0234613
  0.00698107  -0.00293514   -0.0021788
 -0.00293514   0.00258829   0.00083039
  -0.0021788   0.00083039      0.02897
  0.00681895  -0.00253853  -0.00290643
 -0.00253853   0.00215491  0.000681857
 -0.00290643  0.000681857    0.0287458
  0.00703594  -0.00234591  -0.00349903
 -0.00234591    0.0020731  -0.00209317
 -0.00349903  -0.00209317    0.0303446
  0.00713333  -0.00280862  -0.00281522
 -0.00280862   0.00248951  -0.00191238
 -0.00281522  -0.00191238    0.0303728
  0.00734924  -0.00332526  -0.00134282
 -0.00332526   0.00296526   0.00131769
 -0.00134282   0.00131769    0.0287233
  0.00745911  -0.00325665  -0.00197245
 -0.00325665   0.00280423  -0.00138408
 -0.00197245  -0.00138408    0.0301889
  0.00777066  -0.00357447 -0.000527473
 -0.00357447   0.00328362   0.00209715
-0.000527473   0.00209715    0.0284378
  0.00765619  -0.00361669  2.15103e-05
 -0.00361669    0.0041753   0.00483024
 2.15103e-05   0.00483024    0.0267733
  0.00783773  -0.00354641  -0.00113551
 -0.00354641   0.00296866 -0.000506017
 -0.00113551 -0.000506017    0.0299238
     0.01322  -0.00596834  -0.00692177
 -0.00596834    0.0042865  -0.00222432
 -0.00692177  -0.00222432    0.0233141
   0.0137612  -0.00640615  -0.00653678
 -0.00640615   0.00448337  -0.00230636
 -0.00653678  -0.00230636    0.0234937
     0.01075  -0.00466086  -0.00544847
 -0.00466086   0.00381697  -0.00391536
 -0.00544847  -0.00391536    0.0273999
   0.0111981  -0.00503394  -0.00489069
 -0.00503394   0.00380579  -0.00357109
 -0.00489069  -0.00357109    0.0273959
   0.0142721   -0.0066468  -0.00611296
  -0.0066468   0.00438484  -0.00213208
 -0.00611296  -0.00213208    0.0235011
  0.00902711  -0.00394347  -0.00366264
 -0.00394347   0.00336502  -0.00413829
 -0.00366264  -0.00413829    0.0300206
   0.0116299  -0.00518659  -0.00430816
 -0.00518659   0.00355434  -0.00293714
 -0.00430816  -0.00293714    0.0272299
  0.00942359   -0.0041859  -0.00295641
  -0.0041859   0.00321525  -0.00331205
 -0.00295641  -0.00331205    0.0298147
  0.00985844  -0.00419146  -0.00221253
 -0.00419146   0.00294493  -0.00216278
 -0.00221253  -0.00216278    0.0295074
   0.0146681  -0.00669443   -0.0056506
 -0.00669443   0.00408091  -0.00168643
  -0.0056506  -0.00168643    0.0233404
   0.0120176  -0.00514672  -0.00366192
 -0.00514672   0.00318339   -0.0019683
 -0.00366192   -0.0019683    0.0269322
   0.0149751  -0.00657339  -0.00511398
 -0.00657339   0.00366692 -0.000964486
 -0.00511398 -0.000964486     0.023081
   0.0081894  -0.00363693  -0.00196274
 -0.00363693   0.00295612  -0.00241533
 -0.00196274  -0.00241533    0.0305575
  0.00862384  -0.00368094  -0.00115994
 -0.00368094   0.00284678  -0.00117288
 -0.00115994  -0.00117288    0.0302257
  0.00782171  -0.00334931  -0.00275799
 -0.00334931   0.00295348  -0.00330956
 -0.00275799  -0.00330956    0.0307897
   0.0075164  -0.00286595  -0.00355375
 -0.00286595   0.00274471  -0.00383617
 -0.00355375  -0.00383617     0.030889
  0.00866974  -0.00348471  -0.00435968
 -0.00348471   0.00325693  -0.00459888
 -0.00435968  -0.00459888    0.0300526
  0.00854591  -0.00291704  -0.00495909
 -0.00291704    0.0028594  -0.00468945
 -0.00495909  -0.00468945    0.0299752
  0.00756543  -0.00237239  -0.00420736
 -0.00237239    0.0023343  -0.00394797
 -0.00420736  -0.00394797    0.0306938
    0.010494  -0.00414035   -0.0059534
 -0.00414035   0.00349986  -0.00392168
  -0.0059534  -0.00392168    0.0272315
   0.0152043  -0.00632103  -0.00448244
 -0.00632103   0.00322439  6.20491e-06
 -0.00448244  6.20491e-06    0.0227769
   0.0123593  -0.00491188  -0.00294177
 -0.00491188   0.00277182 -0.000743105
 -0.00294177 -0.000743105    0.0265982
   0.0125988  -0.00457454  -0.00217785
 -0.00457454   0.00236801  0.000661615
 -0.00217785  0.000661615    0.0262453
   0.0153568  -0.00599819  -0.00375221
 -0.00599819   0.00280081   0.00110743
 -0.00375221   0.00110743    0.0225718
   0.0106559  -0.00361661 -0.000594193
 -0.00361661   0.00226428  0.000820283
-0.000594193  0.000820283    0.0287998
   0.0125899  -0.00418639  -0.00134898
 -0.00418639   0.00204949   0.00196492
 -0.00134898   0.00196492    0.0259333
   0.0108368  -0.00322987  0.000141605
 -0.00322987   0.00197842   0.00230847
 0.000141605   0.00230847    0.0284317
   0.0149386  -0.00549393    -0.002919
 -0.00549393   0.00244694   0.00221921
   -0.002919   0.00221921    0.0226533
  0.00985807  -0.00270187   0.00121762
 -0.00270187   0.00224996   0.00331815
  0.00121762   0.00331815    0.0291736
  0.00956523  -0.00310267  0.000493922
 -0.00310267    0.0024648   0.00187783
 0.000493922   0.00187783    0.0295127
  0.00910945   -0.0034669 -0.000338089
  -0.0034669   0.00267783   0.00030267
-0.000338089   0.00030267    0.0298628
   0.0102905  -0.00398081  -0.00141316
 -0.00398081   0.00261363  -0.00074274
 -0.00141316  -0.00074274    0.0291519
  0.00440506  -0.00861128  -0.00294233
 -0.00861128    0.0261138    0.0151875
 -0.00294233    0.0151875    0.0150169
  0.00497372  -0.00854631  -0.00221326
 -0.00854631    0.0248258    0.0146616
 -0.00221326    0.0146616    0.0158287
  0.00504475   -0.0082569  -0.00286125
  -0.0082569    0.0204511    0.0135122
 -0.00286125    0.0135122    0.0170965
  0.00570348  -0.00823259  -0.00199255
 -0.00823259     0.019512     0.012937
 -0.00199255     0.012937    0.0176839
  0.00567574  -0.00848753  -0.00141877
 -0.00848753    0.0236335    0.0142332
 -0.00141877    0.0142332    0.0166078
  0.00578581  -0.00794981  -0.00263984
 -0.00794981    0.0158059    0.0116371
 -0.00263984    0.0116371    0.0187216
   0.0064671  -0.00821607  -0.00110627
 -0.00821607    0.0187519    0.0125733
