           0            0            0
           0            0            0
           0            0            0
   0.0260005 -0.000843237   0.00505909
-0.000843237  0.000139388 -0.000903251
  0.00505909 -0.000903251    0.0161888
   0.0227064   -0.0008217   0.00779098
  -0.0008217  0.000111343 -0.000694049
  0.00779098 -0.000694049    0.0198794
   0.0193866  -0.00131568    0.0103261
 -0.00131568  0.000174988 -0.000616558
   0.0103261 -0.000616558    0.0219454
   0.0185428  -0.00181546    0.0114972
 -0.00181546  0.000268633 -0.000515746
   0.0114972 -0.000515746    0.0220483
   0.0186304  -0.00224012    0.0110189
 -0.00224012  0.000369946 -0.000488981
   0.0110189 -0.000488981    0.0223029
    0.016555  -0.00210465   0.00952487
 -0.00210465   0.00033717 -0.000639662
  0.00952487 -0.000639662    0.0200623
   0.0172106  -0.00246156    0.0087682
 -0.00246156  0.000424177 -0.000673785
   0.0087682 -0.000673785    0.0212273
   0.0187672  -0.00255249     0.010112
 -0.00255249  0.000448563 -0.000557348
    0.010112 -0.000557348    0.0225889
   0.0169803  -0.00258967   0.00704626
 -0.00258967  0.000473506  -0.00083109
  0.00704626  -0.00083109    0.0220343
   0.0186598  -0.00272699   0.00847829
 -0.00272699  0.000498125 -0.000744379
  0.00847829 -0.000744379     0.023425
    0.016846  -0.00253084   0.00494753
 -0.00253084  0.000491537  -0.00110652
  0.00494753  -0.00110652    0.0230567
   0.0187979  -0.00285564    0.0077031
 -0.00285564  0.000524314  -0.00096736
   0.0077031  -0.00096736    0.0235753
   0.0382911   0.00109442    0.0132944
  0.00109442  0.000700083   0.00257251
   0.0132944   0.00257251    0.0201834
   0.0330881  5.68233e-05    0.0156585
 5.68233e-05  0.000909957   0.00327182
   0.0156585   0.00327182    0.0239513
   0.0328382  0.000751988    0.0154203
 0.000751988  0.000689259   0.00309651
   0.0154203   0.00309651    0.0238574
   0.0297632  0.000127259    0.0174634
 0.000127259  0.000902712   0.00358539
   0.0174634   0.00358539    0.0268089
   0.0294495 -0.000533309    0.0173501
-0.000533309   0.00113819   0.00364734
   0.0173501   0.00364734    0.0267011
   0.0283826  0.000352078    0.0165465
 0.000352078  0.000680596   0.00317054
   0.0165465   0.00317054     0.026351
   0.0274448 -0.000448598    0.0179247
-0.000448598   0.00106502   0.00363332
   0.0179247   0.00363332    0.0279752
   0.0264611 -0.000196978    0.0172246
-0.000196978  0.000841768   0.00333308
   0.0172246   0.00333308    0.0276084
   0.0259003 -0.000758097     0.017122
-0.000758097  0.000921781    0.0031287
    0.017122    0.0031287     0.027761
   0.0268407  -0.00102115    0.0175788
 -0.00102115   0.00128798    0.0036136
   0.0175788    0.0036136    0.0277499
   0.0267263  -0.00104781    0.0177044
 -0.00104781   0.00112286   0.00331864
   0.0177044   0.00331864    0.0280907
   0.0259849  -0.00156457    0.0172319
 -0.00156457    0.0013164   0.00324769
   0.0172319   0.00324769    0.0278477
   0.0250611 -0.000314326    0.0162501
-0.000314326     0.000637   0.00270743
   0.0162501   0.00270743    0.0271307
   0.0245266 -0.000806199     0.016169
-0.000806199  0.000735311   0.00262354
    0.016169   0.00262354    0.0272751
   0.0236099  -0.00112976     0.015535
 -0.00112976   0.00057942   0.00188337
    0.015535   0.00188337    0.0270442
   0.0242609 -0.000686164    0.0157004
-0.000686164  0.000469538    0.0018667
   0.0157004    0.0018667    0.0269785
    0.026912   0.00018442    0.0155717
  0.00018442   0.00048364   0.00245232
   0.0155717   0.00245232    0.0259093
   0.0263519 -0.000211128    0.0152212
-0.000211128  0.000331452   0.00156839
   0.0152212   0.00156839    0.0259051
   0.0297796  0.000719681    0.0135472
 0.000719681  0.000333484   0.00185049
   0.0135472   0.00185049    0.0230411
   0.0311526  0.000934138    0.0143775
 0.000934138  0.000494202   0.00259345
   0.0143775   0.00259345    0.0233615
   0.0353542   0.00172935    0.0116081
  0.00172935  0.000378206   0.00175934
   0.0116081   0.00175934    0.0194382
   0.0295712  0.000313401    0.0132397
 0.000313401   0.00021504   0.00100915
   0.0132397   0.00100915    0.0231969
   0.0341039     0.001388    0.0109731
    0.001388  0.000250408   0.00108463
   0.0109731   0.00108463    0.0192371
   0.0348937  0.000890923    0.0107462
 0.000890923  0.000162166  0.000361299
   0.0107462  0.000361299    0.0195743
   0.0372472   0.00169871    0.0126576
  0.00169871  0.000527298   0.00229698
   0.0126576   0.00229698      0.01989
   0.0253354  -0.00215453    0.0162552
 -0.00215453    0.0012433   0.00264389
   0.0162552   0.00264389    0.0273538
   0.0261562  -0.00171676    0.0167566
 -0.00171676   0.00108284   0.00271882
   0.0167566   0.00271882    0.0275279
   0.0256383  -0.00228057    0.0157577
 -0.00228057  0.000975401   0.00195081
   0.0157577   0.00195081    0.0270052
   0.0247388  -0.00261853    0.0152131
 -0.00261853   0.00109563   0.00188772
   0.0152131   0.00188772     0.026873
   0.0249863  -0.00195861    0.0152864
 -0.00195861  0.000837966   0.00190802
   0.0152864   0.00190802    0.0266561
   0.0251494   -0.0027212    0.0147081
  -0.0027212  0.000837463   0.00106889
   0.0147081   0.00106889     0.026485
   0.0245744  -0.00241422    0.0142935
 -0.00241422  0.000731764   0.00107832
   0.0142935   0.00107832    0.0261421
   0.0242182  -0.00274787    0.0133124
 -0.00274787  0.000629204  0.000176954
   0.0133124  0.000176954    0.0256586
   0.0241805  -0.00294235    0.0141006
 -0.00294235  0.000917196   0.00103767
   0.0141006   0.00103767    0.0263634
   0.0247374  -0.00303163    0.0136653
 -0.00303163  0.000709224  0.000134546
   0.0136653  0.000134546    0.0259809
   0.0236696  -0.00314143    0.0129605
 -0.00314143   0.00075627  0.000154835
   0.0129605  0.000154835    0.0258269
   0.0232882  -0.00224614    0.0134105
 -0.00224614   0.00063719  0.000936372
   0.0134105  0.000936372    0.0256354
   0.0229266  -0.00252251    0.0124286
 -0.00252251  0.000555077  0.000137883
   0.0124286  0.000137883    0.0251403
   0.0218376  -0.00249569     0.011647
 -0.00249569  0.000513145 -4.67897e-05
    0.011647 -4.67897e-05    0.0247376
   0.0222699  -0.00230855    0.0126985
 -0.00230855  0.000575403   0.00061272
   0.0126985   0.00061272    0.0252933
   0.0236835  -0.00185226    0.0143958
 -0.00185226  0.000714707   0.00165072
   0.0143958   0.00165072    0.0261611
   0.0226971  -0.00200292    0.0137284
 -0.00200292   0.00062397   0.00118427
   0.0137284   0.00118427    0.0258667
   0.0240829  -0.00136579    0.0153192
 -0.00136579  0.000754252   0.00222704
   0.0153192   0.00222704    0.0266997
   0.0254227  -0.00140019    0.0162347
 -0.00140019  0.000910115   0.00260781
   0.0162347   0.00260781    0.0271877
   0.0231181  -0.00160358     0.014673
 -0.00160358  0.000627959   0.00162007
    0.014673   0.00162007    0.0264435
   0.0202443  -0.00284048     0.010256
 -0.00284048  0.000524171 -0.000549432
    0.010256 -0.000549432    0.0241961
   0.0202338  -0.00262838     0.011166
 -0.00262838  0.000487801 -0.000334833
    0.011166 -0.000334833    0.0240774
   0.0218531  -0.00256832     0.012845
 -0.00256832  0.000527599  5.81279e-05
    0.012845  5.81279e-05    0.0253909
   0.0199827  -0.00229372    0.0120734
 -0.00229372  0.000412524 -0.000245414
   0.0120734 -0.000245414     0.023638
   0.0220493  -0.00223313    0.0136799
 -0.00223313  0.000468026  0.000264067
   0.0136799  0.000264067    0.0258147
   0.0221811  -0.00179297    0.0143403
 -0.00179297  0.000369839   0.00034093
   0.0143403   0.00034093    0.0260098
    0.020183  -0.00188301     0.012843
 -0.00188301  0.000312584 -0.000212702
    0.012843 -0.000212702    0.0237504
   0.0229985  -0.00201251    0.0145907
 -0.00201251  0.000543623  0.000867913
   0.0145907  0.000867913    0.0265739
   0.0233841   -0.0015702    0.0153936
  -0.0015702  0.000465896   0.00102412
   0.0153936   0.00102412    0.0271714
   0.0224766  -0.00234152    0.0135673
 -0.00234152   0.00057091  0.000569622
   0.0135673  0.000569622    0.0259176
   0.0219874  -0.00256829    0.0124457
 -0.00256829  0.000553087  0.000145344
   0.0124457  0.000145344    0.0252447
   0.0214515  -0.00276633    0.0118473
 -0.00276633  0.000538889  -0.00026656
   0.0118473  -0.00026656    0.0249793
   0.0211832  -0.00287376    0.0108782
 -0.00287376  0.000528205 -0.000697949
   0.0108782 -0.000697949     0.024327
   0.0214631  -0.00267349    0.0112827
 -0.00267349  0.000510622 -0.000369315
   0.0112827 -0.000369315    0.0245892
   0.0200134  -0.00291324   0.00942704
 -0.00291324  0.000527089  -0.00088785
  0.00942704  -0.00088785    0.0239835
   0.0209205  -0.00139367    0.0124564
 -0.00139367  0.000208997 -0.000309265
   0.0124564 -0.000309265    0.0238036
   0.0239795 -0.000888122    0.0107563
-0.000888122  0.000127302 -0.000460101
   0.0107563 -0.000460101    0.0224453
   0.0248499  -0.00080707    0.0127744
 -0.00080707  0.000157555 -3.50198e-05
   0.0127744 -3.50198e-05    0.0241299
   0.0271823 -0.000509205   0.00762195
-0.000509205  0.000102428 -0.000673349
  0.00762195 -0.000673349    0.0188487
   0.0279292 -0.000397347   0.00948295
-0.000397347  0.000110915 -0.000391892
  0.00948295 -0.000391892    0.0202974
    0.032215 -0.000159511   0.00686824
-0.000159511  0.000119406 -0.000704207
  0.00686824 -0.000704207    0.0167753
   0.0300761 -0.000566135   0.00522936
-0.000566135  0.000132564 -0.000890004
  0.00522936 -0.000890004    0.0159383
   0.0290909 -5.37448e-05    0.0120205
-5.37448e-05  0.000137721  0.000241946
   0.0120205  0.000241946    0.0225321
   0.0332754  0.000317209   0.00911438
 0.000317209   0.00011307  -0.00022576
  0.00911438  -0.00022576    0.0185511
   0.0258686 -0.000597313    0.0145287
-0.000597313  0.000221355  0.000694501
   0.0145287  0.000694501     0.025571
   0.0238048  -0.00110921    0.0153867
 -0.00110921  0.000345964  0.000963771
   0.0153867  0.000963771    0.0269699
   0.0226034  -0.00131864    0.0140373
 -0.00131864  0.000252845  0.000236949
   0.0140373  0.000236949    0.0255764
    0.023137  -0.00323843    0.0117693
 -0.00323843  0.000644359 -0.000727526
   0.0117693 -0.000727526    0.0252756
   0.0244034  -0.00324011    0.0126074
 -0.00324011  0.000625808 -0.000819719
   0.0126074 -0.000819719    0.0254901
    0.024114  -0.00333995    0.0115254
 -0.00333995  0.000618198  -0.00176513
   0.0115254  -0.00176513    0.0250244
   0.0225488   -0.0032334    0.0105317
  -0.0032334  0.000614409  -0.00159014
   0.0105317  -0.00159014    0.0247302
    0.023858   -0.0031134    0.0113784
  -0.0031134  0.000566068  -0.00174048
   0.0113784  -0.00174048     0.024819
    0.023726  -0.00335313    0.0104176
 -0.00335313  0.000692825   -0.0026662
   0.0104176   -0.0026662     0.024572
   0.0237607  -0.00317338    0.0104142
 -0.00317338  0.000650545  -0.00267448
   0.0104142  -0.00267448    0.0244503
   0.0235831  -0.00316166   0.00948055
 -0.00316166  0.000803726  -0.00352277
  0.00948055  -0.00352277     0.024095
   0.0218577   -0.0031428   0.00928423
  -0.0031428  0.000659601  -0.00240665
  0.00928423  -0.00240665    0.0241876
   0.0231897  -0.00327641   0.00932848
 -0.00327641  0.000831969  -0.00348298
  0.00932848  -0.00348298    0.0241114
   0.0210236   -0.0029795   0.00806787
  -0.0029795   0.00077307  -0.00316169
  0.00806787  -0.00316169    0.0236169
   0.0223914  -0.00277755   0.00952085
 -0.00277755  0.000572424  -0.00253292
  0.00952085  -0.00253292    0.0239359
   0.0224101  -0.00274542   0.00865319
 -0.00274542  0.000715803  -0.00335554
  0.00865319  -0.00335554     0.023623
   0.0207775  -0.00228657    0.0075082
 -0.00228657  0.000619496  -0.00312578
   0.0075082  -0.00312578    0.0230183
   0.0208381  -0.00241967   0.00845776
 -0.00241967   0.00050264  -0.00237873
  0.00845776  -0.00237873    0.0233683
   0.0224317  -0.00276197    0.0104651
 -0.00276197  0.000496702  -0.00163674
   0.0104651  -0.00163674    0.0242874
   0.0210546  -0.00252786   0.00949967
 -0.00252786   0.00045231  -0.00157776
  0.00949967  -0.00157776     0.023763
   0.0226036  -0.00269245    0.0114383
 -0.00269245  0.000496204  -0.00072909
   0.0114383  -0.00072909    0.0246843
   0.0239568  -0.00297931    0.0123408
 -0.00297931   0.00056098 -0.000774163
   0.0123408 -0.000774163    0.0252188
   0.0213956  -0.00257138    0.0105745
 -0.00257138  0.000460427  -0.00078421
   0.0105745  -0.00078421    0.0242203
   0.0200323  -0.00274201    0.0068686
 -0.00274201  0.000947143  -0.00389016
   0.0068686  -0.00389016    0.0230037
   0.0224728  -0.00311452   0.00821562
 -0.00311452   0.00102239  -0.00423713
  0.00821562  -0.00423713    0.0236161
   0.0216318    -0.002803    0.0070604
   -0.002803   0.00128172  -0.00496647
   0.0070604  -0.00496647    0.0230794
   0.0189504  -0.00237005   0.00569465
 -0.00237005    0.0012162   -0.0046404
  0.00569465   -0.0046404    0.0223541
   0.0228521  -0.00283223   0.00752285
 -0.00283223    0.0012455   -0.0050039
  0.00752285   -0.0050039    0.0233498
   0.0206291  -0.00231145   0.00589008
 -0.00231145   0.00163112  -0.00570673
  0.00589008  -0.00570673    0.0225157
   0.0222669  -0.00242524    0.0064503
 -0.00242524   0.00155217  -0.00569457
   0.0064503  -0.00569457    0.0229492
   0.0214539  -0.00180741   0.00535829
 -0.00180741   0.00194506  -0.00638025
  0.00535829  -0.00638025    0.0225424
   0.0177719   -0.0018182   0.00459372
  -0.0018182   0.00160293  -0.00544213
  0.00459372  -0.00544213     0.021693
   0.0194074  -0.00160337   0.00475072
 -0.00160337   0.00210206  -0.00647635
  0.00475072  -0.00647635    0.0219547
   0.0165074   -0.0010698   0.00359315
  -0.0010698    0.0021571  -0.00631456
  0.00359315  -0.00631456    0.0210705
   0.0221512  -0.00213879   0.00593168
 -0.00213879   0.00138627   -0.0054088
  0.00593168   -0.0054088    0.0228078
   0.0218466  -0.00161536    0.0049589
 -0.00161536   0.00169936  -0.00600962
   0.0049589  -0.00600962    0.0225787
   0.0208995  -0.00116636   0.00376485
 -0.00116636   0.00142359  -0.00547338
  0.00376485  -0.00547338    0.0221729
    0.020854  -0.00161949   0.00470214
 -0.00161949   0.00118287  -0.00497028
  0.00470214  -0.00497028    0.0222834
   0.0223125  -0.00246908   0.00688743
 -0.00246908     0.001122  -0.00477544
  0.00688743  -0.00477544    0.0230577
    0.020814  -0.00192887   0.00565155
 -0.00192887  0.000967717  -0.00441648
  0.00565155  -0.00441648    0.0224608
   0.0223673  -0.00266381   0.00778545
 -0.00266381  0.000898986  -0.00409895
  0.00778545  -0.00409895    0.0233323
   0.0232644  -0.00306731   0.00853325
 -0.00306731  0.000997525  -0.00429029
  0.00853325  -0.00429029    0.0237343
   0.0207687  -0.00214254   0.00659265
 -0.00214254  0.000776651  -0.00380481
  0.00659265  -0.00380481    0.0227154
   0.0186031  9.98861e-05 -0.000612126
 9.98861e-05  0.000708798  -0.00374166
-0.000612126  -0.00374166    0.0207076
   0.0185455 -0.000383845  0.000770459
-0.000383845  0.000659645  -0.00361264
 0.000770459  -0.00361264    0.0207306
   0.0184821 -0.000481212   0.00151398
-0.000481212  0.000743492  -0.00387013
  0.00151398  -0.00387013    0.0209873
   0.0185665 -0.000944368   0.00284117
-0.000944368  0.000656828  -0.00357115
  0.00284117  -0.00357115    0.0211864
   0.0187209 -0.000947397   0.00218764
-0.000947397  0.000614462  -0.00338691
  0.00218764  -0.00338691    0.0209163
   0.0187407   -0.0011006   0.00354593
  -0.0011006  0.000726647  -0.00378733
  0.00354593  -0.00378733    0.0214803
   0.0188527  -0.00146105   0.00416147
 -0.00146105  0.000583786  -0.00320631
  0.00416147  -0.00320631    0.0215283
   0.0188996  -0.00149484   0.00476055
 -0.00149484  0.000610525  -0.00333974
  0.00476055  -0.00333974    0.0218112
   0.0193002  -0.00189508   0.00596873
 -0.00189508  0.000529478   -0.0028402
  0.00596873   -0.0028402    0.0222192
   0.0189375   -0.0015483   0.00350378
  -0.0015483  0.000577242  -0.00308616
  0.00350378  -0.00308616    0.0211926
   0.0193671  -0.00198569   0.00547339
 -0.00198569  0.000541275  -0.00279968
  0.00547339  -0.00279968    0.0219492
   0.0190213  -0.00206956   0.00463414
 -0.00206956  0.000552554  -0.00271052
  0.00463414  -0.00271052    0.0213898
    0.019438  -0.00171977   0.00550006
 -0.00171977  0.000675397   -0.0035358
  0.00550006   -0.0035358    0.0221689
   0.0196253  -0.00198207    0.0065634
 -0.00198207  0.000552367  -0.00294264
   0.0065634  -0.00294264    0.0225316
   0.0194237  -0.00143382   0.00443437
 -0.00143382  0.000828782  -0.00406533
  0.00443437  -0.00406533    0.0218796
   0.0194497   -0.0010993   0.00335664
  -0.0010993  0.000996615   -0.0045282
  0.00335664   -0.0045282    0.0216996
   0.0187113 -0.000714965   0.00232048
-0.000714965  0.000851518  -0.00416251
  0.00232048  -0.00416251    0.0212752
    0.018734 -0.000287752   0.00111025
-0.000287752  0.000977102  -0.00445584
  0.00111025  -0.00445584    0.0211956
   0.0195494 -0.000668947   0.00232487
-0.000668947   0.00117312  -0.00492297
  0.00232487  -0.00492297    0.0216294
    0.018532 -4.15411e-05  0.000200339
-4.15411e-05  0.000828419  -0.00407618
 0.000200339  -0.00407618    0.0209258
     0.01866  -0.00243001   0.00537334
 -0.00243001  0.000529243  -0.00226616
  0.00537334  -0.00226616    0.0216649
   0.0197849  -0.00245639   0.00671892
 -0.00245639  0.000521451  -0.00235059
  0.00671892  -0.00235059    0.0223901
   0.0198709  -0.00276496   0.00782726
 -0.00276496  0.000516016  -0.00184432
  0.00782726  -0.00184432    0.0227332
    0.018364  -0.00264391   0.00579216
 -0.00264391  0.000517429   -0.0017864
  0.00579216   -0.0017864    0.0225316
   0.0203752  -0.00265029   0.00854073
 -0.00265029  0.000479645  -0.00174819
  0.00854073  -0.00174819    0.0232345
    0.019801  -0.00289827   0.00873177
 -0.00289827  0.000518366  -0.00133545
  0.00873177  -0.00133545    0.0231265
    0.020808  -0.00284879   0.00977016
 -0.00284879  0.000498475  -0.00120282
  0.00977016  -0.00120282    0.0238031
   0.0185015  -0.00279575   0.00654947
 -0.00279575  0.000518277  -0.00134442
  0.00654947  -0.00134442    0.0234882
   0.0208998  -0.00265794    0.0100816
 -0.00265794  0.000463816 -0.000962288
   0.0100816 -0.000962288    0.0239695
   0.0203853  -0.00250566   0.00887014
 -0.00250566  0.000445489  -0.00161926
  0.00887014  -0.00161926    0.0234254
   0.0199416   -0.0022623   0.00767129
  -0.0022623  0.000472081  -0.00229933
  0.00767129  -0.00229933    0.0229504
   0.0198112  -0.00230549    0.0072205
 -0.00230549  0.000482944  -0.00230507
   0.0072205  -0.00230507    0.0226927
   0.0172626   -0.0026046   0.00442757
  -0.0026046  0.000508001  -0.00134787
  0.00442757  -0.00134787    0.0235681
   0.0174842  -0.00252358   0.00386541
 -0.00252358  0.000510524  -0.00172987
  0.00386541  -0.00172987    0.0231642
   0.0157399  -0.00218022   0.00166644
 -0.00218022  0.000472295  -0.00153812
  0.00166644  -0.00153812    0.0227327
   0.0174285  -0.00227581   0.00308568
 -0.00227581   0.00051449  -0.00213665
  0.00308568  -0.00213665    0.0223734
    0.016282   -0.0021103   0.00117679
  -0.0021103  0.000489158  -0.00196019
  0.00117679  -0.00196019    0.0227848
   0.0168895  -0.00188576  0.000924262
 -0.00188576  0.000510937  -0.00236583
 0.000924262  -0.00236583    0.0221468
   0.0177878  -0.00197023   0.00268949
 -0.00197023  0.000528848  -0.00251511
  0.00268949  -0.00251511    0.0214242
   0.0153363  -0.00162154  -0.00103662
 -0.00162154   0.00043828  -0.00197815
 -0.00103662  -0.00197815    0.0223243
   0.0182314  -0.00157041   0.00233018
 -0.00157041  0.000550745  -0.00285848
  0.00233018  -0.00285848    0.0205567
   0.0186783   -0.0010219   0.00134924
  -0.0010219   0.00057287  -0.00315968
  0.00134924  -0.00315968    0.0205244
   0.0179983  -0.00102136 -0.000144996
 -0.00102136  0.000514677  -0.00287051
-0.000144996  -0.00287051    0.0206524
   0.0188723 -0.000425556  4.64571e-05
-0.000425556  0.000589552  -0.00334558
 4.64571e-05  -0.00334558     0.020478
    0.018813 -0.000480947  -0.00103897
-0.000480947  0.000514978  -0.00302765
 -0.00103897  -0.00302765    0.0204527
   0.0194131  4.13725e-05  -0.00220176
 4.13725e-05  0.000510572  -0.00304112
 -0.00220176  -0.00304112    0.0203522
   0.0188652  0.000134748  -0.00142192
 0.000134748   0.00060338  -0.00340333
 -0.00142192  -0.00340333    0.0204752
   0.0179077 -0.000509249  -0.00244186
-0.000509249  0.000427057  -0.00262186
 -0.00244186  -0.00262186    0.0204661
   0.0192489 -4.17794e-05  -0.00335428
-4.17794e-05  0.000410587  -0.00261421
 -0.00335428  -0.00261421    0.0204217
   0.0182401 -0.000194275  -0.00423579
-0.000194275  0.000320132   -0.0021315
 -0.00423579   -0.0021315     0.020161
    0.017154 -0.000555532  -0.00350161
-0.000555532   0.00035248  -0.00225338
 -0.00350161  -0.00225338    0.0208989
   0.0172321 -0.000958972  -0.00166775
-0.000958972  0.000447805  -0.00258327
 -0.00166775  -0.00258327    0.0212326
   0.0160199  -0.00100232  -0.00282938
 -0.00100232  0.000397998  -0.00225443
 -0.00282938  -0.00225443    0.0222868
   0.0163448  -0.00141045  -0.00127813
 -0.00141045  0.000460362  -0.00236931
 -0.00127813  -0.00236931    0.0220115
    0.017418  -0.00148902  0.000349117
 -0.00148902  0.000509971  -0.00264605
 0.000349117  -0.00264605     0.021472
   0.0162142 -0.000533419  -0.00436595
-0.000533419  0.000299754  -0.00201741
 -0.00436595  -0.00201741    0.0213272
   0.0170851 -0.000296342  -0.00486786
-0.000296342  0.000249937  -0.00163676
 -0.00486786  -0.00163676    0.0194463
  0.00567979  -0.00489327  -0.00473385
 -0.00489327   0.00453273    0.0046013
 -0.00473385    0.0046013    0.0214649
  0.00581303  -0.00503225  -0.00408716
 -0.00503225   0.00465901   0.00426305
 -0.00408716   0.00426305    0.0218679
  0.00558674  -0.00440676  -0.00363571
 -0.00440676   0.00373883   0.00308676
 -0.00363571   0.00308676    0.0220523
  0.00590195  -0.00453782   -0.0028793
 -0.00453782   0.00386589   0.00320357
  -0.0028793   0.00320357    0.0225422
  0.00610581  -0.00513122  -0.00329735
 -0.00513122   0.00473916   0.00424867
 -0.00329735   0.00424867    0.0222355
  0.00568362  -0.00398558  -0.00242757
 -0.00398558   0.00310087   0.00230101
 -0.00242757   0.00230101    0.0229172
  0.00641972  -0.00457314  -0.00195962
 -0.00457314    0.0039085   0.00372247
 -0.00195962   0.00372247    0.0230224
  0.00621726  -0.00403149  -0.00154996
 -0.00403149   0.00315091    0.0028997
 -0.00154996    0.0028997    0.0235168
   0.0069623  -0.00397693 -0.000542457
 -0.00397693   0.00319608   0.00379019
-0.000542457   0.00379019    0.0240869
  0.00660746  -0.00514929  -0.00234129
 -0.00514929   0.00476727   0.00463333
 -0.00234129   0.00463333     0.022597
  0.00715036  -0.00451166 -0.000896894
 -0.00451166   0.00397915   0.00454882
-0.000896894   0.00454882    0.0234664
  0.00731907  -0.00509459  -0.00124743
 -0.00509459   0.00487373   0.00534519
 -0.00124743   0.00534519    0.0229252
  0.00602698  -0.00359228  -0.00119358
 -0.00359228   0.00256346   0.00231162
 -0.00119358   0.00231162    0.0240832
  0.00676865  -0.00353348 -0.000242598
 -0.00353348   0.00257989   0.00319129
-0.000242598   0.00319129    0.0247644
  0.00660551   -0.0032326 -3.05614e-05
  -0.0032326   0.00216075   0.00273187
-3.05614e-05   0.00273187     0.025455
  0.00624055  -0.00349629  -0.00113341
 -0.00349629   0.00229749   0.00203515
 -0.00113341   0.00203515    0.0248722
  0.00570229  -0.00367385  -0.00215919
 -0.00367385   0.00257912   0.00176313
 -0.00215919   0.00176313    0.0235084
  0.00613266  -0.00368309  -0.00212317
 -0.00368309   0.00238619   0.00153256
 -0.00212317   0.00153256    0.0242495
  0.00552766  -0.00360592  -0.00291165
 -0.00360592   0.00246888   0.00153731
 -0.00291165   0.00153731    0.0228544
  0.00542558  -0.00387869  -0.00320975
 -0.00387869   0.00297499   0.00212757
 -0.00320975   0.00212757    0.0223693
  0.00527901  -0.00367977  -0.00378126
 -0.00367977   0.00275279   0.00223154
 -0.00378126   0.00223154    0.0217191
  0.00600517  -0.00362869  -0.00282403
 -0.00362869   0.00228406   0.00132745
 -0.00282403   0.00132745    0.0221248
  0.00537022  -0.00339518  -0.00342333
 -0.00339518   0.00223558   0.00159484
 -0.00342333   0.00159484    0.0215723
  0.00577267  -0.00340651  -0.00330208
 -0.00340651   0.00207589   0.00136724
 -0.00330208   0.00136724    0.0209965
  0.00543968  -0.00422614  -0.00424033
 -0.00422614   0.00354529   0.00329007
 -0.00424033   0.00329007    0.0215203
    0.008162  -0.00494575 -0.000111633
 -0.00494575   0.00511867   0.00629736
-0.000111633   0.00629736    0.0231691
  0.00803302  -0.00435519  0.000205409
 -0.00435519   0.00414268   0.00557419
 0.000205409   0.00557419    0.0238401
  0.00890503  -0.00414437   0.00119549
 -0.00414437   0.00445676   0.00662857
  0.00119549   0.00662857    0.0241022
  0.00897414  -0.00472614  0.000910233
 -0.00472614   0.00555019   0.00733926
 0.000910233   0.00733926    0.0232828
  0.00877034    -0.003629   0.00143442
   -0.003629   0.00348161   0.00583278
  0.00143442   0.00583278    0.0250008
  0.00956012  -0.00391276   0.00190795
 -0.00391276    0.0048856   0.00758018
  0.00190795   0.00758018    0.0242678
  0.00948581  -0.00344533   0.00208813
 -0.00344533    0.0037714   0.00665724
  0.00208813   0.00665724    0.0253219
  0.00983501  -0.00334506   0.00237494
 -0.00334506   0.00409422   0.00712764
  0.00237494   0.00712764    0.0255838
  0.00955468  -0.00445003   0.00166213
 -0.00445003   0.00611161    0.0083464
  0.00166213    0.0083464    0.0232957
  0.00984028  -0.00373443   0.00226409
 -0.00373443    0.0053318   0.00823727
  0.00226409   0.00823727    0.0243823
  0.00976875  -0.00420459   0.00206371
 -0.00420459   0.00668571   0.00914159
  0.00206371   0.00914159    0.0232572
  0.00933431  -0.00309224   0.00216087
 -0.00309224   0.00288221   0.00568982
  0.00216087   0.00568982    0.0264085
  0.00974057  -0.00305911   0.00237504
 -0.00305911   0.00309693   0.00591122
  0.00237504   0.00591122    0.0267965
  0.00957248  -0.00289519   0.00227473
 -0.00289519   0.00238115   0.00464937
  0.00227473   0.00464937    0.0279606
  0.00912919  -0.00288001   0.00213824
 -0.00288001   0.00223888   0.00469733
  0.00213824   0.00469733    0.0274664
  0.00858639  -0.00323302   0.00158193
 -0.00323302   0.00271375   0.00505836
  0.00158193   0.00505836    0.0259447
  0.00837839  -0.00297584    0.0016384
 -0.00297584   0.00215718   0.00429913
   0.0016384   0.00429913    0.0268758
  0.00767129  -0.00339982    0.0007283
 -0.00339982   0.00261604   0.00417682
   0.0007283   0.00417682     0.025393
  0.00786189   -0.0038245  0.000503245
  -0.0038245   0.00328763   0.00483003
 0.000503245   0.00483003    0.0245892
  0.00747883  -0.00310638    0.0008703
 -0.00310638   0.00213489   0.00359606
   0.0008703   0.00359606    0.0261948
   0.0139258  -0.00551678  -0.00170364
 -0.00551678   0.00249623   0.00262346
 -0.00170364   0.00262346    0.0223058
   0.0124543  -0.00494143  -0.00105947
 -0.00494143   0.00231297   0.00292582
 -0.00105947   0.00292582    0.0232021
   0.0105579  -0.00378392  0.000230869
 -0.00378392   0.00180041   0.00284943
 0.000230869   0.00284943    0.0255742
  0.00960293  -0.00369628  0.000148725
 -0.00369628   0.00186169   0.00296641
 0.000148725   0.00296641    0.0254885
   0.0121577   -0.0051876  -0.00152547
  -0.0051876   0.00256223   0.00309387
 -0.00152547   0.00309387    0.0225384
  0.00844703  -0.00303286  0.000937282
 -0.00303286   0.00164271   0.00310263
 0.000937282   0.00310263    0.0264187
  0.00924285  -0.00398133 -0.000507799
 -0.00398133   0.00210581   0.00284466
-0.000507799   0.00284466    0.0250263
  0.00768775  -0.00314743  0.000377752
 -0.00314743   0.00176543   0.00282838
 0.000377752   0.00282838    0.0261486
  0.00773071  -0.00367573 -0.000643252
 -0.00367573   0.00211586   0.00247951
-0.000643252   0.00247951    0.0260609
   0.0110165  -0.00515699  -0.00198707
 -0.00515699   0.00274138   0.00311775
 -0.00198707   0.00311775    0.0213882
  0.00894828  -0.00441046  -0.00162896
 -0.00441046   0.00247421   0.00267094
 -0.00162896   0.00267094    0.0228213
    0.010454  -0.00542509  -0.00272162
 -0.00542509   0.00308058   0.00308965
 -0.00272162   0.00308965    0.0201825
  0.00727177  -0.00292218  0.000855634
 -0.00292218   0.00180493   0.00309378
 0.000855634   0.00309378    0.0263857
  0.00691093  -0.00328227 -0.000155567
 -0.00328227   0.00201434   0.00251136
-0.000155567   0.00251136    0.0259925
  0.00821695  -0.00286551   0.00143238
 -0.00286551    0.0017841   0.00361814
  0.00143238   0.00361814     0.026978
  0.00905712   -0.0028467   0.00178248
  -0.0028467    0.0018148   0.00381984
  0.00178248   0.00381984    0.0277328
  0.00953393  -0.00316027    0.0010804
 -0.00316027   0.00166071   0.00313486
   0.0010804   0.00313486    0.0267255
   0.0104401  -0.00339124  0.000973841
 -0.00339124   0.00176053   0.00277965
 0.000973841   0.00277965    0.0274547
  0.00962603  -0.00293552   0.00178365
 -0.00293552   0.00191504   0.00358066
  0.00178365   0.00358066     0.028374
   0.0118208  -0.00422211 -0.000244192
 -0.00422211   0.00193719   0.00247458
-0.000244192   0.00247458    0.0252084
   0.0100576  -0.00551597  -0.00308807
 -0.00551597   0.00322647   0.00298208
 -0.00308807   0.00298208    0.0196091
  0.00888156   -0.0047558  -0.00253946
  -0.0047558   0.00274738   0.00247428
 -0.00253946   0.00247428    0.0209588
  0.00915111  -0.00511424  -0.00345552
 -0.00511424   0.00298496    0.0025186
 -0.00345552    0.0025186    0.0205445
   0.0100734  -0.00568757  -0.00361013
 -0.00568757   0.00336058     0.003018
 -0.00361013     0.003018    0.0195785
  0.00802464  -0.00446496  -0.00293247
 -0.00446496   0.00261681   0.00201499
 -0.00293247   0.00201499    0.0215535
  0.00880774  -0.00490814  -0.00379452
 -0.00490814   0.00283904   0.00242801
 -0.00379452   0.00242801     0.020091
  0.00811898  -0.00451294   -0.0035658
 -0.00451294    0.0025903   0.00182824
  -0.0035658   0.00182824    0.0211122
  0.00765692  -0.00415333  -0.00395439
 -0.00415333   0.00232754   0.00172935
 -0.00395439   0.00172935    0.0210067
  0.00938632  -0.00533595   -0.0039897
 -0.00533595   0.00315267   0.00289692
  -0.0039897   0.00289692    0.0183746
  0.00824124  -0.00441208  -0.00404155
 -0.00441208   0.00246841    0.0022702
 -0.00404155    0.0022702    0.0192325
  0.00893525  -0.00496225  -0.00422948
 -0.00496225   0.00290255   0.00297484
 -0.00422948   0.00297484    0.0182456
  0.00690955  -0.00394032  -0.00316168
 -0.00394032   0.00232861   0.00153323
 -0.00316168   0.00153323    0.0213093
  0.00639314   -0.0035638  -0.00353027
  -0.0035638   0.00205283   0.00144116
 -0.00353027   0.00144116    0.0207462
  0.00690072  -0.00394062    -0.002409
 -0.00394062   0.00239001   0.00163605
   -0.002409   0.00163605    0.0228226
  0.00685518  -0.00367396  -0.00129108
 -0.00367396   0.00224903   0.00199031
 -0.00129108   0.00199031    0.0256835
  0.00777068  -0.00411461  -0.00194386
 -0.00411461   0.00240414   0.00215934
 -0.00194386   0.00215934    0.0232541
  0.00960286  -0.00403566   0.00213162
 -0.00403566   0.00712398   0.00962611
  0.00213162   0.00962611    0.0232105
  0.00972867  -0.00366227   0.00227122
 -0.00366227   0.00566026   0.00851401
  0.00227122   0.00851401    0.0244815
  0.00932293    -0.003689   0.00201754
   -0.003689   0.00578294   0.00842522
  0.00201754   0.00842522    0.0245851
  0.00917435  -0.00396177   0.00194621
 -0.00396177   0.00735455   0.00978972
  0.00194621   0.00978972    0.0231864
  0.00940883  -0.00348264   0.00196485
 -0.00348264   0.00440498   0.00680897
  0.00196485   0.00680897    0.0260203
  0.00877802  -0.00374824   0.00159856
 -0.00374824    0.0057078   0.00809435
  0.00159856   0.00809435    0.0247178
  0.00888318  -0.00361593    0.0014611
 -0.00361593   0.00430376   0.00620682
   0.0014611   0.00620682    0.0262388
  0.00832997  -0.00368003  0.000876026
 -0.00368003     0.004088   0.00552268
 0.000876026   0.00552268    0.0264718
  0.00862137  -0.00392892   0.00160079
 -0.00392892   0.00736779   0.00971297
  0.00160079   0.00971297    0.0232127
  0.00820671  -0.00376143    0.0010927
 -0.00376143   0.00548815   0.00764586
   0.0010927   0.00764586    0.0248752
  0.00805839  -0.00387338   0.00116209
 -0.00387338   0.00720937   0.00950247
  0.00116209   0.00950247    0.0232778
  0.00893421  -0.00353719   0.00119703
 -0.00353719   0.00328344    0.0042173
  0.00119703    0.0042173    0.0276932
  0.00840598   -0.0036332  0.000538517
  -0.0036332   0.00313806   0.00330188
 0.000538517   0.00330188    0.0279737
   0.0084355  -0.00361846  0.000140843
 -0.00361846   0.00264794   0.00114454
 0.000140843   0.00114454    0.0293379
  0.00893125  -0.00350448  0.000861129
 -0.00350448   0.00266839   0.00222495
 0.000861129   0.00222495    0.0290336
  0.00942771  -0.00334932   0.00178761
 -0.00334932   0.00334528   0.00506805
  0.00178761   0.00506805    0.0274157
  0.00937999  -0.00327872   0.00153034
 -0.00327872   0.00264157   0.00328043
  0.00153034   0.00328043     0.028714
  0.00974982  -0.00315559   0.00221981
 -0.00315559   0.00328396   0.00568158
  0.00221981   0.00568158     0.027126
   0.0097773  -0.00336355   0.00230566
 -0.00336355   0.00433498   0.00716384
  0.00230566   0.00716384    0.0258106
  0.00963813  -0.00304136   0.00204638
 -0.00304136   0.00253868   0.00414143
  0.00204638   0.00414143    0.0283673
  0.00752421   -0.0037623  0.000659062
  -0.0037623   0.00691331   0.00927908
 0.000659062   0.00927908     0.023346
  0.00767263  -0.00367618  0.000516413
 -0.00367618   0.00516573   0.00721728
 0.000516413   0.00721728    0.0250259
  0.00718676  -0.00349544 -0.000112862
 -0.00349544   0.00478317   0.00690898
-0.000112862   0.00690898    0.0251484
  0.00703915  -0.00358632  0.000110519
 -0.00358632   0.00654789   0.00911626
 0.000110519   0.00911626    0.0233887
  0.00733298  -0.00340525 -0.000464624
 -0.00340525   0.00345945   0.00442495
-0.000464624   0.00442495    0.0268572
  0.00675451  -0.00325457  -0.00078194
 -0.00325457   0.00440155   0.00671406
 -0.00078194   0.00671406     0.025251
  0.00691079  -0.00311411  -0.00119952
 -0.00311411    0.0030912   0.00412696
 -0.00119952   0.00412696    0.0270033
  0.00657492  -0.00280251  -0.00187827
 -0.00280251   0.00272692   0.00400252
 -0.00187827   0.00400252    0.0269398
  0.00660984  -0.00336837 -0.000471552
 -0.00336837   0.00617477   0.00901027
-0.000471552   0.00901027    0.0234085
  0.00638912  -0.00298268  -0.00144147
 -0.00298268   0.00403775   0.00665152
 -0.00144147   0.00665152    0.0251033
  0.00624711  -0.00312541  -0.00105646
 -0.00312541   0.00582992   0.00896924
 -0.00105646   0.00896924    0.0234211
  0.00706509  -0.00298697  -0.00169448
 -0.00298697   0.00234917   0.00148244
 -0.00169448   0.00148244    0.0285597
  0.00688125  -0.00263964  -0.00237233
 -0.00263964   0.00198474   0.00135734
 -0.00237233   0.00135734    0.0282367
  0.00705977  -0.00249999   -0.0028204
 -0.00249999   0.00179417  -0.00112498
  -0.0028204  -0.00112498    0.0297247
  0.00718617  -0.00290005   -0.0021807
 -0.00290005   0.00214499 -0.000960426
  -0.0021807 -0.000960426    0.0298471
    0.007463  -0.00333429 -0.000921338
 -0.00333429   0.00266934   0.00187336
-0.000921338   0.00187336    0.0284186
  0.00755193  -0.00329113  -0.00139128
 -0.00329113   0.00241817 -0.000517709
 -0.00139128 -0.000517709    0.0297626
  0.00790931  -0.00356754 -0.000171604
 -0.00356754   0.00293599   0.00248267
-0.000171604   0.00248267    0.0282265
   0.0078028  -0.00361162  0.000231746
 -0.00361162    0.0037983   0.00488961
 0.000231746   0.00488961    0.0266859
  0.00796529  -0.00355104  -0.00061048
 -0.00355104   0.00257111  0.000191389
 -0.00061048  0.000191389    0.0295924
   0.0132775  -0.00585085  -0.00622699
 -0.00585085   0.00365281  -0.00164296
 -0.00622699  -0.00164296    0.0227155
   0.0138087  -0.00626597  -0.00578051
 -0.00626597   0.00382901  -0.00168088
 -0.00578051  -0.00168088     0.022891
   0.0107902  -0.00464954  -0.00464941
 -0.00464954   0.00317015  -0.00297365
 -0.00464941  -0.00297365    0.0267485
   0.0112487  -0.00499107   -0.0040601
 -0.00499107   0.00318573  -0.00265465
  -0.0040601  -0.00265465    0.0267889
   0.0143064  -0.00652241  -0.00529819
 -0.00652241    0.0037957  -0.00151063
 -0.00529819  -0.00151063     0.022924
  0.00909136  -0.00396426  -0.00285848
 -0.00396426    0.0027706  -0.00304785
 -0.00285848  -0.00304785    0.0294328
   0.0116806  -0.00515709  -0.00345321
 -0.00515709   0.00303804  -0.00211438
 -0.00345321  -0.00211438    0.0266893
  0.00950925  -0.00418759   -0.0021575
 -0.00418759   0.00268729  -0.00235261
  -0.0021575  -0.00235261    0.0293095
  0.00994197  -0.00422714  -0.00143529
 -0.00422714   0.00253135  -0.00142184
 -0.00143529  -0.00142184    0.0290832
   0.0146952   -0.0066282  -0.00478831
  -0.0066282   0.00362618  -0.00112433
 -0.00478831  -0.00112433    0.0228116
   0.0120591  -0.00517492  -0.00280511
 -0.00517492   0.00282063  -0.00131848
 -0.00280511  -0.00131848    0.0264643
   0.0150007   -0.0066004  -0.00422815
  -0.0066004   0.00338794 -0.000522965
 -0.00422815 -0.000522965    0.0226081
   0.0082947  -0.00365291  -0.00128145
 -0.00365291   0.00249132  -0.00150495
 -0.00128145  -0.00150495    0.0301237
  0.00873805  -0.00371737 -0.000524646
 -0.00371737   0.00244352 -0.000508862
-0.000524646 -0.000508862    0.0298751
  0.00789248  -0.00339833  -0.00204177
 -0.00339833   0.00246187  -0.00224562
 -0.00204177  -0.00224562    0.0302651
  0.00754368  -0.00298016  -0.00280571
 -0.00298016   0.00227403  -0.00270432
 -0.00280571  -0.00270432      0.03028
  0.00869984  -0.00356442  -0.00355394
 -0.00356442    0.0026677  -0.00346239
 -0.00355394  -0.00346239    0.0293997
  0.00854318  -0.00307105  -0.00415374
 -0.00307105   0.00234087  -0.00357368
 -0.00415374  -0.00357368    0.0292787
  0.00755957  -0.00255909  -0.00343688
 -0.00255909   0.00193361  -0.00282483
 -0.00343688  -0.00282483     0.030017
   0.0105177  -0.00418805  -0.00518651
 -0.00418805   0.00291164  -0.00301509
 -0.00518651  -0.00301509    0.0265638
   0.0152145  -0.00646127  -0.00361533
 -0.00646127   0.00312285  0.000269421
 -0.00361533  0.000269421    0.0223397
   0.0123765  -0.00503697  -0.00212479
 -0.00503697   0.00256995 -0.000335842
 -0.00212479 -0.000335842    0.0261781
   0.0125681  -0.00481695  -0.00145486
 -0.00481695   0.00231092  0.000762437
 -0.00145486  0.000762437    0.0258297
   0.0153118  -0.00626867  -0.00295537
 -0.00626867   0.00286776   0.00113559
 -0.00295537   0.00113559    0.0221355
   0.0106418  -0.00385846  1.24851e-05
 -0.00385846   0.00210245  0.000901962
 1.24851e-05  0.000901962    0.0284401
   0.0124807  -0.00455166 -0.000776715
 -0.00455166   0.00209765   0.00172662
-0.000776715   0.00172662    0.0254762
   0.0107354  -0.00360005  0.000585233
 -0.00360005   0.00190099   0.00200395
 0.000585233   0.00200395    0.0280268
   0.0147919  -0.00588205  -0.00226571
 -0.00588205   0.00262155   0.00197505
 -0.00226571   0.00197505    0.0221629
  0.00975498  -0.00309657   0.00149724
 -0.00309657     0.002052   0.00286518
  0.00149724   0.00286518    0.0288481
  0.00956875  -0.00335399  0.000938423
 -0.00335399   0.00220978   0.00182683
 0.000938423   0.00182683    0.0292307
  0.00919089  -0.00358817  0.000225064
 -0.00358817   0.00234674  0.000639323
 0.000225064  0.000639323     0.029569
   0.0103404  -0.00410179  -0.00069484
 -0.00410179   0.00233041 -0.000299798
 -0.00069484 -0.000299798    0.0287827
  0.00468136   -0.0085192  -0.00247251
  -0.0085192    0.0257954    0.0150383
 -0.00247251    0.0150383    0.0153113
  0.00518092   -0.0084922  -0.00182679
  -0.0084922    0.0245465    0.0144246
 -0.00182679    0.0144246    0.0159645
  0.00526841  -0.00823866  -0.00243466
 -0.00823866    0.0203475    0.0133492
 -0.00243466    0.0133492    0.0172362
  0.00583266  -0.00824607  -0.00169106
 -0.00824607    0.0194396    0.0127055
 -0.00169106    0.0127055    0.0176548
  0.00578456  -0.00847195  -0.00114281
 -0.00847195    0.0233852    0.0139034
 -0.00114281    0.0139034    0.0165561
  0.00592973   -0.0079901  -0.00229982
  -0.0079901     0.015869    0.0114715
 -0.00229982    0.0114715    0.0187152
  0.00648026   -0.0082467  -0.00093705
  -0.0082467    0.0186892    0.0122759
