           0            0            0
           0            0            0
           0            0            0
   0.0253567 -0.000778655   0.00476755
-0.000778655   0.00011791 -0.000787231
  0.00476755 -0.000787231    0.0159644
   0.0221685  -0.00075965   0.00749724
 -0.00075965  9.70445e-05 -0.000595594
  0.00749724 -0.000595594    0.0196155
   0.0189375  -0.00122796    0.0100196
 -0.00122796   0.00015894 -0.000535245
   0.0100196 -0.000535245    0.0216488
   0.0181164  -0.00171077    0.0111838
 -0.00171077  0.000248849 -0.000460307
   0.0111838 -0.000460307    0.0217514
   0.0182065  -0.00212694    0.0107198
 -0.00212694   0.00034484 -0.000456764
   0.0107198 -0.000456764      0.02202
   0.0161528  -0.00199535   0.00924242
 -0.00199535  0.000313587 -0.000603657
  0.00924242 -0.000603657    0.0198008
   0.0167994   -0.0023473   0.00850627
  -0.0023473  0.000396886 -0.000661065
  0.00850627 -0.000661065     0.020975
   0.0183479   -0.0024369   0.00983931
  -0.0024369  0.000420359  -0.00054371
  0.00983931  -0.00054371    0.0223224
     0.01658  -0.00248073   0.00683185
 -0.00248073  0.000447144 -0.000837795
  0.00683185 -0.000837795    0.0218045
   0.0182523  -0.00261602    0.0082527
 -0.00261602  0.000470811 -0.000748496
   0.0082527 -0.000748496    0.0231802
   0.0164591  -0.00243629   0.00479173
 -0.00243629  0.000470389  -0.00112504
  0.00479173  -0.00112504    0.0228503
   0.0183986  -0.00275093   0.00750718
 -0.00275093  0.000499477 -0.000976206
  0.00750718 -0.000976206    0.0233444
   0.0373838   0.00104309    0.0128588
  0.00104309  0.000660638   0.00250371
   0.0128588   0.00250371    0.0198823
   0.0322881  6.15391e-05    0.0152157
 6.15391e-05   0.00086544   0.00318997
   0.0152157   0.00318997    0.0236163
   0.0320826  0.000734624    0.0149899
 0.000734624  0.000656634   0.00302516
   0.0149899   0.00302516    0.0235217
   0.0290558  0.000140573    0.0170165
 0.000140573  0.000861959   0.00350615
   0.0170165   0.00350615    0.0264436
   0.0287368 -0.000502814    0.0169164
-0.000502814   0.00108545   0.00356332
   0.0169164   0.00356332    0.0263518
   0.0277881   0.00036355    0.0161547
  0.00036355  0.000650873   0.00310923
   0.0161547   0.00310923    0.0260086
   0.0267918 -0.000415452    0.0174972
-0.000415452   0.00101797   0.00355858
   0.0174972   0.00355858    0.0276143
   0.0258934 -0.000164333    0.0168335
-0.000164333  0.000804629   0.00327073
   0.0168335   0.00327073    0.0272604
   0.0253362 -0.000710502    0.0167446
-0.000710502  0.000881509   0.00307414
   0.0167446   0.00307414    0.0274242
   0.0262035 -0.000975387    0.0171807
-0.000975387   0.00123153   0.00353848
   0.0171807   0.00353848    0.0274141
   0.0260895 -0.000998286    0.0173026
-0.000998286   0.00107568   0.00325761
   0.0173026   0.00325761    0.0277477
   0.0253777  -0.00150381    0.0168695
 -0.00150381   0.00126321   0.00318993
   0.0168695   0.00318993    0.0275323
   0.0245981  -0.00027125    0.0159151
 -0.00027125  0.000608498   0.00266775
   0.0159151   0.00266775    0.0268091
   0.0240659 -0.000749904    0.0158418
-0.000749904   0.00070152   0.00258516
   0.0158418   0.00258516    0.0269607
   0.0232129  -0.00105691    0.0152387
 -0.00105691  0.000550701   0.00186782
   0.0152387   0.00186782    0.0267424
   0.0238497 -0.000626432    0.0153933
-0.000626432  0.000447435   0.00185651
   0.0153933   0.00185651    0.0266674
   0.0264271  0.000203993    0.0152415
 0.000203993  0.000462899   0.00241908
   0.0152415   0.00241908    0.0255954
   0.0258985 -0.000176938    0.0149076
-0.000176938  0.000316459   0.00156927
   0.0149076   0.00156927    0.0255936
    0.029252  0.000699516    0.0132402
 0.000699516  0.000317659   0.00183264
   0.0132402   0.00183264    0.0227578
   0.0305284   0.00090994    0.0140156
  0.00090994   0.00047143   0.00254483
   0.0140156   0.00254483    0.0230554
   0.0346761   0.00164231    0.0112884
  0.00164231  0.000354316    0.0017315
   0.0112884    0.0017315    0.0191825
   0.0290461  0.000306181    0.0129358
 0.000306181   0.00020301   0.00102841
   0.0129358   0.00102841    0.0229071
   0.0334945   0.00130685    0.0106923
  0.00130685  0.000232084   0.00108766
   0.0106923   0.00108766    0.0189937
   0.0342313  0.000828951    0.0104423
 0.000828951  0.000146501  0.000402114
   0.0104423  0.000402114    0.0193121
   0.0364328   0.00162047    0.0122651
  0.00162047  0.000496584   0.00224374
   0.0122651   0.00224374    0.0196046
    0.024755  -0.00207982    0.0159361
 -0.00207982   0.00119814   0.00260798
   0.0159361   0.00260798     0.027062
   0.0255341  -0.00165096    0.0163936
 -0.00165096   0.00104084   0.00267781
   0.0163936   0.00267781    0.0272114
   0.0250317   -0.0022047    0.0154339
  -0.0022047  0.000941912   0.00193215
   0.0154339   0.00193215    0.0267129
   0.0241856  -0.00253659    0.0149372
 -0.00253659   0.00106128   0.00187491
   0.0149372   0.00187491    0.0266035
   0.0244286  -0.00188773    0.0149717
 -0.00188773  0.000806228   0.00188716
   0.0149717   0.00188716    0.0263646
    0.024561  -0.00264108    0.0144221
 -0.00264108  0.000813097   0.00107335
   0.0144221   0.00107335    0.0262155
   0.0240215  -0.00234004    0.0140106
 -0.00234004  0.000707946   0.00107787
   0.0140106   0.00107787    0.0258708
   0.0236725  -0.00267479    0.0130582
 -0.00267479  0.000612249  0.000197584
   0.0130582  0.000197584     0.025406
   0.0236551  -0.00285962    0.0138656
 -0.00285962  0.000893205   0.00104745
   0.0138656   0.00104745    0.0261165
    0.024168  -0.00295162    0.0134131
 -0.00295162  0.000691833   0.00016153
   0.0134131   0.00016153    0.0257337
   0.0231736  -0.00306194    0.0127627
 -0.00306194  0.000739588  0.000185041
   0.0127627  0.000185041     0.025604
   0.0228242  -0.00217223    0.0131612
 -0.00217223  0.000613282  0.000934921
   0.0131612  0.000934921    0.0253745
   0.0224618  -0.00245387    0.0122045
 -0.00245387  0.000537975  0.000153481
   0.0122045  0.000153481    0.0248948
   0.0214511   -0.0024233    0.0114523
  -0.0024233  0.000494362 -3.31869e-05
   0.0114523 -3.31869e-05    0.0244993
   0.0218824  -0.00222688    0.0124776
 -0.00222688  0.000550234  0.000614259
   0.0124776  0.000614259    0.0250406
   0.0232213  -0.00177842    0.0141188
 -0.00177842  0.000684272    0.0016339
   0.0141188    0.0016339    0.0258834
    0.022309  -0.00191811    0.0134798
 -0.00191811  0.000593869   0.00117643
   0.0134798   0.00117643    0.0255986
   0.0236231  -0.00129777    0.0150159
 -0.00129777  0.000719978   0.00219771
   0.0150159   0.00219771    0.0264046
   0.0248621  -0.00133792    0.0158878
 -0.00133792  0.000872137   0.00256867
   0.0158878   0.00256867    0.0268746
    0.022729  -0.00152183    0.0143994
 -0.00152183  0.000596445   0.00160641
   0.0143994   0.00160641    0.0261597
   0.0198399  -0.00272836    0.0100183
 -0.00272836  0.000495197 -0.000548439
   0.0100183 -0.000548439    0.0239393
   0.0198188  -0.00251323    0.0108962
 -0.00251323  0.000458249  -0.00032564
   0.0108962  -0.00032564    0.0238049
   0.0214514  -0.00245734    0.0125744
 -0.00245734  0.000496993  6.67565e-05
   0.0125744  6.67565e-05    0.0251095
   0.0195618  -0.00218193    0.0117747
 -0.00218193  0.000386005 -0.000220485
   0.0117747 -0.000220485    0.0233493
   0.0216348  -0.00212447    0.0133819
 -0.00212447  0.000439705  0.000279584
   0.0133819  0.000279584    0.0255163
   0.0217528  -0.00169278    0.0140203
 -0.00169278  0.000347305  0.000368978
   0.0140203  0.000368978     0.025694
   0.0197517  -0.00177909    0.0125236
 -0.00177909  0.000291749 -0.000169806
   0.0125236 -0.000169806    0.0234438
   0.0226064  -0.00191385    0.0143063
 -0.00191385  0.000513559   0.00087179
   0.0143063   0.00087179    0.0262796
   0.0229774  -0.00147969    0.0150859
 -0.00147969  0.000440562   0.00103322
   0.0150859   0.00103322    0.0268584
   0.0220978  -0.00224179    0.0133125
 -0.00224179  0.000540439  0.000572385
   0.0133125  0.000572385    0.0256419
   0.0216167  -0.00247346    0.0122228
 -0.00247346  0.000525952  0.000151746
   0.0122228  0.000151746    0.0249869
   0.0210647  -0.00266074    0.0116101
 -0.00266074  0.000510404   -0.0002599
   0.0116101   -0.0002599    0.0247154
   0.0208058  -0.00277878    0.0106716
 -0.00277878  0.000504459 -0.000686101
   0.0106716 -0.000686101    0.0240793
   0.0211016  -0.00258977    0.0110912
 -0.00258977  0.000489187 -0.000355504
   0.0110912 -0.000355504    0.0243481
   0.0196237  -0.00281189   0.00922176
 -0.00281189  0.000502543 -0.000886486
  0.00922176 -0.000886486    0.0237414
   0.0204688  -0.00130561    0.0121322
 -0.00130561  0.000193239 -0.000244371
   0.0121322 -0.000244371    0.0234871
   0.0234462 -0.000824499    0.0104311
-0.000824499  0.000114192 -0.000374358
   0.0104311 -0.000374358    0.0221416
   0.0243398 -0.000749993    0.0124435
-0.000749993  0.000145407  2.97859e-05
   0.0124435  2.97859e-05     0.023811
   0.0265559 -0.000473743    0.0073157
-0.000473743  8.75878e-05 -0.000573972
   0.0073157 -0.000573972    0.0185899
   0.0273226 -0.000370904   0.00916834
-0.000370904  9.74344e-05 -0.000307532
  0.00916834 -0.000307532    0.0200204
   0.0314767 -0.000155367    0.0065511
-0.000155367  0.000100139 -0.000601311
   0.0065511 -0.000601311    0.0165287
   0.0293518  -0.00052679   0.00492143
 -0.00052679  0.000111038 -0.000774366
  0.00492143 -0.000774366    0.0157105
   0.0285266 -4.80577e-05    0.0117059
-4.80577e-05  0.000126853  0.000295108
   0.0117059  0.000295108    0.0222376
    0.032585  0.000287814   0.00880242
 0.000287814  9.81733e-05  -0.00015409
  0.00880242  -0.00015409    0.0182922
   0.0253937 -0.000549715    0.0142054
-0.000549715  0.000209357  0.000728798
   0.0142054  0.000728798     0.025251
   0.0233811  -0.00103342    0.0150686
 -0.00103342   0.00032781  0.000983642
   0.0150686  0.000983642    0.0266474
   0.0221558   -0.0012339    0.0137101
  -0.0012339   0.00023687   0.00028178
   0.0137101   0.00028178    0.0252533
   0.0226742  -0.00316359    0.0116048
 -0.00316359  0.000630878 -0.000680337
   0.0116048 -0.000680337    0.0250783
   0.0238555  -0.00316194     0.012385
 -0.00316194  0.000611414 -0.000771862
    0.012385 -0.000771862    0.0252656
   0.0235909  -0.00326254     0.011329
 -0.00326254  0.000602517  -0.00169986
    0.011329  -0.00169986    0.0248215
   0.0221232  -0.00316177    0.0103969
 -0.00316177  0.000599948  -0.00153119
   0.0103969  -0.00153119    0.0245578
   0.0233289  -0.00304513    0.0111683
 -0.00304513  0.000551917  -0.00167835
   0.0111683  -0.00167835    0.0246013
   0.0232334  -0.00327329    0.0102446
 -0.00327329   0.00067254  -0.00258889
   0.0102446  -0.00258889    0.0243883
   0.0232463  -0.00310294    0.0102215
 -0.00310294  0.000631769  -0.00259586
   0.0102215  -0.00259586    0.0242476
   0.0230886  -0.00308412   0.00930235
 -0.00308412  0.000778347  -0.00343337
  0.00930235  -0.00343337    0.0239053
   0.0214714  -0.00307133    0.0091752
 -0.00307133  0.000641547  -0.00234199
   0.0091752  -0.00234199    0.0240375
   0.0227335  -0.00319074     0.009176
 -0.00319074  0.000805747  -0.00339952
    0.009176  -0.00339952     0.023945
   0.0206799  -0.00290535   0.00798075
 -0.00290535  0.000750606  -0.00309632
  0.00798075  -0.00309632    0.0234876
   0.0219358  -0.00272739   0.00935094
 -0.00272739  0.000557297  -0.00246207
  0.00935094  -0.00246207     0.023731
   0.0219599  -0.00269173   0.00849285
 -0.00269173  0.000694703  -0.00327168
  0.00849285  -0.00327168    0.0234282
   0.0204065    -0.002259   0.00738442
   -0.002259  0.000603509  -0.00305338
  0.00738442  -0.00305338    0.0228284
   0.0204649  -0.00238729   0.00832355
 -0.00238729   0.00049079   -0.0023189
  0.00832355   -0.0023189     0.023168
   0.0219723  -0.00270876    0.0102812
 -0.00270876   0.00048487  -0.00158343
   0.0102812  -0.00158343    0.0240706
   0.0206776  -0.00248376   0.00934998
 -0.00248376  0.000441491  -0.00153366
  0.00934998  -0.00153366    0.0235516
   0.0221422  -0.00263187    0.0112369
 -0.00263187  0.000483616  -0.00069498
   0.0112369  -0.00069498    0.0244538
   0.0234193  -0.00290909    0.0121109
 -0.00290909  0.000547553 -0.000732136
   0.0121109 -0.000732136    0.0249841
   0.0210136  -0.00251237    0.0104043
 -0.00251237  0.000447091 -0.000756245
   0.0104043 -0.000756245    0.0239958
   0.0197327  -0.00266478   0.00679947
 -0.00266478  0.000920753  -0.00382746
  0.00679947  -0.00382746    0.0228955
   0.0220577  -0.00302133   0.00808145
 -0.00302133   0.00099076   -0.0041532
  0.00808145   -0.0041532     0.023467
   0.0212611  -0.00270506   0.00694147
 -0.00270506   0.00124602  -0.00488505
  0.00694147  -0.00488505    0.0229502
   0.0186954  -0.00229327   0.00563802
 -0.00229327   0.00118623  -0.00458032
  0.00563802  -0.00458032    0.0222694
   0.0224152   -0.0027331    0.0073683
  -0.0027331   0.00120942  -0.00491174
   0.0073683  -0.00491174    0.0231879
   0.0203036  -0.00221621    0.0057824
 -0.00221621   0.00159135  -0.00562786
   0.0057824  -0.00562786    0.0224105
   0.0218656   -0.0023215   0.00630488
  -0.0023215    0.0015129  -0.00560604
  0.00630488  -0.00560604    0.0228062
   0.0210924  -0.00170959   0.00521998
 -0.00170959   0.00190173  -0.00629417
  0.00521998  -0.00629417    0.0224225
   0.0175611  -0.00174888   0.00454351
 -0.00174888   0.00156769  -0.00538205
  0.00454351  -0.00538205    0.0216355
   0.0191316  -0.00152127   0.00465108
 -0.00152127   0.00205529  -0.00639674
  0.00465108  -0.00639674    0.0218774
   0.0163412  -0.00101617   0.00354406
 -0.00101617   0.00211121  -0.00624947
  0.00354406  -0.00624947    0.0210422
   0.0217452  -0.00204973   0.00578727
 -0.00204973   0.00135277  -0.00532325
  0.00578727  -0.00532325    0.0226479
   0.0214644  -0.00152338   0.00481643
 -0.00152338   0.00166442  -0.00592906
  0.00481643  -0.00592906    0.0224354
   0.0205586  -0.00109836   0.00365239
 -0.00109836   0.00139935  -0.00540778
  0.00365239  -0.00540778     0.022027
    0.020503  -0.00156196   0.00459128
 -0.00156196   0.00115774  -0.00489676
  0.00459128  -0.00489676    0.0221253
    0.021887  -0.00239172   0.00673931
 -0.00239172   0.00109073  -0.00468556
  0.00673931  -0.00468556     0.022884
   0.0204534  -0.00188587   0.00553922
 -0.00188587  0.000943576  -0.00433741
  0.00553922  -0.00433741    0.0222913
   0.0219276  -0.00260021   0.00763222
 -0.00260021  0.000871868   -0.0040088
  0.00763222   -0.0040088    0.0231471
   0.0227966  -0.00297901   0.00836777
 -0.00297901  0.000965872  -0.00419685
  0.00836777  -0.00419685    0.0235574
   0.0204015  -0.00211086    0.0064757
 -0.00211086  0.000755768  -0.00372558
   0.0064757  -0.00372558    0.0225352
   0.0183722  8.42668e-05 -0.000630723
 8.42668e-05  0.000704957   -0.0037203
-0.000630723   -0.0037203    0.0205773
   0.0182896 -0.000406435  0.000736464
-0.000406435  0.000652457  -0.00357568
 0.000736464  -0.00357568    0.0205873
    0.018242 -0.000497401   0.00147825
-0.000497401  0.000734028  -0.00382746
  0.00147825  -0.00382746    0.0208439
    0.018304 -0.000961494   0.00278969
-0.000961494  0.000646028  -0.00352022
  0.00278969  -0.00352022    0.0210282
   0.0184341 -0.000964899   0.00213334
-0.000964899  0.000606053  -0.00334244
  0.00213334  -0.00334244    0.0207572
   0.0184812   -0.0011097    0.0034911
  -0.0011097  0.000713143   -0.0037298
   0.0034911   -0.0037298    0.0213229
   0.0185634  -0.00146673   0.00409001
 -0.00146673  0.000573379  -0.00315475
  0.00409001  -0.00315475    0.0213545
   0.0186242   -0.0015004   0.00469128
  -0.0015004  0.000598201  -0.00328137
  0.00469128  -0.00328137    0.0216395
   0.0190032  -0.00188611   0.00588041
 -0.00188611  0.000518693   -0.0027873
  0.00588041   -0.0027873    0.0220331
    0.018617  -0.00154889   0.00342659
 -0.00154889  0.000568848  -0.00304246
  0.00342659  -0.00304246    0.0210181
   0.0190453  -0.00197009   0.00537695
 -0.00197009  0.000531289    -0.002754
  0.00537695    -0.002754    0.0217598
   0.0186713  -0.00204622   0.00453307
 -0.00204622  0.000543955  -0.00267441
  0.00453307  -0.00267441    0.0212033
   0.0191387  -0.00171352   0.00541693
 -0.00171352  0.000659783  -0.00346837
  0.00541693  -0.00346837    0.0219956
   0.0193165  -0.00197074   0.00646836
 -0.00197074   0.00054002  -0.00288145
  0.00646836  -0.00288145    0.0223462
   0.0191311  -0.00142267   0.00435911
 -0.00142267  0.000810991  -0.00399848
  0.00435911  -0.00399848    0.0217183
   0.0191661   -0.0010759   0.00328591
  -0.0010759  0.000979121   -0.0044685
  0.00328591   -0.0044685    0.0215499
   0.0184664  -0.00071689    0.0022757
 -0.00071689  0.000839071  -0.00411317
   0.0022757  -0.00411317    0.0211313
   0.0185033 -0.000276434   0.00107256
-0.000276434  0.000968396  -0.00442048
  0.00107256  -0.00442048    0.0210637
   0.0192731  -0.00063178   0.00225431
 -0.00063178   0.00115834  -0.00487446
  0.00225431  -0.00487446    0.0214906
   0.0183113 -4.70673e-05  0.000176606
-4.70673e-05  0.000822764  -0.00404889
 0.000176606  -0.00404889    0.0207954
   0.0182959   -0.0023818   0.00525333
  -0.0023818    0.0005191  -0.00224301
  0.00525333  -0.00224301    0.0214702
   0.0194343  -0.00241467     0.006594
 -0.00241467  0.000510316  -0.00231517
    0.006594  -0.00231517    0.0221856
   0.0195031   -0.0026989   0.00767459
  -0.0026989  0.000501806  -0.00182116
  0.00767459  -0.00182116    0.0225159
   0.0179896  -0.00257363   0.00565731
 -0.00257363  0.000503953  -0.00178032
  0.00565731  -0.00178032    0.0223294
   0.0200284  -0.00259363   0.00839689
 -0.00259363  0.000466349  -0.00171671
  0.00839689  -0.00171671    0.0230173
   0.0194247  -0.00281221     0.008553
 -0.00281221  0.000499204  -0.00132388
    0.008553  -0.00132388    0.0228978
   0.0204435  -0.00277007   0.00959504
 -0.00277007  0.000480487  -0.00118246
  0.00959504  -0.00118246    0.0235703
   0.0181162  -0.00270631   0.00639067
 -0.00270631  0.000499494  -0.00135071
  0.00639067  -0.00135071     0.023273
   0.0205504  -0.00259095   0.00992014
 -0.00259095  0.000448256 -0.000937987
  0.00992014 -0.000937987    0.0237441
     0.02005  -0.00245935   0.00873579
 -0.00245935  0.000433926  -0.00158231
  0.00873579  -0.00158231    0.0232144
   0.0196209  -0.00223617   0.00755946
 -0.00223617  0.000461514   -0.0022491
  0.00755946   -0.0022491    0.0227523
   0.0194892  -0.00227395   0.00710702
 -0.00227395  0.000472174  -0.00226208
  0.00710702  -0.00226208    0.0224913
   0.0168764  -0.00251715   0.00429377
 -0.00251715   0.00049031  -0.00136721
  0.00429377  -0.00136721    0.0233689
    0.017101  -0.00245218   0.00375274
 -0.00245218  0.000498224  -0.00173987
  0.00375274  -0.00173987    0.0229741
    0.015372  -0.00211375   0.00158367
 -0.00211375  0.000461006  -0.00156078
  0.00158367  -0.00156078    0.0225641
    0.017057  -0.00222519   0.00299451
 -0.00222519  0.000506355    -0.002133
  0.00299451    -0.002133    0.0221938
   0.0159111  -0.00205999   0.00111188
 -0.00205999   0.00048271  -0.00197308
  0.00111188  -0.00197308    0.0226202
   0.0165209  -0.00185575   0.00086866
 -0.00185575  0.000507309  -0.00236232
  0.00086866  -0.00236232    0.0219853
   0.0174275  -0.00194255   0.00261021
 -0.00194255  0.000522824  -0.00249549
  0.00261021  -0.00249549    0.0212517
   0.0149857   -0.0015907  -0.00106338
  -0.0015907  0.000435624  -0.00199316
 -0.00106338  -0.00199316    0.0221795
   0.0178904  -0.00156595   0.00225943
 -0.00156595  0.000545065   -0.0028261
  0.00225943   -0.0028261    0.0203915
   0.0183626  -0.00103638    0.0012947
 -0.00103638  0.000567289  -0.00312382
   0.0012947  -0.00312382     0.020368
   0.0176615  -0.00103222 -0.000184555
 -0.00103222  0.000512771    -0.002848
-0.000184555    -0.002848    0.0205032
   0.0185868 -0.000449334  1.04372e-05
-0.000449334  0.000584928  -0.00331552
 1.04372e-05  -0.00331552    0.0203344
   0.0184992 -0.000503037  -0.00106998
-0.000503037  0.000513268  -0.00300725
 -0.00106998  -0.00300725    0.0203107
   0.0191258  1.95075e-05  -0.00222029
 1.95075e-05  0.000510452  -0.00303402
 -0.00222029  -0.00303402    0.0202218
   0.0186118  0.000113869  -0.00143915
 0.000113869  0.000601263  -0.00338828
 -0.00143915  -0.00338828    0.0203454
   0.0175824 -0.000527234  -0.00245549
-0.000527234  0.000428485   -0.0026145
 -0.00245549   -0.0026145    0.0203321
   0.0189375 -6.11503e-05  -0.00336472
-6.11503e-05   0.00041238   -0.0026173
 -0.00336472   -0.0026173    0.0202935
    0.017921 -0.000207675  -0.00423557
-0.000207675  0.000323644  -0.00214666
 -0.00423557  -0.00214666    0.0200379
   0.0168238 -0.000567977  -0.00350034
-0.000567977  0.000356168  -0.00226035
 -0.00350034  -0.00226035    0.0207695
   0.0168897  -0.00096719  -0.00168622
 -0.00096719  0.000448936  -0.00257502
 -0.00168622  -0.00257502    0.0210902
   0.0156783  -0.00100075  -0.00282838
 -0.00100075  0.000400468  -0.00226363
 -0.00282838  -0.00226363    0.0221504
   0.0159886  -0.00139893  -0.00129919
 -0.00139893  0.000460334  -0.00237007
 -0.00129919  -0.00237007    0.0218674
   0.0170616  -0.00148112  0.000304331
 -0.00148112  0.000507582  -0.00263038
 0.000304331  -0.00263038    0.0213166
    0.015891 -0.000543008  -0.00434845
-0.000543008   0.00030499  -0.00203304
 -0.00434845  -0.00203304    0.0212018
    0.016777 -0.000302927  -0.00485845
-0.000302927  0.000253475  -0.00166339
 -0.00485845  -0.00166339    0.0193317
    0.005789  -0.00490812  -0.00453205
 -0.00490812   0.00450942   0.00457561
 -0.00453205   0.00457561    0.0215666
  0.00590881   -0.0050579  -0.00392711
  -0.0050579    0.0046457   0.00421875
 -0.00392711   0.00421875    0.0219332
  0.00568572  -0.00443028  -0.00347668
 -0.00443028   0.00371657   0.00302935
 -0.00347668   0.00302935    0.0221186
   0.0059823  -0.00457289  -0.00276723
 -0.00457289   0.00385207   0.00311496
 -0.00276723   0.00311496    0.0225749
  0.00618431  -0.00516799  -0.00318236
 -0.00516799   0.00473357   0.00417683
 -0.00318236   0.00417683    0.0222698
  0.00576526  -0.00401835  -0.00231829
 -0.00401835   0.00308204   0.00219929
 -0.00231829   0.00219929    0.0229411
  0.00647503  -0.00462299  -0.00189682
 -0.00462299   0.00389765   0.00359281
 -0.00189682   0.00359281    0.0230297
  0.00627261  -0.00407995  -0.00149072
 -0.00407995   0.00313626   0.00275398
 -0.00149072   0.00275398     0.023513
   0.0069849  -0.00404797 -0.000531476
 -0.00404797   0.00317835   0.00359244
-0.000531476   0.00359244    0.0240665
  0.00666197  -0.00519917  -0.00227402
 -0.00519917   0.00476304   0.00452409
 -0.00227402   0.00452409    0.0226079
  0.00717345  -0.00458234 -0.000882421
 -0.00458234   0.00396254   0.00436917
-0.000882421   0.00436917    0.0234597
  0.00734195   -0.0051617  -0.00122759
  -0.0051617   0.00486085   0.00518938
 -0.00122759   0.00518938    0.0229233
  0.00608208  -0.00363841  -0.00113637
 -0.00363841   0.00254812   0.00215628
 -0.00113637   0.00215628    0.0240596
  0.00679084  -0.00360289 -0.000232483
 -0.00360289    0.0025639    0.0029837
-0.000232483    0.0029837     0.024721
  0.00662755  -0.00329843 -1.65385e-05
 -0.00329843   0.00215051   0.00252303
-1.65385e-05   0.00252303    0.0253829
  0.00629947  -0.00353895  -0.00107202
 -0.00353895   0.00228262   0.00187413
 -0.00107202   0.00187413    0.0248183
  0.00578815  -0.00370329  -0.00205099
 -0.00370329   0.00255667   0.00165169
 -0.00205099   0.00165169    0.0235126
   0.0062264  -0.00370849  -0.00200895
 -0.00370849   0.00236131   0.00141422
 -0.00200895   0.00141422     0.024223
  0.00563839  -0.00362362  -0.00275332
 -0.00362362   0.00243586   0.00146056
 -0.00275332   0.00146056    0.0228942
  0.00552864  -0.00389996  -0.00305231
 -0.00389996   0.00294655   0.00205905
 -0.00305231   0.00205905    0.0224278
  0.00539786  -0.00369135  -0.00357814
 -0.00369135    0.0027146   0.00218756
 -0.00357814   0.00218756    0.0218193
  0.00612862   -0.0036416   -0.0026644
  -0.0036416   0.00224699   0.00124749
  -0.0026644   0.00124749    0.0221338
  0.00549944  -0.00340403  -0.00322149
 -0.00340403   0.00219298   0.00154443
 -0.00322149   0.00154443    0.0216539
  0.00591582   -0.0034119   -0.0030998
  -0.0034119   0.00202985   0.00131234
  -0.0030998   0.00131234    0.0210485
  0.00555304  -0.00423949  -0.00403759
 -0.00423949   0.00351307   0.00325454
 -0.00403759   0.00325454     0.021626
  0.00815069  -0.00503273 -0.000133796
 -0.00503273   0.00508108   0.00609226
-0.000133796   0.00609226    0.0231659
  0.00802109  -0.00445046  0.000177283
 -0.00445046     0.004107   0.00534304
 0.000177283   0.00534304    0.0238301
  0.00886443  -0.00426016   0.00113742
 -0.00426016   0.00438967   0.00635566
  0.00113742   0.00635566    0.0240986
  0.00893562  -0.00482943  0.000858137
 -0.00482943   0.00547335   0.00709233
 0.000858137   0.00709233    0.0232891
  0.00872788  -0.00375065   0.00137573
 -0.00375065   0.00342778   0.00554475
  0.00137573   0.00554475     0.024978
  0.00950553  -0.00403697   0.00183667
 -0.00403697   0.00477895   0.00728692
  0.00183667   0.00728692    0.0242765
  0.00942836  -0.00357687   0.00201892
 -0.00357687   0.00368854   0.00635529
  0.00201892   0.00635529    0.0253085
  0.00978096  -0.00346743   0.00231149
 -0.00346743   0.00398431   0.00684196
  0.00231149   0.00684196      0.02558
  0.00950347  -0.00455991   0.00159555
 -0.00455991   0.00598671   0.00807564
  0.00159555   0.00807564    0.0233176
  0.00978931  -0.00385024   0.00219471
 -0.00385024   0.00518931   0.00795034
  0.00219471   0.00795034    0.0244036
  0.00972109  -0.00430728   0.00199695
 -0.00430728   0.00651769   0.00886917
  0.00199695   0.00886917    0.0232951
  0.00927618  -0.00322364   0.00210246
 -0.00322364   0.00282441   0.00539471
  0.00210246   0.00539471    0.0263659
  0.00968481  -0.00318148   0.00232708
 -0.00318148   0.00302053   0.00564372
  0.00232708   0.00564372    0.0267622
  0.00951768   -0.0030119   0.00225165
  -0.0030119   0.00233478   0.00441374
  0.00225165   0.00441374    0.0278953
   0.0090734  -0.00300478   0.00209894
 -0.00300478   0.00220533   0.00442261
  0.00209894   0.00442261    0.0273927
  0.00854366  -0.00335363   0.00152925
 -0.00335363   0.00267459   0.00476834
  0.00152925   0.00476834    0.0258944
  0.00833827   -0.0030902   0.00159894
  -0.0030902     0.002135   0.00401949
  0.00159894   0.00401949    0.0267948
  0.00765826  -0.00349638  0.000699543
 -0.00349638   0.00259144   0.00392015
 0.000699543   0.00392015    0.0253409
  0.00784885   -0.0039227  0.000472469
  -0.0039227   0.00325631   0.00458078
 0.000472469   0.00458078    0.0245628
  0.00746713  -0.00319819  0.000849297
 -0.00319819   0.00212091   0.00334247
 0.000849297   0.00334247    0.0261125
   0.0138628   -0.0056176  -0.00161213
  -0.0056176   0.00255708   0.00250728
 -0.00161213   0.00250728    0.0221839
   0.0123922  -0.00504474 -0.000994005
 -0.00504474   0.00236965   0.00276808
-0.000994005   0.00276808    0.0230682
   0.0105069  -0.00388658  0.000270519
 -0.00388658   0.00183353   0.00266365
 0.000270519   0.00266365    0.0254422
  0.00956316  -0.00378953  0.000178088
 -0.00378953    0.0018906    0.0027624
 0.000178088    0.0027624    0.0253454
   0.0121066  -0.00527943  -0.00145808
 -0.00527943   0.00261497   0.00293521
 -0.00145808   0.00293521    0.0223973
   0.0084115  -0.00312956  0.000940609
 -0.00312956   0.00165508   0.00287398
 0.000940609   0.00287398    0.0262896
  0.00922631  -0.00405509 -0.000462756
 -0.00405509   0.00212798   0.00265438
-0.000462756   0.00265438    0.0248787
  0.00767836   -0.0032233  0.000392367
  -0.0032233   0.00177229   0.00261051
 0.000392367   0.00261051     0.026015
  0.00775717  -0.00372995 -0.000594108
 -0.00372995   0.00211553   0.00228913
-0.000594108   0.00228913    0.0259284
   0.0109958  -0.00522497   -0.0019133
 -0.00522497   0.00277671   0.00296985
  -0.0019133   0.00296985    0.0212445
  0.00897113  -0.00445752  -0.00155585
 -0.00445752   0.00248162   0.00251495
 -0.00155585   0.00251495    0.0226796
   0.0104774  -0.00546905  -0.00262591
 -0.00546905   0.00309522   0.00296256
 -0.00262591   0.00296256    0.0200416
  0.00726171  -0.00300631  0.000848034
 -0.00300631   0.00180156   0.00285481
 0.000848034   0.00285481    0.0262759
  0.00693594  -0.00334247 -0.000128806
 -0.00334247   0.00200879   0.00230813
-0.000128806   0.00230813    0.0258881
  0.00818041  -0.00297072   0.00141194
 -0.00297072   0.00177919   0.00336132
  0.00141194   0.00336132    0.0268693
   0.0090054  -0.00296164   0.00176821
 -0.00296164   0.00180411   0.00357506
  0.00176821   0.00357506    0.0276313
  0.00948484  -0.00326693   0.00109453
 -0.00326693   0.00167376   0.00292418
  0.00109453   0.00292418    0.0266051
   0.0103893  -0.00349315   0.00101431
 -0.00349315   0.00176887   0.00261651
  0.00101431   0.00261651    0.0273429
  0.00957302  -0.00304382   0.00179123
 -0.00304382   0.00189617   0.00338259
  0.00179123   0.00338259    0.0282806
   0.0117681  -0.00432094 -0.000175672
 -0.00432094   0.00197155   0.00233822
-0.000175672   0.00233822    0.0250871
   0.0101136  -0.00554503   -0.0029745
 -0.00554503   0.00322607    0.0028674
  -0.0029745    0.0028674    0.0194681
  0.00895017  -0.00478285  -0.00243518
 -0.00478285   0.00273645   0.00234757
 -0.00243518   0.00234757    0.0208294
  0.00926926  -0.00512537  -0.00330833
 -0.00512537   0.00295439   0.00241388
 -0.00330833   0.00241388     0.020421
   0.0101693   -0.0057052  -0.00347033
  -0.0057052     0.003343   0.00291375
 -0.00347033   0.00291375    0.0194405
   0.0081457  -0.00447777  -0.00279112
 -0.00447777   0.00258353   0.00190788
 -0.00279112   0.00190788    0.0214625
  0.00898818  -0.00490702  -0.00360178
 -0.00490702   0.00278839    0.0023465
 -0.00360178    0.0023465    0.0199963
  0.00829381  -0.00451428  -0.00337362
 -0.00451428   0.00253836    0.0017452
 -0.00337362    0.0017452    0.0210506
  0.00786205  -0.00414918  -0.00372234
 -0.00414918   0.00226589   0.00166483
 -0.00372234   0.00166483    0.0209933
  0.00954703  -0.00533732  -0.00380543
 -0.00533732   0.00311115   0.00282162
 -0.00380543   0.00282162    0.0182643
  0.00846032  -0.00440216  -0.00381009
 -0.00440216   0.00240655   0.00221049
 -0.00381009   0.00221049    0.0191766
  0.00915063  -0.00495321  -0.00400389
 -0.00495321   0.00284769   0.00291963
 -0.00400389   0.00291963    0.0181667
  0.00705402  -0.00394666  -0.00299126
 -0.00394666   0.00228527   0.00145131
 -0.00299126   0.00145131    0.0212812
  0.00656329  -0.00356358  -0.00331299
 -0.00356358   0.00199984   0.00138518
 -0.00331299   0.00138518     0.020774
  0.00700759  -0.00395908  -0.00228575
 -0.00395908   0.00236062   0.00152237
 -0.00228575   0.00152237    0.0227617
  0.00692013    -0.003712  -0.00121694
   -0.003712   0.00223414   0.00182779
 -0.00121694   0.00182779    0.0255937
  0.00784173  -0.00414455   -0.0018541
 -0.00414455   0.00238852   0.00201453
  -0.0018541   0.00201453    0.0231381
  0.00956967  -0.00412036   0.00207349
 -0.00412036   0.00692701   0.00937245
  0.00207349   0.00937245    0.0232596
  0.00969357  -0.00375554   0.00221349
 -0.00375554   0.00549544   0.00825772
  0.00221349   0.00825772    0.0245102
  0.00930749  -0.00375309    0.0019746
 -0.00375309   0.00561518   0.00821575
   0.0019746   0.00821575    0.0246137
  0.00915898  -0.00402315   0.00190007
 -0.00402315   0.00714964   0.00956873
  0.00190007   0.00956873    0.0232388
  0.00939312    -0.003546   0.00193599
   -0.003546   0.00427645    0.0066281
  0.00193599    0.0066281     0.026019
  0.00877919  -0.00378499   0.00157023
 -0.00378499   0.00555268   0.00793849
  0.00157023   0.00793849    0.0247389
  0.00888535  -0.00364825   0.00145031
 -0.00364825   0.00418585   0.00609374
  0.00145031   0.00609374    0.0262285
  0.00834325  -0.00368978  0.000881616
 -0.00368978   0.00398729   0.00547463
 0.000881616   0.00547463    0.0264465
  0.00862134  -0.00396778   0.00156673
 -0.00396778   0.00717161    0.0095314
  0.00156673    0.0095314    0.0232608
  0.00821895  -0.00377723   0.00107799
 -0.00377723    0.0053541   0.00754319
  0.00107799   0.00754319    0.0248833
   0.0080692  -0.00389427   0.00113944
 -0.00389427   0.00703311   0.00936169
  0.00113944   0.00936169    0.0233155
  0.00893663  -0.00356475    0.0012152
 -0.00356475   0.00319308   0.00416062
   0.0012152   0.00416062    0.0276495
  0.00841954  -0.00363803  0.000575539
 -0.00363803    0.0030556   0.00332054
 0.000575539   0.00332054    0.0279136
  0.00844784  -0.00362053  0.000216269
 -0.00362053   0.00256876   0.00123188
 0.000216269   0.00123188    0.0292451
  0.00893211  -0.00352839  0.000916453
 -0.00352839   0.00259393    0.0022309
 0.000916453    0.0022309    0.0289585
  0.00941114   -0.0034096   0.00178393
  -0.0034096   0.00325171   0.00493108
  0.00178393   0.00493108    0.0273823
   0.0093616  -0.00333526   0.00156092
 -0.00333526    0.0025739   0.00319771
  0.00156092   0.00319771    0.0286498
  0.00971091  -0.00325154   0.00219265
 -0.00325154   0.00319377   0.00547051
  0.00219265   0.00547051    0.0270956
  0.00974022  -0.00346043   0.00225783
 -0.00346043   0.00420789   0.00692181
  0.00225783   0.00692181    0.0258115
  0.00959825   -0.0031327   0.00204901
  -0.0031327   0.00247976   0.00397389
  0.00204901   0.00397389    0.0283062
  0.00754204   -0.0037715  0.000647265
  -0.0037715   0.00676314   0.00917545
 0.000647265   0.00917545      0.02337
  0.00769127   -0.0036795  0.000515538
  -0.0036795   0.00505572   0.00716184
 0.000515538   0.00716184    0.0250172
  0.00720817  -0.00349398  -9.9695e-05
 -0.00349398   0.00469859   0.00689016
 -9.9695e-05   0.00689016     0.025121
  0.00706058  -0.00358987  0.000109053
 -0.00358987   0.00642675   0.00904373
 0.000109053   0.00904373    0.0233974
  0.00735257  -0.00340079 -0.000426503
 -0.00340079   0.00339451   0.00447551
-0.000426503   0.00447551    0.0267922
  0.00677599  -0.00325453 -0.000754335
 -0.00325453   0.00434054   0.00672079
-0.000754335   0.00672079    0.0252049
  0.00692882  -0.00311427  -0.00114448
 -0.00311427   0.00304475   0.00420534
 -0.00114448   0.00420534    0.0269167
  0.00659053  -0.00281043  -0.00180706
 -0.00281043   0.00269844   0.00409469
 -0.00180706   0.00409469    0.0268339
  0.00663244  -0.00337142 -0.000462226
 -0.00337142   0.00608071   0.00896111
-0.000462226   0.00896111    0.0234029
  0.00640914  -0.00298732  -0.00140006
 -0.00298732   0.00399737   0.00667181
 -0.00140006   0.00667181    0.0250416
  0.00626942  -0.00313136  -0.00103535
 -0.00313136   0.00575922   0.00893608
 -0.00103535   0.00893608    0.0234026
    0.007078  -0.00299073   -0.0016058
 -0.00299073   0.00229632   0.00163924
  -0.0016058   0.00163924    0.0284363
  0.00689077  -0.00265471  -0.00226897
 -0.00265471   0.00194817   0.00152481
 -0.00226897   0.00152481    0.0280955
   0.0070625   -0.0025235  -0.00268341
  -0.0025235   0.00173159 -0.000885699
 -0.00268341 -0.000885699    0.0295543
  0.00719363  -0.00290949  -0.00205705
 -0.00290949   0.00206866 -0.000731452
 -0.00205705 -0.000731452     0.029693
  0.00747955  -0.00332991 -0.000849783
 -0.00332991   0.00260447   0.00200112
-0.000849783   0.00200112    0.0283169
  0.00756493  -0.00328944  -0.00128281
 -0.00328944   0.00233451 -0.000316611
 -0.00128281 -0.000316611    0.0296278
  0.00792681  -0.00356245 -0.000117185
 -0.00356245   0.00286139    0.0025642
-0.000117185    0.0025642    0.0281462
  0.00782134  -0.00360959  0.000253442
 -0.00360959   0.00371521   0.00489785
 0.000253442   0.00489785    0.0266419
  0.00798087   -0.0035454 -0.000517819
  -0.0035454   0.00248783  0.000345098
-0.000517819  0.000345098    0.0294789
    0.013276  -0.00581093  -0.00607199
 -0.00581093   0.00350703  -0.00148386
 -0.00607199  -0.00148386    0.0225581
   0.0138019  -0.00622073  -0.00561632
 -0.00622073   0.00368254  -0.00151682
 -0.00561632  -0.00151682    0.0227324
   0.0107885    -0.004632  -0.00447852
   -0.004632   0.00302575   -0.0027388
 -0.00447852   -0.0027388    0.0265712
   0.0112454   -0.0049669   -0.0038875
  -0.0049669   0.00305164  -0.00243387
  -0.0038875  -0.00243387    0.0266204
   0.0142927  -0.00648135  -0.00512625
 -0.00648135   0.00366822  -0.00135397
 -0.00512625  -0.00135397    0.0227708
  0.00909595  -0.00395456  -0.00269517
 -0.00395456   0.00264242  -0.00278989
 -0.00269517  -0.00278989    0.0292621
   0.0116729  -0.00513737  -0.00328105
 -0.00513737    0.0029304  -0.00192435
 -0.00328105  -0.00192435    0.0265353
  0.00951333  -0.00417511  -0.00200083
 -0.00417511   0.00257742  -0.00213493
 -0.00200083  -0.00213493    0.0291567
  0.00993999  -0.00422488   -0.0012891
 -0.00422488   0.00244837  -0.00126334
  -0.0012891  -0.00126334    0.0289497
   0.0146758  -0.00660213  -0.00461123
 -0.00660213   0.00353246 -0.000988632
 -0.00461123 -0.000988632    0.0226694
   0.0120444  -0.00517126  -0.00263824
 -0.00517126   0.00274911  -0.00117633
 -0.00263824  -0.00117633    0.0263268
   0.0149766  -0.00659818  -0.00405185
 -0.00659818   0.00333513 -0.000421449
 -0.00405185 -0.000421449    0.0224783
  0.00830517   -0.0036465   -0.0011529
  -0.0036465    0.0023948  -0.00130121
  -0.0011529  -0.00130121    0.0299848
  0.00874473  -0.00371806 -0.000410947
 -0.00371806   0.00236272 -0.000370467
-0.000410947 -0.000370467    0.0297565
  0.00790064  -0.00339704  -0.00190104
 -0.00339704   0.00235589  -0.00199672
 -0.00190104  -0.00199672    0.0301066
   0.0075457  -0.00299241  -0.00265396
 -0.00299241   0.00216929  -0.00243073
 -0.00265396  -0.00243073    0.0301054
  0.00870073  -0.00356725  -0.00338556
 -0.00356725   0.00253638  -0.00318463
 -0.00338556  -0.00318463    0.0292167
  0.00853859  -0.00309047  -0.00398148
 -0.00309047   0.00222181    -0.003293
 -0.00398148    -0.003293    0.0290893
  0.00755589  -0.00258731  -0.00327631
 -0.00258731   0.00184229  -0.00254591
 -0.00327631  -0.00254591    0.0298318
   0.0105148  -0.00418378  -0.00501827
 -0.00418378   0.00277605  -0.00278158
 -0.00501827  -0.00278158    0.0263848
   0.0151851  -0.00648804  -0.00344794
 -0.00648804   0.00311032  0.000324297
 -0.00344794  0.000324297    0.0222204
   0.0123534  -0.00505867  -0.00197099
 -0.00505867   0.00253492 -0.000255647
 -0.00197099 -0.000255647    0.0260541
   0.0125351  -0.00486855  -0.00132299
 -0.00486855   0.00230855  0.000769377
 -0.00132299  0.000769377    0.0257134
    0.015273  -0.00632746  -0.00280588
 -0.00632746    0.0028928   0.00113342
 -0.00280588   0.00113342    0.0220222
   0.0106144  -0.00390892  0.000116685
 -0.00390892   0.00207665  0.000899323
 0.000116685  0.000899323    0.0283321
   0.0124365  -0.00463185 -0.000674812
 -0.00463185   0.00211959   0.00165742
-0.000674812   0.00165742    0.0253612
   0.0106938  -0.00368043   0.00065815
 -0.00368043   0.00189557   0.00191494
  0.00065815   0.00191494      0.02792
   0.0147406  -0.00596695  -0.00214448
 -0.00596695   0.00267051   0.00191142
 -0.00214448   0.00191142    0.0220482
  0.00971385  -0.00318175   0.00153464
 -0.00318175   0.00202079   0.00274176
  0.00153464   0.00274176    0.0287598
  0.00954606  -0.00340713   0.00100653
 -0.00340713   0.00216395    0.0017928
  0.00100653    0.0017928      0.02914
  0.00918588  -0.00361041  0.000319351
 -0.00361041   0.00228303  0.000696502
 0.000319351  0.000696502    0.0294677
   0.0103273  -0.00412216 -0.000565534
 -0.00412216   0.00227735 -0.000216644
-0.000565534 -0.000216644    0.0286654
  0.00475766  -0.00849623  -0.00235362
 -0.00849623    0.0257254     0.015006
 -0.00235362     0.015006    0.0153757
  0.00524041    -0.008476  -0.00172551
   -0.008476    0.0244858    0.0143735
 -0.00172551    0.0143735    0.0159921
  0.00533539  -0.00823566  -0.00232512
 -0.00823566    0.0203277    0.0133138
 -0.00232512    0.0133138    0.0172607
  0.00587754  -0.00824692  -0.00160675
 -0.00824692    0.0194267    0.0126576
 -0.00160675    0.0126576     0.017645
  0.00582065  -0.00846042  -0.00106416
 -0.00846042     0.023332     0.013834
 -0.00106416     0.013834    0.0165434
  0.00598132  -0.00800117  -0.00220637
 -0.00800117    0.0158873    0.0114379
 -0.00220637    0.0114379    0.0187074
  0.00649735  -0.00824704 -0.000880626
 -0.00824704    0.0186782    0.0122165
