           0            0            0
           0            0            0
           0            0            0
   0.0303016  -0.00249907   0.00735146
 -0.00249907  0.000508271  -0.00191352
  0.00735146  -0.00191352     0.017762
   0.0263658  -0.00206277    0.0100041
 -0.00206277  0.000333914  -0.00154348
   0.0100041  -0.00154348    0.0217009
   0.0224724  -0.00243448    0.0125193
 -0.00243448  0.000403131  -0.00133219
   0.0125193  -0.00133219    0.0239745
   0.0215047  -0.00292079    0.0136752
 -0.00292079  0.000525853  -0.00101386
   0.0136752  -0.00101386    0.0240666
    0.021585  -0.00332727    0.0130418
 -0.00332727  0.000665284 -0.000734369
   0.0130418 -0.000734369     0.024198
   0.0193861  -0.00315806    0.0114659
 -0.00315806  0.000621586 -0.000896736
   0.0114659 -0.000896736    0.0218271
   0.0201224  -0.00349892    0.0104932
 -0.00349892  0.000733894 -0.000680173
   0.0104932 -0.000680173    0.0229034
   0.0216918  -0.00359264    0.0118839
 -0.00359264  0.000759284 -0.000591755
   0.0118839 -0.000591755    0.0243498
    0.019854  -0.00353563   0.00837349
 -0.00353563  0.000759507 -0.000640398
  0.00837349 -0.000640398    0.0235721
   0.0215472  -0.00368347   0.00986241
 -0.00368347  0.000786381 -0.000592719
  0.00986241 -0.000592719     0.025055
    0.019705  -0.00330915   0.00581582
 -0.00330915  0.000708793 -0.000799338
  0.00581582 -0.000799338    0.0244875
   0.0216398  -0.00371582   0.00884896
 -0.00371582   0.00077104 -0.000753923
  0.00884896 -0.000753923    0.0251327
    0.044258   0.00103172    0.0161312
  0.00103172  0.000954995   0.00293502
   0.0161312   0.00293502    0.0219951
   0.0384931 -0.000249355    0.0185172
-0.000249355   0.00121593    0.0037268
   0.0185172    0.0037268    0.0259547
   0.0376984  0.000515426     0.018144
 0.000515426  0.000918078   0.00345299
    0.018144   0.00345299    0.0258909
   0.0344261 -0.000221467    0.0202636
-0.000221467   0.00119834   0.00400017
   0.0202636   0.00400017    0.0290108
   0.0343849 -0.000892337    0.0201109
-0.000892337   0.00150366   0.00414085
   0.0201109   0.00414085    0.0287747
   0.0320765 -4.26655e-05      0.01895
-4.26655e-05  0.000908144   0.00343985
     0.01895   0.00343985    0.0284408
   0.0318499 -0.000837553    0.0205639
-0.000837553   0.00140126   0.00404664
   0.0205639   0.00404664    0.0301312
   0.0300826 -0.000665056    0.0195999
-0.000665056   0.00112963   0.00362488
   0.0195999   0.00362488    0.0297257
   0.0295847  -0.00126405    0.0193779
 -0.00126405   0.00122646   0.00339665
   0.0193779   0.00339665    0.0297967
   0.0313394    -0.001391    0.0200598
   -0.001391   0.00166482   0.00408244
   0.0200598   0.00408244    0.0297254
   0.0311049  -0.00147231    0.0201348
 -0.00147231   0.00144551   0.00367605
   0.0201348   0.00367605      0.03012
    0.030332  -0.00196821    0.0194289
 -0.00196821   0.00164887   0.00363253
   0.0194289   0.00363253     0.029695
   0.0278667 -0.000898743    0.0182632
-0.000898743  0.000879959   0.00282687
   0.0182632   0.00282687    0.0291253
   0.0273798  -0.00143869    0.0181053
 -0.00143869   0.00101976   0.00275562
   0.0181053   0.00275562     0.029223
   0.0260168  -0.00191085    0.0173124
 -0.00191085  0.000847306   0.00185581
   0.0173124   0.00185581    0.0289592
   0.0267397  -0.00141501    0.0175821
 -0.00141501  0.000681927   0.00177564
   0.0175821   0.00177564    0.0289541
   0.0297943 -0.000288164    0.0175758
-0.000288164   0.00065795    0.0025222
   0.0175758    0.0025222    0.0278535
   0.0290743 -0.000819765    0.0171725
-0.000819765  0.000478542   0.00138428
   0.0171725   0.00138428    0.0278826
   0.0328875  0.000464047    0.0154224
 0.000464047  0.000455872   0.00183031
   0.0154224   0.00183031    0.0247907
   0.0349526  0.000716431    0.0166109
 0.000716431  0.000658944   0.00278812
   0.0166109   0.00278812    0.0252294
   0.0394258   0.00186848     0.013586
  0.00186848    0.0005312   0.00183829
    0.013586   0.00183829    0.0209961
   0.0327594 -9.66869e-05    0.0151725
-9.66869e-05  0.000325245  0.000702163
   0.0151725  0.000702163    0.0250429
   0.0377426   0.00145521    0.0127244
  0.00145521  0.000370731  0.000941827
   0.0127244  0.000941827    0.0207463
   0.0390121  0.000633126    0.0127681
 0.000633126  0.000285292   -9.812e-05
   0.0127681   -9.812e-05    0.0212678
    0.042365   0.00178084     0.015155
  0.00178084  0.000724915   0.00254527
    0.015155   0.00254527    0.0216243
   0.0295339   -0.0025901    0.0181092
  -0.0025901   0.00149675   0.00290704
   0.0181092   0.00290704    0.0290519
   0.0305049  -0.00217387    0.0188827
 -0.00217387   0.00134853   0.00297951
   0.0188827   0.00297951    0.0293744
   0.0299383  -0.00272453    0.0175694
 -0.00272453    0.0011585   0.00209374
   0.0175694   0.00209374    0.0286808
   0.0287578  -0.00304282    0.0167197
 -0.00304282   0.00125448   0.00201052
   0.0167197   0.00201052     0.028423
   0.0287962  -0.00246298    0.0170511
 -0.00246298   0.00104796   0.00202746
   0.0170511   0.00202746    0.0283719
   0.0293526  -0.00311652    0.0162116
 -0.00311652  0.000937404   0.00107929
   0.0162116   0.00107929    0.0279965
   0.0284272  -0.00284883    0.0157985
 -0.00284883  0.000862573   0.00109436
   0.0157985   0.00109436    0.0277115
   0.0280704  -0.00308657    0.0145822
 -0.00308657  0.000692348   7.4141e-05
   0.0145822   7.4141e-05    0.0270897
   0.0279811  -0.00332064     0.015279
 -0.00332064  0.000993403   0.00101318
    0.015279   0.00101318    0.0277581
   0.0287983  -0.00335988    0.0148995
 -0.00335988  0.000749545   4.0115e-06
   0.0148995   4.0115e-06    0.0273308
   0.0272056  -0.00346144    0.0138535
 -0.00346144  0.000782133 -1.07568e-05
   0.0138535 -1.07568e-05    0.0270505
   0.0263963  -0.00277366    0.0147333
 -0.00277366  0.000806218  0.000928578
   0.0147333  0.000928578    0.0272151
    0.026121  -0.00291736    0.0135429
 -0.00291736  0.000652022  4.32517e-05
   0.0135429  4.32517e-05    0.0266089
   0.0243992  -0.00300192    0.0126189
 -0.00300192  0.000652453 -0.000142405
   0.0126189 -0.000142405    0.0262398
   0.0247599   -0.0029673    0.0138826
  -0.0029673   0.00078552  0.000573503
   0.0138826  0.000573503    0.0268884
   0.0266898  -0.00246863    0.0159415
 -0.00246863  0.000953126   0.00171152
   0.0159415   0.00171152    0.0278598
   0.0251221  -0.00276053    0.0151296
 -0.00276053  0.000890844   0.00117715
   0.0151296   0.00117715    0.0275632
   0.0269968   -0.0020192    0.0170712
  -0.0020192   0.00103626   0.00233421
   0.0170712   0.00233421    0.0285195
   0.0291645  -0.00193132    0.0182548
 -0.00193132   0.00118485   0.00281182
   0.0182548   0.00281182    0.0290585
   0.0255063  -0.00240139    0.0162723
 -0.00240139  0.000916672   0.00161622
   0.0162723   0.00161622    0.0282441
     0.02302   -0.0037963    0.0116998
  -0.0037963  0.000817881 -0.000467939
   0.0116998 -0.000467939    0.0258881
   0.0230773  -0.00365653    0.0128742
 -0.00365653  0.000802375 -0.000354577
   0.0128742 -0.000354577    0.0258643
   0.0245114  -0.00356189    0.0145111
 -0.00356189  0.000839169 -4.68168e-06
   0.0145111 -4.68168e-06    0.0272196
   0.0228598  -0.00334916    0.0140427
 -0.00334916  0.000709319 -0.000442683
   0.0140427 -0.000442683    0.0255477
   0.0247946  -0.00326463    0.0155779
 -0.00326463  0.000770602   0.00010323
   0.0155779   0.00010323    0.0277639
   0.0250203  -0.00281666    0.0164408
 -0.00281666  0.000627329  3.06084e-05
   0.0164408  3.06084e-05    0.0280927
   0.0231328  -0.00295183    0.0150134
 -0.00295183  0.000568964 -0.000620748
   0.0150134 -0.000620748    0.0258094
   0.0254797  -0.00295354    0.0163268
 -0.00295354  0.000841753  0.000760667
   0.0163268  0.000760667    0.0284748
   0.0259558  -0.00250015     0.017325
 -0.00250015  0.000728357  0.000833784
    0.017325  0.000833784    0.0292001
   0.0248803  -0.00323645    0.0150664
 -0.00323645  0.000862714  0.000510897
   0.0150664  0.000510897     0.027696
   0.0243629  -0.00336542    0.0136964
 -0.00336542  0.000801274  9.11806e-05
   0.0136964  9.11806e-05    0.0269128
   0.0240107  -0.00366426    0.0132482
 -0.00366426  0.000815995 -0.000282644
   0.0132482 -0.000282644    0.0267042
   0.0236989  -0.00362919    0.0120351
 -0.00362919  0.000743261 -0.000733422
   0.0120351 -0.000733422    0.0259647
   0.0238274  -0.00331845    0.0122881
 -0.00331845  0.000692462 -0.000454967
   0.0122881 -0.000454967    0.0261603
   0.0226993  -0.00373808    0.0106145
 -0.00373808  0.000761803 -0.000795834
   0.0106145 -0.000795834    0.0256043
   0.0239841  -0.00244466    0.0147042
 -0.00244466  0.000422172 -0.000930555
   0.0147042 -0.000930555    0.0259447
   0.0275796  -0.00199923     0.013097
 -0.00199923  0.000322853   -0.0012548
    0.013097   -0.0012548    0.0245152
   0.0282192  -0.00174785    0.0150573
 -0.00174785  0.000323733 -0.000694465
   0.0150573 -0.000694465    0.0262652
   0.0313656  -0.00172101   0.00992389
 -0.00172101  0.000330911  -0.00156749
  0.00992389  -0.00156749    0.0206287
   0.0319185  -0.00140062    0.0117498
 -0.00140062    0.0003044  -0.00118846
   0.0117498  -0.00118846    0.0221703
   0.0370669  -0.00139373   0.00927192
 -0.00139373  0.000400544  -0.00166317
  0.00927192  -0.00166317    0.0184811
   0.0348742  -0.00214697   0.00763404
 -0.00214697  0.000488763   -0.0019178
  0.00763404   -0.0019178    0.0175263
    0.032678 -0.000689908     0.014143
-0.000689908  0.000259308 -0.000326744
    0.014143 -0.000326744     0.024465
   0.0377166 -0.000370318    0.0113266
-0.000370318  0.000282542 -0.000935709
   0.0113266 -0.000935709      0.02028
   0.0288629  -0.00135712    0.0166428
 -0.00135712  0.000364641  0.000259593
   0.0166428  0.000259593    0.0276608
   0.0264772  -0.00198108     0.017426
 -0.00198108  0.000547061  0.000658325
    0.017426  0.000658325    0.0290689
    0.025562  -0.00230545    0.0162384
 -0.00230545  0.000456334 -0.000248247
   0.0162384 -0.000248247    0.0277321
   0.0263598  -0.00351739    0.0124227
 -0.00351739  0.000659593  -0.00101071
   0.0124227  -0.00101071    0.0263231
    0.028256  -0.00351227    0.0136132
 -0.00351227  0.000645857  -0.00108737
   0.0136132  -0.00108737    0.0266823
   0.0277084  -0.00359911    0.0123436
 -0.00359911  0.000657272  -0.00214646
   0.0123436  -0.00214646    0.0260758
   0.0254331  -0.00351595    0.0109843
 -0.00351595  0.000653906  -0.00194769
   0.0109843  -0.00194769    0.0256168
   0.0275504  -0.00329745     0.012298
 -0.00329745  0.000599916  -0.00210238
    0.012298  -0.00210238    0.0260092
   0.0270161  -0.00366299      0.01108
 -0.00366299   0.00077913  -0.00311912
     0.01108  -0.00311912    0.0255134
   0.0272697  -0.00336995    0.0112099
 -0.00336995  0.000724231  -0.00313953
   0.0112099  -0.00313953    0.0255512
   0.0268597  -0.00344731    0.0101831
 -0.00344731  0.000933409  -0.00404702
   0.0101831  -0.00404702    0.0251327
   0.0244134  -0.00347976   0.00957429
 -0.00347976  0.000744366  -0.00278828
  0.00957429  -0.00278828    0.0249438
   0.0261606  -0.00369253   0.00986594
 -0.00369253  0.000974763  -0.00396222
  0.00986594  -0.00396222     0.024967
   0.0232642  -0.00340262     0.008233
 -0.00340262  0.000903911  -0.00352774
    0.008233  -0.00352774    0.0242639
   0.0255635  -0.00283523    0.0102056
 -0.00283523   0.00063003  -0.00296317
   0.0102056  -0.00296317     0.025137
    0.025471  -0.00283118   0.00927262
 -0.00283118  0.000819615  -0.00386202
  0.00927262  -0.00386202    0.0247725
   0.0233633  -0.00219655   0.00793082
 -0.00219655  0.000699302  -0.00358003
  0.00793082  -0.00358003    0.0242303
   0.0234663  -0.00239542   0.00895304
 -0.00239542  0.000552865  -0.00275582
  0.00895304  -0.00275582    0.0246355
   0.0256634  -0.00288173    0.0112541
 -0.00288173  0.000530739  -0.00195708
   0.0112541  -0.00195708    0.0255614
    0.023691  -0.00265412    0.0101122
 -0.00265412   0.00050008  -0.00185414
   0.0101122  -0.00185414    0.0250956
   0.0258368  -0.00293975    0.0123681
 -0.00293975  0.000543345 -0.000931122
   0.0123681 -0.000931122     0.026048
   0.0277563  -0.00322283     0.013415
 -0.00322283  0.000588899  -0.00100834
    0.013415  -0.00100834    0.0265216
   0.0240061  -0.00289069    0.0113489
 -0.00289069  0.000538581 -0.000961033
   0.0113489 -0.000961033     0.025632
   0.0219886  -0.00324573   0.00694944
 -0.00324573   0.00111034  -0.00421783
  0.00694944  -0.00421783    0.0235395
    0.025127  -0.00365878   0.00865689
 -0.00365878   0.00121106  -0.00470151
  0.00865689  -0.00470151    0.0243885
   0.0239979  -0.00344569   0.00743917
 -0.00344569   0.00149655  -0.00539503
  0.00743917  -0.00539503    0.0237511
   0.0206507  -0.00290834   0.00574197
 -0.00290834    0.0013985   -0.0049324
  0.00574197   -0.0049324     0.022757
   0.0256133  -0.00342077   0.00810287
 -0.00342077   0.00145548  -0.00550803
  0.00810287  -0.00550803    0.0242557
   0.0227283  -0.00297555   0.00625085
 -0.00297555   0.00186218  -0.00610253
  0.00625085  -0.00610253    0.0230497
   0.0247861   -0.0031111   0.00700823
  -0.0031111    0.0017749  -0.00615407
  0.00700823  -0.00615407    0.0237511
   0.0237325  -0.00249255   0.00592444
 -0.00249255    0.0021792  -0.00680743
  0.00592444  -0.00680743     0.023206
   0.0192218  -0.00231946   0.00466128
 -0.00231946    0.0018067  -0.00572285
  0.00466128  -0.00572285     0.021929
   0.0212194  -0.00219117   0.00512974
 -0.00219117   0.00236403  -0.00686646
  0.00512974  -0.00686646     0.022319
    0.017692  -0.00145645   0.00372647
 -0.00145645   0.00241852  -0.00662105
  0.00372647  -0.00662105    0.0211177
   0.0246896   -0.0026746   0.00648368
  -0.0026746     0.001567  -0.00585925
  0.00648368  -0.00585925    0.0237792
   0.0242105  -0.00223393    0.0055297
 -0.00223393    0.0018736  -0.00640244
   0.0055297  -0.00640244    0.0234478
   0.0230027  -0.00158501   0.00415713
 -0.00158501    0.0015272  -0.00577852
  0.00415713  -0.00577852    0.0231308
   0.0230804  -0.00188753   0.00506682
 -0.00188753   0.00131003  -0.00536236
  0.00506682  -0.00536236    0.0233215
   0.0250358  -0.00284378   0.00744258
 -0.00284378   0.00129697  -0.00528161
  0.00744258  -0.00528161    0.0241066
   0.0231832  -0.00201633   0.00601235
 -0.00201633   0.00109931  -0.00487769
  0.00601235  -0.00487769    0.0235672
   0.0252676   -0.0028659   0.00836295
  -0.0028659   0.00104784  -0.00463036
  0.00836295  -0.00463036    0.0244369
   0.0262796  -0.00349999   0.00916312
 -0.00349999   0.00117767  -0.00482411
  0.00916312  -0.00482411    0.0247131
   0.0232622  -0.00209467   0.00697407
 -0.00209467  0.000890936  -0.00429095
  0.00697407  -0.00429095    0.0238786
   0.0201991  0.000370024 -0.000756182
 0.000370024  0.000730688  -0.00386028
-0.000756182  -0.00386028    0.0217243
   0.0203631 -1.59723e-05  0.000705743
-1.59723e-05  0.000710246  -0.00386682
 0.000705743  -0.00386682    0.0218553
   0.0201535 -0.000160729   0.00145023
-0.000160729  0.000800967  -0.00414163
  0.00145023  -0.00414163    0.0220868
   0.0204279 -0.000591093    0.0028652
-0.000591093  0.000728158    -0.003916
   0.0028652    -0.003916     0.022386
   0.0207868 -0.000602764   0.00224783
-0.000602764   0.00067172  -0.00369619
  0.00224783  -0.00369619    0.0221533
   0.0205495 -0.000795668   0.00358266
-0.000795668  0.000808733  -0.00416011
  0.00358266  -0.00416011    0.0226395
   0.0209185  -0.00120211   0.00431343
 -0.00120211  0.000649723   -0.0035529
  0.00431343   -0.0035529    0.0228241
   0.0208448  -0.00121202   0.00487929
 -0.00121202  0.000686669  -0.00372884
  0.00487929  -0.00372884    0.0230528
   0.0213966  -0.00175081   0.00621438
 -0.00175081  0.000592721  -0.00318798
  0.00621438  -0.00318798    0.0235396
   0.0212657  -0.00134619   0.00372044
 -0.00134619  0.000627004  -0.00337388
  0.00372044  -0.00337388    0.0225262
   0.0216624  -0.00192118   0.00580453
 -0.00192118  0.000599103  -0.00308786
  0.00580453  -0.00308786    0.0233327
   0.0215649  -0.00208979   0.00503004
 -0.00208979  0.000598933  -0.00291555
  0.00503004  -0.00291555    0.0227873
   0.0215293  -0.00149801   0.00569448
 -0.00149801  0.000764994  -0.00396898
  0.00569448  -0.00396898    0.0233681
   0.0218039  -0.00181319   0.00682948
 -0.00181319  0.000618981  -0.00334053
  0.00682948  -0.00334053    0.0237939
   0.0214129  -0.00127447   0.00458782
 -0.00127447  0.000928364  -0.00447522
  0.00458782  -0.00447522    0.0230116
   0.0213087  -0.00109119   0.00349459
 -0.00109119   0.00108204   -0.0048567
  0.00349459   -0.0048567    0.0227559
   0.0203726 -0.000505187    0.0023083
-0.000505187  0.000916593  -0.00445166
   0.0023083  -0.00445166    0.0223465
   0.0202366 -0.000246058   0.00107219
-0.000246058   0.00100047  -0.00460925
  0.00107219  -0.00460925    0.0221755
    0.021285 -0.000838936   0.00247475
-0.000838936   0.00122221  -0.00513614
  0.00247475  -0.00513614    0.0226066
   0.0200202  0.000142509  8.21912e-05
 0.000142509  0.000848316   -0.0042059
 8.21912e-05   -0.0042059    0.0219236
    0.021302   -0.0026945   0.00592325
  -0.0026945  0.000591276  -0.00234567
  0.00592325  -0.00234567    0.0230898
   0.0222696  -0.00264461   0.00726722
 -0.00264461  0.000589499  -0.00254435
  0.00726722  -0.00254435    0.0238496
   0.0224468  -0.00320012   0.00859612
 -0.00320012  0.000619303   -0.0019296
  0.00859612   -0.0019296     0.024247
   0.0210843  -0.00314074   0.00647048
 -0.00314074  0.000622434  -0.00170895
  0.00647048  -0.00170895    0.0239814
   0.0227603  -0.00298413   0.00920518
 -0.00298413  0.000571256  -0.00192381
  0.00920518  -0.00192381    0.0247166
   0.0224086  -0.00354639   0.00971198
 -0.00354639  0.000681751  -0.00132472
  0.00971198  -0.00132472    0.0246868
   0.0232748    -0.003419    0.0106812
   -0.003419  0.000644871  -0.00129536
   0.0106812  -0.00129536    0.0253673
   0.0212856  -0.00349573   0.00741443
 -0.00349573    0.0006899  -0.00115513
  0.00741443  -0.00115513    0.0249898
    0.023244  -0.00310168    0.0108512
 -0.00310168  0.000578256  -0.00111016
   0.0108512  -0.00111016    0.0254503
   0.0226904  -0.00271636   0.00942589
 -0.00271636  0.000514301  -0.00185046
  0.00942589  -0.00185046    0.0248228
   0.0221895  -0.00225261   0.00805612
 -0.00225261  0.000526844  -0.00262311
  0.00805612  -0.00262311    0.0242784
   0.0220607  -0.00238375   0.00765035
 -0.00238375  0.000546352  -0.00257281
  0.00765035  -0.00257281    0.0240914
   0.0201318   -0.0032918   0.00512129
  -0.0032918  0.000675995   -0.0010274
  0.00512129   -0.0010274    0.0249854
   0.0203523  -0.00304516   0.00439111
 -0.00304516   0.00061298  -0.00149959
  0.00439111  -0.00149959    0.0245615
   0.0185573  -0.00267603   0.00198141
 -0.00267603  0.000579015  -0.00120471
  0.00198141  -0.00120471    0.0239872
   0.0202303  -0.00258715   0.00344136
 -0.00258715  0.000566618  -0.00204248
  0.00344136  -0.00204248    0.0237334
   0.0191601   -0.0024411   0.00134824
  -0.0024411  0.000536324   -0.0017233
  0.00134824   -0.0017233    0.0240592
   0.0197434  -0.00200555   0.00101359
 -0.00200555  0.000522905  -0.00229375
  0.00101359  -0.00229375    0.0234254
   0.0204905  -0.00204808    0.0029448
 -0.00204808  0.000555705   -0.0025789
   0.0029448   -0.0025789    0.0227554
   0.0181046  -0.00178034  -0.00115252
 -0.00178034   0.00045846  -0.00176504
 -0.00115252  -0.00176504    0.0234791
   0.0207607  -0.00142697   0.00252031
 -0.00142697  0.000578557  -0.00305811
  0.00252031  -0.00305811    0.0218459
   0.0209969 -0.000709566   0.00142588
-0.000709566  0.000608646  -0.00341238
  0.00142588  -0.00341238    0.0217604
   0.0205316 -0.000750098 -0.000178066
-0.000750098  0.000522514  -0.00302638
-0.000178066  -0.00302638    0.0218491
   0.0209317 -4.75574e-05   5.5358e-06
-4.75574e-05  0.000625726  -0.00356443
  5.5358e-06  -0.00356443    0.0216205
   0.0211201 -0.000117686  -0.00111143
-0.000117686  0.000531748  -0.00318912
 -0.00111143  -0.00318912    0.0215937
   0.0214622  0.000378046   -0.0023297
 0.000378046   0.00052148  -0.00309894
  -0.0023297  -0.00309894    0.0213948
   0.0206503  0.000453961  -0.00156574
 0.000453961  0.000622723  -0.00350046
 -0.00156574  -0.00350046    0.0215033
   0.0203435 -0.000190113  -0.00264571
-0.000190113  0.000420334  -0.00269391
 -0.00264571  -0.00269391    0.0215527
   0.0215011  0.000277621  -0.00353753
 0.000277621  0.000410226  -0.00261634
 -0.00353753  -0.00261634    0.0214584
   0.0205644  6.88724e-05   -0.0044921
 6.88724e-05   0.00030724  -0.00205419
  -0.0044921  -0.00205419    0.0211573
   0.0196524 -0.000297122  -0.00381251
-0.000297122  0.000329478  -0.00221727
 -0.00381251  -0.00221727     0.021954
   0.0198599 -0.000722781  -0.00186239
-0.000722781  0.000433789   -0.0026334
 -0.00186239   -0.0026334     0.022387
   0.0187171 -0.000883545  -0.00317028
-0.000883545  0.000378556   -0.0021502
 -0.00317028   -0.0021502    0.0234023
   0.0191431  -0.00136841  -0.00145432
 -0.00136841  0.000450769  -0.00230332
 -0.00145432  -0.00230332     0.023183
   0.0201483   -0.0013907  0.000348086
  -0.0013907   0.00051328  -0.00271107
 0.000348086  -0.00271107    0.0227179
    0.018686 -0.000312474  -0.00480496
-0.000312474  0.000265927   -0.0019211
 -0.00480496   -0.0019211    0.0223533
   0.0193304 -0.000103644  -0.00516578
-0.000103644  0.000236997  -0.00148207
 -0.00516578  -0.00148207     0.020374
  0.00529062  -0.00485678  -0.00600001
 -0.00485678   0.00472297   0.00494361
 -0.00600001   0.00494361    0.0208408
  0.00547913  -0.00492377  -0.00503062
 -0.00492377    0.0047741   0.00478886
 -0.00503062   0.00478886    0.0215479
  0.00522531  -0.00429607   -0.0045409
 -0.00429607   0.00389932    0.0037082
  -0.0045409    0.0037082    0.0218506
   0.0056777  -0.00432852  -0.00337742
 -0.00432852   0.00398753   0.00409976
 -0.00337742   0.00409976    0.0226793
  0.00589014  -0.00492956   -0.0038435
 -0.00492956   0.00482641   0.00502451
  -0.0038435   0.00502451    0.0222385
  0.00545318  -0.00377558  -0.00287621
 -0.00377558   0.00324045   0.00327715
 -0.00287621   0.00327715     0.023227
  0.00639925   -0.0042111  -0.00203017
  -0.0042111   0.00407565   0.00496618
 -0.00203017   0.00496618    0.0234351
  0.00620672   -0.0036581  -0.00157148
  -0.0036581   0.00331835   0.00424086
 -0.00157148   0.00424086    0.0241073
  0.00719948  -0.00337898 -0.000192004
 -0.00337898   0.00348211   0.00553543
-0.000192004   0.00553543    0.0248308
  0.00657976  -0.00480798  -0.00246752
 -0.00480798     0.004911   0.00572908
 -0.00246752   0.00572908    0.0228693
  0.00736742  -0.00393602 -0.000587365
 -0.00393602   0.00428937   0.00618674
-0.000587365   0.00618674    0.0240301
  0.00751502  -0.00456593  -0.00100003
 -0.00456593   0.00517452   0.00681076
 -0.00100003   0.00681076    0.0233497
  0.00602475  -0.00322264  -0.00118042
 -0.00322264   0.00271775   0.00369291
 -0.00118042   0.00369291    0.0248921
   0.0070168  -0.00293531  0.000122764
 -0.00293531   0.00282085   0.00496967
 0.000122764   0.00496967    0.0257276
  0.00685869  -0.00266261   0.00031098
 -0.00266261   0.00233468   0.00447587
  0.00031098   0.00447587    0.0266586
  0.00622956  -0.00315524    -0.001139
 -0.00315524   0.00243761   0.00342366
   -0.001139   0.00342366    0.0259594
  0.00544828  -0.00347661  -0.00257981
 -0.00347661   0.00273925   0.00278978
 -0.00257981   0.00278978    0.0240537
  0.00584348  -0.00351545  -0.00257638
 -0.00351545   0.00256322   0.00258236
 -0.00257638   0.00258236    0.0250943
  0.00507492  -0.00351446   -0.0037681
 -0.00351446   0.00270147   0.00228104
  -0.0037681   0.00228104    0.0230624
   0.0050292  -0.00377169  -0.00407613
 -0.00377169   0.00317079   0.00282236
 -0.00407613   0.00282236    0.0223396
  0.00478732  -0.00363641  -0.00499615
 -0.00363641   0.00303598     0.002719
 -0.00499615     0.002719    0.0213528
  0.00547674  -0.00357108  -0.00370298
 -0.00357108   0.00255282   0.00206359
 -0.00370298   0.00206359    0.0226067
  0.00479956  -0.00336716  -0.00462036
 -0.00336716   0.00256038   0.00212142
 -0.00462036   0.00212142    0.0214252
  0.00511795  -0.00340444  -0.00450884
 -0.00340444   0.00243392   0.00190678
 -0.00450884   0.00190678    0.0211233
  0.00500367  -0.00418188  -0.00547845
 -0.00418188   0.00378769   0.00371235
 -0.00547845   0.00371235    0.0209963
  0.00854765  -0.00421714   0.00040029
 -0.00421714   0.00569595   0.00812518
  0.00040029   0.00812518    0.0236079
  0.00845298  -0.00354572  0.000782919
 -0.00354572   0.00469853   0.00758564
 0.000782919   0.00758564    0.0244133
    0.009409  -0.00316492   0.00187366
 -0.00316492   0.00531397    0.0088984
  0.00187366    0.0088984    0.0245584
  0.00943377  -0.00385577   0.00152559
 -0.00385577   0.00648254   0.00944012
  0.00152559   0.00944012    0.0236119
  0.00931118  -0.00259746   0.00211733
 -0.00259746   0.00421003   0.00816607
  0.00211733   0.00816607    0.0256309
  0.00999301  -0.00289537   0.00251825
 -0.00289537   0.00605295   0.00991628
  0.00251825   0.00991628    0.0245304
  0.00995794  -0.00236742   0.00267732
 -0.00236742   0.00473318    0.0089963
  0.00267732    0.0089963    0.0257496
   0.0100999   -0.0023919   0.00274486
  -0.0023919   0.00522249   0.00923481
  0.00274486   0.00923481    0.0257926
  0.00994287   -0.0035545   0.00222327
  -0.0035545   0.00741741    0.0105567
  0.00222327    0.0105567    0.0234394
    0.010074  -0.00283678   0.00268724
 -0.00283678   0.00672854    0.0104255
  0.00268724    0.0104255    0.0244351
  0.00997351  -0.00341672   0.00246141
 -0.00341672   0.00828309    0.0112806
  0.00246141    0.0112806     0.023198
  0.00982788  -0.00201853    0.0026467
 -0.00201853   0.00361149   0.00790083
   0.0026467   0.00790083    0.0270301
   0.0100318  -0.00210571   0.00260136
 -0.00210571   0.00393471   0.00779963
  0.00260136   0.00779963    0.0271844
  0.00987162  -0.00198606    0.0022756
 -0.00198606   0.00294914   0.00622187
   0.0022756   0.00622187    0.0285243
  0.00961321   -0.0018611   0.00244598
  -0.0018611   0.00273584   0.00668079
  0.00244598   0.00668079    0.0282813
  0.00914089  -0.00220702   0.00220475
 -0.00220702   0.00328423   0.00734246
  0.00220475   0.00734246    0.0267816
  0.00891645  -0.00200111     0.002138
 -0.00200111   0.00254869    0.0064397
    0.002138    0.0064397    0.0279231
  0.00812927  -0.00255675    0.0013119
 -0.00255675    0.0030126    0.0062924
   0.0013119    0.0062924    0.0263607
  0.00831038   -0.0029774   0.00110653
  -0.0029774   0.00377908   0.00694078
  0.00110653   0.00694078    0.0253408
  0.00792821   -0.0023023   0.00138656
  -0.0023023   0.00241131   0.00563402
  0.00138656   0.00563402    0.0273898
    0.014349  -0.00474071  -0.00258627
 -0.00474071   0.00215556   0.00337415
 -0.00258627   0.00337415    0.0233539
   0.0130544  -0.00412088   -0.0015854
 -0.00412088   0.00199858    0.0040418
  -0.0015854    0.0040418    0.0245058
    0.011007  -0.00296624 -0.000101175
 -0.00296624   0.00169214   0.00413855
-0.000101175   0.00413855    0.0268167
    0.010185  -0.00292431   0.00010205
 -0.00292431   0.00176132   0.00449201
  0.00010205   0.00449201      0.02702
   0.0128714    -0.004445  -0.00191919
   -0.004445   0.00223968   0.00427717
 -0.00191919   0.00427717    0.0240362
  0.00894155  -0.00222331   0.00108262
 -0.00222331   0.00169825   0.00480546
  0.00108262   0.00480546     0.027805
  0.00980486  -0.00336801 -0.000534009
 -0.00336801   0.00200764   0.00432294
-0.000534009   0.00432294    0.0267293
  0.00814371  -0.00249731  0.000609856
 -0.00249731   0.00181705   0.00453486
 0.000609856   0.00453486    0.0277351
  0.00801878  -0.00322668 -0.000580649
 -0.00322668   0.00216371   0.00401303
-0.000580649   0.00401303    0.0277518
   0.0117002  -0.00460843  -0.00230031
 -0.00460843   0.00248443   0.00424289
 -0.00230031   0.00424289    0.0230053
  0.00931569  -0.00403712  -0.00182452
 -0.00403712   0.00241925   0.00389746
 -0.00182452   0.00389746    0.0245186
    0.010893  -0.00509322  -0.00315785
 -0.00509322    0.0029262   0.00405047
 -0.00315785   0.00405047    0.0218097
  0.00770565  -0.00218951   0.00126618
 -0.00218951   0.00196926   0.00498498
  0.00126618   0.00498498    0.0277831
   0.0071649    -0.002768  8.98448e-05
   -0.002768   0.00212983   0.00417723
 8.98448e-05   0.00417723    0.0274565
  0.00872266   -0.0019733    0.0017723
  -0.0019733   0.00200355    0.0055469
   0.0017723    0.0055469    0.0282107
  0.00951096  -0.00191082   0.00187733
 -0.00191082     0.002093    0.0055317
  0.00187733    0.0055317    0.0287247
   0.0099583  -0.00230306  0.000943494
 -0.00230306   0.00172717   0.00458667
 0.000943494   0.00458667    0.0278513
   0.0107086  -0.00260762  0.000453368
 -0.00260762   0.00185401   0.00376323
 0.000453368   0.00376323    0.0283168
  0.00992032  -0.00209347   0.00152675
 -0.00209347   0.00223711   0.00482518
  0.00152675   0.00482518    0.0291078
     0.01211  -0.00346622 -0.000971051
 -0.00346622   0.00181709   0.00330731
-0.000971051   0.00330731    0.0261784
   0.0102652  -0.00532306  -0.00364297
 -0.00532306   0.00316556    0.0038451
 -0.00364297    0.0038451    0.0212553
  0.00891899  -0.00456727  -0.00299378
 -0.00456727   0.00279878   0.00346943
 -0.00299378   0.00346943    0.0225483
  0.00880713  -0.00506723  -0.00427411
 -0.00506723   0.00317932   0.00333057
 -0.00427411   0.00333057    0.0220885
  0.00996379  -0.00559334  -0.00438126
 -0.00559334     0.003434   0.00379566
 -0.00438126   0.00379566    0.0212028
  0.00760878  -0.00439876  -0.00367324
 -0.00439876     0.002852   0.00289083
 -0.00367324   0.00289083    0.0228672
  0.00799844  -0.00495135  -0.00497538
 -0.00495135   0.00321757   0.00306792
 -0.00497538   0.00306792    0.0214086
  0.00731404  -0.00453872  -0.00472198
 -0.00453872   0.00298203   0.00252044
 -0.00472198   0.00252044    0.0221904
   0.0066826  -0.00422175  -0.00539116
 -0.00422175   0.00281889   0.00230013
 -0.00539116   0.00230013    0.0217268
  0.00874118  -0.00536241  -0.00514617
 -0.00536241   0.00344232   0.00345404
 -0.00514617   0.00345404    0.0197568
  0.00719342  -0.00451599  -0.00551416
 -0.00451599   0.00296446   0.00275666
 -0.00551416   0.00275666    0.0202431
  0.00794278   -0.0050527  -0.00566445
  -0.0050527   0.00332979   0.00339059
 -0.00566445   0.00339059    0.0194086
  0.00627024  -0.00392962  -0.00414298
 -0.00392962   0.00265293   0.00225104
 -0.00414298   0.00225104    0.0220946
  0.00559124  -0.00360122  -0.00485849
 -0.00360122   0.00247644   0.00197272
 -0.00485849   0.00197272    0.0210948
  0.00654235  -0.00382877   -0.0029729
 -0.00382877   0.00260112   0.00260522
  -0.0029729   0.00260522    0.0239175
  0.00683424  -0.00337745  -0.00138967
 -0.00337745   0.00237959   0.00335486
 -0.00138967   0.00335486    0.0270817
  0.00773613  -0.00389428  -0.00222787
 -0.00389428   0.00251881   0.00333729
 -0.00222787   0.00333729    0.0247975
  0.00959488  -0.00343994   0.00233448
 -0.00343994   0.00887401    0.0115456
  0.00233448    0.0115456    0.0229881
   0.0097237  -0.00299124    0.0024695
 -0.00299124   0.00715357     0.010383
   0.0024695     0.010383     0.024368
  0.00912815  -0.00327405   0.00202289
 -0.00327405   0.00721562   0.00988485
  0.00202289   0.00988485    0.0243786
   0.0089966  -0.00357794   0.00198299
 -0.00357794   0.00908616    0.0114077
  0.00198299    0.0114077    0.0228692
  0.00920501  -0.00305979   0.00184835
 -0.00305979   0.00553104   0.00798607
  0.00184835   0.00798607    0.0259509
  0.00847936  -0.00354495   0.00146527
 -0.00354495   0.00697208   0.00913264
  0.00146527   0.00913264    0.0244913
  0.00856688  -0.00342758   0.00118098
 -0.00342758   0.00528276   0.00687001
  0.00118098   0.00687001    0.0261487
  0.00799181  -0.00363587  0.000483899
 -0.00363587   0.00488311   0.00573705
 0.000483899   0.00573705    0.0264304
  0.00834477  -0.00372308   0.00151957
 -0.00372308   0.00895519    0.0110084
  0.00151957    0.0110084    0.0228694
  0.00787679  -0.00369547   0.00086463
 -0.00369547   0.00653346   0.00830748
  0.00086463   0.00830748    0.0246862
  0.00773968  -0.00378702   0.00100371
 -0.00378702   0.00858477    0.0104968
  0.00100371    0.0104968    0.0229617
  0.00861388  -0.00335903   0.00067922
 -0.00335903   0.00406289   0.00441931
  0.00067922   0.00441931    0.0277556
  0.00806755  -0.00359428 -0.000101644
 -0.00359428   0.00381568   0.00300185
-0.000101644   0.00300185     0.028099
  0.00811289  -0.00356014 -0.000796765
 -0.00356014   0.00332793  0.000331121
-0.000796765  0.000331121    0.0296407
  0.00863121  -0.00331671  4.41335e-05
 -0.00331671   0.00334269   0.00193432
 4.41335e-05   0.00193432    0.0292568
  0.00923113  -0.00293233   0.00145596
 -0.00293233   0.00419969    0.0058557
  0.00145596    0.0058557    0.0274984
  0.00921048  -0.00286352  0.000910528
 -0.00286352   0.00329372   0.00361215
 0.000910528   0.00361215    0.0289514
  0.00977916   -0.0024474   0.00214765
  -0.0024474   0.00417203   0.00706114
  0.00214765   0.00706114    0.0273225
  0.00978491  -0.00265789   0.00241622
 -0.00265789   0.00552594   0.00885355
  0.00241622   0.00885355    0.0258427
  0.00969074  -0.00235609   0.00171266
 -0.00235609   0.00316417   0.00512601
  0.00171266   0.00512601     0.028724
  0.00719417  -0.00373967  0.000449269
 -0.00373967   0.00804708    0.0100189
 0.000449269    0.0100189    0.0230953
  0.00734679  -0.00367262   0.00021358
 -0.00367262    0.0059923   0.00757245
  0.00021358   0.00757245    0.0249203
  0.00688129  -0.00350126 -0.000479764
 -0.00350126   0.00540575   0.00704579
-0.000479764   0.00704579    0.0251629
   0.0067168  -0.00358523 -0.000135565
 -0.00358523    0.0074449   0.00965501
-0.000135565   0.00965501    0.0232251
  0.00706326  -0.00339921  -0.00103119
 -0.00339921   0.00393378   0.00405021
 -0.00103119   0.00405021    0.0270649
  0.00647842  -0.00323397   -0.0012117
 -0.00323397   0.00485608   0.00671066
  -0.0012117   0.00671066    0.0254068
  0.00668703   -0.0030567  -0.00184729
  -0.0030567   0.00343426   0.00361675
 -0.00184729   0.00361675    0.0273906
  0.00638904  -0.00268693   -0.0026004
 -0.00268693   0.00295418   0.00344246
  -0.0026004   0.00344246    0.0275108
  0.00630954  -0.00335717 -0.000752684
 -0.00335717   0.00686606   0.00939983
-0.000752684   0.00939983    0.0233387
   0.0061476   -0.0029244  -0.00192802
  -0.0029244   0.00435385   0.00658201
 -0.00192802   0.00658201    0.0253936
  0.00597887  -0.00308851  -0.00138116
 -0.00308851   0.00635847   0.00925687
 -0.00138116   0.00925687    0.0234421
  0.00690723  -0.00286313  -0.00259748
 -0.00286313   0.00273678  0.000426541
 -0.00259748  0.000426541    0.0291687
  0.00676779  -0.00243393  -0.00333932
 -0.00243393   0.00225993  0.000286589
 -0.00333932  0.000286589     0.029032
  0.00701979  -0.00219371  -0.00402142
 -0.00219371    0.0022439  -0.00266149
 -0.00402142  -0.00266149    0.0307001
  0.00708911  -0.00269715  -0.00332906
 -0.00269715   0.00270697  -0.00249937
 -0.00332906  -0.00249937    0.0306434
  0.00723756   -0.0032901  -0.00174152
  -0.0032901   0.00315427  0.000943713
 -0.00174152  0.000943713     0.028833
  0.00736862  -0.00318862  -0.00247658
 -0.00318862    0.0030596  -0.00195336
 -0.00247658  -0.00195336    0.0303735
  0.00761534   -0.0035628 -0.000906689
  -0.0035628   0.00351703   0.00179941
-0.000906689   0.00179941    0.0284743
  0.00748987  -0.00361993  -0.00025265
 -0.00361993   0.00442293   0.00475273
 -0.00025265   0.00475273    0.0267463
  0.00769533  -0.00351013  -0.00162944
 -0.00351013   0.00324826  -0.00100639
 -0.00162944  -0.00100639    0.0300318
   0.0131144  -0.00598529  -0.00739225
 -0.00598529   0.00467928  -0.00250032
 -0.00739225  -0.00250032     0.023679
   0.0136433  -0.00643839  -0.00706669
 -0.00643839   0.00491358  -0.00263171
 -0.00706669  -0.00263171     0.023858
   0.0106742  -0.00460021  -0.00602196
 -0.00460021   0.00423815  -0.00445856
 -0.00602196  -0.00445856    0.0277774
   0.0110943   -0.0049953  -0.00550911
  -0.0049953   0.00423495  -0.00413288
 -0.00550911  -0.00413288    0.0277332
   0.0141434  -0.00667153  -0.00670369
 -0.00667153   0.00479705  -0.00248137
 -0.00670369  -0.00248137    0.0238417
  0.00894079  -0.00386231  -0.00428652
 -0.00386231   0.00377491  -0.00482842
 -0.00428652  -0.00482842    0.0303269
   0.0115028  -0.00514749  -0.00496964
 -0.00514749   0.00393781  -0.00347964
 -0.00496964  -0.00347964      0.02751
  0.00929724  -0.00412617  -0.00360491
 -0.00412617   0.00360489  -0.00396432
 -0.00360491  -0.00396432    0.0300522
  0.00970813  -0.00412578  -0.00287316
 -0.00412578   0.00326952  -0.00271994
 -0.00287316  -0.00271994    0.0296817
   0.0145265   -0.0066898  -0.00629943
  -0.0066898   0.00442564   -0.0020301
 -0.00629943   -0.0020301    0.0236404
   0.0118768  -0.00508554  -0.00435288
 -0.00508554   0.00347541  -0.00244069
 -0.00435288  -0.00244069    0.0271549
   0.0148222   -0.0065226  -0.00580782
  -0.0065226    0.0039042  -0.00126395
 -0.00580782  -0.00126395    0.0233373
  0.00806165  -0.00357811  -0.00255198
 -0.00357811   0.00329312  -0.00304694
 -0.00255198  -0.00304694    0.0307362
  0.00846104  -0.00362562  -0.00174305
 -0.00362562   0.00315813  -0.00168989
 -0.00174305  -0.00168989     0.030343
  0.00774554  -0.00325861  -0.00334209
 -0.00325861   0.00328771  -0.00399593
 -0.00334209  -0.00399593    0.0310431
  0.00749008  -0.00272834  -0.00413165
 -0.00272834   0.00304571  -0.00452711
 -0.00413165  -0.00452711    0.0312171
   0.0086267  -0.00336293  -0.00495876
 -0.00336293   0.00363899  -0.00527963
 -0.00495876  -0.00527963    0.0304168
  0.00853985  -0.00274825  -0.00553395
 -0.00274825    0.0031739  -0.00532541
 -0.00553395  -0.00532541    0.0303809
   0.0075715   -0.0021887  -0.00477719
  -0.0021887   0.00257851  -0.00460309
 -0.00477719  -0.00460309    0.0310855
   0.0104444  -0.00404192  -0.00648495
 -0.00404192   0.00385978  -0.00441505
 -0.00648495  -0.00441505    0.0276267
   0.0150557  -0.00621374  -0.00518948
 -0.00621374   0.00334555 -0.000210576
 -0.00518948 -0.000210576    0.0230152
   0.0122235  -0.00480841  -0.00363025
 -0.00480841   0.00295957  -0.00109576
 -0.00363025  -0.00109576    0.0267931
   0.0124987  -0.00441357  -0.00281307
 -0.00441357   0.00245486  0.000483088
 -0.00281307  0.000483088    0.0264626
   0.0152534  -0.00582299  -0.00442665
 -0.00582299    0.0028069   0.00101806
 -0.00442665   0.00101806     0.022832
   0.0105503  -0.00345633  -0.00116708
 -0.00345633    0.0024233  0.000628047
 -0.00116708  0.000628047    0.0289627
   0.0125651  -0.00395339  -0.00187307
 -0.00395339   0.00206486   0.00200528
 -0.00187307   0.00200528     0.026223
   0.0108108  -0.00299254 -0.000304827
 -0.00299254   0.00208161   0.00237018
-0.000304827   0.00237018    0.0286736
   0.0149371  -0.00524617  -0.00348708
 -0.00524617   0.00237873    0.0022999
 -0.00348708    0.0022999    0.0229898
   0.0098341  -0.00245071  0.000880016
 -0.00245071    0.0024396   0.00348079
 0.000880016   0.00348079    0.0293637
  0.00944931  -0.00294171  2.31253e-05
 -0.00294171   0.00268812   0.00177144
 2.31253e-05   0.00177144    0.0296229
  0.00894643  -0.00337544 -0.000888495
 -0.00337544   0.00294924  -3.7679e-05
-0.000888495  -3.7679e-05     0.029951
   0.0101434  -0.00388008  -0.00205536
 -0.00388008   0.00285675  -0.00114633
 -0.00205536  -0.00114633    0.0292949
  0.00427986  -0.00863604  -0.00316218
 -0.00863604    0.0263704     0.015334
 -0.00316218     0.015334    0.0148535
  0.00489502  -0.00854901  -0.00237821
 -0.00854901    0.0250628    0.0148635
 -0.00237821    0.0148635    0.0157546
  0.00496487  -0.00825853  -0.00305627
 -0.00825853    0.0205757    0.0136645
 -0.00305627    0.0136645    0.0170036
  0.00568639  -0.00820838  -0.00210292
 -0.00820838    0.0196197    0.0131408
 -0.00210292    0.0131408    0.0177009
  0.00565975  -0.00845628   -0.0015085
 -0.00845628    0.0238535    0.0145004
  -0.0015085    0.0145004    0.0166527
  0.00576693  -0.00792396  -0.00277499
 -0.00792396    0.0158169    0.0117965
 -0.00277499    0.0117965    0.0187106
  0.00652175  -0.00816919  -0.00112851
 -0.00816919     0.018855    0.0128269
