           0            0            0
           0            0            0
           0            0            0
   0.0289497  -0.00168297    0.0065448
 -0.00168297   0.00032286  -0.00152128
   0.0065448  -0.00152128     0.017256
   0.0251859  -0.00146926   0.00924495
 -0.00146926  0.000224313  -0.00121648
  0.00924495  -0.00121648    0.0211226
   0.0214631  -0.00195123    0.0117903
 -0.00195123  0.000296916  -0.00105689
   0.0117903  -0.00105689    0.0233321
   0.0205257  -0.00247095     0.012963
 -0.00247095  0.000410092 -0.000819684
    0.012963 -0.000819684    0.0234268
   0.0206051   -0.0029005    0.0123889
  -0.0029005  0.000537251 -0.000644122
   0.0123889 -0.000644122    0.0235993
   0.0184401  -0.00274301    0.0108311
 -0.00274301  0.000496842 -0.000804411
   0.0108311 -0.000804411    0.0212648
   0.0191411  -0.00309981   0.00994292
 -0.00309981  0.000601075 -0.000690197
  0.00994292 -0.000690197    0.0223733
   0.0207193  -0.00319646    0.0113264
 -0.00319646  0.000628267 -0.000589687
   0.0113264 -0.000589687    0.0237963
   0.0188738  -0.00317848   0.00796722
 -0.00317848  0.000638757 -0.000729361
  0.00796722 -0.000729361    0.0230807
   0.0205749  -0.00332544   0.00944462
 -0.00332544  0.000666608 -0.000665492
  0.00944462 -0.000665492    0.0245373
   0.0187157  -0.00302256   0.00557885
 -0.00302256  0.000618149 -0.000934619
  0.00557885 -0.000934619    0.0240222
   0.0206804  -0.00340212   0.00851965
 -0.00340212  0.000671361 -0.000855349
  0.00851965 -0.000855349    0.0246353
   0.0423751   0.00113717    0.0152597
  0.00113717  0.000875769   0.00284403
   0.0152597   0.00284403     0.021473
   0.0367467 -9.33284e-05    0.0176419
-9.33284e-05   0.00111708   0.00360206
   0.0176419   0.00360206    0.0253814
   0.0361952  0.000667028    0.0173298
 0.000667028  0.000842306   0.00336714
   0.0173298   0.00336714     0.025307
   0.0329522 -5.40124e-05    0.0194298
-5.40124e-05   0.00109829   0.00389205
   0.0194298   0.00389205    0.0283818
   0.0327591 -0.000746491    0.0192721
-0.000746491    0.0013847   0.00399555
   0.0192721   0.00399555    0.0281857
   0.0309701  0.000152588    0.0182539
 0.000152588     0.000828   0.00338496
   0.0182539   0.00338496    0.0278411
   0.0304314 -0.000678691    0.0197865
-0.000678691   0.00128829   0.00393023
   0.0197865   0.00393023    0.0295215
   0.0289715 -0.000461107    0.0189151
-0.000461107   0.00102756   0.00355787
   0.0189151   0.00355787    0.0291206
   0.0284297  -0.00106202    0.0187344
 -0.00106202   0.00111971   0.00332933
   0.0187344   0.00332933    0.0292182
    0.029838  -0.00126269    0.0193196
 -0.00126269   0.00154474   0.00393457
   0.0193196   0.00393457    0.0291708
   0.0296742  -0.00131978    0.0194312
 -0.00131978   0.00134006   0.00356721
   0.0194312   0.00356721    0.0295517
   0.0288666  -0.00184537      0.01879
 -0.00184537   0.00154802    0.0035023
     0.01879    0.0035023    0.0291795
   0.0270453 -0.000647201    0.0176918
-0.000647201  0.000789201   0.00282035
   0.0176918   0.00282035    0.0285477
   0.0265266  -0.00118052    0.0175608
 -0.00118052  0.000914128   0.00273937
   0.0175608   0.00273937    0.0286592
   0.0253103  -0.00159663    0.0168065
 -0.00159663  0.000743092    0.0018933
   0.0168065    0.0018933    0.0283932
   0.0260178   -0.0011105    0.0170387
  -0.0011105  0.000597995   0.00183998
   0.0170387   0.00183998      0.02837
   0.0289671 -6.41237e-05    0.0170038
-6.41237e-05  0.000593028   0.00253403
   0.0170038   0.00253403      0.02729
   0.0282851 -0.000544415    0.0166007
-0.000544415  0.000419493     0.001484
   0.0166007     0.001484    0.0272961
   0.0320054  0.000626166     0.014883
 0.000626166   0.00041201   0.00186931
    0.014883   0.00186931    0.0242824
   0.0338386  0.000865745    0.0159626
 0.000865745  0.000602537   0.00275612
   0.0159626   0.00275612    0.0246922
   0.0382529    0.0019141    0.0130108
   0.0019141  0.000483038   0.00183889
   0.0130108   0.00183889    0.0205469
   0.0318282   0.00013187    0.0145923
  0.00013187  0.000281747  0.000843193
   0.0145923  0.000843193    0.0244904
    0.036703   0.00153199    0.0122095
  0.00153199   0.00033239    0.0010172
   0.0122095    0.0010172    0.0203036
   0.0377873  0.000866007    0.0121341
 0.000866007  0.000239728  9.67356e-05
   0.0121341  9.67356e-05    0.0207514
   0.0408196   0.00184654    0.0144077
  0.00184654  0.000662627   0.00249289
   0.0144077   0.00249289    0.0211237
   0.0281073  -0.00247181    0.0175932
 -0.00247181   0.00142732   0.00280964
   0.0175932   0.00280964    0.0285811
   0.0290649  -0.00202946    0.0182864
 -0.00202946   0.00126685   0.00289196
   0.0182864   0.00289196    0.0288641
   0.0284986  -0.00260421    0.0170861
 -0.00260421   0.00110955   0.00203592
   0.0170861   0.00203592     0.028225
   0.0273869  -0.00294239    0.0163286
 -0.00294239   0.00122068   0.00195458
   0.0163286   0.00195458    0.0279971
   0.0275535  -0.00229873     0.016578
 -0.00229873  0.000980763   0.00198862
    0.016578   0.00198862    0.0278929
   0.0279358  -0.00303008    0.0158388
 -0.00303008  0.000920669   0.00105913
   0.0158388   0.00105913    0.0275936
   0.0271505  -0.00272903    0.0154188
 -0.00272903  0.000827335   0.00108098
   0.0154188   0.00108098    0.0272795
   0.0267816  -0.00301921    0.0142872
 -0.00301921  0.000684048  9.38082e-05
   0.0142872  9.38082e-05    0.0267028
   0.0266869  -0.00324604    0.0150044
 -0.00324604   0.00098887   0.00100438
   0.0150044   0.00100438    0.0273811
   0.0274304  -0.00330991    0.0146217
 -0.00330991    0.0007546  2.77495e-05
   0.0146217  2.77495e-05    0.0269805
   0.0260116  -0.00341204    0.0136766
 -0.00341204  0.000793316  2.81946e-05
   0.0136766  2.81946e-05    0.0267286
   0.0253925  -0.00259873    0.0143978
 -0.00259873  0.000749331  0.000932692
   0.0143978  0.000932692    0.0267583
   0.0250685   -0.0028084    0.0132828
  -0.0028084  0.000624681  6.90179e-05
   0.0132828  6.90179e-05     0.026187
   0.0235721  -0.00283444    0.0123866
 -0.00283444  0.000604253 -0.000110995
   0.0123866 -0.000110995    0.0257844
   0.0239789  -0.00273041    0.0135756
 -0.00273041  0.000708038  0.000591909
   0.0135756  0.000591909    0.0264075
   0.0257441  -0.00224456    0.0155278
 -0.00224456  0.000867788   0.00170142
   0.0155278   0.00170142    0.0273677
   0.0243834  -0.00247503    0.0147485
 -0.00247503  0.000789541   0.00119194
   0.0147485   0.00119194    0.0270559
   0.0261038  -0.00176651    0.0165872
 -0.00176651  0.000932672   0.00231759
   0.0165872   0.00231759    0.0279923
   0.0279679  -0.00173815    0.0176917
 -0.00173815   0.00109117   0.00275519
   0.0176917   0.00275519    0.0285312
   0.0247946  -0.00209045    0.0158247
 -0.00209045  0.000805354   0.00163791
   0.0158247   0.00163791    0.0277093
    0.022107  -0.00344253      0.01127
 -0.00344253  0.000698957 -0.000512542
     0.01127 -0.000512542    0.0253567
   0.0221438  -0.00326712    0.0123476
 -0.00326712  0.000671946 -0.000354631
   0.0123476 -0.000354631    0.0253058
   0.0236642  -0.00318753    0.0140128
 -0.00318753  0.000713352  1.71137e-05
   0.0140128  1.71137e-05    0.0266555
   0.0219207  -0.00294038    0.0134213
 -0.00294038  0.000583812  -0.00036987
   0.0134213  -0.00036987    0.0249523
   0.0239207  -0.00286596    0.0149972
 -0.00286596  0.000645646  0.000168639
   0.0149972  0.000168639    0.0271645
   0.0241185  -0.00240996    0.0157883
 -0.00240996  0.000518048  0.000159004
   0.0157883  0.000159004     0.027452
   0.0221712   -0.0025231    0.0143171
  -0.0025231  0.000456383 -0.000458803
   0.0143171 -0.000458803    0.0251632
   0.0247191  -0.00259042    0.0158178
 -0.00259042  0.000722758  0.000812863
   0.0158178  0.000812863    0.0278985
   0.0251707  -0.00213118     0.016749
 -0.00213118  0.000621448   0.00092386
    0.016749   0.00092386    0.0285863
    0.024138  -0.00289886    0.0146376
 -0.00289886   0.00074809  0.000538667
   0.0146376  0.000538667    0.0271532
   0.0236193  -0.00307287    0.0133527
 -0.00307287  0.000705852  0.000111196
   0.0133527  0.000111196    0.0263973
    0.023192  -0.00333333    0.0128423
 -0.00333333  0.000706418 -0.000283562
   0.0128423 -0.000283562    0.0261661
   0.0228867  -0.00335957    0.0117167
 -0.00335957  0.000660945 -0.000731692
   0.0117167 -0.000731692    0.0254472
   0.0230712  -0.00309121    0.0120296
 -0.00309121   0.00062488 -0.000428512
   0.0120296 -0.000428512    0.0256689
   0.0218113  -0.00343903    0.0102769
 -0.00343903  0.000668991 -0.000847374
   0.0102769 -0.000847374    0.0250886
   0.0229911  -0.00200142    0.0139742
 -0.00200142  0.000325243 -0.000684527
   0.0139742 -0.000684527    0.0252718
   0.0264264  -0.00148232    0.0123193
 -0.00148232  0.000229094 -0.000941203
   0.0123193 -0.000941203    0.0238627
    0.027156  -0.00131798    0.0143222
 -0.00131798  0.000246981 -0.000426454
   0.0143222 -0.000426454    0.0256005
   0.0300432  -0.00110194   0.00913442
 -0.00110194  0.000217802  -0.00121601
  0.00913442  -0.00121601    0.0200617
   0.0306714 -0.000886074    0.0109945
-0.000886074  0.000211322 -0.000870637
   0.0109945 -0.000870637    0.0215807
   0.0355633 -0.000713531   0.00844429
-0.000713531  0.000263183  -0.00128046
  0.00844429  -0.00128046    0.0179351
   0.0333814  -0.00133289   0.00679294
 -0.00133289  0.000310545  -0.00151518
  0.00679294  -0.00151518    0.0170173
   0.0315838 -0.000351279      0.01347
-0.000351279  0.000206189 -9.10274e-05
     0.01347 -9.10274e-05    0.0238706
   0.0363585  5.41663e-05    0.0105975
 5.41663e-05   0.00020648 -0.000647045
   0.0105975 -0.000647045    0.0197385
   0.0279539  -0.00101723    0.0159921
 -0.00101723  0.000302162  0.000447789
   0.0159921  0.000447789    0.0270243
   0.0256635  -0.00162213    0.0168087
 -0.00162213  0.000462672  0.000795643
   0.0168087  0.000795643    0.0284325
   0.0246249  -0.00189475     0.015543
 -0.00189475   0.00036609 -4.80539e-05
    0.015543 -4.80539e-05    0.0270639
   0.0252873  -0.00348079    0.0123239
 -0.00348079  0.000670941 -0.000930877
   0.0123239 -0.000930877    0.0260573
    0.026969  -0.00348851    0.0134132
 -0.00348851  0.000656824  -0.00101837
   0.0134132  -0.00101837    0.0263829
   0.0265262  -0.00357863    0.0122049
 -0.00357863  0.000659084  -0.00203929
   0.0122049  -0.00203929    0.0258197
   0.0244902  -0.00346971    0.0109476
 -0.00346971  0.000652864  -0.00184241
   0.0109476  -0.00184241    0.0253997
   0.0263251  -0.00330681    0.0121266
 -0.00330681  0.000602681  -0.00200122
   0.0121266  -0.00200122    0.0257011
   0.0259556  -0.00361554    0.0109892
 -0.00361554  0.000761539  -0.00298864
   0.0109892  -0.00298864    0.0252879
   0.0261247  -0.00337365    0.0110793
 -0.00337365  0.000711602  -0.00300487
   0.0110793  -0.00300487    0.0252695
   0.0258141  -0.00341044     0.010081
 -0.00341044  0.000899683  -0.00389487
    0.010081  -0.00389487    0.0248666
   0.0235928  -0.00340074   0.00958559
 -0.00340074   0.00072377  -0.00267646
  0.00958559  -0.00267646    0.0247634
    0.025222  -0.00359271   0.00981084
 -0.00359271  0.000934827  -0.00382511
  0.00981084  -0.00382511     0.024762
   0.0225526  -0.00327782    0.0082779
 -0.00327782  0.000864481  -0.00342437
   0.0082779  -0.00342437    0.0241112
   0.0245139  -0.00288527    0.0101006
 -0.00288527   0.00062065  -0.00283484
   0.0101006  -0.00283484    0.0248017
   0.0244773  -0.00286997   0.00918991
 -0.00286997  0.000793524  -0.00371082
  0.00918991  -0.00371082    0.0244522
   0.0225068   -0.0022922   0.00789794
  -0.0022922   0.00067834  -0.00343894
  0.00789794  -0.00343894    0.0238649
   0.0225857   -0.0024617   0.00889383
  -0.0024617  0.000542257   -0.0026382
  0.00889383   -0.0026382    0.0242528
   0.0245841  -0.00290262    0.0111122
 -0.00290262  0.000529673  -0.00186369
   0.0111122  -0.00186369    0.0252031
   0.0228077  -0.00265419    0.0100099
 -0.00265419  0.000489513  -0.00176846
   0.0100099  -0.00176846    0.0246919
   0.0247577  -0.00290105    0.0121747
 -0.00290105  0.000536441 -0.000874401
   0.0121747 -0.000874401    0.0256601
   0.0264846  -0.00320356    0.0131898
 -0.00320356  0.000594306 -0.000948314
   0.0131898 -0.000948314    0.0261773
   0.0231434  -0.00280601    0.0111876
 -0.00280601  0.000515443 -0.000906311
   0.0111876 -0.000906311    0.0252034
   0.0213663  -0.00307942   0.00701311
 -0.00307942   0.00105867   -0.0041311
  0.00701311   -0.0041311    0.0234149
   0.0243003  -0.00349727   0.00862573
 -0.00349727   0.00115379  -0.00457292
  0.00862573  -0.00457292    0.0242019
    0.023263  -0.00323529    0.0074187
 -0.00323529   0.00143078  -0.00528231
   0.0074187  -0.00528231    0.0235893
   0.0201015  -0.00272161   0.00580466
 -0.00272161   0.00134131  -0.00486093
  0.00580466  -0.00486093    0.0226697
   0.0247664  -0.00324477   0.00803067
 -0.00324477   0.00139341  -0.00537104
  0.00803067  -0.00537104    0.0240192
   0.0220723  -0.00274862   0.00622185
 -0.00274862   0.00179353  -0.00600409
  0.00622185  -0.00600409    0.0229273
   0.0240199  -0.00288661   0.00693314
 -0.00288661   0.00171074  -0.00603661
  0.00693314  -0.00603661    0.0235429
    0.023039  -0.00225882   0.00583142
 -0.00225882   0.00211513  -0.00670444
  0.00583142  -0.00670444    0.0230394
   0.0187438  -0.00214215   0.00470167
 -0.00214215    0.0017454  -0.00565738
  0.00470167  -0.00565738    0.0218938
   0.0206459  -0.00198646   0.00507575
 -0.00198646   0.00228909   -0.0067724
  0.00507575   -0.0067724    0.0222493
    0.017292  -0.00131921   0.00372618
 -0.00131921   0.00234184  -0.00654912
  0.00372618  -0.00654912    0.0211446
   0.0239232  -0.00251258   0.00641347
 -0.00251258   0.00151761  -0.00574283
  0.00641347  -0.00574283    0.0235054
   0.0235058  -0.00202895   0.00544404
 -0.00202895   0.00183024  -0.00631083
  0.00544404  -0.00631083    0.0232051
   0.0223781  -0.00145465   0.00412375
 -0.00145465   0.00150651   -0.0057121
  0.00412375   -0.0057121    0.0228416
   0.0224003  -0.00182635    0.0050477
 -0.00182635   0.00127738  -0.00525904
   0.0050477  -0.00525904    0.0230064
    0.024195  -0.00275502   0.00737692
 -0.00275502   0.00124717   -0.0051402
  0.00737692   -0.0051402    0.0238113
    0.022437  -0.00203514   0.00599791
 -0.00203514   0.00106235  -0.00474375
  0.00599791  -0.00474375    0.0232315
    0.024349  -0.00285386    0.0082928
 -0.00285386   0.00100606  -0.00447504
   0.0082928  -0.00447504    0.0241276
   0.0253387  -0.00339593   0.00908089
 -0.00339593   0.00112546  -0.00467247
  0.00908089  -0.00467247    0.0244598
   0.0224538  -0.00217264   0.00695464
 -0.00217264  0.000858369  -0.00414293
  0.00695464  -0.00414293     0.023527
   0.0196737  0.000245613 -0.000647453
 0.000245613  0.000722738  -0.00382509
-0.000647453  -0.00382509    0.0213677
   0.0197501 -0.000185479  0.000797203
-0.000185479  0.000691167  -0.00377959
 0.000797203  -0.00377959     0.021461
   0.0195982 -0.000313246   0.00154342
-0.000313246  0.000781633  -0.00405403
  0.00154342  -0.00405403    0.0217068
   0.0197978 -0.000761622   0.00293558
-0.000761622  0.000703147  -0.00380003
  0.00293558  -0.00380003    0.0219744
   0.0200819 -0.000768505   0.00230491
-0.000768505   0.00065095  -0.00358983
  0.00230491  -0.00358983    0.0217236
   0.0199469 -0.000951513   0.00365209
-0.000951513  0.000782008   -0.0040395
  0.00365209   -0.0040395      0.02225
    0.020214  -0.00133872    0.0043454
 -0.00133872   0.00062747  -0.00343722
   0.0043454  -0.00343722    0.0223847
   0.0201867  -0.00136168   0.00492492
 -0.00136168  0.000661482  -0.00360018
  0.00492492  -0.00360018    0.0226392
   0.0206851  -0.00184596   0.00621876
 -0.00184596  0.000572902  -0.00307426
  0.00621876  -0.00307426    0.0231041
   0.0204683  -0.00145974   0.00372976
 -0.00145974  0.000610761  -0.00327895
  0.00372976  -0.00327895    0.0220695
   0.0208806   -0.0019827   0.00577721
  -0.0019827  0.000581206  -0.00299637
  0.00577721  -0.00299637    0.0228698
   0.0206951  -0.00211746   0.00497928
 -0.00211746   0.00058542  -0.00285605
  0.00497928  -0.00285605    0.0223162
   0.0208337  -0.00163249   0.00572259
 -0.00163249  0.000737542  -0.00383074
  0.00572259  -0.00383074     0.022983
   0.0210701  -0.00192605   0.00683432
 -0.00192605  0.000599507  -0.00321206
  0.00683432  -0.00321206    0.0233904
   0.0207673  -0.00138125   0.00462771
 -0.00138125  0.000898985  -0.00434969
  0.00462771  -0.00434969    0.0226464
   0.0207247  -0.00113134   0.00353604
 -0.00113134   0.00106041  -0.00476624
  0.00353604  -0.00476624    0.0224148
   0.0198334 -0.000618152   0.00238922
-0.000618152  0.000897977  -0.00436558
  0.00238922  -0.00436558    0.0219852
   0.0197665 -0.000284366   0.00115544
-0.000284366  0.000999706  -0.00457792
  0.00115544  -0.00457792    0.0218457
   0.0207603 -0.000799367   0.00250813
-0.000799367   0.00121693   -0.0050933
  0.00250813   -0.0050933    0.0222925
   0.0195407  5.08532e-05  0.000185755
 5.08532e-05  0.000844457  -0.00417422
 0.000185755  -0.00417422     0.021579
   0.0204012  -0.00262478   0.00581673
 -0.00262478  0.000571823  -0.00233663
  0.00581673  -0.00233663    0.0226154
   0.0214287  -0.00260642   0.00716477
 -0.00260642  0.000568278  -0.00249073
  0.00716477  -0.00249073    0.0233679
   0.0215835  -0.00306236   0.00841313
 -0.00306236  0.000583752   -0.0019175
  0.00841313   -0.0019175    0.0237535
   0.0201574  -0.00297623    0.0063143
 -0.00297623  0.000584606  -0.00176044
   0.0063143  -0.00176044     0.023504
   0.0219666  -0.00288727   0.00906358
 -0.00288727  0.000540813  -0.00187408
  0.00906358  -0.00187408    0.0242378
   0.0215434  -0.00332183   0.00945075
 -0.00332183  0.000620577  -0.00134806
  0.00945075  -0.00134806    0.0241841
   0.0224661  -0.00322561    0.0104508
 -0.00322561  0.000591598  -0.00127506
   0.0104508  -0.00127506     0.024867
   0.0203385  -0.00324759   0.00718846
 -0.00324759  0.000622908  -0.00124885
  0.00718846  -0.00124885    0.0245017
    0.022477  -0.00295939    0.0106764
 -0.00295939  0.000538746  -0.00106505
   0.0106764  -0.00106505    0.0249829
   0.0219218   -0.0026713   0.00932817
  -0.0026713  0.000493309   -0.0017779
  0.00932817   -0.0017779    0.0243796
   0.0214314  -0.00229936   0.00801928
 -0.00229936  0.000511632   -0.0025192
  0.00801928   -0.0025192    0.0238557
   0.0213019  -0.00238999   0.00759167
 -0.00238999  0.000526987  -0.00248916
  0.00759167  -0.00248916     0.023635
   0.0191382  -0.00304692   0.00495261
 -0.00304692  0.000608308  -0.00117192
  0.00495261  -0.00117192     0.024521
    0.019358  -0.00286838   0.00428781
 -0.00286838  0.000573845  -0.00160986
  0.00428781  -0.00160986    0.0240975
   0.0175641  -0.00250467   0.00194526
 -0.00250467  0.000535032  -0.00135031
  0.00194526  -0.00135031     0.023567
   0.0192568  -0.00249563   0.00340157
 -0.00249563  0.000549091  -0.00209851
  0.00340157  -0.00209851    0.0232751
   0.0181428  -0.00233755    0.0013699
 -0.00233755  0.000518242  -0.00183152
   0.0013699  -0.00183152    0.0236259
   0.0187396  -0.00198924   0.00106827
 -0.00198924  0.000520355  -0.00233627
  0.00106827  -0.00233627     0.022985
   0.0195538  -0.00205083   0.00294221
 -0.00205083  0.000548763  -0.00257152
  0.00294221  -0.00257152    0.0223013
   0.0171182   -0.0017412  -0.00103274
  -0.0017412  0.000449042  -0.00185485
 -0.00103274  -0.00185485    0.0230765
   0.0198882  -0.00151654   0.00253751
 -0.00151654  0.000570391  -0.00299446
  0.00253751  -0.00299446    0.0214006
   0.0202011 -0.000862555   0.00147743
-0.000862555  0.000595581  -0.00332431
  0.00147743  -0.00332431    0.0213279
   0.0196536 -0.000886265 -8.68891e-05
-0.000886265  0.000519286  -0.00297081
-8.68891e-05  -0.00297081    0.0214261
   0.0202317 -0.000221432  8.89267e-05
-0.000221432  0.000610829  -0.00348632
 8.89267e-05  -0.00348632    0.0212168
    0.020331 -0.000286357  -0.00101526
-0.000286357  0.000523221  -0.00312781
 -0.00101526  -0.00312781    0.0211873
   0.0207733  0.000225251   -0.0022269
 0.000225251  0.000513993  -0.00307561
  -0.0022269  -0.00307561    0.0210226
   0.0200544  0.000309868  -0.00145843
 0.000309868  0.000613549  -0.00346751
 -0.00145843  -0.00346751    0.0211389
   0.0195035  -0.00034067  -0.00250366
 -0.00034067  0.000420073  -0.00266136
 -0.00250366  -0.00266136    0.0211607
   0.0207408  0.000130322  -0.00341398
 0.000130322  0.000406299   -0.0026081
 -0.00341398   -0.0026081    0.0210843
   0.0197791 -5.60989e-05  -0.00434391
-5.60989e-05  0.000307778  -0.00207115
 -0.00434391  -0.00207115    0.0207949
   0.0187899 -0.000422213  -0.00363276
-0.000422213  0.000334877  -0.00222262
 -0.00363276  -0.00222262    0.0215712
   0.0189435 -0.000843875  -0.00171295
-0.000843875  0.000437924  -0.00261407
 -0.00171295  -0.00261407    0.0219753
   0.0177619 -0.000954911  -0.00296908
-0.000954911  0.000383595  -0.00218902
 -0.00296908  -0.00218902    0.0230039
   0.0181537  -0.00141315  -0.00130753
 -0.00141315  0.000454234  -0.00233456
 -0.00130753  -0.00233456    0.0227706
   0.0191946    -0.001461  0.000434873
   -0.001461  0.000513397  -0.00269573
 0.000434873  -0.00269573    0.0222828
   0.0178281 -0.000421134  -0.00458047
-0.000421134  0.000274998  -0.00194598
 -0.00458047  -0.00194598    0.0219776
   0.0185753 -0.000199586  -0.00500842
-0.000199586  0.000237834   -0.0015244
 -0.00500842   -0.0015244     0.020034
  0.00534392  -0.00485134  -0.00562856
 -0.00485134   0.00465347   0.00479026
 -0.00562856   0.00479026    0.0210125
  0.00551712  -0.00494152   -0.0047687
 -0.00494152   0.00472855   0.00456055
  -0.0047687   0.00456055     0.021617
  0.00527642  -0.00432062  -0.00430097
 -0.00432062   0.00384467   0.00344708
 -0.00430097   0.00344708    0.0218564
  0.00567842  -0.00439096  -0.00328402
 -0.00439096   0.00393844   0.00373051
 -0.00328402   0.00373051    0.0225575
   0.0058858  -0.00498279  -0.00372576
 -0.00498279   0.00478255   0.00469743
 -0.00372576   0.00469743    0.0221874
  0.00545748  -0.00384443  -0.00280681
 -0.00384443   0.00319115   0.00288253
 -0.00280681   0.00288253    0.0230236
  0.00632368  -0.00433643  -0.00209143
 -0.00433643   0.00399357   0.00446445
 -0.00209143   0.00446445    0.0232064
  0.00612817  -0.00379383  -0.00165505
 -0.00379383   0.00324332   0.00370825
 -0.00165505   0.00370825    0.0237954
   0.0070334  -0.00360416 -0.000400635
 -0.00360416   0.00334299   0.00485772
-0.000400635   0.00485772    0.0244618
   0.0065084  -0.00492083  -0.00250326
 -0.00492083   0.00483168   0.00527962
 -0.00250326   0.00527962    0.0227127
  0.00721056  -0.00414859 -0.000778595
 -0.00414859   0.00413445   0.00554207
-0.000778595   0.00554207    0.0237433
  0.00737124  -0.00475771  -0.00116474
 -0.00475771   0.00501961    0.0062275
 -0.00116474    0.0062275    0.0231331
  0.00594354  -0.00336171  -0.00127929
 -0.00336171   0.00265358   0.00315258
 -0.00127929   0.00315258    0.0244848
  0.00684775  -0.00316457 -9.18134e-05
 -0.00316457   0.00270688   0.00428967
-9.18134e-05   0.00428967    0.0252661
  0.00668822  -0.00288253  0.000106055
 -0.00288253   0.00225203   0.00381883
 0.000106055   0.00381883     0.026099
  0.00614702  -0.00328442  -0.00123042
 -0.00328442   0.00238315   0.00288774
 -0.00123042   0.00288774    0.0254346
  0.00545902  -0.00354437  -0.00252337
 -0.00354437   0.00268617    0.0023812
 -0.00252337    0.0023812    0.0237461
  0.00585902  -0.00357247  -0.00250774
 -0.00357247    0.0025062   0.00216965
 -0.00250774   0.00216965    0.0246581
    0.005157  -0.00353811  -0.00355498
 -0.00353811    0.0026271   0.00198047
 -0.00355498   0.00198047    0.0228803
  0.00509467  -0.00379936  -0.00385655
 -0.00379936   0.00310804   0.00253727
 -0.00385655   0.00253727    0.0222641
  0.00488256  -0.00364066   -0.0046588
 -0.00364066   0.00294165   0.00251559
  -0.0046588   0.00251559    0.0213943
  0.00557732  -0.00358229  -0.00347536
 -0.00358229   0.00246528   0.00176997
 -0.00347536   0.00176997    0.0223124
  0.00491991  -0.00336619  -0.00429062
 -0.00336619   0.00245112   0.00190436
 -0.00429062   0.00190436    0.0213703
  0.00525983  -0.00339293  -0.00417128
 -0.00339293   0.00231163   0.00168695
 -0.00417128   0.00168695    0.0209562
  0.00507763  -0.00418403  -0.00512592
 -0.00418403   0.00370532   0.00353148
 -0.00512592   0.00353148     0.021113
  0.00835551  -0.00448849    0.0001577
 -0.00448849   0.00542506    0.0074189
   0.0001577    0.0074189    0.0233852
  0.00824106  -0.00384852   0.00051378
 -0.00384852   0.00443597   0.00681528
  0.00051378   0.00681528    0.0241255
  0.00919863  -0.00352679    0.0015975
 -0.00352679   0.00493439   0.00805346
   0.0015975   0.00805346    0.0243196
  0.00924685  -0.00417767   0.00127382
 -0.00417767   0.00607652   0.00865048
  0.00127382   0.00865048    0.0234315
  0.00908246  -0.00297846   0.00184095
 -0.00297846   0.00388172   0.00730865
  0.00184095   0.00730865    0.0253216
  0.00984675  -0.00326118   0.00230104
 -0.00326118   0.00556642   0.00907063
  0.00230104   0.00907063    0.0243733
  0.00979284  -0.00275406   0.00247043
 -0.00275406    0.0043233   0.00816315
  0.00247043   0.00816315    0.0255316
   0.0100456  -0.00272059   0.00265088
 -0.00272059   0.00476638   0.00850994
  0.00265088   0.00850994    0.0256768
  0.00981775  -0.00387688    0.0020242
 -0.00387688    0.0068818    0.0097466
   0.0020242    0.0097466    0.0233318
   0.0100335   -0.0031469   0.00257058
  -0.0031469   0.00617432   0.00965541
  0.00257058   0.00965541    0.0243699
  0.00994536  -0.00368857   0.00235226
 -0.00368857   0.00765584    0.0105152
  0.00235226    0.0105152    0.0231732
  0.00965177  -0.00240295   0.00248248
 -0.00240295    0.0032931   0.00713122
  0.00248248   0.00713122    0.0267448
   0.0099648  -0.00243386   0.00256492
 -0.00243386   0.00358763   0.00717158
  0.00256492   0.00717158    0.0270124
  0.00979847  -0.00229876    0.0023272
 -0.00229876   0.00270583   0.00572562
   0.0023272   0.00572562    0.0282991
  0.00943868  -0.00222584   0.00235259
 -0.00222584   0.00251088   0.00601163
  0.00235259   0.00601163    0.0279319
  0.00890506  -0.00258679   0.00195402
 -0.00258679   0.00302304   0.00651814
  0.00195402   0.00651814    0.0263939
   0.0086866  -0.00236233   0.00193709
 -0.00236233   0.00236312   0.00568405
  0.00193709   0.00568405    0.0274597
  0.00789878  -0.00287673    0.0010419
 -0.00287673   0.00282409   0.00550458
   0.0010419   0.00550458    0.0259074
  0.00808375  -0.00329669   0.00082756
 -0.00329669   0.00354611   0.00614206
  0.00082756   0.00614206    0.0249749
  0.00770215   -0.0026087   0.00114407
  -0.0026087    0.0022765   0.00488836
  0.00114407   0.00488836    0.0268488
   0.0142246  -0.00500824  -0.00222633
 -0.00500824   0.00224898    0.0031545
 -0.00222633    0.0031545    0.0229513
   0.0128325  -0.00441171  -0.00137908
 -0.00441171   0.00208517   0.00368065
 -0.00137908   0.00368065    0.0239808
   0.0108466  -0.00325521  3.81723e-05
 -0.00325521   0.00170261   0.00372751
 3.81723e-05   0.00372751    0.0263183
  0.00993522  -0.00320763  0.000101594
 -0.00320763   0.00177403   0.00396976
 0.000101594   0.00396976    0.0263789
   0.0125715  -0.00471551   -0.0017874
 -0.00471551   0.00233687   0.00387279
  -0.0017874   0.00387279    0.0234148
   0.0087302  -0.00252086   0.00101448
 -0.00252086   0.00164991   0.00422296
  0.00101448   0.00422296    0.0272213
  0.00953045  -0.00359875 -0.000570715
 -0.00359875   0.00202997   0.00379672
-0.000570715   0.00379672    0.0259976
    0.007913  -0.00274373  0.000475143
 -0.00274373    0.0017793   0.00392406
 0.000475143   0.00392406    0.0270463
  0.00782378   -0.0033982 -0.000678492
  -0.0033982   0.00213989   0.00344728
-0.000678492   0.00344728    0.0269983
   0.0113679  -0.00481345  -0.00222419
 -0.00481345   0.00257353   0.00384666
 -0.00222419   0.00384666    0.0223196
  0.00908425  -0.00417858  -0.00181548
 -0.00417858   0.00244127   0.00345058
 -0.00181548   0.00345058    0.0237764
   0.0106215  -0.00521712  -0.00305232
 -0.00521712   0.00299244   0.00370781
 -0.00305232   0.00370781    0.0211096
  0.00748644  -0.00246827   0.00106449
 -0.00246827   0.00188298   0.00430208
  0.00106449   0.00430208    0.0271664
  0.00698958  -0.00296576 -7.76815e-05
 -0.00296576   0.00207462   0.00355667
-7.76815e-05   0.00355667    0.0267928
   0.0085054  -0.00230355   0.00163212
 -0.00230355   0.00188985   0.00487899
  0.00163212   0.00487899    0.0276825
  0.00934658  -0.00224544   0.00186415
 -0.00224544   0.00195662    0.0049729
  0.00186415    0.0049729    0.0283168
  0.00980652  -0.00260786   0.00101431
 -0.00260786   0.00167273   0.00412301
  0.00101431   0.00412301    0.0273972
   0.0106454  -0.00287658  0.000694763
 -0.00287658    0.0017918   0.00349017
 0.000694763   0.00349017    0.0279949
   0.0098463  -0.00238344   0.00167395
 -0.00238344   0.00208905   0.00445831
  0.00167395   0.00445831     0.028829
   0.0120399  -0.00372492 -0.000660534
 -0.00372492   0.00183192   0.00307651
-0.000660534   0.00307651    0.0258135
   0.0100672  -0.00539319  -0.00350311
 -0.00539319   0.00320482   0.00353526
 -0.00350311   0.00353526    0.0205406
  0.00879323  -0.00463561  -0.00289499
 -0.00463561   0.00279139   0.00310309
 -0.00289499   0.00310309    0.0218427
  0.00880754  -0.00507787  -0.00404594
 -0.00507787    0.0031238    0.0030315
 -0.00404594    0.0030315    0.0213933
  0.00987221   -0.0056229   -0.0041666
  -0.0056229   0.00342565   0.00351686
  -0.0041666   0.00351686    0.0204912
  0.00764565   -0.0044168  -0.00348061
  -0.0044168   0.00277771   0.00255918
 -0.00348061   0.00255918    0.0222538
  0.00815089  -0.00492522  -0.00462444
 -0.00492522   0.00309244   0.00283098
 -0.00462444   0.00283098    0.0207917
  0.00747674  -0.00451759  -0.00438483
 -0.00451759   0.00285074    0.0022551
 -0.00438483    0.0022551    0.0216565
  0.00689491  -0.00418181  -0.00496628
 -0.00418181   0.00264767   0.00207579
 -0.00496628   0.00207579    0.0213204
   0.0088342  -0.00534343  -0.00479577
 -0.00534343   0.00335249   0.00325603
 -0.00479577   0.00325603     0.019133
   0.0074174  -0.00446567  -0.00506695
 -0.00446567   0.00279203   0.00257411
 -0.00506695   0.00257411    0.0197389
  0.00813981  -0.00501063  -0.00522813
 -0.00501063    0.0031859   0.00324191
 -0.00522813   0.00324191    0.0188576
  0.00639449   -0.0039231   -0.0038719
  -0.0039231   0.00254494   0.00196958
  -0.0038719   0.00196958    0.0216792
  0.00576848  -0.00357387  -0.00447476
 -0.00357387   0.00232834   0.00175737
 -0.00447476   0.00175737    0.0208362
  0.00657308   -0.0038644   -0.0028528
  -0.0038644   0.00253344    0.0022304
  -0.0028528    0.0022304    0.0233847
  0.00674732  -0.00348899  -0.00144527
 -0.00348899   0.00233261   0.00283453
 -0.00144527   0.00283453    0.0264279
  0.00764629  -0.00397521  -0.00220171
 -0.00397521   0.00248292   0.00289516
 -0.00220171   0.00289516    0.0240972
  0.00966182  -0.00363283    0.0023187
 -0.00363283   0.00820903    0.0108746
   0.0023187    0.0108746     0.023034
  0.00979051  -0.00321065   0.00245898
 -0.00321065   0.00658342    0.0097449
  0.00245898    0.0097449    0.0243812
  0.00926904  -0.00339848   0.00209626
 -0.00339848   0.00668505   0.00940302
  0.00209626   0.00940302    0.0244441
  0.00912865  -0.00368968   0.00204014
 -0.00368968   0.00844464    0.0108545
  0.00204014    0.0108545    0.0229634
  0.00934956  -0.00318879   0.00197082
 -0.00318879   0.00511012   0.00761969
  0.00197082   0.00761969    0.0259834
  0.00865076  -0.00359602   0.00159232
 -0.00359602   0.00651539   0.00880261
  0.00159232   0.00880261    0.0245805
  0.00874491  -0.00347814   0.00136607
 -0.00347814   0.00492732   0.00668418
  0.00136607   0.00668418    0.0262077
  0.00816343  -0.00364321  0.000704245
 -0.00364321   0.00460272   0.00569951
 0.000704245   0.00569951    0.0264847
  0.00850581  -0.00377093   0.00162228
 -0.00377093    0.0083785    0.0105744
  0.00162228    0.0105744    0.0229858
  0.00804637  -0.00370343   0.00102152
 -0.00370343   0.00616371    0.0081048
  0.00102152    0.0081048     0.024775
   0.0079041  -0.00379679   0.00113062
 -0.00379679   0.00809505     0.010167
  0.00113062     0.010167    0.0230796
  0.00879176  -0.00341144  0.000953862
 -0.00341144   0.00377449    0.0044046
 0.000953862    0.0044046    0.0277771
  0.00823703  -0.00360783  0.000210313
 -0.00360783   0.00357186   0.00314818
 0.000210313   0.00314818    0.0281091
  0.00827413  -0.00358911 -0.000379037
 -0.00358911   0.00307603  0.000657773
-0.000379037  0.000657773    0.0295963
  0.00879903  -0.00337993  0.000427023
 -0.00337993   0.00308508   0.00209898
 0.000427023   0.00209898    0.0292326
  0.00937133  -0.00306246   0.00166104
 -0.00306246   0.00387379   0.00564098
  0.00166104   0.00564098    0.0274925
  0.00933762   -0.0029978   0.00122209
  -0.0029978   0.00303694    0.0035703
  0.00122209    0.0035703    0.0289039
  0.00983036  -0.00268056   0.00224475
 -0.00268056    0.0038208   0.00663119
  0.00224475   0.00663119    0.0272494
  0.00984624  -0.00288947   0.00244203
 -0.00288947   0.00506522   0.00829579
  0.00244203   0.00829579    0.0258153
  0.00973006  -0.00258353   0.00190934
 -0.00258353   0.00290854   0.00485282
  0.00190934   0.00485282    0.0286066
  0.00735108   -0.0037336  0.000586887
  -0.0037336   0.00765137   0.00977144
 0.000586887   0.00977144    0.0231985
  0.00750076  -0.00366649  0.000388233
 -0.00366649   0.00570658   0.00746531
 0.000388233   0.00746531    0.0249879
  0.00701722  -0.00349881 -0.000293014
 -0.00349881    0.0051942   0.00700144
-0.000293014   0.00700144    0.0251909
  0.00686158   -0.0035784  6.25985e-06
  -0.0035784   0.00713627   0.00946961
 6.25985e-06   0.00946961    0.0233033
  0.00718203  -0.00340898 -0.000771108
 -0.00340898   0.00377629   0.00418437
-0.000771108   0.00418437    0.0270353
  0.00659633  -0.00324603  -0.00101269
 -0.00324603   0.00470148   0.00670422
 -0.00101269   0.00670422    0.0253836
  0.00678106  -0.00308932  -0.00157005
 -0.00308932   0.00332093   0.00378235
 -0.00157005   0.00378235     0.027292
  0.00646498   -0.0027402  -0.00230743
  -0.0027402   0.00287776    0.0036145
 -0.00230743    0.0036145    0.0273394
  0.00643891  -0.00335838 -0.000608031
 -0.00335838   0.00662937   0.00926041
-0.000608031   0.00926041    0.0233871
  0.00624771  -0.00295037  -0.00171929
 -0.00295037   0.00424445   0.00659254
 -0.00171929   0.00659254    0.0253196
   0.0060902  -0.00309939  -0.00123098
 -0.00309939   0.00617604   0.00915062
 -0.00123098   0.00915062    0.0234603
  0.00697192  -0.00292735  -0.00223049
 -0.00292735   0.00260925  0.000775346
 -0.00223049  0.000775346    0.0289962
  0.00681217  -0.00252647  -0.00296063
 -0.00252647      0.00217  0.000626768
 -0.00296063  0.000626768     0.028783
  0.00703361  -0.00232804  -0.00356559
 -0.00232804   0.00209715  -0.00217257
 -0.00356559  -0.00217257    0.0303916
   0.0071278  -0.00279623  -0.00287989
 -0.00279623    0.0025196  -0.00199268
 -0.00287989  -0.00199268    0.0304088
  0.00733588  -0.00332205  -0.00139108
 -0.00332205   0.00299144   0.00126845
 -0.00139108   0.00126845    0.0287383
  0.00744818  -0.00324987  -0.00203495
 -0.00324987   0.00283892  -0.00145994
 -0.00203495  -0.00145994    0.0302139
   0.0077525  -0.00357386 -0.000572335
 -0.00357386   0.00331533   0.00205997
-0.000572335   0.00205997    0.0284436
  0.00763687  -0.00361715 -9.44169e-06
 -0.00361715   0.00420901   0.00482217
-9.44169e-06   0.00482217    0.0267706
  0.00782084  -0.00354333   -0.0011957
 -0.00354333    0.0030059 -0.000570392
  -0.0011957 -0.000570392     0.029939
   0.0132093  -0.00597367  -0.00698431
 -0.00597367   0.00434087   -0.0022665
 -0.00698431   -0.0022665    0.0233627
   0.0137494  -0.00641353  -0.00660671
 -0.00641353   0.00454175  -0.00235418
 -0.00660671  -0.00235418    0.0235419
   0.0107422  -0.00465606  -0.00552365
 -0.00465606   0.00387418  -0.00399175
 -0.00552365  -0.00399175    0.0274502
   0.0111872  -0.00503201  -0.00497121
 -0.00503201   0.00386288  -0.00364827
 -0.00497121  -0.00364827    0.0274406
   0.0142597  -0.00665315  -0.00619024
 -0.00665315   0.00443971  -0.00218185
 -0.00619024  -0.00218185    0.0235459
  0.00901725  -0.00393589  -0.00374274
 -0.00393589   0.00341961  -0.00423184
 -0.00374274  -0.00423184    0.0300613
   0.0116169  -0.00518426  -0.00439336
 -0.00518426    0.0036041  -0.00300975
 -0.00439336  -0.00300975    0.0272675
  0.00940934  -0.00418064  -0.00303882
 -0.00418064   0.00326575  -0.00339808
 -0.00303882  -0.00339808    0.0298466
   0.0098423  -0.00418452  -0.00229531
 -0.00418452   0.00298615  -0.00223362
 -0.00229531  -0.00223362    0.0295316
    0.014655  -0.00669641  -0.00573449
 -0.00669641    0.0041255  -0.00173381
 -0.00573449  -0.00173381      0.02338
   0.0120041  -0.00514063  -0.00374967
 -0.00514063    0.0032203  -0.00202919
 -0.00374967  -0.00202919    0.0269627
   0.0149615  -0.00656844  -0.00520237
 -0.00656844   0.00369651  -0.00100421
 -0.00520237  -0.00100421    0.0231151
  0.00817444  -0.00363142   -0.0020362
 -0.00363142   0.00300021  -0.00249789
  -0.0020362  -0.00249789    0.0305818
  0.00860551   -0.0036749  -0.00123153
  -0.0036749   0.00288658  -0.00123755
 -0.00123153  -0.00123755    0.0302424
  0.00781255  -0.00334009  -0.00283173
 -0.00334009   0.00299823  -0.00340182
 -0.00283173  -0.00340182    0.0308236
  0.00751324  -0.00285055  -0.00362756
 -0.00285055   0.00278581  -0.00393111
 -0.00362756  -0.00393111    0.0309327
  0.00866509  -0.00347182  -0.00443716
 -0.00347182   0.00330889  -0.00469319
 -0.00443716  -0.00469319    0.0301012
  0.00854569  -0.00289768  -0.00503402
 -0.00289768   0.00290324  -0.00477941
 -0.00503402  -0.00477941    0.0300296
  0.00756612  -0.00235075  -0.00428084
 -0.00235075   0.00236834   -0.0040397
 -0.00428084   -0.0040397     0.030746
   0.0104893  -0.00413046  -0.00602343
 -0.00413046   0.00354984  -0.00399274
 -0.00602343  -0.00399274    0.0272844
   0.0151922  -0.00630752   -0.0045711
 -0.00630752   0.00323811 -2.04639e-05
  -0.0045711 -2.04639e-05    0.0228086
   0.0123477  -0.00489912   -0.0030277
 -0.00489912   0.00279452  -0.00078571
  -0.0030277  -0.00078571    0.0266253
   0.0125924  -0.00455297   -0.0022558
 -0.00455297   0.00237754  0.000644289
  -0.0022558  0.000644289    0.0262746
    0.015351  -0.00597464  -0.00383549
 -0.00597464   0.00279928   0.00109962
 -0.00383549   0.00109962    0.0226058
   0.0106481  -0.00359489 -0.000663324
 -0.00359489   0.00228341  0.000802696
-0.000663324  0.000802696    0.0288223
   0.0125928  -0.00415455   -0.0014122
 -0.00415455   0.00204965   0.00197771
  -0.0014122   0.00197771    0.0259706
    0.010839  -0.00319732  8.90196e-05
 -0.00319732    0.0019903   0.00232559
 8.90196e-05   0.00232559    0.0284631
   0.0149451  -0.00546009  -0.00298832
 -0.00546009   0.00243561   0.00223533
 -0.00298832   0.00223533    0.0226959
  0.00986027  -0.00266704    0.0011795
 -0.00266704   0.00227319   0.00334873
   0.0011795   0.00334873    0.0291979
  0.00955543  -0.00308023  0.000438597
 -0.00308023   0.00249254   0.00187203
 0.000438597   0.00187203     0.029528
  0.00909245  -0.00345482 -0.000404419
 -0.00345482   0.00271198  0.000263854
-0.000404419  0.000263854    0.0298757
   0.0102764   -0.0039681  -0.00149218
  -0.0039681   0.00264367 -0.000790481
 -0.00149218 -0.000790481    0.0291722
  0.00438581  -0.00861711  -0.00297709
 -0.00861711    0.0261451    0.0152039
 -0.00297709    0.0152039    0.0149919
  0.00496054  -0.00854883  -0.00224053
 -0.00854883    0.0248542    0.0146859
 -0.00224053    0.0146859    0.0158167
  0.00503106  -0.00825807  -0.00289224
 -0.00825807    0.0204644      0.01353
 -0.00289224      0.01353    0.0170829
  0.00569806  -0.00823017  -0.00201211
 -0.00823017    0.0195229    0.0129619
 -0.00201211    0.0129619    0.0176858
  0.00567081  -0.00848542  -0.00143585
 -0.00848542    0.0236596    0.0142665
 -0.00143585    0.0142665    0.0166123
  0.00577984  -0.00794624  -0.00266252
 -0.00794624    0.0158041     0.011656
 -0.00266252     0.011656    0.0187209
  0.00647134   -0.0082108  -0.00111378
  -0.0082108    0.0187622    0.0126049
