           0            0            0
           0            0            0
           0            0            0
       0.016  -0.00237058  0.000976115
 -0.00237058  0.000614258   0.00162436
 0.000976115   0.00162436    0.0129856
   0.0141024  -0.00160392   0.00335833
 -0.00160392  0.000448368   0.00155616
  0.00335833   0.00155616    0.0159857
   0.0120705  -0.00104573   0.00551715
 -0.00104573  0.000305013   0.00120342
  0.00551715   0.00120342    0.0175652
   0.0115889 -0.000947555    0.0065148
-0.000947555  0.000239225  0.000804174
   0.0065148  0.000804174    0.0177002
   0.0117462    -0.001093   0.00617434
   -0.001093  0.000232301  0.000574751
  0.00617434  0.000574751    0.0181866
   0.0102208  -0.00103567   0.00509023
 -0.00103567  0.000216282  0.000480012
  0.00509023  0.000480012    0.0163106
   0.0107432  -0.00118341   0.00448219
 -0.00118341  0.000214261  0.000259415
  0.00448219  0.000259415    0.0176071
   0.0119699  -0.00120849   0.00553921
 -0.00120849  0.000223333  0.000341426
  0.00553921  0.000341426    0.0187122
   0.0107289  -0.00122458   0.00329054
 -0.00122458  0.000208339 -4.35192e-05
  0.00329054 -4.35192e-05    0.0187209
   0.0120745  -0.00126926   0.00442644
 -0.00126926  0.000212758  3.58181e-05
  0.00442644  3.58181e-05    0.0198471
   0.0108503   -0.0011656   0.00189202
  -0.0011656  0.000206733 -0.000410645
  0.00189202 -0.000410645    0.0200711
   0.0123364  -0.00131422    0.0039896
 -0.00131422  0.000204988 -0.000194066
   0.0039896 -0.000194066    0.0201901
   0.0236576  -0.00125309   0.00656958
 -0.00125309   0.00058132   0.00225154
  0.00656958   0.00225154    0.0151882
   0.0203057 -0.000702677   0.00852858
-0.000702677  0.000602337    0.0026018
  0.00852858    0.0026018    0.0183222
   0.0204297 -0.000606873    0.0085014
-0.000606873  0.000557014   0.00255421
   0.0085014   0.00255421    0.0183736
   0.0182645  -0.00021387    0.0100743
 -0.00021387  0.000557376   0.00275495
   0.0100743   0.00275495    0.0208134
   0.0181069 -0.000306641    0.0100673
-0.000306641  0.000597561   0.00279241
   0.0100673   0.00279241    0.0207519
   0.0182103 -0.000230509    0.0099573
-0.000230509  0.000512086   0.00261419
   0.0099573   0.00261419    0.0208317
   0.0168613 -7.78711e-05    0.0106079
-7.78711e-05  0.000530023   0.00274288
   0.0106079   0.00274288    0.0219914
   0.0168254 -8.89061e-05    0.0104987
-8.89061e-05  0.000490316   0.00261365
   0.0104987   0.00261365    0.0219947
   0.0164617  -0.00017286    0.0104847
 -0.00017286  0.000447161   0.00242535
   0.0104847   0.00242535    0.0223258
    0.016697 -0.000162686    0.0105862
-0.000162686  0.000563649   0.00277273
   0.0105862   0.00277273     0.021939
   0.0164949  -0.00017086    0.0106008
 -0.00017086  0.000481071   0.00254232
   0.0106008   0.00254232    0.0223513
   0.0163359 -0.000249571    0.0105816
-0.000249571  0.000510222   0.00256906
   0.0105816   0.00256906     0.022326
    0.016676 -0.000217946    0.0103334
-0.000217946  0.000442377    0.0023698
   0.0103334    0.0023698    0.0220057
   0.0163117 -0.000287984    0.0103057
-0.000287984  0.000406688   0.00219636
   0.0103057   0.00219636    0.0223057
   0.0161502 -0.000490069    0.0101407
-0.000490069  0.000364859   0.00188289
   0.0101407   0.00188289    0.0223305
   0.0165199 -0.000437507    0.0101919
-0.000437507  0.000393854   0.00204413
   0.0101919   0.00204413    0.0220668
   0.0180436 -0.000380662   0.00980335
-0.000380662  0.000462539   0.00236438
  0.00980335   0.00236438    0.0208669
   0.0178921 -0.000630013    0.0096971
-0.000630013  0.000417979   0.00203928
   0.0096971   0.00203928     0.020961
   0.0201439 -0.000855632   0.00825667
-0.000855632  0.000477645   0.00216148
  0.00825667   0.00216148    0.0184603
   0.0203303  -0.00065587   0.00837949
 -0.00065587  0.000514063   0.00240688
  0.00837949   0.00240688    0.0184012
   0.0235101  -0.00133913   0.00639558
 -0.00133913  0.000520844   0.00204253
  0.00639558   0.00204253    0.0152643
   0.0199993  -0.00115363   0.00801335
 -0.00115363  0.000455686   0.00190242
  0.00801335   0.00190242    0.0185958
   0.0231578  -0.00158457   0.00624253
 -0.00158457  0.000507097   0.00183785
  0.00624253   0.00183785    0.0152922
   0.0233258   -0.0020016   0.00578564
  -0.0020016  0.000532221   0.00168332
  0.00578564   0.00168332    0.0154867
   0.0236815  -0.00120474   0.00650249
 -0.00120474  0.000542886   0.00219304
  0.00650249   0.00219304    0.0152231
   0.0161035 -0.000434461    0.0100776
-0.000434461  0.000438035    0.0022482
   0.0100776    0.0022482    0.0221909
   0.0162544 -0.000367329    0.0100823
-0.000367329  0.000412946   0.00221915
   0.0100823   0.00221915    0.0221777
   0.0160436   -0.0005366   0.00951605
  -0.0005366  0.000337419   0.00182839
  0.00951605   0.00182839    0.0219868
   0.0158946 -0.000588325   0.00951754
-0.000588325  0.000357074   0.00185824
  0.00951754   0.00185824    0.0220325
   0.0159891 -0.000528306   0.00936717
-0.000528306  0.000315887   0.00173499
  0.00936717   0.00173499    0.0218875
   0.0158517  -0.00067363   0.00889518
 -0.00067363  0.000260111   0.00138215
  0.00889518   0.00138215    0.0217583
   0.0157882 -0.000665264   0.00873618
-0.000665264  0.000245364    0.0013058
  0.00873618    0.0013058    0.0216253
   0.0156183 -0.000758876   0.00808374
-0.000758876  0.000183103  0.000844637
  0.00808374  0.000844637    0.0213483
   0.0156991 -0.000707547   0.00889261
-0.000707547  0.000273527   0.00141194
  0.00889261   0.00141194    0.0218346
   0.0156908 -0.000767042   0.00824718
-0.000767042  0.000191158  0.000902693
  0.00824718  0.000902693    0.0215143
   0.0155278 -0.000785564   0.00823219
-0.000785564  0.000199725  0.000932291
  0.00823219  0.000932291    0.0216135
    0.015611 -0.000726825    0.0084937
-0.000726825  0.000230112   0.00115174
   0.0084937   0.00115174    0.0214845
    0.015421 -0.000806369   0.00782102
-0.000806369  0.000175854  0.000724151
  0.00782102  0.000724151    0.0211677
   0.0152389    -0.000918   0.00755929
   -0.000918  0.000171864  0.000542372
  0.00755929  0.000542372    0.0210203
   0.0154492  -0.00086242   0.00826243
 -0.00086242  0.000217661  0.000927747
  0.00826243  0.000927747    0.0213843
   0.0158285 -0.000606057   0.00914735
-0.000606057   0.00029222   0.00155097
  0.00914735   0.00155097    0.0217876
   0.0156784 -0.000766297   0.00894393
-0.000766297  0.000271146    0.0012901
  0.00894393    0.0012901    0.0217314
   0.0160626 -0.000459098   0.00975138
-0.000459098  0.000352429   0.00190284
  0.00975138   0.00190284     0.022055
   0.0162099  -0.00036272   0.00994878
 -0.00036272  0.000383928   0.00211215
  0.00994878   0.00211215     0.022115
   0.0159045 -0.000641405   0.00956916
-0.000641405  0.000320599   0.00161178
  0.00956916   0.00161178    0.0220433
   0.0134329  -0.00129972   0.00589794
 -0.00129972  0.000215123  0.000197841
  0.00589794  0.000197841    0.0203908
   0.0132605   -0.0012264   0.00646081
  -0.0012264   0.00023408  0.000453262
  0.00646081  0.000453262    0.0200529
   0.0147578  -0.00115544   0.00794363
 -0.00115544  0.000247343  0.000690948
  0.00794363  0.000690948    0.0211656
    0.012916  -0.00110474    0.0070782
 -0.00110474  0.000246836  0.000675797
   0.0070782  0.000675797     0.019379
   0.0147221  -0.00104259   0.00846364
 -0.00104259  0.000272289  0.000959857
  0.00846364  0.000959857    0.0213246
   0.0146381 -0.000884605   0.00887873
-0.000884605  0.000290614    0.0012055
  0.00887873    0.0012055    0.0212378
   0.0129202 -0.000955159    0.0076056
-0.000955159   0.00025708    0.0009091
   0.0076056    0.0009091    0.0192026
   0.0157319 -0.000890402   0.00939242
-0.000890402   0.00029694   0.00125378
  0.00939242   0.00125378    0.0220695
   0.0158484 -0.000741982    0.0099081
-0.000741982  0.000328891   0.00150999
   0.0099081   0.00150999    0.0223502
    0.015514 -0.000993044   0.00874341
-0.000993044   0.00025756  0.000965949
  0.00874341  0.000965949     0.021713
   0.0152919  -0.00106188   0.00803122
 -0.00106188  0.000214579  0.000646893
  0.00803122  0.000646893    0.0213123
   0.0146403  -0.00121436    0.0073463
 -0.00121436  0.000214877   0.00039404
   0.0073463   0.00039404    0.0210059
   0.0146092   -0.0012458   0.00678429
  -0.0012458   0.00018954  7.45737e-05
  0.00678429  7.45737e-05    0.0205945
   0.0150714  -0.00108779   0.00729695
 -0.00108779  0.000176522  0.000308031
  0.00729695  0.000308031    0.0209007
   0.0134587  -0.00131437   0.00546991
 -0.00131437  0.000196005 -9.72145e-05
  0.00546991 -9.72145e-05    0.0203858
   0.0133163 -0.000953138   0.00720592
-0.000953138   0.00028987   0.00119263
  0.00720592   0.00119263    0.0190769
    0.015167  -0.00137895   0.00564905
 -0.00137895  0.000398089   0.00148689
  0.00564905   0.00148689    0.0179182
   0.0160946  -0.00116135    0.0073703
 -0.00116135  0.000372573   0.00151878
   0.0073703   0.00151878     0.019302
   0.0171037  -0.00206664   0.00305772
 -0.00206664  0.000531032   0.00159491
  0.00305772   0.00159491    0.0150506
   0.0178959  -0.00186058   0.00461104
 -0.00186058  0.000494468   0.00158349
  0.00461104   0.00158349    0.0161663
   0.0203991  -0.00266832    0.0022808
 -0.00266832  0.000643142   0.00158253
   0.0022808   0.00158253    0.0132017
   0.0187328  -0.00274462  0.000932737
 -0.00274462  0.000676069   0.00165722
 0.000932737   0.00165722    0.0127028
   0.0192323  -0.00148942   0.00682622
 -0.00148942  0.000455102   0.00169978
  0.00682622   0.00169978    0.0179919
   0.0217059  -0.00229958   0.00428525
 -0.00229958  0.000562789   0.00158467
  0.00428525   0.00158467    0.0146632
   0.0172686  -0.00091066   0.00898104
 -0.00091066  0.000384658   0.00172765
  0.00898104   0.00172765    0.0205927
   0.0160098 -0.000682006   0.00981133
-0.000682006  0.000349555   0.00168002
  0.00981133   0.00168002    0.0219633
   0.0147695 -0.000854555   0.00854274
-0.000854555  0.000311595   0.00139419
  0.00854274   0.00139419     0.020667
   0.0153468 -0.000822303    0.0075288
-0.000822303  0.000137917  0.000416755
   0.0075288  0.000416755    0.0213923
   0.0155541 -0.000821814   0.00756425
-0.000821814  0.000133638  0.000386992
  0.00756425  0.000386992    0.0212753
   0.0154414 -0.000811469   0.00684746
-0.000811469  0.000107305 -0.000166836
  0.00684746 -0.000166836    0.0210622
   0.0151573 -0.000795085   0.00678738
-0.000795085  0.000109846  -0.00013863
  0.00678738  -0.00013863    0.0211874
   0.0153949 -0.000803423   0.00668671
-0.000803423  0.000106675 -0.000193434
  0.00668671 -0.000193434    0.0208535
   0.0152983 -0.000742164   0.00610931
-0.000742164  0.000116729 -0.000748813
  0.00610931 -0.000748813    0.0208669
   0.0153185 -0.000736496   0.00595702
-0.000736496  0.000115894 -0.000758819
  0.00595702 -0.000758819    0.0206526
   0.0152143 -0.000610886    0.0052399
-0.000610886  0.000164028  -0.00132737
   0.0052399  -0.00132737    0.0204702
   0.0149309 -0.000709554   0.00602882
-0.000709554  0.000116717 -0.000721821
  0.00602882 -0.000721821     0.020988
   0.0151184 -0.000613507   0.00538287
-0.000613507  0.000165828  -0.00133399
  0.00538287  -0.00133399    0.0206772
   0.0146801 -0.000571726   0.00528302
-0.000571726  0.000165489   -0.0013105
  0.00528302   -0.0013105      0.02078
   0.0150833 -0.000736554   0.00562748
-0.000736554  0.000117267 -0.000784447
  0.00562748 -0.000784447    0.0203816
   0.0150241 -0.000600024   0.00489743
-0.000600024   0.00016222  -0.00132322
  0.00489743  -0.00132322    0.0201918
   0.0147535 -0.000612182   0.00448976
-0.000612182  0.000164018  -0.00134075
  0.00448976  -0.00134075    0.0199088
   0.0148148 -0.000770986   0.00525838
-0.000770986  0.000122632 -0.000839687
  0.00525838 -0.000839687    0.0201186
   0.0151486 -0.000816114   0.00637818
-0.000816114   0.00010826  -0.00024881
  0.00637818  -0.00024881    0.0206027
   0.0149141  -0.00087836   0.00604901
 -0.00087836  0.000115463 -0.000343638
  0.00604901 -0.000343638    0.0203682
   0.0152546 -0.000843177   0.00711455
-0.000843177  0.000129189  0.000258457
  0.00711455  0.000258457    0.0208645
   0.0154756 -0.000812131   0.00739963
-0.000812131  0.000129454  0.000345266
  0.00739963  0.000345266    0.0210848
    0.015046 -0.000931827   0.00682171
-0.000931827  0.000132538  0.000120811
  0.00682171  0.000120811    0.0206714
   0.0143859  -0.00038718    0.0045214
 -0.00038718  0.000256114   -0.0019232
   0.0045214   -0.0019232     0.020576
   0.0149062 -0.000436566   0.00463339
-0.000436566  0.000254723  -0.00194012
  0.00463339  -0.00194012    0.0204975
   0.0146947 -0.000176474   0.00383513
-0.000176474  0.000411409   -0.0025823
  0.00383513   -0.0025823    0.0203456
   0.0140762 -0.000125457   0.00372412
-0.000125457  0.000419906   -0.0025773
  0.00372412   -0.0025773    0.0203982
   0.0149671 -0.000166668   0.00370975
-0.000166668  0.000398066  -0.00253978
  0.00370975  -0.00253978    0.0201908
   0.0144274   0.00015339   0.00299892
  0.00015339   0.00063433  -0.00325668
  0.00299892  -0.00325668    0.0202414
   0.0148322  0.000169073   0.00286967
 0.000169073  0.000606855  -0.00319239
  0.00286967  -0.00319239    0.0201229
   0.0146185   0.00056835   0.00202299
  0.00056835  0.000877302  -0.00384718
  0.00202299  -0.00384718    0.0200955
   0.0137147  0.000205446    0.0029182
 0.000205446  0.000652872  -0.00326582
   0.0029182  -0.00326582    0.0202647
   0.0140775  0.000548466   0.00217401
 0.000548466  0.000922158  -0.00393363
  0.00217401  -0.00393363    0.0201735
   0.0133047  0.000598731    0.0021407
 0.000598731  0.000956326  -0.00396144
   0.0021407  -0.00396144     0.020169
   0.0148631  0.000220636    0.0024837
 0.000220636  0.000576216   -0.0031011
   0.0024837   -0.0031011    0.0198964
   0.0147972  0.000634135   0.00162244
 0.000634135  0.000825641  -0.00372423
  0.00162244  -0.00372423    0.0199071
   0.0147335  0.000705161   0.00106458
 0.000705161  0.000776003  -0.00359607
  0.00106458  -0.00359607    0.0196519
   0.0146992  0.000270603   0.00196144
 0.000270603  0.000546113  -0.00300876
  0.00196144  -0.00300876    0.0196158
    0.014896  -0.00012887   0.00333794
 -0.00012887  0.000381003  -0.00247809
  0.00333794  -0.00247809    0.0199351
   0.0146899 -0.000101649    0.0028535
-0.000101649  0.000366827  -0.00242196
   0.0028535  -0.00242196    0.0196409
   0.0149423 -0.000408947   0.00414289
-0.000408947  0.000241856  -0.00188345
  0.00414289  -0.00188345    0.0200391
   0.0150764 -0.000431706   0.00450226
-0.000431706  0.000247957  -0.00191616
  0.00450226  -0.00191616    0.0203132
   0.0146951 -0.000402013   0.00370061
-0.000402013  0.000237463  -0.00186352
  0.00370061  -0.00186352    0.0197452
   0.0145112  0.000798461  -0.00154299
 0.000798461  0.000622292  -0.00321062
 -0.00154299  -0.00321062    0.0186563
   0.0141922  0.000267905 -0.000489059
 0.000267905  0.000467734  -0.00276969
-0.000489059  -0.00276969    0.0185465
   0.0143167  0.000302755  0.000188061
 0.000302755  0.000481525  -0.00281429
 0.000188061  -0.00281429    0.0188107
   0.0141435 -0.000145671   0.00120583
-0.000145671  0.000348007   -0.0023444
  0.00120583   -0.0023444    0.0188117
    0.013998 -0.000219518  0.000556256
-0.000219518  0.000355645  -0.00234032
 0.000556256  -0.00234032    0.0185304
   0.0143202 -0.000109927   0.00181004
-0.000109927  0.000350254  -0.00235827
  0.00181004  -0.00235827    0.0190867
   0.0140722 -0.000537753   0.00217249
-0.000537753  0.000257877  -0.00191169
  0.00217249  -0.00191169    0.0189246
   0.0142668 -0.000462901   0.00274269
-0.000462901  0.000243116  -0.00188102
  0.00274269  -0.00188102    0.0192024
   0.0143324  -0.00073438   0.00361915
 -0.00073438  0.000188281  -0.00144393
  0.00361915  -0.00144393    0.0193928
   0.0137925 -0.000639957   0.00149728
-0.000639957  0.000279859  -0.00194644
  0.00149728  -0.00194644    0.0186006
   0.0141105 -0.000852625     0.003088
-0.000852625  0.000214446  -0.00152572
    0.003088  -0.00152572    0.0191227
   0.0134859 -0.000940016   0.00227916
-0.000940016  0.000240857  -0.00157902
  0.00227916  -0.00157902    0.0186405
   0.0144524 -0.000421817    0.0032327
-0.000421817  0.000237642  -0.00186516
   0.0032327  -0.00186516    0.0194665
   0.0145128 -0.000657995   0.00406776
-0.000657995  0.000171195  -0.00138329
  0.00406776  -0.00138329    0.0196462
   0.0144792  -9.8783e-05   0.00234097
 -9.8783e-05  0.000355604  -0.00238296
  0.00234097  -0.00238296    0.0193546
   0.0145337  0.000298818    0.0013925
 0.000298818  0.000520289  -0.00293048
   0.0013925  -0.00293048    0.0193324
   0.0144418  0.000309768  0.000820452
 0.000309768  0.000498917  -0.00286643
 0.000820452  -0.00286643      0.01907
   0.0145785  0.000793951 -0.000187925
 0.000793951  0.000691807  -0.00337984
-0.000187925  -0.00337984    0.0191308
   0.0146022  0.000760226  0.000438869
 0.000760226   0.00073097  -0.00348014
 0.000438869  -0.00348014    0.0193815
   0.0145595  0.000806402 -0.000846036
 0.000806402  0.000655298  -0.00329089
-0.000846036  -0.00329089     0.018893
   0.0129173  -0.00112172   0.00275843
 -0.00112172  0.000213885  -0.00122628
  0.00275843  -0.00122628    0.0188193
   0.0140569  -0.00109951   0.00391342
 -0.00109951  0.000192206  -0.00116381
  0.00391342  -0.00116381    0.0193536
   0.0138106  -0.00124796   0.00462412
 -0.00124796  0.000183236 -0.000791254
  0.00462412 -0.000791254    0.0195142
   0.0124425  -0.00121518   0.00294711
 -0.00121518  0.000199691 -0.000873604
  0.00294711 -0.000873604    0.0195827
   0.0145108  -0.00113723   0.00534113
 -0.00113723  0.000155687 -0.000643042
  0.00534113 -0.000643042    0.0199569
   0.0135137  -0.00130727   0.00515481
 -0.00130727  0.000182736 -0.000427241
  0.00515481 -0.000427241    0.0197341
   0.0145486  -0.00123304   0.00611467
 -0.00123304  0.000165042 -0.000272159
  0.00611467 -0.000272159    0.0202951
   0.0123275  -0.00128239   0.00333166
 -0.00128239   0.00019547 -0.000528654
  0.00333166 -0.000528654    0.0203398
   0.0148608  -0.00107324    0.0065252
 -0.00107324   0.00014322 -6.33424e-05
   0.0065252 -6.33424e-05    0.0205052
   0.0147165 -0.000992054   0.00571878
-0.000992054  0.000128599 -0.000477865
  0.00571878 -0.000477865    0.0201625
   0.0146007 -0.000851116   0.00488303
-0.000851116  0.000135243 -0.000925741
  0.00488303 -0.000925741    0.0198786
   0.0144152 -0.000964736   0.00447558
-0.000964736  0.000158772  -0.00103696
  0.00447558  -0.00103696    0.0196462
   0.0112722  -0.00119387   0.00161786
 -0.00119387  0.000204976   -0.0006258
  0.00161786   -0.0006258    0.0206819
   0.0116132  -0.00116055   0.00136782
 -0.00116055  0.000208108 -0.000937667
  0.00136782 -0.000937667    0.0204215
   0.0102617 -0.000994718  -0.00036231
-0.000994718  0.000213805  -0.00092266
 -0.00036231  -0.00092266    0.0202894
   0.0117824   -0.0010509  0.000909797
  -0.0010509  0.000225024  -0.00128147
 0.000909797  -0.00128147    0.0197686
   0.0107968 -0.000969729 -0.000614591
-0.000969729  0.000227453  -0.00127217
-0.000614591  -0.00127217    0.0204015
   0.0114225  -0.00086253 -0.000734516
 -0.00086253  0.000258599  -0.00161139
-0.000734516  -0.00161139    0.0197752
   0.0122874 -0.000902807  0.000698294
-0.000902807   0.00025144  -0.00159709
 0.000698294  -0.00159709    0.0188945
   0.0102196 -0.000692064  -0.00223785
-0.000692064  0.000246269   -0.0015075
 -0.00223785   -0.0015075    0.0201709
   0.0129165 -0.000683807  0.000480635
-0.000683807  0.000290588  -0.00191877
 0.000480635  -0.00191877    0.0180965
   0.0136038 -0.000301012 -0.000241917
-0.000301012  0.000358961   -0.0023088
-0.000241917   -0.0023088    0.0181596
   0.0127567 -0.000309166  -0.00148866
-0.000309166  0.000356905  -0.00227071
 -0.00148866  -0.00227071    0.0183551
   0.0141135  0.000192554  -0.00120287
 0.000192554    0.0004557  -0.00271355
 -0.00120287  -0.00271355    0.0182659
    0.013704  0.000148019  -0.00215939
 0.000148019  0.000440307    -0.002653
 -0.00215939    -0.002653    0.0182258
   0.0145102  0.000689539   -0.0030144
 0.000689539   0.00055259  -0.00301496
  -0.0030144  -0.00301496    0.0182303
   0.0144639  0.000762594  -0.00228012
 0.000762594  0.000587091  -0.00311863
 -0.00228012  -0.00311863    0.0184012
   0.0127188    0.0001421  -0.00325516
   0.0001421  0.000410695  -0.00252978
 -0.00325516  -0.00252978    0.0183033
    0.014016  0.000658098  -0.00395352
 0.000658098  0.000508497  -0.00289573
 -0.00395352  -0.00289573     0.018276
   0.0129485  0.000578841  -0.00458116
 0.000578841  0.000452528  -0.00269074
 -0.00458116  -0.00269074    0.0180304
   0.0119358   0.00014924  -0.00403423
  0.00014924  0.000383355  -0.00242301
 -0.00403423  -0.00242301    0.0187607
   0.0119863 -0.000249765  -0.00267594
-0.000249765  0.000347578  -0.00224317
 -0.00267594  -0.00224317    0.0189976
   0.0109304 -0.000281712  -0.00357256
-0.000281712  0.000314645  -0.00204949
 -0.00357256  -0.00204949    0.0201524
   0.0110995 -0.000582087   -0.0024047
-0.000582087  0.000282716  -0.00186051
  -0.0024047  -0.00186051    0.0198266
    0.012041 -0.000633337   -0.0011296
-0.000633337  0.000294408  -0.00193486
  -0.0011296  -0.00193486    0.0191348
     0.01115  0.000172083  -0.00463697
 0.000172083  0.000363759  -0.00235645
 -0.00463697  -0.00235645     0.019208
   0.0119555  0.000555748  -0.00493702
 0.000555748  0.000405864   -0.0024957
 -0.00493702   -0.0024957    0.0173646
  0.00864909  -0.00553719  3.93531e-05
 -0.00553719   0.00456082   0.00334581
 3.93531e-05   0.00334581    0.0228859
  0.00837527  -0.00579767   0.00014376
 -0.00579767   0.00478797   0.00269741
  0.00014376   0.00269741    0.0228956
  0.00828672  -0.00524377  0.000705708
 -0.00524377   0.00384271   0.00135115
 0.000705708   0.00135115    0.0233887
  0.00812245  -0.00548501  0.000766346
 -0.00548501    0.0040838  0.000984309
 0.000766346  0.000984309    0.0234279
  0.00820492   -0.0059895  0.000280286
  -0.0059895   0.00494981    0.0022532
 0.000280286    0.0022532    0.0228921
  0.00800049  -0.00500042   0.00126434
 -0.00500042    0.0033424 -9.89096e-05
  0.00126434 -9.89096e-05    0.0239053
  0.00804257  -0.00561058  0.000853971
 -0.00561058   0.00419467   0.00090855
 0.000853971   0.00090855    0.0234525
  0.00792773  -0.00515826   0.00128975
 -0.00515826   0.00349707 -0.000121264
  0.00128975 -0.000121264     0.023974
  0.00792104  -0.00522697   0.00134739
 -0.00522697   0.00358616  7.79216e-05
  0.00134739  7.79216e-05    0.0240225
  0.00811868  -0.00607035  0.000437072
 -0.00607035    0.0050009   0.00209298
 0.000437072   0.00209298    0.0228757
  0.00802469  -0.00564902  0.000971379
 -0.00564902   0.00425525   0.00105011
 0.000971379   0.00105011    0.0234577
  0.00809202  -0.00607697  0.000610106
 -0.00607697   0.00503423   0.00215684
 0.000610106   0.00215684    0.0228476
  0.00780084  -0.00477266   0.00168312
 -0.00477266   0.00296804 -0.000834469
  0.00168312 -0.000834469    0.0244176
  0.00779719  -0.00485419   0.00169671
 -0.00485419   0.00306666 -0.000620325
  0.00169671 -0.000620325    0.0245119
  0.00768466  -0.00457595   0.00201347
 -0.00457595   0.00274645  -0.00107595
  0.00201347  -0.00107595    0.0249346
  0.00816574  -0.00473274   0.00188722
 -0.00473274   0.00276986  -0.00120935
  0.00188722  -0.00120935    0.0249137
  0.00815623  -0.00474118   0.00160721
 -0.00474118   0.00284834 -0.000787272
  0.00160721 -0.000787272    0.0243852
   0.0088159  -0.00482283    0.0018244
 -0.00482283   0.00270622  -0.00115723
   0.0018244  -0.00115723    0.0248489
  0.00854176  -0.00454969   0.00163778
 -0.00454969   0.00257823 -0.000496844
  0.00163778 -0.000496844    0.0242936
  0.00825256  -0.00477292   0.00121956
 -0.00477292   0.00307355  0.000235975
  0.00121956  0.000235975    0.0238602
  0.00853895  -0.00443876   0.00128383
 -0.00443876   0.00271796  0.000738251
  0.00128383  0.000738251    0.0237567
  0.00928416  -0.00462481   0.00174025
 -0.00462481   0.00241758 -0.000753746
  0.00174025 -0.000753746    0.0232409
  0.00882243  -0.00419465   0.00170757
 -0.00419465   0.00220092  3.42624e-06
  0.00170757  3.42624e-06    0.0235818
  0.00946372   -0.0042575   0.00184216
  -0.0042575   0.00206319 -0.000294868
  0.00184216 -0.000294868    0.0227294
  0.00856069  -0.00493378  0.000690468
 -0.00493378    0.0035293   0.00191681
 0.000690468   0.00191681    0.0233314
  0.00812289  -0.00600955  0.000798527
 -0.00600955   0.00501369   0.00242435
 0.000798527   0.00242435    0.0227857
  0.00806802  -0.00561081   0.00110997
 -0.00561081   0.00425239    0.0013864
  0.00110997    0.0013864    0.0234316
  0.00815931  -0.00549499   0.00125849
 -0.00549499   0.00421465   0.00188179
  0.00125849   0.00188179    0.0233554
  0.00819774  -0.00586394  0.000985633
 -0.00586394   0.00496396    0.0028686
 0.000985633    0.0028686    0.0226713
  0.00807719  -0.00512226    0.0015428
 -0.00512226   0.00355933  0.000988684
   0.0015428  0.000988684    0.0240074
  0.00825259  -0.00526763   0.00137644
 -0.00526763   0.00410923   0.00257304
  0.00137644   0.00257304    0.0232346
  0.00819458  -0.00492816   0.00163104
 -0.00492816   0.00345688   0.00169208
  0.00163104   0.00169208    0.0239324
  0.00826708  -0.00464606   0.00166521
 -0.00464606   0.00331802   0.00248864
  0.00166521   0.00248864    0.0238204
  0.00826331  -0.00559734   0.00113219
 -0.00559734   0.00485769   0.00351779
  0.00113219   0.00351779    0.0225109
  0.00828859  -0.00494339    0.0014336
 -0.00494339   0.00397509   0.00336381
   0.0014336   0.00336381    0.0230798
   0.0082708  -0.00523784   0.00120854
 -0.00523784   0.00473452   0.00428201
  0.00120854   0.00428201    0.0223189
  0.00810523   -0.0046232   0.00186537
  -0.0046232   0.00295085  0.000989937
  0.00186537  0.000989937    0.0245738
  0.00820546  -0.00437365   0.00188262
 -0.00437365   0.00281144   0.00175123
  0.00188262   0.00175123    0.0245071
  0.00812296  -0.00415642   0.00208581
 -0.00415642   0.00246498   0.00115461
  0.00208581   0.00115461    0.0251329
  0.00800196   -0.0043805   0.00208579
  -0.0043805   0.00260889  0.000445658
  0.00208579  0.000445658    0.0251518
  0.00797096  -0.00479157   0.00180644
 -0.00479157   0.00305089  0.000304146
  0.00180644  0.000304146    0.0245977
  0.00785914  -0.00452903   0.00205295
 -0.00452903   0.00271687 -0.000198801
  0.00205295 -0.000198801    0.0251245
  0.00786057  -0.00486101   0.00174069
 -0.00486101   0.00308382 -0.000225107
  0.00174069 -0.000225107    0.0245767
  0.00797295  -0.00521192   0.00143675
 -0.00521192   0.00359273  0.000460333
  0.00143675  0.000460333    0.0240375
  0.00774391  -0.00458373   0.00202366
 -0.00458373   0.00275354 -0.000700745
  0.00202366 -0.000700745    0.0250492
   0.0123805  -0.00664133 -0.000277234
 -0.00664133    0.0036843  0.000985967
-0.000277234  0.000985967     0.019489
   0.0113473  -0.00632201  0.000396612
 -0.00632201   0.00359762  0.000443619
 0.000396612  0.000443619    0.0207038
  0.00951586  -0.00509979   0.00125524
 -0.00509979    0.0028181  3.51605e-05
  0.00125524  3.51605e-05    0.0228274
   0.0092404  -0.00515071   0.00158121
 -0.00515071   0.00291751 -0.000396189
  0.00158121 -0.000396189    0.0233035
   0.0116877  -0.00667604  0.000383198
 -0.00667604    0.0038729  0.000365605
 0.000383198  0.000365605    0.0204797
  0.00804208  -0.00445079   0.00193798
 -0.00445079   0.00251745  -0.00056509
  0.00193798  -0.00056509    0.0242253
  0.00969794  -0.00546069   0.00162257
 -0.00546069   0.00311132 -0.000561178
  0.00162257 -0.000561178    0.0233589
  0.00812058  -0.00455675   0.00207456
 -0.00455675   0.00258262 -0.000931692
  0.00207456 -0.000931692     0.024552
  0.00912879  -0.00509428   0.00201113
 -0.00509428    0.0028715  -0.00111658
  0.00201113  -0.00111658    0.0249777
   0.0116154  -0.00670797  0.000461045
 -0.00670797   0.00393014  0.000298227
 0.000461045  0.000298227    0.0197887
    0.010446  -0.00585255   0.00121077
 -0.00585255   0.00333032  -0.00041266
  0.00121077  -0.00041266    0.0216155
   0.0121566  -0.00698011  0.000340536
 -0.00698011   0.00408732  0.000401873
 0.000340536  0.000401873    0.0189448
  0.00760098  -0.00435511   0.00220976
 -0.00435511   0.00252262 -0.000960284
  0.00220976 -0.000960284    0.0249835
  0.00814023  -0.00465272   0.00213756
 -0.00465272   0.00267888  -0.00123176
  0.00213756  -0.00123176    0.0251659
  0.00778629  -0.00435632   0.00210727
 -0.00435632   0.00251195 -0.000481544
  0.00210727 -0.000481544     0.024929
  0.00802481  -0.00427043   0.00205254
 -0.00427043   0.00241934  0.000109092
  0.00205254  0.000109092      0.02506
  0.00852539  -0.00450384   0.00172321
 -0.00450384   0.00248444 -3.11825e-05
  0.00172321 -3.11825e-05    0.0239345
  0.00905722  -0.00448832   0.00157488
 -0.00448832   0.00239356  0.000562513
  0.00157488  0.000562513    0.0240799
    0.008248  -0.00411252   0.00197502
 -0.00411252   0.00228856  0.000778869
  0.00197502  0.000778869    0.0251335
   0.0103694  -0.00528299  0.000768984
 -0.00528299   0.00282574  0.000636656
 0.000768984  0.000636656    0.0220084
   0.0124864   -0.0070507  0.000411426
  -0.0070507   0.00408042  0.000377648
 0.000411426  0.000377648     0.018596
   0.0113407  -0.00614651  0.000899289
 -0.00614651   0.00340961 -0.000254865
 0.000899289 -0.000254865    0.0200977
    0.012574  -0.00645764  0.000720019
 -0.00645764    0.0034484  5.20019e-05
 0.000720019  5.20019e-05    0.0199238
    0.013236  -0.00718113   0.00036515
 -0.00718113   0.00403929  0.000532152
  0.00036515  0.000532152    0.0187182
   0.0113656   -0.0057023   0.00124175
  -0.0057023   0.00297516 -0.000470561
  0.00124175 -0.000470561    0.0213501
   0.0132306  -0.00612123   0.00107602
 -0.00612123   0.00305514   0.00030765
  0.00107602   0.00030765    0.0199692
   0.0124281   -0.0056792   0.00143123
  -0.0056792   0.00274603 -0.000311443
  0.00143123 -0.000311443    0.0214327
   0.0124923  -0.00518799   0.00168931
 -0.00518799   0.00232818 -9.60814e-05
  0.00168931 -9.60814e-05    0.0220582
   0.0135357  -0.00661956  0.000579809
 -0.00661956   0.00350421  0.000878857
 0.000579809  0.000878857    0.0179642
   0.0132896  -0.00545872   0.00138174
 -0.00545872   0.00250355  0.000542534
  0.00138174  0.000542534    0.0197233
   0.0139932  -0.00609734  0.000998687
 -0.00609734   0.00306411   0.00125564
 0.000998687   0.00125564    0.0183751
   0.0105949  -0.00498438    0.0015162
 -0.00498438   0.00247143 -0.000555103
   0.0015162 -0.000555103    0.0219886
   0.0105513  -0.00444575   0.00184777
 -0.00444575   0.00202524 -0.000230059
  0.00184777 -0.000230059    0.0222551
  0.00988149  -0.00511013   0.00159243
 -0.00511013   0.00271935  -0.00095389
  0.00159243  -0.00095389    0.0229891
  0.00899885  -0.00497549   0.00200074
 -0.00497549   0.00278257  -0.00131567
  0.00200074  -0.00131567    0.0253814
   0.0101175  -0.00542766   0.00142002
 -0.00542766   0.00296357  -0.00083889
  0.00142002  -0.00083889    0.0225896
  0.00819138  -0.00484311    0.0012051
 -0.00484311    0.0046191    0.0050577
   0.0012051    0.0050577    0.0221017
  0.00824123  -0.00457712   0.00140969
 -0.00457712   0.00383828   0.00415709
  0.00140969   0.00415709    0.0228965
  0.00811114  -0.00422714    0.0013147
 -0.00422714   0.00376387   0.00485694
   0.0013147   0.00485694    0.0226939
  0.00803811  -0.00447461   0.00113336
 -0.00447461   0.00458036   0.00575168
  0.00113336   0.00575168    0.0218697
  0.00814597  -0.00398915   0.00150245
 -0.00398915   0.00307067   0.00397476
  0.00150245   0.00397476    0.0234986
  0.00792109  -0.00391321   0.00116663
 -0.00391321   0.00374663    0.0054573
  0.00116663    0.0054573    0.0224946
  0.00797584  -0.00369365   0.00132907
 -0.00369365   0.00301831   0.00456187
  0.00132907   0.00456187    0.0233251
  0.00776636  -0.00342309   0.00112595
 -0.00342309   0.00300863   0.00506013
  0.00112595   0.00506013    0.0231682
  0.00782751  -0.00413879   0.00101214
 -0.00413879   0.00459674   0.00634893
  0.00101214   0.00634893    0.0216436
  0.00769183  -0.00362108  0.000990677
 -0.00362108   0.00376711   0.00596829
 0.000990677   0.00596829    0.0223105
   0.0075908  -0.00382606    0.0008606
 -0.00382606   0.00464793   0.00686523
   0.0008606   0.00686523     0.021432
  0.00799868    -0.003506    0.0014821
   -0.003506   0.00245447   0.00374389
   0.0014821   0.00374389    0.0241049
    0.007807  -0.00325235   0.00125654
 -0.00325235   0.00241799   0.00420932
  0.00125654   0.00420932    0.0239681
  0.00781982  -0.00312289    0.0013858
 -0.00312289     0.002002   0.00344211
   0.0013858   0.00344211    0.0247059
  0.00799485  -0.00336048   0.00163357
 -0.00336048   0.00205934   0.00301186
  0.00163357   0.00301186    0.0248259
  0.00814819  -0.00378212   0.00167974
 -0.00378212   0.00253915   0.00318225
  0.00167974   0.00318225    0.0242544
  0.00812355  -0.00361648   0.00185377
 -0.00361648   0.00216212   0.00248625
  0.00185377   0.00248625    0.0249516
   0.0082268  -0.00407971   0.00182142
 -0.00407971    0.0026566   0.00251204
  0.00182142   0.00251204    0.0243972
  0.00824961  -0.00431383   0.00162161
 -0.00431383   0.00317027    0.0032801
  0.00162161    0.0032801    0.0236716
  0.00817035  -0.00388726   0.00201353
 -0.00388726   0.00229504   0.00185875
  0.00201353   0.00185875    0.0250626
  0.00733568  -0.00353591  0.000679523
 -0.00353591   0.00470626   0.00733605
 0.000679523   0.00733605    0.0212195
  0.00744284  -0.00334254  0.000783957
 -0.00334254    0.0037915   0.00643373
 0.000783957   0.00643373    0.0221261
  0.00717628  -0.00308315  0.000545186
 -0.00308315   0.00383564   0.00686991
 0.000545186   0.00686991    0.0219339
  0.00707014   -0.0032717  0.000470655
  -0.0032717   0.00479193   0.00777729
 0.000470655   0.00777729    0.0210007
  0.00726057    -0.002907  0.000625378
   -0.002907   0.00301424   0.00593013
 0.000625378   0.00593013     0.022837
   0.0068973  -0.00286053  0.000274271
 -0.00286053   0.00390305    0.0072614
 0.000274271    0.0072614    0.0217415
  0.00697914  -0.00268394  0.000322043
 -0.00268394    0.0030394   0.00630828
 0.000322043   0.00630828    0.0226595
  0.00673904  -0.00249502  3.38572e-05
 -0.00249502   0.00307779   0.00661373
 3.38572e-05   0.00661373    0.0223292
  0.00679786   -0.0030438  0.000236752
  -0.0030438   0.00489895   0.00816962
 0.000236752   0.00816962    0.0207837
  0.00662635  -0.00267079 -2.15633e-05
 -0.00267079    0.0039798   0.00757217
-2.15633e-05   0.00757217    0.0213627
  0.00653785  -0.00284353 -3.79629e-06
 -0.00284353   0.00502088    0.0085187
-3.79629e-06    0.0085187    0.0205783
  0.00704203  -0.00253875  0.000367138
 -0.00253875   0.00235396   0.00538338
 0.000367138   0.00538338    0.0234967
  0.00695069  -0.00237532  5.14991e-05
 -0.00237532   0.00235975   0.00564702
 5.14991e-05   0.00564702    0.0229749
  0.00703424  -0.00225679  0.000139593
 -0.00225679   0.00184185   0.00481025
 0.000139593   0.00481025     0.023933
  0.00708423  -0.00243203  0.000419959
 -0.00243203   0.00185705   0.00452456
 0.000419959   0.00452456    0.0242415
  0.00732234   -0.0027628   0.00070043
  -0.0027628   0.00236695   0.00502522
  0.00070043   0.00502522      0.02367
   0.0073606  -0.00265464  0.000781113
 -0.00265464    0.0018964   0.00418987
 0.000781113   0.00418987    0.0244223
  0.00758044   -0.0030072  0.000996461
  -0.0030072   0.00238851   0.00462731
 0.000996461   0.00462731    0.0238289
  0.00752289  -0.00316039    0.0008935
 -0.00316039   0.00300698   0.00550789
   0.0008935   0.00550789     0.023009
  0.00760589  -0.00289023    0.0011045
 -0.00289023   0.00194546   0.00382302
   0.0011045   0.00382302    0.0245775
   0.0127746  -0.00436793   -0.0033009
 -0.00436793   0.00172372    0.0029901
  -0.0033009    0.0029901    0.0185291
   0.0130879  -0.00468663  -0.00291634
 -0.00468663   0.00188057   0.00283127
 -0.00291634   0.00283127    0.0186129
   0.0103368  -0.00354811   -0.0015134
 -0.00354811   0.00152567   0.00294028
  -0.0015134   0.00294028    0.0215777
   0.0106025  -0.00381412  -0.00114255
 -0.00381412   0.00165774   0.00272685
 -0.00114255   0.00272685    0.0216792
   0.0133204  -0.00502094  -0.00254339
 -0.00502094   0.00209113   0.00264505
 -0.00254339   0.00264505    0.0186623
  0.00870362  -0.00304437  2.92783e-05
 -0.00304437    0.0015008    0.0029838
 2.92783e-05    0.0029838    0.0238177
   0.0107915  -0.00408959 -0.000800885
 -0.00408959   0.00181291   0.00246998
-0.000800885   0.00246998    0.0217511
  0.00891968  -0.00327672  0.000362045
 -0.00327672   0.00159716   0.00269578
 0.000362045   0.00269578    0.0239278
  0.00909727  -0.00352577  0.000679607
 -0.00352577   0.00171655   0.00237815
 0.000679607   0.00237815    0.0240176
   0.0134555  -0.00536126  -0.00219336
 -0.00536126   0.00232192   0.00244978
 -0.00219336   0.00244978    0.0186682
   0.0109247  -0.00437629 -0.000470921
 -0.00437629    0.0019879   0.00221833
-0.000470921   0.00221833    0.0217851
   0.0135439    -0.005691  -0.00185114
   -0.005691   0.00255499   0.00226454
 -0.00185114   0.00226454    0.0186511
   0.0078541  -0.00291193  0.000916975
 -0.00291193   0.00166627   0.00317466
 0.000916975   0.00317466    0.0247431
  0.00805195  -0.00314004   0.00121419
 -0.00314004   0.00174761   0.00282875
  0.00121419   0.00282875    0.0248529
  0.00761982  -0.00268676  0.000585564
 -0.00268676   0.00159845   0.00350225
 0.000585564   0.00350225    0.0246011
  0.00735113  -0.00246187  0.000207666
 -0.00246187   0.00153188   0.00379929
 0.000207666   0.00379929    0.0244237
  0.00842981  -0.00281196 -0.000348415
 -0.00281196   0.00141191   0.00324096
-0.000348415   0.00324096    0.0236646
  0.00832556   -0.0025923  -0.00069228
  -0.0025923   0.00133453   0.00349707
 -0.00069228   0.00349707    0.0235183
  0.00741798  -0.00230599  -0.00011631
 -0.00230599   0.00149513   0.00406466
 -0.00011631   0.00406466    0.0240802
   0.0101798  -0.00330852   -0.0018856
 -0.00330852   0.00142283   0.00314694
  -0.0018856   0.00314694    0.0214448
   0.0135644  -0.00602371  -0.00151985
 -0.00602371   0.00281443   0.00206687
 -0.00151985   0.00206687    0.0186122
   0.0110136  -0.00464402 -0.000165457
 -0.00464402   0.00215607   0.00194891
-0.000165457   0.00194891    0.0218011
   0.0110226  -0.00492366  0.000105537
 -0.00492366    0.0023802    0.0016325
 0.000105537    0.0016325    0.0217889
   0.0135112  -0.00639362  -0.00115987
 -0.00639362    0.0031802   0.00177603
 -0.00115987   0.00177603    0.0186692
   0.0092902  -0.00401786    0.0012239
 -0.00401786   0.00199772   0.00164079
   0.0012239   0.00164079    0.0241309
    0.010871   -0.0051837  0.000432591
  -0.0051837   0.00263861   0.00116196
 0.000432591   0.00116196     0.021828
  0.00926215  -0.00426903   0.00140548
 -0.00426903   0.00218326   0.00115821
  0.00140548   0.00115821     0.024147
   0.0130093  -0.00655061 -0.000735588
 -0.00655061   0.00344525   0.00140717
-0.000735588   0.00140717     0.018996
  0.00832427  -0.00385778   0.00188873
 -0.00385778   0.00210004   0.00141339
  0.00188873   0.00141339    0.0251136
   0.0083053  -0.00360817   0.00172111
 -0.00360817   0.00195298   0.00197253
  0.00172111   0.00197253    0.0250434
  0.00820726  -0.00336702   0.00148326
 -0.00336702   0.00182908   0.00243672
  0.00148326   0.00243672    0.0249528
  0.00922304  -0.00377578  0.000974429
 -0.00377578   0.00184521   0.00203667
 0.000974429   0.00203667    0.0240841
  0.00620546  -0.00797814  4.57178e-05
 -0.00797814    0.0230857     0.012649
 4.57178e-05     0.012649    0.0149444
  0.00622914   -0.0078338  0.000396992
  -0.0078338    0.0219504    0.0118558
 0.000396992    0.0118558    0.0149733
  0.00666556  -0.00801158 -5.68987e-05
 -0.00801158    0.0187615    0.0111903
-5.68987e-05    0.0111903    0.0162863
  0.00668249  -0.00786119  0.000301126
 -0.00786119    0.0178734    0.0104702
 0.000301126    0.0104702    0.0162288
  0.00627354  -0.00765097  0.000728814
 -0.00765097    0.0208542    0.0111894
 0.000728814    0.0111894    0.0149614
  0.00707775  -0.00794408 -7.66061e-05
 -0.00794408    0.0151178   0.00959756
-7.66061e-05   0.00959756    0.0174782
  0.00671186  -0.00765713  0.000619872
 -0.00765713    0.0170581   0.00996142
