           0            0            0
           0            0            0
           0            0            0
   0.0274628  -0.00113552   0.00576017
 -0.00113552  0.000208225  -0.00118555
  0.00576017  -0.00118555    0.0167075
   0.0239248  -0.00105814   0.00848352
 -0.00105814  0.000154872 -0.000932342
  0.00848352 -0.000932342    0.0204856
   0.0204039  -0.00157502    0.0110348
 -0.00157502  0.000223164 -0.000815124
   0.0110348 -0.000815124    0.0226249
   0.0195107  -0.00209713    0.0122125
 -0.00209713   0.00032577 -0.000650567
   0.0122125 -0.000650567    0.0227266
   0.0195941  -0.00253141    0.0116929
 -0.00253141  0.000439404 -0.000559723
   0.0116929 -0.000559723    0.0229447
   0.0174693  -0.00238557    0.0101626
 -0.00238557  0.000402893 -0.000716232
   0.0101626 -0.000716232    0.0206558
   0.0181457  -0.00274608   0.00934922
 -0.00274608  0.000497925 -0.000686492
  0.00934922 -0.000686492    0.0217978
   0.0197194  -0.00284138    0.0107166
 -0.00284138   0.00052437 -0.000576355
   0.0107166 -0.000576355    0.0231911
   0.0178946  -0.00285597    0.0075101
 -0.00285597  0.000543207 -0.000792923
   0.0075101 -0.000792923    0.0225559
   0.0195917  -0.00299948   0.00896849
 -0.00299948  0.000570071 -0.000716059
  0.00896849 -0.000716059    0.0239805
   0.0177436  -0.00275688    0.0052768
 -0.00275688  0.000545626  -0.00103818
   0.0052768  -0.00103818    0.0235348
   0.0197146  -0.00310876   0.00812425
 -0.00310876  0.000588341 -0.000926032
  0.00812425 -0.000926032    0.0241034
   0.0403288    0.0011559    0.0142743
   0.0011559  0.000788466   0.00271742
   0.0142743   0.00271742    0.0208433
   0.0349013  9.30495e-06    0.0166522
 9.30495e-06   0.00101226   0.00344516
   0.0166522   0.00344516    0.0246841
   0.0345262  0.000745173     0.016382
 0.000745173  0.000764458   0.00324337
    0.016382   0.00324337    0.0245967
   0.0313566  6.34837e-05    0.0184585
 6.34837e-05  0.000997679   0.00374953
   0.0184585   0.00374953    0.0276118
   0.0310792 -0.000624054    0.0183187
-0.000624054   0.00125941   0.00382689
   0.0183187   0.00382689    0.0274628
   0.0296992  0.000284967    0.0174156
 0.000284967  0.000751077   0.00329144
   0.0174156   0.00329144    0.0271079
   0.0289279 -0.000545997    0.0188727
-0.000545997    0.0011738   0.00378954
   0.0188727   0.00378954    0.0287668
   0.0277295 -0.000302803    0.0180891
-0.000302803  0.000930213   0.00345763
   0.0180891   0.00345763    0.0283775
   0.0271694 -0.000889556    0.0179512
-0.000889556   0.00101663   0.00323837
   0.0179512   0.00323837    0.0285038
   0.0283094  -0.00113489    0.0184636
 -0.00113489   0.00141554   0.00377606
   0.0184636   0.00377606    0.0284813
    0.028182  -0.00117294    0.0185899
 -0.00117294    0.0012301   0.00344727
   0.0185899   0.00344727    0.0288409
   0.0273913  -0.00170416    0.0180311
 -0.00170416   0.00143386   0.00337397
   0.0180311   0.00337397     0.028534
   0.0260805 -0.000449799    0.0169901
-0.000449799  0.000707464   0.00277841
   0.0169901   0.00277841    0.0278469
   0.0255475 -0.000966142    0.0168872
-0.000966142  0.000818367   0.00269377
   0.0168872   0.00269377    0.0279754
   0.0244841  -0.00133199    0.0161885
 -0.00133199  0.000653163   0.00190177
   0.0161885   0.00190177    0.0277219
   0.0251655 -0.000863784    0.0163837
-0.000863784   0.00052688   0.00186989
   0.0163837   0.00186989     0.027677
    0.027973  9.50862e-05    0.0163038
 9.50862e-05  0.000534477   0.00250846
   0.0163038   0.00250846    0.0266075
   0.0273471 -0.000338648    0.0159216
-0.000338648  0.000370479   0.00154492
   0.0159216   0.00154492    0.0266034
   0.0309299  0.000712192    0.0142278
 0.000712192  0.000371009   0.00187389
   0.0142278   0.00187389    0.0236698
   0.0325251  0.000938196    0.0151814
 0.000938196  0.000547007   0.00268751
   0.0151814   0.00268751    0.0240379
     0.03684   0.00186581    0.0123177
  0.00186581  0.000431371   0.00180949
   0.0123177   0.00180949    0.0200023
   0.0307275  0.000269247    0.0139215
 0.000269247  0.000245381  0.000944954
   0.0139215  0.000944954     0.023846
   0.0354408    0.0015072    0.0115987
   0.0015072  0.000291735   0.00106304
   0.0115987   0.00106304    0.0197773
    0.036363  0.000945773    0.0114354
 0.000945773  0.000199321   0.00024855
   0.0114354   0.00024855    0.0201626
   0.0390533   0.00181691    0.0135358
  0.00181691  0.000595704    0.0024055
   0.0135358    0.0024055    0.0205188
   0.0266833  -0.00231866    0.0169502
 -0.00231866    0.0013399   0.00272377
   0.0169502   0.00272377    0.0279872
   0.0275851  -0.00186995     0.017549
 -0.00186995   0.00117594   0.00280627
    0.017549   0.00280627     0.028217
   0.0270373  -0.00244764    0.0164549
 -0.00244764   0.00104639   0.00199135
   0.0164549   0.00199135    0.0276375
   0.0260251  -0.00279245    0.0158024
 -0.00279245   0.00116533   0.00191698
   0.0158024   0.00191698    0.0274545
   0.0262564  -0.00212407     0.015964
 -0.00212407  0.000909271   0.00195038
    0.015964   0.00195038    0.0272924
   0.0265098  -0.00288934    0.0153119
 -0.00288934  0.000885495   0.00105978
   0.0153119   0.00105978    0.0270632
   0.0258417  -0.00257671    0.0148931
 -0.00257671  0.000782268   0.00107837
   0.0148931   0.00107837    0.0267309
   0.0254749  -0.00289819    0.0138415
 -0.00289819  0.000661724  0.000131865
   0.0138415  0.000131865    0.0262028
   0.0253999   -0.0031117    0.0145892
  -0.0031117  0.000961695   0.00101668
   0.0145892   0.00101668    0.0268921
   0.0260529  -0.00319147    0.0141864
 -0.00319147  0.000739681  7.60388e-05
   0.0141864  7.60388e-05    0.0265064
   0.0248139  -0.00329798    0.0133591
 -0.00329798  0.000783536  8.77415e-05
   0.0133591  8.77415e-05    0.0262991
   0.0243364   -0.0024179    0.0139374
  -0.0024179  0.000692046  0.000936223
   0.0139374  0.000936223    0.0262094
   0.0239857  -0.00267117    0.0128936
 -0.00267117  0.000591471  0.000102469
   0.0128936  0.000102469     0.025678
    0.022705  -0.00266195    0.0120491
 -0.00266195  0.000557039 -7.83525e-05
   0.0120491 -7.83525e-05    0.0252671
   0.0231327  -0.00250692    0.0131652
 -0.00250692  0.000637089  0.000605113
   0.0131652  0.000605113    0.0258559
   0.0247192  -0.00203447    0.0149908
 -0.00203447  0.000787329   0.00168118
   0.0149908   0.00168118     0.026775
   0.0235559  -0.00221824    0.0142628
 -0.00221824  0.000699638   0.00119387
   0.0142628   0.00119387     0.026466
   0.0251073   -0.0015445    0.0159785
  -0.0015445  0.000837624   0.00228097
   0.0159785   0.00228097    0.0273551
   0.0266912   -0.0015558    0.0169905
  -0.0015558  0.000998077   0.00268714
   0.0169905   0.00268714    0.0278753
   0.0239769  -0.00182007    0.0152697
 -0.00182007  0.000708292   0.00163849
   0.0152697   0.00163849    0.0270802
   0.0211614   -0.0031169    0.0107733
  -0.0031169  0.000600076 -0.000539041
   0.0107733 -0.000539041     0.024777
   0.0211733  -0.00291705    0.0117606
 -0.00291705  0.000566594 -0.000347334
   0.0117606 -0.000347334    0.0246919
   0.0227568  -0.00284961    0.0134393
 -0.00284961  0.000608536  3.88297e-05
   0.0134393  3.88297e-05    0.0260247
    0.020937  -0.00258143    0.0127436
 -0.00258143   0.00048486 -0.000301946
   0.0127436 -0.000301946     0.024292
   0.0229826  -0.00251536    0.0143432
 -0.00251536  0.000544328  0.000223634
   0.0143432  0.000223634    0.0264889
   0.0231473  -0.00206218    0.0150633
 -0.00206218  0.000432276  0.000264775
   0.0150633  0.000264775    0.0267268
   0.0211614   -0.0021608    0.0135692
  -0.0021608   0.00037171 -0.000319974
   0.0135692 -0.000319974    0.0244485
   0.0238708  -0.00227095    0.0152178
 -0.00227095  0.000622643  0.000849001
   0.0152178  0.000849001    0.0272371
   0.0242899  -0.00181562    0.0160805
 -0.00181562  0.000533629  0.000988064
   0.0160805  0.000988064    0.0278783
   0.0233181  -0.00259535    0.0141203
 -0.00259535  0.000649839  0.000558178
   0.0141203  0.000558178    0.0265374
   0.0228117  -0.00280283    0.0129213
 -0.00280283  0.000622136  0.000129268
   0.0129213  0.000129268     0.025823
   0.0223208  -0.00302839    0.0123606
 -0.00302839   0.00061301 -0.000277708
   0.0123606 -0.000277708     0.025574
   0.0220325  -0.00310325    0.0113179
 -0.00310325  0.000588331 -0.000719107
   0.0113179 -0.000719107    0.0248867
   0.0222707  -0.00287297    0.0116826
 -0.00287297   0.00056349 -0.000399687
   0.0116826 -0.000399687    0.0251303
   0.0208992  -0.00315864   0.00986797
 -0.00315864  0.000589915 -0.000877329
  0.00986797 -0.000877329    0.0245347
   0.0219412  -0.00164669    0.0131995
 -0.00164669  0.000255543 -0.000474162
   0.0131995 -0.000474162    0.0245266
   0.0251895  -0.00111294    0.0115137
 -0.00111294  0.000167111 -0.000674881
   0.0115137 -0.000674881    0.0231408
   0.0259988  -0.00100362     0.013535
 -0.00100362  0.000193416 -0.000204799
    0.013535 -0.000204799    0.0248562
   0.0285992 -0.000703835   0.00834423
-0.000703835  0.000147082 -0.000918345
  0.00834423 -0.000918345    0.0194413
   0.0292963 -0.000555783    0.0102155
-0.000555783   0.00015073 -0.000604926
   0.0102155 -0.000604926    0.0209287
   0.0338843 -0.000311626    0.0076206
-0.000311626  0.000175916 -0.000962217
   0.0076206 -0.000962217    0.0173426
   0.0317219 -0.000812715   0.00597031
-0.000812715  0.000200103  -0.00117423
  0.00597031  -0.00117423    0.0164646
   0.0303491 -0.000141438    0.0127381
-0.000141438  0.000167034  9.86819e-05
   0.0127381  9.86819e-05    0.0231974
   0.0348239  0.000275898   0.00983692
 0.000275898  0.000152919 -0.000411412
  0.00983692 -0.000411412    0.0191383
   0.0269257 -0.000761197    0.0152611
-0.000761197  0.000255129  0.000593795
   0.0152611  0.000593795    0.0262947
   0.0247477  -0.00132684    0.0161027
 -0.00132684  0.000395754  0.000898642
   0.0161027  0.000898642    0.0276994
   0.0236117  -0.00156103    0.0147834
 -0.00156103  0.000299095  0.000116317
   0.0147834  0.000116317    0.0263126
   0.0241951  -0.00338176    0.0120894
 -0.00338176  0.000665205 -0.000832347
   0.0120894 -0.000832347    0.0256894
   0.0256617  -0.00338937    0.0130566
 -0.00338937  0.000649039 -0.000924204
   0.0130566 -0.000924204     0.025964
   0.0253051    -0.003485    0.0119134
   -0.003485  0.000645204  -0.00190718
   0.0119134  -0.00190718    0.0254499
   0.0235129  -0.00337119    0.0107837
 -0.00337119  0.000639326  -0.00171956
   0.0107837  -0.00171956    0.0250884
   0.0250707   -0.0032373    0.0118004
  -0.0032373  0.000590482  -0.00187571
   0.0118004  -0.00187571    0.0252848
    0.024837  -0.00350637    0.0107523
 -0.00350637  0.000731916  -0.00283289
   0.0107523  -0.00283289    0.0249564
   0.0249301  -0.00330071    0.0107956
 -0.00330071  0.000686106  -0.00284485
   0.0107956  -0.00284485    0.0248836
   0.0246967  -0.00330888   0.00982913
 -0.00330888   0.00085542  -0.00371494
  0.00982913  -0.00371494    0.0245019
   0.0227269  -0.00328573   0.00947904
 -0.00328573  0.000695113    -0.002546
  0.00947904    -0.002546    0.0244977
   0.0242115  -0.00344977   0.00961778
 -0.00344977  0.000886335  -0.00366078
  0.00961778  -0.00366078      0.02446
   0.0217948  -0.00313579   0.00821564
 -0.00313579  0.000820472  -0.00329931
  0.00821564  -0.00329931    0.0238832
   0.0234354  -0.00285925   0.00985596
 -0.00285925  0.000600821  -0.00268752
  0.00985596  -0.00268752     0.024384
   0.0234332  -0.00283495   0.00896645
 -0.00283495  0.000758209  -0.00353765
  0.00896645  -0.00353765     0.024051
   0.0216278  -0.00231718   0.00774389
 -0.00231718  0.000651518   -0.0032846
  0.00774389   -0.0032846    0.0234453
   0.0216957  -0.00246504    0.0087168
 -0.00246504  0.000525322  -0.00251021
   0.0087168  -0.00251021    0.0238156
   0.0234881  -0.00285601    0.0108329
 -0.00285601  0.000517708  -0.00175347
   0.0108329  -0.00175347    0.0247612
   0.0219175  -0.00260789   0.00979421
 -0.00260789  0.000473328  -0.00167461
  0.00979421  -0.00167461    0.0242334
   0.0236625  -0.00281239    0.0118481
 -0.00281239  0.000520021 -0.000804219
   0.0118481 -0.000804219    0.0251878
   0.0251953  -0.00311399    0.0128106
 -0.00311399  0.000583932 -0.000865778
   0.0128106 -0.000865778     0.025722
   0.0222622  -0.00269575    0.0109173
 -0.00269575  0.000488887 -0.000845987
   0.0109173 -0.000845987    0.0247179
   0.0207061  -0.00291165   0.00698038
 -0.00291165   0.00100396  -0.00401893
  0.00698038  -0.00401893    0.0232247
   0.0233985  -0.00331317   0.00846676
 -0.00331317   0.00108999   -0.0044136
  0.00846676   -0.0044136    0.0239284
   0.0224598  -0.00301968   0.00728228
 -0.00301968   0.00135832  -0.00513509
  0.00728228  -0.00513509    0.0233504
   0.0195288  -0.00254285   0.00578439
 -0.00254285   0.00128031  -0.00476084
  0.00578439  -0.00476084    0.0225244
   0.0238243  -0.00304513   0.00782237
 -0.00304513   0.00132226  -0.00519763
  0.00782237  -0.00519763    0.0236995
   0.0213604  -0.00252671   0.00609344
 -0.00252671   0.00171546  -0.00586773
  0.00609344  -0.00586773    0.0227353
   0.0231605  -0.00265592   0.00673425
 -0.00265592   0.00163526  -0.00587811
  0.00673425  -0.00587811    0.0232589
   0.0222618  -0.00202953   0.00563256
 -0.00202953   0.00203541  -0.00655655
  0.00563256  -0.00655655    0.0228024
   0.0182557  -0.00197592   0.00467619
 -0.00197592   0.00167691  -0.00556097
  0.00467619  -0.00556097    0.0218044
   0.0200313  -0.00179066   0.00494382
 -0.00179066   0.00220012  -0.00663767
  0.00494382  -0.00663767    0.0221145
   0.0168935  -0.00119157   0.00368063
 -0.00119157   0.00225326  -0.00644344
  0.00368063  -0.00644344    0.0211183
   0.0230535  -0.00233086   0.00621426
 -0.00233086   0.00145616  -0.00558738
  0.00621426  -0.00558738     0.023164
   0.0226957  -0.00182109   0.00524107
 -0.00182109   0.00177072  -0.00617446
  0.00524107  -0.00617446    0.0228985
   0.0216551  -0.00131346   0.00398084
 -0.00131346   0.00147102  -0.00560592
  0.00398084  -0.00560592    0.0225063
   0.0216357  -0.00173403   0.00491228
 -0.00173403    0.0012342  -0.00512417
  0.00491228  -0.00512417    0.0226442
   0.0232624  -0.00262565   0.00717531
 -0.00262565   0.00118773  -0.00496635
  0.00717531  -0.00496635    0.0234434
   0.0216249  -0.00200179   0.00586314
 -0.00200179   0.00101787  -0.00458606
  0.00586314  -0.00458606    0.0228462
    0.023357  -0.00278072   0.00808312
 -0.00278072  0.000955511  -0.00429301
  0.00808312  -0.00429301    0.0237409
   0.0243096  -0.00324669   0.00885436
 -0.00324669   0.00106428  -0.00448919
  0.00885436  -0.00448919    0.0241151
   0.0216027   -0.0021837   0.00681335
  -0.0021837  0.000819895  -0.00397738
  0.00681335  -0.00397738    0.0231229
   0.0191292  0.000155827 -0.000601754
 0.000155827  0.000716017  -0.00378542
-0.000601754  -0.00378542    0.0210216
   0.0191349 -0.000307254  0.000813983
-0.000307254  0.000674915  -0.00369464
 0.000813983  -0.00369464    0.0210776
     0.01903 -0.000419049   0.00155969
-0.000419049  0.000762962  -0.00396276
  0.00155969  -0.00396276    0.0213312
   0.0191698  -0.00087772   0.00292112
 -0.00087772  0.000679866  -0.00368437
  0.00292112  -0.00368437    0.0215641
   0.0193847  -0.00088156   0.00227717
 -0.00088156  0.000632396  -0.00348638
  0.00227717  -0.00348638    0.0213009
   0.0193331  -0.00105112   0.00363241
 -0.00105112  0.000755004   -0.0039139
  0.00363241   -0.0039139    0.0218521
    0.019519  -0.00142264   0.00428637
 -0.00142264  0.000605851  -0.00332092
  0.00428637  -0.00332092    0.0219406
   0.0195307  -0.00145344   0.00487754
 -0.00145344  0.000636455  -0.00346936
  0.00487754  -0.00346936     0.022213
   0.0199801  -0.00189128    0.0061285
 -0.00189128  0.000551999  -0.00295718
   0.0061285  -0.00295718    0.0226509
   0.0196828  -0.00152432   0.00364696
 -0.00152432   0.00059456  -0.00318244
  0.00364696  -0.00318244    0.0216122
   0.0201082  -0.00200138   0.00565682
 -0.00200138  0.000562156  -0.00289937
  0.00565682  -0.00289937    0.0223948
   0.0198348  -0.00210722   0.00483436
 -0.00210722  0.000570164  -0.00278666
  0.00483436  -0.00278666    0.0218355
   0.0201234  -0.00170303   0.00564771
 -0.00170303  0.000707818  -0.00368435
  0.00564771  -0.00368435    0.0225694
    0.020334  -0.00197897   0.00673637
 -0.00197897  0.000577435  -0.00307779
  0.00673637  -0.00307779    0.0229561
   0.0200879  -0.00143128   0.00456595
 -0.00143128  0.000865716  -0.00421061
  0.00456595  -0.00421061    0.0222554
   0.0200863  -0.00113159   0.00347956
 -0.00113159   0.00103165   -0.0046539
  0.00347956   -0.0046539    0.0220493
   0.0192658 -0.000686552   0.00238635
-0.000686552  0.000876488  -0.00426764
  0.00238635  -0.00426764    0.0216174
   0.0192501 -0.000297463   0.00116246
-0.000297463   0.00099194  -0.00452502
  0.00116246  -0.00452502    0.0215086
   0.0201627  -0.00074145   0.00244895
 -0.00074145   0.00120012  -0.00501915
  0.00244895  -0.00501915    0.0219535
   0.0190307 -1.01159e-05  0.000221799
-1.01159e-05  0.000838177  -0.00413021
 0.000221799  -0.00413021    0.0212382
   0.0195068  -0.00253297   0.00561998
 -0.00253297  0.000551129  -0.00230905
  0.00561998  -0.00230905    0.0221257
   0.0205905  -0.00254057   0.00697018
 -0.00254057  0.000545568  -0.00242473
  0.00697018  -0.00242473    0.0228666
   0.0207127  -0.00291383   0.00814459
 -0.00291383   0.00054895  -0.00188766
  0.00814459  -0.00188766    0.0232346
   0.0192353  -0.00280638   0.00607499
 -0.00280638  0.000549252  -0.00178551
  0.00607499  -0.00178551    0.0230071
   0.0211625  -0.00277307   0.00883149
 -0.00277307  0.000509977   -0.0018142
  0.00883149   -0.0018142    0.0237299
   0.0206597   -0.0031018    0.0091114
  -0.0031018  0.000565512  -0.00135053
   0.0091114  -0.00135053    0.0236505
   0.0216317  -0.00303209    0.0101355
 -0.00303209  0.000542213  -0.00124315
   0.0101355  -0.00124315    0.0243316
   0.0193946  -0.00300877   0.00688716
 -0.00300877  0.000565069  -0.00131133
  0.00688716  -0.00131133    0.0239884
   0.0216862  -0.00280868    0.0104095
 -0.00280868  0.000500091  -0.00101489
   0.0104095  -0.00101489    0.0244758
    0.021146  -0.00259817   0.00913347
 -0.00259817  0.000470155   -0.0016997
  0.00913347   -0.0016997    0.0239008
   0.0206744   -0.0022994   0.00788213
  -0.0022994  0.000493394  -0.00240988
  0.00788213  -0.00240988    0.0233997
   0.0205455  -0.00236101   0.00743904
 -0.00236101   0.00050581  -0.00239863
  0.00743904  -0.00239863    0.0231552
   0.0181643  -0.00281152   0.00470834
 -0.00281152  0.000551902  -0.00127888
  0.00470834  -0.00127888    0.0240367
   0.0183839  -0.00268891   0.00409859
 -0.00268891  0.000539472  -0.00168651
  0.00409859  -0.00168651    0.0236184
   0.0166065  -0.00233349   0.00182767
 -0.00233349  0.000499467  -0.00146244
  0.00182767  -0.00146244    0.0231373
   0.0183051   -0.0023876   0.00326877
  -0.0023876  0.000531893  -0.00212999
  0.00326877  -0.00212999    0.0228077
    0.017164  -0.00222187   0.00129861
 -0.00222187  0.000502716  -0.00191133
  0.00129861  -0.00191133    0.0231878
   0.0177683  -0.00194465   0.00102412
 -0.00194465  0.000516776  -0.00236116
  0.00102412  -0.00236116    0.0225451
   0.0186361  -0.00202088   0.00284312
 -0.00202088  0.000540129  -0.00255025
  0.00284312  -0.00255025    0.0218435
   0.0161757  -0.00168351  -0.00100594
 -0.00168351  0.000442774  -0.00192806
 -0.00100594  -0.00192806    0.0226814
   0.0190308  -0.00156105   0.00246169
 -0.00156105  0.000561568   -0.0029278
  0.00246169   -0.0029278     0.020958
   0.0194166 -0.000964564   0.00144259
-0.000964564  0.000584205  -0.00324006
  0.00144259  -0.00324006    0.0209055
   0.0187929  -0.00097403 -8.65931e-05
 -0.00097403  0.000517366  -0.00291974
-8.65931e-05  -0.00291974     0.021017
   0.0195342 -0.000346422  9.65054e-05
-0.000346422  0.000599453   -0.0034134
 9.65054e-05   -0.0034134    0.0208273
   0.0195479 -0.000406139 -0.000998488
-0.000406139  0.000518406  -0.00307469
-0.000998488  -0.00307469    0.0207987
   0.0200767  0.000113449   -0.0021884
 0.000113449  0.000511134  -0.00305697
  -0.0021884  -0.00305697    0.0206677
   0.0194476  0.000203605  -0.00141317
 0.000203605  0.000607764  -0.00343531
 -0.00141317  -0.00343531     0.020789
   0.0186743 -0.000445325  -0.00244328
-0.000445325  0.000423176  -0.00263907
 -0.00244328  -0.00263907     0.020792
    0.019974  2.44593e-05  -0.00335826
 2.44593e-05   0.00040715  -0.00260868
 -0.00335826  -0.00260868    0.0207325
    0.018986 -0.000142915  -0.00426355
-0.000142915  0.000312812  -0.00209909
 -0.00426355  -0.00209909     0.020458
   0.0179357 -0.000506165  -0.00353717
-0.000506165  0.000343375  -0.00223693
 -0.00353717  -0.00223693    0.0212136
   0.0180464 -0.000919402  -0.00165947
-0.000919402  0.000443363  -0.00259891
 -0.00165947  -0.00259891    0.0215814
    0.016841  -0.00099047  -0.00286631
 -0.00099047  0.000390799   -0.0022262
 -0.00286631   -0.0022262    0.0226237
   0.0171988  -0.00142263  -0.00126165
 -0.00142263  0.000458048   -0.0023583
 -0.00126165   -0.0023583    0.0223693
    0.018265  -0.00148975  0.000421488
 -0.00148975  0.000512883  -0.00267495
 0.000421488  -0.00267495    0.0218549
   0.0169814 -0.000492253  -0.00444143
-0.000492253  0.000287112  -0.00198096
 -0.00444143  -0.00198096    0.0216309
   0.0178072 -0.000262876  -0.00491333
-0.000262876  0.000242725  -0.00157864
 -0.00491333  -0.00157864    0.0197213
  0.00547691  -0.00486563  -0.00518512
 -0.00486563   0.00458924    0.0046766
 -0.00518512    0.0046766     0.021234
   0.0056343   -0.0049804  -0.00443753
  -0.0049804   0.00469082   0.00438597
 -0.00443753   0.00438597    0.0217293
  0.00540033  -0.00435832  -0.00398129
 -0.00435832   0.00379033   0.00324063
 -0.00398129   0.00324063    0.0219284
   0.0057588  -0.00446183  -0.00310553
 -0.00446183   0.00389896   0.00343299
 -0.00310553   0.00343299    0.0225104
  0.00596492  -0.00505266  -0.00353229
 -0.00505266    0.0047555   0.00443983
 -0.00353229   0.00443983    0.0221847
  0.00553831  -0.00391377  -0.00264383
 -0.00391377   0.00314423    0.0025579
 -0.00264383    0.0025579    0.0229173
  0.00633672  -0.00445808   -0.0020603
 -0.00445808    0.0039408   0.00405111
  -0.0020603   0.00405111    0.0230635
  0.00613646  -0.00391777  -0.00163914
 -0.00391777    0.0031892    0.0032619
 -0.00163914    0.0032619    0.0235935
  0.00695826  -0.00380404 -0.000513711
 -0.00380404   0.00325117   0.00427429
-0.000513711   0.00427429    0.0242081
  0.00652377  -0.00503648  -0.00245399
 -0.00503648   0.00478763   0.00491558
 -0.00245399   0.00491558    0.0226161
  0.00714222  -0.00434188 -0.000878713
 -0.00434188   0.00403601   0.00499558
-0.000878713   0.00499558    0.0235479
  0.00730835  -0.00493575  -0.00124438
 -0.00493575   0.00492507   0.00573852
 -0.00124438   0.00573852    0.0229831
  0.00594757  -0.00348302  -0.00127442
 -0.00348302   0.00260247   0.00269161
 -0.00127442   0.00269161    0.0242112
  0.00676751   -0.0033635 -0.000209096
  -0.0033635   0.00262828   0.00369325
-0.000209096   0.00369325    0.0249416
  0.00660539  -0.00307149 -3.29486e-06
 -0.00307149   0.00219439   0.00323199
-3.29486e-06   0.00323199     0.025698
  0.00615386  -0.00339585  -0.00122008
 -0.00339585   0.00233542   0.00242346
 -0.00122008   0.00242346    0.0250724
  0.00554699  -0.00360814  -0.00236956
 -0.00360814     0.002631   0.00203932
 -0.00236956   0.00203932    0.0235618
  0.00595991  -0.00362652  -0.00234421
 -0.00362652   0.00244447    0.0018201
 -0.00234421    0.0018201    0.0243779
  0.00531107  -0.00356766  -0.00325037
 -0.00356766     0.002546   0.00173221
 -0.00325037   0.00173221    0.0228129
  0.00522901  -0.00383443  -0.00354849
 -0.00383443   0.00304038   0.00230559
 -0.00354849   0.00230559    0.0222763
  0.00504761   -0.0036553  -0.00422922
  -0.0036553   0.00284371   0.00235178
 -0.00422922   0.00235178    0.0215249
  0.00576014  -0.00360146  -0.00316576
 -0.00360146   0.00237181   0.00152474
 -0.00316576   0.00152474    0.0221567
  0.00511315  -0.00337603   -0.0038673
 -0.00337603   0.00233827   0.00172737
  -0.0038673   0.00172737    0.0214274
  0.00548516  -0.00339546  -0.00374709
 -0.00339546    0.0021877   0.00150616
 -0.00374709   0.00150616    0.0209237
  0.00522395  -0.00419935  -0.00468994
 -0.00419935   0.00362215   0.00339063
 -0.00468994   0.00339063    0.0212993
  0.00822476  -0.00473444 -1.46061e-05
 -0.00473444   0.00523873    0.0068061
-1.46061e-05    0.0068061    0.0232297
  0.00810013  -0.00412154  0.000319492
 -0.00412154   0.00425626   0.00614059
 0.000319492   0.00614059     0.023926
  0.00902518  -0.00385939   0.00136591
 -0.00385939   0.00465265   0.00728796
  0.00136591   0.00728796    0.0241605
   0.0090872  -0.00447311   0.00106325
 -0.00447311   0.00577003    0.0079427
  0.00106325    0.0079427    0.0233134
  0.00889728  -0.00332831   0.00160783
 -0.00332831   0.00364184   0.00651989
  0.00160783   0.00651989     0.025107
  0.00969418  -0.00360923   0.00208985
 -0.00360923   0.00517765   0.00827904
  0.00208985   0.00827904    0.0242811
  0.00962752  -0.00312266   0.00226642
 -0.00312266   0.00400305   0.00736835
  0.00226642   0.00736835    0.0253865
  0.00994895   -0.0030491   0.00251957
  -0.0030491    0.0043869    0.0077903
  0.00251957    0.0077903    0.0256068
  0.00967997   -0.0041832   0.00182969
  -0.0041832   0.00644714   0.00899885
  0.00182969   0.00899885    0.0232782
  0.00994744  -0.00345623   0.00242134
 -0.00345623   0.00570516   0.00891109
  0.00242134   0.00891109    0.0243508
  0.00986915  -0.00395986   0.00221208
 -0.00395986   0.00711986   0.00978899
  0.00221208   0.00978899    0.0231902
  0.00947942  -0.00276951   0.00231289
 -0.00276951   0.00304966   0.00637638
  0.00231289   0.00637638     0.026538
  0.00985908  -0.00276212   0.00248152
 -0.00276212   0.00330581   0.00652258
  0.00248152   0.00652258     0.026885
  0.00968997  -0.00261143   0.00231882
 -0.00261143   0.00251403   0.00518026
  0.00231882   0.00518026    0.0281166
   0.0092696   -0.0025734   0.00224249
  -0.0025734   0.00234405   0.00533029
  0.00224249   0.00533029    0.0276643
  0.00871566  -0.00293426   0.00174122
 -0.00293426   0.00283418   0.00574316
  0.00174122   0.00574316    0.0261135
  0.00850262  -0.00269229   0.00176561
 -0.00269229   0.00223277   0.00495429
  0.00176561   0.00495429    0.0271129
  0.00774587  -0.00315982  0.000846436
 -0.00315982   0.00269423   0.00479114
 0.000846436   0.00479114    0.0255819
  0.00793429  -0.00358167  0.000625054
 -0.00358167   0.00338629    0.0054327
 0.000625054    0.0054327    0.0247184
  0.00755144  -0.00287833  0.000971416
 -0.00287833   0.00218508   0.00419819
 0.000971416   0.00419819    0.0264512
   0.0140726  -0.00527409  -0.00193425
 -0.00527409   0.00236586   0.00288923
 -0.00193425   0.00288923    0.0226079
   0.0126221  -0.00469192  -0.00120776
 -0.00469192   0.00219289   0.00329251
 -0.00120776   0.00329251    0.0235511
   0.0106889  -0.00353443  0.000144059
 -0.00353443   0.00173923   0.00327843
 0.000144059   0.00327843    0.0259114
  0.00973482  -0.00346903  0.000112489
 -0.00346903   0.00180787    0.0034452
 0.000112489    0.0034452    0.0258752
   0.0123245  -0.00496716   -0.0016602
 -0.00496716   0.00244723   0.00346614
  -0.0016602   0.00346614    0.0229201
  0.00856043  -0.00279511  0.000961775
 -0.00279511   0.00163091   0.00363767
 0.000961775   0.00363767    0.0267662
  0.00933892  -0.00380429 -0.000565072
 -0.00380429   0.00206279   0.00329351
-0.000565072   0.00329351    0.0254378
  0.00775862  -0.00296168  0.000395883
 -0.00296168   0.00176153   0.00334319
 0.000395883   0.00334319    0.0265247
  0.00772862  -0.00354673 -0.000697925
 -0.00354673   0.00212255   0.00293022
-0.000697925   0.00293022    0.0264442
    0.011135  -0.00499756  -0.00212273
 -0.00499756   0.00266092   0.00346427
 -0.00212273   0.00346427     0.021786
  0.00896251  -0.00430233  -0.00175056
 -0.00430233   0.00245869   0.00303751
 -0.00175056   0.00303751    0.0232201
    0.010477  -0.00532764  -0.00290674
 -0.00532764   0.00304376   0.00338463
 -0.00290674   0.00338463    0.0205746
   0.0073402  -0.00271393  0.000926658
 -0.00271393     0.001828    0.0036594
 0.000926658    0.0036594    0.0267048
  0.00690615  -0.00313602 -0.000156439
 -0.00313602   0.00203536    0.0029952
-0.000156439    0.0029952    0.0263094
   0.0083323  -0.00260551   0.00151411
 -0.00260551   0.00181589    0.0042183
  0.00151411    0.0042183    0.0272768
  0.00918797  -0.00256458   0.00182531
 -0.00256458   0.00186236   0.00438083
  0.00182531   0.00438083    0.0279931
  0.00965786  -0.00290032   0.00105409
 -0.00290032   0.00164959   0.00361843
  0.00105409   0.00361843      0.02703
   0.0105474  -0.00314521  0.000862168
 -0.00314521   0.00175917   0.00314206
 0.000862168   0.00314206    0.0277167
  0.00973961  -0.00267258   0.00175193
 -0.00267258   0.00197959   0.00402195
  0.00175193   0.00402195    0.0285921
   0.0119342   -0.0039839 -0.000422258
  -0.0039839   0.00187228   0.00278093
-0.000422258   0.00278093    0.0254982
   0.0100039  -0.00545676  -0.00331569
 -0.00545676   0.00322343   0.00324693
 -0.00331569   0.00324693    0.0200012
  0.00878668  -0.00469788  -0.00274111
 -0.00469788   0.00277228   0.00277058
 -0.00274111   0.00277058    0.0213241
  0.00893516  -0.00509432  -0.00376626
 -0.00509432   0.00305566   0.00276184
 -0.00376626   0.00276184    0.0208936
  0.00991987  -0.00565451  -0.00390355
 -0.00565451   0.00339843   0.00325781
 -0.00390355   0.00325781    0.0199624
  0.00779567  -0.00443904  -0.00322568
 -0.00443904   0.00269553   0.00226774
 -0.00322568   0.00226774    0.0218281
  0.00844035  -0.00491364  -0.00421884
 -0.00491364   0.00296146   0.00261838
 -0.00421884   0.00261838    0.0203698
  0.00776273  -0.00451184  -0.00398679
 -0.00451184   0.00271538   0.00202515
 -0.00398679   0.00202515    0.0213123
  0.00723668  -0.00416312   -0.0044696
 -0.00416312   0.00247858   0.00188534
  -0.0044696   0.00188534     0.021095
  0.00906755  -0.00533712  -0.00439867
 -0.00533712   0.00325163   0.00307065
 -0.00439867   0.00307065    0.0186882
  0.00778738  -0.00443525  -0.00455961
 -0.00443525   0.00262141   0.00241199
 -0.00455961   0.00241199    0.0194194
  0.00849213   -0.0049839   -0.0047343
  -0.0049839   0.00303797   0.00310347
  -0.0047343   0.00310347    0.0184864
  0.00661938  -0.00392807  -0.00353067
 -0.00392807   0.00243263   0.00173097
 -0.00353067   0.00173097    0.0214277
  0.00604781  -0.00356473  -0.00401173
 -0.00356473   0.00218251   0.00157984
 -0.00401173   0.00157984    0.0207319
  0.00670017  -0.00390073  -0.00265564
 -0.00390073   0.00245953    0.0019078
 -0.00265564    0.0019078    0.0230271
  0.00675796   -0.0035856  -0.00140602
  -0.0035856   0.00228685     0.002378
 -0.00140602     0.002378    0.0259677
  0.00766284  -0.00404742  -0.00210324
 -0.00404742   0.00244214   0.00250127
 -0.00210324   0.00250127    0.0235935
  0.00965819  -0.00383958   0.00224456
 -0.00383958   0.00761927    0.0102213
  0.00224456    0.0102213    0.0231078
  0.00978576  -0.00344351    0.0023856
 -0.00344351   0.00607882     0.009107
   0.0023856     0.009107    0.0244197
  0.00932964  -0.00354364   0.00208808
 -0.00354364   0.00619932   0.00890304
  0.00208808   0.00890304    0.0245145
   0.0091835  -0.00382451   0.00202232
 -0.00382451   0.00785966    0.0103027
  0.00202232    0.0103027    0.0230693
  0.00941332  -0.00333663   0.00200319
 -0.00333663   0.00472742   0.00721275
  0.00200319   0.00721275    0.0260092
  0.00874768  -0.00366846   0.00163114
 -0.00366846   0.00608592   0.00844544
  0.00163114   0.00844544    0.0246576
  0.00884819  -0.00354448   0.00145377
 -0.00354448   0.00459388    0.0064521
  0.00145377    0.0064521    0.0262406
  0.00827505  -0.00365943  0.000829966
 -0.00365943   0.00433119   0.00562111
 0.000829966   0.00562111    0.0265015
  0.00859526  -0.00384509   0.00164469
 -0.00384509   0.00784175    0.0101316
  0.00164469    0.0101316    0.0231001
  0.00815494  -0.00372861   0.00109245
 -0.00372861   0.00580873   0.00787584
  0.00109245   0.00787584    0.0248395
  0.00800941  -0.00382987   0.00117907
 -0.00382987   0.00762889   0.00982621
  0.00117907   0.00982621    0.0231843
  0.00889677  -0.00347385   0.00112128
 -0.00347385   0.00350883    0.0043274
  0.00112128    0.0043274    0.0277606
  0.00834932  -0.00362101  0.000419433
 -0.00362101   0.00334022   0.00324336
 0.000419433   0.00324336    0.0280721
  0.00838146  -0.00360813  -6.9165e-05
 -0.00360813   0.00284439    0.0009266
 -6.9165e-05    0.0009266     0.029502
  0.00889729  -0.00344501  0.000695566
 -0.00344501   0.00285642    0.0021876
 0.000695566    0.0021876    0.0291643
  0.00943271  -0.00320794   0.00176543
 -0.00320794   0.00358341   0.00536358
  0.00176543   0.00536358     0.027469
  0.00938984   -0.0031423   0.00142362
  -0.0031423   0.00281645   0.00344547
  0.00142362   0.00344547    0.0288309
  0.00981375  -0.00292612   0.00226165
 -0.00292612   0.00352035   0.00615285
  0.00226165   0.00615285    0.0271872
  0.00983723  -0.00313438   0.00239778
 -0.00313438   0.00466198   0.00771582
  0.00239778   0.00771582    0.0258063
  0.00970522   -0.0028209   0.00201359
  -0.0028209   0.00269727   0.00450568
  0.00201359   0.00450568    0.0284935
  0.00746155  -0.00374398  0.000652644
 -0.00374398   0.00726563   0.00951782
 0.000652644   0.00951782    0.0232809
  0.00760957  -0.00366967  0.000484788
 -0.00366967   0.00542495   0.00734183
 0.000484788   0.00734183    0.0250249
  0.00712024  -0.00349769 -0.000174472
 -0.00349769   0.00498089   0.00695361
-0.000174472   0.00695361    0.0251885
  0.00697039  -0.00357974  8.41643e-05
 -0.00357974   0.00682979   0.00928489
 8.41643e-05   0.00928489    0.0233564
  0.00727296  -0.00341117 -0.000584957
 -0.00341117   0.00361276   0.00430995
-0.000584957   0.00430995    0.0269711
  0.00669015  -0.00325244 -0.000872747
 -0.00325244   0.00454446   0.00670466
-0.000872747   0.00670466    0.0253347
  0.00685742  -0.00310777   -0.0013559
 -0.00310777   0.00320164   0.00395516
  -0.0013559   0.00395516    0.0271691
  0.00652907  -0.00277779  -0.00206785
 -0.00277779   0.00279748   0.00380487
 -0.00206785   0.00380487    0.0271558
  0.00654073  -0.00336174 -0.000517813
 -0.00336174   0.00639229   0.00912671
-0.000517813   0.00912671    0.0234085
  0.00633027  -0.00296885  -0.00155935
 -0.00296885   0.00413464   0.00661506
 -0.00155935   0.00661506    0.0252257
  0.00618154  -0.00311122  -0.00112501
 -0.00311122   0.00599422   0.00905105
 -0.00112501   0.00905105    0.0234507
  0.00702635  -0.00296771  -0.00192958
 -0.00296771   0.00247506   0.00113333
 -0.00192958   0.00113333    0.0288003
  0.00685237  -0.00259406  -0.00263772
 -0.00259406   0.00207361  0.000990923
 -0.00263772  0.000990923    0.0285252
  0.00704913  -0.00242967  -0.00316292
 -0.00242967    0.0019417  -0.00165002
 -0.00316292  -0.00165002    0.0300731
  0.00716198  -0.00286272  -0.00249581
 -0.00286272   0.00232602  -0.00147089
 -0.00249581  -0.00147089    0.0301506
  0.00741215  -0.00333583  -0.00111905
 -0.00333583   0.00282423   0.00158155
 -0.00111905   0.00158155    0.0286065
  0.00751051  -0.00328202  -0.00167344
 -0.00328202   0.00261879 -0.000975124
 -0.00167344 -0.000975124    0.0300178
   0.0078507  -0.00357455  -0.00033027
 -0.00357455   0.00311574   0.00228758
 -0.00033027   0.00228758    0.0283664
  0.00774123  -0.00361506  0.000148208
 -0.00361506   0.00399532   0.00486491
 0.000148208   0.00486491    0.0267539
   0.0079114  -0.00355497 -0.000857748
 -0.00355497   0.00277448 -0.000168616
-0.000857748 -0.000168616    0.0297998
   0.0132611  -0.00592518   -0.0065932
 -0.00592518   0.00399013  -0.00197262
  -0.0065932  -0.00197262    0.0230501
   0.0138023   -0.0063526  -0.00617421
  -0.0063526   0.00417238  -0.00202886
 -0.00617421  -0.00202886    0.0232277
   0.0107793  -0.00466976  -0.00506248
 -0.00466976   0.00350974  -0.00348659
 -0.00506248  -0.00348659    0.0271158
   0.0112377  -0.00502779  -0.00448368
 -0.00502779   0.00350613   -0.0031461
 -0.00448368   -0.0031461    0.0271346
    0.014312  -0.00659992  -0.00571717
 -0.00659992   0.00409925  -0.00184986
 -0.00571717  -0.00184986    0.0232474
  0.00906728   -0.0039672  -0.00326366
  -0.0039672   0.00307766  -0.00362841
 -0.00326366  -0.00362841    0.0297725
   0.0116748  -0.00518514  -0.00388341
 -0.00518514   0.00329989  -0.00254695
 -0.00388341  -0.00254695    0.0270021
  0.00948007  -0.00419915  -0.00255342
 -0.00419915   0.00295574   -0.0028538
 -0.00255342   -0.0028538    0.0296084
  0.00991956  -0.00421816  -0.00181397
 -0.00421816   0.00273801  -0.00179832
 -0.00181397  -0.00179832    0.0293407
   0.0147086  -0.00667325  -0.00522632
 -0.00667325   0.00385491  -0.00142491
 -0.00522632  -0.00142491    0.0231105
   0.0120623  -0.00516944  -0.00323045
 -0.00516944    0.0029999  -0.00165126
 -0.00323045  -0.00165126    0.0267403
   0.0150177  -0.00659296  -0.00467218
 -0.00659296   0.00352256  -0.00075273
 -0.00467218  -0.00075273    0.0228783
  0.00825255  -0.00365407  -0.00161216
 -0.00365407    0.0027277  -0.00197835
 -0.00161216  -0.00197835    0.0303865
  0.00869752  -0.00370495 -0.000825868
 -0.00370495    0.0026453 -0.000843595
-0.000825868 -0.000843595    0.0300946
  0.00786241  -0.00338426  -0.00239703
 -0.00338426   0.00271626  -0.00280972
 -0.00239703  -0.00280972     0.030573
  0.00753248  -0.00293278  -0.00318343
 -0.00293278   0.00252131  -0.00331286
 -0.00318343  -0.00331286    0.0306281
  0.00868899  -0.00353659  -0.00396605
 -0.00353659   0.00297669  -0.00407629
 -0.00396605  -0.00407629    0.0297706
   0.0085472  -0.00300398   -0.0045707
 -0.00300398   0.00261691  -0.00418391
  -0.0045707  -0.00418391    0.0296696
  0.00756403  -0.00247372  -0.00383109
 -0.00247372   0.00214644  -0.00343556
 -0.00383109  -0.00343556    0.0303965
    0.010512  -0.00417653  -0.00558783
 -0.00417653     0.003225  -0.00351582
 -0.00558783  -0.00351582    0.0269382
   0.0152394   -0.0063904  -0.00404423
  -0.0063904    0.0031639  0.000139852
 -0.00404423  0.000139852      0.02259
   0.0123941  -0.00497576  -0.00252487
 -0.00497576   0.00266396 -0.000533502
 -0.00252487 -0.000533502    0.0264282
   0.0126086  -0.00469033  -0.00180429
 -0.00469033   0.00232918  0.000729762
 -0.00180429  0.000729762     0.026072
   0.0153623  -0.00612605  -0.00334423
 -0.00612605   0.00282081   0.00113344
 -0.00334423   0.00113344    0.0223807
   0.0106725  -0.00373295 -0.000273007
 -0.00373295   0.00217542  0.000883782
-0.000273007  0.000883782    0.0286567
   0.0125559  -0.00435942  -0.00104945
 -0.00435942   0.00206056   0.00187094
 -0.00104945   0.00187094    0.0257306
   0.0108058  -0.00340602  0.000380694
 -0.00340602   0.00192885   0.00218711
 0.000380694   0.00218711    0.0282567
   0.0148863  -0.00567799  -0.00258175
 -0.00567799   0.00251918   0.00211543
 -0.00258175   0.00211543    0.0224271
  0.00982614  -0.00289022   0.00137878
 -0.00289022   0.00214203    0.0031253
  0.00137878    0.0031253    0.0290339
  0.00959009  -0.00322329   0.00073966
 -0.00322329   0.00233167   0.00187782
  0.00073966   0.00187782    0.0294048
  0.00917163  -0.00352811  -3.5158e-05
 -0.00352811   0.00250942  0.000483757
 -3.5158e-05  0.000483757     0.029756
   0.0103386  -0.00404363  -0.00103909
 -0.00404363   0.00246731 -0.000511823
 -0.00103909 -0.000511823    0.0290096
  0.00452185  -0.00856994  -0.00273272
 -0.00856994    0.0259589    0.0151114
 -0.00273272    0.0151114    0.0151551
  0.00505972  -0.00852477  -0.00204369
 -0.00852477    0.0246885    0.0145432
 -0.00204369    0.0145432    0.0158933
  0.00513425  -0.00824624  -0.00267198
 -0.00824624     0.020395    0.0134295
 -0.00267198    0.0134295    0.0171661
  0.00575008  -0.00824054  -0.00186418
 -0.00824054    0.0194703    0.0128185
 -0.00186418    0.0128185     0.017671
  0.00571708  -0.00848827  -0.00130314
 -0.00848827    0.0235101    0.0140684
 -0.00130314    0.0140684    0.0165827
  0.00583591  -0.00796638  -0.00249386
 -0.00796638    0.0158283    0.0115502
 -0.00249386    0.0115502    0.0187215
  0.00646109  -0.00823648  -0.00104176
 -0.00823648    0.0187143    0.0124205
