           0            0            0
           0            0            0
           0            0            0
   0.0291676  -0.00179078   0.00666836
 -0.00179078  0.000345962  -0.00157802
  0.00666836  -0.00157802    0.0173381
   0.0253729  -0.00154882   0.00936273
 -0.00154882   0.00023817  -0.00126463
  0.00936273  -0.00126463    0.0212172
   0.0216212  -0.00201913    0.0119048
 -0.00201913   0.00031099    -0.001098
   0.0119048    -0.001098     0.023437
   0.0206779  -0.00253621    0.0130755
 -0.00253621  0.000425918 -0.000849081
   0.0130755 -0.000849081    0.0235309
   0.0207573  -0.00296363    0.0124927
 -0.00296363   0.00055515 -0.000658793
   0.0124927 -0.000658793    0.0236968
   0.0185866  -0.00280433    0.0109316
 -0.00280433  0.000514184   -0.0008196
   0.0109316   -0.0008196    0.0213562
   0.0192925  -0.00315953    0.0100309
 -0.00315953  0.000619786 -0.000690697
   0.0100309 -0.000690697    0.0224596
   0.0208702  -0.00325593    0.0114159
 -0.00325593  0.000646879 -0.000591783
   0.0114159 -0.000591783    0.0238865
   0.0190241  -0.00323233   0.00803359
 -0.00323233  0.000655922 -0.000718208
  0.00803359 -0.000718208    0.0231603
   0.0207249   -0.0033796    0.0095132
  -0.0033796  0.000683781 -0.000656668
   0.0095132 -0.000656668    0.0246212
   0.0188665  -0.00306652   0.00562055
 -0.00306652  0.000631173 -0.000916655
  0.00562055 -0.000916655    0.0240968
   0.0208279  -0.00345002   0.00857515
 -0.00345002  0.000685858 -0.000842599
  0.00857515 -0.000842599    0.0247155
    0.042678   0.00112629    0.0154025
  0.00112629  0.000888377   0.00286032
   0.0154025   0.00286032    0.0215608
   0.0370235 -0.000114042    0.0177852
-0.000114042    0.0011326   0.00362324
   0.0177852   0.00362324    0.0254784
   0.0364394  0.000648238    0.0174653
 0.000648238  0.000853977   0.00338265
   0.0174653   0.00338265    0.0254063
   0.0331885 -7.67801e-05    0.0195685
-7.67801e-05   0.00111358   0.00391067
   0.0195685   0.00391067    0.0284891
   0.0330137 -0.000767652    0.0194096
-0.000767652   0.00140335   0.00401918
   0.0194096   0.00401918    0.0282859
   0.0311526  0.000126343    0.0183716
 0.000126343  0.000839974   0.00339565
   0.0183716   0.00339565    0.0279435
   0.0306561 -0.000701705    0.0199163
-0.000701705   0.00130567   0.00394946
   0.0199163   0.00394946    0.0296262
   0.0291523 -0.000489725    0.0190309
-0.000489725   0.00104282   0.00357013
   0.0190309   0.00357013    0.0292241
   0.0286151  -0.00109141    0.0188436
 -0.00109141   0.00113579   0.00334101
   0.0188436   0.00334101    0.0293174
   0.0300712  -0.00128271    0.0194419
 -0.00128271   0.00156378   0.00395772
   0.0194419   0.00395772    0.0292659
   0.0298989  -0.00134323    0.0195496
 -0.00134323   0.00135651   0.00358435
   0.0195496   0.00358435    0.0296497
    0.029093  -0.00186591    0.0188971
 -0.00186591   0.00156441   0.00352181
   0.0188971   0.00352181    0.0292681
    0.027182 -0.000682602    0.0177892
-0.000682602  0.000802458   0.00282349
   0.0177892   0.00282349    0.0286458
   0.0266668  -0.00121754    0.0176539
 -0.00121754  0.000929628   0.00274368
   0.0176539   0.00274368    0.0287549
   0.0254272  -0.00164201     0.016892
 -0.00164201  0.000758149   0.00188932
    0.016892   0.00188932     0.028488
   0.0261378  -0.00115391    0.0171299
 -0.00115391   0.00061001   0.00183209
   0.0171299   0.00183209    0.0284678
   0.0291064 -9.46534e-05    0.0171011
-9.46534e-05  0.000602479   0.00253442
   0.0171011   0.00253442    0.0273856
   0.0284168 -0.000582619     0.016696
-0.000582619  0.000427852   0.00147085
    0.016696   0.00147085    0.0273939
    0.032155  0.000605871    0.0149743
 0.000605871  0.000418456    0.0018653
   0.0149743    0.0018653    0.0243682
   0.0340248  0.000847462    0.0160722
 0.000847462  0.000611003   0.00276314
   0.0160722   0.00276314    0.0247836
   0.0384514   0.00191271     0.013108
  0.00191271  0.000490503   0.00184053
    0.013108   0.00184053     0.020623
   0.0319832  0.000102393    0.0146879
 0.000102393  0.000287876  0.000823778
   0.0146879  0.000823778    0.0245821
    0.036879   0.00152654    0.0122956
  0.00152654  0.000338321   0.00100742
   0.0122956   0.00100742    0.0203777
   0.0379899  0.000840159    0.0122365
 0.000840159  0.000246207  6.94971e-05
   0.0122365  6.94971e-05     0.020836
   0.0410745    0.0018422    0.0145322
   0.0018422  0.000672334    0.0025031
   0.0145322    0.0025031    0.0212084
    0.028327  -0.00249276     0.017682
 -0.00249276   0.00143921   0.00282344
    0.017682   0.00282344    0.0286625
   0.0292895  -0.00205308    0.0183886
 -0.00205308   0.00128002   0.00290494
   0.0183886   0.00290494    0.0289529
   0.0287218  -0.00262554    0.0171714
 -0.00262554   0.00111804   0.00204354
   0.0171714   0.00204354     0.028305
   0.0275974  -0.00296153    0.0163988
 -0.00296153   0.00122732   0.00196162
   0.0163988   0.00196162    0.0280712
   0.0277486  -0.00232494    0.0166611
 -0.00232494  0.000991365   0.00199431
   0.0166611   0.00199431    0.0279758
   0.0281544  -0.00304739    0.0159076
 -0.00304739  0.000924487   0.00106054
   0.0159076   0.00106054    0.0276653
    0.027349  -0.00274991    0.0154881
 -0.00274991  0.000833413   0.00108203
   0.0154881   0.00108203     0.027355
   0.0269807   -0.0030335    0.0143437
  -0.0030335  0.000686267   8.9289e-05
   0.0143437   8.9289e-05     0.026771
   0.0268856  -0.00326181    0.0150571
 -0.00326181   0.00099107   0.00100409
   0.0150571   0.00100409    0.0274475
   0.0276413  -0.00332252    0.0146761
 -0.00332252  0.000755155  2.22413e-05
   0.0146761  2.22413e-05    0.0270436
   0.0261956  -0.00342419    0.0137142
 -0.00342419  0.000792975  2.07165e-05
   0.0137142  2.07165e-05     0.026786
   0.0255501  -0.00262609    0.0144585
 -0.00262609   0.00075808  0.000931968
   0.0144585  0.000931968    0.0268357
   0.0252319  -0.00282719    0.0133323
 -0.00282719  0.000629251  6.43375e-05
   0.0133323  6.43375e-05    0.0262588
   0.0237013  -0.00286046    0.0124299
 -0.00286046  0.000611562 -0.000116019
   0.0124299 -0.000116019    0.0258594
    0.024103  -0.00276589    0.0136301
 -0.00276589  0.000719491  0.000589357
   0.0136301  0.000589357    0.0264869
    0.025895  -0.00227817    0.0156004
 -0.00227817  0.000880532   0.00170353
   0.0156004   0.00170353     0.027451
   0.0245028   -0.0025171    0.0148144
  -0.0025171  0.000804347   0.00119049
   0.0148144   0.00119049    0.0271402
   0.0262484  -0.00180348    0.0166706
 -0.00180348  0.000947979    0.0023214
   0.0166706    0.0023214    0.0280818
   0.0281578   -0.0017674    0.0177886
  -0.0017674   0.00110549   0.00276444
   0.0177886   0.00276444    0.0286219
   0.0249112  -0.00213577     0.015901
 -0.00213577  0.000821515   0.00163596
    0.015901   0.00163596    0.0277986
   0.0222492  -0.00349595    0.0113407
 -0.00349595  0.000716153 -0.000507591
   0.0113407 -0.000507591     0.025443
   0.0222897  -0.00332545    0.0124327
 -0.00332545   0.00069059 -0.000355889
   0.0124327 -0.000355889    0.0253968
    0.023798  -0.00324339    0.0140943
 -0.00324339  0.000731494  1.33032e-05
   0.0140943  1.33032e-05    0.0267476
   0.0220675  -0.00300108    0.0135207
 -0.00300108  0.000601563 -0.000381644
   0.0135207 -0.000381644    0.0250494
   0.0240589  -0.00292494    0.0150912
 -0.00292494  0.000663454  0.000158723
   0.0150912  0.000158723    0.0272626
   0.0242612  -0.00246952    0.0158934
 -0.00246952  0.000533412  0.000140031
   0.0158934  0.000140031     0.027557
   0.0223217  -0.00258571    0.0144278
 -0.00258571  0.000471983 -0.000483161
   0.0144278 -0.000483161    0.0252685
   0.0248417  -0.00264389    0.0159021
 -0.00264389  0.000739894  0.000805674
   0.0159021  0.000805674    0.0279936
   0.0252976  -0.00218501    0.0168437
 -0.00218501  0.000636685  0.000911332
   0.0168437  0.000911332    0.0286877
    0.024257  -0.00294882    0.0147095
 -0.00294882   0.00076471  0.000534756
   0.0147095  0.000534756    0.0272424
   0.0237374   -0.0031165    0.0134116
  -0.0031165  0.000719809  0.000108053
   0.0134116  0.000108053    0.0264813
   0.0233208  -0.00338302    0.0129098
 -0.00338302  0.000722356 -0.000284375
   0.0129098 -0.000284375    0.0262535
   0.0230136  -0.00340045    0.0117712
 -0.00340045  0.000673078 -0.000733132
   0.0117712 -0.000733132    0.0255305
   0.0231897  -0.00312556    0.0120756
 -0.00312556  0.000634882 -0.000432968
   0.0120756 -0.000432968    0.0257483
    0.021949  -0.00348457     0.010334
 -0.00348457  0.000682587 -0.000841654
    0.010334 -0.000841654    0.0251718
   0.0231469  -0.00206444    0.0140897
 -0.00206444  0.000338314 -0.000720899
   0.0140897 -0.000720899    0.0253813
    0.026609  -0.00155248    0.0124413
 -0.00155248  0.000241201  -0.00098703
   0.0124413  -0.00098703    0.0239691
   0.0273254  -0.00137694     0.014439
 -0.00137694  0.000257147 -0.000465318
    0.014439 -0.000465318    0.0257091
   0.0302554  -0.00118254   0.00925682
 -0.00118254  0.000231925  -0.00126676
  0.00925682  -0.00126676    0.0201537
   0.0308722  -0.00095313    0.0111129
 -0.00095313   0.00022315 -0.000916394
   0.0111129 -0.000916394    0.0216765
   0.0358074 -0.000799566   0.00857207
-0.000799566  0.000280393  -0.00133504
  0.00857207  -0.00133504    0.0180227
   0.0336232  -0.00143857   0.00692198
 -0.00143857  0.000332705  -0.00157294
  0.00692198  -0.00157294    0.0170994
   0.0317616 -0.000395021    0.0135777
-0.000395021  0.000213279 -0.000124531
   0.0135777 -0.000124531    0.0239679
   0.0365801  2.30714e-06    0.0107123
 2.30714e-06  0.000216335 -0.000687957
   0.0107123 -0.000687957    0.0198261
   0.0281015   -0.0010644    0.0160976
  -0.0010644  0.000310692  0.000421173
   0.0160976  0.000421173     0.027129
   0.0257951   -0.0016737    0.0169094
  -0.0016737  0.000474506  0.000776299
   0.0169094  0.000776299    0.0285375
   0.0247735  -0.00195359    0.0156543
 -0.00195359  0.000378449 -7.72817e-05
   0.0156543 -7.72817e-05    0.0271732
   0.0254538  -0.00349069     0.012349
 -0.00349069  0.000670294 -0.000944402
    0.012349 -0.000944402    0.0261052
   0.0271682  -0.00349751    0.0134552
 -0.00349751  0.000656384  -0.00103077
   0.0134552  -0.00103077    0.0264375
   0.0267107  -0.00358682    0.0122371
 -0.00358682  0.000659804  -0.00205743
   0.0122371  -0.00205743    0.0258669
   0.0246379  -0.00348025    0.0109623
 -0.00348025  0.000653775  -0.00185966
   0.0109623  -0.00185966    0.0254391
   0.0265152  -0.00331098    0.0121639
 -0.00331098  0.000603247  -0.00201846
   0.0121639  -0.00201846    0.0257562
   0.0261227  -0.00362696    0.0110134
 -0.00362696   0.00076495  -0.00301027
   0.0110134  -0.00301027    0.0253295
   0.0263039  -0.00337842    0.0111102
 -0.00337842  0.000714355  -0.00302725
   0.0111102  -0.00302725      0.02532
   0.0259797  -0.00342051    0.0101073
 -0.00342051  0.000905456  -0.00391999
   0.0101073  -0.00391999    0.0249143
   0.0237223  -0.00341513   0.00959219
 -0.00341513  0.000727361  -0.00269473
  0.00959219  -0.00269473    0.0247963
   0.0253712   -0.0036108   0.00982903
  -0.0036108  0.000941381  -0.00384779
  0.00982903  -0.00384779    0.0247999
   0.0226653  -0.00329786   0.00827851
 -0.00329786  0.000870692  -0.00344145
  0.00827851  -0.00344145    0.0241393
   0.0246768  -0.00288299    0.0101266
 -0.00288299  0.000622766  -0.00285589
   0.0101266  -0.00285589    0.0248593
   0.0246331  -0.00286919   0.00921256
 -0.00286919  0.000798082  -0.00373548
  0.00921256  -0.00373548    0.0245074
   0.0226396  -0.00228257   0.00791166
 -0.00228257  0.000681911  -0.00346154
  0.00791166  -0.00346154    0.0239254
   0.0227211  -0.00245608   0.00891139
 -0.00245608  0.000544294  -0.00265707
  0.00891139  -0.00265707    0.0243159
   0.0247506  -0.00290428    0.0111439
 -0.00290428  0.000530562  -0.00187929
   0.0111439  -0.00187929    0.0252644
   0.0229433   -0.0026575    0.0100338
  -0.0026575  0.000491483  -0.00178228
   0.0100338  -0.00178228    0.0247582
   0.0249241  -0.00291058    0.0122141
 -0.00291058  0.000538132 -0.000884175
   0.0122141 -0.000884175    0.0257262
   0.0266809  -0.00321161    0.0132357
 -0.00321161  0.000594543 -0.000959239
   0.0132357 -0.000959239    0.0262385
   0.0232766   -0.0028208    0.0112204
  -0.0028208  0.000519185 -0.000915226
   0.0112204 -0.000915226    0.0252738
   0.0214648  -0.00310469      0.00701
 -0.00310469   0.00106663  -0.00414584
     0.00701  -0.00414584    0.0234381
   0.0244325   -0.0035233   0.00863953
  -0.0035233   0.00116283  -0.00459449
  0.00863953  -0.00459449    0.0242364
   0.0233809  -0.00326755   0.00742985
 -0.00326755   0.00144113  -0.00530165
  0.00742985  -0.00530165    0.0236195
    0.020188  -0.00274934   0.00580061
 -0.00274934   0.00135017  -0.00487358
  0.00580061  -0.00487358    0.0226868
   0.0249031  -0.00327314   0.00805139
 -0.00327314   0.00140336   -0.0053943
  0.00805139   -0.0053943    0.0240616
   0.0221775   -0.0027827   0.00623301
  -0.0027827   0.00180451  -0.00602152
  0.00623301  -0.00602152     0.022951
   0.0241443  -0.00292112   0.00695326
 -0.00292112   0.00172117  -0.00605722
  0.00695326  -0.00605722    0.0235805
   0.0231519  -0.00229398   0.00585285
 -0.00229398   0.00212588  -0.00672317
  0.00585285  -0.00672317    0.0230705
   0.0188188   -0.0021683   0.00469978
  -0.0021683   0.00175509  -0.00566929
  0.00469978  -0.00566929    0.0219028
   0.0207377  -0.00201694   0.00508918
 -0.00201694   0.00230135  -0.00678939
  0.00508918  -0.00678939    0.0222647
   0.0173542  -0.00133934   0.00372919
 -0.00133934   0.00235421  -0.00656218
  0.00372919  -0.00656218    0.0211443
   0.0240482  -0.00253858   0.00643347
 -0.00253858   0.00152588  -0.00576326
  0.00643347  -0.00576326    0.0235528
   0.0236217  -0.00206026    0.0054653
 -0.00206026   0.00183787  -0.00632791
   0.0054653  -0.00632791    0.0232478
   0.0224811  -0.00147524   0.00413661
 -0.00147524   0.00151062  -0.00572507
  0.00413661  -0.00572507    0.0228905
   0.0225107  -0.00183785   0.00505913
 -0.00183785   0.00128302  -0.00527704
  0.00505913  -0.00527704     0.023059
   0.0243304  -0.00277134    0.0073968
 -0.00277134   0.00125533  -0.00516396
   0.0073968  -0.00516396    0.0238623
   0.0225561   -0.0020359    0.0060089
  -0.0020359   0.00106845  -0.00476589
   0.0060089  -0.00476589    0.0232874
   0.0244951  -0.00285992   0.00831359
 -0.00285992   0.00101296   -0.0045006
  0.00831359   -0.0045006     0.024181
   0.0254893  -0.00341486   0.00910382
 -0.00341486   0.00113393  -0.00469771
  0.00910382  -0.00469771    0.0245052
   0.0225806  -0.00216542   0.00696647
 -0.00216542  0.000863704  -0.00416683
  0.00696647  -0.00416683    0.0235855
   0.0197557  0.000262193 -0.000659751
 0.000262193  0.000723764  -0.00383066
-0.000659751  -0.00383066    0.0214229
    0.019844 -0.000162964  0.000788522
-0.000162964  0.000693805  -0.00379272
 0.000788522  -0.00379272     0.021522
   0.0196842 -0.000293244   0.00153465
-0.000293244  0.000784474  -0.00406768
  0.00153465  -0.00406768     0.021766
   0.0198941 -0.000739425   0.00293091
-0.000739425  0.000706795  -0.00381778
  0.00293091  -0.00381778    0.0220387
   0.0201893 -0.000746922   0.00230222
-0.000746922  0.000653886  -0.00360585
  0.00230222  -0.00360585    0.0217902
   0.0200399 -0.000931661   0.00364796
-0.000931661   0.00078607  -0.00405839
  0.00364796  -0.00405839    0.0223115
   0.0203213   -0.0013216   0.00434702
  -0.0013216  0.000630786  -0.00345503
  0.00434702  -0.00345503    0.0224534
   0.0202874  -0.00134292   0.00492471
 -0.00134292   0.00066529  -0.00362011
  0.00492471  -0.00362011    0.0227045
   0.0207937  -0.00183497   0.00622496
 -0.00183497  0.000575976  -0.00309201
  0.00622496  -0.00309201    0.0231729
   0.0205896  -0.00144593   0.00373495
 -0.00144593  0.000613193  -0.00329357
  0.00373495  -0.00329357    0.0221406
   0.0209996  -0.00197643   0.00578813
 -0.00197643  0.000584001  -0.00301085
  0.00578813  -0.00301085    0.0229424
   0.0208276   -0.0021161   0.00499393
  -0.0021161  0.000587611  -0.00286587
  0.00499393  -0.00286587    0.0223899
   0.0209413  -0.00161644   0.00572577
 -0.00161644  0.000741861  -0.00385255
  0.00572577  -0.00385255     0.023045
   0.0211826  -0.00191306   0.00684096
 -0.00191306   0.00060263  -0.00323222
  0.00684096  -0.00323222    0.0234553
   0.0208686  -0.00136891   0.00462905
 -0.00136891  0.000903702   -0.0043699
  0.00462905   -0.0043699    0.0227053
   0.0208181  -0.00112803   0.00353688
 -0.00112803   0.00106415  -0.00478166
  0.00353688  -0.00478166    0.0224701
    0.019918 -0.000604045   0.00238293
-0.000604045  0.000900969  -0.00437962
  0.00238293  -0.00437962    0.0220423
   0.0198421 -0.000280317   0.00114812
-0.000280317   0.00100024  -0.00458425
  0.00114812  -0.00458425    0.0218981
   0.0208462 -0.000806702   0.00250965
-0.000806702   0.00121846  -0.00510209
  0.00250965  -0.00510209    0.0223438
   0.0196165  6.26887e-05  0.000174633
 6.26887e-05  0.000845128  -0.00417988
 0.000174633  -0.00417988    0.0216328
   0.0205385  -0.00263744   0.00583987
 -0.00263744  0.000574983  -0.00233948
  0.00583987  -0.00233948      0.02269
   0.0215571  -0.00261445   0.00718721
 -0.00261445  0.000571682  -0.00249999
  0.00718721  -0.00249999    0.0234438
   0.0217159  -0.00308464   0.00844756
 -0.00308464  0.000589277  -0.00192098
  0.00844756  -0.00192098    0.0238318
   0.0202987  -0.00300251   0.00634461
 -0.00300251  0.000590426  -0.00175476
  0.00634461  -0.00175476    0.0235795
   0.0220885  -0.00290346   0.00909185
 -0.00290346  0.000545541  -0.00188265
  0.00909185  -0.00188265    0.0243138
   0.0216768  -0.00335664   0.00949667
 -0.00335664  0.000629763  -0.00134653
  0.00949667  -0.00134653    0.0242645
   0.0225913  -0.00325554    0.0104923
 -0.00325554  0.000599598  -0.00127937
   0.0104923  -0.00127937    0.0249469
   0.0204834    -0.003286   0.00722903
   -0.003286  0.000632834  -0.00123722
  0.00722903  -0.00123722    0.0245797
   0.0225957  -0.00298184    0.0107099
 -0.00298184  0.000544755  -0.00107255
   0.0107099  -0.00107255     0.025058
   0.0220397  -0.00268022   0.00935022
 -0.00268022  0.000496649  -0.00178959
  0.00935022  -0.00178959    0.0244506
   0.0215473  -0.00229553   0.00803218
 -0.00229553  0.000514146  -0.00253561
  0.00803218  -0.00253561    0.0239234
   0.0214177  -0.00239158    0.0076075
 -0.00239158  0.000530069  -0.00250258
   0.0076075  -0.00250258    0.0237072
   0.0192893  -0.00308501    0.0049846
 -0.00308501  0.000618207  -0.00115283
   0.0049846  -0.00115283    0.0245951
    0.019509  -0.00289665   0.00431058
 -0.00289665  0.000579748  -0.00159559
  0.00431058  -0.00159559    0.0241709
   0.0177142  -0.00253192    0.0019574
 -0.00253192  0.000541369  -0.00133034
   0.0019574  -0.00133034    0.0236331
   0.0194042   -0.0025115   0.00341494
  -0.0025115  0.000551885  -0.00209168
  0.00341494  -0.00209168     0.023347
   0.0182963   -0.0023551    0.0013741
  -0.0023551   0.00052096  -0.00181676
   0.0013741  -0.00181676    0.0236936
   0.0188912  -0.00199417   0.00106753
 -0.00199417  0.000520826  -0.00233063
  0.00106753  -0.00233063    0.0230532
   0.0196959  -0.00205306   0.00294994
 -0.00205306  0.000549964   -0.0025735
  0.00294994   -0.0025735    0.0223721
   0.0172667  -0.00174918  -0.00104372
 -0.00174918  0.000450313   -0.0018419
 -0.00104372   -0.0018419    0.0231385
   0.0200208  -0.00150616   0.00254169
 -0.00150616  0.000571632  -0.00300428
  0.00254169  -0.00300428    0.0214698
   0.0203223 -0.000842828   0.00147574
-0.000842828  0.000597367   -0.0033374
  0.00147574   -0.0033374    0.0213948
   0.0197871 -0.000868964 -9.42031e-05
-0.000868964  0.000519584  -0.00297876
-9.42031e-05  -0.00297876     0.021491
   0.0203388  -0.00019835  8.15382e-05
 -0.00019835  0.000612764  -0.00349779
 8.15382e-05  -0.00349779     0.021279
   0.0204516  -0.00026409  -0.00102425
 -0.00026409  0.000524165  -0.00313647
 -0.00102425  -0.00313647    0.0212495
   0.0208798  0.000245666  -0.00223807
 0.000245666  0.000514719  -0.00307868
 -0.00223807  -0.00307868    0.0210795
   0.0201465  0.000329194  -0.00147049
 0.000329194  0.000614615  -0.00347234
 -0.00147049  -0.00347234     0.021195
   0.0196319 -0.000320977  -0.00251948
-0.000320977  0.000419775   -0.0026654
 -0.00251948   -0.0026654    0.0212201
   0.0208582  0.000149837  -0.00342805
 0.000149837  0.000406488  -0.00260859
 -0.00342805  -0.00260859     0.021141
   0.0199005 -3.98146e-05  -0.00436191
-3.98146e-05   0.00030732  -0.00206752
 -0.00436191  -0.00206752    0.0208489
   0.0189221 -0.000406162  -0.00365416
-0.000406162   0.00033375  -0.00222082
 -0.00365416  -0.00222082    0.0216285
   0.0190828 -0.000828728  -0.00172881
-0.000828728  0.000437101  -0.00261638
 -0.00172881  -0.00261638    0.0220381
   0.0179062 -0.000946767  -0.00299261
-0.000946767  0.000382589  -0.00218265
 -0.00299261  -0.00218265    0.0230642
   0.0183031   -0.0014091  -0.00132235
  -0.0014091  0.000453615  -0.00232977
 -0.00132235  -0.00232977    0.0228338
   0.0193393  -0.00145341  0.000429124
 -0.00145341  0.000513353  -0.00269807
 0.000429124  -0.00269807    0.0223499
   0.0179594 -0.000407361  -0.00460877
-0.000407361  0.000273324  -0.00194104
 -0.00460877  -0.00194104    0.0220331
   0.0186922 -0.000187449  -0.00502843
-0.000187449  0.000237404  -0.00151679
 -0.00502843  -0.00151679    0.0200841
  0.00533227  -0.00485177  -0.00569134
 -0.00485177    0.0046641   0.00481082
 -0.00569134   0.00481082    0.0209819
  0.00550751  -0.00493834  -0.00481471
 -0.00493834   0.00473541   0.00459152
 -0.00481471   0.00459152    0.0216024
  0.00526505  -0.00431687  -0.00434415
 -0.00431687   0.00385358   0.00348331
 -0.00434415   0.00348331    0.0218498
  0.00567407  -0.00438181  -0.00330533
 -0.00438181   0.00394592   0.00378205
 -0.00330533   0.00378205    0.0225695
  0.00588197   -0.0049744  -0.00375025
  -0.0049744   0.00478846   0.00474241
 -0.00375025   0.00474241    0.0221907
  0.00545285  -0.00383488  -0.00282487
 -0.00383488   0.00319922   0.00293816
 -0.00282487   0.00293816    0.0230464
  0.00633021  -0.00431842  -0.00208948
 -0.00431842   0.00400456   0.00453509
 -0.00208948   0.00453509    0.0232341
  0.00613545  -0.00377491  -0.00164999
 -0.00377491   0.00325401   0.00378386
 -0.00164999   0.00378386    0.0238339
  0.00705372  -0.00357225 -0.000375799
 -0.00357225   0.00336158   0.00495517
-0.000375799   0.00495517     0.024509
  0.00651416    -0.004904  -0.00250462
   -0.004904   0.00484151   0.00534227
 -0.00250462   0.00534227    0.0227317
  0.00722939  -0.00411794 -0.000756185
 -0.00411794   0.00415451   0.00563411
-0.000756185   0.00563411    0.0237801
  0.00738834  -0.00472963  -0.00114584
 -0.00472963   0.00503903   0.00631014
 -0.00114584   0.00631014    0.0231616
  0.00595148   -0.0033427  -0.00127186
  -0.0033427    0.0026631   0.00322971
 -0.00127186   0.00322971    0.0245362
  0.00686886  -0.00313243 -6.58571e-05
 -0.00313243   0.00272249   0.00438812
-6.58571e-05   0.00438812    0.0253258
  0.00670968  -0.00285184  0.000131211
 -0.00285184   0.00226348   0.00391454
 0.000131211   0.00391454    0.0261724
   0.0061549  -0.00326679  -0.00122345
 -0.00326679   0.00239152   0.00296456
 -0.00122345   0.00296456    0.0255023
   0.0054534  -0.00353523  -0.00253956
 -0.00353523   0.00269504   0.00243911
 -0.00253956   0.00243911     0.023783
  0.00585204  -0.00356469  -0.00252519
 -0.00356469   0.00251561   0.00222824
 -0.00252519   0.00222824    0.0247127
   0.0051408  -0.00353471  -0.00359491
 -0.00353471   0.00263935   0.00202303
 -0.00359491   0.00202303    0.0228991
  0.00508125  -0.00379544  -0.00389724
 -0.00379544   0.00311863   0.00257741
 -0.00389724   0.00257741    0.0222684
   0.0048645  -0.00363976  -0.00471784
 -0.00363976   0.00295678   0.00254441
 -0.00471784   0.00254441    0.0213808
   0.0055572  -0.00358036  -0.00351661
 -0.00358036   0.00247931   0.00181154
 -0.00351661   0.00181154    0.0223469
  0.00489765  -0.00336582  -0.00434874
 -0.00336582   0.00246839    0.0019352
 -0.00434874    0.0019352    0.0213697
  0.00523311  -0.00339368  -0.00422997
 -0.00339368   0.00233061   0.00171809
 -0.00422997   0.00171809    0.0209714
   0.0050629  -0.00418352  -0.00518651
 -0.00418352   0.00371849   0.00355663
 -0.00518651   0.00355663    0.0210894
   0.0083815   -0.0044488  0.000190146
  -0.0044488   0.00546052   0.00752064
 0.000190146   0.00752064    0.0234154
  0.00826954  -0.00380441  0.000549879
 -0.00380441   0.00447058   0.00692702
 0.000549879   0.00692702    0.0241637
  0.00922916  -0.00347328   0.00163717
 -0.00347328   0.00498606   0.00817805
  0.00163717   0.00817805    0.0243514
  0.00927435  -0.00413012   0.00130989
 -0.00413012   0.00613181   0.00876604
  0.00130989   0.00876604    0.0234559
  0.00911556  -0.00292223   0.00188076
 -0.00292223   0.00392641   0.00743605
  0.00188076   0.00743605    0.0253625
  0.00987013  -0.00320601   0.00233419
 -0.00320601   0.00563472   0.00919736
  0.00233419   0.00919736    0.0243936
  0.00981891  -0.00269572   0.00250236
 -0.00269572    0.0043806   0.00828919
  0.00250236   0.00828919    0.0255601
    0.010057  -0.00266975   0.00266778
 -0.00266975   0.00483187   0.00862184
  0.00266778   0.00862184     0.025691
  0.00983825  -0.00382839   0.00205445
 -0.00382839   0.00695714     0.009867
  0.00205445     0.009867    0.0233455
   0.0100428  -0.00309901   0.00259044
 -0.00309901   0.00625418   0.00977264
  0.00259044   0.00977264    0.0243769
   0.0099528  -0.00364672   0.00237059
 -0.00364672   0.00774624    0.0106304
  0.00237059    0.0106304    0.0231744
  0.00967948  -0.00234502   0.00250858
 -0.00234502   0.00333748   0.00724912
  0.00250858   0.00724912    0.0267827
  0.00997815  -0.00238307   0.00257383
 -0.00238307   0.00363721   0.00727041
  0.00257383   0.00727041    0.0270347
  0.00981276  -0.00225045   0.00232372
 -0.00225045   0.00274026   0.00580601
  0.00232372   0.00580601    0.0283294
  0.00946616  -0.00217096   0.00236882
 -0.00217096     0.002542   0.00611585
  0.00236882   0.00611585    0.0279791
  0.00893925  -0.00253093   0.00199044
 -0.00253093   0.00305871   0.00664184
  0.00199044   0.00664184    0.0264454
  0.00871996  -0.00230929   0.00196675
 -0.00230929   0.00238832   0.00579867
  0.00196675   0.00579867     0.027522
  0.00793006  -0.00283079    0.0010784
 -0.00283079   0.00284947   0.00562053
   0.0010784   0.00562053    0.0259671
  0.00811433  -0.00325054  0.000865101
 -0.00325054   0.00357717   0.00625872
 0.000865101   0.00625872    0.0250228
  0.00773295  -0.00256485   0.00117711
 -0.00256485   0.00229467     0.004999
  0.00117711     0.004999    0.0269209
   0.0142467   -0.0049672  -0.00227569
  -0.0049672   0.00223311   0.00319175
 -0.00227569   0.00319175    0.0230084
   0.0128674  -0.00436789  -0.00140677
 -0.00436789   0.00207054   0.00373817
 -0.00140677   0.00373817    0.0240539
    0.010872  -0.00321149  2.04906e-05
 -0.00321149   0.00169944   0.00379366
 2.04906e-05   0.00379366    0.0263881
   0.0099717  -0.00316595  0.000102544
 -0.00316595   0.00177087   0.00405011
 0.000102544   0.00405011    0.0264667
   0.0126162  -0.00467585  -0.00180569
 -0.00467585   0.00232132   0.00393483
 -0.00180569   0.00393483    0.0234999
  0.00876092  -0.00247701   0.00102532
 -0.00247701   0.00165565   0.00431277
  0.00102532   0.00431277    0.0273014
  0.00956874  -0.00356572 -0.000566438
 -0.00356572   0.00202606   0.00387548
-0.000566438   0.00387548    0.0260963
  0.00794456  -0.00270839  0.000493495
 -0.00270839   0.00178401   0.00401549
 0.000493495   0.00401549    0.0271394
  0.00784839  -0.00337422 -0.000667684
 -0.00337422   0.00214337   0.00353013
-0.000667684   0.00353013    0.0270985
   0.0114147  -0.00478432  -0.00223621
 -0.00478432   0.00256025   0.00390599
 -0.00223621   0.00390599    0.0224121
  0.00911423  -0.00415893  -0.00181956
 -0.00415893   0.00243847   0.00351613
 -0.00181956   0.00351613    0.0238749
   0.0106569  -0.00519994  -0.00307017
 -0.00519994   0.00298357   0.00375843
 -0.00307017   0.00375843    0.0212029
   0.0075163  -0.00242835   0.00109218
 -0.00242835   0.00189447   0.00440399
  0.00109218   0.00440399    0.0272495
  0.00701153  -0.00293812 -5.72478e-05
 -0.00293812    0.0020824   0.00364733
-5.72478e-05   0.00364733    0.0268807
  0.00853681  -0.00225502   0.00165327
 -0.00225502   0.00190499   0.00498135
  0.00165327   0.00498135    0.0277545
  0.00937242  -0.00219508   0.00186889
 -0.00219508   0.00197506   0.00506155
  0.00186889   0.00506155    0.0283729
  0.00983047  -0.00256187   0.00100674
 -0.00256187   0.00167925   0.00419756
  0.00100674   0.00419756    0.0274605
   0.0106581  -0.00283518  0.000663508
 -0.00283518   0.00179955   0.00353796
 0.000663508   0.00353796    0.0280404
  0.00986061  -0.00233877    0.0016566
 -0.00233877   0.00210951   0.00452017
   0.0016566   0.00452017    0.0288678
   0.0120537  -0.00368496 -0.000702282
 -0.00368496   0.00182802   0.00311706
-0.000702282   0.00311706    0.0258655
   0.0100905  -0.00538375  -0.00352704
 -0.00538375   0.00320047   0.00358061
 -0.00352704   0.00358061    0.0206349
  0.00880631  -0.00462632  -0.00291314
 -0.00462632   0.00279349    0.0031562
 -0.00291314    0.0031562    0.0219353
  0.00880028  -0.00507633  -0.00408427
 -0.00507633    0.0031333   0.00307469
 -0.00408427   0.00307469    0.0214835
  0.00987864  -0.00561895   -0.0042024
 -0.00561895   0.00342844   0.00355757
  -0.0042024   0.00355757    0.0205844
  0.00763341  -0.00441412  -0.00351438
 -0.00441412   0.00278976   0.00260667
 -0.00351438   0.00260667    0.0223327
  0.00811912  -0.00492829  -0.00468227
 -0.00492829   0.00311204   0.00286513
 -0.00468227   0.00286513    0.0208702
  0.00744408  -0.00451972  -0.00444114
 -0.00451972   0.00287112   0.00229283
 -0.00444114   0.00229283    0.0217233
  0.00685412  -0.00418625  -0.00503696
 -0.00418625   0.00267386   0.00210763
 -0.00503696   0.00210763    0.0213687
  0.00881154  -0.00534568  -0.00485279
 -0.00534568   0.00336714   0.00328514
 -0.00485279   0.00328514    0.0192132
  0.00737401  -0.00447192  -0.00514032
 -0.00447192   0.00281844    0.0026003
 -0.00514032    0.0026003     0.019801
  0.00809979  -0.00501589  -0.00529929
 -0.00501589    0.0032083   0.00326364
 -0.00529929   0.00326364     0.018927
  0.00636941  -0.00392342  -0.00391886
 -0.00392342   0.00256183   0.00200943
 -0.00391886   0.00200943    0.0217302
  0.00573483  -0.00357656   -0.0045399
 -0.00357656   0.00235094   0.00178773
  -0.0045399   0.00178773     0.020864
   0.0065629  -0.00385937  -0.00287668
 -0.00385937   0.00254439   0.00228377
 -0.00287668   0.00228377    0.0234528
  0.00675528  -0.00347371  -0.00144285
 -0.00347371   0.00234004   0.00290933
 -0.00144285   0.00290933    0.0265132
  0.00765427  -0.00396408  -0.00221004
 -0.00396408   0.00248898   0.00295897
 -0.00221004   0.00295897     0.024189
  0.00965565  -0.00360205   0.00232408
 -0.00360205   0.00830635    0.0109769
  0.00232408    0.0109769    0.0230248
  0.00978458  -0.00317574   0.00246409
 -0.00317574   0.00666713   0.00984354
  0.00246409   0.00984354     0.024377
  0.00925199  -0.00337772   0.00208942
 -0.00337772   0.00676388   0.00947881
  0.00208942   0.00947881    0.0244328
  0.00911271  -0.00367065   0.00203515
 -0.00367065   0.00853938    0.0109398
  0.00203515    0.0109398    0.0229475
  0.00933202  -0.00316745   0.00195721
 -0.00316745   0.00517274   0.00767949
  0.00195721   0.00767949    0.0259776
  0.00862872  -0.00358649   0.00157765
 -0.00358649   0.00658372   0.00885556
  0.00157765   0.00885556    0.0245667
  0.00872175  -0.00346916   0.00134321
 -0.00346916    0.0049807   0.00671646
  0.00134321   0.00671646     0.026199
  0.00814057  -0.00364136   0.00067582
 -0.00364136   0.00464525   0.00570849
  0.00067582   0.00570849    0.0264773
   0.0084852  -0.00376158   0.00161066
 -0.00376158   0.00846417     0.010642
  0.00161066     0.010642    0.0229673
  0.00802404  -0.00370087   0.00100223
 -0.00370087   0.00621931   0.00813797
  0.00100223   0.00813797     0.024762
  0.00788248  -0.00379359   0.00111539
 -0.00379359   0.00816836    0.0102186
  0.00111539    0.0102186    0.0230618
  0.00876847  -0.00340257  0.000917985
 -0.00340257   0.00381764   0.00441194
 0.000917985   0.00441194    0.0277742
  0.00821411  -0.00360575  0.000168421
 -0.00360575   0.00360872   0.00312991
 0.000168421   0.00312991    0.0281086
  0.00825222  -0.00358529 -0.000436802
 -0.00358529   0.00311354  0.000612371
-0.000436802  0.000612371    0.0296036
  0.00877718  -0.00336992  0.000375026
 -0.00336992   0.00312302   0.00207974
 0.000375026   0.00207974    0.0292365
  0.00935443  -0.00304116   0.00163558
 -0.00304116   0.00392215   0.00567916
  0.00163558   0.00567916    0.0274927
  0.00932267  -0.00297623   0.00118103
 -0.00297623   0.00307441   0.00358327
  0.00118103   0.00358327    0.0289104
  0.00982687  -0.00264352   0.00223486
 -0.00264352   0.00387209   0.00670146
  0.00223486   0.00670146    0.0272584
  0.00984119  -0.00285267   0.00244225
 -0.00285267   0.00513285   0.00838384
  0.00244225   0.00838384    0.0258174
  0.00972844  -0.00254762   0.00188522
 -0.00254762   0.00294536   0.00490071
  0.00188522   0.00490071    0.0286223
  0.00732999  -0.00373343  0.000569885
 -0.00373343   0.00771118   0.00980998
 0.000569885   0.00980998    0.0231836
  0.00748005  -0.00366668  0.000365946
 -0.00366668   0.00574988   0.00748295
 0.000365946   0.00748295    0.0249786
  0.00699858  -0.00349899  -0.00031755
 -0.00349899   0.00522667   0.00700854
 -0.00031755   0.00700854    0.0251875
  0.00684167  -0.00357897 -1.16709e-05
 -0.00357897   0.00718346   0.00949815
-1.16709e-05   0.00949815    0.0232925
  0.00716574  -0.00340788 -0.000806652
 -0.00340788   0.00380081   0.00416449
-0.000806652   0.00416449    0.0270404
  0.00657971  -0.00324455  -0.00103957
 -0.00324455   0.00472537   0.00670483
 -0.00103957   0.00670483    0.0253876
  0.00676786  -0.00308519  -0.00160877
 -0.00308519   0.00333873    0.0037565
 -0.00160877    0.0037565    0.0273069
  0.00645391  -0.00273308   -0.0023491
 -0.00273308   0.00288983   0.00358684
  -0.0023491   0.00358684    0.0273645
  0.00642066  -0.00335821  -0.00062689
 -0.00335821   0.00666586   0.00928159
 -0.00062689   0.00928159    0.0233808
  0.00623316  -0.00294696  -0.00174827
 -0.00294696   0.00426142   0.00659029
 -0.00174827   0.00659029    0.0253309
   0.0060741  -0.00309787  -0.00125143
 -0.00309787   0.00620427   0.00916667
 -0.00125143   0.00916667    0.0234586
  0.00696285  -0.00291905    -0.002283
 -0.00291905   0.00262938  0.000721483
   -0.002283  0.000721483    0.0290218
  0.00680568  -0.00251395  -0.00301543
 -0.00251395   0.00218439  0.000572993
 -0.00301543  0.000572993    0.0288195
  0.00703153  -0.00230969   -0.0036325
 -0.00230969   0.00212049  -0.00224965
  -0.0036325  -0.00224965    0.0304373
  0.00712226  -0.00278327  -0.00294514
 -0.00278327   0.00254897  -0.00207101
 -0.00294514  -0.00207101    0.0304438
   0.0073223  -0.00331838  -0.00144034
 -0.00331838   0.00301678   0.00121981
 -0.00144034   0.00121981    0.0287531
  0.00743697  -0.00324246  -0.00209811
 -0.00324246   0.00287293  -0.00153449
 -0.00209811  -0.00153449    0.0302381
  0.00773372  -0.00357287 -0.000618329
 -0.00357287   0.00334621   0.00202275
-0.000618329   0.00202275    0.0284493
  0.00761701  -0.00361745 -4.18318e-05
 -0.00361745   0.00424176   0.00481358
-4.18318e-05   0.00481358    0.0267679
  0.00780337  -0.00353969  -0.00125672
 -0.00353969   0.00304257 -0.000634283
 -0.00125672 -0.000634283    0.0299536
   0.0131969  -0.00597783  -0.00704518
 -0.00597783   0.00439388  -0.00230666
 -0.00704518  -0.00230666    0.0234095
   0.0137358  -0.00641955  -0.00667506
 -0.00641955   0.00459883  -0.00240014
 -0.00667506  -0.00240014    0.0235884
    0.010733  -0.00465023  -0.00559747
 -0.00465023   0.00393023  -0.00406581
 -0.00559747  -0.00406581    0.0274988
   0.0111749  -0.00502893  -0.00505051
 -0.00502893   0.00391905  -0.00372356
 -0.00505051  -0.00372356    0.0274841
   0.0142453  -0.00665814  -0.00626612
 -0.00665814   0.00449357     -0.00223
 -0.00626612     -0.00223    0.0235895
   0.0090065  -0.00392735  -0.00382221
 -0.00392735   0.00347344  -0.00432339
 -0.00382221  -0.00432339    0.0301009
   0.0116023  -0.00518088  -0.00447767
 -0.00518088   0.00365333  -0.00308108
 -0.00447767  -0.00308108    0.0273039
  0.00939394  -0.00417454  -0.00312087
 -0.00417454   0.00331591  -0.00348302
 -0.00312087  -0.00348302    0.0298775
  0.00982473  -0.00417706  -0.00237817
 -0.00417706   0.00302718  -0.00230429
 -0.00237817  -0.00230429    0.0295545
   0.0146395  -0.00669724  -0.00581733
 -0.00669724   0.00416958  -0.00178002
 -0.00581733  -0.00178002    0.0234186
   0.0119885  -0.00513382    -0.003837
 -0.00513382   0.00325697  -0.00208967
   -0.003837  -0.00208967     0.026992
    0.014945   -0.0065627  -0.00529018
  -0.0065627   0.00372595  -0.00104334
 -0.00529018  -0.00104334    0.0231483
  0.00815875  -0.00362524  -0.00210993
 -0.00362524   0.00304386  -0.00257949
 -0.00210993  -0.00257949    0.0306052
  0.00858607  -0.00366855  -0.00130372
 -0.00366855   0.00292633  -0.00130236
 -0.00130372  -0.00130236    0.0302579
  0.00780298  -0.00333013  -0.00290556
 -0.00333013   0.00304231  -0.00349219
 -0.00290556  -0.00349219    0.0308565
  0.00750984  -0.00283455  -0.00370144
 -0.00283455   0.00282613  -0.00402353
 -0.00370144  -0.00402353    0.0309752
  0.00865968  -0.00345811  -0.00451398
 -0.00345811    0.0033599  -0.00478485
 -0.00451398  -0.00478485    0.0301483
  0.00854492  -0.00287775  -0.00510838
 -0.00287775   0.00294603  -0.00486622
 -0.00510838  -0.00486622    0.0300822
  0.00756679  -0.00232867  -0.00435428
 -0.00232867   0.00240155   -0.0041285
 -0.00435428   -0.0041285    0.0307966
   0.0104834  -0.00411975  -0.00609219
 -0.00411975   0.00359861  -0.00406108
 -0.00609219  -0.00406108    0.0273356
   0.0151768  -0.00629362   -0.0046596
 -0.00629362   0.00325202 -4.73273e-05
  -0.0046596 -4.73273e-05    0.0228396
   0.0123335  -0.00488604   -0.0031137
 -0.00488604   0.00281728 -0.000828928
  -0.0031137 -0.000828928     0.026651
   0.0125831  -0.00453146  -0.00233411
 -0.00453146   0.00238726  0.000625282
 -0.00233411  0.000625282    0.0263029
   0.0153419  -0.00595114  -0.00391892
 -0.00595114   0.00279818   0.00109069
 -0.00391892   0.00109069    0.0226393
    0.010638  -0.00357353 -0.000733281
 -0.00357353   0.00230268  0.000782919
-0.000733281  0.000782919    0.0288433
   0.0125933   -0.0041232   -0.0014757
  -0.0041232   0.00205013     0.001988
  -0.0014757     0.001988    0.0260074
   0.0108392  -0.00316545  3.57383e-05
 -0.00316545   0.00200239   0.00233961
 3.57383e-05   0.00233961    0.0284936
    0.014949  -0.00542669  -0.00305772
 -0.00542669   0.00242496   0.00224949
 -0.00305772   0.00224949    0.0227384
  0.00986064  -0.00263313   0.00114028
 -0.00263313   0.00229664   0.00337603
  0.00114028   0.00337603    0.0292213
  0.00954375  -0.00305845   0.00038199
 -0.00305845   0.00252046   0.00186381
  0.00038199   0.00186381    0.0295418
  0.00907391  -0.00344292 -0.000471807
 -0.00344292   0.00274617  0.000223794
-0.000471807  0.000223794    0.0298872
   0.0102603  -0.00395532  -0.00157181
 -0.00395532   0.00267373 -0.000839311
 -0.00157181 -0.000839311    0.0291911
  0.00436788  -0.00862236  -0.00301017
 -0.00862236    0.0261773     0.015222
 -0.00301017     0.015222    0.0149693
  0.00494868  -0.00855105  -0.00226623
 -0.00855105    0.0248836    0.0147112
 -0.00226623    0.0147112    0.0158065
  0.00501902  -0.00825975  -0.00292198
 -0.00825975    0.0204791    0.0135484
 -0.00292198    0.0135484    0.0170705
   0.0056942  -0.00822846  -0.00203053
 -0.00822846    0.0195352    0.0129871
 -0.00203053    0.0129871    0.0176885
  0.00566702  -0.00848305  -0.00145152
 -0.00848305    0.0236862    0.0143004
 -0.00145152    0.0143004    0.0166185
  0.00577566  -0.00794378  -0.00268426
 -0.00794378    0.0158041    0.0116752
 -0.00268426    0.0116752    0.0187202
  0.00647674  -0.00820596  -0.00112048
 -0.00820596    0.0187735    0.0126368
