           0            0            0
           0            0            0
           0            0            0
   0.0321343  -0.00492185   0.00884963
 -0.00492185   0.00126167  -0.00288629
  0.00884963  -0.00288629    0.0184637
   0.0281247    -0.003783    0.0113612
   -0.003783  0.000764278  -0.00233709
   0.0113612  -0.00233709    0.0224723
   0.0240895  -0.00368667    0.0137478
 -0.00368667  0.000753492  -0.00197087
   0.0137478  -0.00197087    0.0248278
   0.0231192  -0.00397747     0.014813
 -0.00397747  0.000863177  -0.00143809
    0.014813  -0.00143809    0.0249225
   0.0231977  -0.00425471    0.0140333
 -0.00425471   0.00100679  -0.00087056
   0.0140333  -0.00087056    0.0249906
   0.0209841  -0.00407247    0.0124615
 -0.00407247   0.00096351  -0.00102612
   0.0124615  -0.00102612    0.0225791
   0.0218116  -0.00433551    0.0113011
 -0.00433551   0.00107987 -0.000548634
   0.0113011 -0.000548634    0.0236087
    0.023327   -0.0044163    0.0126806
  -0.0044163   0.00109332  -0.00049766
   0.0126806  -0.00049766    0.0250791
   0.0215826  -0.00425083   0.00888072
 -0.00425083   0.00106422 -0.000319945
  0.00888072 -0.000319945     0.024239
   0.0232139   -0.0043981    0.0103635
  -0.0043981   0.00108427 -0.000315457
   0.0103635 -0.000315457     0.025751
   0.0214974  -0.00385661   0.00596125
 -0.00385661  0.000935541 -0.000389046
  0.00596125 -0.000389046    0.0251585
   0.0233099  -0.00432486   0.00916701
 -0.00432486   0.00101342 -0.000407998
  0.00916701 -0.000407998    0.0258181
   0.0469169  0.000641821    0.0171954
 0.000641821    0.0010754   0.00299381
   0.0171954   0.00299381     0.022452
   0.0411969 -0.000637772    0.0195846
-0.000637772   0.00137599   0.00386537
   0.0195846   0.00386537    0.0264328
   0.0396913  6.35124e-05    0.0190522
 6.35124e-05   0.00105003   0.00348959
   0.0190522   0.00348959    0.0263971
   0.0365598 -0.000642486    0.0211858
-0.000642486   0.00138019   0.00409329
   0.0211858   0.00409329    0.0295341
   0.0370727  -0.00118422    0.0211147
 -0.00118422   0.00170027   0.00435271
   0.0211147   0.00435271    0.0292361
   0.0333928 -0.000566432    0.0196462
-0.000566432   0.00106511   0.00340441
   0.0196462   0.00340441    0.0289726
   0.0340486  -0.00118194    0.0213954
 -0.00118194   0.00160627   0.00419525
   0.0213954   0.00419525    0.0306055
   0.0315566  -0.00116778    0.0202736
 -0.00116778   0.00133364   0.00363371
   0.0202736   0.00363371    0.0302447
   0.0312418  -0.00172045    0.0199748
 -0.00172045    0.0014405   0.00344634
   0.0199748   0.00344634    0.0302704
   0.0339309  -0.00158655    0.0209007
 -0.00158655   0.00185839   0.00434869
   0.0209007   0.00434869     0.030131
   0.0334302  -0.00174447    0.0208308
 -0.00174447   0.00163098   0.00386016
   0.0208308   0.00386016    0.0305278
    0.032936  -0.00209704    0.0200818
 -0.00209704   0.00179839   0.00391208
   0.0200818   0.00391208    0.0300509
   0.0287761  -0.00151954    0.0188041
 -0.00151954   0.00107486   0.00270339
   0.0188041   0.00270339    0.0296776
   0.0284247  -0.00205246    0.0185921
 -0.00205246   0.00125001   0.00268011
   0.0185921   0.00268011    0.0297551
   0.0268275  -0.00264009    0.0178185
 -0.00264009   0.00108708   0.00168139
   0.0178185   0.00168139    0.0295634
   0.0275263  -0.00214363    0.0181646
 -0.00214363  0.000876468   0.00151769
   0.0181646   0.00151769    0.0295813
    0.030608 -0.000877711    0.0181328
-0.000877711  0.000795188   0.00235431
   0.0181328   0.00235431    0.0283992
   0.0299068  -0.00152908    0.0178233
 -0.00152908  0.000622024   0.00103884
   0.0178233   0.00103884    0.0285229
   0.0336914 -4.35489e-05    0.0159705
-4.35489e-05  0.000544751   0.00162147
   0.0159705   0.00162147    0.0252945
   0.0361316  0.000242943    0.0172646
 0.000242943  0.000762681   0.00271529
   0.0172646   0.00271529    0.0257174
   0.0405385   0.00153613    0.0141744
  0.00153613  0.000609821   0.00172533
   0.0141744   0.00172533    0.0214182
   0.0337559 -0.000799941    0.0158921
-0.000799941  0.000437386  0.000273794
   0.0158921  0.000273794    0.0256678
   0.0387033   0.00101294    0.0133032
  0.00101294  0.000440913  0.000676435
   0.0133032  0.000676435    0.0212141
    0.040407 -0.000306897    0.0136703
-0.000306897  0.000426058 -0.000650713
   0.0136703 -0.000650713    0.0219025
   0.0441898   0.00142133    0.0159841
  0.00142133  0.000825255   0.00252525
   0.0159841   0.00252525    0.0220719
   0.0321287  -0.00265876    0.0185255
 -0.00265876   0.00157612   0.00316021
   0.0185255   0.00316021    0.0293586
   0.0329428  -0.00236509    0.0193781
 -0.00236509   0.00147813   0.00317208
   0.0193781   0.00317208    0.0297015
   0.0324583  -0.00280318    0.0178439
 -0.00280318    0.0012126   0.00226812
   0.0178439   0.00226812    0.0289307
   0.0312834  -0.00303522     0.016893
 -0.00303522    0.0012587   0.00220441
    0.016893   0.00220441    0.0286792
   0.0308194  -0.00271907    0.0173269
 -0.00271907   0.00116752   0.00212059
   0.0173269   0.00212059    0.0287003
    0.031877   -0.0030719    0.0162706
  -0.0030719  0.000919098   0.00120483
   0.0162706   0.00120483    0.0281721
   0.0306032  -0.00294578    0.0158879
 -0.00294578  0.000905065   0.00117548
   0.0158879   0.00117548    0.0279706
   0.0303249  -0.00301228    0.0145025
 -0.00301228  0.000671025  0.000114465
   0.0145025  0.000114465    0.0272846
   0.0303555  -0.00323637    0.0152313
 -0.00323637   0.00094084   0.00111974
   0.0152313   0.00111974    0.0279548
    0.031232  -0.00320186    0.0147784
 -0.00320186   0.00068713  5.39665e-05
   0.0147784  5.39665e-05    0.0274359
   0.0293485  -0.00332126    0.0136349
 -0.00332126  0.000706578 -3.70697e-06
   0.0136349 -3.70697e-06    0.0271779
   0.0279999   -0.0030721    0.0148246
  -0.0030721  0.000918571  0.000941072
   0.0148246  0.000941072    0.0276082
   0.0279011  -0.00301277    0.0134789
 -0.00301277  0.000691138  4.18931e-05
   0.0134789  4.18931e-05    0.0269563
   0.0257369   -0.0032943    0.0126022
  -0.0032943  0.000753652 -0.000171943
   0.0126022 -0.000171943    0.0267389
   0.0259256  -0.00345451    0.0140182
 -0.00345451  0.000961294  0.000546758
   0.0140182  0.000546758    0.0274107
   0.0280883  -0.00292937    0.0161888
 -0.00292937   0.00113681    0.0017123
   0.0161888    0.0017123    0.0282995
   0.0261252  -0.00338522    0.0154094
 -0.00338522   0.00112595    0.0011251
   0.0154094    0.0011251    0.0281096
   0.0282025    -0.002587    0.0174531
   -0.002587   0.00126348   0.00230218
   0.0174531   0.00230218    0.0290067
   0.0310012  -0.00231306    0.0187067
 -0.00231306   0.00136825   0.00289165
   0.0187067   0.00289165      0.02946
   0.0263881  -0.00310409    0.0166762
 -0.00310409   0.00117436   0.00151202
   0.0166762   0.00151202    0.0288181
   0.0245274  -0.00450685    0.0122042
 -0.00450685   0.00110857 -0.000265518
   0.0122042 -0.000265518    0.0265828
    0.024592  -0.00446005    0.0135762
 -0.00446005   0.00112697  -0.00027093
   0.0135762  -0.00027093    0.0265859
   0.0258014   -0.0043426    0.0151189
  -0.0043426   0.00114503 -1.04485e-06
   0.0151189 -1.04485e-06     0.027926
    0.024366  -0.00422278    0.0149448
 -0.00422278   0.00103054 -0.000550749
   0.0149448 -0.000550749    0.0263155
   0.0261043  -0.00411878    0.0163499
 -0.00411878   0.00108045 -2.10107e-05
   0.0163499 -2.10107e-05    0.0285096
   0.0263645  -0.00373388    0.0173601
 -0.00373388  0.000912001 -0.000276644
   0.0173601 -0.000276644    0.0288917
   0.0246561  -0.00392844     0.016068
 -0.00392844  0.000877646 -0.000977423
    0.016068 -0.000977423    0.0266496
   0.0265127  -0.00374541    0.0169123
 -0.00374541   0.00112552  0.000627443
   0.0169123  0.000627443    0.0291579
   0.0269927  -0.00332818    0.0180343
 -0.00332818  0.000987266  0.000581658
   0.0180343  0.000581658     0.029923
   0.0259273  -0.00395943    0.0155018
 -0.00395943   0.00113527  0.000463029
   0.0155018  0.000463029    0.0283468
   0.0254715  -0.00397539    0.0139675
 -0.00397539   0.00102554  8.56681e-05
   0.0139675  8.56681e-05     0.027542
   0.0252886  -0.00433906    0.0136755
 -0.00433906   0.00107849 -0.000206485
   0.0136755 -0.000206485    0.0273912
   0.0250175  -0.00415954    0.0122853
 -0.00415954     0.000934 -0.000654713
   0.0122853 -0.000654713    0.0266496
   0.0250272  -0.00376527    0.0123878
 -0.00376527  0.000845939 -0.000460286
   0.0123878 -0.000460286    0.0267783
   0.0241999  -0.00432373    0.0109311
 -0.00432373  0.000982511  -0.00057322
   0.0109311  -0.00057322    0.0263028
   0.0255464  -0.00355166    0.0158649
 -0.00355166  0.000720344  -0.00152048
   0.0158649  -0.00152048    0.0268252
   0.0292969  -0.00346219    0.0144004
 -0.00346219  0.000666622  -0.00203735
   0.0144004  -0.00203735    0.0253767
   0.0297525    -0.002931    0.0162031
   -0.002931  0.000580639  -0.00138638
   0.0162031  -0.00138638    0.0271185
   0.0332162  -0.00362402    0.0113234
 -0.00362402  0.000794412  -0.00245406
   0.0113234  -0.00245406    0.0213983
   0.0336248  -0.00298414    0.0130147
 -0.00298414  0.000667965  -0.00200594
   0.0130147  -0.00200594    0.0229515
   0.0390521  -0.00361929    0.0107549
 -0.00361929  0.000972334  -0.00266187
   0.0107549  -0.00266187    0.0192567
    0.036852   -0.0046656   0.00918644
  -0.0046656   0.00122783  -0.00294121
  0.00918644  -0.00294121    0.0182421
   0.0340754  -0.00174671    0.0151403
 -0.00174671  0.000439862 -0.000965089
   0.0151403 -0.000965089     0.025201
   0.0394348  -0.00185416    0.0125095
 -0.00185416  0.000581769  -0.00170867
   0.0125095  -0.00170867    0.0209984
   0.0300218  -0.00224796    0.0175301
 -0.00224796   0.00054321 -0.000264339
   0.0175301 -0.000264339    0.0284246
   0.0275357  -0.00282828    0.0182264
 -0.00282828  0.000762792   0.00027098
   0.0182264   0.00027098     0.029821
   0.0269383  -0.00330278    0.0172616
 -0.00330278  0.000715452 -0.000752866
   0.0172616 -0.000752866    0.0285744
   0.0282107  -0.00337282    0.0120862
 -0.00337282  0.000596337  -0.00109256
   0.0120862  -0.00109256    0.0263843
   0.0304914  -0.00328717    0.0133607
 -0.00328717  0.000577008  -0.00112555
   0.0133607  -0.00112555     0.026728
   0.0296728  -0.00338654    0.0120073
 -0.00338654  0.000615923  -0.00226311
   0.0120073  -0.00226311    0.0260854
   0.0269836  -0.00343752    0.0105761
 -0.00343752  0.000628365  -0.00208543
   0.0105761  -0.00208543     0.025633
    0.029641  -0.00299902    0.0119978
 -0.00299902  0.000557653  -0.00220692
   0.0119978  -0.00220692    0.0261188
   0.0286795  -0.00355233    0.0106973
 -0.00355233   0.00078634  -0.00328171
   0.0106973  -0.00328171    0.0255181
   0.0291282  -0.00309923    0.0108589
 -0.00309923  0.000718985  -0.00330818
   0.0108589  -0.00330818    0.0256556
   0.0284517  -0.00330562   0.00981252
 -0.00330562  0.000976246  -0.00424457
  0.00981252  -0.00424457    0.0252517
   0.0257041  -0.00352846    0.0091286
 -0.00352846  0.000770105  -0.00293759
   0.0091286  -0.00293759    0.0249446
   0.0275541  -0.00375276    0.0094649
 -0.00375276   0.00103587  -0.00413328
   0.0094649  -0.00413328    0.0249883
   0.0243637  -0.00360635   0.00777794
 -0.00360635  0.000976525  -0.00365412
  0.00777794  -0.00365412    0.0242693
   0.0273481  -0.00247194   0.00984996
 -0.00247194  0.000625673  -0.00313942
  0.00984996  -0.00313942    0.0254081
    0.027072  -0.00250672   0.00889326
 -0.00250672  0.000852023  -0.00407711
  0.00889326  -0.00407711    0.0250465
   0.0248343  -0.00176967   0.00752733
 -0.00176967  0.000732937   -0.0038064
  0.00752733   -0.0038064    0.0246776
   0.0250248  -0.00204303   0.00859023
 -0.00204303  0.000562967  -0.00293884
  0.00859023  -0.00293884    0.0250889
   0.0275511  -0.00259803     0.010959
 -0.00259803  0.000507264  -0.00206826
    0.010959  -0.00206826    0.0258428
   0.0252534  -0.00248022   0.00982912
 -0.00248022  0.000508694  -0.00197452
  0.00982912  -0.00197452    0.0255581
   0.0277193  -0.00282648     0.012169
 -0.00282648  0.000533035 -0.000977177
    0.012169 -0.000977177    0.0263566
   0.0299817  -0.00300262    0.0132027
 -0.00300262  0.000537887   -0.0010354
   0.0132027   -0.0010354    0.0266642
   0.0254876  -0.00295097    0.0111843
 -0.00295097  0.000577025  -0.00102376
   0.0111843  -0.00102376    0.0261103
   0.0229707  -0.00358149   0.00651118
 -0.00358149   0.00121129  -0.00430307
  0.00651118  -0.00430307    0.0235467
   0.0263146  -0.00390902    0.0082608
 -0.00390902   0.00131165  -0.00484659
   0.0082608  -0.00484659    0.0244319
   0.0250618  -0.00384676   0.00707685
 -0.00384676    0.0016127  -0.00550028
  0.00707685  -0.00550028    0.0237989
   0.0215643  -0.00331139   0.00535888
 -0.00331139    0.0015066   -0.0049823
  0.00535888   -0.0049823    0.0227388
    0.026768  -0.00369289   0.00775288
 -0.00369289    0.0015563  -0.00565163
  0.00775288  -0.00565163    0.0244084
   0.0237148  -0.00343975   0.00596466
 -0.00343975   0.00197586  -0.00617426
  0.00596466  -0.00617426    0.0230665
   0.0258267  -0.00353346   0.00671068
 -0.00353346    0.0018731  -0.00624782
  0.00671068  -0.00624782    0.0238907
   0.0246989  -0.00296236   0.00572006
 -0.00296236   0.00226438   -0.0068659
  0.00572006   -0.0068659     0.023302
    0.020068  -0.00270793   0.00438046
 -0.00270793   0.00191374  -0.00575912
  0.00438046  -0.00575912    0.0218437
    0.022128  -0.00261589    0.0049625
 -0.00261589   0.00247652  -0.00692798
   0.0049625  -0.00692798      0.02227
   0.0184439  -0.00174973    0.0035864
 -0.00174973   0.00254297  -0.00666866
   0.0035864  -0.00666866    0.0209333
   0.0256898  -0.00293345   0.00615458
 -0.00293345   0.00163354  -0.00595609
  0.00615458  -0.00595609    0.0240533
   0.0251129  -0.00262871   0.00526742
 -0.00262871   0.00191617  -0.00643547
  0.00526742  -0.00643547    0.0236886
    0.023783  -0.00181383   0.00382262
 -0.00181383    0.0015301  -0.00577867
  0.00382262  -0.00577867    0.0235014
   0.0239977  -0.00191463   0.00468739
 -0.00191463   0.00134897  -0.00545908
  0.00468739  -0.00545908    0.0237271
   0.0261976  -0.00289029    0.0070773
 -0.00289029   0.00137216  -0.00544694
   0.0070773  -0.00544694    0.0243923
   0.0242914   -0.0018166   0.00560709
  -0.0018166   0.00115704  -0.00505961
  0.00560709  -0.00505961     0.023996
   0.0266404  -0.00269144   0.00798252
 -0.00269144   0.00111127  -0.00484077
  0.00798252  -0.00484077    0.0247193
   0.0276205   -0.0035598   0.00879237
  -0.0035598   0.00126045   -0.0050098
  0.00879237   -0.0050098    0.0248536
   0.0245701  -0.00172475   0.00656155
 -0.00172475  0.000946707  -0.00452018
  0.00656155  -0.00452018    0.0243196
   0.0210943  0.000716841  -0.00121953
 0.000716841  0.000758765  -0.00392265
 -0.00121953  -0.00392265    0.0224134
   0.0214665  0.000465763  0.000239488
 0.000465763  0.000767852  -0.00405453
 0.000239488  -0.00405453    0.0226106
   0.0211226  0.000280953   0.00098161
 0.000280953  0.000851743    -0.004308
  0.00098161    -0.004308     0.022783
   0.0215712 -8.37432e-05   0.00241126
-8.37432e-05  0.000795663   -0.0041533
  0.00241126   -0.0041533    0.0231326
   0.0220846 -0.000107246   0.00181435
-0.000107246  0.000732468  -0.00392559
  0.00181435  -0.00392559    0.0229603
   0.0216104 -0.000313191   0.00312185
-0.000313191  0.000872413  -0.00438524
  0.00312185  -0.00438524    0.0233057
   0.0222138 -0.000760564   0.00390942
-0.000760564  0.000707441  -0.00378493
  0.00390942  -0.00378493    0.0236044
   0.0220424 -0.000729404   0.00444255
-0.000729404  0.000749159   -0.0039779
  0.00444255   -0.0039779    0.0237509
   0.0226966  -0.00139525   0.00583955
 -0.00139525   0.00063813  -0.00339916
  0.00583955  -0.00339916    0.0242544
   0.0227401  -0.00095816   0.00335395
 -0.00095816  0.000669668  -0.00356478
  0.00335395  -0.00356478    0.0233578
   0.0230901  -0.00165093   0.00549433
 -0.00165093  0.000637791   -0.0032506
  0.00549433   -0.0032506    0.0241239
   0.0231668  -0.00189665   0.00476447
 -0.00189665  0.000624909  -0.00300588
  0.00476447  -0.00300588    0.0236083
   0.0227451  -0.00102583   0.00525711
 -0.00102583  0.000823588  -0.00421338
  0.00525711  -0.00421338     0.023954
   0.0231262  -0.00138838   0.00642108
 -0.00138838  0.000660102  -0.00356959
  0.00642108  -0.00356959    0.0243951
    0.022471 -0.000888783   0.00414586
-0.000888783  0.000984428  -0.00467761
  0.00414586  -0.00467761    0.0235723
   0.0221768 -0.000894823    0.0030663
-0.000894823   0.00111107  -0.00496333
   0.0030663  -0.00496333    0.0232796
   0.0212585 -0.000151182   0.00184846
-0.000151182  0.000954045  -0.00458528
  0.00184846  -0.00458528    0.0229664
   0.0209288 -0.000102642  0.000629209
-0.000102642  0.000989249  -0.00460302
 0.000629209  -0.00460302    0.0227398
   0.0219748 -0.000868525   0.00207478
-0.000868525   0.00120551   -0.0051191
  0.00207478   -0.0051191    0.0230847
   0.0207923  0.000409178 -0.000377027
 0.000409178  0.000857218  -0.00423236
-0.000377027  -0.00423236    0.0225562
   0.0229546  -0.00273174   0.00576722
 -0.00273174  0.000625222  -0.00229797
  0.00576722  -0.00229797    0.0238713
   0.0237865  -0.00260758    0.0070912
 -0.00260758  0.000627447  -0.00260073
   0.0070912  -0.00260073    0.0246308
   0.0239736  -0.00340242   0.00858298
 -0.00340242  0.000689734   -0.0018704
  0.00858298   -0.0018704    0.0249969
   0.0227767  -0.00340394   0.00642136
 -0.00340394  0.000702086  -0.00150348
  0.00642136  -0.00150348    0.0247188
   0.0241527  -0.00309438   0.00909458
 -0.00309438  0.000630659  -0.00196493
  0.00909458  -0.00196493    0.0254248
   0.0239066  -0.00395427   0.00986621
 -0.00395427  0.000817019  -0.00117113
  0.00986621  -0.00117113    0.0254038
    0.024643  -0.00376478    0.0107478
 -0.00376478  0.000760949  -0.00125938
   0.0107478  -0.00125938    0.0260636
   0.0229864  -0.00395663   0.00751492
 -0.00395663  0.000847027 -0.000837868
  0.00751492 -0.000837868     0.025699
   0.0245341  -0.00333025    0.0107792
 -0.00333025  0.000660617  -0.00115036
   0.0107792  -0.00115036    0.0260619
   0.0240433  -0.00269365   0.00920147
 -0.00269365  0.000551905  -0.00195283
  0.00920147  -0.00195283    0.0254322
   0.0235556  -0.00199435   0.00771816
 -0.00199435  0.000554439  -0.00279775
  0.00771816  -0.00279775    0.0248872
   0.0234273  -0.00224276   0.00738426
 -0.00224276  0.000583537  -0.00270528
  0.00738426  -0.00270528    0.0248072
    0.021964  -0.00374212   0.00511978
 -0.00374212   0.00084123 -0.000599699
  0.00511978 -0.000599699    0.0256782
   0.0222179  -0.00333906   0.00424318
 -0.00333906  0.000702874  -0.00116586
  0.00424318  -0.00116586    0.0252915
   0.0204415  -0.00296342   0.00171812
 -0.00296342  0.000692297 -0.000812477
  0.00171812 -0.000812477    0.0246694
   0.0220658  -0.00267484   0.00315309
 -0.00267484  0.000601106   -0.0018547
  0.00315309   -0.0018547    0.0245045
    0.021116  -0.00256825  0.000946528
 -0.00256825  0.000581987  -0.00143276
 0.000946528  -0.00143276     0.024801
   0.0216664  -0.00191983  0.000529716
 -0.00191983  0.000529577  -0.00217264
 0.000529716  -0.00217264    0.0242224
   0.0222528  -0.00191523   0.00258239
 -0.00191523   0.00056836  -0.00255912
  0.00258239  -0.00255912    0.0235652
   0.0200339   -0.0017632  -0.00173953
  -0.0017632  0.000492199  -0.00155403
 -0.00173953  -0.00155403    0.0242268
   0.0223897  -0.00109334   0.00213485
 -0.00109334  0.000601391  -0.00318573
  0.00213485  -0.00318573    0.0226756
   0.0224771 -0.000239505  0.000993007
-0.000239505  0.000652133  -0.00361086
 0.000993007  -0.00361086     0.022594
   0.0221908 -0.000316435 -0.000705889
-0.000316435  0.000544847  -0.00316932
-0.000705889  -0.00316932    0.0226905
   0.0222128  0.000450275 -0.000456477
 0.000450275  0.000678202  -0.00374728
-0.000456477  -0.00374728    0.0224173
   0.0225871  0.000375655  -0.00161698
 0.000375655  0.000572191  -0.00335206
 -0.00161698  -0.00335206    0.0224218
    0.022692  0.000807146  -0.00280289
 0.000807146  0.000560887  -0.00317439
 -0.00280289  -0.00317439    0.0221635
   0.0216993  0.000852658  -0.00202971
 0.000852658  0.000660986  -0.00357932
 -0.00202971  -0.00357932    0.0222348
   0.0219275  0.000263472  -0.00325183
 0.000263472  0.000442764  -0.00281119
 -0.00325183  -0.00281119    0.0223786
   0.0228809  0.000702623  -0.00406624
 0.000702623  0.000443675  -0.00267658
 -0.00406624  -0.00267658    0.0222563
    0.021996  0.000443293   -0.0050737
 0.000443293  0.000329378  -0.00207635
  -0.0050737  -0.00207635    0.0219529
   0.0212884   9.4063e-05  -0.00449707
  9.4063e-05  0.000339197  -0.00226236
 -0.00449707  -0.00226236    0.0227772
   0.0216206 -0.000324202  -0.00251283
-0.000324202  0.000441594  -0.00271093
 -0.00251283  -0.00271093     0.023229
   0.0205878 -0.000608087  -0.00392696
-0.000608087  0.000386312  -0.00210094
 -0.00392696  -0.00210094    0.0242166
   0.0210662  -0.00114455   -0.0021143
 -0.00114455  0.000454004  -0.00224531
  -0.0021143  -0.00224531    0.0239875
   0.0219741  -0.00110229 -0.000192101
 -0.00110229  0.000520335  -0.00274576
-0.000192101  -0.00274576    0.0235511
   0.0203272  3.59439e-05  -0.00557775
 3.59439e-05  0.000267729  -0.00193513
 -0.00557775  -0.00193513    0.0231796
   0.0207009  0.000200404  -0.00574677
 0.000200404  0.000254727  -0.00146036
 -0.00574677  -0.00146036    0.0211368
  0.00540943   -0.0049681  -0.00639214
  -0.0049681   0.00488817   0.00536636
 -0.00639214   0.00536636    0.0208422
  0.00563567  -0.00496994  -0.00521613
 -0.00496994   0.00491062   0.00540015
 -0.00521613   0.00540015    0.0217004
   0.0053609  -0.00431543  -0.00466194
 -0.00431543   0.00402533   0.00438013
 -0.00466194   0.00438013    0.0221784
  0.00592788  -0.00423556  -0.00323058
 -0.00423556   0.00414301   0.00503277
 -0.00323058   0.00503277    0.0232208
  0.00613673   -0.0048725   -0.0037645
  -0.0048725   0.00500277   0.00587711
  -0.0037645   0.00587711    0.0225867
  0.00569934  -0.00365131   -0.0026609
 -0.00365131   0.00337288    0.0042614
  -0.0026609    0.0042614    0.0239974
  0.00679422  -0.00394998  -0.00161854
 -0.00394998   0.00436454   0.00619631
 -0.00161854   0.00619631    0.0241597
  0.00661779  -0.00335831  -0.00109803
 -0.00335831   0.00356152   0.00552423
 -0.00109803   0.00552423    0.0250685
  0.00775223  -0.00287513  0.000459093
 -0.00287513   0.00391967   0.00709225
 0.000459093   0.00709225    0.0258824
  0.00694708   -0.0045928   -0.0021265
  -0.0045928   0.00522872   0.00686298
  -0.0021265   0.00686298    0.0233925
  0.00788495  -0.00347322  1.44887e-05
 -0.00347322   0.00479981   0.00770197
 1.44887e-05   0.00770197    0.0248479
  0.00798141  -0.00416596 -0.000472293
 -0.00416596   0.00572321   0.00822183
-0.000472293   0.00822183    0.0239681
    0.006441  -0.00290359 -0.000663285
 -0.00290359   0.00291348   0.00497941
-0.000663285   0.00497941    0.0261171
  0.00758076  -0.00241609  0.000792674
 -0.00241609   0.00316858   0.00649922
 0.000792674   0.00649922    0.0270309
  0.00742012  -0.00216263  0.000961461
 -0.00216263   0.00258172   0.00591358
 0.000961461   0.00591358    0.0282227
  0.00665599  -0.00285133 -0.000632541
 -0.00285133   0.00258112   0.00467272
-0.000632541   0.00467272    0.0275027
  0.00568763  -0.00334205  -0.00232099
 -0.00334205   0.00286005   0.00379844
 -0.00232099   0.00379844    0.0251058
  0.00609089  -0.00339505  -0.00233325
 -0.00339505   0.00266896   0.00358362
 -0.00233325   0.00358362    0.0264974
   0.0051587  -0.00351305  -0.00378747
 -0.00351305   0.00283414   0.00303022
 -0.00378747   0.00303022    0.0238955
  0.00513649  -0.00377146  -0.00413195
 -0.00377146   0.00329352   0.00354214
 -0.00413195   0.00354214     0.022888
  0.00481691   -0.0037112    -0.005266
  -0.0037112   0.00321154   0.00323002
   -0.005266   0.00323002     0.021713
  0.00555517  -0.00359026  -0.00376302
 -0.00359026   0.00269639   0.00278016
 -0.00376302   0.00278016    0.0237158
  0.00479054  -0.00344442  -0.00485896
 -0.00344442   0.00275425   0.00265519
 -0.00485896   0.00265519    0.0220235
  0.00509403  -0.00350001  -0.00477066
 -0.00350001   0.00264553   0.00243762
 -0.00477066   0.00243762    0.0219835
  0.00508048  -0.00426954  -0.00580823
 -0.00426954   0.00395349   0.00418159
 -0.00580823   0.00418159    0.0211531
  0.00902313  -0.00366605   0.00098593
 -0.00366605   0.00653627   0.00974967
  0.00098593   0.00974967     0.024215
  0.00899533  -0.00291199   0.00143999
 -0.00291199   0.00547882   0.00930528
  0.00143999   0.00930528    0.0252078
  0.00983679  -0.00246327   0.00243298
 -0.00246327   0.00634011    0.0106816
  0.00243298    0.0106816    0.0252287
  0.00979384  -0.00324679   0.00202728
 -0.00324679    0.0076093    0.0111625
  0.00202728    0.0111625     0.024116
  0.00979688  -0.00184793   0.00268141
 -0.00184793   0.00507249   0.00990848
  0.00268141   0.00990848    0.0264832
   0.0101865  -0.00225579   0.00285848
 -0.00225579    0.0072572    0.0116013
  0.00285848    0.0116013    0.0250098
   0.0102011   -0.0016801    0.0029896
  -0.0016801    0.0057226    0.0105741
   0.0029896    0.0105741    0.0263699
   0.0100435  -0.00188049   0.00274595
 -0.00188049   0.00625053    0.0105003
  0.00274595    0.0105003    0.0261604
   0.0100855  -0.00300507   0.00253289
 -0.00300507   0.00877353     0.012234
  0.00253289     0.012234    0.0237837
  0.00998713  -0.00236672   0.00275526
 -0.00236672   0.00801165    0.0118704
  0.00275526    0.0118704    0.0247048
   0.0098638  -0.00301682     0.002534
 -0.00301682   0.00976341    0.0127878
    0.002534    0.0127878     0.023368
   0.0101093     -0.00133   0.00285689
    -0.00133   0.00436287   0.00925798
  0.00285689   0.00925798    0.0277869
   0.0100104  -0.00158486   0.00246184
 -0.00158486   0.00470041   0.00877518
  0.00246184   0.00877518    0.0276405
  0.00987683  -0.00147836    0.0019353
 -0.00147836   0.00348891   0.00683651
   0.0019353   0.00683651    0.0290564
  0.00990567  -0.00120472   0.00249358
 -0.00120472   0.00326955   0.00773479
  0.00249358   0.00773479    0.0291577
  0.00965805   -0.0014579   0.00271045
  -0.0014579   0.00395574   0.00893949
  0.00271045   0.00893949    0.0278199
  0.00942909   -0.0012916   0.00252952
  -0.0012916   0.00302786   0.00780836
  0.00252952   0.00780836    0.0291313
  0.00874291  -0.00187368   0.00198337
 -0.00187368   0.00354243   0.00794532
  0.00198337   0.00794532    0.0275987
  0.00890463  -0.00229849   0.00179562
 -0.00229849    0.0044479    0.0086718
  0.00179562    0.0086718    0.0263511
  0.00853392  -0.00165134   0.00199474
 -0.00165134   0.00278888   0.00713116
  0.00199474   0.00713116     0.028846
   0.0144308  -0.00435704  -0.00350953
 -0.00435704   0.00207617   0.00342801
 -0.00350953   0.00342801    0.0242443
   0.0134121  -0.00367123  -0.00213784
 -0.00367123   0.00189962   0.00439987
 -0.00213784   0.00439987    0.0257332
   0.0112493  -0.00249508 -0.000528259
 -0.00249508   0.00172313    0.0045418
-0.000528259    0.0045418    0.0279874
   0.0107173  -0.00240909  6.76223e-05
 -0.00240909   0.00176875   0.00524989
 6.76223e-05   0.00524989    0.0286097
   0.0134888  -0.00398287  -0.00223525
 -0.00398287   0.00209814   0.00484687
 -0.00223525   0.00484687    0.0255532
  0.00940052  -0.00166411   0.00119009
 -0.00166411   0.00184086   0.00569561
  0.00119009   0.00569561    0.0292724
   0.0104909  -0.00290747 -0.000388678
 -0.00290747   0.00197267   0.00523069
-0.000388678   0.00523069     0.028616
  0.00874408  -0.00198515   0.00097632
 -0.00198515   0.00192044   0.00563749
  0.00097632   0.00563749    0.0295408
  0.00864817  -0.00283702 -0.000176695
 -0.00283702   0.00220965   0.00515365
-0.000176695   0.00515365    0.0298007
   0.0125359  -0.00420866  -0.00241575
 -0.00420866   0.00230326   0.00490557
 -0.00241575   0.00490557    0.0247368
    0.010038  -0.00372274  -0.00169148
 -0.00372274   0.00234528   0.00476386
 -0.00169148   0.00476386    0.0264905
   0.0117424  -0.00482762  -0.00325883
 -0.00482762    0.0027459   0.00468918
 -0.00325883   0.00468918     0.023628
  0.00828539  -0.00160312   0.00178228
 -0.00160312     0.002209   0.00628987
  0.00178228   0.00628987    0.0294217
   0.0077398   -0.0023168  0.000654267
  -0.0023168   0.00227878   0.00548486
 0.000654267   0.00548486    0.0292868
   0.0092079  -0.00133181   0.00203048
 -0.00133181   0.00230267    0.0066634
  0.00203048    0.0066634    0.0295594
  0.00978703  -0.00131173   0.00175096
 -0.00131173   0.00242556   0.00628324
  0.00175096   0.00628324    0.0297102
   0.0101994  -0.00177741  0.000648809
 -0.00177741   0.00188648   0.00510157
 0.000648809   0.00510157    0.0289278
   0.0106967  -0.00216731  -0.00027787
 -0.00216731   0.00203577   0.00381677
 -0.00027787   0.00381677    0.0290095
  0.00993814  -0.00161047  0.000980669
 -0.00161047   0.00258185   0.00510215
 0.000980669   0.00510215    0.0297199
   0.0120961   -0.0030667  -0.00182219
  -0.0030667   0.00186098   0.00329826
 -0.00182219   0.00329826    0.0269678
   0.0110472  -0.00515803  -0.00376283
 -0.00515803   0.00301406   0.00446396
 -0.00376283   0.00446396     0.023155
  0.00951553  -0.00441081  -0.00299223
 -0.00441081    0.0027574   0.00422858
 -0.00299223   0.00422858    0.0244794
  0.00923046  -0.00505883  -0.00448547
 -0.00505883   0.00321733   0.00397463
 -0.00448547   0.00397463    0.0240627
   0.0105934  -0.00553275  -0.00461386
 -0.00553275   0.00336912   0.00437068
 -0.00461386   0.00437068    0.0231451
  0.00791162  -0.00437757  -0.00376268
 -0.00437757   0.00294671   0.00363386
 -0.00376268   0.00363386     0.024676
  0.00817058  -0.00506611  -0.00537748
 -0.00506611   0.00340252   0.00358743
 -0.00537748   0.00358743    0.0232683
  0.00741183  -0.00464636   -0.0050474
 -0.00464636   0.00318638   0.00312321
  -0.0050474   0.00312321    0.0238857
   0.0066602  -0.00439461   -0.0058489
 -0.00439461   0.00311321   0.00281413
  -0.0058489   0.00281413    0.0231616
   0.0090481  -0.00545706  -0.00560618
 -0.00545706   0.00354777   0.00386465
 -0.00560618   0.00386465    0.0215627
  0.00721552  -0.00471055  -0.00607654
 -0.00471055   0.00325713    0.0031556
 -0.00607654    0.0031556    0.0218768
  0.00806703  -0.00522123  -0.00625113
 -0.00522123   0.00355433   0.00369916
 -0.00625113   0.00369916     0.021092
  0.00635771  -0.00399086  -0.00431892
 -0.00399086   0.00282484   0.00291398
 -0.00431892   0.00291398    0.0234906
  0.00554583  -0.00373665  -0.00521627
 -0.00373665   0.00273477   0.00248131
 -0.00521627   0.00248131    0.0221784
  0.00679905  -0.00375992  -0.00287499
 -0.00375992   0.00270317   0.00348266
 -0.00287499   0.00348266     0.025543
  0.00728863  -0.00311094 -0.000964562
 -0.00311094   0.00247245   0.00452746
-0.000964562   0.00452746    0.0289625
  0.00822721  -0.00370357  -0.00202783
 -0.00370357    0.0025547   0.00429112
 -0.00202783   0.00429112    0.0267579
  0.00927741   -0.0032143   0.00219017
  -0.0032143    0.0103536    0.0128111
  0.00219017    0.0128111    0.0230026
  0.00940108  -0.00272448   0.00228662
 -0.00272448   0.00840449    0.0115101
  0.00228662    0.0115101    0.0244493
  0.00867048  -0.00317961   0.00165591
 -0.00317961   0.00833228    0.0106842
  0.00165591    0.0106842    0.0243192
  0.00855955  -0.00349986   0.00167946
 -0.00349986    0.0104436    0.0124136
  0.00167946    0.0124136     0.022767
  0.00874002  -0.00295045   0.00134997
 -0.00295045   0.00640573   0.00847768
  0.00134997   0.00847768    0.0259279
  0.00798862   -0.0035558  0.000987293
  -0.0035558   0.00789531   0.00964483
 0.000987293   0.00964483    0.0243482
  0.00807011  -0.00342618  0.000558204
 -0.00342618   0.00600475   0.00703614
 0.000558204   0.00703614    0.0260352
  0.00754035  -0.00366491 -0.000202679
 -0.00366491   0.00543348   0.00567216
-0.000202679   0.00567216    0.0263028
  0.00787108  -0.00373615   0.00112033
 -0.00373615      0.01012    0.0117778
  0.00112033    0.0117778    0.0226937
   0.0074155  -0.00374313  0.000327564
 -0.00374313   0.00724544   0.00860543
 0.000327564   0.00860543    0.0245158
  0.00728046  -0.00383354  0.000555322
 -0.00383354   0.00952748    0.0110761
 0.000555322    0.0110761    0.0227523
  0.00812873  -0.00332584 -0.000145487
 -0.00332584   0.00466026   0.00418747
-0.000145487   0.00418747    0.0276815
   0.0076392  -0.00357726 -0.000983964
 -0.00357726   0.00430998   0.00253947
-0.000983964   0.00253947    0.0280326
   0.0077209  -0.00347135  -0.00189361
 -0.00347135   0.00386227 -0.000510063
 -0.00189361 -0.000510063     0.029652
  0.00817794  -0.00322349  -0.00101182
 -0.00322349   0.00390547   0.00130568
 -0.00101182   0.00130568    0.0292337
  0.00877982  -0.00279795  0.000762576
 -0.00279795   0.00488099   0.00596624
 0.000762576   0.00596624    0.0275092
  0.00879518  -0.00268671 -1.85937e-05
 -0.00268671   0.00385264   0.00331651
-1.85937e-05   0.00331651    0.0289996
  0.00949074  -0.00213225   0.00168725
 -0.00213225   0.00491579   0.00759367
  0.00168725   0.00759367    0.0275167
  0.00947143  -0.00236314   0.00212996
 -0.00236314   0.00651527   0.00973177
  0.00212996   0.00973177    0.0259853
  0.00943599  -0.00202515   0.00102663
 -0.00202515   0.00371596   0.00526334
  0.00102663   0.00526334     0.028964
    0.006772  -0.00377962  -1.4257e-05
 -0.00377962     0.008774    0.0104621
 -1.4257e-05    0.0104621    0.0228912
  0.00694117  -0.00370502 -0.000350642
 -0.00370502   0.00651064   0.00773198
-0.000350642   0.00773198    0.0247772
  0.00653361  -0.00349439  -0.00105363
 -0.00349439   0.00576976   0.00713242
 -0.00105363   0.00713242    0.0250972
  0.00633959  -0.00359778 -0.000595308
 -0.00359778   0.00799273    0.0100056
-0.000595308    0.0100056    0.0230562
  0.00676726  -0.00334876    -0.001765
 -0.00334876   0.00419811   0.00379781
   -0.001765   0.00379781     0.027111
  0.00618766  -0.00317974  -0.00178726
 -0.00317974   0.00511539   0.00676422
 -0.00178726   0.00676422    0.0254535
  0.00646159  -0.00294473  -0.00259096
 -0.00294473   0.00361064   0.00336127
 -0.00259096   0.00336127     0.027597
  0.00621694  -0.00253305  -0.00334348
 -0.00253305   0.00306782   0.00321172
 -0.00334348   0.00321172     0.027893
  0.00598121   -0.0033388  -0.00119908
  -0.0033388   0.00728058   0.00968763
 -0.00119908   0.00968763    0.0232274
  0.00590897  -0.00284049  -0.00249515
 -0.00284049   0.00454176   0.00662853
 -0.00249515   0.00662853     0.025564
  0.00570448   -0.0030488    -0.001813
  -0.0030488   0.00668246   0.00949852
   -0.001813   0.00949852    0.0234002
  0.00675779  -0.00266379  -0.00351136
 -0.00266379   0.00292936 -0.000160999
 -0.00351136 -0.000160999    0.0295179
  0.00667257  -0.00218251  -0.00424337
 -0.00218251   0.00237806 -0.000237944
 -0.00424337 -0.000237944    0.0295677
  0.00699753  -0.00183927   -0.0050485
 -0.00183927   0.00244718  -0.00343857
  -0.0050485  -0.00343857     0.031333
   0.0070083  -0.00239907  -0.00438223
 -0.00239907   0.00299967  -0.00337129
 -0.00438223  -0.00337129    0.0310976
  0.00700274  -0.00316333  -0.00265198
 -0.00316333   0.00343044   0.00032782
 -0.00265198   0.00032782        0.029
  0.00719218  -0.00296704   -0.0035516
 -0.00296704   0.00344531  -0.00289094
  -0.0035516  -0.00289094     0.030651
  0.00728176  -0.00350427  -0.00181118
 -0.00350427   0.00389636   0.00121375
 -0.00181118   0.00121375    0.0284939
  0.00711487  -0.00362435 -0.000971013
 -0.00362435   0.00481554   0.00455403
-0.000971013   0.00455403     0.026674
  0.00740824  -0.00336667  -0.00272392
 -0.00336667    0.0037223  -0.00194223
 -0.00272392  -0.00194223    0.0301515
   0.0128489  -0.00586191  -0.00821796
 -0.00586191   0.00520103  -0.00275875
 -0.00821796  -0.00275875    0.0243258
    0.013338  -0.00634077  -0.00803105
 -0.00634077   0.00554692  -0.00300387
 -0.00803105  -0.00300387    0.0245094
   0.0104993  -0.00432893  -0.00708037
 -0.00432893   0.00484223  -0.00521912
 -0.00708037  -0.00521912    0.0284094
   0.0108546  -0.00476709  -0.00668429
 -0.00476709   0.00492983  -0.00500099
 -0.00668429  -0.00500099      0.02829
   0.0137978   -0.0065736  -0.00780591
  -0.0065736   0.00547541  -0.00295381
 -0.00780591  -0.00295381    0.0244542
  0.00877332  -0.00356082   -0.0055085
 -0.00356082    0.0044295   -0.0059394
  -0.0055085   -0.0059394    0.0308026
   0.0111951  -0.00493955  -0.00626132
 -0.00493955    0.0046432  -0.00442001
 -0.00626132  -0.00442001    0.0279564
  0.00903543  -0.00388242  -0.00491375
 -0.00388242   0.00430784  -0.00512897
 -0.00491375  -0.00512897    0.0303926
  0.00936079  -0.00391761  -0.00425148
 -0.00391761   0.00392404  -0.00386018
 -0.00425148  -0.00386018    0.0298931
   0.0141371  -0.00655868  -0.00753902
 -0.00655868   0.00506295  -0.00258011
 -0.00753902  -0.00258011    0.0241752
   0.0115088  -0.00487342  -0.00574312
 -0.00487342   0.00408363  -0.00339039
 -0.00574312  -0.00339039    0.0274836
   0.0143822  -0.00634954   -0.0071694
 -0.00634954   0.00441773  -0.00184686
  -0.0071694  -0.00184686    0.0237843
  0.00781406  -0.00335916  -0.00378866
 -0.00335916   0.00388732  -0.00419894
 -0.00378866  -0.00419894    0.0309687
  0.00811091  -0.00346086  -0.00301451
 -0.00346086    0.0037624  -0.00278168
 -0.00301451  -0.00278168    0.0304524
  0.00760831  -0.00296374  -0.00452667
 -0.00296374   0.00380994  -0.00511893
 -0.00452667  -0.00511893     0.031426
  0.00745106  -0.00235552  -0.00526089
 -0.00235552   0.00346214   -0.0055596
 -0.00526089   -0.0055596     0.031752
  0.00854895  -0.00299105  -0.00609155
 -0.00299105    0.0041745  -0.00628156
 -0.00609155  -0.00628156    0.0310065
  0.00853115   -0.0023175  -0.00657485
  -0.0023175   0.00356153  -0.00618966
 -0.00657485  -0.00618966    0.0310598
  0.00759328   -0.0017556   -0.0058476
  -0.0017556    0.0028795  -0.00550771
  -0.0058476  -0.00550771    0.0317545
   0.0103282  -0.00371573  -0.00742565
 -0.00371573   0.00431364  -0.00504505
 -0.00742565  -0.00504505     0.028295
   0.0145858  -0.00600393  -0.00662316
 -0.00600393   0.00368856 -0.000769839
 -0.00662316 -0.000769839    0.0234184
    0.011822  -0.00457442   -0.0050651
 -0.00457442   0.00340916   -0.0019728
  -0.0050651   -0.0019728    0.0270619
   0.0121255  -0.00414904  -0.00419553
 -0.00414904   0.00272078 -0.000216957
 -0.00419553 -0.000216957    0.0267764
   0.0148362  -0.00557512  -0.00583834
 -0.00557512   0.00296289  0.000569429
 -0.00583834  0.000569429    0.0232792
   0.0101912  -0.00319823  -0.00247289
 -0.00319823   0.00280084 -0.000141691
 -0.00247289 -0.000141691    0.0291524
   0.0123183  -0.00363199  -0.00306436
 -0.00363199   0.00218784   0.00160468
 -0.00306436   0.00160468    0.0267092
   0.0105803  -0.00265378  -0.00139123
 -0.00265378   0.00233504   0.00196494
 -0.00139123   0.00196494    0.0290518
   0.0147007   -0.0049429  -0.00472103
  -0.0049429   0.00239437    0.0020614
 -0.00472103    0.0020614    0.0236017
  0.00961314  -0.00211004 -2.34183e-05
 -0.00211004   0.00282406   0.00327464
-2.34183e-05   0.00327464    0.0296644
  0.00908273   -0.0027166  -0.00111987
  -0.0027166   0.00315144   0.00115392
 -0.00111987   0.00115392    0.0297315
  0.00854263  -0.00321131  -0.00214395
 -0.00321131   0.00350315 -0.000953951
 -0.00214395 -0.000953951    0.0300051
  0.00975529  -0.00366287   -0.0034472
 -0.00366287   0.00339258  -0.00216003
  -0.0034472  -0.00216003    0.0294393
  0.00416631  -0.00854533   -0.0032145
 -0.00854533    0.0269957    0.0156965
  -0.0032145    0.0156965    0.0147849
  0.00487359  -0.00842106   -0.0023426
 -0.00842106    0.0256601    0.0153192
  -0.0023426    0.0153192    0.0158093
  0.00494597  -0.00817914  -0.00307329
 -0.00817914     0.020968    0.0140369
 -0.00307329    0.0140369    0.0170274
  0.00577674  -0.00809237  -0.00200641
 -0.00809237    0.0199917    0.0135998
 -0.00200641    0.0135998    0.0178707
  0.00574375  -0.00827082  -0.00136745
 -0.00827082    0.0244182    0.0150605
 -0.00136745    0.0150605     0.016876
  0.00586577  -0.00785499   -0.0027302
 -0.00785499    0.0160102    0.0121868
  -0.0027302    0.0121868    0.0188278
  0.00671183  -0.00801697 -0.000929495
 -0.00801697    0.0192134    0.0133606
