           0            0            0
           0            0            0
           0            0            0
   0.0179861  -0.00170884   0.00166639
 -0.00170884  0.000249694   0.00079774
  0.00166639   0.00079774    0.0135093
   0.0158453  -0.00120887   0.00417973
 -0.00120887  0.000185037  0.000778214
  0.00417973  0.000778214    0.0166427
   0.0135724    -0.000969   0.00645895
   -0.000969   0.00016118  0.000546682
  0.00645895  0.000546682    0.0183119
   0.0130163  -0.00104812   0.00751203
 -0.00104812  0.000177045  0.000284111
  0.00751203  0.000284111     0.018441
   0.0131589  -0.00127091   0.00716152
 -0.00127091  0.000209183  0.000102655
  0.00716152  0.000102655    0.0188824
   0.0114854  -0.00118625   0.00597218
 -0.00118625   0.00019119  7.53247e-06
  0.00597218  7.53247e-06    0.0169366
   0.0120323  -0.00139629   0.00535675
 -0.00139629  0.000220921 -0.000196403
  0.00535675 -0.000196403    0.0182036
   0.0133606  -0.00145159   0.00649046
 -0.00145159  0.000232951 -0.000104675
  0.00649046 -0.000104675    0.0193596
   0.0119518  -0.00148135   0.00408476
 -0.00148135  0.000244311 -0.000476458
  0.00408476 -0.000476458    0.0192581
   0.0134102  -0.00156776   0.00530408
 -0.00156776  0.000253969 -0.000394855
  0.00530408 -0.000394855    0.0204373
   0.0120146  -0.00146505   0.00258454
 -0.00146505  0.000267747  -0.00082047
  0.00258454  -0.00082047    0.0205527
   0.0136445  -0.00166442   0.00481814
 -0.00166442  0.000269019 -0.000619794
  0.00481814 -0.000619794    0.0207436
   0.0264735 -0.000593114   0.00781934
-0.000593114   0.00038438    0.0019505
  0.00781934    0.0019505    0.0161808
   0.0227426 -0.000489178   0.00992014
-0.000489178  0.000497557   0.00238549
  0.00992014   0.00238549    0.0194555
    0.022833 -0.000240218   0.00982683
-0.000240218  0.000419253    0.0023211
  0.00982683    0.0023211    0.0194325
   0.0204679  -0.00015149    0.0115332
 -0.00015149  0.000501978   0.00261235
   0.0115332   0.00261235    0.0219774
   0.0202686 -0.000393946    0.0115455
-0.000393946  0.000578924   0.00265001
   0.0115455   0.00265001    0.0219657
   0.0202417 -8.64939e-05    0.0112672
-8.64939e-05  0.000424282    0.0024189
   0.0112672    0.0024189    0.0218702
   0.0188847 -0.000221221     0.012092
-0.000221221  0.000543983   0.00266163
    0.012092   0.00266163     0.023159
   0.0187286 -0.000145644    0.0118599
-0.000145644  0.000468733   0.00249451
   0.0118599   0.00249451    0.0230475
   0.0183103 -0.000360834    0.0118509
-0.000360834  0.000474623   0.00235146
   0.0118509   0.00235146    0.0233389
   0.0186388 -0.000441715     0.012055
-0.000441715  0.000615473   0.00268091
    0.012055   0.00268091    0.0231377
   0.0184462 -0.000450928    0.0120766
-0.000450928  0.000544117   0.00249178
   0.0120766   0.00249178    0.0234734
   0.0181954 -0.000654175    0.0120233
-0.000654175  0.000610562   0.00250285
   0.0120233   0.00250285    0.0234722
   0.0184303 -0.000242692    0.0115592
-0.000242692  0.000391133   0.00216636
   0.0115592   0.00216636    0.0229455
   0.0180129 -0.000433371     0.011536
-0.000433371  0.000404079   0.00205309
    0.011536   0.00205309    0.0232054
   0.0177837 -0.000632626    0.0113028
-0.000632626  0.000338846   0.00163702
   0.0113028   0.00163702     0.023174
   0.0182199 -0.000466244    0.0113624
-0.000466244  0.000319625   0.00172836
   0.0113624   0.00172836    0.0229576
   0.0199242  -0.00021414    0.0109854
 -0.00021414  0.000347594   0.00207483
   0.0109854   0.00207483    0.0218002
   0.0197517 -0.000469006    0.0108507
-0.000469006   0.00028086   0.00163695
   0.0108507   0.00163695    0.0218633
   0.0222107 -0.000398952   0.00932175
-0.000398952  0.000284637   0.00177274
  0.00932175   0.00177274    0.0193129
   0.0225291 -0.000215604   0.00954777
-0.000215604  0.000347332   0.00211106
  0.00954777   0.00211106    0.0193372
   0.0259649 -0.000496463   0.00738585
-0.000496463  0.000266328    0.0016497
  0.00738585    0.0016497    0.0160589
   0.0220929 -0.000694326   0.00907529
-0.000694326  0.000235795   0.00140008
  0.00907529   0.00140008    0.0194352
   0.0255192 -0.000748362   0.00716909
-0.000748362  0.000226558   0.00136403
  0.00716909   0.00136403    0.0160319
   0.0258103  -0.00114578    0.0067417
 -0.00114578  0.000210485   0.00109599
   0.0067417   0.00109599    0.0162262
   0.0263598  -0.00041057   0.00764034
 -0.00041057  0.000317419    0.0018625
  0.00764034    0.0018625     0.016124
   0.0178976 -0.000945271    0.0114632
-0.000945271  0.000568491   0.00217312
   0.0114632   0.00217312    0.0232684
   0.0181391 -0.000768634    0.0115061
-0.000768634  0.000508685   0.00215738
   0.0115061   0.00215738    0.0232267
    0.017875  -0.00105109    0.0108882
 -0.00105109  0.000451063   0.00171654
   0.0108882   0.00171654    0.0229803
   0.0176347  -0.00119388    0.0108423
 -0.00119388  0.000500634   0.00173737
   0.0108423   0.00173737    0.0230524
   0.0177127 -0.000949651    0.0106393
-0.000949651  0.000398983   0.00161843
   0.0106393   0.00161843    0.0227761
   0.0176398  -0.00128784    0.0102134
 -0.00128784   0.00038181   0.00119273
   0.0102134   0.00119273    0.0227101
   0.0174623  -0.00119117   0.00996132
 -0.00119117  0.000341143   0.00111922
  0.00996132   0.00111922    0.0224786
   0.0172591  -0.00137461   0.00926443
 -0.00137461  0.000285637  0.000568793
  0.00926443  0.000568793    0.0221784
   0.0173896  -0.00139141    0.0101473
 -0.00139141  0.000418402   0.00122052
   0.0101473   0.00122052    0.0228036
   0.0174495   -0.0014649   0.00951032
  -0.0014649  0.000314586  0.000618932
  0.00951032  0.000618932    0.0224329
   0.0171743  -0.00153192   0.00940824
 -0.00153192  0.000339818  0.000656266
  0.00940824  0.000656266    0.0225341
   0.0171182  -0.00117898   0.00958483
 -0.00117898  0.000304303  0.000949193
  0.00958483  0.000949193      0.02223
   0.0168756   -0.0013417   0.00886394
  -0.0013417   0.00026045  0.000449376
  0.00886394  0.000449376    0.0218912
   0.0165858  -0.00139893    0.0085093
 -0.00139893  0.000245099  0.000248706
   0.0085093  0.000248706    0.0216743
   0.0168731  -0.00127339   0.00927452
 -0.00127339  0.000277424  0.000683075
  0.00927452  0.000683075    0.0220679
   0.0173991 -0.000962198    0.0102873
-0.000962198  0.000349965   0.00140009
   0.0102873   0.00140009    0.0225667
   0.0171782  -0.00109441    0.0100132
 -0.00109441  0.000311076   0.00107472
   0.0100132   0.00107472    0.0224539
   0.0177004 -0.000710773     0.010939
-0.000710773  0.000385546   0.00177509
    0.010939   0.00177509    0.0228857
   0.0179929 -0.000668974    0.0112679
-0.000668974  0.000445381   0.00203678
   0.0112679   0.00203678    0.0230557
   0.0174724 -0.000878197    0.0106881
-0.000878197  0.000332349   0.00139883
   0.0106881   0.00139883     0.022819
   0.0148703  -0.00164051   0.00685938
 -0.00164051  0.000259996 -0.000213368
  0.00685938 -0.000213368    0.0210293
    0.014731  -0.00150427   0.00746944
 -0.00150427  0.000250937  3.11113e-05
  0.00746944  3.11113e-05    0.0207341
   0.0163054   -0.0014652   0.00902221
  -0.0014652  0.000268975  0.000318338
  0.00902221  0.000318338    0.0218926
    0.014401  -0.00131119   0.00811904
 -0.00131119  0.000230589  0.000230771
  0.00811904  0.000230771    0.0201063
   0.0163185  -0.00127283   0.00958694
 -0.00127283  0.000259751  0.000561364
  0.00958694  0.000561364    0.0221048
    0.016272   -0.0010308    0.0100316
  -0.0010308   0.00023814  0.000759245
   0.0100316  0.000759245    0.0220751
   0.0144486  -0.00108653     0.008681
 -0.00108653  0.000203169  0.000422038
    0.008681  0.000422038    0.0199885
   0.0173448  -0.00113487    0.0105344
 -0.00113487  0.000295582  0.000936831
   0.0105344  0.000936831    0.0228601
    0.017518 -0.000897846    0.0110902
-0.000897846   0.00028773   0.00114748
   0.0110902   0.00114748     0.023206
   0.0170527  -0.00131937   0.00982846
 -0.00131937  0.000287889  0.000665104
  0.00982846  0.000665104    0.0224445
   0.0167495  -0.00145967    0.0090487
 -0.00145967  0.000268298  0.000339041
   0.0090487  0.000339041    0.0219944
   0.0161201  -0.00159268   0.00836347
 -0.00159268  0.000264136   2.6225e-05
  0.00836347   2.6225e-05    0.0216853
    0.016017   -0.0016819    0.0077303
  -0.0016819  0.000259834 -0.000300717
   0.0077303 -0.000300717    0.0212319
   0.0164358  -0.00154331   0.00823701
 -0.00154331  0.000246369 -2.47441e-05
  0.00823701 -2.47441e-05    0.0215416
   0.0148368  -0.00170953   0.00637026
 -0.00170953  0.000264434  -0.00050609
  0.00637026  -0.00050609    0.0209885
   0.0149161 -0.000945091   0.00826415
-0.000945091  0.000175355  0.000603895
  0.00826415  0.000603895    0.0198946
    0.017001  -0.00109394   0.00664034
 -0.00109394  0.000179063  0.000776833
  0.00664034  0.000776833    0.0186976
   0.0179615 -0.000946844   0.00845432
-0.000946844  0.000188355  0.000894514
  0.00845432  0.000894514    0.0201481
   0.0191691  -0.00145963      0.00389
 -0.00145963  0.000206953  0.000810146
     0.00389  0.000810146    0.0156952
   0.0199932  -0.00131103   0.00553433
 -0.00131103  0.000200862   0.00086371
  0.00553433   0.00086371    0.0168815
   0.0228169  -0.00180292   0.00308398
 -0.00180292  0.000245535  0.000806675
  0.00308398  0.000806675    0.0138082
   0.0210129  -0.00191179    0.0016554
 -0.00191179  0.000264502  0.000816363
   0.0016554  0.000816363    0.0132344
   0.0213559  -0.00100394   0.00785899
 -0.00100394   0.00020356   0.00108102
  0.00785899   0.00108102    0.0188005
   0.0241463  -0.00146397   0.00518484
 -0.00146397  0.000211056    0.0009004
  0.00518484    0.0009004    0.0153436
   0.0191564 -0.000743747    0.0101315
-0.000743747  0.000226538   0.00120943
   0.0101315   0.00120943     0.021486
   0.0177306 -0.000723048    0.0109941
-0.000723048  0.000259857   0.00124552
   0.0109941   0.00124552    0.0228604
    0.016459 -0.000871947   0.00968141
-0.000871947  0.000206941   0.00087161
  0.00968141   0.00087161    0.0215316
   0.0169488  -0.00161555     0.008613
 -0.00161555  0.000274328  5.25722e-05
    0.008613  5.25722e-05    0.0222619
   0.0172998  -0.00158733   0.00876773
 -0.00158733  0.000259741  3.35955e-06
  0.00876773  3.35955e-06    0.0221629
   0.0171815  -0.00162882   0.00798348
 -0.00162882   0.00023969 -0.000647815
  0.00798348 -0.000647815    0.0219155
   0.0167088  -0.00161912   0.00776809
 -0.00161912  0.000247681 -0.000588199
  0.00776809 -0.000588199    0.0220008
   0.0170393  -0.00155387   0.00778288
 -0.00155387  0.000225341  -0.00066616
  0.00778288  -0.00066616    0.0216493
   0.0170234  -0.00159405   0.00716905
 -0.00159405  0.000263228  -0.00131815
  0.00716905  -0.00131815    0.0216797
   0.0169847  -0.00153336   0.00700755
 -0.00153336  0.000250489  -0.00132107
  0.00700755  -0.00132107    0.0214274
   0.0168974  -0.00143727   0.00624429
 -0.00143727  0.000319918  -0.00196421
  0.00624429  -0.00196421    0.0212191
    0.016416  -0.00154622    0.0068983
 -0.00154622   0.00026242  -0.00124878
   0.0068983  -0.00124878    0.0217386
   0.0168085   -0.0014806   0.00636266
  -0.0014806  0.000331249  -0.00197804
  0.00636266  -0.00197804    0.0214411
   0.0160722  -0.00140463   0.00603815
 -0.00140463  0.000325388  -0.00190605
  0.00603815  -0.00190605    0.0214566
   0.0165054  -0.00143814   0.00653983
 -0.00143814  0.000236489  -0.00130949
  0.00653983  -0.00130949    0.0210576
   0.0164778  -0.00133323   0.00577748
 -0.00133323  0.000300673  -0.00191356
  0.00577748  -0.00191356    0.0208514
   0.0159444  -0.00124121   0.00521476
 -0.00124121  0.000285684  -0.00187243
  0.00521476  -0.00187243    0.0204698
    0.016005  -0.00137746   0.00602729
 -0.00137746  0.000229169  -0.00132202
  0.00602729  -0.00132202    0.0207017
   0.0165553   -0.0014736     0.007331
  -0.0014736  0.000212229 -0.000694505
    0.007331 -0.000694505    0.0212958
   0.0161336  -0.00145562   0.00687357
 -0.00145562  0.000209619 -0.000765041
  0.00687357 -0.000765041    0.0209751
   0.0166728  -0.00144643   0.00811132
 -0.00144643  0.000222965  -0.00010058
  0.00811132  -0.00010058    0.0215726
   0.0171046  -0.00150174   0.00853812
 -0.00150174  0.000238629 -2.91958e-05
  0.00853812 -2.91958e-05    0.0218981
    0.016319  -0.00146818   0.00770787
 -0.00146818  0.000216689 -0.000234668
  0.00770787 -0.000234668    0.0213016
   0.0156548  -0.00120175   0.00516496
 -0.00120175  0.000438341  -0.00257894
  0.00516496  -0.00257894    0.0211626
   0.0165287  -0.00130004   0.00552914
 -0.00130004  0.000444783  -0.00264486
  0.00552914  -0.00264486    0.0211979
    0.016218  -0.00101676   0.00464448
 -0.00101676  0.000629842  -0.00333474
  0.00464448  -0.00333474    0.0209658
   0.0151971 -0.000903824   0.00426535
-0.000903824  0.000633186  -0.00328689
  0.00426535  -0.00328689    0.0208789
   0.0166269 -0.000994837   0.00461754
-0.000994837   0.00060218  -0.00327455
  0.00461754  -0.00327455    0.0208573
   0.0158201 -0.000636845   0.00372102
-0.000636845  0.000889713   -0.0040484
  0.00372102   -0.0040484    0.0207676
   0.0164336  -0.00062674   0.00371983
 -0.00062674  0.000838452  -0.00395488
  0.00371983  -0.00395488    0.0207296
   0.0161269 -0.000164564   0.00280707
-0.000164564    0.0011415  -0.00462877
  0.00280707  -0.00462877    0.0206385
    0.014672 -0.000506946   0.00337156
-0.000506946   0.00091029  -0.00402749
  0.00337156  -0.00402749    0.0206303
   0.0153065 -0.000158136   0.00280719
-0.000158136   0.00122515  -0.00476161
  0.00280719  -0.00476161    0.0206043
   0.0140833 -1.48537e-05   0.00251616
-1.48537e-05   0.00127626  -0.00478019
  0.00251616  -0.00478019    0.0204254
   0.0163845 -0.000513398   0.00328078
-0.000513398  0.000770196  -0.00378131
  0.00328078  -0.00378131    0.0204807
   0.0163051 -5.60182e-05   0.00238401
-5.60182e-05   0.00103573  -0.00440571
  0.00238401  -0.00440571    0.0204616
   0.0160331  9.59178e-05   0.00167975
 9.59178e-05  0.000929124  -0.00414862
  0.00167975  -0.00414862    0.0201482
   0.0159659 -0.000368835   0.00260082
-0.000368835  0.000699263  -0.00358114
  0.00260082  -0.00358114     0.020121
   0.0164094 -0.000881118   0.00416424
-0.000881118  0.000558237   -0.0031453
  0.00416424   -0.0031453    0.0205496
   0.0159235 -0.000751513   0.00351591
-0.000751513   0.00051436  -0.00299964
  0.00351591  -0.00299964    0.0201626
   0.0164266  -0.00115977   0.00499431
 -0.00115977  0.000401313  -0.00252152
  0.00499431  -0.00252152    0.0206787
   0.0167607  -0.00126896   0.00546083
 -0.00126896  0.000428028  -0.00261047
  0.00546083  -0.00261047    0.0210274
   0.0159029  -0.00104634   0.00439155
 -0.00104634  0.000374672  -0.00242776
  0.00439155  -0.00242776    0.0202865
   0.0154118  0.000399395  -0.00127035
 0.000399395  0.000623438  -0.00333432
 -0.00127035  -0.00333432     0.019077
   0.0151222 -0.000123144 -0.000127974
-0.000123144  0.000511965  -0.00298741
-0.000127974  -0.00298741    0.0189638
   0.0152147 -0.000122004  0.000564548
-0.000122004  0.000544745  -0.00310636
 0.000564548  -0.00310636    0.0192144
   0.0150787 -0.000571972    0.0016588
-0.000571972  0.000434065  -0.00269434
   0.0016588  -0.00269434    0.0192352
   0.0149839 -0.000618563   0.00100369
-0.000618563  0.000431555  -0.00263168
  0.00100369  -0.00263168    0.0189644
   0.0152522 -0.000588483    0.0022806
-0.000588483  0.000451438  -0.00277355
   0.0022806  -0.00277355    0.0195099
   0.0150696 -0.000976884   0.00270288
-0.000976884  0.000357616  -0.00229926
  0.00270288  -0.00229926    0.0193788
   0.0152363 -0.000943815   0.00327981
-0.000943815   0.00034969  -0.00231726
  0.00327981  -0.00231726    0.0196562
   0.0153681  -0.00122379    0.0042279
 -0.00122379  0.000292329   -0.0018827
   0.0042279   -0.0018827     0.019881
   0.0148446   -0.0010579   0.00202266
  -0.0010579  0.000376872  -0.00228977
  0.00202266  -0.00228977    0.0190575
   0.0151957  -0.00131287   0.00369828
 -0.00131287  0.000319208  -0.00193434
  0.00369828  -0.00193434    0.0196105
   0.0146006  -0.00137443   0.00287012
 -0.00137443  0.000346256  -0.00195366
  0.00287012  -0.00195366    0.0191148
   0.0154717 -0.000970908   0.00380868
-0.000970908  0.000357041  -0.00235971
  0.00380868  -0.00235971    0.0199403
   0.0155575  -0.00120186   0.00469849
 -0.00120186  0.000281062  -0.00186239
  0.00469849  -0.00186239     0.020149
   0.0154946 -0.000651965   0.00286951
-0.000651965  0.000477288  -0.00287317
  0.00286951  -0.00287317    0.0198036
   0.0155567 -0.000249541   0.00187772
-0.000249541  0.000637125  -0.00339645
  0.00187772  -0.00339645    0.0197634
   0.0153542 -0.000168204   0.00122573
-0.000168204  0.000585978  -0.00323967
  0.00122573  -0.00323967    0.0194714
    0.015486  0.000323485  0.000152161
 0.000323485  0.000753343  -0.00369175
 0.000152161  -0.00369175    0.0195262
   0.0156519  0.000231985  0.000885972
 0.000231985  0.000833709  -0.00390412
 0.000885972  -0.00390412    0.0198091
   0.0154394  0.000377495  -0.00054875
 0.000377495  0.000683913  -0.00350484
 -0.00054875  -0.00350484    0.0192944
   0.0140644  -0.00155244    0.0033952
 -0.00155244  0.000318437   -0.0016159
   0.0033952   -0.0016159    0.0192994
   0.0152332   -0.0015731   0.00460327
  -0.0015731  0.000297218  -0.00158053
  0.00460327  -0.00158053     0.019872
   0.0150603  -0.00171465   0.00538774
 -0.00171465  0.000282215  -0.00120503
  0.00538774  -0.00120503    0.0200586
   0.0136186  -0.00162529   0.00362505
 -0.00162529  0.000296678  -0.00127661
  0.00362505  -0.00127661    0.0200684
   0.0157328  -0.00163276   0.00611818
 -0.00163276   0.00024985  -0.00105598
  0.00611818  -0.00105598    0.0205195
   0.0148229  -0.00174519   0.00598644
 -0.00174519   0.00026934 -0.000833964
  0.00598644 -0.000833964    0.0203042
   0.0158691  -0.00170861    0.0069801
 -0.00170861  0.000250272 -0.000665767
   0.0069801 -0.000665767    0.0208955
   0.0135654  -0.00166748   0.00407988
 -0.00166748  0.000279517 -0.000946582
  0.00407988 -0.000946582    0.0208541
   0.0161247  -0.00157035   0.00738125
 -0.00157035  0.000224816 -0.000432303
  0.00738125 -0.000432303    0.0211087
   0.0158866  -0.00151576   0.00649194
 -0.00151576  0.000219469 -0.000888113
  0.00649194 -0.000888113    0.0207316
   0.0156968  -0.00138837   0.00557925
 -0.00138837  0.000235352  -0.00137473
  0.00557925  -0.00137473    0.0204132
   0.0155364  -0.00146167     0.005164
 -0.00146167  0.000258693  -0.00146622
    0.005164  -0.00146622    0.0201707
   0.0124349  -0.00153416   0.00227796
 -0.00153416  0.000284155  -0.00103758
  0.00227796  -0.00103758    0.0211443
   0.0127466  -0.00153272   0.00197677
 -0.00153272  0.000302562  -0.00133636
  0.00197677  -0.00133636    0.0208661
   0.0112789  -0.00130043  0.000144055
 -0.00130043  0.000292261  -0.00127935
 0.000144055  -0.00127935    0.0206832
   0.0128657  -0.00143378   0.00145912
 -0.00143378  0.000325862  -0.00164975
  0.00145912  -0.00164975    0.0202019
    0.011813  -0.00130907  -0.00014148
 -0.00130907  0.000321209  -0.00161634
 -0.00014148  -0.00161634    0.0207951
   0.0124422  -0.00122127 -0.000285602
 -0.00122127  0.000355664  -0.00191913
-0.000285602  -0.00191913    0.0201836
    0.013359  -0.00129434   0.00121414
 -0.00129434  0.000351656  -0.00192914
  0.00121414  -0.00192914    0.0193322
   0.0111519   -0.0010019  -0.00188682
  -0.0010019  0.000319133  -0.00174915
 -0.00188682  -0.00174915    0.0205481
   0.0139725  -0.00107461  0.000964216
 -0.00107461  0.000381961  -0.00220791
 0.000964216  -0.00220791    0.0185371
   0.0146399 -0.000686149  0.000186493
-0.000686149  0.000426459  -0.00253891
 0.000186493  -0.00253891    0.0186006
   0.0137881 -0.000675207  -0.00111981
-0.000675207  0.000412011   -0.0024283
 -0.00111981   -0.0024283    0.0187967
   0.0151109 -0.000187603 -0.000855211
-0.000187603  0.000485285   -0.0028589
-0.000855211   -0.0028589    0.0187016
   0.0147489 -0.000228792  -0.00185593
-0.000228792  0.000453813  -0.00271196
 -0.00185593  -0.00271196    0.0186782
   0.0155503  0.000293568  -0.00279725
 0.000293568  0.000512489  -0.00295983
 -0.00279725  -0.00295983    0.0186958
    0.015417  0.000376714  -0.00203244
 0.000376714  0.000565499  -0.00315435
 -0.00203244  -0.00315435    0.0188427
   0.0137522  -0.00022636  -0.00302858
 -0.00022636  0.000408083   -0.0025029
 -0.00302858   -0.0025029    0.0187579
   0.0151059  0.000251673  -0.00380321
 0.000251673  0.000448652  -0.00273508
 -0.00380321  -0.00273508    0.0187634
   0.0140285  0.000166346   -0.0045021
 0.000166346  0.000381426  -0.00244628
  -0.0045021  -0.00244628    0.0185317
   0.0129611  -0.00022103  -0.00387315
 -0.00022103    0.0003654  -0.00232701
 -0.00387315  -0.00232701    0.0192271
   0.0130008 -0.000603822  -0.00237917
-0.000603822  0.000386262  -0.00232962
 -0.00237917  -0.00232962    0.0194419
   0.0118708 -0.000602457  -0.00332735
-0.000602457  0.000351291  -0.00213614
 -0.00332735  -0.00213614     0.020568
   0.0120651 -0.000915911  -0.00206805
-0.000915911  0.000356084  -0.00206033
 -0.00206805  -0.00206033    0.0202273
   0.0130697 -0.000996353 -0.000717556
-0.000996353  0.000377115  -0.00217359
-0.000717556  -0.00217359    0.0195621
   0.0121332  -0.00018719  -0.00452983
 -0.00018719  0.000335633  -0.00221384
 -0.00452983  -0.00221384    0.0196819
   0.0130079  0.000134794  -0.00493519
 0.000134794  0.000321119  -0.00215969
 -0.00493519  -0.00215969    0.0178813
  0.00794998  -0.00529127   -0.0013756
 -0.00529127   0.00443532   0.00396699
  -0.0013756   0.00396699    0.0227721
  0.00779672    -0.005565  -0.00116208
   -0.005565   0.00465754   0.00336629
 -0.00116208   0.00336629    0.0228864
   0.0076438  -0.00494514 -0.000622679
 -0.00494514   0.00366979   0.00202102
-0.000622679   0.00202102    0.0232312
  0.00762526  -0.00520162 -0.000403255
 -0.00520162   0.00389966   0.00172929
-0.000403255   0.00172929    0.0234208
   0.0077673  -0.00577487 -0.000876478
 -0.00577487   0.00481855   0.00298915
-0.000876478   0.00298915    0.0230046
  0.00745151  -0.00465654  9.67866e-05
 -0.00465654   0.00311505  0.000653977
 9.67866e-05  0.000653977    0.0237944
  0.00772139  -0.00535331 -0.000113845
 -0.00535331   0.00400703   0.00174242
-0.000113845   0.00174242    0.0236151
  0.00755715  -0.00483809  0.000329895
 -0.00483809   0.00325675  0.000718879
 0.000329895  0.000718879    0.0240551
  0.00775867  -0.00494095  0.000623957
 -0.00494095   0.00334176   0.00100906
 0.000623957   0.00100906    0.0243025
  0.00785045  -0.00588298 -0.000526428
 -0.00588298   0.00487683   0.00291276
-0.000526428   0.00291276    0.0231299
  0.00790744  -0.00542497  0.000237146
 -0.00542497   0.00407288   0.00198295
 0.000237146   0.00198295     0.023795
   0.0080187  -0.00592271 -0.000126845
 -0.00592271   0.00492864   0.00307686
-0.000126845   0.00307686    0.0232491
  0.00739154  -0.00440532  0.000735433
 -0.00440532   0.00269059  5.99425e-06
 0.000735433  5.99425e-06    0.0244387
  0.00759408    -0.004519  0.000985351
   -0.004519   0.00277897  0.000297034
 0.000985351  0.000297034    0.0247496
  0.00745007  -0.00420913    0.0013072
 -0.00420913   0.00243021  -0.00017854
   0.0013072  -0.00017854    0.0251452
   0.0077033  -0.00431584  0.000925448
 -0.00431584    0.0024551 -0.000359642
 0.000925448 -0.000359642    0.0249109
  0.00755421  -0.00434366  0.000435763
 -0.00434366   0.00258433 -2.22354e-05
 0.000435763 -2.22354e-05     0.024211
  0.00814354  -0.00436394  0.000625228
 -0.00436394   0.00240062 -0.000366984
 0.000625228 -0.000366984    0.0246454
  0.00777991  -0.00413735  0.000279415
 -0.00413735   0.00233753   0.00019728
 0.000279415   0.00019728    0.0239359
  0.00755295   -0.0044155 -0.000120592
  -0.0044155   0.00286542  0.000913273
-0.000120592  0.000913273    0.0235818
  0.00771591  -0.00407639 -0.000190248
 -0.00407639    0.0025323   0.00135664
-0.000190248   0.00135664     0.023321
  0.00844927  -0.00415339  0.000400394
 -0.00415339    0.0021427 -6.18419e-05
 0.000400394 -6.18419e-05    0.0228739
  0.00794036  -0.00378321  0.000228908
 -0.00378321   0.00199063  0.000627493
 0.000228908  0.000627493    0.0230657
  0.00851617  -0.00379257  0.000376517
 -0.00379257   0.00182396  0.000334763
 0.000376517  0.000334763    0.0222018
  0.00779453  -0.00462578 -0.000759276
 -0.00462578   0.00337052    0.0025311
-0.000759276    0.0025311    0.0230392
  0.00825068  -0.00588696  0.000294866
 -0.00588696   0.00495324   0.00344984
 0.000294866   0.00344984     0.023326
   0.0081624  -0.00542017  0.000613988
 -0.00542017   0.00409666   0.00241454
 0.000613988   0.00241454    0.0239358
  0.00844348  -0.00533673  0.000972502
 -0.00533673   0.00411425   0.00297969
 0.000972502   0.00297969     0.024011
  0.00850365  -0.00576896  0.000690264
 -0.00576896   0.00498225   0.00398416
 0.000690264   0.00398416    0.0233333
    0.008331  -0.00491155   0.00126628
 -0.00491155   0.00336625   0.00203847
  0.00126628   0.00203847    0.0246614
  0.00867371   -0.0051451   0.00124274
  -0.0051451   0.00410295   0.00368495
  0.00124274   0.00368495    0.0240272
  0.00859414  -0.00476259   0.00150072
 -0.00476259   0.00333692   0.00271676
  0.00150072   0.00271676    0.0247537
  0.00874023  -0.00453817   0.00160387
 -0.00453817   0.00329431   0.00340484
  0.00160387   0.00340484     0.024794
  0.00869558  -0.00553075  0.000992474
 -0.00553075   0.00499375    0.0046785
 0.000992474    0.0046785    0.0232806
  0.00877531  -0.00486745   0.00137961
 -0.00486745    0.0040831   0.00441508
  0.00137961   0.00441508    0.0239952
  0.00875832  -0.00520827   0.00115511
 -0.00520827   0.00500587   0.00542547
  0.00115511   0.00542547    0.0231814
  0.00847215  -0.00442926   0.00173055
 -0.00442926   0.00275522   0.00189587
  0.00173055   0.00189587    0.0254347
  0.00865205  -0.00425004    0.0018057
 -0.00425004   0.00269741   0.00249707
   0.0018057   0.00249707    0.0255464
  0.00853196  -0.00403274   0.00198454
 -0.00403274   0.00229982   0.00170805
  0.00198454   0.00170805    0.0262381
  0.00832808  -0.00417508   0.00193766
 -0.00417508   0.00236951   0.00121094
  0.00193766   0.00121094    0.0260578
  0.00818701   -0.0045425    0.0015333
  -0.0045425   0.00279686   0.00128039
   0.0015333   0.00128039    0.0252627
  0.00803446  -0.00425813   0.00177502
 -0.00425813   0.00242573  0.000685613
  0.00177502  0.000685613    0.0258091
  0.00787603  -0.00456594   0.00126459
 -0.00456594   0.00280327  0.000746547
  0.00126459  0.000746547    0.0250308
  0.00802893  -0.00496263  0.000951765
 -0.00496263   0.00336249   0.00146954
 0.000951765   0.00146954      0.02451
  0.00772208  -0.00425905   0.00154937
 -0.00425905   0.00244086  0.000220455
  0.00154937  0.000220455    0.0254972
   0.0127839  -0.00651348 -0.000580453
 -0.00651348   0.00341553   0.00120191
-0.000580453   0.00120191    0.0202884
   0.0116356  -0.00608609  5.17139e-05
 -0.00608609   0.00326086  0.000883478
 5.17139e-05  0.000883478    0.0213837
  0.00979427  -0.00489352  0.000985293
 -0.00489352   0.00252587  0.000505488
 0.000985293  0.000505488    0.0236248
  0.00934606  -0.00484158   0.00118121
 -0.00484158   0.00256885  0.000267947
  0.00118121  0.000267947    0.0238876
   0.0118142  -0.00634572 -9.25083e-05
 -0.00634572   0.00348172  0.000925161
-9.25083e-05  0.000925161    0.0209896
  0.00816538  -0.00417184   0.00160912
 -0.00417184   0.00220121  0.000137649
  0.00160912  0.000137649    0.0248683
  0.00959194  -0.00506253   0.00102682
 -0.00506253   0.00272653  0.000194579
  0.00102682  0.000194579    0.0237352
   0.0080308  -0.00419804   0.00154721
 -0.00419804   0.00224035 -0.000122764
  0.00154721 -0.000122764    0.0249607
  0.00878646  -0.00463987   0.00121834
 -0.00463987   0.00249156 -0.000254136
  0.00121834 -0.000254136    0.0251716
   0.0114682  -0.00625693 -0.000184637
 -0.00625693   0.00348862  0.000952909
-0.000184637  0.000952909    0.0201167
   0.0100693  -0.00535976  0.000411551
 -0.00535976   0.00291664  0.000349329
 0.000411551  0.000349329    0.0218007
   0.0117235  -0.00642301 -0.000492419
 -0.00642301   0.00361181   0.00109397
-0.000492419   0.00109397    0.0191175
  0.00754825  -0.00401853    0.0017273
 -0.00401853   0.00219877 -9.85764e-05
   0.0017273 -9.85764e-05     0.025413
  0.00785358  -0.00424666   0.00140081
 -0.00424666   0.00233478 -0.000349492
  0.00140081 -0.000349492    0.0253658
  0.00792577   -0.0040779   0.00181198
  -0.0040779   0.00220468  0.000305826
  0.00181198  0.000305826    0.0256065
  0.00831419  -0.00406409   0.00187667
 -0.00406409   0.00215867  0.000740693
  0.00187667  0.000740693    0.0259772
  0.00880046  -0.00430201   0.00150774
 -0.00430201   0.00221003  0.000491596
  0.00150774  0.000491596    0.0248048
  0.00942838  -0.00438431   0.00139424
 -0.00438431    0.0021876  0.000822633
  0.00139424  0.000822633    0.0251687
  0.00862544   -0.0039959   0.00183651
  -0.0039959   0.00209675   0.00116079
  0.00183651   0.00116079    0.0262672
   0.0107538  -0.00518079  0.000534238
 -0.00518079   0.00260043  0.000846946
 0.000534238  0.000846946    0.0229741
   0.0118631  -0.00643348 -0.000552927
 -0.00643348    0.0035963   0.00109438
-0.000552927   0.00109438    0.0186652
   0.0107173  -0.00558059 -7.45696e-05
 -0.00558059   0.00298706  0.000481714
-7.45696e-05  0.000481714    0.0201387
      0.0117  -0.00581941 -0.000455839
 -0.00581941   0.00302251  0.000780126
-0.000455839  0.000780126     0.019837
    0.012424  -0.00651254 -0.000736966
 -0.00651254   0.00355686   0.00125428
-0.000736966   0.00125428    0.0187028
   0.0105184  -0.00511919  4.64143e-05
 -0.00511919   0.00259919  0.000264964
 4.64143e-05  0.000264964    0.0211999
   0.0121114  -0.00544614 -0.000282325
 -0.00544614    0.0026658   0.00100317
-0.000282325   0.00100317    0.0197134
    0.011336  -0.00504294   2.1265e-05
 -0.00504294   0.00238623  0.000395634
  2.1265e-05  0.000395634    0.0211049
   0.0112707  -0.00455806  0.000117673
 -0.00455806   0.00201168  0.000572174
 0.000117673  0.000572174    0.0215531
   0.0124787  -0.00593194 -0.000680453
 -0.00593194   0.00307944   0.00153781
-0.000680453   0.00153781    0.0177838
   0.0120195  -0.00478789 -0.000105621
 -0.00478789   0.00216636   0.00117631
-0.000105621   0.00117631    0.0193037
    0.012725  -0.00539138 -0.000427266
 -0.00539138   0.00268557   0.00188551
-0.000427266   0.00188551    0.0180334
  0.00965979  -0.00444598  0.000173173
 -0.00444598   0.00216204   0.00012922
 0.000173173   0.00012922    0.0216512
  0.00949125  -0.00392259  0.000339438
 -0.00392259   0.00176464   0.00040201
 0.000339438   0.00040201    0.0217137
  0.00912861  -0.00459486  0.000411569
 -0.00459486   0.00238253 -0.000196098
 0.000411569 -0.000196098    0.0228109
  0.00846873  -0.00450213  0.000996095
 -0.00450213   0.00242972 -0.000450156
 0.000996095 -0.000450156    0.0253741
  0.00952929  -0.00490915  0.000434813
 -0.00490915   0.00258297 -4.65221e-05
 0.000434813 -4.65221e-05    0.0226108
    0.008662   -0.0048592   0.00117111
  -0.0048592   0.00500745   0.00611976
  0.00117111   0.00611976    0.0230461
   0.0087208  -0.00456141   0.00136519
 -0.00456141   0.00404982   0.00507454
  0.00136519   0.00507454    0.0239224
  0.00852731  -0.00427948   0.00122599
 -0.00427948   0.00402793   0.00558923
  0.00122599   0.00558923    0.0238168
  0.00843872  -0.00454506   0.00106589
 -0.00454506   0.00503486   0.00668529
  0.00106589   0.00668529    0.0228868
  0.00856448  -0.00403544   0.00137909
 -0.00403544   0.00318342   0.00446228
  0.00137909   0.00446228     0.024729
  0.00824222  -0.00403404  0.000999081
 -0.00403404   0.00401047    0.0059771
 0.000999081    0.0059771    0.0237067
   0.0083058  -0.00381875   0.00111415
 -0.00381875   0.00312627   0.00478274
  0.00111415   0.00478274    0.0246625
  0.00799469  -0.00361482  0.000802186
 -0.00361482   0.00306891   0.00501411
 0.000802186   0.00501411    0.0246045
  0.00813035  -0.00426604  0.000876732
 -0.00426604   0.00506252   0.00712378
 0.000876732   0.00712378    0.0227301
  0.00790743  -0.00380233  0.000725447
 -0.00380233   0.00398504    0.0062681
 0.000725447    0.0062681     0.023606
  0.00778974  -0.00400583  0.000637174
 -0.00400583   0.00507926   0.00747013
 0.000637174   0.00747013    0.0225838
   0.0083245   -0.0036462    0.0012087
  -0.0036462   0.00246449   0.00364249
   0.0012087   0.00364249    0.0255591
  0.00803797  -0.00346418   0.00086336
 -0.00346418   0.00238517    0.0037963
  0.00086336    0.0037963    0.0255304
  0.00804106   -0.0033629   0.00092142
  -0.0033629   0.00194313   0.00267017
  0.00092142   0.00267017    0.0263747
  0.00830261  -0.00352524   0.00129808
 -0.00352524   0.00203055    0.0025821
  0.00129808    0.0025821     0.026382
  0.00855466  -0.00383513   0.00151134
 -0.00383513   0.00255094   0.00339563
  0.00151134   0.00339563    0.0255884
  0.00850425  -0.00368806   0.00163542
 -0.00368806   0.00212556   0.00240959
  0.00163542   0.00240959    0.0263785
  0.00868124  -0.00404044    0.0017266
 -0.00404044   0.00262504   0.00301726
   0.0017266   0.00301726    0.0255938
  0.00872374  -0.00427885     0.001557
 -0.00427885   0.00323706   0.00400835
    0.001557   0.00400835    0.0247818
  0.00859216  -0.00385859   0.00188194
 -0.00385859   0.00221027   0.00211981
  0.00188194   0.00211981     0.026341
  0.00743842  -0.00375661   0.00035827
 -0.00375661   0.00506818   0.00777547
  0.00035827   0.00777547    0.0224336
  0.00755965  -0.00356795   0.00041118
 -0.00356795   0.00393269   0.00652411
  0.00041118   0.00652411    0.0235012
  0.00721083  -0.00333225  6.22684e-05
 -0.00333225    0.0038737   0.00677815
 6.22684e-05   0.00677815    0.0233849
  0.00709337  -0.00351662   4.9237e-05
 -0.00351662   0.00505599    0.0080689
  4.9237e-05    0.0080689    0.0222728
  0.00730687  -0.00316468  6.81115e-05
 -0.00316468   0.00289621   0.00541392
 6.81115e-05   0.00541392    0.0244528
  0.00687103  -0.00311571 -0.000315535
 -0.00311571   0.00382303    0.0070184
-0.000315535    0.0070184    0.0232659
   0.0069644  -0.00293925 -0.000348072
 -0.00293925   0.00280314   0.00561444
-0.000348072   0.00561444    0.0243585
  0.00667921  -0.00273559 -0.000732167
 -0.00273559   0.00271984   0.00579993
-0.000732167   0.00579993    0.0240951
  0.00676199  -0.00329908 -0.000281505
 -0.00329908   0.00504989    0.0083344
-0.000281505    0.0083344    0.0221104
  0.00655885  -0.00291574 -0.000702425
 -0.00291574   0.00377928   0.00722866
-0.000702425   0.00722866    0.0229421
  0.00645793  -0.00309735 -0.000613079
 -0.00309735   0.00505173   0.00858047
-0.000613079   0.00858047    0.0219581
  0.00703941  -0.00280136 -0.000389006
 -0.00280136    0.0020474   0.00423024
-0.000389006   0.00423024    0.0253379
   0.0069004  -0.00261031 -0.000793444
 -0.00261031   0.00193631   0.00438241
-0.000793444   0.00438241    0.0248642
  0.00699128  -0.00250421 -0.000788062
 -0.00250421   0.00143302   0.00309828
-0.000788062   0.00309828    0.0259199
  0.00709062  -0.00271261 -0.000415548
 -0.00271261   0.00156486   0.00294937
-0.000415548   0.00294937    0.0261753
  0.00738029   -0.0030373  5.88851e-05
  -0.0030373   0.00217127   0.00407172
 5.88851e-05   0.00407172    0.0254256
   0.0074215  -0.00295476   6.0141e-05
 -0.00295476   0.00170625   0.00282846
  6.0141e-05   0.00282846      0.02628
  0.00771835  -0.00326533  0.000478278
 -0.00326533   0.00228625    0.0039239
 0.000478278    0.0039239    0.0254917
   0.0076527  -0.00339801  0.000453468
 -0.00339801   0.00298961   0.00520938
 0.000453468   0.00520938    0.0245379
  0.00774027  -0.00317747   0.00050956
 -0.00317747   0.00183292    0.0027341
  0.00050956    0.0027341    0.0263468
   0.0128607  -0.00489572  -0.00404723
 -0.00489572   0.00190172   0.00159332
 -0.00404723   0.00159332    0.0197967
    0.013241  -0.00522929  -0.00362117
 -0.00522929   0.00209204   0.00150346
 -0.00362117   0.00150346    0.0198953
   0.0104216  -0.00398694   -0.0023288
 -0.00398694   0.00157724   0.00123881
  -0.0023288   0.00123881    0.0231801
   0.0107564  -0.00425299  -0.00187855
 -0.00425299   0.00173434   0.00119292
 -0.00187855   0.00119292    0.0232558
   0.0135544  -0.00553526  -0.00319256
 -0.00553526   0.00229648   0.00143619
 -0.00319256   0.00143619    0.0199334
  0.00879594  -0.00342658 -0.000751783
 -0.00342658   0.00146542   0.00127707
-0.000751783   0.00127707    0.0256135
   0.0110222  -0.00448978  -0.00144538
 -0.00448978   0.00189064    0.0011506
 -0.00144538    0.0011506    0.0232774
  0.00908522  -0.00363746  -0.00030584
 -0.00363746   0.00159065   0.00124888
 -0.00030584   0.00124888    0.0256564
  0.00933959  -0.00382897  0.000131656
 -0.00382897   0.00172256   0.00123414
 0.000131656   0.00123414    0.0256604
   0.0137653   -0.0058206  -0.00277395
  -0.0058206   0.00250499   0.00139801
 -0.00277395   0.00139801    0.0199062
   0.0112261  -0.00471386  -0.00101406
 -0.00471386   0.00205551   0.00115387
 -0.00101406   0.00115387    0.0232417
   0.0139196  -0.00607671  -0.00235344
 -0.00607671   0.00270563   0.00140539
 -0.00235344   0.00140539    0.0198385
    0.007995  -0.00322425  0.000265276
 -0.00322425   0.00158592   0.00181936
 0.000265276   0.00181936    0.0265453
  0.00827253  -0.00340377  0.000692734
 -0.00340377   0.00170262    0.0017959
 0.000692734    0.0017959    0.0265585
  0.00769033  -0.00301268  -0.00018943
 -0.00301268   0.00146303   0.00186879
 -0.00018943   0.00186879    0.0264841
  0.00737111  -0.00276416 -0.000675879
 -0.00276416   0.00131435   0.00195001
-0.000675879   0.00195001    0.0263658
  0.00846635  -0.00317576  -0.00122785
 -0.00317576   0.00131934   0.00133293
 -0.00122785   0.00133293     0.025503
  0.00832199  -0.00290816  -0.00165034
 -0.00290816   0.00114573   0.00145523
 -0.00165034   0.00145523    0.0253761
  0.00739525  -0.00256414  -0.00108454
 -0.00256414   0.00116998   0.00208687
 -0.00108454   0.00208687    0.0260501
   0.0102157  -0.00370706  -0.00276376
 -0.00370706   0.00140517   0.00133972
 -0.00276376   0.00133972    0.0230467
   0.0139988  -0.00631119    -0.001938
 -0.00631119   0.00290588   0.00144207
   -0.001938   0.00144207    0.0197335
   0.0113777  -0.00489696 -0.000600589
 -0.00489696   0.00219803    0.0011766
-0.000600589    0.0011766    0.0231712
   0.0114352  -0.00507025 -0.000227863
 -0.00507025    0.0023538   0.00118772
-0.000227863   0.00118772    0.0230532
   0.0139896  -0.00655483  -0.00150441
 -0.00655483   0.00315799   0.00142479
 -0.00150441   0.00142479    0.0197065
  0.00966069  -0.00413978   0.00091692
 -0.00413978   0.00195523   0.00119716
  0.00091692   0.00119716    0.0255518
    0.011299  -0.00520585  0.000174195
 -0.00520585   0.00251324   0.00105547
 0.000174195   0.00105547    0.0229575
  0.00965924  -0.00427795   0.00118796
 -0.00427795   0.00206743   0.00108225
  0.00118796   0.00108225    0.0254205
   0.0134805  -0.00656906  -0.00103387
 -0.00656906    0.0032977   0.00134821
 -0.00103387   0.00134821     0.019927
  0.00872036  -0.00384268   0.00171266
 -0.00384268   0.00198879   0.00146899
  0.00171266   0.00146899     0.026429
  0.00866836  -0.00369897   0.00145277
 -0.00369897   0.00189898   0.00166246
  0.00145277   0.00166246    0.0265105
  0.00850597  -0.00355317   0.00109317
 -0.00355317   0.00179852   0.00175577
  0.00109317   0.00175577    0.0265474
  0.00953689  -0.00399787  0.000550233
 -0.00399787   0.00184508   0.00122928
 0.000550233   0.00122928    0.0256254
  0.00596347   -0.0082698  -0.00067601
  -0.0082698    0.0244033    0.0138688
 -0.00067601    0.0138688    0.0155237
  0.00611248  -0.00818304 -0.000243501
 -0.00818304    0.0232441    0.0130637
-0.000243501    0.0130637    0.0156716
  0.00645749  -0.00824329 -0.000761684
 -0.00824329    0.0197122    0.0122858
-0.000761684    0.0122858    0.0169724
  0.00661246  -0.00815471  -0.00030912
 -0.00815471    0.0188345    0.0115437
 -0.00030912    0.0115437    0.0169904
  0.00629286  -0.00806132  0.000176093
 -0.00806132    0.0221379    0.0123801
 0.000176093    0.0123801    0.0157573
  0.00693035  -0.00813915 -0.000769299
 -0.00813915    0.0157833    0.0105682
-0.000769299    0.0105682    0.0181932
  0.00678763  -0.00801461   0.00011052
 -0.00801461    0.0180479    0.0110192
