           0            0            0
           0            0            0
           0            0            0
    0.019563  -0.00129377   0.00228739
 -0.00129377  0.000126671  0.000356307
  0.00228739  0.000356307    0.0139749
   0.0172307 -0.000956216   0.00488021
-0.000956216   9.9461e-05  0.000382708
  0.00488021  0.000382708    0.0172261
   0.0147672 -0.000925967   0.00723182
-0.000925967  0.000119599  0.000227728
  0.00723182  0.000227728    0.0189752
   0.0141477  -0.00112462   0.00831138
 -0.00112462  0.000166186  4.71893e-05
  0.00831138  4.71893e-05    0.0190985
   0.0142753  -0.00140419    0.0079439
 -0.00140419  0.000216543 -0.000103821
   0.0079439 -0.000103821    0.0195051
   0.0125046  -0.00130561   0.00668171
 -0.00130561  0.000196544 -0.000208607
  0.00668171 -0.000208607    0.0175014
   0.0130583   -0.0015595    0.0060457
  -0.0015595  0.000242307 -0.000397006
   0.0060457 -0.000397006    0.0187459
   0.0144531  -0.00162846   0.00723307
 -0.00162846   0.00025648 -0.000295177
  0.00723307 -0.000295177    0.0199444
   0.0129341  -0.00167089   0.00470009
 -0.00167089  0.000279212 -0.000666243
  0.00470009 -0.000666243    0.0197555
   0.0144615  -0.00177658   0.00597502
 -0.00177658  0.000292189 -0.000578835
  0.00597502 -0.000578835     0.020978
   0.0129513  -0.00167146   0.00310369
 -0.00167146  0.000313318  -0.00100333
  0.00310369  -0.00100333    0.0210044
    0.014677  -0.00190019   0.00544538
 -0.00190019  0.000317905 -0.000807059
  0.00544538 -0.000807059    0.0212579
   0.0287725 -9.75391e-05   0.00885107
-9.75391e-05  0.000367702   0.00194118
  0.00885107   0.00194118    0.0169699
   0.0247498 -0.000297847    0.0110379
-0.000297847  0.000518588   0.00244802
   0.0110379   0.00244802    0.0203504
   0.0247933  6.29378e-05    0.0109057
 6.29378e-05  0.000414361   0.00236474
   0.0109057   0.00236474    0.0202895
   0.0222827  -5.0136e-05    0.0127014
 -5.0136e-05  0.000536666   0.00271915
   0.0127014   0.00271915    0.0229183
    0.022055  -0.00040353    0.0127101
 -0.00040353  0.000644589   0.00275935
   0.0127101   0.00275935    0.0229189
   0.0218832  6.87359e-05    0.0123181
 6.87359e-05  0.000431618    0.0024818
   0.0123181    0.0024818    0.0227284
   0.0205594 -0.000264404     0.013267
-0.000264404  0.000615422   0.00279193
    0.013267   0.00279193    0.0241035
   0.0202834 -0.000128021    0.0129426
-0.000128021  0.000509462   0.00259744
   0.0129426   0.00259744     0.023921
    0.019829 -0.000437741    0.0129315
-0.000437741  0.000540193   0.00246257
   0.0129315   0.00246257    0.0241865
    0.020241 -0.000581832    0.0131952
-0.000581832  0.000719682   0.00280224
   0.0131952   0.00280224    0.0240765
   0.0200636 -0.000592488    0.0132356
-0.000592488  0.000640149   0.00261448
   0.0132356   0.00261448    0.0243852
   0.0197215 -0.000882334    0.0131295
-0.000882334  0.000737993   0.00260988
   0.0131295   0.00260988    0.0243708
   0.0198234 -0.000209359    0.0125261
-0.000209359  0.000406225   0.00220606
   0.0125261   0.00220606    0.0237394
   0.0193757  -0.00048386    0.0125023
 -0.00048386  0.000443716   0.00211746
   0.0125023   0.00211746    0.0239741
   0.0190529 -0.000691593    0.0122036
-0.000691593  0.000358468    0.0016278
   0.0122036    0.0016278    0.0239021
   0.0195309 -0.000448922     0.012275
-0.000448922  0.000315407   0.00168224
    0.012275   0.00168224    0.0237186
   0.0213987 -5.40676e-05    0.0119245
-5.40676e-05  0.000332198   0.00206104
   0.0119245   0.00206104    0.0225836
   0.0211784 -0.000326635    0.0117613
-0.000326635  0.000248263   0.00153363
   0.0117613   0.00153363    0.0226306
   0.0238121  -5.2325e-05    0.0101803
 -5.2325e-05  0.000237263   0.00168021
   0.0101803   0.00168021     0.020026
   0.0242814  0.000131726    0.0104987
 0.000131726  0.000319687   0.00209775
   0.0104987   0.00209775    0.0201093
   0.0278921  0.000119151   0.00820726
 0.000119151  0.000209423   0.00154686
  0.00820726   0.00154686    0.0167108
   0.0236959 -0.000359194   0.00993127
-0.000359194  0.000171515   0.00121714
  0.00993127   0.00121714    0.0201479
   0.0273334 -0.000151907    0.0079325
-0.000151907  0.000150588   0.00118937
   0.0079325   0.00118937    0.0166473
   0.0277136 -0.000551307   0.00753716
-0.000551307  0.000112464  0.000835628
  0.00753716  0.000835628    0.0168528
    0.028516  0.000180135   0.00858879
 0.000180135  0.000281174   0.00182018
  0.00858879   0.00182018    0.0168535
   0.0193597  -0.00124996    0.0125146
 -0.00124996  0.000705325   0.00224097
   0.0125146   0.00224097    0.0241143
   0.0197007  -0.00100032    0.0126155
 -0.00100032   0.00061755    0.0022402
   0.0126155    0.0022402    0.0240825
   0.0193861  -0.00136166    0.0119477
 -0.00136166  0.000562673   0.00173763
   0.0119477   0.00173763    0.0237896
   0.0190402  -0.00156083    0.0118368
 -0.00156083  0.000634953   0.00174645
   0.0118368   0.00174645    0.0238515
    0.019142  -0.00119527    0.0116345
 -0.00119527  0.000485666   0.00164617
   0.0116345   0.00164617    0.0235279
   0.0191054  -0.00166303    0.0112206
 -0.00166303  0.000490206   0.00113849
   0.0112206   0.00113849    0.0234793
   0.0188501  -0.00150659    0.0109121
 -0.00150659  0.000429084   0.00107675
   0.0109121   0.00107675    0.0231966
   0.0186144  -0.00174669    0.0101738
 -0.00174669  0.000372505   0.00044702
   0.0101738   0.00044702    0.0228707
    0.018745  -0.00180438    0.0110794
 -0.00180438  0.000543016   0.00116031
   0.0110794   0.00116031    0.0235572
   0.0188814  -0.00189016    0.0104671
 -0.00189016  0.000417618  0.000483313
   0.0104671  0.000483313    0.0231683
   0.0184857  -0.00197674    0.0102739
 -0.00197674  0.000452987  0.000523594
   0.0102739  0.000523594     0.023243
   0.0183565  -0.00144271      0.01043
 -0.00144271  0.000373469  0.000906693
     0.01043  0.000906693    0.0228791
   0.0180739  -0.00165747   0.00966664
 -0.00165747  0.000331429  0.000339104
  0.00966664  0.000339104    0.0225163
   0.0176692  -0.00167879   0.00922932
 -0.00167879   0.00030497  0.000134758
  0.00922932  0.000134758    0.0222529
   0.0180098   -0.0015116    0.0100466
  -0.0015116  0.000333486   0.00061978
   0.0100466   0.00061978    0.0226754
   0.0186814  -0.00116213     0.011176
 -0.00116213  0.000414803   0.00141377
    0.011176   0.00141377    0.0232467
   0.0183616  -0.00127985    0.0108335
 -0.00127985  0.000360421   0.00104987
   0.0108335   0.00104987    0.0230944
   0.0190228 -0.000838507    0.0118681
-0.000838507  0.000441283   0.00182666
   0.0118681   0.00182666     0.023605
   0.0194667 -0.000833452    0.0123065
-0.000833452  0.000525396   0.00211829
   0.0123065   0.00211829    0.0238501
   0.0186982  -0.00100272    0.0115506
 -0.00100272  0.000369762   0.00139384
   0.0115506   0.00139384    0.0234989
   0.0159807  -0.00186693   0.00758967
 -0.00186693  0.000301388 -0.000381515
  0.00758967 -0.000381515    0.0216093
   0.0158674  -0.00169447   0.00824423
 -0.00169447  0.000279204 -0.000137061
  0.00824423 -0.000137061    0.0213449
   0.0174906  -0.00166227   0.00984376
 -0.00166227  0.000301807   0.00018791
  0.00984376   0.00018791    0.0225397
   0.0155589  -0.00145555   0.00893299
 -0.00145555  0.000242541  4.99319e-05
  0.00893299  4.99319e-05     0.020753
   0.0175418  -0.00142006    0.0104499
 -0.00142006  0.000276143  0.000423928
   0.0104499  0.000423928    0.0227908
   0.0175302  -0.00112076    0.0109286
 -0.00112076  0.000234869  0.000597785
   0.0109286  0.000597785    0.0228059
   0.0156419   -0.0011781   0.00953011
  -0.0011781  0.000196744  0.000216266
  0.00953011  0.000216266    0.0206808
   0.0185821  -0.00127682     0.011409
 -0.00127682  0.000321093  0.000859574
    0.011409  0.000859574    0.0235537
   0.0187969 -0.000980331    0.0120035
-0.000980331  0.000293973   0.00105283
   0.0120035   0.00105283    0.0239489
   0.0182365  -0.00151362    0.0106522
 -0.00151362  0.000327986  0.000584155
   0.0106522  0.000584155    0.0230938
   0.0178808  -0.00169703   0.00981535
 -0.00169703  0.000317774  0.000237179
  0.00981535  0.000237179    0.0226038
   0.0172575   -0.0018292   0.00913166
  -0.0018292  0.000309152 -0.000113575
  0.00913166 -0.000113575     0.022297
   0.0171098  -0.00194842   0.00843938
 -0.00194842  0.000313542 -0.000461116
  0.00843938 -0.000461116    0.0218073
   0.0175059  -0.00181263   0.00893989
 -0.00181263  0.000301308 -0.000159864
  0.00893989 -0.000159864    0.0221137
   0.0159073  -0.00196258   0.00704714
 -0.00196258  0.000315898 -0.000684636
  0.00704714 -0.000684636    0.0215403
   0.0161695  -0.00094042   0.00911535
 -0.00094042  0.000144485  0.000338061
  0.00911535  0.000338061    0.0206157
   0.0184381 -0.000903792   0.00745862
-0.000903792   0.00010894  0.000435079
  0.00745862  0.000435079    0.0193831
   0.0194058  -0.00079448   0.00933026
 -0.00079448  0.000131044  0.000617383
  0.00933026  0.000617383    0.0208859
   0.0207904  -0.00106259   0.00460623
 -0.00106259   9.9927e-05  0.000409678
  0.00460623  0.000409678    0.0162617
   0.0216202 -0.000945235   0.00630739
-0.000945235  0.000104768   0.00051072
  0.00630739   0.00051072    0.0175034
   0.0246989  -0.00123333    0.0037877
 -0.00123333  0.000111312  0.000400224
   0.0037877  0.000400224    0.0143344
   0.0228086  -0.00137762   0.00230729
 -0.00137762  0.000125399  0.000368276
  0.00230729  0.000368276    0.0137029
    0.022984 -0.000664595   0.00870075
-0.000664595  0.000123899  0.000808796
  0.00870075  0.000808796    0.0194964
   0.0260257 -0.000900788   0.00594744
-0.000900788  9.72783e-05  0.000565503
  0.00594744  0.000565503    0.0159293
   0.0205998 -0.000611183    0.0110434
-0.000611183  0.000180353   0.00101503
   0.0110434   0.00101503    0.0222545
   0.0190466 -0.000728559    0.0119168
-0.000728559  0.000242756   0.00110936
   0.0119168   0.00110936    0.0236343
   0.0177633 -0.000876379    0.0105809
-0.000876379  0.000180326  0.000661396
   0.0105809  0.000661396    0.0222856
    0.018216  -0.00208063   0.00940454
 -0.00208063  0.000380154 -0.000148156
  0.00940454 -0.000148156    0.0229241
   0.0187118  -0.00204999   0.00967381
 -0.00204999  0.000360648 -0.000212214
  0.00967381 -0.000212214    0.0228667
   0.0185805  -0.00211877   0.00883676
 -0.00211877  0.000343986 -0.000936343
  0.00883676 -0.000936343    0.0225875
    0.017925  -0.00209525   0.00848021
 -0.00209525  0.000352549 -0.000848952
  0.00848021 -0.000848952    0.0226146
   0.0183839  -0.00200485   0.00862131
 -0.00200485  0.000319178  -0.00094784
  0.00862131  -0.00094784    0.0223032
   0.0183991  -0.00210212   0.00796522
 -0.00210212  0.000377909   -0.0016687
  0.00796522   -0.0016687    0.0223164
   0.0183399  -0.00201174     0.007813
 -0.00201174  0.000356772  -0.00167086
    0.007813  -0.00167086    0.0220612
    0.018256  -0.00193493   0.00701668
 -0.00193493  0.000443414  -0.00236718
  0.00701668  -0.00236718    0.0218283
   0.0175686  -0.00202428   0.00752769
 -0.00202428  0.000372928  -0.00155902
  0.00752769  -0.00155902    0.0223005
    0.018142  -0.00199645   0.00709892
 -0.00199645  0.000460845  -0.00237648
  0.00709892  -0.00237648    0.0220358
   0.0171402  -0.00187633   0.00658422
 -0.00187633  0.000446577  -0.00225568
  0.00658422  -0.00225568    0.0219593
   0.0176702  -0.00184935   0.00724109
 -0.00184935  0.000328276  -0.00163071
  0.00724109  -0.00163071    0.0216326
   0.0176635  -0.00176439   0.00645746
 -0.00176439  0.000408667  -0.00228605
  0.00645746  -0.00228605    0.0214092
   0.0169106   -0.0015939   0.00576588
  -0.0015939    0.0003765  -0.00220129
  0.00576588  -0.00220129    0.0209592
   0.0169692   -0.0017196   0.00660865
  -0.0017196  0.000307022  -0.00160778
  0.00660865  -0.00160778    0.0212129
   0.0177102  -0.00186013   0.00806006
 -0.00186013  0.000292147 -0.000950997
  0.00806006 -0.000950997    0.0218868
   0.0171196  -0.00178511   0.00749509
 -0.00178511  0.000278416 -0.000996884
  0.00749509 -0.000996884    0.0215078
   0.0178393   -0.0018026    0.0088747
  -0.0018026  0.000296748 -0.000284602
   0.0088747 -0.000284602    0.0221794
   0.0184433  -0.00191816   0.00940995
 -0.00191816  0.000326499 -0.000233114
  0.00940995 -0.000233114    0.0225705
   0.0173481  -0.00177838   0.00837701
 -0.00177838  0.000280111 -0.000407069
  0.00837701 -0.000407069    0.0218562
   0.0166147  -0.00165906   0.00563147
 -0.00165906  0.000575185  -0.00295978
  0.00563147  -0.00295978    0.0215947
   0.0177935   -0.0018128   0.00620286
  -0.0018128   0.00059255  -0.00307798
  0.00620286  -0.00307798    0.0217397
   0.0173899  -0.00151349   0.00525367
 -0.00151349  0.000797801  -0.00379211
  0.00525367  -0.00379211    0.0214401
   0.0160342  -0.00133634   0.00466013
 -0.00133634  0.000791147  -0.00369415
  0.00466013  -0.00369415    0.0212272
   0.0179356  -0.00149747   0.00531726
 -0.00149747  0.000763106  -0.00373779
  0.00531726  -0.00373779    0.0213897
   0.0168789  -0.00109888   0.00426604
 -0.00109888   0.00108313  -0.00452507
  0.00426604  -0.00452507    0.0211615
   0.0176806  -0.00110797   0.00437586
 -0.00110797   0.00101947  -0.00443226
  0.00437586  -0.00443226    0.0212052
   0.0172867 -0.000601636   0.00341437
-0.000601636   0.00134669  -0.00511717
  0.00341437  -0.00511717    0.0210519
   0.0153751 -0.000895975   0.00370566
-0.000895975   0.00109832  -0.00446201
  0.00370566  -0.00446201    0.0208858
    0.016226 -0.000561828   0.00328869
-0.000561828   0.00145317  -0.00525997
  0.00328869  -0.00525997     0.020915
   0.0146439 -0.000338273   0.00279971
-0.000338273   0.00150997  -0.00525066
  0.00279971  -0.00525066    0.0205909
   0.0175883 -0.000955472    0.0039042
-0.000955472  0.000925161  -0.00421665
   0.0039042  -0.00421665    0.0209551
   0.0174827  -0.00046932   0.00298285
 -0.00046932    0.0012044  -0.00484259
  0.00298285  -0.00484259    0.0208986
    0.017053 -0.000256343   0.00216516
-0.000256343   0.00105654  -0.00450796
  0.00216516  -0.00450796     0.020548
   0.0169718 -0.000736949   0.00309827
-0.000736949  0.000822806  -0.00395029
  0.00309827  -0.00395029    0.0205418
   0.0176223  -0.00133156   0.00480822
 -0.00133156  0.000698966  -0.00357236
  0.00480822  -0.00357236    0.0210586
   0.0169161  -0.00112139   0.00402597
 -0.00112139   0.00063005  -0.00336924
  0.00402597  -0.00336924    0.0206063
   0.0176292  -0.00160527   0.00565501
 -0.00160527  0.000526699  -0.00292891
  0.00565501  -0.00292891     0.021215
   0.0181053  -0.00177564   0.00619895
 -0.00177564  0.000570481  -0.00305055
  0.00619895  -0.00305055    0.0216042
   0.0168808  -0.00140921   0.00491949
 -0.00140921  0.000479504  -0.00278481
  0.00491949  -0.00278481    0.0207534
    0.016096  0.000222292   -0.0010785
 0.000222292  0.000643993  -0.00343763
  -0.0010785  -0.00343763    0.0194008
   0.0158366 -0.000297594  0.000121076
-0.000297594  0.000552605  -0.00314493
 0.000121076  -0.00314493    0.0193027
   0.0159022 -0.000318817  0.000824763
-0.000318817  0.000598883  -0.00330498
 0.000824763  -0.00330498    0.0195468
   0.0157992 -0.000773812   0.00197152
-0.000773812  0.000496975  -0.00292209
  0.00197152  -0.00292209    0.0195958
   0.0157466 -0.000806096   0.00131419
-0.000806096   0.00048583  -0.00282704
  0.00131419  -0.00282704    0.0193308
   0.0159742 -0.000824726   0.00261128
-0.000824726  0.000526867  -0.00303899
  0.00261128  -0.00303899    0.0198725
   0.0158411  -0.00119545   0.00307387
 -0.00119545  0.000424544  -0.00254108
  0.00307387  -0.00254108    0.0197737
    0.015989  -0.00118614   0.00365878
 -0.00118614  0.000423918  -0.00258772
  0.00365878  -0.00258772    0.0200518
    0.016173   -0.0014799   0.00466215
  -0.0014799  0.000362021  -0.00214447
  0.00466215  -0.00214447    0.0203111
   0.0156668   -0.0012691   0.00239242
  -0.0012691  0.000439777   -0.0025068
  0.00239242   -0.0025068    0.0194525
   0.0160425  -0.00155651   0.00413256
 -0.00155651  0.000386666  -0.00217756
  0.00413256  -0.00217756    0.0200392
   0.0154825  -0.00161038   0.00329293
 -0.00161038  0.000412158  -0.00217713
  0.00329293  -0.00217713    0.0195313
   0.0162801  -0.00126082   0.00423114
 -0.00126082  0.000444042  -0.00266807
  0.00423114  -0.00266807    0.0203547
    0.016385  -0.00149261   0.00516109
 -0.00149261   0.00035843  -0.00215175
  0.00516109  -0.00215175    0.0205932
   0.0162986 -0.000944571   0.00326016
-0.000944571  0.000570368  -0.00318536
  0.00326016  -0.00318536    0.0201903
   0.0163606 -0.000542607   0.00224285
-0.000542607    0.0007318    -0.003698
  0.00224285    -0.003698    0.0201265
   0.0160579 -0.000404209   0.00151472
-0.000404209  0.000657728  -0.00348479
  0.00151472  -0.00348479    0.0198063
    0.016178  8.92924e-05   0.00040314
 8.92924e-05  0.000814245  -0.00390234
  0.00040314  -0.00390234    0.0198425
   0.0164666 -5.26246e-05   0.00123221
-5.26246e-05  0.000923945  -0.00418308
  0.00123221  -0.00418308    0.0201561
   0.0161051  0.000177711 -0.000337795
 0.000177711  0.000722409  -0.00365899
-0.000337795  -0.00365899    0.0196089
   0.0149808  -0.00180151   0.00385688
 -0.00180151  0.000383347  -0.00183262
  0.00385688  -0.00183262    0.0197293
   0.0161583  -0.00183942   0.00510307
 -0.00183942   0.00036383  -0.00181463
  0.00510307  -0.00181463    0.0203327
    0.016046  -0.00199034   0.00595012
 -0.00199034  0.000345915  -0.00142143
  0.00595012  -0.00142143    0.0205489
   0.0145647  -0.00187644   0.00412364
 -0.00187644  0.000358218  -0.00148263
  0.00412364  -0.00148263    0.0205151
   0.0166925  -0.00191728   0.00668929
 -0.00191728  0.000312381  -0.00127337
  0.00668929  -0.00127337    0.0210226
   0.0158509  -0.00201498   0.00660672
 -0.00201498  0.000328011  -0.00102914
  0.00660672  -0.00102914    0.0208237
   0.0169033  -0.00199145   0.00762279
 -0.00199145  0.000309418 -0.000854236
  0.00762279 -0.000854236    0.0214354
   0.0145523  -0.00191518   0.00463694
 -0.00191518  0.000336115  -0.00114289
  0.00463694  -0.00114289    0.0213336
   0.0171232  -0.00185909   0.00801726
 -0.00185909  0.000283581 -0.000608065
  0.00801726 -0.000608065     0.021646
   0.0168134  -0.00181189    0.0070632
 -0.00181189  0.000282323  -0.00110685
   0.0070632  -0.00110685    0.0212373
   0.0165631  -0.00168304   0.00609084
 -0.00168304  0.000304236  -0.00163299
  0.00609084  -0.00163299    0.0208876
   0.0164137  -0.00173456   0.00566238
 -0.00173456  0.000324304  -0.00170901
  0.00566238  -0.00170901    0.0206362
   0.0133756     -0.00176   0.00276763
    -0.00176  0.000337831  -0.00122865
  0.00276763  -0.00122865    0.0215828
   0.0136705  -0.00176659   0.00241977
 -0.00176659  0.000362115  -0.00153454
  0.00241977  -0.00153454    0.0212818
   0.0121218  -0.00149817  0.000508382
 -0.00149817  0.000343026  -0.00145152
 0.000508382  -0.00145152     0.021054
   0.0137521  -0.00166081   0.00185127
 -0.00166081  0.000387485  -0.00184804
  0.00185127  -0.00184804    0.0205959
   0.0126596  -0.00151538   0.00018889
 -0.00151538   0.00037826  -0.00179561
  0.00018889  -0.00179561    0.0211565
   0.0132887  -0.00142505  2.56028e-05
 -0.00142505  0.000413969  -0.00209591
 2.56028e-05  -0.00209591    0.0205462
    0.014223  -0.00151161   0.00157743
 -0.00151161  0.000412895   -0.0021244
  0.00157743   -0.0021244    0.0197174
   0.0119342  -0.00118113  -0.00165063
 -0.00118113  0.000364299  -0.00188089
 -0.00165063  -0.00188089    0.0208819
   0.0148121   -0.0012761   0.00130482
  -0.0012761  0.000439525  -0.00239315
  0.00130482  -0.00239315     0.018915
   0.0154515 -0.000869924  0.000487778
-0.000869924  0.000473657  -0.00269997
 0.000487778  -0.00269997    0.0189689
   0.0146134 -0.000852932 -0.000861356
-0.000852932  0.000450419  -0.00254687
-0.000861356  -0.00254687    0.0191598
   0.0158848 -0.000356961 -0.000610056
-0.000356961  0.000515524  -0.00297651
-0.000610056  -0.00297651    0.0190509
    0.015569 -0.000399407  -0.00163647
-0.000399407  0.000473687  -0.00278124
 -0.00163647  -0.00278124    0.0190354
   0.0163566  0.000119409  -0.00263289
 0.000119409  0.000507704  -0.00296334
 -0.00263289  -0.00296334    0.0190425
   0.0161479  0.000209331  -0.00185471
 0.000209331  0.000571805  -0.00320857
 -0.00185471  -0.00320857    0.0191768
   0.0145735 -0.000397143  -0.00286453
-0.000397143  0.000417969  -0.00252101
 -0.00286453  -0.00252101    0.0191091
   0.0159554  6.83196e-05  -0.00368218
 6.83196e-05  0.000433052  -0.00267808
 -0.00368218  -0.00267808     0.019118
   0.0148794  -2.7224e-05  -0.00443071
 -2.7224e-05  0.000359724  -0.00233711
 -0.00443071  -0.00233711    0.0188883
   0.0137809 -0.000397706  -0.00375906
-0.000397706  0.000366998  -0.00230028
 -0.00375906  -0.00230028    0.0195787
    0.013819 -0.000777909  -0.00217611
-0.000777909  0.000414872  -0.00240454
 -0.00217611  -0.00240454    0.0198006
   0.0126504 -0.000767103  -0.00316619
-0.000767103  0.000377448  -0.00219996
 -0.00316619  -0.00219996    0.0209105
   0.0128714  -0.00109504   -0.0018419
 -0.00109504  0.000401163  -0.00218514
  -0.0018419  -0.00218514    0.0205701
   0.0139063  -0.00118675 -0.000435102
 -0.00118675  0.000428339  -0.00232651
-0.000435102  -0.00232651    0.0199257
   0.0129233 -0.000360341  -0.00445981
-0.000360341  0.000331208  -0.00215716
 -0.00445981  -0.00215716    0.0200339
   0.0138323 -6.93256e-05  -0.00491744
-6.93256e-05  0.000294076  -0.00199286
 -0.00491744  -0.00199286    0.0182361
  0.00737629  -0.00516629  -0.00228292
 -0.00516629   0.00440412   0.00423616
 -0.00228292   0.00423616    0.0225473
  0.00730815  -0.00542288  -0.00198755
 -0.00542288   0.00461292   0.00369156
 -0.00198755   0.00369156    0.0227086
  0.00712202  -0.00478076  -0.00147495
 -0.00478076   0.00361885    0.0023687
 -0.00147495    0.0023687    0.0229806
  0.00720314  -0.00502339  -0.00113944
 -0.00502339   0.00383059   0.00215924
 -0.00113944   0.00215924    0.0232411
  0.00737291  -0.00562199  -0.00159417
 -0.00562199   0.00476295   0.00338785
 -0.00159417   0.00338785    0.0228807
  0.00700407  -0.00445609 -0.000650147
 -0.00445609   0.00303244   0.00110829
-0.000650147   0.00110829    0.0235804
  0.00741806  -0.00516901 -0.000703553
 -0.00516901   0.00392466   0.00226852
-0.000703553   0.00226852    0.0235193
  0.00723225  -0.00462835 -0.000266375
 -0.00462835   0.00315353   0.00127239
-0.000266375   0.00127239    0.0239405
  0.00757935  -0.00472712   0.00020097
 -0.00472712   0.00322422   0.00166775
  0.00020097   0.00166775    0.0242962
  0.00757295  -0.00572851  -0.00110373
 -0.00572851   0.00481728   0.00340022
 -0.00110373   0.00340022    0.0230732
  0.00774878  -0.00523993 -0.000180144
 -0.00523993   0.00398637   0.00261523
-0.000180144   0.00261523     0.023792
  0.00788267  -0.00577214 -0.000536986
 -0.00577214   0.00487712   0.00366636
-0.000536986   0.00366636    0.0232673
  0.00704756  -0.00417657  0.000133863
 -0.00417657   0.00257113  0.000575012
 0.000133863  0.000575012    0.0243292
  0.00739582  -0.00428353  0.000555455
 -0.00428353   0.00263859   0.00096479
 0.000555455   0.00096479      0.02476
  0.00723611  -0.00396153  0.000863456
 -0.00396153   0.00227238  0.000484381
 0.000863456  0.000484381    0.0251843
  0.00732144   -0.0040666  0.000301365
  -0.0040666    0.0023197  0.000223771
 0.000301365  0.000223771    0.0248351
  0.00707226  -0.00412279 -0.000324248
 -0.00412279   0.00248972  0.000453297
-0.000324248  0.000453297    0.0240002
  0.00760769  -0.00411802  -0.00016471
 -0.00411802   0.00229126  0.000131552
 -0.00016471  0.000131552    0.0244647
  0.00718213    -0.003933 -0.000614026
   -0.003933   0.00227043  0.000587049
-0.000614026  0.000587049    0.0236291
   0.0069989  -0.00423144 -0.000991628
 -0.00423144   0.00280724   0.00128124
-0.000991628   0.00128124     0.023285
  0.00707074   -0.0039136  -0.00115943
  -0.0039136   0.00249607   0.00165422
 -0.00115943   0.00165422    0.0229453
   0.0077954  -0.00392828 -0.000489093
 -0.00392828   0.00206563  0.000333216
-0.000489093  0.000333216    0.0226107
  0.00725277  -0.00360342 -0.000752762
 -0.00360342   0.00194845  0.000938867
-0.000752762  0.000938867     0.022675
  0.00778085  -0.00359469 -0.000605019
 -0.00359469   0.00177335  0.000656471
-0.000605019  0.000656471    0.0218425
  0.00718442  -0.00448124  -0.00170127
 -0.00448124   0.00333792   0.00281379
 -0.00170127   0.00281379    0.0227254
  0.00826731  -0.00573965  6.08956e-05
 -0.00573965   0.00493617   0.00414557
 6.08956e-05   0.00414557    0.0234192
  0.00816248  -0.00523551  0.000376067
 -0.00523551    0.0040277   0.00315087
 0.000376067   0.00315087    0.0240266
  0.00859267  -0.00515462  0.000897063
 -0.00515462   0.00409162   0.00379865
 0.000897063   0.00379865    0.0241921
  0.00866039  -0.00562356  0.000617229
 -0.00562356   0.00503285   0.00477225
 0.000617229   0.00477225    0.0234944
   0.0084665  -0.00470028   0.00118371
 -0.00470028    0.0032807   0.00285853
  0.00118371   0.00285853    0.0248759
  0.00893519  -0.00497372   0.00128971
 -0.00497372   0.00415965   0.00453945
  0.00128971   0.00453945    0.0242927
  0.00884933  -0.00456785   0.00153678
 -0.00456785   0.00331022   0.00354581
  0.00153678   0.00354581    0.0250746
  0.00906046  -0.00437788   0.00170265
 -0.00437788   0.00334402   0.00417108
  0.00170265   0.00417108    0.0252159
  0.00895502  -0.00539191   0.00104385
 -0.00539191   0.00514501   0.00552177
  0.00104385   0.00552177    0.0235029
  0.00909412  -0.00472219   0.00149723
 -0.00472219   0.00423354   0.00524154
  0.00149723   0.00524154    0.0243405
  0.00906591  -0.00508889   0.00128227
 -0.00508889   0.00527016   0.00627065
  0.00128227   0.00627065    0.0234603
  0.00871243  -0.00422062   0.00174612
 -0.00422062   0.00266537   0.00266466
  0.00174612   0.00266466    0.0258233
  0.00896265  -0.00408459   0.00187586
 -0.00408459   0.00266979   0.00316505
  0.00187586   0.00316505    0.0260535
  0.00882382  -0.00387156   0.00201574
 -0.00387156   0.00221994   0.00225052
  0.00201574   0.00225052     0.026832
  0.00854677  -0.00396387   0.00192183
 -0.00396387   0.00223568   0.00189254
  0.00192183   0.00189254    0.0265203
  0.00830416  -0.00431211   0.00143583
 -0.00431211   0.00266487   0.00207256
  0.00143583   0.00207256    0.0255267
  0.00813078  -0.00401978   0.00165257
 -0.00401978   0.00225956   0.00142519
  0.00165257   0.00142519    0.0261304
  0.00783849  -0.00432889   0.00101012
 -0.00432889     0.002657   0.00149702
  0.00101012   0.00149702    0.0251664
  0.00801053  -0.00474779   0.00070807
 -0.00474779   0.00324951   0.00222445
  0.00070807   0.00222445    0.0246143
    0.007666  -0.00401044    0.0012764
 -0.00401044   0.00227023  0.000946395
   0.0012764  0.000946395    0.0256739
   0.0130832  -0.00636348 -0.000797545
 -0.00636348   0.00320224   0.00144316
-0.000797545   0.00144316    0.0208045
   0.0118343   -0.0058751 -0.000198314
  -0.0058751   0.00301757   0.00127994
-0.000198314   0.00127994    0.0218126
  0.00999227  -0.00469762  0.000807164
 -0.00469762   0.00231751  0.000946946
 0.000807164  0.000946946    0.0241152
  0.00939706  -0.00459831  0.000901428
 -0.00459831   0.00234531    0.0008227
 0.000901428    0.0008227     0.024234
   0.0118742  -0.00609303  -0.00044346
 -0.00609303   0.00322719   0.00138201
 -0.00044346   0.00138201    0.0213056
  0.00823373  -0.00394202   0.00140128
 -0.00394202   0.00200074  0.000736322
  0.00140128  0.000736322    0.0252345
  0.00947415  -0.00478932   0.00060365
 -0.00478932   0.00250778  0.000778288
  0.00060365  0.000778288    0.0239525
  0.00792907  -0.00394376   0.00119255
 -0.00394376   0.00204719  0.000514068
  0.00119255  0.000514068     0.025181
   0.0084903  -0.00435716  0.000677637
 -0.00435716   0.00230544  0.000376553
 0.000677637  0.000376553    0.0252693
   0.0113084  -0.00596055 -0.000653807
 -0.00596055   0.00324311   0.00144536
-0.000653807   0.00144536    0.0203198
  0.00974197  -0.00506413 -0.000148808
 -0.00506413   0.00271779   0.00089662
-0.000148808   0.00089662    0.0219127
   0.0113464  -0.00609777  -0.00108426
 -0.00609777   0.00338685   0.00157923
 -0.00108426   0.00157923    0.0192344
  0.00747494  -0.00376961   0.00142621
 -0.00376961   0.00201685  0.000584886
  0.00142621  0.000584886     0.025617
  0.00760172  -0.00398375  0.000917928
 -0.00398375   0.00216358  0.000302742
 0.000917928  0.000302742    0.0254388
  0.00800276  -0.00384212   0.00165303
 -0.00384212    0.0020186  0.000975073
  0.00165303  0.000975073    0.0259639
  0.00851375  -0.00385828    0.0018154
 -0.00385828   0.00199593    0.0013261
   0.0018154    0.0013261    0.0264889
  0.00899513  -0.00410486   0.00139145
 -0.00410486   0.00202359  0.000986599
  0.00139145  0.000986599    0.0253205
  0.00970708  -0.00424315    0.0013138
 -0.00424315    0.0020428   0.00114259
   0.0013138   0.00114259    0.0258308
  0.00890174  -0.00384362   0.00181519
 -0.00384362   0.00198084    0.0015796
  0.00181519    0.0015796    0.0269221
   0.0110446   -0.0050441   0.00038754
  -0.0050441   0.00242627   0.00110984
  0.00038754   0.00110984    0.0235824
   0.0113476  -0.00609666  -0.00122961
 -0.00609666   0.00339158   0.00157446
 -0.00122961   0.00157446    0.0187259
   0.0102052  -0.00527457 -0.000746304
 -0.00527457   0.00281477  0.000978298
-0.000746304  0.000978298     0.020179
   0.0110081  -0.00550771  -0.00125738
 -0.00550771   0.00287705   0.00123774
 -0.00125738   0.00123774    0.0198217
   0.0117742  -0.00617298  -0.00149923
 -0.00617298    0.0033753   0.00171711
 -0.00149923   0.00171711     0.018726
  0.00984718  -0.00483376 -0.000761479
 -0.00483376   0.00247416   0.00072478
-0.000761479   0.00072478    0.0211298
   0.0112459  -0.00515302  -0.00120309
 -0.00515302   0.00255888   0.00140321
 -0.00120309   0.00140321    0.0196107
   0.0104868  -0.00476294 -0.000930118
 -0.00476294   0.00229063  0.000799149
-0.000930118  0.000799149    0.0209434
    0.010329   -0.0043051 -0.000945493
  -0.0043051   0.00194388   0.00092048
-0.000945493   0.00092048    0.0212772
   0.0116606  -0.00562552  -0.00154036
 -0.00562552   0.00295111   0.00192078
 -0.00154036   0.00192078    0.0177289
   0.0110478  -0.00452679  -0.00111777
 -0.00452679   0.00209246   0.00150627
 -0.00111777   0.00150627    0.0191034
   0.0117528  -0.00511031  -0.00139945
 -0.00511031   0.00258987   0.00221772
 -0.00139945   0.00221772    0.0178873
  0.00892799  -0.00420076 -0.000727421
 -0.00420076   0.00207716  0.000522548
-0.000727421  0.000522548    0.0214477
  0.00867157  -0.00371078 -0.000679242
 -0.00371078   0.00171168  0.000724332
-0.000679242  0.000724332    0.0213794
  0.00853016  -0.00433202 -0.000377052
 -0.00433202    0.0022668  0.000282408
-0.000377052  0.000282408    0.0226914
  0.00803397  -0.00422944  0.000326921
 -0.00422944   0.00228005  0.000144805
 0.000326921  0.000144805    0.0253354
  0.00904698  -0.00462376 -0.000233362
 -0.00462376   0.00242794  0.000494025
-0.000233362  0.000494025    0.0226242
  0.00896184  -0.00477257   0.00132593
 -0.00477257   0.00536851   0.00691406
  0.00132593   0.00691406    0.0233788
  0.00903928  -0.00445968   0.00150263
 -0.00445968   0.00428306   0.00581032
  0.00150263   0.00581032    0.0243433
  0.00880093  -0.00423217   0.00134355
 -0.00423217   0.00430471   0.00618843
  0.00134355   0.00618843    0.0243081
  0.00868997  -0.00450055    0.0012094
 -0.00450055   0.00545004   0.00738779
   0.0012094   0.00738779    0.0232709
  0.00885174  -0.00399343   0.00145546
 -0.00399343   0.00334189   0.00491485
  0.00145546   0.00491485     0.025332
  0.00844855  -0.00404151   0.00107062
 -0.00404151   0.00428945   0.00641502
  0.00107062   0.00641502     0.024264
  0.00852887  -0.00383996   0.00113307
 -0.00383996   0.00328694   0.00503068
  0.00113307   0.00503068    0.0253434
  0.00814793  -0.00368611  0.000749891
 -0.00368611   0.00320351   0.00505725
 0.000749891   0.00505725    0.0253552
  0.00831514  -0.00426556  0.000982399
 -0.00426556   0.00548737   0.00770911
 0.000982399   0.00770911    0.0231656
  0.00804332  -0.00385479  0.000735446
 -0.00385479   0.00423348   0.00653959
 0.000735446   0.00653959     0.024224
  0.00790829  -0.00404335  0.000688759
 -0.00404335   0.00547766   0.00792876
 0.000688759   0.00792876    0.0230672
  0.00855507  -0.00368555   0.00116297
 -0.00368555   0.00255018   0.00367603
  0.00116297   0.00367603     0.026358
  0.00820199  -0.00355671  0.000736014
 -0.00355671   0.00245637   0.00359063
 0.000736014   0.00359063    0.0264044
  0.00820739  -0.00347768  0.000715554
 -0.00347768   0.00200293   0.00221613
 0.000715554   0.00221613    0.0273553
  0.00853109  -0.00358516   0.00118255
 -0.00358516   0.00208597   0.00239002
  0.00118255   0.00239002    0.0272866
   0.0088449  -0.00380531   0.00153509
 -0.00380531   0.00262648   0.00367055
  0.00153509   0.00367055    0.0263021
  0.00878654    -0.003675   0.00160042
   -0.003675   0.00215661   0.00248717
  0.00160042   0.00248717    0.0271938
  0.00900493  -0.00393726   0.00179478
 -0.00393726   0.00266202   0.00351264
  0.00179478   0.00351264    0.0262095
  0.00905047  -0.00417195   0.00166524
 -0.00417195   0.00335748   0.00464229
  0.00166524   0.00464229    0.0252983
   0.0089016  -0.00376683   0.00190227
 -0.00376683   0.00219452   0.00245177
  0.00190227   0.00245177    0.0270526
  0.00749971  -0.00382042   0.00034611
 -0.00382042   0.00541387   0.00811245
  0.00034611   0.00811245    0.0229622
  0.00763442  -0.00364893  0.000350421
 -0.00364893   0.00412884   0.00663959
 0.000350421   0.00663959    0.0241736
  0.00723759  -0.00342328 -7.43237e-05
 -0.00342328   0.00400023   0.00676071
-7.43237e-05   0.00676071    0.0241063
  0.00710902  -0.00359195 -3.17716e-05
 -0.00359195   0.00532861   0.00829879
-3.17716e-05   0.00829879    0.0228419
  0.00734908  -0.00327071 -0.000143721
 -0.00327071   0.00292779   0.00510938
-0.000143721   0.00510938     0.025319
  0.00686289  -0.00320237    -0.000529
 -0.00320237   0.00387171   0.00689139
   -0.000529   0.00689139    0.0240332
  0.00697155  -0.00303288  -0.00064132
 -0.00303288   0.00276547   0.00518335
 -0.00064132   0.00518335    0.0252742
  0.00666163   -0.0028092  -0.00109767
  -0.0028092   0.00260884   0.00528297
 -0.00109767   0.00528297    0.0250505
  0.00674433  -0.00337466 -0.000432825
 -0.00337466   0.00524107   0.00847252
-0.000432825   0.00847252    0.0227171
  0.00652862  -0.00298828 -0.000985588
 -0.00298828   0.00374825    0.0070272
-0.000985588    0.0070272    0.0237452
  0.00641835  -0.00316551 -0.000832109
 -0.00316551    0.0051596     0.008642
-0.000832109     0.008642    0.0226009
  0.00706464  -0.00290182 -0.000771682
 -0.00290182   0.00198959   0.00348249
-0.000771682   0.00348249    0.0263786
  0.00689959  -0.00268003  -0.00124324
 -0.00268003   0.00181149   0.00355653
 -0.00124324   0.00355653    0.0259312
   0.0070066  -0.00257761  -0.00132502
 -0.00257761   0.00135574   0.00196803
 -0.00132502   0.00196803    0.0270768
  0.00712999  -0.00282328 -0.000884685
 -0.00282328   0.00154906   0.00191132
-0.000884685   0.00191132    0.0273068
  0.00743826  -0.00315894 -0.000241005
 -0.00315894   0.00216996    0.0034651
-0.000241005    0.0034651    0.0264187
   0.0074887  -0.00309342 -0.000326664
 -0.00309342   0.00173529    0.0019394
-0.000326664    0.0019394    0.0273728
  0.00782261  -0.00338587  0.000264766
 -0.00338587   0.00232901   0.00350004
 0.000264766   0.00350004    0.0264302
  0.00774359  -0.00349844  0.000323025
 -0.00349844   0.00307983   0.00506367
 0.000323025   0.00506367    0.0253503
  0.00785016  -0.00331941  0.000211949
 -0.00331941   0.00188528   0.00204278
 0.000211949   0.00204278    0.0273899
    0.012981  -0.00518973   -0.0045497
 -0.00518973   0.00219102  0.000684725
  -0.0045497  0.000684725    0.0205895
   0.0134068  -0.00554014  -0.00409871
 -0.00554014   0.00238389  0.000628699
 -0.00409871  0.000628699    0.0207052
   0.0105305   -0.0042173  -0.00286294
  -0.0042173   0.00180348  0.000114356
 -0.00286294  0.000114356    0.0241787
   0.0109087  -0.00449428  -0.00235979
 -0.00449428   0.00194419  0.000176749
 -0.00235979  0.000176749    0.0242477
   0.0137754  -0.00583262  -0.00363519
 -0.00583262   0.00255149  0.000636008
 -0.00363519  0.000636008    0.0207431
  0.00889722  -0.00362355  -0.00123881
 -0.00362355    0.0016222  0.000147409
 -0.00123881  0.000147409    0.0267245
   0.0112275  -0.00471041  -0.00186452
 -0.00471041   0.00205809  0.000285372
 -0.00186452  0.000285372    0.0242449
   0.0092338  -0.00382986 -0.000713909
 -0.00382986   0.00172509  0.000303702
-0.000713909  0.000303702    0.0267331
  0.00954191  -0.00398575 -0.000192422
 -0.00398575   0.00182148  0.000512519
-0.000192422  0.000512519    0.0266865
   0.0140401  -0.00608014  -0.00317242
 -0.00608014   0.00270371  0.000708681
 -0.00317242  0.000708681    0.0206997
    0.011482  -0.00489128  -0.00136359
 -0.00489128   0.00217056  0.000476905
 -0.00136359  0.000476905    0.0241687
    0.014241  -0.00628171  -0.00270056
 -0.00628171   0.00284038  0.000858487
 -0.00270056  0.000858487    0.0206042
  0.00811691   -0.0033841 -0.000102226
  -0.0033841   0.00167196  0.000941782
-0.000102226  0.000941782    0.0276421
  0.00844767  -0.00353576   0.00041717
 -0.00353576   0.00177525   0.00115743
  0.00041717   0.00115743    0.0275971
  0.00777027  -0.00316949 -0.000643946
 -0.00316949    0.0015485  0.000792096
-0.000643946  0.000792096    0.0276234
  0.00742548  -0.00288945  -0.00120781
 -0.00288945   0.00137355  0.000725108
 -0.00120781  0.000725108    0.0275318
  0.00853618  -0.00334651  -0.00178321
 -0.00334651      0.00147  6.83766e-05
 -0.00178321  6.83766e-05    0.0266295
  0.00837373   -0.0030319    -0.002261
  -0.0030319   0.00125193  0.000108604
   -0.002261  0.000108604    0.0265031
  0.00743085  -0.00264454  -0.00167781
 -0.00264454   0.00117445  0.000778498
 -0.00167781  0.000778498    0.0272239
   0.0102957  -0.00389972   -0.0033395
 -0.00389972   0.00160582  0.000155015
  -0.0033395  0.000155015    0.0240342
   0.0143597  -0.00644244  -0.00222917
 -0.00644244   0.00296436   0.00107089
 -0.00222917   0.00107089      0.02046
   0.0116788  -0.00501088 -0.000876371
 -0.00501088   0.00225579  0.000718608
-0.000876371  0.000718608    0.0240458
   0.0117687   -0.0051045 -0.000434288
  -0.0051045   0.00233437  0.000974831
-0.000434288  0.000974831    0.0238605
   0.0143746  -0.00659368  -0.00174592
 -0.00659368    0.0031134   0.00125796
 -0.00174592   0.00125796    0.0203813
  0.00995523  -0.00415994  0.000760867
 -0.00415994   0.00194952   0.00100351
 0.000760867   0.00100351     0.026435
   0.0116354  -0.00515031  1.68051e-05
 -0.00515031   0.00240893   0.00109228
 1.68051e-05   0.00109228    0.0236768
  0.00996768  -0.00421393   0.00109039
 -0.00421393    0.0019919   0.00116141
  0.00109039   0.00116141     0.026206
   0.0138477  -0.00651045  -0.00124427
 -0.00651045   0.00315908   0.00139567
 -0.00124427   0.00139567    0.0205321
   0.0090196  -0.00376274   0.00167507
 -0.00376274   0.00193776    0.0016526
  0.00167507    0.0016526     0.027206
  0.00894688  -0.00370074   0.00135534
 -0.00370074   0.00190496   0.00157276
  0.00135534   0.00157276    0.0273904
  0.00873774  -0.00362869  0.000910688
 -0.00362869   0.00184735   0.00138437
 0.000910688   0.00138437    0.0275134
  0.00979109   -0.0040948  0.000313103
  -0.0040948    0.0018994  0.000761714
 0.000313103  0.000761714    0.0265864
  0.00570057  -0.00836894  -0.00112049
 -0.00836894    0.0249244    0.0143689
 -0.00112049    0.0143689    0.0156683
  0.00594458  -0.00832096 -0.000640137
 -0.00832096    0.0237525    0.0135855
-0.000640137    0.0135855    0.0159195
  0.00621209  -0.00829219  -0.00118383
 -0.00829219    0.0200398    0.0127333
 -0.00118383    0.0127333    0.0172052
  0.00647206  -0.00824609 -0.000670309
 -0.00824609    0.0191685     0.011998
-0.000670309     0.011998    0.0172949
  0.00623078   -0.0082439 -0.000164909
  -0.0082439    0.0226433    0.0129181
-0.000164909    0.0129181    0.0161002
  0.00672489  -0.00816161  -0.00117408
 -0.00816161    0.0159716    0.0109624
 -0.00117408    0.0109624    0.0184581
  0.00676246  -0.00815285 -0.000180768
 -0.00815285    0.0184022    0.0114829
