           0            0            0
           0            0            0
           0            0            0
   0.0187798  -0.00148873   0.00197325
 -0.00148873  0.000176133  0.000560588
  0.00197325  0.000560588    0.0137386
   0.0165439  -0.00107394   0.00452857
 -0.00107394  0.000133484  0.000563922
  0.00452857  0.000563922    0.0169303
   0.0141753 -0.000943011   0.00684651
-0.000943011  0.000135277  0.000372103
  0.00684651  0.000372103    0.0186394
   0.0135865   -0.0010847   0.00791407
  -0.0010847   0.00016889  0.000152025
  0.00791407  0.000152025    0.0187657
   0.0137219  -0.00133709   0.00755597
 -0.00133709  0.000211128 -1.41415e-05
  0.00755597 -1.41415e-05    0.0191891
   0.0119978  -0.00124483   0.00632917
 -0.00124483  0.000192111 -0.000113685
  0.00632917 -0.000113685    0.0172149
   0.0125483  -0.00147806   0.00570436
 -0.00147806  0.000230679 -0.000310508
  0.00570436 -0.000310508    0.0184693
   0.0139112  -0.00154093    0.0068656
 -0.00154093  0.000243803 -0.000213497
   0.0068656 -0.000213497    0.0196464
   0.0124433  -0.00157731   0.00439554
 -0.00157731  0.000261694 -0.000584729
  0.00439554 -0.000584729    0.0194998
   0.0139384  -0.00167452   0.00564376
 -0.00167452  0.000273094 -0.000500242
  0.00564376 -0.000500242    0.0207004
   0.0124815  -0.00157111   0.00284764
 -0.00157111  0.000291387 -0.000924441
  0.00284764 -0.000924441    0.0207702
   0.0141626  -0.00178606   0.00513616
 -0.00178606  0.000294193  -0.00072629
  0.00513616  -0.00072629    0.0209924
   0.0276236 -0.000338109   0.00833359
-0.000338109  0.000365466   0.00192775
  0.00833359   0.00192775    0.0165764
   0.0237457 -0.000391698    0.0104803
-0.000391698  0.000500278   0.00239944
   0.0104803   0.00239944    0.0199051
   0.0238129 -8.60095e-05     0.010365
-8.60095e-05  0.000409045    0.0023256
    0.010365    0.0023256      0.01986
   0.0213736 -0.000102711    0.0121178
-0.000102711  0.000513509   0.00264998
   0.0121178   0.00264998    0.0224473
   0.0211603 -0.000401605    0.0121308
-0.000401605  0.000605863   0.00268918
   0.0121308   0.00268918    0.0224452
   0.0210639 -9.88194e-06    0.0117927
-9.88194e-06  0.000422184   0.00243408
   0.0117927   0.00243408    0.0222966
   0.0197207  -0.00024748    0.0126814
 -0.00024748  0.000575408   0.00271347
   0.0126814   0.00271347    0.0236306
   0.0195066 -0.000140563    0.0124023
-0.000140563  0.000484814   0.00253185
   0.0124023   0.00253185    0.0234811
   0.0190704 -0.000404598    0.0123934
-0.000404598  0.000504326   0.00239537
   0.0123934   0.00239537    0.0237589
   0.0194389 -0.000517358    0.0126292
-0.000517358  0.000663251   0.00272892
   0.0126292   0.00272892      0.02361
   0.0192537 -0.000527738    0.0126592
-0.000527738  0.000589104   0.00254263
   0.0126592   0.00254263    0.0239281
   0.0189581 -0.000775116    0.0125819
-0.000775116  0.000671354   0.00254678
   0.0125819   0.00254678    0.0239237
   0.0191312   -0.0002287    0.0120446
  -0.0002287  0.000394503   0.00217129
   0.0120446   0.00217129    0.0233384
   0.0186985 -0.000463042     0.012022
-0.000463042   0.00042083   0.00207253
    0.012022   0.00207253    0.0235849
    0.018426  -0.00066541    0.0117574
 -0.00066541  0.000345676    0.0016187
   0.0117574    0.0016187    0.0235332
   0.0188828 -0.000459324     0.011822
-0.000459324  0.000313511   0.00168973
    0.011822   0.00168973    0.0233342
   0.0206668 -0.000134305    0.0114562
-0.000134305   0.00033432   0.00205125
   0.0114562   0.00205125    0.0221886
   0.0204737 -0.000396682    0.0113086
-0.000396682  0.000258971   0.00156842
   0.0113086   0.00156842    0.0222438
   0.0230186 -0.000221589   0.00975117
-0.000221589  0.000253102   0.00170911
  0.00975117   0.00170911    0.0196668
   0.0234084 -3.87936e-05     0.010022
-3.87936e-05  0.000325733   0.00208695
    0.010022   0.00208695    0.0197209
    0.026934 -0.000180447   0.00779375
-0.000180447  0.000226967   0.00158092
  0.00779375   0.00158092    0.0163828
   0.0229051 -0.000521484   0.00950463
-0.000521484   0.00019548   0.00129119
  0.00950463   0.00129119    0.0197888
   0.0264366 -0.000441434   0.00754988
-0.000441434  0.000177577   0.00125976
  0.00754988   0.00125976    0.0163376
   0.0267747 -0.000838762   0.00713886
-0.000838762  0.000149731  0.000948657
  0.00713886  0.000948657    0.0165371
   0.0274393 -0.000107525   0.00811105
-0.000107525  0.000288616   0.00182363
  0.00811105   0.00182363    0.0164874
   0.0186286  -0.00110533    0.0119961
 -0.00110533  0.000635316   0.00220001
   0.0119961   0.00220001    0.0236931
   0.0189186 -0.000891306    0.0120654
-0.000891306  0.000561312   0.00219077
   0.0120654   0.00219077     0.023653
   0.0186289  -0.00121426    0.0114242
 -0.00121426  0.000506145   0.00172058
   0.0114242   0.00172058    0.0233836
   0.0183379  -0.00138608    0.0113485
 -0.00138608   0.00056738   0.00173635
   0.0113485   0.00173635    0.0234541
   0.0184265  -0.00107999    0.0111415
 -0.00107999  0.000441418   0.00162427
   0.0111415   0.00162427    0.0231476
   0.0183712  -0.00148461    0.0107246
 -0.00148461  0.000436134   0.00115965
   0.0107246   0.00115965    0.0230941
   0.0181542   -0.0013577    0.0104425
  -0.0013577  0.000385071   0.00109069
   0.0104425   0.00109069    0.0228341
   0.0179343  -0.00157087   0.00972527
 -0.00157087  0.000329654  0.000500738
  0.00972527  0.000500738    0.0225219
   0.0180688  -0.00160811    0.0106237
 -0.00160811  0.000481241   0.00118532
   0.0106237   0.00118532    0.0231831
   0.0181647  -0.00168828   0.00999706
 -0.00168828  0.000366853  0.000545082
  0.00999706  0.000545082    0.0228007
   0.0178326  -0.00176633   0.00985198
 -0.00176633  0.000397599   0.00058463
  0.00985198   0.00058463    0.0228917
   0.0177383  -0.00131921    0.0100132
 -0.00131921  0.000338748  0.000919314
   0.0100132  0.000919314    0.0225494
   0.0174739  -0.00150939   0.00927106
 -0.00150939  0.000296477  0.000385922
  0.00927106  0.000385922    0.0221994
   0.0171306  -0.00154801   0.00887593
 -0.00154801   0.00027554  0.000182382
  0.00887593  0.000182382    0.0219585
   0.0174467  -0.00140005   0.00966743
 -0.00140005  0.000305241   0.00064167
  0.00966743   0.00064167    0.0223659
   0.0180428  -0.00106914    0.0107365
 -0.00106914  0.000381366   0.00139746
   0.0107365   0.00139746    0.0229008
    0.017777  -0.00119309    0.0104296
 -0.00119309  0.000334653   0.00105164
   0.0104296   0.00105164    0.0227681
   0.0183656 -0.000780228    0.0114076
-0.000780228  0.000411398   0.00179008
   0.0114076   0.00179008    0.0232398
   0.0187298 -0.000757499    0.0117905
-0.000757499  0.000483447    0.0020681
   0.0117905    0.0020681    0.0234484
   0.0180932 -0.000945011    0.0111247
-0.000945011  0.000349036   0.00138441
   0.0111247   0.00138441    0.0231534
   0.0154317  -0.00175735   0.00723029
 -0.00175735  0.000280646 -0.000310422
  0.00723029 -0.000310422    0.0213125
   0.0153053  -0.00160149   0.00786192
 -0.00160149  0.000264259  -6.6444e-05
  0.00786192  -6.6444e-05    0.0210337
   0.0169068  -0.00156724   0.00943952
 -0.00156724  0.000284434  0.000240359
  0.00943952  0.000240359    0.0222105
   0.0149864  -0.00138396   0.00853043
 -0.00138396    0.0002349  0.000126744
  0.00853043  0.000126744     0.020425
   0.0169388  -0.00134838    0.0100242
 -0.00134838   0.00026614  0.000478952
   0.0100242  0.000478952     0.022443
   0.0169093  -0.00107635    0.0104849
 -0.00107635  0.000233813  0.000663925
   0.0104849  0.000663925    0.0224364
   0.0150516  -0.00113171   0.00910935
 -0.00113171   0.00019742  0.000305218
  0.00910935  0.000305218    0.0203308
   0.0179731  -0.00120923    0.0109778
 -0.00120923  0.000306442  0.000885204
   0.0109778  0.000885204    0.0232018
   0.0181666 -0.000941208    0.0115521
-0.000941208  0.000288082   0.00108572
   0.0115521   0.00108572    0.0235731
   0.0176541  -0.00142142    0.0102476
 -0.00142142   0.00030694  0.000612831
   0.0102476  0.000612831    0.0227634
   0.0173235  -0.00158482   0.00943987
 -0.00158482  0.000292853  0.000277259
  0.00943987  0.000277259    0.0222934
   0.0166972  -0.00171603   0.00875476
 -0.00171603  0.000286533 -5.55581e-05
  0.00875476 -5.55581e-05    0.0219848
   0.0165703  -0.00182187     0.008092
 -0.00182187  0.000287302  -0.00039186
    0.008092  -0.00039186    0.0215134
   0.0169774  -0.00168606   0.00859623
 -0.00168606  0.000274361 -0.000102537
  0.00859623 -0.000102537    0.0218224
   0.0153776  -0.00184114   0.00671495
 -0.00184114  0.000290901 -0.000607308
  0.00671495 -0.000607308    0.0212572
   0.0155499 -0.000939799   0.00869251
-0.000939799  0.000155708  0.000455962
  0.00869251  0.000455962    0.0202515
   0.0177281 -0.000992357   0.00705051
-0.000992357  0.000136635  0.000589502
  0.00705051  0.000589502    0.0190367
   0.0186932 -0.000865952   0.00889461
-0.000865952  0.000153339  0.000739479
  0.00889461  0.000739479    0.0205136
   0.0199893  -0.00125012   0.00424684
 -0.00125012  0.000142607  0.000593205
  0.00424684  0.000593205    0.0159753
   0.0208171  -0.00111891   0.00592065
 -0.00111891  0.000142899   0.00067036
  0.00592065   0.00067036    0.0171894
   0.0237684  -0.00150529   0.00343307
 -0.00150529  0.000165043  0.000586873
  0.00343307  0.000586873    0.0140684
   0.0219196  -0.00163036   0.00197789
 -0.00163036  0.000181237   0.00057535
  0.00197789   0.00057535    0.0134655
   0.0221816 -0.000827476   0.00828153
-0.000827476  0.000154975    0.0009276
  0.00828153    0.0009276    0.0191461
   0.0250992  -0.00117095   0.00556545
 -0.00117095  0.000141972  0.000716142
  0.00556545  0.000716142     0.015634
   0.0198888 -0.000674599     0.010591
-0.000674599  0.000197676   0.00109544
    0.010591   0.00109544    0.0218674
   0.0183978 -0.000726104    0.0114601
-0.000726104  0.000247426   0.00116164
   0.0114601   0.00116164     0.023244
   0.0171193 -0.000872656    0.0101349
-0.000872656  0.000189658  0.000750959
   0.0101349  0.000750959    0.0219051
   0.0175863    -0.001862   0.00901946
   -0.001862  0.000328847 -5.38936e-05
  0.00901946 -5.38936e-05    0.0225963
   0.0180062  -0.00183113   0.00922919
 -0.00183113  0.000311395 -0.000111029
  0.00922919 -0.000111029    0.0225154
    0.017883  -0.00188794   0.00841806
 -0.00188794  0.000293291 -0.000799557
  0.00841806 -0.000799557    0.0222518
   0.0173219  -0.00187274   0.00813392
 -0.00187274  0.000302002  -0.00072585
  0.00813392  -0.00072585    0.0223105
   0.0177108  -0.00179242   0.00820807
 -0.00179242   0.00027354  -0.00081487
  0.00820807  -0.00081487    0.0219741
   0.0177149   -0.0018634   0.00757464
  -0.0018634  0.000322225  -0.00150205
  0.00757464  -0.00150205    0.0219979
   0.0176631  -0.00178683   0.00741607
 -0.00178683  0.000305056  -0.00150451
  0.00741607  -0.00150451    0.0217419
   0.0175788  -0.00170094   0.00663645
 -0.00170094  0.000383245  -0.00217512
  0.00663645  -0.00217512    0.0215214
   0.0169983  -0.00180176   0.00722186
 -0.00180176  0.000319686  -0.00141267
  0.00722186  -0.00141267    0.0220218
   0.0174799  -0.00175435   0.00673823
 -0.00175435  0.000397856  -0.00218723
  0.00673823  -0.00218723    0.0217384
   0.0166125  -0.00165723   0.00631917
 -0.00165723  0.000388136  -0.00209134
  0.00631917  -0.00209134      0.02171
   0.0170872  -0.00165733   0.00689527
 -0.00165733  0.000283838  -0.00147881
  0.00689527  -0.00147881    0.0213412
   0.0170713  -0.00156303   0.00612244
 -0.00156303  0.000356212  -0.00210887
  0.00612244  -0.00210887    0.0211266
   0.0164281  -0.00143128   0.00549514
 -0.00143128  0.000332775  -0.00204569
  0.00549514  -0.00204569      0.02071
   0.0164869  -0.00156152   0.00632278
 -0.00156152  0.000269715  -0.00147378
  0.00632278  -0.00147378    0.0209529
    0.017131  -0.00167929   0.00770054
 -0.00167929  0.000253487 -0.000831293
  0.00770054 -0.000831293    0.0215876
   0.0166266  -0.00163233   0.00718967
 -0.00163233  0.000245441  -0.00089002
  0.00718967  -0.00089002    0.0212372
   0.0172543  -0.00163572   0.00849838
 -0.00163572   0.00026087 -0.000200981
  0.00849838 -0.000200981    0.0218722
   0.0177719  -0.00172157   0.00898027
 -0.00172157  0.000283576 -0.000138589
  0.00898027 -0.000138589    0.0222322
   0.0168346  -0.00163394   0.00804834
 -0.00163394  0.000249483 -0.000330052
  0.00804834 -0.000330052    0.0215742
   0.0161415  -0.00144696   0.00540531
 -0.00144696  0.000509226  -0.00278161
  0.00540531  -0.00278161    0.0213807
   0.0171669  -0.00157214   0.00587336
 -0.00157214  0.000520741  -0.00287285
  0.00587336  -0.00287285    0.0214691
   0.0168106  -0.00128049   0.00495606
 -0.00128049    0.0007163  -0.00357634
  0.00495606  -0.00357634    0.0212038
   0.0156227  -0.00113619   0.00446875
 -0.00113619  0.000715125  -0.00350439
  0.00446875  -0.00350439     0.021055
   0.0172859  -0.00126048   0.00497368
 -0.00126048  0.000684614  -0.00351767
  0.00497368  -0.00351767    0.0211226
   0.0163571 -0.000882601   0.00399964
-0.000882601  0.000989473  -0.00430093
  0.00399964  -0.00430093    0.0209657
    0.017063 -0.000881013   0.00405365
-0.000881013  0.000931314    -0.004206
  0.00405365    -0.004206    0.0209673
   0.0167139 -0.000395981   0.00311552
-0.000395981   0.00124687   -0.0048861
  0.00311552   -0.0048861     0.020846
   0.0150309 -0.000716645   0.00354333
-0.000716645   0.00100796  -0.00426011
  0.00354333  -0.00426011      0.02076
   0.0157745 -0.000373727    0.0030527
-0.000373727    0.0013428  -0.00502597
   0.0030527  -0.00502597    0.0207613
   0.0143707 -0.000190233   0.00266099
-0.000190233   0.00139748  -0.00503209
  0.00266099  -0.00503209    0.0205103
   0.0169902 -0.000747276   0.00359718
-0.000747276  0.000849502  -0.00400954
  0.00359718  -0.00400954    0.0207162
    0.016899 -0.000274592    0.0026872
-0.000274592   0.00112206  -0.00463498
   0.0026872  -0.00463498    0.0206797
   0.0165468 -9.17294e-05   0.00192534
-9.17294e-05  0.000994187  -0.00433691
  0.00192534  -0.00433691    0.0203467
   0.0164716 -0.000565544   0.00285364
-0.000565544  0.000762529  -0.00377456
  0.00285364  -0.00377456    0.0203287
   0.0170184  -0.00112006   0.00449138
 -0.00112006  0.000630301  -0.00336895
  0.00449138  -0.00336895    0.0208015
   0.0164216 -0.000950039   0.00377578
-0.000950039  0.000573795  -0.00319334
  0.00377578  -0.00319334    0.0203808
   0.0170295  -0.00139679   0.00532975
 -0.00139679  0.000465624  -0.00273469
  0.00532975  -0.00273469    0.0209433
   0.0174364   -0.0015371   0.00583611
  -0.0015371  0.000500996  -0.00284089
  0.00583611  -0.00284089     0.021314
   0.0163931   -0.0012417   0.00466037
  -0.0012417  0.000428748  -0.00261506
  0.00466037  -0.00261506    0.0205156
   0.0157584  0.000298549  -0.00117047
 0.000298549  0.000632964  -0.00338655
 -0.00117047  -0.00338655    0.0192396
    0.015483 -0.000222477  1.46773e-06
-0.000222477  0.000532706  -0.00306863
 1.46773e-06  -0.00306863    0.0191323
   0.0155622 -0.000232904  0.000699954
-0.000232904  0.000572487   -0.0032097
 0.000699954   -0.0032097    0.0193788
   0.0154422 -0.000685171   0.00182074
-0.000685171  0.000466894  -0.00281356
  0.00182074  -0.00281356    0.0194126
   0.0153684 -0.000723982   0.00116407
-0.000723982  0.000460045  -0.00273354
  0.00116407  -0.00273354    0.0191454
   0.0156161 -0.000719598   0.00245158
-0.000719598  0.000490614  -0.00291285
  0.00245158  -0.00291285    0.0196879
   0.0154584  -0.00109789   0.00289398
 -0.00109789  0.000392977  -0.00242669
  0.00289398  -0.00242669    0.0195726
   0.0156154  -0.00107765   0.00347507
 -0.00107765  0.000388628  -0.00245981
  0.00347507  -0.00245981    0.0198502
   0.0157738  -0.00136385   0.00445093
 -0.00136385  0.000329101  -0.00202152
  0.00445093  -0.00202152    0.0200919
    0.015258  -0.00117437   0.00221251
 -0.00117437  0.000410326  -0.00240408
  0.00221251  -0.00240408    0.0192517
   0.0156221  -0.00144564   0.00392082
 -0.00144564  0.000355041  -0.00206352
  0.00392082  -0.00206352    0.0198206
    0.015043  -0.00150218   0.00308612
 -0.00150218  0.000381448  -0.00207256
  0.00308612  -0.00207256    0.0193187
    0.015878  -0.00112932   0.00402535
 -0.00112932  0.000402319  -0.00252201
  0.00402535  -0.00252201    0.0201433
    0.015973  -0.00136023   0.00493521
 -0.00136023  0.000321591  -0.00201551
  0.00493521  -0.00201551    0.0203667
   0.0158988 -0.000811736   0.00307001
-0.000811736  0.000525385  -0.00303706
  0.00307001  -0.00303706    0.0199933
   0.0159616 -0.000408961   0.00206462
-0.000408961  0.000685721  -0.00355453
  0.00206462  -0.00355453     0.019942
   0.0157094  -0.00029905   0.00137514
 -0.00029905   0.00062284   -0.0033679
  0.00137514   -0.0033679    0.0196363
   0.0158366   0.00019418  0.000281281
  0.00019418  0.000784098  -0.00380162
 0.000281281  -0.00380162    0.0196832
   0.0160629  7.79488e-05   0.00106183
 7.79488e-05  0.000879668  -0.00405017
  0.00106183  -0.00405017    0.0199809
   0.0157771  0.000265281 -0.000439078
 0.000265281  0.000702931  -0.00358447
-0.000439078  -0.00358447    0.0194515
    0.014523   -0.0016851   0.00363035
  -0.0016851  0.000353055  -0.00173276
  0.00363035  -0.00173276    0.0195088
   0.0156987  -0.00171601   0.00485855
 -0.00171601  0.000332615  -0.00170617
  0.00485855  -0.00170617    0.0200974
   0.0155567  -0.00186074   0.00567461
 -0.00186074  0.000315897  -0.00132283
  0.00567461  -0.00132283     0.020298
   0.0140914  -0.00175736   0.00387851
 -0.00175736  0.000329318  -0.00138972
  0.00387851  -0.00138972    0.0202844
   0.0162167  -0.00178471   0.00641016
 -0.00178471  0.000282783  -0.00117404
  0.00641016  -0.00117404    0.0207663
   0.0153414  -0.00188676   0.00630258
 -0.00188676  0.000300043 -0.000942139
  0.00630258 -0.000942139    0.0205574
   0.0163918  -0.00185827   0.00730836
 -0.00185827  0.000281084 -0.000770157
  0.00730836 -0.000770157    0.0211598
   0.0140593  -0.00179636   0.00436283
 -0.00179636  0.000309228  -0.00105637
  0.00436283  -0.00105637    0.0210855
   0.0166283  -0.00172435   0.00770623
 -0.00172435  0.000255322 -0.000529924
  0.00770623 -0.000529924    0.0213726
   0.0163528  -0.00167487   0.00678382
 -0.00167487  0.000252454  -0.00100676
  0.00678382  -0.00100676    0.0209801
   0.0161321  -0.00154783   0.00584074
 -0.00154783  0.000271564  -0.00151264
  0.00584074  -0.00151264    0.0206461
   0.0159786  -0.00160912   0.00541918
 -0.00160912  0.000293387  -0.00159625
  0.00541918  -0.00159625    0.0203991
   0.0129028  -0.00165108   0.00252621
 -0.00165108  0.000312429  -0.00114522
  0.00252621  -0.00114522    0.0213545
   0.0132057  -0.00165511   0.00220175
 -0.00165511  0.000334272  -0.00144621
  0.00220175  -0.00144621    0.0210656
    0.011695  -0.00140335  0.000329462
 -0.00140335  0.000319289  -0.00137584
 0.000329462  -0.00137584    0.0208611
    0.013306  -0.00155397   0.00165922
 -0.00155397  0.000358886  -0.00175776
  0.00165922  -0.00175776    0.0203926
   0.0122305  -0.00141775  2.74888e-05
 -0.00141775  0.000351869  -0.00171502
 2.74888e-05  -0.00171502    0.0209694
   0.0128602  -0.00133025 -0.000125851
 -0.00133025   0.00038712  -0.00201451
-0.000125851  -0.00201451    0.0203608
   0.0137894  -0.00141124   0.00140006
 -0.00141124  0.000384548  -0.00203368
  0.00140006  -0.00203368    0.0195207
   0.0115367  -0.00109738  -0.00176515
 -0.00109738  0.000343484  -0.00182131
 -0.00176515  -0.00182131     0.020711
   0.0143927  -0.00118515   0.00113889
 -0.00118515  0.000412774  -0.00230554
  0.00113889  -0.00230554    0.0187235
    0.015048 -0.000789151  0.000341583
-0.000789151   0.00045138  -0.00262251
 0.000341583  -0.00262251    0.0187834
   0.0142011 -0.000774325 -0.000986467
-0.000774325  0.000432409  -0.00248941
-0.000986467  -0.00248941    0.0189783
   0.0155012 -0.000284205  -0.00072862
-0.000284205  0.000500648  -0.00291863
 -0.00072862  -0.00291863    0.0188762
   0.0151616 -0.000325783  -0.00174344
-0.000325783   0.00046374   -0.0027457
 -0.00174344   -0.0027457    0.0188578
   0.0159576  0.000193895  -0.00271346
 0.000193895   0.00050856  -0.00295818
 -0.00271346  -0.00295818    0.0188718
   0.0157867  0.000280712  -0.00194047
 0.000280712   0.00056748  -0.00318009
 -0.00194047  -0.00318009    0.0190115
   0.0141638 -0.000322749  -0.00294466
-0.000322749  0.000412759   -0.0025095
 -0.00294466   -0.0025095    0.0189359
   0.0155345  0.000147392  -0.00374238
 0.000147392  0.000438906  -0.00270106
 -0.00374238  -0.00270106    0.0189446
   0.0144553  5.75074e-05  -0.00446739
 5.75074e-05  0.000368419  -0.00238479
 -0.00446739  -0.00238479     0.018715
   0.0133699 -0.000319865  -0.00381497
-0.000319865  0.000365634  -0.00231021
 -0.00381497  -0.00231021    0.0194062
    0.013409  -0.00070051  -0.00227401
 -0.00070051  0.000401492  -0.00236779
 -0.00227401  -0.00236779    0.0196222
   0.0122555 -0.000692643  -0.00324389
-0.000692643   0.00036529  -0.00216955
 -0.00324389  -0.00216955     0.020739
   0.0124625  -0.00101299   -0.0019512
 -0.00101299  0.000380461  -0.00212692
  -0.0019512  -0.00212692    0.0203967
   0.0134858  -0.00110027 -0.000571673
 -0.00110027  0.000404689  -0.00225454
-0.000571673  -0.00225454    0.0197422
   0.0125256 -0.000283727  -0.00449402
-0.000283727  0.000332669  -0.00218138
 -0.00449402  -0.00218138    0.0198617
   0.0134213  2.11327e-05  -0.00492832
 2.11327e-05  0.000305046  -0.00206794
 -0.00492832  -0.00206794    0.0180651
  0.00765911  -0.00522396   -0.0018547
 -0.00522396   0.00441385    0.0041197
  -0.0018547    0.0041197    0.0226655
  0.00755149  -0.00549109  -0.00159863
 -0.00549109   0.00462993   0.00354634
 -0.00159863   0.00354634    0.0228063
  0.00737869  -0.00485667  -0.00107129
 -0.00485667    0.0036364   0.00221066
 -0.00107129   0.00221066      0.02311
  0.00741321  -0.00510773 -0.000791979
 -0.00510773   0.00385741   0.00195972
-0.000791979   0.00195972    0.0233395
  0.00757156   -0.0056968  -0.00125695
  -0.0056968   0.00478592   0.00320559
 -0.00125695   0.00320559    0.0229551
  0.00722429  -0.00454866 -0.000295767
 -0.00454866   0.00306398  0.000895244
-0.000295767  0.000895244    0.0236914
  0.00757174  -0.00525812 -0.000427133
 -0.00525812   0.00395865   0.00202026
-0.000427133   0.00202026    0.0235801
  0.00739456  -0.00472741  1.46348e-05
 -0.00472741   0.00319561   0.00100881
 1.46348e-05   0.00100881    0.0240065
  0.00767208  -0.00483083   0.00039779
 -0.00483083   0.00327394   0.00134999
  0.00039779   0.00134999    0.0243131
  0.00771552  -0.00580549 -0.000834158
 -0.00580549    0.0048428   0.00317303
-0.000834158   0.00317303    0.0231181
  0.00783301  -0.00533176  1.26156e-05
 -0.00533176   0.00402294   0.00231273
 1.26156e-05   0.00231273    0.0238109
  0.00795705  -0.00584911 -0.000348442
 -0.00584911   0.00489909   0.00338756
-0.000348442   0.00338756    0.0232786
  0.00721731  -0.00428296  0.000418685
 -0.00428296   0.00262005  0.000302582
 0.000418685  0.000302582     0.024388
  0.00749622    -0.004396  0.000756936
   -0.004396   0.00269829  0.000640807
 0.000756936  0.000640807    0.0247643
   0.0073429  -0.00407866   0.00107339
 -0.00407866   0.00234039  0.000161836
  0.00107339  0.000161836    0.0251706
  0.00750803  -0.00418123  0.000598127
 -0.00418123   0.00237563 -5.62841e-05
 0.000598127 -5.62841e-05    0.0248733
  0.00730724  -0.00422295  3.75933e-05
 -0.00422295    0.0025259  0.000228925
 3.75933e-05  0.000228925    0.0241053
  0.00786797  -0.00422851  0.000212602
 -0.00422851   0.00233369  -0.00010448
 0.000212602  -0.00010448     0.024551
  0.00747207  -0.00402351 -0.000187199
 -0.00402351   0.00229319  0.000406112
-0.000187199  0.000406112    0.0237781
  0.00726894  -0.00431426 -0.000576982
 -0.00431426   0.00282664   0.00111183
-0.000576982   0.00111183     0.023433
   0.0073836   -0.0039844 -0.000697077
  -0.0039844    0.0025049   0.00152048
-0.000697077   0.00152048    0.0231289
  0.00811336   -0.0040273 -6.26274e-05
  -0.0040273   0.00209248  0.000148892
-6.26274e-05  0.000148892    0.0227358
  0.00758651  -0.00368097 -0.000282606
 -0.00368097    0.0019596  0.000797197
-0.000282606  0.000797197     0.022863
  0.00813866  -0.00367966 -0.000133843
 -0.00367966   0.00178796  0.000509167
-0.000133843  0.000509167     0.022013
  0.00748209  -0.00454542  -0.00125421
 -0.00454542   0.00334619   0.00268887
 -0.00125421   0.00268887    0.0228826
  0.00826785  -0.00581737  0.000163626
 -0.00581737     0.004941   0.00381282
 0.000163626   0.00381282    0.0233968
  0.00816999  -0.00532994  0.000481721
 -0.00532994   0.00405577   0.00279482
 0.000481721   0.00279482    0.0240029
  0.00852788  -0.00525056  0.000923444
 -0.00525056   0.00409641   0.00339934
 0.000923444   0.00339934    0.0241275
  0.00859285  -0.00570264  0.000641262
 -0.00570264   0.00500364   0.00439214
 0.000641262   0.00439214    0.0234414
  0.00840721  -0.00480916   0.00121523
 -0.00480916   0.00331528   0.00245502
  0.00121523   0.00245502    0.0247922
  0.00881538  -0.00506632   0.00125602
 -0.00506632    0.0041248   0.00412048
  0.00125602   0.00412048    0.0241898
   0.0087316  -0.00467088   0.00151008
 -0.00467088   0.00331571   0.00313513
  0.00151008   0.00313513    0.0249419
   0.0089106  -0.00446498   0.00164472
 -0.00446498   0.00331185   0.00378937
  0.00164472   0.00378937    0.0250365
   0.0088371  -0.00546939   0.00100687
 -0.00546939   0.00506521   0.00511283
  0.00100687   0.00511283    0.0234229
  0.00894592  -0.00480281   0.00142836
 -0.00480281   0.00415202   0.00483471
  0.00142836   0.00483471     0.024201
  0.00892402  -0.00515755   0.00120772
 -0.00515755   0.00513394   0.00585929
  0.00120772   0.00585929    0.0233549
  0.00860097  -0.00432951   0.00173152
 -0.00432951   0.00270209   0.00228025
  0.00173152   0.00228025    0.0256547
  0.00881656  -0.00417344    0.0018341
 -0.00417344   0.00267624   0.00282815
   0.0018341   0.00282815    0.0258297
  0.00868603  -0.00395773    0.0019955
 -0.00395773   0.00225321   0.00197283
   0.0019955   0.00197283    0.0265631
  0.00844477  -0.00407303   0.00192492
 -0.00407303   0.00229475   0.00154881
  0.00192492   0.00154881    0.0263129
   0.0082526  -0.00442901   0.00147643
 -0.00442901   0.00272178   0.00167982
  0.00147643   0.00167982    0.0254156
  0.00808843  -0.00413938   0.00170757
 -0.00413938   0.00233355    0.0010565
  0.00170757    0.0010565    0.0259882
  0.00786182  -0.00444561    0.0011268
 -0.00444561   0.00272034   0.00112862
   0.0011268   0.00112862     0.025114
  0.00802567  -0.00485516  0.000817919
 -0.00485516   0.00329748   0.00185628
 0.000817919   0.00185628    0.0245809
  0.00769727  -0.00413155   0.00140407
 -0.00413155   0.00234544  0.000588669
  0.00140407  0.000588669    0.0255977
   0.0129393  -0.00644124 -0.000686979
 -0.00644124   0.00330597   0.00131696
-0.000686979   0.00131696    0.0205591
   0.0117401  -0.00598059 -7.20274e-05
 -0.00598059   0.00313387   0.00107954
-7.20274e-05   0.00107954    0.0216096
  0.00989808  -0.00479676  0.000897049
 -0.00479676   0.00241663  0.000722607
 0.000897049  0.000722607    0.0238852
  0.00937472  -0.00471714   0.00103986
 -0.00471714   0.00244924  0.000546639
  0.00103986  0.000546639     0.024072
   0.0118473   -0.0062155 -0.000269351
  -0.0062155   0.00334637   0.00115543
-0.000269351   0.00115543    0.0211553
  0.00820326  -0.00405556   0.00150312
 -0.00405556    0.0020934  0.000437117
  0.00150312  0.000437117    0.0250651
  0.00953304  -0.00491883  0.000809712
 -0.00491883   0.00260688  0.000492371
 0.000809712  0.000492371    0.0238491
  0.00798051  -0.00406517   0.00136413
 -0.00406517   0.00213397  0.000200726
  0.00136413  0.000200726    0.0250785
   0.0086348  -0.00448814  0.000937286
 -0.00448814   0.00238629  7.07053e-05
 0.000937286  7.07053e-05    0.0252214
   0.0113872  -0.00609929 -0.000425249
 -0.00609929   0.00335403   0.00120544
-0.000425249   0.00120544    0.0202212
  0.00990133      -0.0052  0.000120762
     -0.0052   0.00280428  0.000632425
 0.000120762  0.000632425    0.0218558
   0.0115294  -0.00624607 -0.000799168
 -0.00624607   0.00348452    0.0013461
-0.000799168    0.0013461    0.0191743
  0.00751345  -0.00388977   0.00156981
 -0.00388977   0.00209808   0.00024789
  0.00156981   0.00024789    0.0255247
  0.00772547  -0.00410669    0.0011482
 -0.00410669   0.00223772 -1.44187e-05
   0.0011482 -1.44187e-05    0.0254053
  0.00796878  -0.00395938   0.00172843
 -0.00395938   0.00210322    0.0006406
  0.00172843    0.0006406    0.0258013
  0.00842001  -0.00396378   0.00184339
 -0.00396378   0.00207035   0.00102904
  0.00184339   0.00102904    0.0262545
  0.00890299  -0.00420538   0.00144907
 -0.00420538   0.00211114    0.0007346
  0.00144907    0.0007346    0.0250809
  0.00957375  -0.00431829   0.00135375
 -0.00431829   0.00211123  0.000973875
  0.00135375  0.000973875    0.0255215
  0.00877055  -0.00392477   0.00182336
 -0.00392477   0.00203328    0.0013618
  0.00182336    0.0013618      0.02662
   0.0109048  -0.00511639  0.000462205
 -0.00511639   0.00251051  0.000970846
 0.000462205  0.000970846    0.0232954
   0.0115967  -0.00624804 -0.000905452
 -0.00624804   0.00347783   0.00134603
-0.000905452   0.00134603    0.0186905
   0.0104541  -0.00541217 -0.000424482
 -0.00541217   0.00288626  0.000741201
-0.000424482  0.000741201    0.0201537
   0.0113446  -0.00564507  -0.00087341
 -0.00564507   0.00293386   0.00102147
 -0.00087341   0.00102147    0.0198203
   0.0120886  -0.00632334  -0.00113437
 -0.00632334   0.00344891   0.00149821
 -0.00113437   0.00149821    0.0187068
   0.0101742  -0.00495972 -0.000373981
 -0.00495972   0.00252221  0.000507343
-0.000373981  0.000507343    0.0211569
   0.0116683  -0.00527879 -0.000760415
 -0.00527879   0.00259651    0.0012164
-0.000760415    0.0012164      0.01965
   0.0109019  -0.00488392 -0.000472386
 -0.00488392   0.00232365   0.00061077
-0.000472386   0.00061077     0.021013
   0.0107891  -0.00441174 -0.000433379
 -0.00441174   0.00196394  0.000760293
-0.000433379  0.000760293    0.0214024
    0.012059  -0.00575762  -0.00112688
 -0.00575762   0.00299869   0.00174182
 -0.00112688   0.00174182     0.017746
   0.0115233   -0.0046356 -0.000629352
  -0.0046356   0.00211486   0.00135467
-0.000629352   0.00135467    0.0191897
   0.0122276  -0.00522763 -0.000930268
 -0.00522763   0.00262202   0.00206491
-0.000930268   0.00206491    0.0179474
   0.0092851  -0.00430756 -0.000294885
 -0.00430756   0.00210676  0.000338745
-0.000294885  0.000338745    0.0215409
  0.00907151   -0.0038005 -0.000189026
  -0.0038005   0.00172657  0.000576756
-0.000189026  0.000576756    0.0215361
  0.00882149  -0.00444898  4.73919e-07
 -0.00444898   0.00231144   5.5745e-05
 4.73919e-07   5.5745e-05     0.022745
   0.0082453  -0.00435359  0.000646194
 -0.00435359   0.00234202 -0.000140643
 0.000646194 -0.000140643    0.0253519
  0.00928154  -0.00475261    8.627e-05
 -0.00475261   0.00249189  0.000235138
   8.627e-05  0.000235138     0.022613
  0.00882302  -0.00482501   0.00123735
 -0.00482501    0.0051843   0.00652665
  0.00123735   0.00652665    0.0232488
   0.0088908  -0.00451872   0.00142339
 -0.00451872   0.00416078   0.00544703
  0.00142339   0.00544703    0.0241685
   0.0086738   -0.0042638    0.0012732
  -0.0042638   0.00416122   0.00589178
   0.0012732   0.00589178    0.0240994
  0.00857406  -0.00453175   0.00112561
 -0.00453175   0.00523932   0.00704479
  0.00112561   0.00704479    0.0231163
  0.00871732  -0.00402134   0.00140666
 -0.00402134   0.00325659   0.00468629
  0.00140666   0.00468629    0.0250669
  0.00835332   -0.0040457   0.00102159
  -0.0040457   0.00414527   0.00619709
  0.00102159   0.00619709    0.0240229
  0.00842502  -0.00383626   0.00111116
 -0.00383626    0.0032008   0.00490252
  0.00111116   0.00490252    0.0250404
  0.00807693  -0.00365764  0.000761346
 -0.00365764   0.00313019   0.00502928
 0.000761346   0.00502928    0.0250177
  0.00823059  -0.00427468  0.000915943
 -0.00427468   0.00527203   0.00742302
 0.000915943   0.00742302    0.0229857
  0.00798112  -0.00383664  0.000714937
 -0.00383664   0.00410436   0.00640285
 0.000714937   0.00640285    0.0239527
  0.00785467  -0.00403366  0.000646986
 -0.00403366   0.00527557   0.00770428
 0.000646986   0.00770428    0.0228632
  0.00844697  -0.00367202   0.00117456
 -0.00367202   0.00250071   0.00364994
  0.00117456   0.00364994    0.0259952
  0.00812532  -0.00351696  0.000786196
 -0.00351696   0.00241347    0.0036818
 0.000786196    0.0036818    0.0260048
  0.00812901  -0.00342668  0.000806379
 -0.00342668   0.00196469   0.00242664
 0.000806379   0.00242664    0.0269013
  0.00842309  -0.00356124   0.00123059
 -0.00356124   0.00205156   0.00247203
  0.00123059   0.00247203    0.0268694
  0.00870806  -0.00382651     0.001514
 -0.00382651    0.0025824   0.00352588
    0.001514   0.00352588    0.0259805
  0.00865266  -0.00368774   0.00161037
 -0.00368774   0.00213522   0.00243664
  0.00161037   0.00243664    0.0268195
  0.00885207  -0.00399544   0.00175311
 -0.00399544   0.00263696   0.00325957
  0.00175311   0.00325957    0.0259347
  0.00889707  -0.00423263   0.00160184
 -0.00423263   0.00329069   0.00432468
  0.00160184   0.00432468    0.0250745
  0.00875482  -0.00381896   0.00188632
 -0.00381896   0.00219652   0.00227633
  0.00188632   0.00227633    0.0267279
  0.00747257  -0.00379795  0.000333723
 -0.00379795   0.00523787   0.00794706
 0.000333723   0.00794706    0.0227361
  0.00760049  -0.00361684  0.000362714
 -0.00361684   0.00402506   0.00657872
 0.000362714   0.00657872    0.0238758
  0.00722576  -0.00338656 -2.63475e-05
 -0.00338656    0.0039301   0.00676422
-2.63475e-05   0.00676422    0.0237851
  0.00710289  -0.00356406 -1.18651e-05
 -0.00356406   0.00518855    0.0081853
-1.18651e-05    0.0081853    0.0225966
  0.00732905  -0.00322594 -5.71493e-05
 -0.00322594   0.00290256   0.00525013
-5.71493e-05   0.00525013    0.0249257
  0.00686717  -0.00316823 -0.000444362
 -0.00316823   0.00383873    0.0069479
-0.000444362    0.0069479    0.0236909
  0.00696765   -0.0029947 -0.000515709
  -0.0029947   0.00277241   0.00538507
-0.000515709   0.00538507     0.024858
  0.00666915  -0.00278122 -0.000937029
 -0.00278122   0.00265005   0.00552606
-0.000937029   0.00552606     0.024616
  0.00675338    -0.003347 -0.000379235
   -0.003347   0.00514081   0.00840352
-0.000379235   0.00840352    0.0224541
  0.00654305  -0.00296134 -0.000866971
 -0.00296134   0.00375345   0.00711973
-0.000866971   0.00711973    0.0233861
  0.00643735  -0.00314179 -0.000745472
 -0.00314179   0.00509976   0.00861004
-0.000745472   0.00861004    0.0223208
  0.00705104  -0.00286024 -0.000599915
 -0.00286024    0.0020041   0.00383613
-0.000599915   0.00383613    0.0258998
  0.00689786  -0.00265392  -0.00103886
 -0.00265392   0.00185676   0.00394776
 -0.00103886   0.00394776    0.0254403
   0.0069959  -0.00255042   -0.0010755
 -0.00255042   0.00137516   0.00250541
  -0.0010755   0.00250541    0.0265405
  0.00710869  -0.00277727 -0.000668032
 -0.00277727   0.00154066   0.00240451
-0.000668032   0.00240451    0.0267818
  0.00740994   -0.0031063 -0.000109002
  -0.0031063   0.00215922   0.00375085
-0.000109002   0.00375085    0.0259619
  0.00745531  -0.00303272 -0.000149644
 -0.00303272   0.00170752   0.00236108
-0.000149644   0.00236108    0.0268655
  0.00777344  -0.00333301  0.000355724
 -0.00333301   0.00229865   0.00369745
 0.000355724   0.00369745    0.0259994
  0.00770141  -0.00345597  0.000371131
 -0.00345597   0.00302727   0.00512757
 0.000371131   0.00512757    0.0249826
  0.00779776  -0.00325589  0.000346418
 -0.00325589   0.00184862   0.00236883
 0.000346418   0.00236883    0.0269059
   0.0129179  -0.00505425  -0.00430758
 -0.00505425   0.00203752   0.00111574
 -0.00430758   0.00111574    0.0202135
   0.0133223  -0.00539573  -0.00386778
 -0.00539573   0.00223034   0.00104463
 -0.00386778   0.00104463    0.0203206
   0.0104743  -0.00411283  -0.00260704
 -0.00411283   0.00167794  0.000649723
 -0.00260704  0.000649723    0.0237068
   0.0108325  -0.00438337  -0.00212853
 -0.00438337   0.00182908  0.000660975
 -0.00212853  0.000660975     0.023778
    0.013665  -0.00569399  -0.00341988
 -0.00569399   0.00241814   0.00101683
 -0.00341988   0.00101683    0.0203582
  0.00884643  -0.00353462  -0.00100761
 -0.00353462   0.00153079  0.000685559
 -0.00100761  0.000685559    0.0262014
   0.0111265  -0.00460888  -0.00166194
 -0.00460888   0.00196702  0.000696768
 -0.00166194  0.000696768    0.0237866
  0.00916116  -0.00374216 -0.000519888
 -0.00374216   0.00164786  0.000752849
-0.000519888  0.000752849    0.0262257
  0.00944405   -0.0039149 -3.79595e-05
  -0.0039149   0.00176505  0.000852841
-3.79595e-05  0.000852841    0.0262031
   0.0139047  -0.00595972  -0.00297705
 -0.00595972    0.0026009   0.00103572
 -0.00297705   0.00103572    0.0203226
   0.0113574  -0.00481064  -0.00119355
 -0.00481064   0.00210857  0.000796462
 -0.00119355  0.000796462    0.0237295
    0.014084  -0.00618814  -0.00252882
 -0.00618814   0.00277222   0.00111599
 -0.00252882   0.00111599    0.0202402
  0.00805807   -0.0033119  6.90247e-05
  -0.0033119   0.00161794   0.00135797
 6.90247e-05   0.00135797    0.0271288
  0.00836414  -0.00347649  0.000544827
 -0.00347649   0.00173057   0.00145723
 0.000544827   0.00145723    0.0271115
  0.00773031  -0.00310005  -0.00043123
 -0.00310005   0.00149185   0.00130421
 -0.00043123   0.00130421    0.0270906
  0.00739641   -0.0028366 -0.000957926
  -0.0028366   0.00132712   0.00130811
-0.000957926   0.00130811    0.0269872
  0.00849942  -0.00327151  -0.00151949
 -0.00327151   0.00137889  0.000670662
 -0.00151949  0.000670662    0.0261001
  0.00834461  -0.00298044  -0.00197073
 -0.00298044   0.00118039  0.000749547
 -0.00197073  0.000749547    0.0259747
  0.00740961   -0.0026143  -0.00139825
  -0.0026143    0.0011527   0.00140118
 -0.00139825   0.00140118    0.0266765
   0.0102527  -0.00381417    -0.003064
 -0.00381417   0.00149098   0.00071807
   -0.003064   0.00071807    0.0235687
   0.0141841  -0.00638549  -0.00208357
 -0.00638549   0.00293638   0.00124217
 -0.00208357   0.00124217    0.0201144
   0.0115329  -0.00496176 -0.000740917
 -0.00496176   0.00222503  0.000930881
-0.000740917  0.000930881    0.0236315
   0.0116073  -0.00509476  -0.00033175
 -0.00509476   0.00234342   0.00106703
 -0.00033175   0.00106703    0.0234781
   0.0141876  -0.00658202  -0.00162391
 -0.00658202   0.00313718   0.00132926
 -0.00162391   0.00132926    0.0200598
  0.00981358  -0.00415689  0.000835805
 -0.00415689   0.00194958    0.0010849
 0.000835805    0.0010849    0.0260197
   0.0114729  -0.00518427  9.61513e-05
 -0.00518427   0.00246004   0.00106262
 9.61513e-05   0.00106262    0.0233364
  0.00981954  -0.00425219   0.00113782
 -0.00425219   0.00202689   0.00110943
  0.00113782   0.00110943    0.0258375
   0.0136697  -0.00654549  -0.00113714
 -0.00654549   0.00322833   0.00136275
 -0.00113714   0.00136275    0.0202437
   0.0088769  -0.00380889   0.00169009
 -0.00380889   0.00195867   0.00154903
  0.00169009   0.00154903    0.0268456
    0.008814  -0.00370624   0.00139842
 -0.00370624   0.00189719   0.00160313
  0.00139842   0.00160313    0.0269807
  0.00862721  -0.00359732  0.000994223
 -0.00359732   0.00181689   0.00155322
 0.000994223   0.00155322    0.0270627
  0.00966863  -0.00405355  0.000426466
 -0.00405355   0.00186796  0.000977457
 0.000426466  0.000977457    0.0261341
  0.00583716  -0.00833055 -0.000910786
 -0.00833055    0.0247041    0.0141584
-0.000910786    0.0141584    0.0156237
  0.00603526  -0.00826492 -0.000452669
 -0.00826492    0.0235386    0.0133614
-0.000452669    0.0133614    0.0158229
  0.00634093  -0.00827943 -0.000986282
 -0.00827943    0.0199092    0.0125454
-0.000986282    0.0125454    0.0171163
  0.00654978  -0.00821338 -0.000501712
 -0.00821338    0.0190355    0.0118046
-0.000501712    0.0118046    0.0171692
  0.00626946  -0.00816647 -4.10068e-06
 -0.00816647     0.022431    0.0126837
-4.10068e-06    0.0126837    0.0159548
  0.00683487  -0.00816203 -0.000986101
 -0.00816203    0.0159044    0.0107978
-0.000986101    0.0107978    0.0183521
  0.00678318  -0.00809711 -4.60629e-05
 -0.00809711    0.0182597    0.0112833
