           0            0            0
           0            0            0
           0            0            0
   0.0323257  -0.00551671   0.00910785
 -0.00551671   0.00150092   -0.0031168
  0.00910785   -0.0031168    0.0185433
   0.0283541  -0.00420716    0.0115873
 -0.00420716  0.000901225  -0.00252324
   0.0115873  -0.00252324    0.0225536
   0.0243239  -0.00397972    0.0139412
 -0.00397972  0.000854551  -0.00211468
   0.0139412  -0.00211468    0.0249198
   0.0233647  -0.00421079    0.0149825
 -0.00421079    0.0009524  -0.00152799
   0.0149825  -0.00152799    0.0250175
   0.0234462  -0.00444821    0.0141734
 -0.00444821   0.00109175 -0.000888453
   0.0141734 -0.000888453     0.025078
   0.0212369  -0.00426614    0.0126081
 -0.00426614   0.00105058  -0.00104188
   0.0126081  -0.00104188    0.0226625
   0.0220876  -0.00450767    0.0114093
 -0.00450767   0.00116513 -0.000503187
   0.0114093 -0.000503187    0.0236869
    0.023587  -0.00458328    0.0127828
 -0.00458328   0.00117442 -0.000460392
   0.0127828 -0.000460392    0.0251591
   0.0218767  -0.00439362   0.00892688
 -0.00439362   0.00113853 -0.000231116
  0.00892688 -0.000231116    0.0243157
   0.0234888  -0.00453944    0.0104046
 -0.00453944   0.00115604 -0.000235397
   0.0104046 -0.000235397    0.0258301
   0.0218129  -0.00396386   0.00593011
 -0.00396386  0.000991635 -0.000282677
  0.00593011 -0.000282677    0.0252435
   0.0235925  -0.00444416   0.00916956
 -0.00444416   0.00107195 -0.000312296
  0.00916956 -0.000312296    0.0258996
     0.04725   0.00054659     0.017275
  0.00054659   0.00109255   0.00298444
    0.017275   0.00298444    0.0224336
   0.0415939 -0.000718503    0.0196678
-0.000718503   0.00140014   0.00387515
   0.0196678   0.00387515    0.0264073
   0.0399056 -4.35031e-05    0.0190958
-4.35031e-05   0.00107243   0.00347306
   0.0190958   0.00347306    0.0263779
   0.0368351 -0.000735342    0.0212304
-0.000735342   0.00141239   0.00409126
   0.0212304   0.00409126    0.0295067
   0.0375019  -0.00123435    0.0211902
 -0.00123435   0.00173161   0.00438431
   0.0211902   0.00438431    0.0292017
   0.0334933 -0.000689345    0.0196554
-0.000689345   0.00109504   0.00337079
   0.0196554   0.00337079    0.0289589
   0.0343639  -0.00125043    0.0214277
 -0.00125043   0.00164371    0.0042123
   0.0214277    0.0042123    0.0305675
   0.0317111  -0.00128124    0.0202795
 -0.00128124   0.00137406    0.0036139
   0.0202795    0.0036139    0.0302236
   0.0314484  -0.00181821     0.019968
 -0.00181821   0.00148411   0.00344271
    0.019968   0.00344271    0.0302404
   0.0343644  -0.00160869    0.0209518
 -0.00160869   0.00188949   0.00440048
   0.0209518   0.00440048    0.0300896
   0.0337887  -0.00178935    0.0208396
 -0.00178935   0.00166493   0.00389388
   0.0208396   0.00389388    0.0304792
    0.033388  -0.00209771    0.0200992
 -0.00209771   0.00182107   0.00397541
   0.0200992   0.00397541    0.0300056
    0.028825  -0.00166105    0.0188021
 -0.00166105   0.00111549   0.00265421
   0.0188021   0.00265421    0.0296793
   0.0285112  -0.00218976    0.0185808
 -0.00218976   0.00129948   0.00264651
   0.0185808   0.00264651    0.0297525
   0.0268804  -0.00280027    0.0178301
 -0.00280027   0.00114033   0.00162979
   0.0178301   0.00162979    0.0295899
   0.0275646  -0.00230619    0.0181899
 -0.00230619  0.000919549   0.00144289
   0.0181899   0.00144289    0.0296113
   0.0306195   -0.0010157    0.0181361
  -0.0010157   0.00082323   0.00229295
   0.0181361   0.00229295    0.0284056
   0.0299371  -0.00169305    0.0178636
 -0.00169305  0.000655464  0.000941713
   0.0178636  0.000941713    0.0285588
   0.0336795 -0.000169654    0.0159821
-0.000169654  0.000563078   0.00155289
   0.0159821   0.00155289    0.0253058
    0.036178  0.000125618    0.0172734
 0.000125618  0.000781757   0.00267435
   0.0172734   0.00267435    0.0257096
   0.0405394   0.00143918    0.0141853
  0.00143918  0.000623619   0.00168018
   0.0141853   0.00168018     0.021417
   0.0337999 -0.000976602    0.0159556
-0.000976602  0.000466839  0.000158078
   0.0159556  0.000158078    0.0257101
   0.0386977  0.000883729    0.0133363
 0.000883729  0.000456664  0.000597902
   0.0133363  0.000597902    0.0212355
   0.0404976 -0.000566968    0.0137814
-0.000566968  0.000472371 -0.000796449
   0.0137814 -0.000796449    0.0219605
   0.0443262   0.00132204    0.0160204
  0.00132204  0.000841699   0.00249832
   0.0160204   0.00249832    0.0220589
   0.0325921  -0.00263953    0.0184989
 -0.00263953   0.00158439   0.00322469
   0.0184989   0.00322469    0.0293111
   0.0333417  -0.00238349    0.0193506
 -0.00238349   0.00150043   0.00321648
   0.0193506   0.00321648    0.0296431
   0.0328895  -0.00278868    0.0177744
 -0.00278868   0.00121859   0.00231533
   0.0177744   0.00231533    0.0288633
   0.0317422  -0.00299457    0.0168211
 -0.00299457   0.00125159   0.00226003
   0.0168211   0.00226003    0.0286296
   0.0311345  -0.00275693    0.0172609
 -0.00275693   0.00119107   0.00214374
   0.0172609   0.00214374    0.0286506
   0.0323198  -0.00302349    0.0161609
 -0.00302349  0.000909431   0.00124584
   0.0161609   0.00124584    0.0280973
   0.0309643   -0.0029397    0.0157855
  -0.0029397  0.000911107   0.00120251
   0.0157855   0.00120251    0.0279134
    0.030711  -0.00296052    0.0143676
 -0.00296052  0.000662687  0.000136936
   0.0143676  0.000136936    0.0272221
   0.0307863  -0.00317685    0.0151198
 -0.00317685  0.000922603    0.0011577
   0.0151198    0.0011577    0.0279014
   0.0316591  -0.00312441    0.0146372
 -0.00312441  0.000668419  8.10826e-05
   0.0146372  8.10826e-05    0.0273556
   0.0297288  -0.00325126    0.0134964
 -0.00325126  0.000685031  1.26885e-05
   0.0134964  1.26885e-05    0.0271196
   0.0282437  -0.00312331    0.0147389
 -0.00312331  0.000942884   0.00094916
   0.0147389   0.00094916     0.027591
   0.0281936  -0.00301079     0.013361
 -0.00301079  0.000698196  5.18865e-05
    0.013361  5.18865e-05    0.0269367
   0.0259449  -0.00334629    0.0125125
 -0.00334629  0.000776366 -0.000169236
   0.0125125 -0.000169236    0.0267642
    0.026086   -0.0035547    0.0139616
  -0.0035547   0.00100175  0.000546124
   0.0139616  0.000546124    0.0274344
   0.0282758  -0.00302358    0.0161348
 -0.00302358   0.00117766   0.00171104
   0.0161348   0.00171104    0.0282861
   0.0262401  -0.00351874     0.015382
 -0.00351874   0.00118004    0.0011135
    0.015382    0.0011135    0.0281326
   0.0283354  -0.00271015    0.0174249
 -0.00271015    0.0013136   0.00228588
   0.0174249   0.00228588     0.028999
   0.0312613    -0.002387    0.0186745
   -0.002387   0.00140594   0.00290375
   0.0186745   0.00290375    0.0294203
   0.0264658  -0.00325644    0.0166718
 -0.00325644   0.00123265   0.00148243
   0.0166718   0.00148243    0.0288429
   0.0247653  -0.00464847    0.0122439
 -0.00464847   0.00117795 -0.000202878
   0.0122439 -0.000202878    0.0266581
    0.024824  -0.00462188    0.0136557
 -0.00462188   0.00120436 -0.000237291
   0.0136557 -0.000237291    0.0266613
   0.0259817  -0.00450064     0.015175
 -0.00450064   0.00121678  1.10254e-05
    0.015175  1.10254e-05    0.0279944
   0.0245906  -0.00440225    0.0150638
 -0.00440225   0.00110809 -0.000563595
   0.0150638 -0.000563595    0.0263952
   0.0262806  -0.00429424    0.0164366
 -0.00429424   0.00115332 -4.19881e-05
   0.0164366 -4.19881e-05    0.0285808
   0.0265416  -0.00392955    0.0174739
 -0.00392955  0.000981219 -0.000344938
   0.0174739 -0.000344938    0.0289678
   0.0248778  -0.00413898    0.0162159
 -0.00413898  0.000955835  -0.00105298
   0.0162159  -0.00105298    0.0267386
   0.0266286  -0.00391133    0.0169549
 -0.00391133   0.00119071  0.000598159
   0.0169549  0.000598159    0.0292113
   0.0271014   -0.0035049     0.018098
  -0.0035049    0.0010469  0.000519905
    0.018098  0.000519905    0.0299791
   0.0260564  -0.00411007    0.0155173
 -0.00411007   0.00119857   0.00045795
   0.0155173   0.00045795    0.0283991
   0.0256246  -0.00410135    0.0139504
 -0.00410135   0.00107782  9.41936e-05
   0.0139504  9.41936e-05    0.0275958
   0.0254771  -0.00447444    0.0136956
 -0.00447444   0.00114015 -0.000174504
   0.0136956 -0.000174504    0.0274606
   0.0252245  -0.00426416    0.0122675
 -0.00426416  0.000978534 -0.000620799
   0.0122675 -0.000620799    0.0267245
   0.0252099  -0.00385413    0.0123343
 -0.00385413  0.000881419 -0.000449423
   0.0123343 -0.000449423    0.0268368
   0.0244461  -0.00443927     0.010931
 -0.00443927   0.00103505 -0.000505114
    0.010931 -0.000505114    0.0263838
   0.0257686  -0.00380534    0.0160358
 -0.00380534   0.00080251  -0.00165533
   0.0160358  -0.00165533    0.0269185
   0.0295238  -0.00382085    0.0146049
 -0.00382085   0.00077289    -0.002224
   0.0146049    -0.002224    0.0254681
    0.029945  -0.00321776    0.0163668
 -0.00321776  0.000656528   -0.0015542
   0.0163668   -0.0015542    0.0272045
   0.0334359  -0.00410679    0.0115558
 -0.00410679  0.000946484  -0.00266884
   0.0115558  -0.00266884    0.0214832
   0.0338188  -0.00338627     0.013213
 -0.00338627  0.000785439  -0.00220631
    0.013213  -0.00220631     0.023035
   0.0392572  -0.00419652    0.0110027
 -0.00419652   0.00116368   -0.0029095
   0.0110027   -0.0029095    0.0193508
   0.0370533  -0.00529848   0.00945321
 -0.00529848   0.00146715  -0.00318932
  0.00945321  -0.00318932    0.0183258
   0.0342105  -0.00201712    0.0152732
 -0.00201712  0.000496383    -0.001127
   0.0152732    -0.001127    0.0252696
   0.0395975   -0.0022489    0.0126886
  -0.0022489  0.000682566  -0.00190469
   0.0126886  -0.00190469    0.0210774
   0.0301329  -0.00245795    0.0176318
 -0.00245795  0.000590746 -0.000397733
   0.0176318 -0.000397733    0.0284896
   0.0276412  -0.00301539    0.0183078
 -0.00301539  0.000814561  0.000173391
   0.0183078  0.000173391     0.029881
   0.0271147  -0.00352664     0.017397
 -0.00352664  0.000783228 -0.000871476
    0.017397 -0.000871476    0.0286571
   0.0285246  -0.00330745    0.0119336
 -0.00330745   0.00057914   -0.0010958
   0.0119336   -0.0010958    0.0263223
   0.0308739  -0.00319501    0.0132004
 -0.00319501  0.000557883  -0.00111649
   0.0132004  -0.00111649    0.0266455
   0.0299906  -0.00330183    0.0118395
 -0.00330183  0.000603693   -0.0022705
   0.0118395   -0.0022705    0.0260063
   0.0272291  -0.00339524    0.0104196
 -0.00339524  0.000620738  -0.00210064
   0.0104196  -0.00210064    0.0255725
   0.0299897   -0.0028914     0.011828
  -0.0028914  0.000545448  -0.00221197
    0.011828  -0.00221197     0.026057
    0.028926  -0.00349774    0.0105302
 -0.00349774  0.000785287  -0.00329839
   0.0105302  -0.00329839    0.0254494
   0.0294183  -0.00300112    0.0106864
 -0.00300112  0.000715185  -0.00332585
   0.0106864  -0.00332585     0.025602
    0.028675  -0.00324279   0.00964325
 -0.00324279  0.000982751  -0.00426699
  0.00964325  -0.00426699    0.0252098
    0.025894  -0.00352317   0.00897499
 -0.00352317  0.000774574  -0.00295519
  0.00897499  -0.00295519    0.0248926
   0.0277404  -0.00374428   0.00930334
 -0.00374428   0.00104677  -0.00415078
  0.00930334  -0.00415078     0.024934
   0.0245192  -0.00364308   0.00763109
 -0.00364308  0.000991801  -0.00366611
  0.00763109  -0.00366611    0.0242294
   0.0276424  -0.00235409   0.00967972
 -0.00235409   0.00062331  -0.00316178
  0.00967972  -0.00316178    0.0253953
   0.0273161  -0.00240029   0.00872262
 -0.00240029  0.000857466  -0.00410646
  0.00872262  -0.00410646    0.0250408
   0.0250767   -0.0016435   0.00736089
  -0.0016435  0.000740544  -0.00384328
  0.00736089  -0.00384328    0.0247185
    0.025292  -0.00193392    0.0084294
 -0.00193392  0.000565135  -0.00296672
   0.0084294  -0.00296672     0.025126
   0.0278735  -0.00249918     0.010797
 -0.00249918   0.00050046   -0.0020777
    0.010797   -0.0020777     0.025825
   0.0255218  -0.00241505    0.0096828
 -0.00241505  0.000509975  -0.00198881
   0.0096828  -0.00198881    0.0255909
   0.0280396  -0.00277064    0.0120243
 -0.00277064  0.000528886 -0.000974018
   0.0120243 -0.000974018    0.0263369
   0.0303641  -0.00291327    0.0130449
 -0.00291327  0.000523282  -0.00102503
   0.0130449  -0.00102503    0.0265999
   0.0257347  -0.00294445    0.0110627
 -0.00294445  0.000584873  -0.00102616
   0.0110627  -0.00102616    0.0261389
   0.0231153   -0.0036524   0.00637462
  -0.0036524   0.00123276   -0.0043056
  0.00637462   -0.0043056    0.0235168
   0.0264622  -0.00394991   0.00810782
 -0.00394991   0.00133109  -0.00485717
  0.00810782  -0.00485717    0.0243923
   0.0251963  -0.00392593   0.00693748
 -0.00392593    0.0016351  -0.00550131
  0.00693748  -0.00550131    0.0237678
   0.0217111  -0.00339909   0.00523998
 -0.00339909    0.0015289  -0.00497702
  0.00523998  -0.00497702    0.0227094
   0.0268942  -0.00373596    0.0075994
 -0.00373596   0.00157428  -0.00565879
   0.0075994  -0.00565879    0.0243891
   0.0238502  -0.00353551   0.00584821
 -0.00353551    0.0019965  -0.00616761
  0.00584821  -0.00616761    0.0230348
   0.0259391  -0.00361488   0.00657389
 -0.00361488   0.00188965   -0.0062429
  0.00657389   -0.0062429    0.0238745
   0.0248117  -0.00305713   0.00561002
 -0.00305713   0.00227636   -0.0068529
  0.00561002   -0.0068529    0.0232815
   0.0202172    -0.002792   0.00428934
   -0.002792   0.00193402  -0.00575087
  0.00428934  -0.00575087    0.0218042
   0.0222666   -0.0027032   0.00487958
  -0.0027032   0.00249444  -0.00691907
  0.00487958  -0.00691907     0.022229
   0.0185875  -0.00181072   0.00353213
 -0.00181072   0.00256418  -0.00666239
  0.00353213  -0.00666239    0.0208756
   0.0257847  -0.00297556   0.00600658
 -0.00297556   0.00164335  -0.00595315
  0.00600658  -0.00595315    0.0240638
    0.025194  -0.00270608   0.00513815
 -0.00270608   0.00191959  -0.00641729
  0.00513815  -0.00641729    0.0236956
   0.0238445  -0.00185527   0.00368379
 -0.00185527   0.00152639  -0.00575743
  0.00368379  -0.00575743    0.0235405
   0.0240912  -0.00190502   0.00453605
 -0.00190502    0.0013542  -0.00546111
  0.00453605  -0.00546111    0.0237712
   0.0263276   -0.0028789   0.00691771
  -0.0028789   0.00138486  -0.00546103
  0.00691771  -0.00546103    0.0244005
    0.024435  -0.00175002   0.00544729
 -0.00175002   0.00116775  -0.00508288
  0.00544729  -0.00508288    0.0240412
   0.0268243  -0.00262407   0.00781614
 -0.00262407   0.00112253  -0.00486709
  0.00781614  -0.00486709    0.0247213
   0.0277848  -0.00354908    0.0086293
 -0.00354908   0.00127508  -0.00502783
   0.0086293  -0.00502783    0.0248246
    0.024768  -0.00161445   0.00639672
 -0.00161445  0.000958458  -0.00455623
  0.00639672  -0.00455623    0.0243635
   0.0212385  0.000802441  -0.00136076
 0.000802441   0.00076796  -0.00393538
 -0.00136076  -0.00393538    0.0225434
   0.0216591  0.000586773  8.95782e-05
 0.000586773  0.000784573   -0.0040965
 8.95782e-05   -0.0040965    0.0227521
   0.0212826  0.000392529  0.000831313
 0.000392529  0.000865976  -0.00434227
 0.000831313  -0.00434227    0.0229087
   0.0217719  4.69278e-05   0.00225741
 4.69278e-05  0.000814335  -0.00420428
  0.00225741  -0.00420428    0.0232657
   0.0223202  2.09147e-05    0.0016631
 2.09147e-05  0.000749971   -0.0039768
   0.0016631   -0.0039768    0.0231083
   0.0217873 -0.000187108   0.00296559
-0.000187108  0.000889102     -0.00443
  0.00296559     -0.00443    0.0234175
   0.0224474 -0.000642254   0.00375973
-0.000642254  0.000723406  -0.00383372
  0.00375973  -0.00383372      0.02374
   0.0222531 -0.000600357    0.0042864
-0.000600357  0.000765947  -0.00402836
   0.0042864  -0.00402836    0.0238658
   0.0229287  -0.00129471   0.00569201
 -0.00129471  0.000650159  -0.00343965
  0.00569201  -0.00343965     0.024368
   0.0230104 -0.000852175   0.00320954
-0.000852175  0.000681899  -0.00360536
  0.00320954  -0.00360536    0.0235054
    0.023348  -0.00157103   0.00535876
 -0.00157103  0.000647818  -0.00328085
  0.00535876  -0.00328085    0.0242555
   0.0234599  -0.00183416   0.00463696
 -0.00183416  0.000631635  -0.00302043
  0.00463696  -0.00302043     0.023747
   0.0229482 -0.000895877   0.00509629
-0.000895877   0.00083827  -0.00425867
  0.00509629  -0.00425867     0.024038
   0.0233566  -0.00126806    0.0062629
 -0.00126806  0.000670788  -0.00361164
   0.0062629  -0.00361164    0.0244784
   0.0226312 -0.000782527   0.00398808
-0.000782527   0.00099733  -0.00471185
  0.00398808  -0.00471185    0.0236544
   0.0222861 -0.000836796    0.0029154
-0.000836796   0.00111641  -0.00497405
   0.0029154  -0.00497405     0.023357
   0.0213915 -5.90552e-05   0.00169782
-5.90552e-05  0.000963562  -0.00460786
  0.00169782  -0.00460786    0.0230715
   0.0210129 -6.39055e-05  0.000487724
-6.39055e-05  0.000986675  -0.00459206
 0.000487724  -0.00459206     0.022835
   0.0220372 -0.000867228   0.00193336
-0.000867228   0.00119954  -0.00509987
  0.00193336  -0.00509987    0.0231545
   0.0209047   0.00047585 -0.000518361
  0.00047585  0.000860879  -0.00423339
-0.000518361  -0.00423339    0.0226706
   0.0232536  -0.00272234   0.00566295
 -0.00272234  0.000632912  -0.00227728
  0.00566295  -0.00227728    0.0239937
   0.0240568  -0.00258085   0.00698116
 -0.00258085  0.000635755  -0.00260304
  0.00698116  -0.00260304     0.024752
   0.0242397  -0.00343124    0.0085081
 -0.00343124  0.000705329  -0.00184275
   0.0085081  -0.00184275    0.0251029
   0.0230797  -0.00344613   0.00634178
 -0.00344613  0.000720859   -0.0014436
  0.00634178   -0.0014436    0.0248241
    0.024393  -0.00310244    0.0089978
 -0.00310244  0.000643523  -0.00196108
   0.0089978  -0.00196108    0.0255214
   0.0241598   -0.0040296    0.0098293
  -0.0040296  0.000848338  -0.00111916
   0.0098293  -0.00111916    0.0254949
   0.0248695  -0.00382779    0.0106893
 -0.00382779   0.00078727  -0.00123569
   0.0106893  -0.00123569    0.0261486
   0.0232844  -0.00404439   0.00746968
 -0.00404439  0.000884964 -0.000750049
  0.00746968 -0.000750049    0.0257913
   0.0247457  -0.00336714    0.0106882
 -0.00336714  0.000678976  -0.00114666
   0.0106882  -0.00114666    0.0261271
   0.0242757  -0.00266989   0.00907802
 -0.00266989  0.000560007  -0.00196411
  0.00907802  -0.00196411    0.0255052
   0.0237949  -0.00191365   0.00757224
 -0.00191365  0.000561204  -0.00282668
  0.00757224  -0.00282668    0.0249671
   0.0236691   -0.0021922   0.00725641
  -0.0021922   0.00059223  -0.00272529
  0.00725641  -0.00272529    0.0249142
   0.0222919  -0.00382841   0.00505536
 -0.00382841  0.000882546 -0.000489589
  0.00505536 -0.000489589     0.025771
   0.0225588   -0.0033906    0.0041446
  -0.0033906  0.000725682   -0.0010794
   0.0041446   -0.0010794    0.0253971
   0.0207922  -0.00301414    0.0016015
 -0.00301414  0.000722145 -0.000716876
   0.0016015 -0.000716876    0.0247718
   0.0224064  -0.00267752   0.00302295
 -0.00267752  0.000609996  -0.00180487
  0.00302295  -0.00180487    0.0246269
   0.0214846  -0.00258304   0.00079586
 -0.00258304  0.000595271  -0.00136311
  0.00079586  -0.00136311    0.0249203
   0.0220309  -0.00188344  0.000358729
 -0.00188344  0.000533144  -0.00214377
 0.000358729  -0.00214377    0.0243599
   0.0225817  -0.00186763   0.00243616
 -0.00186763  0.000572578  -0.00255069
  0.00243616  -0.00255069    0.0237036
   0.0204042  -0.00174651  -0.00192433
 -0.00174651  0.000503879   -0.0015078
 -0.00192433   -0.0015078    0.0243596
   0.0226932 -0.000999768   0.00198641
-0.000999768  0.000608925  -0.00321345
  0.00198641  -0.00321345    0.0228252
   0.0227504 -0.000116783  0.000839683
-0.000116783  0.000665774  -0.00365661
 0.000839683  -0.00365661    0.0227499
   0.0225029 -0.000201907  -0.00087989
-0.000201907  0.000553755  -0.00320529
 -0.00087989  -0.00320529    0.0228521
   0.0224446  0.000576011 -0.000607784
 0.000576011  0.000694451  -0.00379056
-0.000607784  -0.00379056    0.0225698
   0.0228572  0.000501193  -0.00177947
 0.000501193  0.000585973  -0.00339342
 -0.00177947  -0.00339342    0.0225845
   0.0229093  0.000914206  -0.00294898
 0.000914206  0.000574343  -0.00319615
 -0.00294898  -0.00319615    0.0223161
   0.0218787  0.000951238  -0.00217143
 0.000951238   0.00067351  -0.00359898
 -0.00217143  -0.00359898    0.0223769
   0.0222248  0.000380183  -0.00343427
 0.000380183  0.000452453  -0.00284538
 -0.00343427  -0.00284538    0.0225457
   0.0231292  0.000810096  -0.00422545
 0.000810096  0.000456033  -0.00269807
 -0.00422545  -0.00269807    0.0224192
   0.0222548  0.000539609  -0.00524323
 0.000539609  0.000338762  -0.00209221
 -0.00524323  -0.00209221    0.0221193
    0.021596  0.000195552  -0.00469522
 0.000195552  0.000345959  -0.00228259
 -0.00469522  -0.00228259    0.0229466
   0.0219571 -0.000218554  -0.00271144
-0.000218554  0.000447554  -0.00273495
 -0.00271144  -0.00273495    0.0233949
   0.0209496 -0.000531573  -0.00414623
-0.000531573    0.0003926  -0.00209721
 -0.00414623  -0.00209721    0.0243765
   0.0214361  -0.00107798  -0.00231786
 -0.00107798  0.000458224  -0.00223597
 -0.00231786  -0.00223597    0.0241382
   0.0223204  -0.00101995 -0.000373683
 -0.00101995  0.000524859  -0.00275523
-0.000373683  -0.00275523    0.0237045
   0.0206385   0.00012704  -0.00579188
  0.00012704  0.000272651  -0.00195026
 -0.00579188  -0.00195026    0.0233533
   0.0209465  0.000280252  -0.00591227
 0.000280252  0.000262359  -0.00146846
 -0.00591227  -0.00146846    0.0212999
  0.00546724  -0.00501505  -0.00642576
 -0.00501505   0.00493802   0.00548042
 -0.00642576   0.00548042    0.0209365
  0.00570556  -0.00500056  -0.00520908
 -0.00500056   0.00496023   0.00555864
 -0.00520908   0.00555864    0.0218189
  0.00542669  -0.00433545   -0.0046347
 -0.00433545   0.00406419   0.00454382
  -0.0046347   0.00454382    0.0223289
  0.00601874  -0.00422701  -0.00315712
 -0.00422701   0.00419674   0.00525677
 -0.00315712   0.00525677    0.0234024
   0.0062261    -0.004877  -0.00371107
   -0.004877   0.00506975   0.00609171
 -0.00371107   0.00609171    0.0227328
  0.00578963  -0.00363059  -0.00256479
 -0.00363059   0.00341335   0.00448785
 -0.00256479   0.00448785    0.0242228
  0.00691019  -0.00390241  -0.00150584
 -0.00390241   0.00445656   0.00648488
 -0.00150584   0.00648488    0.0243643
   0.0067374  -0.00329699 -0.000965029
 -0.00329699   0.00363391   0.00581381
-0.000965029   0.00581381     0.025319
  0.00788984  -0.00277305  0.000608599
 -0.00277305   0.00403952   0.00743205
 0.000608599   0.00743205    0.0261393
  0.00705522  -0.00456023  -0.00203356
 -0.00456023   0.00533589   0.00713935
 -0.00203356   0.00713935     0.023559
   0.0080141  -0.00338457  0.000147576
 -0.00338457   0.00494674   0.00804589
 0.000147576   0.00804589    0.0250586
  0.00809657   -0.0040947 -0.000358292
  -0.0040947   0.00588811   0.00855325
-0.000358292   0.00855325    0.0241404
  0.00656062  -0.00283384  -0.00051365
 -0.00283384   0.00296699   0.00525955
 -0.00051365   0.00525955    0.0264232
  0.00771952  -0.00230688  0.000952041
 -0.00230688   0.00325831   0.00681964
 0.000952041   0.00681964    0.0273398
  0.00755672  -0.00205541   0.00112042
 -0.00205541   0.00264119   0.00620162
  0.00112042   0.00620162    0.0285892
  0.00677908  -0.00278297 -0.000480624
 -0.00278297   0.00261592   0.00493517
-0.000480624   0.00493517    0.0278812
  0.00577709  -0.00331492  -0.00220796
 -0.00331492    0.0028909   0.00402233
 -0.00220796   0.00402233    0.0253906
   0.0061861  -0.00336941  -0.00221849
 -0.00336941   0.00269097   0.00379921
 -0.00221849   0.00379921    0.0268626
  0.00521565  -0.00352017   -0.0037226
 -0.00352017   0.00286106   0.00319652
  -0.0037226   0.00319652    0.0241472
  0.00519659  -0.00378237  -0.00408263
 -0.00378237   0.00332409   0.00370837
 -0.00408263   0.00370837    0.0230794
  0.00485536  -0.00374182  -0.00525883
 -0.00374182   0.00324831   0.00334764
 -0.00525883   0.00334764    0.0218728
  0.00561703  -0.00360119  -0.00370568
 -0.00360119   0.00272156   0.00293436
 -0.00370568   0.00293436    0.0240261
  0.00482365  -0.00347274  -0.00483932
 -0.00347274   0.00279015   0.00277234
 -0.00483932   0.00277234    0.0222308
  0.00513006  -0.00353167  -0.00475461
 -0.00353167   0.00268261   0.00255073
 -0.00475461   0.00255073    0.0222447
  0.00512917  -0.00430716  -0.00582207
 -0.00430716     0.003995    0.0042977
 -0.00582207    0.0042977     0.021275
  0.00912086  -0.00356826   0.00109467
 -0.00356826   0.00676511    0.0101153
  0.00109467    0.0101153    0.0243747
  0.00911197   -0.0027951   0.00156543
  -0.0027951   0.00568467   0.00967982
  0.00156543   0.00967982    0.0254043
  0.00991122  -0.00234299   0.00252419
 -0.00234299   0.00659168     0.011052
  0.00252419     0.011052    0.0253947
   0.0098488  -0.00314526   0.00210658
 -0.00314526   0.00789262     0.011533
  0.00210658     0.011533    0.0242493
  0.00988734  -0.00171666   0.00277476
 -0.00171666   0.00527637    0.0102528
  0.00277476    0.0102528    0.0266823
   0.0101976  -0.00215777   0.00289617
 -0.00215777    0.0075336    0.0119341
  0.00289617    0.0119341    0.0251332
   0.0102274  -0.00157285   0.00302026
 -0.00157285   0.00594223     0.010866
  0.00302026     0.010866    0.0265175
   0.0100004  -0.00181331   0.00270822
 -0.00181331   0.00646771    0.0107156
  0.00270822    0.0107156    0.0262535
   0.0100823  -0.00292305   0.00256572
 -0.00292305   0.00909225    0.0125791
  0.00256572    0.0125791    0.0238802
  0.00993371  -0.00230712    0.0027339
 -0.00230712   0.00829041    0.0121403
   0.0027339    0.0121403    0.0247822
  0.00980526  -0.00296915   0.00251609
 -0.00296915    0.0100931    0.0130849
  0.00251609    0.0130849    0.0234254
   0.0101473  -0.00122064   0.00286587
 -0.00122064    0.0045242    0.0094835
  0.00286587    0.0094835     0.027957
  0.00997998  -0.00151412   0.00239329
 -0.00151412   0.00485791   0.00891143
  0.00239329   0.00891143    0.0277452
  0.00985588  -0.00140611   0.00182441
 -0.00140611    0.0035983   0.00687983
  0.00182441   0.00687983    0.0291713
  0.00994741  -0.00109794   0.00246811
 -0.00109794   0.00338039   0.00787723
  0.00246811   0.00787723    0.0293482
  0.00975631  -0.00132407   0.00279312
 -0.00132407   0.00410778   0.00923388
  0.00279312   0.00923388    0.0280536
  0.00952543  -0.00116254    0.0025887
 -0.00116254     0.003131   0.00803563
   0.0025887   0.00803563    0.0293982
   0.0088757  -0.00173974   0.00211938
 -0.00173974   0.00367006   0.00827319
  0.00211938   0.00827319     0.027882
  0.00903409  -0.00216884   0.00193141
 -0.00216884   0.00461695   0.00903319
  0.00193141   0.00903319     0.026589
  0.00866353  -0.00152169   0.00211951
 -0.00152169   0.00287446   0.00740941
  0.00211951   0.00740941    0.0291754
   0.0144096  -0.00430986  -0.00373306
 -0.00430986   0.00207744   0.00336206
 -0.00373306   0.00336206    0.0244302
     0.01345  -0.00361072  -0.00228673
 -0.00361072   0.00188922   0.00439571
 -0.00228673   0.00439571    0.0259934
   0.0112691  -0.00242274  -0.00065281
 -0.00242274   0.00173104   0.00453298
 -0.00065281   0.00453298    0.0282358
   0.0108092  -0.00232233  3.52388e-05
 -0.00232233   0.00176875    0.0053323
 3.52388e-05    0.0053323    0.0289581
   0.0135944  -0.00391438  -0.00232452
 -0.00391438   0.00207757   0.00490568
 -0.00232452   0.00490568    0.0258843
  0.00947948  -0.00156397   0.00118863
 -0.00156397   0.00186701   0.00580347
  0.00118863   0.00580347    0.0295944
   0.0106332  -0.00282365 -0.000365832
 -0.00282365    0.0019637   0.00536843
-0.000365832   0.00536843    0.0290422
  0.00887071  -0.00188511   0.00104835
 -0.00188511    0.0019385   0.00581458
  0.00104835   0.00581458    0.0299499
  0.00880308  -0.00275596 -7.33647e-05
 -0.00275596   0.00221599   0.00536259
-7.33647e-05   0.00536259    0.0302801
   0.0127141  -0.00414235  -0.00244823
 -0.00414235   0.00226923   0.00500348
 -0.00244823   0.00500348    0.0251244
   0.0102151  -0.00366234  -0.00165138
 -0.00366234   0.00232733   0.00491743
 -0.00165138   0.00491743     0.026948
   0.0119525  -0.00478162  -0.00327106
 -0.00478162   0.00270753   0.00479915
 -0.00327106   0.00479915    0.0240447
  0.00840745  -0.00148629   0.00188809
 -0.00148629   0.00225937   0.00651569
  0.00188809   0.00651569    0.0297926
  0.00788053  -0.00222016  0.000794842
 -0.00222016   0.00231071   0.00573532
 0.000794842   0.00573532    0.0297157
  0.00929647  -0.00121414   0.00206199
 -0.00121414   0.00236298   0.00682472
  0.00206199   0.00682472    0.0298562
  0.00982452  -0.00121222   0.00168928
 -0.00121222   0.00249183   0.00634869
  0.00168928   0.00634869     0.029921
   0.0102243  -0.00169091  0.000552282
 -0.00169091   0.00191697   0.00511387
 0.000552282   0.00511387    0.0291569
   0.0106702  -0.00209866 -0.000467276
 -0.00209866   0.00207618   0.00372638
-0.000467276   0.00372638    0.0291532
   0.0099217  -0.00153737  0.000827711
 -0.00153737    0.0026525   0.00506218
 0.000827711   0.00506218    0.0298482
   0.0120632  -0.00300808  -0.00203389
 -0.00300808   0.00187802   0.00320209
 -0.00203389   0.00320209    0.0271319
   0.0112617   -0.0051283  -0.00376691
  -0.0051283   0.00297836   0.00458021
 -0.00376691   0.00458021    0.0235988
  0.00968874  -0.00438247  -0.00296354
 -0.00438247   0.00274367    0.0043735
 -0.00296354    0.0043735      0.02494
  0.00938503   -0.0050641  -0.00448644
  -0.0050641   0.00321681   0.00410282
 -0.00448644   0.00410282    0.0245484
   0.0107905  -0.00552668  -0.00462972
 -0.00552668   0.00334892   0.00448234
 -0.00462972   0.00448234    0.0236098
  0.00803426   -0.0043791  -0.00372952
  -0.0043791    0.0029589   0.00378445
 -0.00372952   0.00378445    0.0251303
   0.0082813  -0.00510319  -0.00540417
 -0.00510319   0.00343066   0.00369197
 -0.00540417   0.00369197    0.0237419
  0.00750049  -0.00468164  -0.00505068
 -0.00468164   0.00321869   0.00324682
 -0.00505068   0.00324682    0.0243292
  0.00671745  -0.00444666  -0.00587432
 -0.00444666   0.00316369   0.00292007
 -0.00587432   0.00292007    0.0235529
  0.00918814  -0.00549024  -0.00565493
 -0.00549024   0.00356036   0.00394485
 -0.00565493   0.00394485    0.0220125
  0.00729089  -0.00476844  -0.00613206
 -0.00476844     0.003307   0.00323563
 -0.00613206   0.00323563    0.0223067
    0.008169  -0.00527321  -0.00631884
 -0.00527321   0.00359047   0.00375887
 -0.00631884   0.00375887    0.0215207
  0.00643036  -0.00401239  -0.00429012
 -0.00401239   0.00285297     0.003053
 -0.00429012     0.003053    0.0238638
  0.00558393  -0.00377813  -0.00522001
 -0.00377813   0.00277958   0.00258762
 -0.00522001   0.00258762    0.0224902
  0.00690362  -0.00374779  -0.00279577
 -0.00374779   0.00271967   0.00366566
 -0.00279577   0.00366566    0.0259573
  0.00742208  -0.00305185 -0.000830128
 -0.00305185   0.00249069   0.00476526
-0.000830128   0.00476526    0.0294203
   0.0083739  -0.00366419  -0.00194975
 -0.00366419   0.00255728   0.00447834
 -0.00194975   0.00447834    0.0272309
  0.00918171  -0.00320118   0.00212898
 -0.00320118    0.0106692    0.0130501
  0.00212898    0.0130501    0.0230233
  0.00930216  -0.00270415    0.0022144
 -0.00270415   0.00866568    0.0117078
   0.0022144    0.0117078    0.0244839
  0.00855241   -0.0031873   0.00154782
  -0.0031873   0.00855796    0.0108144
  0.00154782    0.0108144    0.0243188
  0.00844807  -0.00351135   0.00158741
 -0.00351135    0.0107219    0.0125965
  0.00158741    0.0125965    0.0227573
  0.00862013  -0.00295304   0.00121191
 -0.00295304   0.00657992   0.00853348
  0.00121191   0.00853348    0.0259327
  0.00787365  -0.00357569  0.000858985
 -0.00357569   0.00807571   0.00972094
 0.000858985   0.00972094    0.0243246
  0.00795363  -0.00343994  0.000397354
 -0.00343994   0.00614604   0.00703426
 0.000397354   0.00703426     0.026018
  0.00744157  -0.00367549 -0.000374503
 -0.00367549   0.00553735   0.00563536
-0.000374503   0.00563536     0.026281
  0.00776009  -0.00375784   0.00101083
 -0.00375784    0.0103494    0.0119133
  0.00101083    0.0119133    0.0226624
  0.00731329  -0.00376127  0.000189037
 -0.00376127     0.007378   0.00864509
 0.000189037   0.00864509    0.0244824
  0.00717727  -0.00385348  0.000437945
 -0.00385348   0.00970453    0.0111763
 0.000437945    0.0111763     0.022709
  0.00801562  -0.00332779 -0.000349319
 -0.00332779      0.00478   0.00409755
-0.000349319   0.00409755    0.0276713
  0.00754601  -0.00357239  -0.00119667
 -0.00357239   0.00440669   0.00241973
 -0.00119667   0.00241973    0.0280253
  0.00763667  -0.00344493  -0.00214814
 -0.00344493   0.00397162 -0.000706556
 -0.00214814 -0.000706556    0.0296608
  0.00807391  -0.00320628  -0.00126277
 -0.00320628   0.00402362   0.00113019
 -0.00126277   0.00113019    0.0292326
    0.008665  -0.00279106  0.000582181
 -0.00279106   0.00501683   0.00593226
 0.000582181   0.00593226    0.0275174
  0.00869212   -0.0026653 -0.000247757
  -0.0026653   0.00396967   0.00318961
-0.000247757   0.00318961    0.0290121
  0.00940436  -0.00209891   0.00155207
 -0.00209891    0.0050653   0.00763813
  0.00155207   0.00763813    0.0275648
  0.00937555  -0.00233648   0.00203321
 -0.00233648   0.00671661   0.00986299
  0.00203321   0.00986299    0.0260289
  0.00936194  -0.00198403  0.000844289
 -0.00198403   0.00382839   0.00521197
 0.000844289   0.00521197    0.0290162
  0.00667916  -0.00379119 -0.000132725
 -0.00379119   0.00890342    0.0105391
-0.000132725    0.0105391    0.0228457
  0.00685407   -0.0037125 -0.000492535
  -0.0037125   0.00660081   0.00775216
-0.000492535   0.00775216    0.0247484
  0.00645952  -0.00348907  -0.00119601
 -0.00348907   0.00582755   0.00714615
 -0.00119601   0.00714615    0.0250847
  0.00625703  -0.00359926 -0.000712219
 -0.00359926   0.00808526    0.0100686
-0.000712219    0.0100686    0.0230159
  0.00670726  -0.00333205   -0.0019414
 -0.00333205   0.00423725   0.00374915
  -0.0019414   0.00374915    0.0271303
  0.00612557  -0.00316285  -0.00192783
 -0.00316285    0.0051536   0.00677848
 -0.00192783   0.00677848    0.0254668
  0.00641594  -0.00291417  -0.00276652
 -0.00291417   0.00363171   0.00332232
 -0.00276652   0.00332232     0.027654
  0.00618178  -0.00249517  -0.00351573
 -0.00249517   0.00307843   0.00318449
 -0.00351573   0.00318449    0.0279906
  0.00590994  -0.00333215  -0.00131213
 -0.00333215   0.00734853   0.00974212
 -0.00131213   0.00974212    0.0231996
  0.00585829  -0.00281821  -0.00263175
 -0.00281821   0.00456857   0.00664593
 -0.00263175   0.00664593    0.0256063
  0.00564598   -0.0030383  -0.00192109
  -0.0030383   0.00673569   0.00954712
 -0.00192109   0.00954712    0.0233892
  0.00673064  -0.00261371  -0.00371952
 -0.00261371   0.00295109 -0.000257777
 -0.00371952 -0.000257777     0.029612
  0.00665514  -0.00212398  -0.00444585
 -0.00212398    0.0023853 -0.000313907
 -0.00444585 -0.000313907    0.0297053
  0.00699651  -0.00175901  -0.00526914
 -0.00175901   0.00246427  -0.00355508
 -0.00526914  -0.00355508    0.0314938
  0.00699717  -0.00232656   -0.0046133
 -0.00232656   0.00303596  -0.00351739
  -0.0046133  -0.00351739    0.0312158
  0.00695848  -0.00312737  -0.00286344
 -0.00312737   0.00347168  0.000212264
 -0.00286344  0.000212264    0.0290504
  0.00716129  -0.00290761  -0.00379187
 -0.00290761   0.00350629   -0.0030652
 -0.00379187   -0.0030652    0.0307261
  0.00721471  -0.00348467  -0.00202479
 -0.00348467   0.00396439   0.00108781
 -0.00202479   0.00108781    0.0285085
  0.00703697   -0.0036227  -0.00114668
  -0.0036227    0.0048835   0.00450369
 -0.00114668   0.00450369    0.0266655
  0.00735163  -0.00332389  -0.00297277
 -0.00332389   0.00381046  -0.00213562
 -0.00297277  -0.00213562    0.0301881
   0.0127852  -0.00580753  -0.00837488
 -0.00580753   0.00526407  -0.00278022
 -0.00837488  -0.00278022    0.0244726
   0.0132609  -0.00628971  -0.00822161
 -0.00628971   0.00563911  -0.00305203
 -0.00822161  -0.00305203     0.024659
   0.0104601  -0.00424599  -0.00729186
 -0.00424599   0.00492709  -0.00534241
 -0.00729186  -0.00534241    0.0285552
   0.0107975  -0.00469056  -0.00692585
 -0.00469056   0.00504679  -0.00515796
 -0.00692585  -0.00515796      0.02842
   0.0137089  -0.00652309  -0.00802894
 -0.00652309   0.00559055  -0.00303107
 -0.00802894  -0.00303107     0.024598
  0.00874085  -0.00347374  -0.00576538
 -0.00347374   0.00453852  -0.00614414
 -0.00576538  -0.00614414    0.0309162
   0.0111217  -0.00486862  -0.00653162
 -0.00486862   0.00478032  -0.00460988
 -0.00653162  -0.00460988    0.0280636
  0.00897933  -0.00380725  -0.00519445
 -0.00380725   0.00444352  -0.00536509
 -0.00519445  -0.00536509    0.0304757
  0.00928309  -0.00385422  -0.00455242
 -0.00385422   0.00406493  -0.00411617
 -0.00455242  -0.00411617    0.0299457
   0.0140384  -0.00650528  -0.00779355
 -0.00650528   0.00518737  -0.00268715
 -0.00779355  -0.00268715    0.0243049
   0.0114219  -0.00480723   -0.0060388
 -0.00480723   0.00421694  -0.00360474
  -0.0060388  -0.00360474    0.0275642
   0.0142738  -0.00629478  -0.00745223
 -0.00629478   0.00453338  -0.00197911
 -0.00745223  -0.00197911    0.0238955
  0.00776545  -0.00329485  -0.00406143
 -0.00329485   0.00400113  -0.00443394
 -0.00406143  -0.00443394    0.0310294
  0.00803593  -0.00341219  -0.00330053
 -0.00341219   0.00388998  -0.00302863
 -0.00330053  -0.00302863    0.0304824
  0.00758487  -0.00288402  -0.00478311
 -0.00288402   0.00389575  -0.00532719
 -0.00478311  -0.00532719     0.031522
  0.00744819  -0.00226377  -0.00550006
 -0.00226377   0.00351747  -0.00573393
 -0.00550006  -0.00573393    0.0318842
  0.00853685  -0.00289378  -0.00632373
 -0.00289378   0.00424719  -0.00644968
 -0.00632373  -0.00644968    0.0311463
  0.00853234  -0.00221402  -0.00678185
 -0.00221402   0.00360069  -0.00632033
 -0.00678185  -0.00632033    0.0312207
  0.00760135  -0.00165642  -0.00606892
 -0.00165642   0.00290882  -0.00564582
 -0.00606892  -0.00564582    0.0319193
    0.010303  -0.00362636  -0.00760726
 -0.00362636    0.0043629   -0.0051351
 -0.00760726   -0.0051351    0.0284485
   0.0144702  -0.00595333  -0.00692627
 -0.00595333   0.00378003 -0.000917588
 -0.00692627 -0.000917588    0.0235168
   0.0117268  -0.00451333  -0.00537573
 -0.00451333   0.00351962  -0.00219761
 -0.00537573  -0.00219761    0.0271262
   0.0120327  -0.00409441  -0.00450225
 -0.00409441   0.00279466 -0.000428988
 -0.00450225 -0.000428988    0.0268455
   0.0147268  -0.00553187  -0.00614475
 -0.00553187   0.00302068  0.000424273
 -0.00614475  0.000424273    0.0233805
   0.0101046  -0.00314683  -0.00277113
 -0.00314683   0.00289351 -0.000374726
 -0.00277113 -0.000374726    0.0291928
   0.0122441  -0.00357989  -0.00334031
 -0.00357989   0.00222877   0.00143569
 -0.00334031   0.00143569    0.0268099
   0.0105142  -0.00259823  -0.00165092
 -0.00259823   0.00239655   0.00178763
 -0.00165092   0.00178763    0.0291287
   0.0146205  -0.00490321  -0.00500116
 -0.00490321   0.00242053   0.00194298
 -0.00500116   0.00194298    0.0237312
  0.00954972   -0.0020604 -0.000249177
  -0.0020604   0.00290721   0.00314192
-0.000249177   0.00314192     0.029726
  0.00899367  -0.00267884  -0.00139037
 -0.00267884   0.00325584  0.000954308
 -0.00139037  0.000954308    0.0297547
  0.00845064  -0.00317269  -0.00243257
 -0.00317269   0.00362713  -0.00119094
 -0.00243257  -0.00119094    0.0300196
  0.00966566  -0.00360721  -0.00375729
 -0.00360721   0.00351797  -0.00241724
 -0.00375729  -0.00241724    0.0294738
  0.00415751  -0.00850307  -0.00316659
 -0.00850307    0.0271505    0.0157802
 -0.00316659    0.0157802    0.0148069
  0.00488691   -0.0083694  -0.00227723
  -0.0083694    0.0258059    0.0154227
 -0.00227723    0.0154227    0.0158567
  0.00495757  -0.00814633  -0.00301816
 -0.00814633    0.0210797     0.014127
 -0.00301816     0.014127    0.0170711
  0.00581145  -0.00805389  -0.00193501
 -0.00805389    0.0200962    0.0137052
 -0.00193501    0.0137052    0.0179382
  0.00577862  -0.00820793  -0.00128583
 -0.00820793    0.0245534    0.0151838
 -0.00128583    0.0151838    0.0169547
  0.00590052  -0.00783427  -0.00267136
 -0.00783427    0.0160829    0.0122819
 -0.00267136    0.0122819    0.0188854
  0.00676238   -0.0079735 -0.000848771
  -0.0079735    0.0193111    0.0134775
