           0            0            0
           0            0            0
           0            0            0
   0.0199519  -0.00120654   0.00244722
 -0.00120654  0.000108839  0.000262905
  0.00244722  0.000262905    0.0140982
   0.0175699 -0.000905138    0.0050567
-0.000905138  8.74328e-05  0.000301172
   0.0050567  0.000301172    0.0173787
   0.0150594 -0.000922077   0.00742388
-0.000922077  0.000114686  0.000164005
  0.00742388  0.000164005    0.0191472
   0.0144256  -0.00114677     0.008509
 -0.00114677  0.000166408  2.52204e-06
    0.008509  2.52204e-06    0.0192687
   0.0145497  -0.00143902   0.00813592
 -0.00143902  0.000220297 -0.000141162
  0.00813592 -0.000141162    0.0196663
   0.0127567   -0.0013376   0.00685711
  -0.0013376  0.000199752 -0.000248686
  0.00685711 -0.000248686    0.0176481
   0.0133138    -0.001601   0.00621606
   -0.001601  0.000248684 -0.000432421
  0.00621606 -0.000432421    0.0188879
   0.0147231  -0.00167248   0.00741508
 -0.00167248  0.000263398 -0.000328349
  0.00741508 -0.000328349    0.0200965
   0.0131813  -0.00171774   0.00485171
 -0.00171774  0.000288009 -0.000699047
  0.00485171 -0.000699047    0.0198869
   0.0147226  -0.00182697   0.00613829
 -0.00182697  0.000301778 -0.000610295
  0.00613829 -0.000610295    0.0211195
   0.0131872   -0.0017205   0.00322939
  -0.0017205  0.000323753  -0.00103501
  0.00322939  -0.00103501    0.0211238
   0.0149336  -0.00195554   0.00559686
 -0.00195554  0.000329346 -0.000839732
  0.00559686 -0.000839732    0.0213927
   0.0293457  1.48099e-05    0.0091109
 1.48099e-05  0.000374908   0.00195814
   0.0091109   0.00195814    0.0171651
   0.0252517 -0.000254302    0.0113163
-0.000254302  0.000532196   0.00248154
   0.0113163   0.00248154    0.0205713
   0.0252836  0.000133361    0.0111765
 0.000133361  0.000421483   0.00239381
   0.0111765   0.00239381    0.0205037
   0.0227377 -2.44048e-05    0.0129926
-2.44048e-05  0.000551515   0.00276173
   0.0129926   0.00276173    0.0231531
   0.0225019 -0.000404044    0.0129979
-0.000404044  0.000667182   0.00280213
   0.0129979   0.00280213    0.0231536
   0.0222912  0.000106731    0.0125796
 0.000106731   0.00043958   0.00251405
   0.0125796   0.00251405    0.0229443
    0.020978 -0.000270963    0.0135576
-0.000270963  0.000637734    0.0028375
   0.0135576    0.0028375    0.0243392
   0.0206698 -0.000120665    0.0132106
-0.000120665  0.000524136   0.00263715
   0.0132106   0.00263715    0.0241415
   0.0202056  -0.00045205    0.0131972
 -0.00045205  0.000559727   0.00250136
   0.0131972   0.00250136    0.0244008
   0.0206408 -0.000611233    0.0134747
-0.000611233  0.000750107   0.00284483
   0.0134747   0.00284483    0.0243073
    0.020467 -0.000621832      0.01352
-0.000621832  0.000667154     0.002655
     0.01352     0.002655    0.0246125
   0.0201012  -0.00093206     0.013398
 -0.00093206   0.00077254   0.00264548
    0.013398   0.00264548    0.0245912
   0.0201654 -0.000199404    0.0127638
-0.000199404  0.000414397   0.00223089
   0.0127638   0.00223089    0.0239408
   0.0197092 -0.000492681    0.0127382
-0.000492681   0.00045679   0.00214584
   0.0127382   0.00214584    0.0241699
   0.0193593 -0.000703889    0.0124214
-0.000703889  0.000366507     0.001639
   0.0124214     0.001639    0.0240878
   0.0198489 -0.000444149    0.0124971
-0.000444149  0.000318604   0.00168637
   0.0124971   0.00168637    0.0239116
   0.0217603 -1.56319e-05    0.0121561
-1.56319e-05  0.000334281   0.00207471
   0.0121561   0.00207471    0.0227812
   0.0215235 -0.000293869    0.0119835
-0.000293869  0.000246021   0.00152517
   0.0119835   0.00152517    0.0228241
   0.0242028  2.78987e-05    0.0103929
 2.78987e-05  0.000233819   0.00167563
   0.0103929   0.00167563    0.0202054
   0.0247155  0.000212704    0.0107366
 0.000212704   0.00032113    0.0021129
   0.0107366    0.0021129    0.0203033
   0.0283655  0.000261019   0.00841403
 0.000261019   0.00020698   0.00154031
  0.00841403   0.00154031    0.0168742
   0.0240823 -0.000283516    0.0101416
-0.000283516  0.000164181   0.00118975
   0.0101416   0.00118975    0.0203276
   0.0277721 -1.52095e-05   0.00812229
-1.52095e-05  0.000143457   0.00116439
  0.00812229   0.00116439    0.0168016
   0.0281719 -0.000416197   0.00773455
-0.000416197  0.000100597  0.000789122
  0.00773455  0.000789122    0.0170113
   0.0290525  0.000315978   0.00882918
 0.000315978   0.00028362   0.00182893
  0.00882918   0.00182893    0.0170358
   0.0197225   -0.0013176    0.0127667
  -0.0013176   0.00074066   0.00226414
   0.0127667   0.00226414     0.024321
   0.0200898  -0.00105091    0.0128849
 -0.00105091  0.000646323   0.00226824
   0.0128849   0.00226824    0.0242952
   0.0197621  -0.00143041     0.012202
 -0.00143041  0.000590851   0.00174886
    0.012202   0.00174886      0.02399
    0.019388  -0.00164259    0.0120722
 -0.00164259  0.000668278   0.00175355
   0.0120722   0.00175355    0.0240458
    0.019497  -0.00124871    0.0118746
 -0.00124871  0.000507977   0.00166053
   0.0118746   0.00166053    0.0237174
   0.0194693  -0.00174611      0.01146
 -0.00174611  0.000516551   0.00113058
     0.01146   0.00113058    0.0236692
    0.019195  -0.00157559    0.0111396
 -0.00157559  0.000450662   0.00107312
   0.0111396   0.00107312    0.0233772
   0.0189512  -0.00182782    0.0103902
 -0.00182782  0.000393064  0.000423915
   0.0103902  0.000423915    0.0230447
   0.0190789  -0.00189581    0.0112974
 -0.00189581  0.000572901    0.0011499
   0.0112974    0.0011499    0.0237399
   0.0192358  -0.00198375     0.010693
 -0.00198375  0.000441936  0.000455615
    0.010693  0.000455615    0.0233497
   0.0188078  -0.00207413    0.0104749
 -0.00207413  0.000479366  0.000495697
   0.0104749  0.000495697    0.0234147
   0.0186619  -0.00149976    0.0106318
 -0.00149976   0.00039061  0.000904434
   0.0106318  0.000904434    0.0230445
   0.0183704  -0.00172543   0.00985758
 -0.00172543  0.000348197  0.000320013
  0.00985758  0.000320013    0.0226758
   0.0179341  -0.00173888   0.00939941
 -0.00173888  0.000319118  0.000115856
  0.00939941  0.000115856    0.0224016
   0.0182856  -0.00156339    0.0102294
 -0.00156339  0.000347559  0.000613704
   0.0102294  0.000613704    0.0228311
   0.0189963  -0.00120524    0.0113896
 -0.00120524  0.000431931   0.00142611
   0.0113896   0.00142611    0.0234202
   0.0186473  -0.00132041    0.0110287
 -0.00132041  0.000373801   0.00105404
   0.0110287   0.00105404    0.0232585
   0.0193465 -0.000865243    0.0120932
-0.000865243  0.000457258   0.00184976
   0.0120932   0.00184976    0.0237887
   0.0198324 -0.000868392    0.0125597
-0.000868392   0.00054729    0.0021474
   0.0125597    0.0021474    0.0240509
   0.0189935  -0.00102978    0.0117575
 -0.00102978  0.000381194   0.00140424
   0.0117575   0.00140424    0.0236729
   0.0162521   -0.0019202   0.00776535
  -0.0019202  0.000311818  -0.00040969
  0.00776535  -0.00040969    0.0217599
   0.0161454  -0.00174053   0.00843201
 -0.00174053  0.000287218 -0.000164932
  0.00843201 -0.000164932    0.0215032
   0.0177767  -0.00170841    0.0100406
 -0.00170841  0.000311056  0.000168501
   0.0100406  0.000168501    0.0227063
   0.0158418  -0.00149186   0.00913134
 -0.00149186  0.000247344  1.89968e-05
  0.00913134  1.89968e-05    0.0209197
   0.0178375  -0.00145571     0.010658
 -0.00145571  0.000282236  0.000403668
    0.010658  0.000403668     0.022967
   0.0178346  -0.00114383    0.0111459
 -0.00114383  0.000237001  0.000572414
   0.0111459  0.000572414    0.0229925
   0.0159328  -0.00120268   0.00973764
 -0.00120268  0.000197875  0.000179571
  0.00973764  0.000179571    0.0208583
   0.0188791  -0.00130952    0.0116187
 -0.00130952  0.000329498  0.000853384
   0.0116187  0.000853384    0.0237315
   0.0191048 -0.000999814    0.0122238
-0.000999814  0.000298535   0.00104378
   0.0122238   0.00104378    0.0241384
   0.0185204  -0.00155752    0.0108479
 -0.00155752  0.000339027  0.000575848
   0.0108479  0.000575848    0.0232601
   0.0181528  -0.00174977   0.00999632
 -0.00174977  0.000330235  0.000222898
  0.00999632  0.000222898      0.02276
   0.0175322  -0.00188321   0.00931437
 -0.00188321  0.000320492 -0.000135952
  0.00931437 -0.000135952    0.0224544
   0.0173743  -0.00200786    0.0086072
 -0.00200786  0.000326174 -0.000489376
   0.0086072 -0.000489376    0.0219555
   0.0177644  -0.00187133   0.00910521
 -0.00187133  0.000314314 -0.000182867
  0.00910521 -0.000182867    0.0222607
   0.0161687  -0.00202053   0.00720854
 -0.00202053  0.000327931 -0.000716113
  0.00720854 -0.000716113    0.0216834
   0.0164742 -0.000943965   0.00932454
-0.000943965  0.000141293  0.000287649
  0.00932454  0.000287649    0.0208006
   0.0187872  -0.00086583   0.00766139
 -0.00086583  9.93233e-05   0.00036688
  0.00766139   0.00036688    0.0195595
   0.0197552  -0.00076353   0.00954513
 -0.00076353  0.000123533  0.000565342
  0.00954513  0.000565342    0.0210737
   0.0211842 -0.000978365   0.00478597
-0.000978365  8.47667e-05  0.000327082
  0.00478597  0.000327082    0.0164085
   0.0220142 -0.000866631   0.00649978
-0.000866631   9.1356e-05  0.000440092
  0.00649978  0.000440092     0.017663
   0.0251568  -0.00110761   0.00396598
 -0.00110761  9.21655e-05  0.000316258
  0.00396598  0.000316258    0.0144704
    0.023248  -0.00126295   0.00247422
 -0.00126295  0.000105359  0.000273903
  0.00247422  0.000273903     0.013826
   0.0233761 -0.000589355   0.00890772
-0.000589355  0.000113335   0.00075911
  0.00890772   0.00075911    0.0196725
   0.0264786 -0.000775236   0.00613744
-0.000775236  8.19176e-05  0.000499934
  0.00613744  0.000499934    0.0160785
   0.0209474 -0.000582879    0.0112655
-0.000582879  0.000174941  0.000983874
   0.0112655  0.000983874    0.0224487
   0.0193641 -0.000730961    0.0121405
-0.000730961  0.000242627    0.0010915
   0.0121405    0.0010915    0.0238305
   0.0180791 -0.000880639       0.0108
-0.000880639  0.000177948  0.000624986
      0.0108  0.000624986    0.0224774
   0.0185263  -0.00218102   0.00958756
 -0.00218102  0.000404294 -0.000191847
  0.00958756 -0.000191847    0.0230845
   0.0190605  -0.00215098   0.00988696
 -0.00215098   0.00038398 -0.000258856
  0.00988696 -0.000258856    0.0230403
    0.018925  -0.00222481   0.00903737
 -0.00222481  0.000367943 -0.000999857
  0.00903737 -0.000999857    0.0227532
   0.0182219  -0.00219659   0.00864447
 -0.00219659  0.000376225  -0.00090602
  0.00864447  -0.00090602    0.0227631
   0.0187172   -0.0021022    0.0088203
  -0.0021022   0.00034071  -0.00100916
   0.0088203  -0.00100916    0.0224675
   0.0187372   -0.0022114    0.0081523
  -0.0022114  0.000404262  -0.00174615
   0.0081523  -0.00174615    0.0224729
   0.0186752  -0.00211468   0.00800434
 -0.00211468  0.000381272  -0.00174815
  0.00800434  -0.00174815      0.02222
   0.0185918  -0.00204211   0.00720021
 -0.00204211  0.000472049  -0.00245669
  0.00720021  -0.00245669      0.02198
    0.017849   -0.0021249   0.00767231
  -0.0021249  0.000397845  -0.00162653
  0.00767231  -0.00162653    0.0224357
   0.0184686  -0.00210697    0.0072715
 -0.00210697  0.000490695  -0.00246422
   0.0072715  -0.00246422     0.022181
   0.0173988  -0.00197479   0.00670901
 -0.00197479  0.000473941  -0.00233093
  0.00670901  -0.00233093    0.0220794
    0.017959   -0.0019363   0.00740799
  -0.0019363  0.000349177  -0.00170083
  0.00740799  -0.00170083    0.0217793
   0.0179577  -0.00185576   0.00661957
 -0.00185576  0.000433529  -0.00236849
  0.00661957  -0.00236849    0.0215507
   0.0171497  -0.00166633   0.00589654
 -0.00166633  0.000397001  -0.00227333
  0.00589654  -0.00227333    0.0210852
   0.0172074  -0.00179013   0.00674626
 -0.00179013  0.000324366  -0.00166908
  0.00674626  -0.00166908    0.0213449
   0.0179968  -0.00194213   0.00823341
 -0.00194213  0.000310245  -0.00100547
  0.00823341  -0.00100547    0.0220379
   0.0173626  -0.00185379   0.00764206
 -0.00185379  0.000293701  -0.00104486
  0.00764206  -0.00104486    0.0216452
   0.0181286  -0.00187862   0.00905609
 -0.00187862   0.00031363 -0.000321537
  0.00905609 -0.000321537    0.0223344
   0.0187756   -0.0020085   0.00961692
  -0.0020085  0.000346808 -0.000275931
  0.00961692 -0.000275931    0.0227396
   0.0176011  -0.00184398   0.00853518
 -0.00184398  0.000294469 -0.000440358
  0.00853518 -0.000440358    0.0219991
   0.0168457  -0.00175404   0.00573739
 -0.00175404  0.000606015  -0.00304072
  0.00573739  -0.00304072    0.0216976
   0.0181015  -0.00192251   0.00636015
 -0.00192251  0.000626544  -0.00317263
  0.00636015  -0.00317263    0.0218714
   0.0176734  -0.00161953   0.00539538
 -0.00161953  0.000836281  -0.00389108
  0.00539538  -0.00389108    0.0215552
   0.0162337  -0.00142575   0.00474939
 -0.00142575  0.000826603  -0.00377979
  0.00474939  -0.00377979      0.02131
   0.0182564  -0.00160633    0.0054831
 -0.00160633  0.000800491  -0.00383993
   0.0054831  -0.00383993    0.0215213
    0.017133  -0.00119718   0.00439287
 -0.00119718   0.00112725  -0.00462741
  0.00439287  -0.00462741    0.0212571
   0.0179844  -0.00121226   0.00453134
 -0.00121226   0.00106135   -0.0045368
  0.00453134   -0.0045368    0.0213227
    0.017567 -0.000695905   0.00355872
-0.000695905   0.00139413  -0.00522377
  0.00355872  -0.00522377    0.0211535
   0.0155408 -0.000975803   0.00378143
-0.000975803   0.00114046  -0.00455273
  0.00378143  -0.00455273    0.0209464
   0.0164446 -0.000646853   0.00340133
-0.000646853   0.00150525  -0.00536672
  0.00340133  -0.00536672      0.02099
   0.0147744 -0.000403494   0.00286496
-0.000403494   0.00156273  -0.00534903
  0.00286496  -0.00534903    0.0206296
   0.0178849  -0.00105122   0.00405376
 -0.00105122  0.000961283  -0.00431308
  0.00405376  -0.00431308    0.0210743
   0.0177709 -0.000558876   0.00312707
-0.000558876   0.00124375  -0.00493911
  0.00312707  -0.00493911     0.021008
   0.0173043 -0.000331396   0.00228261
-0.000331396   0.00108642  -0.00458782
  0.00228261  -0.00458782    0.0206494
   0.0172211 -0.000814826   0.00321786
-0.000814826  0.000851586  -0.00403233
  0.00321786  -0.00403233    0.0206489
   0.0179226  -0.00142845   0.00496238
 -0.00142845  0.000731745  -0.00366723
  0.00496238  -0.00366723    0.0211865
   0.0171628  -0.00119864     0.004148
 -0.00119864  0.000656821  -0.00345137
    0.004148  -0.00345137    0.0207194
   0.0179278  -0.00170032   0.00581294
 -0.00170032  0.000555786  -0.00301953
  0.00581294  -0.00301953    0.0213503
   0.0184365  -0.00188505   0.00637413
 -0.00188505  0.000603599  -0.00314814
  0.00637413  -0.00314814    0.0217471
   0.0171236  -0.00148413   0.00504523
 -0.00148413    0.0005035  -0.00286388
  0.00504523  -0.00286388    0.0208731
   0.0162606  0.000191748  -0.00103628
 0.000191748  0.000649452  -0.00346185
 -0.00103628  -0.00346185    0.0194799
   0.0160097 -0.000327449  0.000176443
-0.000327449    0.0005619   -0.0031808
 0.000176443   -0.0031808     0.019387
   0.0160688 -0.000354009  0.000883299
-0.000354009  0.000611305  -0.00334959
 0.000883299  -0.00334959    0.0196307
   0.0159744  -0.00081027   0.00204253
 -0.00081027  0.000510882  -0.00297266
  0.00204253  -0.00297266    0.0196878
   0.0159329 -0.000839624   0.00138458
-0.000839624  0.000497592  -0.00287061
  0.00138458  -0.00287061    0.0194233
   0.0161505 -0.000869169   0.00268731
-0.000869169  0.000543817  -0.00309777
  0.00268731  -0.00309777    0.0199655
   0.0160296  -0.00123664   0.00315938
 -0.00123664  0.000438956  -0.00259405
  0.00315938  -0.00259405    0.0198752
   0.0161726  -0.00123224   0.00374633
 -0.00123224  0.000440226  -0.00264701
  0.00374633  -0.00264701     0.020154
   0.0163694  -0.00153019   0.00476313
 -0.00153019  0.000377062  -0.00220082
  0.00476313  -0.00220082    0.0204225
    0.015869  -0.00130934   0.00247797
 -0.00130934  0.000453053   -0.0025542
  0.00247797   -0.0025542    0.0195535
   0.0162498  -0.00160489     0.004234
 -0.00160489  0.000400974  -0.00222966
    0.004234  -0.00222966    0.0201501
   0.0157007  -0.00165814   0.00339239
 -0.00165814  0.000425914  -0.00222458
  0.00339239  -0.00222458    0.0196391
   0.0164788  -0.00131804   0.00433007
 -0.00131804  0.000463554  -0.00273593
  0.00433007  -0.00273593    0.0204617
   0.0165879  -0.00155043   0.00526934
 -0.00155043   0.00037547  -0.00221447
  0.00526934  -0.00221447    0.0207082
    0.016497  -0.00100269   0.00335207
 -0.00100269  0.000591609  -0.00325453
  0.00335207  -0.00325453    0.0202897
   0.0165589 -0.000601687   0.00232951
-0.000601687  0.000753717  -0.00376501
  0.00232951  -0.00376501    0.0202197
   0.0162297 -0.000448983   0.00158134
-0.000448983  0.000674223  -0.00353935
  0.00158134  -0.00353935    0.0198918
   0.0163463  4.41057e-05  0.000461495
 4.41057e-05  0.000828697  -0.00394938
 0.000461495  -0.00394938    0.0199225
   0.0166674 -0.000110831   0.00131545
-0.000110831   0.00094516  -0.00424518
  0.00131545  -0.00424518    0.0202448
   0.0162657  0.000141338 -0.000290471
 0.000141338  0.000731813  -0.00369392
-0.000290471  -0.00369392    0.0196872
   0.0152079  -0.00185439   0.00396639
 -0.00185439  0.000396952  -0.00187685
  0.00396639  -0.00187685    0.0198416
   0.0163853  -0.00189487   0.00522102
 -0.00189487  0.000377946  -0.00186326
  0.00522102  -0.00186326    0.0204525
   0.0162875  -0.00204988   0.00608333
 -0.00204988  0.000359629   -0.0014645
  0.00608333   -0.0014645    0.0206765
   0.0147997  -0.00193194   0.00424228
 -0.00193194  0.000371367   -0.0015224
  0.00424228   -0.0015224    0.0206325
   0.0169266  -0.00197744   0.00682363
 -0.00197744  0.000325958  -0.00131712
  0.00682363  -0.00131712    0.0211528
   0.0161022    -0.002075   0.00675406
   -0.002075  0.000341062  -0.00106594
  0.00675406  -0.00106594    0.0209585
   0.0171545  -0.00205302   0.00777442
 -0.00205302  0.000322692 -0.000890058
  0.00777442 -0.000890058    0.0215748
    0.014797  -0.00197169   0.00477013
 -0.00197169  0.000348651  -0.00117867
  0.00477013  -0.00117867    0.0214597
   0.0173663  -0.00192065   0.00816683
 -0.00192065  0.000296838  -0.00064145
  0.00816683  -0.00064145    0.0217846
   0.0170398  -0.00187344   0.00719744
 -0.00187344  0.000296075  -0.00115124
  0.00719744  -0.00115124    0.0213681
   0.0167752  -0.00174281   0.00621081
 -0.00174281  0.000319239  -0.00168757
  0.00621081  -0.00168757    0.0210106
   0.0166278  -0.00179023   0.00577913
 -0.00179023  0.000338382  -0.00175985
  0.00577913  -0.00175985    0.0207568
   0.0136123  -0.00181241   0.00288531
 -0.00181241  0.000349625   -0.0012626
  0.00288531   -0.0012626    0.0216991
   0.0139019  -0.00181913   0.00252496
 -0.00181913  0.000374748  -0.00157156
  0.00252496  -0.00157156    0.0213919
   0.0123371  -0.00154341  0.000595275
 -0.00154341  0.000353778  -0.00148243
 0.000595275  -0.00148243    0.0211524
   0.0139752  -0.00170999    0.0019437
 -0.00170999  0.000400217  -0.00188709
   0.0019437  -0.00188709    0.0206994
   0.0128747  -0.00156079  0.000266181
 -0.00156079  0.000389958  -0.00182957
 0.000266181  -0.00182957    0.0212518
    0.013504  -0.00146789  9.80074e-05
 -0.00146789  0.000425717  -0.00213151
 9.80074e-05  -0.00213151    0.0206402
   0.0144395  -0.00155636   0.00166246
 -0.00155636  0.000425426  -0.00216488
  0.00166246  -0.00216488    0.0198171
   0.0121341  -0.00121932  -0.00159676
 -0.00121932  0.000373404  -0.00190595
 -0.00159676  -0.00190595     0.020968
   0.0150215  -0.00131518     0.001384
 -0.00131518  0.000451424   -0.0024334
    0.001384   -0.0024334    0.0190111
   0.0156516 -0.000903121  0.000556461
-0.000903121  0.000483689   -0.0027362
 0.000556461   -0.0027362    0.0190609
   0.0148197  -0.00088568 -0.000802575
 -0.00088568  0.000458388  -0.00257378
-0.000802575  -0.00257378    0.0192492
   0.0160738 -0.000385757 -0.000555116
-0.000385757  0.000522442   -0.0030041
-0.000555116   -0.0030041    0.0191367
   0.0157709 -0.000428823  -0.00158679
-0.000428823  0.000478299  -0.00279872
 -0.00158679  -0.00279872     0.019122
   0.0165527  9.00693e-05  -0.00259577
 9.00693e-05  0.000507749  -0.00296707
 -0.00259577  -0.00296707    0.0191249
   0.0163244  0.000181306  -0.00181551
 0.000181306  0.000574204   -0.0032227
 -0.00181551   -0.0032227    0.0192571
   0.0147783 -0.000427359  -0.00282737
-0.000427359  0.000420356  -0.00252742
 -0.00282737  -0.00252742    0.0191933
   0.0161637  3.66592e-05  -0.00365433
 3.66592e-05  0.000430874  -0.00266917
 -0.00365433  -0.00266917    0.0192015
   0.0150895 -6.17804e-05  -0.00441374
-6.17804e-05  0.000356258  -0.00231689
 -0.00441374  -0.00231689    0.0189713
   0.0139863 -0.000429662  -0.00373359
-0.000429662  0.000367613  -0.00229658
 -0.00373359  -0.00229658    0.0196621
    0.014025 -0.000810301  -0.00213078
-0.000810301   0.00042069   -0.0024217
 -0.00213078   -0.0024217    0.0198879
   0.0128497 -0.000799043  -0.00313091
-0.000799043   0.00038262  -0.00221318
 -0.00313091  -0.00221318    0.0209946
   0.0130774  -0.00113112  -0.00179074
 -0.00113112  0.000410106  -0.00221077
 -0.00179074  -0.00221077    0.0206565
   0.0141169  -0.00122428 -0.000370647
 -0.00122428  0.000438683  -0.00235902
-0.000370647  -0.00235902    0.0200173
   0.0131222 -0.000391878   -0.0044452
-0.000391878  0.000330498  -0.00214669
  -0.0044452  -0.00214669    0.0201167
   0.0140355 -0.000106748  -0.00491264
-0.000106748   0.00028971  -0.00196004
 -0.00491264  -0.00196004    0.0183175
  0.00723979  -0.00514011  -0.00248042
 -0.00514011   0.00440244    0.0042843
 -0.00248042    0.0042843    0.0224869
    0.007189  -0.00539031  -0.00216585
 -0.00539031   0.00460734   0.00375386
 -0.00216585   0.00375386     0.022658
  0.00699894  -0.00474671    -0.001661
 -0.00474671   0.00361454    0.0024384
   -0.001661    0.0024384    0.0229171
  0.00710006  -0.00498402  -0.00129926
 -0.00498402   0.00382153   0.00224947
 -0.00129926   0.00224947    0.0231904
   0.0072735  -0.00558527  -0.00174802
 -0.00558527   0.00475426   0.00346834
 -0.00174802   0.00346834    0.0228396
  0.00689814  -0.00441468 -0.000814093
 -0.00441468   0.00302239   0.00120629
-0.000814093   0.00120629    0.0235263
   0.0073402  -0.00512608 -0.000829798
 -0.00512608   0.00391197   0.00238318
-0.000829798   0.00238318    0.0234841
  0.00715152  -0.00458217 -0.000396077
 -0.00458217   0.00313814   0.00139591
-0.000396077   0.00139591    0.0239054
  0.00753042  -0.00467678  0.000111375
 -0.00467678   0.00320503     0.001819
 0.000111375     0.001819    0.0242824
   0.0074993  -0.00569002   -0.0012256
 -0.00569002   0.00480727   0.00350286
  -0.0012256   0.00350286    0.0230434
  0.00770287   -0.0051942 -0.000266473
  -0.0051942   0.00397257   0.00275721
-0.000266473   0.00275721    0.0237742
  0.00784093  -0.00573262 -0.000620308
 -0.00573262   0.00486897   0.00379467
-0.000620308   0.00379467    0.0232508
  0.00696476  -0.00412847  1.26946e-06
 -0.00412847   0.00255338  0.000703664
 1.26946e-06  0.000703664    0.0243005
  0.00734466  -0.00423039  0.000462156
 -0.00423039   0.00261529   0.00112025
 0.000462156   0.00112025    0.0247554
  0.00718286   -0.0039073  0.000764977
  -0.0039073   0.00224549  0.000639776
 0.000764977  0.000639776    0.0251911
  0.00723191  -0.00401608  0.000162341
 -0.00401608   0.00229947  0.000356439
 0.000162341  0.000356439    0.0248189
  0.00696101  -0.00407973 -0.000492222
 -0.00407973   0.00247869  0.000557331
-0.000492222  0.000557331     0.023952
  0.00748586  -0.00407177 -0.000340468
 -0.00407177   0.00227832  0.000241208
-0.000340468  0.000241208    0.0244278
  0.00704701  -0.00389625 -0.000811812
 -0.00389625   0.00226635  0.000669011
-0.000811812  0.000669011    0.0235623
  0.00687168  -0.00419617  -0.00118335
 -0.00419617   0.00280337   0.00135747
 -0.00118335   0.00135747    0.0232156
  0.00692498  -0.00388565  -0.00137391
 -0.00388565   0.00249765   0.00171261
 -0.00137391   0.00171261      0.02286
  0.00764816  -0.00388899 -0.000687278
 -0.00388899   0.00206039  0.000417037
-0.000687278  0.000417037    0.0225572
  0.00709849  -0.00357403 -0.000971085
 -0.00357403   0.00194993   0.00100138
-0.000971085   0.00100138    0.0225905
  0.00761584  -0.00356279  -0.00082396
 -0.00356279   0.00177367  0.000721932
 -0.00082396  0.000721932    0.0217686
  0.00704376  -0.00445438  -0.00190809
 -0.00445438   0.00333844   0.00286699
 -0.00190809   0.00286699    0.0226493
  0.00826112  -0.00569847   1.8817e-05
 -0.00569847   0.00493657   0.00430115
  1.8817e-05   0.00430115    0.0234164
  0.00815303  -0.00518693  0.000331883
 -0.00518693   0.00401838   0.00332023
 0.000331883   0.00332023     0.024027
  0.00861824  -0.00510375  0.000891194
 -0.00510375   0.00409411   0.00399047
 0.000891194   0.00399047      0.02421
  0.00868714  -0.00558042  0.000612953
 -0.00558042   0.00505037   0.00495194
 0.000612953   0.00495194    0.0235041
  0.00848979  -0.00464378    0.0011741
 -0.00464378   0.00326944   0.00305482
   0.0011741   0.00305482    0.0249067
  0.00898742  -0.00492348   0.00131295
 -0.00492348   0.00418202    0.0047419
  0.00131295    0.0047419    0.0243273
  0.00890102  -0.00451292   0.00155548
 -0.00451292   0.00331334   0.00374707
  0.00155548   0.00374707     0.025127
  0.00912762  -0.00433046   0.00173672
 -0.00433046   0.00336581   0.00435911
  0.00173672   0.00435911    0.0252891
  0.00900624  -0.00534864   0.00106896
 -0.00534864   0.00518766   0.00571614
  0.00106896   0.00571614    0.0235241
  0.00916025  -0.00467758   0.00153745
 -0.00467758   0.00427884   0.00543865
  0.00153745   0.00543865    0.0243914
  0.00912896  -0.00504982   0.00132548
 -0.00504982   0.00534063   0.00646653
  0.00132548   0.00646653    0.0234927
  0.00876165  -0.00416345    0.0017575
 -0.00416345   0.00265309   0.00285531
   0.0017575   0.00285531    0.0258963
   0.0090285   -0.0040366    0.0019006
  -0.0040366   0.00267225   0.00333383
   0.0019006   0.00333383     0.026151
  0.00888622  -0.00382515   0.00202836
 -0.00382515   0.00220835   0.00239216
  0.00202836   0.00239216    0.0269541
  0.00859221  -0.00390722   0.00192302
 -0.00390722   0.00221182    0.0020648
  0.00192302    0.0020648     0.026615
  0.00832451  -0.00425258   0.00142021
 -0.00425258   0.00264286   0.00226539
  0.00142021   0.00226539    0.0255739
  0.00814779   -0.0039598   0.00162835
  -0.0039598   0.00222891   0.00160759
  0.00162835   0.00160759    0.0261955
  0.00782344  -0.00427155  0.000957602
 -0.00427155   0.00263182   0.00167591
 0.000957602   0.00167591    0.0251874
  0.00799812  -0.00469383   0.00066049
 -0.00469383   0.00323137   0.00240175
  0.00066049   0.00240175    0.0246228
  0.00764823  -0.00395204   0.00121707
 -0.00395204   0.00223937   0.00112109
  0.00121707   0.00112109    0.0257091
    0.013151  -0.00632329 -0.000853053
 -0.00632329   0.00315301   0.00150962
-0.000853053   0.00150962    0.0209217
   0.0118784  -0.00582305 -0.000260072
 -0.00582305    0.0029637   0.00138097
-0.000260072   0.00138097    0.0219108
   0.0100362  -0.00464805  0.000763443
 -0.00464805   0.00227226   0.00106078
 0.000763443   0.00106078    0.0242258
  0.00940663  -0.00454139  0.000834941
 -0.00454139   0.00229922  0.000959318
 0.000834941  0.000959318    0.0243135
   0.0118865  -0.00603494 -0.000527629
 -0.00603494   0.00317334   0.00149353
-0.000527629   0.00149353      0.02138
  0.00824671  -0.00388674   0.00135271
 -0.00388674   0.00196014  0.000885045
  0.00135271  0.000885045    0.0253166
  0.00944548  -0.00472977  0.000505093
 -0.00472977   0.00246541  0.000916994
 0.000505093  0.000916994    0.0240049
  0.00790331  -0.00388727   0.00111074
 -0.00388727   0.00201073  0.000666981
  0.00111074  0.000666981    0.0252322
  0.00842193  -0.00429913  0.000554549
 -0.00429913   0.00227336  0.000523064
 0.000554549  0.000523064    0.0252958
   0.0112711  -0.00589749 -0.000762929
 -0.00589749   0.00319513   0.00156081
-0.000762929   0.00156081    0.0203705
  0.00966735  -0.00500455 -0.000276565
 -0.00500455   0.00268296   0.00102217
-0.000276565   0.00102217     0.021944
   0.0112606  -0.00603289  -0.00121929
 -0.00603289   0.00334695   0.00168915
 -0.00121929   0.00168915    0.0192678
   0.0074545  -0.00371261   0.00135842
 -0.00371261   0.00198298  0.000749661
  0.00135842  0.000749661    0.0256622
  0.00754174  -0.00392817  0.000809186
 -0.00392817   0.00213427  0.000455368
 0.000809186  0.000455368    0.0254573
  0.00801672  -0.00378417   0.00161794
 -0.00378417   0.00198232   0.00114124
  0.00161794   0.00114124    0.0260413
  0.00855607  -0.00380412    0.0018032
 -0.00380412   0.00196383   0.00147626
   0.0018032   0.00147626    0.0265991
  0.00903745  -0.00405395   0.00136386
 -0.00405395   0.00198444   0.00111464
  0.00136386   0.00111464    0.0254347
  0.00976878  -0.00420298   0.00129411
 -0.00420298   0.00201191   0.00123208
  0.00129411   0.00123208     0.025976
  0.00896176  -0.00380001    0.0018124
 -0.00380001    0.0019587   0.00169299
   0.0018124   0.00169299    0.0270623
   0.0111101  -0.00500591  0.000350053
 -0.00500591   0.00238692     0.001184
 0.000350053     0.001184    0.0237183
   0.0112312  -0.00603215  -0.00138277
 -0.00603215   0.00335825   0.00168054
 -0.00138277   0.00168054    0.0187479
   0.0100893  -0.00521647  -0.00089791
 -0.00521647    0.0027883   0.00108895
 -0.00089791   0.00108895    0.0201964
   0.0108507  -0.00545163  -0.00143842
 -0.00545163   0.00285855   0.00133699
 -0.00143842   0.00133699    0.0198287
   0.0116269  -0.00611035  -0.00167158
 -0.00611035   0.00334881   0.00181775
 -0.00167158   0.00181775    0.0187411
   0.0096948  -0.00478281 -0.000943635
 -0.00478281   0.00245959  0.000824877
-0.000943635  0.000824877     0.021123
   0.0110467   -0.0051036    -0.001412
  -0.0051036   0.00254966   0.00148768
   -0.001412   0.00148768       0.0196
   0.0102925   -0.0047156   -0.0011448
  -0.0047156   0.00228356  0.000884209
  -0.0011448  0.000884209    0.0209186
   0.0101134  -0.00426492   -0.0011849
 -0.00426492   0.00194255  0.000991631
  -0.0011849  0.000991631    0.0212278
   0.0114725   -0.0055728  -0.00173599
  -0.0055728   0.00293709   0.00200158
 -0.00173599   0.00200158     0.017728
   0.0108228  -0.00448566  -0.00134775
 -0.00448566   0.00208972   0.00157359
 -0.00134775   0.00157359    0.0190722
   0.0115277  -0.00506562  -0.00162136
 -0.00506562   0.00258285   0.00228569
 -0.00162136   0.00228569    0.0178676
  0.00876177  -0.00415888 -0.000929306
 -0.00415888   0.00207105  0.000606009
-0.000929306  0.000606009    0.0214108
  0.00848553  -0.00367737 -0.000907494
 -0.00367737   0.00171202  0.000789715
-0.000907494  0.000789715    0.0213141
  0.00839454  -0.00428423 -0.000553486
 -0.00428423   0.00225346  0.000387314
-0.000553486  0.000387314    0.0226718
  0.00793435  -0.00417605  0.000176845
 -0.00417605   0.00225776  0.000279635
 0.000176845  0.000279635    0.0253318
   0.0089376  -0.00456937 -0.000383862
 -0.00456937   0.00240502  0.000615674
-0.000383862  0.000615674    0.0226343
  0.00902386  -0.00474156   0.00137586
 -0.00474156   0.00546187   0.00709852
  0.00137586   0.00709852    0.0234225
  0.00910584    -0.004426   0.00154813
   -0.004426   0.00434803   0.00598659
  0.00154813   0.00598659    0.0244104
   0.0088578   -0.0042121   0.00138503
  -0.0042121   0.00437911   0.00633281
  0.00138503   0.00633281    0.0243911
  0.00874188     -0.00448   0.00125715
    -0.00448   0.00555555   0.00755119
  0.00125715   0.00755119    0.0233261
  0.00891206  -0.00397588   0.00148598
 -0.00397588   0.00338907   0.00502944
  0.00148598   0.00502944    0.0254445
  0.00849101  -0.00403493   0.00110224
 -0.00403493   0.00436338   0.00652183
  0.00110224   0.00652183    0.0243622
  0.00857518  -0.00383805   0.00115122
 -0.00383805   0.00333375   0.00509702
  0.00115122   0.00509702    0.0254736
  0.00817955  -0.00369616  0.000752596
 -0.00369616   0.00324374   0.00507577
 0.000752596   0.00507577    0.0255013
  0.00835309  -0.00425579   0.00102212
 -0.00425579   0.00559438   0.00784566
  0.00102212   0.00784566    0.0232329
   0.0080712  -0.00385902  0.000753725
 -0.00385902   0.00429949   0.00660776
 0.000753725   0.00660776    0.0243364
  0.00793246   -0.0040428  0.000716992
  -0.0040428   0.00557787   0.00803623
 0.000716992   0.00803623     0.023146
  0.00860357  -0.00368894    0.0011638
 -0.00368894   0.00257965   0.00369513
   0.0011638   0.00369513    0.0265189
  0.00823637  -0.00357275  0.000719072
 -0.00357275   0.00248281   0.00355371
 0.000719072   0.00355371    0.0265821
  0.00824288  -0.00349931   0.00067741
 -0.00349931   0.00202744    0.0021228
  0.00067741    0.0021228    0.0275607
  0.00857983  -0.00359375   0.00116409
 -0.00359375   0.00210783    0.0023582
  0.00116409    0.0023582    0.0274752
  0.00890658  -0.00379138   0.00155093
 -0.00379138   0.00265345   0.00374684
  0.00155093   0.00374684     0.026444
  0.00884716  -0.00366515   0.00159939
 -0.00366515   0.00217169   0.00251936
  0.00159939   0.00251936    0.0273629
  0.00907405  -0.00390462   0.00181994
 -0.00390462   0.00267982   0.00364113
  0.00181994   0.00364113    0.0263303
  0.00911955   -0.0041379   0.00170227
  -0.0041379   0.00339604   0.00479961
  0.00170227   0.00479961    0.0253917
  0.00896826  -0.00373712   0.00191312
 -0.00373712   0.00219802   0.00254436
  0.00191312   0.00254436    0.0271995
  0.00751185  -0.00382612  0.000360677
 -0.00382612   0.00550138   0.00819182
 0.000360677   0.00819182    0.0230519
  0.00764977  -0.00365989  0.000353257
 -0.00365989    0.0041825   0.00667138
 0.000353257   0.00667138    0.0242987
  0.00724284  -0.00343651 -8.82478e-05
 -0.00343651     0.004038   0.00676181
-8.82478e-05   0.00676181    0.0242426
  0.00711146  -0.00360026  -3.2139e-05
 -0.00360026   0.00539899   0.00835353
 -3.2139e-05   0.00835353    0.0229412
  0.00735834  -0.00328834 -0.000176651
 -0.00328834   0.00294541     0.005047
-0.000176651     0.005047    0.0254911
   0.0068607  -0.00321421 -0.000560219
 -0.00321421   0.00389214   0.00686723
-0.000560219   0.00686723      0.02418
  0.00697349  -0.00304715 -0.000692874
 -0.00304715   0.00276821   0.00509184
-0.000692874   0.00509184    0.0254575
  0.00665842  -0.00281823  -0.00116599
 -0.00281823    0.0025959   0.00517173
 -0.00116599   0.00517173    0.0252429
  0.00673964  -0.00338271 -0.000448782
 -0.00338271   0.00529257   0.00850598
-0.000448782   0.00850598    0.0228253
   0.0065217  -0.00299638  -0.00103279
 -0.00299638   0.00375093   0.00698601
 -0.00103279   0.00698601    0.0239006
  0.00640915  -0.00317143 -0.000863464
 -0.00317143   0.00519217   0.00865815
-0.000863464   0.00865815    0.0227175
  0.00707151  -0.00291788 -0.000846375
 -0.00291788   0.00199072   0.00332038
-0.000846375   0.00332038    0.0265928
  0.00690117  -0.00268843  -0.00133366
 -0.00268843   0.00179857   0.00337637
 -0.00133366   0.00337637    0.0261513
  0.00701295  -0.00258625  -0.00143841
 -0.00258625   0.00135721    0.0017198
 -0.00143841    0.0017198    0.0273191
  0.00714087  -0.00284128 -0.000982235
 -0.00284128   0.00156285   0.00168389
-0.000982235   0.00168389    0.0275441
  0.00745155   -0.0031806 -0.000296664
  -0.0031806   0.00218226    0.0033352
-0.000296664    0.0033352    0.0266227
  0.00750471  -0.00311888 -0.000405255
 -0.00311888   0.00175718   0.00174568
-0.000405255   0.00174568    0.0276021
  0.00784488  -0.00340799  0.000228702
 -0.00340799   0.00234988   0.00341233
 0.000228702   0.00341233    0.0266223
  0.00776258   -0.0035151  0.000308429
  -0.0035151   0.00310999   0.00503812
 0.000308429   0.00503812    0.0255105
  0.00787422  -0.00334675  0.000153512
 -0.00334675   0.00191008   0.00189449
 0.000153512   0.00189449    0.0276088
   0.0130133  -0.00525046   -0.0046647
 -0.00525046   0.00227182  0.000486366
  -0.0046647  0.000486366    0.0207618
    0.013449  -0.00560511  -0.00420887
 -0.00560511   0.00246379  0.000436676
 -0.00420887  0.000436676    0.0208822
   0.0105591  -0.00426287  -0.00298394
 -0.00426287    0.0018723 -0.000133623
 -0.00298394 -0.000133623    0.0243949
    0.010946  -0.00454339  -0.00246951
 -0.00454339   0.00200672 -4.77495e-05
 -0.00246951 -4.77495e-05    0.0244636
   0.0138291  -0.00589526  -0.00373874
 -0.00589526    0.0026206  0.000459932
 -0.00373874  0.000459932    0.0209208
  0.00892231   -0.0036621  -0.00134685
  -0.0036621   0.00167486 -0.000101961
 -0.00134685 -0.000101961    0.0269639
   0.0112756  -0.00475563  -0.00196126
 -0.00475563   0.00210742  9.49941e-05
 -0.00196126  9.49941e-05    0.0244563
  0.00926829  -0.00386839 -0.000804716
 -0.00386839   0.00176907  9.61263e-05
-0.000804716  9.61263e-05    0.0269659
  0.00958734  -0.00401655 -0.000265235
 -0.00401655   0.00185377  0.000356568
-0.000265235  0.000356568    0.0269088
   0.0141049  -0.00613443  -0.00326759
 -0.00613443   0.00275672  0.000557859
 -0.00326759  0.000557859    0.0208745
   0.0115406  -0.00492666  -0.00144593
 -0.00492666   0.00220418  0.000330281
 -0.00144593  0.000330281    0.0243717
   0.0143152  -0.00632316  -0.00278568
 -0.00632316   0.00287514  0.000741001
 -0.00278568  0.000741001    0.0207732
  0.00814447   -0.0034154 -0.000180241
  -0.0034154   0.00170532  0.000750326
-0.000180241  0.000750326    0.0278762
  0.00848596  -0.00356122  0.000359319
 -0.00356122   0.00180258   0.00102125
 0.000359319   0.00102125     0.027819
  0.00778978    -0.003199 -0.000741293
   -0.003199   0.00158489  0.000555432
-0.000741293  0.000555432     0.027866
  0.00744056   -0.0029105  -0.00132286
  -0.0029105   0.00140649  0.000455375
 -0.00132286  0.000455375    0.0277795
  0.00855533  -0.00337799   -0.0019064
 -0.00337799   0.00152401 -0.000210551
  -0.0019064 -0.000210551    0.0268711
  0.00838973  -0.00305192  -0.00239694
 -0.00305192   0.00129786 -0.000187972
 -0.00239694 -0.000187972    0.0267436
  0.00744272  -0.00265446  -0.00180719
 -0.00265446   0.00119659  0.000490456
 -0.00180719  0.000490456    0.0274723
   0.0103185  -0.00393621   -0.0034695
 -0.00393621   0.00167069 -0.000105184
  -0.0034695 -0.000105184    0.0242467
   0.0144425  -0.00646585  -0.00230263
 -0.00646585   0.00297812  0.000995178
 -0.00230263  0.000995178    0.0206208
   0.0117469  -0.00503081 -0.000943145
 -0.00503081   0.00227261  0.000623775
-0.000943145  0.000623775    0.0242378
    0.011844    -0.005105 -0.000485894
   -0.005105    0.0023308  0.000938261
-0.000485894  0.000938261    0.0240385
   0.0144627  -0.00659499  -0.00180843
 -0.00659499   0.00310136   0.00123053
 -0.00180843   0.00123053    0.0205314
   0.0100205  -0.00415736  0.000724306
 -0.00415736   0.00195171  0.000972701
 0.000724306  0.000972701    0.0266269
   0.0117114  -0.00512976 -2.36467e-05
 -0.00512976   0.00238485   0.00111448
-2.36467e-05   0.00111448    0.0238362
   0.0100362  -0.00419106   0.00106678
 -0.00419106    0.0019767   0.00119519
  0.00106678   0.00119519    0.0263774
   0.0139315  -0.00648965  -0.00129922
 -0.00648965   0.00312534   0.00141814
 -0.00129922   0.00141814    0.0206678
   0.0090848  -0.00373595     0.001669
 -0.00373595   0.00193072   0.00171119
    0.001669   0.00171119     0.027372
  0.00900743  -0.00369416   0.00133626
 -0.00369416   0.00191221    0.0015665
  0.00133626    0.0015665    0.0275781
  0.00878805  -0.00364061  0.000873024
 -0.00364061   0.00186652     0.001311
 0.000873024     0.001311    0.0277198
  0.00984757  -0.00411107  0.000258954
 -0.00411107   0.00191788  0.000665785
 0.000258954  0.000665785    0.0267949
  0.00562903  -0.00838151   -0.0012194
 -0.00838151     0.025011    0.0144516
  -0.0012194    0.0144516    0.0156737
  0.00589484  -0.00834073 -0.000728195
 -0.00834073    0.0238359    0.0136768
-0.000728195    0.0136768    0.0159521
  0.00614483  -0.00829248  -0.00127603
 -0.00829248    0.0200862     0.012807
 -0.00127603     0.012807    0.0172337
  0.00642922  -0.00825489 -0.000748068
 -0.00825489    0.0192156     0.012076
-0.000748068     0.012076    0.0173438
   0.0062067  -0.00827358   -0.0002395
 -0.00827358     0.022726     0.013016
  -0.0002395     0.013016    0.0161588
  0.00666699  -0.00815537  -0.00126027
 -0.00815537    0.0159898    0.0110263
 -0.00126027    0.0110263    0.0184973
  0.00674743  -0.00817273 -0.000241832
 -0.00817273    0.0184538    0.0115646
