           0            0            0
           0            0            0
           0            0            0
   0.0313997  -0.00359675   0.00814329
 -0.00359675   0.00080689  -0.00236626
  0.00814329  -0.00236626    0.0181747
   0.0273766  -0.00284489    0.0107317
 -0.00284489  0.000505769   -0.0019156
   0.0107317   -0.0019156    0.0221618
   0.0233775  -0.00302277    0.0131927
 -0.00302277  0.000552504  -0.00163867
   0.0131927  -0.00163867    0.0244848
   0.0223993  -0.00343236    0.0143108
 -0.00343236   0.00067657  -0.00122321
   0.0143108  -0.00122321     0.024576
   0.0224791  -0.00378908    0.0136062
 -0.00378908  0.000822956 -0.000813999
   0.0136062 -0.000813999    0.0246713
   0.0202621  -0.00361163    0.0120256
 -0.00361163  0.000778101 -0.000975154
   0.0120256 -0.000975154     0.022275
   0.0210407  -0.00392112    0.0109598
 -0.00392112  0.000895053 -0.000636641
   0.0109598 -0.000636641    0.0233234
   0.0225899  -0.00400852    0.0123487
 -0.00400852  0.000915699 -0.000564313
   0.0123487 -0.000564313     0.024785
   0.0207821  -0.00390174    0.0086897
 -0.00390174  0.000902752 -0.000506657
   0.0086897 -0.000506657    0.0239662
   0.0224526   -0.0040483    0.0101803
  -0.0040483  0.000926506 -0.000478299
   0.0101803 -0.000478299    0.0254665
   0.0206541  -0.00359269   0.00595325
 -0.00359269  0.000815045 -0.000618153
  0.00595325 -0.000618153    0.0248733
   0.0225399  -0.00402859    0.0090761
 -0.00402859  0.000885426  -0.00060643
   0.0090761  -0.00060643    0.0255338
   0.0458053  0.000855215    0.0167961
 0.000855215   0.00102288   0.00298562
   0.0167961   0.00298562    0.0223319
   0.0400076 -0.000440238     0.019183
-0.000440238   0.00130448    0.0038148
    0.019183    0.0038148    0.0263151
   0.0388913   0.00030597    0.0187358
  0.00030597  0.000988866   0.00349555
   0.0187358   0.00349555    0.0262645
   0.0356564 -0.000423701    0.0208661
-0.000423701   0.00129408   0.00406806
   0.0208661   0.00406806    0.0294061
   0.0358531  -0.00104574    0.0207422
 -0.00104574   0.00161072   0.00425899
   0.0207422   0.00425899    0.0291342
    0.032903 -0.000287291    0.0194279
-0.000287291  0.000988808   0.00344882
   0.0194279   0.00344882    0.0288289
   0.0330819  -0.00100997    0.0211168
 -0.00100997   0.00150845   0.00413468
   0.0211168   0.00413468    0.0305048
   0.0309646 -0.000904542    0.0200671
-0.000904542   0.00123293   0.00365126
   0.0200671   0.00365126    0.0301137
   0.0305422  -0.00148666    0.0198061
 -0.00148666   0.00133388   0.00343533
   0.0198061   0.00343533    0.0301631
   0.0327304  -0.00150451    0.0206025
 -0.00150451   0.00177048   0.00421881
   0.0206025   0.00421881    0.0300546
   0.0323813  -0.00161778    0.0206177
 -0.00161778   0.00154277   0.00377222
   0.0206177   0.00377222    0.0304585
   0.0317116  -0.00205669    0.0198742
 -0.00205669   0.00173246   0.00376672
   0.0198742   0.00376672     0.029995
   0.0284583  -0.00119335    0.0186454
 -0.00119335  0.000976543   0.00278965
   0.0186454   0.00278965    0.0295146
    0.028028   -0.0017324    0.0184606
  -0.0017324   0.00113237    0.0027364
   0.0184606    0.0027364    0.0296033
    0.026537  -0.00226275    0.0176599
 -0.00226275  0.000962846   0.00178556
   0.0176599   0.00178556    0.0293624
   0.0272584  -0.00176475    0.0179684
 -0.00176475   0.00077593    0.0016695
   0.0179684    0.0016695    0.0293694
   0.0303563  -0.00056424    0.0179628
 -0.00056424  0.000726726   0.00246542
   0.0179628   0.00246542    0.0282329
   0.0296328  -0.00115468    0.0175913
 -0.00115468  0.000546759   0.00123829
   0.0175913   0.00123829    0.0283008
   0.0334666  0.000233819     0.015795
 0.000233819  0.000500605   0.00175137
    0.015795   0.00175137    0.0251355
   0.0357369  0.000501876    0.0170581
 0.000501876  0.000713392   0.00277782
   0.0170581   0.00277782    0.0255798
   0.0402097   0.00173361     0.013986
  0.00173361  0.000573411   0.00180362
    0.013986   0.00180362    0.0212934
   0.0334207 -0.000414982    0.0156165
-0.000414982  0.000376267  0.000515411
   0.0156165  0.000515411    0.0254432
   0.0384282   0.00127404    0.0130983
  0.00127404  0.000405672  0.000832128
   0.0130983  0.000832128    0.0210551
   0.0399082  0.000233133    0.0132928
 0.000233133  0.000342481 -0.000343346
   0.0132928 -0.000343346    0.0216585
   0.0435173   0.00162944    0.0156973
  0.00162944  0.000779554   0.00255814
   0.0156973   0.00255814    0.0219493
   0.0308949  -0.00265692    0.0184325
 -0.00265692    0.0015458   0.00302129
   0.0184325   0.00302129    0.0293203
   0.0318199  -0.00228948    0.0192619
 -0.00228948   0.00141858   0.00307083
   0.0192619   0.00307083     0.029667
   0.0312791  -0.00279473    0.0178354
 -0.00279473   0.00119205   0.00216912
   0.0178354   0.00216912    0.0289284
   0.0300748  -0.00307789    0.0169171
 -0.00307789   0.00126622   0.00209169
   0.0169171   0.00209169    0.0286579
   0.0299041  -0.00260595    0.0173149
 -0.00260595   0.00110962    0.0020697
   0.0173149    0.0020697    0.0286568
    0.030686  -0.00313445    0.0163664
 -0.00313445  0.000935933   0.00112634
   0.0163664   0.00112634    0.0281994
   0.0295978  -0.00292447    0.0159679
 -0.00292447  0.000887727   0.00112417
   0.0159679   0.00112417    0.0279553
    0.029272  -0.00308801    0.0146651
 -0.00308801  0.000687252  7.95586e-05
   0.0146651  7.95586e-05    0.0272943
   0.0292204  -0.00332139    0.0153602
 -0.00332139  0.000976429   0.00105032
   0.0153602   0.00105032    0.0279544
   0.0300844  -0.00332776    0.0149594
 -0.00332776  0.000726135   1.1549e-05
   0.0149594   1.1549e-05    0.0274898
   0.0283324   -0.0034339    0.0138419
  -0.0034339  0.000752065 -2.23078e-05
   0.0138419 -2.23078e-05    0.0272025
   0.0272817  -0.00293352    0.0148882
 -0.00293352  0.000861911  0.000929624
   0.0148882  0.000929624    0.0275127
   0.0270835  -0.00298805    0.0136205
 -0.00298805  0.000673488  3.26263e-05
   0.0136205  3.26263e-05     0.026877
   0.0251356  -0.00315655    0.0127021
 -0.00315655  0.000701597 -0.000164388
   0.0127021 -0.000164388    0.0265682
   0.0254215  -0.00321001    0.0140407
 -0.00321001  0.000869246   0.00055688
   0.0140407   0.00055688     0.027235
   0.0274855  -0.00269887    0.0161741
 -0.00269887   0.00104222   0.00171367
   0.0161741   0.00171367    0.0281865
   0.0257145  -0.00306584    0.0153595
 -0.00306584   0.00100249   0.00115356
   0.0153595   0.00115356     0.027928
   0.0277112  -0.00229514    0.0173717
 -0.00229514   0.00114644   0.00232828
   0.0173717   0.00232828    0.0288741
    0.030195  -0.00212581     0.018608
 -0.00212581   0.00127696    0.0028559
    0.018608    0.0028559    0.0293848
   0.0260507  -0.00274232    0.0165656
 -0.00274232   0.00103979   0.00157355
   0.0165656   0.00157355    0.0286277
   0.0238505  -0.00415679    0.0120225
 -0.00415679  0.000954897 -0.000387744
   0.0120225 -0.000387744    0.0263036
   0.0239197  -0.00406178    0.0132959
 -0.00406178  0.000955066 -0.000329238
   0.0132959 -0.000329238    0.0262986
   0.0252458  -0.00395244    0.0148907
 -0.00395244  0.000983549 -1.27764e-05
   0.0148907 -1.27764e-05    0.0276517
   0.0237036  -0.00378607    0.0145652
 -0.00378607  0.000859479 -0.000506381
   0.0145652 -0.000506381    0.0260111
   0.0255478  -0.00368998    0.0160419
 -0.00368998  0.000916534  3.76177e-05
   0.0160419  3.76177e-05    0.0282222
   0.0257969  -0.00326649    0.0169801
 -0.00326649   0.00075951 -0.000116612
   0.0169801 -0.000116612    0.0285831
   0.0239894   -0.0034296    0.0156137
  -0.0034296  0.000709913 -0.000796747
   0.0156137 -0.000796747    0.0263153
   0.0260962  -0.00334387    0.0167025
 -0.00334387  0.000976576  0.000697333
   0.0167025  0.000697333    0.0289065
    0.026583  -0.00290559    0.0177654
 -0.00290559   0.00085132  0.000719029
   0.0177654  0.000719029    0.0296573
   0.0254927  -0.00359358    0.0153644
 -0.00359358  0.000991594  0.000483935
   0.0153644  0.000483935    0.0281051
   0.0249938  -0.00366822     0.013911
 -0.00366822  0.000907307  8.09535e-05
    0.013911  8.09535e-05     0.027304
   0.0247274  -0.00400315    0.0135357
 -0.00400315  0.000939901 -0.000258967
   0.0135357 -0.000258967      0.02712
   0.0244244  -0.00389764    0.0122346
 -0.00389764  0.000833857 -0.000709488
   0.0122346 -0.000709488    0.0263719
   0.0244925  -0.00354413    0.0124175
 -0.00354413  0.000765513 -0.000467145
   0.0124175 -0.000467145    0.0265381
   0.0235143  -0.00403641    0.0108429
 -0.00403641  0.000866206 -0.000706202
   0.0108429 -0.000706202    0.0260151
    0.024866  -0.00297089    0.0153547
 -0.00297089  0.000552712  -0.00121134
   0.0153547  -0.00121134    0.0264748
   0.0285665  -0.00266865    0.0138113
 -0.00266865  0.000463216  -0.00161912
   0.0138113  -0.00161912    0.0250313
   0.0291124  -0.00229407    0.0157028
 -0.00229407  0.000432013  -0.00101375
   0.0157028  -0.00101375    0.0267826
    0.032453  -0.00257328    0.0106752
 -0.00257328  0.000512708  -0.00197773
   0.0106752  -0.00197773    0.0210857
   0.0329311  -0.00211025    0.0124423
 -0.00211025  0.000448869  -0.00156458
   0.0124423  -0.00156458    0.0226379
   0.0382628  -0.00237599    0.0100642
 -0.00237599   0.00062269  -0.00211969
   0.0100642  -0.00211969    0.0189318
   0.0360666  -0.00327531   0.00845523
 -0.00327531  0.000778666  -0.00238962
  0.00845523  -0.00238962    0.0179446
   0.0335321  -0.00116313    0.0147145
 -0.00116313  0.000333645 -0.000615687
   0.0147145 -0.000615687     0.024918
   0.0387692  -0.00101691    0.0119805
 -0.00101691  0.000399046  -0.00128591
   0.0119805  -0.00128591    0.0207087
   0.0295735  -0.00177489     0.017169
 -0.00177489  0.000444435  2.37672e-05
    0.017169  2.37672e-05    0.0281375
   0.0271228  -0.00239046     0.017912
 -0.00239046  0.000647919  0.000483557
    0.017912  0.000483557    0.0295428
   0.0263606  -0.00278365     0.016828
 -0.00278365  0.000572591 -0.000484496
    0.016828 -0.000484496    0.0282467
   0.0273477  -0.00348254    0.0123437
 -0.00348254  0.000633548  -0.00106554
   0.0123437  -0.00106554    0.0264322
    0.029448  -0.00344788    0.0136013
 -0.00344788  0.000618151  -0.00112424
   0.0136013  -0.00112424    0.0268026
   0.0287743  -0.00353637     0.012282
 -0.00353637  0.000641793  -0.00222241
    0.012282  -0.00222241    0.0261681
   0.0262776   -0.0035046    0.0108599
  -0.0035046  0.000644562  -0.00203008
   0.0108599  -0.00203008    0.0256932
   0.0286758  -0.00319748    0.0122636
 -0.00319748  0.000583834  -0.00217236
   0.0122636  -0.00217236    0.0261554
   0.0279412  -0.00364151    0.0109865
 -0.00364151  0.000786284  -0.00321839
   0.0109865  -0.00321839    0.0255932
   0.0282908  -0.00327979     0.011144
 -0.00327979  0.000725605  -0.00324232
    0.011144  -0.00324232    0.0256863
   0.0277591   -0.0034123    0.0101008
  -0.0034123  0.000958009  -0.00416559
   0.0101008  -0.00416559    0.0252676
   0.0251297  -0.00352056   0.00942122
 -0.00352056  0.000758709  -0.00287674
  0.00942122  -0.00287674    0.0250021
    0.026955  -0.00374475   0.00975445
 -0.00374475   0.00100753  -0.00406672
  0.00975445  -0.00406672    0.0250454
   0.0238794  -0.00351035   0.00806604
 -0.00351035  0.000940315  -0.00360553
  0.00806604  -0.00360553    0.0243145
    0.026529  -0.00269956    0.0101318
 -0.00269956  0.000630664  -0.00306633
   0.0101318  -0.00306633    0.0253473
   0.0263568  -0.00271119   0.00918287
 -0.00271119  0.000838206  -0.00398602
  0.00918287  -0.00398602    0.0249788
   0.0241595  -0.00202366   0.00781652
 -0.00202366  0.000716567  -0.00370379
  0.00781652  -0.00370379     0.024509
   0.0242993  -0.00225785   0.00886204
 -0.00225785  0.000558833  -0.00285724
  0.00886204  -0.00285724    0.0249216
    0.026673  -0.00278305    0.0112137
 -0.00278305  0.000522316  -0.00202669
   0.0112137  -0.00202669    0.0257832
   0.0245256   -0.0025982     0.010063
  -0.0025982  0.000505776  -0.00192412
    0.010063  -0.00192412    0.0253919
   0.0268443   -0.0029178    0.0123777
  -0.0029178  0.000541473 -0.000966771
   0.0123777 -0.000966771    0.0262899
   0.0289426  -0.00315944    0.0134288
 -0.00315944  0.000569195  -0.00103873
   0.0134288  -0.00103873    0.0266924
    0.024805  -0.00294092     0.011359
 -0.00294092   0.00055848  -0.00100157
    0.011359  -0.00100157    0.0259426
   0.0225314  -0.00341228   0.00678253
 -0.00341228   0.00116053  -0.00427611
  0.00678253  -0.00427611     0.023582
   0.0258144  -0.00379528   0.00853961
 -0.00379528   0.00126302  -0.00479451
  0.00853961  -0.00479451    0.0244683
   0.0246101  -0.00365006   0.00733039
 -0.00365006   0.00155662  -0.00546931
  0.00733039  -0.00546931    0.0238251
   0.0211428  -0.00310544   0.00559439
 -0.00310544   0.00145313  -0.00497348
  0.00559439  -0.00497348    0.0227804
   0.0262991  -0.00357047   0.00801862
 -0.00357047   0.00150916  -0.00560355
  0.00801862  -0.00560355    0.0243927
   0.0232849  -0.00320772   0.00617075
 -0.00320772   0.00192238  -0.00616042
  0.00617075  -0.00616042    0.0231009
   0.0254043  -0.00332829   0.00694295
 -0.00332829   0.00182817  -0.00622602
  0.00694295  -0.00622602    0.0238747
    0.024298   -0.0027298   0.00589615
  -0.0027298   0.00222775  -0.00686215
  0.00589615  -0.00686215    0.0233013
   0.0196637   -0.0025096   0.00455582
  -0.0025096   0.00186242   -0.0057571
  0.00455582   -0.0057571     0.021914
   0.0217178  -0.00240365   0.00509745
 -0.00240365   0.00242577  -0.00691907
  0.00509745  -0.00691907    0.0223313
   0.0180734  -0.00160191   0.00368149
 -0.00160191   0.00248535  -0.00666121
  0.00368149  -0.00666121    0.0210498
   0.0252968  -0.00281595   0.00640728
 -0.00281595   0.00160468  -0.00593176
  0.00640728  -0.00593176    0.0239708
   0.0247621  -0.00243593   0.00548094
 -0.00243593   0.00190073  -0.00644467
  0.00548094  -0.00644467    0.0236178
   0.0234867  -0.00170608   0.00406608
 -0.00170608   0.00153357  -0.00580093
  0.00406608  -0.00580093    0.0233589
   0.0236301  -0.00191764   0.00495562
 -0.00191764   0.00133292  -0.00542999
  0.00495562  -0.00542999      0.02357
   0.0257232  -0.00288917   0.00735224
 -0.00288917   0.00133793  -0.00538584
  0.00735224  -0.00538584     0.024309
   0.0238195  -0.00194376   0.00589061
 -0.00194376   0.00113012  -0.00498441
  0.00589061  -0.00498441    0.0238303
   0.0260517  -0.00281204   0.00826854
 -0.00281204   0.00108219  -0.00475428
  0.00826854  -0.00475428    0.0246426
   0.0270601   -0.0035542    0.0090745
  -0.0035542   0.00122199  -0.00493864
   0.0090745  -0.00493864    0.0248511
   0.0239871  -0.00194594   0.00685167
 -0.00194594  0.000919546  -0.00441806
  0.00685167  -0.00441806    0.0241508
   0.0206865   0.00052737 -0.000940616
  0.00052737    0.0007417  -0.00389194
-0.000940616  -0.00389194    0.0220798
   0.0209507  0.000201709  0.000526286
 0.000201709  0.000734748  -0.00395786
 0.000526286  -0.00395786    0.0222458
   0.0206773  3.78265e-05   0.00126965
 3.78265e-05  0.000823246  -0.00422551
  0.00126965  -0.00422551    0.0224519
   0.0210357 -0.000364526    0.0026975
-0.000364526  0.000757901  -0.00403323
   0.0026975  -0.00403323    0.0227784
   0.0214706 -0.000381876   0.00209178
-0.000381876  0.000697888  -0.00380773
  0.00209178  -0.00380773    0.0225728
   0.0211211 -0.000582683   0.00341306
-0.000582683   0.00083783  -0.00427517
  0.00341306  -0.00427517    0.0229977
   0.0216016  -0.00100917   0.00417649
 -0.00100917  0.000675345   -0.0036684
  0.00417649   -0.0036684    0.0232366
   0.0214808  -0.00100116   0.00472631
 -0.00100116  0.000714814  -0.00385465
  0.00472631  -0.00385465    0.0234295
   0.0220838  -0.00160082   0.00609712
 -0.00160082  0.000613499  -0.00329626
  0.00609712  -0.00329626    0.0239286
    0.022039  -0.00117913   0.00360462
 -0.00117913  0.000645767   -0.0034688
  0.00360462   -0.0034688    0.0229624
   0.0224149  -0.00181102   0.00572034
 -0.00181102  0.000617208  -0.00317245
  0.00572034  -0.00317245    0.0237562
   0.0224045  -0.00201711   0.00496943
 -0.00201711  0.000611458  -0.00296529
  0.00496943  -0.00296529    0.0232242
   0.0221849  -0.00129628   0.00554744
 -0.00129628  0.000792691  -0.00409709
  0.00554744  -0.00409709    0.0236988
   0.0225076  -0.00163484   0.00670073
 -0.00163484  0.000638228  -0.00346026
  0.00670073  -0.00346026    0.0241354
   0.0219981  -0.00111041   0.00443485
 -0.00111041  0.000955902  -0.00458509
  0.00443485  -0.00458509    0.0233273
   0.0218083  -0.00101252   0.00334567
 -0.00101252   0.00109791  -0.00492255
  0.00334567  -0.00492255    0.0230511
    0.020863 -0.000349353   0.00213477
-0.000349353  0.000934209  -0.00452437
  0.00213477  -0.00452437    0.0226797
   0.0206366 -0.000185652  0.000903492
-0.000185652  0.000995723  -0.00461668
 0.000903492  -0.00461668    0.0224793
   0.0217037 -0.000862763   0.00233809
-0.000862763   0.00121701   -0.0051444
  0.00233809   -0.0051444    0.0228775
   0.0204509  0.000262069 -9.88245e-05
 0.000262069   0.00085145  -0.00422419
-9.88245e-05  -0.00422419    0.0222555
   0.0221691  -0.00273187   0.00591831
 -0.00273187  0.000608588  -0.00233295
  0.00591831  -0.00233295    0.0235143
   0.0230715  -0.00264596   0.00725379
 -0.00264596  0.000608676  -0.00258129
  0.00725379  -0.00258129     0.024276
   0.0232589  -0.00331492   0.00866423
 -0.00331492  0.000654174  -0.00191471
  0.00866423  -0.00191471    0.0246668
   0.0219742  -0.00328571   0.00651738
 -0.00328571  0.000661288  -0.00162372
  0.00651738  -0.00162372    0.0243922
   0.0235038  -0.00305402   0.00922623
 -0.00305402  0.000600681  -0.00195485
  0.00922623  -0.00195485    0.0251174
    0.023213  -0.00375921   0.00986128
 -0.00375921  0.000746918  -0.00126707
  0.00986128  -0.00126707    0.0250987
    0.024015  -0.00359989    0.0107907
 -0.00359989  0.000700864  -0.00129148
   0.0107907  -0.00129148    0.0257716
   0.0221878  -0.00373556   0.00753428
 -0.00373556  0.000764542  -0.00101925
  0.00753428  -0.00101925    0.0253951
   0.0239438  -0.00322622    0.0108958
 -0.00322622  0.000618296  -0.00113985
   0.0108958  -0.00113985    0.0258165
    0.023414  -0.00272482   0.00939393
 -0.00272482  0.000533243  -0.00190967
  0.00939393  -0.00190967    0.0251798
   0.0229152  -0.00215191   0.00796569
 -0.00215191  0.000540278   -0.0027166
  0.00796569   -0.0027166    0.0246285
   0.0227854   -0.0023353   0.00759133
  -0.0023353  0.000564502  -0.00264509
  0.00759133  -0.00264509    0.0244873
   0.0210956    -0.003528   0.00518824
   -0.003528  0.000753737 -0.000837373
  0.00518824 -0.000837373    0.0253785
   0.0213233  -0.00320488   0.00438723
 -0.00320488  0.000655711  -0.00135166
  0.00438723  -0.00135166    0.0249669
   0.0195354  -0.00283295   0.00191526
 -0.00283295  0.000631425  -0.00102522
  0.00191526  -0.00102522    0.0243625
   0.0211822  -0.00264919   0.00336933
 -0.00264919  0.000583459   -0.0019606
  0.00336933   -0.0019606    0.0241502
   0.0201674  -0.00252075   0.00121723
 -0.00252075  0.000557128  -0.00158946
  0.00121723  -0.00158946     0.024459
   0.0207339  -0.00198433  0.000843711
 -0.00198433   0.00052533  -0.00223804
 0.000843711  -0.00223804    0.0238457
   0.0214045  -0.00200428   0.00283522
 -0.00200428  0.000561551  -0.00257417
  0.00283522  -0.00257417     0.023184
   0.0190912  -0.00178942  -0.00138014
 -0.00178942   0.00047221  -0.00166355
 -0.00138014  -0.00166355    0.0238711
   0.0216094  -0.00128646   0.00239537
 -0.00128646  0.000588103  -0.00312151
  0.00239537  -0.00312151    0.0222783
   0.0217706 -0.000501609   0.00127202
-0.000501609  0.000626575  -0.00350778
  0.00127202  -0.00350778    0.0221906
   0.0213919 -0.000559914 -0.000377714
-0.000559914  0.000530194  -0.00309225
-0.000377714  -0.00309225    0.0222789
   0.0216067  0.000176896 -0.000170207
 0.000176896  0.000647242  -0.00365108
-0.000170207  -0.00365108     0.022029
   0.0218869  0.000103727  -0.00130689
 0.000103727  0.000547284  -0.00326375
 -0.00130689  -0.00326375    0.0220141
   0.0221142  0.000572558  -0.00251806
 0.000572558  0.000536345  -0.00313151
 -0.00251806  -0.00313151    0.0217837
    0.021212  0.000635238  -0.00175099
 0.000635238  0.000637646  -0.00353715
 -0.00175099  -0.00353715    0.0218765
   0.0211644  1.21008e-05  -0.00289164
 1.21008e-05  0.000427189  -0.00274351
 -0.00289164  -0.00274351    0.0219676
    0.022227  0.000469136  -0.00375245
 0.000469136  0.000422042  -0.00263891
 -0.00375245  -0.00263891    0.0218581
   0.0213149   0.00023625  -0.00473348
  0.00023625  0.000313948  -0.00205557
 -0.00473348  -0.00205557    0.0215523
   0.0204976 -0.000123685  -0.00409789
-0.000123685  0.000330202  -0.00222985
 -0.00409789  -0.00222985    0.0223651
    0.020765   -0.0005489  -0.00212368
  -0.0005489  0.000434132  -0.00266488
 -0.00212368  -0.00266488    0.0228135
   0.0196724 -0.000767846  -0.00348476
-0.000767846  0.000378664  -0.00211948
 -0.00348476  -0.00211948     0.023815
    0.020128  -0.00127959  -0.00171604
 -0.00127959  0.000449871  -0.00227214
 -0.00171604  -0.00227214    0.0235967
   0.0210897   -0.0012718   0.00014768
  -0.0012718  0.000514781  -0.00272679
  0.00014768  -0.00272679    0.0231486
   0.0195301 -0.000158583   -0.0051356
-0.000158583  0.000262778  -0.00191666
  -0.0051356  -0.00191666    0.0227629
   0.0200499  3.07109e-05  -0.00541025
 3.07109e-05  0.000242302  -0.00146027
 -0.00541025  -0.00146027    0.0207496
  0.00531665  -0.00489205  -0.00625508
 -0.00489205   0.00479668   0.00513301
 -0.00625508   0.00513301    0.0207566
  0.00552092   -0.0049303  -0.00518129
  -0.0049303   0.00482868   0.00506638
 -0.00518129   0.00506638    0.0215472
  0.00525539  -0.00429235  -0.00466443
 -0.00429235   0.00395504   0.00401946
 -0.00466443   0.00401946    0.0219343
  0.00576313  -0.00427547  -0.00335989
 -0.00427547    0.0040498   0.00453391
 -0.00335989   0.00453391    0.0228811
  0.00597548  -0.00489033  -0.00385506
 -0.00489033    0.0048924   0.00541567
 -0.00385506   0.00541567    0.0223478
  0.00553553  -0.00371056   -0.0028303
 -0.00371056   0.00329683   0.00374041
  -0.0028303   0.00374041    0.0235404
  0.00656015  -0.00408011   -0.0018674
 -0.00408011   0.00419307   0.00554436
  -0.0018674   0.00554436    0.0237406
  0.00637418  -0.00351178  -0.00138309
 -0.00351178   0.00342035   0.00485091
 -0.00138309   0.00485091    0.0245266
  0.00744626  -0.00313258   0.00010196
 -0.00313258   0.00367194   0.00628638
  0.00010196   0.00628638    0.0253037
  0.00672951  -0.00469588  -0.00233579
 -0.00469588   0.00503624   0.00625598
 -0.00233579   0.00625598    0.0230791
  0.00759865  -0.00370662 -0.000313709
 -0.00370662   0.00450683   0.00690919
-0.000313709   0.00690919    0.0243914
  0.00772441  -0.00436412 -0.000759453
 -0.00436412   0.00540364   0.00747652
-0.000759453   0.00747652    0.0236173
  0.00619395  -0.00306919 -0.000974844
 -0.00306919   0.00280229   0.00431051
-0.000974844   0.00431051    0.0254393
  0.00726847  -0.00268343  0.000422531
 -0.00268343   0.00297461   0.00571654
 0.000422531   0.00571654    0.0263224
  0.00710863  -0.00242046  0.000599292
 -0.00242046   0.00244601   0.00518811
 0.000599292   0.00518811    0.0273797
  0.00640068  -0.00300982  -0.00094082
 -0.00300982   0.00250274   0.00403029
 -0.00094082   0.00403029    0.0266581
  0.00552525  -0.00340877  -0.00251674
 -0.00340877   0.00279434   0.00326893
 -0.00251674   0.00326893    0.0245047
  0.00591939   -0.0034552   -0.0025234
  -0.0034552    0.0026157   0.00306244
  -0.0025234   0.00306244    0.0257109
  0.00507524  -0.00350479  -0.00385205
 -0.00350479   0.00276857   0.00263608
 -0.00385205   0.00263608    0.0233946
  0.00504436  -0.00376112  -0.00417316
 -0.00376112   0.00322974   0.00316039
 -0.00417316   0.00316039    0.0225321
  0.00476845  -0.00365809  -0.00520231
 -0.00365809   0.00312477   0.00295913
 -0.00520231   0.00295913    0.0214439
  0.00546767  -0.00357177  -0.00380545
 -0.00357177   0.00262869   0.00240605
 -0.00380545   0.00240605    0.0230741
  0.00475806  -0.00339138  -0.00481459
 -0.00339138   0.00266077    0.0023749
 -0.00481459    0.0023749    0.0216363
  0.00506289  -0.00343806  -0.00471337
 -0.00343806   0.00254519   0.00216037
 -0.00471337   0.00216037    0.0214648
  0.00500841  -0.00420767  -0.00570779
 -0.00420767   0.00386763   0.00392874
 -0.00570779   0.00392874    0.0209868
  0.00877927  -0.00393593  0.000687382
 -0.00393593   0.00606411   0.00890541
 0.000687382   0.00890541    0.0238762
  0.00871279  -0.00322596   0.00110236
 -0.00322596   0.00504539   0.00842076
  0.00110236   0.00842076     0.024769
  0.00963134  -0.00280055   0.00216119
 -0.00280055   0.00578582   0.00978166
  0.00216119   0.00978166    0.0248546
  0.00962716  -0.00353623   0.00178613
 -0.00353623   0.00699479    0.0102828
  0.00178613    0.0102828    0.0238304
  0.00955817  -0.00221047   0.00240543
 -0.00221047   0.00461177   0.00904258
  0.00240543   0.00904258    0.0260163
   0.0101161  -0.00254977   0.00270982
 -0.00254977    0.0066232    0.0107672
  0.00270982    0.0107672    0.0247328
   0.0101022  -0.00199856   0.00285513
 -0.00199856   0.00520733   0.00980972
  0.00285513   0.00980972    0.0260238
   0.0101064  -0.00210312   0.00277825
 -0.00210312   0.00572576   0.00990576
  0.00277825   0.00990576    0.0259457
   0.0100432  -0.00325476   0.00239944
 -0.00325476   0.00805296    0.0113915
  0.00239944    0.0113915    0.0235785
   0.0100674  -0.00256846   0.00275201
 -0.00256846   0.00734941    0.0111696
  0.00275201    0.0111696    0.0245351
  0.00995534  -0.00318566   0.00252601
 -0.00318566   0.00899264     0.012043
  0.00252601     0.012043    0.0232515
  0.00998713  -0.00165045    0.0027747
 -0.00165045   0.00397561   0.00862284
   0.0027747   0.00862284    0.0273795
   0.0100516   -0.0018143   0.00256675
  -0.0018143   0.00431312   0.00834439
  0.00256675   0.00834439    0.0273923
  0.00990044  -0.00170521   0.00214337
 -0.00170521   0.00321623   0.00660537
  0.00214337   0.00660537    0.0287831
   0.0097753  -0.00151215    0.0024959
 -0.00151215   0.00299573   0.00727163
   0.0024959   0.00727163       0.0287
  0.00940087  -0.00182165   0.00246346
 -0.00182165   0.00360085     0.008163
  0.00246346     0.008163    0.0272626
  0.00917359  -0.00163696   0.00234137
 -0.00163696   0.00277671   0.00716477
  0.00234137   0.00716477    0.0284935
  0.00842046  -0.00221663   0.00163335
 -0.00221663     0.003255   0.00711827
  0.00163335   0.00711827    0.0269322
  0.00859294  -0.00263762   0.00143864
 -0.00263762   0.00408093   0.00779225
  0.00143864   0.00779225    0.0257999
  0.00821544  -0.00197866   0.00167631
 -0.00197866   0.00258651   0.00639756
  0.00167631   0.00639756    0.0280702
   0.0144281  -0.00452029  -0.00301349
 -0.00452029   0.00209894   0.00347929
 -0.00301349   0.00347929    0.0238031
   0.0132608  -0.00386934  -0.00183402
 -0.00386934   0.00193979   0.00429805
 -0.00183402   0.00429805    0.0251104
   0.0111514   -0.0027095 -0.000285217
  -0.0027095   0.00170388   0.00442886
-0.000285217   0.00442886    0.0273943
   0.0104562  -0.00265385  9.70517e-05
 -0.00265385   0.00176513   0.00493833
 9.70517e-05   0.00493833    0.0277849
   0.0131902  -0.00419474  -0.00206503
 -0.00419474   0.00216201   0.00461789
 -0.00206503   0.00461789    0.0247677
  0.00917419  -0.00193406   0.00114746
 -0.00193406   0.00176833   0.00531626
  0.00114746   0.00531626    0.0285098
   0.0101338  -0.00313258 -0.000468949
 -0.00313258   0.00199164    0.0048193
-0.000468949    0.0048193    0.0276206
  0.00842799  -0.00224079  0.000782537
 -0.00224079   0.00186897   0.00512504
 0.000782537   0.00512504    0.0285863
  0.00829779  -0.00303656 -0.000410867
 -0.00303656   0.00218881   0.00459829
-0.000410867   0.00459829    0.0287021
   0.0120999  -0.00440076  -0.00236261
 -0.00440076   0.00239436   0.00461064
 -0.00236261   0.00461064     0.023827
  0.00963871  -0.00388114  -0.00178242
 -0.00388114    0.0023873   0.00434969
 -0.00178242   0.00434969    0.0254369
   0.0112731  -0.00495883  -0.00322811
 -0.00495883   0.00284259   0.00438959
 -0.00322811   0.00438959     0.022662
  0.00798024  -0.00189717   0.00151106
 -0.00189717   0.00208287   0.00566615
  0.00151106   0.00566615    0.0285536
  0.00741925  -0.00254923  0.000336748
 -0.00254923       0.0022   0.00483591
 0.000336748   0.00483591    0.0283042
   0.0089662  -0.00164399   0.00191076
 -0.00164399   0.00214754   0.00616113
  0.00191076   0.00616113    0.0288547
   0.0096644  -0.00159312   0.00184276
 -0.00159312   0.00225572    0.0059875
  0.00184276    0.0059875    0.0292058
   0.0100976  -0.00202203  0.000825649
 -0.00202203   0.00180403   0.00493209
 0.000825649   0.00493209    0.0283817
   0.0107295    -0.002368  0.000128412
   -0.002368   0.00193898   0.00388929
 0.000128412   0.00388929    0.0286724
  0.00995287  -0.00183029   0.00129393
 -0.00183029   0.00240624   0.00505616
  0.00129393   0.00505616    0.0294176
   0.0121349  -0.00324464  -0.00135799
 -0.00324464   0.00182911   0.00339746
 -0.00135799   0.00339746    0.0265818
   0.0105956   -0.0052422  -0.00373347
  -0.0052422   0.00310035   0.00416491
 -0.00373347   0.00416491    0.0221364
  0.00916058   -0.0044892  -0.00302895
  -0.0044892   0.00278663   0.00385561
 -0.00302895   0.00385561    0.0234358
  0.00894719   -0.0050591  -0.00442649
  -0.0050591   0.00321042   0.00365352
 -0.00442649   0.00365352    0.0229828
   0.0102055  -0.00556179  -0.00453652
 -0.00556179    0.0034146   0.00408932
 -0.00453652   0.00408932    0.0220944
  0.00769558  -0.00438324  -0.00377261
 -0.00438324   0.00290805   0.00325748
 -0.00377261   0.00325748    0.0236794
  0.00800394  -0.00499671   -0.0052338
 -0.00499671   0.00332291   0.00332712
  -0.0052338   0.00332712    0.0222376
  0.00728982  -0.00457913  -0.00494891
 -0.00457913   0.00309505   0.00281567
 -0.00494891   0.00281567    0.0229364
  0.00660402  -0.00429004  -0.00568982
 -0.00429004    0.0029759   0.00254999
 -0.00568982   0.00254999    0.0223443
  0.00881272  -0.00539954  -0.00542511
 -0.00539954   0.00350935   0.00366417
 -0.00542511   0.00366417    0.0205702
  0.00712735   -0.0045957  -0.00585703
  -0.0045957    0.0031227   0.00295578
 -0.00585703   0.00295578    0.0209593
   0.0079213  -0.00512143  -0.00601285
 -0.00512143   0.00345553   0.00354919
 -0.00601285   0.00354919    0.0201589
  0.00625561  -0.00394997   -0.0042973
 -0.00394997   0.00274626   0.00257148
  -0.0042973   0.00257148    0.0227008
  0.00551705  -0.00365294  -0.00510931
 -0.00365294   0.00261275   0.00221703
 -0.00510931   0.00221703    0.0215448
  0.00661484  -0.00379192  -0.00298548
 -0.00379192   0.00265698   0.00303138
 -0.00298548   0.00303138    0.0246416
  0.00701471  -0.00324949  -0.00123075
 -0.00324949   0.00242606   0.00393223
 -0.00123075   0.00393223    0.0279378
  0.00792977  -0.00380112  -0.00217161
 -0.00380112   0.00254233   0.00381443
 -0.00217161   0.00381443    0.0256943
  0.00947193  -0.00329634   0.00229382
 -0.00329634   0.00959691    0.0121948
  0.00229382    0.0121948    0.0229684
  0.00960015  -0.00282446   0.00241364
 -0.00282446   0.00776861    0.0109748
  0.00241364    0.0109748    0.0243793
  0.00893132  -0.00319988   0.00187668
 -0.00319988   0.00777229    0.0103134
  0.00187668    0.0103134    0.0243278
  0.00880785  -0.00351341    0.0018633
 -0.00351341   0.00976051    0.0119301
   0.0018633    0.0119301     0.022798
  0.00900561  -0.00297919   0.00164067
 -0.00297919   0.00596924   0.00827265
  0.00164067   0.00827265    0.0259231
  0.00825739  -0.00353261   0.00126271
 -0.00353261   0.00743824   0.00941399
  0.00126271   0.00941399    0.0244067
  0.00834235  -0.00341168  0.000910556
 -0.00341168   0.00564747   0.00698593
 0.000910556   0.00698593    0.0260827
  0.00778145  -0.00364533  0.000179783
 -0.00364533   0.00516442   0.00572624
 0.000179783   0.00572624    0.0263617
  0.00813023  -0.00371202   0.00135131
 -0.00371202   0.00954265    0.0114118
  0.00135131    0.0114118    0.0227687
  0.00766245  -0.00371079  0.000631358
 -0.00371079    0.0068991   0.00847488
 0.000631358   0.00847488    0.0245941
  0.00752664  -0.00380059  0.000809882
 -0.00380059   0.00906887    0.0108017
 0.000809882    0.0108017    0.0228505
   0.0083944  -0.00333266  0.000310007
 -0.00333266   0.00436166   0.00434466
 0.000310007   0.00434466    0.0277182
  0.00786746  -0.00358672  -0.00050248
 -0.00358672   0.00406539   0.00279533
 -0.00050248   0.00279533    0.0280666
  0.00792894  -0.00352432  -0.00130666
 -0.00352432   0.00359294 -6.35894e-05
 -0.00130666 -6.35894e-05    0.0296572
  0.00842544  -0.00326767 -0.000440838
 -0.00326767   0.00361855   0.00166735
-0.000440838   0.00166735    0.0292576
  0.00903698   -0.0028436   0.00115348
  -0.0028436   0.00454035   0.00596536
  0.00115348   0.00596536    0.0274989
  0.00903086  -0.00276013  0.000491185
 -0.00276013   0.00356864   0.00352994
 0.000491185   0.00352994     0.028985
  0.00966986  -0.00226015   0.00195939
 -0.00226015   0.00454365   0.00738771
  0.00195939   0.00738771    0.0274077
  0.00966599  -0.00247742   0.00231206
 -0.00247742   0.00601712    0.0093363
  0.00231206    0.0093363    0.0258895
  0.00959404  -0.00216599   0.00141391
 -0.00216599   0.00343775   0.00527093
  0.00141391   0.00527093    0.0288469
  0.00699529  -0.00375619  0.000246567
 -0.00375619   0.00842713    0.0102513
 0.000246567    0.0102513    0.0229908
  0.00715523  -0.00368741 -3.51212e-05
 -0.00368741   0.00626513   0.00766218
-3.51212e-05   0.00766218    0.0248447
  0.00671558  -0.00350093 -0.000735017
 -0.00350093   0.00560175   0.00709061
-0.000735017   0.00709061    0.0251273
  0.00653779  -0.00359228  -0.00033733
 -0.00359228   0.00773529   0.00983605
 -0.00033733   0.00983605    0.0231411
  0.00692091  -0.00338043  -0.00136451
 -0.00338043   0.00407866   0.00392027
 -0.00136451   0.00392027    0.0270823
  0.00633915  -0.00321217  -0.00147013
 -0.00321217     0.004998   0.00673223
 -0.00147013   0.00673223    0.0254268
  0.00657768  -0.00300887  -0.00218839
 -0.00300887   0.00353482   0.00347541
 -0.00218839   0.00347541    0.0274862
  0.00630513  -0.00261711  -0.00294549
 -0.00261711   0.00302132   0.00330763
 -0.00294549   0.00330763    0.0276922
  0.00615334  -0.00335045 -0.000949139
 -0.00335045   0.00708752   0.00954512
-0.000949139   0.00954512    0.0232845
  0.00603286   -0.0028871  -0.00218527
  -0.0028871   0.00445716   0.00659583
 -0.00218527   0.00659583    0.0254741
  0.00584749  -0.00307061  -0.00157315
 -0.00307061   0.00653123   0.00937594
 -0.00157315   0.00937594    0.0234224
  0.00683378  -0.00277519  -0.00302665
 -0.00277519   0.00284749  0.000111094
 -0.00302665  0.000111094    0.0293349
  0.00672042  -0.00231805  -0.00376796
 -0.00231805   0.00233289 -4.92358e-06
 -0.00376796 -4.92358e-06    0.0292883
  0.00700795  -0.00202917   -0.0045195
 -0.00202917   0.00236583  -0.00308898
  -0.0045195  -0.00308898    0.0310079
  0.00704838  -0.00256417  -0.00383447
 -0.00256417   0.00287284  -0.00296448
 -0.00383447  -0.00296448    0.0308663
  0.00712333  -0.00323832  -0.00216495
 -0.00323832   0.00330509  0.000626505
 -0.00216495  0.000626505    0.0289116
  0.00728181  -0.00309506  -0.00298738
 -0.00309506   0.00326762  -0.00243691
 -0.00298738  -0.00243691    0.0305126
   0.0074555  -0.00354191  -0.00132281
 -0.00354191   0.00371446   0.00151318
 -0.00132281   0.00151318    0.0284829
   0.0073115  -0.00362466 -0.000575483
 -0.00362466   0.00462921   0.00466191
-0.000575483   0.00466191    0.0267058
  0.00755679  -0.00345352  -0.00214405
 -0.00345352   0.00349182  -0.00147046
 -0.00214405  -0.00147046     0.030098
   0.0129948  -0.00595247  -0.00781416
 -0.00595247   0.00497676  -0.00266189
 -0.00781416  -0.00266189     0.024005
   0.0135081  -0.00642013  -0.00755224
 -0.00642013   0.00525982  -0.00284639
 -0.00755224  -0.00284639     0.024186
   0.0105948  -0.00449431  -0.00655153
 -0.00449431   0.00457143  -0.00486978
 -0.00655153  -0.00486978    0.0281007
   0.0109859   -0.0049124  -0.00609048
  -0.0049124   0.00460091  -0.00458598
 -0.00609048  -0.00458598    0.0280208
   0.0139914  -0.00665217  -0.00725393
 -0.00665217   0.00515322  -0.00273724
 -0.00725393  -0.00273724    0.0241491
  0.00886065  -0.00374032   -0.0048846
 -0.00374032   0.00412109  -0.00540353
  -0.0048846  -0.00540353    0.0305763
   0.0113635  -0.00507265  -0.00560337
 -0.00507265   0.00429249  -0.00395076
 -0.00560337  -0.00395076    0.0277445
  0.00917423  -0.00403193  -0.00423916
 -0.00403193   0.00395992  -0.00454609
 -0.00423916  -0.00454609    0.0302387
  0.00954825  -0.00404281  -0.00353479
 -0.00404281   0.00358666  -0.00326405
 -0.00353479  -0.00326405    0.0298089
   0.0143548  -0.00665082  -0.00691359
 -0.00665082   0.00474618   -0.0023104
 -0.00691359   -0.0023104    0.0239093
   0.0117109  -0.00500292  -0.00502897
 -0.00500292   0.00376789  -0.00289263
 -0.00502897  -0.00289263    0.0273351
   0.0146275  -0.00645536  -0.00647663
 -0.00645536   0.00414869  -0.00154115
 -0.00647663  -0.00154115    0.0235647
  0.00794165  -0.00349047  -0.00314356
 -0.00349047   0.00359427  -0.00362055
 -0.00314356  -0.00362055    0.0308655
  0.00829707  -0.00355886  -0.00234469
 -0.00355886   0.00345329  -0.00220919
 -0.00234469  -0.00220919    0.0304162
  0.00767742  -0.00313437  -0.00391453
 -0.00313437   0.00356554  -0.00457542
 -0.00391453  -0.00457542    0.0312417
  0.00746979  -0.00256257  -0.00468345
 -0.00256257   0.00327891  -0.00507638
 -0.00468345  -0.00507638    0.0314866
  0.00858869  -0.00320299  -0.00552021
 -0.00320299   0.00393713  -0.00581456
 -0.00552021  -0.00581456    0.0307191
  0.00853682  -0.00255348  -0.00605711
 -0.00255348   0.00340174  -0.00580045
 -0.00605711  -0.00580045     0.030724
  0.00758227  -0.00198855  -0.00530603
 -0.00198855   0.00275589  -0.00509843
 -0.00530603  -0.00509843    0.0314175
   0.0103919  -0.00390463  -0.00696356
 -0.00390463   0.00412382  -0.00476712
 -0.00696356  -0.00476712    0.0279661
   0.0148508  -0.00611488  -0.00588578
 -0.00611488    0.0034953 -0.000454143
 -0.00588578 -0.000454143    0.0232246
   0.0120451  -0.00470475  -0.00432071
 -0.00470475   0.00316569  -0.00148592
 -0.00432071  -0.00148592    0.0269478
   0.0123396  -0.00428035  -0.00346941
 -0.00428035   0.00256834  0.000205863
 -0.00346941  0.000205863    0.0266414
   0.0150804  -0.00569051  -0.00510373
 -0.00569051   0.00285934  0.000850059
 -0.00510373  0.000850059    0.0230665
   0.0103945  -0.00332637  -0.00177943
 -0.00332637   0.00259629   0.00032139
 -0.00177943   0.00032139    0.0290839
   0.0124742   -0.0037786  -0.00242866
  -0.0037786   0.00211077   0.00189452
 -0.00242866   0.00189452    0.0264851
   0.0107235  -0.00281006 -0.000803948
 -0.00281006    0.0021979   0.00226336
-0.000803948   0.00226336    0.0288841
     0.01486  -0.00507251  -0.00406861
 -0.00507251    0.0023636   0.00225278
 -0.00406861   0.00225278     0.023307
  0.00975066  -0.00226237  0.000473507
 -0.00226237   0.00262584   0.00346763
 0.000473507   0.00346763    0.0295296
  0.00929049  -0.00282163 -0.000503925
 -0.00282163   0.00290909   0.00153758
-0.000503925   0.00153758    0.0296985
  0.00876335  -0.00329814  -0.00147592
 -0.00329814   0.00321456 -0.000443862
 -0.00147592 -0.000443862    0.0300001
   0.0099678  -0.00378299   -0.0027168
 -0.00378299   0.00310813  -0.00159996
  -0.0027168  -0.00159996    0.0293932
  0.00420554  -0.00860947  -0.00324457
 -0.00860947    0.0266484    0.0155025
 -0.00324457    0.0155025    0.0147844
  0.00486377  -0.00850487  -0.00241568
 -0.00850487    0.0253279    0.0150786
 -0.00241568    0.0150786    0.0157503
  0.00493703  -0.00823148  -0.00312103
 -0.00823148    0.0207363     0.013835
 -0.00312103     0.013835    0.0169803
   0.0057125  -0.00816078  -0.00210383
 -0.00816078     0.019771     0.013357
 -0.00210383     0.013357    0.0177586
  0.00568128  -0.00838244  -0.00148796
 -0.00838244    0.0241043      0.01477
 -0.00148796      0.01477    0.0167382
  0.00579911  -0.00789422   -0.0028011
 -0.00789422    0.0158794    0.0119749
  -0.0028011    0.0119749    0.0187397
  0.00660208  -0.00810141  -0.00106708
 -0.00810141    0.0190023    0.0130838
