           0            0            0
           0            0            0
           0            0            0
    0.024693 -0.000743853   0.00447244
-0.000743853  9.96735e-05 -0.000668018
  0.00447244 -0.000668018    0.0157284
   0.0216114 -0.000716732   0.00719586
-0.000716732  8.45523e-05 -0.000494356
  0.00719586 -0.000494356    0.0193378
   0.0184709  -0.00114998    0.0097022
 -0.00114998  0.000144637 -0.000452943
   0.0097022 -0.000452943    0.0213388
   0.0176737  -0.00161201    0.0108589
 -0.00161201  0.000230852 -0.000405908
   0.0108589 -0.000405908    0.0214444
   0.0177665  -0.00201835    0.0104088
 -0.00201835  0.000321551 -0.000425492
   0.0104088 -0.000425492    0.0217291
   0.0157383  -0.00188999   0.00895107
 -0.00188999  0.000291721 -0.000567953
  0.00895107 -0.000567953    0.0195333
   0.0163748  -0.00223614   0.00823489
 -0.00223614  0.000371269 -0.000647794
  0.00823489 -0.000647794    0.0207182
   0.0179121  -0.00232454   0.00955445
 -0.00232454  0.000393807 -0.000530064
  0.00955445 -0.000530064    0.0220489
   0.0161647  -0.00237382   0.00660616
 -0.00237382  0.000422167 -0.000841864
  0.00660616 -0.000841864    0.0215691
   0.0178276  -0.00250732   0.00801376
 -0.00250732  0.000444952 -0.000750577
  0.00801376 -0.000750577    0.0229276
   0.0160594  -0.00234307   0.00462569
 -0.00234307  0.000450238  -0.00113963
  0.00462569  -0.00113963    0.0226388
   0.0179829  -0.00264743   0.00729801
 -0.00264743  0.000475739 -0.000981454
  0.00729801 -0.000981454    0.0231053
    0.036422  0.000974998    0.0124011
 0.000974998  0.000619443   0.00243053
   0.0124011   0.00243053    0.0195641
   0.0314424  5.74627e-05     0.014748
 5.74627e-05  0.000819321   0.00310252
    0.014748   0.00310252    0.0232607
   0.0312779  0.000704691    0.0145339
 0.000704691  0.000622872   0.00294804
   0.0145339   0.00294804    0.0231661
   0.0283047  0.000146603    0.0165411
 0.000146603  0.000819828   0.00341988
   0.0165411   0.00341988    0.0260553
   0.0279851 -0.000475644    0.0164552
-0.000475644   0.00103066   0.00347309
   0.0164552   0.00347309    0.0259791
   0.0271512   0.00036576    0.0157361
  0.00036576  0.000620489   0.00304138
   0.0157361   0.00304138    0.0256452
   0.0260994 -0.000385576     0.017039
-0.000385576  0.000969033   0.00347685
    0.017039   0.00347685    0.0272287
   0.0252869 -0.000137555    0.0164141
-0.000137555  0.000766438   0.00320105
   0.0164141   0.00320105    0.0268902
   0.0247359 -0.000666153    0.0163385
-0.000666153  0.000839783   0.00301276
   0.0163385   0.00301276    0.0270653
   0.0255322 -0.000929018    0.0167537
-0.000929018   0.00117219    0.0034578
   0.0167537    0.0034578    0.0270541
   0.0254158  -0.00094902    0.0168695
 -0.00094902   0.00102593   0.00319063
   0.0168695   0.00319063    0.0273802
   0.0247393  -0.00143997    0.0164777
 -0.00143997   0.00120637    0.0031278
   0.0164777    0.0031278    0.0271931
   0.0241001 -0.000235016    0.0155551
-0.000235016  0.000579735   0.00262172
   0.0155551   0.00262172    0.0264678
   0.0235723 -0.000698167    0.0154901
-0.000698167  0.000667176   0.00254043
   0.0154901   0.00254043    0.0266277
   0.0227865  -0.00098919    0.0149211
 -0.00098919  0.000522258   0.00184692
   0.0149211   0.00184692    0.0264243
    0.023407  -0.00057362    0.0150637
 -0.00057362  0.000425748    0.0018414
   0.0150637    0.0018414    0.0263381
    0.025904  0.000214042    0.0148869
 0.000214042  0.000442099   0.00238073
   0.0148869   0.00238073     0.025262
   0.0254101 -0.000152325    0.0145711
-0.000152325  0.000302005   0.00156646
   0.0145711   0.00156646    0.0252629
   0.0286834  0.000665936     0.012911
 0.000665936  0.000301769   0.00181151
    0.012911   0.00181151    0.0224563
   0.0298586   0.00087226    0.0136298
  0.00087226  0.000448103   0.00249144
   0.0136298   0.00249144    0.0227308
   0.0339491   0.00153595    0.0109485
  0.00153595  0.000329631   0.00170129
   0.0109485   0.00170129    0.0189111
   0.0284827  0.000285138    0.0126107
 0.000285138  0.000191416   0.00104572
   0.0126107   0.00104572    0.0225986
   0.0328406    0.0012067    0.0103924
   0.0012067  0.000213387   0.00108973
   0.0103924   0.00108973    0.0187348
   0.0335256  0.000744755    0.0101203
 0.000744755  0.000130997  0.000442542
   0.0101203  0.000442542     0.019034
   0.0355651   0.00152318     0.011851
  0.00152318  0.000464531   0.00218682
    0.011851   0.00218682     0.019303
   0.0241449  -0.00199933    0.0155876
 -0.00199933   0.00114885   0.00256977
   0.0155876   0.00256977    0.0267481
   0.0248779  -0.00158246    0.0159996
 -0.00158246  0.000995883   0.00263308
   0.0159996   0.00263308    0.0268721
   0.0243934  -0.00212306    0.0150798
 -0.00212306  0.000905191   0.00191256
   0.0150798   0.00191256    0.0263997
   0.0236043  -0.00244645    0.0146324
 -0.00244645   0.00102272   0.00186224
   0.0146324   0.00186224    0.0263139
   0.0238402  -0.00181424    0.0146296
 -0.00181424  0.000772409   0.00186401
   0.0146296   0.00186401    0.0260548
    0.023943  -0.00255249    0.0141067
 -0.00255249  0.000785422   0.00107955
   0.0141067   0.00107955    0.0259271
   0.0234398  -0.00226018    0.0137008
 -0.00226018  0.000681801    0.0010779
   0.0137008    0.0010779    0.0255827
   0.0231002  -0.00259343    0.0127775
 -0.00259343  0.000592826  0.000221116
   0.0127775  0.000221116    0.0251373
   0.0231033  -0.00276677    0.0136027
 -0.00276677  0.000865169   0.00105954
   0.0136027   0.00105954    0.0258511
   0.0235708  -0.00286101    0.0131323
 -0.00286101  0.000671149  0.000192476
   0.0131323  0.000192476    0.0254685
   0.0226524  -0.00297122    0.0125382
 -0.00297122  0.000719259  0.000219238
   0.0125382  0.000219238    0.0253639
   0.0223342  -0.00209529    0.0128894
 -0.00209529  0.000588076  0.000933115
   0.0128894  0.000933115    0.0251005
   0.0219728  -0.00237953    0.0119579
 -0.00237953  0.000519231  0.000170979
   0.0119579  0.000170979    0.0246366
   0.0210433  -0.00234719    0.0112389
 -0.00234719  0.000474706 -1.78608e-05
   0.0112389 -1.78608e-05    0.0242507
   0.0214721  -0.00214396    0.0122382
 -0.00214396  0.000524614  0.000615423
   0.0122382  0.000615423    0.0247774
    0.022731  -0.00170422     0.013819
 -0.00170422  0.000652754   0.00161418
    0.013819   0.00161418    0.0255911
   0.0218969  -0.00183445    0.0132125
 -0.00183445  0.000563637   0.00116594
   0.0132125   0.00116594    0.0253185
   0.0231334  -0.00123205    0.0146892
 -0.00123205  0.000684882   0.00216328
   0.0146892   0.00216328    0.0260927
   0.0242679  -0.00127598    0.0155128
 -0.00127598  0.000832314   0.00252452
   0.0155128   0.00252452    0.0265411
   0.0223132  -0.00144337    0.0141058
 -0.00144337  0.000565011   0.00158819
   0.0141058   0.00158819    0.0258616
    0.019417  -0.00261823   0.00976573
 -0.00261823   0.00046761 -0.000545946
  0.00976573 -0.000545946    0.0236733
   0.0193842    -0.002401    0.0106114
   -0.002401  0.000430267 -0.000316569
   0.0106114 -0.000316569    0.0235229
    0.021029  -0.00234929    0.0122874
 -0.00234929  0.000467741  7.42555e-05
   0.0122874  7.42555e-05    0.0248172
   0.0191221  -0.00207444    0.0114621
 -0.00207444   0.00036119 -0.000196958
   0.0114621 -0.000196958    0.0230511
   0.0211974  -0.00201999    0.0130668
 -0.00201999  0.000412859  0.000292702
   0.0130668  0.000292702    0.0252057
   0.0213011  -0.00159785    0.0136831
 -0.00159785  0.000326203   0.00039424
   0.0136831   0.00039424    0.0253646
   0.0193005  -0.00168052    0.0121896
 -0.00168052  0.000272569 -0.000128727
   0.0121896 -0.000128727    0.0231254
   0.0221898  -0.00181881    0.0140035
 -0.00181881  0.000484369  0.000872245
   0.0140035  0.000872245    0.0259723
   0.0225438  -0.00139428    0.0147584
 -0.00139428  0.000416166   0.00103832
   0.0147584   0.00103832    0.0265302
   0.0216966  -0.00214397    0.0130405
 -0.00214397  0.000510634  0.000573248
   0.0130405  0.000573248    0.0253548
   0.0212253   -0.0023787    0.0119832
  -0.0023787  0.000499161  0.000158176
   0.0119832  0.000158176    0.0247193
   0.0206586  -0.00255657    0.0113571
 -0.00255657  0.000482907 -0.000252646
   0.0113571 -0.000252646    0.0244414
     0.02041  -0.00268312    0.0104496
 -0.00268312  0.000481114 -0.000671882
   0.0104496 -0.000671882    0.0238217
   0.0207206  -0.00250401    0.0108832
 -0.00250401  0.000467558 -0.000339747
   0.0108832 -0.000339747    0.0240975
   0.0192173  -0.00271124   0.00900282
 -0.00271124  0.000478899 -0.000882254
  0.00900282 -0.000882254    0.0234905
   0.0199959  -0.00122557    0.0117938
 -0.00122557  0.000179047 -0.000180314
   0.0117938 -0.000180314    0.0231562
   0.0228897 -0.000776071    0.0100936
-0.000776071  0.000102708 -0.000287574
   0.0100936 -0.000287574    0.0218224
   0.0238026 -0.000705299    0.0120963
-0.000705299  0.000134578    9.385e-05
   0.0120963    9.385e-05    0.0234756
   0.0259034 -0.000462259   0.00700051
-0.000462259  7.45412e-05 -0.000472222
  0.00700051 -0.000472222    0.0183171
   0.0266864 -0.000365338   0.00884092
-0.000365338  8.54559e-05 -0.000222017
  0.00884092 -0.000222017    0.0197279
   0.0307067 -0.000182848   0.00622587
-0.000182848  8.28962e-05 -0.000496909
  0.00622587 -0.000496909    0.0162702
   0.0286031 -0.000520777   0.00460984
-0.000520777  9.25202e-05 -0.000656022
  0.00460984 -0.000656022    0.0154719
   0.0279272 -5.87711e-05    0.0113732
-5.87711e-05  0.000116748  0.000347722
   0.0113732  0.000347722    0.0219255
   0.0318574  0.000232898   0.00847669
 0.000232898  8.42085e-05 -8.19503e-05
  0.00847669 -8.19503e-05    0.0180189
   0.0248873 -0.000512162    0.0138613
-0.000512162  0.000198321  0.000760853
   0.0138613  0.000760853    0.0249123
   0.0229289 -0.000964423    0.0147301
-0.000964423  0.000310665   0.00100004
   0.0147301   0.00100004    0.0263077
   0.0216831  -0.00115639    0.0133652
 -0.00115639  0.000222288  0.000324427
   0.0133652  0.000324427    0.0249142
   0.0221866  -0.00307723    0.0114153
 -0.00307723  0.000614102 -0.000628131
   0.0114153 -0.000628131    0.0248642
   0.0232804  -0.00307175    0.0121352
 -0.00307175  0.000593769 -0.000718556
   0.0121352 -0.000718556    0.0250231
   0.0230402  -0.00317266    0.0111063
 -0.00317266  0.000583658  -0.00162793
   0.0111063  -0.00162793    0.0246005
   0.0216733  -0.00307901    0.0102393
 -0.00307901  0.000582527  -0.00146632
   0.0102393  -0.00146632    0.0243693
   0.0227739    -0.002965    0.0109327
   -0.002965  0.000534916  -0.00161001
   0.0109327  -0.00161001    0.0243668
   0.0227127   -0.0031812    0.0100463
  -0.0031812   0.00064908  -0.00250374
   0.0100463  -0.00250374    0.0241868
   0.0227049  -0.00302007    0.0100036
 -0.00302007  0.000609953  -0.00250959
   0.0100036  -0.00250959    0.0240277
   0.0225659  -0.00299434   0.00909899
 -0.00299434  0.000749715  -0.00333508
  0.00909899  -0.00333508    0.0236983
   0.0210618  -0.00298976   0.00904522
 -0.00298976   0.00062071  -0.00227048
  0.00904522  -0.00227048     0.023872
   0.0222492  -0.00309379   0.00899914
 -0.00309379  0.000776303  -0.00330716
  0.00899914  -0.00330716    0.0237612
   0.0203152  -0.00282246   0.00787473
 -0.00282246  0.000725359  -0.00302329
  0.00787473  -0.00302329     0.023344
   0.0214574  -0.00266611   0.00915902
 -0.00266611  0.000539601  -0.00238459
  0.00915902  -0.00238459    0.0235119
   0.0214856  -0.00262655   0.00831018
 -0.00262655   0.00067074  -0.00317994
  0.00831018  -0.00317994    0.0232188
   0.0200166  -0.00222149   0.00724225
 -0.00222149  0.000585223  -0.00297441
  0.00724225  -0.00297441    0.0226271
   0.0200728  -0.00234569    0.0081707
 -0.00234569  0.000476936  -0.00225348
   0.0081707  -0.00225348    0.0229565
   0.0214908  -0.00264567    0.0100751
 -0.00264567  0.000470745  -0.00152486
   0.0100751  -0.00152486    0.0238399
   0.0202811  -0.00243186   0.00918125
 -0.00243186  0.000428998  -0.00148507
  0.00918125  -0.00148507    0.0233292
   0.0216581   -0.0025633    0.0110132
  -0.0025633  0.000469078 -0.000657144
   0.0110132 -0.000657144    0.0242104
    0.022856  -0.00282848    0.0118549
 -0.00282848  0.000531437 -0.000685401
   0.0118549 -0.000685401    0.0247331
    0.020611   -0.0024474    0.0102151
  -0.0024474  0.000432446 -0.000724932
   0.0102151 -0.000724932     0.023761
   0.0194151  -0.00258011   0.00671354
 -0.00258011  0.000891383  -0.00375639
  0.00671354  -0.00375639    0.0227747
    0.021616  -0.00291816   0.00792414
 -0.00291816  0.000955693  -0.00405955
  0.00792414  -0.00405955    0.0233018
   0.0208659   -0.0025985   0.00680116
  -0.0025985   0.00120662  -0.00479358
  0.00680116  -0.00479358    0.0228067
    0.018426   -0.0022101   0.00556709
  -0.0022101   0.00115296  -0.00451163
  0.00556709  -0.00451163    0.0221745
   0.0219494  -0.00262396   0.00718924
 -0.00262396   0.00116957   -0.0048092
  0.00718924   -0.0048092    0.0230104
   0.0199568  -0.00211354    0.0056558
 -0.00211354   0.00154747  -0.00553893
   0.0056558  -0.00553893    0.0222937
   0.0214364   -0.0022091   0.00613624
  -0.0022091   0.00146955  -0.00550693
  0.00613624  -0.00550693    0.0226492
   0.0207057  -0.00160444   0.00506051
 -0.00160444   0.00185382  -0.00619751
  0.00506051  -0.00619751    0.0222905
   0.0173392  -0.00167416   0.00448134
 -0.00167416   0.00152856  -0.00531325
  0.00448134  -0.00531325    0.0215706
   0.0188382  -0.00143302   0.00453499
 -0.00143302   0.00200365    -0.006307
  0.00453499    -0.006307     0.021791
   0.0161677 -0.000958244   0.00348521
-0.000958244    0.0020604  -0.00617541
  0.00348521  -0.00617541    0.0210091
   0.0213117  -0.00195188   0.00562036
 -0.00195188   0.00131551  -0.00522781
  0.00562036  -0.00522781    0.0224747
   0.0210548  -0.00142401   0.00465225
 -0.00142401   0.00162538  -0.00583852
  0.00465225  -0.00583852    0.0222799
   0.0201945  -0.00102363   0.00352142
 -0.00102363   0.00137168  -0.00533364
  0.00352142  -0.00533364    0.0218708
   0.0201301  -0.00149629   0.00446164
 -0.00149629   0.00112947  -0.00481482
  0.00446164  -0.00481482    0.0219566
   0.0214348  -0.00230427   0.00656833
 -0.00230427   0.00105602  -0.00458609
  0.00656833  -0.00458609    0.0226962
   0.0200721  -0.00183355   0.00540809
 -0.00183355  0.000916557  -0.00425017
  0.00540809  -0.00425017    0.0221109
   0.0214625  -0.00252548   0.00745623
 -0.00252548  0.000841582  -0.00390969
  0.00745623  -0.00390969    0.0229475
   0.0222998  -0.00287942   0.00817703
 -0.00287942  0.000930715  -0.00409349
  0.00817703  -0.00409349    0.0233637
   0.0200148  -0.00206921   0.00634013
 -0.00206921  0.000732272  -0.00363882
  0.00634013  -0.00363882    0.0223438
   0.0181316  7.32277e-05 -0.000657427
 7.32277e-05  0.000700664  -0.00369682
-0.000657427  -0.00369682    0.0204434
   0.0180234 -0.000423918  0.000693708
-0.000423918  0.000644612  -0.00353616
 0.000693708  -0.00353616    0.0204402
   0.0179914   -0.0005079   0.00143294
  -0.0005079  0.000723444  -0.00378104
  0.00143294  -0.00378104    0.0206958
   0.0180303 -0.000972526   0.00272786
-0.000972526  0.000634107  -0.00346544
  0.00272786  -0.00346544     0.020865
   0.0181365 -0.000977031   0.00206917
-0.000977031  0.000596871  -0.00329512
  0.00206917  -0.00329512     0.020594
   0.0182095  -0.00111171   0.00342432
 -0.00111171  0.000698014  -0.00366714
  0.00342432  -0.00366714    0.0211592
   0.0182619  -0.00146636   0.00400713
 -0.00146636  0.000561838  -0.00309928
  0.00400713  -0.00309928    0.0211748
   0.0183353  -0.00149873   0.00460919
 -0.00149873  0.000584354  -0.00321806
  0.00460919  -0.00321806    0.0214609
   0.0186914  -0.00187024   0.00577828
 -0.00187024  0.000506552  -0.00272984
  0.00577828  -0.00272984    0.0218392
   0.0182858  -0.00154441   0.00333899
 -0.00154441  0.000559576  -0.00299559
  0.00333899  -0.00299559    0.0208392
   0.0187111  -0.00194892   0.00526844
 -0.00194892  0.000520224  -0.00270438
  0.00526844  -0.00270438    0.0215638
   0.0183111  -0.00201855   0.00442146
 -0.00201855  0.000534499  -0.00263482
  0.00442146  -0.00263482    0.0210114
   0.0188242  -0.00169875   0.00531904
 -0.00169875  0.000642144  -0.00339485
  0.00531904  -0.00339485    0.0218138
   0.0189916  -0.00195106   0.00635792
 -0.00195106  0.000525888  -0.00281475
  0.00635792  -0.00281475    0.0221518
   0.0188238  -0.00140339   0.00426951
 -0.00140339  0.000790969  -0.00392502
  0.00426951  -0.00392502    0.0215489
    0.018867   -0.0010453   0.00320094
  -0.0010453  0.000959197  -0.00440206
  0.00320094  -0.00440206    0.0213925
     0.01821 -0.000712512   0.00221985
-0.000712512    0.0008249   -0.0040587
  0.00221985   -0.0040587    0.0209814
   0.0182609 -0.000259862   0.00102432
-0.000259862  0.000957931   -0.0043801
  0.00102432   -0.0043801    0.0209261
   0.0189799 -0.000588699   0.00216969
-0.000588699   0.00114099   -0.0048192
  0.00216969   -0.0048192    0.0213442
   0.0180809 -4.78015e-05  0.000144166
-4.78015e-05  0.000816087  -0.00401817
 0.000144166  -0.00401817    0.0206604
   0.0179215  -0.00233061   0.00512294
 -0.00233061  0.000508391  -0.00221604
  0.00512294  -0.00221604    0.0212694
   0.0190707   -0.0023685   0.00645644
  -0.0023685  0.000498357   -0.0022757
  0.00645644   -0.0022757    0.0219735
   0.0191219  -0.00262989    0.0075093
 -0.00262989  0.000487224   -0.0017939
   0.0075093   -0.0017939    0.0222903
   0.0176036  -0.00250192   0.00551171
 -0.00250192  0.000490367  -0.00176985
  0.00551171  -0.00176985    0.0221203
   0.0196652  -0.00253246    0.0082379
 -0.00253246  0.000452323  -0.00168117
   0.0082379  -0.00168117    0.0227912
   0.0190335  -0.00272525   0.00836138
 -0.00272525  0.000480344  -0.00130868
  0.00836138  -0.00130868    0.0226604
    0.020062  -0.00268876   0.00940483
 -0.00268876  0.000462318  -0.00115855
  0.00940483  -0.00115855     0.023328
   0.0177168    -0.002617   0.00622029
   -0.002617  0.000481237  -0.00135275
  0.00622029  -0.00135275    0.0230504
   0.0201821  -0.00251968   0.00974198
 -0.00251968  0.000431913  -0.00091028
  0.00974198  -0.00091028    0.0235093
   0.0196967  -0.00240692   0.00858467
 -0.00240692  0.000421134  -0.00154107
  0.00858467  -0.00154107    0.0229941
   0.0192829  -0.00220245   0.00743143
 -0.00220245  0.000449414  -0.00219392
  0.00743143  -0.00219392    0.0225451
   0.0191517  -0.00223644   0.00697895
 -0.00223644  0.000460269  -0.00221475
  0.00697895  -0.00221475    0.0222816
   0.0164779  -0.00243023   0.00414997
 -0.00243023  0.000473194  -0.00138171
  0.00414997  -0.00138171     0.023164
    0.016708  -0.00237984   0.00363119
 -0.00237984  0.000485884  -0.00174489
  0.00363119  -0.00174489    0.0227788
   0.0149943  -0.00204666   0.00149201
 -0.00204666  0.000449772  -0.00157832
  0.00149201  -0.00157832    0.0223914
   0.0166773  -0.00217264   0.00289464
 -0.00217264  0.000497795  -0.00212497
  0.00289464  -0.00212497    0.0220094
   0.0155321  -0.00200777   0.00103905
 -0.00200777  0.000475856  -0.00198097
  0.00103905  -0.00198097    0.0224523
   0.0161448  -0.00182262  0.000804265
 -0.00182262  0.000502907  -0.00235472
 0.000804265  -0.00235472    0.0218206
   0.0170596  -0.00191153   0.00252205
 -0.00191153  0.000516056  -0.00247244
  0.00252205  -0.00247244    0.0210754
   0.0146279  -0.00155712  -0.00109832
 -0.00155712  0.000432422  -0.00200383
 -0.00109832  -0.00200383    0.0220323
   0.0175403  -0.00155699   0.00217892
 -0.00155699  0.000538597  -0.00279089
  0.00217892  -0.00279089    0.0202228
   0.0180368  -0.00104586   0.00123036
 -0.00104586   0.00056108  -0.00308563
  0.00123036  -0.00308563    0.0202082
   0.0173151  -0.00103818 -0.000234394
 -0.00103818  0.000510262  -0.00282341
-0.000234394  -0.00282341     0.020351
   0.0182903  -0.00046816 -3.46242e-05
 -0.00046816  0.000579906  -0.00328372
-3.46242e-05  -0.00328372    0.0201877
   0.0181742 -0.000520126  -0.00111061
-0.000520126  0.000511287  -0.00298566
 -0.00111061  -0.00298566     0.020166
   0.0188264  2.49938e-06   -0.0022473
 2.49938e-06  0.000510453  -0.00302664
  -0.0022473  -0.00302664    0.0200888
   0.0183481   9.7481e-05  -0.00146415
  9.7481e-05  0.000599071   -0.0033722
 -0.00146415   -0.0033722    0.0202128
   0.0172452 -0.000540068  -0.00247953
-0.000540068  0.000429636  -0.00260611
 -0.00247953  -0.00260611    0.0201949
   0.0186127 -7.52371e-05  -0.00338397
-7.52371e-05  0.000414347  -0.00262061
 -0.00338397  -0.00262061    0.0201623
   0.0175878 -0.000215452  -0.00424382
-0.000215452  0.000327271  -0.00216242
 -0.00424382  -0.00216242    0.0199117
   0.0164825 -0.000575328  -0.00350837
-0.000575328  0.000359571  -0.00226649
 -0.00350837  -0.00226649    0.0206374
   0.0165388 -0.000970743  -0.00171479
-0.000970743  0.000449472  -0.00256469
 -0.00171479  -0.00256469    0.0209449
   0.0153279 -0.000994975  -0.00283731
-0.000994975  0.000402309  -0.00226986
 -0.00283731  -0.00226986     0.022011
   0.0156249  -0.00138353  -0.00132977
 -0.00138353   0.00045948  -0.00236719
 -0.00132977  -0.00236719    0.0217204
   0.0166978  -0.00146932  0.000250209
 -0.00146932  0.000504459  -0.00261187
 0.000250209  -0.00261187    0.0211583
   0.0155569 -0.000547605  -0.00433987
-0.000547605  0.000309926  -0.00204795
 -0.00433987  -0.00204795    0.0210736
   0.0164551 -0.000303652  -0.00485609
-0.000303652   0.00025708  -0.00169144
 -0.00485609  -0.00169144    0.0192136
  0.00591571  -0.00492538  -0.00431813
 -0.00492538   0.00448683   0.00455185
 -0.00431813   0.00455185    0.0216732
  0.00601978  -0.00508641  -0.00375479
 -0.00508641   0.00463299   0.00417574
 -0.00375479   0.00417574    0.0220055
  0.00580069   -0.0044567  -0.00330482
  -0.0044567   0.00369482   0.00297241
 -0.00330482   0.00297241    0.0221935
  0.00607726  -0.00461106  -0.00264185
 -0.00461106   0.00383907   0.00302572
 -0.00264185   0.00302572    0.0226187
   0.0062768  -0.00520794  -0.00305455
 -0.00520794   0.00472877   0.00410522
 -0.00305455   0.00410522    0.0223137
  0.00586237  -0.00405439  -0.00219518
 -0.00405439   0.00306413    0.0020959
 -0.00219518    0.0020959    0.0229775
  0.00654391  -0.00467573   -0.0018207
 -0.00467573   0.00388856   0.00346109
  -0.0018207   0.00346109      0.02305
  0.00634214  -0.00413134  -0.00141774
 -0.00413134   0.00312352   0.00260519
 -0.00141774   0.00260519     0.023523
  0.00701992  -0.00412088 -0.000507925
 -0.00412088   0.00316402   0.00339031
-0.000507925   0.00339031    0.0240602
  0.00672944  -0.00525185  -0.00219371
 -0.00525185   0.00476032   0.00441382
 -0.00219371   0.00441382    0.0226307
   0.0072083  -0.00465474 -0.000855915
 -0.00465474   0.00394896   0.00418619
-0.000855915   0.00418619    0.0234671
  0.00737519  -0.00523009  -0.00119609
 -0.00523009   0.00485045   0.00503167
 -0.00119609   0.00503167    0.0229351
  0.00615223  -0.00368772  -0.00106441
 -0.00368772   0.00253491   0.00199709
 -0.00106441   0.00199709    0.0240497
  0.00682618  -0.00367439 -0.000208859
 -0.00367439   0.00255145    0.0027711
-0.000208859    0.0027711    0.0246917
  0.00666291  -0.00336658  1.25025e-05
 -0.00336658     0.002144   0.00230908
 1.25025e-05   0.00230908    0.0253246
  0.00637449  -0.00358514 -0.000993909
 -0.00358514   0.00227006   0.00170859
-0.000993909   0.00170859    0.0247779
  0.00589025  -0.00373633  -0.00192783
 -0.00373633   0.00253538   0.00153756
 -0.00192783   0.00153756    0.0235293
  0.00633783  -0.00373805  -0.00187765
 -0.00373805   0.00233786   0.00129219
 -0.00187765   0.00129219    0.0242087
  0.00576703  -0.00364483  -0.00257954
 -0.00364483   0.00240375   0.00138215
 -0.00257954   0.00138215    0.0229452
  0.00564838  -0.00392419  -0.00288113
 -0.00392419   0.00291883   0.00199013
 -0.00288113   0.00199013    0.0224969
  0.00553648  -0.00370561  -0.00336063
 -0.00370561   0.00267723   0.00214389
 -0.00336063   0.00214389     0.021928
  0.00627152  -0.00365815  -0.00248723
 -0.00365815   0.00221083   0.00116486
 -0.00248723   0.00116486    0.0221545
  0.00564941  -0.00341551  -0.00300337
 -0.00341551   0.00215113   0.00149327
 -0.00300337   0.00149327    0.0217454
  0.00607967  -0.00341963  -0.00287961
 -0.00341963   0.00198461   0.00125602
 -0.00287961   0.00125602    0.0211115
  0.00568535  -0.00425544  -0.00382207
 -0.00425544   0.00348147   0.00322026
 -0.00382207   0.00322026    0.0217383
  0.00814547  -0.00511949 -0.000148007
 -0.00511949     0.005047   0.00588422
-0.000148007   0.00588422    0.0231763
  0.00801662  -0.00454584  0.000157616
 -0.00454584   0.00407576    0.0051075
 0.000157616    0.0051075    0.0238336
  0.00882526  -0.00437488    0.0010825
 -0.00437488   0.00432778   0.00607724
   0.0010825   0.00607724    0.0241064
  0.00889759  -0.00493169  0.000808759
 -0.00493169   0.00540046   0.00684118
 0.000808759   0.00684118    0.0233076
  0.00868811  -0.00387127   0.00132106
 -0.00387127   0.00338002   0.00525034
  0.00132106   0.00525034    0.0249657
   0.0094462  -0.00416025   0.00176301
 -0.00416025   0.00467737     0.006987
  0.00176301     0.006987    0.0242939
  0.00936689  -0.00370701   0.00194828
 -0.00370701   0.00361185   0.00604592
  0.00194828   0.00604592    0.0253024
  0.00971755  -0.00358903   0.00224177
 -0.00358903   0.00387947   0.00654823
  0.00224177   0.00654823    0.0255796
  0.00944741  -0.00466911   0.00152636
 -0.00466911   0.00586524   0.00779909
  0.00152636   0.00779909    0.0233494
  0.00972912  -0.00396599   0.00211856
 -0.00396599   0.00505032   0.00765562
  0.00211856   0.00765562    0.0244302
  0.00966504  -0.00441027   0.00192326
 -0.00441027   0.00635149   0.00858966
  0.00192326   0.00858966    0.0233403
  0.00921518   -0.0033534   0.00204369
  -0.0033534   0.00277322   0.00509182
  0.00204369   0.00509182    0.0263299
  0.00962015  -0.00330232   0.00227383
 -0.00330232   0.00294982   0.00536814
  0.00227383   0.00536814      0.02673
  0.00945516   -0.0031266   0.00222403
  -0.0031266   0.00229383   0.00417044
  0.00222403   0.00417044    0.0278308
  0.00901594   -0.0031281   0.00206015
  -0.0031281   0.00217806   0.00414012
  0.00206015   0.00414012    0.0273249
  0.00850491  -0.00347349   0.00148189
 -0.00347349   0.00264176   0.00447128
  0.00148189   0.00447128    0.0258545
  0.00830293  -0.00320431   0.00156605
 -0.00320431   0.00211907   0.00373276
  0.00156605   0.00373276     0.026724
  0.00765496  -0.00359355  0.000681303
 -0.00359355   0.00257202   0.00365739
 0.000681303   0.00365739     0.025302
   0.0078446  -0.00402126   0.00045111
 -0.00402126   0.00323007   0.00432609
  0.00045111   0.00432609    0.0245496
  0.00746549  -0.00329104  0.000840162
 -0.00329104   0.00211212   0.00308278
 0.000840162   0.00308278    0.0260433
   0.0137941   -0.0057182  -0.00151978
  -0.0057182   0.00262252   0.00238748
 -0.00151978   0.00238748    0.0220623
   0.0123305  -0.00514871 -0.000922843
 -0.00514871   0.00243128   0.00260574
-0.000922843   0.00260574    0.0229412
   0.0104548  -0.00398933  0.000314071
 -0.00398933     0.001872     0.002473
 0.000314071     0.002473    0.0253163
  0.00952948  -0.00388411  0.000218429
 -0.00388411   0.00192466   0.00255295
 0.000218429   0.00255295    0.0252144
   0.0120626  -0.00537309  -0.00137951
 -0.00537309   0.00267204   0.00277111
 -0.00137951   0.00277111    0.0222667
  0.00838063  -0.00322684   0.00095288
 -0.00322684   0.00167294   0.00263974
  0.00095288   0.00263974    0.0261715
  0.00922244  -0.00413161 -0.000401073
 -0.00413161   0.00215423   0.00245839
-0.000401073   0.00245839    0.0247454
  0.00767984  -0.00330119  0.000422063
 -0.00330119   0.00178377   0.00238726
 0.000422063   0.00238726    0.0258954
  0.00779953  -0.00378775 -0.000525566
 -0.00378775   0.00211858   0.00209311
-0.000525566   0.00209311    0.0258108
   0.0109905  -0.00529668  -0.00182328
 -0.00529668   0.00281513   0.00281565
 -0.00182328   0.00281565    0.0211134
  0.00901198  -0.00450896  -0.00146347
 -0.00450896   0.00249165   0.00235273
 -0.00146347   0.00235273    0.0225514
   0.0105209  -0.00551802  -0.00251161
 -0.00551802   0.00311165    0.0028284
 -0.00251161    0.0028284    0.0199125
  0.00726158   -0.0030918  0.000853792
  -0.0030918    0.0018032   0.00261025
 0.000853792   0.00261025    0.0261798
   0.0069753   -0.0034056 -8.47608e-05
  -0.0034056   0.00200695   0.00209964
-8.47608e-05   0.00209964    0.0257983
  0.00814882  -0.00307622   0.00139937
 -0.00307622   0.00178023   0.00309804
  0.00139937   0.00309804    0.0267711
  0.00895275   -0.0030757   0.00175549
  -0.0030757   0.00179932   0.00332326
  0.00175549   0.00332326    0.0275353
  0.00943465  -0.00337324   0.00111133
 -0.00337324   0.00169229   0.00270763
  0.00111133   0.00270763    0.0264903
   0.0103318  -0.00359375   0.00105189
 -0.00359375   0.00178179   0.00244768
  0.00105189   0.00244768    0.0272304
  0.00951335  -0.00315034   0.00179495
 -0.00315034   0.00188215   0.00317765
  0.00179495   0.00317765    0.0281871
   0.0117083    -0.004419 -0.000108572
   -0.004419   0.00201046   0.00219751
-0.000108572   0.00219751    0.0249654
   0.0101921  -0.00557987  -0.00284098
 -0.00557987   0.00322686   0.00274539
 -0.00284098   0.00274539    0.0193385
  0.00903933  -0.00481501  -0.00231137
 -0.00481501   0.00272726   0.00221499
 -0.00231137   0.00221499    0.0207111
  0.00940877  -0.00514127  -0.00314211
 -0.00514127   0.00292508   0.00230428
 -0.00314211   0.00230428    0.0203062
   0.0102878  -0.00572809  -0.00331119
 -0.00572809   0.00332632   0.00280322
 -0.00331119   0.00280322    0.0193118
  0.00828659  -0.00449472  -0.00263023
 -0.00449472   0.00255169   0.00179656
 -0.00263023   0.00179656    0.0213823
  0.00918754  -0.00490831  -0.00339199
 -0.00490831   0.00273908   0.00226228
 -0.00339199   0.00226228    0.0199096
  0.00848836  -0.00451854  -0.00316276
 -0.00451854   0.00248791   0.00165977
 -0.00316276   0.00165977    0.0209998
  0.00808703  -0.00414618  -0.00347091
 -0.00414618   0.00220591   0.00159943
 -0.00347091   0.00159943    0.0209929
  0.00972699  -0.00534132  -0.00360509
 -0.00534132   0.00307038   0.00274249
 -0.00360509   0.00274249     0.018161
  0.00869738  -0.00439244  -0.00356179
 -0.00439244   0.00234629   0.00214995
 -0.00356179   0.00214995    0.0191306
  0.00938562  -0.00494448  -0.00376302
 -0.00494448   0.00279379   0.00286189
 -0.00376302   0.00286189    0.0180951
  0.00721787  -0.00395622  -0.00280214
 -0.00395622   0.00224314   0.00136671
 -0.00280214   0.00136671    0.0212647
   0.0067532  -0.00356486  -0.00307651
 -0.00356486   0.00194808   0.00132815
 -0.00307651   0.00132815    0.0208143
  0.00713328  -0.00398168  -0.00214337
 -0.00398168   0.00233266   0.00140476
 -0.00214337   0.00140476    0.0227129
  0.00700217  -0.00375399  -0.00112348
 -0.00375399   0.00222168   0.00166042
 -0.00112348   0.00166042    0.0255181
  0.00793119   -0.0041789   -0.0017446
  -0.0041789   0.00237502   0.00186459
  -0.0017446   0.00186459    0.0230343
  0.00952704   -0.0042065   0.00200582
  -0.0042065   0.00673019   0.00911086
  0.00200582   0.00911086    0.0233134
  0.00964765  -0.00384976   0.00214607
 -0.00384976   0.00533189   0.00799305
  0.00214607   0.00799305    0.0245409
  0.00928215  -0.00381875    0.0019208
 -0.00381875   0.00544697   0.00799788
   0.0019208   0.00799788    0.0246408
  0.00913488  -0.00408672   0.00184323
 -0.00408672   0.00694314   0.00933951
  0.00184323   0.00933951    0.0232931
    0.009366  -0.00360995   0.00189657
 -0.00360995   0.00414882   0.00643959
  0.00189657   0.00643959    0.0260131
  0.00877238  -0.00382334   0.00153098
 -0.00382334   0.00539595   0.00777517
  0.00153098   0.00777517    0.0247554
  0.00887847  -0.00368115   0.00142913
 -0.00368115   0.00406749   0.00597453
  0.00142913   0.00597453    0.0262094
  0.00834995  -0.00369964  0.000877614
 -0.00369964   0.00388544   0.00542274
 0.000877614   0.00542274    0.0264094
  0.00861382  -0.00400902   0.00152163
 -0.00400902   0.00697248   0.00934214
  0.00152163   0.00934214     0.023308
  0.00822499  -0.00379422   0.00105288
 -0.00379422   0.00521772   0.00743486
  0.00105288   0.00743486     0.024884
  0.00807377   -0.0039173   0.00110615
  -0.0039173   0.00685288   0.00921431
  0.00110615   0.00921431      0.02335
  0.00892846  -0.00359174   0.00122376
 -0.00359174   0.00310345   0.00409989
  0.00122376   0.00409989    0.0275938
  0.00842558   -0.0036417  0.000604115
  -0.0036417    0.0029727   0.00333809
 0.000604115   0.00333809    0.0278379
  0.00845142  -0.00362012  0.000284898
 -0.00362012    0.0024899   0.00132182
 0.000284898   0.00132182    0.0291339
  0.00892116  -0.00355024  0.000963319
 -0.00355024   0.00252111   0.00223575
 0.000963319   0.00223575    0.0288683
  0.00938177  -0.00346933   0.00177043
 -0.00346933   0.00316035   0.00478786
  0.00177043   0.00478786    0.0273413
  0.00933003  -0.00338988   0.00158257
 -0.00338988   0.00250894   0.00311074
  0.00158257   0.00311074    0.0285756
   0.0096596  -0.00334653   0.00215698
 -0.00334653   0.00310763   0.00525207
  0.00215698   0.00525207    0.0270623
  0.00969115  -0.00355737    0.0022008
 -0.00355737   0.00408383   0.00667159
   0.0022008   0.00667159    0.0258117
  0.00954653  -0.00322198    0.0020439
 -0.00322198    0.0024248   0.00379995
   0.0020439   0.00379995    0.0282403
  0.00755493  -0.00378234  0.000625716
 -0.00378234   0.00660843   0.00906666
 0.000625716   0.00906666    0.0233886
  0.00770501  -0.00368353  0.000505376
 -0.00368353   0.00494318   0.00710322
 0.000505376   0.00710322    0.0249989
  0.00722599  -0.00349293 -9.43232e-05
 -0.00349293   0.00461192   0.00687038
-9.43232e-05   0.00687038    0.0250827
   0.0070787  -0.00359473  9.93828e-05
 -0.00359473   0.00630087   0.00896719
 9.93828e-05   0.00896719    0.0233995
  0.00736868  -0.00339553 -0.000394958
 -0.00339553   0.00332869   0.00452867
-0.000394958   0.00452867    0.0267122
  0.00679542  -0.00325491 -0.000732462
 -0.00325491   0.00427803   0.00672859
-0.000732462   0.00672859    0.0251473
  0.00694461   -0.0031137  -0.00109393
  -0.0031137   0.00299823   0.00428926
 -0.00109393   0.00428926    0.0268148
  0.00660511  -0.00281811  -0.00173824
 -0.00281811   0.00267065   0.00419454
 -0.00173824   0.00419454    0.0267127
   0.0066535  -0.00337588 -0.000459161
 -0.00337588   0.00598264   0.00890909
-0.000459161   0.00890909    0.0233897
  0.00642858  -0.00299288  -0.00136237
 -0.00299288   0.00395661   0.00669447
 -0.00136237   0.00669447    0.0249679
  0.00629148  -0.00313912  -0.00101849
 -0.00313912   0.00568577   0.00890109
 -0.00101849   0.00890109    0.0233756
  0.00708868  -0.00299267  -0.00151977
 -0.00299267   0.00224317   0.00180646
 -0.00151977   0.00180646    0.0282945
  0.00689904  -0.00266847  -0.00216626
 -0.00266847   0.00191209   0.00170514
 -0.00216626   0.00170514    0.0279367
  0.00706377   -0.0025447  -0.00254456
  -0.0025447   0.00166803 -0.000628029
 -0.00254456 -0.000628029     0.029364
  0.00719878  -0.00291606  -0.00193336
 -0.00291606   0.00199096 -0.000487224
 -0.00193336 -0.000487224    0.0295177
  0.00749281  -0.00332351 -0.000783027
 -0.00332351   0.00253893    0.0021355
-0.000783027    0.0021355    0.0281965
  0.00757434  -0.00328457  -0.00117655
 -0.00328457   0.00224953 -0.000104425
 -0.00117655 -0.000104425    0.0294717
  0.00793937   -0.0035556  -6.9559e-05
  -0.0035556   0.00278603   0.00264843
 -6.9559e-05   0.00264843    0.0280482
  0.00783521  -0.00360701  0.000266833
 -0.00360701   0.00363098   0.00490553
 0.000266833   0.00490553    0.0265837
  0.00799069  -0.00353672 -0.000429808
 -0.00353672   0.00240393  0.000505564
-0.000429808  0.000505564    0.0293445
    0.013267  -0.00576441   -0.0059088
 -0.00576441   0.00335478  -0.00130657
  -0.0059088  -0.00130657    0.0223852
   0.0137866  -0.00616838  -0.00544611
 -0.00616838   0.00353052  -0.00133586
 -0.00544611  -0.00133586    0.0225569
   0.0107804  -0.00460833  -0.00430082
 -0.00460833   0.00287631  -0.00248429
 -0.00430082  -0.00248429    0.0263735
   0.0112341  -0.00493635  -0.00371105
 -0.00493635   0.00291419  -0.00219677
 -0.00371105  -0.00219677    0.0264305
   0.0142692  -0.00643281  -0.00495093
 -0.00643281   0.00353654  -0.00118289
 -0.00495093  -0.00118289       0.0226
  0.00909427   -0.0039395  -0.00252892
  -0.0039395   0.00251134  -0.00251538
 -0.00252892  -0.00251538    0.0290682
   0.0116549  -0.00511108  -0.00310865
 -0.00511108   0.00282108  -0.00172226
 -0.00310865  -0.00172226      0.02636
  0.00950862  -0.00415714  -0.00184479
 -0.00415714   0.00246633  -0.00190512
 -0.00184479  -0.00190512     0.028981
  0.00992708  -0.00421734  -0.00114685
 -0.00421734   0.00236528  -0.00109761
 -0.00114685  -0.00109761    0.0287951
   0.0146443  -0.00656866  -0.00443401
 -0.00656866   0.00343613 -0.000842199
 -0.00443401 -0.000842199    0.0225094
   0.0120179  -0.00516149  -0.00247439
 -0.00516149   0.00267686  -0.00102679
 -0.00247439  -0.00102679    0.0261698
   0.0149386  -0.00658924  -0.00387775
 -0.00658924    0.0032807 -0.000313217
 -0.00387775 -0.000313217    0.0223323
  0.00830847  -0.00363605   -0.0010266
 -0.00363605   0.00229735  -0.00108729
  -0.0010266  -0.00108729    0.0298235
   0.0087414    -0.003715  -0.00030242
   -0.003715   0.00228224 -0.000226595
 -0.00030242 -0.000226595    0.0296176
  0.00790404  -0.00339162  -0.00175965
 -0.00339162   0.00224793  -0.00173321
 -0.00175965  -0.00173321     0.029925
  0.00754456  -0.00300088  -0.00249898
 -0.00300088   0.00206185  -0.00213815
 -0.00249898  -0.00213815    0.0299084
  0.00869708  -0.00356515  -0.00321148
 -0.00356515   0.00240101  -0.00288639
 -0.00321148  -0.00288639    0.0290114
  0.00853033  -0.00310571  -0.00380158
 -0.00310571   0.00209826  -0.00298899
 -0.00380158  -0.00298899    0.0288791
  0.00754987  -0.00261243  -0.00311086
 -0.00261243   0.00174835  -0.00224505
 -0.00311086  -0.00224505    0.0296255
   0.0105061  -0.00417422  -0.00484118
 -0.00417422   0.00263484   -0.0025265
 -0.00484118   -0.0025265    0.0261869
   0.0151409  -0.00650947  -0.00328434
 -0.00650947   0.00309741  0.000382336
 -0.00328434  0.000382336     0.022087
   0.0123173  -0.00507507  -0.00182241
 -0.00507507   0.00249985 -0.000172401
 -0.00182241 -0.000172401    0.0259135
    0.012489  -0.00491631  -0.00119714
 -0.00491631   0.00230729  0.000775844
 -0.00119714  0.000775844    0.0255845
   0.0152194  -0.00638284  -0.00266079
 -0.00638284    0.0029194   0.00113135
 -0.00266079   0.00113135     0.021898
   0.0105748  -0.00395569  0.000213392
 -0.00395569    0.0020525  0.000895439
 0.000213392  0.000895439    0.0282111
    0.012381   -0.0047099 -0.000577949
  -0.0047099   0.00214462   0.00158512
-0.000577949   0.00158512    0.0252391
   0.0106418  -0.00375835  0.000724658
 -0.00375835   0.00189322   0.00182187
 0.000724658   0.00182187    0.0278059
   0.0146775  -0.00605024  -0.00202633
 -0.00605024   0.00272298   0.00184585
 -0.00202633   0.00184585    0.0219277
  0.00966196  -0.00326437   0.00156483
 -0.00326437   0.00199305   0.00261297
  0.00156483   0.00261297    0.0286654
  0.00951069  -0.00345728   0.00106639
 -0.00345728   0.00212029   0.00175609
  0.00106639   0.00175609    0.0290376
  0.00916857  -0.00362923  0.000406153
 -0.00362923   0.00222076  0.000754633
 0.000406153  0.000754633    0.0293498
   0.0103019  -0.00413784 -0.000442895
 -0.00413784   0.00222512 -0.000130845
-0.000442895 -0.000130845    0.0285303
  0.00484247  -0.00847269  -0.00222587
 -0.00847269    0.0256527    0.0149688
 -0.00222587    0.0149688     0.015436
  0.00530625  -0.00845825  -0.00161573
 -0.00845825    0.0244227    0.0143165
 -0.00161573    0.0143165     0.016013
  0.00541076  -0.00823305  -0.00220724
 -0.00823305    0.0203073    0.0132742
 -0.00220724    0.0132742    0.0172784
  0.00592862  -0.00824652  -0.00151427
 -0.00824652    0.0194135    0.0126062
 -0.00151427    0.0126062     0.017628
  0.00586074  -0.00844531 -0.000977276
 -0.00844531    0.0232766     0.013759
-0.000977276     0.013759    0.0165223
  0.00604107  -0.00801294  -0.00210429
 -0.00801294    0.0159069    0.0114026
 -0.00210429    0.0114026    0.0186946
  0.00651813  -0.00824426 -0.000816565
 -0.00824426    0.0186669    0.0121542
