           0            0            0
           0            0            0
           0            0            0
   0.0279898  -0.00129695   0.00602983
 -0.00129695   0.00024215  -0.00129732
  0.00602983  -0.00129732    0.0169009
   0.0243709  -0.00118143   0.00874873
 -0.00118143  0.000175695  -0.00102686
  0.00874873  -0.00102686    0.0207107
   0.0207787  -0.00169389    0.0113007
 -0.00169389  0.000245862 -0.000895097
   0.0113007 -0.000895097    0.0228745
   0.0198684  -0.00221794    0.0124766
 -0.00221794  0.000352008 -0.000705496
   0.0124766 -0.000705496    0.0229727
   0.0199484  -0.00265176    0.0119374
 -0.00265176  0.000470238 -0.000586659
   0.0119374 -0.000586659    0.0231745
   0.0178086  -0.00250252    0.0103964
 -0.00250252  0.000432521 -0.000745067
   0.0103964 -0.000745067    0.0208691
   0.0184912  -0.00286232   0.00955752
 -0.00286232   0.00053067 -0.000687723
  0.00955752 -0.000687723    0.0220004
   0.0200685  -0.00295818    0.0109319
 -0.00295818  0.000557425 -0.000580389
   0.0109319 -0.000580389    0.0234045
   0.0182327  -0.00296254     0.007672
 -0.00296254  0.000573651 -0.000772559
    0.007672 -0.000772559    0.0227411
   0.0199334  -0.00310725    0.0091384
 -0.00310725  0.000600917 -0.000699512
   0.0091384 -0.000699512    0.0241772
   0.0180784  -0.00284526   0.00538677
 -0.00284526  0.000568755  -0.00100502
  0.00538677  -0.00100502    0.0237066
    0.020051  -0.00320678   0.00826785
 -0.00320678   0.00061513  -0.00090366
  0.00826785  -0.00090366    0.0242919
   0.0410589   0.00115901    0.0146286
  0.00115901   0.00081961   0.00276468
   0.0146286   0.00276468    0.0210737
   0.0355562 -2.04673e-05    0.0170088
-2.04673e-05    0.0010493   0.00350277
   0.0170088   0.00350277    0.0249392
   0.0351255  0.000726205     0.016725
 0.000726205  0.000791804   0.00329018
    0.016725   0.00329018    0.0248554
   0.0319261  2.82777e-05    0.0188106
 2.82777e-05   0.00103278   0.00380262
   0.0188106   0.00380262    0.0278919
   0.0316724 -0.000664003    0.0186632
-0.000664003   0.00130359   0.00388789
   0.0186632   0.00388789    0.0277274
   0.0301597  0.000245914    0.0177212
 0.000245914  0.000777571   0.00332786
   0.0177212   0.00332786    0.0273736
   0.0294621 -0.000589151    0.0192045
-0.000589151   0.00121383    0.0038411
   0.0192045    0.0038411    0.0290414
   0.0281767 -0.000352873    0.0183905
-0.000352873  0.000963695   0.00349588
   0.0183905   0.00349588    0.0286463
   0.0276205 -0.000946287    0.0182375
-0.000946287   0.00105226   0.00327256
   0.0182375   0.00327256    0.0287624
   0.0288471  -0.00117913    0.0187739
 -0.00117913    0.0014614   0.00383246
   0.0187739   0.00383246    0.0287339
   0.0287096  -0.00122306    0.0188964
 -0.00122306   0.00126893   0.00349052
   0.0188964   0.00349052    0.0290998
    0.027908  -0.00175488    0.0183074
 -0.00175488   0.00147503   0.00341889
   0.0183074   0.00341889    0.0287703
   0.0264325 -0.000512558    0.0172471
-0.000512558  0.000735031   0.00279647
   0.0172471   0.00279647     0.028099
   0.0259029  -0.00103604    0.0171346
 -0.00103604  0.000850788   0.00271253
   0.0171346   0.00271253    0.0282215
   0.0247856   -0.0014183    0.0164146
  -0.0014183  0.000682943     0.001902
   0.0164146     0.001902    0.0279617
   0.0254774 -0.000942875    0.0166226
-0.000942875  0.000550263   0.00186318
   0.0166226   0.00186318    0.0279247
   0.0283376  4.69924e-05    0.0165598
 4.69924e-05  0.000554215   0.00252108
   0.0165598   0.00252108    0.0268537
   0.0276911 -0.000402196    0.0161686
-0.000402196  0.000386471   0.00152786
   0.0161686   0.00152786    0.0268516
   0.0313248  0.000691201    0.0144668
 0.000691201  0.000385115   0.00187584
   0.0144668   0.00187584    0.0238913
   0.0330032  0.000921876    0.0154657
 0.000921876   0.00056639   0.00271512
   0.0154657   0.00271512    0.0242755
   0.0373553   0.00189389    0.0125696
  0.00189389  0.000449951   0.00182279
   0.0125696   0.00182279    0.0202005
   0.0311292  0.000231902    0.0141642
 0.000231902  0.000257479  0.000913582
   0.0141642  0.000913582    0.0240774
   0.0359022   0.00152767    0.0118205
  0.00152767  0.000306348    0.0010499
   0.0118205    0.0010499    0.0199682
   0.0368779  0.000934572    0.0116852
 0.000934572  0.000213268  0.000199766
   0.0116852  0.000199766    0.0203739
   0.0396905   0.00183838    0.0138508
  0.00183838  0.000619672   0.00243934
   0.0138508   0.00243934    0.0207395
   0.0271806   -0.0023753    0.0171863
  -0.0023753   0.00137235    0.0027531
   0.0171863    0.0027531    0.0282041
   0.0281058  -0.00192662    0.0178191
 -0.00192662   0.00120868   0.00283649
   0.0178191   0.00283649    0.0284529
   0.0275497   -0.0025055    0.0166884
  -0.0025055   0.00107001   0.00200612
   0.0166884   0.00200612     0.027852
   0.0264999  -0.00284957    0.0159981
 -0.00284957   0.00118703   0.00192872
   0.0159981   0.00192872    0.0276521
   0.0267152  -0.00218571    0.0161911
 -0.00218571  0.000934778   0.00196413
   0.0161911   0.00196413    0.0275104
   0.0270089  -0.00294363    0.0155095
 -0.00294363  0.000899795   0.00105789
   0.0155095   0.00105789    0.0272572
   0.0263025  -0.00263281      0.01509
 -0.00263281  0.000799103   0.00107863
     0.01509   0.00107863    0.0269305
   0.0259336  -0.00294559     0.014011
 -0.00294559  0.000671048  0.000117083
    0.014011  0.000117083    0.0263855
   0.0258489  -0.00316454    0.0147466
 -0.00316454  0.000973667   0.00101051
   0.0147466   0.00101051    0.0270701
    0.026535  -0.00323951    0.0143526
 -0.00323951  0.000747042  5.69636e-05
   0.0143526  5.69636e-05    0.0266808
   0.0252328  -0.00334438    0.0134826
 -0.00334438  0.000789249  6.49187e-05
   0.0134826  6.49187e-05    0.0264561
   0.0247117   -0.0024815    0.0141101
  -0.0024815  0.000712185  0.000935328
   0.0141101  0.000935328     0.026407
   0.0243683  -0.00272182    0.0130418
 -0.00272182   0.00060374  9.02725e-05
   0.0130418  9.02725e-05    0.0258616
   0.0230138  -0.00272275    0.0121775
 -0.00272275  0.000573499 -8.96916e-05
   0.0121775 -8.96916e-05    0.0254516
   0.0234365   -0.0025835    0.0133189
  -0.0025835  0.000661232  0.000601254
   0.0133189  0.000601254    0.0260528
    0.025086  -0.00210616      0.01519
 -0.00210616  0.000815025   0.00168953
     0.01519   0.00168953    0.0269884
    0.023855  -0.00230453    0.0144427
 -0.00230453  0.000729823   0.00119479
   0.0144427   0.00119479    0.0266769
   0.0254666  -0.00161853    0.0162028
 -0.00161853  0.000869968   0.00229581
   0.0162028   0.00229581    0.0275844
   0.0271455  -0.00161791    0.0172481
 -0.00161791    0.0010306   0.00271232
   0.0172481   0.00271232     0.028113
   0.0242742  -0.00190957    0.0154738
 -0.00190957  0.000740617   0.00164069
   0.0154738   0.00164069    0.0273049
   0.0214935  -0.00322529    0.0109523
 -0.00322529  0.000632038 -0.000530386
   0.0109523 -0.000530386    0.0249828
   0.0215139  -0.00303264    0.0119696
 -0.00303264  0.000600358 -0.000349199
   0.0119696 -0.000349199     0.024909
   0.0230794  -0.00296167    0.0136461
 -0.00296167    0.0006425  3.26127e-05
   0.0136461  3.26127e-05    0.0262486
   0.0212838   -0.0026992    0.0129838
  -0.0026992  0.000516353 -0.000323531
   0.0129838 -0.000323531    0.0245251
   0.0233164  -0.00263045    0.0145774
 -0.00263045  0.000576825  0.000207033
   0.0145774  0.000207033    0.0267279
   0.0234944  -0.00217531    0.0153223
 -0.00217531  0.000459464   0.00023166
   0.0153223   0.00023166    0.0269831
   0.0215189  -0.00227839    0.0138337
 -0.00227839  0.000398262 -0.000364564
   0.0138337 -0.000364564       0.0247
   0.0241765  -0.00237656    0.0154357
 -0.00237656  0.000655369  0.000838789
   0.0154357  0.000838789    0.0274723
    0.024608  -0.00191872    0.0163222
 -0.00191872  0.000562058  0.000969013
   0.0163222  0.000969013    0.0281297
   0.0236131  -0.00269673    0.0143095
 -0.00269673  0.000682225  0.000552893
   0.0143095  0.000552893    0.0267566
   0.0231015  -0.00289417    0.0130809
 -0.00289417  0.000650019  0.000123661
   0.0130809  0.000123661    0.0260272
   0.0226305   -0.0031306    0.0125361
  -0.0031306  0.000643598 -0.000279467
   0.0125361 -0.000279467    0.0257843
    0.022336  -0.00319052    0.0114653
 -0.00319052  0.000612463 -0.000724025
   0.0114653 -0.000724025    0.0250854
   0.0225566  -0.00294813    0.0118129
 -0.00294813  0.000584271 -0.000409702
   0.0118129 -0.000409702    0.0253212
   0.0212197  -0.00325289    0.0100175
 -0.00325289  0.000615718 -0.000868292
   0.0100175 -0.000868292    0.0247311
   0.0223146  -0.00175981    0.0134738
 -0.00175981  0.000277149 -0.000542834
   0.0134738 -0.000542834    0.0247896
   0.0256295  -0.00122567    0.0117976
 -0.00122567  0.000185913  -0.00076255
   0.0117976  -0.00076255    0.0233965
   0.0264132   -0.0011003    0.0138148
  -0.0011003  0.000209911 -0.000276724
   0.0138148 -0.000276724    0.0251201
   0.0291119 -0.000818893   0.00861932
-0.000818893  0.000168278  -0.00101693
  0.00861932  -0.00101693    0.0196607
   0.0297871  -0.00065106    0.0104894
 -0.00065106  0.000169165 -0.000692239
   0.0104894 -0.000692239      0.02116
   0.0344829 -0.000422088   0.00790681
-0.000422088  0.000202276   -0.0010673
  0.00790681   -0.0010673    0.0175527
   0.0323118 -0.000962245   0.00625389
-0.000962245  0.000232951  -0.00128765
  0.00625389  -0.00128765    0.0166603
   0.0307943 -0.000200627    0.0129994
-0.000200627  0.000179548  3.72802e-05
   0.0129994  3.72802e-05    0.0234375
   0.0353738  0.000220316     0.010105
 0.000220316  0.000169939 -0.000488523
    0.010105 -0.000488523    0.0193521
   0.0272984 -0.000840804    0.0155241
-0.000840804  0.000269968  0.000547559
   0.0155241  0.000547559    0.0265545
   0.0250795  -0.00142194    0.0163572
 -0.00142194  0.000417139   0.00086684
   0.0163572   0.00086684    0.0279599
    0.023975  -0.00166778    0.0150543
 -0.00166778  0.000319986  6.38606e-05
   0.0150543  6.38606e-05    0.0265782
    0.024579  -0.00342291    0.0121841
 -0.00342291  0.000669111 -0.000868673
   0.0121841 -0.000868673     0.025825
   0.0261203  -0.00343148    0.0131956
 -0.00343148  0.000653774  -0.00095944
   0.0131956  -0.00095944    0.0261193
   0.0257358   -0.0035252    0.0120299
  -0.0035252  0.000651762   -0.0019557
   0.0120299   -0.0019557    0.0255883
   0.0238588  -0.00341142    0.0108537
 -0.00341142  0.000645506  -0.00176436
   0.0108537  -0.00176436    0.0252044
   0.0255119  -0.00326938    0.0119291
 -0.00326938  0.000596361  -0.00192177
   0.0119291  -0.00192177    0.0254389
   0.0252345  -0.00355112    0.0108499
 -0.00355112  0.000743639  -0.00288982
   0.0108499  -0.00288982    0.0250811
   0.0253526  -0.00333395    0.0109097
 -0.00333395  0.000696425  -0.00290312
   0.0109097  -0.00290312     0.025027
    0.025095  -0.00335118   0.00993222
 -0.00335118  0.000872111  -0.00378057
  0.00993222  -0.00378057    0.0246374
   0.0230357  -0.00333031   0.00952878
 -0.00333031  0.000706146  -0.00259364
  0.00952878  -0.00259364    0.0245975
   0.0245735  -0.00350472   0.00969977
 -0.00350472  0.000904355  -0.00372106
  0.00969977  -0.00372106    0.0245737
   0.0220667  -0.00318813   0.00824923
 -0.00318813  0.000836565  -0.00334551
  0.00824923  -0.00334551    0.0239693
   0.0238152  -0.00287594   0.00995491
 -0.00287594  0.000608926  -0.00274073
  0.00995491  -0.00274073    0.0245363
    0.023803   -0.0028547   0.00905821
  -0.0028547  0.000771619  -0.00360029
  0.00905821  -0.00360029     0.024197
   0.0219372  -0.00231559   0.00780927
 -0.00231559  0.000661633  -0.00333982
  0.00780927  -0.00333982    0.0235951
   0.0220082  -0.00247024   0.00879006
 -0.00247024   0.00053201   -0.0025559
  0.00879006   -0.0025559     0.023972
   0.0238732  -0.00287898    0.0109436
 -0.00287898  0.000523091  -0.00179349
   0.0109436  -0.00179349    0.0249219
   0.0222305  -0.00262883   0.00988071
 -0.00262883  0.000479675  -0.00170817
  0.00988071  -0.00170817    0.0243972
   0.0240477  -0.00284831    0.0119749
 -0.00284831  0.000526818 -0.000829888
   0.0119749 -0.000829888    0.0253588
   0.0256477  -0.00315212    0.0129574
 -0.00315212  0.000589251 -0.000896588
   0.0129574 -0.000896588    0.0258894
   0.0225737   -0.0027369    0.0110225
  -0.0027369  0.000498589 -0.000867487
   0.0110225 -0.000867487    0.0248911
   0.0209433  -0.00297136   0.00700247
 -0.00297136   0.00102368  -0.00406109
  0.00700247  -0.00406109    0.0232969
   0.0237237  -0.00338058   0.00853609
 -0.00338058   0.00111321  -0.00447267
  0.00853609  -0.00447267    0.0240315
     0.02275  -0.00309637   0.00734248
 -0.00309637   0.00138467  -0.00519047
  0.00734248  -0.00519047    0.0234405
   0.0197335  -0.00260533   0.00580054
 -0.00260533   0.00130239  -0.00479919
  0.00580054  -0.00479919      0.02258
   0.0241652  -0.00311787   0.00790935
 -0.00311787   0.00134835  -0.00526223
  0.00790935  -0.00526223    0.0238181
   0.0216172  -0.00260454   0.00614915
 -0.00260454   0.00174409  -0.00591965
  0.00614915  -0.00591965     0.022808
   0.0234726  -0.00273783   0.00681681
 -0.00273783   0.00166315  -0.00593798
  0.00681681  -0.00593798     0.023364
   0.0225442  -0.00210993   0.00571349
 -0.00210993    0.0020652  -0.00661301
  0.00571349  -0.00661301    0.0228901
   0.0184289  -0.00203358   0.00469223
 -0.00203358   0.00170195  -0.00559816
  0.00469223  -0.00559816    0.0218395
   0.0202522  -0.00185892   0.00499862
 -0.00185892   0.00223298  -0.00668911
  0.00499862  -0.00668911     0.022166
   0.0170338  -0.00123583   0.00370156
 -0.00123583   0.00228573  -0.00648394
  0.00370156  -0.00648394    0.0211304
   0.0233695  -0.00239673   0.00629686
 -0.00239673   0.00147914  -0.00564579
  0.00629686  -0.00564579    0.0232876
   0.0229914  -0.00189452   0.00532412
 -0.00189452   0.00179346  -0.00622673
  0.00532412  -0.00622673    0.0230093
   0.0219187  -0.00136413   0.00404151
 -0.00136413   0.00148517    -0.005647
  0.00404151    -0.005647    0.0226246
    0.021912   -0.0017696   0.00497066
  -0.0017696   0.00125057  -0.00517447
  0.00497066  -0.00517447    0.0227722
   0.0235986  -0.00267526   0.00725923
 -0.00267526   0.00120969  -0.00503047
  0.00725923  -0.00503047    0.0235769
   0.0219152  -0.00201881    0.0059215
 -0.00201881   0.00103436  -0.00464352
   0.0059215  -0.00464352    0.0229828
   0.0237113  -0.00281261   0.00817008
 -0.00281261  0.000974229  -0.00435928
  0.00817008  -0.00435928    0.0238815
   0.0246796  -0.00330386   0.00894835
 -0.00330386   0.00108678  -0.00455654
  0.00894835  -0.00455654     0.024243
   0.0219042  -0.00218661   0.00687425
 -0.00218661  0.000834099  -0.00403694
  0.00687425  -0.00403694    0.0232666
    0.019321  0.000183782 -0.000611564
 0.000183782  0.000718249  -0.00379936
-0.000611564  -0.00379936    0.0211386
   0.0193503 -0.000269511  0.000815208
-0.000269511  0.000680318  -0.00372373
 0.000815208  -0.00372373    0.0212075
   0.0192296 -0.000386741   0.00156118
-0.000386741  0.000769476  -0.00399473
  0.00156118  -0.00399473    0.0214589
   0.0193895 -0.000842619   0.00293412
-0.000842619  0.000687888   -0.0037245
  0.00293412   -0.0037245    0.0217044
   0.0196279 -0.000847378   0.00229468
-0.000847378  0.000638689  -0.00352192
  0.00229468  -0.00352192    0.0214451
   0.0195487  -0.00102198   0.00364753
 -0.00102198  0.000764588  -0.00395814
  0.00364753  -0.00395814    0.0219888
   0.0197617  -0.00139863   0.00431552
 -0.00139863  0.000613426  -0.00336145
  0.00431552  -0.00336145    0.0220937
   0.0197602  -0.00142722   0.00490286
 -0.00142722  0.000645306   -0.0035152
  0.00490286   -0.0035152    0.0223605
   0.0202267  -0.00188053   0.00616909
 -0.00188053   0.00055953  -0.00299837
  0.00616909  -0.00299837    0.0228089
   0.0199565  -0.00150662   0.00368434
 -0.00150662  0.000600289  -0.00321612
  0.00368434  -0.00321612    0.0217695
   0.0203782  -0.00199917    0.0057077
 -0.00199917  0.000569028  -0.00293371
   0.0057077  -0.00293371    0.0225599
   0.0201349  -0.00211451   0.00489369
 -0.00211451  0.000575756  -0.00281184
  0.00489369  -0.00281184    0.0220023
   0.0203731  -0.00168485    0.0056835
 -0.00168485  0.000718589  -0.00373628
   0.0056835  -0.00373628    0.0227139
   0.0205919  -0.00196655   0.00678045
 -0.00196655  0.000585549  -0.00312524
  0.00678045  -0.00312524    0.0231088
   0.0203285  -0.00141956   0.00459687
 -0.00141956  0.000877883  -0.00426048
  0.00459687  -0.00426048    0.0223912
   0.0203145  -0.00113555   0.00350818
 -0.00113555   0.00104259  -0.00469525
  0.00350818  -0.00469525    0.0221759
   0.0194666 -0.000667156   0.00239503
-0.000667156  0.000884394  -0.00430285
  0.00239503  -0.00430285    0.0217431
   0.0194349 -0.000295405   0.00116708
-0.000295405  0.000995483  -0.00454547
  0.00116708  -0.00454547    0.0216234
    0.020379 -0.000763579   0.00247828
-0.000763579   0.00120734  -0.00504809
  0.00247828  -0.00504809    0.0220706
   0.0192115  8.15599e-06  0.000215659
 8.15599e-06  0.000840673  -0.00414654
 0.000215659  -0.00414654    0.0213536
   0.0198193  -0.00256696   0.00569731
 -0.00256696  0.000558477  -0.00232064
  0.00569731  -0.00232064     0.022297
   0.0208842  -0.00256631   0.00704704
 -0.00256631  0.000553694  -0.00244896
  0.00704704  -0.00244896    0.0230421
   0.0210188  -0.00296649   0.00824687
 -0.00296649  0.000560971  -0.00189972
  0.00824687  -0.00189972    0.0234174
   0.0195575  -0.00286553   0.00616657
 -0.00286553  0.000561217   -0.0017796
  0.00616657   -0.0017796     0.023182
   0.0214462  -0.00281474    0.0089216
 -0.00281474  0.000520818    -0.001836
   0.0089216    -0.001836    0.0239087
   0.0209711  -0.00317737   0.00923774
 -0.00317737  0.000583893  -0.00135144
  0.00923774  -0.00135144    0.0238392
   0.0219273  -0.00309939    0.0102543
 -0.00309939   0.00055899  -0.00125517
   0.0102543  -0.00125517    0.0245209
   0.0197236   -0.0030896    0.0069993
  -0.0030896  0.000583978  -0.00129246
   0.0069993  -0.00129246    0.0241699
   0.0219669  -0.00286228     0.010512
 -0.00286228  0.000513547  -0.00103275
    0.010512  -0.00103275    0.0246551
   0.0214196  -0.00262668   0.00921108
 -0.00262668  0.000478543  -0.00172749
  0.00921108  -0.00172749    0.0240698
     0.02094  -0.00230421   0.00793988
 -0.00230421  0.000500196  -0.00244856
  0.00793988  -0.00244856    0.0235605
   0.0208111  -0.00237476   0.00750156
 -0.00237476  0.000513465  -0.00243089
  0.00750156  -0.00243089    0.0233235
   0.0185009  -0.00289093   0.00480008
 -0.00289093  0.000570112  -0.00124545
  0.00480008  -0.00124545    0.0242076
   0.0187216  -0.00275069   0.00417242
 -0.00275069  0.000550818  -0.00166358
  0.00417242  -0.00166358    0.0237867
   0.0169351  -0.00239179   0.00187525
 -0.00239179  0.000510873  -0.00142725
  0.00187525  -0.00142725    0.0232875
   0.0186349  -0.00242647   0.00332359
 -0.00242647  0.000537851  -0.00212195
  0.00332359  -0.00212195    0.0229706
   0.0175003  -0.00226259   0.00133129
 -0.00226259  0.000507865  -0.00188712
  0.00133129  -0.00188712    0.0233399
   0.0181031  -0.00196274   0.00104801
 -0.00196274  0.000518259  -0.00235487
  0.00104801  -0.00235487    0.0226964
   0.0189543  -0.00203434    0.0028863
 -0.00203434  0.000543389  -0.00255926
   0.0028863  -0.00255926    0.0220015
   0.0164985  -0.00170484  -0.00100739
 -0.00170484   0.00044469  -0.00190497
 -0.00100739  -0.00190497    0.0228168
   0.0193285  -0.00154988   0.00249633
 -0.00154988  0.000564801  -0.00295128
  0.00249633  -0.00295128    0.0211096
   0.0196893  -0.00093407   0.00146253
 -0.00093407  0.000588068  -0.00326888
  0.00146253  -0.00326888    0.0210493
   0.0190905 -0.000948237 -7.89564e-05
-0.000948237  0.000518035  -0.00293716
-7.89564e-05  -0.00293716    0.0211555
   0.0197774 -0.000307736  0.000100858
-0.000307736  0.000603086  -0.00343803
 0.000100858  -0.00343803    0.0209592
     0.01982 -0.000369349  -0.00099715
-0.000369349  0.000519769  -0.00309226
 -0.00099715  -0.00309226      0.02093
   0.0203199  0.000148234  -0.00219584
 0.000148234  0.000511676  -0.00306283
 -0.00219584  -0.00306283    0.0207876
   0.0196604  0.000236886  -0.00142291
 0.000236886  0.000609428  -0.00344615
 -0.00142291  -0.00344615    0.0209072
   0.0189611 -0.000413497  -0.00245707
-0.000413497  0.000421861  -0.00264587
 -0.00245707  -0.00264587    0.0209161
   0.0202413  5.70183e-05  -0.00337137
 5.70183e-05  0.000406421   -0.0026075
 -0.00337137   -0.0026075    0.0208513
   0.0192622 -0.000116712  -0.00428523
-0.000116712  0.000310688  -0.00208826
 -0.00428523  -0.00208826     0.020572
   0.0182308 -0.000481046  -0.00356309
-0.000481046  0.000340214  -0.00223123
 -0.00356309  -0.00223123    0.0213341
   0.0183557 -0.000897575  -0.00166986
-0.000897575  0.000441497  -0.00260401
 -0.00166986  -0.00260401    0.0217143
   0.0171571 -0.000981404  -0.00289355
-0.000981404  0.000388202  -0.00221402
 -0.00289355  -0.00221402    0.0227524
   0.0175268  -0.00142258  -0.00126911
 -0.00142258  0.000456832  -0.00235134
 -0.00126911  -0.00235134    0.0225056
   0.0185859  -0.00148368  0.000434532
 -0.00148368  0.000513263  -0.00268299
 0.000434532  -0.00268299    0.0220005
   0.0172733 -0.000471181  -0.00448222
-0.000471181  0.000282691  -0.00196797
 -0.00448222  -0.00196797    0.0217476
   0.0180755 -0.000244257  -0.00494052
-0.000244257  0.000240678  -0.00155852
 -0.00494052  -0.00155852    0.0198274
  0.00542046  -0.00485834  -0.00534599
 -0.00485834     0.004611   0.00471274
 -0.00534599   0.00471274     0.021155
  0.00558379  -0.00496421  -0.00455943
 -0.00496421   0.00470312   0.00444213
 -0.00455943   0.00444213    0.0216879
  0.00534789  -0.00434328  -0.00409996
 -0.00434328   0.00380918   0.00330808
 -0.00409996   0.00330808    0.0218985
  0.00572147  -0.00443564  -0.00317593
 -0.00443564   0.00391183   0.00353062
 -0.00317593   0.00353062    0.0225199
  0.00592803  -0.00502608  -0.00360713
 -0.00502608   0.00476323   0.00452338
 -0.00360713   0.00452338    0.0221813
  0.00550078  -0.00388866  -0.00270915
 -0.00388866   0.00316024   0.00266503
 -0.00270915   0.00266503    0.0229443
  0.00632246  -0.00441534  -0.00208031
 -0.00441534   0.00395651   0.00418737
 -0.00208031   0.00418737    0.0231043
  0.00612362  -0.00387488  -0.00165412
 -0.00387488   0.00320609   0.00340981
 -0.00165412   0.00340981     0.023652
  0.00697454  -0.00373629 -0.000483502
 -0.00373629   0.00327857   0.00446867
-0.000483502   0.00446867    0.0242841
  0.00650898  -0.00499532  -0.00247993
 -0.00499532   0.00479969   0.00503467
 -0.00247993   0.00503467    0.0226431
  0.00715634  -0.00427589 -0.000853221
 -0.00427589   0.00406503   0.00517705
-0.000853221   0.00517705     0.023606
  0.00732114  -0.00487473  -0.00122582
 -0.00487473   0.00495254   0.00590021
 -0.00122582   0.00590021    0.0230271
  0.00593594  -0.00344148  -0.00128562
 -0.00344148   0.00261891   0.00284502
 -0.00128562   0.00284502     0.024291
  0.00678548   -0.0032966 -0.000177192
  -0.0032966   0.00265206   0.00389285
-0.000177192   0.00389285    0.0250391
  0.00662403  -0.00300801   2.6228e-05
 -0.00300801   0.00221165   0.00342921
  2.6228e-05   0.00342921    0.0258196
  0.00614053  -0.00335765   -0.0012329
 -0.00335765   0.00235103   0.00257851
  -0.0012329   0.00257851    0.0251796
  0.00550643  -0.00358519  -0.00243144
 -0.00358519   0.00265011   0.00215258
 -0.00243144   0.00215258     0.023612
    0.005914  -0.00360683  -0.00240915
 -0.00360683     0.002466   0.00193613
 -0.00240915   0.00193613    0.0244576
   0.0052476  -0.00355598  -0.00336319
 -0.00355598   0.00257453   0.00181384
 -0.00336319   0.00181384    0.0228248
  0.00517292  -0.00382069  -0.00366308
 -0.00382069    0.0030642   0.00238175
 -0.00366308   0.00238175    0.0222641
  0.00498053   -0.0036489  -0.00438547
  -0.0036489   0.00287795   0.00240505
 -0.00438547   0.00240505    0.0214728
  0.00568601  -0.00359335  -0.00327938
 -0.00359335   0.00240456    0.0016055
 -0.00327938    0.0016055    0.0221964
  0.00503577  -0.00337134  -0.00402058
 -0.00337134   0.00237757   0.00178474
 -0.00402058   0.00178474    0.0213979
  0.00539578  -0.00339318  -0.00389997
 -0.00339318   0.00223077   0.00156485
 -0.00389997   0.00156485    0.0209227
  0.00516354  -0.00419242  -0.00484878
 -0.00419242   0.00365103   0.00343622
 -0.00484878   0.00343622    0.0212302
  0.00826263  -0.00465119  3.71756e-05
 -0.00465119   0.00529571   0.00701092
 3.71756e-05   0.00701092    0.0232751
  0.00814073  -0.00402913  0.000378824
 -0.00402913   0.00431104    0.0063667
 0.000378824    0.0063667    0.0239854
  0.00908014  -0.00374664   0.00144086
 -0.00374664   0.00474115   0.00754699
  0.00144086   0.00754699    0.0242065
  0.00913824  -0.00437302   0.00113098
 -0.00437302   0.00586712   0.00818141
  0.00113098   0.00818141    0.0233461
  0.00895577  -0.00320948   0.00168393
 -0.00320948   0.00371639   0.00678753
  0.00168393   0.00678753    0.0251712
  0.00974628  -0.00349031    0.0021617
 -0.00349031   0.00530299   0.00854923
   0.0021617   0.00854923    0.0243052
   0.0096834  -0.00299645   0.00233627
 -0.00299645    0.0041051    0.0076408
  0.00233627    0.0076408    0.0254286
  0.00998572  -0.00293539   0.00256877
 -0.00293539   0.00451064   0.00803941
  0.00256877   0.00803941     0.025626
  0.00972763  -0.00407862   0.00189597
 -0.00407862   0.00658822   0.00925288
  0.00189597   0.00925288    0.0232897
  0.00998106  -0.00334931   0.00247645
 -0.00334931   0.00585936    0.0091672
  0.00247645    0.0091672     0.024352
  0.00989974  -0.00386586   0.00226411
 -0.00386586   0.00729668    0.0100374
  0.00226411    0.0100374    0.0231791
  0.00953725  -0.00264365   0.00237188
 -0.00264365   0.00312598   0.00663633
  0.00237188   0.00663633    0.0266012
  0.00989829   -0.0026482    0.0025149
  -0.0026482   0.00339651   0.00674884
   0.0025149   0.00674884    0.0269246
  0.00972958  -0.00250266   0.00232734
 -0.00250266   0.00257429   0.00537259
  0.00232734   0.00537259     0.028176
  0.00932618  -0.00245411   0.00228229
 -0.00245411   0.00239507   0.00556653
  0.00228229   0.00556653    0.0277484
  0.00877546  -0.00281626   0.00181135
 -0.00281626   0.00289204   0.00600705
  0.00181135   0.00600705    0.0261992
  0.00856073  -0.00258049   0.00182268
 -0.00258049   0.00227174   0.00520406
  0.00182268   0.00520406    0.0272207
  0.00779026  -0.00306446  0.000907356
 -0.00306446   0.00273331   0.00503174
 0.000907356   0.00503174    0.0256809
  0.00797742  -0.00348532  0.000687652
 -0.00348532   0.00343464   0.00567102
 0.000687652   0.00567102    0.0247958
  0.00759524  -0.00278781   0.00102527
 -0.00278781    0.0022121   0.00443207
  0.00102527   0.00443207    0.0265734
   0.0141269  -0.00518212  -0.00203019
 -0.00518212   0.00232235    0.0029848
 -0.00203019    0.0029848     0.022724
   0.0126928   -0.0045958  -0.00126491
  -0.0045958   0.00215272   0.00342863
 -0.00126491   0.00342863    0.0236937
    0.010742  -0.00343852  0.000110155
 -0.00343852   0.00172307   0.00343667
 0.000110155   0.00343667    0.0260456
  0.00979825   -0.0033803   0.00010727
  -0.0033803   0.00179322   0.00362633
  0.00010727   0.00362633    0.0260386
   0.0124037  -0.00488158   -0.0017051
 -0.00488158   0.00240695   0.00360649
  -0.0017051   0.00360649    0.0230823
  0.00861401  -0.00270209  0.000978904
 -0.00270209   0.00163373   0.00383983
 0.000978904   0.00383983    0.0269123
  0.00939582  -0.00373488 -0.000571868
 -0.00373488   0.00204962   0.00346541
-0.000571868   0.00346541     0.025617
  0.00780324  -0.00288824  0.000418137
 -0.00288824   0.00176496   0.00354137
 0.000418137   0.00354137    0.0266894
  0.00775018  -0.00349637 -0.000698847
 -0.00349637   0.00212713   0.00310501
-0.000698847   0.00310501    0.0266168
   0.0112046  -0.00493528  -0.00216162
 -0.00493528   0.00263032   0.00359533
 -0.00216162   0.00359533    0.0219587
  0.00899246  -0.00426033   -0.0017793
 -0.00426033   0.00245254   0.00317782
  -0.0017793   0.00317782    0.0233964
   0.0105133  -0.00529012  -0.00296233
 -0.00529012   0.00302717   0.00349519
 -0.00296233   0.00349519    0.0207462
  0.00738244  -0.00263142  0.000968944
 -0.00263142   0.00184338   0.00387807
 0.000968944   0.00387807    0.0268484
  0.00692434  -0.00307862 -0.000137174
 -0.00307862   0.00204683   0.00318454
-0.000137174   0.00318454    0.0264577
  0.00838684  -0.00250335   0.00155341
 -0.00250335   0.00183674    0.0044457
  0.00155341    0.0044457    0.0274048
  0.00924098   -0.0024552   0.00184138
  -0.0024552   0.00188975   0.00458777
  0.00184138   0.00458777    0.0280969
  0.00970781  -0.00280006   0.00104333
 -0.00280006   0.00165351   0.00379599
  0.00104333   0.00379599    0.0271497
   0.0105833  -0.00305175  0.000811004
 -0.00305175    0.0017662   0.00326845
 0.000811004   0.00326845    0.0278101
   0.0097782  -0.00257209   0.00173137
 -0.00257209   0.00201232   0.00417803
  0.00173137   0.00417803    0.0286708
   0.0119728  -0.00389392 -0.000498537
 -0.00389392   0.00185478   0.00288858
-0.000498537   0.00288858    0.0256048
   0.0100112  -0.00543475  -0.00338651
 -0.00543475   0.00321883   0.00334576
 -0.00338651   0.00334576    0.0201733
  0.00877552   -0.0046762  -0.00280072
  -0.0046762   0.00277988    0.0028834
 -0.00280072    0.0028834    0.0214869
  0.00887721  -0.00508785  -0.00386866
 -0.00508785   0.00308055   0.00285345
 -0.00386866   0.00285345    0.0210493
  0.00988823  -0.00564296  -0.00400004
 -0.00564296   0.00340968   0.00334684
 -0.00400004   0.00334684    0.0201304
  0.00773117  -0.00443051  -0.00332009
 -0.00443051   0.00272459   0.00236553
 -0.00332009   0.00236553    0.0219574
  0.00832581  -0.00491654  -0.00436447
 -0.00491654   0.00300746   0.00269035
 -0.00436447   0.00269035    0.0204987
  0.00765061  -0.00451272  -0.00413052
 -0.00451272   0.00276274   0.00210174
 -0.00413052   0.00210174    0.0214132
  0.00710406  -0.00416818  -0.00464809
 -0.00416818   0.00253691   0.00194763
 -0.00464809   0.00194763    0.0211554
  0.00897202  -0.00533827  -0.00454063
 -0.00533827   0.00328762   0.00313444
 -0.00454063   0.00313444    0.0188277
  0.00764394  -0.00444451  -0.00474047
 -0.00444451   0.00268036   0.00246628
 -0.00474047   0.00246628    0.0195139
  0.00835379  -0.00499206  -0.00491049
 -0.00499206   0.00308942   0.00315075
 -0.00491049   0.00315075    0.0186002
  0.00652965  -0.00392514  -0.00365469
 -0.00392514   0.00247198   0.00180993
 -0.00365469   0.00180993    0.0214986
  0.00593862  -0.00356656  -0.00417794
 -0.00356656   0.00223286   0.00163734
 -0.00417794   0.00163734    0.0207536
  0.00664444  -0.00388715    -0.002731
 -0.00388715   0.00248546   0.00201537
   -0.002731   0.00201537    0.0231326
  0.00674259  -0.00355223   -0.0014286
 -0.00355223   0.00230205   0.00253087
  -0.0014286   0.00253087    0.0261061
  0.00764487   -0.0040222  -0.00214472
  -0.0040222   0.00245626   0.00263392
 -0.00214472   0.00263392    0.0237487
  0.00966664  -0.00376634    0.0022774
 -0.00376634   0.00781617    0.0104465
   0.0022774    0.0104465    0.0230794
  0.00979463  -0.00336148   0.00241858
 -0.00336148   0.00624689    0.0093284
  0.00241858    0.0093284    0.0244039
  0.00931723  -0.00349095   0.00210096
 -0.00349095   0.00636283   0.00907831
  0.00210096   0.00907831    0.0244907
  0.00917269  -0.00377511   0.00203772
 -0.00377511   0.00805697    0.0104944
  0.00203772    0.0104944    0.0230322
  0.00939985  -0.00328345    0.0020028
 -0.00328345   0.00485584    0.0073574
   0.0020028    0.0073574    0.0260023
  0.00872208  -0.00364078   0.00162832
 -0.00364078   0.00623192   0.00857215
  0.00162832   0.00857215    0.0246341
  0.00882049   -0.0035195   0.00143518
  -0.0035195   0.00470691   0.00653662
  0.00143518   0.00653662    0.0262344
  0.00824256  -0.00365245  0.000797379
 -0.00365245   0.00442425   0.00565173
 0.000797379   0.00565173    0.0265029
  0.00857193  -0.00381636   0.00164652
 -0.00381636   0.00802423    0.0102866
  0.00164652    0.0102866    0.0230621
  0.00812369  -0.00371784   0.00107768
 -0.00371784   0.00593034   0.00795786
  0.00107768   0.00795786    0.0248225
  0.00797938  -0.00381582   0.00117119
 -0.00381582   0.00778856   0.00994583
  0.00117119   0.00994583    0.0231513
  0.00886836  -0.00345102   0.00107584
 -0.00345102   0.00359832   0.00435932
  0.00107584   0.00435932    0.0277736
  0.00831639  -0.00361612  0.000358826
 -0.00361612   0.00341909   0.00321417
 0.000358826   0.00321417    0.0280941
  0.00835003  -0.00360233 -0.000164399
 -0.00360233   0.00292254  0.000837416
-0.000164399  0.000837416    0.0295453
  0.00887071  -0.00342216  0.000615298
 -0.00342216   0.00293249   0.00216275
 0.000615298   0.00216275    0.0291971
  0.00941964  -0.00315604   0.00174064
 -0.00315604   0.00368001    0.0054649
  0.00174064    0.0054649    0.0274813
  0.00937916  -0.00309112   0.00136551
 -0.00309112   0.00288872   0.00349521
  0.00136551   0.00349521     0.028862
  0.00982575  -0.00283978   0.00226426
 -0.00283978   0.00361898   0.00632248
  0.00226426   0.00632248    0.0272087
  0.00984727  -0.00304838   0.00242104
 -0.00304838   0.00479559   0.00791893
  0.00242104   0.00791893    0.0258079
  0.00971926  -0.00273744   0.00198665
 -0.00273744   0.00276534   0.00463165
  0.00198665   0.00463165    0.0285337
  0.00742861  -0.00373857   0.00063757
 -0.00373857   0.00739849   0.00960643
  0.00063757   0.00960643    0.0232565
  0.00757663  -0.00366752  0.000459541
 -0.00366752   0.00552223   0.00738596
 0.000459541   0.00738596    0.0250188
  0.00708835   -0.0034979 -0.000208999
  -0.0034979   0.00505466   0.00696983
-0.000208999   0.00696983    0.0251963
  0.00693714  -0.00357818   6.3722e-05
 -0.00357818   0.00693561   0.00934854
  6.3722e-05   0.00934854    0.0233424
  0.00724418  -0.00341121 -0.000642296
 -0.00341121   0.00366974   0.00426619
-0.000642296   0.00426619    0.0270017
  0.00666094   -0.0032505 -0.000916041
  -0.0032505   0.00459832   0.00670278
-0.000916041   0.00670278     0.025358
  0.00683317  -0.00310269  -0.00142465
 -0.00310269   0.00324294   0.00389314
 -0.00142465   0.00389314    0.0272192
  0.00650899  -0.00276597  -0.00214673
 -0.00276597   0.00282468   0.00373536
 -0.00214673   0.00373536    0.0272257
  0.00650914  -0.00335973 -0.000543663
 -0.00335973   0.00647406   0.00917184
-0.000543663   0.00917184    0.0234051
  0.00630445  -0.00296254  -0.00161062
 -0.00296254   0.00417187   0.00660466
 -0.00161062   0.00660466    0.0252637
  0.00615274  -0.00310611  -0.00115724
 -0.00310611    0.0060567   0.00908397
 -0.00115724   0.00908397    0.0234578
  0.00700836  -0.00295606  -0.00202799
 -0.00295606   0.00252189   0.00100645
 -0.00202799   0.00100645    0.0288757
  0.00683936   -0.0025729  -0.00274524
  -0.0025729     0.002107  0.000860344
 -0.00274524  0.000860344    0.0286206
  0.00704357  -0.00239751  -0.00329825
 -0.00239751   0.00199635  -0.00183682
 -0.00329825  -0.00183682    0.0301891
     0.00715   -0.0028427  -0.00262314
  -0.0028427   0.00239397  -0.00165563
 -0.00262314  -0.00165563    0.0302474
  0.00738744  -0.00333265  -0.00120557
 -0.00333265   0.00288255   0.00147238
 -0.00120557   0.00147238     0.028661
  0.00748987  -0.00327351  -0.00179069
 -0.00327351   0.00269538  -0.00114458
 -0.00179069  -0.00114458    0.0300947
  0.00782023  -0.00357497 -0.000404065
 -0.00357497   0.00318463   0.00221047
-0.000404065   0.00221047    0.0284028
   0.0077092  -0.00361544  0.000102805
 -0.00361544   0.00406925   0.00485199
 0.000102805   0.00485199    0.0267681
   0.0078833  -0.00355284 -0.000964469
 -0.00355284   0.00285365 -0.000306398
-0.000964469 -0.000306398    0.0298585
    0.013247  -0.00594605  -0.00672802
 -0.00594605   0.00411407  -0.00208222
 -0.00672802  -0.00208222    0.0231609
   0.0137898  -0.00637754  -0.00632213
 -0.00637754   0.00430064  -0.00214794
 -0.00632213  -0.00214794    0.0233397
    0.010769  -0.00466935  -0.00521914
 -0.00466935   0.00363696  -0.00366772
 -0.00521914  -0.00366772    0.0272366
   0.0112247  -0.00503337  -0.00464769
 -0.00503337   0.00362853  -0.00332376
 -0.00464769  -0.00332376    0.0272471
   0.0143012  -0.00662149  -0.00587777
 -0.00662149   0.00421513  -0.00196923
 -0.00587777  -0.00196923     0.023355
  0.00905229  -0.00396053  -0.00342317
 -0.00396053   0.00319544  -0.00384057
 -0.00342317  -0.00384057    0.0298807
   0.0116609  -0.00518812  -0.00405338
 -0.00518812   0.00340212  -0.00270798
 -0.00405338  -0.00270798    0.0271021
  0.00946011   -0.0041963   -0.0027129
  -0.0041963   0.00306063  -0.00304219
  -0.0027129  -0.00304219    0.0297008
  0.00989893  -0.00420883  -0.00197055
 -0.00420883   0.00282029  -0.00194576
 -0.00197055  -0.00194576    0.0294175
   0.0146981  -0.00668367   -0.0053974
 -0.00668367   0.00394509  -0.00153396
  -0.0053974  -0.00153396    0.0232092
   0.0120491  -0.00516155  -0.00340211
 -0.00516155   0.00307216  -0.00178007
 -0.00340211  -0.00178007     0.026826
   0.0150063  -0.00658574  -0.00484925
 -0.00658574   0.00357862 -0.000839466
 -0.00484925 -0.000839466    0.0229664
  0.00822898  -0.00364913  -0.00174921
 -0.00364913   0.00282041  -0.00215757
 -0.00174921  -0.00215757    0.0304647
   0.0086713  -0.00369627 -0.000954813
 -0.00369627   0.00272601 -0.000976323
-0.000954813 -0.000976323    0.0301569
   0.0078462  -0.00337252  -0.00254014
 -0.00337252   0.00281388  -0.00301728
 -0.00254014  -0.00301728    0.0306686
  0.00752518  -0.00290811  -0.00333206
 -0.00290811   0.00261429  -0.00353212
 -0.00333206  -0.00353212    0.0307404
  0.00868106  -0.00351838  -0.00412496
 -0.00351838   0.00309291   -0.0042958
 -0.00412496   -0.0042958    0.0298913
  0.00854594  -0.00297128  -0.00472874
 -0.00297128   0.00271869  -0.00439802
 -0.00472874  -0.00439802    0.0297992
   0.0075639  -0.00243478  -0.00398344
 -0.00243478   0.00222511  -0.00365173
 -0.00398344  -0.00365173    0.0305228
   0.0105051   -0.0041648  -0.00573726
  -0.0041648   0.00334029    -0.003689
 -0.00573726    -0.003689    0.0270621
   0.0152308  -0.00636198  -0.00421906
 -0.00636198   0.00318565   8.7098e-05
 -0.00421906   8.7098e-05    0.0226709
   0.0123848  -0.00494972  -0.00268968
 -0.00494972     0.002705 -0.000616147
 -0.00268968 -0.000616147    0.0265042
    0.012609  -0.00464215  -0.00195129
 -0.00464215   0.00234212  0.000706631
 -0.00195129  0.000706631    0.0261471
   0.0153653  -0.00607287  -0.00350629
 -0.00607287   0.00280966   0.00112637
 -0.00350629   0.00112637    0.0224618
     0.01067  -0.00368437 -0.000397433
 -0.00368437   0.00220864  0.000863198
-0.000397433  0.000863198    0.0287204
   0.0125733  -0.00428754  -0.00116653
 -0.00428754   0.00205314   0.00191463
 -0.00116653   0.00191463     0.025815
   0.0108217  -0.00333265  0.000288997
 -0.00333265   0.00194595   0.00224262
 0.000288997   0.00224262    0.0283299
   0.0149119  -0.00560179  -0.00271512
 -0.00560179    0.0024869   0.00216198
 -0.00271512   0.00216198    0.0225206
  0.00984253   -0.0028118   0.00131921
  -0.0028118   0.00218286   0.00320967
  0.00131921   0.00320967    0.0290925
  0.00958453  -0.00317307  0.000646838
 -0.00317307   0.00238321     0.001883
 0.000646838     0.001883    0.0294541
  0.00915101  -0.00350316 -0.000150906
 -0.00350316   0.00257579  0.000413685
-0.000150906  0.000413685    0.0298074
   0.0103236  -0.00401823  -0.00118511
 -0.00401823   0.00252417 -0.000602468
 -0.00118511 -0.000602468    0.0290754
  0.00447058  -0.00858868  -0.00282338
 -0.00858868    0.0260215    0.0151407
 -0.00282338    0.0151407    0.0150974
   0.0050213  -0.00853531  -0.00211778
 -0.00853531    0.0247433    0.0145898
 -0.00211778    0.0145898    0.0158665
  0.00509362   -0.0082509  -0.00275404
  -0.0082509    0.0204161    0.0134618
 -0.00275404    0.0134618    0.0171386
  0.00572754  -0.00823797   -0.0019211
 -0.00823797    0.0194852    0.0128651
  -0.0019211    0.0128651    0.0176771
  0.00569739  -0.00849013  -0.00135498
 -0.00849013    0.0235588    0.0141339
 -0.00135498    0.0141339     0.016593
   0.0058113  -0.00795928  -0.00255814
 -0.00795928    0.0158169     0.011584
 -0.00255814     0.011584    0.0187231
  0.00646062  -0.00822954  -0.00107224
 -0.00822954    0.0187274    0.0124807
