           0            0            0
           0            0            0
           0            0            0
   0.0316047  -0.00389044   0.00831741
 -0.00389044  0.000898861  -0.00248294
  0.00831741  -0.00248294    0.0182535
   0.0275755   -0.0030524    0.0108889
  -0.0030524  0.000557997  -0.00201009
   0.0108889  -0.00201009    0.0222478
    0.023562  -0.00317289    0.0133338
 -0.00317289  0.000594916  -0.00171434
   0.0133338  -0.00171434    0.0245794
   0.0225833  -0.00355774    0.0144406
 -0.00355774  0.000717135   -0.0012732
   0.0144406   -0.0012732    0.0246712
    0.022662  -0.00389812    0.0137181
 -0.00389812  0.000863664  -0.00082976
   0.0137181  -0.00082976    0.0247598
   0.0204441  -0.00371965    0.0121388
 -0.00371965  0.000819074 -0.000990233
   0.0121388 -0.000990233    0.0223595
   0.0212338  -0.00401923    0.0110509
 -0.00401923  0.000936156 -0.000620901
   0.0110509 -0.000620901    0.0234035
    0.022776  -0.00410484    0.0124377
 -0.00410484  0.000955159 -0.000552895
   0.0124377 -0.000552895    0.0248672
   0.0209804  -0.00398575   0.00874556
 -0.00398575  0.000938796  -0.00046899
  0.00874556  -0.00046899    0.0240424
   0.0226427  -0.00413195    0.0102346
 -0.00413195  0.000961656  -0.00044553
   0.0102346  -0.00044553    0.0255455
   0.0208606  -0.00365676   0.00596715
 -0.00365676  0.000841779 -0.000569774
  0.00596715 -0.000569774    0.0249503
   0.0227304  -0.00409976   0.00910913
 -0.00409976  0.000913928 -0.000565366
  0.00910913 -0.000565366    0.0256116
   0.0461036  0.000806771    0.0169161
 0.000806771   0.00103656   0.00299101
   0.0169161   0.00299101    0.0223822
   0.0403147 -0.000487443    0.0193035
-0.000487443   0.00132276   0.00382945
   0.0193035   0.00382945    0.0263674
   0.0391137  0.000250895    0.0188373
 0.000250895   0.00100399   0.00349806
   0.0188373   0.00349806      0.02632
   0.0358975 -0.000474646    0.0209694
-0.000474646   0.00131507   0.00407709
   0.0209694   0.00407709    0.0294634
   0.0361611  -0.00108083    0.0208556
 -0.00108083   0.00163327   0.00428242
   0.0208556   0.00428242    0.0291844
   0.0330487 -0.000350314    0.0195051
-0.000350314   0.00100701    0.0034428
   0.0195051    0.0034428    0.0288872
   0.0333331  -0.00105133      0.02121
 -0.00105133    0.0015321   0.00415052
     0.02121   0.00415052    0.0305563
   0.0311306 -0.000964778    0.0201417
-0.000964778   0.00125668   0.00365051
   0.0201417   0.00365051    0.0301703
   0.0307305   -0.0015411    0.0198719
  -0.0015411   0.00135882   0.00343977
   0.0198719   0.00343977     0.030214
   0.0330297  -0.00152765    0.0206974
 -0.00152765    0.0017926   0.00424898
   0.0206974   0.00424898    0.0300984
   0.0326487  -0.00165012    0.0206952
 -0.00165012   0.00156415   0.00379271
   0.0206952   0.00379271    0.0305021
   0.0320135  -0.00207139    0.0199474
 -0.00207139   0.00174939   0.00379892
   0.0199474   0.00379892     0.030033
   0.0285585  -0.00126699    0.0187047
 -0.00126699  0.000999294   0.00277382
   0.0187047   0.00277382    0.0295746
   0.0281449  -0.00180518    0.0185137
 -0.00180518   0.00115931   0.00272639
   0.0185137   0.00272639    0.0296608
   0.0266266  -0.00234847    0.0177151
 -0.00234847  0.000990946   0.00176453
   0.0177151   0.00176453    0.0294275
   0.0273446  -0.00185048    0.0180325
 -0.00185048  0.000798749   0.00163849
   0.0180325   0.00163849    0.0294371
   0.0304442 -0.000634625    0.0180241
-0.000634625  0.000742682   0.00244428
   0.0180241   0.00244428    0.0282923
   0.0297237   -0.0012388    0.0176635
  -0.0012388  0.000563648   0.00119682
   0.0176635   0.00119682    0.0283703
   0.0335524  0.000172342    0.0158554
 0.000172342  0.000510843   0.00172552
   0.0158554   0.00172552    0.0251906
   0.0358652  0.000444289    0.0171305
 0.000444289  0.000725279   0.00276763
   0.0171305   0.00276763    0.0256333
   0.0403289   0.00169175    0.0140509
  0.00169175    0.0005822   0.00178916
   0.0140509   0.00178916    0.0213399
   0.0335293  -0.00049974    0.0156972
 -0.00049974  0.000389431  0.000464015
   0.0156972  0.000464015    0.0255119
   0.0385306   0.00121891    0.0131625
  0.00121891  0.000413536   0.00079991
   0.0131625   0.00079991    0.0211069
   0.0400607  0.000118219     0.013395
 0.000118219  0.000358912 -0.000409368
    0.013395 -0.000409368    0.0217292
   0.0437181   0.00158425    0.0157897
  0.00158425  0.000790861   0.00255424
   0.0157897   0.00255424    0.0219984
   0.0311962  -0.00266388     0.018478
 -0.00266388   0.00155447   0.00305096
    0.018478   0.00305096    0.0293525
   0.0321014   -0.0023117    0.0193159
  -0.0023117   0.00143342   0.00309291
   0.0193159   0.00309291    0.0297009
   0.0315706  -0.00280299    0.0178633
 -0.00280299     0.001198   0.00218964
   0.0178633   0.00218964    0.0289532
   0.0303677  -0.00307524    0.0169339
 -0.00307524   0.00126607    0.0021149
   0.0169339    0.0021149    0.0286844
   0.0301368  -0.00263589     0.017343
 -0.00263589   0.00112354   0.00208026
    0.017343   0.00208026    0.0286905
   0.0309779  -0.00312756    0.0163688
 -0.00312756  0.000933329   0.00114159
   0.0163688   0.00114159    0.0282156
   0.0298487  -0.00293505    0.0159739
 -0.00293505  0.000892546   0.00113381
   0.0159739   0.00113381    0.0279811
   0.0295322  -0.00307781    0.0146513
 -0.00307781   0.00068448  8.47406e-05
   0.0146513  8.47406e-05    0.0273129
   0.0294949  -0.00330924     0.015351
 -0.00330924  0.000969606   0.00106357
    0.015351   0.00106357    0.0279741
   0.0303652  -0.00330697    0.0149407
 -0.00330697  0.000718302  1.81441e-05
   0.0149407  1.81441e-05    0.0274981
   0.0285789  -0.00341498    0.0138128
 -0.00341498  0.000742624 -2.06642e-05
   0.0138128 -2.06642e-05    0.0272144
   0.0274654  -0.00296851    0.0148948
 -0.00296851  0.000875147  0.000930925
   0.0148948  0.000930925    0.0275543
   0.0272884  -0.00299863     0.013609
 -0.00299863  0.000678056  3.25857e-05
    0.013609  3.25857e-05    0.0269136
   0.0252881  -0.00319081    0.0126964
 -0.00319081  0.000713609 -0.000167879
   0.0126964 -0.000167879     0.026623
   0.0255536  -0.00326745    0.0140527
 -0.00326745  0.000890073  0.000553544
   0.0140527  0.000553544    0.0272922
   0.0276448  -0.00275333    0.0161991
 -0.00275333   0.00106386   0.00171322
   0.0161991   0.00171322    0.0282332
   0.0258274  -0.00313939    0.0153883
 -0.00313939   0.00103021   0.00114712
   0.0153883   0.00114712    0.0279875
   0.0278475  -0.00236233    0.0174126
 -0.00236233    0.0011731   0.00232368
   0.0174126   0.00232368    0.0289263
   0.0304053  -0.00217105    0.0186568
 -0.00217105   0.00129836   0.00286438
   0.0186568   0.00286438    0.0294272
   0.0261491  -0.00282497    0.0166088
 -0.00282497   0.00107007    0.0015609
   0.0166088    0.0015609    0.0286898
   0.0240219  -0.00423967    0.0120768
 -0.00423967  0.000989064 -0.000363509
   0.0120768 -0.000363509    0.0263818
   0.0240915  -0.00415559    0.0133734
 -0.00415559  0.000993328 -0.000319105
   0.0133734 -0.000319105    0.0263795
   0.0253912  -0.00404347    0.0149567
 -0.00404347   0.00101947 -1.19979e-05
   0.0149567 -1.19979e-05    0.0277299
   0.0238741  -0.00388813    0.0146664
 -0.00388813  0.000897486 -0.000518612
   0.0146664 -0.000518612    0.0260965
   0.0256951  -0.00378959    0.0161272
 -0.00378959  0.000953045  2.34532e-05
   0.0161272  2.34532e-05    0.0283039
   0.0259481  -0.00337386     0.017083
 -0.00337386  0.000793196 -0.000152358
    0.017083 -0.000152358    0.0286703
   0.0241619  -0.00354473    0.0157329
 -0.00354473   0.00074679 -0.000838529
   0.0157329 -0.000838529    0.0264081
   0.0262119   -0.0034364    0.0167665
  -0.0034364   0.00100989  0.000681808
   0.0167665  0.000681808    0.0289811
   0.0266986  -0.00300248    0.0178439
 -0.00300248  0.000881774  0.000689378
   0.0178439  0.000689378    0.0297358
   0.0256103  -0.00367818    0.0154109
 -0.00367818   0.00102364  0.000478398
   0.0154109  0.000478398    0.0281768
   0.0251189  -0.00373971    0.0139386
 -0.00373971  0.000933761  8.04321e-05
   0.0139386  8.04321e-05    0.0273739
   0.0248716  -0.00408202     0.013581
 -0.00408202  0.000970785 -0.000249721
    0.013581 -0.000249721    0.0271968
   0.0245735  -0.00395966    0.0122595
 -0.00395966  0.000856329 -0.000699913
   0.0122595 -0.000699913     0.026449
   0.0246283  -0.00359656    0.0124254
 -0.00359656  0.000783709 -0.000467654
   0.0124254 -0.000467654    0.0266071
   0.0236851  -0.00410487    0.0108757
 -0.00410487  0.000892179 -0.000679561
   0.0108757 -0.000679561    0.0260941
   0.0250434  -0.00310276    0.0154869
 -0.00310276  0.000588589  -0.00128104
   0.0154869  -0.00128104    0.0265719
   0.0287603  -0.00284468    0.0139611
 -0.00284468  0.000504809  -0.00171225
   0.0139611  -0.00171225    0.0251271
    0.029285  -0.00243556    0.0158335
 -0.00243556  0.000462893  -0.00109586
   0.0158335  -0.00109586    0.0268767
   0.0326601  -0.00280372    0.0108372
 -0.00280372  0.000568878  -0.00208362
   0.0108372  -0.00208362    0.0211719
   0.0331219  -0.00230185    0.0125879
 -0.00230185  0.000492819  -0.00166215
   0.0125879  -0.00166215     0.022725
   0.0384832  -0.00264567    0.0102359
 -0.00264567  0.000691685  -0.00223886
   0.0102359  -0.00223886    0.0190194
   0.0362866  -0.00358086   0.00863565
 -0.00358086  0.000868593  -0.00251218
  0.00863565  -0.00251218    0.0180254
   0.0336871  -0.00129057    0.0148277
 -0.00129057  0.000355209 -0.000691778
   0.0148277 -0.000691778    0.0249993
   0.0389593  -0.00119743    0.0121161
 -0.00119743   0.00043489  -0.00137809
   0.0121161  -0.00137809     0.020789
   0.0297023  -0.00188095    0.0172689
 -0.00188095  0.000465749 -3.85473e-05
   0.0172689 -3.85473e-05    0.0282211
   0.0272406  -0.00249015    0.0180014
 -0.00249015  0.000673454  0.000437748
   0.0180014  0.000437748    0.0296245
   0.0265155  -0.00290172    0.0169436
 -0.00290172   0.00060359 -0.000543989
   0.0169436 -0.000543989    0.0283388
   0.0275593  -0.00346329    0.0123009
 -0.00346329   0.00062569  -0.00107433
   0.0123009  -0.00107433    0.0264367
   0.0297046  -0.00341894    0.0135673
 -0.00341894  0.000609595  -0.00112785
   0.0135673  -0.00112785    0.0268042
   0.0289982  -0.00350906    0.0122384
 -0.00350906  0.000636518  -0.00223522
   0.0122384  -0.00223522    0.0261659
   0.0264536  -0.00349361    0.0108089
 -0.00349361   0.00064123  -0.00204556
   0.0108089  -0.00204556    0.0256929
   0.0289154  -0.00316014    0.0122241
 -0.00316014  0.000578522  -0.00218381
   0.0122241  -0.00218381    0.0261644
   0.0281295  -0.00362666    0.0109375
 -0.00362666  0.000786796  -0.00323659
   0.0109375  -0.00323659    0.0255907
   0.0285023  -0.00324584    0.0110986
 -0.00324584  0.000724649  -0.00326122
   0.0110986  -0.00326122    0.0256949
    0.027939  -0.00339394    0.0100531
 -0.00339394  0.000962723  -0.00418768
   0.0100531  -0.00418768    0.0252779
   0.0252755  -0.00352509   0.00936605
 -0.00352509  0.000761528  -0.00289362
  0.00936605  -0.00289362    0.0250007
   0.0271119  -0.00375054   0.00970341
 -0.00375054   0.00101444  -0.00408582
  0.00970341  -0.00408582    0.0250452
   0.0240037  -0.00353354   0.00801001
 -0.00353354  0.000948685  -0.00361969
  0.00801001  -0.00361969    0.0243141
   0.0267333  -0.00265499    0.0100865
 -0.00265499  0.000629896  -0.00308632
   0.0100865  -0.00308632    0.0253755
   0.0265389  -0.00267129   0.00913477
 -0.00267129  0.000841717  -0.00401033
  0.00913477  -0.00401033    0.0250073
   0.0243277  -0.00197204   0.00776647
 -0.00197204  0.000720333  -0.00372973
  0.00776647  -0.00372973    0.0245584
   0.0244783  -0.00221514   0.00881658
 -0.00221514  0.000559903  -0.00287833
  0.00881658  -0.00287833    0.0249716
   0.0268902  -0.00274803    0.0111754
 -0.00274803  0.000519353  -0.00203924
   0.0111754  -0.00203924    0.0258125
   0.0247053   -0.0025768    0.0100266
  -0.0025768  0.000506747  -0.00193802
   0.0100266  -0.00193802    0.0254429
   0.0270613  -0.00290326    0.0123504
 -0.00290326  0.000540137 -0.000971852
   0.0123504 -0.000971852    0.0263222
   0.0291989  -0.00313154    0.0133995
 -0.00313154   0.00056287  -0.00104126
   0.0133995  -0.00104126     0.026705
    0.024975  -0.00294749    0.0113363
 -0.00294749  0.000563049  -0.00100884
   0.0113363  -0.00100884    0.0259953
   0.0226431  -0.00345121   0.00672894
 -0.00345121   0.00117222  -0.00428548
  0.00672894  -0.00428548    0.0235824
   0.0259479  -0.00382376   0.00848946
 -0.00382376   0.00127458  -0.00481052
  0.00848946  -0.00481052    0.0244711
   0.0247301  -0.00369649   0.00728472
 -0.00369649   0.00156996  -0.00548058
  0.00728472  -0.00548058    0.0238285
   0.0212474  -0.00315239   0.00554801
 -0.00315239   0.00146558  -0.00497867
  0.00554801  -0.00497867     0.022778
   0.0264283   -0.0036015   0.00797342
  -0.0036015   0.00152067  -0.00561904
  0.00797342  -0.00561904    0.0244068
   0.0233965  -0.00326173   0.00613476
 -0.00326173   0.00193527  -0.00616764
  0.00613476  -0.00616764    0.0231008
   0.0255207  -0.00337718   0.00690419
 -0.00337718   0.00183928  -0.00623554
  0.00690419  -0.00623554    0.0238872
    0.024406  -0.00278446   0.00586886
 -0.00278446   0.00223712  -0.00686739
  0.00586886  -0.00686739    0.0233089
    0.019761  -0.00255502   0.00452238
 -0.00255502    0.0018746  -0.00576054
  0.00452238  -0.00576054    0.0219037
   0.0218209  -0.00245327   0.00507636
 -0.00245327   0.00243825  -0.00692483
  0.00507636  -0.00692483    0.0223234
   0.0181602  -0.00163645   0.00366546
 -0.00163645   0.00249924  -0.00666571
  0.00366546  -0.00666571    0.0210277
   0.0254079  -0.00284555   0.00636468
 -0.00284555   0.00161211  -0.00594158
  0.00636468  -0.00594158    0.0239985
   0.0248619  -0.00248172   0.00544624
 -0.00248172   0.00190523  -0.00644687
  0.00544624  -0.00644687    0.0236417
   0.0235725   -0.0017324   0.00402347
  -0.0017324   0.00153352  -0.00579943
  0.00402347  -0.00579943    0.0233984
   0.0237321  -0.00191997   0.00490808
 -0.00191997   0.00133716  -0.00543997
  0.00490808  -0.00543997    0.0236137
   0.0258531  -0.00289356   0.00730546
 -0.00289356   0.00134642  -0.00540385
  0.00730546  -0.00540385    0.0243383
   0.0239442  -0.00191918   0.00584021
 -0.00191918    0.0011366  -0.00500455
  0.00584021  -0.00500455    0.0238771
   0.0262066  -0.00279011   0.00822012
 -0.00279011   0.00108933  -0.00477778
  0.00822012  -0.00477778    0.0246718
   0.0272106  -0.00355997   0.00902669
 -0.00355997   0.00123141   -0.0049592
  0.00902669   -0.0049592    0.0248639
   0.0241356  -0.00190109   0.00680052
 -0.00190109  0.000925849  -0.00444403
  0.00680052  -0.00444403    0.0241994
   0.0207872  0.000568479 -0.000995434
 0.000568479  0.000744939  -0.00389877
-0.000995434  -0.00389877    0.0221593
   0.0210755  0.000258773  0.000470666
 0.000258773  0.000741468   -0.0039795
 0.000470666   -0.0039795    0.0223334
   0.0207869  9.02834e-05   0.00121383
 9.02834e-05    0.0008291  -0.00424444
  0.00121383  -0.00424444    0.0225321
   0.0211654  -0.00030431   0.00264284
 -0.00030431  0.000765754   -0.0040606
  0.00264284   -0.0040606    0.0228648
   0.0216178 -0.000323095   0.00203928
-0.000323095  0.000704958  -0.00383422
  0.00203928  -0.00383422    0.0226666
   0.0212416 -0.000525163   0.00335769
-0.000525163   0.00084518  -0.00430094
  0.00335769  -0.00430094    0.0230742
   0.0217489  -0.00095663   0.00412707
 -0.00095663  0.000682043  -0.00369518
  0.00412707  -0.00369518    0.0233269
   0.0216173 -0.000943676    0.0046733
-0.000943676  0.000722092  -0.00388344
   0.0046733  -0.00388344    0.0235098
   0.0222321  -0.00155833   0.00605081
 -0.00155833  0.000618785  -0.00332072
  0.00605081  -0.00332072    0.0240106
   0.0222067  -0.00113281    0.0035593
 -0.00113281   0.00065066  -0.00349071
   0.0035593  -0.00349071     0.023059
   0.0225773  -0.00177851   0.00568131
 -0.00177851  0.000621638  -0.00319111
  0.00568131  -0.00319111    0.0238475
    0.022587  -0.00199358   0.00493548
 -0.00199358  0.000614353  -0.00297527
  0.00493548  -0.00297527     0.023319
   0.0223236   -0.0012397   0.00549425
  -0.0012397  0.000799426  -0.00412517
  0.00549425  -0.00412517    0.0237652
   0.0226591  -0.00158394   0.00665058
 -0.00158394   0.00064298  -0.00348679
  0.00665058  -0.00348679    0.0242036
   0.0221179  -0.00106406   0.00438123
 -0.00106406  0.000962259  -0.00460793
  0.00438123  -0.00460793    0.0233907
   0.0219055 -0.000988599   0.00329365
-0.000988599   0.00110105  -0.00493394
  0.00329365  -0.00493394    0.0231097
   0.0209629 -0.000307005   0.00207982
-0.000307005  0.000938422  -0.00453922
  0.00207982  -0.00453922    0.0227504
   0.0207137 -0.000168222  0.000850516
-0.000168222  0.000994165  -0.00461495
 0.000850516  -0.00461495    0.0225433
   0.0217798 -0.000865669    0.0022891
-0.000865669   0.00121474  -0.00514113
   0.0022891  -0.00514113    0.0229304
   0.0205374  0.000293887 -0.000153235
 0.000293887  0.000852351  -0.00422656
-0.000153235  -0.00422656    0.0223279
   0.0223578  -0.00273541    0.0058969
 -0.00273541  0.000612451  -0.00232653
   0.0058969  -0.00232653    0.0236041
    0.023244  -0.00264089   0.00723002
 -0.00264089  0.000613039  -0.00258734
  0.00723002  -0.00258734    0.0243656
   0.0234325  -0.00333807   0.00865914
 -0.00333807  0.000662436   -0.0019071
  0.00865914   -0.0019071    0.0247523
   0.0221677  -0.00331609   0.00650822
 -0.00331609  0.000670587  -0.00159882
  0.00650822  -0.00159882    0.0244764
   0.0236621  -0.00306652   0.00920988
 -0.00306652  0.000607697  -0.00195932
  0.00920988  -0.00195932    0.0251978
   0.0233832   -0.0038067   0.00987546
  -0.0038067  0.000762801  -0.00124846
  0.00987546  -0.00124846    0.0251801
   0.0241701  -0.00364019    0.0107947
 -0.00364019   0.00071461  -0.00128687
   0.0107947  -0.00128687    0.0258503
   0.0223826  -0.00378933   0.00754239
 -0.00378933  0.000783007 -0.000981354
  0.00754239 -0.000981354    0.0254757
   0.0240905  -0.00325285    0.0108839
 -0.00325285  0.000628096  -0.00114443
   0.0108839  -0.00114443    0.0258852
   0.0235686  -0.00272161   0.00936458
 -0.00272161   0.00053769  -0.00192154
  0.00936458  -0.00192154    0.0252485
   0.0230718  -0.00212079   0.00792343
 -0.00212079  0.000543489  -0.00273685
  0.00792343  -0.00273685    0.0246973
    0.022941   -0.0023181   0.00755734
  -0.0023181  0.000568827  -0.00266036
  0.00755734  -0.00266036     0.024569
    0.021307  -0.00358055   0.00518499
 -0.00358055  0.000773153 -0.000786482
  0.00518499 -0.000786482    0.0254576
   0.0215386  -0.00323894   0.00436701
 -0.00323894  0.000666231   -0.0013116
  0.00436701   -0.0013116    0.0250502
   0.0197533  -0.00286638   0.00188193
 -0.00286638  0.000644745 -0.000978568
  0.00188193 -0.000978568    0.0244409
   0.0213932  -0.00265864   0.00333265
 -0.00265864  0.000587418  -0.00193753
  0.00333265  -0.00193753    0.0242387
   0.0203939  -0.00253502   0.00116775
 -0.00253502  0.000562464   -0.0015544
  0.00116775   -0.0015544    0.0245441
   0.0209554  -0.00197333  0.000784423
 -0.00197333  0.000525997  -0.00222298
 0.000784423  -0.00222298    0.0239378
   0.0216066  -0.00198772   0.00279004
 -0.00198772  0.000562886  -0.00257107
  0.00279004  -0.00257107    0.0232777
   0.0193157  -0.00178682  -0.00145094
 -0.00178682  0.000476187  -0.00163814
 -0.00145094  -0.00163814    0.0239575
   0.0217954  -0.00124645   0.00234788
 -0.00124645  0.000590638  -0.00313593
  0.00234788  -0.00313593     0.022375
   0.0219392 -0.000445736   0.00121946
-0.000445736  0.000631599  -0.00353065
  0.00121946  -0.00353065    0.0222879
   0.0215818 -0.000508262 -0.000441384
-0.000508262  0.000532751  -0.00310872
-0.000441384  -0.00310872    0.0223774
   0.0217519   0.00023587 -0.000225445
  0.00023587   0.00065337  -0.00367221
-0.000225445  -0.00367221    0.0221217
   0.0220541  0.000162236  -0.00136736
 0.000162236  0.000552009  -0.00328265
 -0.00136736  -0.00328265    0.0221108
   0.0222534  0.000623322  -0.00257401
 0.000623322  0.000541004  -0.00314014
 -0.00257401  -0.00314014    0.0218729
   0.0213302  0.000682407  -0.00180582
 0.000682407  0.000642145  -0.00354606
 -0.00180582  -0.00354606    0.0219611
   0.0213461  6.59282e-05  -0.00296387
 6.59282e-05  0.000429835  -0.00275719
 -0.00296387  -0.00275719     0.022064
   0.0223841  0.000519412  -0.00381497
 0.000519412  0.000426034  -0.00264581
 -0.00381497  -0.00264581    0.0219507
   0.0214791  0.000280468  -0.00480216
 0.000280468  0.000316645  -0.00205818
 -0.00480216  -0.00205818    0.0216448
   0.0206865 -7.72834e-05  -0.00417917
-7.72834e-05  0.000331407  -0.00223513
 -0.00417917  -0.00223513    0.0224611
   0.0209681 -0.000501404  -0.00220157
-0.000501404  0.000435038  -0.00267377
 -0.00220157  -0.00267377     0.022912
   0.0198893 -0.000734917  -0.00357516
-0.000734917   0.00037962  -0.00211341
 -0.00357516  -0.00211341    0.0239097
   0.0203505  -0.00125249  -0.00179555
 -0.00125249  0.000450209  -0.00226481
 -0.00179555  -0.00226481    0.0236902
   0.0212999  -0.00123701  8.21231e-05
 -0.00123701  0.000515496  -0.00273033
 8.21231e-05  -0.00273033    0.0232457
   0.0197205 -0.000117372  -0.00522716
-0.000117372  0.000263112  -0.00191844
 -0.00522716  -0.00191844    0.0228591
   0.0202077  6.66175e-05  -0.00547872
 6.66175e-05  0.000244481  -0.00145787
 -0.00547872  -0.00145787    0.0208382
  0.00533231  -0.00490503  -0.00629652
 -0.00490503   0.00481473   0.00518277
 -0.00629652   0.00518277    0.0207614
  0.00554099   -0.0049355  -0.00519833
  -0.0049355   0.00484356   0.00513813
 -0.00519833   0.00513813    0.0215688
  0.00527323  -0.00429451  -0.00467386
 -0.00429451    0.0039687   0.00409861
 -0.00467386   0.00409861    0.0219781
  0.00579464  -0.00426428  -0.00333797
 -0.00426428    0.0040672   0.00464355
 -0.00333797   0.00464355    0.0229495
  0.00600656  -0.00488344  -0.00384103
 -0.00488344   0.00491231   0.00551548
 -0.00384103   0.00551548    0.0223918
  0.00556657  -0.00369587   -0.0028005
 -0.00369587    0.0033117    0.0038565
  -0.0028005    0.0038565    0.0236369
  0.00660913  -0.00404927  -0.00181472
 -0.00404927   0.00422664   0.00568849
 -0.00181472   0.00568849    0.0238301
  0.00642484  -0.00347643  -0.00132347
 -0.00347643   0.00344865   0.00500178
 -0.00132347   0.00500178    0.0246455
  0.00751384  -0.00307331   0.00018184
 -0.00307331   0.00372352   0.00646884
  0.00018184   0.00646884    0.0254333
  0.00677527  -0.00467051  -0.00229111
 -0.00467051   0.00507328   0.00638847
 -0.00229111   0.00638847    0.0231431
  0.00766229  -0.00365217 -0.000239139
 -0.00365217   0.00456693   0.00708643
-0.000239139   0.00708643    0.0244919
   0.0077819  -0.00431704 -0.000693491
 -0.00431704   0.00546832   0.00764127
-0.000693491   0.00764127    0.0236923
  0.00624505  -0.00303169 -0.000910494
 -0.00303169   0.00282533   0.00446239
-0.000910494   0.00446239    0.0255898
   0.0073371  -0.00262253  0.000504051
 -0.00262253   0.00301591   0.00589627
 0.000504051   0.00589627    0.0264822
   0.0071767  -0.00236201  0.000678136
 -0.00236201   0.00247561   0.00535728
 0.000678136   0.00535728    0.0275696
  0.00645305  -0.00297415 -0.000878286
 -0.00297415   0.00251962   0.00417806
-0.000878286   0.00417806    0.0268459
  0.00555545  -0.00339293  -0.00248215
 -0.00339293   0.00280807    0.0033885
 -0.00248215    0.0033885    0.0246349
   0.0059508  -0.00344108  -0.00249107
 -0.00344108   0.00262762   0.00318147
 -0.00249107   0.00318147    0.0258824
  0.00508715  -0.00350484  -0.00384958
 -0.00350484   0.00278338    0.0027251
 -0.00384958    0.0027251    0.0234991
  0.00505888  -0.00376113  -0.00417492
 -0.00376113   0.00324318   0.00324559
 -0.00417492   0.00324559    0.0226027
  0.00477383  -0.00366721  -0.00522893
 -0.00366721   0.00314443   0.00301973
 -0.00522893   0.00301973    0.0214929
  0.00547933  -0.00357429  -0.00380818
 -0.00357429   0.00264477   0.00249143
 -0.00380818   0.00249143    0.0232109
  0.00475904  -0.00340092  -0.00483738
 -0.00340092   0.00268278   0.00243835
 -0.00483738   0.00243835    0.0217133
  0.00506225  -0.00344973  -0.00473929
 -0.00344973    0.0025693    0.0022237
 -0.00473929    0.0022237    0.0215725
  0.00501929  -0.00421809  -0.00574177
 -0.00421809   0.00388592    0.0039842
 -0.00574177    0.0039842    0.0210111
  0.00883702   -0.0038713  0.000759009
  -0.0038713   0.00616358   0.00909507
 0.000759009   0.00909507    0.0239497
  0.00877877  -0.00315156   0.00118226
 -0.00315156   0.00513746   0.00862163
  0.00118226   0.00862163    0.0248669
  0.00968251  -0.00271864   0.00222807
 -0.00271864    0.0059069   0.00998951
  0.00222807   0.00998951    0.0249377
  0.00966979  -0.00346528   0.00184632
 -0.00346528   0.00712812    0.0104837
  0.00184632    0.0104837    0.0238919
  0.00961658  -0.00212294   0.00247266
 -0.00212294   0.00471344   0.00924568
  0.00247266   0.00924568    0.0261223
    0.010138  -0.00247588    0.0027494
 -0.00247588   0.00676518     0.010963
   0.0027494     0.010963    0.0247932
   0.0101304  -0.00191891   0.00289117
 -0.00191891   0.00532387     0.009993
  0.00289117     0.009993    0.0261017
    0.010098   -0.0020448   0.00277663
  -0.0020448   0.00584656    0.0100519
  0.00277663    0.0100519    0.0259934
   0.0100586  -0.00319144   0.00243581
 -0.00319144   0.00821313    0.0115868
  0.00243581    0.0115868    0.0236216
    0.010055   -0.0025151   0.00275863
  -0.0025151   0.00750051     0.011337
  0.00275863     0.011337    0.0245707
  0.00993996  -0.00314016   0.00253363
 -0.00314016   0.00916689    0.0122181
  0.00253363    0.0122181    0.0232745
   0.0100204   -0.0015706   0.00279855
  -0.0015706   0.00406408   0.00878019
  0.00279855   0.00878019    0.0274733
   0.0100478  -0.00175463   0.00254835
 -0.00175463   0.00440314   0.00845666
  0.00254835   0.00845666    0.0274498
  0.00990029  -0.00164689   0.00210148
 -0.00164689   0.00327992    0.0066749
  0.00210148    0.0066749     0.028848
  0.00981011  -0.00143614   0.00250072
 -0.00143614   0.00305888     0.007393
  0.00250072     0.007393    0.0288063
  0.00946317  -0.00173426   0.00252351
 -0.00173426   0.00368013   0.00834893
  0.00252351   0.00834893    0.0273904
  0.00923525  -0.00155457   0.00238787
 -0.00155457   0.00283373   0.00732367
  0.00238787   0.00732367    0.0286401
  0.00849487  -0.00213672   0.00171416
 -0.00213672   0.00331781   0.00731154
  0.00171416   0.00731154    0.0270841
  0.00866517  -0.00255799   0.00152207
 -0.00255799   0.00415989    0.0079946
  0.00152207    0.0079946    0.0259248
   0.0082886  -0.00190286   0.00174939
 -0.00190286   0.00263173   0.00657255
  0.00174939   0.00657255     0.028247
   0.0144377  -0.00447719  -0.00312014
 -0.00447719   0.00209039   0.00348123
 -0.00312014   0.00348123     0.023904
   0.0133035  -0.00381822  -0.00189664
 -0.00381822   0.00192873   0.00433534
 -0.00189664   0.00433534     0.025251
   0.0111803  -0.00265583 -0.000333482
 -0.00265583   0.00170796   0.00447164
-0.000333482   0.00447164    0.0275297
   0.0105199  -0.00259443  9.52238e-05
 -0.00259443   0.00176638   0.00502341
 9.52238e-05   0.00502341      0.02797
    0.013264  -0.00414163  -0.00209975
 -0.00414163   0.00214584   0.00468098
 -0.00209975   0.00468098    0.0249429
  0.00922924  -0.00186954   0.00116163
 -0.00186954    0.0017857   0.00541765
  0.00116163   0.00541765    0.0286827
   0.0102161  -0.00307897 -0.000449482
 -0.00307897   0.00198763   0.00492321
-0.000449482   0.00492321    0.0278415
  0.00849999  -0.00218114  0.000827499
 -0.00218114   0.00188149    0.0052526
 0.000827499    0.0052526       0.0288
  0.00837367  -0.00299073 -0.000360913
 -0.00299073   0.00219409   0.00473154
-0.000360913   0.00473154    0.0289454
   0.0121996   -0.0043538  -0.00237421
  -0.0043538   0.00237271   0.00468576
 -0.00237421   0.00468576    0.0240285
  0.00972563  -0.00384381  -0.00176456
 -0.00384381   0.00237801   0.00445016
 -0.00176456   0.00445016     0.025669
   0.0113749  -0.00492688   -0.0032379
 -0.00492688   0.00282038   0.00446304
  -0.0032379   0.00446304    0.0228753
  0.00804999  -0.00182897   0.00157326
 -0.00182897    0.0021118   0.00581822
  0.00157326   0.00581822    0.0287499
  0.00748881  -0.00249645  0.000405236
 -0.00249645   0.00221788   0.00498946
 0.000405236   0.00498946    0.0285236
  0.00902446  -0.00156975    0.0019418
 -0.00156975   0.00218357   0.00628987
   0.0019418   0.00628987    0.0290158
  0.00969721    -0.001524   0.00182765
   -0.001524   0.00229531   0.00607267
  0.00182765   0.00607267     0.029323
   0.0101264  -0.00196169  0.000791884
 -0.00196169   0.00182337   0.00498864
 0.000791884   0.00498864    0.0285076
   0.0107276  -0.00231751  4.24543e-05
 -0.00231751    0.0019607    0.0038915
 4.24543e-05    0.0038915    0.0287522
  0.00995435  -0.00177472   0.00122848
 -0.00177472   0.00244707   0.00508538
  0.00122848   0.00508538    0.0294898
   0.0121329   -0.0031993  -0.00145685
  -0.0031993   0.00183494   0.00339182
 -0.00145685   0.00339182    0.0266715
   0.0106897  -0.00522172  -0.00374528
 -0.00522172   0.00308109   0.00423658
 -0.00374528   0.00423658    0.0223601
  0.00923312  -0.00447022  -0.00302648
 -0.00447022   0.00278071   0.00394437
 -0.00302648   0.00394437    0.0236639
  0.00900015  -0.00505759   -0.0044485
 -0.00505759   0.00321352   0.00372912
  -0.0044485   0.00372912    0.0232172
   0.0102822  -0.00555363  -0.00456135
 -0.00555363   0.00340534   0.00415626
 -0.00456135   0.00415626    0.0223241
  0.00773428   -0.0043806  -0.00378005
  -0.0043806   0.00291817   0.00334531
 -0.00378005   0.00334531    0.0238956
  0.00802822  -0.00501015  -0.00527761
 -0.00501015   0.00334333   0.00338832
 -0.00527761   0.00338832    0.0224601
  0.00730514    -0.004592  -0.00498342
   -0.004592   0.00311792   0.00288713
 -0.00498342   0.00288713    0.0231404
  0.00660503  -0.00431084  -0.00573897
 -0.00431084   0.00300951     0.002611
 -0.00573897     0.002611    0.0225187
  0.00885225  -0.00541015  -0.00547587
 -0.00541015   0.00352015   0.00371206
 -0.00547587   0.00371206    0.0207856
   0.0071341  -0.00461882  -0.00591884
 -0.00461882   0.00315595    0.0030027
 -0.00591884    0.0030027    0.0211563
  0.00794009  -0.00514104  -0.00607801
 -0.00514104   0.00348042   0.00358509
 -0.00607801   0.00358509    0.0203615
  0.00626887  -0.00395741  -0.00431408
 -0.00395741   0.00276556   0.00265035
 -0.00431408   0.00265035    0.0228703
  0.00551448  -0.00366937  -0.00514663
 -0.00366937   0.00264232   0.00227768
 -0.00514663   0.00227768    0.0216785
  0.00664774   -0.0037838  -0.00297069
  -0.0037838   0.00266824   0.00313561
 -0.00297069   0.00313561    0.0248376
  0.00707039  -0.00321811  -0.00117793
 -0.00321811   0.00243672    0.0040708
 -0.00117793    0.0040708    0.0281638
  0.00798984  -0.00377838  -0.00214565
 -0.00377838   0.00254585   0.00392668
 -0.00214565   0.00392668    0.0259276
  0.00943161  -0.00327107   0.00227543
 -0.00327107   0.00977021    0.0123417
  0.00227543    0.0123417    0.0229734
  0.00955941  -0.00279495   0.00239011
 -0.00279495   0.00791521     0.011105
  0.00239011     0.011105    0.0243924
  0.00887472  -0.00319009   0.00183125
 -0.00319009   0.00790252    0.0104054
  0.00183125    0.0104054    0.0243239
  0.00875359  -0.00350502   0.00182576
 -0.00350502   0.00991876    0.0120469
  0.00182576    0.0120469    0.0227896
  0.00894822  -0.00296792   0.00157935
 -0.00296792   0.00607117   0.00832831
  0.00157935   0.00832831    0.0259231
  0.00819709   -0.0035346    0.0012038
  -0.0035346    0.0075454   0.00947288
   0.0012038   0.00947288    0.0243926
  0.00828139  -0.00341236   0.00083454
 -0.00341236   0.00573111   0.00700393
  0.00083454   0.00700393     0.026071
  0.00772618  -0.00364877   9.6332e-05
 -0.00364877   0.00522788   0.00571806
  9.6332e-05   0.00571806    0.0263473
  0.00807202  -0.00371395   0.00130197
 -0.00371395   0.00967778    0.0115013
  0.00130197    0.0115013    0.0227517
    0.007606  -0.00371661  0.000565355
 -0.00371661   0.00698126   0.00850938
 0.000565355   0.00850938    0.0245763
  0.00747065  -0.00380628  0.000754686
 -0.00380628   0.00917765    0.0108693
 0.000754686    0.0108693    0.0228292
  0.00833508  -0.00332958  0.000210208
 -0.00332958   0.00443123   0.00431592
 0.000210208   0.00431592    0.0277101
  0.00781512  -0.00358468 -0.000608779
 -0.00358468   0.00412245   0.00274056
-0.000608779   0.00274056    0.0280581
  0.00788127  -0.00351374    -0.001438
 -0.00351374   0.00365522 -0.000162514
   -0.001438 -0.000162514    0.0296565
  0.00837017  -0.00325738  -0.00056778
 -0.00325738   0.00368485   0.00159241
 -0.00056778   0.00159241    0.0292542
  0.00898147  -0.00282939   0.00106901
 -0.00282939   0.00462026    0.0059762
  0.00106901    0.0059762     0.027502
  0.00897992  -0.00274066  0.000378956
 -0.00274066    0.0036345   0.00349323
 0.000378956   0.00349323     0.028991
  0.00963374  -0.00222498   0.00190258
 -0.00222498   0.00463083    0.0074479
  0.00190258    0.0074479    0.0274333
  0.00962656  -0.00244488   0.00227596
 -0.00244488   0.00613303     0.009437
  0.00227596     0.009437    0.0259098
  0.00956236   -0.0021286   0.00133055
  -0.0021286    0.0035028   0.00528456
  0.00133055   0.00528456    0.0288765
  0.00694414  -0.00376112  0.000189709
 -0.00376112   0.00851089    0.0103031
 0.000189709    0.0103031    0.0229696
  0.00710581  -0.00369133 -0.000104172
 -0.00369133   0.00632456   0.00768103
-0.000104172   0.00768103    0.0248295
  0.00667363  -0.00350025 -0.000804737
 -0.00350025   0.00564354   0.00710132
-0.000804737   0.00710132    0.0251204
   0.0064924  -0.00359399 -0.000393127
 -0.00359399   0.00779848   0.00987734
-0.000393127   0.00987734     0.023123
  0.00688484  -0.00337413  -0.00145292
 -0.00337413    0.0041087   0.00389164
 -0.00145292   0.00389164     0.027087
  0.00630434  -0.00320596  -0.00153952
 -0.00320596   0.00502802   0.00673926
 -0.00153952   0.00673926     0.025432
  0.00655058  -0.00299541  -0.00227758
 -0.00299541   0.00355494   0.00344673
 -0.00227758   0.00344673     0.027509
  0.00628464  -0.00259886  -0.00303418
 -0.00259886   0.00303455   0.00328199
 -0.00303418   0.00328199    0.0277347
  0.00611396  -0.00334855  -0.00100303
 -0.00334855   0.00713546   0.00957911
 -0.00100303   0.00957911    0.0232721
  0.00600439  -0.00287738  -0.00225335
 -0.00287738    0.0044792   0.00660218
 -0.00225335   0.00660218    0.0254927
  0.00581461  -0.00306607  -0.00162514
 -0.00306607   0.00656883   0.00940473
 -0.00162514   0.00940473    0.0234169
  0.00681539  -0.00275089  -0.00313529
 -0.00275089   0.00286908  4.42119e-05
 -0.00313529  4.42119e-05    0.0293731
  0.00670896   -0.0022878  -0.00387506
  -0.0022878   0.00234612 -6.42611e-05
 -0.00387506 -6.42611e-05     0.029348
  0.00700475  -0.00198638   -0.0046404
 -0.00198638   0.00238863  -0.00317712
  -0.0046404  -0.00317712    0.0310779
  0.00703803  -0.00252785   -0.0039588
 -0.00252785   0.00290588  -0.00306417
  -0.0039588  -0.00306417    0.0309156
  0.00709445  -0.00322254  -0.00227357
 -0.00322254   0.00333631  0.000555593
 -0.00227357  0.000555593    0.0289289
  0.00725997  -0.00306776  -0.00311472
 -0.00306776   0.00331164  -0.00254503
 -0.00311472  -0.00254503    0.0305417
  0.00741464  -0.00353434  -0.00143117
 -0.00353434   0.00375778   0.00144503
 -0.00143117   0.00144503    0.0284836
  0.00726562  -0.00362488 -0.000662478
 -0.00362488   0.00467411   0.00463882
-0.000662478   0.00463882    0.0266973
   0.0075217  -0.00343582  -0.00227444
 -0.00343582   0.00354642  -0.00157934
 -0.00227444  -0.00157934    0.0301093
   0.0129642  -0.00593711  -0.00791131
 -0.00593711   0.00503617  -0.00268958
 -0.00791131  -0.00268958    0.0240799
   0.0134731  -0.00640805  -0.00766553
 -0.00640805   0.00533301  -0.00288783
 -0.00766553  -0.00288783     0.024261
   0.0105743  -0.00446159    -0.006676
 -0.00446159   0.00464094  -0.00495613
   -0.006676  -0.00495613    0.0281727
   0.0109578   -0.0048849   -0.0062289
  -0.0048849   0.00468187  -0.00468561
  -0.0062289  -0.00468561    0.0280837
   0.0139514  -0.00664021  -0.00738336
 -0.00664021   0.00523237  -0.00279104
 -0.00738336  -0.00279104     0.024219
  0.00884029  -0.00370393  -0.00502887
 -0.00370393   0.00419715  -0.00553131
 -0.00502887  -0.00553131    0.0306289
   0.0113271  -0.00504774  -0.00575582
 -0.00504774   0.00437559  -0.00405985
 -0.00575582  -0.00405985    0.0277941
  0.00914267  -0.00400269  -0.00439415
 -0.00400269   0.00404235  -0.00468132
 -0.00439415  -0.00468132    0.0302755
  0.00950612  -0.00401824  -0.00369841
 -0.00401824    0.0036641  -0.00339782
 -0.00369841  -0.00339782    0.0298307
   0.0143091  -0.00663494  -0.00705944
 -0.00663494   0.00482125  -0.00237421
 -0.00705944  -0.00237421    0.0239692
   0.0116669  -0.00497774  -0.00519322
 -0.00497774   0.00384021  -0.00300433
 -0.00519322  -0.00300433    0.0273704
   0.0145753  -0.00643477  -0.00663683
 -0.00643477   0.00420957  -0.00161009
 -0.00663683  -0.00161009     0.023614
  0.00791145    -0.003464  -0.00329026
   -0.003464   0.00366349  -0.00375442
 -0.00329026  -0.00375442    0.0308896
  0.00825435  -0.00353936  -0.00249623
 -0.00353936   0.00352449  -0.00233726
 -0.00249623  -0.00233726    0.0304265
  0.00766034   -0.0030985  -0.00405447
  -0.0030985   0.00362576  -0.00470476
 -0.00405447  -0.00470476    0.0312831
  0.00746444  -0.00251743  -0.00481622
 -0.00251743   0.00332618  -0.00519442
 -0.00481622  -0.00519442    0.0315453
  0.00857898  -0.00315813  -0.00565338
 -0.00315813   0.00399852  -0.00592894
 -0.00565338  -0.00592894    0.0307848
  0.00853508  -0.00250157  -0.00617896
 -0.00250157   0.00344537  -0.00589824
 -0.00617896  -0.00589824    0.0307997
  0.00758402  -0.00193637  -0.00543158
 -0.00193637   0.00278967  -0.00520105
 -0.00543158  -0.00520105    0.0314914
    0.010378   -0.0038652  -0.00707387
  -0.0038652   0.00417521  -0.00483784
 -0.00707387  -0.00483784    0.0280422
   0.0147947  -0.00609047  -0.00605417
 -0.00609047   0.00353642 -0.000521583
 -0.00605417 -0.000521583    0.0232686
   0.0119969  -0.00467728  -0.00449007
 -0.00467728   0.00321943  -0.00159051
 -0.00449007  -0.00159051    0.0269758
   0.0122945   -0.0042498  -0.00363226
  -0.0042498    0.0026004  0.000120613
 -0.00363226  0.000120613    0.0266747
   0.0150304  -0.00566239    -0.005269
 -0.00566239   0.00287861  0.000794406
   -0.005269  0.000794406    0.0231155
   0.0103507  -0.00329658  -0.00193449
 -0.00329658   0.00264162   0.00022845
 -0.00193449   0.00022845    0.0291034
   0.0124443  -0.00374199  -0.00256818
 -0.00374199   0.00212569   0.00184341
 -0.00256818   0.00184341    0.0265388
   0.0106952  -0.00277114 -0.000932552
 -0.00277114    0.0022283   0.00221224
-0.000932552   0.00221224    0.0289263
   0.0148314   -0.0050385   -0.0042124
  -0.0050385   0.00236638   0.00222089
  -0.0042124   0.00222089    0.0233751
   0.0097233  -0.00222337  0.000365281
 -0.00222337   0.00267154   0.00344046
 0.000365281   0.00344046    0.0295644
  0.00924559  -0.00279594 -0.000640866
 -0.00279594   0.00296415   0.00146279
-0.000640866   0.00146279    0.0297099
  0.00871408  -0.00327932  -0.00162597
 -0.00327932    0.0032801  -0.00055255
 -0.00162597  -0.00055255    0.0300046
  0.00992077  -0.00375769  -0.00288209
 -0.00375769   0.00317202  -0.00172034
 -0.00288209  -0.00172034    0.0294072
   0.0041933  -0.00859747  -0.00324742
 -0.00859747    0.0267224    0.0155454
 -0.00324742    0.0155454     0.014777
  0.00486243  -0.00848885  -0.00240846
 -0.00848885    0.0253994    0.0151323
 -0.00240846    0.0151323    0.0157568
  0.00493614   -0.0082215  -0.00311976
  -0.0082215    0.0207832    0.0138782
 -0.00311976    0.0138782    0.0169825
  0.00572443  -0.00814688  -0.00208966
 -0.00814688    0.0198158    0.0134102
 -0.00208966    0.0134102    0.0177774
  0.00569251  -0.00836025  -0.00146872
 -0.00836025    0.0241725    0.0148355
 -0.00146872    0.0148355    0.0167639
  0.00581218  -0.00788603  -0.00279273
 -0.00788603    0.0159026    0.0120197
 -0.00279273    0.0120197    0.0187523
  0.00662557  -0.00808366  -0.00104155
 -0.00808366    0.0190459    0.0131453
