           0            0            0
           0            0            0
           0            0            0
   0.0240083 -0.000735593    0.0041744
-0.000735593  8.49783e-05   -0.0005456
   0.0041744   -0.0005456    0.0154846
   0.0210344 -0.000690903   0.00688764
-0.000690903  7.42552e-05 -0.000390024
  0.00688764 -0.000390024     0.019049
     0.01799   -0.0010818   0.00937708
  -0.0010818  0.000132284 -0.000369195
  0.00937708 -0.000369195    0.0210165
   0.0172183  -0.00151882    0.0105242
 -0.00151882  0.000214576 -0.000350343
   0.0105242 -0.000350343    0.0211248
    0.017315   -0.0019131    0.0100866
  -0.0019131  0.000299881 -0.000391971
   0.0100866 -0.000391971    0.0214263
   0.0153148  -0.00178818   0.00865039
 -0.00178818  0.000271539 -0.000529586
  0.00865039 -0.000529586    0.0192545
   0.0159395  -0.00212641   0.00794996
 -0.00212641  0.000347071 -0.000630192
  0.00794996 -0.000630192     0.020449
   0.0174632  -0.00221347   0.00925534
 -0.00221347  0.000368569  -0.00051285
  0.00925534  -0.00051285    0.0217636
   0.0157367  -0.00226636   0.00636426
 -0.00226636  0.000398021 -0.000840107
  0.00636426 -0.000840107    0.0213222
   0.0173877  -0.00239774   0.00775803
 -0.00239774  0.000419722 -0.000747519
  0.00775803 -0.000747519     0.022664
   0.0156451  -0.00224751   0.00444218
 -0.00224751  0.000430143   -0.0011475
  0.00444218   -0.0011475    0.0224167
   0.0175502  -0.00254144   0.00707099
 -0.00254144  0.000452046 -0.000980655
  0.00707099 -0.000980655    0.0228557
    0.035416  0.000889244    0.0119256
 0.000889244  0.000576912   0.00235326
   0.0119256   0.00235326    0.0192267
     0.03056  4.37965e-05    0.0142592
 4.37965e-05  0.000771922   0.00300932
   0.0142592   0.00300932    0.0228844
   0.0304328  0.000662055    0.0140558
 0.000662055  0.000588304   0.00286543
   0.0140558   0.00286543    0.0227896
   0.0275169  0.000145388    0.0160401
 0.000145388   0.00077676   0.00332724
   0.0160401   0.00332724    0.0256454
   0.0272019 -0.000451978    0.0159699
-0.000451978  0.000974207   0.00337698
   0.0159699   0.00337698    0.0255855
   0.0264776  0.000358491    0.0152935
 0.000358491  0.000589766   0.00296745
   0.0152935   0.00296745    0.0252614
   0.0253733  -0.00035864    0.0165531
 -0.00035864  0.000918668   0.00338927
   0.0165531   0.00338927    0.0268221
   0.0246458  -0.00011651    0.0159684
 -0.00011651  0.000727706   0.00312506
   0.0159684   0.00312506    0.0264997
   0.0241027 -0.000624799    0.0159046
-0.000624799  0.000797116   0.00294571
   0.0159046   0.00294571     0.026687
   0.0248332 -0.000882038    0.0163014
-0.000882038   0.00111029   0.00337212
   0.0163014   0.00337212     0.026674
   0.0247102  -0.00089961    0.0164073
 -0.00089961  0.000974078   0.00311885
   0.0164073   0.00311885     0.026992
   0.0240752  -0.00137279    0.0160598
 -0.00137279   0.00114622   0.00306186
   0.0160598   0.00306186    0.0268346
   0.0235695 -0.000205905    0.0151717
-0.000205905  0.000551142   0.00256977
   0.0151717   0.00256977    0.0261079
   0.0230478 -0.000651327     0.015114
-0.000651327  0.000632784   0.00248991
    0.015114   0.00248991    0.0262771
   0.0223323 -0.000926919    0.0145827
-0.000926919  0.000494403   0.00182117
   0.0145827   0.00182117    0.0260905
   0.0229349 -0.000528211    0.0147136
-0.000528211  0.000404723   0.00182158
   0.0147136   0.00182158    0.0259914
   0.0253453    0.0002139    0.0145098
   0.0002139  0.000421455   0.00233727
   0.0145098   0.00233727     0.024909
   0.0248885 -0.000138281    0.0142144
-0.000138281  0.000288174   0.00155982
   0.0142144   0.00155982    0.0249138
    0.028075  0.000617724    0.0125612
 0.000617724  0.000285911   0.00178703
   0.0125612   0.00178703    0.0221365
   0.0291479  0.000820556    0.0132226
 0.000820556  0.000424398   0.00243352
   0.0132226   0.00243352    0.0223866
    0.033176   0.00140921    0.0105899
  0.00140921  0.000304412   0.00166887
   0.0105899   0.00166887    0.0186227
   0.0278822  0.000248737    0.0122669
 0.000248737  0.000180356   0.00106096
   0.0122669   0.00106096     0.022273
   0.0321428   0.00108602    0.0100742
  0.00108602  0.000194653    0.0010907
   0.0100742    0.0010907    0.0184598
   0.0327777  0.000637944   0.00978158
 0.000637944  0.000116088  0.000482884
  0.00978158  0.000482884    0.0187415
   0.0346508    0.0014062    0.0114177
   0.0014062  0.000431497   0.00212656
   0.0114177   0.00212656    0.0189826
   0.0235109  -0.00191298    0.0152127
 -0.00191298   0.00109556     0.002529
   0.0152127     0.002529    0.0264154
   0.0241921  -0.00151089    0.0155766
 -0.00151089  0.000948161   0.00258494
   0.0155766   0.00258494    0.0265126
    0.023728  -0.00203548    0.0146964
 -0.00203548  0.000865118   0.00189118
   0.0146964   0.00189118    0.0260657
   0.0230007  -0.00234836     0.014301
 -0.00234836  0.000979777   0.00184828
    0.014301   0.00184828     0.026005
   0.0232233  -0.00173775    0.0142593
 -0.00173775  0.000736479   0.00183812
   0.0142593   0.00183812    0.0257253
   0.0232996  -0.00245547    0.0137618
 -0.00245547  0.000754072   0.00108593
   0.0137618   0.00108593    0.0256172
   0.0228327  -0.00217445    0.0133627
 -0.00217445  0.000653006   0.00107727
   0.0133627   0.00107727    0.0252741
   0.0225044  -0.00250359    0.0124686
 -0.00250359   0.00057044  0.000246325
   0.0124686  0.000246325    0.0248478
   0.0225296  -0.00266429    0.0133129
 -0.00266429  0.000832722   0.00107188
   0.0133129   0.00107188    0.0255662
   0.0229489  -0.00275993    0.0128219
 -0.00275993  0.000646725  0.000225708
   0.0128219  0.000225708    0.0251816
   0.0221088  -0.00286965     0.012287
 -0.00286965  0.000694849  0.000255313
    0.012287  0.000255313    0.0251045
   0.0218207   -0.0020155    0.0125935
  -0.0020155   0.00056136  0.000929643
   0.0125935  0.000929643    0.0248094
   0.0214636  -0.00229958    0.0116873
 -0.00229958  0.000498509  0.000189205
   0.0116873  0.000189205    0.0243609
   0.0206167  -0.00226766    0.0110056
 -0.00226766  0.000453944 -2.06277e-06
   0.0110056 -2.06277e-06    0.0239884
   0.0210402  -0.00206005    0.0119785
 -0.00206005  0.000498395  0.000614997
   0.0119785  0.000614997    0.0245007
    0.022214  -0.00162983    0.0134949
 -0.00162983  0.000620262   0.00159091
   0.0134949   0.00159091    0.0252821
   0.0214608  -0.00175218    0.0129249
 -0.00175218   0.00053334   0.00115222
   0.0129249   0.00115222    0.0250251
   0.0226148  -0.00116884    0.0143381
 -0.00116884  0.000649361   0.00212398
   0.0143381   0.00212398    0.0257644
   0.0236426   -0.0012141    0.0151098
  -0.0012141   0.00079098   0.00247597
   0.0151098   0.00247597    0.0261885
   0.0218713  -0.00136846    0.0137917
 -0.00136846  0.000533919    0.0015657
   0.0137917    0.0015657    0.0255495
   0.0189763  -0.00250729   0.00949574
 -0.00250729   0.00044058 -0.000539665
  0.00949574 -0.000539665    0.0233965
   0.0189332  -0.00228983    0.0103108
 -0.00228983  0.000403385 -0.000304885
   0.0103108 -0.000304885    0.0232294
    0.020587  -0.00224246    0.0119837
 -0.00224246  0.000439362  8.23343e-05
   0.0119837  8.23343e-05    0.0245139
   0.0186675  -0.00196994    0.0111358
 -0.00196994  0.000337841 -0.000172128
   0.0111358 -0.000172128    0.0227403
   0.0207409  -0.00191872     0.012736
 -0.00191872  0.000387271  0.000305254
    0.012736  0.000305254    0.0248824
   0.0208299   -0.0015081     0.013331
  -0.0015081  0.000306511  0.000418227
    0.013331  0.000418227    0.0250209
   0.0188343  -0.00158711    0.0118439
 -0.00158711  0.000254971  -8.7435e-05
   0.0118439  -8.7435e-05    0.0227939
   0.0217496  -0.00172714    0.0136824
 -0.00172714  0.000456035  0.000870136
   0.0136824  0.000870136    0.0256515
   0.0220857  -0.00131417    0.0144126
 -0.00131417  0.000392821   0.00104031
   0.0144126   0.00104031    0.0261864
   0.0212729  -0.00204756    0.0127502
 -0.00204756  0.000481277  0.000572547
   0.0127502  0.000572547     0.025056
   0.0208133  -0.00228347    0.0117256
 -0.00228347  0.000472301  0.000164344
   0.0117256  0.000164344    0.0244403
   0.0202331  -0.00245171    0.0110867
 -0.00245171  0.000455726 -0.000243605
   0.0110867 -0.000243605    0.0241568
   0.0199956  -0.00258523    0.0102105
 -0.00258523  0.000457523 -0.000654924
   0.0102105 -0.000654924    0.0235539
   0.0203212  -0.00241586    0.0106575
 -0.00241586  0.000445325 -0.000322668
   0.0106575 -0.000322668    0.0238357
   0.0187926  -0.00260806   0.00876636
 -0.00260806  0.000455152 -0.000873437
  0.00876636 -0.000873437    0.0232295
   0.0195061  -0.00115369    0.0114447
 -0.00115369  0.000166475 -0.000115924
   0.0114447 -0.000115924    0.0228117
   0.0223116 -0.000741984   0.00974627
-0.000741984  9.30873e-05 -0.000199481
  0.00974627 -0.000199481    0.0214902
   0.0232399 -0.000672766    0.0117358
-0.000672766  0.000125185  0.000157718
   0.0117358  0.000157718    0.0231254
   0.0252267 -0.000472802   0.00667876
-0.000472802  6.37013e-05 -0.000367792
  0.00667876 -0.000367792    0.0180349
   0.0260228 -0.000379782   0.00850371
-0.000379782  7.53284e-05 -0.000135236
  0.00850371 -0.000135236    0.0194241
   0.0299061 -0.000239254   0.00589372
-0.000239254  6.82833e-05 -0.000390174
  0.00589372 -0.000390174    0.0160027
   0.0278295 -0.000544666   0.00429485
-0.000544666  7.73439e-05 -0.000534507
  0.00429485 -0.000534507    0.0152259
   0.0272946 -8.60636e-05    0.0110251
-8.60636e-05  0.000107675  0.000400002
   0.0110251  0.000400002    0.0215987
   0.0310943  0.000153468   0.00813934
 0.000153468    7.165e-05 -8.56641e-06
  0.00813934 -8.56641e-06    0.0177343
   0.0243517 -0.000485636    0.0135003
-0.000485636  0.000188342   0.00079067
   0.0135003   0.00079067    0.0245567
   0.0224509 -0.000902768    0.0143738
-0.000902768  0.000294613   0.00101345
   0.0143738   0.00101345    0.0259512
   0.0211897  -0.00108671    0.0130067
 -0.00108671  0.000209149  0.000365826
   0.0130067  0.000365826    0.0245601
   0.0216754   -0.0029793       0.0112
  -0.0029793  0.000593744 -0.000572401
      0.0112 -0.000572401    0.0246319
   0.0226797  -0.00296947    0.0118563
 -0.00296947  0.000572572  -0.00066095
   0.0118563  -0.00066095    0.0247598
   0.0224623   -0.0030699    0.0108559
  -0.0030699   0.00056144  -0.00155013
   0.0108559  -0.00155013      0.02436
   0.0211991  -0.00298477    0.0100578
 -0.00298477  0.000561939  -0.00139669
   0.0100578  -0.00139669    0.0241638
   0.0221946  -0.00287248      0.01067
 -0.00287248  0.000514812  -0.00153585
     0.01067  -0.00153585    0.0241128
   0.0221631  -0.00307627   0.00982222
 -0.00307627  0.000622378  -0.00241141
  0.00982222  -0.00241141    0.0239672
   0.0221365  -0.00292403   0.00975964
 -0.00292403  0.000584989  -0.00241606
  0.00975964  -0.00241606    0.0237895
   0.0220145   -0.0028916   0.00887063
  -0.0028916  0.000717773  -0.00322821
  0.00887063  -0.00322821    0.0234736
   0.0206279  -0.00289747   0.00889393
 -0.00289747  0.000596997  -0.00219302
  0.00889393  -0.00219302    0.0236915
   0.0217361  -0.00298493   0.00879814
 -0.00298493  0.000743575  -0.00320638
  0.00879814  -0.00320638    0.0235605
   0.0199282  -0.00273019   0.00774968
 -0.00273019  0.000697265  -0.00294318
  0.00774968  -0.00294318    0.0231868
   0.0209585  -0.00259299   0.00894446
 -0.00259299  0.000519203  -0.00230056
  0.00894446  -0.00230056    0.0232768
   0.0209882  -0.00254905   0.00810532
 -0.00254905  0.000643832  -0.00308037
  0.00810532  -0.00308037    0.0229937
   0.0196104  -0.00217306   0.00708204
 -0.00217306  0.000564505  -0.00288869
  0.00708204  -0.00288869    0.0224131
   0.0196656  -0.00229418   0.00799903
 -0.00229418  0.000460911  -0.00218233
  0.00799903  -0.00218233    0.0227322
   0.0209904  -0.00257221   0.00984561
 -0.00257221  0.000454114   -0.0014612
  0.00984561   -0.0014612    0.0235924
   0.0198699  -0.00237187    0.0089929
 -0.00237187  0.000414613  -0.00143209
   0.0089929  -0.00143209    0.0230932
   0.0211552  -0.00248656    0.0107655
 -0.00248656  0.000452259 -0.000616207
   0.0107655 -0.000616207    0.0239494
   0.0222695  -0.00273715    0.0115709
 -0.00273715  0.000512266 -0.000634667
   0.0115709 -0.000634667    0.0244617
   0.0201924  -0.00237664    0.0100059
 -0.00237664  0.000416264 -0.000691001
   0.0100059 -0.000691001    0.0235123
   0.0190785  -0.00248748    0.0066109
 -0.00248748  0.000858926  -0.00367707
   0.0066109  -0.00367707    0.0226418
   0.0211471   -0.0028045   0.00774414
  -0.0028045  0.000917107  -0.00395627
  0.00774414  -0.00395627     0.023121
    0.020446    -0.002483   0.00663985
   -0.002483   0.00116327  -0.00469132
  0.00663985  -0.00469132    0.0226485
   0.0181413     -0.00212   0.00548168
    -0.00212    0.0011161  -0.00443353
  0.00548168  -0.00443353    0.0220687
   0.0214548  -0.00250454   0.00698606
 -0.00250454   0.00112572  -0.00469569
  0.00698606  -0.00469569    0.0228164
    0.019589  -0.00200301   0.00551027
 -0.00200301   0.00149903  -0.00543851
  0.00551027  -0.00543851    0.0221634
   0.0209805  -0.00208785    0.0059446
 -0.00208785   0.00142175  -0.00539614
   0.0059446  -0.00539614    0.0224766
   0.0202952  -0.00149168   0.00488014
 -0.00149168   0.00180084  -0.00608876
  0.00488014  -0.00608876    0.0221441
   0.0171058  -0.00159322   0.00440698
 -0.00159322   0.00148513  -0.00523432
  0.00440698  -0.00523432     0.021496
   0.0185275  -0.00133791   0.00440263
 -0.00133791   0.00194663   -0.0062053
  0.00440263   -0.0062053    0.0216923
    0.015986 -0.000895081    0.0034166
-0.000895081   0.00200419  -0.00609036
   0.0034166  -0.00609036    0.0209673
   0.0208519  -0.00184508   0.00543079
 -0.00184508   0.00127419  -0.00512161
  0.00543079  -0.00512161    0.0222866
   0.0206202  -0.00131721   0.00446665
 -0.00131721   0.00158185  -0.00573685
  0.00446665  -0.00573685    0.0221105
   0.0198086  -0.00094206   0.00337168
 -0.00094206   0.00134025  -0.00524996
  0.00337168  -0.00524996     0.021703
   0.0197352  -0.00142201   0.00431285
 -0.00142201   0.00109776  -0.00472366
  0.00431285  -0.00472366    0.0217754
   0.0209559  -0.00220629   0.00637478
 -0.00220629   0.00101767  -0.00447655
  0.00637478  -0.00447655    0.0224928
   0.0196702  -0.00177106   0.00525832
 -0.00177106  0.000886469  -0.00415442
  0.00525832  -0.00415442    0.0219176
   0.0209719  -0.00243882   0.00725817
 -0.00243882  0.000808046  -0.00380159
  0.00725817  -0.00380159    0.0227323
   0.0217736  -0.00276793   0.00796189
 -0.00276793  0.000891982  -0.00398027
  0.00796189  -0.00398027    0.0231529
   0.0196093  -0.00201657   0.00618646
 -0.00201657  0.000706053   -0.0035444
  0.00618646   -0.0035444    0.0221396
     0.01788  6.83525e-05 -0.000693534
 6.83525e-05  0.000695638  -0.00367051
-0.000693534  -0.00367051    0.0203055
   0.0177466 -0.000434442  0.000640224
-0.000434442  0.000635833  -0.00349338
 0.000640224  -0.00349338    0.0202885
     0.01773  -0.00051108   0.00137665
 -0.00051108  0.000711462  -0.00373018
  0.00137665  -0.00373018    0.0205422
   0.0177459 -0.000975791   0.00265436
-0.000975791  0.000620753  -0.00340599
  0.00265436  -0.00340599    0.0206958
   0.0178279 -0.000982071   0.00199341
-0.000982071  0.000586513  -0.00324386
  0.00199341  -0.00324386    0.0204254
   0.0179261  -0.00110519   0.00334504
 -0.00110519   0.00068102  -0.00359884
  0.00334504  -0.00359884    0.0209881
   0.0179493  -0.00145856   0.00391182
 -0.00145856  0.000548834  -0.00303892
  0.00391182  -0.00303892    0.0209885
   0.0180349  -0.00148849   0.00451397
 -0.00148849  0.000568758  -0.00314927
  0.00451397  -0.00314927    0.0212745
   0.0183679  -0.00184661   0.00566228
 -0.00184661   0.00049282  -0.00266705
  0.00566228  -0.00266705    0.0216369
   0.0179428  -0.00153337   0.00323868
 -0.00153337  0.000548969  -0.00294408
  0.00323868  -0.00294408    0.0206538
   0.0183649  -0.00192118   0.00514656
 -0.00192118  0.000507761  -0.00264961
  0.00514656  -0.00264961    0.0213602
   0.0179387  -0.00198523   0.00429645
 -0.00198523  0.000523693  -0.00259006
  0.00429645  -0.00259006     0.020812
   0.0184966  -0.00167427   0.00520665
 -0.00167427  0.000622321  -0.00331493
  0.00520665  -0.00331493    0.0216224
   0.0186543  -0.00192214   0.00623245
 -0.00192214  0.000509798  -0.00274218
  0.00623245  -0.00274218    0.0219476
   0.0185017  -0.00137479   0.00416525
 -0.00137479  0.000768503   -0.0038446
  0.00416525   -0.0038446    0.0213699
   0.0185516  -0.00100658   0.00310112
 -0.00100658  0.000936562  -0.00432818
  0.00310112  -0.00432818    0.0212259
    0.017941 -0.000700468   0.00215201
-0.000700468  0.000808725  -0.00399841
  0.00215201  -0.00399841    0.0208248
   0.0180049 -0.000237117  0.000964392
-0.000237117  0.000945361  -0.00433384
 0.000964392  -0.00433384    0.0207825
   0.0186691 -0.000539215    0.0020701
-0.000539215   0.00112069  -0.00475623
   0.0020701  -0.00475623     0.021189
   0.0178388 -4.24105e-05  0.000101648
-4.24105e-05   0.00080805  -0.00398316
 0.000101648  -0.00398316    0.0205207
    0.017534  -0.00227479    0.0049783
 -0.00227479  0.000496475   -0.0021836
   0.0049783   -0.0021836    0.0210599
   0.0186937  -0.00231681   0.00630445
 -0.00231681  0.000485146   -0.0022309
  0.00630445   -0.0022309    0.0217528
   0.0187255  -0.00255633   0.00732863
 -0.00255633  0.000471569  -0.00176134
  0.00732863  -0.00176134    0.0220553
   0.0172035  -0.00242626   0.00535068
 -0.00242626  0.000475802  -0.00175342
  0.00535068  -0.00175342    0.0219016
   0.0192874  -0.00246634   0.00806324
 -0.00246634  0.000437213  -0.00164111
  0.00806324  -0.00164111    0.0225553
   0.0186254  -0.00263476   0.00815338
 -0.00263476  0.000460858  -0.00128857
  0.00815338  -0.00128857    0.0224132
   0.0196637  -0.00260385   0.00919804
 -0.00260385  0.000443396  -0.00113094
  0.00919804  -0.00113094    0.0230755
   0.0173009  -0.00252427   0.00603266
 -0.00252427  0.000462454  -0.00134854
  0.00603266  -0.00134854    0.0228177
   0.0197981  -0.00244418   0.00954654
 -0.00244418  0.000414565 -0.000879711
  0.00954654 -0.000879711    0.0232632
     0.01933   -0.0023484   0.00841686
  -0.0023484  0.000406975  -0.00149562
  0.00841686  -0.00149562    0.0227629
   0.0189329  -0.00216087   0.00728765
 -0.00216087  0.000435651  -0.00213361
  0.00728765  -0.00213361    0.0223278
   0.0188014  -0.00219252   0.00683613
 -0.00219252  0.000447013  -0.00216237
  0.00683613  -0.00216237     0.022063
   0.0160639  -0.00233994   0.00398856
 -0.00233994  0.000455592  -0.00138908
  0.00398856  -0.00138908    0.0229489
   0.0163012   -0.0023036   0.00349378
  -0.0023036  0.000472544  -0.00174333
  0.00349378  -0.00174333    0.0225742
   0.0146047  -0.00197602   0.00138406
 -0.00197602  0.000437797  -0.00158886
  0.00138406  -0.00158886    0.0222093
   0.0162853  -0.00211578   0.00278004
 -0.00211578  0.000487991   -0.0021109
  0.00278004   -0.0021109    0.0218164
   0.0151418   -0.0019512  0.000950877
  -0.0019512  0.000467728  -0.00198229
 0.000950877  -0.00198229    0.0222758
   0.0157579  -0.00178465   0.00072551
 -0.00178465  0.000497047  -0.00234127
  0.00072551  -0.00234127    0.0216482
   0.0166797  -0.00187564   0.00242024
 -0.00187564  0.000507992  -0.00244417
  0.00242024  -0.00244417    0.0208915
   0.0142609  -0.00151908  -0.00114727
 -0.00151908  0.000428075  -0.00200911
 -0.00114727  -0.00200911     0.021878
   0.0171784  -0.00154223   0.00208532
 -0.00154223  0.000530849  -0.00275128
  0.00208532  -0.00275128    0.0200474
   0.0176989  -0.00104868    0.0011538
 -0.00104868   0.00055382  -0.00304394
   0.0011538  -0.00304394     0.020043
    0.016957  -0.00103781 -0.000297057
 -0.00103781  0.000506701  -0.00279553
-0.000297057  -0.00279553    0.0201932
   0.0179819 -0.000480201 -9.08726e-05
-0.000480201   0.00057421  -0.00324942
-9.08726e-05  -0.00324942    0.0200365
   0.0178362 -0.000530527  -0.00116271
-0.000530527  0.000508787  -0.00296234
 -0.00116271  -0.00296234    0.0200165
   0.0185137 -8.04596e-06    -0.002284
-8.04596e-06  0.000510415  -0.00301853
   -0.002284  -0.00301853    0.0199514
   0.0180726  8.73503e-05  -0.00149859
 8.73503e-05  0.000596594   -0.0033545
 -0.00149859   -0.0033545    0.0200762
   0.0168953 -0.000546442  -0.00251477
-0.000546442  0.000430321  -0.00259653
 -0.00251477  -0.00259653    0.0200527
   0.0182735 -8.28132e-05   -0.0034123
-8.28132e-05  0.000416461  -0.00262432
  -0.0034123  -0.00262432    0.0200265
   0.0172402 -0.000216974  -0.00426031
-0.000216974  0.000331073  -0.00217913
 -0.00426031  -0.00217913    0.0197806
   0.0161284 -0.000576491  -0.00352675
-0.000576491  0.000362613   -0.0022719
 -0.00352675   -0.0022719    0.0205004
   0.0161769 -0.000968366  -0.00175542
-0.000968366  0.000449107  -0.00255166
 -0.00175542  -0.00255166    0.0207945
    0.014968 -0.000984071  -0.00285841
-0.000984071  0.000403301  -0.00227293
 -0.00285841  -0.00227293    0.0218662
    0.015252  -0.00136314  -0.00137367
 -0.00136314  0.000457395  -0.00235977
 -0.00137367  -0.00235977    0.0215672
   0.0163225  -0.00145215  0.000182574
 -0.00145215  0.000500069   -0.0025889
 0.000182574   -0.0025889    0.0209936
   0.0152112 -0.000546341  -0.00434109
-0.000546341  0.000314591  -0.00206254
 -0.00434109  -0.00206254    0.0209406
   0.0161195 -0.000298331  -0.00485946
-0.000298331  0.000260936   -0.0017216
 -0.00485946   -0.0017216    0.0190911
  0.00606201  -0.00494525  -0.00409126
 -0.00494525   0.00446463   0.00452673
 -0.00409126   0.00452673    0.0217818
  0.00614851  -0.00511857  -0.00356815
 -0.00511857   0.00462065    0.0041304
 -0.00356815    0.0041304    0.0220827
  0.00593359  -0.00448652  -0.00311655
 -0.00448652   0.00367314   0.00291202
 -0.00311655   0.00291202     0.022277
  0.00618934  -0.00465339  -0.00249875
 -0.00465339   0.00382673   0.00293156
 -0.00249875   0.00293156    0.0226745
  0.00638558  -0.00525189  -0.00291065
 -0.00525189   0.00472475   0.00402994
 -0.00291065   0.00402994     0.022366
  0.00597616  -0.00409409  -0.00205232
 -0.00409409   0.00304682   0.00198696
 -0.00205232   0.00198696    0.0230285
  0.00662896  -0.00473218  -0.00172636
 -0.00473218   0.00388083   0.00332331
 -0.00172636   0.00332331    0.0230848
  0.00642828  -0.00418647  -0.00132472
 -0.00418647   0.00311243   0.00244966
 -0.00132472   0.00244966    0.0235499
  0.00706986  -0.00419625 -0.000466144
 -0.00419625    0.0031529   0.00318061
-0.000466144   0.00318061    0.0240708
  0.00681175  -0.00530787  -0.00209664
 -0.00530787   0.00475889   0.00429894
 -0.00209664   0.00429894    0.0226647
  0.00725691  -0.00472918  -0.00081288
 -0.00472918     0.003938   0.00399643
 -0.00081288   0.00399643    0.0234893
  0.00742063  -0.00530028  -0.00114934
 -0.00530028    0.0048425   0.00486874
 -0.00114934   0.00486874    0.0229592
  0.00623869  -0.00374044 -0.000970117
 -0.00374044   0.00252341   0.00183071
-0.000970117   0.00183071    0.0240577
  0.00687669  -0.00374846 -0.000164642
 -0.00374846   0.00254264    0.0025507
-0.000164642    0.0025507    0.0246802
  0.00671337  -0.00343723  6.44658e-05
 -0.00343723   0.00214104     0.002087
 6.44658e-05     0.002087    0.0252839
  0.00646591  -0.00363442 -0.000891097
 -0.00363442   0.00225914   0.00153527
-0.000891097   0.00153527    0.0247547
   0.0060088  -0.00377251  -0.00178241
 -0.00377251   0.00251452   0.00141709
 -0.00178241   0.00141709    0.0235616
   0.0064656  -0.00377054  -0.00172209
 -0.00377054   0.00231498   0.00116321
 -0.00172209   0.00116321    0.0242096
  0.00591186  -0.00366816  -0.00238473
 -0.00366816   0.00237156   0.00129879
 -0.00238473   0.00129879    0.0230092
  0.00578491  -0.00395102  -0.00269105
 -0.00395102    0.0028911   0.00191707
 -0.00269105   0.00191707    0.0225776
  0.00569263  -0.00372122  -0.00312516
 -0.00372122   0.00264001   0.00209722
 -0.00312516   0.00209722    0.0220461
  0.00642941   -0.0036762  -0.00228896
  -0.0036762   0.00217478   0.00107701
 -0.00228896   0.00107701    0.0221862
  0.00581499  -0.00342746  -0.00276602
 -0.00342746   0.00210941   0.00143869
 -0.00276602   0.00143869    0.0218478
  0.00625785  -0.00342722  -0.00264029
 -0.00342722   0.00193961   0.00119584
 -0.00264029   0.00119584     0.021184
  0.00583667  -0.00427358  -0.00359098
 -0.00427358   0.00345002   0.00318354
 -0.00359098   0.00318354    0.0218564
  0.00814868  -0.00520657 -0.000150651
 -0.00520657   0.00501667   0.00567036
-0.000150651   0.00567036    0.0231988
  0.00802177  -0.00464146  0.000150928
 -0.00464146    0.0040486   0.00486431
 0.000150928   0.00486431    0.0238506
  0.00879022  -0.00448867   0.00103514
 -0.00448867   0.00427091   0.00579013
  0.00103514   0.00579013    0.0241252
    0.008863  -0.00503357  0.000765251
 -0.00503357   0.00533205   0.00658323
 0.000765251   0.00658323    0.0233364
  0.00865344  -0.00399081   0.00127586
 -0.00399081    0.0033379   0.00494639
  0.00127586   0.00494639    0.0249649
   0.0093853  -0.00428254   0.00169097
 -0.00428254   0.00458076   0.00667711
  0.00169097   0.00667711    0.0243193
  0.00930422  -0.00383553   0.00188124
 -0.00383553   0.00354078   0.00572595
  0.00188124   0.00572595    0.0253039
  0.00964756  -0.00370956   0.00217025
 -0.00370956   0.00377918   0.00624324
  0.00217025   0.00624324    0.0255829
  0.00938997  -0.00477813   0.00145722
 -0.00477813   0.00574786   0.00751435
  0.00145722   0.00751435    0.0233894
  0.00966282  -0.00408147   0.00203888
 -0.00408147   0.00491489   0.00735004
  0.00203888   0.00735004    0.0244617
  0.00960324  -0.00451361   0.00184483
 -0.00451361   0.00618751   0.00830057
  0.00184483   0.00830057    0.0233913
   0.0091538  -0.00348145   0.00199008
 -0.00348145   0.00272786   0.00477842
  0.00199008   0.00477842    0.0263004
  0.00954903  -0.00342141   0.00222032
 -0.00342141   0.00288406   0.00508174
  0.00222032   0.00508174    0.0266996
  0.00938679  -0.00323944   0.00219682
 -0.00323944   0.00225803   0.00391744
  0.00219682   0.00391744     0.027765
  0.00895913  -0.00325015   0.00202748
 -0.00325015   0.00215684   0.00384786
  0.00202748   0.00384786    0.0272618
  0.00847258  -0.00359262   0.00144583
 -0.00359262    0.0026151   0.00416454
  0.00144583   0.00416454    0.0258261
  0.00827468  -0.00331836   0.00154577
 -0.00331836    0.0021096   0.00343669
  0.00154577   0.00343669    0.0266635
  0.00766354  -0.00369169  0.000679834
 -0.00369169   0.00255776   0.00338599
 0.000679834   0.00338599    0.0252787
  0.00785146  -0.00412029  0.000444452
 -0.00412029   0.00320841   0.00406298
 0.000444452   0.00406298    0.0245513
  0.00747598  -0.00338521   0.00084979
 -0.00338521   0.00210871   0.00281449
  0.00084979   0.00281449    0.0259892
     0.01372  -0.00581765  -0.00142378
 -0.00581765   0.00269184   0.00226241
 -0.00142378   0.00226241    0.0219345
   0.0122699  -0.00525223 -0.000841584
 -0.00525223   0.00249702   0.00243628
-0.000841584   0.00243628    0.0228138
   0.0104029  -0.00409191  0.000366112
 -0.00409191   0.00191549   0.00227483
 0.000366112   0.00227483    0.0251896
  0.00950322  -0.00397913  0.000275667
 -0.00397913   0.00196312   0.00233486
 0.000275667   0.00233486    0.0250899
   0.0120253  -0.00546715  -0.00128454
 -0.00546715   0.00273252    0.0025992
 -0.00128454    0.0025992     0.022141
  0.00835654  -0.00332458  0.000980119
 -0.00332458   0.00169616   0.00239696
 0.000980119   0.00239696    0.0260601
  0.00923064  -0.00420975 -0.000316187
 -0.00420975   0.00218381    0.0022532
-0.000316187    0.0022532    0.0246241
  0.00769336  -0.00338052  0.000473869
 -0.00338052   0.00179927   0.00215508
 0.000473869   0.00215508    0.0257887
  0.00785727  -0.00384808  -0.00042986
 -0.00384808   0.00212417   0.00188763
 -0.00042986   0.00188763    0.0257093
   0.0109983  -0.00537085  -0.00171128
 -0.00537085   0.00285633   0.00265271
 -0.00171128   0.00265271     0.020992
  0.00906837  -0.00456341  -0.00134503
 -0.00456341   0.00250381   0.00218135
 -0.00134503   0.00218135     0.022437
   0.0105814  -0.00557101  -0.00237258
 -0.00557101   0.00313025   0.00268555
 -0.00237258   0.00268555    0.0197952
  0.00727352  -0.00317873  0.000880041
 -0.00317873    0.0018097   0.00235691
 0.000880041   0.00235691    0.0260976
  0.00703011  -0.00347117 -1.54127e-05
 -0.00347117   0.00200819    0.0018823
-1.54127e-05    0.0018823    0.0257254
   0.0081245  -0.00318211    0.0014006
 -0.00318211   0.00178746   0.00282583
   0.0014006   0.00282583    0.0266813
  0.00890119  -0.00318923   0.00174953
 -0.00318923   0.00180058   0.00306253
  0.00174953   0.00306253    0.0274412
  0.00938509   -0.0034794   0.00113546
  -0.0034794   0.00171651   0.00248305
  0.00113546   0.00248305    0.0263754
   0.0102686  -0.00369344   0.00109021
 -0.00369344   0.00179966   0.00227188
  0.00109021   0.00227188    0.0271104
  0.00944851  -0.00325547   0.00179942
 -0.00325547   0.00187316   0.00296439
  0.00179942   0.00296439    0.0280888
   0.0116425  -0.00451619 -3.98235e-05
 -0.00451619   0.00205385   0.00205091
-3.98235e-05   0.00205091    0.0248359
   0.0102892  -0.00561933  -0.00268137
 -0.00561933   0.00322945   0.00261489
 -0.00268137   0.00261489     0.019222
  0.00914531  -0.00485059  -0.00216206
 -0.00485059   0.00271941   0.00207403
 -0.00216206   0.00207403    0.0206055
  0.00956619  -0.00516036  -0.00295137
 -0.00516036   0.00289678   0.00218703
 -0.00295137   0.00218703    0.0202022
   0.0104256  -0.00575538  -0.00312665
 -0.00575538   0.00331125   0.00268461
 -0.00312665   0.00268461    0.0191946
  0.00844404  -0.00451422   -0.0024459
 -0.00451422   0.00252067   0.00167812
  -0.0024459   0.00167812    0.0213124
  0.00940407  -0.00491135  -0.00316069
 -0.00491135   0.00269122   0.00217207
 -0.00316069   0.00217207      0.01983
  0.00869925   -0.0045241  -0.00293086
  -0.0045241   0.00243834   0.00156863
 -0.00293086   0.00156863    0.0209565
   0.0083282  -0.00414298  -0.00320078
 -0.00414298   0.00214729   0.00152987
 -0.00320078   0.00152987    0.0209986
  0.00992503  -0.00534819  -0.00338339
 -0.00534819   0.00303147   0.00265743
 -0.00338339   0.00265743    0.0180647
  0.00895103  -0.00438302  -0.00329488
 -0.00438302   0.00228816   0.00208552
 -0.00329488   0.00208552    0.0190902
  0.00963933  -0.00493721  -0.00350278
 -0.00493721   0.00274268   0.00279987
 -0.00350278   0.00279987    0.0180295
  0.00739671  -0.00396695  -0.00259187
 -0.00396695   0.00220144   0.00127665
 -0.00259187   0.00127665    0.0212579
  0.00695709  -0.00356552  -0.00282154
 -0.00356552   0.00189706   0.00126726
 -0.00282154   0.00126726    0.0208623
  0.00727465  -0.00400672  -0.00197719
 -0.00400672   0.00230523   0.00128004
 -0.00197719   0.00128004    0.0226762
  0.00710083  -0.00379907  -0.00100278
 -0.00379907    0.0022108   0.00148439
 -0.00100278   0.00148439    0.0254591
  0.00803673  -0.00421613  -0.00160893
 -0.00421613   0.00236281   0.00170609
 -0.00160893   0.00170609    0.0229446
  0.00947589  -0.00429329   0.00193051
 -0.00429329   0.00653322   0.00883886
  0.00193051   0.00883886    0.0233701
  0.00959278  -0.00394416   0.00207177
 -0.00394416    0.0051697   0.00771763
  0.00207177   0.00771763    0.0245729
  0.00924682  -0.00388476   0.00185896
 -0.00388476   0.00527813    0.0077701
  0.00185896    0.0077701    0.0246657
  0.00910107  -0.00415113   0.00177762
 -0.00415113   0.00673402   0.00909978
  0.00177762   0.00909978    0.0233477
   0.0093284  -0.00367332   0.00184998
 -0.00367332    0.0040219   0.00624225
  0.00184998   0.00624225    0.0260025
  0.00875594  -0.00386184     0.001484
 -0.00386184   0.00523737   0.00760365
    0.001484   0.00760365    0.0247657
  0.00886179  -0.00371312   0.00140095
 -0.00371312    0.0039487   0.00584922
  0.00140095   0.00584922    0.0261808
  0.00834824  -0.00370817  0.000867872
 -0.00370817   0.00378286   0.00536808
 0.000867872   0.00536808    0.0263583
  0.00859692   -0.0040511   0.00146786
  -0.0040511   0.00676902   0.00914304
  0.00146786   0.00914304    0.0233527
  0.00822268  -0.00381102   0.00102117
 -0.00381102   0.00507887   0.00732058
  0.00102117   0.00732058    0.0248749
  0.00807055  -0.00394113   0.00106491
 -0.00394113   0.00666695   0.00905845
  0.00106491   0.00905845    0.0233794
  0.00890999  -0.00361656   0.00122598
 -0.00361656   0.00301459   0.00403574
  0.00122598   0.00403574     0.027525
  0.00842308  -0.00364262  0.000627383
 -0.00364262   0.00289016   0.00335608
 0.000627383   0.00335608    0.0277444
  0.00844608  -0.00361571   0.00034847
 -0.00361571   0.00241173   0.00141582
  0.00034847   0.00141582        0.029
  0.00889938  -0.00356881    0.0010043
 -0.00356881   0.00244943   0.00224028
   0.0010043   0.00224028    0.0287602
  0.00934116  -0.00352746   0.00175081
 -0.00352746   0.00307055   0.00463782
  0.00175081   0.00463782    0.0272924
  0.00928677  -0.00344198   0.00159878
 -0.00344198   0.00244579   0.00301934
  0.00159878   0.00301934    0.0284886
   0.0095981  -0.00344001   0.00211718
 -0.00344001    0.0030247   0.00502419
  0.00211718   0.00502419     0.027026
  0.00963248  -0.00365366   0.00213822
 -0.00365366   0.00396236   0.00641083
  0.00213822   0.00641083    0.0258115
  0.00948466  -0.00330907   0.00203538
 -0.00330907    0.0023734   0.00361822
  0.00203538   0.00361822    0.0281674
  0.00756225  -0.00379373  0.000597245
 -0.00379373   0.00644739   0.00895106
 0.000597245   0.00895106    0.0233999
  0.00771231  -0.00368719  0.000489802
 -0.00368719   0.00482797   0.00704126
 0.000489802   0.00704126     0.024968
  0.00723956  -0.00349125 -9.28481e-05
 -0.00349125    0.0045226    0.0068502
-9.28481e-05    0.0068502    0.0250305
  0.00709355  -0.00359992  8.42625e-05
 -0.00359992   0.00616879   0.00888563
 8.42625e-05   0.00888563    0.0233928
   0.0073799  -0.00338865 -0.000365898
 -0.00338865   0.00326307   0.00458632
-0.000365898   0.00458632     0.026613
  0.00681254  -0.00325478 -0.000712778
 -0.00325478   0.00421354   0.00673848
-0.000712778   0.00673848    0.0250753
  0.00695741  -0.00311181   -0.0010441
 -0.00311181   0.00295236   0.00438118
  -0.0010441   0.00438118    0.0266935
  0.00661822  -0.00282503  -0.00166834
 -0.00282503   0.00264451   0.00430506
 -0.00166834   0.00430506    0.0265728
  0.00667302  -0.00338072 -0.000459815
 -0.00338072   0.00587932   0.00885351
-0.000459815   0.00885351     0.023367
  0.00644701  -0.00299846  -0.00132511
 -0.00299846   0.00391535   0.00672098
 -0.00132511   0.00672098    0.0248801
  0.00631304   -0.0031477  -0.00100356
  -0.0031477   0.00560861   0.00886394
 -0.00100356   0.00886394    0.0233387
    0.007096  -0.00299221  -0.00143315
 -0.00299221   0.00219153   0.00198722
 -0.00143315   0.00198722    0.0281285
  0.00690554  -0.00268061   -0.0020612
 -0.00268061   0.00187816   0.00190213
  -0.0020612   0.00190213     0.027755
   0.0070632  -0.00256308  -0.00240234
 -0.00256308   0.00160522 -0.000348182
 -0.00240234 -0.000348182    0.0291474
  0.00720069  -0.00291874   -0.0018085
 -0.00291874   0.00191349 -0.000224775
  -0.0018085 -0.000224775     0.029315
    0.007501  -0.00331414  -0.00071778
 -0.00331414   0.00247444   0.00227902
 -0.00071778   0.00227902    0.0280525
  0.00757903  -0.00327508  -0.00107148
 -0.00327508   0.00216474   0.00012129
 -0.00107148   0.00012129    0.0292881
  0.00794519  -0.00354567 -2.55946e-05
 -0.00354567    0.0027114   0.00273726
-2.55946e-05   0.00273726    0.0279284
  0.00784227  -0.00360284  0.000275994
 -0.00360284   0.00354656   0.00491383
 0.000275994   0.00491383     0.026508
  0.00799377  -0.00352343 -0.000345256
 -0.00352343   0.00232045  0.000674638
-0.000345256  0.000674638    0.0291845
   0.0132487  -0.00571058  -0.00574091
 -0.00571058   0.00319655  -0.00110628
 -0.00574091  -0.00110628    0.0221921
   0.0137602  -0.00610844  -0.00527356
 -0.00610844   0.00337392  -0.00113366
 -0.00527356  -0.00113366    0.0223591
   0.0107643    -0.004578  -0.00412026
   -0.004578   0.00272343  -0.00220589
 -0.00412026  -0.00220589     0.026148
   0.0112129  -0.00489916  -0.00353418
 -0.00489916   0.00277512  -0.00193933
 -0.00353418  -0.00193933    0.0262111
   0.0142328  -0.00637714   -0.0047756
 -0.00637714   0.00340224 -0.000993439
  -0.0047756 -0.000993439    0.0224052
  0.00908545  -0.00391815  -0.00236273
 -0.00391815   0.00237907  -0.00222103
 -0.00236273  -0.00222103    0.0288425
   0.0116253  -0.00507857  -0.00293817
 -0.00507857   0.00271149    -0.001504
 -0.00293817    -0.001504    0.0261548
  0.00949474  -0.00413304  -0.00169126
 -0.00413304   0.00235539  -0.00166015
 -0.00169126  -0.00166015    0.0287734
   0.0099031  -0.00420443  -0.00100905
 -0.00420443   0.00228318 -0.000921821
 -0.00100905 -0.000921821    0.0286105
   0.0145986  -0.00652823  -0.00425876
 -0.00652823   0.00333801 -0.000680531
 -0.00425876 -0.000680531    0.0223252
   0.0119782  -0.00514602  -0.00231439
 -0.00514602    0.0026046  -0.00086587
 -0.00231439  -0.00086587    0.0259845
    0.014885  -0.00657393  -0.00370739
 -0.00657393   0.00322515 -0.000193925
 -0.00370739 -0.000193925    0.0221631
  0.00830432  -0.00362014   -0.0009031
 -0.00362014   0.00220003 -0.000860943
  -0.0009031 -0.000860943    0.0296324
  0.00872835  -0.00370714 -0.000198435
 -0.00370714   0.00220255  -7.5293e-05
-0.000198435  -7.5293e-05    0.0294517
  0.00790224  -0.00338068  -0.00161873
 -0.00338068   0.00213924  -0.00145236
 -0.00161873  -0.00145236    0.0297129
  0.00753998  -0.00300423  -0.00234209
 -0.00300423   0.00195318  -0.00182358
 -0.00234209  -0.00182358    0.0296814
  0.00868828  -0.00355702  -0.00303485
 -0.00355702   0.00226307  -0.00256404
 -0.00303485  -0.00256404    0.0287759
  0.00851861  -0.00311558  -0.00361671
 -0.00311558    0.0019711  -0.00265742
 -0.00361671  -0.00265742    0.0286407
   0.0075417  -0.00263356  -0.00294111
 -0.00263356    0.0016531  -0.00191846
 -0.00294111  -0.00191846    0.0293911
   0.0104912  -0.00415865  -0.00465869
 -0.00415865   0.00248879   -0.0022451
 -0.00465869   -0.0022451    0.0259638
   0.0150799   -0.0065258  -0.00312564
  -0.0065258   0.00308426  0.000446781
 -0.00312564  0.000446781    0.0219337
    0.012267  -0.00508675  -0.00167911
 -0.00508675   0.00246514 -8.31744e-05
 -0.00167911 -8.31744e-05    0.0257483
   0.0124289  -0.00496086  -0.00107662
 -0.00496086   0.00230761  0.000783176
 -0.00107662  0.000783176    0.0254362
   0.0151499  -0.00643465  -0.00252027
 -0.00643465    0.0029474   0.00113082
 -0.00252027   0.00113082     0.021758
   0.0105226  -0.00399938  0.000304535
 -0.00399938   0.00203034  0.000891153
 0.000304535  0.000891153    0.0280698
   0.0123141  -0.00478597 -0.000484198
 -0.00478597   0.00217261   0.00150963
-0.000484198   0.00150963    0.0251033
   0.0105795  -0.00383423  0.000787634
 -0.00383423   0.00189398   0.00172437
 0.000787634   0.00172437    0.0276779
   0.0146026  -0.00613129  -0.00190977
 -0.00613129   0.00277826   0.00177781
 -0.00190977   0.00177781     0.021796
  0.00960023  -0.00334478   0.00159169
 -0.00334478   0.00196873   0.00247812
  0.00159169   0.00247812    0.0285597
  0.00946343  -0.00350441   0.00112105
 -0.00350441   0.00207866   0.00171715
  0.00112105   0.00171715    0.0289178
  0.00913982  -0.00364402  0.000487516
 -0.00364402   0.00215955  0.000815259
 0.000487516  0.000815259     0.029209
   0.0102639  -0.00414912 -0.000325716
 -0.00414912   0.00217391 -4.03191e-05
-0.000325716 -4.03191e-05    0.0283696
  0.00493746  -0.00845303  -0.00209249
 -0.00845303    0.0255781    0.0149247
 -0.00209249    0.0149247    0.0154912
  0.00537911  -0.00844209  -0.00150055
 -0.00844209    0.0243577    0.0142526
 -0.00150055    0.0142526    0.0160263
   0.0054972  -0.00823568  -0.00208454
 -0.00823568     0.020288      0.01323
 -0.00208454      0.01323    0.0172895
  0.00598747  -0.00824855  -0.00141657
 -0.00824855    0.0194007    0.0125507
 -0.00141657    0.0125507    0.0176037
  0.00590529  -0.00842936 -0.000884299
 -0.00842936    0.0232193    0.0136771
-0.000884299    0.0136771    0.0164923
  0.00611212  -0.00803003  -0.00199665
 -0.00803003    0.0159296    0.0113656
 -0.00199665    0.0113656    0.0186766
  0.00654442  -0.00824135 -0.000746527
 -0.00824135    0.0186553     0.012088
