           0            0            0
           0            0            0
           0            0            0
   0.0324439  -0.00611588    0.0093395
 -0.00611588   0.00176596  -0.00335166
   0.0093395  -0.00335166    0.0185978
   0.0285328  -0.00463869    0.0117883
 -0.00463869   0.00105414  -0.00271227
   0.0117883  -0.00271227    0.0226054
   0.0245225  -0.00427475    0.0141078
 -0.00427475  0.000964032  -0.00225814
   0.0141078  -0.00225814    0.0249783
   0.0235746  -0.00444163    0.0151235
 -0.00444163   0.00104659  -0.00161507
   0.0151235  -0.00161507    0.0250778
   0.0236571  -0.00463655    0.0142865
 -0.00463655   0.00118023 -0.000902903
   0.0142865 -0.000902903    0.0251305
   0.0214579  -0.00445534    0.0127298
 -0.00445534   0.00114183  -0.00105357
   0.0127298  -0.00105357    0.0227134
   0.0223286  -0.00467388    0.0114944
 -0.00467388   0.00125369 -0.000453781
   0.0114944 -0.000453781    0.0237322
   0.0238088  -0.00474362    0.0128604
 -0.00474362   0.00125811 -0.000419265
   0.0128604 -0.000419265    0.0252046
   0.0221327     -0.00453    0.0089526
    -0.00453    0.0012154 -0.000138922
   0.0089526 -0.000138922    0.0243612
   0.0237233  -0.00467416    0.0104235
 -0.00467416   0.00122982 -0.000151937
   0.0104235 -0.000151937    0.0258764
   0.0220902  -0.00406562    0.0058819
 -0.00406562   0.00104974 -0.000173742
   0.0058819 -0.000173742    0.0253005
   0.0238357  -0.00455703    0.0091515
 -0.00455703   0.00113187 -0.000212628
   0.0091515 -0.000212628    0.0259491
   0.0474889  0.000453718    0.0172979
 0.000453718   0.00110685   0.00296929
   0.0172979   0.00296929    0.0223789
   0.0419125 -0.000794075    0.0196959
-0.000794075   0.00142056   0.00387924
   0.0196959   0.00387924    0.0263416
   0.0400402 -0.000148828    0.0190851
-0.000148828   0.00109233   0.00344998
   0.0190851   0.00344998    0.0263184
   0.0370387 -0.000825235    0.0212205
-0.000825235   0.00144149   0.00408289
   0.0212205   0.00408289    0.0294357
   0.0378637  -0.00127824    0.0212139
 -0.00127824   0.00175878   0.00441095
   0.0212139   0.00441095    0.0291257
   0.0335301 -0.000811155    0.0196168
-0.000811155   0.00112288   0.00333042
   0.0196168   0.00333042    0.0289059
    0.034614   -0.0013145    0.0214099
  -0.0013145   0.00167806   0.00422429
   0.0214099   0.00422429    0.0304861
   0.0318076  -0.00139238    0.0202397
 -0.00139238   0.00141221   0.00358829
   0.0202397   0.00358829    0.0301613
   0.0315988  -0.00191242    0.0199185
 -0.00191242   0.00152571   0.00343488
   0.0199185   0.00343488      0.03017
   0.0347381  -0.00162365    0.0209571
 -0.00162365   0.00191666   0.00444876
   0.0209571   0.00444876    0.0300084
   0.0340858  -0.00182827    0.0208028
 -0.00182827   0.00169624   0.00392451
   0.0208028   0.00392451    0.0303896
   0.0337855  -0.00208966     0.020076
 -0.00208966   0.00184052   0.00403732
    0.020076   0.00403732    0.0299233
   0.0288252  -0.00180127    0.0187618
 -0.00180127   0.00115482   0.00259899
   0.0187618   0.00259899    0.0296446
   0.0285513  -0.00232469    0.0185334
 -0.00232469   0.00134762   0.00260837
   0.0185334   0.00260837    0.0297126
   0.0268928  -0.00295754    0.0178107
 -0.00295754   0.00119309   0.00157466
   0.0178107   0.00157466    0.0295816
    0.027559  -0.00246739    0.0181822
 -0.00246739  0.000962437   0.00136307
   0.0181822   0.00136307    0.0296083
   0.0305766   -0.0011539    0.0181004
  -0.0011539  0.000850241   0.00222491
   0.0181004   0.00222491    0.0283784
   0.0299168  -0.00185813    0.0178702
 -0.00185813  0.000689601   0.00083867
   0.0178702   0.00083867     0.028564
    0.033606 -0.000298754    0.0159578
-0.000298754  0.000581185   0.00147777
   0.0159578   0.00147777    0.0252886
   0.0361535  7.64561e-06    0.0172369
 7.64561e-06  0.000799386   0.00262694
   0.0172369   0.00262694    0.0256674
   0.0404603   0.00133728    0.0141561
  0.00133728  0.000636274   0.00162909
   0.0141561   0.00162909     0.021388
   0.0337853  -0.00115878    0.0159875
 -0.00115878  0.000498635  3.62228e-05
   0.0159875  3.62228e-05    0.0257255
   0.0386207   0.00074588    0.0133381
  0.00074588  0.000473219  0.000513243
   0.0133381  0.000513243     0.021234
   0.0405134 -0.000839842    0.0138623
-0.000839842  0.000525887 -0.000948954
   0.0138623 -0.000948954    0.0219951
   0.0443717   0.00122113    0.0160057
  0.00122113  0.000856262   0.00246528
   0.0160057   0.00246528    0.0220121
   0.0330065  -0.00260984    0.0184368
 -0.00260984   0.00159027   0.00329001
   0.0184368   0.00329001      0.02923
   0.0336834  -0.00239386    0.0192826
 -0.00239386   0.00152087   0.00326023
   0.0192826   0.00326023    0.0295475
   0.0332679  -0.00276442     0.017669
 -0.00276442   0.00122336   0.00236409
    0.017669   0.00236409    0.0287625
   0.0321562  -0.00294254    0.0167186
 -0.00294254   0.00124309   0.00231844
   0.0167186   0.00231844      0.02855
   0.0313983  -0.00278798    0.0171604
 -0.00278798   0.00121377   0.00216734
   0.0171604   0.00216734    0.0285662
   0.0327138  -0.00296426    0.0160195
 -0.00296426  0.000899248   0.00129028
   0.0160195   0.00129028    0.0279925
   0.0312771  -0.00292534    0.0156515
 -0.00292534  0.000916805   0.00123206
   0.0156515   0.00123206    0.0278242
   0.0310516  -0.00289951    0.0142041
 -0.00289951   0.00065436  0.000163553
   0.0142041  0.000163553    0.0271297
   0.0311759  -0.00310627    0.0149826
 -0.00310627  0.000903887   0.00119973
   0.0149826   0.00119973    0.0278217
   0.0320402  -0.00303608    0.0144679
 -0.00303608  0.000649684  0.000112962
   0.0144679  0.000112962    0.0272478
   0.0300698  -0.00317157    0.0133365
 -0.00317157  0.000663635  3.37401e-05
   0.0133365  3.37401e-05    0.0270383
   0.0284463  -0.00316882    0.0146258
 -0.00316882  0.000966992  0.000959426
   0.0146258  0.000959426     0.027541
   0.0284466  -0.00300223    0.0132177
 -0.00300223  0.000705325  6.56653e-05
   0.0132177  6.56653e-05     0.026886
     0.02612  -0.00339407    0.0124009
 -0.00339407  0.000799263 -0.000162974
   0.0124009 -0.000162974    0.0267579
   0.0262126  -0.00365093     0.013881
 -0.00365093   0.00104228  0.000547609
    0.013881  0.000547609    0.0274247
   0.0284205  -0.00311324     0.016051
 -0.00311324   0.00121804   0.00170978
    0.016051   0.00170978    0.0282379
   0.0263194  -0.00364825     0.015329
 -0.00364825   0.00123409   0.00110221
    0.015329   0.00110221    0.0281209
   0.0284237  -0.00282979    0.0173639
 -0.00282979   0.00136287   0.00226726
   0.0173639   0.00226726    0.0289549
   0.0314675  -0.00245579     0.018604
 -0.00245579   0.00144223   0.00291398
    0.018604   0.00291398    0.0293427
   0.0265058  -0.00340478    0.0166392
 -0.00340478   0.00129057    0.0014513
   0.0166392    0.0014513    0.0288324
   0.0249637   -0.0047833    0.0122602
  -0.0047833   0.00124876 -0.000136433
   0.0122602 -0.000136433    0.0266988
   0.0250152  -0.00477714      0.01371
 -0.00477714   0.00128377 -0.000200747
     0.01371 -0.000200747    0.0267022
   0.0261228   -0.0046522     0.015205
  -0.0046522   0.00128952  2.55591e-05
    0.015205  2.55591e-05    0.0280268
   0.0247762  -0.00457675     0.015156
 -0.00457675   0.00118828 -0.000574523
    0.015156 -0.000574523    0.0264404
   0.0264157  -0.00446407    0.0164951
 -0.00446407   0.00122753 -6.18882e-05
   0.0164951 -6.18882e-05    0.0286159
   0.0266774  -0.00412161    0.0175578
 -0.00412161   0.00105257 -0.000413614
   0.0175578 -0.000413614    0.0290089
   0.0250597  -0.00434702    0.0163343
 -0.00434702   0.00103782  -0.00112793
   0.0163343  -0.00112793    0.0267932
   0.0267062  -0.00407237    0.0169697
 -0.00407237   0.00125629  0.000568511
   0.0169697  0.000568511    0.0292287
   0.0271685  -0.00367824    0.0181313
 -0.00367824   0.00110726  0.000455931
   0.0181313  0.000455931    0.0300002
   0.0261497  -0.00425543    0.0155073
 -0.00425543   0.00126219   0.00045419
   0.0155073   0.00045419    0.0284156
   0.0257447  -0.00422274      0.01391
 -0.00422274   0.00113055  0.000105463
     0.01391  0.000105463    0.0276149
   0.0256287  -0.00460401    0.0136918
 -0.00460401   0.00120266 -0.000139216
   0.0136918 -0.000139216    0.0274947
   0.0253974  -0.00436416    0.0122274
 -0.00436416   0.00102359 -0.000582757
   0.0122274 -0.000582757    0.0267658
    0.025362  -0.00393927    0.0122596
 -0.00393927  0.000917246 -0.000434743
   0.0122596 -0.000434743    0.0268624
   0.0246548  -0.00454928    0.0109089
 -0.00454928   0.00108866 -0.000433075
   0.0109089 -0.000433075    0.0264318
   0.0259515  -0.00406015    0.0161769
 -0.00406015   0.00089039  -0.00179042
   0.0161769  -0.00179042    0.0269773
   0.0297012  -0.00418661    0.0147807
 -0.00418661  0.000890814  -0.00241421
   0.0147807  -0.00241421    0.0255281
    0.030088  -0.00351015    0.0164999
 -0.00351015  0.000739735  -0.00172541
   0.0164999  -0.00172541    0.0272589
   0.0335888  -0.00460006    0.0117617
 -0.00460006   0.00111763  -0.00288914
   0.0117617  -0.00288914    0.0215416
   0.0339486  -0.00379832    0.0133831
 -0.00379832  0.000917329  -0.00241213
   0.0133831  -0.00241213    0.0230919
   0.0393761  -0.00478559    0.0112217
 -0.00478559   0.00137955  -0.00316436
   0.0112217  -0.00316436     0.019422
   0.0371709  -0.00593938   0.00969274
 -0.00593938   0.00173378  -0.00344377
  0.00969274  -0.00344377    0.0183859
   0.0342853  -0.00229705    0.0153762
 -0.00229705  0.000560282  -0.00129527
   0.0153762  -0.00129527    0.0253115
   0.0396832  -0.00265738    0.0128387
 -0.00265738  0.000797523  -0.00210762
   0.0128387  -0.00210762    0.0211332
   0.0301941   -0.0026714    0.0177019
  -0.0026714  0.000641618 -0.000536431
   0.0177019 -0.000536431    0.0285242
   0.0277029  -0.00320156    0.0183577
 -0.00320156  0.000867884  7.18268e-05
   0.0183577  7.18268e-05    0.0299081
   0.0272484  -0.00375034    0.0175015
 -0.00375034  0.000854749 -0.000992013
   0.0175015 -0.000992013    0.0287059
   0.0288002  -0.00323412    0.0117631
 -0.00323412  0.000562263  -0.00109425
   0.0117631  -0.00109425    0.0262411
    0.031212  -0.00309281    0.0130149
 -0.00309281  0.000539022  -0.00110203
   0.0130149  -0.00110203    0.0265384
   0.0302642  -0.00320823    0.0116487
 -0.00320823  0.000591603  -0.00227215
   0.0116487  -0.00227215    0.0259052
   0.0274366  -0.00334662    0.0102486
 -0.00334662  0.000613203  -0.00211113
   0.0102486  -0.00211113    0.0254958
   0.0302951  -0.00277442     0.011632
 -0.00277442  0.000533641  -0.00221137
    0.011632  -0.00221137    0.0259689
   0.0291288  -0.00343547    0.0103428
 -0.00343547  0.000783973  -0.00330894
   0.0103428  -0.00330894    0.0253603
   0.0296648   -0.0028943    0.0104892
  -0.0028943  0.000711438  -0.00333727
   0.0104892  -0.00333727    0.0255233
   0.0288541  -0.00317219   0.00945148
 -0.00317219  0.000988692  -0.00428238
  0.00945148  -0.00428238    0.0251433
    0.026048  -0.00351286   0.00880961
 -0.00351286  0.000778763  -0.00296789
  0.00880961  -0.00296789    0.0248263
   0.0278839  -0.00372912   0.00912444
 -0.00372912   0.00105676  -0.00416153
  0.00912444  -0.00416153      0.02486
   0.0246421  -0.00367554    0.0074752
 -0.00367554   0.00100635  -0.00367289
   0.0074752  -0.00367289    0.0241762
   0.0278999  -0.00222839   0.00948619
 -0.00222839  0.000621474  -0.00317862
  0.00948619  -0.00317862    0.0253551
   0.0275219  -0.00228654   0.00852956
 -0.00228654  0.000863021  -0.00412962
  0.00852956  -0.00412962    0.0250081
   0.0252903  -0.00151141   0.00717531
 -0.00151141  0.000748838  -0.00387526
  0.00717531  -0.00387526    0.0247324
   0.0255309  -0.00181861   0.00824909
 -0.00181861  0.000568026  -0.00298984
  0.00824909  -0.00298984    0.0251349
   0.0281594  -0.00239229    0.0106111
 -0.00239229  0.000494232  -0.00208198
   0.0106111  -0.00208198    0.0257788
   0.0257605  -0.00234405   0.00951676
 -0.00234405  0.000511723  -0.00199842
  0.00951676  -0.00199842    0.0255945
   0.0283222  -0.00270727    0.0118557
 -0.00270727     0.000525 -0.000966127
   0.0118557 -0.000966127    0.0262875
   0.0307027  -0.00281419      0.01286
 -0.00281419  0.000508962  -0.00100948
     0.01286  -0.00100948    0.0265076
   0.0259499  -0.00293313    0.0109208
 -0.00293313  0.000592988  -0.00102412
   0.0109208  -0.00102412    0.0261372
   0.0232324  -0.00371957   0.00623135
 -0.00371957   0.00125332  -0.00430253
  0.00623135  -0.00430253    0.0234726
   0.0265704  -0.00398482   0.00794088
 -0.00398482   0.00134914  -0.00486025
  0.00794088  -0.00486025    0.0243321
   0.0252964  -0.00399951   0.00678669
 -0.00399951   0.00165563  -0.00549413
  0.00678669  -0.00549413    0.0237158
   0.0218359  -0.00348327   0.00511574
 -0.00348327   0.00154975  -0.00496572
  0.00511574  -0.00496572     0.022666
   0.0269784  -0.00377255   0.00742983
 -0.00377255   0.00159037  -0.00565686
  0.00742983  -0.00565686    0.0243441
    0.023957  -0.00362617   0.00572144
 -0.00362617   0.00201479  -0.00615236
  0.00572144  -0.00615236    0.0229835
   0.0260135  -0.00369021   0.00642273
 -0.00369021   0.00190378   -0.0062282
  0.00642273   -0.0062282    0.0238337
   0.0248916   -0.0031461   0.00548589
  -0.0031461   0.00228537  -0.00682999
  0.00548589  -0.00682999    0.0232391
   0.0203503  -0.00287292    0.0041932
 -0.00287292   0.00195233  -0.00573626
   0.0041932  -0.00573626    0.0217517
   0.0223829  -0.00278574   0.00478645
 -0.00278574   0.00250927  -0.00690139
  0.00478645  -0.00690139    0.0221711
   0.0187201  -0.00186873   0.00347266
 -0.00186873   0.00258267  -0.00664953
  0.00347266  -0.00664953    0.0208069
   0.0258397  -0.00301228   0.00584323
 -0.00301228   0.00165129  -0.00594102
  0.00584323  -0.00594102    0.0240473
   0.0252379  -0.00277818   0.00499412
 -0.00277818   0.00192065  -0.00638953
  0.00499412  -0.00638953    0.0236781
   0.0238713  -0.00189339   0.00353248
 -0.00189339   0.00152131  -0.00572833
  0.00353248  -0.00572833    0.0235555
   0.0241501  -0.00189178   0.00437123
 -0.00189178   0.00135832  -0.00545574
  0.00437123  -0.00545574    0.0237897
   0.0264166  -0.00286163   0.00674071
 -0.00286163   0.00139617  -0.00546676
  0.00674071  -0.00546676    0.0243812
   0.0245455  -0.00167931   0.00527173
 -0.00167931   0.00117798  -0.00509971
  0.00527173  -0.00509971    0.0240604
   0.0269686  -0.00255035   0.00762937
 -0.00255035   0.00113316  -0.00488623
  0.00762937  -0.00488623    0.0246963
   0.0279049   -0.0035314   0.00844701
  -0.0035314   0.00128838  -0.00503776
  0.00844701  -0.00503776    0.0247702
   0.0249352  -0.00149903   0.00621385
 -0.00149903  0.000970403  -0.00458676
  0.00621385  -0.00458676     0.024381
   0.0213614  0.000887666  -0.00150879
 0.000887666  0.000778052  -0.00394719
 -0.00150879  -0.00394719    0.0226588
   0.0218302  0.000708498 -7.02695e-05
 0.000708498  0.000802439  -0.00413742
-7.02695e-05  -0.00413742    0.0228769
   0.0214225  0.000504665  0.000671569
 0.000504665  0.000881131  -0.00437468
 0.000671569  -0.00437468    0.0230166
   0.0219524  0.000179536   0.00209151
 0.000179536   0.00083427  -0.00425367
  0.00209151  -0.00425367    0.0233792
   0.0225337  0.000150947   0.00149866
 0.000150947  0.000768806  -0.00402703
  0.00149866  -0.00402703    0.0232371
   0.0219439 -5.90422e-05   0.00279732
-5.90422e-05  0.000906759   -0.0044721
  0.00279732   -0.0044721    0.0235083
   0.0226598 -0.000521103   0.00359568
-0.000521103  0.000740627  -0.00388065
  0.00359568  -0.00388065    0.0238533
   0.0224435 -0.000468118   0.00411633
-0.000468118  0.000783951  -0.00407628
  0.00411633  -0.00407628     0.023958
   0.0231393  -0.00119052   0.00552925
 -0.00119052   0.00066327   -0.0034772
  0.00552925   -0.0034772    0.0244565
   0.0232566 -0.000743587    0.0030497
-0.000743587  0.000695348  -0.00364451
   0.0030497  -0.00364451    0.0236311
   0.0235818  -0.00148814   0.00520725
 -0.00148814    0.0006588  -0.00330842
  0.00520725  -0.00330842    0.0243621
   0.0237269  -0.00176891   0.00449276
 -0.00176891   0.00063925   -0.0030326
  0.00449276   -0.0030326    0.0238612
   0.0231285 -0.000762029   0.00492014
-0.000762029  0.000853816  -0.00430015
  0.00492014  -0.00430015    0.0240977
   0.0235644  -0.00114325   0.00608864
 -0.00114325  0.000682505  -0.00365001
  0.00608864  -0.00365001    0.0245358
   0.0227668 -0.000673486   0.00381693
-0.000673486   0.00101062  -0.00474169
  0.00381693  -0.00474169    0.0237129
   0.0223687 -0.000776978   0.00275367
-0.000776978   0.00112157  -0.00497974
  0.00275367  -0.00497974    0.0234118
   0.0215031  3.37435e-05   0.00153782
 3.37435e-05  0.000973568  -0.00462725
  0.00153782  -0.00462725    0.0231569
   0.0210743 -2.52269e-05  0.000339699
-2.52269e-05  0.000984336  -0.00457778
 0.000339699  -0.00457778    0.0229118
   0.0220715 -0.000864628     0.001783
-0.000864628   0.00119315   -0.0050752
    0.001783   -0.0050752    0.0232029
   0.0209965  0.000542082 -0.000666016
 0.000542082  0.000865223  -0.00423257
-0.000666016  -0.00423257    0.0227689
    0.023523  -0.00271038   0.00554143
 -0.00271038  0.000641307  -0.00225341
  0.00554143  -0.00225341    0.0240903
   0.0242993  -0.00255136   0.00685346
 -0.00255136  0.000644702  -0.00260168
  0.00685346  -0.00260168    0.0248457
   0.0244744  -0.00345725   0.00841396
 -0.00345725  0.000721443  -0.00181085
  0.00841396  -0.00181085    0.0251796
   0.0233499  -0.00348495   0.00624468
 -0.00348495  0.000740342  -0.00138013
  0.00624468  -0.00138013    0.0249019
   0.0246051  -0.00310762    0.0088829
 -0.00310762  0.000656824  -0.00195279
   0.0088829  -0.00195279    0.0255883
   0.0243789  -0.00410094   0.00977174
 -0.00410094  0.000880234  -0.00106288
  0.00977174  -0.00106288    0.0255551
   0.0250643  -0.00388761    0.0106105
 -0.00388761  0.000814022  -0.00120747
   0.0106105  -0.00120747    0.0262019
   0.0235456  -0.00412759   0.00740572
 -0.00412759  0.000923896 -0.000658629
  0.00740572 -0.000658629    0.0258538
   0.0249285  -0.00340066    0.0105783
 -0.00340066  0.000697683  -0.00113847
   0.0105783  -0.00113847    0.0261611
   0.0244814  -0.00264246   0.00893726
 -0.00264246  0.000568587  -0.00197098
  0.00893726  -0.00197098    0.0255489
     0.02401  -0.00182846   0.00740975
 -0.00182846   0.00056869  -0.00285155
  0.00740975  -0.00285155    0.0250192
   0.0238862  -0.00213845   0.00711232
 -0.00213845  0.000601615  -0.00274152
  0.00711232  -0.00274152    0.0249938
   0.0225831  -0.00390948   0.00497455
 -0.00390948  0.000925159 -0.000376394
  0.00497455 -0.000376394    0.0258352
   0.0228654  -0.00343842   0.00403032
 -0.00343842  0.000749466 -0.000990129
  0.00403032 -0.000990129    0.0254761
   0.0211115  -0.00306039   0.00147272
 -0.00306039  0.000753319 -0.000619177
  0.00147272 -0.000619177    0.0248501
   0.0227174  -0.00267745    0.0028779
 -0.00267745  0.000619736   -0.0017527
   0.0028779   -0.0017527    0.0247248
   0.0218234  -0.00259483  0.000633095
 -0.00259483  0.000609634  -0.00129196
 0.000633095  -0.00129196    0.0250169
   0.0223696  -0.00184433  0.000175385
 -0.00184433  0.000537708  -0.00211367
 0.000175385  -0.00211367    0.0244761
   0.0228845  -0.00181744   0.00227518
 -0.00181744  0.000577785  -0.00254042
  0.00227518  -0.00254042    0.0238192
   0.0207481  -0.00172691  -0.00211814
 -0.00172691    0.0005168  -0.00146115
 -0.00211814  -0.00146115    0.0244737
   0.0229726 -0.000903772   0.00182331
-0.000903772  0.000617654  -0.00324004
  0.00182331  -0.00324004    0.0229539
   0.0229998  7.87452e-06  0.000672864
 7.87452e-06  0.000680784  -0.00370181
 0.000672864  -0.00370181    0.0228873
   0.0227912  -8.5706e-05  -0.00106525
 -8.5706e-05  0.000563965  -0.00324125
 -0.00106525  -0.00324125    0.0229972
   0.0226528  0.000702584 -0.000769849
 0.000702584  0.000712021   -0.0038335
-0.000769849   -0.0038335    0.0227064
    0.023102   0.00062764  -0.00195222
  0.00062764  0.000601119  -0.00343501
 -0.00195222  -0.00343501    0.0227327
   0.0231016   0.00102138  -0.00310314
  0.00102138  0.000588905  -0.00321838
 -0.00310314  -0.00321838    0.0224566
    0.022035   0.00104967   -0.0023207
  0.00104967  0.000687137  -0.00361851
  -0.0023207  -0.00361851    0.0225058
   0.0224977   0.00049775  -0.00362448
  0.00049775  0.000463453  -0.00288065
 -0.00362448  -0.00288065    0.0227007
   0.0233511  0.000918005  -0.00439172
 0.000918005  0.000469548    -0.002721
 -0.00439172    -0.002721    0.0225716
   0.0224886  0.000636566  -0.00541802
 0.000636566  0.000349126  -0.00211041
 -0.00541802  -0.00211041    0.0222769
   0.0218798  0.000297902  -0.00489898
 0.000297902  0.000353979  -0.00230462
 -0.00489898  -0.00230462    0.0231051
   0.0222703 -0.000111451  -0.00291871
-0.000111451   0.00045487  -0.00275979
 -0.00291871  -0.00275979    0.0235462
   0.0212882  -0.00045331  -0.00437166
 -0.00045331  0.000400228  -0.00209444
 -0.00437166  -0.00209444    0.0245221
   0.0217823  -0.00100917  -0.00253057
 -0.00100917  0.000463698  -0.00222665
 -0.00253057  -0.00222665    0.0242717
   0.0226418 -0.000935499 -0.000567117
-0.000935499  0.000530592  -0.00276422
-0.000567117  -0.00276422     0.023839
   0.0209272  0.000218961  -0.00600958
 0.000218961  0.000278794   -0.0019677
 -0.00600958   -0.0019677    0.0235175
   0.0211683  0.000360897  -0.00608175
 0.000360897  0.000270758  -0.00147982
 -0.00608175  -0.00147982    0.0214556
  0.00552827  -0.00506577  -0.00643978
 -0.00506577   0.00499184   0.00559566
 -0.00643978   0.00559566    0.0210535
  0.00577984  -0.00503472  -0.00518466
 -0.00503472   0.00501598    0.0057178
 -0.00518466    0.0057178    0.0219573
  0.00549774  -0.00435867  -0.00459009
 -0.00435867   0.00410784   0.00470684
 -0.00459009   0.00470684    0.0224961
  0.00611348  -0.00422112  -0.00307198
 -0.00422112   0.00425731   0.00547903
 -0.00307198   0.00547903    0.0235951
  0.00631929  -0.00488493  -0.00364585
 -0.00488493    0.0051453   0.00630661
 -0.00364585   0.00630661    0.0228932
  0.00588446  -0.00361241  -0.00245779
 -0.00361241   0.00345936   0.00471108
 -0.00245779   0.00471108    0.0244549
  0.00702633   -0.0038585  -0.00138997
  -0.0038585   0.00455687   0.00677003
 -0.00138997   0.00677003    0.0245734
    0.006857  -0.00323884 -0.000829791
 -0.00323884   0.00371273   0.00609762
-0.000829791   0.00609762    0.0255692
   0.0080214  -0.00267715   0.00075123
 -0.00267715    0.0041651   0.00776191
  0.00075123   0.00776191    0.0263909
  0.00716361  -0.00453236  -0.00193718
 -0.00453236    0.0054536   0.00741485
 -0.00193718   0.00741485    0.0237335
  0.00813735  -0.00330281  0.000274472
 -0.00330281   0.00510199   0.00838308
 0.000274472   0.00838308    0.0252686
  0.00820615  -0.00403116 -0.000249547
 -0.00403116     0.006064   0.00888074
-0.000249547   0.00888074    0.0243146
   0.0066807   -0.0027676 -0.000362854
  -0.0027676   0.00302559   0.00553236
-0.000362854   0.00553236    0.0267242
  0.00785199  -0.00220378   0.00110362
 -0.00220378   0.00335198   0.00712762
  0.00110362   0.00712762    0.0276382
  0.00768749  -0.00195466   0.00127098
 -0.00195466   0.00270361   0.00647535
  0.00127098   0.00647535    0.0289409
  0.00690353  -0.00271828 -0.000328135
 -0.00271828   0.00265471   0.00518908
-0.000328135   0.00518908      0.02825
  0.00587245  -0.00329055  -0.00208487
 -0.00329055   0.00292619   0.00424221
 -0.00208487   0.00424221    0.0256775
  0.00628889  -0.00334656  -0.00209382
 -0.00334656   0.00271605   0.00400975
 -0.00209382   0.00400975    0.0272262
  0.00528138  -0.00353047   -0.0036411
 -0.00353047   0.00289043   0.00336053
  -0.0036411   0.00336053    0.0244077
  0.00526342  -0.00379651  -0.00401639
 -0.00379651   0.00335834   0.00387282
 -0.00401639   0.00387282    0.0232836
  0.00490048  -0.00377645  -0.00523222
 -0.00377645   0.00328659    0.0034643
 -0.00523222    0.0034643    0.0220494
  0.00568954  -0.00361508  -0.00363209
 -0.00361508   0.00274752   0.00308535
 -0.00363209   0.00308535    0.0243417
  0.00486531  -0.00350463  -0.00480035
 -0.00350463   0.00282608   0.00288777
 -0.00480035   0.00288777    0.0224512
  0.00517653  -0.00356651  -0.00471925
 -0.00356651   0.00271836   0.00266105
 -0.00471925   0.00266105    0.0225158
  0.00518252  -0.00434868  -0.00581634
 -0.00434868   0.00403926   0.00441387
 -0.00581634   0.00441387     0.021417
  0.00920765  -0.00348199   0.00119178
 -0.00348199   0.00700282    0.0104724
  0.00119178    0.0104724    0.0245328
  0.00921689     -0.00269   0.00167758
    -0.00269   0.00589692    0.0100429
  0.00167758    0.0100429    0.0255971
  0.00997128   -0.0022388   0.00259888
  -0.0022388   0.00684567    0.0114061
  0.00259888    0.0114061    0.0255567
  0.00989004  -0.00305822   0.00217144
 -0.00305822   0.00817996    0.0118901
  0.00217144    0.0118901    0.0243804
  0.00996262  -0.00160141   0.00285058
 -0.00160141   0.00548016    0.0105773
  0.00285058    0.0105773    0.0268746
   0.0101956  -0.00207741   0.00291831
 -0.00207741    0.0078068    0.0122476
  0.00291831    0.0122476    0.0252548
     0.01024  -0.00148406   0.00303444
 -0.00148406   0.00615801    0.0111356
  0.00303444    0.0111356    0.0266611
  0.00994843  -0.00176307   0.00265775
 -0.00176307   0.00667717    0.0109092
  0.00265775    0.0109092    0.0263461
   0.0100666  -0.00285633   0.00258475
 -0.00285633   0.00940895    0.0129077
  0.00258475    0.0129077    0.0239761
  0.00987168  -0.00226321   0.00270053
 -0.00226321   0.00856095    0.0123906
  0.00270053    0.0123906    0.0248608
  0.00973777  -0.00293478   0.00248764
 -0.00293478    0.0104154    0.0133652
  0.00248764    0.0133652     0.023485
   0.0101709  -0.00112877    0.0028584
 -0.00112877   0.00468104   0.00968416
   0.0028584   0.00968416    0.0281199
  0.00994018  -0.00145993    0.0023124
 -0.00145993    0.0050094   0.00902426
   0.0023124   0.00902426    0.0278473
  0.00982581  -0.00134844   0.00170276
 -0.00134844   0.00370384   0.00689881
  0.00170276   0.00689881    0.0292812
  0.00997555  -0.00100659   0.00242745
 -0.00100659   0.00348766   0.00799282
  0.00242745   0.00799282     0.029528
  0.00983891  -0.00120509   0.00285802
 -0.00120509   0.00425796   0.00950531
  0.00285802   0.00950531    0.0282762
  0.00960725  -0.00104721   0.00263097
 -0.00104721   0.00323207    0.0082375
  0.00263097    0.0082375    0.0296498
  0.00899612   -0.0016163   0.00224074
  -0.0016163   0.00379901   0.00858276
  0.00224074   0.00858276    0.0281529
  0.00915131  -0.00205032   0.00205304
 -0.00205032   0.00478942   0.00937949
  0.00205304   0.00937949    0.0268192
  0.00878147  -0.00140231   0.00222963
 -0.00140231   0.00296066   0.00766692
  0.00222963   0.00766692    0.0294878
   0.0143762  -0.00427271  -0.00395613
 -0.00427271   0.00208421   0.00327311
 -0.00395613   0.00327311    0.0246025
   0.0134711  -0.00356229  -0.00244175
 -0.00356229   0.00188169   0.00436418
 -0.00244175   0.00436418     0.026235
    0.011276  -0.00236116 -0.000785132
 -0.00236116   0.00173976   0.00449446
-0.000785132   0.00449446    0.0284643
   0.0108854   -0.0022469 -8.61985e-06
  -0.0022469   0.00176801   0.00538506
-8.61985e-06   0.00538506    0.0292835
   0.0136833  -0.00385835  -0.00242149
 -0.00385835   0.00205963   0.00493901
 -0.00242149   0.00493901    0.0261955
   0.0095448   -0.0014752   0.00117412
  -0.0014752   0.00189201   0.00588254
  0.00117412   0.00588254    0.0298946
   0.0107635  -0.00274927 -0.000353028
 -0.00274927   0.00195438   0.00548087
-0.000353028   0.00548087    0.0294451
  0.00898574  -0.00179377   0.00110831
 -0.00179377    0.0019559   0.00596698
  0.00110831   0.00596698    0.0303363
  0.00895328  -0.00268077  2.32931e-05
 -0.00268077   0.00222238   0.00555254
 2.32931e-05   0.00555254    0.0307388
   0.0128817  -0.00408563   -0.0024877
 -0.00408563   0.00223656   0.00508019
  -0.0024877   0.00508019    0.0254913
   0.0103894  -0.00360785  -0.00161624
 -0.00360785   0.00230923   0.00505288
 -0.00161624   0.00505288    0.0273853
   0.0121617  -0.00474186  -0.00328592
 -0.00474186   0.00266996   0.00489299
 -0.00328592   0.00489299    0.0244423
  0.00851813  -0.00137918   0.00198008
 -0.00137918   0.00230991   0.00671892
  0.00198008   0.00671892    0.0301431
  0.00801559  -0.00212976   0.00092752
 -0.00212976   0.00234426   0.00596927
  0.00092752   0.00596927    0.0301261
  0.00937159  -0.00110902   0.00207812
 -0.00110902   0.00242182   0.00695894
  0.00207812   0.00695894    0.0301336
  0.00985006  -0.00112602   0.00161461
 -0.00112602   0.00255612   0.00638561
  0.00161461   0.00638561    0.0301167
   0.0102384   -0.0016156  0.000446022
  -0.0016156    0.0019471   0.00509713
 0.000446022   0.00509713    0.0293682
   0.0106378   -0.0020393 -0.000660924
  -0.0020393   0.00211801   0.00361011
-0.000660924   0.00361011    0.0292847
  0.00989767  -0.00147582  0.000666614
 -0.00147582   0.00272218   0.00499674
 0.000666614   0.00499674    0.0299678
   0.0120227  -0.00295776   -0.0022468
 -0.00295776   0.00189843   0.00308052
  -0.0022468   0.00308052     0.027282
   0.0114826  -0.00510218  -0.00376984
 -0.00510218    0.0029426    0.0046834
 -0.00376984    0.0046834    0.0240247
  0.00986866  -0.00435799  -0.00293322
 -0.00435799   0.00272939   0.00450573
 -0.00293322   0.00450573    0.0253851
  0.00955448  -0.00507275  -0.00447951
 -0.00507275   0.00321495   0.00422209
 -0.00447951   0.00422209    0.0250236
   0.0110004  -0.00552412  -0.00464052
 -0.00552412   0.00332819   0.00458361
 -0.00464052   0.00458361      0.02406
  0.00817021  -0.00438412  -0.00368678
 -0.00438412   0.00297021     0.003927
 -0.00368678     0.003927     0.025578
  0.00841153  -0.00514459    -0.005417
 -0.00514459   0.00345647   0.00379045
   -0.005417   0.00379045    0.0242121
  0.00760664  -0.00472101  -0.00503822
 -0.00472101   0.00324891   0.00336534
 -0.00503822   0.00336534    0.0247736
  0.00679136  -0.00450306  -0.00588056
 -0.00450306   0.00321119   0.00302258
 -0.00588056   0.00302258    0.0239515
  0.00934698   -0.0055276  -0.00569206
  -0.0055276   0.00357083   0.00401803
 -0.00569206   0.00401803    0.0224555
  0.00738566  -0.00483132  -0.00617093
 -0.00483132    0.0033535   0.00331151
 -0.00617093   0.00331151    0.0227397
  0.00829128  -0.00533006  -0.00637131
 -0.00533006   0.00362334   0.00381324
 -0.00637131   0.00381324    0.0219471
  0.00651656  -0.00403713  -0.00424592
 -0.00403713   0.00288016   0.00318768
 -0.00424592   0.00318768     0.024239
  0.00563425  -0.00382284  -0.00520409
 -0.00382284   0.00282187   0.00269075
 -0.00520409   0.00269075    0.0228108
  0.00701802  -0.00373854  -0.00270679
 -0.00373854    0.0027369   0.00384202
 -0.00270679   0.00384202    0.0263668
  0.00755776  -0.00299624  -0.00069477
 -0.00299624   0.00251089   0.00499204
 -0.00069477   0.00499204    0.0298649
  0.00852583  -0.00362837  -0.00187041
 -0.00362837   0.00255977   0.00465327
 -0.00187041   0.00465327    0.0276893
  0.00908109  -0.00319783   0.00206091
 -0.00319783     0.010974    0.0132742
  0.00206091    0.0132742    0.0230483
  0.00919934  -0.00269517    0.0021345
 -0.00269517   0.00891546    0.0118883
   0.0021345    0.0118883    0.0245222
  0.00843405   -0.0032012    0.0014356
  -0.0032012   0.00877155    0.0109315
   0.0014356    0.0109315     0.024323
  0.00833455  -0.00352883   0.00149129
 -0.00352883    0.0109875    0.0127671
  0.00149129    0.0127671    0.0227525
  0.00850183  -0.00296235   0.00106984
 -0.00296235   0.00674366   0.00857639
  0.00106984   0.00857639    0.0259416
  0.00775948  -0.00359805  0.000728799
 -0.00359805   0.00824405   0.00978808
 0.000728799   0.00978808    0.0243056
  0.00784071  -0.00345544  0.000235211
 -0.00345544   0.00627798   0.00702515
 0.000235211   0.00702515    0.0260052
  0.00734643  -0.00368523 -0.000545181
 -0.00368523   0.00563265   0.00559663
-0.000545181   0.00559663    0.0262638
  0.00764845  -0.00378267  0.000898961
 -0.00378267    0.0105653    0.0120387
 0.000898961    0.0120387     0.022636
  0.00721253  -0.00377969  5.11474e-05
 -0.00377969   0.00749986   0.00867934
 5.11474e-05   0.00867934    0.0244537
  0.00707523  -0.00387536  0.000320008
 -0.00387536   0.00986786    0.0112683
 0.000320008    0.0112683    0.0226704
   0.0079089   -0.0033313 -0.000553478
  -0.0033313   0.00489217   0.00400328
-0.000553478   0.00400328    0.0276648
  0.00745963   -0.0035659  -0.00140788
  -0.0035659   0.00449596   0.00230191
 -0.00140788   0.00230191    0.0280226
  0.00756152  -0.00341636  -0.00239984
 -0.00341636   0.00407391 -0.000896843
 -0.00239984 -0.000896843    0.0296739
  0.00797759  -0.00318998  -0.00151228
 -0.00318998   0.00413684  0.000953234
 -0.00151228  0.000953234    0.0292355
  0.00855346  -0.00279075    0.0003985
 -0.00279075   0.00514513    0.0058865
   0.0003985    0.0058865    0.0275286
  0.00859231  -0.00264973 -0.000478331
 -0.00264973   0.00408262   0.00305255
-0.000478331   0.00305255    0.0290275
   0.0093153  -0.00207791   0.00140955
 -0.00207791   0.00520754   0.00766429
  0.00140955   0.00766429     0.027614
  0.00927693  -0.00232223   0.00192843
 -0.00232223   0.00690788   0.00997607
  0.00192843   0.00997607    0.0260748
  0.00928521  -0.00195372   0.00065644
 -0.00195372   0.00393718   0.00514247
  0.00065644   0.00514247    0.0290684
  0.00658852   -0.0038044 -0.000250516
  -0.0038044   0.00901991    0.0106091
-0.000250516    0.0106091    0.0228043
  0.00676897  -0.00371993 -0.000631957
 -0.00371993   0.00668137   0.00776981
-0.000631957   0.00776981    0.0247243
  0.00638793  -0.00348383  -0.00133446
 -0.00348383   0.00587739   0.00715985
 -0.00133446   0.00715985     0.025077
  0.00617752  -0.00360245 -0.000827575
 -0.00360245   0.00816603    0.0101265
-0.000827575    0.0101265    0.0229798
   0.0066505   -0.0033142  -0.00211282
  -0.0033142   0.00426954   0.00370658
 -0.00211282   0.00370658    0.0271561
  0.00606616  -0.00314707  -0.00206356
 -0.00314707   0.00518511   0.00679503
 -0.00206356   0.00679503    0.0254854
  0.00637287  -0.00288384  -0.00293595
 -0.00288384   0.00364681   0.00329216
 -0.00293595   0.00329216    0.0277184
  0.00614881   -0.0024587  -0.00368149
  -0.0024587   0.00308475   0.00316779
 -0.00368149   0.00316779    0.0280952
  0.00584229  -0.00332734  -0.00142307
 -0.00332734   0.00740667   0.00979338
 -0.00142307   0.00979338    0.0231766
   0.0058103  -0.00279738  -0.00276346
 -0.00279738   0.00459072   0.00666725
 -0.00276346   0.00666725    0.0256537
  0.00559139  -0.00302939  -0.00202703
 -0.00302939   0.00678057   0.00959477
 -0.00202703   0.00959477    0.0233835
  0.00670738  -0.00256379  -0.00392181
 -0.00256379   0.00296495  -0.00033947
 -0.00392181  -0.00033947     0.029715
  0.00664042  -0.00206702  -0.00464207
 -0.00206702   0.00238633 -0.000373474
 -0.00464207 -0.000373474    0.0298526
  0.00699915  -0.00168088  -0.00548342
 -0.00168088    0.0024714  -0.00364979
 -0.00548342  -0.00364979    0.0316647
  0.00699152  -0.00225409  -0.00483848
 -0.00225409   0.00306137   -0.0036433
 -0.00483848   -0.0036433    0.0313427
  0.00691953  -0.00308966  -0.00307004
 -0.00308966    0.0035048  0.000108813
 -0.00307004  0.000108813    0.0291082
  0.00713779  -0.00284623  -0.00402713
 -0.00284623   0.00355666  -0.00322248
 -0.00402713  -0.00322248    0.0308082
  0.00715365  -0.00346268  -0.00223501
 -0.00346268   0.00402421  0.000969791
 -0.00223501  0.000969791    0.0285289
  0.00696232  -0.00361946  -0.00131893
 -0.00361946   0.00494365   0.00445596
 -0.00131893   0.00445596    0.0266625
  0.00730362  -0.00327823  -0.00321757
 -0.00327823   0.00388928  -0.00231654
 -0.00321757  -0.00231654    0.0302298
    0.012725  -0.00574584  -0.00852142
 -0.00574584   0.00530677  -0.00279132
 -0.00852142  -0.00279132    0.0246199
   0.0131867  -0.00623034  -0.00840129
 -0.00623034   0.00571049  -0.00308853
 -0.00840129  -0.00308853    0.0248085
   0.0104275  -0.00415869  -0.00749506
 -0.00415869   0.00499193  -0.00544769
 -0.00749506  -0.00544769    0.0287023
   0.0107471  -0.00460853   -0.0071583
 -0.00460853   0.00514593  -0.00529811
  -0.0071583  -0.00529811    0.0285516
   0.0136219  -0.00646415  -0.00823984
 -0.00646415   0.00568832   -0.0030978
 -0.00823984   -0.0030978    0.0247423
  0.00871699  -0.00338316  -0.00601516
 -0.00338316   0.00463101  -0.00632867
 -0.00601516  -0.00632867    0.0310333
   0.0110545  -0.00479179  -0.00679145
 -0.00479179   0.00490504  -0.00478661
 -0.00679145  -0.00478661     0.028173
  0.00893259  -0.00372743   -0.0054674
 -0.00372743   0.00456662    -0.005585
  -0.0054674    -0.005585    0.0305621
  0.00921375   -0.0037872  -0.00484492
  -0.0037872    0.0041996  -0.00436308
 -0.00484492  -0.00436308    0.0300025
   0.0139416  -0.00644456  -0.00803362
 -0.00644456   0.00530008  -0.00278707
 -0.00803362  -0.00278707     0.024436
   0.0113408  -0.00473644  -0.00632216
 -0.00473644   0.00434546  -0.00381277
 -0.00632216  -0.00381277    0.0276483
   0.0141685  -0.00623494  -0.00771783
 -0.00623494   0.00464503  -0.00211006
 -0.00771783  -0.00211006     0.024009
  0.00772688   -0.0032272  -0.00432873
  -0.0032272   0.00410413  -0.00465327
 -0.00432873  -0.00465327    0.0310938
  0.00797056  -0.00336081  -0.00358167
 -0.00336081   0.00401085  -0.00326659
 -0.00358167  -0.00326659    0.0305165
  0.00757036   -0.0028021  -0.00503377
  -0.0028021   0.00396758  -0.00551553
 -0.00503377  -0.00551553    0.0316232
  0.00745254   -0.0021719  -0.00573303
  -0.0021719   0.00355781  -0.00588535
 -0.00573303  -0.00588535    0.0320233
  0.00853275  -0.00279526  -0.00654858
 -0.00279526   0.00430179  -0.00659559
 -0.00654858  -0.00659559    0.0312902
  0.00854053  -0.00211193  -0.00698088
 -0.00211193   0.00362334  -0.00642867
 -0.00698088  -0.00642867    0.0313871
  0.00761453  -0.00155916  -0.00628382
 -0.00155916   0.00292418  -0.00575979
 -0.00628382  -0.00575979    0.0320925
   0.0102844  -0.00353458  -0.00778014
 -0.00353458   0.00439294  -0.00520778
 -0.00778014  -0.00520778    0.0286042
    0.014358  -0.00590014   -0.0072117
 -0.00590014   0.00387398  -0.00107039
  -0.0072117  -0.00107039    0.0236162
   0.0116369  -0.00444979  -0.00567343
 -0.00444979   0.00363152  -0.00242469
 -0.00567343  -0.00242469    0.0271925
    0.011943  -0.00404027  -0.00479823
 -0.00404027   0.00287348  -0.00065188
 -0.00479823  -0.00065188    0.0269127
   0.0146176  -0.00548956  -0.00643687
 -0.00548956   0.00308512  0.000267815
 -0.00643687  0.000267815    0.0234785
   0.0100216  -0.00309747  -0.00306339
 -0.00309747   0.00298931 -0.000617351
 -0.00306339 -0.000617351    0.0292338
   0.0121681  -0.00353218  -0.00361054
 -0.00353218   0.00227503   0.00124773
 -0.00361054   0.00124773    0.0269027
   0.0104478   -0.0025484  -0.00190878
  -0.0025484   0.00246116    0.0015913
 -0.00190878    0.0015913    0.0292007
    0.014535  -0.00486874  -0.00527309
 -0.00486874   0.00245376   0.00180708
 -0.00527309   0.00180708    0.0238528
  0.00948449  -0.00201903 -0.000477461
 -0.00201903   0.00299026   0.00299107
-0.000477461   0.00299107    0.0297853
  0.00890801  -0.00264501  -0.00165924
 -0.00264501    0.0033598  0.000745671
 -0.00165924  0.000745671      0.02978
  0.00836601  -0.00313427  -0.00271711
 -0.00313427   0.00374818  -0.00142746
 -0.00271711  -0.00142746    0.0300379
  0.00958259  -0.00355031  -0.00405915
 -0.00355031   0.00364293  -0.00267431
 -0.00405915  -0.00267431     0.029512
   0.0041516  -0.00845191  -0.00310129
 -0.00845191    0.0273089    0.0158656
 -0.00310129    0.0158656    0.0148437
  0.00490307  -0.00830865  -0.00219582
 -0.00830865    0.0259535    0.0155274
 -0.00219582    0.0155274    0.0159176
  0.00497167  -0.00810796  -0.00294682
 -0.00810796    0.0211994      0.01422
 -0.00294682      0.01422    0.0171288
  0.00584706  -0.00801068  -0.00185111
 -0.00801068    0.0202072    0.0138122
 -0.00185111    0.0138122    0.0180158
  0.00581454  -0.00813658  -0.00119121
 -0.00813658    0.0246874    0.0153066
 -0.00119121    0.0153066     0.017044
  0.00593595  -0.00781169  -0.00259994
 -0.00781169    0.0161662    0.0123793
 -0.00259994    0.0123793    0.0189527
  0.00681042  -0.00792643 -0.000760561
 -0.00792643    0.0194127    0.0135937
