           0            0            0
           0            0            0
           0            0            0
   0.0203386  -0.00112815   0.00260939
 -0.00112815  9.50494e-05  0.000174767
  0.00260939  0.000174767    0.0142231
   0.0179054 -0.000860315   0.00523364
-0.000860315  7.82251e-05  0.000224694
  0.00523364  0.000224694    0.0175324
   0.0153475 -0.000921829   0.00761496
-0.000921829  0.000111392  0.000104573
  0.00761496  0.000104573    0.0193206
   0.0147004  -0.00117138   0.00870544
 -0.00117138  0.000167559 -3.89396e-05
  0.00870544 -3.89396e-05    0.0194405
   0.0148216  -0.00147556    0.0083269
 -0.00147556  0.000224747  -0.00017495
   0.0083269  -0.00017495    0.0198295
   0.0130075  -0.00137172   0.00703254
 -0.00137172  0.000203646  -0.00028537
  0.00703254  -0.00028537    0.0177974
   0.0135693  -0.00164391   0.00638691
 -0.00164391  0.000255493 -0.000463961
  0.00638691 -0.000463961    0.0190331
   0.0149915  -0.00171747   0.00759654
 -0.00171747  0.000270762 -0.000357729
  0.00759654 -0.000357729    0.0202512
   0.0134296  -0.00176532   0.00500412
 -0.00176532  0.000296958 -0.000727553
  0.00500412 -0.000727553    0.0200214
   0.0149831  -0.00187761   0.00630109
 -0.00187761  0.000311503 -0.000637516
  0.00630109 -0.000637516    0.0212635
   0.0134243  -0.00176949   0.00335485
 -0.00176949  0.000333964  -0.00106225
  0.00335485  -0.00106225    0.0212454
   0.0151898  -0.00201046   0.00574764
 -0.00201046  0.000340657 -0.000868132
  0.00574764 -0.000868132    0.0215301
   0.0299168  0.000121888   0.00937107
 0.000121888  0.000385357   0.00198101
  0.00937107   0.00198101    0.0173589
   0.0257521 -0.000212915    0.0115935
-0.000212915  0.000548299   0.00252028
   0.0115935   0.00252028    0.0207899
   0.0257715    0.0002008    0.0114467
   0.0002008  0.000431027   0.00242804
   0.0114467   0.00242804     0.020717
   0.0231909  5.16089e-07    0.0132817
 5.16089e-07  0.000568201   0.00280847
   0.0132817   0.00280847    0.0233866
   0.0229472 -0.000404513    0.0132829
-0.000404513  0.000691602   0.00284908
   0.0132829   0.00284908    0.0233853
   0.0226957  0.000143324    0.0128392
 0.000143324  0.000449294   0.00255062
   0.0128392   0.00255062      0.02316
    0.021395 -0.000276954    0.0138451
-0.000276954  0.000661287   0.00288603
   0.0138451   0.00288603    0.0245731
   0.0210534  -0.00011359    0.0134759
 -0.00011359  0.000540089   0.00268001
   0.0134759   0.00268001    0.0243614
   0.0205799 -0.000465738    0.0134592
-0.000465738   0.00058007   0.00254223
   0.0134592   0.00254223    0.0246141
   0.0210388  -0.00063907      0.01375
 -0.00063907  0.000781668   0.00289042
     0.01375   0.00289042    0.0245346
   0.0208686 -0.000649685    0.0138002
-0.000649685  0.000694837   0.00269744
   0.0138002   0.00269744    0.0248376
   0.0204785  -0.00097933    0.0136615
 -0.00097933  0.000807548     0.002683
   0.0136615     0.002683     0.024808
   0.0205028 -0.000190162    0.0129985
-0.000190162  0.000423843   0.00225925
   0.0129985   0.00225925    0.0241421
   0.0200389 -0.000501521    0.0129705
-0.000501521   0.00047075   0.00217672
   0.0129705   0.00217672    0.0243653
   0.0196602 -0.000716523    0.0126353
-0.000716523  0.000375449   0.00165316
   0.0126353   0.00165316    0.0242733
   0.0201607 -0.000440525    0.0127157
-0.000440525  0.000323072   0.00169442
   0.0127157   0.00169442    0.0241046
   0.0221164  2.12188e-05    0.0123853
 2.12188e-05  0.000338104   0.00209307
   0.0123853   0.00209307    0.0229791
   0.0218614 -0.000263104    0.0122026
-0.000263104  0.000245495   0.00152147
   0.0122026   0.00152147    0.0230178
   0.0245864  0.000104867    0.0106036
 0.000104867  0.000232764   0.00167652
   0.0106036   0.00167652    0.0203852
   0.0251448  0.000290532    0.0109735
 0.000290532  0.000324977   0.00213344
   0.0109735   0.00213344    0.0204974
   0.0288323  0.000397672   0.00862024
 0.000397672  0.000207833   0.00153973
  0.00862024   0.00153973    0.0170372
   0.0244601 -0.000211369    0.0103493
-0.000211369   0.00015933   0.00116789
   0.0103493   0.00116789    0.0205076
   0.0282024  0.000116316   0.00831071
 0.000116316  0.000139661   0.00114532
  0.00831071   0.00114532     0.016956
   0.0286216 -0.000287389   0.00793093
-0.000287389  9.23836e-05  0.000748322
  0.00793093  0.000748322      0.01717
   0.0295851  0.000446261   0.00906994
 0.000446261  0.000289293   0.00184355
  0.00906994   0.00184355    0.0172174
   0.0200822  -0.00138217     0.013013
 -0.00138217  0.000775852   0.00228848
    0.013013   0.00228848    0.0245241
   0.0204767  -0.00109929    0.0131494
 -0.00109929  0.000675216   0.00229754
   0.0131494   0.00229754    0.0245058
   0.0201355   -0.0014961    0.0124509
  -0.0014961  0.000618731   0.00176123
   0.0124509   0.00176123    0.0241881
   0.0197319  -0.00172063    0.0123011
 -0.00172063  0.000701053   0.00176166
   0.0123011   0.00176166    0.0242366
     0.01985  -0.00129984    0.0121104
 -0.00129984  0.000530196    0.0016763
   0.0121104    0.0016763    0.0239059
   0.0198301  -0.00182534    0.0116936
 -0.00182534  0.000542285   0.00112401
   0.0116936   0.00112401    0.0238568
   0.0195379  -0.00164129    0.0113624
 -0.00164129  0.000471801   0.00107112
   0.0113624   0.00107112    0.0235567
   0.0192856  -0.00190482    0.0106016
 -0.00190482  0.000412964  0.000402867
   0.0106016  0.000402867    0.0232174
   0.0194088   -0.0019829    0.0115085
  -0.0019829   0.00060197   0.00114066
   0.0115085   0.00114066     0.023919
   0.0195872  -0.00207277    0.0109128
 -0.00207277  0.000465465  0.000429691
   0.0109128  0.000429691    0.0235285
    0.019126  -0.00216657    0.0106688
 -0.00216657  0.000504786  0.000469364
   0.0106688  0.000469364    0.0235826
   0.0189651   -0.0015542    0.0108295
  -0.0015542  0.000407508  0.000904131
   0.0108295  0.000904131      0.02321
   0.0186648  -0.00178977    0.0100443
 -0.00178977  0.000364443  0.000303297
   0.0100443  0.000303297    0.0228351
   0.0181964  -0.00179595   0.00956554
 -0.00179595  0.000332904  9.97116e-05
  0.00956554  9.97116e-05    0.0225508
   0.0185582  -0.00161316    0.0104081
 -0.00161316  0.000361564  0.000610072
   0.0104081  0.000610072    0.0229873
   0.0193084  -0.00124675    0.0115993
 -0.00124675  0.000449163   0.00144022
   0.0115993   0.00144022    0.0235936
    0.018929  -0.00135989      0.01122
 -0.00135989  0.000387401   0.00106049
     0.01122   0.00106049    0.0234228
   0.0196669 -0.000891271    0.0123145
-0.000891271  0.000473699   0.00187471
   0.0123145   0.00187471    0.0239722
   0.0201958 -0.000901971    0.0128087
-0.000901971  0.000569529     0.002178
   0.0128087     0.002178    0.0242506
   0.0192839  -0.00105664    0.0119605
 -0.00105664  0.000393196   0.00141702
   0.0119605   0.00141702     0.023847
   0.0165216  -0.00197319   0.00793962
 -0.00197319  0.000322404 -0.000434001
  0.00793962 -0.000434001    0.0219125
   0.0164208  -0.00178707    0.0086183
 -0.00178707   0.00029564 -0.000189095
   0.0086183 -0.000189095    0.0216631
   0.0180589  -0.00175442    0.0102348
 -0.00175442  0.000320685  0.000152344
   0.0102348  0.000152344     0.022874
   0.0161216  -0.00152945   0.00932815
 -0.00152945  0.000252819 -8.46434e-06
  0.00932815 -8.46434e-06    0.0210881
   0.0181285  -0.00149205    0.0108632
 -0.00149205  0.000288978  0.000386753
   0.0108632  0.000386753    0.0231439
   0.0181335  -0.00116835      0.01136
 -0.00116835  0.000240048   0.00055062
     0.01136   0.00055062    0.0231795
   0.0162198  -0.00122927   0.00994319
 -0.00122927  0.000199909  0.000146237
  0.00994319  0.000146237     0.021037
   0.0191709  -0.00134238    0.0118247
 -0.00134238   0.00033851  0.000850033
   0.0118247  0.000850033    0.0239095
    0.019407  -0.00102011    0.0124405
 -0.00102011  0.000304011   0.00103814
   0.0124405   0.00103814    0.0243279
   0.0187997  -0.00160078    0.0110401
 -0.00160078  0.000350382  0.000570312
   0.0110401  0.000570312    0.0234273
   0.0184212  -0.00180099    0.0101737
 -0.00180099  0.000342735  0.000211531
   0.0101737  0.000211531    0.0229174
   0.0178035  -0.00193625   0.00949442
 -0.00193625  0.000331941 -0.000154949
  0.00949442 -0.000154949    0.0226135
   0.0176362  -0.00206552   0.00877226
 -0.00206552  0.000338616 -0.000514155
  0.00877226 -0.000514155    0.0221055
     0.01802   -0.0019276    0.0092669
  -0.0019276  0.000327069 -0.000202715
   0.0092669 -0.000202715     0.022409
   0.0164286  -0.00207735   0.00736824
 -0.00207735  0.000339803 -0.000743614
  0.00736824 -0.000743614    0.0218286
   0.0167739 -0.000950508   0.00953165
-0.000950508  0.000139456  0.000241163
  0.00953165  0.000241163    0.0209863
   0.0191309 -0.000832898   0.00786314
-0.000832898  9.20702e-05  0.000303478
  0.00786314  0.000303478     0.019737
   0.0200978 -0.000736505   0.00975768
-0.000736505  0.000118034  0.000517788
  0.00975768  0.000517788     0.021262
   0.0215735 -0.000901528   0.00496649
-0.000901528  7.30856e-05  0.000249626
  0.00496649  0.000249626    0.0165561
   0.0224024 -0.000794325   0.00669176
-0.000794325  8.11053e-05  0.000374608
  0.00669176  0.000374608    0.0178233
   0.0256103 -0.000990909   0.00414618
-0.000990909   7.7481e-05  0.000237578
  0.00414618  0.000237578    0.0146075
    0.023684  -0.00115798   0.00264351
 -0.00115798  8.98645e-05   0.00018492
  0.00264351   0.00018492    0.0139504
   0.0237607 -0.000518708   0.00911284
-0.000518708   0.00010552   0.00071472
  0.00911284   0.00071472    0.0198491
   0.0269249 -0.000656955   0.00632748
-0.000656955  7.04214e-05  0.000439789
  0.00632748  0.000439789    0.0162284
   0.0212873 -0.000557094    0.0114844
-0.000557094  0.000171324  0.000957517
   0.0114844  0.000957517     0.022643
   0.0196752 -0.000735073    0.0123606
-0.000735073  0.000243753   0.00107775
   0.0123606   0.00107775    0.0240267
   0.0183886 -0.000887291    0.0110159
-0.000887291   0.00017688  0.000592701
   0.0110159  0.000592701    0.0226696
   0.0188332   -0.0022759    0.0097638
  -0.0022759  0.000427346 -0.000233512
   0.0097638 -0.000233512    0.0232407
   0.0194062  -0.00224676    0.0100941
 -0.00224676  0.000406358   -0.0003032
   0.0100941   -0.0003032    0.0232111
    0.019267  -0.00232517   0.00923206
 -0.00232517  0.000390868  -0.00106055
  0.00923206  -0.00106055    0.0229157
   0.0185157  -0.00229196   0.00880221
 -0.00229196   0.00039875 -0.000960501
  0.00880221 -0.000960501    0.0229072
   0.0190484  -0.00219414    0.0090145
 -0.00219414  0.000361293  -0.00106747
   0.0090145  -0.00106747    0.0226303
   0.0190727  -0.00231457   0.00833367
 -0.00231457  0.000429506   -0.0018201
  0.00833367   -0.0018201    0.0226261
   0.0190088  -0.00221186     0.008191
 -0.00221186  0.000404757  -0.00182187
    0.008191  -0.00182187    0.0223771
   0.0189258   -0.0021433   0.00737917
  -0.0021433  0.000499607   -0.0025421
  0.00737917   -0.0025421    0.0221303
   0.0181263  -0.00221916   0.00781093
 -0.00221916  0.000421555  -0.00169077
  0.00781093  -0.00169077    0.0225668
   0.0187923  -0.00221115   0.00743869
 -0.00221115  0.000519362  -0.00254783
  0.00743869  -0.00254783    0.0223235
    0.017654  -0.00206678   0.00682842
 -0.00206678  0.000500032   -0.0024022
  0.00682842   -0.0024022    0.0221963
   0.0182461  -0.00201773   0.00757105
 -0.00201773  0.000369108  -0.00176741
  0.00757105  -0.00176741    0.0219256
   0.0182507  -0.00194148   0.00677802
 -0.00194148  0.000457381  -0.00244706
  0.00677802  -0.00244706    0.0216918
   0.0173872  -0.00173334   0.00602413
 -0.00173334   0.00041652  -0.00234175
  0.00602413  -0.00234175    0.0212117
   0.0174432  -0.00185536   0.00688054
 -0.00185536  0.000340756  -0.00172691
  0.00688054  -0.00172691    0.0214775
   0.0182811  -0.00201897   0.00840275
 -0.00201897  0.000327451  -0.00105678
  0.00840275  -0.00105678    0.0221888
   0.0176031  -0.00191763   0.00778545
 -0.00191763  0.000308133  -0.00108952
  0.00778545  -0.00108952    0.0217835
   0.0184154  -0.00195013    0.0092332
 -0.00195013  0.000329766 -0.000355692
   0.0092332 -0.000355692    0.0224893
   0.0191056  -0.00209395   0.00981896
 -0.00209395  0.000366286 -0.000316239
  0.00981896 -0.000316239    0.0229073
   0.0178515  -0.00190557    0.0086894
 -0.00190557  0.000308186 -0.000470586
   0.0086894 -0.000470586    0.0221426
   0.0170729  -0.00184266    0.0058386
 -0.00184266    0.0006354  -0.00311696
   0.0058386  -0.00311696    0.0217983
   0.0184061  -0.00202583   0.00651233
 -0.00202583  0.000659173  -0.00326249
  0.00651233  -0.00326249    0.0220011
    0.017953  -0.00171938   0.00553254
 -0.00171938  0.000873196  -0.00398479
  0.00553254  -0.00398479    0.0216691
   0.0164296  -0.00150905   0.00483475
 -0.00150905  0.000860381  -0.00386009
  0.00483475  -0.00386009    0.0213916
   0.0185742  -0.00170926   0.00564462
 -0.00170926  0.000836498  -0.00393714
  0.00564462  -0.00393714    0.0216522
    0.017383  -0.00128961   0.00451585
 -0.00128961   0.00116954  -0.00472406
  0.00451585  -0.00472406     0.021352
   0.0182846  -0.00131088   0.00468297
 -0.00131088   0.00110165  -0.00463611
  0.00468297  -0.00463611    0.0214396
   0.0178432 -0.000784911   0.00369988
-0.000784911   0.00143983   -0.0053249
  0.00369988   -0.0053249    0.0212546
   0.0157031  -0.00104998   0.00385411
 -0.00104998   0.00118068   -0.0046377
  0.00385411   -0.0046377    0.0210066
    0.016659  -0.00072655    0.0035109
 -0.00072655   0.00155536  -0.00546754
   0.0035109  -0.00546754    0.0210645
   0.0149018 -0.000463697   0.00292792
-0.000463697   0.00161344  -0.00544141
  0.00292792  -0.00544141    0.0206682
    0.018179   -0.0011417   0.00420002
  -0.0011417    0.0009961  -0.00440497
  0.00420002  -0.00440497    0.0211933
   0.0180559 -0.000643596   0.00326854
-0.000643596    0.0012817  -0.00503099
  0.00326854  -0.00503099    0.0211169
   0.0175533 -0.000402013   0.00239779
-0.000402013   0.00111528  -0.00466398
  0.00239779  -0.00466398    0.0207505
    0.017469 -0.000887819   0.00333468
-0.000887819  0.000879324  -0.00411062
  0.00333468  -0.00411062    0.0207561
   0.0182211  -0.00151985   0.00511289
 -0.00151985  0.000763357  -0.00375781
  0.00511289  -0.00375781    0.0213143
   0.0174085   -0.0012707   0.00426706
  -0.0012707  0.000682585   -0.0035298
  0.00426706   -0.0035298    0.0208329
    0.018225  -0.00178971   0.00596713
 -0.00178971  0.000583796  -0.00310605
  0.00596713  -0.00310605    0.0214853
   0.0187654  -0.00198845   0.00654472
 -0.00198845  0.000635505  -0.00324118
  0.00654472  -0.00324118    0.0218888
   0.0173655  -0.00155367   0.00516801
 -0.00155367  0.000526493  -0.00293929
  0.00516801  -0.00293929    0.0209932
   0.0164232  0.000165588  -0.00099605
 0.000165588  0.000654892  -0.00348549
 -0.00099605  -0.00348549    0.0195585
    0.016181  -0.00035287  0.000229522
 -0.00035287    0.0005708  -0.00321546
 0.000229522  -0.00321546    0.0194712
   0.0162338 -0.000384672  0.000939643
-0.000384672  0.000623225  -0.00339247
 0.000939643  -0.00339247    0.0197149
    0.016148 -0.000842142   0.00211122
-0.000842142  0.000524076   -0.0030211
  0.00211122   -0.0030211    0.0197804
   0.0161175 -0.000868646   0.00145261
-0.000868646  0.000508651  -0.00291238
  0.00145261  -0.00291238    0.0195161
   0.0163255 -0.000908774   0.00276092
-0.000908774  0.000559969  -0.00315394
  0.00276092  -0.00315394    0.0200594
   0.0162161  -0.00127329   0.00324261
 -0.00127329  0.000452486   -0.0026445
  0.00324261   -0.0026445     0.019978
   0.0163543  -0.00127352   0.00383154
 -0.00127352  0.000455639  -0.00270349
  0.00383154  -0.00270349    0.0202573
   0.0165635  -0.00157579   0.00486175
 -0.00157579  0.000391194  -0.00225421
  0.00486175  -0.00225421    0.0205353
   0.0160694  -0.00134526   0.00256125
 -0.00134526   0.00046542  -0.00259923
  0.00256125  -0.00259923    0.0196553
    0.016455  -0.00164901   0.00433313
 -0.00164901  0.000414354  -0.00227888
  0.00433313  -0.00227888    0.0202624
   0.0159174  -0.00170212   0.00348977
 -0.00170212  0.000438693  -0.00226914
  0.00348977  -0.00226914     0.019748
   0.0166759  -0.00137013   0.00442638
 -0.00137013  0.000482115  -0.00280056
  0.00442638  -0.00280056    0.0205696
   0.0167884  -0.00160311   0.00537483
 -0.00160311  0.000391563  -0.00227392
  0.00537483  -0.00227392    0.0208244
   0.0166943  -0.00105578   0.00344133
 -0.00105578  0.000611954  -0.00332057
  0.00344133  -0.00332057    0.0203897
    0.016756 -0.000656099   0.00241371
-0.000656099  0.000774811  -0.00382901
  0.00241371  -0.00382901    0.0203132
      0.0164 -0.000489108   0.00164563
-0.000489108  0.000690068  -0.00359157
  0.00164563  -0.00359157    0.0199777
   0.0165129  3.22132e-06  0.000517981
 3.22132e-06  0.000842713  -0.00399444
 0.000517981  -0.00399444    0.0200026
   0.0168664 -0.000164751   0.00139675
-0.000164751  0.000965685  -0.00430452
  0.00139675  -0.00430452    0.0203333
   0.0164242  0.000109373 -0.000245065
 0.000109373  0.000741007  -0.00372759
-0.000245065  -0.00372759    0.0197653
    0.015434  -0.00190436   0.00407395
 -0.00190436  0.000409646  -0.00191766
  0.00407395  -0.00191766    0.0199551
   0.0166106  -0.00194672   0.00533674
 -0.00194672  0.000391184  -0.00190867
  0.00533674  -0.00190867    0.0205738
   0.0165275  -0.00210664   0.00621443
 -0.00210664  0.000372639  -0.00150398
  0.00621443  -0.00150398    0.0208059
   0.0150343  -0.00198549   0.00435935
 -0.00198549  0.000383784  -0.00155821
  0.00435935  -0.00155821    0.0207516
   0.0171585   -0.0020341   0.00695523
  -0.0020341  0.000338829   -0.0013574
  0.00695523   -0.0013574    0.0212847
    0.016352  -0.00213312   0.00689947
 -0.00213312   0.00035367  -0.00109899
  0.00689947  -0.00109899    0.0210954
   0.0174034  -0.00211198   0.00792321
 -0.00211198  0.000335479 -0.000922369
  0.00792321 -0.000922369     0.021716
   0.0150416  -0.00202704   0.00490202
 -0.00202704  0.000360718  -0.00121013
  0.00490202  -0.00121013    0.0215877
   0.0176067  -0.00197885   0.00831281
 -0.00197885  0.000309563 -0.000671545
  0.00831281 -0.000671545    0.0219244
   0.0172634  -0.00193077   0.00732826
 -0.00193077  0.000309072  -0.00119225
  0.00732826  -0.00119225    0.0215001
   0.0169844  -0.00179775   0.00632778
 -0.00179775  0.000333342  -0.00173888
  0.00632778  -0.00173888    0.0211348
   0.0168394  -0.00184169   0.00589327
 -0.00184169  0.000351601  -0.00180751
  0.00589327  -0.00180751     0.020879
   0.0138497  -0.00186419   0.00300206
 -0.00186419  0.000360954  -0.00129199
  0.00300206  -0.00129199    0.0218173
   0.0141338   -0.0018703   0.00262869
  -0.0018703  0.000386635  -0.00160423
  0.00262869  -0.00160423    0.0215031
   0.0125538  -0.00158773  0.000681112
 -0.00158773  0.000363856  -0.00150901
 0.000681112  -0.00150901    0.0212522
   0.0141983  -0.00175696   0.00203436
 -0.00175696  0.000412007   -0.0019223
  0.00203436   -0.0019223    0.0208036
   0.0130909  -0.00160454  0.000341876
 -0.00160454  0.000400724  -0.00185942
 0.000341876  -0.00185942    0.0213476
   0.0137196  -0.00150807  0.000168339
 -0.00150807  0.000436406  -0.00216369
 0.000168339  -0.00216369    0.0207345
   0.0146551  -0.00159794   0.00174523
 -0.00159794  0.000436949  -0.00220225
  0.00174523  -0.00220225    0.0199171
   0.0123347  -0.00125552  -0.00154444
 -0.00125552  0.000381661  -0.00192784
 -0.00154444  -0.00192784    0.0210545
   0.0152294  -0.00135028   0.00146089
 -0.00135028  0.000462378  -0.00247141
  0.00146089  -0.00247141    0.0191075
   0.0158501 -0.000931907  0.000622861
-0.000931907  0.000493017  -0.00277092
 0.000622861  -0.00277092    0.0191527
   0.0150249  -0.00091421 -0.000745902
 -0.00091421  0.000465631  -0.00259943
-0.000745902  -0.00259943    0.0193387
   0.0162609 -0.000410029 -0.000502404
-0.000410029  0.000529001  -0.00303089
-0.000502404  -0.00303089    0.0192219
   0.0159712  -0.00045365  -0.00153905
 -0.00045365  0.000482596  -0.00281592
 -0.00153905  -0.00281592    0.0192081
   0.0167467  6.54775e-05   -0.0025602
 6.54775e-05  0.000507979  -0.00297141
  -0.0025602  -0.00297141    0.0192062
   0.0164989  0.000157752  -0.00177828
 0.000157752  0.000576713  -0.00323681
 -0.00177828  -0.00323681    0.0193364
   0.0149817 -0.000453223   -0.0027914
-0.000453223  0.000422496  -0.00253406
  -0.0027914  -0.00253406    0.0192775
   0.0163701  9.78134e-06   -0.0036271
 9.78134e-06  0.000428997  -0.00266163
  -0.0036271  -0.00266163    0.0192841
   0.0152981 -9.15972e-05   -0.0043965
-9.15972e-05  0.000353161  -0.00229866
  -0.0043965  -0.00229866    0.0190538
   0.0141906 -0.000457394  -0.00370876
-0.000457394   0.00036808  -0.00229349
 -0.00370876  -0.00229349    0.0197454
   0.0142302 -0.000838828  -0.00208712
-0.000838828  0.000425869  -0.00243789
 -0.00208712  -0.00243789    0.0199752
   0.0130492 -0.000827919  -0.00309699
-0.000827919  0.000387145  -0.00222493
 -0.00309699  -0.00222493     0.021079
   0.0132832  -0.00116422  -0.00174175
 -0.00116422  0.000418108  -0.00223397
 -0.00174175  -0.00223397    0.0207429
   0.0143268  -0.00125825 -0.000308585
 -0.00125825  0.000448059  -0.00238917
-0.000308585  -0.00238917    0.0201088
   0.0133205 -0.000419462  -0.00443068
-0.000419462  0.000329699  -0.00213712
 -0.00443068  -0.00213712    0.0201997
   0.0142375 -0.000139391  -0.00490671
-0.000139391   0.00028584  -0.00192999
 -0.00490671  -0.00192999    0.0183981
  0.00710841  -0.00511632  -0.00266657
 -0.00511632   0.00440288   0.00432585
 -0.00266657   0.00432585    0.0224236
  0.00707357  -0.00535951  -0.00233293
 -0.00535951   0.00460368   0.00380937
 -0.00233293   0.00380937     0.022605
  0.00688017  -0.00471535  -0.00183545
 -0.00471535   0.00361293   0.00250141
 -0.00183545   0.00250141    0.0228534
  0.00699987  -0.00494679  -0.00144842
 -0.00494679   0.00381492   0.00233296
 -0.00144842   0.00233296    0.0231386
    0.007176  -0.00554957  -0.00189148
 -0.00554957   0.00474711   0.00354202
 -0.00189148   0.00354202    0.0227955
  0.00679554  -0.00437618 -0.000967694
 -0.00437618   0.00301539   0.00129764
-0.000967694   0.00129764    0.0234729
  0.00726306  -0.00508432 -0.000946926
 -0.00508432   0.00390158   0.00249128
-0.000946926   0.00249128    0.0234463
  0.00707231  -0.00453805 -0.000517064
 -0.00453805   0.00312569   0.00151302
-0.000517064   0.00151302    0.0238689
  0.00748109  -0.00462738  2.88276e-05
 -0.00462738   0.00318874   0.00196442
 2.88276e-05   0.00196442    0.0242655
  0.00742521  -0.00565141  -0.00133834
 -0.00565141   0.00479844   0.00359874
 -0.00133834   0.00359874    0.0230099
  0.00765564  -0.00514832 -0.000345297
 -0.00514832   0.00396078   0.00289302
-0.000345297   0.00289302    0.0237525
  0.00779679  -0.00569174 -0.000695732
 -0.00569174   0.00486166   0.00391636
-0.000695732   0.00391636    0.0232293
  0.00688386  -0.00408308 -0.000123477
 -0.00408308    0.0025391  0.000826422
-0.000123477  0.000826422    0.0242718
  0.00729377  -0.00417902  0.000375149
 -0.00417902    0.0025955   0.00127035
 0.000375149   0.00127035    0.0247486
  0.00713038  -0.00385538  0.000671796
 -0.00385538   0.00222234  0.000790553
 0.000671796  0.000790553     0.025197
  0.00714468  -0.00396892  3.02373e-05
 -0.00396892   0.00228313  0.000483809
 3.02373e-05  0.000483809    0.0248038
  0.00685329  -0.00404017 -0.000650569
 -0.00404017   0.00247131  0.000655202
-0.000650569  0.000655202     0.023906
  0.00736837  -0.00402993 -0.000507336
 -0.00402993   0.00226955  0.000345058
-0.000507336  0.000345058    0.0243942
  0.00691722  -0.00386355 -0.000998389
 -0.00386355   0.00226599  0.000744684
-0.000998389  0.000744684    0.0234995
  0.00674924   -0.0041643  -0.00136353
  -0.0041643   0.00280278   0.00142707
 -0.00136353   0.00142707    0.0231485
  0.00678537  -0.00386154  -0.00157647
 -0.00386154   0.00250248   0.00176461
 -0.00157647   0.00176461    0.0227774
  0.00750766  -0.00385492 -0.000874832
 -0.00385492   0.00205938  0.000494862
-0.000874832  0.000494862    0.0225087
  0.00695128   -0.0035492  -0.00117755
  -0.0035492   0.00195501    0.0010576
 -0.00117755    0.0010576    0.0225108
  0.00745934  -0.00353651   -0.0010311
 -0.00353651   0.00177805  0.000781128
  -0.0010311  0.000781128    0.0217005
  0.00690864  -0.00443074  -0.00210309
 -0.00443074   0.00334177   0.00291362
 -0.00210309   0.00291362    0.0225732
   0.0082512  -0.00565509 -1.62705e-05
 -0.00565509   0.00493793   0.00444982
-1.62705e-05   0.00444982    0.0234074
  0.00814043  -0.00513702  0.000293937
 -0.00513702   0.00401117   0.00348357
 0.000293937   0.00348357    0.0240222
  0.00863962  -0.00505071  0.000890767
 -0.00505071   0.00409891   0.00417641
 0.000890767   0.00417641    0.0242217
  0.00870955   -0.0055346  0.000614907
  -0.0055346   0.00506907   0.00512449
 0.000614907   0.00512449    0.0235065
  0.00850948  -0.00458579   0.00116883
 -0.00458579   0.00326127   0.00324651
  0.00116883   0.00324651    0.0249316
  0.00903501  -0.00487054   0.00134099
 -0.00487054   0.00420683   0.00493894
  0.00134099   0.00493894    0.0243542
  0.00894833   -0.0044557   0.00157791
  -0.0044557   0.00331954    0.0039445
  0.00157791    0.0039445    0.0251721
  0.00919016  -0.00428032   0.00177432
 -0.00428032   0.00339053   0.00454465
  0.00177432   0.00454465    0.0253535
  0.00905281  -0.00530248   0.00109937
 -0.00530248   0.00523178   0.00590359
  0.00109937   0.00590359    0.0235368
  0.00922163  -0.00463012   0.00158203
 -0.00463012   0.00432666   0.00563128
  0.00158203   0.00563128     0.024433
  0.00918742  -0.00500783   0.00137328
 -0.00500783   0.00541261   0.00665609
  0.00137328   0.00665609    0.0235152
  0.00880704  -0.00410454   0.00177146
 -0.00410454   0.00264416   0.00304369
  0.00177146   0.00304369    0.0259623
  0.00909014  -0.00398612   0.00192785
 -0.00398612   0.00267766   0.00350199
  0.00192785   0.00350199    0.0262399
  0.00894493  -0.00377651   0.00204255
 -0.00377651   0.00219951   0.00253491
  0.00204255   0.00253491    0.0270675
  0.00863444   -0.0038493   0.00192592
  -0.0038493    0.0021913   0.00223637
  0.00192592   0.00223637    0.0267027
  0.00834209  -0.00419232   0.00140793
 -0.00419232   0.00262437   0.00245475
  0.00140793   0.00245475    0.0256154
  0.00816275  -0.00389978    0.0016068
 -0.00389978   0.00220198   0.00178763
   0.0016068   0.00178763    0.0262554
  0.00780698  -0.00421483   0.00090975
 -0.00421483   0.00261026   0.00185014
  0.00090975   0.00185014    0.0252043
  0.00798345   -0.0046395  0.000618312
  -0.0046395   0.00321617   0.00257374
 0.000618312   0.00257374    0.0246266
  0.00762967  -0.00389489    0.0011616
 -0.00389489   0.00221234   0.00129205
   0.0011616   0.00129205     0.025741
   0.0132161  -0.00628148 -0.000908564
 -0.00628148    0.0031047   0.00157841
-0.000908564   0.00157841    0.0210353
   0.0119209  -0.00577071 -0.000321041
 -0.00577071   0.00291177   0.00148278
-0.000321041   0.00148278    0.0220072
   0.0100781  -0.00459812  0.000720537
 -0.00459812    0.0022294   0.00117604
 0.000720537   0.00117604    0.0243332
  0.00941539  -0.00448552  0.000770238
 -0.00448552   0.00225628   0.00109529
 0.000770238   0.00109529    0.0243925
   0.0118984  -0.00597791 -0.000610004
 -0.00597791    0.0031221   0.00160402
-0.000610004   0.00160402    0.0214543
  0.00825856   -0.0038323   0.00130585
  -0.0038323   0.00192297   0.00103313
  0.00130585   0.00103313    0.0253965
  0.00941724  -0.00467252  0.000409425
 -0.00467252   0.00242658   0.00105356
 0.000409425   0.00105356    0.0240589
  0.00787773  -0.00383292   0.00103165
 -0.00383292   0.00197802  0.000817725
  0.00103165  0.000817725    0.0252834
   0.0083552   -0.0042447   0.00043597
  -0.0042447   0.00224565  0.000666028
  0.00043597  0.000666028    0.0253245
   0.0112347  -0.00583729 -0.000868919
 -0.00583729   0.00315082   0.00167378
-0.000868919   0.00167378    0.0204227
  0.00959499  -0.00494896 -0.000400012
 -0.00494896   0.00265239   0.00114449
-0.000400012   0.00114449    0.0219782
   0.0111777  -0.00597276  -0.00134963
 -0.00597276    0.0033118   0.00179567
 -0.00134963   0.00179567    0.0193041
  0.00743382  -0.00365732   0.00129371
 -0.00365732   0.00195293  0.000911687
  0.00129371  0.000911687    0.0257057
  0.00748293  -0.00387548  0.000705002
 -0.00387548   0.00210897  0.000604092
 0.000705002  0.000604092    0.0254763
  0.00802915  -0.00372674   0.00158501
 -0.00372674   0.00194973   0.00130609
  0.00158501   0.00130609    0.0261149
  0.00859575  -0.00374922   0.00179231
 -0.00374922   0.00193493   0.00162699
  0.00179231   0.00162699     0.026703
  0.00907754  -0.00400253   0.00133715
 -0.00400253   0.00194805   0.00124404
  0.00133715   0.00124404    0.0255441
  0.00982749  -0.00416106   0.00127495
 -0.00416106   0.00198298   0.00132488
  0.00127495   0.00132488    0.0261142
  0.00901857  -0.00375453   0.00181059
 -0.00375453   0.00193905   0.00180889
  0.00181059   0.00180889    0.0271942
   0.0111726  -0.00496611  0.000312752
 -0.00496611   0.00234905   0.00126135
 0.000312752   0.00126135    0.0238488
   0.0111189  -0.00597336  -0.00153004
 -0.00597336   0.00333015   0.00178268
 -0.00153004   0.00178268    0.0187738
  0.00997795  -0.00516385   -0.0010435
 -0.00516385   0.00276672   0.00119568
  -0.0010435   0.00119568    0.0202175
   0.0107007  -0.00540261  -0.00161173
 -0.00540261   0.00284558   0.00143174
 -0.00161173   0.00143174    0.0198405
   0.0114859  -0.00605467  -0.00183683
 -0.00605467   0.00332808   0.00191413
 -0.00183683   0.00191413    0.0187609
  0.00954976  -0.00473842  -0.00111756
 -0.00473842   0.00245017  0.000920151
 -0.00111756  0.000920151    0.0211209
   0.0108575  -0.00506247  -0.00161102
 -0.00506247   0.00254616   0.00156711
 -0.00161102   0.00156711    0.0195961
   0.0101086  -0.00467636  -0.00134908
 -0.00467636    0.0022821  0.000963628
 -0.00134908  0.000963628    0.0208998
  0.00990933  -0.00423316  -0.00141245
 -0.00423316   0.00194658   0.00105666
 -0.00141245   0.00105666    0.0211853
   0.0112938  -0.00552826   -0.0019227
 -0.00552826   0.00292886   0.00207777
  -0.0019227   0.00207777    0.0177334
   0.0106096  -0.00445357   -0.0015667
 -0.00445357   0.00209245   0.00163548
  -0.0015667   0.00163548    0.0190485
   0.0113134   -0.0050299  -0.00183272
  -0.0050299   0.00258145   0.00234862
 -0.00183272   0.00234862    0.0178559
  0.00860403  -0.00412352  -0.00112115
 -0.00412352   0.00206971  0.000683918
 -0.00112115  0.000683918    0.0213791
  0.00830944   -0.0036507   -0.0011237
  -0.0036507   0.00171683  0.000848796
  -0.0011237  0.000848796    0.0212555
  0.00826476  -0.00424191 -0.000721615
 -0.00424191   0.00224476  0.000487091
-0.000721615  0.000487091    0.0226564
  0.00783761  -0.00412679  3.31394e-05
 -0.00412679   0.00223985  0.000409691
 3.31394e-05  0.000409691    0.0253308
  0.00883229  -0.00451997 -0.000528425
 -0.00451997   0.00238679  0.000733273
-0.000528425  0.000733273    0.0226477
  0.00908151  -0.00470775   0.00142994
 -0.00470775   0.00555671   0.00727754
  0.00142994   0.00727754     0.023455
  0.00916788  -0.00438955   0.00159769
 -0.00438955   0.00441524   0.00615942
  0.00159769   0.00615942    0.0244666
  0.00891058  -0.00418949   0.00143049
 -0.00418949   0.00445568   0.00647502
  0.00143049   0.00647502    0.0244616
  0.00878997   -0.0044567   0.00130892
  -0.0044567   0.00566234   0.00771018
  0.00130892   0.00771018    0.0233691
   0.0089682  -0.00395588   0.00152005
 -0.00395588   0.00343876   0.00514425
  0.00152005   0.00514425    0.0255446
  0.00853004  -0.00402601   0.00113796
 -0.00402601   0.00443938   0.00662748
  0.00113796   0.00662748    0.0244471
  0.00861784  -0.00383407   0.00117308
 -0.00383407   0.00338307   0.00516468
  0.00117308   0.00516468    0.0255902
  0.00820826  -0.00370434  0.000759315
 -0.00370434   0.00328661   0.00509644
 0.000759315   0.00509644    0.0256328
  0.00838788   -0.0042434   0.00106593
  -0.0042434   0.00570245   0.00797878
  0.00106593   0.00797878    0.0232872
   0.0080964  -0.00386104  0.000776449
 -0.00386104   0.00436754   0.00667574
 0.000776449   0.00667574    0.0244348
  0.00795429  -0.00403959  0.000749546
 -0.00403959   0.00567881   0.00814126
 0.000749546   0.00814126    0.0232118
  0.00864832  -0.00369031   0.00116782
 -0.00369031   0.00261193   0.00371782
  0.00116782   0.00371782    0.0266659
  0.00826767  -0.00358707   0.00070565
 -0.00358707   0.00251247   0.00352127
  0.00070565   0.00352127    0.0267448
  0.00827524  -0.00351902  0.000642322
 -0.00351902   0.00205541   0.00203608
 0.000642322   0.00203608    0.0277507
  0.00862491   -0.0036001   0.00114827
  -0.0036001   0.00213235   0.00233199
  0.00114827   0.00233199    0.0276497
  0.00896412  -0.00377503   0.00156968
 -0.00377503   0.00268297   0.00382566
  0.00156968   0.00382566    0.0265735
  0.00890393  -0.00365263   0.00160054
 -0.00365263   0.00218896   0.00255604
  0.00160054   0.00255604    0.0275194
  0.00913887  -0.00386933    0.0018477
 -0.00386933   0.00270027    0.0037707
   0.0018477    0.0037707    0.0264404
  0.00918408  -0.00410119   0.00174278
 -0.00410119   0.00343735    0.0049558
  0.00174278    0.0049558    0.0254744
  0.00903102  -0.00370471   0.00192571
 -0.00370471   0.00220378   0.00263989
  0.00192571   0.00263989    0.0273357
  0.00752254  -0.00382911  0.000379888
 -0.00382911   0.00558937   0.00826967
 0.000379888   0.00826967    0.0231286
  0.00766321   -0.0036686   0.00036097
  -0.0036686   0.00423811   0.00670409
  0.00036097   0.00670409    0.0244094
  0.00724709  -0.00344742 -9.67974e-05
 -0.00344742   0.00407788   0.00676496
-9.67974e-05   0.00676496    0.0243641
  0.00711331  -0.00360586 -2.75755e-05
 -0.00360586   0.00546986   0.00840759
-2.75755e-05   0.00840759    0.0230272
  0.00736639   -0.0033039 -0.000204227
  -0.0033039   0.00296629   0.00498905
-0.000204227   0.00498905    0.0256471
   0.0068584  -0.00322357 -0.000585581
 -0.00322357     0.003915   0.00684636
-0.000585581   0.00684636    0.0243116
   0.0069751  -0.00305912 -0.000738428
 -0.00305912   0.00277479   0.00500603
-0.000738428   0.00500603     0.025624
  0.00665563  -0.00282467  -0.00122785
 -0.00282467   0.00258754   0.00506728
 -0.00122785   0.00506728    0.0254179
  0.00673517  -0.00338789 -0.000459424
 -0.00338789   0.00534483   0.00853977
-0.000459424   0.00853977    0.0229197
  0.00651536  -0.00300179   -0.0010739
 -0.00300179   0.00375677   0.00694902
  -0.0010739   0.00694902      0.02404
  0.00640063  -0.00317438 -0.000889141
 -0.00317438   0.00522637   0.00867557
-0.000889141   0.00867557    0.0228195
  0.00707802   -0.0029317 -0.000915279
  -0.0029317   0.00199661   0.00316637
-0.000915279   0.00316637    0.0267894
  0.00690318  -0.00269423  -0.00141771
 -0.00269423   0.00179104   0.00320514
 -0.00141771   0.00320514    0.0263535
  0.00701984  -0.00259214  -0.00154572
 -0.00259214   0.00136464    0.0014829
 -0.00154572    0.0014829    0.0275435
  0.00715151  -0.00285689   -0.0010744
 -0.00285689   0.00158194   0.00146686
  -0.0010744   0.00146686    0.0277638
  0.00746366  -0.00320027 -0.000347331
 -0.00320027   0.00219868   0.00321225
-0.000347331   0.00321225      0.02681
  0.00751959  -0.00314224 -0.000479344
 -0.00314224   0.00178372   0.00156115
-0.000479344   0.00156115    0.0278146
  0.00786503  -0.00342835  0.000196748
 -0.00342835   0.00237429   0.00333029
 0.000196748   0.00333029    0.0267984
  0.00777953  -0.00352985  0.000298415
 -0.00352985     0.003143   0.00501582
 0.000298415   0.00501582    0.0256552
  0.00789615   -0.0033722  9.87503e-05
  -0.0033722    0.0019389   0.00175402
 9.87503e-05   0.00175402    0.0278115
   0.0130439  -0.00530747  -0.00477598
 -0.00530747   0.00235481   0.00029897
 -0.00477598   0.00029897    0.0209258
   0.0134887  -0.00566633  -0.00431601
 -0.00566633   0.00254569   0.00025431
 -0.00431601   0.00025431    0.0210506
   0.0105861  -0.00430529  -0.00310084
 -0.00430529   0.00194472 -0.000369793
 -0.00310084 -0.000369793    0.0245992
   0.0109807  -0.00458947  -0.00257608
 -0.00458947   0.00207246 -0.000262206
 -0.00257608 -0.000262206    0.0246676
   0.0138797  -0.00595431  -0.00384016
 -0.00595431   0.00269138  0.000292038
 -0.00384016  0.000292038    0.0210899
  0.00894551  -0.00369812  -0.00145111
 -0.00369812   0.00173187 -0.000340199
 -0.00145111 -0.000340199    0.0271886
   0.0113206  -0.00479786  -0.00205585
 -0.00479786   0.00215912 -8.67835e-05
 -0.00205585 -8.67835e-05    0.0246562
  0.00929999  -0.00390442 -0.000892693
 -0.00390442   0.00181659 -0.000101957
-0.000892693 -0.000101957    0.0271844
  0.00962961  -0.00404452 -0.000335975
 -0.00404452   0.00188843  0.000209001
-0.000335975  0.000209001    0.0271176
   0.0141662  -0.00618515  -0.00336135
 -0.00618515   0.00281058  0.000414129
 -0.00336135  0.000414129    0.0210408
   0.0115959  -0.00495886  -0.00152675
 -0.00495886   0.00223902  0.000191375
 -0.00152675  0.000191375    0.0245639
   0.0143861  -0.00636081  -0.00286989
 -0.00636081   0.00290966  0.000629946
 -0.00286989  0.000629946    0.0209343
  0.00816955  -0.00344472 -0.000254854
 -0.00344472   0.00174278  0.000568072
-0.000254854  0.000568072    0.0280946
  0.00852106  -0.00358446  0.000304167
 -0.00358446   0.00183312  0.000893042
 0.000304167  0.000893042     0.028026
  0.00780796  -0.00322637 -0.000834471
 -0.00322637   0.00162602  0.000329534
-0.000834471  0.000329534    0.0280924
  0.00745527  -0.00292917  -0.00143289
 -0.00292917    0.0014448  0.000197869
 -0.00143289  0.000197869    0.0280104
  0.00857368  -0.00340679  -0.00202502
 -0.00340679    0.0015829 -0.000476706
 -0.00202502 -0.000476706    0.0270978
  0.00840578  -0.00306922  -0.00252748
 -0.00306922    0.0013492 -0.000470332
 -0.00252748 -0.000470332    0.0269694
  0.00745511  -0.00266172  -0.00193079
 -0.00266172   0.00122461  0.000215622
 -0.00193079  0.000215622     0.027704
   0.0103405  -0.00396971  -0.00359479
 -0.00396971   0.00173962 -0.000352075
 -0.00359479 -0.000352075    0.0244475
   0.0145217  -0.00648544  -0.00237579
 -0.00648544   0.00299097  0.000925337
 -0.00237579  0.000925337    0.0207744
   0.0118117  -0.00504746  -0.00100891
 -0.00504746   0.00228974  0.000535882
 -0.00100891  0.000535882      0.02442
   0.0119159  -0.00510226 -0.000537053
 -0.00510226   0.00232728  0.000907875
-0.000537053  0.000907875    0.0242078
   0.0145472  -0.00659274  -0.00187106
 -0.00659274   0.00308849    0.0012083
 -0.00187106    0.0012083    0.0206753
   0.0100824  -0.00415182  0.000688677
 -0.00415182   0.00195486  0.000948342
 0.000688677  0.000948342    0.0268081
   0.0117839  -0.00510658 -6.39806e-05
 -0.00510658   0.00236133   0.00114163
-6.39806e-05   0.00114163    0.0239884
   0.0101014  -0.00416562   0.00104368
 -0.00416562   0.00196266   0.00123414
  0.00104368   0.00123414    0.0265396
   0.0140118  -0.00646602  -0.00135453
 -0.00646602   0.00309147   0.00144457
 -0.00135453   0.00144457    0.0207985
  0.00914657  -0.00370657   0.00166398
 -0.00370657   0.00192549   0.00177418
  0.00166398   0.00177418    0.0275274
   0.0090645  -0.00368474   0.00131869
 -0.00368474   0.00192113   0.00156609
  0.00131869   0.00156609    0.0277536
  0.00883495  -0.00364994  0.000837496
 -0.00364994   0.00188781   0.00124457
 0.000837496   0.00124457    0.0279124
  0.00990074  -0.00412439  0.000206303
 -0.00412439   0.00193778  0.000577328
 0.000206303  0.000577328    0.0269912
    0.005557  -0.00838961  -0.00131335
 -0.00838961    0.0250857    0.0145238
 -0.00131335    0.0145238     0.015672
  0.00584408  -0.00835577 -0.000811639
 -0.00835577    0.0239079    0.0137578
-0.000811639    0.0137578     0.015977
  0.00607721  -0.00828887  -0.00136342
 -0.00828887    0.0201231    0.0128713
 -0.00136342    0.0128713    0.0172549
  0.00638537  -0.00825971 -0.000821488
 -0.00825971    0.0192533    0.0121444
-0.000821488    0.0121444    0.0173852
  0.00618086  -0.00829821 -0.000309888
 -0.00829821    0.0227973    0.0131036
-0.000309888    0.0131036    0.0162097
  0.00660904  -0.00814627  -0.00134194
 -0.00814627    0.0160004    0.0110811
 -0.00134194    0.0110811    0.0185289
  0.00673056  -0.00818842 -0.000299065
 -0.00818842    0.0184956    0.0116365
