           0            0            0
           0            0            0
           0            0            0
     0.03091  -0.00303046   0.00776776
 -0.00303046  0.000644475  -0.00213765
  0.00776776  -0.00213765    0.0179892
   0.0269172  -0.00244248    0.0103884
 -0.00244248  0.000412664  -0.00172817
   0.0103884  -0.00172817    0.0219558
   0.0229595   -0.0027251    0.0128775
  -0.0027251  0.000473879  -0.00148596
   0.0128775  -0.00148596    0.0242572
   0.0219843  -0.00317809    0.0140162
 -0.00317809  0.000599009  -0.00112045
   0.0140162  -0.00112045    0.0243491
   0.0220645  -0.00356278    0.0133472
 -0.00356278  0.000742994 -0.000777517
   0.0133472 -0.000777517    0.0244606
   0.0198543  -0.00338922    0.0117674
 -0.00338922   0.00069847 -0.000940246
   0.0117674 -0.000940246    0.0220758
   0.0206115  -0.00371585    0.0107479
 -0.00371585  0.000813795 -0.000663194
   0.0107479 -0.000663194    0.0231367
   0.0221713  -0.00380624    0.0121384
 -0.00380624  0.000836978 -0.000582164
   0.0121384 -0.000582164    0.0245914
   0.0203458  -0.00372461   0.00855111
 -0.00372461  0.000830772 -0.000577875
  0.00855111 -0.000577875    0.0237898
   0.0220291  -0.00387116    0.0100419
 -0.00387116  0.000855917 -0.000539173
   0.0100419 -0.000539173    0.0252822
   0.0202056  -0.00345553   0.00590188
 -0.00345553  0.000761346 -0.000711742
  0.00590188 -0.000711742    0.0246982
    0.022118  -0.00387701   0.00898214
 -0.00387701  0.000827792 -0.000683727
  0.00898214 -0.000683727    0.0253535
   0.0451057  0.000948465    0.0165025
 0.000948465  0.000991727   0.00296644
   0.0165025   0.00296644    0.0221918
   0.0393108  -0.00034433     0.018889
 -0.00034433   0.00126335   0.00377711
    0.018889   0.00377711    0.0261666
   0.0383591  0.000414056    0.0184789
 0.000414056  0.000955615   0.00348119
   0.0184789   0.00348119    0.0261093
   0.0350977 -0.000321535    0.0206051
-0.000321535   0.00124866    0.0040411
   0.0206051    0.0040411    0.0292433
    0.035169 -0.000970995    0.0204645
-0.000970995   0.00156076   0.00420544
   0.0204645   0.00420544    0.0289879
   0.0325421 -0.000162638    0.0192249
-0.000162638  0.000950099   0.00345159
   0.0192249   0.00345159    0.0286673
   0.0325145  -0.00092452     0.020879
 -0.00092452   0.00145755   0.00409634
    0.020879   0.00409634     0.030353
   0.0305704 -0.000783652    0.0198692
-0.000783652   0.00118307   0.00364489
   0.0198692   0.00364489    0.0299531
   0.0301071  -0.00137556    0.0196269
 -0.00137556   0.00128183   0.00342112
   0.0196269   0.00342112    0.0300131
   0.0320762  -0.00145165    0.0203662
 -0.00145165   0.00172134   0.00415432
   0.0203662   0.00415432    0.0299226
   0.0317872  -0.00154784     0.020413
 -0.00154784   0.00149673   0.00372769
    0.020413   0.00372769    0.0303234
   0.0310582  -0.00201842     0.019684
 -0.00201842    0.0016942   0.00370118
    0.019684   0.00370118    0.0298761
   0.0282033  -0.00104493    0.0184846
 -0.00104493  0.000929394   0.00281472
   0.0184846   0.00281472    0.0293505
   0.0277423  -0.00158505    0.0183129
 -0.00158505   0.00107706   0.00275134
   0.0183129   0.00275134    0.0294436
   0.0263105  -0.00208744    0.0175119
 -0.00208744  0.000905617   0.00182478
   0.0175119   0.00182478    0.0291894
   0.0270355  -0.00158962    0.0178016
 -0.00158962    0.0007294   0.00172767
   0.0178016   0.00172767    0.0291906
   0.0301206 -0.000423809    0.0177993
-0.000423809  0.000693286    0.0025002
   0.0177993    0.0025002    0.0280725
   0.0293952 -0.000984789    0.0174085
-0.000984789  0.000512713   0.00131646
   0.0174085   0.00131646    0.0281198
   0.0332279  0.000354042    0.0156364
 0.000354042   0.00047902   0.00179616
   0.0156364   0.00179616    0.0249887
   0.0354026  0.000613893     0.016868
 0.000613893  0.000687624   0.00278946
    0.016868   0.00278946    0.0254332
   0.0398834   0.00181012    0.0138156
  0.00181012  0.000553992   0.00182578
   0.0138156   0.00182578    0.0211683
    0.033139 -0.000249169    0.0154199
-0.000249169  0.000350458  0.000613245
   0.0154199  0.000613245    0.0252684
   0.0381452    0.0013753    0.0129361
   0.0013753  0.000389168  0.000890895
   0.0129361  0.000890895     0.020922
   0.0395221  0.000448166    0.0130548
 0.000448166  0.000312589 -0.000216842
   0.0130548 -0.000216842    0.0214851
    0.043015   0.00171305    0.0154625
  0.00171305  0.000754306   0.00255764
   0.0154625   0.00255764    0.0218137
    0.030247  -0.00263167    0.0183005
 -0.00263167    0.0015246   0.00296364
   0.0183005   0.00296364    0.0292148
   0.0312023  -0.00223701    0.0191066
 -0.00223701   0.00138598   0.00302626
   0.0191066   0.00302626    0.0295528
   0.0306449  -0.00276742    0.0177344
 -0.00276742   0.00117759   0.00213025
   0.0177344   0.00213025    0.0288349
   0.0294462  -0.00307024    0.0168455
 -0.00307024   0.00126333   0.00204884
   0.0168455   0.00204884     0.028567
   0.0293874  -0.00253907    0.0172146
 -0.00253907   0.00108015   0.00204883
   0.0172146   0.00204883    0.0285446
   0.0300532   -0.0031353    0.0163191
  -0.0031353  0.000938834   0.00109981
   0.0163191   0.00109981    0.0281268
   0.0290469  -0.00289358    0.0159133
 -0.00289358  0.000876537   0.00110744
   0.0159133   0.00110744    0.0278626
   0.0287036  -0.00309631    0.0146526
 -0.00309631  0.000691224  7.34539e-05
   0.0146526  7.34539e-05    0.0272201
   0.0286293  -0.00333177    0.0153442
 -0.00333177   0.00098744   0.00102828
   0.0153442   0.00102828    0.0278809
   0.0294741  -0.00335492    0.0149578
 -0.00335492  0.000739755  3.49077e-06
   0.0149578  3.49077e-06    0.0274376
   0.0277969  -0.00345828      0.01387
 -0.00345828  0.000769039 -2.06215e-05
     0.01387 -2.06215e-05    0.0271493
   0.0268703  -0.00285758     0.014837
 -0.00285758   0.00083469  0.000928342
    0.014837  0.000928342    0.0273909
   0.0266312  -0.00295864    0.0136072
 -0.00295864  0.000663511  3.56499e-05
   0.0136072  3.56499e-05    0.0267691
   0.0247931  -0.00308276     0.012682
 -0.00308276  0.000677217 -0.000155061
    0.012682 -0.000155061    0.0264277
   0.0251182  -0.00309095     0.013984
 -0.00309095  0.000827393  0.000564633
    0.013984  0.000564633    0.0270864
   0.0271212  -0.00258583    0.0160852
 -0.00258583  0.000998211   0.00171379
   0.0160852   0.00171379    0.0280511
   0.0254476  -0.00291472     0.015268
 -0.00291472  0.000946694   0.00116626
    0.015268   0.00116626    0.0277715
     0.02739  -0.00215775      0.01725
 -0.00215775   0.00109208   0.00233467
     0.01725   0.00233467    0.0287258
   0.0297201  -0.00203079    0.0184644
 -0.00203079   0.00123235    0.0028366
   0.0184644    0.0028366    0.0292532
   0.0258096  -0.00257291    0.0164435
 -0.00257291  0.000978564   0.00159743
   0.0164435   0.00159743    0.0284631
   0.0234643  -0.00398149    0.0118827
 -0.00398149  0.000885975 -0.000431279
   0.0118827 -0.000431279    0.0261188
   0.0235292  -0.00386418    0.0131075
 -0.00386418  0.000878245 -0.000344841
   0.0131075 -0.000344841    0.0261057
   0.0249089   -0.0037616    0.0147239
  -0.0037616  0.000911111 -1.06901e-05
   0.0147239 -1.06901e-05     0.027461
   0.0233138  -0.00357266    0.0143273
 -0.00357266  0.000783901 -0.000477244
   0.0143273 -0.000477244    0.0258057
   0.0252034  -0.00348147    0.0158339
 -0.00348147  0.000843263  6.94833e-05
   0.0158339  6.94833e-05    0.0280202
    0.025443  -0.00304421    0.0167351
 -0.00304421  0.000692691 -4.25962e-05
   0.0167351 -4.25962e-05    0.0283666
   0.0235948  -0.00319312    0.0153375
 -0.00319312  0.000638056  -0.00070975
   0.0153375  -0.00070975    0.0260901
   0.0258189  -0.00315156    0.0165385
 -0.00315156  0.000909267  0.000729803
   0.0165385  0.000729803    0.0287179
   0.0263029  -0.00270506    0.0175701
 -0.00270506    0.0007899  0.000778589
   0.0175701  0.000778589    0.0294575
   0.0252151  -0.00341777    0.0152379
 -0.00341777  0.000926996  0.000496998
   0.0152379  0.000496998    0.0279259
    0.024705  -0.00351962    0.0138248
 -0.00351962  0.000854084   8.4543e-05
   0.0138248   8.4543e-05    0.0271322
    0.024397  -0.00383759    0.0134135
 -0.00383759  0.000877589 -0.000273407
   0.0134135 -0.000273407    0.0269357
   0.0240879  -0.00376711    0.0121551
 -0.00376711  0.000788371 -0.000724416
   0.0121551 -0.000724416    0.0261905
    0.024185  -0.00343429    0.0123728
 -0.00343429  0.000728887 -0.000463175
   0.0123728 -0.000463175    0.0263717
   0.0231337  -0.00389129    0.0107485
 -0.00389129  0.000813605 -0.000754388
   0.0107485 -0.000754388    0.0258311
   0.0244602  -0.00270609    0.0150531
 -0.00270609  0.000484849  -0.00107065
   0.0150531  -0.00107065    0.0262387
    0.028118  -0.00232507    0.0134774
 -0.00232507  0.000387977  -0.00143476
   0.0134774  -0.00143476    0.0248003
   0.0287088  -0.00201477    0.0154046
 -0.00201477  0.000374825 -0.000851467
   0.0154046 -0.000851467    0.0265521
   0.0319647  -0.00213131     0.010321
 -0.00213131  0.000413607  -0.00176995
    0.010321  -0.00176995    0.0208799
   0.0324781  -0.00174192    0.0121188
 -0.00174192  0.000370649  -0.00137349
   0.0121188  -0.00137349     0.022428
    0.037732  -0.00186313   0.00969023
 -0.00186313  0.000501448  -0.00188811
  0.00969023  -0.00188811    0.0187272
   0.0355372  -0.00269039   0.00806606
 -0.00269039  0.000620642  -0.00215085
  0.00806606  -0.00215085    0.0177555
   0.0331552  -0.00091662    0.0144529
 -0.00091662  0.000294244 -0.000467403
   0.0144529 -0.000467403    0.0247166
   0.0383055 -0.000675599    0.0116767
-0.000675599  0.000335907  -0.00110701
   0.0116767  -0.00110701    0.0205155
   0.0292597  -0.00156244    0.0169313
 -0.00156244  0.000403423  0.000145491
   0.0169313  0.000145491    0.0279274
   0.0268361  -0.00218612    0.0176943
 -0.00218612  0.000597104   0.00057405
   0.0176943   0.00057405    0.0293353
   0.0259979  -0.00254368    0.0165578
 -0.00254368  0.000512702  -0.00036463
   0.0165578  -0.00036463    0.0280184
   0.0268816   -0.0035093    0.0124031
  -0.0035093  0.000647978  -0.00104258
   0.0124031  -0.00104258     0.026398
   0.0288848  -0.00349137    0.0136338
 -0.00349137  0.000633652   -0.0011109
   0.0136338   -0.0011109    0.0267676
   0.0282755  -0.00357805    0.0123371
 -0.00357805  0.000650992  -0.00219002
   0.0123371  -0.00219002    0.0261442
   0.0258832   -0.0035176    0.0109393
  -0.0035176  0.000650314  -0.00199345
   0.0109393  -0.00199345    0.0256722
   0.0281464  -0.00325817    0.0123073
 -0.00325817  0.000593213  -0.00214276
   0.0123073  -0.00214276    0.0261067
   0.0275136  -0.00366085    0.0110551
 -0.00366085  0.000784086  -0.00317468
   0.0110551  -0.00317468    0.0255722
   0.0278157  -0.00333492    0.0112018
 -0.00333492  0.000726302  -0.00319695
   0.0112018  -0.00319695    0.0256402
   0.0273462   -0.0034384    0.0101648
  -0.0034384  0.000947222  -0.00411293
   0.0101648  -0.00411293    0.0252191
   0.0247986  -0.00350541   0.00951223
 -0.00350541  0.000752448  -0.00283719
  0.00951223  -0.00283719    0.0249867
   0.0265924  -0.00372529   0.00982963
 -0.00372529  0.000992543  -0.00402077
  0.00982963  -0.00402077    0.0250222
   0.0235965  -0.00345999   0.00816155
 -0.00345999  0.000923007  -0.00357147
  0.00816155  -0.00357147    0.0243001
   0.0260756  -0.00277656    0.0101918
 -0.00277656  0.000631327  -0.00301978
   0.0101918  -0.00301978    0.0252629
   0.0259457   -0.0027798   0.00924954
  -0.0027798  0.000830083  -0.00392981
  0.00924954  -0.00392981    0.0248944
   0.0237852  -0.00211723   0.00789183
 -0.00211723  0.000708517  -0.00364616
  0.00789183  -0.00364616    0.0243861
   0.0239051  -0.00233357   0.00892676
 -0.00233357  0.000556306   -0.0028101
  0.00892676   -0.0028101    0.0247968
   0.0261959  -0.00284117    0.0112581
 -0.00284117  0.000527413  -0.00199614
   0.0112581  -0.00199614    0.0256955
   0.0241307  -0.00263239    0.0101078
 -0.00263239  0.000503398  -0.00189213
   0.0101078  -0.00189213    0.0252643
   0.0263681  -0.00293649    0.0123979
 -0.00293649  0.000543277 -0.000952336
   0.0123979 -0.000952336    0.0261939
   0.0283814  -0.00320149    0.0134499
 -0.00320149  0.000580412  -0.00102809
   0.0134499  -0.00102809    0.0266337
   0.0244291  -0.00292074    0.0113748
 -0.00292074  0.000548935 -0.000983756
   0.0113748 -0.000983756    0.0258097
   0.0222811  -0.00333142   0.00687579
 -0.00333142   0.00113645  -0.00425196
  0.00687579  -0.00425196    0.0235696
   0.0255031  -0.00373208    0.0086155
 -0.00373208   0.00123855   -0.0047546
   0.0086155   -0.0047546    0.0244424
   0.0243326  -0.00355182   0.00739991
 -0.00355182   0.00152824  -0.00543881
  0.00739991  -0.00543881    0.0238006
   0.0209137  -0.00300884   0.00567623
 -0.00300884   0.00142705  -0.00495783
  0.00567623  -0.00495783     0.022776
   0.0259921  -0.00350111   0.00808024
 -0.00350111   0.00148419  -0.00556317
  0.00808024  -0.00556317    0.0243404
   0.0230307  -0.00309483   0.00622413
 -0.00309483   0.00189422  -0.00613795
  0.00622413  -0.00613795    0.0230861
   0.0251276  -0.00322408   0.00699372
 -0.00322408   0.00180357  -0.00619741
  0.00699372  -0.00619741    0.0238279
   0.0240435  -0.00261476     0.005927
 -0.00261476   0.00220581  -0.00684185
    0.005927  -0.00684185    0.0232667
   0.0194555  -0.00241626   0.00461509
 -0.00241626   0.00183614  -0.00574474
  0.00461509  -0.00574474    0.0219271
   0.0214878  -0.00230019   0.00512508
 -0.00230019   0.00239734  -0.00689901
  0.00512508  -0.00689901    0.0223339
   0.0178916  -0.00153094   0.00370916
 -0.00153094   0.00245422  -0.00664596
  0.00370916  -0.00664596    0.0210878
   0.0250274  -0.00274999   0.00646417
 -0.00274999   0.00158769  -0.00590264
  0.00646417  -0.00590264    0.0238916
   0.0245181   -0.0023386   0.00552344
  -0.0023386   0.00188916  -0.00643052
  0.00552344  -0.00643052     0.023548
   0.0232739  -0.00164865   0.00412736
 -0.00164865   0.00153187  -0.00579573
  0.00412736  -0.00579573    0.0232597
   0.0233845  -0.00190685   0.00502686
 -0.00190685   0.00132285  -0.00540214
  0.00502686  -0.00540214    0.0234613
   0.0254145  -0.00287245   0.00741686
 -0.00287245   0.00131913  -0.00534068
  0.00741686  -0.00534068     0.024225
   0.0235296  -0.00198547   0.00596756
 -0.00198547   0.00111587  -0.00493663
  0.00596756  -0.00493663    0.0237143
   0.0256936  -0.00284635   0.00833625
 -0.00284635   0.00106647   -0.0046988
  0.00833625   -0.0046988    0.0245573
   0.0267071  -0.00353401   0.00913988
 -0.00353401   0.00120153  -0.00488851
  0.00913988  -0.00488851    0.0247994
   0.0236508  -0.00202682   0.00692993
 -0.00202682  0.000906094  -0.00435949
  0.00692993  -0.00435949    0.0240304
   0.0204588  0.000447229 -0.000840879
 0.000447229   0.00073583   -0.0038771
-0.000840879   -0.0038771    0.0219104
   0.0206732   9.0588e-05  0.000625397
  9.0588e-05  0.000722049  -0.00391339
 0.000625397  -0.00391339    0.0220594
   0.0204311 -6.37544e-05   0.00136876
-6.37544e-05   0.00081193  -0.00418544
  0.00136876  -0.00418544    0.0222793
    0.020748  -0.00048083   0.00279187
 -0.00048083  0.000742699  -0.00397628
  0.00279187  -0.00397628    0.0225924
   0.0211462 -0.000495393   0.00218122
-0.000495393  0.000684364  -0.00375309
  0.00218122  -0.00375309    0.0223727
   0.0208517 -0.000692629   0.00350839
-0.000692629  0.000823249  -0.00422019
  0.00350839  -0.00422019    0.0228299
   0.0212773  -0.00110916   0.00425734
 -0.00110916  0.000662284  -0.00361233
  0.00425734  -0.00361233    0.0230413
   0.0211792   -0.0011105   0.00481485
  -0.0011105  0.000700572  -0.00379395
  0.00481485  -0.00379395    0.0232528
   0.0217575  -0.00167988   0.00616959
 -0.00167988  0.000603031  -0.00324415
  0.00616959  -0.00324415     0.023747
   0.0216719  -0.00126633   0.00367589
 -0.00126633  0.000636194  -0.00342285
  0.00367589  -0.00342285    0.0227552
   0.0220585  -0.00187005   0.00577698
 -0.00187005  0.000608185  -0.00313205
  0.00577698  -0.00313205    0.0235572
   0.0220061  -0.00205756   0.00501467
 -0.00205756  0.000605327  -0.00294228
  0.00501467  -0.00294228    0.0230182
   0.0218761  -0.00140222   0.00563455
 -0.00140222  0.000779068  -0.00403636
  0.00563455  -0.00403636    0.0235465
    0.022174  -0.00172921   0.00677999
 -0.00172921  0.000628694  -0.00340319
  0.00677999  -0.00340319    0.0239786
   0.0217261  -0.00119681    0.0045237
 -0.00119681   0.00094265   -0.0045341
   0.0045237   -0.0045341    0.0231825
   0.0215806  -0.00105528   0.00343173
 -0.00105528   0.00109076  -0.00489402
  0.00343173  -0.00489402    0.0229168
    0.020635 -0.000429946    0.0022307
-0.000429946  0.000925631    -0.004491
   0.0022307    -0.004491    0.0225244
   0.0204548 -0.000217665  0.000996333
-0.000217665  0.000998492  -0.00461623
 0.000996333  -0.00461623    0.0223384
   0.0215177 -0.000853239   0.00241816
-0.000853239   0.00122052  -0.00514488
  0.00241816  -0.00514488    0.0227551
   0.0202517  0.000200775 -8.66405e-07
 0.000200775  0.000849862  -0.00421711
-8.66405e-07  -0.00421711    0.0220992
   0.0217583   -0.0027173   0.00593665
  -0.0027173  0.000600167  -0.00234179
  0.00593665  -0.00234179    0.0233169
   0.0226928  -0.00264949   0.00727697
 -0.00264949  0.000599386  -0.00256521
  0.00727697  -0.00256521    0.0240782
   0.0228771   -0.0032616   0.00864803
  -0.0032616  0.000636917  -0.00192514
  0.00864803  -0.00192514     0.024475
    0.021553  -0.00321722   0.00651039
 -0.00321722  0.000641871  -0.00166919
  0.00651039  -0.00166919    0.0242035
    0.023154  -0.00302309    0.0092332
 -0.00302309  0.000586175   -0.0019419
   0.0092332   -0.0019419    0.0249352
   0.0228361  -0.00365694   0.00980543
 -0.00365694   0.00071433  -0.00129923
  0.00980543  -0.00129923    0.0249127
   0.0236693   -0.0035132     0.010755
  -0.0035132  0.000672898  -0.00129636
    0.010755  -0.00129636    0.0255901
   0.0217621  -0.00361956   0.00749197
 -0.00361956  0.000726861  -0.00109033
  0.00749197  -0.00109033     0.025211
   0.0236167  -0.00316763    0.0108923
 -0.00316763  0.000598404  -0.00112736
   0.0108923  -0.00112736    0.0256542
   0.0230726  -0.00272505   0.00942753
 -0.00272505  0.000524012  -0.00188245
  0.00942753  -0.00188245    0.0250198
   0.0225711  -0.00220721   0.00802723
 -0.00220721  0.000533717  -0.00267232
  0.00802723  -0.00267232    0.0244695
   0.0224424  -0.00236367   0.00763657
 -0.00236367  0.000555589  -0.00261114
  0.00763657  -0.00261114    0.0243046
   0.0206383  -0.00341385   0.00517097
 -0.00341385  0.000714355 -0.000935149
  0.00517097 -0.000935149    0.0251989
   0.0208607  -0.00312847     0.004404
 -0.00312847  0.000634056  -0.00142801
    0.004404  -0.00142801    0.0247797
   0.0190683  -0.00275799   0.00196154
 -0.00275799  0.000604672  -0.00111659
  0.00196154  -0.00111659     0.024188
   0.0207284   -0.0026222   0.00341958
  -0.0026222  0.000575056  -0.00200368
  0.00341958  -0.00200368    0.0239554
    0.019685  -0.00248416   0.00129517
 -0.00248416  0.000546352   -0.0016578
  0.00129517   -0.0016578    0.0242714
   0.0202598  -0.00199873  0.000941199
 -0.00199873  0.000523975  -0.00226713
 0.000941199  -0.00226713    0.0236463
   0.0209689  -0.00203016   0.00290367
 -0.00203016  0.000558647  -0.00257818
  0.00290367  -0.00257818    0.0229812
   0.0186169  -0.00178782  -0.00125606
 -0.00178782  0.000464723  -0.00171464
 -0.00125606  -0.00171464    0.0236844
   0.0212056  -0.00136058   0.00247092
 -0.00136058  0.000583194  -0.00309107
  0.00247092  -0.00309107    0.0220719
   0.0214028 -0.000608966   0.00136096
-0.000608966  0.000617168  -0.00346089
  0.00136096  -0.00346089    0.0219844
   0.0209811 -0.000658509 -0.000266383
-0.000658509  0.000525844  -0.00305946
-0.000266383  -0.00305946    0.0220715
    0.021287  6.20458e-05 -7.21664e-05
 6.20458e-05  0.000635879   -0.0036082
-7.21664e-05   -0.0036082    0.0218328
   0.0215222 -9.94972e-06  -0.00119863
-9.94972e-06  0.000538801  -0.00322621
 -0.00119863  -0.00322621    0.0218109
   0.0218067  0.000473172  -0.00241515
 0.000473172  0.000528096  -0.00311472
 -0.00241515  -0.00311472    0.0215955
    0.020948  0.000542929  -0.00165037
 0.000542929  0.000629557  -0.00351895
 -0.00165037  -0.00351895    0.0216971
   0.0207723 -9.21406e-05  -0.00275896
-9.21406e-05  0.000422976   -0.0027177
 -0.00275896   -0.0027177    0.0217658
   0.0218828  0.000370893  -0.00363624
 0.000370893  0.000415208   -0.0026264
 -0.00363624   -0.0026264    0.0216636
    0.020958  0.000150114   -0.0046047
 0.000150114   0.00030969  -0.00205288
  -0.0046047  -0.00205288    0.0213591
   0.0200927 -0.000213241  -0.00394636
-0.000213241  0.000328974  -0.00222191
 -0.00394636  -0.00222191    0.0221645
   0.0203308  -0.00063928  -0.00198269
 -0.00063928  0.000433296  -0.00264856
 -0.00198269  -0.00264856    0.0226068
   0.0192123 -0.000828844  -0.00331823
-0.000828844  0.000377809  -0.00213395
 -0.00331823  -0.00213395    0.0236152
    0.019655  -0.00132749  -0.00157457
 -0.00132749  0.000449829  -0.00228786
 -0.00157457  -0.00228786    0.0233978
    0.020639  -0.00133499  0.000259857
 -0.00133499  0.000513727   -0.0027196
 0.000259857   -0.0027196    0.0229422
   0.0191247 -0.000238068   -0.0049625
-0.000238068  0.000263428  -0.00191666
  -0.0049625  -0.00191666    0.0225625
   0.0197075  -3.8778e-05  -0.00528092
 -3.8778e-05  0.000238883  -0.00146843
 -0.00528092  -0.00146843    0.0205653
  0.00529553  -0.00487079  -0.00614684
 -0.00487079   0.00476012   0.00503566
 -0.00614684   0.00503566    0.0207772
  0.00549214  -0.00492424  -0.00512338
 -0.00492424   0.00480078     0.004925
 -0.00512338     0.004925    0.0215298
   0.0052313  -0.00429133  -0.00461979
 -0.00429133   0.00392743   0.00386128
 -0.00461979   0.00386128    0.0218722
  0.00571194   -0.0043002  -0.00338264
  -0.0043002   0.00401752   0.00431476
 -0.00338264   0.00431476     0.022764
  0.00592528   -0.0049079  -0.00386358
  -0.0049079   0.00485714    0.0052178
 -0.00386358    0.0052178    0.0222793
   0.0054848  -0.00374125  -0.00286669
 -0.00374125   0.00326785   0.00350653
 -0.00286669   0.00350653    0.0233657
  0.00647284  -0.00414422  -0.00195851
 -0.00414422   0.00413122    0.0052546
 -0.00195851    0.0052546    0.0235753
  0.00628271  -0.00358356  -0.00148645
 -0.00358356   0.00336696   0.00454562
 -0.00148645   0.00454562    0.0243027
  0.00731816  -0.00325376  -4.9487e-05
 -0.00325376   0.00357354   0.00591426
 -4.9487e-05   0.00591426    0.0250557
  0.00664861   -0.0047502  -0.00241157
  -0.0047502   0.00496918   0.00599097
 -0.00241157   0.00599097    0.0229636
  0.00747903  -0.00381927 -0.000455376
 -0.00381927   0.00439353   0.00655014
-0.000455376   0.00655014    0.0242005
  0.00761635  -0.00446268  -0.00088462
 -0.00446268   0.00528288   0.00714417
 -0.00088462   0.00714417    0.0234751
  0.00610086  -0.00314434   -0.0010862
 -0.00314434   0.00275789   0.00400157
  -0.0010862   0.00400157    0.0251513
  0.00713721  -0.00280703  0.000268726
 -0.00280703   0.00289489   0.00534736
 0.000268726   0.00534736     0.026014
  0.00697796   -0.0025389  0.000451668
  -0.0025389   0.00238799   0.00483745
 0.000451668   0.00483745      0.02701
    0.006306  -0.00308105  -0.00104816
 -0.00308105   0.00246881   0.00372773
 -0.00104816   0.00372773    0.0262957
  0.00547637   -0.0034408  -0.00256127
  -0.0034408    0.0027662   0.00302687
 -0.00256127   0.00302687    0.0242608
  0.00587012  -0.00348372   -0.0025631
 -0.00348372   0.00258966   0.00282083
  -0.0025631   0.00282083    0.0253852
  0.00506416  -0.00350657  -0.00382685
 -0.00350657   0.00273589    0.0024557
 -0.00382685    0.0024557    0.0232059
   0.0050269  -0.00376333  -0.00414134
 -0.00376333   0.00320086   0.00298861
 -0.00414134   0.00298861    0.0224136
  0.00476831  -0.00364318  -0.00511835
 -0.00364318   0.00308176   0.00283647
 -0.00511835   0.00283647     0.021372
  0.00545975  -0.00356885  -0.00377105
 -0.00356885    0.0025926    0.0022331
 -0.00377105    0.0022331      0.02282
  0.00476823  -0.00337544  -0.00473675
 -0.00337544   0.00261243   0.00224572
 -0.00473675   0.00224572    0.0215045
  0.00507838  -0.00341797  -0.00463049
 -0.00341797   0.00249226   0.00203208
 -0.00463049   0.00203208    0.0212703
  0.00499704  -0.00419084  -0.00561223
 -0.00419084   0.00382868   0.00381797
 -0.00561223   0.00381797    0.0209673
  0.00866399  -0.00407232  0.000544119
 -0.00407232   0.00587351   0.00851905
 0.000544119   0.00851905    0.0237351
  0.00858287   -0.0033818  0.000943005
  -0.0033818   0.00486739   0.00800943
 0.000943005   0.00800943    0.0245825
  0.00952425  -0.00297559   0.00202226
 -0.00297559   0.00554693   0.00935071
  0.00202226   0.00935071    0.0246985
  0.00953509  -0.00368925   0.00166015
 -0.00368925   0.00673387   0.00986921
  0.00166015   0.00986921    0.0237147
  0.00943836  -0.00239677   0.00226633
 -0.00239677   0.00440964    0.0086178
  0.00226633    0.0086178     0.025816
   0.0100617  -0.00271272   0.00262171
 -0.00271272   0.00633833    0.0103563
  0.00262171    0.0103563     0.024624
    0.010037   -0.0021729    0.0027744
  -0.0021729   0.00497172   0.00942046
   0.0027744   0.00942046    0.0258801
   0.0101113  -0.00223603   0.00277125
 -0.00223603   0.00547843   0.00958979
  0.00277125   0.00958979    0.0258633
   0.0100006  -0.00339562    0.0023179
 -0.00339562   0.00773379    0.0109855
   0.0023179    0.0109855    0.0235027
   0.0100791  -0.00269153   0.00272841
 -0.00269153   0.00704217    0.0108143
  0.00272841    0.0108143     0.024478
  0.00997308  -0.00329144   0.00250115
 -0.00329144   0.00864023    0.0116756
  0.00250115    0.0116756    0.0232185
  0.00991427  -0.00182453   0.00271933
 -0.00182453   0.00379555   0.00828181
  0.00271933   0.00828181    0.0272015
   0.0100498  -0.00194895   0.00259416
 -0.00194895   0.00412806   0.00809329
  0.00259416   0.00809329    0.0272863
  0.00989359   -0.0018355   0.00221944
  -0.0018355   0.00308527   0.00643626
  0.00221944   0.00643626    0.0286567
  0.00970035  -0.00167704   0.00247963
 -0.00167704   0.00286683   0.00699831
  0.00247963   0.00699831    0.0284915
  0.00927415  -0.00200691   0.00233935
 -0.00200691   0.00344214   0.00776875
  0.00233935   0.00776875    0.0270167
  0.00904765  -0.00181134   0.00224532
 -0.00181134   0.00266191   0.00682047
  0.00224532   0.00682047    0.0282063
  0.00827378  -0.00238215   0.00147356
 -0.00238215   0.00313151   0.00671548
  0.00147356   0.00671548    0.0266384
  0.00845111  -0.00280336   0.00127306
 -0.00280336   0.00392697   0.00737488
  0.00127306   0.00737488     0.025561
  0.00807007  -0.00213553   0.00153282
 -0.00213553   0.00249692   0.00602771
  0.00153282   0.00602771    0.0277245
    0.014396  -0.00461768  -0.00279795
 -0.00461768   0.00212036   0.00344571
 -0.00279795   0.00344571    0.0235871
   0.0131631  -0.00398271  -0.00170753
 -0.00398271   0.00196402   0.00419072
 -0.00170753   0.00419072    0.0248164
    0.011085  -0.00282694 -0.000188659
 -0.00282694   0.00169525   0.00430726
-0.000188659   0.00430726    0.0271133
   0.0103228  -0.00278045  0.000102289
 -0.00278045   0.00176134   0.00473561
 0.000102289   0.00473561    0.0274086
    0.013033  -0.00430964  -0.00199179
 -0.00430964   0.00219613   0.00446437
 -0.00199179   0.00446437    0.0244093
   0.0090602  -0.00207061   0.00111926
 -0.00207061   0.00173192    0.0050815
  0.00111926    0.0050815    0.0281615
  0.00996741   -0.0032447 -0.000502137
  -0.0032447   0.00199835    0.0045862
-0.000502137    0.0045862    0.0271787
  0.00828404  -0.00236425  0.000696847
 -0.00236425    0.0018421   0.00484491
 0.000696847   0.00484491    0.0281615
  0.00815173  -0.00312936 -0.000499814
 -0.00312936   0.00217608   0.00431491
-0.000499814   0.00431491    0.0282244
   0.0118971  -0.00449908  -0.00233299
 -0.00449908   0.00243742   0.00443911
 -0.00233299   0.00443911    0.0234219
  0.00946996  -0.00395695  -0.00180765
 -0.00395695   0.00240368   0.00413264
 -0.00180765   0.00413264     0.024979
   0.0110742  -0.00502354  -0.00319741
 -0.00502354   0.00288476    0.0042281
 -0.00319741    0.0042281    0.0222396
  0.00784125  -0.00203827   0.00138997
 -0.00203827   0.00202448   0.00533915
  0.00138997   0.00533915     0.028166
  0.00728597  -0.00265613  0.000209832
 -0.00265613   0.00216355    0.0045138
 0.000209832    0.0045138    0.0278742
  0.00884671  -0.00180092   0.00184693
 -0.00180092   0.00207445   0.00587366
  0.00184693   0.00587366    0.0285339
  0.00959344   -0.0017426   0.00186828
  -0.0017426   0.00217432   0.00578306
  0.00186828   0.00578306    0.0289698
   0.0100336  -0.00215272  0.000890968
 -0.00215272   0.00176402   0.00478314
 0.000890968   0.00478314    0.0281231
   0.0107265  -0.00247863   0.00029808
 -0.00247863   0.00189498    0.0038497
  0.00029808    0.0038497    0.0285037
  0.00994394  -0.00195277   0.00141951
 -0.00195277   0.00232237   0.00496415
  0.00141951   0.00496415    0.0292699
   0.0121299  -0.00334496  -0.00115993
 -0.00334496   0.00181905   0.00337458
 -0.00115993   0.00337458    0.0263892
   0.0104174   -0.0052818  -0.00369493
  -0.0052818     0.003135   0.00401061
 -0.00369493   0.00401061    0.0216975
  0.00902761  -0.00452727  -0.00301868
 -0.00452727   0.00279479   0.00366782
 -0.00301868   0.00366782    0.0229903
  0.00885961  -0.00506204  -0.00436121
 -0.00506204   0.00319855   0.00349519
 -0.00436121   0.00349519    0.0225303
   0.0100675  -0.00557666  -0.00446774
 -0.00557666   0.00342757   0.00394647
 -0.00446774   0.00394647    0.0216474
  0.00763644  -0.00438953  -0.00373543
 -0.00438953   0.00288298   0.00307635
 -0.00373543   0.00307635    0.0232637
  0.00797937  -0.00497168  -0.00511937
 -0.00497168   0.00327507   0.00319951
 -0.00511937   0.00319951    0.0218131
  0.00728255   -0.0045565  -0.00485229
  -0.0045565   0.00304307   0.00266929
 -0.00485229   0.00266929    0.0225488
   0.0066244  -0.00425269  -0.00556019
 -0.00425269   0.00290223   0.00242555
 -0.00556019   0.00242555    0.0220164
  0.00875514  -0.00537877   -0.0052982
 -0.00537877   0.00348056   0.00356164
  -0.0052982   0.00356164    0.0201573
  0.00713794  -0.00455264  -0.00570298
 -0.00455264   0.00304884   0.00285768
 -0.00570298   0.00285768    0.0205869
  0.00790792  -0.00508399  -0.00585436
 -0.00508399   0.00339787     0.003472
 -0.00585436     0.003472    0.0197747
   0.0062477  -0.00393753  -0.00423658
 -0.00393753   0.00270273   0.00241115
 -0.00423658   0.00241115    0.0223808
  0.00553971  -0.00362407  -0.00500385
 -0.00362407   0.00254839   0.00209437
 -0.00500385   0.00209437    0.0212981
  0.00656548  -0.00380902  -0.00299196
 -0.00380902    0.0026309   0.00281867
 -0.00299196   0.00281867    0.0242663
  0.00691466  -0.00331239  -0.00131863
 -0.00331239   0.00240291   0.00364625
 -0.00131863   0.00364625    0.0274997
  0.00782183  -0.00384673  -0.00220761
 -0.00384673   0.00253204   0.00358037
 -0.00220761   0.00358037    0.0252405
  0.00954126  -0.00335943   0.00232158
 -0.00335943   0.00924171    0.0118845
  0.00232158    0.0118845    0.0229723
  0.00966965  -0.00289773   0.00245036
 -0.00289773   0.00746721    0.0106955
  0.00245036    0.0106955    0.0243674
  0.00903567  -0.00322941   0.00195782
 -0.00322941   0.00750177    0.0101138
  0.00195782    0.0101138    0.0243479
  0.00890824  -0.00353925    0.0019301
 -0.00353925   0.00943226     0.011682
   0.0019301     0.011682    0.0228278
   0.0091109   -0.0030115   0.00175327
  -0.0030115   0.00575728   0.00814503
  0.00175327   0.00814503    0.0259333
  0.00837228  -0.00353436   0.00137108
 -0.00353436   0.00721354   0.00928484
  0.00137108   0.00928484    0.0244444
  0.00845805   -0.0034152   0.00105292
  -0.0034152   0.00547222   0.00693925
  0.00105292   0.00693925     0.026113
  0.00788835   -0.0036395  0.000337392
  -0.0036395    0.0050302   0.00573793
 0.000337392   0.00573793    0.0263941
  0.00824155  -0.00371374   0.00144171
 -0.00371374   0.00925949     0.011221
  0.00144171     0.011221    0.0228135
  0.00777184  -0.00370148  0.000753869
 -0.00370148   0.00672494    0.0083989
 0.000753869    0.0083989     0.024636
  0.00763558  -0.00379219  0.000912012
 -0.00379219   0.00883806    0.0106578
 0.000912012    0.0106578    0.0229008
   0.0085067    -0.003342  0.000501199
   -0.003342   0.00421736   0.00439242
 0.000501199   0.00439242    0.0277376
  0.00796829  -0.00359011 -0.000297541
 -0.00359011   0.00394556   0.00290273
-0.000297541   0.00290273    0.0280843
   0.0080207  -0.00354268  -0.00104864
 -0.00354268    0.0034643  0.000135144
 -0.00104864  0.000135144    0.0296548
  0.00853036  -0.00328924 -0.000193056
 -0.00328924   0.00348353   0.00180906
-0.000193056   0.00180906    0.0292625
  0.00913914  -0.00288044   0.00131335
 -0.00288044   0.00437496   0.00592639
  0.00131335   0.00592639    0.0274985
  0.00912527  -0.00280538  0.000708416
 -0.00280538   0.00343423   0.00358577
 0.000708416   0.00358577    0.0289731
  0.00973169  -0.00234361   0.00206342
 -0.00234361   0.00436307   0.00724414
  0.00206342   0.00724414     0.027364
  0.00973292  -0.00255688   0.00237388
 -0.00255688    0.0057776   0.00911364
  0.00237388   0.00911364     0.025861
  0.00964918  -0.00225205   0.00157258
 -0.00225205   0.00330422   0.00521824
  0.00157258   0.00521824    0.0287895
  0.00709599   -0.0037479  0.000352118
  -0.0037479   0.00824762    0.0101415
 0.000352118    0.0101415    0.0230382
   0.0072521  -0.00368014  9.38533e-05
 -0.00368014   0.00613706   0.00762152
 9.38533e-05   0.00762152    0.0248786
  0.00679866  -0.00350223    -0.000604
 -0.00350223   0.00551076   0.00706952
   -0.000604   0.00706952     0.025142
  0.00662788  -0.00358974 -0.000233334
 -0.00358974   0.00759932   0.00975005
-0.000233334   0.00975005    0.0231793
  0.00699206  -0.00339152  -0.00119529
 -0.00339152   0.00401193   0.00398279
 -0.00119529   0.00398279    0.0270727
  0.00640858  -0.00322456  -0.00133869
 -0.00322456   0.00493275    0.0067208
 -0.00133869    0.0067208    0.0254146
  0.00663183  -0.00303454  -0.00201643
 -0.00303454   0.00348934   0.00354107
 -0.00201643   0.00354107    0.0274384
  0.00634622  -0.00265352  -0.00277287
 -0.00265352    0.0029913   0.00336881
 -0.00277287   0.00336881    0.0276023
  0.00623174  -0.00335519  -0.00084861
 -0.00335519    0.0069847   0.00947541
 -0.00084861   0.00947541     0.023309
  0.00608989  -0.00290724  -0.00205552
 -0.00290724    0.0044099   0.00658707
 -0.00205552   0.00658707    0.0254325
  0.00591331  -0.00308106  -0.00147573
 -0.00308106   0.00645141   0.00931814
 -0.00147573   0.00931814    0.0234305
   0.0068698  -0.00282146  -0.00281242
 -0.00282146   0.00279751   0.00025932
 -0.00281242   0.00025932    0.0292549
  0.00674316  -0.00237759   -0.0035552
 -0.00237759   0.00230094  0.000130142
  -0.0035552  0.000130142    0.0291638
  0.00701294  -0.00211313  -0.00427432
 -0.00211313    0.0023113  -0.00289042
 -0.00427432  -0.00289042    0.0308613
  0.00706771   -0.0026335  -0.00358433
  -0.0026335   0.00279705  -0.00274557
 -0.00358433  -0.00274557    0.0307618
  0.00717988  -0.00326679  -0.00195235
 -0.00326679   0.00323543  0.000778721
 -0.00195235  0.000778721    0.0288745
  0.00732385  -0.00314515  -0.00273314
 -0.00314515   0.00317051  -0.00220539
 -0.00273314  -0.00220539    0.0304493
  0.00753518  -0.00355415  -0.00111228
 -0.00355415   0.00362139   0.00165461
 -0.00111228   0.00165461    0.0284804
  0.00740134  -0.00362311 -0.000410102
 -0.00362311   0.00453239    0.0047088
-0.000410102    0.0047088    0.0267245
  0.00762472  -0.00348436  -0.00188598
 -0.00348436   0.00337553  -0.00124365
 -0.00188598  -0.00124365    0.0300712
   0.0130543  -0.00597407  -0.00760913
 -0.00597407   0.00483962  -0.00259344
 -0.00760913  -0.00259344    0.0238491
   0.0135757  -0.00643451  -0.00731503
 -0.00643451   0.00509683  -0.00275112
 -0.00731503  -0.00275112    0.0240291
   0.0106335  -0.00455201  -0.00629213
 -0.00455201   0.00441557  -0.00467927
 -0.00629213  -0.00467927    0.0279486
   0.0110392  -0.00495863  -0.00580452
 -0.00495863   0.00442591   -0.0043723
 -0.00580452   -0.0043723    0.0278866
    0.014068  -0.00666655  -0.00698433
 -0.00666655   0.00498233  -0.00261978
 -0.00698433  -0.00261978    0.0240024
   0.0088988  -0.00380589  -0.00458942
 -0.00380589   0.00395633  -0.00513027
 -0.00458942  -0.00513027    0.0304624
   0.0114331  -0.00511395  -0.00529065
 -0.00511395   0.00411896  -0.00372384
 -0.00529065  -0.00372384    0.0276369
  0.00923431  -0.00408277  -0.00392457
 -0.00408277   0.00378714  -0.00426455
 -0.00392457  -0.00426455    0.0301563
  0.00962808  -0.00408601  -0.00320492
 -0.00408601   0.00342952  -0.00299466
 -0.00320492  -0.00299466    0.0297563
   0.0144421   -0.0066738  -0.00661192
  -0.0066738   0.00458894  -0.00217721
 -0.00661192  -0.00217721    0.0237819
   0.0117951  -0.00504646  -0.00469412
 -0.00504646   0.00362181  -0.00266919
 -0.00469412  -0.00266919    0.0272549
   0.0147274  -0.00649047  -0.00614694
 -0.00649047   0.00402576  -0.00140464
 -0.00614694  -0.00140464    0.0234581
  0.00799967  -0.00353754  -0.00284887
 -0.00353754   0.00344869  -0.00334158
 -0.00284887  -0.00334158    0.0308103
  0.00837867  -0.00359337  -0.00204275
 -0.00359337   0.00330808  -0.00195072
 -0.00204275  -0.00195072    0.0303889
  0.00770935   -0.0032004   -0.0036312
  -0.0032004   0.00343426   -0.0042987
  -0.0036312   -0.0042987    0.0311519
  0.00747845  -0.00264882  -0.00441181
 -0.00264882   0.00317139  -0.00481802
 -0.00441181  -0.00481802    0.0313615
  0.00860593  -0.00328709  -0.00524472
 -0.00328709   0.00379869  -0.00556419
 -0.00524472  -0.00556419    0.0305789
  0.00853724  -0.00265358   -0.0058021
 -0.00265358   0.00329875  -0.00558112
  -0.0058021  -0.00558112    0.0305632
  0.00757598   -0.0020906  -0.00504712
  -0.0020906   0.00267588  -0.00486847
 -0.00504712  -0.00486847    0.0312611
   0.0104172  -0.00397721  -0.00673083
 -0.00397721   0.00400358  -0.00460674
 -0.00673083  -0.00460674    0.0278059
   0.0149577  -0.00616259  -0.00554078
 -0.00616259   0.00341651 -0.000328739
 -0.00554078 -0.000328739    0.0231273
   0.0121376  -0.00475652  -0.00397678
 -0.00475652    0.0030604  -0.00128659
 -0.00397678  -0.00128659    0.0268806
    0.012425  -0.00434341  -0.00313987
 -0.00434341   0.00250793  0.000355981
 -0.00313987  0.000355981    0.0265624
   0.0151735  -0.00575061  -0.00476631
 -0.00575061   0.00282669  0.000943728
 -0.00476631  0.000943728     0.022957
   0.0104774  -0.00338793  -0.00146937
 -0.00338793   0.00250806  0.000487392
 -0.00146937  0.000487392    0.0290346
   0.0125271  -0.00385829  -0.00214748
 -0.00385829   0.00208377   0.00196794
 -0.00214748   0.00196794     0.026364
   0.0107744  -0.00289466 -0.000548315
 -0.00289466   0.00213815   0.00233609
-0.000548315   0.00233609    0.0287895
   0.0149063  -0.00514895  -0.00377713
 -0.00514895   0.00236375   0.00229169
 -0.00377713   0.00229169    0.0231565
  0.00979918  -0.00234904  0.000684934
 -0.00234904    0.0025335   0.00349414
 0.000684934   0.00349414    0.0294553
  0.00937435  -0.00287693 -0.000234373
 -0.00287693     0.002799   0.00166815
-0.000234373   0.00166815    0.0296698
  0.00885671    -0.003335  -0.00117875
   -0.003335   0.00308294 -0.000234606
 -0.00117875 -0.000234606    0.0299847
   0.0100575  -0.00383094  -0.00238501
 -0.00383094    0.0029816  -0.00136824
 -0.00238501  -0.00136824    0.0293553
  0.00423742    -0.008628  -0.00321773
   -0.008628    0.0265099    0.0154186
 -0.00321773    0.0154186    0.0148104
  0.00487414  -0.00853194  -0.00241071
 -0.00853194    0.0251949    0.0149721
 -0.00241071    0.0149721    0.0157454
   0.0049454  -0.00824791   -0.0031028
 -0.00824791    0.0206539    0.0137496
  -0.0031028    0.0137496    0.0169841
  0.00569471   -0.0081869   -0.0021154
  -0.0081869    0.0196924    0.0132498
  -0.0021154    0.0132498    0.0177246
  0.00566586  -0.00842361  -0.00151035
 -0.00842361    0.0239777    0.0146377
 -0.00151035    0.0146377    0.0166914
  0.00577803  -0.00790957  -0.00280017
 -0.00790957    0.0158433    0.0118849
 -0.00280017    0.0118849    0.0187193
  0.00655926  -0.00813716  -0.00110635
 -0.00813716    0.0189255    0.0129574
