           0            0            0
           0            0            0
           0            0            0
   0.0312867  -0.00345157   0.00805164
 -0.00345157  0.000763283  -0.00230759
  0.00805164  -0.00230759    0.0181306
   0.0272686  -0.00274171    0.0106488
 -0.00274171  0.000480798  -0.00186773
   0.0106488  -0.00186773     0.022114
   0.0232784   -0.0029471    0.0131175
  -0.0029471  0.000531814  -0.00159998
   0.0131175  -0.00159998    0.0244325
   0.0223009  -0.00336859    0.0142415
 -0.00336859  0.000656534  -0.00119751
   0.0142415  -0.00119751    0.0245242
   0.0223813  -0.00373316    0.0135456
 -0.00373316   0.00080264 -0.000805362
   0.0135456 -0.000805362     0.024623
   0.0201654  -0.00355644    0.0119648
 -0.00355644  0.000757742  -0.00096693
   0.0119648  -0.00096693    0.0222292
   0.0209389   -0.0038707    0.0109103
  -0.0038707  0.000874483 -0.000643936
   0.0109103 -0.000643936    0.0232803
   0.0224908  -0.00395885       0.0123
 -0.00395885  0.000895875 -0.000569373
      0.0123 -0.000569373    0.0247407
   0.0206782  -0.00385838   0.00865822
 -0.00385838  0.000884649 -0.000525082
  0.00865822 -0.000525082    0.0239252
    0.022352    -0.004005    0.0101492
   -0.004005  0.000908794 -0.000494198
   0.0101492 -0.000494198     0.025424
   0.0205462  -0.00355935   0.00594312
 -0.00355935  0.000801583 -0.000642121
  0.00594312 -0.000642121    0.0248321
   0.0224392  -0.00399159   0.00905607
 -0.00399159     0.000871 -0.000626487
  0.00905607 -0.000626487    0.0254921
   0.0456436  0.000879467    0.0167299
 0.000879467    0.0010156     0.002982
   0.0167299     0.002982    0.0223016
    0.039844 -0.000416045    0.0191167
-0.000416045   0.00129479    0.0038065
   0.0191167    0.0038065    0.0262832
   0.0387696  0.000333731    0.0186787
 0.000333731  0.000980928   0.00349319
   0.0186787   0.00349319    0.0262309
   0.0355265   -0.0003978    0.0208081
  -0.0003978   0.00128317   0.00406258
   0.0208081   0.00406258    0.0293712
   0.0356905  -0.00102732    0.0206796
 -0.00102732   0.00159888   0.00424656
   0.0206796   0.00424656    0.0291031
   0.0328218 -0.000255549    0.0193836
-0.000255549  0.000979404   0.00345083
   0.0193836   0.00345083    0.0287938
   0.0329481  -0.00098855    0.0210641
 -0.00098855   0.00149622    0.0041262
   0.0210641    0.0041262    0.0304726
    0.030874 -0.000873927    0.0200239
-0.000873927   0.00122078   0.00365094
   0.0200239   0.00365094    0.0300791
   0.0304405  -0.00145876    0.0197673
 -0.00145876   0.00132118   0.00343281
   0.0197673   0.00343281    0.0301312
   0.0325735  -0.00149188    0.0205494
 -0.00149188   0.00175889   0.00420342
   0.0205494   0.00420342    0.0300269
   0.0322398  -0.00160065    0.0205726
 -0.00160065   0.00153174   0.00376185
   0.0205726   0.00376185    0.0304305
   0.0315542  -0.00204809    0.0198319
 -0.00204809   0.00172353   0.00375069
   0.0198319   0.00375069    0.0299703
   0.0284015   -0.0011559    0.0186105
  -0.0011559  0.000964939   0.00279707
   0.0186105   0.00279707    0.0294787
   0.0279629  -0.00169533    0.0184289
 -0.00169533   0.00111872   0.00274115
   0.0184289   0.00274115    0.0295686
    0.026486  -0.00221896    0.0176277
 -0.00221896  0.000948625   0.00179606
   0.0176277   0.00179606    0.0293242
   0.0272089  -0.00172092    0.0179315
 -0.00172092  0.000764356   0.00168486
   0.0179315   0.00168486    0.0293297
    0.030305 -0.000528626    0.0179272
-0.000528626  0.000718517   0.00247528
   0.0179272   0.00247528    0.0281976
   0.0295803  -0.00111186    0.0175503
 -0.00111186  0.000538228   0.00125873
   0.0175503   0.00125873    0.0282602
   0.0334154   0.00026471    0.0157602
  0.00026471  0.000495315   0.00176357
   0.0157602   0.00176357     0.025103
   0.0356633  0.000530755    0.0170166
 0.000530755  0.000707187   0.00278193
   0.0170166   0.00278193    0.0255478
   0.0401394   0.00175413    0.0139488
  0.00175413  0.000568793   0.00181009
   0.0139488   0.00181009    0.0212659
    0.033358  -0.00037244    0.0155719
 -0.00037244  0.000369704  0.000540766
   0.0155719  0.000540766    0.0254038
   0.0383672   0.00130097    0.0130623
  0.00130097  0.000401634  0.000847641
   0.0130623  0.000847641    0.0210255
   0.0398215  0.000289341    0.0132375
 0.000289341  0.000334623 -0.000310786
   0.0132375 -0.000310786    0.0216188
   0.0434047    0.0016517    0.0156454
   0.0016517  0.000773577   0.00255914
   0.0156454   0.00255914    0.0219199
   0.0307383  -0.00265198    0.0184043
 -0.00265198   0.00154107   0.00300685
   0.0184043   0.00300685    0.0292987
   0.0316719  -0.00227717    0.0192286
 -0.00227717   0.00141086   0.00306002
   0.0192286   0.00306002    0.0296439
   0.0311265  -0.00278917    0.0178152
 -0.00278917   0.00118881   0.00215928
   0.0178152   0.00215928    0.0289102
   0.0299226  -0.00307768    0.0169036
 -0.00307768   0.00126599   0.00208059
   0.0169036   0.00208059    0.0286397
    0.029781   -0.0025899    0.0172948
  -0.0025899   0.00110249   0.00206466
   0.0172948   0.00206466    0.0286339
   0.0305334  -0.00313632    0.0163595
 -0.00313632  0.000936988   0.00111922
   0.0163595   0.00111922    0.0281861
   0.0294658  -0.00291785     0.015959
 -0.00291785  0.000885127   0.00111973
    0.015959   0.00111973     0.027937
   0.0291354  -0.00309157    0.0146666
 -0.00309157  0.000688449  7.74544e-05
   0.0146666  7.74544e-05    0.0272801
   0.0290775  -0.00332589    0.0153604
 -0.00332589  0.000979587   0.00104415
   0.0153604   0.00104415    0.0279401
   0.0299375  -0.00333647    0.0149637
 -0.00333647  0.000729832  8.76081e-06
   0.0149637  8.76081e-06    0.0274811
   0.0282035   -0.0034419    0.0138528
  -0.0034419   0.00075662 -2.27126e-05
   0.0138528 -2.27126e-05    0.0271928
    0.027184  -0.00291508    0.0148796
 -0.00291508  0.000855172  0.000929248
   0.0148796  0.000929248    0.0274867
   0.0269753  -0.00298159    0.0136212
 -0.00298159  0.000671074  3.30275e-05
   0.0136212  3.30275e-05    0.0268539
   0.0250542  -0.00313854    0.0127005
 -0.00313854  0.000695494 -0.000162323
   0.0127005 -0.000162323    0.0265366
   0.0253501  -0.00318046    0.0140303
 -0.00318046  0.000858745  0.000558775
   0.0140303  0.000558775    0.0272021
   0.0273997  -0.00267082    0.0161563
 -0.00267082   0.00103131   0.00171402
   0.0161563   0.00171402    0.0281575
   0.0256524  -0.00302816    0.0153408
 -0.00302816  0.000988537   0.00115698
   0.0153408   0.00115698    0.0278937
   0.0276366  -0.00226074    0.0173462
 -0.00226074   0.00113298   0.00233059
   0.0173462   0.00233059    0.0288422
   0.0300828   -0.0021023    0.0185775
  -0.0021023   0.00126608   0.00285171
   0.0185775   0.00285171    0.0293574
   0.0259955  -0.00270005    0.0165395
 -0.00270005   0.00102453   0.00158001
   0.0165395   0.00158001    0.0285916
    0.023759  -0.00411386    0.0119913
 -0.00411386  0.000937635 -0.000399285
   0.0119913 -0.000399285    0.0262614
   0.0238276  -0.00401331    0.0132528
 -0.00401331  0.000935791 -0.000333656
   0.0132528 -0.000333656    0.0262546
   0.0251669  -0.00390546    0.0148533
 -0.00390546  0.000965423 -1.25928e-05
   0.0148533 -1.25928e-05    0.0276087
   0.0236119  -0.00373349      0.01451
 -0.00373349  0.000840407 -0.000499483
     0.01451 -0.000499483    0.0259645
   0.0254676  -0.00363865    0.0159945
 -0.00363865  0.000898158   4.5366e-05
   0.0159945   4.5366e-05    0.0281767
   0.0257145   -0.0032114    0.0169236
  -0.0032114   0.00074264 -9.80786e-05
   0.0169236 -9.80786e-05    0.0285344
   0.0238966  -0.00337073    0.0155492
 -0.00337073  0.000691569 -0.000775087
   0.0155492 -0.000775087     0.026264
   0.0260322  -0.00329627     0.016666
 -0.00329627  0.000959758  0.000705565
    0.016666  0.000705565    0.0288645
   0.0265188  -0.00285584    0.0177212
 -0.00285584  0.000835956  0.000734257
   0.0177212  0.000734257    0.0296126
    0.025428  -0.00355005    0.0153369
 -0.00355005  0.000975422  0.000487132
   0.0153369  0.000487132    0.0280651
   0.0249257  -0.00363139    0.0138933
 -0.00363139  0.000893943  8.16117e-05
   0.0138933  8.16117e-05    0.0272653
   0.0246493  -0.00396233    0.0135092
 -0.00396233  0.000924286 -0.000263029
   0.0135092 -0.000263029    0.0270781
   0.0243443  -0.00386544    0.0122184
 -0.00386544  0.000822452  -0.00071375
   0.0122184  -0.00071375    0.0263303
   0.0244195  -0.00351699    0.0124098
 -0.00351699  0.000756297 -0.000466528
   0.0124098 -0.000466528       0.0265
   0.0234235  -0.00400082    0.0108229
 -0.00400082   0.00085303 -0.000718937
   0.0108229 -0.000718937    0.0259727
   0.0247703  -0.00290402    0.0152836
 -0.00290402  0.000535071  -0.00117579
   0.0152836  -0.00117579     0.026421
   0.0284612  -0.00258078    0.0137317
 -0.00258078  0.000443203   -0.0015721
   0.0137317   -0.0015721    0.0249782
   0.0290182  -0.00222297    0.0156326
 -0.00222297  0.000416994 -0.000972406
   0.0156326 -0.000972406    0.0267299
   0.0323396  -0.00245962    0.0105899
 -0.00245962  0.000486074  -0.00192461
   0.0105899  -0.00192461    0.0210377
   0.0328261  -0.00201553     0.012365
 -0.00201553  0.000427948  -0.00151574
    0.012365  -0.00151574    0.0225892
   0.0381409  -0.00224393   0.00997393
 -0.00224393  0.000590177  -0.00206048
  0.00997393  -0.00206048    0.0188835
    0.035945  -0.00312499   0.00836061
 -0.00312499  0.000736197  -0.00232837
  0.00836061  -0.00232837    0.0178997
   0.0334457  -0.00109977    0.0146533
 -0.00109977  0.000323269 -0.000577716
   0.0146533 -0.000577716     0.024872
   0.0386633 -0.000928447    0.0119083
-0.000928447  0.000382137  -0.00124014
   0.0119083  -0.00124014    0.0206639
   0.0295017  -0.00172115    0.0171142
 -0.00172115  0.000433908  5.49733e-05
   0.0171142  5.49733e-05    0.0280899
   0.0270572  -0.00233944    0.0178623
 -0.00233944  0.000635102  0.000506717
   0.0178623  0.000506717    0.0294962
    0.026276  -0.00272347    0.0167651
 -0.00272347  0.000557229 -0.000454197
   0.0167651 -0.000454197    0.0281948
   0.0272364  -0.00349092    0.0123621
 -0.00349092  0.000637395  -0.00106071
   0.0123621  -0.00106071    0.0264266
   0.0293131  -0.00346073    0.0136139
 -0.00346073   0.00062229  -0.00112186
   0.0136139  -0.00112186    0.0267977
   0.0286558  -0.00354862    0.0122998
 -0.00354862  0.000644338  -0.00221534
   0.0122998  -0.00221534    0.0261653
   0.0261844  -0.00350919    0.0108827
 -0.00350919  0.000646187  -0.00202186
   0.0108827  -0.00202186    0.0256904
   0.0285495  -0.00321455    0.0122788
 -0.00321455  0.000586379  -0.00216593
   0.0122788  -0.00216593    0.0261466
   0.0278408  -0.00364786    0.0110072
 -0.00364786  0.000785958  -0.00320855
   0.0110072  -0.00320855    0.0255907
   0.0281784  -0.00329536    0.0111624
 -0.00329536  0.000725985  -0.00323203
   0.0111624  -0.00323203    0.0256778
   0.0276624  -0.00342036    0.0101204
 -0.00342036  0.000955537  -0.00415355
   0.0101204  -0.00415355    0.0252583
    0.025052  -0.00351771   0.00944642
 -0.00351771  0.000757286  -0.00286776
  0.00944642  -0.00286776    0.0250002
   0.0268705  -0.00374106   0.00977639
 -0.00374106     0.001004  -0.00405632
  0.00977639  -0.00405632     0.025042
   0.0238132  -0.00349841   0.00809195
 -0.00349841  0.000936118  -0.00359788
  0.00809195  -0.00359788    0.0243125
    0.026421  -0.00272044    0.0101504
 -0.00272044  0.000630968  -0.00305559
   0.0101504  -0.00305559     0.025329
   0.0262597  -0.00272991   0.00920291
 -0.00272991  0.000836343  -0.00397296
  0.00920291  -0.00397296    0.0249604
   0.0240704  -0.00204834   0.00783814
 -0.00204834  0.000714613  -0.00369009
  0.00783814  -0.00369009    0.0244806
    0.024205  -0.00227795   0.00888107
 -0.00227795  0.000558242   -0.0028461
  0.00888107   -0.0028461    0.0248928
   0.0265587  -0.00279908    0.0112285
 -0.00279908  0.000523701  -0.00201983
   0.0112285  -0.00201983    0.0257643
    0.024431  -0.00260773    0.0100772
 -0.00260773  0.000505211  -0.00191668
   0.0100772  -0.00191668    0.0253626
   0.0267301  -0.00292369    0.0123866
 -0.00292369  0.000542022 -0.000963755
   0.0123866 -0.000963755    0.0262693
    0.028808  -0.00317172    0.0134386
 -0.00317172  0.000572201   -0.0010369
   0.0134386   -0.0010369    0.0266815
   0.0247152  -0.00293661    0.0113662
 -0.00293661  0.000556109 -0.000997569
   0.0113662 -0.000997569    0.0259123
   0.0224723  -0.00339255    0.0068076
 -0.00339255   0.00115465   -0.0042709
   0.0068076   -0.0042709    0.0235803
    0.025742  -0.00378039   0.00856145
 -0.00378039   0.00125714  -0.00478564
  0.00856145  -0.00478564    0.0244642
   0.0245454  -0.00362629   0.00735045
 -0.00362629   0.00154978  -0.00546279
  0.00735045  -0.00546279    0.0238212
   0.0210882  -0.00308172    0.0056164
 -0.00308172   0.00144679  -0.00497033
   0.0056164  -0.00497033    0.0227806
   0.0262283  -0.00355415    0.0080373
 -0.00355415   0.00150319  -0.00559466
   0.0080373  -0.00559466    0.0243825
   0.0232253  -0.00318021    0.0061865
 -0.00318021   0.00191564  -0.00615587
   0.0061865  -0.00615587    0.0230994
   0.0253405  -0.00330311   0.00695871
 -0.00330311   0.00182233   -0.0062201
  0.00695871   -0.0062201    0.0238658
   0.0242391  -0.00270185   0.00590673
 -0.00270185   0.00222265  -0.00685834
  0.00590673  -0.00685834    0.0232955
   0.0196136  -0.00248666    0.0045718
 -0.00248666   0.00185608  -0.00575472
   0.0045718  -0.00575472    0.0219185
   0.0216634  -0.00237843    0.0051063
 -0.00237843   0.00241907  -0.00691516
   0.0051063  -0.00691516    0.0223341
   0.0180293  -0.00158446    0.0036892
 -0.00158446   0.00247795  -0.00665821
   0.0036892  -0.00665821    0.0210606
   0.0252352  -0.00280036   0.00642461
 -0.00280036   0.00160071  -0.00592565
  0.00642461  -0.00592565     0.023954
   0.0247065  -0.00241236   0.00549459
 -0.00241236   0.00189815  -0.00644235
  0.00549459  -0.00644235    0.0236034
   0.0234386  -0.00169233   0.00408395
 -0.00169233   0.00153336  -0.00580065
  0.00408395  -0.00580065    0.0233369
   0.0235738  -0.00191575   0.00497594
 -0.00191575   0.00133059  -0.00542399
  0.00497594  -0.00542399    0.0235456
    0.025652   -0.0028861   0.00737156
  -0.0028861   0.00133347  -0.00537566
  0.00737156  -0.00537566    0.0242909
    0.023752  -0.00195524   0.00591243
 -0.00195524    0.0011267  -0.00497334
  0.00591243  -0.00497334    0.0238039
   0.0259681  -0.00282198   0.00828872
 -0.00282198   0.00107847  -0.00474147
  0.00828872  -0.00474147     0.024624
   0.0269782  -0.00355037   0.00909422
 -0.00355037   0.00121713  -0.00492729
  0.00909422  -0.00492729    0.0248409
   0.0239078  -0.00196738   0.00687393
 -0.00196738  0.000916278  -0.00440421
  0.00687393  -0.00440421    0.0241232
   0.0206329  0.000507147 -0.000914571
 0.000507147  0.000740163  -0.00388845
-0.000914571  -0.00388845    0.0220393
   0.0208847   0.00017365  0.000552486
  0.00017365  0.000731469  -0.00394692
 0.000552486  -0.00394692    0.0222011
   0.0206191  1.20725e-05   0.00129584
 1.20725e-05  0.000820348  -0.00421576
  0.00129584  -0.00421576    0.0224108
   0.0209671 -0.000394011    0.0027228
-0.000394011  0.000753989  -0.00401919
   0.0027228  -0.00401919     0.022734
    0.021393 -0.000410597   0.00211592
-0.000410597  0.000694385   -0.0037942
  0.00211592   -0.0037942    0.0225248
   0.0210572 -0.000610794   0.00343865
-0.000610794   0.00083412  -0.00426177
  0.00343865  -0.00426177    0.0229579
    0.021524  -0.00103463   0.00419867
 -0.00103463  0.000671969  -0.00365456
  0.00419867  -0.00365456    0.0231899
   0.0214088  -0.00102912   0.00475037
 -0.00102912  0.000711159  -0.00383978
  0.00475037  -0.00383978    0.0233874
   0.0220056  -0.00162118   0.00611734
 -0.00162118  0.000610803  -0.00328352
  0.00611734  -0.00328352    0.0238853
    0.021951   -0.0012014   0.00362459
  -0.0012014  0.000643289   -0.0034575
  0.00362459   -0.0034575    0.0229129
   0.0223296  -0.00182631   0.00573683
 -0.00182631  0.000614901  -0.00316261
  0.00573683  -0.00316261    0.0237087
   0.0223087   -0.0020278   0.00498331
  -0.0020278  0.000609894  -0.00295983
  0.00498331  -0.00295983     0.023175
   0.0221115   -0.0013237    0.0055714
  -0.0013237  0.000789268  -0.00408241
   0.0055714  -0.00408241    0.0236629
   0.0224278  -0.00165929   0.00672279
 -0.00165929  0.000635813  -0.00344644
  0.00672279  -0.00344644    0.0240983
    0.021934  -0.00113287   0.00445913
 -0.00113287  0.000952617  -0.00457294
  0.00445913  -0.00457294    0.0232935
   0.0217555   -0.0010239   0.00336911
  -0.0010239   0.00109621  -0.00491611
  0.00336911  -0.00491611    0.0230199
   0.0208095 -0.000370015   0.00216032
-0.000370015   0.00093206  -0.00451649
  0.00216032  -0.00451649     0.022643
   0.0205948 -0.000194024  0.000928058
-0.000194024  0.000996452  -0.00461713
 0.000928058  -0.00461713    0.0224462
   0.0216615 -0.000860863   0.00235995
-0.000860863     0.001218   -0.0051453
  0.00235995   -0.0051453    0.0228493
   0.0204045  0.000246481 -7.31248e-05
 0.000246481  0.000851032  -0.00422279
-7.31248e-05  -0.00422279    0.0222183
   0.0220702  -0.00272888   0.00592578
 -0.00272888  0.000606492  -0.00233565
  0.00592578  -0.00233565    0.0234675
   0.0229806  -0.00264739   0.00726235
 -0.00264739  0.000606343  -0.00257767
  0.00726235  -0.00257767    0.0242291
   0.0231673  -0.00330216   0.00866336
 -0.00330216  0.000649855  -0.00191789
  0.00866336  -0.00191789    0.0246216
   0.0218727  -0.00326921   0.00651881
 -0.00326921   0.00065645  -0.00163564
  0.00651881  -0.00163564    0.0243479
   0.0234201  -0.00304676   0.00923086
 -0.00304676  0.000597033  -0.00195207
  0.00923086  -0.00195207    0.0250744
   0.0231227   -0.0037342    0.0098508
  -0.0037342  0.000738775  -0.00127576
   0.0098508  -0.00127576    0.0250554
   0.0239325  -0.00357867    0.0107852
 -0.00357867  0.000693832  -0.00129327
   0.0107852  -0.00129327    0.0257293
   0.0220855  -0.00370727   0.00752702
 -0.00370727  0.000755112  -0.00103769
  0.00752702  -0.00103769    0.0253522
   0.0238658    -0.003212     0.010898
   -0.003212  0.000613292  -0.00113716
    0.010898  -0.00113716    0.0257788
   0.0233324  -0.00272547   0.00940499
 -0.00272547  0.000530937  -0.00190332
  0.00940499  -0.00190332    0.0251422
   0.0228328  -0.00216646   0.00798343
 -0.00216646  0.000538616  -0.00270596
  0.00798343  -0.00270596    0.0245909
   0.0227033  -0.00234294   0.00760506
 -0.00234294  0.000562251  -0.00263697
  0.00760506  -0.00263697    0.0244438
   0.0209852  -0.00350029   0.00518672
 -0.00350029  0.000743879 -0.000862421
  0.00518672 -0.000862421    0.0253363
   0.0212111  -0.00318647   0.00439425
 -0.00318647  0.000650302  -0.00137128
  0.00439425  -0.00137128    0.0249227
   0.0194221  -0.00281497   0.00192911
 -0.00281497  0.000624709  -0.00104842
  0.00192911  -0.00104842     0.024321
   0.0210721  -0.00264318    0.0033846
 -0.00264318  0.000581347  -0.00197181
   0.0033846  -0.00197181    0.0241039
     0.02005  -0.00251237    0.0012391
 -0.00251237  0.000554396  -0.00160691
   0.0012391  -0.00160691    0.0244143
   0.0206186  -0.00198865  0.000870435
 -0.00198865  0.000524954  -0.00224553
 0.000870435  -0.00224553     0.023798
    0.021299  -0.00201142   0.00285472
 -0.00201142  0.000560802  -0.00257543
  0.00285472  -0.00257543    0.0231355
   0.0189752  -0.00178966  -0.00134733
 -0.00178966  0.000470259  -0.00167645
 -0.00134733  -0.00167645    0.0238263
   0.0215122  -0.00130552   0.00241641
 -0.00130552  0.000586817  -0.00311408
  0.00241641  -0.00311408    0.0222288
   0.0216823 -0.000528823   0.00129605
-0.000528823  0.000624125   -0.0034962
  0.00129605   -0.0034962     0.022141
   0.0212928 -0.000584988 -0.000348134
-0.000584988  0.000529009  -0.00308411
-0.000348134  -0.00308411    0.0222288
   0.0215303  0.000147927 -0.000144245
 0.000147927  0.000644295   -0.0036405
-0.000144245   -0.0036405    0.0219817
   0.0217994  7.50176e-05  -0.00127841
 7.50176e-05   0.00054506  -0.00325445
 -0.00127841  -0.00325445     0.021965
    0.022041  0.000547536   -0.0024913
 0.000547536  0.000534176  -0.00312739
  -0.0024913  -0.00312739    0.0217382
   0.0211494  0.000611995  -0.00172479
 0.000611995  0.000635528  -0.00353273
 -0.00172479  -0.00353273    0.0218333
   0.0210695 -1.42377e-05  -0.00285713
-1.42377e-05  0.000426026  -0.00273702
 -0.00285713  -0.00273702    0.0219186
   0.0221446  0.000444383  -0.00372237
 0.000444383  0.000420222  -0.00263576
 -0.00372237  -0.00263576    0.0218108
   0.0212289  0.000214579  -0.00470029
 0.000214579  0.000312773  -0.00205473
 -0.00470029  -0.00205473    0.0215052
    0.020399 -0.000146312  -0.00405886
-0.000146312  0.000329773  -0.00222768
 -0.00405886  -0.00222768    0.0223162
   0.0206592 -0.000571887  -0.00208691
-0.000571887   0.00043381  -0.00266074
 -0.00208691  -0.00266074    0.0227634
   0.0195598 -0.000783492  -0.00344168
-0.000783492  0.000378328  -0.00212299
 -0.00344168  -0.00212299    0.0237666
   0.0200125  -0.00129211  -0.00167884
 -0.00129211  0.000449774  -0.00227608
 -0.00167884  -0.00227608    0.0235488
   0.0209803  -0.00128819   0.00017772
 -0.00128819  0.000514455  -0.00272507
  0.00017772  -0.00272507    0.0230989
   0.0194308 -0.000178612  -0.00509131
-0.000178612  0.000262797  -0.00191636
 -0.00509131  -0.00191636     0.022714
   0.0199672  1.32228e-05  -0.00537703
 1.32228e-05  0.000241345  -0.00146198
 -0.00537703  -0.00146198    0.0207046
  0.00531024  -0.00488638  -0.00623151
 -0.00488638   0.00478784   0.00510845
 -0.00623151   0.00510845    0.0207583
  0.00551248  -0.00492854  -0.00517015
 -0.00492854   0.00482177   0.00503087
 -0.00517015   0.00503087    0.0215401
  0.00524787  -0.00429177  -0.00465639
 -0.00429177    0.0039483    0.0039797
 -0.00465639    0.0039797    0.0219164
  0.00574881   -0.0042815   -0.0033682
  -0.0042815   0.00404163   0.00447906
  -0.0033682   0.00447906    0.0228503
  0.00596168  -0.00489463  -0.00386006
 -0.00489463   0.00488339   0.00536623
 -0.00386006   0.00536623     0.022329
  0.00552121    -0.003718  -0.00284176
   -0.003718   0.00328952   0.00368174
 -0.00284176   0.00368174    0.0234954
  0.00653699  -0.00409607  -0.00189216
 -0.00409607   0.00417725   0.00547226
 -0.00189216   0.00547226    0.0236987
  0.00634985  -0.00352955   -0.0014106
 -0.00352955   0.00340667   0.00477481
  -0.0014106   0.00477481      0.02447
  0.00741316  -0.00316255  6.32008e-05
 -0.00316255   0.00364689   0.00619438
 6.32008e-05   0.00619438    0.0252415
  0.00670828   -0.0047095  -0.00235703
  -0.0047095   0.00501904   0.00619006
 -0.00235703   0.00619006    0.0230494
  0.00756791  -0.00373459 -0.000350381
 -0.00373459   0.00447802   0.00682039
-0.000350381   0.00682039    0.0243435
  0.00769704  -0.00438875 -0.000792248
 -0.00438875   0.00537279   0.00739421
-0.000792248   0.00739421    0.0235814
  0.00616923  -0.00308772  -0.00100406
 -0.00308772   0.00279086   0.00423341
 -0.00100406   0.00423341    0.0253666
  0.00723453  -0.00271387  0.000383442
 -0.00271387   0.00295426   0.00562526
 0.000383442   0.00562526    0.0262448
  0.00707488  -0.00244952  0.000561919
 -0.00244952   0.00243121   0.00510165
 0.000561919   0.00510165    0.0272867
  0.00637546  -0.00302738 -0.000968925
 -0.00302738   0.00249412   0.00395492
-0.000968925   0.00395492    0.0265668
  0.00551134  -0.00341656  -0.00253005
 -0.00341656   0.00278726   0.00320808
 -0.00253005   0.00320808    0.0244426
  0.00590517  -0.00346216  -0.00253548
 -0.00346216   0.00260937   0.00300182
 -0.00253548   0.00300182    0.0256283
  0.00507069  -0.00350488  -0.00384868
 -0.00350488   0.00276069    0.0025906
 -0.00384868    0.0025906    0.0233456
  0.00503838  -0.00376131  -0.00416814
 -0.00376131   0.00322275   0.00311709
 -0.00416814   0.00311709    0.0225003
  0.00476692  -0.00365386  -0.00518466
 -0.00365386   0.00311444   0.00292815
 -0.00518466   0.00292815    0.0214231
  0.00546359  -0.00357072  -0.00379963
 -0.00357072   0.00262011   0.00236253
 -0.00379963   0.00236253     0.023009
   0.0047589   -0.0033869  -0.00479849
  -0.0033869   0.00264915   0.00234235
 -0.00479849   0.00234235    0.0216009
  0.00506477  -0.00343256  -0.00469586
 -0.00343256   0.00253252   0.00212808
 -0.00469586   0.00212808    0.0214141
  0.00500422  -0.00420301  -0.00568723
 -0.00420301   0.00385826   0.00390076
 -0.00568723   0.00390076    0.0209788
  0.00875107  -0.00396973  0.000650909
 -0.00396973   0.00601578   0.00881012
 0.000650909   0.00881012    0.0238406
  0.00868034  -0.00326439   0.00106207
 -0.00326439   0.00500049   0.00831969
  0.00106207   0.00831969    0.0247223
  0.00960565   -0.0028433   0.00212674
  -0.0028433   0.00572606   0.00967646
  0.00212674   0.00967646    0.0248154
  0.00960575  -0.00357377   0.00175485
 -0.00357377    0.0069292    0.0101813
  0.00175485    0.0101813    0.0238011
  0.00952873  -0.00225576    0.0023712
 -0.00225576   0.00456143   0.00893937
   0.0023712   0.00893937     0.025966
   0.0101045  -0.00258908   0.00268877
 -0.00258908    0.0065525    0.0106675
  0.00268877    0.0106675    0.0247052
   0.0100874  -0.00204042   0.00283608
 -0.00204042   0.00514914   0.00971612
  0.00283608   0.00971612    0.0259876
   0.0101097  -0.00213453   0.00277799
 -0.00213453    0.0056651   0.00983074
  0.00277799   0.00983074    0.0259247
   0.0100349  -0.00328891   0.00237985
 -0.00328891   0.00797338    0.0112924
  0.00237985    0.0112924    0.0235591
   0.0100727  -0.00259768   0.00274738
 -0.00259768   0.00727365    0.0110841
  0.00274738    0.0110841    0.0245202
  0.00996224   -0.0032109   0.00252083
  -0.0032109   0.00890539    0.0119538
  0.00252083    0.0119538    0.0232426
  0.00996985  -0.00169209   0.00276217
 -0.00169209    0.0039313    0.0085417
  0.00276217    0.0085417     0.027335
   0.0100527  -0.00184601   0.00257517
 -0.00184601   0.00426783   0.00828593
  0.00257517   0.00828593    0.0273659
  0.00989974  -0.00173592   0.00216386
 -0.00173592   0.00318419   0.00656761
  0.00216386   0.00656761    0.0287523
  0.00975715  -0.00155154   0.00249312
 -0.00155154   0.00296399   0.00720776
  0.00249312   0.00720776    0.0286483
  0.00936933  -0.00186654   0.00243323
 -0.00186654   0.00356143   0.00806777
  0.00243323   0.00806777     0.027201
  0.00914212  -0.00167905   0.00231822
 -0.00167905   0.00274814   0.00708235
  0.00231822   0.00708235    0.0284219
  0.00838322  -0.00225711   0.00159354
 -0.00225711   0.00322393   0.00701979
  0.00159354   0.00701979    0.0268586
  0.00855711  -0.00267829   0.00139711
 -0.00267829   0.00404221   0.00768991
  0.00139711   0.00768991      0.02574
  0.00817856  -0.00201686   0.00164071
 -0.00201686   0.00256391   0.00630756
  0.00164071   0.00630756    0.0279836
   0.0144209  -0.00454254  -0.00295984
 -0.00454254    0.0021035   0.00347452
 -0.00295984   0.00347452    0.0237507
   0.0132371  -0.00389564  -0.00180259
 -0.00389564   0.00194534   0.00427535
 -0.00180259   0.00427535    0.0250382
   0.0111354  -0.00273699 -0.000260942
 -0.00273699   0.00170164   0.00440322
-0.000260942   0.00440322    0.0273254
   0.0104231  -0.00268405  9.82548e-05
 -0.00268405   0.00176426   0.00489189
 9.82548e-05   0.00489189    0.0276915
   0.0131512  -0.00422182  -0.00204711
 -0.00422182   0.00217013   0.00458292
 -0.00204711   0.00458292    0.0246788
  0.00914575  -0.00196677   0.00114072
 -0.00196677   0.00175932    0.0052618
  0.00114072    0.0052618    0.0284233
   0.0100919  -0.00315969 -0.000477794
 -0.00315969   0.00199346   0.00476427
-0.000477794   0.00476427    0.0275103
  0.00839157  -0.00227076  0.000760928
 -0.00227076    0.0018624   0.00505822
 0.000760928   0.00505822    0.0284801
  0.00826024  -0.00305943 -0.000433992
 -0.00305943   0.00218591   0.00452943
-0.000433992   0.00452943    0.0285822
   0.0120489  -0.00442455  -0.00235585
 -0.00442455   0.00240514   0.00457035
 -0.00235585   0.00457035    0.0237258
  0.00959553   -0.0038999   -0.0017897
  -0.0038999   0.00239176   0.00429735
  -0.0017897   0.00429735    0.0253219
   0.0112222  -0.00497486  -0.00322143
 -0.00497486   0.00285354   0.00435089
 -0.00322143   0.00435089    0.0225559
  0.00794502  -0.00193143   0.00148094
 -0.00193143   0.00206821   0.00558725
  0.00148094   0.00558725    0.0284566
  0.00738483  -0.00257546  0.000304436
 -0.00257546   0.00219086   0.00475697
 0.000304436   0.00475697    0.0281962
  0.00893634  -0.00168176    0.0018955
 -0.00168176   0.00212932   0.00609324
   0.0018955   0.00609324    0.0287749
  0.00964715  -0.00162873   0.00185019
 -0.00162873   0.00223566   0.00594111
  0.00185019   0.00594111    0.0291478
   0.0100821    -0.002053  0.000842576
   -0.002053   0.00179412   0.00489961
 0.000842576   0.00489961    0.0283182
   0.0107294   -0.0023941  0.000171487
  -0.0023941   0.00192809   0.00388397
 0.000171487   0.00388397    0.0286321
   0.0099514  -0.00185923   0.00132649
 -0.00185923   0.00238568   0.00503783
  0.00132649   0.00503783    0.0293822
   0.0121343  -0.00326799  -0.00130833
 -0.00326799   0.00182628   0.00339607
 -0.00130833   0.00339607    0.0265356
   0.0105493  -0.00525235  -0.00372508
 -0.00525235    0.0031097    0.0041274
 -0.00372508    0.0041274    0.0220258
  0.00912552  -0.00449877  -0.00302773
 -0.00449877   0.00278928   0.00380969
 -0.00302773   0.00380969    0.0233235
  0.00892257  -0.00505993  -0.00441202
 -0.00505993   0.00320836   0.00361437
 -0.00441202   0.00361437    0.0228681
   0.0101684  -0.00556571  -0.00452084
 -0.00556571   0.00341872   0.00405425
 -0.00452084   0.00405425    0.0219811
  0.00767818  -0.00438471  -0.00376533
 -0.00438471   0.00290252   0.00321248
 -0.00376533   0.00321248    0.0235742
  0.00799407  -0.00499012  -0.00520748
 -0.00499012   0.00331194   0.00329535
 -0.00520748   0.00329535    0.0221295
  0.00728461   -0.0045731  -0.00492732
  -0.0045731   0.00308299    0.0027791
 -0.00492732    0.0027791    0.0228378
  0.00660567  -0.00428008  -0.00566042
 -0.00428008   0.00295838   0.00251878
 -0.00566042   0.00251878    0.0222604
  0.00879476  -0.00539413   -0.0053954
 -0.00539413   0.00350316   0.00363877
  -0.0053954   0.00363877    0.0204649
    0.007126  -0.00458429  -0.00582124
 -0.00458429   0.00310522   0.00293132
 -0.00582124   0.00293132    0.0208641
  0.00791386  -0.00511158  -0.00597576
 -0.00511158   0.00344217    0.0035301
 -0.00597576    0.0035301    0.0200607
  0.00625104  -0.00394656  -0.00428471
 -0.00394656   0.00273605   0.00253129
 -0.00428471   0.00253129    0.0226192
  0.00552017  -0.00364519   -0.0050861
 -0.00364519   0.00259736   0.00218619
  -0.0050861   0.00218619    0.0214812
  0.00660028  -0.00379606  -0.00298913
 -0.00379606   0.00265096   0.00297825
 -0.00298913   0.00297825    0.0245465
  0.00698806  -0.00326507  -0.00125411
 -0.00326507   0.00242047   0.00386139
 -0.00125411   0.00386139    0.0278275
  0.00790106   -0.0038125  -0.00218202
  -0.0038125   0.00254026   0.00375682
 -0.00218202   0.00375682    0.0255799
   0.0094914  -0.00331103   0.00230174
 -0.00331103   0.00950952    0.0121199
  0.00230174    0.0121199    0.0229687
  0.00961978  -0.00284145   0.00242415
 -0.00284145   0.00769471    0.0109082
  0.00242415    0.0109082    0.0243756
  0.00895913  -0.00320634   0.00189811
 -0.00320634   0.00770625    0.0102663
  0.00189811    0.0102663    0.0243322
  0.00883446  -0.00351908   0.00188077
 -0.00351908   0.00968023    0.0118705
  0.00188077    0.0118705    0.0228047
  0.00903372  -0.00298626   0.00167021
 -0.00298626   0.00591778   0.00824389
  0.00167021   0.00824389    0.0259253
   0.0082872  -0.00353255   0.00129073
 -0.00353255   0.00738363   0.00938394
  0.00129073   0.00938394    0.0244156
  0.00837249  -0.00341212  0.000947276
 -0.00341212   0.00560504   0.00697655
 0.000947276   0.00697655      0.02609
  0.00780887  -0.00364387  0.000220058
 -0.00364387   0.00513204   0.00573057
 0.000220058   0.00573057    0.0263696
  0.00815893  -0.00371199   0.00137449
 -0.00371199   0.00947372    0.0113662
  0.00137449    0.0113662    0.0227794
  0.00769037  -0.00370834  0.000662775
 -0.00370834   0.00685703   0.00845755
 0.000662775   0.00845755    0.0246042
  0.00755426  -0.00379836  0.000835949
 -0.00379836    0.0090131    0.0107675
 0.000835949    0.0107675    0.0228627
  0.00842368  -0.00333465  0.000358917
 -0.00333465   0.00432666   0.00435882
 0.000358917   0.00435882    0.0277232
   0.0078934  -0.00358769 -0.000450549
 -0.00358769   0.00403651   0.00282318
-0.000450549   0.00282318    0.0280712
  0.00795257  -0.00352925  -0.00124171
 -0.00352925    0.0035617 -1.33734e-05
 -0.00124171 -1.33734e-05    0.0296574
  0.00845271  -0.00327287 -0.000377986
 -0.00327287   0.00358552   0.00170465
-0.000377986   0.00170465    0.0292597
  0.00906415   -0.0028518    0.0011949
  -0.0028518   0.00450013   0.00595894
   0.0011949   0.00595894     0.027499
  0.00905573  -0.00277054  0.000546772
 -0.00277054    0.0035358   0.00354697
 0.000546772   0.00354697     0.028983
  0.00968713  -0.00227938   0.00198706
 -0.00227938   0.00449974   0.00735588
  0.00198706   0.00735588     0.027397
  0.00968488  -0.00249571   0.00232909
 -0.00249571   0.00595872   0.00928439
  0.00232909   0.00928439     0.025882
  0.00960913  -0.00218596   0.00145505
 -0.00218596   0.00340517   0.00526176
  0.00145505   0.00526176    0.0288336
  0.00702057  -0.00375421  0.000273496
 -0.00375421   0.00838397    0.0102252
 0.000273496    0.0102252    0.0230028
  0.00717969  -0.00368571  -2.1466e-06
 -0.00368571   0.00623448   0.00765306
 -2.1466e-06   0.00765306     0.024853
  0.00673642  -0.00350147 -0.000701529
 -0.00350147   0.00558015   0.00708586
-0.000701529   0.00708586    0.0251312
  0.00656036  -0.00359178  -0.00031072
 -0.00359178   0.00770281   0.00981559
 -0.00031072   0.00981559     0.023151
  0.00693888  -0.00338348   -0.0013216
 -0.00338348   0.00406297   0.00393575
  -0.0013216   0.00393575    0.0270799
  0.00635658  -0.00321541  -0.00143655
 -0.00321541   0.00498259   0.00672957
 -0.00143655   0.00672957    0.0254243
  0.00659132  -0.00301554  -0.00214486
 -0.00301554   0.00352433   0.00349122
 -0.00214486   0.00349122    0.0274746
  0.00631549  -0.00262635  -0.00290197
 -0.00262635   0.00301438   0.00332208
 -0.00290197   0.00332208    0.0276705
  0.00617302  -0.00335167 -0.000923362
 -0.00335167   0.00706297   0.00952845
-0.000923362   0.00952845    0.0232913
  0.00604719  -0.00289214  -0.00215223
 -0.00289214   0.00444592   0.00659361
 -0.00215223   0.00659361    0.0254647
    0.005864   -0.0030731  -0.00154813
  -0.0030731   0.00651221   0.00936207
 -0.00154813   0.00936207    0.0234252
  0.00684305  -0.00278706  -0.00297307
 -0.00278706   0.00283601  0.000146643
 -0.00297307  0.000146643    0.0293153
  0.00672626  -0.00233317  -0.00371486
 -0.00233317    0.0023257  2.71265e-05
 -0.00371486  2.71265e-05    0.0292579
  0.00700961  -0.00205035  -0.00445902
 -0.00205035   0.00235338  -0.00304203
 -0.00445902  -0.00304203    0.0309722
  0.00705364  -0.00258181  -0.00377265
 -0.00258181   0.00285523  -0.00291213
 -0.00377265  -0.00291213     0.030841
  0.00713777  -0.00324581  -0.00211165
 -0.00324581   0.00328872  0.000663636
 -0.00211165  0.000663636    0.0289025
  0.00729274  -0.00310808  -0.00292432
 -0.00310808   0.00324463  -0.00238076
 -0.00292432  -0.00238076    0.0304975
  0.00747586  -0.00354535  -0.00126982
 -0.00354535   0.00369225   0.00154844
 -0.00126982   0.00154844    0.0284824
   0.0073343  -0.00362451 -0.000533445
 -0.00362451   0.00460605   0.00467418
-0.000533445   0.00467418    0.0267104
  0.00757424  -0.00346176  -0.00207963
 -0.00346176   0.00346397  -0.00141451
 -0.00207963  -0.00141451    0.0300921
   0.0130099   -0.0059588  -0.00776445
  -0.0059588   0.00494461  -0.00264677
 -0.00776445  -0.00264677    0.0239679
   0.0135252   -0.0064248  -0.00749437
  -0.0064248   0.00522099  -0.00282451
 -0.00749437  -0.00282451    0.0241485
   0.0106049  -0.00450959  -0.00648839
 -0.00450959   0.00453454  -0.00482475
 -0.00648839  -0.00482475     0.028065
   0.0109996  -0.00492499  -0.00602044
 -0.00492499   0.00455882  -0.00453475
 -0.00602044  -0.00453475    0.0279894
   0.0140108   -0.0066568  -0.00718796
  -0.0066568   0.00511201  -0.00270955
 -0.00718796  -0.00270955    0.0241141
  0.00887068  -0.00375761  -0.00481212
 -0.00375761   0.00408158  -0.00533771
 -0.00481212  -0.00533771    0.0305498
   0.0113812   -0.0050839  -0.00552648
  -0.0050839   0.00425011   -0.0038955
 -0.00552648   -0.0038955    0.0277196
  0.00918973   -0.0040455  -0.00416143
  -0.0040455    0.0039179  -0.00447725
 -0.00416143  -0.00447725      0.03022
  0.00956866  -0.00405416  -0.00345293
 -0.00405416   0.00354788  -0.00319703
 -0.00345293  -0.00319703    0.0297978
   0.0143768   -0.0066574  -0.00683969
  -0.0066574   0.00470773   -0.0022782
 -0.00683969   -0.0022782    0.0238791
   0.0117322  -0.00501445  -0.00494639
 -0.00501445   0.00373167  -0.00283714
 -0.00494639  -0.00283714    0.0273172
   0.0146524  -0.00646458  -0.00639565
 -0.00646458   0.00411819  -0.00150731
 -0.00639565  -0.00150731      0.02354
   0.0079566  -0.00350295  -0.00307048
 -0.00350295    0.0035591  -0.00355209
 -0.00307048  -0.00355209    0.0308531
  0.00831812  -0.00356799  -0.00226927
 -0.00356799   0.00341765  -0.00214457
 -0.00226927  -0.00214457    0.0304109
   0.0076859  -0.00315156  -0.00384476
 -0.00315156   0.00353426  -0.00450855
 -0.00384476  -0.00450855    0.0312208
   0.0074725  -0.00258454  -0.00461699
 -0.00258454   0.00325378  -0.00501468
 -0.00461699  -0.00501468    0.0314569
  0.00859357  -0.00322469  -0.00545308
 -0.00322469   0.00390458  -0.00575501
 -0.00545308  -0.00575501    0.0306862
  0.00853758  -0.00257887  -0.00599543
 -0.00257887   0.00337804  -0.00574882
 -0.00599543  -0.00574882    0.0306859
  0.00758136  -0.00201425  -0.00524288
 -0.00201425   0.00273751  -0.00504408
 -0.00524288  -0.00504408      0.03138
   0.0103987  -0.00392342  -0.00690738
 -0.00392342   0.00409594   -0.0047297
 -0.00690738   -0.0047297    0.0279283
   0.0148775  -0.00612653  -0.00580069
 -0.00612653   0.00347525   -0.0004221
 -0.00580069   -0.0004221    0.0232025
   0.0120684  -0.00471782  -0.00423549
 -0.00471782   0.00313924  -0.00143519
 -0.00423549  -0.00143519    0.0269336
   0.0123612  -0.00429556  -0.00338744
 -0.00429556   0.00255289  0.000245595
 -0.00338744  0.000245595    0.0266244
   0.0151039  -0.00570452  -0.00502008
 -0.00570452   0.00285039  0.000875144
 -0.00502008  0.000875144    0.0230415
   0.0104157  -0.00334128  -0.00170172
 -0.00334128   0.00257415  0.000365442
 -0.00170172  0.000365442    0.0290742
   0.0124879   -0.0037973  -0.00235839
  -0.0037973   0.00210368   0.00191634
 -0.00235839   0.00191634    0.0264573
   0.0107369  -0.00283008 -0.000739571
 -0.00283008   0.00218296   0.00228538
-0.000739571   0.00228538    0.0288628
   0.0148722  -0.00508991  -0.00399606
 -0.00508991   0.00236269   0.00226534
 -0.00399606   0.00226534    0.0232716
  0.00976369  -0.00228272  0.000527421
 -0.00228272   0.00260307   0.00347828
 0.000527421   0.00347828    0.0295129
  0.00931233  -0.00283477 -0.000435735
 -0.00283477   0.00288186   0.00157307
-0.000435735   0.00157307    0.0296933
  0.00878746  -0.00330729  -0.00140125
 -0.00330729   0.00318206 -0.000390119
 -0.00140125 -0.000390119     0.029998
  0.00999067  -0.00379506  -0.00263407
 -0.00379506   0.00307662   -0.0015409
 -0.00263407   -0.0015409    0.0293861
  0.00421249  -0.00861456  -0.00324024
 -0.00861456    0.0266129     0.015481
 -0.00324024     0.015481    0.0147888
  0.00486525  -0.00851194  -0.00241658
 -0.00851194    0.0252935    0.0150517
 -0.00241658    0.0150517    0.0157475
  0.00493836  -0.00823616    -0.003119
 -0.00823616    0.0207149    0.0138133
   -0.003119    0.0138133    0.0169797
  0.00570725   -0.0081675  -0.00210876
  -0.0081675    0.0197503    0.0133302
 -0.00210876    0.0133302    0.0177492
   0.0056763  -0.00839266  -0.00149539
 -0.00839266    0.0240713    0.0147371
 -0.00149539    0.0147371    0.0167257
  0.00579347  -0.00789861  -0.00280328
 -0.00789861    0.0158698    0.0119523
 -0.00280328    0.0119523    0.0187335
  0.00659074  -0.00811017  -0.00107838
 -0.00811017    0.0189819    0.0130527
