           0            0            0
           0            0            0
           0            0            0
   0.0318651  -0.00433128   0.00855898
 -0.00433128   0.00104598  -0.00265592
  0.00855898  -0.00265592    0.0183542
   0.0278359  -0.00336474    0.0111045
 -0.00336474  0.000641677  -0.00215113
   0.0111045  -0.00215113    0.0223569
    0.023809  -0.00339553    0.0135253
 -0.00339553  0.000660837   -0.0018264
   0.0135253   -0.0018264    0.0247005
    0.022832  -0.00374194    0.0146143
 -0.00374194  0.000779056  -0.00134635
   0.0146143  -0.00134635    0.0247936
   0.0229102  -0.00405647    0.0138665
 -0.00405647  0.000925095   -0.0008502
   0.0138665   -0.0008502    0.0248726
   0.0206936  -0.00387645    0.0122901
 -0.00387645  0.000880991  -0.00100889
   0.0122901  -0.00100889    0.0224672
   0.0214994   -0.0041601    0.0111697
  -0.0041601  0.000997872 -0.000592646
   0.0111697 -0.000592646    0.0235041
   0.0230298  -0.00424354    0.0125533
 -0.00424354   0.00101452 -0.000531906
   0.0125533 -0.000531906    0.0249707
   0.0212548  -0.00410401    0.0088135
 -0.00410401  0.000992527 -0.000407149
   0.0088135 -0.000407149    0.0241384
   0.0229036  -0.00425038    0.0102998
 -0.00425038   0.00101414 -0.000391826
   0.0102998 -0.000391826    0.0256455
   0.0211482  -0.00374577   0.00597325
 -0.00374577  0.000881619 -0.000493494
  0.00597325 -0.000493494    0.0250504
   0.0229935  -0.00419994   0.00914312
 -0.00419994  0.000956406 -0.000499856
  0.00914312 -0.000499856    0.0257113
   0.0464903  0.000735302    0.0170607
 0.000735302   0.00105487   0.00299537
   0.0170607   0.00299537    0.0224323
   0.0407232 -0.000554425    0.0194478
-0.000554425   0.00134749    0.0038478
   0.0194478    0.0038478    0.0264167
   0.0393942  0.000169695    0.0189537
 0.000169695   0.00102501   0.00349771
   0.0189537   0.00349771    0.0263746
   0.0362103 -0.000548285    0.0210865
-0.000548285    0.0013445     0.004087
   0.0210865     0.004087    0.0295166
   0.0365768  -0.00112842     0.020989
 -0.00112842   0.00166407   0.00431474
    0.020989   0.00431474    0.0292279
   0.0332236 -0.000443691    0.0195875
-0.000443691   0.00103296    0.0034296
   0.0195875    0.0034296    0.0289444
   0.0336647  -0.00110964    0.0213123
 -0.00110964   0.00156543   0.00417178
   0.0213123   0.00417178    0.0305997
   0.0313378  -0.00105305    0.0202198
 -0.00105305   0.00129081   0.00364603
   0.0202198   0.00364603    0.0302232
   0.0309728  -0.00161971     0.019937
 -0.00161971   0.00139482   0.00344444
    0.019937   0.00344444    0.0302591
    0.033437  -0.00155653    0.0208049
 -0.00155653   0.00182276   0.00429288
   0.0208049   0.00429288    0.0301326
   0.0330068  -0.00169354    0.0207751
 -0.00169354   0.00159414   0.00382264
   0.0207751   0.00382264    0.0305345
   0.0324281  -0.00208655    0.0200239
 -0.00208655   0.00177203   0.00384753
   0.0200239   0.00384753    0.0300597
   0.0286737  -0.00137618    0.0187654
 -0.00137618    0.0010325   0.00274638
   0.0187654   0.00274638    0.0296366
   0.0282857  -0.00191247    0.0185653
 -0.00191247    0.0011989   0.00270867
   0.0185653   0.00270867    0.0297194
   0.0267314  -0.00247534    0.0177744
 -0.00247534    0.0010327   0.00173038
   0.0177744   0.00173038    0.0295012
   0.0274427  -0.00197772    0.0181045
 -0.00197772  0.000832596   0.00158863
   0.0181045   0.00158863    0.0295143
   0.0305388 -0.000739409    0.0180886
-0.000739409  0.000765841   0.00240862
   0.0180886   0.00240862    0.0283553
   0.0298249  -0.00136423    0.0177475
 -0.00136423  0.000588867   0.00113106
   0.0177475   0.00113106    0.0284509
   0.0336393  8.01226e-05    0.0159212
 8.01226e-05  0.000525729   0.00168338
   0.0159212   0.00168338    0.0252503
   0.0360103  0.000358035    0.0172087
 0.000358035  0.000742098   0.00274827
   0.0172087   0.00274827    0.0256878
   0.0404539   0.00162697    0.0141225
  0.00162697   0.00059467   0.00176425
   0.0141225   0.00176425    0.0213888
   0.0336525 -0.000627693    0.0157951
-0.000627693  0.000409584  0.000384172
   0.0157951  0.000384172    0.0255923
    0.038636   0.00113315    0.0132374
  0.00113315  0.000425297  0.000748902
   0.0132374  0.000748902    0.0211651
    0.040241  -5.9754e-05    0.0135267
 -5.9754e-05  0.000385667 -0.000510959
   0.0135267 -0.000510959    0.0218151
   0.0439591   0.00151543    0.0158964
  0.00151543  0.000806616   0.00254477
   0.0158964   0.00254477    0.0220488
   0.0316136  -0.00266654    0.0185155
 -0.00266654   0.00156509   0.00309697
   0.0185155   0.00309697    0.0293729
   0.0324835   -0.0023384    0.0193627
  -0.0023384    0.0014537   0.00312676
   0.0193627   0.00312676    0.0297212
   0.0319715  -0.00280759    0.0178739
 -0.00280759   0.00120514   0.00222229
   0.0178739   0.00222229    0.0289621
   0.0307769  -0.00306325    0.0169318
 -0.00306325   0.00126392   0.00215184
   0.0169318   0.00215184    0.0286982
   0.0304498  -0.00267474    0.0173549
 -0.00267474   0.00114306   0.00209723
   0.0173549   0.00209723    0.0287136
   0.0313826  -0.00310876    0.0163441
 -0.00310876  0.000927901   0.00116702
   0.0163441   0.00116702    0.0282132
   0.0301916  -0.00294358     0.015955
 -0.00294358  0.000898472   0.00115042
    0.015955   0.00115042    0.0279938
   0.0298909   -0.0030543    0.0146044
  -0.0030543  0.000679142  9.55615e-05
   0.0146044  9.55615e-05    0.0273164
   0.0298798  -0.00328323    0.0153132
 -0.00328323  0.000957992   0.00108589
   0.0153132   0.00108589    0.0279797
   0.0307556  -0.00326723    0.0148868
 -0.00326723  0.000705411  3.13565e-05
   0.0148868  3.13565e-05    0.0274859
   0.0289244  -0.00337966     0.013748
 -0.00337966  0.000727613 -1.53736e-05
    0.013748 -1.53736e-05    0.0272105
   0.0277118  -0.00301564    0.0148806
 -0.00301564  0.000894105  0.000934384
   0.0148806  0.000934384    0.0275938
   0.0275676  -0.00300802    0.0135687
 -0.00300802  0.000683989  3.49644e-05
   0.0135687  3.49644e-05    0.0269472
    0.025494  -0.00323758    0.0126688
 -0.00323758  0.000730978 -0.000171152
   0.0126688 -0.000171152    0.0266864
   0.0257276  -0.00334979    0.0140508
 -0.00334979  0.000920794  0.000549691
   0.0140508  0.000549691    0.0273577
   0.0278533  -0.00283097    0.0162111
 -0.00283097   0.00109553   0.00171286
   0.0162111   0.00171286    0.0282791
   0.0259708  -0.00324674    0.0154105
 -0.00324674   0.00107145    0.0011375
   0.0154105    0.0011375    0.0280551
   0.0280193  -0.00246032    0.0174469
 -0.00246032   0.00121235   0.00231554
   0.0174469   0.00231554    0.0289785
   0.0306824  -0.00223438     0.018698
 -0.00223438   0.00132912   0.00287676
    0.018698   0.00287676    0.0294612
   0.0262688  -0.00294656    0.0166516
 -0.00294656   0.00111515   0.00154066
   0.0166516   0.00154066      0.02876
   0.0242545  -0.00435815    0.0121417
 -0.00435815   0.00104022 -0.000323609
   0.0121417 -0.000323609      0.02648
   0.0243231  -0.00429052    0.0134715
 -0.00429052   0.00105067 -0.000300449
   0.0134715 -0.000300449    0.0264808
   0.0255832  -0.00417568    0.0150375
 -0.00417568   0.00107342 -8.95764e-06
   0.0150375 -8.95764e-06    0.0278271
   0.0241032  -0.00403663    0.0147986
 -0.00403663  0.000954752 -0.000534693
   0.0147986 -0.000534693     0.026204
   0.0258886  -0.00393495    0.0162354
 -0.00393495   0.00100793  3.13732e-06
   0.0162354  3.13732e-06    0.0284059
   0.0261459  -0.00353223    0.0172156
 -0.00353223  0.000844252 -0.000206676
   0.0172156 -0.000206676    0.0287797
   0.0243928  -0.00371365    0.0158905
 -0.00371365  0.000802726 -0.000900101
   0.0158905 -0.000900101    0.0265263
   0.0263581  -0.00357197     0.016842
 -0.00357197   0.00105979  0.000658258
    0.016842  0.000658258    0.0290711
   0.0268434  -0.00314516    0.0179396
 -0.00314516  0.000927379  0.000643477
   0.0179396  0.000643477    0.0298308
   0.0257617  -0.00380148    0.0154617
 -0.00380148   0.00107158  0.000470971
   0.0154617  0.000470971    0.0282638
   0.0252839  -0.00384322    0.0139621
 -0.00384322  0.000973181  8.12764e-05
   0.0139621  8.12764e-05    0.0274593
   0.0250645  -0.00419555    0.0136319
 -0.00419555   0.00101696  -0.00023316
   0.0136319  -0.00023316    0.0272928
   0.0247763  -0.00404822    0.0122805
 -0.00404822  0.000889689 -0.000682676
   0.0122805 -0.000682676    0.0265467
   0.0248117  -0.00367121    0.0124199
 -0.00367121  0.000810503 -0.000466245
   0.0124199 -0.000466245    0.0266928
   0.0239194  -0.00420186     0.010909
 -0.00420186  0.000930781 -0.000636083
    0.010909 -0.000636083    0.0261949
   0.0252798  -0.00329806    0.0156635
 -0.00329806  0.000643906  -0.00138524
   0.0156635  -0.00138524    0.0266956
   0.0290145  -0.00310922    0.0141635
 -0.00310922  0.000570913  -0.00185218
   0.0141635  -0.00185218    0.0252484
   0.0295083  -0.00264813    0.0160065
 -0.00264813  0.000511448  -0.00122045
   0.0160065  -0.00122045    0.0269951
   0.0329277  -0.00315224     0.011059
 -0.00315224   0.00065961  -0.00224205
    0.011059  -0.00224205    0.0212811
   0.0333659  -0.00259183    0.0127846
 -0.00259183  0.000563502  -0.00180897
   0.0127846  -0.00180897    0.0228348
   0.0387622  -0.00305726    0.0104722
 -0.00305726  0.000803905  -0.00241861
   0.0104722  -0.00241861    0.0191319
   0.0365655  -0.00404256   0.00888534
 -0.00404256   0.00101362  -0.00269532
  0.00888534  -0.00269532    0.0181284
   0.0338797  -0.00148413    0.0149754
 -0.00148413  0.000389592 -0.000807852
   0.0149754 -0.000807852    0.0250989
   0.0391957  -0.00147424     0.012298
 -0.00147424  0.000493524  -0.00151823
    0.012298  -0.00151823    0.0208898
   0.0298616   -0.0020392    0.0173955
  -0.0020392  0.000498417 -0.000134464
   0.0173955 -0.000134464    0.0283229
   0.0273873   -0.0026376    0.0181125
  -0.0026376  0.000711879  0.000366848
   0.0181125  0.000366848    0.0297237
   0.0267175  -0.00307662    0.0170944
 -0.00307662  0.000651047 -0.000634317
   0.0170944 -0.000634317    0.0284548
   0.0278536  -0.00342864    0.0122182
 -0.00342864  0.000613373  -0.00108424
   0.0122182  -0.00108424    0.0264238
   0.0300603  -0.00336761    0.0134924
 -0.00336761  0.000595941   -0.0011293
   0.0134924   -0.0011293     0.026784
   0.0293057  -0.00346109    0.0121511
 -0.00346109  0.000627931  -0.00224977
   0.0121511  -0.00224977    0.0261422
   0.0266955  -0.00347272    0.0107165
 -0.00347272  0.000635865  -0.00206483
   0.0107165  -0.00206483     0.025675
    0.029245    -0.003096    0.0121411
   -0.003096  0.000569782  -0.00219635
   0.0121411  -0.00219635    0.0261578
   0.0283836  -0.00359858    0.0108446
 -0.00359858  0.000786865  -0.00325863
   0.0108446  -0.00325863    0.0255688
   0.0287895  -0.00318753    0.0110084
 -0.00318753  0.000722433   -0.0032842
   0.0110084   -0.0032842    0.0256897
   0.0281783  -0.00336001   0.00996146
 -0.00336001  0.000968867  -0.00421508
  0.00996146  -0.00421508    0.0252771
   0.0254733  -0.00352876   0.00927005
 -0.00352876  0.000765341  -0.00291458
  0.00927005  -0.00291458    0.0249827
   0.0273195  -0.00375453   0.00960993
 -0.00375453   0.00102398  -0.00410893
  0.00960993  -0.00410893    0.0250286
    0.024171  -0.00356624   0.00791518
 -0.00356624  0.000960771  -0.00363651
  0.00791518  -0.00363651    0.0242996
   0.0270132  -0.00258086   0.00999777
 -0.00258086  0.000628167  -0.00311169
  0.00999777  -0.00311169     0.025402
   0.0267845  -0.00260475   0.00904324
 -0.00260475  0.000846307  -0.00404175
  0.00904324  -0.00404175    0.0250357
   0.0245582  -0.00188882   0.00767477
 -0.00188882  0.000725706  -0.00376488
  0.00767477  -0.00376488    0.0246207
   0.0247253  -0.00214494   0.00873083
 -0.00214494  0.000561186  -0.00290644
  0.00873083  -0.00290644    0.0250337
   0.0271894  -0.00268802    0.0110964
 -0.00268802  0.000514272  -0.00205405
   0.0110964  -0.00205405    0.0258387
   0.0249529  -0.00253872   0.00995381
 -0.00253872  0.000507673   -0.0019557
  0.00995381   -0.0019557    0.0255043
   0.0273594  -0.00287428    0.0122873
 -0.00287428  0.000537301 -0.000976235
   0.0122873 -0.000976235     0.026351
   0.0295529  -0.00308126    0.0133306
 -0.00308126   0.00055244  -0.00104114
   0.0133306  -0.00104114    0.0267016
   0.0252077   -0.0029519    0.0112836
  -0.0029519  0.000569235  -0.00101713
   0.0112836  -0.00101713    0.0260574
   0.0227943  -0.00350806   0.00663949
 -0.00350806   0.00118917  -0.00429504
  0.00663949  -0.00429504    0.0235711
   0.0261221  -0.00386278   0.00839925
 -0.00386278   0.00129092  -0.00482886
  0.00839925  -0.00482886     0.024461
   0.0248872  -0.00376296   0.00720267
 -0.00376296   0.00158882  -0.00549199
  0.00720267  -0.00549199    0.0238218
   0.0213915  -0.00322137   0.00547036
 -0.00322137   0.00148347  -0.00498222
  0.00547036  -0.00498222    0.0227647
   0.0265929   -0.0036436   0.00788882
  -0.0036436   0.00153662  -0.00563648
  0.00788882  -0.00563648    0.0244159
   0.0235452  -0.00333982   0.00606826
 -0.00333982   0.00195337  -0.00617352
  0.00606826  -0.00617352    0.0230915
    0.025669  -0.00344663   0.00683034
 -0.00344663   0.00185459  -0.00624444
  0.00683034  -0.00624444    0.0238963
    0.024546  -0.00286287    0.0058134
 -0.00286287   0.00224984  -0.00687048
   0.0058134  -0.00687048    0.0233128
   0.0198984  -0.00262138   0.00446477
 -0.00262138   0.00189184   -0.0057619
  0.00446477   -0.0057619    0.0218811
   0.0219616  -0.00252462   0.00503346
 -0.00252462   0.00245562  -0.00692926
  0.00503346  -0.00692926    0.0223053
   0.0182855  -0.00168597    0.0036346
 -0.00168597    0.0025188  -0.00666906
   0.0036346  -0.00666906    0.0209898
   0.0255471  -0.00288586   0.00628466
 -0.00288586   0.00162204  -0.00595137
  0.00628466  -0.00595137    0.0240308
   0.0249863  -0.00254685   0.00537889
 -0.00254685   0.00191081  -0.00644569
  0.00537889  -0.00644569      0.02367
   0.0236784  -0.00176906   0.00394597
 -0.00176906   0.00153265  -0.00579364
  0.00394597  -0.00579364    0.0234508
   0.0238616  -0.00191999   0.00482271
 -0.00191999   0.00134271   -0.0054511
  0.00482271   -0.0054511     0.023671
   0.0260194  -0.00289526   0.00721847
 -0.00289526   0.00135804  -0.00542565
  0.00721847  -0.00542565    0.0243711
    0.024108  -0.00187798   0.00575016
 -0.00187798   0.00114568  -0.00503085
  0.00575016  -0.00503085    0.0239375
   0.0264105  -0.00275141   0.00812963
 -0.00275141   0.00109912  -0.00480781
  0.00812963  -0.00480781    0.0247028
   0.0274059  -0.00356328   0.00893687
 -0.00356328   0.00124437  -0.00498413
  0.00893687  -0.00498413    0.0248688
   0.0243358  -0.00182869   0.00670844
 -0.00182869  0.000934883  -0.00447912
  0.00670844  -0.00447912    0.0242614
    0.020926  0.000631226  -0.00108602
 0.000631226  0.000750437  -0.00390912
 -0.00108602  -0.00390912     0.022273
   0.0212506  0.000346264   0.00037761
 0.000346264  0.000752269  -0.00401186
  0.00037761  -0.00401186    0.0224581
   0.0209385  0.000170712   0.00112046
 0.000170712  0.000838445  -0.00427236
  0.00112046  -0.00427236    0.0226459
   0.0213472 -0.000211463   0.00255012
-0.000211463  0.000778163  -0.00410104
  0.00255012  -0.00410104    0.0229867
   0.0218261 -0.000232224   0.00194964
-0.000232224  0.000716246  -0.00387372
  0.00194964  -0.00387372    0.0227995
   0.0214084 -0.000436206   0.00326373
-0.000436206   0.00085659  -0.00433828
  0.00326373  -0.00433828    0.0231811
   0.0219567 -0.000874622    0.0040409
-0.000874622  0.000692572  -0.00373451
   0.0040409  -0.00373451    0.0234539
   0.0218081 -0.000854093   0.00458179
-0.000854093   0.00073339  -0.00392516
  0.00458179  -0.00392516    0.0236216
     0.02244  -0.00149082   0.00596826
 -0.00149082  0.000626887  -0.00335576
  0.00596826  -0.00335576    0.0241239
   0.0224448  -0.00105992   0.00347893
 -0.00105992   0.00065845  -0.00352306
  0.00347893  -0.00352306    0.0231953
   0.0228065  -0.00172603   0.00560925
 -0.00172603  0.000628414  -0.00321778
  0.00560925  -0.00321778    0.0239745
   0.0228458  -0.00195434   0.00487087
 -0.00195434  0.000618766  -0.00298931
  0.00487087  -0.00298931    0.0234519
   0.0225146  -0.00115069   0.00540128
 -0.00115069  0.000809619  -0.00416475
  0.00540128  -0.00416475    0.0238556
   0.0228694  -0.00150296   0.00656126
 -0.00150296  0.000650154  -0.00352404
  0.00656126  -0.00352404    0.0242957
   0.0222802 -0.000991169   0.00428863
-0.000991169  0.000971747  -0.00463971
  0.00428863  -0.00463971    0.0234772
   0.0220335 -0.000950214   0.00320395
-0.000950214    0.0011055  -0.00494862
  0.00320395  -0.00494862    0.0231904
   0.0210986 -0.000241642   0.00198728
-0.000241642  0.000944982  -0.00456027
  0.00198728  -0.00456027    0.0228499
   0.0208154 -0.000141027  0.000761598
-0.000141027  0.000991994  -0.00461119
 0.000761598  -0.00461119    0.0226338
   0.0218759 -0.000868189   0.00220433
-0.000868189   0.00121104  -0.00513392
  0.00220433  -0.00513392    0.0230039
   0.0206545  0.000342487 -0.000243667
 0.000342487   0.00085417  -0.00422971
-0.000243667  -0.00422971    0.0224312
   0.0226248  -0.00273629   0.00585043
 -0.00273629  0.000617966  -0.00231549
  0.00585043  -0.00231549    0.0237278
   0.0234868  -0.00262907   0.00717951
 -0.00262907  0.000619316  -0.00259459
  0.00717951  -0.00259459    0.0244883
   0.0236756  -0.00336821   0.00863584
 -0.00336821  0.000674283  -0.00189322
  0.00863584  -0.00189322    0.0248668
   0.0224404  -0.00335656   0.00647993
 -0.00335656    0.0006841  -0.00155944
  0.00647993  -0.00155944      0.02459
   0.0238826  -0.00308098   0.00916994
 -0.00308098  0.000617738  -0.00196365
  0.00916994  -0.00196365    0.0253049
   0.0236195  -0.00387291   0.00988092
 -0.00387291   0.00078611  -0.00121744
  0.00988092  -0.00121744    0.0252864
   0.0243843  -0.00369616    0.0107845
 -0.00369616  0.000734637  -0.00127716
   0.0107845  -0.00127716    0.0259525
   0.0226545  -0.00386398   0.00753949
 -0.00386398  0.000810271 -0.000921502
  0.00753949 -0.000921502    0.0255818
   0.0242918  -0.00328845    0.0108495
 -0.00328845  0.000642222  -0.00114892
   0.0108495  -0.00114892    0.0259722
   0.0237827  -0.00271226   0.00930474
 -0.00271226  0.000543917  -0.00193684
  0.00930474  -0.00193684    0.0253377
   0.0232892  -0.00206938   0.00784494
 -0.00206938  0.000548125  -0.00276476
  0.00784494  -0.00276476     0.024789
    0.023159  -0.00228827   0.00749193
 -0.00228827   0.00057515  -0.00268127
  0.00749193  -0.00268127    0.0246802
   0.0216028  -0.00365273   0.00516572
 -0.00365273  0.000801956 -0.000707493
  0.00516572 -0.000707493    0.0255626
   0.0218428  -0.00328433   0.00432275
 -0.00328433  0.000681661  -0.00124993
  0.00432275  -0.00124993    0.0251636
   0.0200611  -0.00291051   0.00181951
 -0.00291051  0.000664641 -0.000907531
  0.00181951 -0.000907531    0.0245482
   0.0216931  -0.00266804   0.00326435
 -0.00266804  0.000593175  -0.00190254
  0.00326435  -0.00190254     0.024362
   0.0207161  -0.00255126   0.00108112
 -0.00255126  0.000570398    -0.001502
  0.00108112    -0.001502    0.0246633
   0.0212716  -0.00195255  0.000683433
 -0.00195255  0.000527192  -0.00220119
 0.000683433  -0.00220119    0.0240686
   0.0218945  -0.00195881   0.00270947
 -0.00195881  0.000565012  -0.00256635
  0.00270947  -0.00256635    0.0234098
   0.0196355  -0.00177832  -0.00156738
 -0.00177832  0.000482415  -0.00160118
 -0.00156738  -0.00160118    0.0240806
   0.0220602  -0.00118283   0.00226458
 -0.00118283  0.000594874  -0.00315754
  0.00226458  -0.00315754    0.0225121
    0.022179 -0.000358991    0.0011297
-0.000358991  0.000639841  -0.00356506
   0.0011297  -0.00356506    0.0224261
   0.0218528 -0.000427729 -0.000547172
-0.000427729  0.000537312  -0.00313415
-0.000547172  -0.00313415    0.0225183
   0.0219576  0.000326476 -0.000318012
 0.000326476  0.000663372  -0.00370414
-0.000318012  -0.00370414    0.0222541
   0.0222919   0.00025236  -0.00146735
  0.00025236  0.000559938  -0.00331167
 -0.00146735  -0.00331167    0.0222493
   0.0224496  0.000701118  -0.00266595
 0.000701118  0.000548827  -0.00315388
 -0.00266595  -0.00315388     0.022001
   0.0214957  0.000754506   -0.0018962
 0.000754506  0.000649659  -0.00355989
  -0.0018962  -0.00355989    0.0220826
   0.0216051  0.000149228  -0.00308058
 0.000149228   0.00043462  -0.00277904
 -0.00308058  -0.00277904    0.0222032
   0.0226065  0.000596796   -0.0039163
 0.000596796   0.00043286  -0.00265755
  -0.0039163  -0.00265755    0.0220847
    0.021711  0.000349053  -0.00491233
 0.000349053  0.000321416  -0.00206405
 -0.00491233  -0.00206405    0.0217793
   0.0209551  -5.0603e-06  -0.00430888
 -5.0603e-06  0.000333996  -0.00224508
 -0.00430888  -0.00224508    0.0226004
   0.0212583 -0.000427019   -0.0023276
-0.000427019  0.000437149  -0.00268862
  -0.0023276  -0.00268862    0.0230539
   0.0201995 -0.000682117  -0.00371914
-0.000682117  0.000381752  -0.00210655
 -0.00371914  -0.00210655     0.024047
   0.0206683  -0.00120805  -0.00192473
 -0.00120805  0.000451251  -0.00225552
 -0.00192473  -0.00225552     0.023825
   0.0215998  -0.00118115 -2.73832e-05
 -0.00118115  0.000517075  -0.00273657
-2.73832e-05  -0.00273657    0.0233847
   0.0199909  -5.2836e-05  -0.00537139
 -5.2836e-05  0.000264356  -0.00192359
 -0.00537139  -0.00192359    0.0229997
   0.0204298  0.000122789  -0.00558811
 0.000122789  0.000248322  -0.00145669
 -0.00558811  -0.00145669     0.020968
  0.00536336  -0.00493042  -0.00634672
 -0.00493042   0.00484529   0.00525961
 -0.00634672   0.00525961    0.0207822
  0.00557911   -0.0049488  -0.00521379
  -0.0049488   0.00487047   0.00524814
 -0.00521379   0.00524814    0.0216123
  0.00530775  -0.00430229  -0.00467697
 -0.00430229    0.0039921   0.00421818
 -0.00467697   0.00421818    0.0220533
  0.00584886  -0.00425108  -0.00329795
 -0.00425108   0.00409771   0.00480935
 -0.00329795   0.00480935    0.0230577
  0.00606006  -0.00487753  -0.00381372
 -0.00487753   0.00494805   0.00566798
 -0.00381372   0.00566798    0.0224645
  0.00561985  -0.00367634  -0.00274746
 -0.00367634   0.00333705   0.00403057
 -0.00274746   0.00403057    0.0237857
  0.00668676   -0.0040058  -0.00173357
  -0.0040058   0.00428277   0.00590588
 -0.00173357   0.00590588    0.0239662
   0.0065052   -0.0034253   -0.0012306
  -0.0034253   0.00349529   0.00522739
  -0.0012306   0.00522739     0.024824
  0.00761588  -0.00298679  0.000300187
 -0.00298679   0.00380563   0.00673996
 0.000300187   0.00673996    0.0256253
  0.00684776  -0.00463585  -0.00222295
 -0.00463585   0.00513575   0.00658996
 -0.00222295   0.00658996     0.023242
  0.00775811  -0.00357355 -0.000130069
 -0.00357355   0.00466327   0.00735188
-0.000130069   0.00735188    0.0246416
  0.00786814  -0.00424996 -0.000597998
 -0.00424996   0.00557265   0.00788965
-0.000597998   0.00788965    0.0238049
  0.00632631  -0.00297666 -0.000809263
 -0.00297666   0.00286267   0.00468753
-0.000809263   0.00468753    0.0258143
   0.0074411  -0.00253279  0.000626417
 -0.00253279   0.00308082   0.00616092
 0.000626417   0.00616092    0.0267181
  0.00728041  -0.00227563  0.000797705
 -0.00227563   0.00252173   0.00560383
 0.000797705   0.00560383    0.0278501
  0.00653689  -0.00292174 -0.000778512
 -0.00292174   0.00254664   0.00439533
-0.000778512   0.00439533    0.0271258
  0.00560778  -0.00337115   -0.0024209
 -0.00337115    0.0028306   0.00356626
  -0.0024209   0.00356626    0.0248324
  0.00600571  -0.00342175  -0.00243217
 -0.00342175   0.00264657   0.00335723
 -0.00243217   0.00335723    0.0261418
  0.00511296  -0.00350798  -0.00383277
 -0.00350798   0.00280633   0.00285733
 -0.00383277   0.00285733    0.0236622
  0.00508823  -0.00376481  -0.00416547
 -0.00376481   0.00326496   0.00337298
 -0.00416547   0.00337298    0.0227166
  0.00478885  -0.00368496  -0.00525465
 -0.00368496   0.00317432   0.00311029
 -0.00525465   0.00311029    0.0215773
  0.00550601  -0.00358095  -0.00379893
 -0.00358095   0.00266886   0.00261763
 -0.00379893   0.00261763    0.0234218
  0.00476812  -0.00341874  -0.00485692
 -0.00341874   0.00271536   0.00253265
 -0.00485692   0.00253265    0.0218381
  0.00507046  -0.00347067  -0.00476332
 -0.00347067   0.00260446   0.00231749
 -0.00476332   0.00231749    0.0217423
  0.00504285  -0.00423868   -0.0057797
 -0.00423868   0.00391499    0.0040681
  -0.0057797    0.0040681    0.0210598
  0.00891965  -0.00377938  0.000859383
 -0.00377938   0.00631895   0.00937761
 0.000859383   0.00937761    0.0240592
  0.00887427  -0.00304507    0.0012958
 -0.00304507   0.00528082    0.0089189
   0.0012958    0.0089189    0.0250115
  0.00975298  -0.00260329   0.00232041
 -0.00260329   0.00609117    0.0102931
  0.00232041    0.0102931     0.025061
   0.0097272   -0.0033659   0.00192828
  -0.0033659   0.00733177    0.0107793
  0.00192828    0.0107793    0.0239843
   0.0096982  -0.00199929   0.00256648
 -0.00199929    0.0048674    0.0095395
  0.00256648    0.0095395    0.0262782
   0.0101636  -0.00237434   0.00280099
 -0.00237434   0.00697703    0.0112454
  0.00280099    0.0112454    0.0248844
   0.0101656  -0.00180924   0.00293824
 -0.00180924   0.00549679    0.0102535
  0.00293824    0.0102535    0.0262176
   0.0100789   -0.0019671    0.0027679
  -0.0019671   0.00602305    0.0102556
   0.0027679    0.0102556    0.0260651
   0.0100747  -0.00310496   0.00248209
 -0.00310496   0.00845351    0.0118709
  0.00248209    0.0118709    0.0236876
   0.0100301  -0.00244441   0.00276163
 -0.00244441    0.0077228     0.011575
  0.00276163     0.011575    0.0246261
  0.00991115  -0.00308076   0.00253795
 -0.00308076   0.00942539      0.01247
  0.00253795      0.01247    0.0233111
   0.0100634  -0.00146054   0.00282826
 -0.00146054   0.00419471   0.00899894
  0.00282826   0.00899894    0.0276106
   0.0100358  -0.00167495   0.00251528
 -0.00167495   0.00453396   0.00860667
  0.00251528   0.00860667    0.0275336
  0.00989408  -0.00156847   0.00203388
 -0.00156847   0.00337241   0.00675918
  0.00203388   0.00675918    0.0289406
  0.00985576  -0.00133063   0.00250238
 -0.00133063   0.00315183   0.00755544
  0.00250238   0.00755544    0.0289607
  0.00955089  -0.00161035   0.00260768
 -0.00161035   0.00379959   0.00861439
  0.00260768   0.00861439    0.0275776
  0.00932239  -0.00143696   0.00245271
 -0.00143696   0.00291895   0.00754588
  0.00245271   0.00754588    0.0288541
  0.00860351  -0.00202073    0.0018316
 -0.00202073   0.00341425   0.00759265
   0.0018316   0.00759265    0.0273073
  0.00877035  -0.00244323     0.001642
 -0.00244323   0.00428209   0.00829176
    0.001642   0.00829176    0.0261086
  0.00839594  -0.00179216   0.00185645
 -0.00179216   0.00270031   0.00682353
  0.00185645   0.00682353    0.0285064
   0.0144402  -0.00441943  -0.00328363
 -0.00441943   0.00208138   0.00346888
 -0.00328363   0.00346888    0.0240518
   0.0133565  -0.00374868  -0.00199477
 -0.00374868   0.00191448   0.00437481
 -0.00199477   0.00437481    0.0254596
   0.0112154  -0.00258156 -0.000411109
 -0.00258156   0.00171467   0.00451622
-0.000411109   0.00451622     0.027728
   0.0106092  -0.00251024  8.86128e-05
 -0.00251024   0.00176813    0.0051341
 8.86128e-05    0.0051341    0.0282452
   0.0133655  -0.00406781  -0.00215367
 -0.00406781   0.00212373   0.00476208
 -0.00215367   0.00476208    0.0252055
  0.00930699  -0.00177728   0.00117883
 -0.00177728   0.00181102   0.00555178
  0.00117883   0.00555178    0.0289373
   0.0103364  -0.00300226 -0.000420586
 -0.00300226   0.00198183   0.00506576
-0.000420586   0.00506576     0.028173
  0.00860654  -0.00209457  0.000893724
 -0.00209457   0.00189983   0.00542998
 0.000893724   0.00542998    0.0291178
  0.00849011  -0.00292383 -0.000283174
 -0.00292383   0.00220217    0.0049216
-0.000283174    0.0049216    0.0293103
   0.0123452  -0.00428732  -0.00238972
 -0.00428732   0.00234162    0.0047875
 -0.00238972    0.0047875    0.0243321
  0.00985804  -0.00379001  -0.00173352
 -0.00379001   0.00236432   0.00459165
 -0.00173352   0.00459165    0.0260193
   0.0115296  -0.00488131  -0.00324698
 -0.00488131   0.00278754   0.00456502
 -0.00324698   0.00456502    0.0231971
  0.00815294  -0.00172955   0.00166478
 -0.00172955   0.00215518   0.00603303
  0.00166478   0.00603303    0.0290393
  0.00759551  -0.00241871  0.000510148
 -0.00241871   0.00224538   0.00521098
 0.000510148   0.00521098    0.0288502
  0.00910711  -0.00146337   0.00198414
 -0.00146337   0.00223682   0.00646526
  0.00198414   0.00646526    0.0292514
  0.00974025  -0.00142741    0.0017997
 -0.00142741   0.00235341   0.00617953
   0.0017997   0.00617953    0.0294923
   0.0101628   -0.0018775   0.00073608
  -0.0018775   0.00185195   0.00505286
  0.00073608   0.00505286    0.0286904
   0.0107181   -0.0022483 -9.10805e-05
  -0.0022483    0.0019934   0.00387439
-9.10805e-05   0.00387439    0.0288654
   0.0099509  -0.00169887   0.00112577
 -0.00169887   0.00250682   0.00510808
  0.00112577   0.00510808    0.0295917
   0.0121215  -0.00313744  -0.00160961
 -0.00313744   0.00184537   0.00336478
 -0.00160961   0.00336478    0.0268007
   0.0108377  -0.00519237  -0.00375436
 -0.00519237   0.00305192   0.00433738
 -0.00375436   0.00433738    0.0226986
  0.00934902  -0.00444344  -0.00301497
 -0.00444344   0.00277144   0.00407075
 -0.00301497   0.00407075    0.0240101
  0.00909074  -0.00505682  -0.00447037
 -0.00505682    0.0032165    0.0038372
 -0.00447037    0.0038372    0.0235741
   0.0104075  -0.00554265  -0.00458772
 -0.00554265    0.0033901   0.00425079
 -0.00458772   0.00425079    0.0226722
  0.00780298  -0.00437866  -0.00378004
 -0.00437866   0.00293232   0.00347263
 -0.00378004   0.00347263     0.024225
  0.00807897  -0.00503249  -0.00532947
 -0.00503249   0.00337092   0.00347586
 -0.00532947   0.00347586    0.0227999
  0.00734175  -0.00461418  -0.00502096
 -0.00461418   0.00314992    0.0029911
 -0.00502096    0.0029911    0.0234535
     0.00662   -0.0043455  -0.00579728
  -0.0043455   0.00305711   0.00270063
 -0.00579728   0.00270063    0.0227884
  0.00892548  -0.00542786  -0.00553886
 -0.00542786   0.00353334    0.0037791
 -0.00553886    0.0037791    0.0211132
  0.00715873  -0.00465621  -0.00599653
 -0.00465621   0.00320204   0.00307006
 -0.00599653   0.00307006    0.0214586
  0.00798338  -0.00517296  -0.00616095
 -0.00517296   0.00351413   0.00363528
 -0.00616095   0.00363528    0.0206692
  0.00629989  -0.00397131  -0.00432603
 -0.00397131   0.00279337   0.00276622
 -0.00432603   0.00276622    0.0231309
  0.00552151  -0.00369749  -0.00518745
 -0.00369749   0.00268485   0.00236745
 -0.00518745   0.00236745    0.0218871
  0.00670644  -0.00377368  -0.00293804
 -0.00377368   0.00268511   0.00328835
 -0.00293804   0.00328835    0.0251356
   0.0071602  -0.00317244  -0.00109212
 -0.00317244   0.00245348   0.00427287
 -0.00109212   0.00427287    0.0285035
  0.00808692  -0.00374595  -0.00209967
 -0.00374595   0.00255111   0.00408862
 -0.00209967   0.00408862    0.0262801
  0.00936785   -0.0032412   0.00224201
  -0.0032412    0.0100251    0.0125508
  0.00224201    0.0125508    0.0229826
  0.00949404  -0.00275881   0.00234913
 -0.00275881    0.0081293    0.0112876
  0.00234913    0.0112876    0.0244145
  0.00878811  -0.00318149   0.00175846
 -0.00318149   0.00809154    0.0105323
  0.00175846    0.0105323    0.0243197
  0.00867138   -0.0034988   0.00176523
  -0.0034988    0.0101497    0.0122112
  0.00176523    0.0122112    0.0227772
  0.00885981  -0.00295648    0.0014831
 -0.00295648   0.00621837   0.00840009
   0.0014831   0.00840009    0.0259239
  0.00810745  -0.00354148   0.00111237
 -0.00354148   0.00770005   0.00955225
  0.00111237   0.00955225    0.0243716
  0.00819025  -0.00341638  0.000717154
 -0.00341638   0.00585172   0.00702288
 0.000717154   0.00702288     0.026054
  0.00764546  -0.00365524   -3.132e-05
 -0.00365524   0.00531881   0.00570102
  -3.132e-05   0.00570102    0.0263263
  0.00798588  -0.00372124   0.00122542
 -0.00372124   0.00987384    0.0116259
  0.00122542    0.0116259    0.0227247
  0.00752362  -0.00372737   0.00046421
 -0.00372737    0.0070989   0.00855448
  0.00046421   0.00855448    0.0245486
  0.00738893  -0.00381722  0.000670083
 -0.00381722   0.00933405    0.0109628
 0.000670083    0.0109628    0.0227946
  0.00824591  -0.00332661  5.77756e-05
 -0.00332661   0.00453192   0.00426534
 5.77756e-05   0.00426534     0.027697
  0.00773848  -0.00358153 -0.000770172
 -0.00358153   0.00420498   0.00265555
-0.000770172   0.00265555    0.0280455
  0.00781124  -0.00349616  -0.00163565
 -0.00349616   0.00374613 -0.000311909
 -0.00163565 -0.000311909    0.0296537
    0.008287  -0.00324203 -0.000759617
 -0.00324203   0.00378167   0.00147327
-0.000759617   0.00147327    0.0292457
  0.00889586  -0.00281247  0.000938852
 -0.00281247   0.00473539   0.00597996
 0.000938852   0.00597996    0.0275053
   0.0089013  -0.00271481  0.000208462
 -0.00271481   0.00373022   0.00342559
 0.000208462   0.00342559    0.0289961
  0.00957503  -0.00217973   0.00181299
 -0.00217973   0.00475656   0.00752171
  0.00181299   0.00752171    0.0274702
  0.00956273  -0.00240398   0.00221669
 -0.00240398   0.00630096   0.00957343
  0.00221669   0.00957343    0.0259415
  0.00951048  -0.00207937   0.00120214
 -0.00207937   0.00359702   0.00528764
  0.00120214   0.00528764    0.0289165
  0.00687021   -0.0037693  0.000102915
  -0.0037693   0.00862963    0.0103749
 0.000102915    0.0103749     0.022935
  0.00703472  -0.00369773 -0.000209354
 -0.00369773   0.00640845   0.00770516
-0.000209354   0.00770516    0.0248055
  0.00661355   -0.0034988 -0.000911208
  -0.0034988   0.00570146   0.00711565
-0.000911208   0.00711565     0.025109
   0.0064269   -0.0035963  -0.00047897
  -0.0035963   0.00788697   0.00993512
 -0.00047897   0.00993512    0.0230935
  0.00683398  -0.00336419  -0.00158718
 -0.00336419   0.00414988   0.00384984
 -0.00158718   0.00384984    0.0270949
  0.00625447  -0.00319577  -0.00164588
 -0.00319577   0.00506893   0.00674991
 -0.00164588   0.00674991    0.0254395
  0.00651264  -0.00297451  -0.00241317
 -0.00297451   0.00358153   0.00340721
 -0.00241317   0.00340721    0.0275444
  0.00625607  -0.00257099  -0.00316897
 -0.00257099   0.00305136   0.00324811
 -0.00316897   0.00324811    0.0278001
  0.00605678  -0.00334501  -0.00108625
 -0.00334501   0.00720206   0.00962757
 -0.00108625   0.00962757    0.0232518
  0.00596345  -0.00286212  -0.00235778
 -0.00286212   0.00450912   0.00661276
 -0.00235778   0.00661276    0.0255209
  0.00576663  -0.00305892  -0.00170518
 -0.00305892   0.00662129   0.00944617
 -0.00170518   0.00944617    0.0234078
  0.00679066  -0.00271387  -0.00329896
 -0.00271387   0.00289784 -4.94375e-05
 -0.00329896 -4.94375e-05    0.0294326
  0.00669397  -0.00224236  -0.00403646
 -0.00224236   0.00236273 -0.000145437
 -0.00403646 -0.000145437    0.0294397
  0.00700214  -0.00192238  -0.00482028
 -0.00192238   0.00241788  -0.00329843
 -0.00482028  -0.00329843    0.0311854
  0.00702526   -0.0024725  -0.00414425
  -0.0024725   0.00295032  -0.00320389
 -0.00414425  -0.00320389    0.0309916
   0.0070544  -0.00319791  -0.00243739
 -0.00319791   0.00337944  0.000453768
 -0.00243739  0.000453768    0.0289568
  0.00723032  -0.00302514  -0.00330521
 -0.00302514   0.00337282  -0.00269977
 -0.00330521  -0.00269977    0.0305865
  0.00735645  -0.00352216  -0.00159507
 -0.00352216   0.00381942   0.00134404
 -0.00159507   0.00134404    0.0284858
  0.00719995  -0.00362528 -0.000794682
 -0.00362528   0.00473747    0.0046028
-0.000794682    0.0046028    0.0266852
  0.00747187  -0.00340713  -0.00246996
 -0.00340713   0.00362481  -0.00173875
 -0.00246996  -0.00173875    0.0301257
   0.0129154  -0.00590818  -0.00805002
 -0.00590818   0.00511479  -0.00272371
 -0.00805002  -0.00272371    0.0241877
   0.0134158  -0.00638315  -0.00782957
 -0.00638315   0.00543273  -0.00294193
 -0.00782957  -0.00294193      0.02437
   0.0105425  -0.00440724  -0.00685685
 -0.00440724   0.00473515  -0.00507592
 -0.00685685  -0.00507592    0.0282759
   0.0109137  -0.00483759  -0.00643165
 -0.00483759   0.00479494  -0.00482646
 -0.00643165  -0.00482646    0.0281737
   0.0138855  -0.00661553  -0.00757189
 -0.00661553   0.00534311  -0.00286429
 -0.00757189  -0.00286429    0.0243219
  0.00881112  -0.00364458  -0.00524116
 -0.00364458   0.00430319   -0.0057136
 -0.00524116   -0.0057136    0.0307037
   0.0112699   -0.0050045  -0.00597986
  -0.0050045   0.00449501  -0.00421767
 -0.00597986  -0.00421767    0.0278649
  0.00909585  -0.00395351  -0.00462341
 -0.00395351    0.0041608  -0.00487785
 -0.00462341  -0.00487785    0.0303261
  0.00944257  -0.00397719  -0.00394137
 -0.00397719   0.00377794  -0.00359721
 -0.00394137  -0.00359721    0.0298584
   0.0142345  -0.00660524  -0.00727225
 -0.00660524     0.004929  -0.00246464
 -0.00727225  -0.00246464    0.0240587
   0.0115978  -0.00493538  -0.00543562
 -0.00493538   0.00394672  -0.00317042
 -0.00543562  -0.00317042    0.0274201
    0.014491  -0.00640004  -0.00687161
 -0.00640004   0.00429998   -0.0017119
 -0.00687161   -0.0017119    0.0236878
  0.00786857  -0.00342061  -0.00350856
 -0.00342061   0.00376325  -0.00394989
 -0.00350856  -0.00394989    0.0309228
  0.00819147  -0.00350686  -0.00272259
 -0.00350686   0.00362895    -0.002529
 -0.00272259    -0.002529    0.0304376
  0.00763757  -0.00304176  -0.00426185
 -0.00304176   0.00370991  -0.00488992
 -0.00426185  -0.00488992    0.0313433
  0.00745897  -0.00244812  -0.00501225
 -0.00244812    0.0033902  -0.00536037
 -0.00501225  -0.00536037    0.0316329
  0.00856624  -0.00308746  -0.00584801
 -0.00308746   0.00408123  -0.00608916
 -0.00584801  -0.00608916    0.0308803
  0.00853426  -0.00242249  -0.00635571
 -0.00242249     0.003502  -0.00603296
 -0.00635571  -0.00603296    0.0309117
   0.0075887  -0.00185792  -0.00561614
 -0.00185792   0.00283362  -0.00534276
 -0.00561614  -0.00534276    0.0316034
   0.0103574  -0.00380247  -0.00723209
 -0.00380247   0.00424205  -0.00493414
 -0.00723209  -0.00493414    0.0281522
    0.014704  -0.00605321  -0.00630292
 -0.00605321   0.00360039 -0.000625792
 -0.00630292 -0.000625792    0.0233335
   0.0119208  -0.00463403  -0.00474154
 -0.00463403   0.00330078  -0.00175134
 -0.00474154  -0.00175134    0.0270142
   0.0122217  -0.00420553  -0.00387629
 -0.00420553   0.00265084 -1.73294e-05
 -0.00387629 -1.73294e-05      0.02672
   0.0149475  -0.00562265  -0.00551558
 -0.00562265   0.00291174  0.000703196
 -0.00551558  0.000703196    0.0231867
   0.0102821  -0.00325323  -0.00216752
 -0.00325323    0.0027099  7.74839e-05
 -0.00216752  7.74839e-05    0.0291266
   0.0123922  -0.00369152  -0.00278006
 -0.00369152   0.00215071   0.00175154
 -0.00278006   0.00175154    0.0266139
   0.0106476  -0.00271749  -0.00112824
 -0.00271749   0.00227425   0.00211817
 -0.00112824   0.00211817    0.0289827
   0.0147784  -0.00499283  -0.00442974
 -0.00499283   0.00237512   0.00216075
 -0.00442974   0.00216075    0.0234738
  0.00967797  -0.00217075   0.00019995
 -0.00217075   0.00273854    0.0033817
  0.00019995    0.0033817    0.0296102
  0.00917597  -0.00275989 -0.000847444
 -0.00275989   0.00304555    0.0013383
-0.000847444    0.0013383    0.0297213
  0.00863968  -0.00325015  -0.00185104
 -0.00325015    0.0033771 -0.000721425
 -0.00185104 -0.000721425    0.0300059
  0.00984884  -0.00371777  -0.00312874
 -0.00371777   0.00326732  -0.00190575
 -0.00312874  -0.00190575    0.0294226
  0.00417838  -0.00857567  -0.00324063
 -0.00857567     0.026835    0.0156103
 -0.00324063    0.0156103     0.014776
  0.00486379  -0.00846072  -0.00238745
 -0.00846072    0.0255072    0.0152126
 -0.00238745    0.0152126    0.0157747
  0.00493743  -0.00820377  -0.00310769
 -0.00820377    0.0208579    0.0139462
 -0.00310769    0.0139462    0.0169966
   0.0057442  -0.00812382  -0.00206072
 -0.00812382    0.0198871    0.0134918
 -0.00206072    0.0134918    0.0178129
  0.00571138  -0.00832282  -0.00143171
 -0.00832282    0.0242746    0.0149325
 -0.00143171    0.0149325    0.0168075
  0.00583307   -0.0078727   -0.0027729
  -0.0078727    0.0159442    0.0120911
  -0.0027729    0.0120911    0.0187795
  0.00666076  -0.00805511 -0.000998506
 -0.00805511    0.0191143    0.0132383
