           0            0            0
           0            0            0
           0            0            0
   0.0151951  -0.00268641  0.000734995
 -0.00268641  0.000880921   0.00207531
 0.000734995   0.00207531    0.0127894
   0.0134047  -0.00178453   0.00305559
 -0.00178453  0.000646622   0.00200017
  0.00305559   0.00200017    0.0157464
   0.0114763   -0.0010724   0.00515651
  -0.0010724  0.000419377   0.00159533
  0.00515651   0.00159533    0.0173002
   0.0110285 -0.000890353     0.006125
-0.000890353  0.000296306   0.00113117
    0.006125   0.00113117    0.0174418
   0.0111965  -0.00100394   0.00578456
 -0.00100394  0.000263353  0.000874589
  0.00578456  0.000874589    0.0179494
  0.00973217 -0.000961619   0.00474495
-0.000961619  0.000247949  0.000774074
  0.00474495  0.000774074    0.0160982
   0.0102491  -0.00108343   0.00413505
 -0.00108343  0.000226068  0.000542327
  0.00413505  0.000542327      0.01741
   0.0114298  -0.00109183   0.00515891
 -0.00109183  0.000234057  0.000622996
  0.00515891  0.000622996    0.0184963
   0.0102593  -0.00110644   0.00296736
 -0.00110644  0.000202337  0.000221118
  0.00296736  0.000221118    0.0185488
   0.0115542  -0.00112896   0.00406795
 -0.00112896   0.00020484  0.000302252
  0.00406795  0.000302252    0.0196562
   0.0104019  -0.00102665   0.00160108
 -0.00102665   0.00018618 -0.000167851
  0.00160108 -0.000167851    0.0199212
   0.0118244  -0.00114856   0.00364654
 -0.00114856  0.000183874  6.29114e-05
  0.00364654  6.29114e-05    0.0200141
   0.0226037  -0.00149834   0.00610464
 -0.00149834  0.000753038   0.00250971
  0.00610464   0.00250971     0.014791
    0.019405 -0.000746914   0.00799645
-0.000746914  0.000716472   0.00284098
  0.00799645   0.00284098     0.017868
   0.0195306 -0.000720091   0.00799994
-0.000720091  0.000686093   0.00279629
  0.00799994   0.00279629    0.0179585
   0.0174519 -0.000185486   0.00951508
-0.000185486  0.000636883     0.002965
  0.00951508     0.002965    0.0203602
   0.0173107 -0.000212513   0.00949209
-0.000212513  0.000663217   0.00300501
  0.00949209   0.00300501    0.0202636
   0.0174403 -0.000244398   0.00945063
-0.000244398  0.000604404     0.002841
  0.00945063     0.002841    0.0204332
   0.0161164  4.19041e-05    0.0100327
 4.19041e-05   0.00057002   0.00291936
   0.0100327   0.00291936    0.0215376
   0.0161131 -1.10112e-05   0.00996913
-1.10112e-05  0.000542804   0.00280313
  0.00996913   0.00280313    0.0215947
   0.0157722 -3.84174e-05   0.00995138
-3.84174e-05   0.00047006   0.00258177
  0.00995138   0.00258177    0.0219445
   0.0159788  1.78358e-05    0.0100075
 1.78358e-05  0.000590811   0.00295476
   0.0100075   0.00295476    0.0214555
    0.015776  7.05064e-06    0.0100257
 7.05064e-06  0.000492043   0.00268951
   0.0100257   0.00268951    0.0219171
   0.0156461 -1.43746e-05    0.0100094
-1.43746e-05  0.000509093   0.00272331
   0.0100094   0.00272331    0.0218638
   0.0159986 -0.000162289   0.00984793
-0.000162289  0.000505491   0.00259032
  0.00984793   0.00259032     0.021653
   0.0156588 -0.000178499   0.00981656
-0.000178499  0.000439793   0.00237999
  0.00981656   0.00237999    0.0219723
   0.0155043 -0.000390879   0.00966949
-0.000390879  0.000406169    0.0021072
  0.00966949    0.0021072     0.022021
   0.0158437 -0.000390038   0.00972155
-0.000390038  0.000465626   0.00230733
  0.00972155   0.00230733    0.0217367
   0.0173065 -0.000415674    0.0093393
-0.000415674  0.000565827   0.00262334
   0.0093393   0.00262334     0.020513
   0.0171462 -0.000671638   0.00924134
-0.000671638  0.000530461   0.00233998
  0.00924134   0.00233998    0.0206243
   0.0193229   -0.0010261   0.00784673
  -0.0010261  0.000631918   0.00245409
  0.00784673   0.00245409    0.0181329
   0.0194828 -0.000810381   0.00793445
-0.000810381  0.000656716   0.00266779
  0.00793445   0.00266779    0.0180378
   0.0225445  -0.00167779    0.0060287
 -0.00167779  0.000722456   0.00232658
   0.0060287   0.00232658     0.014951
   0.0191547  -0.00133501   0.00760528
 -0.00133501  0.000623942   0.00223708
  0.00760528   0.00223708    0.0182796
   0.0222071  -0.00193223   0.00589799
 -0.00193223  0.000721526   0.00214794
  0.00589799   0.00214794    0.0150038
    0.022316  -0.00236991   0.00543304
 -0.00236991  0.000771522   0.00203888
  0.00543304   0.00203888    0.0152037
   0.0226612  -0.00151469    0.0060844
 -0.00151469  0.000730291   0.00245737
   0.0060844   0.00245737    0.0148675
   0.0154344 -0.000155139   0.00952466
-0.000155139  0.000416765   0.00238629
  0.00952466   0.00238629    0.0217577
   0.0155592 -0.000140486   0.00952483
-0.000140486  0.000403044   0.00235166
  0.00952483   0.00235166    0.0217736
   0.0153659  -0.00026164    0.0089771
 -0.00026164  0.000314203   0.00196487
   0.0089771   0.00196487     0.021606
   0.0152396 -0.000267107    0.0089869
-0.000267107  0.000324045   0.00199854
   0.0089869   0.00199854    0.0216241
   0.0153493 -0.000297371   0.00886789
-0.000297371  0.000302362   0.00187525
  0.00886789   0.00187525    0.0215585
    0.015184 -0.000353933   0.00837593
-0.000353933  0.000229199   0.00153763
  0.00837593   0.00153763    0.0213954
   0.0151652 -0.000388146   0.00825407
-0.000388146  0.000222532   0.00146211
  0.00825407   0.00146211    0.0213111
   0.0150018 -0.000440333   0.00761786
-0.000440333    0.0001551     0.001028
  0.00761786     0.001028    0.0210438
   0.0150533 -0.000349114   0.00838874
-0.000349114  0.000234904   0.00156866
  0.00838874   0.00156866    0.0214489
   0.0150247 -0.000407757   0.00774811
-0.000407757  0.000157035   0.00108788
  0.00774811   0.00108788    0.0211654
   0.0148892 -0.000395041    0.0077589
-0.000395041  0.000159938   0.00111569
   0.0077589   0.00111569    0.0212484
    0.015039 -0.000485163   0.00805705
-0.000485163  0.000213393    0.0013178
  0.00805705    0.0013178    0.0212168
   0.0148685 -0.000525747   0.00740334
-0.000525747  0.000152313  0.000910086
  0.00740334  0.000910086    0.0209096
    0.014714 -0.000665416   0.00717009
-0.000665416   0.00015041  0.000738968
  0.00717009  0.000738968    0.0207917
    0.014892  -0.00064377   0.00784797
 -0.00064377  0.000204647   0.00111407
  0.00784797   0.00111407    0.0211429
   0.0152307 -0.000407376   0.00869188
-0.000407376  0.000286429   0.00170775
  0.00869188   0.00170775    0.0215053
   0.0150884 -0.000585778   0.00850666
-0.000585778  0.000270932   0.00147581
  0.00850666   0.00147581     0.021473
    0.015436 -0.000305263   0.00927793
-0.000305263  0.000362992   0.00206457
  0.00927793   0.00206457     0.021751
   0.0155472 -0.000180209   0.00943258
-0.000180209  0.000385148   0.00225134
  0.00943258   0.00225134    0.0217642
   0.0152858 -0.000501556   0.00911329
-0.000501556  0.000338474   0.00180941
  0.00911329   0.00180941    0.0217623
   0.0128667  -0.00113548    0.0055047
 -0.00113548  0.000205809  0.000458094
   0.0055047  0.000458094    0.0201798
   0.0126819  -0.00109114   0.00605204
 -0.00109114  0.000241345  0.000726402
  0.00605204  0.000726402    0.0198228
   0.0141419 -0.000998412   0.00750286
-0.000998412  0.000253076  0.000945283
  0.00750286  0.000945283    0.0209147
   0.0123334 -0.000999991   0.00666296
-0.000999991  0.000273904  0.000965899
  0.00666296  0.000965899    0.0191291
   0.0140875 -0.000921391   0.00800833
-0.000921391  0.000299036     0.001236
  0.00800833     0.001236    0.0210515
   0.0139877 -0.000799721   0.00841687
-0.000799721  0.000342296   0.00151068
  0.00841687   0.00151068    0.0209416
   0.0123163 -0.000882149   0.00718045
-0.000882149  0.000308335   0.00122441
  0.00718045   0.00122441    0.0189276
   0.0150886 -0.000755305   0.00892595
-0.000755305  0.000319068   0.00149587
  0.00892595   0.00149587    0.0217876
   0.0151816 -0.000645156   0.00942908
-0.000645156  0.000375704   0.00178277
  0.00942908   0.00178277    0.0220418
      0.0149 -0.000820754   0.00829751
-0.000820754  0.000259978   0.00118915
  0.00829751   0.00118915    0.0214559
   0.0147116  -0.00085575   0.00761175
 -0.00085575   0.00020245  0.000861811
  0.00761175  0.000861811    0.0210762
   0.0140511  -0.00102445   0.00692873
 -0.00102445  0.000203941  0.000636055
  0.00692873  0.000636055    0.0207763
   0.0140491  -0.00102597    0.0063939
 -0.00102597  0.000166116   0.00030916
   0.0063939   0.00030916    0.0203816
   0.0145301 -0.000852593   0.00690782
-0.000852593    0.0001544  0.000523097
  0.00690782  0.000523097    0.0206812
   0.0129144  -0.00112181    0.0050984
 -0.00112181  0.000172863  0.000152843
   0.0050984  0.000152843    0.0201898
   0.0126818 -0.000942917   0.00679424
-0.000942917  0.000383032   0.00155871
  0.00679424   0.00155871    0.0187869
   0.0144339  -0.00150133   0.00527532
 -0.00150133  0.000564175   0.00190529
  0.00527532   0.00190529    0.0176373
   0.0153453  -0.00124318   0.00695271
 -0.00124318  0.000513765   0.00190522
  0.00695271   0.00190522    0.0189957
   0.0162726  -0.00234547   0.00275799
 -0.00234547  0.000770371   0.00203577
  0.00275799   0.00203577    0.0148133
     0.01705   -0.0021058     0.004271
  -0.0021058  0.000711597   0.00199908
    0.004271   0.00199908    0.0159033
   0.0194192  -0.00306749   0.00200119
 -0.00306749  0.000931235   0.00200758
  0.00200119   0.00200758    0.0129749
   0.0178102   -0.0031376  0.000685898
  -0.0031376   0.00097479   0.00211191
 0.000685898   0.00211191    0.0125033
   0.0183737   -0.0016944   0.00643549
  -0.0016944  0.000643489    0.0020793
  0.00643549    0.0020793    0.0176926
   0.0207174  -0.00267222   0.00396112
 -0.00267222  0.000820278   0.00197643
  0.00396112   0.00197643    0.0144074
   0.0165095 -0.000964145   0.00853142
-0.000964145   0.00050808   0.00207254
  0.00853142   0.00207254    0.0202662
     0.01532  -0.00063753   0.00933862
 -0.00063753  0.000427625    0.0019909
  0.00933862    0.0019909    0.0216377
   0.0140944  -0.00082851   0.00809337
 -0.00082851  0.000397882   0.00173732
  0.00809337   0.00173732     0.020358
    0.014717 -0.000406356   0.00709076
-0.000406356  9.82308e-05  0.000632086
  0.00709076  0.000632086    0.0210468
   0.0148836 -0.000429026   0.00708715
-0.000429026  9.75915e-05  0.000607497
  0.00708715  0.000607497    0.0209379
   0.0147658  -0.00039262   0.00639498
 -0.00039262  6.91536e-05  9.07686e-05
  0.00639498  9.07686e-05    0.0207353
   0.0145409  -0.00036132   0.00638876
 -0.00036132   6.9522e-05  0.000111013
  0.00638876  0.000111013    0.0208617
   0.0147642 -0.000419442   0.00625291
-0.000419442  7.19998e-05  5.87237e-05
  0.00625291  5.87237e-05    0.0205605
   0.0146235 -0.000305798   0.00568474
-0.000305798  7.39028e-05  -0.00045534
  0.00568474  -0.00045534    0.0205521
   0.0146753 -0.000330575   0.00554003
-0.000330575  7.60105e-05  -0.00047287
  0.00554003  -0.00047287    0.0203641
   0.0145614 -0.000191417   0.00483991
-0.000191417   0.00011711  -0.00101119
  0.00483991  -0.00101119     0.020188
   0.0143353 -0.000267335   0.00567238
-0.000267335  7.36474e-05  -0.00043857
  0.00567238  -0.00043857    0.0206844
    0.014452 -0.000169286   0.00498791
-0.000169286  0.000116311  -0.00100742
  0.00498791  -0.00100742    0.0203782
   0.0141155 -0.000128956   0.00497079
-0.000128956  0.000117087 -0.000994677
  0.00497079 -0.000994677    0.0205034
   0.0145328 -0.000373608   0.00526153
-0.000373608  8.01177e-05 -0.000515723
  0.00526153 -0.000515723    0.0201384
   0.0144604 -0.000222483    0.0045445
-0.000222483  0.000119013  -0.00103059
   0.0045445  -0.00103059    0.0199515
   0.0142843 -0.000279028   0.00419154
-0.000279028  0.000123337  -0.00107473
  0.00419154  -0.00107473    0.0197103
   0.0143455 -0.000450116   0.00494188
-0.000450116  8.65095e-05 -0.000588867
  0.00494188 -0.000588867    0.0199149
   0.0146068  -0.00047483   0.00599643
 -0.00047483  7.60656e-05  -7.5098e-06
  0.00599643  -7.5098e-06    0.0203558
   0.0144355  -0.00057439   0.00571023
 -0.00057439  8.36076e-05 -0.000111226
  0.00571023 -0.000111226    0.0201578
   0.0147121 -0.000529317   0.00671532
-0.000529317  0.000100816  0.000470841
  0.00671532  0.000470841    0.0206131
   0.0148563  -0.00045802   0.00694983
 -0.00045802  9.79523e-05  0.000561949
  0.00694983  0.000561949    0.0207869
   0.0145493 -0.000650574   0.00645839
-0.000650574   0.00010499  0.000333858
  0.00645839  0.000333858     0.020453
   0.0138628  4.85816e-05   0.00425369
 4.85816e-05  0.000198743  -0.00157694
  0.00425369  -0.00157694    0.0203329
   0.0142591  6.77172e-06   0.00427074
 6.77172e-06  0.000195825   -0.0015847
  0.00427074   -0.0015847    0.0202204
   0.0140765  0.000257057   0.00350734
 0.000257057   0.00034169  -0.00220303
  0.00350734  -0.00220303    0.0200967
   0.0136027  0.000294303   0.00349999
 0.000294303  0.000349836  -0.00220345
  0.00349999  -0.00220345    0.0201948
   0.0143112  0.000252259   0.00334823
 0.000252259  0.000334239  -0.00218034
  0.00334823  -0.00218034    0.0199339
    0.013849  0.000564935    0.0027093
 0.000564935  0.000549722  -0.00285847
   0.0027093  -0.00285847    0.0200253
   0.0141874   0.00057347   0.00253351
  0.00057347  0.000533221  -0.00282085
  0.00253351  -0.00282085    0.0198842
   0.0139969   0.00094541   0.00171727
  0.00094541  0.000791509  -0.00346906
  0.00171727  -0.00346906    0.0198752
   0.0132972  0.000595237   0.00273468
 0.000595237  0.000564063  -0.00286661
  0.00273468  -0.00286661    0.0201038
   0.0135526  0.000923411   0.00192497
 0.000923411  0.000818169   -0.0035199
  0.00192497   -0.0035199    0.0199894
   0.0129527  0.000943793   0.00199539
 0.000943793   0.00084149  -0.00353726
  0.00199539  -0.00353726     0.020047
   0.0142613   0.00059496   0.00217083
  0.00059496   0.00051687  -0.00277608
  0.00217083  -0.00277608    0.0196736
   0.0141888  0.000988735   0.00132869
 0.000988735  0.000762435  -0.00340268
  0.00132869  -0.00340268    0.0196888
   0.0142125   0.00102674   0.00082759
  0.00102674  0.000734951  -0.00333981
  0.00082759  -0.00333981    0.0194599
   0.0141984   0.00060649   0.00170803
  0.00060649  0.000501149  -0.00273792
  0.00170803  -0.00273792    0.0194273
   0.0143049  0.000254867   0.00300965
 0.000254867  0.000326244  -0.00215633
  0.00300965  -0.00215633    0.0197055
   0.0142047  0.000240557    0.0025855
 0.000240557  0.000320795  -0.00214418
   0.0025855  -0.00214418    0.0194507
   0.0143658 -2.41855e-05   0.00380241
-2.41855e-05  0.000191915  -0.00157254
  0.00380241  -0.00157254    0.0198032
   0.0144186  -8.2133e-06   0.00411992
 -8.2133e-06  0.000192547  -0.00157513
  0.00411992  -0.00157513    0.0200412
   0.0142209 -6.16647e-05   0.00341806
-6.16647e-05  0.000192534  -0.00158766
  0.00341806  -0.00158766     0.019551
   0.0141365   0.00103746  -0.00165651
  0.00103746    0.0006439  -0.00317389
 -0.00165651  -0.00317389    0.0184878
   0.0138108  0.000499819 -0.000645441
 0.000499819  0.000462324  -0.00268194
-0.000645441  -0.00268194    0.0183888
   0.0139469  0.000550693  2.54694e-05
 0.000550693  0.000468583  -0.00268636
 2.54694e-05  -0.00268636    0.0186596
   0.0137615  9.96565e-05   0.00100771
 9.96565e-05   0.00031927  -0.00218223
  0.00100771  -0.00218223    0.0186598
   0.0135991  1.09647e-05   0.00036109
 1.09647e-05  0.000329938  -0.00221022
  0.00036109  -0.00221022    0.0183739
   0.0139398    0.0001603   0.00160626
   0.0001603  0.000317035  -0.00216117
  0.00160626  -0.00216117     0.018935
   0.0136695 -0.000291331   0.00194144
-0.000291331  0.000219033  -0.00172408
  0.00194144  -0.00172408    0.0187667
   0.0138732 -0.000194458   0.00250975
-0.000194458  0.000203602   -0.0016674
  0.00250975   -0.0016674     0.019044
   0.0139153 -0.000466571   0.00335745
-0.000466571  0.000147665  -0.00122145
  0.00335745  -0.00122145    0.0192259
   0.0133725  -0.00040771   0.00126862
 -0.00040771  0.000240491  -0.00178322
  0.00126862  -0.00178322    0.0184413
   0.0136768 -0.000602907    0.0028248
-0.000602907  0.000171194  -0.00131942
   0.0028248  -0.00131942    0.0189569
   0.0130455 -0.000708259   0.00202418
-0.000708259  0.000195708  -0.00139147
  0.00202418  -0.00139147    0.0184799
   0.0140427 -0.000121854   0.00298835
-0.000121854  0.000196009  -0.00162235
  0.00298835  -0.00162235    0.0192995
   0.0140924   -0.0003628   0.00379995
  -0.0003628  0.000131328  -0.00114104
  0.00379995  -0.00114104    0.0194719
   0.0140713  0.000203834   0.00211897
 0.000203834  0.000316693  -0.00214771
  0.00211897  -0.00214771    0.0191931
   0.0141207  0.000598953   0.00119362
 0.000598953  0.000487925  -0.00271235
  0.00119362  -0.00271235     0.019173
   0.0140672  0.000581265  0.000648089
 0.000581265  0.000477152  -0.00269546
 0.000648089  -0.00269546    0.0189209
   0.0142021   0.00106278 -0.000326212
  0.00106278  0.000687278  -0.00324396
-0.000326212  -0.00324396    0.0189762
   0.0141762   0.00105083  0.000263564
  0.00105083  0.000709638  -0.00328759
 0.000263564  -0.00328759    0.0192162
   0.0141927   0.00105827 -0.000969399
  0.00105827   0.00066472  -0.00320623
-0.000969399  -0.00320623    0.0187341
   0.0124662 -0.000900323   0.00248619
-0.000900323  0.000168644  -0.00102098
  0.00248619  -0.00102098    0.0186618
   0.0135907  -0.00085104   0.00362051
 -0.00085104  0.000147966 -0.000943824
  0.00362051 -0.000943824    0.0191814
   0.0133166  -0.00101017    0.0043039
 -0.00101017  0.000142111 -0.000561616
   0.0043039 -0.000561616    0.0193358
   0.0119818  -0.00101145   0.00265895
 -0.00101145   0.00015886 -0.000649603
  0.00265895 -0.000649603    0.0194281
   0.0140256 -0.000879502   0.00501542
-0.000879502  0.000118192 -0.000413102
  0.00501542 -0.000413102    0.0197697
   0.0129971  -0.00108944   0.00480996
 -0.00108944    0.0001488 -0.000189874
  0.00480996 -0.000189874     0.019549
   0.0140248 -0.000990473   0.00575541
-0.000990473  0.000132671  -4.0197e-05
  0.00575541  -4.0197e-05    0.0200957
   0.0118425  -0.00109663   0.00301734
 -0.00109663  0.000162541 -0.000285265
  0.00301734 -0.000285265    0.0201786
   0.0143596 -0.000814819   0.00616883
-0.000814819  0.000114114  0.000156919
  0.00616883  0.000156919    0.0202999
   0.0142507 -0.000715996   0.00539453
-0.000715996  9.48855e-05 -0.000249334
  0.00539453 -0.000249334    0.0199688
   0.0141618 -0.000563209   0.00458928
-0.000563209  9.80824e-05 -0.000689132
  0.00458928 -0.000689132    0.0196958
   0.0139671 -0.000699689   0.00418348
-0.000699689   0.00011884 -0.000809953
  0.00418348 -0.000809953    0.0194702
   0.0108228  -0.00103364   0.00133681
 -0.00103364  0.000174433 -0.000387028
  0.00133681 -0.000387028    0.0205403
   0.0111728 -0.000979982   0.00110339
-0.000979982  0.000168575 -0.000715348
  0.00110339 -0.000715348    0.0202831
  0.00987402 -0.000848892 -0.000584559
-0.000848892  0.000182181 -0.000722723
-0.000584559 -0.000722723    0.0201694
    0.011362 -0.000858082  0.000668264
-0.000858082  0.000181175  -0.00108615
 0.000668264  -0.00108615    0.0196293
   0.0104075 -0.000802571 -0.000826838
-0.000802571  0.000187054  -0.00108833
-0.000826838  -0.00108833    0.0202785
   0.0110302   -0.0006775 -0.000935907
  -0.0006775  0.000216155  -0.00145719
-0.000935907  -0.00145719    0.0196414
   0.0118692 -0.000697588  0.000471399
-0.000697588  0.000207927  -0.00143132
 0.000471399  -0.00143132    0.0187478
  0.00986453 -0.000534652  -0.00239945
-0.000534652  0.000216849  -0.00138482
 -0.00239945  -0.00138482    0.0200487
   0.0125002 -0.000469736  0.000269416
-0.000469736  0.000252689  -0.00178455
 0.000269416  -0.00178455    0.0179424
   0.0131902 -8.06991e-05 -0.000427861
-8.06991e-05    0.0003361  -0.00221198
-0.000427861  -0.00221198    0.0179993
   0.0123525 -0.000102535  -0.00164786
-0.000102535  0.000339358   -0.0022122
 -0.00164786   -0.0022122    0.0181953
   0.0137091  0.000418057  -0.00135146
 0.000418057  0.000456491  -0.00266503
 -0.00135146  -0.00266503    0.0180999
    0.013286  0.000369212  -0.00228704
 0.000369212   0.00044872  -0.00265036
 -0.00228704  -0.00265036    0.0180518
   0.0140855  0.000926743  -0.00309974
 0.000926743  0.000594377   -0.0030727
 -0.00309974   -0.0030727    0.0180397
     0.01407  0.000995664  -0.00238173
 0.000995664  0.000619434  -0.00312859
 -0.00238173  -0.00312859    0.0182225
   0.0123108  0.000354936  -0.00334881
 0.000354936  0.000427383  -0.00257102
 -0.00334881  -0.00257102    0.0181277
   0.0135756  0.000898029  -0.00400772
 0.000898029   0.00056156  -0.00300824
 -0.00400772  -0.00300824    0.0180733
   0.0125174  0.000816752  -0.00460243
 0.000816752  0.000512096  -0.00284372
 -0.00460243  -0.00284372      0.01782
   0.0115355   0.00035926  -0.00409921
  0.00035926  0.000408952  -0.00249705
 -0.00409921  -0.00249705    0.0185783
   0.0115926 -5.20364e-05  -0.00280556
-5.20364e-05   0.00033879  -0.00222093
 -0.00280556  -0.00222093    0.0188354
   0.0105697 -0.000106382  -0.00368444
-0.000106382  0.000305959  -0.00202093
 -0.00368444  -0.00202093    0.0200052
   0.0107295 -0.000404136  -0.00255846
-0.000404136  0.000253084  -0.00176966
 -0.00255846  -0.00176966    0.0196907
   0.0116432 -0.000437444  -0.00131199
-0.000437444  0.000260303  -0.00182633
 -0.00131199  -0.00182633    0.0189879
   0.0107689  0.000374393   -0.0046797
 0.000374393  0.000394744  -0.00245323
  -0.0046797  -0.00245323    0.0190217
   0.0115345  0.000793033  -0.00492373
 0.000793033  0.000474821  -0.00269205
 -0.00492373  -0.00269205    0.0171418
     0.00887  -0.00567354  0.000702026
 -0.00567354   0.00464422   0.00295496
 0.000702026   0.00295496     0.022845
  0.00856014  -0.00590899  0.000768725
 -0.00590899   0.00486171   0.00231023
 0.000768725   0.00231023    0.0227904
  0.00850233  -0.00539816   0.00133601
 -0.00539816   0.00395287  0.000976533
  0.00133601  0.000976533    0.0233612
  0.00828736  -0.00561359    0.0013377
 -0.00561359   0.00418485  0.000607595
   0.0013377  0.000607595    0.0233171
  0.00834197  -0.00607598  0.000849978
 -0.00607598   0.00501161   0.00186367
 0.000849978   0.00186367    0.0227151
  0.00819158   -0.0051662   0.00182874
  -0.0051662   0.00347433 -0.000466657
  0.00182874 -0.000466657    0.0238594
  0.00814336  -0.00571064   0.00134846
 -0.00571064   0.00428296  0.000524915
  0.00134846  0.000524915    0.0232521
  0.00805283  -0.00529489   0.00177476
 -0.00529489   0.00361885 -0.000492345
  0.00177476 -0.000492345    0.0238292
  0.00796812  -0.00533236   0.00174103
 -0.00533236   0.00369539 -0.000300246
  0.00174103 -0.000300246    0.0237797
  0.00819475  -0.00613038  0.000933238
 -0.00613038   0.00504816   0.00169546
 0.000933238   0.00169546    0.0226208
  0.00804932  -0.00572033    0.0013757
 -0.00572033   0.00433004  0.000654066
   0.0013757  0.000654066    0.0231696
  0.00809519  -0.00611073   0.00101815
 -0.00611073   0.00506589   0.00174389
  0.00101815   0.00174389    0.0225156
  0.00794621  -0.00493765   0.00215399
 -0.00493765   0.00311351  -0.00119666
  0.00215399  -0.00119666    0.0243219
   0.0078647  -0.00498705    0.0020765
 -0.00498705   0.00320003 -0.000982702
   0.0020765 -0.000982702    0.0243096
  0.00776926  -0.00472811   0.00237966
 -0.00472811   0.00289513  -0.00142592
  0.00237966  -0.00142592    0.0247651
   0.0083359   -0.0049287   0.00235428
  -0.0049287   0.00293982  -0.00157118
  0.00235428  -0.00157118    0.0248522
  0.00837355  -0.00494162   0.00216507
 -0.00494162   0.00300733  -0.00115202
  0.00216507  -0.00115202    0.0243907
  0.00906702  -0.00506325   0.00238669
 -0.00506325    0.0028946  -0.00152946
  0.00238669  -0.00152946    0.0248934
   0.0088199  -0.00478191   0.00226791
 -0.00478191   0.00274444 -0.000867006
  0.00226791 -0.000867006    0.0243985
  0.00849788  -0.00496682   0.00184886
 -0.00496682   0.00321317 -0.000132418
  0.00184886 -0.000132418     0.023905
  0.00882658  -0.00465854    0.0019598
 -0.00465854   0.00286056  0.000363824
   0.0019598  0.000363824    0.0238881
  0.00959651  -0.00489746   0.00235553
 -0.00489746   0.00261014  -0.00111837
  0.00235553  -0.00111837    0.0233799
  0.00914253  -0.00445034   0.00237837
 -0.00445034   0.00236538 -0.000368302
  0.00237837 -0.000368302    0.0237732
   0.0098157  -0.00454943   0.00250274
 -0.00454943   0.00224979 -0.000664254
  0.00250274 -0.000664254    0.0229523
  0.00881546  -0.00511395   0.00136256
 -0.00511395   0.00364605   0.00153802
  0.00136256   0.00153802    0.0233801
  0.00804853  -0.00601904   0.00111381
 -0.00601904   0.00502475   0.00199185
  0.00111381   0.00199185    0.0223829
  0.00801159  -0.00565493   0.00142022
 -0.00565493    0.0043108  0.000977195
  0.00142022  0.000977195    0.0230607
  0.00802952   -0.0055149   0.00148555
  -0.0055149   0.00425197   0.00146457
  0.00148555   0.00146457    0.0229114
  0.00805309   -0.0058529     0.001218
  -0.0058529   0.00494855   0.00241837
    0.001218   0.00241837    0.0222084
  0.00796538  -0.00516871   0.00176058
 -0.00516871    0.0036355  0.000609815
  0.00176058  0.000609815    0.0235835
  0.00806918  -0.00526536    0.0015436
 -0.00526536   0.00411598   0.00216424
   0.0015436   0.00216424    0.0227254
   0.0080267  -0.00494721   0.00179133
 -0.00494721   0.00350681   0.00133713
  0.00179133   0.00133713    0.0234299
   0.0080711  -0.00463746   0.00180002
 -0.00463746   0.00333695   0.00218346
  0.00180002   0.00218346    0.0232497
  0.00806843  -0.00556801   0.00130407
 -0.00556801   0.00480478   0.00306256
  0.00130407   0.00306256    0.0219963
  0.00807992   -0.0049185   0.00157198
  -0.0049185   0.00394554   0.00298588
  0.00157198   0.00298588    0.0225152
  0.00805405  -0.00518992   0.00134991
 -0.00518992   0.00463823    0.0038403
  0.00134991    0.0038403    0.0217617
  0.00795619  -0.00465701   0.00201905
 -0.00465701   0.00302699  0.000693639
  0.00201905  0.000693639    0.0240761
  0.00802667  -0.00437369   0.00201436
 -0.00437369   0.00285982   0.00152521
  0.00201436   0.00152521    0.0239304
  0.00796446  -0.00415833   0.00221578
 -0.00415833   0.00252732   0.00101081
  0.00221578   0.00101081    0.0245506
  0.00787387  -0.00442187   0.00223424
 -0.00442187   0.00269795  0.000211208
  0.00223424  0.000211208    0.0246573
  0.00787927  -0.00485799   0.00201483
 -0.00485799   0.00315099  -3.3906e-05
  0.00201483  -3.3906e-05    0.0241911
  0.00778822  -0.00460826   0.00225284
 -0.00460826   0.00282989 -0.000494915
  0.00225284 -0.000494915    0.0247313
  0.00784524   -0.0049603   0.00202863
  -0.0049603   0.00320134 -0.000582251
  0.00202863 -0.000582251    0.0242695
  0.00793683  -0.00528668   0.00173661
 -0.00528668   0.00368659  7.73167e-05
  0.00173661  7.73167e-05    0.0237005
  0.00774774  -0.00470024   0.00230015
 -0.00470024   0.00288511  -0.00103307
  0.00230015  -0.00103307     0.024766
   0.0122404  -0.00665096 -0.000123368
 -0.00665096   0.00376068  0.000942056
-0.000123368  0.000942056    0.0191006
   0.0112497    -0.006388   0.00057099
   -0.006388   0.00371184  0.000307772
  0.00057099  0.000307772    0.0203675
   0.0094184  -0.00514915   0.00141192
 -0.00514915   0.00291507 -9.87479e-05
  0.00141192 -9.87479e-05    0.0224324
  0.00920821  -0.00526025   0.00179089
 -0.00526025   0.00305428 -0.000622237
  0.00179089 -0.000622237    0.0230046
   0.0116496  -0.00679826  0.000609327
 -0.00679826   0.00402858  0.000166045
 0.000609327  0.000166045    0.0202206
  0.00800006  -0.00454196    0.0021313
 -0.00454196   0.00263801 -0.000796424
   0.0021313 -0.000796424    0.0238891
  0.00974312  -0.00562673   0.00190829
 -0.00562673   0.00328484 -0.000844267
  0.00190829 -0.000844267    0.0231539
  0.00815837  -0.00470058   0.00234582
 -0.00470058   0.00273323  -0.00122608
  0.00234582  -0.00122608    0.0243216
  0.00925989  -0.00530196   0.00238919
 -0.00530196   0.00306387  -0.00145899
  0.00238919  -0.00145899    0.0248493
   0.0116734  -0.00690518  0.000755943
 -0.00690518    0.0041381  4.14624e-05
 0.000755943  4.14624e-05    0.0196142
   0.0105884  -0.00608511   0.00157837
 -0.00608511   0.00354671 -0.000723986
  0.00157837 -0.000723986    0.0215044
   0.0123164  -0.00724838  0.000715612
 -0.00724838   0.00434202  0.000107491
 0.000715612  0.000107491     0.018847
  0.00762154  -0.00448214   0.00247637
 -0.00448214   0.00266037  -0.00127013
  0.00247637  -0.00127013    0.0247287
  0.00824828  -0.00483017   0.00250426
 -0.00483017    0.0028464  -0.00157678
  0.00250426  -0.00157678    0.0250208
  0.00773344  -0.00444265    0.0023013
 -0.00444265   0.00262973 -0.000740709
   0.0023013 -0.000740709     0.024561
  0.00791482  -0.00431488   0.00219894
 -0.00431488    0.0025124 -7.32922e-05
  0.00219894 -7.32922e-05    0.0245829
  0.00842509   -0.0045488   0.00187098
  -0.0045488   0.00257795 -0.000176925
  0.00187098 -0.000176925    0.0234963
  0.00892139  -0.00448387   0.00170789
 -0.00448387    0.0024577  0.000528761
  0.00170789  0.000528761    0.0235445
  0.00810565  -0.00411301   0.00210614
 -0.00411301   0.00235513  0.000702504
  0.00210614  0.000702504    0.0245607
   0.0102322  -0.00527888   0.00090843
 -0.00527888   0.00288977  0.000610475
  0.00090843  0.000610475    0.0215399
   0.0127141  -0.00736115  0.000843671
 -0.00736115   0.00435798  5.75427e-05
 0.000843671  5.75427e-05    0.0185489
   0.0115744  -0.00643742   0.00134374
 -0.00643742   0.00365718 -0.000580692
  0.00134374 -0.000580692    0.0200637
   0.0129002  -0.00680923   0.00125597
 -0.00680923   0.00372306 -0.000297648
  0.00125597 -0.000297648    0.0199605
   0.0135336  -0.00753551  0.000862898
 -0.00753551   0.00433527  0.000191876
 0.000862898  0.000191876    0.0187184
   0.0116843   -0.0060275   0.00178958
  -0.0060275   0.00322122 -0.000825567
  0.00178958 -0.000825567    0.0214117
   0.0136465  -0.00652261   0.00169539
 -0.00652261    0.0033328  -6.0488e-05
  0.00169539  -6.0488e-05    0.0200993
   0.0128389  -0.00606095   0.00207398
 -0.00606095   0.00300643 -0.000688836
  0.00207398 -0.000688836    0.0215921
   0.0129466  -0.00558837   0.00239785
 -0.00558837   0.00257635 -0.000486815
  0.00239785 -0.000486815     0.022305
   0.0139253  -0.00701838   0.00115317
 -0.00701838   0.00379584  0.000531949
  0.00115317  0.000531949    0.0180589
    0.013758  -0.00588382   0.00205442
 -0.00588382   0.00276567  0.000171623
  0.00205442  0.000171623    0.0199396
   0.0144553   -0.0065354   0.00164331
  -0.0065354   0.00334656  0.000892434
  0.00164331  0.000892434    0.0185553
   0.0109459  -0.00530361   0.00212843
 -0.00530361   0.00269214 -0.000916504
  0.00212843 -0.000916504    0.0221363
   0.0109466  -0.00478103   0.00252509
 -0.00478103   0.00223225 -0.000605031
  0.00252509 -0.000605031    0.0225051
   0.0101658  -0.00539101   0.00213872
 -0.00539101    0.0029346  -0.00131332
  0.00213872  -0.00131332    0.0230483
  0.00919934  -0.00520771   0.00247624
 -0.00520771   0.00297958  -0.00168514
  0.00247624  -0.00168514    0.0253411
   0.0103396  -0.00569188    0.0018767
 -0.00569188   0.00318489  -0.00118196
   0.0018767  -0.00118196    0.0225543
  0.00798219  -0.00477548   0.00134499
 -0.00477548   0.00448494   0.00465072
  0.00134499   0.00465072    0.0215093
  0.00803611  -0.00452733   0.00154917
 -0.00452733   0.00377616   0.00383351
  0.00154917   0.00383351    0.0222852
  0.00793241  -0.00415027   0.00147784
 -0.00415027   0.00368809   0.00460441
  0.00147784   0.00460441     0.022044
  0.00785817  -0.00438483   0.00129343
 -0.00438483   0.00442714   0.00539513
  0.00129343   0.00539513    0.0212479
  0.00797374  -0.00391919   0.00166948
 -0.00391919   0.00305313   0.00383669
  0.00166948   0.00383669    0.0228233
  0.00778161   -0.0038085   0.00136646
  -0.0038085    0.0036777   0.00528528
  0.00136646   0.00528528    0.0218098
  0.00784014  -0.00359211    0.0015364
 -0.00359211   0.00301204   0.00452462
   0.0015364   0.00452462    0.0226073
  0.00767398  -0.00329278    0.0013797
 -0.00329278   0.00303279   0.00512426
   0.0013797   0.00512426    0.0224095
  0.00768907  -0.00402518    0.0012055
 -0.00402518   0.00444423   0.00605376
   0.0012055   0.00605376     0.020995
  0.00759809  -0.00349003   0.00123378
 -0.00349003   0.00372388   0.00587976
  0.00123378   0.00587976    0.0215922
  0.00749863  -0.00368906   0.00109409
 -0.00368906   0.00451376   0.00663493
  0.00109409   0.00663493    0.0207578
  0.00787138  -0.00340092   0.00169795
 -0.00340092   0.00248684    0.0038448
  0.00169795    0.0038448     0.023358
  0.00772018  -0.00311616   0.00152156
 -0.00311616   0.00248363   0.00442894
  0.00152156   0.00442894    0.0231751
  0.00774259  -0.00297453   0.00166133
 -0.00297453   0.00208245   0.00381055
  0.00166133   0.00381055    0.0238859
  0.00788059  -0.00324505   0.00185802
 -0.00324505   0.00210653   0.00324836
  0.00185802   0.00324836    0.0240554
  0.00798764  -0.00371166   0.00185212
 -0.00371166   0.00255746    0.0031637
  0.00185212    0.0031637    0.0235561
  0.00797934  -0.00353847   0.00203151
 -0.00353847   0.00219528   0.00258797
  0.00203151   0.00258797    0.0242346
  0.00804628  -0.00404519   0.00196219
 -0.00404519   0.00268101   0.00238129
  0.00196219   0.00238129    0.0237542
  0.00805447  -0.00427554   0.00176116
 -0.00427554   0.00316181   0.00304983
  0.00176116   0.00304983    0.0230438
  0.00800873  -0.00384908   0.00215615
 -0.00384908   0.00233423    0.0018305
  0.00215615    0.0018305    0.0244069
  0.00728849  -0.00337887  0.000955788
 -0.00337887   0.00460296   0.00716829
 0.000955788   0.00716829     0.020521
  0.00739334  -0.00319024   0.00107283
 -0.00319024   0.00378639   0.00642369
  0.00107283   0.00642369    0.0213752
  0.00716632  -0.00291581  0.000879533
 -0.00291581     0.003879   0.00692838
 0.000879533   0.00692838    0.0211496
  0.00706253  -0.00309976  0.000788398
 -0.00309976   0.00473051   0.00766542
 0.000788398   0.00766542    0.0202776
  0.00725044  -0.00274093  0.000975244
 -0.00274093   0.00313593    0.0061725
 0.000975244    0.0061725    0.0219983
  0.00691909  -0.00268448  0.000650393
 -0.00268448   0.00400053   0.00737679
 0.000650393   0.00737679    0.0209227
   0.0069996  -0.00251194  0.000716423
 -0.00251194   0.00322066   0.00661859
 0.000716423   0.00661859    0.0217801
  0.00678459  -0.00232169  0.000463758
 -0.00232169   0.00331859   0.00697099
 0.000463758   0.00697099    0.0214163
  0.00682248  -0.00286176  0.000592284
 -0.00286176   0.00488563   0.00810538
 0.000592284   0.00810538    0.0200357
  0.00667227  -0.00249237  0.000387617
 -0.00249237   0.00413189   0.00772567
 0.000387617   0.00772567     0.020517
  0.00658881  -0.00265505  0.000385391
 -0.00265505   0.00505957   0.00849353
 0.000385391   0.00849353    0.0198041
  0.00706315  -0.00236555  0.000776976
 -0.00236555   0.00258474   0.00588847
 0.000776976   0.00588847     0.022571
  0.00699712  -0.00220567  0.000494577
 -0.00220567   0.00265053   0.00619617
 0.000494577   0.00619617    0.0220234
  0.00708399  -0.00208016  0.000596807
 -0.00208016   0.00215217   0.00555239
 0.000596807   0.00555239    0.0229516
  0.00710764  -0.00225015  0.000841551
 -0.00225015   0.00210204   0.00520897
 0.000841551   0.00520897    0.0232897
  0.00731394  -0.00259158   0.00106516
 -0.00259158    0.0025352   0.00545201
  0.00106516   0.00545201    0.0227875
  0.00735641  -0.00247128   0.00115783
 -0.00247128   0.00207831   0.00478851
  0.00115783   0.00478851    0.0235109
  0.00753462  -0.00284846   0.00131183
 -0.00284846    0.0025002   0.00495766
  0.00131183   0.00495766    0.0229908
  0.00747417  -0.00300819   0.00119544
 -0.00300819    0.0030747   0.00566739
  0.00119544   0.00566739    0.0222103
  0.00756726  -0.00271808   0.00143153
 -0.00271808   0.00207137   0.00431435
  0.00143153   0.00431435    0.0237103
   0.0127764  -0.00407938  -0.00296926
 -0.00407938   0.00174814   0.00360154
 -0.00296926   0.00360154    0.0179153
   0.0130606  -0.00439194  -0.00260421
 -0.00439194   0.00187183   0.00340707
 -0.00260421   0.00340707    0.0179967
   0.0103339   -0.0032988  -0.00114527
  -0.0032988   0.00161879    0.0036791
 -0.00114527    0.0036791    0.0208097
   0.0105687  -0.00356786 -0.000807747
 -0.00356786   0.00171379   0.00339244
-0.000807747   0.00339244    0.0209292
   0.0132585  -0.00474061  -0.00225549
 -0.00474061   0.00206101   0.00316648
 -0.00225549   0.00316648    0.0180564
  0.00869268  -0.00282316  0.000396081
 -0.00282316   0.00162396   0.00372643
 0.000396081   0.00372643      0.02296
   0.0107235  -0.00386429 -0.000502941
 -0.00386429   0.00184038   0.00304488
-0.000502941   0.00304488    0.0210301
  0.00887507  -0.00306981  0.000683765
 -0.00306981   0.00167875    0.0033311
 0.000683765    0.0033311    0.0231069
  0.00901944   -0.0033468  0.000954629
  -0.0033468   0.00176382   0.00289247
 0.000954629   0.00289247    0.0232396
   0.0133612    -0.005108  -0.00193331
   -0.005108   0.00227709   0.00290296
 -0.00193331   0.00290296    0.0180829
   0.0108271  -0.00418057 -0.000212481
 -0.00418057    0.0019923   0.00269007
-0.000212481   0.00269007    0.0211001
   0.0134225  -0.00547128   -0.0016218
 -0.00547128   0.00250052   0.00263959
  -0.0016218   0.00263959    0.0180925
  0.00781624  -0.00272791   0.00124877
 -0.00272791   0.00178343   0.00377548
  0.00124877   0.00377548    0.0238766
  0.00797907  -0.00298041   0.00149514
 -0.00298041   0.00182267   0.00330223
  0.00149514   0.00330223    0.0240335
  0.00761507  -0.00249135  0.000965726
 -0.00249135   0.00176635   0.00421463
 0.000965726   0.00421463    0.0236928
  0.00737171  -0.00227035  0.000630697
 -0.00227035   0.00175882   0.00460045
 0.000630697   0.00460045    0.0234823
   0.0084456  -0.00259381  5.78531e-05
 -0.00259381   0.00158593   0.00406865
 5.78531e-05   0.00406865     0.022781
  0.00836383  -0.00238743 -0.000253574
 -0.00238743   0.00156928   0.00438656
-0.000253574   0.00438656    0.0226191
  0.00746315  -0.00212474  0.000340205
 -0.00212474   0.00178452    0.0049224
 0.000340205    0.0049224      0.02312
   0.0102009  -0.00307311  -0.00149027
 -0.00307311   0.00156519   0.00393624
 -0.00149027   0.00393624     0.020671
   0.0134186  -0.00584692  -0.00132328
 -0.00584692   0.00276413   0.00235029
 -0.00132328   0.00235029    0.0180847
   0.0108899  -0.00448542  5.10926e-05
 -0.00448542   0.00214752   0.00230626
 5.10926e-05   0.00230626    0.0211566
   0.0108786  -0.00480975  0.000282423
 -0.00480975    0.0023801   0.00186358
 0.000282423   0.00186358    0.0211909
   0.0133467  -0.00627031 -0.000991844
 -0.00627031   0.00316002   0.00195498
-0.000991844   0.00195498    0.0181782
  0.00915873  -0.00391684   0.00140558
 -0.00391684   0.00201869   0.00188343
  0.00140558   0.00188343    0.0234522
   0.0107189   -0.0051226  0.000580368
  -0.0051226   0.00266577   0.00126239
 0.000580368   0.00126239    0.0212879
  0.00911855  -0.00421475    0.0015524
 -0.00421475   0.00221892   0.00125859
   0.0015524   0.00125859    0.0235311
   0.0128452  -0.00649078 -0.000585266
 -0.00649078   0.00346928   0.00147339
-0.000585266   0.00147339    0.0185501
  0.00817676  -0.00381424   0.00203446
 -0.00381424   0.00214299   0.00146675
  0.00203446   0.00146675    0.0244624
  0.00817264  -0.00352149   0.00190324
 -0.00352149   0.00198739    0.0021669
  0.00190324    0.0021669    0.0243284
   0.0081011  -0.00324146     0.001713
 -0.00324146   0.00187396   0.00277329
    0.001713   0.00277329    0.0241836
  0.00911514  -0.00363298   0.00120153
 -0.00363298   0.00186954   0.00241919
  0.00120153   0.00241919    0.0233533
  0.00627647  -0.00780705  0.000383219
 -0.00780705    0.0222381    0.0119181
 0.000383219    0.0119181    0.0145593
  0.00625643  -0.00763813  0.000696022
 -0.00763813    0.0211157    0.0111516
 0.000696022    0.0111516    0.0145513
  0.00672064   -0.0078579  0.000284552
  -0.0078579    0.0181203    0.0105331
 0.000284552    0.0105331    0.0158603
  0.00668777  -0.00768159  0.000600681
 -0.00768159    0.0172314   0.00984036
 0.000600681   0.00984036     0.015782
  0.00625208  -0.00743233  0.000987867
 -0.00743233    0.0200294    0.0105113
 0.000987867    0.0105113    0.0145131
  0.00710683  -0.00780158  0.000270991
 -0.00780158     0.014648   0.00901702
 0.000270991   0.00901702    0.0170413
  0.00666236   -0.0074529   0.00087458
  -0.0074529    0.0164102   0.00935252
