           0            0            0
           0            0            0
           0            0            0
   0.0229431 -0.000774128    0.0037143
-0.000774128  7.06585e-05 -0.000350556
   0.0037143 -0.000350556    0.0151086
    0.020137 -0.000686363   0.00641052
-0.000686363  6.38085e-05 -0.000224271
  0.00641052 -0.000224271    0.0186028
   0.0172409  -0.00100137   0.00887397
 -0.00100137  0.000118105 -0.000239569
  0.00887397 -0.000239569     0.020519
   0.0165072  -0.00139308    0.0100059
 -0.00139308  0.000194199 -0.000265287
   0.0100059 -0.000265287    0.0206306
   0.0166097  -0.00176504   0.00958635
 -0.00176504  0.000271234 -0.000338239
  0.00958635 -0.000338239    0.0209571
   0.0146594  -0.00164605   0.00818836
 -0.00164605  0.000245233 -0.000467944
  0.00818836 -0.000467944    0.0188251
   0.0152622  -0.00196813   0.00750696
 -0.00196813  0.000314214 -0.000596686
  0.00750696 -0.000596686     0.020033
   0.0167607  -0.00205248   0.00878716
 -0.00205248  0.000333945 -0.000481243
  0.00878716 -0.000481243    0.0213206
   0.0150727  -0.00210792   0.00598437
 -0.00210792  0.000364209 -0.000828232
  0.00598437 -0.000828232    0.0209429
   0.0166998  -0.00223519   0.00735268
 -0.00223519  0.000384012 -0.000734675
  0.00735268 -0.000734675    0.0222565
   0.0150008  -0.00210272   0.00414591
 -0.00210272  0.000400676  -0.00114774
  0.00414591  -0.00114774     0.022077
   0.0168758  -0.00238202   0.00670853
 -0.00238202  0.000417685 -0.000970268
  0.00670853 -0.000970268    0.0224728
   0.0338335  0.000718457    0.0111825
 0.000718457  0.000511902   0.00223122
   0.0111825   0.00223122    0.0186905
   0.0291744 -7.60898e-07    0.0134911
-7.60898e-07  0.000699458   0.00285947
   0.0134911   0.00285947    0.0222846
   0.0290975  0.000567324    0.0133033
 0.000567324  0.000535739   0.00273192
   0.0133033   0.00273192    0.0221919
    0.026274  0.000125748    0.0152485
 0.000125748  0.000710988    0.0031759
   0.0152485    0.0031759    0.0249936
   0.0259733  -0.00042632    0.0152023
 -0.00042632  0.000887088    0.0032211
   0.0152023    0.0032211    0.0249567
   0.0254052  0.000325856    0.0145921
 0.000325856  0.000543747    0.0028461
   0.0145921    0.0028461    0.0246524
    0.024229 -0.000325654     0.015781
-0.000325654  0.000840927   0.00324603
    0.015781   0.00324603    0.0261739
   0.0236249 -9.77597e-05    0.0152587
-9.77597e-05  0.000669287   0.00299964
   0.0152587   0.00299964    0.0258795
   0.0230971 -0.000568944    0.0152106
-0.000568944  0.000731887   0.00283455
   0.0152106   0.00283455    0.0260847
   0.0237389 -0.000811644    0.0155802
-0.000811644   0.00101333   0.00323328
   0.0155802   0.00323328    0.0260647
   0.0236015 -0.000825848    0.0156679
-0.000825848  0.000892819   0.00300138
   0.0156679   0.00300138    0.0263711
    0.023037  -0.00126585    0.0153879
 -0.00126585   0.00105011   0.00295495
   0.0153879   0.00295495    0.0262581
   0.0227136  -0.00017762    0.0145581
 -0.00017762  0.000509392   0.00248254
   0.0145581   0.00248254    0.0255365
   0.0222045 -0.000591369    0.0145105
-0.000591369  0.000581908   0.00240431
   0.0145105   0.00240431    0.0257205
   0.0215956 -0.000845068    0.0140388
-0.000845068  0.000454673   0.00177544
   0.0140388   0.00177544    0.0255615
   0.0221699 -0.000476026     0.014153
-0.000476026  0.000375437   0.00178576
    0.014153   0.00178576    0.0254427
   0.0244464  0.000191339    0.0139087
 0.000191339  0.000391752   0.00226506
   0.0139087   0.00226506     0.024349
   0.0240496 -0.000139626    0.0136465
-0.000139626  0.000269627   0.00154617
   0.0136465   0.00154617    0.0243623
    0.027101  0.000513758    0.0120055
 0.000513758  0.000263423   0.00174754
   0.0120055   0.00174754    0.0216292
    0.028016  0.000710556    0.0125785
 0.000710556  0.000389059   0.00233984
   0.0125785   0.00233984    0.0218405
   0.0319472   0.00117411    0.0100237
  0.00117411  0.000266989   0.00161867
   0.0100237   0.00161867    0.0181648
    0.026925  0.000161648    0.0117224
 0.000161648  0.000166093   0.00108424
   0.0117224   0.00108424     0.021759
   0.0310344  0.000861903   0.00957104
 0.000861903  0.000168292   0.00109388
  0.00957104   0.00109388    0.0180242
    0.031598  0.000431573   0.00924926
 0.000431573  9.68427e-05  0.000547444
  0.00924926  0.000547444    0.0182815
   0.0332042   0.00118506    0.0107376
  0.00118506  0.000381286   0.00203157
   0.0107376   0.00203157    0.0184738
   0.0225202   -0.0017721    0.0146033
  -0.0017721   0.00100833   0.00246252
   0.0146033   0.00246252    0.0258781
   0.0231168  -0.00139742    0.0148935
 -0.00139742  0.000871687   0.00250611
   0.0148935   0.00250611     0.025935
   0.0226858  -0.00189224    0.0140708
 -0.00189224  0.000798898   0.00185583
   0.0140708   0.00185583    0.0255269
   0.0220567  -0.00218536    0.0137549
 -0.00218536  0.000907069   0.00182482
   0.0137549   0.00182482    0.0255043
   0.0222516  -0.00161671    0.0136576
 -0.00161671  0.000678996   0.00179462
   0.0136576   0.00179462    0.0251979
   0.0222924  -0.00229289     0.013193
 -0.00229289  0.000700027    0.0010961
    0.013193    0.0010961    0.0251156
   0.0218794  -0.00203375    0.0128083
 -0.00203375  0.000605024   0.00107553
   0.0128083   0.00107553    0.0247793
    0.021571  -0.00235138    0.0119577
 -0.00235138  0.000531184  0.000287639
   0.0119577  0.000287639    0.0243826
   0.0216299   -0.0024912    0.0128283
  -0.0024912  0.000775548   0.00109095
   0.0128283   0.00109095    0.0251027
   0.0219744  -0.00258715    0.0123046
 -0.00258715  0.000602761  0.000280035
   0.0123046  0.000280035    0.0247158
   0.0212531  -0.00269518    0.0118606
 -0.00269518  0.000650015   0.00031315
   0.0118606   0.00031315    0.0246809
   0.0210079  -0.00188919    0.0121082
 -0.00188919  0.000518665  0.000922317
   0.0121082  0.000922317    0.0243466
   0.0206619  -0.00216732    0.0112402
 -0.00216732  0.000463657   0.00021864
   0.0112402   0.00021864    0.0239225
   0.0199389  -0.00214076    0.0106196
 -0.00214076  0.000420784  2.30679e-05
   0.0106196  2.30679e-05    0.0235749
   0.0203494  -0.00193197    0.0115524
 -0.00193197  0.000458308  0.000612249
   0.0115524  0.000612249    0.0240633
   0.0213914  -0.00151752     0.012968
 -0.00151752  0.000570229   0.00155039
    0.012968   0.00155039    0.0247912
   0.0207593  -0.00163163    0.0124566
 -0.00163163  0.000488386   0.00112689
   0.0124566   0.00112689    0.0245599
   0.0217849  -0.00107896    0.0137716
 -0.00107896   0.00059593   0.00205682
   0.0137716   0.00205682    0.0252426
   0.0226542  -0.00112121    0.0144607
 -0.00112121  0.000726617   0.00239518
   0.0144607   0.00239518    0.0256258
   0.0211565  -0.00126362    0.0132839
 -0.00126362  0.000488819   0.00152546
   0.0132839   0.00152546     0.025054
   0.0182818  -0.00234241   0.00906516
 -0.00234241  0.000401999 -0.000524362
  0.00906516 -0.000524362    0.0229661
   0.0182227  -0.00212802   0.00983591
 -0.00212802   0.00036601 -0.000283092
  0.00983591 -0.000283092    0.0227715
   0.0198828   -0.0020872    0.0114987
  -0.0020872  0.000399388  9.53309e-05
   0.0114987  9.53309e-05    0.0240372
   0.0179512  -0.00182213    0.0106246
 -0.00182213   0.00030641 -0.000132711
   0.0106246 -0.000132711    0.0222557
   0.0200132  -0.00177547    0.0122112
 -0.00177547  0.000352163  0.000323788
   0.0122112  0.000323788    0.0243746
   0.0200792  -0.00138581    0.0127754
 -0.00138581  0.000280541  0.000453232
   0.0127754  0.000453232    0.0244823
   0.0181003  -0.00145979    0.0113043
 -0.00145979  0.000232372 -2.46483e-05
   0.0113043 -2.46483e-05    0.0222785
    0.021039  -0.00159787    0.0131666
 -0.00159787  0.000416131  0.000863504
   0.0131666  0.000863504    0.0251443
    0.021347  -0.00120597    0.0138606
 -0.00120597  0.000360811    0.0010394
   0.0138606    0.0010394    0.0256442
   0.0205911  -0.00190727    0.0122807
 -0.00190727  0.000438958  0.000569325
   0.0122807  0.000569325    0.0245838
   0.0201536   -0.0021408    0.0113058
  -0.0021408  0.000432594  0.000173269
   0.0113058  0.000173269    0.0240011
    0.019556   -0.0022958    0.0106509
  -0.0022958  0.000416426 -0.000227716
   0.0106509 -0.000227716    0.0237109
   0.0193391  -0.00243627   0.00982255
 -0.00243627  0.000422413 -0.000625601
  0.00982255 -0.000625601    0.0231371
   0.0196851  -0.00227966    0.0102869
 -0.00227966  0.000411396 -0.000295016
   0.0102869 -0.000295016    0.0234259
   0.0181244  -0.00245204   0.00838533
 -0.00245204  0.000420281 -0.000853427
  0.00838533 -0.000853427    0.0228256
   0.0187375  -0.00106479    0.0109008
 -0.00106479  0.000151487 -1.77302e-05
   0.0109008 -1.77302e-05     0.022277
   0.0214067 -0.000721324   0.00920584
-0.000721324  8.29578e-05 -6.23207e-05
  0.00920584 -6.23207e-05    0.0209754
   0.0223532 -0.000650164    0.0111712
-0.000650164  0.000114727  0.000255927
   0.0111712  0.000255927    0.0225797
   0.0241757 -0.000532919    0.0061816
-0.000532919  5.27372e-05 -0.000201927
   0.0061816 -0.000201927     0.017598
   0.0249869 -0.000441903   0.00797999
-0.000441903  6.47506e-05  1.38063e-06
  0.00797999  1.38063e-06    0.0189523
   0.0286644 -0.000380434   0.00538181
-0.000380434  5.33925e-05 -0.000221168
  0.00538181 -0.000221168    0.0155878
   0.0266269 -0.000639223    0.0038086
-0.000639223  6.22671e-05 -0.000340519
   0.0038086 -0.000340519     0.014845
   0.0262957  -0.00016155    0.0104781
 -0.00016155  9.73114e-05  0.000482011
   0.0104781  0.000482011    0.0210863
   0.0299005 -1.49224e-05   0.00761398
-1.49224e-05  5.71717e-05  0.000108461
  0.00761398  0.000108461      0.01729
   0.0234976 -0.000469606    0.0129297
-0.000469606  0.000176336  0.000834814
   0.0129297  0.000834814    0.0239985
   0.0216831 -0.000826483    0.0138075
-0.000826483  0.000273607   0.00103052
   0.0138075   0.00103052      0.02539
   0.0204071 -0.000999744     0.012443
-0.000999744  0.000192993  0.000427728
    0.012443  0.000427728    0.0240072
   0.0208669  -0.00280849    0.0108288
 -0.00280849  0.000555646 -0.000481828
   0.0108288 -0.000481828    0.0242499
   0.0217361  -0.00279161    0.0113866
 -0.00279161   0.00053349 -0.000566088
   0.0113866 -0.000566088    0.0243295
   0.0215505  -0.00288937    0.0104301
 -0.00288937  0.000521065  -0.00142123
   0.0104301  -0.00142123    0.0239644
   0.0204447  -0.00281913    0.0097401
 -0.00281913  0.000524199  -0.00128205
   0.0097401  -0.00128205    0.0238233
   0.0212876  -0.00270873    0.0102295
 -0.00270873  0.000478297  -0.00141268
   0.0102295  -0.00141268    0.0237007
   0.0212914  -0.00289216   0.00943783
 -0.00289216  0.000575352  -0.00225748
  0.00943783  -0.00225748    0.0236032
   0.0212433  -0.00275333   0.00934758
 -0.00275333  0.000540907  -0.00226043
  0.00934758  -0.00226043    0.0234002
   0.0211425  -0.00271077   0.00848277
 -0.00271077  0.000662826  -0.00304986
  0.00848277  -0.00304986     0.023105
   0.0199326  -0.00273579   0.00862516
 -0.00273579   0.00055508  -0.00206379
  0.00862516  -0.00206379    0.0233891
   0.0209156  -0.00279624   0.00845128
 -0.00279624  0.000687416  -0.00303726
  0.00845128  -0.00303726    0.0232265
   0.0193028  -0.00257073   0.00752477
 -0.00257073  0.000648863  -0.00280738
  0.00752477  -0.00280738    0.0229222
   0.0201795   -0.0024593    0.0085835
  -0.0024593  0.000482894    -0.002161
   0.0085835    -0.002161    0.0228986
   0.0202084  -0.00240772   0.00775896
 -0.00240772  0.000597264  -0.00291496
  0.00775896  -0.00291496    0.0226301
   0.0189759  -0.00207819   0.00680885
 -0.00207819  0.000528258  -0.00274631
  0.00680885  -0.00274631    0.0220721
   0.0190294  -0.00219648   0.00770854
 -0.00219648  0.000432266  -0.00206408
  0.00770854  -0.00206408    0.0223763
   0.0202085  -0.00244068   0.00946199
 -0.00244068  0.000424015  -0.00135546
  0.00946199  -0.00135546    0.0231967
   0.0192242  -0.00226466   0.00867664
 -0.00226466  0.000389108  -0.00134386
  0.00867664  -0.00134386    0.0227206
   0.0203664    -0.002354    0.0103536
   -0.002354  0.000422447 -0.000548306
   0.0103536 -0.000548306    0.0235336
   0.0213519  -0.00257848    0.0110981
 -0.00257848  0.000477431  -0.00055074
   0.0110981  -0.00055074    0.0240238
   0.0195314  -0.00225775   0.00965721
 -0.00225775  0.000388881 -0.000634821
  0.00965721 -0.000634821    0.0231204
   0.0185308  -0.00233032   0.00642468
 -0.00233032  0.000803539  -0.00354024
  0.00642468  -0.00354024    0.0224179
   0.0203904  -0.00261137   0.00743224
 -0.00261137  0.000851672  -0.00378111
  0.00743224  -0.00378111    0.0228199
    0.019763  -0.00229034   0.00636006
 -0.00229034   0.00108991  -0.00451626
  0.00636006  -0.00451626    0.0223865
   0.0176766  -0.00196942   0.00532663
 -0.00196942    0.0010531  -0.00429698
  0.00532663  -0.00429698    0.0218911
   0.0206576  -0.00230369   0.00663971
 -0.00230369   0.00105164  -0.00450342
  0.00663971  -0.00450342    0.0224986
    0.018988  -0.00182093   0.00525848
 -0.00182093   0.00141651  -0.00526475
  0.00525848  -0.00526475    0.0219484
   0.0202396  -0.00188774   0.00561802
 -0.00188774   0.00134058  -0.00520672
  0.00561802  -0.00520672    0.0221949
   0.0196252  -0.00130763   0.00457315
 -0.00130763    0.0017102  -0.00590116
  0.00457315  -0.00590116    0.0219049
   0.0167254  -0.00145891   0.00427349
 -0.00145891   0.00141035  -0.00509472
  0.00427349  -0.00509472    0.0213706
   0.0180206  -0.00118181   0.00417493
 -0.00118181   0.00184897  -0.00602806
  0.00417493  -0.00602806    0.0215291
   0.0156928 -0.000789759   0.00329575
-0.000789759    0.0019075   -0.0059394
  0.00329575   -0.0059394    0.0208952
   0.0201109  -0.00166627   0.00510934
 -0.00166627   0.00120365  -0.00494081
  0.00510934  -0.00494081    0.0219827
   0.0199142  -0.00114207   0.00415211
 -0.00114207   0.00150675  -0.00556176
  0.00415211  -0.00556176    0.0218365
   0.0191846 -0.000805537    0.0031162
-0.000805537   0.00128495  -0.00510491
   0.0031162  -0.00510491    0.0214342
   0.0191033  -0.00129279   0.00405848
 -0.00129279   0.00104302  -0.00456855
  0.00405848  -0.00456855    0.0214856
    0.020192  -0.00203744   0.00604662
 -0.00203744  0.000952563   -0.0042922
  0.00604662   -0.0042922     0.022164
   0.0190344   -0.0016565   0.00500204
  -0.0016565  0.000834936  -0.00399369
  0.00500204  -0.00399369    0.0216083
   0.0201972  -0.00228441   0.00692242
 -0.00228441  0.000750911  -0.00362114
  0.00692242  -0.00362114    0.0223839
   0.0209335  -0.00257583   0.00759546
 -0.00257583  0.000826333  -0.00379017
  0.00759546  -0.00379017    0.0228068
   0.0189733  -0.00191526   0.00592363
 -0.00191526  0.000661038   -0.0033872
  0.00592363   -0.0033872    0.0218131
   0.0174778  7.34248e-05 -0.000764676
 7.34248e-05   0.00068656  -0.00362547
-0.000764676  -0.00362547    0.0200901
   0.0173086 -0.000436128  0.000540628
-0.000436128  0.000620633  -0.00342243
 0.000540628  -0.00342243    0.0200505
   0.0173138 -0.000500736   0.00127096
-0.000500736   0.00069054  -0.00364474
  0.00127096  -0.00364474    0.0203005
   0.0172967 -0.000964575   0.00252053
-0.000964575  0.000597664   -0.0033071
  0.00252053   -0.0033071    0.0204281
   0.0173446 -0.000975198   0.00185881
-0.000975198  0.000568508  -0.00315889
  0.00185881  -0.00315889    0.0201598
   0.0174772  -0.00107758   0.00320081
 -0.00107758  0.000651587  -0.00348467
  0.00320081  -0.00348467     0.020717
   0.0174595  -0.00143136   0.00374408
 -0.00143136  0.000526202  -0.00293825
  0.00374408  -0.00293825     0.020694
   0.0175611  -0.00145524   0.00434411
 -0.00145524  0.000541591  -0.00303461
  0.00434411  -0.00303461    0.0209791
   0.0178591  -0.00179467    0.0054606
 -0.00179467  0.000468754  -0.00256194
   0.0054606  -0.00256194    0.0213185
   0.0174098  -0.00150347   0.00306638
 -0.00150347  0.000530222  -0.00285752
  0.00306638  -0.00285752    0.0203621
   0.0178246  -0.00186613   0.00493874
 -0.00186613  0.000486124  -0.00255719
  0.00493874  -0.00255719    0.0210411
   0.0173627   -0.0019245   0.00408746
  -0.0019245  0.000504797  -0.00251298
  0.00408746  -0.00251298    0.0205012
   0.0179817  -0.00161742   0.00500967
 -0.00161742   0.00058794  -0.00318184
  0.00500967  -0.00318184    0.0213185
   0.0181254   -0.0018594   0.00601519
  -0.0018594  0.000481436   -0.0026213
  0.00601519   -0.0026213     0.021625
   0.0179934  -0.00131255   0.00398199
 -0.00131255  0.000729711  -0.00370984
  0.00398199  -0.00370984    0.0210857
     0.01805 -0.000931587   0.00292604
-0.000931587  0.000896904  -0.00420229
  0.00292604  -0.00420229    0.0209618
   0.0175122 -0.000666279   0.00202737
-0.000666279  0.000780261  -0.00389604
  0.00202737  -0.00389604    0.0205775
   0.0175936 -0.000190006  0.000854052
-0.000190006  0.000921875  -0.00425205
 0.000854052  -0.00425205    0.0205562
   0.0181694 -0.000451574   0.00189646
-0.000451574   0.00108382  -0.00464573
  0.00189646  -0.00464573    0.0209431
   0.0174496 -2.16122e-05  1.91724e-05
-2.16122e-05  0.000793055  -0.00392176
 1.91724e-05  -0.00392176    0.0203016
   0.0169345  -0.00218334   0.00474026
 -0.00218334  0.000476433  -0.00212493
  0.00474026  -0.00212493    0.0207377
   0.0181061  -0.00222897   0.00605227
 -0.00222897  0.000462913  -0.00215384
  0.00605227  -0.00215384    0.0214107
   0.0181071  -0.00243934   0.00703352
 -0.00243934  0.000446565  -0.00170386
  0.00703352  -0.00170386    0.0216941
    0.016584  -0.00230795   0.00508802
 -0.00230795  0.000452708  -0.00171877
  0.00508802  -0.00171877    0.0215686
   0.0186929  -0.00235753   0.00777376
 -0.00235753  0.000412511  -0.00157284
  0.00777376  -0.00157284    0.0221896
   0.0179857  -0.00249527   0.00781643
 -0.00249527  0.000431187  -0.00125095
  0.00781643  -0.00125095    0.0220333
   0.0190343  -0.00247075   0.00885929
 -0.00247075  0.000414067   -0.0010835
  0.00885929   -0.0010835    0.0226846
   0.0166538  -0.00238216   0.00572861
 -0.00238216   0.00043407  -0.00133217
  0.00572861  -0.00133217     0.022463
   0.0191897  -0.00232242   0.00922268
 -0.00232242  0.000386751 -0.000828865
  0.00922268 -0.000828865    0.0228796
   0.0187513  -0.00224756   0.00813519
 -0.00224756  0.000382925  -0.00141953
  0.00813519  -0.00141953    0.0224016
   0.0183827  -0.00208152   0.00704258
 -0.00208152  0.000411368  -0.00203278
  0.00704258  -0.00203278    0.0219863
   0.0182504  -0.00211314   0.00659441
 -0.00211314  0.000424259  -0.00207394
  0.00659441  -0.00207394    0.0217217
   0.0154223  -0.00220146   0.00372503
 -0.00220146   0.00042891  -0.00138817
  0.00372503  -0.00138817    0.0226223
   0.0156734  -0.00218479   0.00326677
 -0.00218479  0.000451211  -0.00172923
  0.00326677  -0.00172923    0.0222643
   0.0140042  -0.00186634    0.0012022
 -0.00186634  0.000418844   -0.0015923
   0.0012022   -0.0015923    0.0219325
    0.015683  -0.00202462   0.00258818
 -0.00202462  0.000471248  -0.00207874
  0.00258818  -0.00207874    0.0215217
   0.0145419   -0.0018607  0.000797977
  -0.0018607  0.000453417  -0.00197191
 0.000797977  -0.00197191    0.0220067
   0.0151659   -0.0017206    0.0005887
  -0.0017206  0.000485703  -0.00231018
   0.0005887  -0.00231018    0.0213825
   0.0160959  -0.00181324   0.00224803
 -0.00181324  0.000493305  -0.00239154
  0.00224803  -0.00239154    0.0206066
   0.0136956  -0.00145487  -0.00123957
 -0.00145487  0.000419406  -0.00200631
 -0.00123957  -0.00200631    0.0216413
   0.0166201  -0.00150901   0.00192613
 -0.00150901   0.00051663  -0.00268321
  0.00192613  -0.00268321    0.0197727
   0.0171733  -0.00103964   0.00102041
 -0.00103964  0.000540724  -0.00297455
  0.00102041  -0.00297455     0.019784
   0.0164035  -0.00102537 -0.000407628
 -0.00102537  0.000499352  -0.00274756
-0.000407628  -0.00274756    0.0199461
   0.0174973 -0.000484806 -0.000192494
-0.000484806   0.00056424  -0.00319324
-0.000192494  -0.00319324    0.0198007
   0.0173077 -0.000532851  -0.00125578
-0.000532851  0.000503892  -0.00292429
 -0.00125578  -0.00292429    0.0197848
   0.0180197 -1.08883e-05  -0.00235202
-1.08883e-05  0.000510366  -0.00300598
 -0.00235202  -0.00300598    0.0197399
   0.0176354  8.45753e-05  -0.00156506
 8.45753e-05  0.000592294  -0.00332518
 -0.00156506  -0.00332518    0.0198645
   0.0163499  -0.00054315  -0.00258024
 -0.00054315  0.000430466  -0.00258055
 -0.00258024  -0.00258055    0.0198327
    0.017739 -8.04265e-05  -0.00346484
-8.04265e-05  0.000419971  -0.00263201
 -0.00346484  -0.00263201    0.0198185
   0.0166935 -0.000205248  -0.00429236
-0.000205248  0.000337164  -0.00220792
 -0.00429236  -0.00220792    0.0195793
   0.0155755 -0.000565211  -0.00356563
-0.000565211  0.000366333  -0.00227915
 -0.00356563  -0.00227915    0.0202884
   0.0156165 -0.000953026  -0.00183231
-0.000953026  0.000446674  -0.00252659
 -0.00183231  -0.00252659    0.0205596
   0.0144109 -0.000957408   -0.0029063
-0.000957408  0.000402958  -0.00227083
  -0.0029063  -0.00227083    0.0216422
   0.0146783  -0.00132358   -0.0014575
 -0.00132358  0.000451749  -0.00233938
  -0.0014575  -0.00233938    0.0213294
   0.0157443  -0.00141613  6.24002e-05
 -0.00141613  0.000490777  -0.00254522
 6.24002e-05  -0.00254522    0.0207363
   0.0146712  -0.00053183  -0.00435316
 -0.00053183  0.000320868  -0.00208418
 -0.00435316  -0.00208418    0.0207345
   0.0155915 -0.000276235   -0.0048686
-0.000276235  0.000267277   -0.0017726
  -0.0048686   -0.0017726    0.0189019
  0.00632014   -0.0049849  -0.00372503
  -0.0049849   0.00443735   0.00448656
 -0.00372503   0.00448656    0.0219635
  0.00637673  -0.00517779  -0.00325942
 -0.00517779   0.00460731   0.00405774
 -0.00325942   0.00405774    0.0222232
  0.00616734  -0.00454116  -0.00280101
 -0.00454116   0.00364512   0.00281374
 -0.00280101   0.00281374    0.0224296
  0.00638982  -0.00472729   -0.0022497
 -0.00472729   0.00381256   0.00278001
  -0.0022497   0.00278001    0.0227901
  0.00658162  -0.00532884  -0.00266424
 -0.00532884   0.00472333   0.00391036
 -0.00266424   0.00391036    0.0224751
  0.00617782  -0.00416291  -0.00179894
 -0.00416291   0.00302499   0.00180977
 -0.00179894   0.00180977    0.0231366
  0.00678534  -0.00482571  -0.00155241
 -0.00482571   0.00387466   0.00310439
 -0.00155241   0.00310439    0.0231705
  0.00658592  -0.00427765    -0.001148
 -0.00427765   0.00310146   0.00220042
   -0.001148   0.00220042    0.0236222
   0.0071686  -0.00431532 -0.000372282
 -0.00431532   0.00314473   0.00284894
-0.000372282   0.00284894     0.024113
  0.00696365  -0.00540102  -0.00192318
 -0.00540102   0.00476207   0.00411854
 -0.00192318   0.00411854    0.0227479
  0.00735304  -0.00484702 -0.000722395
 -0.00484702   0.00392954   0.00369814
-0.000722395   0.00369814    0.0235513
  0.00751109  -0.00541175  -0.00105767
 -0.00541175   0.00483774   0.00461485
 -0.00105767   0.00461485    0.0230245
  0.00639473  -0.00382671 -0.000786343
 -0.00382671   0.00251166   0.00156281
-0.000786343   0.00156281    0.0240987
  0.00697565  -0.00386513 -6.16643e-05
 -0.00386513   0.00253792   0.00220055
-6.16643e-05   0.00220055    0.0246856
  0.00681057  -0.00354815   0.00018433
 -0.00354815   0.00214473   0.00173288
  0.00018433   0.00173288    0.0252427
  0.00662971  -0.00371564 -0.000689298
 -0.00371564   0.00224875   0.00125499
-0.000689298   0.00125499    0.0247447
  0.00621658  -0.00383483  -0.00152007
 -0.00383483   0.00248753   0.00122014
 -0.00152007   0.00122014    0.0236389
  0.00668853   -0.0038277  -0.00143915
  -0.0038277   0.00228571  0.000951284
 -0.00143915  0.000951284    0.0242358
    0.006163  -0.00371042  -0.00204886
 -0.00371042   0.00232725   0.00116092
 -0.00204886   0.00116092    0.0231309
  0.00602376  -0.00400004  -0.00236786
 -0.00400004   0.00285347   0.00179672
 -0.00236786   0.00179672     0.022726
  0.00596531  -0.00375137  -0.00273587
 -0.00375137   0.00258822   0.00202007
 -0.00273587   0.00202007    0.0222461
  0.00670084  -0.00371101  -0.00194512
 -0.00371101   0.00212564  0.000930596
 -0.00194512  0.000930596    0.0222548
  0.00610106  -0.00345078  -0.00236931
 -0.00345078   0.00205107   0.00134799
 -0.00236931   0.00134799    0.0220228
  0.00656195  -0.00344416  -0.00223814
 -0.00344416   0.00187715   0.00109509
 -0.00223814   0.00109509     0.021311
  0.00610249  -0.00430928  -0.00321342
 -0.00430928   0.00340783   0.00312367
 -0.00321342   0.00312367     0.022056
   0.0081684  -0.00533985 -0.000141413
 -0.00533985   0.00498015    0.0053382
-0.000141413    0.0053382    0.0232547
  0.00804551  -0.00478758  0.000157799
 -0.00478758   0.00401856   0.00448452
 0.000157799   0.00448452    0.0238962
  0.00874586  -0.00465941  0.000971582
 -0.00465941   0.00419812   0.00534221
 0.000971582   0.00534221     0.024163
  0.00881817  -0.00518649  0.000704548
 -0.00518649   0.00523898   0.00618206
 0.000704548   0.00618206    0.0233932
  0.00861057  -0.00417013   0.00121966
 -0.00417013   0.00328896   0.00447119
  0.00121966   0.00447119     0.024968
  0.00929377  -0.00446433   0.00158142
 -0.00446433   0.00444772   0.00619283
  0.00158142   0.00619283    0.0243562
  0.00921087  -0.00402647    0.0017824
 -0.00402647   0.00344865   0.00522587
   0.0017824   0.00522587    0.0252973
  0.00953475  -0.00388774   0.00205657
 -0.00388774   0.00364023   0.00576537
  0.00205657   0.00576537    0.0255666
  0.00930253  -0.00494027   0.00134947
 -0.00494027   0.00557978   0.00706986
  0.00134947   0.00706986    0.0234536
  0.00955483  -0.00425257   0.00190986
 -0.00425257   0.00472061   0.00687085
  0.00190986   0.00687085    0.0244963
  0.00950164  -0.00466722   0.00171528
 -0.00466722   0.00594622   0.00784716
  0.00171528   0.00784716    0.0234626
  0.00906267   -0.0036718   0.00191449
  -0.0036718   0.00267476   0.00428807
  0.00191449   0.00428807     0.026239
  0.00943531  -0.00359726   0.00213616
 -0.00359726   0.00279797   0.00463297
  0.00213616   0.00463297    0.0266232
  0.00927722  -0.00340599   0.00215393
 -0.00340599   0.00221696   0.00352038
  0.00215393   0.00352038    0.0276253
  0.00887419  -0.00343167   0.00198637
 -0.00343167    0.0021396    0.0033896
  0.00198637    0.0033896    0.0271405
  0.00843346  -0.00377156   0.00140759
 -0.00377156    0.0025899   0.00368384
  0.00140759   0.00368384    0.0257808
  0.00824068  -0.00348969   0.00153563
 -0.00348969    0.0021095   0.00297169
  0.00153563   0.00297169    0.0265638
  0.00769328  -0.00384179  0.000704685
 -0.00384179   0.00254843   0.00295873
 0.000704685   0.00295873    0.0252552
  0.00787857  -0.00427157  0.000456224
 -0.00427157   0.00318771   0.00365027
 0.000456224   0.00365027    0.0245702
  0.00750742  -0.00352906  0.000896591
 -0.00352906   0.00211489    0.0023908
 0.000896591    0.0023908    0.0259159
   0.0135949  -0.00596315  -0.00127361
 -0.00596315   0.00280322   0.00206405
 -0.00127361   0.00206405    0.0217088
   0.0121755  -0.00540681 -0.000702625
 -0.00540681   0.00260461   0.00216696
-0.000702625   0.00216696    0.0225995
   0.0103193  -0.00424439  0.000458062
 -0.00424439   0.00199098   0.00196218
 0.000458062   0.00196218    0.0249709
  0.00947122   -0.0041235   0.00039103
  -0.0041235   0.00203075   0.00198903
  0.00039103   0.00198903    0.0248933
   0.0119785  -0.00561103  -0.00111352
 -0.00561103   0.00283132   0.00232355
 -0.00111352   0.00232355    0.0219426
  0.00832556  -0.00347178   0.00104738
 -0.00347178   0.00174218   0.00201385
  0.00104738   0.00201385    0.0258808
  0.00926184  -0.00433242 -0.000147952
 -0.00433242   0.00223646   0.00192471
-0.000147952   0.00192471    0.0244451
  0.00772909  -0.00350327  0.000591498
 -0.00350327   0.00183183   0.00178614
 0.000591498   0.00178614    0.0256329
  0.00796937  -0.00394597 -0.000236538
 -0.00394597    0.0021401   0.00155738
-0.000236538   0.00155738    0.0255711
   0.0110353  -0.00548966  -0.00150459
 -0.00548966   0.00292468   0.00238774
 -0.00150459   0.00238774    0.0208103
  0.00918241  -0.00465419  -0.00112112
 -0.00465419   0.00252836   0.00190314
 -0.00112112   0.00190314    0.0222749
   0.0107075  -0.00566147  -0.00212098
 -0.00566147   0.00316334   0.00244973
 -0.00212098   0.00244973    0.0196245
  0.00730553   -0.0033117  0.000955904
  -0.0033117   0.00182972    0.0019559
 0.000955904    0.0019559    0.0259798
  0.00713463  -0.00357519  0.000135406
 -0.00357519   0.00201796   0.00153467
 0.000135406   0.00153467    0.0256327
  0.00809468  -0.00334115    0.0014264
 -0.00334115   0.00181084   0.00239747
   0.0014264   0.00239747    0.0265347
  0.00882202   -0.0033581   0.00175102
  -0.0033581   0.00181582   0.00265287
  0.00175102   0.00265287    0.0272686
  0.00930644  -0.00363729   0.00118374
 -0.00363729   0.00176467    0.0021295
  0.00118374    0.0021295    0.0261715
    0.010162  -0.00383983   0.00114799
 -0.00383983   0.00183676   0.00199492
  0.00114799   0.00199492    0.0268816
  0.00934256  -0.00341047   0.00180581
 -0.00341047   0.00187147   0.00262902
  0.00180581   0.00262902    0.0278935
   0.0115291  -0.00465831  6.55234e-05
 -0.00465831   0.00212787   0.00181986
 6.55234e-05   0.00181986    0.0245986
   0.0104754  -0.00569128  -0.00239696
 -0.00569128   0.00323797   0.00239746
 -0.00239696   0.00239746    0.0190544
  0.00934015  -0.00491505  -0.00189105
 -0.00491505   0.00271319   0.00184203
 -0.00189105   0.00184203    0.0204573
  0.00984156  -0.00520053  -0.00261838
 -0.00520053   0.00285992   0.00199118
 -0.00261838   0.00199118     0.020055
   0.0106745  -0.00580915   -0.0028045
 -0.00580915   0.00329365   0.00248549
  -0.0028045   0.00248549    0.0190259
  0.00871723  -0.00455372  -0.00212128
 -0.00455372   0.00247992   0.00148118
 -0.00212128   0.00148118    0.0212196
  0.00976923  -0.00492573  -0.00276831
 -0.00492573   0.00262606   0.00201862
 -0.00276831   0.00201862    0.0197184
  0.00905496  -0.00454176  -0.00253472
 -0.00454176   0.00237076   0.00141464
 -0.00253472   0.00141464    0.0209024
   0.0087299  -0.00414501  -0.00274766
 -0.00414501   0.00206683   0.00141187
 -0.00274766   0.00141187    0.0210187
   0.0102638  -0.00536917  -0.00301005
 -0.00536917   0.00297882   0.00251128
 -0.00301005   0.00251128     0.017924
  0.00937315  -0.00437636  -0.00285152
 -0.00437636    0.0022084   0.00197404
 -0.00285152   0.00197404    0.0190364
   0.0100644  -0.00493461  -0.00307149
 -0.00493461   0.00267275   0.00269013
 -0.00307149   0.00269013    0.0179351
  0.00770107  -0.00399123  -0.00222914
 -0.00399123   0.00214465   0.00112583
 -0.00222914   0.00112583    0.0212625
  0.00730005  -0.00357191  -0.00239404
 -0.00357191   0.00182646   0.00116452
 -0.00239404   0.00116452    0.0209489
  0.00752077  -0.00405384  -0.00167833
 -0.00405384   0.00226967   0.00107375
 -0.00167833   0.00107375    0.0226386
  0.00727819  -0.00387517 -0.000769599
 -0.00387517   0.00220082   0.00119862
-0.000769599   0.00119862    0.0253913
  0.00822701  -0.00428168  -0.00135582
 -0.00428168   0.00235057   0.00144769
 -0.00135582   0.00144769    0.0228244
  0.00938518    -0.004423   0.00179984
   -0.004423   0.00623772   0.00840934
  0.00179984   0.00840934    0.0234424
  0.00949563  -0.00408452   0.00194513
 -0.00408452   0.00493138   0.00728319
  0.00194513   0.00728319     0.024599
  0.00917644  -0.00398315   0.00174818
 -0.00398315   0.00502529   0.00740817
  0.00174818   0.00740817    0.0246735
  0.00903452  -0.00424832   0.00165883
 -0.00424832   0.00641585   0.00871834
  0.00165883   0.00871834    0.0234107
  0.00925334  -0.00376633   0.00176507
 -0.00376633   0.00383555   0.00592928
  0.00176507   0.00592928    0.0259469
  0.00871465  -0.00391913   0.00139581
 -0.00391913   0.00499648     0.007329
  0.00139581     0.007329    0.0247464
  0.00881835  -0.00375895   0.00134404
 -0.00375895   0.00377125   0.00564892
  0.00134404   0.00564892    0.0260927
  0.00833028  -0.00371792  0.000841645
 -0.00371792   0.00362816   0.00528008
 0.000841645   0.00528008    0.0262332
  0.00855687  -0.00411501   0.00136734
 -0.00411501   0.00645633   0.00882373
  0.00136734   0.00882373    0.0233964
  0.00820571  -0.00383492  0.000958668
 -0.00383492   0.00486576   0.00713634
 0.000958668   0.00713634    0.0248232
   0.0080533  -0.00397725  0.000985975
 -0.00397725   0.00637896   0.00880694
 0.000985975   0.00880694    0.0233964
  0.00886282  -0.00364987   0.00121768
 -0.00364987    0.0028842    0.0039328
  0.00121768    0.0039328    0.0273678
  0.00840239  -0.00363893  0.000653877
 -0.00363893    0.0027682   0.00338416
 0.000653877   0.00338416    0.0275478
  0.00842082  -0.00360206  0.000438472
 -0.00360206   0.00229672   0.00156593
 0.000438472   0.00156593    0.0287357
  0.00884786  -0.00359127   0.00105657
 -0.00359127   0.00234542   0.00224707
  0.00105657   0.00224707    0.0285356
  0.00926166  -0.00361128   0.00170908
 -0.00361128   0.00294146   0.00439983
  0.00170908   0.00439983      0.02717
  0.00920439  -0.00351578   0.00161236
 -0.00351578   0.00235712   0.00287431
  0.00161236   0.00287431    0.0282996
  0.00949162  -0.00357707   0.00204768
 -0.00357707   0.00290924   0.00466519
  0.00204768   0.00466519    0.0269302
  0.00952954  -0.00379574   0.00203209
 -0.00379574   0.00378802   0.00599993
  0.00203209   0.00599993    0.0257799
  0.00937861  -0.00343615   0.00201421
 -0.00343615    0.0023055   0.00333175
  0.00201421   0.00333175    0.0280064
  0.00756315  -0.00381045  0.000541692
 -0.00381045   0.00619726   0.00876381
 0.000541692   0.00876381    0.0233873
  0.00771299  -0.00369038  0.000455928
 -0.00369038   0.00465033   0.00694099
 0.000455928   0.00694099     0.024882
  0.00725223  -0.00348567 -9.61316e-05
 -0.00348567   0.00438563   0.00681799
-9.61316e-05   0.00681799    0.0249119
  0.00710801  -0.00360674  5.35633e-05
 -0.00360674   0.00596387   0.00875347
 5.35633e-05   0.00875347    0.0233519
  0.00738859  -0.00337353 -0.000324295
 -0.00337353   0.00316495   0.00468069
-0.000324295   0.00468069    0.0264153
  0.00683242  -0.00325162 -0.000683462
 -0.00325162   0.00411656   0.00675672
-0.000683462   0.00675672    0.0249271
  0.00697067  -0.00310439 -0.000966262
 -0.00310439   0.00288591   0.00453334
-0.000966262   0.00453334    0.0264635
  0.00663344  -0.00283182  -0.00155596
 -0.00283182   0.00261006   0.00449036
 -0.00155596   0.00449036    0.0263159
  0.00669659  -0.00338687 -0.000463764
 -0.00338687   0.00571994   0.00876446
-0.000463764   0.00876446    0.0233015
  0.00647045  -0.00300434  -0.00126475
 -0.00300434   0.00385584   0.00676846
 -0.00126475   0.00676846    0.0247083
   0.0063416   -0.0031594 -0.000979624
  -0.0031594   0.00549071    0.0088063
-0.000979624    0.0088063    0.0232516
  0.00710025   -0.0029855  -0.00129603
  -0.0029855   0.00211733   0.00228428
 -0.00129603   0.00228428    0.0278251
  0.00691021  -0.00269373  -0.00189238
 -0.00269373   0.00183223   0.00222889
 -0.00189238   0.00222889    0.0274302
   0.0070564  -0.00258414  -0.00217347
 -0.00258414   0.00151461  0.000115636
 -0.00217347  0.000115636    0.0287661
  0.00719632  -0.00291504  -0.00160994
 -0.00291504   0.00179932   0.00020651
 -0.00160994   0.00020651    0.0289522
  0.00750428   -0.0032935 -0.000617749
  -0.0032935   0.00237954   0.00251263
-0.000617749   0.00251263    0.0277802
  0.00757632   -0.0032521 -0.000907994
  -0.0032521   0.00203887  0.000488805
-0.000907994  0.000488805    0.0289517
  0.00794119  -0.00352463  3.71752e-05
 -0.00352463    0.0026006   0.00288063
 3.71752e-05   0.00288063    0.0276919
  0.00784158  -0.00359238  0.000282817
 -0.00359238   0.00341881   0.00492735
 0.000282817   0.00492735    0.0263451
  0.00798484  -0.00349513 -0.000218324
 -0.00349513   0.00219672  0.000947659
-0.000218324  0.000947659    0.0288815
    0.013209  -0.00561498  -0.00547421
 -0.00561498   0.00294876 -0.000761739
 -0.00547421 -0.000761739    0.0218671
   0.0137054   -0.0060024  -0.00500286
  -0.0060024   0.00312971 -0.000789841
 -0.00500286 -0.000789841    0.0220239
   0.0107293  -0.00451949  -0.00383519
 -0.00451949   0.00248809  -0.00174095
 -0.00383519  -0.00174095    0.0257605
   0.0111668     -0.00483  -0.00325968
    -0.00483   0.00256278  -0.00151324
 -0.00325968  -0.00151324     0.025829
    0.014159  -0.00627747  -0.00450456
 -0.00627747   0.00319355 -0.000674398
 -0.00450456 -0.000674398    0.0220718
  0.00906094  -0.00387429  -0.00210412
 -0.00387429   0.00217917  -0.00173839
 -0.00210412  -0.00173839    0.0284434
   0.0115635  -0.00501714  -0.00267811
 -0.00501714   0.00254451  -0.00114513
 -0.00267811  -0.00114513    0.0257907
  0.00945955  -0.00408538   -0.0014576
 -0.00408538   0.00218847  -0.00126119
  -0.0014576  -0.00126119    0.0283979
  0.00984971  -0.00417537 -0.000804441
 -0.00417537   0.00216079 -0.000637438
-0.000804441 -0.000637438    0.0282673
   0.0145073  -0.00645253  -0.00399196
 -0.00645253   0.00318521 -0.000410189
 -0.00399196 -0.000410189    0.0220049
   0.0118984  -0.00511185  -0.00207522
 -0.00511185   0.00249515 -0.000602867
 -0.00207522 -0.000602867    0.0256475
   0.0147789  -0.00653687  -0.00345244
 -0.00653687   0.00313725  5.41075e-06
 -0.00345244  5.41075e-06     0.021863
  0.00828425  -0.00358659  -0.00071543
 -0.00358659    0.0020553 -0.000494881
 -0.00071543 -0.000494881    0.0292801
    0.008692  -0.00368722 -4.56574e-05
 -0.00368722   0.00208505  0.000167321
-4.56574e-05  0.000167321    0.0291355
  0.00788917  -0.00335396  -0.00139891
 -0.00335396   0.00197634 -0.000994236
 -0.00139891 -0.000994236    0.0293319
  0.00752537  -0.00299982  -0.00209269
 -0.00299982   0.00178975  -0.00130558
 -0.00209269  -0.00130558    0.0292814
  0.00866664  -0.00353353  -0.00275493
 -0.00353353   0.00205289  -0.00203079
 -0.00275493  -0.00203079    0.0283657
  0.00849389   -0.0031207  -0.00332007
  -0.0031207   0.00177727  -0.00210353
 -0.00332007  -0.00210353    0.0282292
  0.00752294   -0.0026572  -0.00266823
  -0.0026572   0.00151088  -0.00137596
 -0.00266823  -0.00137596    0.0289826
   0.0104603  -0.00412384  -0.00436714
 -0.00412384   0.00226292  -0.00177044
 -0.00436714  -0.00177044    0.0255831
   0.0149597  -0.00653836  -0.00289224
 -0.00653836   0.00306211  0.000555527
 -0.00289224  0.000555527    0.0216559
   0.0121692  -0.00509484  -0.00146931
 -0.00509484    0.0024129  6.27734e-05
 -0.00146931  6.27734e-05    0.0254403
   0.0123153  -0.00502013 -0.000903181
 -0.00502013   0.00231054    0.0007968
-0.000903181    0.0007968    0.0251546
   0.0150165  -0.00650301  -0.00231566
 -0.00650301   0.00299085   0.00113334
 -0.00231566   0.00113334    0.0215008
   0.0104253   -0.0040588  0.000432739
  -0.0040588   0.00200111  0.000885249
 0.000432739  0.000885249    0.0277918
   0.0121923  -0.00489469  -0.00034921
 -0.00489469   0.00222057   0.00139109
 -0.00034921   0.00139109    0.0248453
   0.0104691  -0.00394367  0.000875424
 -0.00394367   0.00190223   0.00157057
 0.000875424   0.00157057    0.0274253
   0.0144656  -0.00624621  -0.00173788
 -0.00624621   0.00286633    0.0016716
 -0.00173788    0.0016716    0.0215551
  0.00949375  -0.00346182   0.00162493
 -0.00346182   0.00194068   0.00226544
  0.00162493   0.00226544    0.0283423
  0.00937558  -0.00357011   0.00119375
 -0.00357011   0.00202174   0.00165541
  0.00119375   0.00165541    0.0286732
  0.00907872  -0.00366003  0.000602028
 -0.00366003   0.00207103  0.000911826
 0.000602028  0.000911826    0.0289306
    0.010188  -0.00415845 -0.000156495
 -0.00415845   0.00209933  0.000105524
-0.000156495  0.000105524    0.0280609
  0.00509879  -0.00843012  -0.00188063
 -0.00843012    0.0254553      0.01484
 -0.00188063      0.01484    0.0155612
   0.0055036   -0.0084212  -0.00131441
  -0.0084212    0.0242499    0.0141385
 -0.00131441    0.0141385    0.0160337
    0.005646  -0.00824691  -0.00188788
 -0.00824691    0.0202553    0.0131508
 -0.00188788    0.0131508    0.0172968
  0.00609103  -0.00825505  -0.00125643
 -0.00825505    0.0193773     0.012456
 -0.00125643     0.012456    0.0175595
  0.00598317  -0.00840431   -0.0007309
 -0.00840431    0.0231233    0.0135376
  -0.0007309    0.0135376    0.0164348
  0.00623707   -0.0080611  -0.00182115
  -0.0080611     0.015964    0.0113044
 -0.00182115    0.0113044     0.018648
  0.00659495  -0.00823664 -0.000628671
 -0.00823664     0.018633    0.0119789
