           0            0            0
           0            0            0
           0            0            0
   0.0218476  -0.00088265    0.0032473
 -0.00088265   6.8854e-05 -0.000140954
   0.0032473 -0.000140954    0.0147283
   0.0192043 -0.000729944   0.00591734
-0.000729944  6.15809e-05 -4.58143e-05
  0.00591734 -4.58143e-05    0.0181454
   0.0164527 -0.000949419   0.00834861
-0.000949419  0.000109922 -0.000102877
  0.00834861 -0.000102877    0.0200077
   0.0157553  -0.00128615   0.00946273
 -0.00128615  0.000179029  -0.00017673
  0.00946273  -0.00017673     0.020122
   0.0158668   -0.0016321   0.00906239
  -0.0016321  0.000247907  -0.00027854
  0.00906239  -0.00027854     0.020476
   0.0139713  -0.00151958   0.00770694
 -0.00151958  0.000224199 -0.000400318
  0.00770694 -0.000400318    0.0183866
   0.0145578  -0.00182228   0.00704397
 -0.00182228  0.000286295 -0.000553032
  0.00704397 -0.000553032    0.0196085
   0.0160267  -0.00190259    0.0082951
 -0.00190259  0.000304088 -0.000440376
   0.0082951 -0.000440376    0.0208662
   0.0143889  -0.00195739   0.00558414
 -0.00195739  0.000333906 -0.000801434
  0.00558414 -0.000801434    0.0205548
   0.0159877  -0.00207947    0.0069228
 -0.00207947  0.000351558 -0.000708284
   0.0069228 -0.000708284    0.0218371
   0.0143437  -0.00196078   0.00382787
 -0.00196078  0.000372521   -0.0011298
  0.00382787   -0.0011298    0.0217279
   0.0161785  -0.00222429   0.00632029
 -0.00222429  0.000384756 -0.000943525
  0.00632029 -0.000943525    0.0220775
   0.0321805  0.000494792    0.0104148
 0.000494792   0.00044985   0.00211173
   0.0104148   0.00211173    0.0181299
   0.0277311 -7.44416e-05    0.0126926
-7.44416e-05  0.000629004   0.00270653
   0.0126926   0.00270653    0.0216566
   0.0276986  0.000433289    0.0125211
 0.000433289  0.000485338   0.00259467
   0.0125211   0.00259467    0.0215692
   0.0249766  8.40503e-05    0.0144229
 8.40503e-05  0.000646152   0.00301588
   0.0144229   0.00301588    0.0243151
   0.0246983 -0.000411322    0.0143995
-0.000411322  0.000799889    0.0030583
   0.0143995    0.0030583    0.0242974
   0.0242756  0.000264379    0.0138592
 0.000264379  0.000499516     0.002717
   0.0138592     0.002717    0.0240208
   0.0230372 -0.000301068    0.0149716
-0.000301068   0.00076221   0.00309248
   0.0149716   0.00309248    0.0254983
   0.0225516  -9.5653e-05    0.0145142
 -9.5653e-05  0.000611595   0.00286361
   0.0145142   0.00286361    0.0252359
   0.0220438 -0.000521196    0.0144799
-0.000521196  0.000665892   0.00271226
   0.0144799   0.00271226    0.0254599
   0.0226036 -0.000739918      0.01482
-0.000739918  0.000913268   0.00308625
     0.01482   0.00308625    0.0254243
   0.0224505 -0.000752003    0.0148893
-0.000752003  0.000808264   0.00287384
   0.0148893   0.00287384    0.0257236
   0.0219613  -0.00114997    0.0146747
 -0.00114997  0.000947953   0.00284034
   0.0146747   0.00284034    0.0256518
   0.0218022 -0.000170271    0.0139105
-0.000170271  0.000469853   0.00238689
   0.0139105   0.00238689    0.0249441
   0.0213093 -0.000545344    0.0138711
-0.000545344  0.000532375   0.00230888
   0.0138711   0.00230888     0.025143
   0.0208046 -0.000779881    0.0134591
-0.000779881  0.000417951   0.00172303
   0.0134591   0.00172303    0.0250121
   0.0213478 -0.000445898    0.0135583
-0.000445898  0.000349549   0.00174492
   0.0135583   0.00174492    0.0248733
   0.0234864  0.000138561    0.0132761
 0.000138561  0.000364797   0.00218826
   0.0132761   0.00218826    0.0237687
   0.0231497  -0.00017128    0.0130472
 -0.00017128  0.000254903   0.00153111
   0.0130472   0.00153111     0.023791
   0.0260624  0.000367654    0.0114225
 0.000367654  0.000244712   0.00170976
   0.0114225   0.00170976    0.0211032
   0.0268197  0.000557966    0.0119065
 0.000557966  0.000356361   0.00224457
   0.0119065   0.00224457     0.021273
    0.030649  0.000880493   0.00943441
 0.000880493  0.000233964   0.00157365
  0.00943441   0.00157365    0.0176885
   0.0259047  3.17702e-05    0.0111501
 3.17702e-05  0.000156929   0.00111172
   0.0111501   0.00111172    0.0212273
   0.0298592  0.000581577   0.00904451
 0.000581577  0.000147716   0.00110476
  0.00904451   0.00110476    0.0175722
   0.0303577  0.000164817   0.00869579
 0.000164817  8.51951e-05  0.000621443
  0.00869579  0.000621443    0.0178078
   0.0316841  0.000905421    0.0100324
 0.000905421  0.000334395   0.00193951
   0.0100324   0.00193951    0.0179434
   0.0214946  -0.00161595    0.0139503
 -0.00161595  0.000912766   0.00239033
   0.0139503   0.00239033    0.0253123
    0.022003  -0.00127586    0.0141694
 -0.00127586  0.000789737   0.00241972
   0.0141694   0.00241972    0.0253317
   0.0216084  -0.00173364    0.0134018
 -0.00173364  0.000725594   0.00181678
   0.0134018   0.00181678    0.0249625
    0.021079  -0.00200138    0.0131625
 -0.00200138  0.000824551   0.00179891
   0.0131625   0.00179891     0.024975
   0.0212403  -0.00148743    0.0130161
 -0.00148743  0.000617334   0.00174582
   0.0130161   0.00174582     0.024649
    0.021252  -0.00210839    0.0125784
 -0.00210839  0.000637634   0.00110694
   0.0125784   0.00110694    0.0245865
   0.0208908  -0.00187722    0.0122123
 -0.00187722  0.000551387   0.00107291
   0.0122123   0.00107291    0.0242614
   0.0206054  -0.00217668     0.011403
 -0.00217668  0.000485036  0.000332827
    0.011403  0.000332827    0.0238914
   0.0206971  -0.00229252    0.0122951
 -0.00229252  0.000707975   0.00111115
   0.0122951   0.00111115    0.0246092
   0.0209677  -0.00238715     0.011739
 -0.00238715  0.000549919  0.000339579
    0.011739  0.000339579     0.024219
   0.0203633   -0.0024913    0.0113842
  -0.0024913  0.000594891  0.000375896
   0.0113842  0.000375896    0.0242246
   0.0201533  -0.00175332     0.011583
 -0.00175332  0.000472923  0.000913467
    0.011583  0.000913467    0.0238634
   0.0198231  -0.00201832    0.0107521
 -0.00201832  0.000424225  0.000250831
   0.0107521  0.000250831    0.0234618
   0.0192167  -0.00200237    0.0101927
 -0.00200237  0.000384991  5.12031e-05
   0.0101927  5.12031e-05    0.0231409
   0.0196106  -0.00179983    0.0110858
 -0.00179983  0.000417416  0.000608944
   0.0110858  0.000608944    0.0236059
   0.0205235  -0.00140386    0.0124026
 -0.00140386  0.000518843   0.00150442
   0.0124026   0.00150442    0.0242806
   0.0200079  -0.00151468    0.0119496
 -0.00151468  0.000444325   0.00109777
   0.0119496   0.00109777    0.0240752
   0.0209064 -0.000995726    0.0131678
-0.000995726  0.000542765   0.00198121
   0.0131678   0.00198121    0.0247007
    0.021622  -0.00102849     0.013773
 -0.00102849  0.000659874   0.00230539
    0.013773   0.00230539     0.025041
   0.0203902  -0.00116946     0.012739
 -0.00116946  0.000445976   0.00147925
    0.012739   0.00147925     0.024539
   0.0175559   -0.0021829    0.0086053
  -0.0021829  0.000366458 -0.000498305
   0.0086053 -0.000498305    0.0225208
    0.017478  -0.00197656   0.00933367
 -0.00197656   0.00033317 -0.000253622
  0.00933367 -0.000253622    0.0222999
   0.0191345  -0.00194057    0.0109792
 -0.00194057  0.000363232  0.000112408
   0.0109792  0.000112408    0.0235424
   0.0171944  -0.00168833    0.0100866
 -0.00168833  0.000280067 -8.84304e-05
   0.0100866 -8.84304e-05    0.0217575
   0.0192385  -0.00164592    0.0116535
 -0.00164592  0.000321787  0.000344329
   0.0116535  0.000344329     0.023849
   0.0192766  -0.00128094    0.0121868
 -0.00128094  0.000259429  0.000489034
   0.0121868  0.000489034     0.023925
   0.0173202  -0.00134964    0.0107365
 -0.00134964  0.000214755  4.09826e-05
   0.0107365  4.09826e-05    0.0217474
   0.0202766  -0.00148127    0.0126142
 -0.00148127  0.000380092   0.00085477
   0.0126142   0.00085477    0.0246175
   0.0205538  -0.00111504    0.0132734
 -0.00111504  0.000333033    0.0010358
   0.0132734    0.0010358    0.0250821
   0.0198601  -0.00177359    0.0117731
 -0.00177359  0.000399272  0.000565853
   0.0117731  0.000565853    0.0240916
   0.0194454  -0.00199772    0.0108459
 -0.00199772   0.00039373  0.000184531
   0.0108459  0.000184531    0.0235416
   0.0188375  -0.00214262    0.0101793
 -0.00214262   0.00037926 -0.000205371
   0.0101793 -0.000205371    0.0232463
   0.0186402  -0.00228296   0.00939745
 -0.00228296  0.000387163 -0.000587763
  0.00939745 -0.000587763    0.0227017
   0.0190022  -0.00213597   0.00987567
 -0.00213597  0.000376309 -0.000262272
  0.00987567 -0.000262272     0.022996
   0.0174259  -0.00229506   0.00797382
 -0.00229506  0.000386163 -0.000820531
  0.00797382 -0.000820531    0.0224064
   0.0179221  -0.00100002    0.0103294
 -0.00100002  0.000141799  8.44389e-05
   0.0103294  8.44389e-05    0.0217257
   0.0204564 -0.000742284   0.00864252
-0.000742284  7.97843e-05  8.30609e-05
  0.00864252  8.30609e-05    0.0204456
   0.0214145 -0.000663208     0.010579
-0.000663208  0.000110184  0.000358941
    0.010579  0.000358941    0.0220162
    0.023085 -0.000653136   0.00566971
-0.000653136  5.12218e-05 -2.28126e-05
  0.00566971 -2.28126e-05    0.0171515
    0.023905 -0.000558198   0.00743773
-0.000558198  6.25537e-05  0.000148556
  0.00743773  0.000148556    0.0184688
   0.0273815 -0.000595441   0.00485859
-0.000595441  5.05902e-05 -3.92697e-05
  0.00485859 -3.92697e-05    0.0151666
   0.0253881 -0.000813045   0.00331441
-0.000813045  6.04332e-05 -0.000131261
  0.00331441 -0.000131261    0.0144598
   0.0252402 -0.000283134   0.00990609
-0.000283134   9.3328e-05  0.000571305
  0.00990609  0.000571305    0.0205582
   0.0286543 -0.000247899   0.00707102
-0.000247899  5.18848e-05    0.0002371
  0.00707102    0.0002371    0.0168351
   0.0225837 -0.000485073    0.0123273
-0.000485073  0.000169154  0.000880788
   0.0123273  0.000880788    0.0234205
   0.0208588 -0.000771933    0.0132077
-0.000771933  0.000256923   0.00104638
   0.0132077   0.00104638    0.0248089
   0.0195716 -0.000935742    0.0118481
-0.000935742  0.000181799  0.000491477
   0.0118481  0.000491477    0.0234353
    0.020021  -0.00260557    0.0104079
 -0.00260557  0.000507682 -0.000382847
   0.0104079 -0.000382847    0.0238329
   0.0207582  -0.00258222    0.0108667
 -0.00258222  0.000485322 -0.000461681
   0.0108667 -0.000461681    0.0238648
   0.0205979  -0.00267438   0.00995292
 -0.00267438  0.000471618  -0.00127839
  0.00995292  -0.00127839    0.0235324
   0.0196478  -0.00262017   0.00937372
 -0.00262017  0.000477176  -0.00115496
  0.00937372  -0.00115496    0.0234477
    0.020347  -0.00251285   0.00974124
 -0.00251285  0.000433762  -0.00127615
  0.00974124  -0.00127615    0.0232564
   0.0203723  -0.00267263   0.00900165
 -0.00267263  0.000519243  -0.00208506
  0.00900165  -0.00208506    0.0232039
   0.0203105  -0.00254809   0.00888612
 -0.00254809  0.000488389  -0.00208696
  0.00888612  -0.00208696    0.0229786
   0.0202228   -0.0024949   0.00804449
  -0.0024949  0.000599004  -0.00284942
  0.00804449  -0.00284942    0.0227055
   0.0191908  -0.00254151   0.00830992
 -0.00254151    0.0005044  -0.00191789
  0.00830992  -0.00191789    0.0230543
   0.0200413  -0.00257322   0.00805336
 -0.00257322  0.000622017  -0.00284553
  0.00805336  -0.00284553    0.0228597
   0.0186291  -0.00238085   0.00725694
 -0.00238085  0.000591754  -0.00265087
  0.00725694  -0.00265087    0.0226285
   0.0193689  -0.00229449     0.008179
 -0.00229449   0.00043933  -0.00200561
    0.008179  -0.00200561    0.0224939
   0.0193919  -0.00223368   0.00736844
 -0.00223368  0.000542835  -0.00272989
  0.00736844  -0.00272989    0.0222413
   0.0183116   -0.0019539   0.00649746
  -0.0019539  0.000485295  -0.00258672
  0.00649746  -0.00258672    0.0217115
   0.0183642  -0.00207165   0.00737893
 -0.00207165  0.000397549  -0.00193171
  0.00737893  -0.00193171     0.021999
   0.0193974  -0.00228144   0.00903623
 -0.00228144  0.000387375  -0.00123807
  0.00903623  -0.00123807    0.0227751
   0.0185454  -0.00213401   0.00832037
 -0.00213401  0.000358302  -0.00124487
  0.00832037  -0.00124487    0.0223262
    0.019545  -0.00219843   0.00989973
 -0.00219843  0.000386787 -0.000473217
  0.00989973 -0.000473217    0.0230938
   0.0204041    -0.002392    0.0105794
   -0.002392  0.000435035 -0.000458217
   0.0105794 -0.000458217    0.0235564
   0.0188311  -0.00212079   0.00926783
 -0.00212079  0.000357307 -0.000571882
  0.00926783 -0.000571882    0.0227074
   0.0179376  -0.00214563    0.0062002
 -0.00214563  0.000738748  -0.00337891
   0.0062002  -0.00337891    0.0221682
   0.0195769  -0.00238653   0.00707142
 -0.00238653  0.000776333  -0.00357957
  0.00707142  -0.00357957    0.0224883
   0.0190241  -0.00206941   0.00603562
 -0.00206941   0.00100525  -0.00431167
  0.00603562  -0.00431167    0.0220966
   0.0171713  -0.00179433   0.00513862
 -0.00179433  0.000979014  -0.00413253
  0.00513862  -0.00413253    0.0216908
   0.0198012  -0.00207286   0.00624519
 -0.00207286  0.000966825  -0.00428244
  0.00624519  -0.00428244    0.0221531
   0.0183351  -0.00161453   0.00496675
 -0.00161453    0.0013204  -0.00505838
  0.00496675  -0.00505838    0.0217079
   0.0194389  -0.00166178   0.00524669
 -0.00166178   0.00124684  -0.00498581
  0.00524669  -0.00498581    0.0218868
   0.0188983  -0.00110215   0.00422532
 -0.00110215    0.0016045  -0.00567948
  0.00422532  -0.00567948    0.0216405
   0.0163126  -0.00130366   0.00411265
 -0.00130366     0.001322    -0.004924
  0.00411265    -0.004924    0.0212257
    0.017469  -0.00100551   0.00391312
 -0.00100551   0.00173465  -0.00581519
  0.00391312  -0.00581519    0.0213429
   0.0153744 -0.000667281   0.00315335
-0.000667281   0.00179358  -0.00575355
  0.00315335  -0.00575355    0.0208067
   0.0193156  -0.00146198   0.00474666
 -0.00146198   0.00112206  -0.00473179
  0.00474666  -0.00473179    0.0216565
   0.0191524 -0.000945967   0.00379867
-0.000945967   0.00141875  -0.00535623
  0.00379867  -0.00535623    0.0215402
   0.0185138 -0.000649346   0.00282918
-0.000649346   0.00121906  -0.00493416
  0.00282918  -0.00493416    0.0211492
   0.0184286  -0.00113921   0.00377061
 -0.00113921  0.000979115   -0.0043897
  0.00377061   -0.0043897    0.0211803
   0.0193776  -0.00183902   0.00567507
 -0.00183902  0.000877956  -0.00408226
  0.00567507  -0.00408226    0.0218126
   0.0183607  -0.00151386   0.00471045
 -0.00151386  0.000775318  -0.00381116
  0.00471045  -0.00381116    0.0212833
   0.0193788  -0.00209774   0.00654232
 -0.00209774  0.000685193  -0.00341774
  0.00654232  -0.00341774     0.022012
   0.0200385  -0.00235039   0.00717889
 -0.00235039  0.000751141  -0.00357444
  0.00717889  -0.00357444    0.0224314
   0.0183044  -0.00178424   0.00562394
 -0.00178424  0.000608672  -0.00321033
  0.00562394  -0.00321033    0.0214694
   0.0170446   9.6522e-05 -0.000852066
  9.6522e-05  0.000674752  -0.00357151
-0.000852066  -0.00357151     0.019867
   0.0168423  -0.00041772  0.000421335
 -0.00041772  0.000601944  -0.00334126
 0.000421335  -0.00334126    0.0198056
   0.0168683 -0.000469199    0.0011437
-0.000469199  0.000665084  -0.00354629
   0.0011437  -0.00354629    0.0200516
   0.0168199 -0.000930776   0.00236172
-0.000930776  0.000569827  -0.00319478
  0.00236172  -0.00319478    0.0201526
   0.0168351 -0.000947302   0.00170132
-0.000947302  0.000546302   -0.0030624
  0.00170132   -0.0030624    0.0198872
   0.0170002  -0.00102554   0.00302975
 -0.00102554  0.000616571   -0.0033548
  0.00302975   -0.0033548    0.0204371
    0.016942  -0.00138187   0.00354812
 -0.00138187  0.000498599  -0.00282361
  0.00354812  -0.00282361    0.0203901
    0.017059  -0.00139734   0.00414375
 -0.00139734  0.000508957  -0.00290466
  0.00414375  -0.00290466    0.0206726
   0.0173195  -0.00171949   0.00522543
 -0.00171949  0.000439546  -0.00244221
  0.00522543  -0.00244221    0.0209868
    0.016852  -0.00145317   0.00286888
 -0.00145317  0.000506627  -0.00275786
  0.00286888  -0.00275786    0.0200628
   0.0172551  -0.00179032   0.00470049
 -0.00179032  0.000459517  -0.00245031
  0.00470049  -0.00245031    0.0207113
   0.0167628  -0.00184564   0.00385271
 -0.00184564  0.000480947  -0.00242148
  0.00385271  -0.00242148    0.0201828
   0.0174384  -0.00153351   0.00478031
 -0.00153351  0.000547282  -0.00303168
  0.00478031  -0.00303168    0.0210016
   0.0175675  -0.00177051   0.00576301
 -0.00177051  0.000447285    -0.002485
  0.00576301    -0.002485    0.0212869
   0.0174553  -0.00122424   0.00376957
 -0.00122424  0.000684209  -0.00355686
  0.00376957  -0.00355686    0.0207907
   0.0175159 -0.000833411    0.0027245
-0.000833411  0.000849849  -0.00405686
   0.0027245  -0.00405686    0.0206872
   0.0170537 -0.000609727   0.00187958
-0.000609727  0.000745927   -0.0037776
  0.00187958   -0.0037776    0.0203224
   0.0171506   -0.0001244  0.000724078
  -0.0001244  0.000892167  -0.00415358
 0.000724078  -0.00415358     0.020322
   0.0176334 -0.000345362    0.0016988
-0.000345362   0.00103867  -0.00451439
   0.0016988  -0.00451439    0.0206863
    0.017029  1.75264e-05 -8.13708e-05
 1.75264e-05  0.000773696  -0.00384757
-8.13708e-05  -0.00384757    0.0200752
   0.0163124  -0.00207766   0.00447672
 -0.00207766  0.000452078  -0.00205101
  0.00447672  -0.00205101    0.0204074
   0.0174863  -0.00212336   0.00576878
 -0.00212336  0.000436168  -0.00206228
  0.00576878  -0.00206228    0.0210571
   0.0174553  -0.00230917   0.00670676
 -0.00230917  0.000418194  -0.00163231
  0.00670676  -0.00163231      0.02132
   0.0159423  -0.00218006   0.00479899
 -0.00218006   0.00042661  -0.00166704
  0.00479899  -0.00166704    0.0212254
   0.0180587  -0.00223256   0.00744766
 -0.00223256   0.00038409  -0.00149246
  0.00744766  -0.00149246    0.0218078
   0.0173127  -0.00234831   0.00744797
 -0.00234831   0.00040002  -0.00119996
  0.00744797  -0.00119996     0.021639
   0.0183634  -0.00232696    0.0084834
 -0.00232696  0.000382527  -0.00102567
   0.0084834  -0.00102567    0.0222762
   0.0159863  -0.00223605   0.00539855
 -0.00223605  0.000404651  -0.00129803
  0.00539855  -0.00129803    0.0220966
   0.0185369  -0.00218662   0.00885852
 -0.00218662  0.000355983 -0.000770131
  0.00885852 -0.000770131    0.0224763
   0.0181339  -0.00212717   0.00781452
 -0.00212717   0.00035456  -0.00133253
  0.00781452  -0.00133253    0.0220214
   0.0177997  -0.00197846   0.00676003
 -0.00197846  0.000381862  -0.00191852
  0.00676003  -0.00191852    0.0216269
   0.0176641  -0.00201331   0.00631719
 -0.00201331  0.000396896  -0.00197199
  0.00631719  -0.00197199    0.0213653
   0.0147686  -0.00206149    0.0034387
 -0.00206149  0.000401682  -0.00136729
   0.0034387  -0.00136729    0.0222861
   0.0150339  -0.00205892   0.00301665
 -0.00205892  0.000427092  -0.00169551
  0.00301665  -0.00169551    0.0219457
   0.0133981  -0.00175301  0.000999652
 -0.00175301  0.000398061  -0.00157595
 0.000999652  -0.00157595    0.0216476
   0.0150662  -0.00192221   0.00237265
 -0.00192221  0.000450329  -0.00202898
  0.00237265  -0.00202898    0.0212195
   0.0139363  -0.00176127  0.000623444
 -0.00176127  0.000435178  -0.00194232
 0.000623444  -0.00194232    0.0217299
   0.0145632  -0.00164335  0.000428917
 -0.00164335   0.00046949   -0.0022627
 0.000428917   -0.0022627    0.0211097
   0.0154965   -0.0017359   0.00205281
  -0.0017359  0.000473838  -0.00232427
  0.00205281  -0.00232427    0.0203153
   0.0131256  -0.00138034  -0.00135278
 -0.00138034  0.000407046  -0.00198738
 -0.00135278  -0.00198738    0.0213954
   0.0160421  -0.00145761   0.00174527
 -0.00145761  0.000497669    -0.002603
  0.00174527    -0.002603    0.0194918
   0.0166239  -0.00101082  0.000866215
 -0.00101082  0.000523683  -0.00289529
 0.000866215  -0.00289529     0.019518
   0.0158299 -0.000994387 -0.000537604
-0.000994387  0.000488217  -0.00269084
-0.000537604  -0.00269084    0.0196911
   0.0169854 -0.000469858 -0.000311673
-0.000469858  0.000551385  -0.00312924
-0.000311673  -0.00312924    0.0195577
    0.016753 -0.000515959  -0.00136495
-0.000515959  0.000496642  -0.00288115
 -0.00136495  -0.00288115    0.0195442
   0.0174947  4.96522e-06   -0.0024317
 4.96522e-06  0.000509584  -0.00299157
  -0.0024317  -0.00299157    0.0195192
   0.0171678   9.9712e-05  -0.00164552
  9.9712e-05  0.000586457  -0.00329046
 -0.00164552  -0.00329046    0.0196446
   0.0157805 -0.000521026  -0.00266063
-0.000521026  0.000428608  -0.00256173
 -0.00266063  -0.00256173    0.0196019
   0.0171729 -5.88659e-05  -0.00352736
-5.88659e-05  0.000423487  -0.00264173
 -0.00352736  -0.00264173    0.0195988
   0.0161145 -0.000173763  -0.00433294
-0.000173763  0.000343512  -0.00224154
 -0.00433294  -0.00224154    0.0193638
   0.0149972 -0.000535219   -0.0036192
-0.000535219  0.000368421  -0.00228528
  -0.0036192  -0.00228528     0.020063
   0.0150384 -0.000920216  -0.00192793
-0.000920216  0.000440789  -0.00249409
 -0.00192793  -0.00249409    0.0203151
   0.0138401 -0.000915885  -0.00297475
-0.000915885  0.000399277  -0.00225887
 -0.00297475  -0.00225887    0.0214066
   0.0140949  -0.00126952  -0.00156284
 -0.00126952  0.000441577  -0.00230548
 -0.00156284  -0.00230548    0.0210829
   0.0151524  -0.00136403 -7.92688e-05
 -0.00136403  0.000476862  -0.00248915
-7.92688e-05  -0.00248915    0.0204718
   0.0141056 -0.000499151  -0.00438055
-0.000499151  0.000325756  -0.00210574
 -0.00438055  -0.00210574    0.0205127
   0.0150298 -0.000234403  -0.00488394
-0.000234403  0.000274254  -0.00183184
 -0.00488394  -0.00183184    0.0186966
  0.00662981  -0.00503562  -0.00331463
 -0.00503562   0.00441791   0.00443721
 -0.00331463   0.00443721    0.0221604
  0.00664789   -0.0052486  -0.00290734
  -0.0052486   0.00460115    0.0039733
 -0.00290734    0.0039733    0.0223829
    0.006446  -0.00460793   -0.0024354
 -0.00460793   0.00362495   0.00270094
  -0.0024354   0.00270094    0.0226047
  0.00662678  -0.00481278  -0.00195299
 -0.00481278   0.00380657   0.00261163
 -0.00195299   0.00261163     0.022932
   0.0068126  -0.00541661  -0.00237649
 -0.00541661    0.0047289   0.00377641
 -0.00237649   0.00377641    0.0226072
  0.00641868   -0.0042447  -0.00149175
  -0.0042447   0.00301216   0.00161263
 -0.00149175   0.00161263    0.0232703
  0.00697076  -0.00492881  -0.00133513
 -0.00492881   0.00387809   0.00286662
 -0.00133513   0.00286662    0.0232833
  0.00677478  -0.00437983 -0.000922392
 -0.00437983   0.00310149   0.00192998
-0.000922392   0.00192998    0.0237199
  0.00728975  -0.00444185 -0.000237358
 -0.00444185     0.003151   0.00249499
-0.000237358   0.00249499    0.0241765
   0.0071439  -0.00550297  -0.00171156
 -0.00550297   0.00477274   0.00392114
 -0.00171156   0.00392114    0.0228561
  0.00747112  -0.00497113 -0.000595521
 -0.00497113    0.0039332   0.00337905
-0.000595521   0.00337905     0.023637
   0.0076238   -0.0055292 -0.000934004
  -0.0055292   0.00484231   0.00434174
-0.000934004   0.00434174    0.0231122
  0.00658419  -0.00392529 -0.000548562
 -0.00392529   0.00251146   0.00127126
-0.000548562   0.00127126    0.0241621
  0.00709861  -0.00399062  8.67557e-05
 -0.00399062   0.00254834   0.00182633
 8.67557e-05   0.00182633     0.024708
  0.00693354  -0.00366938  0.000354057
 -0.00366938   0.00216331   0.00135306
 0.000354057   0.00135306     0.025216
  0.00682854  -0.00381086 -0.000427998
 -0.00381086   0.00225048   0.00094893
-0.000427998   0.00094893    0.0247566
  0.00646438  -0.00391097  -0.00119785
 -0.00391097   0.00247025   0.00100069
 -0.00119785   0.00100069    0.0237408
  0.00695195  -0.00389978  -0.00109124
 -0.00389978   0.00226684  0.000714818
 -0.00109124  0.000714818    0.0242875
   0.0064576  -0.00376485     -0.00165
 -0.00376485   0.00229163    0.0010031
    -0.00165    0.0010031    0.0232773
  0.00630824  -0.00406168  -0.00198784
 -0.00406168   0.00282409   0.00165867
 -0.00198784   0.00165867    0.0228978
  0.00628795    -0.003791  -0.00228768
   -0.003791   0.00254422    0.0019287
 -0.00228768    0.0019287    0.0224684
  0.00701406  -0.00375836  -0.00153675
 -0.00375836   0.00208601  0.000764056
 -0.00153675  0.000764056    0.0223492
  0.00643294  -0.00348282  -0.00190775
 -0.00348282   0.00200106   0.00124137
 -0.00190775   0.00124137    0.0222239
  0.00690981  -0.00347035  -0.00176967
 -0.00347035   0.00182392  0.000978168
 -0.00176967  0.000978168    0.0214662
  0.00642077  -0.00435545    -0.002784
 -0.00435545   0.00337352   0.00305215
   -0.002784   0.00305215    0.0222751
  0.00820243  -0.00547602 -0.000110171
 -0.00547602   0.00495522    0.0049841
-0.000110171    0.0049841    0.0233258
  0.00808317  -0.00493648  0.000190686
 -0.00493648   0.00400401    0.0040816
 0.000190686    0.0040816    0.0239568
  0.00870614  -0.00483036   0.00092194
 -0.00483036   0.00414277   0.00486806
  0.00092194   0.00486806    0.0242045
  0.00877841  -0.00534002  0.000654056
 -0.00534002   0.00515838   0.00575537
 0.000654056   0.00575537    0.0234554
   0.0085717  -0.00434972   0.00118107
 -0.00434972   0.00326076   0.00396979
  0.00118107   0.00396979      0.02497
  0.00919664  -0.00464478   0.00147334
 -0.00464478   0.00433154   0.00567955
  0.00147334   0.00567955    0.0243826
  0.00911116  -0.00421574   0.00168811
 -0.00421574   0.00337692   0.00469756
  0.00168811   0.00469756    0.0252738
  0.00940655  -0.00406371   0.00193689
 -0.00406371   0.00351862   0.00525922
  0.00193689   0.00525922    0.0255177
  0.00920912  -0.00510186   0.00123972
 -0.00510186   0.00542308   0.00659629
  0.00123972   0.00659629     0.023512
  0.00943153  -0.00442232    0.0017721
 -0.00442232   0.00454044   0.00636113
   0.0017721   0.00636113    0.0245071
   0.0093854  -0.00482051   0.00157389
 -0.00482051   0.00571216   0.00736172
  0.00157389   0.00736172     0.023517
  0.00896458  -0.00386101   0.00184608
 -0.00386101   0.00264387   0.00377161
  0.00184608   0.00377161    0.0261525
  0.00930575  -0.00377082     0.002048
 -0.00377082    0.0027307   0.00416002
    0.002048   0.00416002    0.0265046
  0.00915176  -0.00357072   0.00210803
 -0.00357072   0.00219441   0.00310423
  0.00210803   0.00310423    0.0274342
  0.00878172  -0.00361302   0.00195356
 -0.00361302   0.00214438   0.00290814
  0.00195356   0.00290814    0.0269859
  0.00839742  -0.00395135   0.00138981
 -0.00395135   0.00258666   0.00317789
  0.00138981   0.00317789    0.0257275
  0.00820979  -0.00366338   0.00154804
 -0.00366338    0.0021311   0.00248237
  0.00154804   0.00248237     0.026449
  0.00773665  -0.00399652   0.00076358
 -0.00399652   0.00255839   0.00250697
  0.00076358   0.00250697    0.0252383
  0.00791908  -0.00442612  0.000498191
 -0.00442612   0.00318516   0.00321378
 0.000498191   0.00321378    0.0246008
  0.00755384  -0.00367908  0.000980741
 -0.00367908   0.00213984   0.00194192
 0.000980741   0.00194192    0.0258442
   0.0134507  -0.00610488  -0.00111923
 -0.00610488   0.00292504   0.00185779
 -0.00111923   0.00185779     0.021448
   0.0120758  -0.00556252  -0.00054884
 -0.00556252   0.00272532   0.00188238
 -0.00054884   0.00188238    0.0223632
   0.0102267  -0.00439702  0.000562767
 -0.00439702   0.00208126   0.00163302
 0.000562767   0.00163302     0.024722
  0.00944734  -0.00427338   0.00053473
 -0.00427338   0.00211345   0.00162103
  0.00053473   0.00162103     0.024687
   0.0119431  -0.00576195 -0.000915747
 -0.00576195   0.00294324   0.00202872
-0.000915747   0.00202872    0.0217385
  0.00829868  -0.00362268   0.00114055
 -0.00362268   0.00180489   0.00160848
  0.00114055   0.00160848    0.0256861
  0.00931745  -0.00446695  6.19284e-05
 -0.00446695   0.00230333   0.00157102
 6.19284e-05   0.00157102    0.0242737
   0.0077845  -0.00363539  0.000750791
 -0.00363539   0.00187966   0.00139152
 0.000750791   0.00139152    0.0254804
  0.00811519  -0.00405911  1.14143e-05
 -0.00405911   0.00217016   0.00119935
 1.14143e-05   0.00119935    0.0254505
   0.0111042  -0.00562399  -0.00125941
 -0.00562399   0.00300658   0.00209966
 -0.00125941   0.00209966    0.0206376
   0.0093354  -0.00476286 -0.000848808
 -0.00476286   0.00256616    0.0015995
-0.000848808    0.0015995    0.0221313
   0.0108791  -0.00577328  -0.00182507
 -0.00577328   0.00321001    0.0021895
 -0.00182507    0.0021895    0.0194715
  0.00735393  -0.00345213   0.00107119
 -0.00345213   0.00186672   0.00152949
  0.00107119   0.00152949    0.0258626
  0.00726782  -0.00369157   0.00033921
 -0.00369157   0.00204217   0.00116008
  0.00033921   0.00116008    0.0255543
   0.0080687  -0.00350337    0.0014765
 -0.00350337   0.00185365   0.00194587
   0.0014765   0.00194587    0.0263704
  0.00873498  -0.00352732   0.00176203
 -0.00352732   0.00185102   0.00222289
  0.00176203   0.00222289    0.0270587
  0.00921877   -0.0037951    0.0012428
  -0.0037951   0.00182956     0.001758
   0.0012428     0.001758    0.0259317
   0.0100359  -0.00398338   0.00120447
 -0.00398338   0.00188847   0.00170724
  0.00120447   0.00170724    0.0265975
   0.0092198  -0.00356347      0.00181
 -0.00356347   0.00188715   0.00227943
     0.00181   0.00227943    0.0276419
   0.0113949  -0.00479646  0.000172079
 -0.00479646   0.00221401   0.00158019
 0.000172079   0.00158019    0.0243148
   0.0107139  -0.00578716  -0.00206468
 -0.00578716    0.0032598     0.002155
 -0.00206468     0.002155    0.0189118
   0.0095803  -0.00499988  -0.00156898
 -0.00499988   0.00271989   0.00158613
 -0.00156898   0.00158613     0.020333
   0.0101685  -0.00526226  -0.00223201
 -0.00526226   0.00283646   0.00177235
 -0.00223201   0.00177235    0.0199362
   0.0109794  -0.00588734  -0.00243249
 -0.00588734   0.00328984   0.00226185
 -0.00243249   0.00226185    0.0188858
  0.00903658  -0.00461143  -0.00173754
 -0.00461143   0.00245163   0.00126179
 -0.00173754   0.00126179    0.0211551
   0.0101907  -0.00495974  -0.00231889
 -0.00495974   0.00257484   0.00184483
 -0.00231889   0.00184483    0.0196385
  0.00946274  -0.00457692  -0.00207492
 -0.00457692   0.00231671   0.00124104
 -0.00207492   0.00124104     0.020879
  0.00918938  -0.00416201  -0.00222461
 -0.00416201   0.00200009   0.00127717
 -0.00222461   0.00127717    0.0210713
   0.0106597  -0.00541116  -0.00258657
 -0.00541116    0.0029397   0.00234439
 -0.00258657   0.00234439    0.0178145
  0.00985643   -0.0043865  -0.00234632
  -0.0043865   0.00214267   0.00184567
 -0.00234632   0.00184567    0.0190171
   0.0105518  -0.00495043  -0.00258391
 -0.00495043   0.00261684   0.00256156
 -0.00258391   0.00256156     0.017875
  0.00805056  -0.00402975  -0.00180218
 -0.00402975   0.00209911  0.000955747
 -0.00180218  0.000955747    0.0212952
  0.00769154  -0.00358923  -0.00189737
 -0.00358923   0.00176698   0.00104616
 -0.00189737   0.00104616    0.0210665
  0.00780731  -0.00411656  -0.00131718
 -0.00411656   0.00224534  0.000844466
 -0.00131718  0.000844466    0.0226271
  0.00749287  -0.00396705 -0.000473822
 -0.00396705   0.00220342  0.000885644
-0.000473822  0.000885644    0.0253469
  0.00845772    -0.004365  -0.00104546
   -0.004365   0.00235098   0.00116415
 -0.00104546   0.00116415    0.0227282
  0.00927527  -0.00455232    0.0016509
 -0.00455232   0.00594328   0.00794717
   0.0016509   0.00794717    0.0234874
  0.00937748  -0.00422364   0.00180347
 -0.00422364   0.00470191    0.0068193
  0.00180347    0.0068193    0.0245889
  0.00908421  -0.00407942    0.0016203
 -0.00407942   0.00477552   0.00702148
   0.0016203   0.00702148    0.0246353
  0.00894849   -0.0043442   0.00151978
  -0.0043442   0.00609305   0.00830638
  0.00151978   0.00830638    0.0234377
  0.00915462  -0.00385636   0.00166651
 -0.00385636   0.00365699   0.00559867
  0.00166651   0.00559867    0.0258336
  0.00865394  -0.00397205   0.00129201
 -0.00397205   0.00475423    0.0070367
  0.00129201    0.0070367     0.024674
  0.00875331  -0.00379954   0.00127521
 -0.00379954   0.00359779     0.005441
  0.00127521     0.005441    0.0259398
  0.00829453  -0.00371979  0.000807378
 -0.00371979   0.00347547   0.00519499
 0.000807378   0.00519499    0.0260398
  0.00849969  -0.00417594   0.00124776
 -0.00417594    0.0061352    0.0084784
  0.00124776    0.0084784    0.0233976
  0.00817282  -0.00385264   0.00088426
 -0.00385264    0.0046494   0.00694254
  0.00088426   0.00694254    0.0247143
  0.00802199  -0.00400938  0.000891543
 -0.00400938   0.00608147   0.00853507
 0.000891543   0.00853507    0.0233669
  0.00879288  -0.00367673   0.00119981
 -0.00367673   0.00275981   0.00383217
  0.00119981   0.00383217    0.0271346
  0.00836278  -0.00362587  0.000675374
 -0.00362587   0.00265088   0.00342723
 0.000675374   0.00342723    0.0272722
  0.00837663  -0.00357732  0.000524849
 -0.00357732   0.00218631   0.00174321
 0.000524849   0.00174321    0.0283851
  0.00877383  -0.00360566   0.00109995
 -0.00360566   0.00224726   0.00226707
  0.00109995   0.00226707    0.0282268
  0.00915796  -0.00369091   0.00165537
 -0.00369091   0.00282152   0.00415223
  0.00165537   0.00415223    0.0269786
  0.00909833  -0.00358417   0.00161431
 -0.00358417   0.00227681     0.002729
  0.00161431     0.002729    0.0280327
  0.00936318  -0.00371106    0.0019676
 -0.00371106    0.0028075   0.00428731
   0.0019676   0.00428731    0.0267772
  0.00940464  -0.00393554    0.0019138
 -0.00393554    0.0036264    0.0055641
   0.0019138    0.0055641    0.0257014
  0.00925084  -0.00355969   0.00198292
 -0.00355969   0.00225055   0.00303403
  0.00198292   0.00303403    0.0277786
  0.00755302  -0.00382338  0.000475345
 -0.00382338   0.00593934    0.0085618
 0.000475345    0.0085618    0.0233262
  0.00770121  -0.00368699  0.000415125
 -0.00368699   0.00447051    0.0068385
 0.000415125    0.0068385    0.0247371
  0.00725571  -0.00347455 -0.000100818
 -0.00347455   0.00424937      0.00679
-0.000100818      0.00679    0.0247344
  0.00711428  -0.00361075   1.7326e-05
 -0.00361075    0.0057536   0.00861163
  1.7326e-05   0.00861163    0.0232625
  0.00738679  -0.00335004 -0.000279955
 -0.00335004   0.00307145   0.00479513
-0.000279955   0.00479513    0.0261493
  0.00684607  -0.00324451 -0.000650106
 -0.00324451    0.0040237   0.00678502
-0.000650106   0.00678502    0.0247208
  0.00697651  -0.00309077  -0.00087997
 -0.00309077   0.00282774   0.00471241
 -0.00087997   0.00471241    0.0261669
  0.00664412  -0.00283418  -0.00143014
 -0.00283418   0.00258732   0.00470897
 -0.00143014   0.00470897    0.0259942
  0.00671479  -0.00339121  -0.00046777
 -0.00339121   0.00555804    0.0086706
 -0.00046777    0.0086706    0.0231879
  0.00649021  -0.00300753  -0.00119531
 -0.00300753   0.00380366   0.00683149
 -0.00119531   0.00683149    0.0244797
    0.006367   -0.0031694 -0.000950682
  -0.0031694   0.00537348   0.00874869
-0.000950682   0.00874869    0.0231173
  0.00709617  -0.00296973  -0.00114632
 -0.00296973   0.00205282   0.00262597
 -0.00114632   0.00262597    0.0274478
  0.00690924  -0.00270044  -0.00170575
 -0.00270044   0.00179931    0.0026059
 -0.00170575    0.0026059    0.0270344
  0.00704376  -0.00259598  -0.00192315
 -0.00259598   0.00143518  0.000647257
 -0.00192315  0.000647257    0.0283092
  0.00718376  -0.00289937  -0.00139567
 -0.00289937   0.00169322  0.000698538
 -0.00139567  0.000698538    0.0285111
  0.00749639  -0.00326167 -0.000511162
 -0.00326167   0.00229141   0.00278286
-0.000511162   0.00278286    0.0274315
  0.00756234  -0.00321529 -0.000735245
 -0.00321529   0.00191894  0.000907836
-0.000735245  0.000907836    0.0285337
  0.00792234  -0.00349203  0.000100507
 -0.00349203   0.00249492   0.00305078
 0.000100507   0.00305078    0.0273769
  0.00782704   -0.0035727  0.000286633
  -0.0035727   0.00329357   0.00495316
 0.000286633   0.00495316    0.0261131
  0.00796109  -0.00345324 -8.85628e-05
 -0.00345324    0.0020776     0.001261
-8.85628e-05     0.001261    0.0284935
   0.0131498  -0.00550016   -0.0051898
 -0.00550016   0.00269448 -0.000355684
  -0.0051898 -0.000355684    0.0215051
   0.0136266  -0.00587553   -0.0047195
 -0.00587553   0.00287945 -0.000387169
  -0.0047195 -0.000387169    0.0216491
   0.0106786  -0.00444323  -0.00353453
 -0.00444323   0.00225108  -0.00120675
 -0.00353453  -0.00120675    0.0253171
   0.0111004  -0.00474224  -0.00297606
 -0.00474224   0.00234879  -0.00102402
 -0.00297606  -0.00102402    0.0253866
   0.0140565  -0.00615592  -0.00422658
 -0.00615592   0.00297851 -0.000300433
 -0.00422658 -0.000300433    0.0216943
  0.00902258   -0.0038133  -0.00183511
  -0.0038133   0.00198089  -0.00118938
 -0.00183511  -0.00118938    0.0279699
   0.0114764  -0.00493788  -0.00241528
 -0.00493788   0.00237642 -0.000731878
 -0.00241528 -0.000731878    0.0253615
  0.00940582   -0.0040216  -0.00122065
  -0.0040216   0.00202345 -0.000806446
 -0.00122065 -0.000806446    0.0279439
  0.00977359  -0.00413202  -0.00060292
 -0.00413202   0.00203969    -0.000309
 -0.00060292    -0.000309    0.0278423
   0.0143824   -0.0063552  -0.00372326
  -0.0063552   0.00302642 -9.21272e-05
 -0.00372326 -9.21272e-05    0.0216365
   0.0117895  -0.00506081  -0.00183825
 -0.00506081   0.00238407 -0.000295896
 -0.00183825 -0.000295896     0.025242
   0.0146363  -0.00647916  -0.00319923
 -0.00647916   0.00304319  0.000243484
 -0.00319923  0.000243484    0.0215114
  0.00824905   -0.0035383 -0.000524252
  -0.0035383   0.00191414  -7.8199e-05
-0.000524252  -7.8199e-05    0.0288423
  0.00863626  -0.00365513  0.000103874
 -0.00365513   0.00197125  0.000447517
 0.000103874  0.000447517    0.0287317
  0.00786482  -0.00331178  -0.00116861
 -0.00331178   0.00181719 -0.000474399
 -0.00116861 -0.000474399    0.0288692
  0.00750275  -0.00298097  -0.00182616
 -0.00298097   0.00163077 -0.000716787
 -0.00182616 -0.000716787    0.0288039
  0.00863501  -0.00349357  -0.00245789
 -0.00349357   0.00184407  -0.00142282
 -0.00245789  -0.00142282    0.0278853
  0.00846189  -0.00311133  -0.00300035
 -0.00311133   0.00158498  -0.00146829
 -0.00300035  -0.00146829    0.0277508
   0.0074984  -0.00266908  -0.00237211
 -0.00266908   0.00137507 -0.000755875
 -0.00237211 -0.000755875    0.0285001
    0.010417  -0.00407273  -0.00405447
 -0.00407273   0.00203452  -0.00122153
 -0.00405447  -0.00122153    0.0251494
   0.0148013  -0.00653318  -0.00266379
 -0.00653318    0.0030356  0.000691229
 -0.00266379  0.000691229    0.0213249
   0.0120401  -0.00508877  -0.00126543
 -0.00508877      0.00236  0.000239335
 -0.00126543  0.000239335    0.0250626
   0.0121698  -0.00506855 -0.000737693
 -0.00506855   0.00231632  0.000826477
-0.000737693  0.000826477    0.0248056
   0.0148455  -0.00655708  -0.00211733
 -0.00655708   0.00303429   0.00115049
 -0.00211733   0.00115049    0.0211911
   0.0103009  -0.00410988  0.000551138
 -0.00410988   0.00197696  0.000893843
 0.000551138  0.000893843    0.0274356
   0.0120413  -0.00499591 -0.000220536
 -0.00499591   0.00227615   0.00127507
-0.000220536   0.00127507    0.0245272
    0.010333  -0.00404791  0.000955012
 -0.00404791    0.0019208   0.00141703
 0.000955012   0.00141703     0.027103
   0.0142973  -0.00635183  -0.00156919
 -0.00635183   0.00296024   0.00156776
 -0.00156919   0.00156776    0.0212684
  0.00936506   -0.0035748   0.00164895
  -0.0035748   0.00192444   0.00204843
  0.00164895   0.00204843    0.0280535
  0.00926366  -0.00362929   0.00125539
 -0.00362929   0.00197179   0.00160213
  0.00125539   0.00160213    0.0283475
   0.0089947  -0.00366671  0.000708007
 -0.00366671   0.00198699    0.0010314
 0.000708007    0.0010314     0.028566
   0.0100859  -0.00415603  4.94069e-06
 -0.00415603   0.00202678  0.000281116
 4.94069e-06  0.000281116    0.0276707
  0.00528225  -0.00841228  -0.00165285
 -0.00841228    0.0253172    0.0147319
 -0.00165285    0.0147319    0.0156199
    0.005643  -0.00839842  -0.00111287
 -0.00839842    0.0241256    0.0140021
 -0.00111287    0.0140021    0.0160253
  0.00581765  -0.00826412  -0.00167691
 -0.00826412    0.0202149    0.0130547
 -0.00167691    0.0130547    0.0172921
   0.0062104  -0.00826125  -0.00108221
 -0.00826125     0.019343    0.0123453
 -0.00108221    0.0123453    0.0175011
  0.00606818  -0.00837019 -0.000562691
 -0.00837019    0.0230087    0.0133772
-0.000562691    0.0133772    0.0163583
  0.00638423  -0.00809728  -0.00162981
 -0.00809728    0.0159935    0.0112303
 -0.00162981    0.0112303    0.0186102
  0.00665305  -0.00822532 -0.000498063
 -0.00822532    0.0185963    0.0118543
