  -0.0344648    -0.823832     0.565785
   -0.996423   -0.0153797   -0.0830914
    0.077155    -0.566625    -0.820356
   -0.058244    -0.860368     0.506334
   -0.996495    0.0196037   -0.0813168
   0.0600364    -0.509295    -0.858495
  -0.0911546    -0.885099     0.456389
   -0.994742    0.0594446   -0.0833959
   0.0466837    -0.461591    -0.885863
   -0.110357    -0.919795     0.376562
   -0.992974    0.0857529   -0.0815434
   0.0427118    -0.382916    -0.922795
   -0.127073    -0.925514     0.356758
   -0.991148     0.104538     -0.08184
   0.0384494    -0.363999    -0.930605
   -0.124744    -0.907461     0.401189
   -0.991967     0.105504    -0.069794
   0.0210081    -0.406673    -0.913332
   -0.134575    -0.893876     0.427638
   -0.990804     0.115258     -0.07088
   0.0140693    -0.433244    -0.901167
   -0.129307    -0.902008       0.4119
    -0.99114     0.104849   -0.0815421
   0.0303645    -0.418794    -0.907573
    -0.12943    -0.856685     0.499338
   -0.991567     0.108521   -0.0708337
  0.00649356    -0.504295    -0.863507
   -0.127416    -0.920727     0.368817
   -0.991317     0.106036   -0.0777597
   0.0324876    -0.375523    -0.926244
    0.121466      0.74821    -0.652248
    0.992591   -0.0896627    0.0819935
 -0.00286608     0.657375     0.753558
   -0.110272    -0.857336     0.502806
   -0.993733    0.0857813   -0.0716722
   0.0183158    -0.507559    -0.861422
    -0.14325    -0.908885     0.391673
   -0.974738     0.198093     0.103178
    0.171365     0.366998     0.914301
    -0.17027    -0.751939     0.636864
   -0.967241     0.251031    0.0377916
     0.18829     0.609567     0.770049
   -0.149922     -0.90236     0.404068
   -0.973115     0.206946     0.101094
    0.174844     0.378048     0.909125
   -0.174547    -0.702102    -0.690353
   -0.966363   -0.0123422     0.256885
     0.18888     -0.71197     0.676331
   -0.196087    -0.814984    -0.545299
   -0.959791     0.045597     0.276988
    0.200877    -0.577687     0.791155
    0.148428     0.246793    -0.957634
    0.973427    -0.207214    0.0974744
   -0.174379    -0.946655    -0.270991
   -0.194936     -0.76717    -0.611105
   -0.961826    0.0275106     0.272276
    0.192071    -0.640853     0.743247
   -0.173965    -0.696742    -0.695907
    -0.96835  -0.00740638     0.249487
    0.178982    -0.717284     0.673402
   -0.190449    -0.656607    -0.729792
   -0.965151   -0.0106752     0.261475
    0.179477    -0.754157     0.631692
    0.210316     -0.63911    -0.739801
    0.956336   -0.0225957     0.291395
    -0.20295    -0.768784     0.606451
    0.205553    -0.602053    -0.771544
    0.960149   -0.0284911     0.278033
   -0.189373    -0.797948     0.572204
    0.217779     0.685783    -0.694459
    0.955955   -0.0064213     0.293442
   -0.196778     0.727778     0.656977
     -0.1488      0.49685    -0.854985
   -0.975316     0.068907     0.209786
    0.163146     0.865097     0.474332
   -0.172256    -0.879513    -0.443604
   -0.971504    0.0772523     0.224079
    0.162811    -0.469562     0.867758
   -0.155627    -0.874269      0.45982
   -0.977941    0.0707061    -0.196551
    0.139326    -0.480265    -0.865987
   -0.128593    -0.876696     0.463538
   -0.982397    0.0487502     -0.18033
    0.135497    -0.478567    -0.867533
    0.123399     0.986904    -0.103893
    0.980979    -0.105505     0.162939
   -0.149844     0.122023     0.981151
   -0.093301    -0.867321     0.488927
   -0.988351     0.021376    -0.150685
    0.120241    -0.497291    -0.859211
  -0.0843687    -0.881265     0.465031
   -0.987297     0.136992    0.0804884
    0.134637     0.452333     0.881628
   -0.120564    -0.788344     0.603306
   -0.979858     0.191964    0.0550264
    0.159193      0.58452      0.79561
  -0.0828925    -0.869925     0.486168
   -0.987443      0.13753    0.0777291
    0.134481      0.47362     0.870401
  -0.0570043    -0.900193     0.431744
   -0.992858   0.00572029    -0.119163
      0.1048    -0.435454     -0.89409
   0.0472496    -0.602988      0.79635
    0.991681      0.12388    0.0349617
   -0.119733     0.788073     0.603825
  -0.0171042    -0.862939     0.505018
    -0.99637   -0.0274165    -0.080593
   0.0833927    -0.504563    -0.859338
   -0.116432    -0.868509     0.481804
   -0.981208     0.175737    0.0796716
    0.153867     0.463474      0.87265
   -0.213672    -0.699142    -0.682308
   -0.960748    0.0238868     0.276392
    0.176939    -0.714584     0.676803
   -0.208681    -0.790109     -0.57635
   -0.962135     0.060196     0.265842
    0.175351    -0.610003     0.772754
   -0.199775    -0.803579     -0.56067
   -0.968337    0.0744845     0.238277
    0.149713    -0.590519     0.793015
   -0.202993    -0.752257     -0.62682
   -0.966697     0.052069     0.250572
    0.155857    -0.656809     0.737774
   -0.196505    -0.797168    -0.570884
   -0.969222    0.0698591     0.236067
    0.148304    -0.599702     0.786361
   -0.181066    -0.919507    -0.348887
   -0.975888     0.124016     0.179618
    0.121893    -0.372997     0.919791
   -0.183731    -0.836872    -0.515643
   -0.975605    0.0911249     0.199729
    0.120159     -0.53976     0.833199
   -0.165536    -0.801082     0.575209
   -0.983091     0.180345   -0.0317538
   0.0782989     0.570739      0.81739
   -0.183247    -0.756445    -0.627862
   -0.975055    0.0584794     0.214122
    0.125255    -0.651437     0.748292
   -0.164339    -0.932257      0.32232
   -0.982373     0.184192    0.0318698
   0.0890798     0.311402     0.946094
   -0.162207    -0.774671     0.611207
    -0.98329     0.178774   -0.0343674
   0.0826443     0.606568     0.790724
   -0.185316      -0.8805    -0.436322
    -0.97632     0.114541     0.183521
    0.111613    -0.459999     0.880876
    -0.16918     -0.52295    -0.835405
   -0.982777     0.153456     0.102963
   0.0743529     0.838436    -0.539905
   -0.174206    -0.528437    -0.830907
    -0.98248     0.150018     0.110576
   0.0662183     0.835613    -0.545313
   -0.179534    -0.851809    -0.492127
   -0.978698     0.104015     0.177005
   0.0995857    -0.513422     0.852338
    -0.18985    -0.881672    -0.431986
   -0.972191     0.107367     0.208127
    0.137118    -0.459486     0.877537
    -0.17912    -0.899009    -0.399624
   -0.976189     0.111892     0.185835
    0.122352    -0.423396     0.897645
    0.184304    -0.659115    -0.729109
     0.97044   0.00443114     0.241302
   -0.155815    -0.752029     0.640448
   -0.199663    -0.804924    -0.558777
    -0.96563    0.0647855     0.251716
    0.166411    -0.589831     0.790194
   -0.172387    -0.892073    -0.417718
   -0.976028    0.0974942     0.194588
    0.132862    -0.441249     0.887495
   -0.132748    -0.926367     0.352452
   -0.990091     0.107509   -0.0903381
   0.0457943    -0.360952    -0.931459
   -0.138862    -0.898568     0.416285
   -0.988835     0.102863    -0.107816
   0.0540593    -0.426609    -0.902819
   -0.157927    -0.915611     0.369752
   -0.984526     0.117203    -0.130278
   0.0759482    -0.384605    -0.919952
   -0.138771    -0.885299     0.443835
   -0.988725     0.098391    -0.112881
   0.0562643    -0.454495    -0.888971
   -0.150159    -0.914455     0.375798
   -0.985577     0.108451     -0.12991
    0.078041    -0.389885    -0.917551
   -0.126457    -0.898635     0.420076
     -0.9892    0.0825991    -0.121084
   0.0741124    -0.430851    -0.899375
   -0.129473    -0.886205     0.444834
   -0.990236    0.0921802    -0.104574
    0.051669     -0.45403    -0.889487
   -0.157339    -0.899363      0.40791
   -0.981659    0.0974051    -0.163886
     0.10766    -0.426214    -0.898193
   -0.140679     -0.93062      0.33787
   -0.983981    0.0936766    -0.151679
    0.109505    -0.353795     -0.92889
   -0.163341    -0.888471     0.428881
   -0.981647     0.102993    -0.160506
   0.0984331    -0.447227    -0.888988
    -0.16183    -0.853206    -0.495833
   -0.983914     0.100983     0.147362
   0.0756597    -0.511704     0.855824
   -0.149958    -0.892374     0.425653
   -0.986684     0.107644    -0.121935
   0.0629921     -0.43827    -0.896633
   -0.135271    -0.875258     0.464355
   -0.989927    0.0996246    -0.100595
   0.0417851    -0.473285    -0.879918
   -0.160631    -0.886251    -0.434462
   -0.986018     0.124313      0.11097
   0.0443376    -0.446213     0.893828
   -0.121186    -0.929365     0.348703
   -0.992033     0.101218   -0.0749988
   0.0344062    -0.355014    -0.934228
   -0.108404     -0.90165      0.41866
   -0.993094    0.0792141    -0.086542
   0.0448668     -0.42515     -0.90401
  -0.0837245     -0.87062     0.484779
   -0.995431    0.0506562   -0.0809433
   0.0459137    -0.489341    -0.870883
  -0.0883123    -0.861946      0.49925
   -0.994316    0.0463618   -0.0958417
   0.0594642    -0.504877    -0.861141
  -0.0490266    -0.833458     0.550403
   -0.997138   0.00909187   -0.0750516
   0.0575482    -0.552508    -0.831519
  -0.0546929    -0.871223     0.487832
   -0.996801      0.01912    -0.077609
   0.0582874    -0.490516    -0.869481
  -0.0177397    -0.826565     0.562562
   -0.997949   -0.0199742    -0.060817
   0.0615059    -0.562487    -0.824515
  -0.0230889    -0.803703     0.594582
   -0.997357   -0.0224634   -0.0690936
   0.0688871    -0.594606    -0.801061
  -0.0501774    -0.886574     0.459858
   -0.995649   0.00820516   -0.0928213
   0.0785197    -0.462515    -0.883128
  -0.0214017    -0.850739     0.525152
   -0.997675   -0.0158214   -0.0662891
   0.0647034     -0.52535    -0.848423
  -0.0894873    -0.867489     0.489342
   -0.991775    0.0324687    -0.123809
   0.0915146    -0.496396    -0.863259
   -0.120394     -0.90832     0.400575
   -0.987771    0.0693394    -0.139647
   0.0990689    -0.412489     -0.90556
   -0.105839    -0.902511     0.417459
   -0.992173    0.0678691     -0.10482
   0.0662683    -0.425285     -0.90263
   -0.126462    -0.831911     0.540307
   -0.991431     0.123969   -0.0411756
   0.0327267     0.540885      0.84046
   -0.137243    -0.872724     0.468526
   -0.989821     0.138816   -0.0313715
   0.0376601     0.468062     0.882893
    0.102971    -0.789969     0.604439
    0.994545    0.0715912   -0.0758634
   0.0166572     0.608953     0.793031
    0.101324     0.724074     0.682239
    0.994803   -0.0668273   -0.0768196
   0.0100309    -0.686477     0.727082
    0.108147     0.744994     0.658247
    0.994035   -0.0716514   -0.0822209
   0.0140897    -0.663212     0.748299
  -0.0717721    -0.797199     0.599435
   -0.995361     0.018639   -0.0943891
   -0.064074     0.603429     0.794839
   0.0735884    -0.625411     0.776817
    0.994954  -0.00722612     -0.10007
   0.0681985     0.780262     0.621724
  -0.0554403    -0.639492    -0.766796
    -0.99396   -0.0375019      0.10314
  -0.0947138     0.767883     -0.63355
  -0.0761473    -0.758975     0.646651
   -0.995676    0.0232773   -0.0899266
  -0.0531998     0.650703     0.757466
  -0.0575026    -0.643959    -0.762896
   -0.993847   -0.0355322     0.104903
  -0.0946606     0.764234    -0.637954
  -0.0607552    -0.534656    -0.842883
   -0.993903   -0.0454379     0.100463
  -0.0920118     0.843848    -0.528635
   0.0789544    -0.484516     0.871212
    0.994234   -0.0253425    -0.104197
    0.072564     0.874415     0.479721
  -0.0565998    -0.676653    -0.734124
   -0.993122   -0.0373317     0.110977
   -0.102499     0.735355    -0.669885
   0.0623091     0.918434     0.390636
    0.992093   -0.0142715    -0.124691
    0.108946    -0.395317     0.912061
  -0.0864695    -0.475645    -0.875377
     -0.9932   -0.0276008     0.113105
   -0.077959     0.879204    -0.470023
    0.116288    -0.718876     0.685343
    0.993101    0.0736972   -0.0912047
   0.0150569     0.691221     0.722486
    0.120255    -0.763054     0.635049
    0.992227    0.0717556    -0.101672
   0.0320132     0.642339     0.765752
    0.148595     0.661798    -0.734808
    0.988379    -0.123474    0.0886667
  -0.0320502    -0.739444    -0.672455
   -0.143865    -0.565664    -0.811989
   -0.988887     0.113266    0.0963021
   0.0374958      0.81682    -0.575673
   -0.154561    -0.493767    -0.855748
   -0.987648      0.09977     0.120816
   0.0257229     0.863852    -0.503089
   0.0502272    -0.781385     0.622024
    0.992077   -0.0327739    -0.121279
    0.115151     0.623188     0.773548
  -0.0499514     -0.94988     0.308597
   -0.991398   0.00973202    -0.130518
   -0.120973     0.312462     0.942196
  -0.0417652    -0.882564    -0.468333
   -0.987049     0.109111    -0.117594
   -0.154885    -0.457356     0.875692
  -0.0409591      -0.9056    -0.422151
   -0.987949    0.0998253     -0.11829
   -0.149265    -0.412218     0.898775
  -0.0364695    -0.344318    -0.938144
   -0.985361    -0.144049    0.0911738
   -0.166531     0.927736    -0.334025
  -0.0276555     0.618019    -0.785676
   -0.980654    -0.169143   -0.0985307
   -0.193786     0.767752     0.610741
  -0.0251398     0.344866    -0.938315
   -0.979143    -0.197789   -0.0464611
   -0.201611     0.917577     0.342645
  -0.0131748    -0.694861     0.719024
   -0.973387     0.173446     0.149782
   -0.228789    -0.697915    -0.678653
  -0.0252176     -0.67632     0.736176
   -0.981548     0.156378     0.110041
   -0.189545    -0.719818    -0.667784
   -0.013421    -0.623023     0.782088
   -0.973274     0.187469     0.132638
   -0.229254    -0.759406    -0.608888
 -0.00985817    -0.355677     0.934557
    -0.97416     0.214314    0.0712885
   -0.225644    -0.909705    -0.348599
   -0.018784    -0.437748     0.898901
   -0.977996     0.194881    0.0744665
   -0.207776    -0.877723    -0.431777
 -0.00875421    -0.444268     0.895851
   -0.972616     0.211861    0.0955612
   -0.232251    -0.870483    -0.433957
 -0.00495168    -0.781035    -0.624467
   -0.972937     0.148028    -0.177428
   -0.231016    -0.606689     0.760631
   0.0148581    0.0636647    -0.997861
    0.978109     0.206238    0.0277222
    0.207562    -0.976429   -0.0592068
   0.0311971    -0.450044     0.892461
    0.984389    -0.140907    -0.105466
    0.173219      0.88182     0.438622
   0.0277234     0.127281    -0.991479
    0.984738      0.16701    0.0489748
    0.171821    -0.977705    -0.120708
   0.0471411    -0.631429        0.774
    0.990558   -0.0703091    -0.117689
    0.128731      0.77224     0.622152
  -0.0464947    -0.799057     0.599454
   -0.990878   -0.0390954    -0.128967
   -0.126488     0.599982     0.789951
   0.0493747    -0.604213     0.795291
    0.990146   -0.0748629    -0.118348
    0.131045     0.793298     0.594563
    0.011959    -0.949668     -0.31303
   -0.979719    0.0514927    -0.193647
   -0.200019    -0.308997     0.929792
  -0.0042873    -0.963906    -0.266207
   -0.984212    0.0511718    -0.169437
   -0.176944    -0.261277     0.948907
  -0.0153867    -0.802101     0.596991
   -0.981872     0.124932     0.142549
   -0.188922    -0.583975    -0.789482
  -0.0296005    -0.912858    -0.407203
   -0.986785    0.0916144    -0.133647
   -0.159307    -0.397866     0.903507
  -0.0226722     -0.98224    -0.186254
   -0.989259    0.0489518    -0.137736
   -0.144407    -0.181131     0.972799
   0.0373449     0.108031    -0.993446
    0.984454     0.166763    0.0551414
    0.171627    -0.980061    -0.100124
  -0.0420389    -0.919494     0.390849
   -0.990593    0.0893461     0.103646
   -0.130223    -0.382815    -0.914601
   -0.053917    -0.424267     -0.90393
   -0.988919    -0.102705     0.107192
   -0.138317     0.899694    -0.414029
    0.069736     0.994427    0.0790656
    0.991575   -0.0604262    -0.114576
     0.10916   -0.0863895     0.990263
  -0.0285316    -0.909765     0.414142
   -0.992026    0.0766527     0.100043
    -0.12276    -0.407985    -0.904698
  -0.0569544    -0.919756     0.388336
   -0.993877    0.0891227    0.0653186
  -0.0946867    -0.382238      -0.9192
  -0.0508244    -0.916886     0.395901
   -0.996214    0.0745391    0.0447382
    -0.07053    -0.392128    -0.917203
   0.0423544    -0.511975     0.857955
    0.987528    -0.108881    -0.113724
    0.151639     0.852072     0.500979
   -0.067049    -0.839874     0.538624
   -0.991879  -0.00236532    -0.127159
   -0.108072     0.542776     0.832895
   0.0261525    -0.310009     0.950374
    0.983833    -0.160512   -0.0794318
    0.177171     0.937086     0.300799
  -0.0118119    -0.288557      0.95739
   -0.978279       0.2015    0.0486623
   -0.206955     -0.93602    -0.284669
  0.00767035    -0.820898    -0.571024
    0.978308    -0.112057     0.174233
    0.207014     0.559974    -0.802231
  0.00425038    -0.476591     0.879115
    -0.97426     0.196169     0.111059
   -0.225385    -0.856959     -0.46349
  0.00110451    -0.597014      0.80223
    -0.97299      0.18455     0.138681
   -0.230846    -0.780714    -0.580685
  0.00709524    -0.341583     0.939825
    -0.97573     0.203337    0.0812699
   -0.218861    -0.917592     -0.33185
  -0.0710238    -0.922254     0.380003
   -0.996073    0.0857667    0.0219837
  -0.0528663     -0.37695    -0.924724
  -0.0789287    -0.917804     0.389109
   -0.995514    0.0929967    0.0174197
  -0.0521738    -0.385989    -0.921027
   -0.099816    -0.888067     0.448746
   -0.994684     0.100537   -0.0222882
  -0.0253222    -0.448585    -0.893381
  -0.0912403    -0.915374      0.39213
    -0.99538    0.0956593  -0.00830005
  -0.0299133    -0.391075    -0.919872
   -0.127665    -0.923004    -0.362994
   -0.991758     0.122801    0.0365481
  -0.0108421    -0.364668     0.931074
   -0.114523    -0.888279     0.444798
   -0.993402    0.0996623   -0.0567434
  0.00607445    -0.448361    -0.893832
   -0.131473    -0.903437     0.408064
   -0.991278     0.116015   -0.0625235
  0.00914452    -0.412725     -0.91081
    -0.10144    -0.879676     0.464629
   -0.994821    0.0927244    -0.041641
 -0.00645187    -0.466447    -0.884526
   -0.157399    -0.836262    -0.525254
   -0.987322     0.122204     0.101302
   0.0205272     -0.53454     0.844894
   -0.130573    -0.909509     0.394645
   -0.991153     0.110197   -0.0739715
   -0.023789     0.400813     0.915851
  -0.0982539    -0.314478    -0.944166
   -0.992414   -0.0394901     0.116428
  -0.0738992     0.948443    -0.308212
   0.0956675     0.980493      -0.1717
    0.993312    -0.105236   -0.0474993
   0.0646418     0.166007     0.984004
   -0.105818    -0.837537     0.536036
   -0.994211    0.0992182   -0.0412399
  -0.0186447    -0.537297    -0.843187
  -0.0934996    -0.907621     0.409245
   -0.994913     0.100659  -0.00406465
  -0.0375051    -0.407543    -0.912415
    0.102697     0.709066    -0.697623
    0.993508    -0.107629    0.0368596
   0.0489485     0.696879     0.715516
  -0.0747811     -0.90459     0.419672
    -0.99544    0.0927071    0.0224504
   -0.059215     -0.41608    -0.907398
  -0.0878861     -0.94987    -0.300037
    -0.99401     0.103271   -0.0357762
  -0.0649678    -0.295095     0.953256
  -0.0598288    -0.823582     0.564033
    -0.99476    0.0961183    0.0348314
  -0.0829004    -0.558993    -0.825018
  -0.0445065     -0.92848     0.368705
   -0.995504    0.0721103    0.0614221
  -0.0836167    -0.364313    -0.927515
   0.0779406     0.152403     -0.98524
    0.993165    0.0742556    0.0900538
   0.0868841    -0.985525    -0.145573
  -0.0323365    -0.937129     0.347482
     -0.9939    0.0668247    0.0877287
   -0.105433    -0.342526    -0.933574
  -0.0135902    -0.933233     0.359014
   -0.990629    0.0613661     0.122018
   -0.135902    -0.353991    -0.925322
  -0.0161074    -0.920725     0.389878
   -0.991771    0.0642438     0.110742
    -0.12701    -0.384886    -0.914183
  6.3988e-05    -0.973526    -0.228576
   -0.987113    0.0365159    -0.155801
   -0.160023    -0.225641     0.960978
  0.00245833    -0.899476     0.436963
   -0.989279    0.0616163     0.132401
   -0.146016    -0.432604    -0.889681
    0.018882    -0.906125     0.422588
   -0.986458    0.0519891     0.155553
   -0.162921    -0.419803    -0.892873
    0.018655    -0.929168     0.369186
   -0.982699    0.0510132     0.178046
   -0.184268     -0.36612    -0.912141
-0.000183731    -0.944938    -0.327249
    -0.99006    0.0461985    -0.132844
   -0.140647    -0.323971     0.935554
   0.0211922     -0.95765     0.287153
   -0.988087     0.023729     0.152057
   -0.152432    -0.286955    -0.945739
   0.0183082    -0.944534     0.327904
    -0.99041    0.0277852     0.135334
   -0.136938    -0.327238    -0.934967
   0.0173352    -0.974173    -0.225135
    0.990682   -0.0136865     0.135504
    0.135085     0.225386    -0.964859
   0.0348922     0.995167   -0.0917917
    0.992246   -0.0454596    -0.115678
    0.119291    0.0870437     0.989036
   0.0569108    -0.856194     0.513511
    0.990315   -0.0168288    -0.137813
    0.126636     0.516381     0.846944
   0.0644283     0.979103     -0.19289
    0.992344   -0.0832696   -0.0912153
    0.105371     0.185536     0.976972
  -0.0421553    -0.912891      0.40602
   -0.993757    0.0803257    0.0774261
   -0.103295    -0.400221    -0.910578
   0.0307752    -0.696385     0.717008
    0.990643   -0.0741754    -0.114562
    0.132964     0.713825     0.687587
 -0.00377484    -0.958542    -0.284926
    0.990547   -0.0426541     0.130373
    0.137121     0.281741    -0.949642
   -0.442312     0.594574    -0.671448
   -0.886074    -0.173938     0.429672
    0.138682     0.785002     0.603771
    0.486391    0.0954871    -0.868508
     0.86413      -0.1996     0.461995
   -0.129239    -0.975214    -0.179597
    0.463182     0.115206    -0.878743
    0.880438    -0.173309     0.441354
   -0.101448    -0.978106    -0.181705
   -0.497378    -0.254429    -0.829386
   -0.862082     0.251965     0.439691
   0.0971062     0.933691    -0.344661
    0.521773     0.295604    -0.800232
     0.84448     -0.31187      0.43542
   -0.120856     -0.90297    -0.412357
   -0.472055    -0.342709    -0.812228
   -0.877869     0.267062     0.397522
    0.080681     0.900682    -0.426922
    0.520168     0.211623    -0.827431
    0.848217    -0.241175     0.471553
  -0.0997642    -0.947128    -0.304953
   -0.495522    -0.329952    -0.803486
   -0.864526     0.276793     0.419501
   0.0839834     0.902506    -0.422409
     0.50679     0.121086    -0.853523
    0.856521    -0.182873     0.482627
  -0.0976469    -0.975651    -0.196391
   -0.541097    -0.287975    -0.790117
   -0.831842     0.321264      0.45258
    0.123505     0.902142    -0.413385
   -0.524024    -0.461213    -0.716017
   -0.843238      0.39918     0.360006
    0.119781     0.792425    -0.598093
   -0.542528    -0.375029    -0.751676
   -0.827352     0.393468     0.400838
    0.145434     0.839367    -0.523748
   -0.472075    -0.350775    -0.808765
     -0.8785     0.263542     0.398477
   0.0733684     0.898611    -0.432568
    0.484057    0.0701836    -0.872218
    0.870471    -0.140314     0.471797
  -0.0892718    -0.987616    -0.129013
   -0.459099    -0.241467     -0.85494
   -0.884706     0.211759     0.415274
    0.080766     0.947023    -0.310846
   -0.447682    -0.327872    -0.831914
   -0.891939     0.229751     0.389434
   0.0634489     0.916359    -0.395297
   -0.438069    -0.311364    -0.843296
   -0.896469     0.220846     0.384149
   0.0666285     0.924273    -0.375874
    -0.40814    -0.282742    -0.868031
   -0.910798     0.190892      0.36607
   0.0621969     0.940009    -0.335432
   -0.400134  -0.00313488    -0.916451
    -0.91379    0.0775962     0.398707
   0.0698632      0.99698   -0.0339135
    0.433858     0.213201    -0.875393
    0.897265    -0.190392     0.398329
  -0.0817434    -0.958278    -0.273901
   -0.396076     0.612847    -0.683771
   -0.914024    -0.192052     0.357319
    0.087662     0.766508     0.636224
    0.368123     0.193235    -0.909475
    0.927854     -0.13923      0.34598
  -0.0597708    -0.971224    -0.230548
     0.36262    -0.622537    -0.693509
    0.929639     0.189411     0.316061
  -0.0654013    -0.759323     0.647419
   -0.321955     0.478046    -0.817201
   -0.944622    -0.104294     0.311146
   0.0635133     0.872121     0.485151
   -0.425311    -0.656481    -0.623012
   -0.898969     0.226784     0.374732
    0.104716    -0.719446     0.686609
    0.524574     0.100825    -0.845374
    0.832358    -0.269384     0.484368
   -0.178893     -0.95774    -0.225234
    0.511069    0.0922729    -0.854573
    0.847123    -0.222457     0.482593
   -0.145575    -0.970566    -0.191857
   -0.485709     0.314962    -0.815405
   -0.853382    0.0311325     0.520355
    0.189278     0.948593     0.253662
    0.501518    0.0405837    -0.864195
    0.837945    -0.271301     0.473544
   -0.215239    -0.961639    -0.170069
    0.469509    -0.053369    -0.881313
    0.867836    -0.155872     0.471768
    -0.16255    -0.986334   -0.0268679
    -0.45285     0.385398    -0.803987
   -0.859957    0.0492517     0.507984
    0.235374     0.921435     0.309122
    -0.42996     0.348207    -0.832998
   -0.879861    0.0452673     0.473071
    0.202434     0.936324     0.286911
    0.405782    -0.251289    -0.878746
    0.883772    -0.137223     0.447344
   -0.232997    -0.958136     0.166399
    0.479181   -0.0692138    -0.874983
    0.838174    -0.259764      0.47957
   -0.260482    -0.963189   -0.0664605
   -0.424198     0.500237    -0.754864
   -0.865168    0.0223363     0.500985
    0.267472       0.8656     0.423314
    0.448977   -0.0975874    -0.888198
     0.83982    -0.293386     0.456757
   -0.305159       -0.951   -0.0497677
   -0.417564    -0.649881    -0.635055
   -0.891017     0.155844     0.426382
    0.178128    -0.743887     0.644129
    0.388506     0.184092    -0.902869
    0.898939    -0.290962     0.327489
   -0.202413    -0.938856    -0.278528
     -0.3776    -0.772594     0.510408
   -0.910625     0.409766   -0.0534254
    0.167872     0.484964     0.858271
   -0.405967     0.577272    -0.708483
   -0.900949    -0.122817     0.416181
    0.153236     0.807263     0.569952
    0.449932    -0.123407    -0.884495
     0.88101    -0.100829     0.462227
   -0.146224    -0.987221    0.0633566
    -0.44053     0.566645    -0.696309
   -0.888864    -0.166525     0.426837
    0.125912     0.806959      0.57703
    0.479153   -0.0537558    -0.876084
    0.870632   -0.0975853     0.482159
   -0.111412    -0.993774  4.32629e-05
   -0.495204   -0.0207437    -0.868529
   -0.859296     0.158983     0.486143
    0.127997     0.987063   -0.0965542
    0.459084     0.153071    -0.875106
    0.882953    -0.187459      0.43041
  -0.0981635    -0.970272    -0.221214
    -0.38578    -0.715169     0.582844
   -0.920903     0.336698      -0.1964
   0.0557834      0.61251     0.788492
    -0.39447    -0.774173     0.495026
   -0.915992     0.374171    -0.144757
   0.0731577     0.510542     0.856735
    0.398837      0.86327     0.309343
    0.912731    -0.406295   -0.0429576
  -0.0886005     -0.29948      0.94998
   -0.415276    -0.639288     0.647191
   -0.905868     0.355799    -0.229804
   0.0833594     0.681702     0.726865
   -0.407446     -0.29374    -0.864699
    -0.91005     0.209538     0.357635
   0.0761355     0.932636    -0.352694
    0.421847     0.892533     0.159468
    0.901637    -0.431469    0.0297667
  -0.0953732    -0.131225     0.986754
   -0.426075    -0.604021    -0.673512
   -0.901629     0.344679     0.261269
   0.0743334     0.718578    -0.691462
    0.436753      0.20972    -0.874794
     0.89593    -0.188943     0.402008
  -0.0809772    -0.959332    -0.270416
   -0.432234    -0.330001     -0.83921
   -0.898984     0.230675     0.372312
   0.0707214     0.915362    -0.396371
   -0.419031    -0.440359    -0.794038
    -0.90518     0.271126     0.327321
   0.0711457     0.855905    -0.512215
   -0.420556    -0.431459    -0.798108
   -0.904059     0.273193     0.328698
   0.0762179     0.859773    -0.504957
   -0.413893    -0.443404    -0.795038
   -0.907285     0.272244     0.320495
   0.0743354     0.853977    -0.514974
     0.44474     0.284552    -0.849256
    0.891497    -0.231952     0.389143
   -0.086255    -0.930177    -0.356836
   -0.443867    -0.344752     -0.82712
   -0.893079     0.245833     0.376797
   0.0734319     0.905932    -0.417008
     0.42923     0.310748    -0.848055
    0.896565    -0.260158     0.358454
    -0.10924    -0.914195    -0.390274
   -0.399116    -0.682038     0.612806
    -0.90795      0.38714    -0.160463
      0.1278     0.620441      0.77377
    0.396044     0.886234     0.240289
    0.911718    -0.410645    0.0118485
   -0.109174    -0.214383     0.970629
   -0.369411    -0.776499     0.510475
   -0.923188     0.369389    -0.106186
     0.10611     0.510491     0.853311
   -0.372281    -0.766174     0.523816
   -0.918461     0.385335    -0.089138
     0.13355     0.514289     0.847155
   -0.374959    -0.659186     0.651827
   -0.923536     0.326696    -0.200873
   0.0805368     0.677306      0.73128
    0.394668     0.492323    -0.775794
    0.914833    -0.289164     0.281896
  -0.0855479    -0.820977    -0.564517
   -0.395141    -0.413566     -0.82026
   -0.915129     0.254998     0.312274
    0.080019     0.874036    -0.479227
   -0.362207    -0.463857    -0.808482
   -0.928299     0.257744     0.268009
   0.0840636     0.847588    -0.523955
    0.363347     0.475859     -0.80096
    0.926846    -0.271859     0.258939
  -0.0945296    -0.836451    -0.539827
   -0.375236    -0.376024    -0.847233
   -0.923926     0.225247     0.309233
   0.0745573     0.898816    -0.431939
    0.332229     0.532818    -0.778285
    0.939075    -0.263929      0.22018
   -0.088096    -0.804019    -0.588042
   -0.338124    -0.399377    -0.852156
   -0.937655     0.220383     0.268764
   0.0804624     0.889904    -0.448995
   -0.300805   0.00859544    -0.953647
   -0.949923    0.0860411     0.300406
    0.084635     0.996255   -0.0177166
    -0.33333    -0.479893    -0.811538
   -0.937545     0.259564     0.231596
   0.0995043     0.838051    -0.536441
     0.29691     0.263014     -0.91797
    0.950036     -0.17832     0.256189
  -0.0963112     -0.94817    -0.302818
   -0.309445    -0.482751    -0.819265
   -0.944336     0.257194     0.205134
    0.111682      0.83714    -0.535466
    0.341564     0.174556    -0.923507
    0.937404    -0.134232     0.321333
   -0.067874    -0.975455    -0.209478
    0.311228    0.0609628    -0.948378
    0.947731   -0.0937389      0.30499
  -0.0703069    -0.993729   -0.0869505
   -0.388909    -0.400281    -0.829774
   -0.918959     0.232389     0.318605
   0.0652984     0.886437     -0.45822
   -0.421258    -0.317147    -0.849682
   -0.904725     0.212399     0.369269
   0.0633587     0.924286    -0.376406
    -0.41106    -0.346817    -0.843058
   -0.908717     0.229486     0.348668
   0.0725456     0.909425    -0.409491
    0.440664   -0.0346356    -0.897004
    0.837148    -0.344847     0.424574
   -0.324034     -0.93802    -0.122966
   -0.414365    -0.309262    -0.855955
   -0.864082     0.428992     0.263302
    0.285769     0.848718    -0.444987
    0.416159     0.202795    -0.886389
    0.861816    -0.398838     0.313372
   -0.289975    -0.894317    -0.340752
    0.439472     0.171504    -0.881732
    0.836582      -0.4356      0.33224
   -0.327102    -0.883651    -0.334911
    0.393681     0.160475    -0.905131
    0.887386    -0.323333     0.328637
   -0.239921    -0.932579    -0.269694
   -0.433491    -0.326386    -0.839975
   -0.854186     0.445826     0.267592
    0.287144     0.833494    -0.472056
    0.412638    0.0959255     -0.90583
    0.881774    -0.291505      0.37081
   -0.228484    -0.951748     -0.20487
    0.432867     0.122856    -0.893047
    0.875011    -0.295465     0.383478
   -0.216752    -0.947421    -0.235398
   -0.448861    -0.258662    -0.855347
   -0.828218     0.479825     0.289522
    0.335529     0.838368    -0.429603
   -0.441837    -0.405469    -0.800234
   -0.852033     0.468833     0.232885
    0.280749     0.784723    -0.552621
    0.456674      0.88469     0.093659
    0.825733    -0.460695     0.325462
   -0.331081    0.0712924     0.940905
    0.391415     0.161761    -0.905885
    0.904924    -0.246374     0.347005
   -0.167055     -0.95558    -0.242816
    0.411223    0.0392443     -0.91069
    0.900485    -0.172583     0.399178
   -0.141504    -0.984213    -0.106309
    0.396595   -0.0565094    -0.916253
    0.915085    -0.055063     0.399485
  -0.0730263    -0.996883    0.0298732
   -0.370995    -0.417187     -0.82965
   -0.922556     0.267633     0.277962
     0.10608     0.868521    -0.484168
    0.368608     -0.11131    -0.922897
    0.906493    -0.176872     0.383389
    -0.20591    -0.977919    0.0357052
   -0.360686   -0.0135575    -0.932589
   -0.919542     0.172455     0.353133
    0.156042     0.984924   -0.0746688
    0.371945     0.365146     -0.85342
    0.904539    -0.349065     0.244872
   -0.208485    -0.863031    -0.460122
    0.388516    -0.193069    -0.900988
     0.88734     -0.18516     0.422307
   -0.248362    -0.963556    0.0993797
    0.359662     0.273039     -0.89224
    0.918045     -0.27453     0.286054
   -0.166843    -0.921999      -0.3494
    0.446817     0.871323    -0.202859
    0.835027    -0.324809     0.444105
   -0.321069     0.367827     0.872708
   -0.440303       -0.724    -0.530997
   -0.859879     0.169862     0.481409
    0.258344    -0.668559     0.697343
    0.433565     0.869174    -0.237817
    0.868476     -0.33265     0.367552
   -0.240357     0.365896     0.899082
     0.42146     0.862738     0.279383
    0.846311    -0.484869     0.220589
   -0.325775    -0.143475     0.934498
   -0.422947     0.611115     -0.66907
   -0.889737    -0.140156     0.434424
    0.171709     0.779035      0.60301
    0.403974     0.906807    -0.120444
    0.883075    -0.352223      0.31003
   -0.238714     0.231605     0.943067
   -0.405274     0.574709    -0.710959
   -0.900386    -0.116264     0.419271
      0.1583     0.810057     0.564578
    0.386709     0.888647    -0.246503
    0.911311    -0.327278     0.249804
   -0.141312     0.321242     0.936394
   -0.399801    -0.916592   0.00430422
   -0.859186      0.37639     0.346597
    0.319308    -0.134872     0.938004
    0.376988     0.904727    -0.198365
    0.898289    -0.304941     0.316367
   -0.225736     0.297456     0.927665
    0.381134     0.914984    -0.132444
     0.87271    -0.308782     0.378194
   -0.305145     0.259728     0.916203
   -0.406718    -0.691787    -0.596667
   -0.910423     0.252909     0.327363
   0.0755635    -0.676364     0.732681
   -0.384094    -0.748002    -0.541263
   -0.921246     0.271462     0.278592
   0.0614546    -0.605642     0.793361
   -0.379272      0.61674    -0.689771
   -0.925264    -0.257857     0.278202
 -0.00628362     0.743735     0.668446
   -0.407534    -0.642067    -0.649358
   -0.913044     0.273794     0.302303
   0.0163091    -0.716091     0.697816
   -0.422782     0.629897    -0.651525
   -0.900272    -0.209617     0.381538
    0.103759     0.747857     0.655701
   -0.414552     0.593279    -0.690048
   -0.909742    -0.251235     0.330532
    0.022733     0.764788     0.643881
    0.426908    -0.332482    -0.840955
    0.897033    0.0380814      0.44032
   -0.114374     -0.94234     0.314505
   -0.431675    -0.657041    -0.618024
    -0.88239     0.165397      0.44049
    0.187201    -0.735487     0.651164
   -0.402034      0.40121    -0.823042
   -0.914147    -0.124824     0.385688
   0.0520062     0.907441     0.416949
   -0.427421    -0.692308    -0.581395
   -0.894934     0.415119     0.163613
   -0.128078    -0.590242     0.797001
   -0.425859     0.486728    -0.762719
   -0.896313    -0.342064     0.282162
   -0.123562     0.803796     0.581932
    -0.41272     0.533831    -0.738029
    -0.90359    -0.342104     0.257855
   -0.114832     0.773298     0.623558
   -0.415395     0.453333    -0.788629
   -0.902587    -0.313176     0.295395
   -0.113067     0.834512     0.539264
   -0.426183     0.568959    -0.703316
   -0.896129    -0.371899     0.242166
    -0.12378     0.733469     0.668357
   -0.400856     0.482592    -0.778729
   -0.913467    -0.275434     0.299522
  -0.0699419     0.831409     0.551241
   -0.410084     0.429264    -0.804713
   -0.907594    -0.279153     0.313602
  -0.0900196     0.858956     0.504074
   -0.399704     0.496324    -0.770649
   -0.915259    -0.262296     0.305781
  -0.0503715     0.827565     0.559105
    0.389388     0.188165    -0.901649
    0.920231   -0.0376043     0.389565
   0.0393965    -0.981417    -0.187798
   -0.421351    -0.678626    -0.601606
   -0.900852     0.389663     0.191386
   -0.104544    -0.622599     0.775526
     -0.3988    -0.562331    -0.724391
   -0.914677     0.187274     0.358181
  -0.0657564     0.805427    -0.589036
   -0.409576     0.404137    -0.817876
   -0.909382    -0.252219     0.330771
  -0.0726072     0.879238     0.470818
   -0.402542       0.4984    -0.767827
   -0.915326    -0.229898     0.330642
  -0.0117298     0.835909     0.548742
   -0.382619     -0.40876    -0.828564
   -0.923714     0.187525     0.334046
   0.0188314     0.893168    -0.449328
   -0.406815     0.633734    -0.657938
   -0.912728    -0.311779     0.264047
  -0.0377964     0.707937     0.705263
   -0.400525     0.530136    -0.747353
   -0.914942    -0.275558     0.294872
  -0.0496171     0.801888     0.595411
    -0.40224     0.354163    -0.844258
    -0.91079    -0.248551     0.329672
  -0.0930834     0.901549     0.422545
   -0.392906     0.554102    -0.733891
   -0.915016    -0.314978     0.252061
  -0.0914919     0.770558     0.630769
   -0.381801     0.525402    -0.760382
    -0.92241    -0.268418     0.277689
   -0.058202     0.807406     0.587119
   -0.407707    -0.694565    -0.592751
   -0.905988     0.388644     0.167758
    -0.11385    -0.605421      0.78772
    0.387029    -0.289319    -0.875502
     0.92155      0.15319     0.356762
   0.0309004    -0.944896     0.325911
    0.370593    -0.279127    -0.885861
    0.928788     0.115167     0.352263
  0.00369541    -0.953323      0.30193
     0.36531    0.0322156    -0.930328
    0.930427    -0.044017     0.363824
  -0.0292294    -0.998511   -0.0460541
   -0.381108    -0.457839    -0.803206
   -0.924527     0.191249     0.329657
  0.00268265     0.868221    -0.496171
    0.351195    0.0630448    -0.934177
    0.934092   -0.0921154     0.344946
  -0.0643051    -0.993751     -0.09124
    -0.36679    -0.421487    -0.829346
   -0.928508     0.221218     0.298219
    0.057771     0.879438    -0.472495
   -0.356762    -0.679686     0.640897
    -0.92963     0.326037    -0.171719
   0.0922414      0.65706     0.748174
   -0.380233    -0.640107    -0.667597
   -0.924268     0.289469     0.248871
   0.0339441     0.711667    -0.701696
   -0.352609    -0.474232    -0.806704
   -0.926977     0.294926     0.231805
    0.127989     0.829532    -0.543595
   -0.351703    -0.506776    -0.787073
   -0.930436      0.28169     0.234392
    0.102926     0.814757    -0.570594
   -0.362882    -0.637756      -0.6794
   -0.929559     0.298684     0.216121
   0.0650938     0.709968    -0.701219
   -0.370665    -0.346147    -0.861853
   -0.928684     0.150483     0.338969
   0.0123607     0.926033    -0.377239
    0.665508   -0.0660779     -0.74346
    0.582781    -0.576327     0.572899
   -0.466332    -0.814544    -0.345041
    0.673521    0.0683779    -0.735999
    0.582611    -0.661891     0.471661
     -0.4549    -0.746475    -0.485635
    0.669151     0.141477    -0.729535
    0.624424    -0.639301     0.448763
   -0.402903     -0.75583    -0.516131
   -0.670977     -0.18143    -0.718939
   -0.622526     0.664572     0.413286
    0.402805     0.724863    -0.558857
    0.676533     0.114062    -0.727525
    0.580673    -0.690219     0.431761
   -0.452904    -0.714554    -0.533188
   -0.665008    -0.268552    -0.696882
   -0.654341     0.659308      0.37034
    0.360004     0.702277     -0.61417
    -0.66749    -0.286553    -0.687273
   -0.617107     0.729397     0.295227
    0.416697     0.621182    -0.663699
   -0.660122    -0.315777    -0.681559
   -0.656003     0.684359     0.318295
