  -0.0553914    -0.826697     0.559914
   -0.993072   -0.0125916    -0.116834
    0.103637    -0.562506    -0.820272
  -0.0739506    -0.886927     0.455951
   -0.993273    0.0246518    -0.113145
   0.0891117     -0.46125    -0.882784
  -0.0986614    -0.882307     0.460217
   -0.992248    0.0521045    -0.112826
   0.0755676    -0.467781    -0.880608
   -0.114347     -0.85619     0.503849
   -0.990951    0.0624164    -0.118828
   0.0702911    -0.512878    -0.855579
   -0.132722    -0.936004      0.32601
   -0.989414     0.105638   -0.0995035
   0.0586967    -0.335765    -0.940115
   -0.142327    -0.886294     -0.44071
   -0.988845     0.107557     0.103043
    0.043925     -0.45046     0.891716
   -0.152908    -0.848903    -0.505948
   -0.987589     0.112676     0.109417
   0.0358766    -0.516399     0.855596
   -0.144205    -0.884909     0.442879
   -0.988396      0.10722    -0.107595
   0.0477264    -0.453255    -0.890102
   -0.149766     0.425771    -0.892351
   -0.988503   -0.0454958     0.144196
   0.0207963     0.903687     0.427689
   -0.143344    -0.854788     0.498789
   -0.988733     0.101728    -0.109813
   0.0431258     -0.50891    -0.859739
   -0.134235    -0.873048     0.468795
   -0.990922     0.114711   -0.0701116
  0.00743463    -0.473951     -0.88052
   -0.130345    -0.870464     0.474661
   -0.991172      0.10269   -0.0838614
   0.0242553    -0.481402    -0.876164
    0.141054     0.986134    -0.087422
    0.976201    -0.123851     0.178026
   -0.164731     0.110453     0.980135
    0.170264     0.982315    0.0778917
    0.968872    -0.181301     0.168571
   -0.179712   -0.0467655     0.982607
    0.148147     0.980895     0.126084
    0.974986    -0.166221     0.147554
   -0.165693     -0.10107     0.980985
   -0.174707    -0.917241     0.357976
   -0.968263     0.226042     0.106634
    0.178727     0.327986     0.927622
    0.193951     0.939574     0.282106
    0.962264    -0.238159     0.131638
    -0.19087    -0.245929     0.950309
   -0.153792    -0.870016     0.468424
   -0.974371      0.21229    0.0743878
     0.16416     0.444978     0.880367
     0.19369     0.614337    -0.764902
    0.962967    -0.268109    0.0285113
   -0.187561    -0.742097    -0.643516
     0.17494     0.961789     0.210612
    0.969497    -0.205571     0.133479
   -0.171674    -0.180837     0.968414
    0.189189     0.639116    -0.745479
    0.966682     -0.25454     0.027104
   -0.172431    -0.725769    -0.665978
    0.208546     0.667994     0.714348
    0.957953    -0.286691   -0.0115765
   -0.197064    -0.686726     0.699695
    0.205139     0.664656    -0.718436
    0.961272    -0.274863    0.0201898
   -0.184052    -0.694753      -0.6953
    0.213854     0.697791     0.683633
    0.958161    -0.286127  -0.00768028
   -0.190247    -0.656673     0.729785
    0.155755     0.314204    -0.936492
    0.975484    -0.198143     0.095761
   -0.155471    -0.928448    -0.337362
   -0.174087    -0.564713    -0.806717
    -0.97195     0.230095    0.0486742
    0.158135     0.792562     -0.58893
   -0.156938    -0.498178    -0.852754
   -0.977525     0.201428     0.062226
    0.140769     0.843354    -0.518593
    0.135982     0.154529    -0.978586
     0.98111     -0.15819     0.111353
   -0.137595    -0.975242    -0.173121
    -0.13275    -0.802154     0.582174
   -0.980025     0.193987     0.043818
    0.148083     0.564729     0.811882
    0.104607     0.933462    -0.343082
    0.985856    -0.051909     0.159355
   -0.130943     0.354899     0.925689
  -0.0986895    -0.947989    -0.302617
   -0.986158    0.0524515     0.157294
     0.13324    -0.313952     0.940043
   -0.119739    -0.942221     -0.31286
   -0.981671    0.0652996      0.17905
    0.148275    -0.328565      0.93277
   0.0960924     0.994518   -0.0412407
    0.985976   -0.0894238     0.140908
   -0.136448    0.0542025     0.989163
    0.080816      0.95517    -0.284814
    0.989635   -0.0428634      0.13706
   -0.118707     0.292939     0.948734
  -0.0758834    -0.997082    0.0083771
   -0.989426    0.0763369     0.123324
    0.123603   -0.0010697     0.992331
  -0.0611342    -0.986079    -0.154633
    -0.99197    0.0428381     0.119002
    0.110721    -0.160666     0.980779
    0.117922     0.990341    -0.072932
    0.981534    -0.105103     0.159828
   -0.150619    0.0904326     0.984447
    0.207826     0.639711    -0.739985
    0.962913     -0.26687    0.0397292
   -0.172065    -0.720799    -0.671448
    0.204264     0.589316    -0.781654
    0.964239    -0.258878    0.0568012
   -0.168879    -0.765303    -0.621121
    0.192792     0.653911    -0.731596
    0.970334    -0.237904    0.0430631
    -0.14589    -0.718194    -0.680377
    0.192219      0.71472     0.672479
     0.97034    -0.240793   -0.0214397
   -0.146605    -0.656654     0.739806
   -0.191785    -0.582885    -0.789597
   -0.971066     0.229348    0.0665565
    0.142298     0.779516    -0.610006
   -0.174271    -0.478128    -0.860827
   -0.977866     0.186829    0.0941949
     0.11579     0.858189    -0.500104
   -0.178681    -0.438386    -0.880847
   -0.977539     0.180788     0.108319
    0.111761     0.880416    -0.460843
   -0.160319    -0.556848    -0.814995
   -0.983841     0.156832    0.0863773
   0.0797182     0.815674    -0.572993
    0.170803     0.279386    -0.944865
    0.978663    -0.159264      0.12982
   -0.114213    -0.946878    -0.300628
    0.155123     0.630691    -0.760372
    0.984663    -0.160922    0.0674042
   -0.079849    -0.759166    -0.645981
    0.150106     0.712157     0.685785
    0.985562    -0.162743   -0.0467207
  -0.0783346    -0.682897     0.726303
    0.178955     0.688128     0.703175
    0.977992     -0.20234   -0.0508854
   -0.107265    -0.696806     0.709194
   -0.167557    -0.828685     0.534047
   -0.983287     0.179606   -0.0298089
   0.0712161     0.530116     0.844929
   -0.170809     -0.75773     0.629817
   -0.983125      0.17356   -0.0578181
   0.0655007     0.629065     0.774588
    0.179311     0.202482     -0.96273
    0.978865    -0.134538     0.154021
  -0.0983377        -0.97    -0.222327
   -0.187917    -0.496269    -0.847587
   -0.972877     0.212573    0.0912315
    0.134899     0.841742    -0.522755
   -0.181162    -0.414058    -0.892041
   -0.975641     0.189768     0.110055
    0.123711      0.89025     -0.43835
   -0.188941    -0.472815    -0.860667
   -0.970354     0.224413    0.0897374
    0.150716     0.852106    -0.501198
    -0.19811    -0.531133    -0.823802
   -0.966708     0.244741    0.0746833
    0.161952     0.811172    -0.561936
   -0.175674    -0.720334     0.671013
   -0.975422     0.219456   -0.0197831
    0.133007     0.657996     0.741182
   -0.159734    -0.924417     0.346321
   -0.985742     0.130569    -0.106134
   0.0528936    -0.358337    -0.932093
    -0.15648    -0.900016     0.406799
   -0.985733     0.116457    -0.121521
   0.0619965    -0.420012    -0.905399
    -0.16487    -0.907554    -0.386218
   -0.983172     0.119981     0.137762
   0.0786875    -0.402431     0.912062
     -0.1507    -0.869042     0.471227
   -0.986143    0.0987079    -0.133334
   0.0693586    -0.484791    -0.871876
   -0.152011    -0.934459     0.321992
   -0.984474      0.11422    -0.133285
   0.0877716    -0.337254    -0.937313
   -0.131207    -0.943155     0.305358
   -0.987225    0.0962219    -0.126993
   0.0903923     -0.31812    -0.943732
   -0.129556    -0.916649     0.378114
   -0.988417    0.0889905    -0.122931
   0.0790359    -0.389661    -0.917561
   -0.161307    -0.539214    -0.826576
   -0.979917     0.186998    0.0692442
    0.117231     0.821146    -0.558549
   -0.139059    -0.737807    -0.660532
   -0.983353    0.0241002     0.180102
    0.116961    -0.674581     0.728876
    -0.17459    -0.379644    -0.908509
   -0.979092     0.164758     0.119305
    0.104391     0.910343    -0.400472
   -0.177801    -0.862037     0.474636
   -0.980526     0.196072   -0.0112026
   0.0834056     0.467384     0.880111
    0.172325     0.926766    -0.333779
     0.98288    -0.139344     0.120545
   -0.065207     0.348837     0.934912
   -0.169942     0.511486    -0.842319
   -0.984606   -0.0526769     0.166661
   0.0408742     0.857675     0.512564
    0.172516      0.64638    -0.743257
    0.983395    -0.156171    0.0924387
  -0.0563244    -0.746863    -0.662589
   -0.155412    -0.911712       0.3803
    -0.98733     0.130874   -0.0897274
   0.0320341    -0.389427      -0.9205
   -0.116697    -0.843543      0.52423
   -0.990275      0.05857    -0.126197
   0.0757481    -0.533859    -0.842174
  -0.0941371    -0.862329     0.497521
   -0.992327    0.0410402    -0.116628
   0.0801529    -0.504683    -0.859576
  -0.0982053    -0.928175     0.358952
   -0.990954    0.0580546    -0.120997
   0.0914673    -0.367587     -0.92548
  -0.0676468    -0.883026     0.464423
   -0.993583    0.0173312    -0.111771
   0.0906474    -0.469003    -0.878532
  -0.0722258     -0.83378     0.547352
   -0.992832   0.00770904    -0.119266
    0.095222    -0.552043    -0.828361
  -0.0551709    -0.759063     0.648676
   -0.993158   -0.0252482    -0.114014
    0.102922    -0.650528    -0.752476
  -0.0541369    -0.908263     0.414884
    -0.99288   0.00481454    -0.119018
    0.106102    -0.418373    -0.902057
  -0.0680036    -0.970868    -0.229762
   -0.992469    0.0423106      0.11496
     0.10189     -0.23585     0.966433
  -0.0523835    -0.957381     0.284039
   -0.993611    0.0214946    -0.110796
   0.0999684    -0.288028     -0.95239
  -0.0884647    -0.915261     0.393029
   -0.990396    0.0387346     -0.13272
     0.10625    -0.400996    -0.909897
    0.120959     0.961374    -0.247242
     0.98623   -0.0880908     0.139965
   -0.112779     0.260767     0.958792
   -0.119589    -0.918707     0.376399
   -0.988457     0.074657    -0.131831
    0.093013     -0.38782     -0.91703
   -0.123977    -0.560617    -0.818742
   -0.991592     0.100821     0.081115
   0.0370723     0.821915    -0.568403
   -0.129922    -0.395078    -0.909414
   -0.990819    0.0863055     0.104058
   0.0373764     0.914585    -0.402664
    0.098253     0.177606    -0.979185
    0.995147   -0.0122804    0.0976273
  0.00531434    -0.984025     -0.17795
   0.0941561     0.277749    -0.956028
    0.995548   -0.0220551    0.0916407
  0.00436776      -0.9604    -0.278589
    0.103513     0.113579    -0.988122
    0.994608  -0.00554817     0.103555
  0.00627937    -0.993514    -0.113541
    0.078903     0.724005     0.685267
    0.995867   -0.0262289   -0.0869544
   0.0449817    -0.689295     0.723083
  -0.0823675    -0.586863    -0.805486
   -0.995505    0.0105417    0.0941181
  -0.0467433     0.809618    -0.585093
   0.0637971     0.698104     0.713148
    0.993878    0.0201469    -0.108633
   0.0902046    -0.715713     0.692545
  -0.0723985     0.406098    -0.910957
   -0.996372   -0.0704067    0.0478001
   -0.044726     0.911113     0.409722
   0.0596037    -0.847314    -0.527737
    0.994416   0.00427555     0.105447
   0.0870901     0.531075    -0.842837
   0.0592322   -0.0609447    -0.996382
    0.995228    0.0811353    0.0542009
   0.0775385    -0.994838    0.0654597
  -0.0879289    -0.905698     0.414705
   -0.994784    0.0582286   -0.0837529
  -0.0517072     0.419906     0.906094
  -0.0675492    -0.338471    -0.938549
   -0.993501   -0.0635609    0.0944263
  -0.0916156     0.938828    -0.331978
   0.0751402     0.108084    -0.991298
    0.992942     0.083372    0.0843551
    0.091764     -0.99064    -0.101057
   0.0954974     0.994087   -0.0516785
    0.993749   -0.0982228     -0.05305
   0.0578124    0.0462894     0.997254
   -0.114171    -0.993426  -0.00831684
   -0.993316     0.114294   -0.0161221
  -0.0169666  -0.00642058     0.999835
    0.130637     0.979534     0.153125
    0.991287    -0.126428   -0.0369532
   0.0168376    -0.156618     0.987516
   -0.144191      -0.8147      0.56167
   -0.989082     0.136102    -0.056501
   0.0304128     0.563685      0.82543
    0.135664     0.282845    -0.949523
    0.990034   -0.0752421     0.119039
  -0.0377744     -0.95621    -0.290234
    -0.15074    -0.516291    -0.843043
   -0.988205     0.101967      0.11425
   0.0269764     0.850321    -0.525572
   0.0431567    -0.341147     0.939019
     0.99215   -0.0957843   -0.0803973
    0.117371     0.935117     0.334336
   -0.038461    -0.657557    -0.752422
   -0.990799   -0.0726863     0.114168
   -0.129763      0.74989    -0.648711
   0.0310042    0.0542331     0.998047
    0.987078     0.155396   -0.0391075
    0.157213    -0.986363    0.0487144
   0.0330947    0.0676203    -0.997162
    0.988359     0.146023    0.0427048
    0.148496    -0.986967   -0.0620006
  -0.0242027    -0.734788     0.677865
   -0.986415     0.127757     0.103266
   -0.162481    -0.666157    -0.727898
   0.0211429     0.982173    -0.186785
    0.982325   -0.0551633    -0.178873
    0.185988     0.179701     0.965979
   0.0161761     0.998365    -0.054833
    0.981948   -0.0261986    -0.187326
    0.188456     0.050813     0.980766
  -0.0110842    -0.976286      -0.2162
   -0.975395    0.0581662    -0.212652
   -0.220185    -0.208523      0.95291
   0.0218607    -0.190509    -0.981442
    0.983242     0.181813   -0.0133912
     0.18099    -0.964702     0.191291
   0.0153652    -0.994151    -0.106903
    0.976837  -0.00789675     0.213837
     0.21343     0.107713    -0.971002
 -0.00949916    -0.777178     -0.62921
   -0.977655     0.139366    -0.157381
   -0.210003    -0.613655     0.761135
 -0.00897612    -0.980097    -0.198317
   -0.981318    0.0467496    -0.186624
   -0.192181    -0.192937     0.962207
 -0.00263296    -0.999773   -0.0211617
   -0.975436   0.00722894    -0.220163
   -0.220266   -0.0200622     0.975234
 -0.00603788     0.999982  0.000673217
    0.976071   0.00574717     0.217378
     0.21737   0.00196961    -0.976087
 0.000159346    -0.953444    -0.301571
    0.980443    -0.059202      0.18769
    0.196806     0.295703    -0.934787
   0.0216368    -0.542309       0.8399
    0.987075    -0.121843      -0.1041
     0.15879     0.831297     0.532664
   0.0189845    -0.815099     0.579011
    0.986311   -0.0796062    -0.144404
    0.163796     0.573826      0.80243
   0.0357765    0.0760619    -0.996461
    0.989854     0.134501     0.045806
    0.137509     -0.98799   -0.0704783
   0.0398302    -0.252406     0.966801
    0.990654    -0.116346   -0.0711879
    0.130452     0.960601     0.245413
   0.0469606     -0.55885     0.827938
    0.991486    -0.074699    -0.106658
    0.121452     0.825897     0.550584
   0.0156251    -0.913132    -0.407365
   -0.979766     0.067321    -0.188484
   -0.199535    -0.402068     0.893604
  -0.0190324    -0.952891    -0.302714
   -0.983969    0.0715484    -0.163358
   -0.177321    -0.294752     0.938977
 -0.00900895    -0.996504   -0.0830528
   -0.982683    0.0241951    -0.183709
   -0.185076   -0.0799595     0.979466
    0.038538    -0.880063    -0.473291
     0.98646   -0.0420535      0.15852
    0.159411     0.472991    -0.866526
   0.0482542     0.997224   -0.0567108
    0.987363   -0.0562033    -0.148171
    0.150947    0.0488443     0.987334
   0.0277702    -0.848744     0.528074
    0.986231   -0.0628937    -0.152949
    0.163027      0.52505     0.835311
   0.0787422    -0.663168     0.744317
    0.989392   -0.0394437    -0.139812
    0.122078      0.74743     0.653028
   0.0569935    -0.894471      0.44348
    0.989779   -0.0075406     -0.14241
    0.130725     0.447063     0.884898
   0.0967625     0.248403    -0.963812
    0.990578    0.0702546     0.117556
   0.0969136    -0.966106    -0.239264
  -0.0764714     -0.91659    -0.392448
   -0.989868     0.117021   -0.0804267
   -0.119643    -0.382321     0.916251
   0.0999114     0.963881     0.246884
    0.990567   -0.0729685    -0.115989
   0.0937851    -0.256144     0.962078
  -0.0949492     -0.94123     0.324145
   -0.991532     0.118397    0.0533518
  -0.0885942    -0.316335    -0.944502
   0.0502331    -0.743735     0.666585
    0.990428   -0.0488229    -0.129111
    0.128569      0.66669     0.734163
   0.0839291     0.679338    -0.729011
    0.991951    0.0126534     0.125992
   0.0948155    -0.733717    -0.672807
   0.0189221    -0.836195     0.548106
    0.986127   -0.0748109    -0.148176
    0.164908     0.543306     0.823179
 -0.00393925    -0.943502    -0.331342
    0.980242   -0.0691718     0.185314
    0.197764     0.324066    -0.925133
 0.000893249    -0.993662    -0.112408
    0.981753   -0.0205043     0.189054
    0.190161     0.110526    -0.975512
   0.0176273    -0.950775    -0.309382
   -0.977116    0.0492205    -0.206934
   -0.211975     -0.30595     0.928149
   0.0137602    -0.988582    -0.150055
   -0.976334     0.019109    -0.215424
   -0.215832    -0.149468     0.964923
   0.0171446    -0.870294     0.492235
   -0.978666    0.0862046     0.186501
   -0.204743    -0.484931    -0.850248
   -0.116876    -0.917529     0.380107
   -0.991637     0.128906   0.00625313
  -0.0547356    -0.376197    -0.924921
   -0.125997    -0.896214     0.425353
   -0.990149     0.140006   0.00169173
  -0.0610683     -0.42095    -0.905026
   -0.140438    -0.829523     0.540526
   -0.989737      0.13219   -0.0542849
  -0.0264214    -0.542602    -0.839574
    -0.13132    -0.839833     0.526722
   -0.991016     0.124802   -0.0480853
  -0.0253523    -0.528304    -0.848677
    0.137738     0.965244     0.222109
    0.990029     -0.12749   -0.0599089
     0.02951    -0.228146      0.97318
    -0.15317    -0.828331     0.538895
   -0.988156     0.123272   -0.0913827
  0.00926442    -0.546509    -0.837402
   -0.159459    -0.740399     -0.65298
   -0.987178     0.114705      0.11101
  0.00729207    -0.662309     0.749196
   -0.132371    -0.860758     0.491502
   -0.991183     0.117836     -0.06058
 -0.00577195    -0.495188    -0.868767
     0.15713     0.948523     0.274981
    0.987445    -0.155464   -0.0279861
  -0.0162043    -0.275926     0.961042
     0.13671     0.973132     0.185266
    0.990436    -0.130754   -0.0440552
   0.0186472    -0.189517       0.9817
    0.107456     0.975233    -0.193321
    0.992403    -0.116932   -0.0382584
   0.0599162     0.187741     0.980389
    0.113145     0.985139     0.129227
    0.991355    -0.103236   -0.0809808
   0.0664365    -0.137272     0.988303
   -0.135651    -0.876108     0.462637
   -0.990725     0.123674   -0.0562877
 -0.00790231    -0.465982    -0.884759
   -0.122177    -0.906043     0.405165
   -0.991783     0.127059   -0.0149368
  -0.0379467    -0.403661    -0.914121
   -0.126982    -0.846183    -0.517543
   -0.991373     0.125359    0.0382754
  -0.0324908    -0.517938     0.854801
   -0.114498    -0.935135     0.335281
   -0.992067     0.125262      0.01058
  -0.0518917     -0.33141    -0.942059
   -0.105971    -0.860503     0.498302
   -0.992638     0.121104   -0.0019677
  -0.0586532    -0.494842    -0.867001
  -0.0924544    -0.898976     0.428129
   -0.993242     0.113563     0.023966
  -0.0701644     -0.42302      -0.9034
  -0.0877596    -0.908492     0.408584
    -0.99348     0.109785    0.0307199
  -0.0727654    -0.403225    -0.912203
  -0.0918749     -0.90577     -0.41369
   -0.991829     0.120169   -0.0428382
  -0.0885144    -0.406373      0.90941
  -0.0666347    -0.883461     0.463743
   -0.991001     0.112674    0.0722553
   -0.116086    -0.454755    -0.883019
   0.0484314     0.994177   -0.0962652
    0.988423   -0.0615781    -0.138667
    0.143787    0.0884349     0.985649
  -0.0378474    -0.948676     0.313978
   -0.989482    0.0794783     0.120868
   -0.139619    -0.306101    -0.941705
  -0.0246139    -0.903622     0.427624
   -0.985371    0.0940868     0.142099
   -0.168638     -0.41787    -0.892718
  -0.0203729     -0.96763     0.251549
   -0.987407    0.0589536     0.146806
   -0.156883     -0.24539    -0.956646
  0.00121236    -0.980094    -0.198531
   -0.985066    0.0330113    -0.168983
   -0.172173    -0.195771     0.965417
   0.0048686    -0.886738    -0.462247
   -0.982384    0.0821142    -0.167868
   -0.186812    -0.454921     0.870717
  -0.0144265    -0.888198     0.459233
   -0.989683    0.0781611      0.12008
   -0.142549    -0.452763    -0.880162
   0.0114447    -0.929628     0.368322
    -0.98784    0.0466045     0.148322
    -0.15505    -0.365541     -0.91779
  0.00375894    -0.978693    -0.205296
   -0.990561    0.0244866     -0.13487
   -0.137024    -0.203865     0.969362
  -0.0268077    -0.954103    -0.298276
   -0.989415     0.067894     -0.12825
   -0.142615    -0.291681     0.945824
  -0.0480281    -0.945813     0.321139
   -0.990327    0.0869908     0.108095
   -0.130174    -0.312841    -0.940843
   0.0644432     0.984956      0.16034
    0.990194   -0.0431571    -0.132864
    0.123945     -0.16733     0.978079
    0.083238     0.982927    -0.164094
     0.99091   -0.0991015   -0.0909733
    0.105682      0.15503     0.982241
  -0.0712463    -0.951919     0.297951
   -0.991049     0.101366    0.0868711
   -0.112896    -0.289095     -0.95062
    0.037083    -0.522345     0.851928
    0.989578   -0.0995086    -0.104087
    0.139143     0.846908     0.513211
  0.00426408    -0.901393     0.432981
   -0.990588     0.055431     0.125153
   -0.136813     -0.42944    -0.892672
   -0.475896     0.559174    -0.678857
   -0.870354    -0.188386     0.454967
    0.126518     0.807363     0.576332
   -0.518883    -0.354354    -0.777942
   -0.847988     0.328403     0.416015
    0.108062     0.875548     -0.47089
   -0.481433    -0.552669    -0.680278
   -0.872977     0.371702      0.31583
   0.0783109     0.745919    -0.661417
   -0.516144    -0.400337    -0.757183
   -0.852987      0.32027     0.412118
   0.0775164     0.858579    -0.506788
   -0.537977    -0.322186    -0.778959
   -0.836788     0.315725     0.447329
    0.101814     0.892476    -0.439454
    0.498227     0.238681    -0.833547
    0.865682    -0.190845     0.462787
  -0.0486196     -0.95216    -0.301706
    0.535314    0.0827641    -0.840588
    0.841141    -0.142893     0.521597
   -0.076945    -0.986272    -0.146109
    0.513499     0.119749    -0.849694
    0.856438    -0.132946     0.498838
  -0.0532286    -0.983863    -0.170825
    0.517693   -0.0745037    -0.852316
    0.852934   -0.0331439     0.520965
  -0.0670629     -0.99667    0.0463884
    0.551118    -0.101402    -0.828243
    0.828976   -0.0467367     0.557328
  -0.0952236    -0.993747    0.0583026
    0.538286   -0.0717681    -0.839701
    0.838143    -0.058591     0.542295
  -0.0881184    -0.995699    0.0286131
    0.554018    -0.294278    -0.778759
    0.825895     0.076642      0.55859
   -0.104695    -0.952642     0.285504
    0.488349     0.120409    -0.864302
    0.872117    -0.101892      0.47857
  -0.0304415    -0.987482    -0.154769
   -0.496168     -0.58776    -0.639027
   -0.866945     0.375376     0.327872
   0.0471654     0.716681    -0.695804
   -0.479907    -0.755465     0.446052
   -0.876737       0.4315    -0.212462
   0.0319643     0.493032     0.869424
   -0.466972    -0.802651     0.371064
   -0.884055     0.433058    -0.175804
   0.0195828     0.410137     0.911814
   -0.468607    -0.551117    -0.690419
      -0.883     0.315925     0.347134
   0.0268091     0.772309    -0.634681
   -0.446423    -0.761878     0.469306
   -0.894683     0.389275    -0.219106
   0.0157572     0.517694     0.855421
   -0.430904    -0.656859     0.618755
   -0.901662     0.341084    -0.265833
   0.0364325     0.672456      0.73924
    0.457659     0.390283    -0.798891
    0.887455    -0.255609     0.383521
  -0.0545214    -0.884502     -0.46334
   -0.418151    -0.792408    -0.444117
   -0.906077     0.329066      0.26597
    0.064613     -0.51362     0.855582
     0.39488     0.210844    -0.894212
    0.918272    -0.121403     0.376879
  -0.0290977    -0.969952    -0.241552
    0.372746     -0.14942    -0.915824
    0.926543   0.00593576     0.376141
  -0.0507667    -0.988756     0.140656
     0.34097   -0.0360155    -0.939384
     0.93937   -0.0256178     0.341947
  -0.0363804    -0.999023     0.025097
   -0.436642    -0.647916     0.624138
   -0.894439     0.387114     -0.22388
   0.0965571     0.656009     0.748551
    0.548941     0.164132    -0.819588
    0.826263    -0.254722     0.502401
   -0.126307    -0.952983    -0.275444
    0.530191     0.265305    -0.805302
    0.841561    -0.280393     0.461688
   -0.103313    -0.922493    -0.371932
    0.517776     0.106682    -0.848839
    0.845823    -0.212769     0.489196
   -0.128418    -0.971261    -0.200401
    0.536969    -0.413014    -0.735584
    0.830056     0.103038     0.548078
   -0.150571    -0.904877     0.398154
    0.497705    -0.406687    -0.766091
    0.860291      0.11904     0.495711
   -0.110404    -0.905779     0.409116
    0.504968    -0.268442    -0.820333
    0.849463   -0.0139469     0.527463
   -0.153035    -0.963195     0.220989
   -0.490268     0.264665    -0.830416
   -0.861754  -0.00459165     0.507306
    0.130453     0.964329     0.230328
   -0.477934     0.379958    -0.791967
   -0.865093    -0.047284     0.499378
    0.152295     0.923794     0.351298
    0.526876     0.849491    0.0276973
    0.831171    -0.521777     0.192103
   -0.177641    0.0781932     0.980984
    0.496161     0.186524    -0.847958
    0.849688    -0.305082     0.430065
   -0.178479    -0.933881    -0.309857
   -0.517517    -0.656383    -0.548941
   -0.831409     0.234037     0.503971
    0.202325    -0.717208     0.666841
    0.469657   -0.0755354    -0.879612
    0.876308   -0.0811708     0.474864
   -0.107268    -0.993834    0.0280698
    0.460292    -0.132729     -0.87779
    0.879306   -0.0680312     0.471373
   -0.122282    -0.988815    0.0853954
   -0.442779    -0.683446     0.580386
   -0.890763     0.409224    -0.197677
    0.102406     0.604514     0.789985
   -0.454741    -0.561573    -0.691265
   -0.886608     0.359062     0.291549
   0.0844805      0.74546    -0.661175
    0.480172     0.767941    -0.423913
    0.872852    -0.370391     0.317709
  -0.0869685     0.522569      0.84815
   -0.464789    -0.587837    -0.662131
   -0.882708     0.366135     0.294572
   0.0692692     0.721382    -0.689064
   -0.489114    -0.749657     0.445849
   -0.869517     0.459293    -0.181633
   0.0686129     0.476513     0.876486
    0.509312    -0.295603    -0.808221
    0.855938    0.0765676     0.511377
  -0.0892813    -0.952237     0.292015
   -0.470854    -0.694534     0.543985
   -0.880726     0.405824    -0.244188
   0.0511654     0.594078     0.802778
   -0.419398    -0.579968    -0.698386
   -0.905596     0.320889     0.277354
   0.0632481     0.748777    -0.659797
   -0.430693    -0.902234    0.0218327
   -0.900437     0.431218    0.0571439
   0.0609718  -0.00495251     0.998127
    -0.43019    -0.816602    -0.384834
   -0.900324     0.356948     0.249007
   0.0659744    -0.453596     0.888762
    0.440158     0.893618   -0.0877904
    0.896064    -0.430859     0.106909
  -0.0577109     0.125723     0.990385
    0.440066     0.864035     0.244512
     0.89619    -0.439713   -0.0591169
  -0.0564362    -0.245145     0.967842
   -0.443491     0.488033    -0.751758
   -0.894278    -0.184923     0.407518
    0.059865     0.853011     0.518448
   -0.446052      -0.6379     0.627791
   -0.893764     0.354428    -0.274893
   0.0471527     0.683714     0.728225
   -0.449145    -0.740503     0.499924
   -0.892246     0.400889    -0.207809
   0.0465306     0.539392     0.840768
   -0.453035    -0.665199     0.593523
   -0.890909     0.361913    -0.274409
   0.0322668     0.653091     0.756591
   -0.444093    -0.334122    -0.831351
   -0.894384     0.220691     0.389067
   0.0534757     0.916328    -0.396841
   -0.448914    -0.552073    -0.702632
   -0.892655     0.312741     0.324593
   0.0405428     0.772922    -0.633204
   -0.449738    -0.332218    -0.829076
   -0.891841     0.217474     0.396642
   0.0485311     0.917789    -0.394092
   -0.459616    -0.561701    -0.687929
   -0.886809     0.332293     0.321171
   0.0481919     0.757677    -0.650848
   -0.463573     -0.52531    -0.713547
   -0.885542     0.302186     0.352845
    0.030271     0.795445     -0.60527
   -0.446356    -0.653471     0.611344
   -0.892447     0.375166    -0.250578
   0.0656099     0.657439     0.750646
     0.44264    -0.248906    -0.861461
    0.893472    0.0409947     0.447243
   -0.076006     -0.96766     0.240536
   -0.434184     0.570781    -0.696917
   -0.897965    -0.212645      0.38528
   0.0717139      0.79309     0.604868
    0.424675     0.902989   -0.0652859
    0.901891    -0.415659      0.11756
  -0.0790185     0.108805     0.990917
    0.428952     0.193589     -0.88234
    0.898716    -0.190028      0.39522
  -0.0911588    -0.962503    -0.255494
    0.420948      0.87942     0.222312
    0.904423    -0.425674   -0.0286495
  -0.0694373    -0.213124     0.974555
   -0.440765    -0.343692    -0.829218
   -0.896209     0.220324     0.385054
   0.0503568     0.912871    -0.405131
   -0.439386    -0.693735     0.570676
   -0.897446     0.366669    -0.245243
   0.0391156     0.619908     0.783699
   -0.408704    -0.505031    -0.760201
   -0.911319     0.271086     0.309856
   0.0495932     0.819424    -0.571038
   -0.411538    -0.609113    -0.677951
   -0.908865     0.329644     0.255537
   0.0678313     0.721329    -0.689263
   -0.413272     0.415567    -0.810253
   -0.909807     -0.15114     0.386532
   0.0381679     0.896917     0.440548
   -0.369353    -0.588367    -0.719307
    -0.92707     0.286755     0.241481
   0.0641852      0.75604    -0.651371
   -0.374139    -0.496009    -0.783579
    -0.92614     0.243394     0.288138
   0.0477996     0.833507    -0.550437
    0.330884     0.199319    -0.922382
    0.942015    -0.127651     0.310343
  -0.0558853    -0.971585    -0.229999
    0.371446     0.521627    -0.768071
    0.924816    -0.281032      0.25639
  -0.0821128     -0.80556    -0.586797
   -0.326367      -0.4518    -0.830278
   -0.942526     0.222102     0.249632
   0.0716226      0.86403     -0.49832
    0.333961     0.507608    -0.794232
    0.937658    -0.264962     0.224927
  -0.0962667    -0.819835    -0.564449
   -0.383252    -0.412295    -0.826517
   -0.922943     0.205795     0.325307
   0.0359708     0.887503    -0.459396
    0.325477     0.192091    -0.925832
    0.944664     -0.10843     0.309601
  -0.0409161    -0.975369    -0.216753
   -0.429597    0.0271098    -0.902614
   -0.902759    0.0111912     0.430002
   0.0217586      0.99957    0.0196659
   -0.454869    -0.717193     0.527947
   -0.890271     0.381274    -0.249095
   0.0226438     0.583321     0.811926
   -0.444232    -0.772893     0.453094
   -0.895449     0.399284    -0.196831
    0.028784     0.493161     0.869462
     0.51021    -0.190149    -0.838766
    0.830171    -0.145942     0.538067
   -0.224724    -0.970847    0.0833946
    0.485607     0.192032    -0.852825
    0.851303    -0.325596     0.411425
   -0.198669    -0.925803    -0.321589
   -0.482084     0.306349     -0.82082
   -0.849209    0.0670544     0.523783
      0.2155     0.949555     0.227828
   -0.503225     0.403362    -0.764241
   -0.829164    0.0237344     0.558501
    0.243417     0.914732      0.32251
    0.458895     0.310549    -0.832451
    0.869574    -0.349285     0.349057
   -0.182364    -0.884058     -0.43033
   -0.476617     0.579346    -0.661207
   -0.848979    -0.108102     0.517251
     0.22819     0.807881     0.543376
    -0.45391    -0.890625     0.027434
   -0.870182     0.449695     0.201391
    0.191701   -0.0675409     0.979127
    0.451684     0.852327     0.263665
    0.869266    -0.486973    0.0850574
   -0.200895    -0.190776     0.960857
     0.50458    0.0749272    -0.860107
    0.821308    -0.348799     0.451434
    -0.26618    -0.934198    -0.237535
    0.474454      0.81274    -0.338152
    0.846717    -0.316287     0.427823
   -0.240755     0.489302     0.838225
   -0.499591    0.0213825    -0.865997
   -0.820017     0.310592     0.480734
    0.279252     0.950303    -0.137635
    0.430661     0.886803    -0.167664
    0.888959    -0.384733     0.248459
   -0.155829     0.256048     0.954021
   -0.434562    -0.900541   -0.0134627
   -0.886946      0.42531     0.180107
    0.156468   -0.0902084     0.983555
    0.417931     0.873898     0.248268
    0.900841    -0.434003    0.0112177
   -0.117552    -0.218961     0.968627
    0.419048     0.873291     -0.24852
    0.898333     -0.35901     0.253199
   -0.131895     0.329356     0.934948
    0.434557     0.321919    -0.841147
    0.887882    -0.309791      0.34014
   -0.151082     -0.89465    -0.420448
     0.42249     0.869626    -0.255446
    0.897282    -0.361495     0.253391
   -0.128013     0.336262     0.933028
   -0.447459      0.45691    -0.768774
   -0.883097   -0.0900816     0.460462
    0.141137      0.88494     0.443804
     0.46538    -0.306603    -0.830311
    0.869492   -0.0170876     0.493651
   -0.165543    -0.951684     0.258637
    0.431808     0.842546     0.321959
    0.894263    -0.446468   -0.0309985
   -0.117627    -0.301301     0.946246
    0.502442     0.209453    -0.838857
    0.815439    -0.437323     0.379221
   -0.287422    -0.874573    -0.390526
   -0.476852    -0.362957    -0.800546
   -0.843131     0.446339     0.299853
    0.248481     0.817951    -0.518858
   -0.470867    -0.430566    -0.769998
    -0.84465     0.471973     0.252602
    0.254656     0.769321    -0.585914
    0.493382     0.868042    0.0554647
     0.81818    -0.484793     0.309124
   -0.295222     0.107136     0.949403
   -0.447962    -0.495974    -0.743868
   -0.871444     0.428147     0.239321
    0.199788     0.755446    -0.624008
    0.457323     0.856013    -0.241033
    0.851953    -0.343996     0.394769
   -0.255013     0.385886       0.8866
   -0.438396     -0.81662    -0.375421
   -0.877856     0.299436     0.373774
    0.192816    -0.493427     0.848146
   -0.414145    -0.738418    -0.532186
   -0.885093     0.190301      0.42473
    0.212353    -0.646934     0.732381
    0.474082     0.871238    -0.127239
     0.82513    -0.389187     0.409505
   -0.307257     0.299128     0.903391
   -0.439527    -0.844357    -0.306394
   -0.855994     0.290371     0.427736
    0.272194    -0.450273     0.850391
     0.44097     0.886724    -0.138804
    0.840032    -0.353299     0.411735
   -0.316056     0.298163      0.90067
   -0.423508      -0.7667    -0.482507
   -0.893892     0.267278     0.359887
    0.146962    -0.583724     0.798541
   -0.400203    -0.774361    -0.490105
   -0.903221     0.242828     0.353874
    0.155014    -0.584295     0.796599
   -0.386188    -0.718079    -0.578983
   -0.916336     0.226683     0.330064
    0.105766     -0.65801     0.745544
    -0.40582     -0.71368    -0.570938
   -0.909284      0.25221     0.331048
   0.0922661    -0.653491      0.75129
   -0.427904    -0.679463      0.59601
   -0.891771     0.424726    -0.156049
    0.147111     0.598278     0.787668
    0.414698     0.886307     -0.20612
    0.905173    -0.378593     0.193207
  -0.0932049     0.266697     0.959263
    0.432573     0.899812    0.0567335
    0.889091    -0.436172      0.13882
   -0.149657   0.00960861     0.988691
    0.451007     0.212453    -0.866866
    0.869819    -0.322288     0.373557
   -0.200017    -0.922493     -0.33015
    0.418913     0.906889    0.0454362
    0.901392    -0.421369    0.0996991
   -0.109561  0.000809456      0.99398
   -0.371008    -0.753308    -0.543028
   -0.928484     0.311279     0.202543
  -0.0164556    -0.579338     0.814921
    0.386054    -0.553446    -0.738011
    0.922076     0.255066     0.291061
   0.0271549    -0.792868     0.608788
   -0.386401    -0.710811    -0.587743
   -0.922202     0.308384     0.233328
   -0.015398    -0.632177     0.774671
   -0.399048    -0.745578    -0.533736
   -0.916863     0.331487     0.222437
  -0.0110825    -0.578126     0.815872
   -0.406684     -0.72426    -0.556827
   -0.913016     0.343414     0.220155
  -0.0317728    -0.597925     0.800922
   -0.399496    -0.780904      -0.4802
    -0.91651     0.328603     0.228102
   0.0203307    -0.531234     0.846981
   -0.411439    -0.911127   -0.0237735
   -0.911432     0.411203    0.0142958
  0.00324955   -0.0275498     0.999615
    0.407866      0.89964    -0.155864
    0.912329    -0.394821     0.108502
  -0.0360741     0.186453     0.981801
    0.407465     0.884255     0.228179
    0.911758    -0.408047   -0.0468574
  -0.0516741    -0.227137     0.972491
    0.420241     0.864997     0.274185
     0.90709    -0.392392    -0.152371
   0.0242127    -0.312743     0.949529
    0.413016     0.901281    -0.130809
    0.910483    -0.405321    0.0820754
  -0.0209532     0.152998     0.988004
    0.422686     0.905934   -0.0249156
    0.906271    -0.422614   0.00835045
  0.00296472    0.0261099     0.999655
   -0.414126    -0.835979    -0.360055
   -0.907342     0.347715     0.236272
   0.0723221    -0.424539     0.902516
    0.411634     0.909898    0.0514047
    0.907101    -0.414502    0.0731756
  -0.0878898   -0.0165077     0.995993
   -0.408437     -0.79015    -0.456993
   -0.910979      0.32137     0.258532
   0.0574157    -0.521905     0.851069
    0.396081     0.643173    -0.655323
    0.916484    -0.233102     0.325148
  -0.0563693     0.729377     0.681785
    0.383491     0.660367    -0.645639
    0.923346    -0.259675     0.282843
  -0.0191241     0.704617      0.70933
   -0.367495     -0.81399    -0.449853
   -0.929727     0.309283      0.19988
   0.0235688    -0.491695     0.870448
   -0.376995    -0.758966    -0.530891
   -0.924423     0.272685     0.266617
   0.0575876    -0.591281     0.804407
    0.362937     -0.61676    -0.698487
    0.931788     0.245781     0.267138
  0.00691458    -0.747796     0.663892
    0.417356     0.870112     0.262143
    0.908542     -0.40559    -0.100238
  -0.0191041    -0.280003     0.959809
    0.411189      0.90107      0.13783
    0.910617    -0.412887   -0.0173789
  -0.0412484    -0.132656     0.990303
   -0.406982    -0.561049    -0.720826
   -0.911493      0.30089     0.280438
   0.0595493     0.771161    -0.633849
   -0.413812    -0.537427    -0.734801
    -0.90945     0.280175      0.30725
   0.0407486     0.795408    -0.604703
   -0.406703    -0.510376      -0.7577
   -0.909899     0.300485     0.285995
    0.081713     0.805745    -0.586599
   -0.412034     -0.68949     0.595678
   -0.908538     0.360526    -0.211138
   0.0691797     0.628192     0.774977
   -0.412787    -0.441952     -0.79642
   -0.906895     0.280594     0.314338
   0.0845483     0.852024    -0.516629
   -0.413617    -0.759909     0.501457
   -0.908745     0.378279    -0.176316
   0.0557063     0.528624     0.847026
   -0.419897    -0.588543    -0.690872
   -0.901818     0.356148     0.244709
     0.10203     0.725793    -0.680304
   -0.413252    -0.506308    -0.756885
   -0.904724     0.322686     0.278114
    0.103425     0.799704    -0.591419
    0.411187     0.860615     0.300445
    0.906313    -0.421262    -0.033684
  -0.0975772    -0.286148     0.953204
    0.406957     0.867968     0.284636
    0.910858    -0.409046   -0.0549522
  -0.0687325    -0.281626     0.957059
    0.670636     0.327866    -0.665395
    0.575242    -0.796217     0.187445
   -0.468342    -0.508471    -0.722574
   -0.687294     0.487777    -0.538239
   -0.568298     0.100411     0.816673
    0.452399     0.867174     0.208191
   -0.674118    -0.510462    -0.533848
   -0.619859     0.784017    0.0330564
    0.401671     0.353194    -0.844934
   -0.685061    -0.500519    -0.529313
   -0.610942     0.790495    0.0432152
     0.39679     0.352985    -0.847325
    0.687855     0.649476     0.324094
    0.571012     -0.75984     0.310787
   -0.448109     0.028715     0.893518
   -0.664121    -0.411426    -0.624238
   -0.664647     0.707227     0.240989
    0.342328     0.574943    -0.743136
   -0.682445    -0.403996    -0.609144
   -0.616878     0.765368     0.183504
    0.392084     0.500999    -0.771538
   -0.667962    -0.295291    -0.683104
   -0.662958     0.653134     0.365927
