   0.0275461    -0.911466     0.410452
   -0.998129   -0.0475015   -0.0384975
   0.0545863    -0.408624    -0.911069
  -0.0139307    -0.889846     0.456048
   -0.998458   -0.0121279   -0.0541635
   0.0537281      -0.4561    -0.888305
  -0.0685429    -0.871898     0.484867
   -0.996789     0.039691   -0.0695372
   0.0413845    -0.488077    -0.871819
  -0.0938313    -0.915349     0.391577
   -0.994684    0.0694296   -0.0760518
   0.0424268    -0.396631    -0.916997
   -0.143976     -0.94978     0.277828
   -0.987976     0.121976   -0.0950026
   0.0563433    -0.288165    -0.955922
   -0.134442    -0.894462    -0.426453
    -0.99051     0.108902    0.0838479
   0.0285572    -0.433679     0.900615
   -0.163677     0.439945    -0.882983
   -0.986133   -0.0480922     0.158836
   0.0274143     0.896736     0.441716
   -0.163365     -0.89531     0.414406
   -0.985587     0.129401    -0.108966
   0.0439333    -0.426235    -0.903545
   -0.165852    -0.826125    -0.538526
   -0.985948     0.127848     0.107522
   0.0199771    -0.548792      0.83572
   -0.163996    -0.871291     0.462556
   -0.985704     0.126376    -0.111427
   0.0386297    -0.474217     -0.87956
   -0.159725    -0.879877    -0.447554
   -0.987162      0.14217    0.0728002
 0.000426476    -0.453436     0.891289
   -0.159708    -0.876355     0.454417
   -0.986796     0.129155   -0.0977382
   0.0269632    -0.464026    -0.885411
    0.189136     0.943279     0.272858
    0.962039    -0.233678     0.140983
   -0.196747    -0.235835     0.951668
    0.224254     0.960436    -0.165146
    0.948274    -0.175984     0.264207
   -0.224691     0.215853     0.950222
   -0.181686     -0.90816    -0.377142
   -0.962547    0.0857591     0.257194
    0.201229    -0.409746     0.889728
   -0.223858    -0.683902    -0.694382
    -0.94806   -0.0123977     0.317851
    0.225987    -0.729469     0.645604
    0.254729     0.965655    0.0512173
    0.936799    -0.259559       0.2346
   -0.239837    0.0117791     0.970742
   -0.194612    -0.839226    -0.507765
   -0.959566    0.0555602     0.275946
    0.203369    -0.540937     0.816106
    0.249428     0.913957    -0.320107
    0.939297    -0.147914     0.309584
   -0.235598     0.377894     0.895371
   -0.225997    -0.855594    -0.465709
   -0.949037    0.0855772     0.303323
    0.219667    -0.510525      0.83133
   -0.239183    -0.635592    -0.734039
   -0.945066   -0.0210803     0.326198
    0.222803    -0.771737     0.595635
   -0.267019    -0.455318    -0.849345
   -0.932112     0.345797     0.107665
    0.244679     0.820433    -0.516741
   -0.254713    -0.672816    -0.694579
   -0.938994  0.000424747     0.343932
    0.231108     -0.73981     0.631879
     0.26297     0.630643    -0.730162
     0.93621    -0.349677    0.0351628
   -0.233145    -0.692832    -0.682369
   -0.184529    -0.854219    -0.486065
   -0.963001    0.0583136     0.263112
    0.196411    -0.516633     0.833374
    0.218127     0.706604    -0.673151
    0.953942  -0.00881495     0.299861
   -0.205949     0.707555     0.675982
   -0.184915     -0.84304    -0.505064
    -0.96525    0.0592336     0.254527
     0.18466    -0.534579     0.824698
   -0.144888    -0.866309    -0.478034
    -0.97436     0.040871     0.221253
    0.172136    -0.497834     0.850018
    0.147714     0.946714    -0.286206
    0.972542   -0.0864173     0.216089
   -0.179841     0.310266     0.933484
     0.10133       0.9872    -0.123156
    0.982808   -0.0801281      0.16634
   -0.154342     0.137894     0.978347
  -0.0923789    -0.880906    -0.464188
   -0.984103   0.00975876     0.177329
     0.15168     -0.47319     0.867804
   -0.141785    -0.933003    -0.330759
   -0.973317    0.0704977     0.218369
    0.180421    -0.352895     0.918103
   0.0954013     0.986402     0.133829
    0.984418    -0.113439     0.134361
   -0.147715    -0.118925     0.981854
   0.0434145     0.995748   -0.0812533
    0.990711   -0.0324187     0.132061
   -0.128866    0.0862319     0.987906
   0.0433183     0.991713      0.12095
    0.991677   -0.0573739      0.11526
   -0.121244     -0.11495     0.985944
 -0.00451559    -0.983326    -0.181793
    0.994878    0.0139408    -0.100118
   -0.100983     0.181314    -0.978227
    0.141038     0.988531    -0.053982
    0.975449    -0.129443     0.178168
   -0.169137    0.0777852     0.982518
   -0.246556    -0.516883    -0.819782
   -0.946899      0.30862    0.0901985
    0.206379      0.79849    -0.565528
   -0.248427    -0.432782    -0.866593
   -0.945698     0.301964     0.120301
    0.209615     0.849422    -0.484297
    0.225832     0.194634    -0.954525
    0.957876    -0.222808     0.181193
    -0.17741    -0.955235    -0.236752
    0.217692     0.272544    -0.937193
    0.960871    -0.228353     0.156785
    -0.17128    -0.934652     -0.31159
    -0.23097    -0.313459    -0.921084
   -0.956258     0.247796     0.155461
     0.17951     0.916701    -0.356981
     0.19384    0.0725335    -0.978348
    0.971162      -0.1553     0.180902
   -0.138816    -0.985201    -0.100545
   -0.203188    -0.667319      0.71652
   -0.969026      0.24196    -0.049447
    0.140372     0.704373     0.695812
    -0.17926     -0.45671    -0.871368
   -0.978776     0.172204     0.111099
   0.0993135      0.87279    -0.477886
   -0.179592    -0.600169    -0.779451
   -0.975068     0.213581    0.0602093
     0.13034     0.770831    -0.623563
   -0.165181    -0.553547    -0.816272
    -0.98175     0.171373    0.0824523
   0.0942461     0.814995    -0.571753
   -0.150648    -0.347595    -0.925463
   -0.984454     0.138261     0.108321
   0.0903036     0.927395     -0.36302
   -0.212723    -0.510053    -0.833424
   -0.967282     0.230609     0.105757
    0.138254     0.828653    -0.542421
   -0.185028     -0.71249     0.676847
    -0.97826     0.199176   -0.0577586
   0.0936595      0.67282     0.733854
   -0.196583    -0.520884    -0.830683
   -0.976555      0.17982     0.118346
   0.0877292     0.834473    -0.544021
    -0.21503    -0.319174    -0.922979
    -0.96811     0.194067     0.158434
    0.128552     0.927613    -0.350726
    0.230774     0.267937    -0.935389
    0.957173     -0.23524     0.168765
   -0.174822    -0.934276     -0.31075
    0.223187     0.177033    -0.958565
    0.961561     -0.20136     0.186696
   -0.159965    -0.963387    -0.215168
   -0.234259   -0.0202513    -0.971963
   -0.951687     0.208944     0.225019
    0.198529     0.977718   -0.0682199
    -0.24532     -0.53056    -0.811372
   -0.947135     0.309679    0.0838675
    0.206768     0.789053    -0.578482
    -0.21545     0.602175    -0.768743
   -0.959394    0.0162386     0.281602
    0.182057     0.798199     0.574225
   -0.182089    -0.919271     0.348977
   -0.981708      0.14989    -0.117397
   0.0556111     -0.36397    -0.929749
   -0.182262    -0.910352     0.371538
   -0.980287     0.138927    -0.140489
   0.0762778     -0.38982    -0.917727
   -0.194125    -0.834398    -0.515845
   -0.975142     0.106869     0.194104
    0.106832    -0.540703     0.834402
   -0.166376    -0.901124     0.400368
   -0.983169     0.120518     -0.13731
   0.0754812    -0.416475    -0.906008
   -0.165398    -0.931513     0.323924
    -0.98019      0.11898    -0.158339
    0.108954    -0.343696    -0.932739
    0.138924     0.973148    -0.183529
    0.984376    -0.115455     0.132941
   -0.108182      0.19913     0.973983
   -0.129626     -0.91946       0.3712
   -0.989195    0.0940545    -0.112461
   0.0684908    -0.381767    -0.921717
     0.18959    -0.258866    -0.947124
    0.969575    -0.102776     0.222175
   -0.154855     -0.96043     0.231505
    0.144061     0.714151    -0.685008
    0.978306   0.00135926      0.20716
   -0.148875     0.699991     0.698462
    0.210234       0.2533    -0.944267
    0.967417    -0.193283      0.16354
   -0.141086    -0.947882    -0.285682
   -0.216226    -0.395949    -0.892452
   -0.969895     0.191996     0.149807
    0.112031     0.897977    -0.425543
    0.206794    -0.168481    -0.963769
    0.974153   -0.0560635     0.218822
  -0.0908997    -0.984109     0.152533
   -0.208002    -0.289312    -0.934363
   -0.976642      0.11407     0.182094
   0.0539009     0.950414    -0.306281
    0.201589     0.110649      -0.9732
     0.97684   -0.0954756     0.191488
  -0.0717289    -0.989263    -0.127334
   -0.188327    -0.847598     0.496096
   -0.981679     0.147555    -0.120559
   0.0289841    -0.509711    -0.859857
  -0.0913363    -0.893419     0.439841
   -0.993893    0.0543226   -0.0960476
   0.0619174    -0.445928    -0.892925
  -0.0366886    -0.917206     0.396721
   -0.997773    0.0114895   -0.0657102
   0.0557116    -0.398249    -0.915584
  -0.0528687    -0.944657     0.323773
   -0.994542    0.0206049     -0.10228
   0.0899485    -0.327413     -0.94059
   0.0211861    -0.886168      0.46288
   -0.998505   -0.0420872   -0.0348727
   0.0503844     -0.46145    -0.885735
 0.000642766    -0.708595     0.705615
   -0.996936   -0.0556427   -0.0549695
   0.0782134    -0.703418     -0.70646
   0.0525585    -0.686933     0.724818
   -0.996555    -0.082704  -0.00611828
   0.0641482    -0.721999    -0.688914
   0.0652634    -0.915185     0.397714
   -0.996722   -0.0788846   -0.0179639
   0.0478139    -0.395238    -0.917333
  0.00550632    -0.954411    -0.298443
     0.99506    0.0348133   -0.0929727
   -0.099124     0.296457    -0.949888
   0.0460239     0.994621   -0.0927896
   -0.996331    0.0389957   -0.0761839
   0.0721558   -0.0959555    -0.992767
  -0.0543878    -0.998483   -0.0086303
   -0.991138    0.0529348     0.121831
    0.121189   -0.0151799     0.992513
    0.119584      0.98583    -0.117636
    0.983285    -0.101216     0.151348
   -0.137297     0.133769     0.981456
  -0.0945237    -0.955018     0.281079
   -0.990544    0.0620224    -0.122376
   0.0994381    -0.289989     -0.95185
   -0.110413    -0.610936    -0.783943
   -0.993124    0.0986865    0.0629668
   0.0388959     0.785505    -0.617632
   -0.121503    -0.483667    -0.866777
    -0.99166    0.0969582    0.0849052
   0.0429753     0.869865    -0.491415
    0.074763     0.671201    -0.737495
    0.996922   -0.0328023    0.0712085
   0.0236037    -0.740549    -0.671588
   0.0777174     0.222071    -0.971928
    0.996915  -0.00656707    0.0782149
   0.0109865    -0.975008    -0.221896
  -0.0844599    -0.519549    -0.850256
   -0.996168    0.0245722    0.0839392
  -0.0227179     0.854087    -0.519634
   0.0439949    -0.910769    -0.410566
    0.996321    0.0097466    0.0851414
   0.0735426     0.412801    -0.907847
   0.0509136    -0.912206     0.406556
     0.99559    0.0142433   -0.0927211
   0.0787901     0.409484     0.908909
   0.0276023    -0.951431    -0.306622
    0.991733   -0.0123892     0.127719
    0.125315     0.307613    -0.943223
  -0.0471979    -0.593764    -0.803254
   -0.996967    -0.021815    0.0747058
  -0.0618806     0.804344    -0.590933
   0.0337762     -0.70901     0.704389
     0.99299   -0.0560731    -0.104056
    0.113274     0.702965     0.702146
    0.041129    -0.258157    -0.965227
    0.994184     0.106803    0.0137977
   0.0995273    -0.960181     0.261048
   0.0640784    -0.872176     0.484978
    0.994818    0.0173864    -0.100174
   0.0789374     0.488884      0.86877
   0.0155668    -0.930686    -0.365489
    0.990422   -0.0358015     0.133349
    0.137191     0.364064    -0.921214
   0.0287848    -0.748185     0.662866
    0.990207   -0.0692852    -0.121203
    0.136609     0.659863     0.738863
  -0.0942812    -0.935727     0.339892
   -0.992969    0.0638393   -0.0996853
  -0.0715797       0.3469     0.935167
   -0.102363    -0.764882     0.635986
   -0.994433    0.0626119   -0.0847545
  -0.0250069     0.641121     0.767033
    0.130614      0.97004     0.204849
    0.991312    -0.124543   -0.0423126
   0.0155324    -0.208596     0.977879
   -0.152564    -0.546152    -0.823676
    -0.98745     0.118661     0.104218
   0.0408192     0.829239    -0.557402
   -0.135581    -0.830961     0.539557
   -0.990004     0.134977   -0.0408949
    0.038846     0.539709     0.840955
   -0.168694    -0.821013     0.545418
   -0.985085     0.159466    -0.064637
   0.0339076     0.548187     0.835668
   0.0409192    -0.226652    -0.973116
    0.988979     0.147882   0.00714261
    0.142287    -0.962684     0.230206
  -0.0223156     -0.99975   0.00102968
   -0.987337    0.0218767    -0.157122
    -0.15706   0.00452292     0.987579
  -0.0265211     0.272249    -0.961861
   -0.982338    -0.185387   -0.0253871
   -0.185228     0.944199     0.272357
   0.0402788    -0.182115    -0.982452
     0.98417     0.177069   0.00752634
    0.172591    -0.967203     0.186364
  0.00432172    -0.655068     0.755558
    0.980732    -0.144794    -0.131146
     0.19531     0.741567      0.64182
   -0.036161    -0.911465    -0.409784
    -0.97715     0.118192    -0.176662
   -0.209454    -0.394032     0.894912
  -0.0134967    -0.757287     0.652943
   -0.974373     0.156596      0.16148
   -0.224535     -0.63403    -0.739993
   0.0337377     0.998889   -0.0328894
    0.970357   -0.0406182    -0.238237
    0.239308    0.0238769      0.97065
   0.0555486    -0.286316    -0.956524
    0.978268     0.207276  -0.00523247
    0.199763    -0.935446     0.291607
   0.0507844     0.982638    -0.178446
    0.971743   -0.0898586    -0.218268
    0.230513     0.162319     0.959435
  -0.0593358    -0.402127     0.913659
   -0.973748      0.22481    0.0357073
   -0.219759    -0.887555     -0.40491
  -0.0148361    -0.952066    -0.305532
    0.971893   -0.0855335     0.219336
    0.234956     0.293691    -0.926575
 -0.00563039    -0.997812   -0.0658763
   -0.968408    0.0218648    -0.248411
   -0.249308   -0.0623965     0.966412
  -0.0259514    -0.983043    -0.181531
    0.965739   -0.0715591     0.249453
    0.258214     0.168838     -0.95122
  -0.0337497    -0.929946    -0.366143
    0.969794    -0.119025     0.212913
    0.241577     0.347898    -0.905874
  -0.0119714    -0.482517     0.875805
    0.979288      -0.1827   -0.0872707
    0.202119      0.85662      0.47471
  -0.0217165    -0.847204     0.530824
    0.978345    -0.127323    -0.163185
    0.205837     0.515785     0.831623
 -0.00353676    -0.692967     0.720961
    0.985589    -0.124347    -0.114684
    0.169121     0.710165     0.683421
  0.00697186    -0.981283    -0.192444
    0.986184   -0.0251058     0.163743
     0.16551     0.190927     -0.96755
 -0.00393078     0.999883    0.0148131
    0.984322   0.00125659     0.176378
    0.176339    0.0152742    -0.984211
   0.0375498    -0.681649     0.730716
   -0.969329     0.152881     0.192427
    -0.24288     -0.71553    -0.655001
  0.00691514     -0.47735     0.878686
    0.974599    -0.193486    -0.112782
     0.22385     0.857146     0.463887
   -0.021323    -0.312781    -0.949586
    0.971555     0.217582   -0.0934847
    0.235853    -0.924568     0.299244
   0.0166318    -0.897329    -0.441049
    0.978768   -0.0755185     0.190554
    0.204297     0.434853    -0.877021
   0.0503149     -0.59949     0.798799
    0.980054    -0.124329    -0.155039
    0.192258     0.790667     0.581277
 -0.00649433    -0.932093    -0.362161
    0.977804   -0.0817671     0.192909
    0.209422      0.35287    -0.911935
   0.0628264    -0.800921     0.595465
    0.984115   -0.0495507     -0.17048
    0.166047     0.596716     0.785085
   0.0335387    -0.925872    -0.376345
    0.983183   -0.0370706     0.178818
    0.179514     0.376013    -0.909059
  -0.0721273    -0.845992     0.528294
   -0.988871  -0.00844599    -0.148534
   -0.130121     0.533128     0.835968
   0.0788573      0.98977    -0.118899
    0.982658   -0.0972562    -0.157878
    0.167826     0.104387     0.980274
    0.100368     0.204784    -0.973648
    0.986077      0.10993      0.12477
    0.132584    -0.972614      -0.1909
   -0.118029    -0.936424     0.330423
   -0.986009     0.149962    0.0727871
   -0.117711    -0.317209    -0.941022
  0.00333123    -0.994493    -0.104755
     0.98393   -0.0154419     0.177887
    0.178525     0.103664    -0.978459
   -0.036201    -0.372709    -0.927242
   -0.989424    -0.117043    0.0856747
   -0.140459     0.920537     -0.36453
  -0.0251611    -0.937003    -0.348415
    0.976991   -0.0968864     0.190005
    0.211792     0.335617    -0.917881
  -0.0428025    -0.930521    -0.363729
     0.96902    -0.127304     0.211647
    0.243246     0.343402    -0.907142
    0.038494     0.949269      -0.3121
   -0.969676     0.110921     0.217773
   -0.241344    -0.294253    -0.924753
   0.0547643     0.981509     0.183414
   -0.964231   0.00427441     0.265029
   -0.259345     0.191367    -0.946636
   0.0459814     0.996281   -0.0728639
   -0.964282    0.0633151       0.2572
   -0.260857   -0.0584349    -0.963607
   0.0518556     -0.85633    -0.513818
   -0.965964    0.0875563    -0.243409
   -0.253426    -0.508952     0.822644
   -0.156162    -0.909402     0.385489
   -0.985393      0.17028   0.00252066
  -0.0679332    -0.379464    -0.922709
    -0.14342     0.420844    -0.895724
   -0.986361    -0.134647    0.0946704
  -0.0807654     0.897084     0.434415
   -0.173759    -0.874788    -0.452276
   -0.983996     0.172643    0.0441152
   -0.039491    -0.452703     0.890786
   -0.162032    -0.839635     0.518419
   -0.986001     0.158699   -0.0511455
  -0.0393288    -0.519449    -0.853596
    0.163254    -0.627766      0.76109
    0.985875    0.0745679    -0.149965
   0.0373903     0.774823     0.631072
    0.193991     0.937727     -0.28816
    0.980971    -0.183042    0.0647405
 -0.00796339     0.295236     0.955391
     0.19653     0.220288    -0.955431
    0.980441   -0.0546409     0.189076
  -0.0105544    -0.973903    -0.226718
   -0.164106    -0.850746     0.499299
    -0.98634     0.148817   -0.0706171
   -0.014227    -0.504067    -0.863547
   -0.186349    -0.397968    -0.898273
   -0.982195    0.0976228     0.160509
   0.0238146      0.91219    -0.409074
    0.148877     0.726105     0.671273
    0.988478   -0.0905094    -0.121326
   0.0273387    -0.681601     0.731213
   0.0931956    -0.671883     0.734771
    0.992147   0.00083295    -0.125078
    0.083426     0.740657     0.666684
   -0.119408    -0.501657    -0.856786
   -0.988891   -0.0168514     0.147686
  -0.0885258     0.864902    -0.494072
   -0.159174    -0.881756     0.444039
   -0.987015     0.151959    -0.052059
  -0.0215726    -0.446559    -0.894494
   -0.159544    -0.912702     0.376192
   -0.986246     0.164031    -0.020305
  -0.0431745    -0.374257    -0.926319
   -0.155211    -0.841038     0.518233
   -0.986392      0.16074   -0.0345598
  -0.0542346    -0.516544    -0.854541
   -0.144526    -0.918297     0.368569
   -0.986738     0.161569    0.0156276
  -0.0739004    -0.361423    -0.929469
   -0.146599    -0.841289     0.520329
   -0.985887     0.167249  -0.00735115
  -0.0808401    -0.514063    -0.853934
   -0.124687    -0.911739     0.391388
   -0.986534     0.156004     0.049124
   -0.105846    -0.379992    -0.918914
   -0.108298    -0.879128     0.464118
   -0.989026     0.142474     0.039092
   -0.100491    -0.454791     -0.88491
   -0.125659    -0.888803    -0.440726
   -0.986415     0.159317   -0.0400459
   -0.105808    -0.429706     0.896748
  -0.0806927    -0.902742     0.422548
   -0.986204     0.133784    0.0974867
   -0.144535    -0.408852    -0.901083
  -0.0604595    -0.945594     0.319682
   -0.981545     0.114531      0.15314
   -0.181421    -0.304523    -0.935068
  -0.0511545    -0.873663     0.483835
   -0.985401     0.122927     0.117787
   -0.162383    -0.470746    -0.867197
  -0.0203615    -0.531758     0.846652
   -0.977639      0.18787    0.0944842
   -0.209303    -0.825796    -0.523692
   -0.031318    -0.989123    -0.143715
   -0.982775    0.0566745      -0.1759
   -0.182132    -0.135731     0.973861
  0.00228206    -0.907757     0.419489
   -0.978826    0.0838338     0.186738
    -0.20468    -0.411033    -0.888346
   0.0199678    -0.607067       0.7944
   -0.972728     0.171855     0.155779
   -0.231089    -0.775845    -0.587079
  -0.0242443    -0.952688      0.30298
   -0.986313    0.0722368     0.148217
   -0.163091     -0.29524      -0.9414
  0.00996294    -0.909272     0.416082
   -0.984617    0.0636692     0.162714
   -0.174443    -0.411303    -0.894651
  0.00195122    -0.993888     -0.11038
   -0.986912    0.0158844    -0.160473
   -0.161245    -0.109248     0.980849
  -0.0423027    -0.943235    -0.329422
   -0.985689    0.0932526    -0.140433
   -0.163181    -0.318767     0.933681
  -0.0736115    -0.915894     0.394613
   -0.986423     0.125114     0.106381
   -0.146805    -0.381425    -0.912668
  -0.0938335    -0.333604    -0.938032
   -0.983505    -0.115285     0.139382
   -0.154639     0.935638    -0.317284
   -0.110379    -0.840927     0.529772
   -0.985107     0.163269    0.0539133
   -0.131832    -0.515932    -0.846425
  -0.0954025    -0.969574     0.225445
   -0.986095     0.123009     0.111736
   -0.136068    -0.211651    -0.967827
   0.0599711    -0.700995      0.71064
    0.985619   -0.0710901    -0.153302
    0.157983     0.709614     0.686651
 -0.00157587    -0.821901     0.569627
   -0.988438    0.0876469     0.123729
   -0.151619    -0.562846    -0.812537
    0.486465     0.867771    -0.101619
    0.862962    -0.459045     0.211127
   -0.136562       0.1904     0.972162
     -0.5457    -0.529809    -0.649241
   -0.833784     0.420726     0.357481
   0.0837557     0.736404    -0.671337
   -0.507755    -0.555489    -0.658496
   -0.859091     0.383612     0.338827
   0.0643929     0.737749    -0.671997
    0.567615     0.232192    -0.789874
    0.821799    -0.217588     0.526594
  -0.0495961     -0.94802    -0.314322
    -0.58097    -0.448764    -0.679032
   -0.811013     0.389686     0.436353
   0.0687896     0.804211    -0.590349
    0.537574     0.252306    -0.804584
    0.842417    -0.202234     0.499434
  -0.0367043    -0.946278    -0.321263
    0.590377     0.729306     0.345785
     0.80535    -0.560696    -0.192436
  -0.0535359    -0.392088     0.918369
    0.573058     0.812485      0.10711
    0.818489    -0.573968   -0.0252211
   -0.040986    -0.102122     0.993927
    0.558704     0.805071    -0.199275
    0.826261    -0.519529     0.217674
  -0.0717137     0.286269     0.955462
     0.60075     0.796429     0.069286
     0.79641    -0.603758    0.0347396
  -0.0694996   -0.0343103     0.996992
    0.566794     0.750169    -0.340574
    0.818743    -0.466896     0.334166
  -0.0916684     0.468246      0.87883
    0.578146    -0.408476    -0.706325
     0.80899     0.174277     0.561394
    -0.10622    -0.895977     0.431211
   -0.542415   0.00252302    -0.840107
   -0.839582    0.0338368     0.542178
   0.0297945     0.999424   -0.0162353
   -0.542579     0.357379     -0.76019
    -0.83806    -0.168765     0.518819
    0.057122     0.918585     0.391073
   -0.531851     0.469637    -0.704681
   -0.845997    -0.257594     0.466834
   0.0377212     0.844444     0.534314
    0.520383     0.119099    -0.845587
    0.853409    -0.107241     0.510092
  -0.0299299    -0.987074    -0.157446
   -0.511754     0.409563    -0.755226
   -0.858672    -0.215058     0.465224
   0.0281216     0.886571     0.461737
   -0.472565     -0.36717    -0.801167
   -0.880804     0.227143      0.41544
   0.0294418     0.901994    -0.430745
   -0.440333    -0.440635    -0.782271
   -0.896699     0.259631       0.3585
   0.0451338     0.859321    -0.509441
   -0.475824     -0.30159    -0.826217
   -0.878153     0.215634     0.427023
   0.0493744     0.928733    -0.367446
   -0.407948    0.0173247    -0.912841
   -0.910111    0.0718336     0.408091
   0.0726427     0.997266    -0.013537
   -0.394991    -0.365529    -0.842835
   -0.917762     0.198124     0.344181
   0.0411779      0.90947    -0.413726
   -0.365555    -0.394054    -0.843262
   -0.928962     0.211205     0.304011
   0.0583044     0.894491    -0.443268
   -0.313753    -0.348003    -0.883433
   -0.946837     0.184361     0.263647
   0.0711203     0.919187    -0.387346
    0.441074    -0.176367    -0.879971
    0.892466   -0.0172126     0.450787
  -0.0946504    -0.984174     0.149809
    0.532187   -0.0307693    -0.846068
    0.830392    -0.175796      0.52872
   -0.165004    -0.983946   -0.0680059
    0.526732     0.811201    -0.253982
    0.838233    -0.446084     0.313646
   -0.141132     0.378104     0.914942
    0.467845     0.162267    -0.868787
    0.860369    -0.308514      0.40569
   -0.202203    -0.937277    -0.283946
   -0.480494     0.504271    -0.717521
   -0.847249   -0.0556211     0.528276
    0.226485     0.861752     0.453969
    0.451494    -0.176246    -0.874695
    0.873894    -0.110605     0.473367
   -0.180174    -0.978112     0.104083
    0.414588    0.0336998    -0.909385
    0.872107    -0.300117     0.386471
   -0.259898    -0.953307    -0.153815
   -0.392517    -0.267669    -0.879934
   -0.889045     0.355539     0.288428
    0.235648     0.895514    -0.377525
    0.358536    0.0565508    -0.931801
    0.889567     -0.32336      0.32266
    -0.28306    -0.944585    -0.166242
    0.445888    -0.229301     -0.86522
    0.848211    -0.200477     0.490253
   -0.285872    -0.952486     0.105105
    0.383896   -0.0586634    -0.921511
    0.867442    -0.319153     0.381688
   -0.316495    -0.945886   -0.0716347
    0.410347   -0.0535346    -0.910357
    0.845544    -0.351577     0.401807
   -0.341571    -0.934627   -0.0990025
    0.378596     -0.14892    -0.913503
    0.903951     -0.15254     0.399504
    -0.19884    -0.977013    0.0768651
   -0.327277 -0.000339232    -0.944928
   -0.913233      0.25694     0.316207
    0.242682     0.966427   -0.0844002
   -0.315677    -0.426656    -0.847533
   -0.926916     0.329674     0.179283
    0.202918     0.842187    -0.499545
    -0.37264     0.365048    -0.853159
     -0.9128    0.0214013     0.407847
    0.167142     0.930743      0.32524
    0.436236    -0.142289    -0.888511
    0.887268   -0.0964169     0.451065
   -0.149849    -0.985118    0.0841876
   -0.436098      0.36855    -0.820969
   -0.891751   -0.0544989     0.449232
    0.120823     0.928009     0.352422
    0.494797    -0.168833     -0.85245
    0.863402   -0.0157406     0.504271
  -0.0985559    -0.985519     0.137983
    0.507689    -0.207629    -0.836147
    0.852187   -0.0215969     0.522792
   -0.126605    -0.977969     0.165974
   -0.494185     0.380928    -0.781458
    -0.86622    -0.139464     0.479805
   0.0737858     0.914026     0.398888
     0.32769     0.390054     -0.86051
    0.939146    -0.233847     0.251636
   -0.103075    -0.890603    -0.442947
   -0.364419    -0.627953    -0.687658
   -0.925271       0.3276     0.191183
    0.105223     0.705941    -0.700411
   -0.360262    -0.842921    -0.399619
   -0.925992     0.271287     0.262567
    0.112912    -0.464637     0.878273
    -0.42197     -0.77495    -0.470525
   -0.902591     0.310276     0.298427
   0.0852738    -0.550619      0.83039
    0.413949     0.461277    -0.784774
    0.906112    -0.291395     0.306675
  -0.0872175    -0.838041    -0.538591
    0.422574     0.861173     -0.28251
    0.901205    -0.366153     0.231866
  -0.0962351      0.35258      0.93082
   -0.460704    -0.775113     0.432379
   -0.885626     0.433556    -0.166421
   0.0584654     0.459597     0.886201
    0.476938      0.86796     0.138478
    0.877099    -0.480181    -0.011153
  -0.0568142    -0.126778     0.990303
   -0.496224    -0.657843     0.566572
    -0.86734     0.404574    -0.289899
   0.0385119     0.635266     0.771333
   -0.461462     -0.78219     0.418607
     -0.8856     0.434117    -0.165093
   0.0525899     0.446903     0.893035
   -0.488725    -0.554096    -0.673889
   -0.871492     0.346019     0.347524
   0.0406163     0.757132    -0.651998
   -0.484944    -0.772696     0.409598
   -0.873849     0.446819    -0.191681
    0.034905     0.450881     0.891902
   -0.483786    -0.874996    0.0182606
   -0.873011     0.483949    0.0603825
   0.0616716   -0.0132705     0.998008
    0.512893   -0.0565814    -0.856586
    0.857663  -0.00902914     0.514134
  -0.0368246    -0.998357    0.0438968
    0.428274     0.899404    0.0874825
    0.897731    -0.434532    0.0725319
   -0.103249   -0.0474722     0.993522
    0.365391     0.916866     0.160767
    0.919493    -0.382409    0.0910847
   -0.144991    -0.114542     0.982781
    0.360674     0.896365    -0.257768
    0.923212    -0.303799     0.235341
   -0.132642     0.322856     0.937107
   -0.309017    -0.857554     0.411229
   -0.938855     0.344101    0.0120688
    0.151854     0.382355     0.911452
    0.307865     0.235037    -0.921942
    0.934501    -0.256682     0.246621
   -0.178681    -0.937482    -0.298666
   -0.318468    -0.518738    -0.793403
   -0.939462     0.284369     0.191171
    0.126452     0.806254    -0.577897
   -0.469248    -0.644152     0.604048
   -0.882125     0.373514    -0.286956
   0.0407771     0.667499     0.743493
   -0.472635     -0.49139     -0.73154
   -0.880403     0.299851     0.367396
   0.0388185     0.817695    -0.574342
    0.422302    0.0958778     -0.90137
    0.903937    -0.118606     0.410889
  -0.0675131    -0.988302    -0.136755
   -0.416747    -0.228172     -0.87992
   -0.905332     0.191321     0.379171
   0.0818311     0.954638    -0.286304
   -0.429189    -0.521975    -0.737116
   -0.902179     0.286831     0.322183
   0.0432567     0.803287    -0.594019
   -0.316367    -0.343558     -0.88424
   -0.943127     0.214231     0.254199
    0.102099      0.91437    -0.391794
   -0.326453     -0.43565    -0.838831
   -0.942097     0.221978     0.251356
   0.0766985     0.872316     -0.48289
   -0.248739    -0.284367    -0.925886
   -0.964414     0.161178     0.209587
   0.0896328      0.94507    -0.314339
   -0.330595    -0.362117    -0.871538
   -0.935481     0.247876      0.25186
    0.124831      0.89857      -0.4207
    0.242847     -0.47216     0.847402
    0.962348     0.227225    -0.149181
   -0.122113     0.851724     0.509563
    0.255413    -0.519192     0.815601
    0.954316     0.270679    -0.126546
   -0.155064     0.810662     0.564608
    0.364192     0.205781    -0.908305
    0.929214    -0.145893     0.339523
  -0.0626478    -0.967662    -0.244348
    0.269628     0.185042    -0.945019
    0.960189     -0.12612     0.249261
  -0.0730619    -0.974604    -0.211681
   -0.438714    -0.460602    -0.771606
   -0.897851     0.260343     0.355085
   0.0373292     0.848568    -0.527768
    0.499107   -0.0722164    -0.863526
    0.865954   0.00489163       0.5001
  -0.0318914    -0.997377    0.0649775
   -0.484211    -0.324842    -0.812414
   -0.874126     0.219909     0.433063
   0.0379804     0.919846    -0.390436
    0.398805    -0.250903    -0.882044
    0.834123    -0.300411     0.462592
   -0.381042    -0.920218    0.0894782
   -0.362762     -0.35781    -0.860451
   -0.864054     0.474973     0.166769
    0.349019     0.803973    -0.481469
   -0.368839    -0.824441    -0.429249
   -0.854393     0.118865      0.50585
    0.366021    -0.553325     0.748238
   -0.398017    -0.749983    -0.528306
   -0.824566    0.0400604     0.564345
    0.402085    -0.660243     0.634356
   -0.336415    -0.605862    -0.720941
   -0.887129     0.460746    0.0267639
    0.315955     0.648571    -0.692479
    0.386963     0.882551    -0.267139
    0.847151     -0.22586      0.48096
   -0.364136      0.41242     0.835054
    0.357144     0.930923   -0.0763582
    0.882796    -0.309709     0.353201
   -0.305154     0.193552     0.932426
   -0.410852    -0.772113    -0.484812
   -0.873814     0.181782     0.451004
    0.260096    -0.608932     0.749368
   -0.420392     0.495056    -0.760388
   -0.806469     0.180157     0.563161
    0.415786     0.849978     0.323511
    0.426871     0.151417    -0.891546
    0.835847    -0.442365     0.325073
   -0.345167    -0.883961    -0.315394
    0.453752     0.171595    -0.874451
    0.798408    -0.514121     0.313407
   -0.395795    -0.840378    -0.370286
    0.328629     0.834923     0.441482
    0.917919    -0.392386    0.0587954
   -0.222321    -0.385923     0.895342
    0.376938     0.925576    0.0350363
    0.907371    -0.376591     0.186699
   -0.185998    0.0385831     0.981792
   -0.383612    -0.774684    -0.502699
   -0.918582     0.264012     0.294117
   0.0951292    -0.574597     0.812889
   -0.315485    -0.811636    -0.491647
   -0.933832      0.17349     0.312825
    0.168604    -0.557807     0.812665
    0.301519     0.460702    -0.834769
    0.917681    -0.377816     0.122953
   -0.258744    -0.803124    -0.536696
   -0.288598     0.492864    -0.820851
   -0.932451    0.0499522     0.357827
    0.217364     0.868671     0.445156
    -0.30166    -0.715355     0.630292
   -0.918059     0.396308    0.0104071
    0.257235     0.575506     0.776288
   -0.333661    -0.324028    -0.885255
   -0.891024     0.415027     0.183924
    0.307808     0.850152    -0.427195
    0.287871      0.28225    -0.915131
    0.931612    -0.303929     0.199316
   -0.221878    -0.909924     -0.35044
    0.476535    -0.111759    -0.872023
    0.793145    -0.373237     0.481264
   -0.379256     -0.92098   -0.0892194
    0.460341     0.184178    -0.868427
    0.841619     -0.40176     0.360924
   -0.282425    -0.897033    -0.339954
    0.500245     0.194602    -0.843733
    0.830505    -0.383521     0.403946
    -0.24498    -0.902797    -0.353473
    0.484884    -0.024153    -0.874245
    0.804512     -0.37972     0.456699
   -0.342999    -0.924786    -0.164689
     0.49427   -0.0668477    -0.866734
    0.858175    -0.121535     0.498763
    -0.13868    -0.990334  -0.00270415
   -0.495852    -0.868017    0.0260151
   -0.839798     0.486927     0.240087
    0.221067   -0.0972002     0.970403
    0.492745    -0.242476    -0.835708
    0.863669    0.0190686     0.503699
   -0.106199     -0.96997     0.218815
   -0.501602    -0.722814    -0.475327
   -0.857914     0.344957     0.380774
    0.111262    -0.598786     0.793143
    0.484595     0.872406    0.0638379
      0.8167    -0.477375     0.324213
    -0.31332     0.104975     0.943828
   -0.475929    -0.782823    -0.400849
   -0.856541     0.309146     0.413238
    0.199571    -0.540016     0.817652
    0.453702     0.882402     0.124582
     0.83603    -0.469862     0.283342
   -0.308558    0.0243989     0.950892
   -0.493926    -0.786532     -0.37068
   -0.869178     0.434953     0.235257
   0.0238093    -0.438387     0.898471
   -0.490713    -0.787729    -0.372403
     -0.8713     0.440667     0.215983
  0.00603067    -0.430461     0.902589
   -0.467345    -0.748149    -0.471022
   -0.879797     0.445928     0.164637
  -0.0868686    -0.491346     0.866622
   -0.488054    -0.683703    -0.542544
   -0.869872     0.432011     0.238095
  -0.0715981    -0.588147     0.805579
    0.489265     0.123313    -0.863374
    0.870869    -0.122414     0.476028
  -0.0469889    -0.984789    -0.167282
      0.4651     0.836527     0.289662
    0.884492    -0.425511    -0.191346
   0.0368114    -0.345199     0.937807
    0.427757     0.876925    -0.219151
    0.894635    -0.376129     0.241156
   -0.129047     0.299216     0.945419
     -0.4386    -0.396561    -0.806455
   -0.878218     0.379548     0.290992
    0.190692     0.835873    -0.514736
    0.417146     0.907459    0.0500778
    0.908019    -0.418477    0.0194659
  -0.0386209   -0.0373515     0.998556
    0.460346    -0.609906    -0.645055
    0.849583     0.513421     0.120864
    0.257469    -0.603667     0.754517
   -0.462118     0.337882    -0.819929
   -0.847883    -0.439291     0.296847
   -0.259888     0.832382     0.489488
     -0.4465     0.623665    -0.641623
   -0.856888    -0.504505     0.105916
   -0.257646     0.597091     0.759672
    -0.44856    -0.667191    -0.594685
   -0.860313     0.502629     0.085006
   -0.242191    -0.549745     0.799452
   -0.471148     0.433711    -0.768058
   -0.845802    -0.469217     0.253879
   -0.250276      0.76924     0.587905
   -0.447114     0.592227    -0.670341
    -0.87108    -0.458573     0.175869
   -0.203245     0.662554     0.720911
    0.432318     0.849584    -0.302173
    0.882748    -0.467132   -0.0504333
    0.184002      0.24494     0.951918
   -0.417671    -0.787648    -0.452947
   -0.898777     0.431259    0.0788457
   -0.133235     -0.44003     0.888044
   -0.377913    -0.832654    -0.404807
   -0.924026     0.366571     0.108632
   -0.057938    -0.415105     0.907927
     0.44604    -0.175453    -0.877647
    0.872555     0.303535     0.382771
    0.199238    -0.936527     0.288481
    0.393552     0.878915    -0.269492
     0.91214    -0.409852  -0.00463632
    0.114527      0.24399     0.962991
    0.411397     0.854382    -0.317464
    0.901692    -0.432351   0.00491651
    0.133055     0.288277     0.948258
   -0.421424    -0.719484    -0.552036
    -0.90465      0.37604     0.200506
  -0.0633269    -0.583897     0.809354
    0.362851     0.905081    -0.221737
    0.931491    -0.345718     0.113151
  -0.0257526     0.247603     0.968519
   -0.446273    -0.771519    -0.453429
   -0.888671     0.441734     0.123026
   -0.105378    -0.457853     0.882761
   -0.462271    -0.697515     -0.54752
   -0.871776     0.470441      0.13672
   -0.162211    -0.540516     0.825548
   -0.451122     0.497266     -0.74109
   -0.865109    -0.447665     0.226235
   -0.219261     0.743184     0.632141
   -0.440554    -0.650807    -0.618355
   -0.869446     0.480844     0.113368
   -0.223551    -0.587571     0.777679
   -0.457812     -0.72593    -0.513258
   -0.872899     0.476562     0.104573
   -0.168687    -0.495898     0.851839
   -0.438224     0.483563    -0.757712
   -0.860745    -0.468639     0.198734
   -0.258993     0.739287     0.621593
    0.377627     0.859233     0.345131
     0.92397    -0.325251    -0.201226
   0.0606461    -0.394879     0.916729
     0.34425      0.30539    -0.887823
    0.938587   -0.0883946     0.333528
   0.0233771    -0.948116    -0.317065
   -0.309121    -0.451798    -0.836853
   -0.949121     0.202176     0.241441
   0.0601088     0.868909    -0.491308
   -0.337716    -0.609019    -0.717665
   -0.940889     0.239478     0.239536
   0.0259831     0.756139    -0.653895
    0.289807     0.216037    -0.932384
    0.951422    -0.170848     0.256138
   -0.103961    -0.961321    -0.255055
    -0.29861    -0.426687     -0.85368
   -0.948712     0.230016     0.216884
    0.103819      0.87466    -0.473489
   -0.285029    -0.612345    -0.737423
   -0.948115     0.293157     0.123033
    0.140842      0.73423    -0.664131
   -0.319852    -0.657128     0.682552
   -0.944404     0.279008    -0.173944
   0.0761342     0.700241     0.709835
    0.281502     0.252315    -0.925794
    0.942918     -0.25165     0.218124
    -0.17794     -0.93435    -0.308752
   -0.288869    -0.543141    -0.788386
   -0.946002     0.288456     0.147896
    0.147086     0.788538    -0.597138
    0.325999     0.943377    0.0613534
    0.941278    -0.329935    0.0716871
  -0.0878706   -0.0343807     0.995538
      0.3356     0.915488    -0.221935
    0.941916    -0.322893     0.092382
  -0.0129133     0.240048     0.970675
    0.681241     0.330338     -0.65329
    0.549128    -0.820741     0.157612
   -0.484117    -0.466112     -0.74052
    0.687132    0.0365558    -0.725612
    0.555583    -0.670002     0.492366
   -0.468163    -0.741458     -0.48069
   -0.689109    -0.246309    -0.681514
   -0.599968      0.72136     0.345944
    0.406408      0.64728    -0.644873
   -0.693967    -0.413408    -0.589495
   -0.610116     0.772385     0.176575
    0.382319     0.482198    -0.788237
   -0.697772    -0.362965    -0.617552
   -0.566453     0.807294     0.165549
    0.438458      0.46533     -0.76891
   -0.678052    -0.584557     0.445577
   -0.661603     0.749485   -0.0235287
    0.320199     0.310748     0.894934
   -0.687727    -0.542759     0.482125
   -0.617998     0.786172   0.00350156
    0.380934     0.295544     0.876095
   -0.674483    -0.464233    -0.574074
   -0.664139      0.72115     0.197132
