  -0.0298967    -0.876102     0.481198
   -0.997248  -0.00653203   -0.0738514
   0.0678445    -0.482081    -0.873496
  -0.0524299    -0.886944     0.458892
   -0.996881    0.0193427   -0.0765115
   0.0589852    -0.461472    -0.885192
  -0.0906153    -0.855817     0.509281
   -0.994804    0.0539566   -0.0863325
   0.0464057    -0.514458    -0.856259
   -0.114684    -0.849907     0.514301
   -0.992146    0.0719701    -0.102305
   0.0499356    -0.521994    -0.851486
   -0.141123    -0.920342     0.364766
   -0.989129     0.115698   -0.0907641
   0.0413314     -0.37361    -0.926665
   -0.146025    -0.886891    -0.438294
   -0.988941     0.119255    0.0881688
   0.0259275    -0.446321     0.894497
   -0.163207    -0.836325    -0.523378
   -0.986332     0.126142     0.106006
   0.0226353    -0.533525     0.845481
   -0.156567    -0.882936     0.442619
   -0.986986     0.123231    -0.103304
   0.0366667    -0.453033     -0.89074
    0.163319     0.706618     -0.68849
    0.986485     -0.10763     0.123544
  -0.0131964     0.699362     0.714646
   -0.159655    -0.847242     0.506647
   -0.986553     0.118758     -0.11229
   0.0349686    -0.517762     -0.85481
   -0.151281    -0.866185    -0.476276
   -0.988491     0.132791    0.0724749
-0.000468672    -0.481758     0.876304
   -0.149447    -0.865604     0.477907
   -0.988595     0.121735   -0.0886544
   0.0185617    -0.485706    -0.873925
    0.141058     0.987942    -0.063818
    0.980028    -0.130219     0.150294
   -0.140171    0.0837436     0.986579
    0.183538     0.980647   -0.0681514
    0.969426    -0.169079     0.177837
   -0.162872    0.0987076     0.981697
   -0.144442    -0.939576    -0.310376
   -0.978714    0.0894415     0.184712
    0.145791     -0.33045     0.932496
   -0.190294    -0.908931      0.37099
   -0.966649     0.239453    0.0908358
    0.171398     0.341332     0.924184
    0.213149     0.927296     0.307717
    0.959143    -0.258574     0.114827
   -0.186046    -0.270669     0.944524
    -0.16224    -0.800091     0.577523
   -0.974567     0.221617    0.0332462
    0.154589     0.557441     0.815697
    0.213549     0.972077    0.0972746
    0.959434    -0.227443       0.1666
   -0.184072   -0.0577514     0.981215
    0.190646     0.290381    -0.937727
    0.967047    -0.219757     0.128556
   -0.168742    -0.931335    -0.322708
   -0.212554    -0.503772    -0.837278
   -0.961352     0.261265    0.0868547
    0.174996      0.82338    -0.539835
    0.232066     0.968688   -0.0882561
    0.952846    -0.208153     0.220809
   -0.195524     0.135337     0.971316
     0.23161     0.638426    -0.734009
    0.954275    -0.295685    0.0439324
   -0.188988    -0.710621    -0.677718
    0.242348     0.674798     0.697076
    0.950266     -0.30996   -0.0303181
   -0.195607    -0.669755     0.716356
    0.164958     0.235291    -0.957824
    0.974839    -0.186514     0.122071
   -0.149926    -0.953861    -0.260138
   -0.190149    -0.514107    -0.836384
   -0.968697     0.236736    0.0747133
    0.159592     0.824409    -0.543029
   -0.165198    -0.709902    -0.684652
   -0.976861    0.0221662     0.212721
    0.135835    -0.703951     0.697138
   -0.138725    -0.453493    -0.880397
   -0.981944     0.178438    0.0628122
    0.128612     0.873215    -0.470058
    0.135041       0.9877   -0.0788245
    0.982281    -0.123016     0.141392
   -0.129956    0.0965215     0.986811
  -0.0971387    -0.944268    -0.314518
   -0.989552    0.0578033     0.132082
     0.10654    -0.324062     0.940017
   0.0863468     0.951888    -0.294029
     0.99016   -0.0493732     0.130938
   -0.110121     0.302442     0.946785
   -0.115722    -0.941161    -0.317529
   -0.985004    0.0675505     0.158758
    0.127968    -0.331139     0.934864
   -0.082504     -0.99655   0.00904158
   -0.990976    0.0829975     0.105248
    0.105635  0.000276618     0.994405
   0.0602538     0.965608    -0.252923
    0.993859   -0.0344747     0.105149
  -0.0928134     0.257705     0.961756
  -0.0528941    -0.986225    -0.156725
   -0.994773     0.038312    0.0946462
    0.087338    -0.160912     0.983097
   -0.030916    -0.992494    -0.118322
   -0.996801    0.0218855    0.0768738
   0.0737072     -0.12032     0.989995
    0.111907     0.992888   -0.0406307
    0.986103    -0.105904     0.128001
   -0.122788    0.0543904     0.990941
    0.237051     0.608679    -0.757177
    0.954983    -0.289093    0.0665829
   -0.178367    -0.738874    -0.649808
     -0.2326    -0.553654    -0.799603
   -0.956618     0.278544    0.0854081
    0.175438     0.784781    -0.594425
    0.221261     0.621579    -0.751454
    0.963284    -0.259463    0.0690135
   -0.152077    -0.739134    -0.656166
    0.220662     0.691158     0.688193
    0.963418    -0.264484   -0.0432868
   -0.152098    -0.672569     0.724236
   -0.219381     -0.54287    -0.810656
   -0.964224     0.247374    0.0952809
     0.14881     0.802557    -0.577718
   -0.201403    -0.437379    -0.876434
   -0.972105     0.199053     0.124051
      0.1202     0.876971    -0.465268
   -0.205934    -0.392285    -0.896495
   -0.971574      0.19128     0.139481
    0.116766     0.899736    -0.420525
   -0.186163    -0.533381    -0.825135
    -0.97906     0.171112     0.110281
   0.0823692     0.828387    -0.554067
   -0.197087    -0.556627    -0.807046
   -0.973244     0.210263    0.0926537
    0.118118     0.803714    -0.583175
    0.180344     0.609518    -0.771987
    0.980212    -0.176492    0.0896389
  -0.0816132    -0.772876    -0.629286
    0.174544     0.695949     0.696556
    0.981457    -0.179889   -0.0662026
  -0.0792288    -0.695195     0.714442
    0.205677     0.650705    -0.730945
    0.972156    -0.221564    0.0763093
   -0.112296    -0.726287    -0.678157
   -0.193826    -0.796364     0.572919
    -0.97826     0.200796   -0.0518486
   0.0737498     0.570514      0.81797
    0.196377     0.704025     0.682484
     0.97819    -0.188709   -0.0867973
  -0.0676835    -0.684644     0.725728
   -0.202452    -0.871167     0.447305
   -0.974188     0.225736  -0.00128034
   0.0998575     0.436019      0.89438
   -0.213405    -0.455059    -0.864511
   -0.966739     0.226051     0.119653
    0.140974     0.861291    -0.488164
   -0.202831    -0.636493     0.744134
   -0.971206      0.22775   -0.0699194
    0.124974     0.736889     0.664361
    0.210044      0.59415    -0.776445
    0.965051     -0.25329    0.0672428
   -0.156714    -0.763433    -0.626587
    0.223103     0.651486    -0.725114
    0.960067     -0.27567     0.047715
   -0.168807    -0.706804    -0.686974
     0.19322     0.661609    -0.724527
    0.971636    -0.231642    0.0475937
   -0.136342    -0.713173    -0.687601
   -0.174131    -0.884648     0.432522
    -0.98372     0.136458     -0.11694
   0.0444296    -0.445844    -0.894008
   -0.170283    -0.897583     0.406632
   -0.983853     0.131788    -0.121099
    0.055107    -0.420687    -0.905531
   -0.179123    -0.902759    -0.391077
   -0.980858      0.13301     0.142219
   0.0763727    -0.409065     0.909303
   -0.161251    -0.864409      0.47623
   -0.985166     0.112285    -0.129767
   0.0586981    -0.490091    -0.869693
   -0.160681    -0.934319     0.318166
    -0.98362     0.124901    -0.129968
   0.0816926    -0.333837    -0.939084
   -0.131368    -0.944859     0.299973
   -0.988238     0.100925    -0.114887
   0.0782771    -0.311537    -0.947004
   -0.132705    -0.916167      0.37819
   -0.989192    0.0984138    -0.108693
   0.0623621    -0.388527    -0.919325
   -0.172716    -0.511193    -0.841933
   -0.977953     0.190863    0.0847337
    0.117378     0.838005    -0.532888
    0.140857     -0.14041    -0.980023
    0.983846   -0.0906175     0.154389
   -0.110485    -0.985938     0.125378
   -0.194343    -0.836832     0.511804
   -0.975292     0.220719  -0.00944907
    0.105058     0.500995      0.85905
   -0.199894    -0.810985      0.54986
   -0.976041     0.214035   -0.0391468
   0.0859421     0.544512     0.834339
    0.191247      0.34979      -0.9171
    0.979388    -0.129872     0.154702
   -0.064992    -0.927783    -0.367418
   -0.190908   -0.0193737    -0.981417
    -0.98079    0.0445821     0.189906
   0.0400744     0.998818   -0.0275126
   -0.196205    -0.577836    -0.792218
   -0.978876     0.162797     0.123691
   0.0574975     0.799752    -0.597571
   -0.174654    -0.909063     0.378286
   -0.984219     0.150083   -0.0937447
   0.0284455    -0.388689     -0.92093
   -0.104356    -0.880022     0.463326
   -0.993341    0.0693626   -0.0919874
   0.0488134    -0.469841    -0.881401
  -0.0714618    -0.896512     0.437218
   -0.996258    0.0427871   -0.0751004
   0.0486211    -0.440949    -0.896214
  -0.0836117    -0.930354     0.357001
   -0.994145     0.053269    -0.094014
   0.0684493    -0.362772    -0.929361
  -0.0379828    -0.882098     0.469531
    -0.99765   0.00665857   -0.0681956
   0.0570288    -0.471018    -0.880278
  -0.0458259    -0.823217     0.565874
   -0.996887   0.00130146   -0.0788371
   0.0641636    -0.567725    -0.820714
  -0.0185497    -0.734693     0.678146
   -0.997765   -0.0299425   -0.0597317
   0.0641899    -0.677739    -0.732496
  -0.0163313    -0.906222     0.422486
   -0.997808   -0.0123312   -0.0650206
   0.0641328    -0.422622    -0.904034
  -0.0404676    -0.979992    -0.194879
   -0.996626    0.0256515    0.0779601
   0.0714014    -0.197376     0.977724
   -0.014743    -0.964327    -0.264302
   -0.998092  -0.00165944    0.0617291
   0.0599657    -0.264708     0.962462
  -0.0703346    -0.916346      0.39416
   -0.993996    0.0311829    -0.104876
   0.0838117     -0.39917    -0.913038
    0.119008     0.990618    0.0671745
    0.987863    -0.124936    0.0922904
  -0.0998171   -0.0553759     0.993464
   -0.113702     -0.91929     0.376798
   -0.990586     0.075799    -0.113989
   0.0762279    -0.386212    -0.919255
   -0.145843     -0.53765    -0.830459
   -0.988696      0.10872     0.103246
   0.0347771     0.836129    -0.547429
   -0.152445    -0.386516    -0.909597
   -0.987673    0.0926791     0.126148
   0.0355425     0.917614     -0.39588
    0.117741     0.202847    -0.972106
    0.992985   -0.0133302     0.117489
   0.0108738     -0.97912    -0.202994
    0.113743     0.283436    -0.952222
    0.993461   -0.0228861     0.111857
  0.00991165    -0.958718    -0.284186
    0.123291     0.147167    -0.981398
    0.992302  -0.00668451     0.123658
   0.0116382    -0.989089    -0.146858
   0.0967343     0.710311     0.697209
    0.993845   -0.0309386    -0.106371
    0.053986    -0.703207     0.708932
  -0.0993402    -0.912659     0.396465
   -0.993232    0.0668483   -0.0949846
  -0.0601855     0.403218     0.913123
   0.0754458     -0.73083     0.678377
    0.991793   -0.0154281    -0.126923
    0.103225     0.682385     0.723668
  -0.0915427     0.386485    -0.917741
   -0.994378   -0.0847276    0.0635061
  -0.0532138     0.918395     0.392069
   0.0769348    -0.830451     0.551754
    0.992043   0.00844795    -0.125612
   0.0996535     0.557028     0.824493
   0.0787586   -0.0404821    -0.996071
    0.992976    0.0916853    0.0747875
   0.0882975    -0.994965    0.0474188
   -0.105757    -0.864032     0.492203
   -0.992509    0.0612678    -0.105703
  -0.0611743     0.499694     0.864039
  -0.0833221    -0.409885    -0.908323
   -0.990984   -0.0618878     0.118832
   -0.104922     0.910035    -0.401033
  -0.0846823    -0.435853    -0.896025
   -0.990955   -0.0571129     0.121435
   -0.104103     0.898204    -0.427074
   -0.114301    -0.993157    0.0239817
   -0.991157     0.112367   -0.0705837
   -0.067406    0.0318374     0.997218
      0.1351     0.988947    0.0610917
     0.99057    -0.133388   -0.0312974
   0.0228025   -0.0647438     0.997641
    0.148502     0.949986     0.274725
    0.988724    -0.137206   -0.0600012
   0.0193064    -0.280538     0.959649
   -0.168362    -0.733508     0.658499
    -0.98529     0.145086   -0.0903018
   0.0293017     0.664016     0.747144
    0.158834     0.286979    -0.944677
    0.986625   -0.0816408     0.141085
  -0.0366357    -0.954452    -0.296108
   -0.169677    -0.448987     -0.87728
   -0.985167     0.100404     0.139158
   0.0256026     0.887879    -0.459364
   0.0699721     0.218943    -0.973226
    0.989853     0.105717    0.0949502
    0.123675    -0.969994    -0.209324
  -0.0573969    -0.645317    -0.761755
   -0.987869    -0.073566     0.136755
    -0.14429     0.760364    -0.633267
   0.0541982    -0.150798    -0.987078
      0.9838     0.177234    0.0269418
    0.170881    -0.972547     0.157961
   0.0596413    -0.233486    -0.970529
    0.985316     0.169597    0.0197489
    0.159988    -0.957456     0.240172
  -0.0443934  -0.00312861    -0.999009
   -0.983459    -0.175643    0.0442525
   -0.175608     0.984449   0.00472055
   0.0473328     0.979774     -0.19443
    0.978449   -0.0846441    -0.188342
     0.20099     0.181325     0.962665
   0.0375934     0.998772   -0.0322816
    0.977935    -0.043414    -0.204349
      0.2055    0.0238871     0.978366
   0.0373717     0.983762    -0.175544
     0.97119   -0.0771295    -0.225481
     0.23536      0.16206     0.958302
   0.0514546    -0.239839    -0.969448
    0.979668     0.200611   0.00236653
    0.193914    -0.949859     0.245285
  -0.0446068    -0.584625     0.810077
   -0.972511     0.210921    0.0986687
   -0.228547    -0.783407    -0.577962
  -0.0419935    -0.788285     0.613876
   -0.974042     0.169092     0.150501
   -0.222439     -0.59162    -0.774923
   0.0261835     0.989781    -0.140172
    0.977257   -0.0548613    -0.204839
    0.210435     0.131621     0.968707
  -0.0254109    -0.982782    -0.183015
   -0.972298    0.0668499    -0.223981
   -0.232359    -0.172254     0.957256
   0.0112995     -0.99956    0.0274427
    0.972001    0.0045379    -0.234934
    0.234706     0.029329     0.971624
    0.013809    -0.933492    -0.358333
    0.976501   -0.0644915     0.205638
    0.215071     0.352752    -0.910665
   0.0357943    -0.561438     0.826745
    0.983581    -0.126634    -0.128581
    0.176884     0.817772     0.547686
   0.0309308    -0.790172     0.612104
     0.98281   -0.0874733    -0.162584
    0.182012      0.60661     0.773884
   0.0494299     0.172466    -0.983774
    0.986782     0.143765    0.0747845
     0.15433    -0.974468     -0.16308
   0.0558792    -0.278826     0.958715
    0.987632    -0.125451     -0.09405
    0.146496     0.952113     0.268367
    0.055679    -0.439511      0.89651
     0.98819    -0.104126     -0.11242
     0.14276     0.892181     0.428523
  0.00272052    -0.772643     0.634835
   -0.977987     0.130401     0.162899
   -0.208646    -0.621304     -0.75528
  -0.0295079    -0.969553    -0.243098
   -0.981181    0.0745247     -0.17813
   -0.190823    -0.233267     0.953506
  -0.0184393      0.99973    0.0141424
   -0.979445   -0.0152199    -0.201136
   -0.200866   -0.0175605     0.979461
   0.0493072     0.958585     0.280505
    0.983985   0.00154532    -0.178246
    0.171297    -0.284802     0.943157
   0.0613747     0.993459    0.0962968
    0.984553   -0.0444081    -0.169362
    0.163978    -0.105204     0.980838
   0.0388938    -0.803374     0.594203
    0.982925   -0.0762697    -0.167456
     0.17985      0.59057      0.78669
   0.0894766     -0.83061     0.549619
    0.987062  0.000232932    -0.160339
    0.133051     0.556855     0.819884
   0.0713077    -0.853311     0.516504
    0.986791   -0.0151632    -0.161286
    0.145459     0.521182     0.840958
   -0.113947    -0.701054    -0.703945
   -0.988495     0.150945   0.00968192
  -0.0994695    -0.696949     0.710188
   0.0863646     0.995881   -0.0275995
    0.986972   -0.0893011    -0.133838
    0.135751    0.0156811     0.990619
   -0.118767    -0.792828      0.59776
   -0.987389    0.0308382     -0.15528
   -0.104676     0.608664     0.786493
    -0.11203    -0.937035      0.33078
   -0.988475     0.139191    0.0595198
   -0.101814      -0.3203    -0.941829
   0.0639811    -0.703629     0.707681
    0.987506   -0.0576896    -0.146639
    0.144006     0.708221     0.691147
   0.0980227     0.940958    -0.324021
    0.988779    -0.128966   -0.0753917
    0.112728     0.312995     0.943041
   0.0338759    -0.747512     0.663384
    0.982918   -0.0952244    -0.157493
    0.180899     0.657387     0.731517
  0.00782754    -0.976957    -0.213295
    0.976769   -0.0382108     0.210863
    0.214154      0.20999    -0.953961
   0.0100952    -0.982339    -0.186837
    0.978154   -0.0290966     0.205834
    0.207635     0.184833    -0.960585
  0.00716033    -0.959146    -0.282821
    -0.97355    0.0579021    -0.221014
   -0.228361    -0.276923     0.933362
   0.0004291    -0.993332    -0.115292
   -0.972463     0.026455    -0.231549
   -0.233055    -0.112217     0.965967
  0.00834531    -0.906809    -0.421459
   -0.975369    0.0855242    -0.203327
   -0.220423    -0.412775     0.883759
   -0.136905    -0.917406     0.373662
   -0.988642     0.150152   0.00642418
  -0.0619998    -0.368538    -0.927543
   -0.146767    -0.894378    -0.422549
   -0.986736     0.162331 -0.000863286
   -0.069365    -0.416817      0.90634
   -0.161645    -0.804691    -0.571264
    -0.98633     0.150507     0.067087
  -0.0319946    -0.574299      0.81802
   -0.151444    -0.831745     0.534102
   -0.987957     0.144706   -0.0547864
  -0.0317194    -0.535967    -0.843643
   -0.160042     -0.88935     0.428302
   -0.986479     0.128585    -0.101612
  -0.0352953     0.438774     0.897904
   -0.173963     -0.81191      0.55726
   -0.984736     0.140153    -0.103212
  0.00569696    -0.566709    -0.823898
   -0.182171     0.414659    -0.891556
   -0.983257   -0.0726653     0.167112
  0.00450918     0.907071     0.420953
   -0.152175    -0.855352     0.495193
   -0.988286     0.137567   -0.0660834
  -0.0115974    -0.499448    -0.866266
   -0.181417    -0.888685     0.421102
   -0.983302      0.17015     -0.06454
   0.0142949     0.425779     0.904714
    0.159773     0.946556     0.280185
    0.986867    -0.146323   -0.0684251
   0.0237705    -0.287438     0.957504
     0.12751     0.986558    -0.102195
     0.98942    -0.133712   -0.0562976
   0.0692055    0.0939349      0.99317
   -0.133423    -0.883282     0.449456
   -0.988158    0.0838919    -0.128474
  -0.0757728     0.461275     0.884016
   -0.155053    -0.870055     0.467934
   -0.987784     0.143992   -0.0595757
  -0.0155447    -0.471455    -0.881753
   -0.142378    -0.904509     0.401985
   -0.988802     0.148324    -0.016474
  -0.0447234    -0.399829    -0.915498
    0.145616     0.957544    -0.248808
    0.988379    -0.151889  -0.00609505
   0.0436276     0.245029     0.968534
   -0.134606    -0.937097     0.322071
     -0.9891     0.146646    0.0132982
   -0.059692     -0.31677    -0.946622
   -0.128115    -0.830155     0.542614
   -0.989593     0.143147    -0.014647
  -0.0655144    -0.538843    -0.839855
    -0.10989    -0.905536     0.409791
   -0.990501     0.134055     0.030615
  -0.0826575    -0.402534    -0.911666
   -0.106758    -0.908399     0.404244
   -0.990946     0.130503    0.0315589
  -0.0814231    -0.397214    -0.914107
   -0.110987    -0.933674    -0.340492
   -0.989743     0.134851   -0.0471599
  -0.0899475    -0.331766     0.939064
  -0.0827877    -0.881702     0.464486
   -0.988561     0.131619    0.0736466
   -0.126069    -0.453076    -0.882513
  -0.0619492     0.998036  -0.00927599
   -0.986036   -0.0626385    -0.154304
   -0.154582 -0.000412556      0.98798
  -0.0577883    -0.903994     0.423621
   -0.987706     0.113509     0.107486
   -0.145252    -0.412201     -0.89944
  -0.0362152    -0.906739     0.420135
    -0.98304     0.107953     0.148249
   -0.179778    -0.407641     -0.89527
  -0.0323936    -0.961996     0.271137
    -0.98605    0.0750738     0.148556
   -0.163265    -0.262543    -0.951008
 -0.00885743    -0.984894    -0.172933
   -0.983955    0.0394028    -0.174011
   -0.178196    -0.168617      0.96944
 -0.00462817    -0.888721    -0.458426
    -0.98035    0.0944403    -0.173188
    -0.19721    -0.448616     0.871695
  -0.0276825    -0.884668     0.465399
    -0.98868    0.0929134      0.11781
   -0.147464    -0.456869    -0.877226
 -0.00372215    -0.918573     0.395235
   -0.987984    0.0644469     0.140478
   -0.154511    -0.389963    -0.907775
 -0.00927013    -0.982741    -0.184753
   -0.990221    0.0347418    -0.135114
   -0.139201    -0.181694     0.973453
  -0.0426054    -0.961064     -0.27302
   -0.988232      0.08072    -0.129929
   -0.146908    -0.264271     0.953194
  -0.0648045      -0.9478     0.312212
   -0.988556     0.103685     0.109573
   -0.136225    -0.301538    -0.943672
   0.0824251    -0.949233    -0.303582
    0.988029    0.0379744     0.149521
    0.130402     0.312272       -0.941
    0.102654     0.991495   -0.0799991
      0.9882    -0.110842    -0.105714
    0.113682    0.0682031     0.991173
   -0.089261    -0.955072     0.282612
   -0.988618     0.119458    0.0914541
   -0.121106    -0.271232    -0.954865
   0.0567401    -0.801365     0.595478
     0.98861   -0.0381769    -0.145576
    0.139393     0.596956     0.790072
  -0.0110607    -0.893665     0.448598
   -0.990638    0.0708382     0.116694
   -0.136063    -0.443108    -0.886083
   -0.454973    -0.718401     0.526213
   -0.879028      0.45688    -0.136276
    0.142515     0.524558     0.839362
     0.50807     0.146832    -0.848708
    0.855218    -0.203042      0.47684
   -0.102308    -0.968098    -0.228733
   -0.472907    -0.408314    -0.780794
   -0.877086     0.302759     0.372903
    0.084131     0.861172    -0.501303
   -0.504912    -0.571963    -0.646469
   -0.859617     0.401089     0.316523
   0.0782525     0.715532    -0.694184
    0.532892      0.10202    -0.840011
    0.839985     -0.18371     0.510564
   -0.102231    -0.977672    -0.183593
   -0.477947    -0.570205    -0.668156
   -0.876808     0.355316     0.323973
   0.0526756     0.740686    -0.669783
   -0.521407    -0.499992    -0.691479
   -0.849355     0.382016     0.364227
   0.0820452     0.777221    -0.623856
   -0.501713    -0.427601    -0.751958
   -0.862834     0.309329     0.399791
   0.0616515     0.849396    -0.524143
   -0.503845     0.354483    -0.787707
   -0.860043    -0.120978     0.495671
   0.0804118     0.927204     0.365824
    0.543642    0.0627561    -0.836968
    0.832765    -0.164691     0.528564
   -0.104671    -0.984347    -0.141794
   -0.524841    -0.433149    -0.732751
   -0.845813     0.362086     0.391784
   0.0956181     0.825395      -0.5564
    0.544074   -0.0408334    -0.838043
    0.830725    -0.114028     0.544879
    -0.11781    -0.992638   -0.0281185
   -0.479228    -0.516706    -0.709475
   -0.876698     0.320242     0.358952
   0.0417317     0.794015    -0.606464
    0.482548      0.82992     0.279965
    0.873769    -0.478262    -0.088284
  -0.0606278    -0.287226     0.955942
   -0.461983    -0.715233     0.524417
   -0.885823     0.401095    -0.233323
   0.0434604     0.572332      0.81887
   -0.455566    -0.739632     0.495383
   -0.889701     0.396968    -0.225497
   0.0298661     0.543472     0.838896
   -0.456254    -0.361041    -0.813316
   -0.888936     0.226328     0.398205
   0.0403079     0.904668    -0.424206
    -0.43081    -0.566225    -0.702703
   -0.902009     0.294326     0.315836
   0.0279898      0.76991    -0.637539
   -0.416823    -0.352705     -0.83777
   -0.907621     0.212007     0.362321
    0.049821     0.911401    -0.408492
   -0.440558    -0.594882    -0.672327
   -0.895736     0.341104     0.285139
   0.0597096     0.727848    -0.683134
    0.389456     0.106552    -0.914861
    0.918015    -0.125404     0.376193
  -0.0746428    -0.986367    -0.146656
   -0.381352     -0.29054    -0.877586
   -0.923667     0.158325     0.348959
   0.0375573     0.943674     -0.32874
   -0.358171     0.481472    -0.799936
   -0.931633    -0.127932     0.340137
   0.0614287     0.867074     0.494377
    0.320042     0.161375    -0.933558
    0.946144    -0.105237     0.306165
  -0.0488372    -0.981266    -0.186364
   -0.434494    -0.581735    -0.687604
   -0.895331     0.362009     0.259485
   0.0979668     0.728377    -0.678136
   -0.531707     0.492839    -0.688765
   -0.835074    -0.169487     0.523379
    0.141205     0.853454     0.501675
   -0.514861    -0.367066    -0.774714
   -0.849016     0.343459     0.401507
    0.118703     0.864464    -0.488478
    0.497941     0.177417    -0.848869
    0.854404    -0.267969     0.445181
   -0.148487    -0.946951    -0.285019
   -0.514956    -0.613665    -0.598527
   -0.839955      0.22181     0.495254
    0.171161     -0.75777     0.629674
   -0.473156    -0.538686    -0.697095
   -0.871523     0.401835     0.281029
    0.128731     0.740504    -0.659607
     0.48158    -0.151371    -0.863231
    0.858459    -0.116818     0.499402
   -0.176436     -0.98155    0.0736883
   -0.459757    -0.445368    -0.768291
   -0.875321     0.373198     0.307468
    0.149788     0.813862     -0.56142
   -0.449985     0.320976     -0.83336
   -0.876535    0.0198172     0.480931
    0.170882      0.94688     0.272429
   -0.505514    -0.662097    -0.553247
   -0.839274     0.228559     0.493336
    0.200186    -0.713714     0.671221
    0.469872    0.0259618    -0.882353
    0.858734    -0.244944     0.450087
   -0.204442     -0.96919    -0.137387
    0.496216    -0.285424    -0.819941
     0.83774   -0.0905511     0.538508
    -0.22795    -0.954114     0.194178
    0.444324    -0.212834    -0.870217
    0.887151   -0.0306282     0.460462
   -0.124655    -0.976608     0.175207
   -0.430452     0.424723    -0.796443
   -0.890847   -0.0579012     0.450598
    0.145264      0.90347     0.403288
     0.41291      0.85962     0.300931
      0.9026    -0.430385   -0.0090552
   -0.121732     -0.27536     0.953603
   -0.426646    -0.652249     0.626533
   -0.898408     0.385378    -0.210588
    0.104096     0.652729     0.750406
    0.458275    -0.157882    -0.874675
    0.882522   -0.0360298      0.46889
   -0.105544      -0.9868     0.122823
    -0.44075     -0.68732     0.577349
   -0.893319     0.398827    -0.207168
   0.0878716     0.607066     0.789778
   -0.474328    -0.655862    -0.587247
   -0.876664     0.290932     0.383169
   0.0804567    -0.696566     0.712968
   -0.490562     0.460514    -0.739781
   -0.865092    -0.155354      0.47695
    0.104714     0.873952     0.474597
   -0.452514    -0.485137    -0.748247
   -0.889289     0.307882     0.338191
   0.0663022     0.818444    -0.570748
    0.398411     0.894292     0.203742
    0.914777    -0.403586   -0.0173447
   -0.066716    -0.193289     0.978871
    0.405343     0.912735   -0.0511151
     0.91144    -0.399188    0.0996335
  -0.0705344     0.086974      0.99371
   -0.405759    -0.788341     -0.46247
   -0.910726     0.306074     0.277304
   0.0770601    -0.533702     0.842154
   -0.419937    -0.801587    -0.425572
   -0.905066     0.335197     0.261721
   0.0671419    -0.495077     0.866251
    0.417245     0.337966    -0.843615
    0.906179    -0.225089     0.358014
  -0.0688919    -0.913846    -0.400175
   -0.423301     0.563418     -0.70949
   -0.903186    -0.200869     0.379351
   0.0712185     0.801381     0.593899
   -0.426237    -0.795452     0.430787
    -0.90277     0.404413    -0.146483
    0.057696     0.451338     0.890486
    -0.42984     -0.61097    -0.664796
   -0.901099     0.336822     0.273077
   0.0570757     0.716426    -0.695324
   -0.437845    -0.743733     0.505127
   -0.898063     0.388139    -0.206958
   0.0421378     0.544251     0.837863
   -0.422503    -0.229427    -0.876843
    -0.90392     0.177617     0.389076
   0.0664771     0.956982    -0.282428
    -0.43412    -0.612194    -0.660877
   -0.899676     0.332152       0.2833
    0.046077     0.717561     -0.69497
    -0.43277    -0.308422    -0.847105
   -0.899802     0.205491     0.384875
   0.0553685     0.928789    -0.366449
   -0.438306    -0.651617     0.619099
   -0.896767     0.363623    -0.252165
   0.0608041     0.665713     0.743727
   -0.448881    -0.584255     -0.67613
   -0.892624     0.328369     0.308862
   0.0415658     0.742172    -0.668919
   -0.429467    -0.475704    -0.767635
   -0.899898     0.296744     0.319571
     0.07577     0.828039    -0.555527
   -0.415027     0.492065    -0.765261
   -0.904967    -0.136602     0.402958
   0.0937451     0.859774     0.501996
    0.408598     0.895936    -0.174203
    0.908833    -0.381796     0.168093
  -0.0840902     0.227004     0.970257
   -0.398224    -0.805574     0.438711
   -0.912722     0.395648     -0.10199
   0.0914143     0.441036     0.892822
    0.403962    -0.199689    -0.892715
    0.908621   -0.0254224     0.416846
   -0.105935     -0.97953     0.171172
   -0.395964    -0.716594       0.5742
   -0.915047     0.360233    -0.181443
   0.0768245     0.597265     0.798356
   -0.421388    -0.413952    -0.806892
   -0.905204     0.246058     0.346497
   0.0551086     0.876413    -0.478397
   -0.420204    -0.591695    -0.687986
   -0.906223     0.312714     0.284551
   0.0467757     0.743039    -0.667612
   -0.376646    -0.240539    -0.894583
   -0.924308     0.161778     0.345662
   0.0615784     0.957063    -0.283265
     0.38319     0.623605    -0.681383
    0.920616    -0.317783     0.226892
  -0.0750406    -0.714235    -0.695872
   -0.392155    -0.542777    -0.742703
   -0.918577     0.274333     0.284531
   0.0493112      0.79381    -0.606164
    -0.34291    -0.464379    -0.816557
   -0.936953     0.231381     0.261883
   0.0673228     0.854877    -0.514444
   -0.347708    -0.468919     -0.81192
   -0.936175     0.221402     0.273051
   0.0517218     0.855042    -0.515973
   -0.294351    -0.324241    -0.899013
   -0.953819     0.158621     0.255086
   0.0598931     0.932581    -0.355958
   -0.344313    -0.494806    -0.797882
   -0.934256     0.264584     0.239081
   0.0928082     0.827745    -0.553376
   -0.298581    -0.377483    -0.876559
   -0.950838     0.196763     0.239148
      0.0822      0.90487    -0.417675
   -0.303553    -0.463063    -0.832723
   -0.946541     0.246676      0.20787
    0.109156     0.851307    -0.513188
   -0.359772    -0.285098    -0.888416
   -0.932075     0.153112     0.328318
   0.0424243      0.94619    -0.320818
   -0.301513    -0.291024    -0.907962
   -0.952244     0.140036     0.271333
   0.0481825     0.946412    -0.319349
   -0.405096    -0.477822    -0.779476
    -0.91357        0.245     0.324599
   0.0358715       0.8436    -0.535772
     -0.4404    -0.601774    -0.666271
   -0.897212     0.321884     0.302326
   0.0325298      0.73093    -0.681676
   -0.427854    -0.698641     0.573448
   -0.903079     0.356598    -0.239345
   0.0372738     0.620273       0.7835
   -0.488945     0.520854    -0.699745
   -0.835655   -0.0495707     0.547014
    0.250227     0.852205     0.459491
    0.463241    -0.163996    -0.870926
    0.858171    -0.162331     0.487023
   -0.221248    -0.973013    0.0655384
   -0.461754    -0.761516    -0.454837
   -0.855441     0.246737     0.455349
     0.23453    -0.599345     0.765363
    0.491947    -0.258707      -0.8313
    0.828376    -0.154746     0.538374
   -0.267921     -0.95348      0.13818
   -0.440632     0.542421    -0.715278
   -0.875343   -0.0829485     0.476334
    0.199043     0.836002     0.511354
   -0.468586     0.603859    -0.644811
   -0.848074    -0.103095     0.519751
     0.24738     0.790396     0.560426
    0.444485     0.864129     -0.23604
    0.873064    -0.358928     0.330046
   -0.200481     0.352778     0.913978
    0.453587     0.889311    0.0581839
    0.868603    -0.455749     0.194477
   -0.199468    0.0376738      0.97918
   -0.499176     0.400023    -0.768639
   -0.819286    0.0709287     0.568981
    0.282124     0.913756     0.292328
    0.481606   -0.0547938    -0.874673
    0.839618    -0.257212     0.478417
   -0.251191      -0.9648    -0.077869
    0.509349   -0.0444699     -0.85941
    0.809253     -0.31492     0.495918
   -0.292699    -0.948076    -0.124417
    0.418587     0.866758    -0.271137
    0.893256     -0.33904     0.295204
   -0.163944     0.365763     0.916155
    0.432714     0.867653     0.244819
    0.890214    -0.454119    0.0359853
     -0.1424     -0.20237     0.968901
    0.421087     0.894435      0.15057
    0.901836    -0.430595    0.0357865
  -0.0968435    -0.120721     0.987951
   -0.403628    -0.584151    -0.704168
   -0.906533     0.359332     0.221535
     0.12362     0.727769    -0.674589
    0.414266    -0.483882    -0.770871
    0.895128    0.0633303     0.441289
   -0.164712    -0.872839     0.459371
   -0.398805    -0.804909     0.439404
    -0.90719     0.416309    -0.060767
    0.134016     0.422858     0.896232
   -0.418496   -0.0195082    -0.908009
   -0.894323     0.183065     0.408256
     0.15826     0.982907   -0.0940586
    0.435758    -0.227036    -0.870959
     0.88045   -0.0933869     0.464851
   -0.186874    -0.969398       0.1592
    -0.40303    -0.693071     0.597679
   -0.905766     0.395537    -0.152115
    0.130978     0.602664     0.787173
   -0.521419    -0.320316    -0.790898
   -0.802677     0.498622     0.327241
    0.289538     0.805465    -0.517101
    -0.49056    0.0210667    -0.871153
   -0.835883     0.271159     0.477256
    0.246275     0.962304     -0.11541
   -0.502524    -0.341154    -0.794408
   -0.829721     0.448525     0.332246
    0.242965     0.826099    -0.508458
    0.517191      0.85216   -0.0796104
    0.805577    -0.453272     0.381563
   -0.289067     0.261473     0.920908
   -0.475518     -0.41809    -0.774005
   -0.864108     0.386939     0.321862
    0.164926     0.821875    -0.545271
    0.478157     0.877437    0.0383395
    0.846915    -0.472205     0.244453
   -0.232597    0.0844168     0.968903
   -0.466123    -0.761468    -0.450439
   -0.869472     0.300157     0.392331
    0.163545    -0.574519     0.801986
   -0.448791    -0.755013    -0.478061
   -0.877596     0.271464     0.395135
    0.168556    -0.596878     0.784427
    0.500073       0.8471    -0.179856
    0.816372    -0.391857     0.424245
     -0.2889     0.358983     0.887506
   -0.465465    -0.837277    -0.286898
   -0.850271     0.333024     0.407595
    0.245726    -0.433662     0.866923
    0.469465     0.848254    -0.245087
     0.83164    -0.331561     0.445468
   -0.296609     0.412956     0.861098
   -0.451921    -0.728404    -0.514971
   -0.886926     0.305054      0.34685
   0.0955532     -0.61349       0.7839
   -0.431562    -0.713275    -0.552262
   -0.896392     0.270422     0.351217
     0.10117    -0.646615     0.756078
   -0.420559    -0.741769    -0.522407
   -0.906826     0.325758     0.267485
   0.0282337    -0.586225     0.809656
   -0.435098     0.507436    -0.743773
   -0.900007    -0.221252     0.375546
   0.0260046       0.8328     0.552963
   -0.456643    -0.257369    -0.851609
   -0.884443     0.234741     0.403307
   0.0961086     0.937368    -0.334821
   -0.439664    -0.349012    -0.827578
   -0.897474     0.206785     0.389591
   0.0351593     0.914019    -0.404145
   -0.450483    -0.795407     0.405454
   -0.883195     0.463422   -0.0721557
    0.130503       0.3906     0.911263
   -0.464858    -0.521729    -0.715336
   -0.866931     0.432315     0.248063
    0.179829     0.735461    -0.653268
    0.434178     0.890775     0.134199
    0.898111    -0.439598    0.0122472
   -0.069903    -0.115208     0.990879
   -0.410834    -0.738998    -0.533946
   -0.906997     0.390758      0.15705
  -0.0925836    -0.548809     0.830805
   -0.424506      0.54004     -0.72674
    -0.89938    -0.344104     0.269646
   -0.104455     0.768081     0.631776
   -0.422021    -0.692821     -0.58472
   -0.901724     0.387493     0.191687
  -0.0937701    -0.608151     0.788263
   -0.433147    -0.741388     -0.51257
   -0.897415     0.407641     0.168744
  -0.0838396    -0.533079     0.841901
   -0.444002    -0.726808    -0.524035
   -0.889813     0.426404     0.162518
   -0.105331    -0.538452     0.836047
   -0.429654    -0.785859    -0.444773
   -0.901794     0.398801     0.166508
  -0.0465243    -0.472635      0.88003
    0.437211     0.776596    -0.453592
    0.897141    -0.411996     0.159364
   0.0631168     0.476612     0.876845
   -0.428174    -0.802697     0.415145
    -0.90341     0.368645    -0.218977
   -0.022731     0.468806     0.883009
    0.418104     0.897759     0.138625
    0.908315    -0.415247   -0.0503399
  -0.0123704    -0.146962     0.989065
    0.452192     0.876476     0.165265
     0.88744    -0.423581     -0.18174
   0.0892875    -0.228844      0.96936
    0.425187      0.87237     0.241219
    0.904793    -0.402671    -0.138584
   0.0237646    -0.277177     0.960525
     0.44156     0.890445     -0.11015
    0.895255    -0.445398   -0.0117462
   0.0595199    0.0934256     0.993846
   -0.433513    -0.676731    -0.595065
   -0.900921     0.310693     0.303002
   0.0201681    -0.667462     0.744371
   -0.418114    -0.908364  -0.00747861
   -0.906521      0.41671    0.0676181
   0.0583054   -0.0350516     0.997683
    0.433744     0.844621     0.313817
     0.90101     -0.40392    -0.158207
  0.00686838    -0.351374      0.93621
   -0.424859     0.531227    -0.733003
   -0.905152     -0.26175     0.334942
  -0.0139333     0.805782     0.592048
   -0.416136    -0.763951    -0.493163
   -0.907036     0.387016     0.165846
  -0.0641636    -0.516331     0.853982
   -0.403153    -0.792403    -0.457783
   -0.913466      0.37863     0.149063
   -0.055212    -0.478264     0.876479
    -0.40461     -0.70069    -0.587643
   -0.914322      0.32225     0.245297
  -0.0174908    -0.636544     0.771042
    0.398541    -0.585768    -0.705721
     0.91334     0.323559     0.247226
   0.0835247    -0.743092     0.663956
    -0.41733    -0.614435    -0.669556
   -0.908733     0.277004     0.312208
 -0.00636152     0.738741    -0.673959
   -0.406623    -0.752686     0.517804
   -0.913512     0.342686    -0.219233
   0.0124306     0.562165     0.826932
   -0.394136    -0.606751    -0.690297
   -0.917812      0.29885     0.261359
   0.0477152     0.736574    -0.674672
   -0.400339    -0.615215    -0.679146
   -0.915883     0.292714      0.27473
   0.0297775     0.732004     -0.68065
   -0.390652     -0.43262    -0.812546
   -0.917555      0.25401     0.305896
   0.0740586     0.865054    -0.496182
   -0.388009    -0.738738     0.551104
   -0.918921     0.356104    -0.169626
   0.0709415     0.572238     0.817013
   -0.387753    -0.490225    -0.780594
   -0.917288     0.288569     0.274428
   0.0907236      0.82244    -0.561571
   -0.393659    -0.545699     -0.73976
   -0.917534     0.282495     0.279872
   0.0562522     0.788929    -0.611904
   -0.392262    -0.766166    -0.509038
   -0.912797       0.2558     0.318385
    0.113724    -0.589539     0.799694
   -0.394534    -0.559743    -0.728718
   -0.912898     0.329119     0.241448
    0.104686     0.760505    -0.640837
   -0.400277    -0.715597      0.57245
   -0.911798      0.37349    -0.170676
   0.0916692     0.590277     0.801979
   -0.401342    -0.670302     0.624196
   -0.914853      0.32638    -0.237739
   0.0443684     0.666462     0.744218
    0.670492   -0.0555545    -0.739834
    0.574618    -0.591907     0.565208
   -0.469313    -0.804089    -0.364947
   -0.681654    -0.636066    -0.361619
   -0.576693     0.162889     0.800558
    0.450304    -0.754246     0.477849
   -0.668268    -0.583739     0.461157
   -0.627247      0.77543    0.0725982
    0.399974     0.240744     0.884343
   -0.676104    -0.446347    -0.586224
   -0.619841     0.774705      0.12502
    0.398348     0.447892    -0.800445
    0.681249     0.713591    -0.163364
    0.580187    -0.390224     0.714918
   -0.446411     0.581819     0.679856
    0.661471     0.225974    -0.715116
    0.666944    -0.613325     0.423104
   -0.342988    -0.756814    -0.556409
    -0.67615    -0.472321    -0.565451
   -0.623401     0.775811    0.0974095
    0.392674     0.418366     -0.81901
    0.660546     0.274549    -0.698786
     0.67055    -0.634379     0.384612
