   0.0289046    -0.912736     0.407526
   -0.998046   -0.0489451   -0.0388339
   0.0553915    -0.405607    -0.912368
  -0.0128004      -0.8901     0.455585
   -0.998435   -0.0134252   -0.0542822
   0.0544329    -0.455567    -0.888536
  -0.0675566    -0.871507     0.485707
   -0.996834    0.0384957   -0.0695758
   0.0419382    -0.488869    -0.871348
  -0.0929804    -0.915685     0.390993
    -0.99475     0.068573    -0.075963
   0.0427467    -0.396003    -0.917254
   -0.143118    -0.950505     0.275787
   -0.988096     0.121339   -0.0945701
   0.0564257    -0.286038    -0.956555
   -0.133127    -0.893487    -0.428903
    -0.99068     0.107379    0.0838043
   0.0288227    -0.436063     0.899455
   -0.159355    -0.901089    -0.403292
   -0.986906     0.135081    0.0881456
   0.0249498    -0.412058     0.910816
   -0.162657    -0.895196     0.414931
    -0.98571     0.128764    -0.108604
   0.0437938    -0.426667    -0.903348
   -0.165101    -0.818684    -0.549998
   -0.986077     0.125793     0.108759
   0.0198539    -0.560297     0.828054
   -0.163458    -0.870679     0.463896
   -0.985802     0.125838    -0.111173
   0.0384206    -0.475481    -0.878886
   -0.159293    -0.878481    -0.450441
   -0.987231     0.141642    0.0728827
 0.000224574    -0.456299     0.889826
   -0.159457    -0.875856     0.455467
   -0.986846     0.128982   -0.0974599
   0.0266136    -0.465016    -0.884902
    0.190714     0.944798      0.26643
    0.961475    -0.234521      0.14341
   -0.197977    -0.228815     0.953126
    0.225435     0.958375    -0.175205
     0.94781    -0.174121     0.267093
   -0.225468     0.226273      0.94761
   -0.183181    -0.906432     -0.38056
   -0.962058    0.0856621      0.25905
    0.202212    -0.413574     0.887731
   -0.224818    -0.678051    -0.699789
   -0.947717   -0.0147603      0.31877
    0.226471    -0.734867     0.639282
    0.255435     0.965852    0.0433814
    0.936536    -0.258327     0.236997
    -0.24011    0.0199091     0.970541
   -0.195688    -0.832662    -0.518054
   -0.959191    0.0525688     0.277828
    0.204103     -0.55128      0.80897
    0.249912     0.908492    -0.334942
     0.93915    -0.143237     0.312218
   -0.235671     0.392588     0.889007
   -0.226611    -0.851826    -0.472271
   -0.948808    0.0835295     0.304608
    0.220025    -0.517122     0.827148
   -0.239428     0.629944    -0.738813
   -0.945015    0.0233845     0.326191
    0.222759     0.776288     0.589708
   -0.267334    -0.445827    -0.854266
   -0.932082     0.344537     0.111878
    0.244448     0.826155    -0.507654
   -0.254845    -0.670618    -0.696653
   -0.939018 -0.000377484     0.343869
    0.230868    -0.741803     0.629626
    0.262872     0.629292    -0.731361
    0.936374    -0.349138    0.0361474
   -0.232599     -0.69433    -0.681031
   -0.185226    -0.851609    -0.490361
   -0.962739    0.0572031     0.264314
    0.197042    -0.521047     0.830472
    0.218431     0.700667     -0.67923
    0.953826  -0.00624526     0.300295
   -0.206165     0.713461     0.669679
   -0.185204    -0.836501    -0.515718
   -0.965129    0.0560342     0.255707
    0.185001    -0.545093     0.817709
   -0.145367    -0.863807    -0.482397
   -0.974142    0.0397252     0.222417
    0.172962    -0.502255     0.847245
    0.148749     0.946448    -0.286547
    0.972192   -0.0869627      0.21744
   -0.180876     0.310923     0.933065
    0.102016     0.988645    -0.110332
    0.982549   -0.0827986     0.166559
   -0.155532     0.125399     0.979839
  -0.0936053    -0.877902    -0.469603
   -0.983766   0.00902103     0.179228
    0.153109    -0.478756     0.864494
   -0.143295     -0.93152     -0.33427
   -0.972888    0.0706307      0.22023
    0.181539    -0.356765     0.916385
   0.0971646     0.985559     0.138679
    0.984025    -0.116014     0.135037
   -0.149176    -0.123342     0.981088
  -0.0441366    -0.998943    0.0128123
   -0.990484    0.0454291     0.129915
    0.130359   0.00695637     0.991442
   0.0446497     0.989604     0.136713
    0.991406   -0.0607382     0.115869
   -0.122969    -0.130364     0.983811
 -0.00381007     -0.98022    -0.197877
    0.994704    0.0166084    -0.101425
   -0.102706     0.197215    -0.974965
    0.142917     0.988156    -0.055882
    0.974941     -0.13083     0.179929
   -0.170487    0.0801965     0.982091
   -0.246254    -0.511305    -0.823363
   -0.947125     0.307255    0.0924649
    0.205704     0.802597    -0.559932
   -0.248246    -0.424713    -0.870628
   -0.945865     0.300258     0.123226
    0.209077     0.854087    -0.476259
    0.225515     0.180273    -0.957416
    0.958057    -0.219409     0.184353
   -0.176832    -0.958833    -0.222192
    0.217285     0.256463    -0.941814
    0.961083    -0.224853     0.160502
   -0.170607    -0.940036    -0.295339
   -0.230755    -0.301406    -0.925152
   -0.956393     0.245238     0.158651
    0.179065     0.921419    -0.344853
    0.193503     0.054027    -0.979611
    0.971295    -0.151354     0.183513
   -0.138353    -0.987002   -0.0817637
   -0.202924    -0.665549     0.718239
   -0.969135     0.241379    -0.050138
    0.139998     0.706244     0.693988
   -0.179024    -0.450542    -0.874621
   -0.978844     0.171085     0.112226
   0.0990721     0.876209    -0.471638
   -0.179224     -0.59725    -0.781775
   -0.975203     0.212723    0.0610548
    0.129837     0.773331    -0.620565
   -0.164866    -0.548828    -0.819517
   -0.981829     0.170488     0.083344
   0.0939765     0.818365    -0.566962
   -0.150366    -0.340501    -0.928143
   -0.984525     0.137038     0.109226
   0.0899994     0.930204    -0.355838
    -0.21254    -0.503485    -0.837454
   -0.967371     0.229379     0.107607
    0.137916     0.832999    -0.535809
   -0.184909    -0.709777     0.679724
   -0.978299     0.198739   -0.0586065
   0.0934898      0.67581     0.731122
   -0.196519    -0.514098    -0.834915
    -0.97659     0.178603     0.119891
   0.0874831      0.83893    -0.537162
    -0.21488    -0.309566    -0.926281
   -0.968184     0.192056     0.160416
    0.128239     0.931281    -0.340986
    0.230626     0.260718    -0.937464
    0.957273     -0.23354     0.170549
    -0.17447    -0.936742    -0.303439
   -0.221936     0.486405    -0.845076
   -0.961672     0.033946     0.272095
    0.161035     0.873074     0.460228
    0.234404    0.0416518    -0.971246
    0.951791    -0.213178     0.220567
   -0.197862    -0.976125   -0.0896137
   -0.245242    -0.524781    -0.815145
   -0.947238     0.308711    0.0862385
    0.206388     0.793286    -0.572802
   -0.215499     0.589809    -0.778258
   -0.959377    0.0207352     0.281365
    0.182089     0.807276     0.561381
   -0.181723    -0.919376      0.34889
   -0.981796     0.149693    -0.116916
   0.0552629    -0.363785    -0.929842
   -0.181801    -0.910348     0.371773
   -0.980386     0.138544    -0.140171
   0.0760973    -0.389965     -0.91768
   -0.193825    -0.830975    -0.521452
   -0.975215     0.105388     0.194546
    0.106708    -0.546236     0.830807
   -0.159789    -0.930887     0.328506
   -0.984489     0.125854    -0.122235
   0.0724429    -0.342942    -0.936559
   -0.165174    -0.931843     0.323088
   -0.980223     0.118902    -0.158192
    0.108994    -0.342828    -0.933054
    0.138874     0.974001    -0.178988
     0.98435    -0.115965      0.13269
   -0.108484     0.194614     0.974862
   -0.129289    -0.919708     0.370704
   -0.989215    0.0936748      -0.1126
   0.0688337    -0.381264      -0.9219
     0.18953    -0.233103    -0.953804
    0.969566    -0.108903     0.219278
   -0.154987    -0.966335     0.205368
    0.144129       0.7064    -0.692984
    0.978218   0.00401359     0.207544
    -0.14939     0.707802     0.690434
    0.210033     0.252267    -0.944588
     0.96749    -0.192847     0.163622
   -0.140884    -0.948246     -0.28457
   -0.216078    -0.389141    -0.895477
   -0.969964     0.190494      0.15127
    0.111717     0.901267    -0.418614
    0.206496    -0.153227    -0.966375
    0.974242   -0.0592748     0.217575
  -0.0906201    -0.986412      0.13704
   -0.207796    -0.288639    -0.934617
   -0.976706     0.113526     0.182094
   0.0535443     0.950684    -0.305505
    0.201568     0.111435    -0.973115
    0.976867   -0.0953208     0.191429
  -0.0714262     -0.98919    -0.128071
   -0.188179    -0.846055     0.498778
   -0.981718     0.147247    -0.120615
   0.0286031    -0.512357    -0.858296
  -0.0909363     -0.89337     0.440023
    -0.99389    0.0536633   -0.0964485
   0.0625512    -0.446105    -0.892792
  -0.0360836    -0.917973     0.394998
    -0.99775    0.0107427     -0.06618
   0.0565081    -0.396497    -0.916295
  -0.0493535    -0.911457     0.408424
   -0.994998   0.00931079   -0.0994561
   0.0868472     -0.41129    -0.907358
   0.0221407    -0.886737     0.461743
   -0.998438   -0.0433078   -0.0352934
   0.0512931    -0.460241    -0.886311
 0.000965405    -0.704055     0.710145
   -0.996852   -0.0569739   -0.0551301
   0.0792743    -0.707856    -0.701894
   0.0532875     -0.68295     0.728519
   -0.996438   -0.0841204  -0.00597417
   0.0653633    -0.725605       -0.685
   0.0665648    -0.916914     0.393494
   -0.996586   -0.0804016   -0.0187647
   0.0488431    -0.390901    -0.919136
  0.00580935    -0.946031    -0.324025
    0.994922    0.0380278   -0.0931891
   -0.100482     0.321839    -0.941448
   0.0459932     0.991848    -0.118835
   -0.996221    0.0367686   -0.0786854
   0.0736746    -0.122005    -0.989791
   0.0547301     0.998033    0.0305883
    0.990974   -0.0580464     0.120833
   -0.122371    -0.023699     0.992201
    0.119905     0.988864   -0.0881575
    0.983121    -0.105909     0.149184
   -0.138186     0.104557     0.984872
  -0.0945911    -0.956114     0.277307
   -0.990475    0.0623888    -0.122749
    0.100061    -0.286277    -0.952908
   -0.110181    -0.608529    -0.785845
   -0.993155     0.098261    0.0631573
   0.0387849     0.787424     -0.61519
   -0.121259    -0.479232    -0.869272
   -0.991694    0.0963338    0.0852267
   0.0428969     0.872386    -0.486932
   0.0744927     0.668284    -0.740167
    0.996942   -0.0323417    0.0711347
   0.0235999    -0.743203     -0.66865
   0.0774873     0.216408    -0.973223
    0.996932  -0.00600706    0.0780393
   0.0110421    -0.976285    -0.216209
   -0.084224    -0.515683    -0.852629
   -0.996189    0.0241129    0.0838211
  -0.0226658      0.85644    -0.515749
   0.0436483    -0.908501    -0.415596
    0.996331   0.00893189    0.0851152
   0.0736152     0.417786    -0.905558
   0.0505757    -0.910534      0.41033
    0.995608    0.0135544   -0.0926371
   0.0787874     0.413213      0.90722
   0.0271346    -0.948233    -0.316413
    0.991727   -0.0141917     0.127577
    0.125464     0.317257    -0.940004
   0.0469597    -0.590328     0.805797
    0.996971   -0.0223736   -0.0744917
    0.062003     0.806854     0.587489
    0.033405    -0.702994     0.710411
    0.992977   -0.0573726    -0.103465
    0.113494     0.708878      0.69614
   0.0409396    -0.251947    -0.966875
    0.994167     0.106912    0.0142361
   0.0997841    -0.961817     0.254854
   0.0638811      -0.8689     0.490849
    0.994835    0.0165684    -0.100143
   0.0788814     0.494711      0.86547
   0.0151078    -0.923534    -0.383219
    0.990413   -0.0388102     0.132576
    0.137311     0.381548    -0.914093
   0.0285469    -0.730075      0.68277
    0.990214   -0.0726933    -0.119131
    0.136607     0.679489     0.720855
   0.0828619    -0.777966     0.622818
    0.993638    0.0166677    -0.111377
   0.0762667     0.628085     0.774398
   -0.102256    -0.758404     0.643714
   -0.994447    0.0617397   -0.0852306
  -0.0248965     0.648854     0.760505
    0.130665     0.968035     0.214092
    0.991306    -0.124206   -0.0434105
   0.0154314    -0.217903     0.975848
   -0.152488    -0.534361    -0.831388
   -0.987463     0.117111     0.105843
   0.0408064     0.837104    -0.545519
   -0.135383    -0.830156     0.540844
   -0.990033     0.134733   -0.0410178
   0.0388184     0.541006     0.840122
   -0.168717    -0.808093     0.564377
   -0.985083     0.157906   -0.0683896
   0.0338534     0.567496      0.82268
   0.0407922    -0.220147    -0.974613
    0.988932      0.14816   0.00792492
    0.142654    -0.964149     0.223754
  -0.0219755    -0.999732   0.00722052
   -0.987285    0.0205635    -0.157624
   -0.157433    0.0105926     0.987473
  -0.0262955     0.261294    -0.964901
   -0.982271    -0.185975   -0.0235931
   -0.185612     0.947174     0.261552
   0.0402717    -0.180206    -0.982804
    0.984117     0.177352   0.00780641
    0.172895    -0.967508     0.184486
  0.00381841    -0.650113     0.759828
    0.980654    -0.146277    -0.130084
    0.195714     0.745625     0.636977
  -0.0363384    -0.911232    -0.410287
   -0.977099     0.118531    -0.176714
   -0.209659    -0.394469     0.894672
  -0.0133183    -0.753908     0.656845
   -0.974314     0.157469     0.160983
   -0.224799    -0.637829    -0.736641
   0.0340575     0.998912   -0.0318622
    0.970368   -0.0406816    -0.238181
    0.239218    0.0228062     0.970698
   0.0560258    -0.291025    -0.955074
     0.97823     0.207443  -0.00582682
    0.199819    -0.933955     0.296312
   0.0513527     0.982353     -0.17985
    0.971751   -0.0906894    -0.217887
    0.230352      0.16358      0.95926
  -0.0601971    -0.406631     0.911607
   -0.973731     0.224838    0.0359919
   -0.219599    -0.885494    -0.409484
  -0.0154709    -0.943141    -0.332033
    0.971814     -0.09231     0.216926
    0.235242     0.319318    -0.917986
 -0.00553431    -0.998109   -0.0612242
   -0.968418    0.0206113    -0.248477
   -0.249269   -0.0579155     0.966701
  -0.0265408    -0.981528    -0.189467
    0.965709   -0.0741426     0.248817
    0.258268     0.176366    -0.949838
  -0.0345404    -0.925355    -0.377525
      0.9697    -0.122442       0.2114
    0.241846     0.358784    -0.901546
  -0.0126629    -0.481654      0.87627
    0.979204    -0.183429    -0.086674
     0.20248      0.85695     0.473961
   -0.022494    -0.842295     0.538547
    0.978272    -0.129596     -0.16183
    0.206102     0.523205     0.826909
 -0.00420764    -0.669595     0.742715
    0.985548    -0.128552    -0.110313
    0.169342     0.731517     0.660459
  0.00641344    -0.976361     -0.21605
    0.986135   -0.0296519     0.163275
    0.165822     0.214101    -0.962634
 -0.00449091     0.999971  -0.00607058
    0.984295   0.00549166     0.176445
    0.176473  -0.00518284    -0.984292
   0.0378218    -0.665605     0.745345
   -0.969298     0.156913     0.189312
   -0.242961    -0.729622    -0.639235
  0.00700972    -0.464657     0.885463
    0.974599    -0.195042    -0.110066
    0.223846     0.863743     0.451487
   0.0215938     0.205959    -0.978322
   -0.971514    -0.226665   -0.0691616
   -0.235996     0.951947     0.195197
   0.0166648    -0.867302    -0.497503
    0.978762   -0.0875292     0.185376
    0.204323     0.490027    -0.847423
   0.0506711     -0.58709     0.807934
    0.980058    -0.126407     -0.15332
    0.192141     0.799591     0.568978
 -0.00679703    -0.922587    -0.385728
    0.977776   -0.0869612     0.190765
     0.20954      0.37586    -0.902675
  -0.0594926     -0.93244    -0.356394
   -0.983446     0.115964    -0.139234
   -0.171156    -0.342211     0.923903
    0.032863     0.967252      0.25168
    0.983208    0.0139404    -0.181957
    0.179507    -0.253433     0.950552
  -0.0724457    -0.816465     0.572831
   -0.988853   -0.0161097    -0.148021
   -0.130082     0.577169     0.806197
   0.0793072     0.992255   -0.0956059
    0.982637   -0.0939538    -0.159989
    0.167732    0.0812576     0.982478
     0.10086     0.225751     -0.96895
     0.98603     0.107081     0.127586
    0.132559    -0.968282    -0.211797
   -0.118541    -0.936546     0.329894
   -0.985954     0.150388     0.072657
   -0.117659    -0.316647    -0.941218
  0.00299643    -0.973232    -0.229805
    0.983919   -0.0381719     0.174488
    0.178589     0.226633    -0.957467
   0.0361696    -0.374619     0.926473
    0.989429    -0.116855   -0.0858778
    0.140435     0.919785     0.366433
  -0.0258034    -0.932115    -0.361242
    0.976926    -0.100153     0.188642
    0.212016     0.348039    -0.913191
  -0.0435961    -0.921243    -0.386537
    0.968919    -0.133293     0.208398
    0.243508     0.365437     -0.89842
  -0.0390968    -0.918557    -0.393349
    0.969594    -0.130044     0.207308
    0.241577     0.373284    -0.895712
   0.0555057     0.983552     0.171885
   -0.964148     0.008057     0.265242
   -0.259494     0.180446    -0.948737
   0.0467401       0.9952   -0.0859774
   -0.964214    0.0674363     0.256407
   -0.260974   -0.0709161    -0.962737
   0.0524276    -0.851271      -0.5221
   -0.965895    0.0895265    -0.242963
   -0.253569    -0.517032     0.817545
   -0.156546    -0.908965     0.386362
    -0.98532     0.170704   0.00236952
  -0.0681072    -0.380319    -0.922344
   -0.143816     0.327678     -0.93378
   -0.986299    -0.124524     0.108207
  -0.0808212     0.936547     0.341097
   -0.173931    -0.870166    -0.461041
   -0.983958     0.172429    0.0457622
  -0.0396761    -0.461604     0.886198
   -0.162319    -0.838079     0.520842
   -0.985943     0.158948   -0.0515049
  -0.0396216     -0.52188    -0.852098
    0.163503    -0.620855     0.766685
    0.985833    0.0733369    -0.150851
   0.0374301     0.780488      0.62405
    0.193947     0.938085    -0.287022
    0.980982    -0.183188     0.064153
 -0.00760207     0.294006     0.955773
    0.196529     0.222191    -0.954991
    0.980444   -0.0547721     0.189023
  -0.0103077    -0.973464     -0.22861
   -0.164207    -0.849573     0.501261
   -0.986319     0.148901   -0.0707398
  -0.0145393    -0.506019      -0.8624
   -0.186417    -0.387081    -0.903005
   -0.982186    0.0955469     0.161806
   0.0236472     0.917082    -0.397997
    0.143808     0.678773     -0.72013
    0.989288   -0.0801724      0.12199
   0.0250689    -0.729959    -0.683031
   0.0934008    -0.663786     0.742067
    0.992136 -0.000322119    -0.125164
   0.0833212     0.747922     0.658536
   -0.119742    -0.495133    -0.860526
   -0.988855   -0.0177661     0.147821
  -0.0884793     0.868636    -0.487487
   -0.159175    -0.880597     0.446332
   -0.987009     0.151946   -0.0522112
  -0.0218415    -0.448844    -0.893343
    -0.15994    -0.912487     0.376546
   -0.986167     0.164515    -0.020209
  -0.0435072     -0.37457    -0.926177
   -0.155475     -0.83783     0.523324
   -0.986339     0.160856    -0.035506
  -0.0544316    -0.521695    -0.851394
   -0.140002    -0.844271     0.517307
   -0.987056     0.160279  -0.00555102
  -0.0782266    -0.511388    -0.855782
   -0.147327    -0.837702      0.52588
   -0.985759      0.16794  -0.00864406
  -0.0810752    -0.519665    -0.850515
   -0.125683    -0.911441     0.391763
   -0.986385     0.157023    0.0488692
   -0.106057    -0.380287    -0.918767
   -0.109064    -0.878032      0.46601
   -0.988931     0.143287    0.0385282
   -0.100602    -0.456649     -0.88394
   -0.126617    -0.885737    -0.446586
   -0.986278     0.160495   -0.0386871
   -0.105942    -0.435559     0.893904
  -0.0812435    -0.901909     0.424217
   -0.986176     0.134412    0.0969012
   -0.144416     -0.41048    -0.900361
   -0.060851    -0.945846      0.31886
    -0.98156       0.1147     0.152919
   -0.181211    -0.303675    -0.935384
   -0.058333    -0.912353     0.405226
   -0.984896     0.118883     0.125883
   -0.163025    -0.391763    -0.905508
  -0.0206114    -0.451677     0.891943
   -0.977669     0.195725    0.0765221
   -0.209139    -0.870448    -0.445625
  -0.0315889    -0.989951    -0.137834
   -0.982839    0.0558407    -0.175812
   -0.181742    -0.129915     0.974727
  0.00211884    -0.906392     0.422432
   -0.978872    0.0844914     0.186199
   -0.204461    -0.413902    -0.887063
   0.0199831    -0.564839     0.824959
   -0.972728     0.179729     0.146621
   -0.231087    -0.805391    -0.545843
  -0.0245329    -0.952869     0.302389
   -0.986371    0.0722992       0.1478
   -0.162697    -0.294642    -0.941656
   0.0099108     -0.90848     0.417812
   -0.984694    0.0638426     0.162176
   -0.174007    -0.413024    -0.893942
  0.00195836    -0.994737    -0.102444
   -0.986995    0.0145441    -0.160091
   -0.160739    -0.101425     0.981772
  -0.0488931    -0.963706     0.262449
   -0.986076    0.0883896     0.140863
   -0.158948    -0.251907    -0.954609
  -0.0742919    -0.915308     0.395844
   -0.986401     0.125804     0.105769
    -0.14661    -0.382603    -0.912206
  -0.0946313      -0.3395    -0.935834
   -0.983451    -0.114006     0.140805
   -0.154493     0.933672    -0.323093
   -0.111521    -0.838013     0.534133
   -0.984965     0.164568    0.0525445
   -0.131934    -0.520243    -0.843766
  -0.0962671    -0.970438     0.221321
   -0.986021     0.123358      0.11201
      -0.136    -0.207444    -0.968747
   0.0602712    -0.677691     0.732873
    0.985658   -0.0755358    -0.150908
    0.157627     0.731457     0.663418
 -0.00154099    -0.814493     0.580171
   -0.988511    0.0889302     0.122222
   -0.151144    -0.573317    -0.805272
    0.488778      0.79936    -0.349456
    0.861966    -0.380702     0.334784
   -0.134574     0.464854       0.8751
   -0.543733    -0.482239    -0.686877
   -0.833855      0.40314     0.377046
   0.0950816     0.777768    -0.621318
    -0.51029    -0.558404    -0.654056
   -0.857716     0.385876      0.33974
   0.0626722      0.73436    -0.675861
    0.570187     0.164388      -0.8049
     0.82013    -0.170783     0.546096
  -0.0476916    -0.971499    -0.232197
   -0.583338    -0.443306    -0.680585
   -0.809489     0.386084     0.442343
   0.0666701     0.808962    -0.584069
    0.540418      0.18018    -0.821878
     0.84066    -0.156501     0.518458
   -0.035209    -0.971104    -0.236046
    0.592418     0.759522     0.268641
    0.803967    -0.578778    -0.136575
  -0.0517521    -0.296888     0.953509
    0.575589     0.816834    0.0384739
    0.816781    -0.576555    0.0212932
  -0.0395754   -0.0191686     0.999033
    0.560109     0.794565    -0.234402
     0.82537    -0.510989     0.240115
    -0.07101     0.327959      0.94202
    0.602403     0.797521     -0.03273
    0.795318    -0.596253      0.10932
  -0.0676694    0.0918854     0.993468
    0.567794     0.744909    -0.350316
    0.818133    -0.463658     0.340117
  -0.0909295     0.479721     0.872697
   -0.580025    -0.619008     0.529528
   -0.808365      0.51765    -0.280329
    0.100585      0.59065     0.800634
    0.545396    -0.121466     -0.82933
    0.837691    0.0452453     0.544267
  -0.0285866    -0.991564     0.126428
   -0.544441     0.380101    -0.747734
   -0.836888    -0.186014     0.514798
    0.056586     0.906047     0.419376
   -0.534332     0.494831    -0.685296
   -0.844468    -0.277099     0.458355
   0.0369139     0.823625     0.565932
    0.523502   -0.0543861    -0.850287
    0.851536 -0.000395021     0.524296
  -0.0288503     -0.99852    0.0461049
    0.509281    -0.027315    -0.860167
    0.860061   -0.0192123     0.509829
  -0.0304517    -0.999442    0.0137081
    0.475512     0.318893    -0.819875
    0.879245    -0.202539     0.431168
    -0.02856    -0.925897    -0.376695
    -0.43292    -0.342278    -0.833922
   -0.900534     0.205497     0.383156
    0.040223     0.916852    -0.397197
   -0.478213    -0.268498    -0.836194
   -0.876919      0.19825     0.437846
   0.0482148     0.942659    -0.330257
    0.411058   -0.0490285     -0.91029
     0.90871   -0.0575351     0.413443
  -0.0726441    -0.997139    0.0209024
   -0.405411    -0.608728    -0.681976
   -0.913026     0.306375     0.269293
   0.0450138     0.731836    -0.679992
   -0.366817     -0.33592    -0.867527
    -0.92848     0.190393     0.318866
   0.0580579     0.922447    -0.381734
   -0.314189    -0.263449    -0.912074
   -0.946647     0.159526      0.28002
   0.0717282     0.951392    -0.299515
    0.440396      0.15801     -0.88379
    0.891752     -0.19109     0.410199
   -0.104068    -0.968771    -0.225061
    0.532083   -0.0406298    -0.845717
    0.830515    -0.169274     0.530651
   -0.164718    -0.984731   -0.0563241
    0.526899     0.806071    -0.269493
    0.838137    -0.440145     0.322179
   -0.141083     0.395627      0.90751
    0.467306     0.165026    -0.868557
    0.860541    -0.310167     0.404061
   -0.202717    -0.936249    -0.286955
   -0.480009     0.505086    -0.717272
   -0.847459   -0.0556658     0.527934
    0.226725     0.861272      0.45476
    0.450979    -0.177494    -0.874708
    0.874013    -0.110792     0.473102
   -0.180884    -0.977866     0.105167
     0.41375    0.0458283    -0.909236
     0.87222    -0.306117     0.381477
   -0.260851     -0.95089    -0.166629
   -0.391466    -0.272775    -0.878833
   -0.889194     0.357936     0.284984
    0.236829     0.893015     -0.38267
    0.357353     0.078609    -0.930655
    0.889535    -0.332341     0.313492
   -0.284652    -0.939878    -0.188689
    0.445415    -0.213531    -0.869488
    0.848229    -0.210177     0.486141
   -0.286552     -0.95406    0.0875074
    0.383073   -0.0493394    -0.922399
    0.867274    -0.324501     0.377538
   -0.317947    -0.944598   -0.0815168
    0.409864   -0.0325228    -0.911567
    0.845324    -0.361919     0.392992
   -0.342695    -0.931642    -0.120845
    0.377512    -0.143671    -0.914791
    0.904164    -0.156102     0.397643
   -0.199931    -0.977236    0.0709717
     0.32574    0.0239952    -0.945155
    0.913391     -0.26614     0.308036
   -0.244152    -0.963636     -0.10861
   -0.314044    -0.431661    -0.845603
   -0.927195     0.330979     0.175389
    0.204168      0.83912    -0.504176
   -0.371715     0.364988    -0.853588
   -0.912999    0.0227723     0.407325
    0.168107     0.930734     0.324769
     0.43583    -0.147277    -0.887897
    0.887348   -0.0947071     0.451269
   -0.150552    -0.984551    0.0894102
   -0.436156     0.382587    -0.814491
   -0.891652    -0.061684       0.4485
    0.121349     0.921858     0.368038
   -0.502465     0.444535    -0.741565
   -0.859129    -0.160394     0.485974
     0.09709     0.881285     0.462505
    0.507956    -0.221913    -0.832307
       0.852   -0.0127922     0.523385
   -0.126793    -0.974982     0.182572
   -0.495372     0.404645     -0.76868
   -0.865547    -0.154825     0.476296
   0.0737195     0.901272     0.426935
    0.326214     0.398432    -0.857226
    0.939645    -0.235682     0.248035
   -0.103208    -0.886401    -0.451267
   -0.363575    -0.652374    -0.664997
   -0.925607     0.333588     0.178803
    0.105189     0.680534    -0.725127
   -0.359426    -0.846983    -0.391706
   -0.926296     0.272957     0.259749
    0.113084    -0.456196     0.882665
    -0.42236    -0.781743    -0.458792
   -0.902442      0.31524     0.293638
   0.0849197    -0.538054     0.838622
    -0.41411    -0.508775    -0.754759
   -0.906085      0.30943     0.288554
    0.086736     0.803369    -0.589131
    0.422952     0.861157    -0.281993
    0.901028    -0.366629     0.231801
  -0.0962302     0.352124     0.930993
   -0.462092    -0.793963     0.395086
   -0.884961     0.441749    -0.147313
   0.0575679     0.417708     0.906756
    0.478634      0.87549    0.0665317
    0.876217    -0.481127    0.0275774
  -0.0561539   -0.0450967     0.997403
   -0.498665    -0.673938     0.545106
   -0.865985     0.414536    -0.279696
   0.0374683     0.611528     0.790335
   -0.462869    -0.789363     0.403309
   -0.884939     0.437844    -0.158669
   0.0513392     0.430346     0.901203
   -0.491212    -0.580724    -0.649207
   -0.870157       0.3607     0.335741
   0.0391963     0.729833    -0.682501
   -0.486306    -0.712468     0.505861
   -0.873018     0.420483    -0.247051
     0.03669     0.561768     0.826481
    0.485217     0.873725   -0.0341841
    0.872245    -0.480916    0.0889259
  -0.0612571    0.0729654     0.995451
    0.515418     -0.10214     -0.85083
    0.856185    0.0197516     0.516291
  -0.0359288    -0.994574    0.0976313
    0.428502      0.90162    0.0588867
    0.897597    -0.432241    0.0865267
   -0.103467   -0.0157797     0.994508
    0.364517     0.918072     0.155791
    0.919722    -0.381135    0.0940664
   -0.145737    -0.108995     0.983301
    0.359836     0.897714    -0.254218
    0.923459    -0.303777     0.234398
   -0.133197     0.319105     0.938313
   -0.308474    -0.630104     -0.71261
   -0.939353      0.31981     0.123844
    0.149865     0.707595    -0.690543
     0.30621      0.25263    -0.917831
    0.934836    -0.261868     0.239805
   -0.179769    -0.931452    -0.316354
   -0.316939    -0.519185    -0.793723
   -0.939925     0.283863     0.189639
    0.126851     0.806144    -0.577962
   -0.472562    -0.658595     0.585609
   -0.880451      0.38192    -0.280967
   0.0386125     0.648375     0.760342
   -0.471901    -0.388231    -0.791572
   -0.880619     0.250994     0.401886
   0.0426556     0.886724    -0.460328
    0.425337    0.0511436    -0.903589
    0.902584   -0.0973988     0.419352
  -0.0665613     -0.99393   -0.0875887
    0.419713     0.203788    -0.884484
    0.904081    -0.180273     0.387478
  -0.0804854    -0.962274    -0.259904
   -0.417305    -0.626704    -0.658102
   -0.907573     0.324509     0.266468
   0.0465635     0.708474    -0.704199
   -0.316592    -0.323314    -0.891761
   -0.942939     0.209478     0.258813
    0.103126     0.922815    -0.371184
   -0.326989     -0.42406    -0.844542
   -0.941845     0.219517     0.254439
   0.0774941     0.878627    -0.471179
   -0.245198     -0.46618    -0.850032
   -0.965128       0.2003     0.168548
   0.0916877     0.861717    -0.499037
   -0.331372    -0.341007     -0.87972
   -0.935123      0.24268     0.258171
    0.125452     0.908196    -0.399301
    0.241078    -0.468514     0.849927
    0.962516     0.227563    -0.147572
   -0.124272     0.853645     0.505813
    0.253934    -0.520426     0.815276
    0.954293     0.272163    -0.123499
   -0.157616     0.809372      0.56575
   -0.362594    -0.542147    -0.758025
    -0.92988     0.264612     0.255547
   0.0620385     0.797532    -0.600078
    0.269045     0.132351     -0.95399
    0.960258    -0.113263     0.255099
  -0.0742894     -0.98471    -0.157565
   -0.441497    -0.452512    -0.774799
   -0.896513     0.257777       0.3603
   0.0366853     0.853688    -0.519491
    0.502218    -0.106426    -0.858167
    0.864194    0.0264674     0.502463
  -0.0307615    -0.993968     0.105265
    0.487435     0.303384    -0.818758
    0.872386     -0.20866     0.442044
  -0.0367331    -0.929741    -0.366376
    0.398295    -0.239947    -0.885317
    0.833602    -0.308017     0.458511
   -0.382711    -0.920625     0.077339
    0.366344    -0.156782    -0.917176
    0.860851    -0.317019     0.398037
   -0.353167    -0.935371    0.0188277
   -0.367943    -0.835538    -0.408037
    -0.85379     0.129759     0.504187
    0.368321     -0.53389     0.761118
   -0.397536    -0.762661    -0.510209
   -0.823782    0.0517248     0.564542
    0.404164    -0.644727     0.648829
   -0.335059    -0.608984     -0.71894
   -0.886836     0.461543    0.0223529
    0.318209     0.645071    -0.694713
    0.386271     0.885625    -0.257806
    0.846364    -0.229195     0.480768
   -0.366692     0.403904     0.838092
     0.35603     0.932541   -0.0600793
    0.882413    -0.314339     0.350055
   -0.307556     0.177645       0.9348
   -0.410733    -0.775305    -0.479792
   -0.873261     0.183225      0.45149
    0.262132    -0.604426       0.7523
   -0.420034     0.514285    -0.747718
   -0.805456      0.16833     0.568248
    0.418104     0.840938      0.34353
    0.426918     0.153442    -0.891177
     0.83476    -0.445829     0.323129
    -0.34773    -0.881869     -0.31842
    0.453809     0.173767    -0.873992
    0.797177    -0.517456     0.311043
   -0.398204    -0.837881    -0.373349
    -0.32711       -0.806     0.493318
   -0.918056     0.394787    0.0362717
    0.223991     0.441029     0.869092
    0.376226      0.92513    0.0508803
    0.907415    -0.379005     0.181527
    -0.18722    0.0221257     0.982069
   -0.382908    -0.773931    -0.504393
   -0.918893     0.262969      0.29408
   0.0949575    -0.576089     0.811853
   -0.313794    -0.806571    -0.500975
   -0.934235     0.168073     0.314574
    0.169526     -0.56674     0.806267
   -0.299763    -0.472229    -0.828941
   -0.917736     0.380071     0.115355
    0.260582     0.795328    -0.547312
    0.286653     -0.41465    -0.863652
    0.932708   -0.0851255     0.350443
    -0.21883    -0.905991     0.362346
   -0.299935    -0.708512     0.638788
   -0.918162      0.39612   0.00824542
    0.258879     0.584038     0.769338
   -0.332331    -0.333864    -0.882095
   -0.890864     0.418224     0.177341
    0.309706     0.844762    -0.436416
    0.285979     0.295862    -0.911418
    0.931854    -0.307516     0.192566
   -0.223303    -0.904378    -0.363643
    0.476962    -0.123215    -0.870244
     0.79185    -0.369437     0.486303
    -0.38142    -0.921051   -0.0786394
    0.461241     0.181672    -0.868477
    0.840504    -0.403062      0.36207
   -0.284272    -0.896959    -0.338605
    0.502087      0.18634    -0.844504
    0.829133    -0.381335     0.408807
   -0.245862    -0.905462    -0.345963
    0.481124    0.0280378    -0.876204
    0.812722     -0.38895     0.433821
   -0.328636    -0.920832     -0.20992
    0.496479   -0.0682925    -0.865358
    0.856938    -0.120434     0.501152
   -0.138443     -0.99037   -0.0012703
   -0.498079    -0.867072    0.0101909
   -0.838476     0.484582     0.249277
     0.22108    -0.115615     0.968378
   -0.500777     -0.77837    -0.378632
   -0.857582     0.386848     0.338972
    0.117373    -0.494457     0.861241
   -0.504543    -0.720308    -0.476018
   -0.856387     0.347454     0.381939
     0.10972     -0.60036     0.792168
    0.485949     0.871889    0.0605278
    0.815616    -0.477291     0.327053
   -0.314043     0.109564     0.943066
   -0.478263    -0.780407    -0.402778
   -0.855462      0.31026     0.414636
    0.198619    -0.542867     0.815994
    0.454801     0.882165     0.122235
    0.835463     -0.47015     0.284536
   -0.308476    0.0272845     0.950841
   -0.489373    -0.700988    -0.518777
   -0.871079     0.364502     0.329179
   0.0416556    -0.612988     0.788994
     -0.4938    -0.786145    -0.371669
   -0.869568     0.444633     0.214832
  0.00363322    -0.429275     0.903166
   -0.469592    -0.747848    -0.469262
   -0.878277     0.449917     0.161878
  -0.0900689    -0.488159     0.868095
   -0.490359    -0.690162    -0.532188
   -0.868304     0.439302     0.230352
  -0.0748111    -0.575056     0.814686
   -0.490232     0.522003    -0.697987
   -0.869424    -0.236419      0.43383
   0.0614434     0.819523     0.569742
    0.466477     0.816174     0.340967
    0.883649     -0.41276    -0.220894
   0.0395498    -0.404337     0.913754
    0.428115     0.877123    -0.217651
    0.894424    -0.376774     0.240931
   -0.129321     0.297819     0.945822
    0.451041    0.0474939    -0.891238
    0.871106    -0.240772     0.428022
   -0.194257    -0.969419     -0.14997
    0.417195     0.907281    0.0528089
    0.908046     -0.41853    0.0168911
  -0.0374271   -0.0409061     0.998462
    0.460913    -0.612864    -0.641839
    0.848305     0.516687     0.115817
     0.26065    -0.597857     0.758043
   -0.462565     0.338847    -0.819278
   -0.846642     -0.44307     0.294764
   -0.263117     0.829983     0.491831
   -0.446734     0.627691     -0.63752
   -0.855618    -0.507969    0.0994255
   -0.261432     0.589891     0.763991
   -0.448626    -0.672077    -0.589108
   -0.859171     0.505829    0.0772195
    -0.24609    -0.540787     0.804357
   -0.471535     0.437708     -0.76555
   -0.844566    -0.473903     0.249247
   -0.253699     0.764086     0.593135
   -0.446092    -0.767764    -0.459935
   -0.873046     0.486391    0.0348438
   -0.196956    -0.417088     0.887269
    0.432202     0.849217    -0.303366
    0.882033     -0.46811    -0.053764
    0.187666     0.244342     0.951356
   -0.417403    -0.787371    -0.453675
   -0.898382     0.432645    0.0756835
   -0.136689    -0.439164     0.887947
    -0.37719    -0.828227    -0.414448
   -0.924168     0.365757     0.110164
  -0.0603462    -0.424572     0.903381
    0.446287     -0.17675    -0.877261
    0.871626     0.307923     0.381381
     0.20272    -0.934849     0.291482
    0.393169     0.876379    -0.278169
    0.911929    -0.410331  -0.00382282
    0.117492     0.252167     0.960525
    0.411399     0.849532    -0.330222
    0.901259      -0.4332    0.0083583
    0.135951     0.301054     0.943866
   -0.421361    -0.718804     -0.55297
   -0.904482     0.377518     0.198477
  -0.0660895    -0.583782     0.809216
    -0.37706    -0.831926    -0.407094
   -0.926009     0.329963     0.183388
   0.0182394    -0.446121     0.894787
   -0.446915    -0.774845    -0.447082
   -0.887931     0.445027     0.116315
   -0.108837    -0.448961     0.886898
   -0.459063     0.361404    -0.811572
   -0.875455    -0.339429     0.344045
   -0.151132     0.868433     0.472212
   -0.451769     0.501724    -0.737684
   -0.863709    -0.453039     0.220821
   -0.223408     0.736905     0.638012
   -0.441198    -0.652858    -0.615728
   -0.868116     0.484365     0.108472
    -0.22742    -0.582381     0.780457
   -0.459255     -0.72663    -0.510974
   -0.871402       0.4802     0.100333
   -0.172464    -0.491342     0.853721
   -0.438703     0.484567    -0.756792
   -0.859403    -0.472345     0.195748
   -0.262614     0.736264     0.623658
    0.377181     0.863332     0.335249
    0.924026     -0.32636     -0.19916
   0.0625292    -0.384898     0.920839
    0.343279     0.233641     -0.90971
      0.9389   -0.0595424     0.339002
   0.0250384    -0.970498    -0.239805
   -0.307655    -0.445122    -0.840961
   -0.949622     0.199112     0.242017
   0.0597188     0.873053    -0.483955
   -0.336656    -0.605181    -0.721401
   -0.941287     0.236897     0.240538
   0.0253288     0.760024    -0.649402
    0.288007       0.2128    -0.933685
    0.951957    -0.169577     0.254994
   -0.104069    -0.962268    -0.251416
    -0.29692    -0.421066    -0.857054
   -0.949221     0.227905     0.216883
    0.104005     0.877931    -0.467354
   -0.283183    -0.608295    -0.741475
   -0.948574     0.291691     0.122978
    0.141475     0.738169    -0.659615
   -0.318386    -0.654355     0.685893
   -0.944905     0.277117    -0.174243
    0.076056     0.703581     0.706534
    0.279565     0.254771    -0.925708
      0.9433    -0.252601     0.215357
   -0.178968    -0.933426    -0.310943
   -0.286991    -0.531251    -0.797126
   -0.946474     0.285583     0.150431
    0.147729     0.797631    -0.584775
    0.324508     0.943717    0.0639729
    0.941814    -0.328639    0.0705911
   -0.087642   -0.0373432     0.995452
    0.334369     0.903015    -0.269744
    0.942371    -0.316825     0.107514
  -0.0116248     0.290149     0.956911
    0.681474     0.332727    -0.651832
    0.548694    -0.821675     0.154222
   -0.484281    -0.462755    -0.742516
   -0.687177    -0.011322    -0.726402
   -0.555193     0.653069     0.515035
    0.468559     0.757213     -0.45506
   -0.685928    -0.264391    -0.677938
   -0.603881     0.726632     0.327617
    0.405992     0.634116    -0.658078
   -0.694284    -0.415278    -0.587804
   -0.609901     0.773094     0.174201
    0.382086     0.479447    -0.790026
   -0.698241    -0.360583    -0.618417
   -0.565971     0.807029     0.168468
    0.438333     0.467637     -0.76758
   -0.678244    -0.591233     0.436381
   -0.661602     0.749751   -0.0124893
    0.319793     0.297181     0.899675
   -0.688287    -0.546089     0.477544
   -0.617677     0.786381   0.00899408
    0.380443     0.288777     0.878562
   -0.674878    -0.466772    -0.571544
   -0.664095     0.721873     0.194619
