  -0.0102376    -0.874204      0.48545
   -0.998751   -0.0147988   -0.0477125
   0.0488946    -0.485333    -0.872961
  -0.0399578    -0.868437     0.494187
   -0.998182    0.0123566   -0.0589944
   0.0451264    -0.495646    -0.867352
  -0.0817571    -0.856776     0.509167
   -0.996102    0.0532682   -0.0703099
   0.0331174    -0.512931    -0.857791
   -0.114653    -0.848689     0.516315
   -0.992485    0.0754871   -0.0963091
   0.0427613    -0.523477    -0.850966
   -0.145126    -0.923795     0.354319
   -0.988717     0.121969   -0.0869659
   0.0371226    -0.362942    -0.931072
   -0.143394    -0.901926    -0.407391
   -0.989478     0.122631    0.0767839
   0.0192947    -0.414114      0.91002
   -0.168451     -0.82783    -0.535091
   -0.985522     0.130847     0.107819
   0.0192411    -0.545507     0.837886
     -0.1633    -0.885201     0.435605
   -0.985969     0.130934    -0.103549
   0.0346259    -0.446402    -0.894162
   -0.167986    -0.922862    -0.346563
   -0.985664     0.151648    0.0739497
   0.0156898    -0.354017     0.935107
   -0.168468    -0.844167     0.508922
   -0.985111     0.126237    -0.116706
    0.034274    -0.521006    -0.852865
   -0.160205    -0.862213    -0.480545
   -0.987081     0.141133    0.0758486
 -0.00242325    -0.486488     0.873684
    -0.15867     -0.85728      0.48979
    -0.98715     0.128236   -0.0953407
    0.018925    -0.498625    -0.866611
     0.14327     0.987912   -0.0591944
    0.980494    -0.133554     0.144202
   -0.134553    0.0786996     0.987776
    0.192522     0.978231   -0.0774619
    0.967503    -0.176037      0.18152
   -0.163932     0.109891     0.980332
   -0.148597    -0.935918    -0.319336
   -0.978202     0.091748     0.186289
    0.145053    -0.340057     0.929151
   -0.201129    -0.894323     0.399667
   -0.963536     0.254129     0.083766
    0.176481     0.368245     0.912825
    0.226554     0.931723     0.283842
    0.954919    -0.269874     0.123685
   -0.191842    -0.243025      0.95086
    0.170674     0.979026    -0.111262
    0.973625    -0.150217     0.171722
   -0.151407     0.137636     0.978842
   -0.226689    -0.973493    0.0303832
   -0.954888     0.228285     0.189935
    0.191836   -0.0140437     0.981326
    -0.20176    -0.903726    -0.377587
   -0.964292     0.115759     0.238202
     0.17156    -0.412163     0.894812
   -0.225633    -0.460157    -0.858688
   -0.956649     0.271264     0.106007
    0.184151     0.845382    -0.501415
    0.246447     0.938842    -0.240497
    0.947547    -0.181305     0.263218
   -0.203517     0.292752     0.934279
    0.246264     0.617921    -0.746677
    0.948669    -0.311423    0.0551626
   -0.198446    -0.721934    -0.662895
     0.25718     0.656275    -0.709339
    0.944462    -0.326087    0.0407339
   -0.204573     -0.68042    -0.703689
   -0.172751    -0.897156    -0.406532
   -0.973387    0.0924012     0.209713
    0.150581    -0.431941     0.889242
    0.199097     0.936298    -0.289321
    0.966097     -0.13801     0.218196
   -0.164367     0.322954     0.932032
     0.17166    0.0921808    -0.980834
    0.974855    -0.159495     0.155624
   -0.142093    -0.982886    -0.117242
   -0.140951    -0.882785    -0.448134
   -0.981791    0.0664115     0.177976
    0.127354     -0.46506     0.876071
   -0.125974    -0.940855     -0.31452
   -0.983956    0.0781268     0.160393
    0.126334    -0.329679     0.935602
   -0.091967    -0.950227    -0.297677
   -0.990298    0.0560061     0.127172
    0.104171    -0.306485     0.946158
   0.0794709     0.960686    -0.266019
    0.991247   -0.0479378     0.123007
   -0.105419     0.273466     0.956088
   -0.115067    -0.940979    -0.318305
    -0.98542    0.0677012     0.156089
    0.125327    -0.331625      0.93505
   0.0751782      0.99588    0.0507142
     0.99255    -0.079623    0.0922174
  -0.0958754   -0.0434036     0.994447
  -0.0455483    -0.940791    -0.335914
   -0.995609    0.0152216    0.0923688
   0.0817865    -0.338646     0.937352
  -0.0385681    -0.990567    -0.131489
   -0.996463    0.0282939    0.0791295
   0.0746627    -0.134076     0.988154
  -0.0105804    -0.997202   -0.0740068
   -0.998216   0.00618406    0.0593838
     0.05876   -0.0745031     0.995488
   -0.110207    -0.993645   -0.0228995
   -0.987219     0.106768     0.118315
    0.115119   -0.0356461     0.992712
    0.250617     0.582866    -0.772954
    0.949939    -0.301933     0.080321
   -0.186564    -0.754389    -0.629357
    -0.24675    -0.524726    -0.814725
   -0.951348     0.291251     0.100547
     0.18453     0.799897    -0.571064
    0.233935     0.596398    -0.767843
    0.959043    -0.271291    0.0814705
    -0.15972    -0.755454    -0.635436
    0.232199     0.673443     0.701825
    0.959647    -0.276286   -0.0523862
   -0.158625    -0.685668     0.710421
   -0.232338    -0.441036    -0.866894
   -0.959775     0.248418     0.130847
    0.157643     0.862424    -0.481013
   -0.211722    -0.403734    -0.890041
   -0.969192     0.204013     0.138007
    0.125862     0.891839     -0.43449
     -0.2161    -0.589223    -0.778535
   -0.968399     0.231039    0.0939427
    0.124519     0.774233    -0.620531
   -0.195631    -0.516548    -0.833611
    -0.97682     0.177958     0.118967
   0.0868955     0.837561    -0.539389
   -0.206044    -0.525656    -0.825368
   -0.970842     0.215422     0.105164
    0.122522      0.82297    -0.554715
    0.188298     0.594431     -0.78179
    0.978422    -0.182481    0.0969089
  -0.0850562    -0.783168    -0.615965
    0.181158     0.685227      0.70544
    0.980061    -0.185318   -0.0716729
  -0.0816188    -0.704358     0.705137
    0.218072     0.626796    -0.748045
    0.968614    -0.232704    0.0873868
   -0.119299    -0.743623    -0.657869
   -0.205097     -0.77486     0.597936
   -0.975588     0.210853   -0.0613932
   0.0785052     0.595931     0.799189
    0.208558     0.670501     0.711992
    0.975327    -0.196481    -0.100663
  -0.0723989    -0.715419     0.694935
   -0.215088    -0.838829     0.500102
   -0.970775     0.239465   -0.0158601
    0.106453     0.488898     0.865821
   -0.226717    -0.428853    -0.874462
   -0.962378     0.236697      0.13343
    0.149761     0.871814    -0.466382
    -0.21525    -0.584611    -0.782239
   -0.967447     0.236827    0.0892194
    0.133097     0.775979    -0.616557
   -0.224375    -0.521924    -0.822952
   -0.960317     0.261988    0.0956714
    0.165671     0.811762    -0.559997
    0.237884     0.584919    -0.775423
    0.954817    -0.287249    0.0762397
   -0.178145    -0.758523    -0.626822
   -0.203636    -0.755799     0.622335
   -0.968194     0.249842   -0.0133845
    0.145369     0.605267     0.782637
   -0.180456    -0.910327     0.372479
   -0.982657     0.150425    -0.108436
   0.0426824    -0.385587    -0.921684
   -0.178203    -0.898805      0.40049
   -0.982394     0.139312    -0.124476
   0.0560866    -0.415621    -0.907807
   -0.187799     -0.90658    -0.377947
   -0.978923     0.141316     0.147445
   0.0802603    -0.397671     0.914011
    -0.16755    -0.864073     0.474663
   -0.984157     0.118278    -0.132084
    0.057988    -0.489273    -0.870201
   -0.166447    -0.938188     0.303479
    -0.98245     0.131512    -0.132277
   0.0841894     -0.32017    -0.943612
   -0.132121    -0.949372     0.285019
   -0.988192     0.103645    -0.112845
   0.0775913    -0.296563    -0.951856
   -0.136647    -0.895513     0.423536
   -0.989305      0.10134    -0.104913
   0.0510294    -0.433343    -0.899783
     0.18029     0.706992     0.683855
    0.976063    -0.214572   -0.0354961
   -0.121641    -0.673885     0.728754
    0.142771     0.224778    -0.963894
    0.983138    -0.144638     0.111892
   -0.114265    -0.963615    -0.241638
   -0.205498    -0.806577      0.55426
   -0.972247     0.232973   -0.0214422
    0.111833     0.543284     0.832068
   -0.210766     -0.71748     0.663928
   -0.973178     0.218072   -0.0732766
   0.0922094     0.661564     0.744198
    -0.20199    -0.405026    -0.891714
   -0.976947     0.147566     0.154271
   0.0691032     0.902318    -0.425495
    0.202298     0.177637    -0.963079
    0.978387   -0.0796645      0.19082
  -0.0428265    -0.980866    -0.189914
   -0.208554    -0.544971    -0.812103
   -0.976068     0.168298     0.137723
   0.0616205     0.821391    -0.567028
   -0.185021    -0.910011     0.371009
   -0.982286     0.159852   -0.0977794
   0.0296739    -0.382528    -0.923467
  -0.0985529    -0.880575     0.463545
   -0.994381    0.0690489   -0.0802432
   0.0386529    -0.468849    -0.882432
  -0.0579581    -0.897837     0.436497
   -0.997711    0.0368367   -0.0567062
   0.0348338    -0.438785    -0.897917
  -0.0630479    -0.917919     0.391728
    -0.99623    0.0344472   -0.0796227
   0.0595932    -0.395271     -0.91663
  -0.0161723    -0.880928     0.472973
   -0.999079  -0.00456386   -0.0426617
   0.0397405    -0.473228    -0.880043
   -0.018032    -0.817357      0.57585
   -0.998548   -0.0145173    -0.051874
   0.0507593    -0.575949    -0.815908
  0.00791576    -0.711192     0.702954
   -0.998915   -0.0378898   -0.0270853
   0.0458976    -0.701976     -0.71072
   0.0105017    -0.897086     0.441732
   -0.999178   -0.0267072   -0.0304835
   0.0391437    -0.441049    -0.896629
  -0.0220584    -0.990125    -0.138439
   -0.997939    0.0134595    0.0627446
   0.0602617    -0.139538     0.988381
   0.0117043    -0.972136    -0.234126
   -0.999061   -0.0211373    0.0378214
   0.0417163    -0.233464      0.97147
   -0.058843    -0.923765    -0.378413
   -0.995199    0.0245872    0.0947319
   0.0782059     -0.38217     0.920777
    0.106957     0.970553    -0.215841
    0.989626   -0.0829757     0.117285
   -0.095922     0.226146     0.969359
   -0.110522     -0.92313     0.368261
   -0.991182    0.0751264     -0.10915
   0.0730932    -0.377078    -0.923293
   -0.149919    -0.519743    -0.841066
   -0.988084     0.108733     0.108933
   0.0348347     0.847375    -0.529851
   -0.157598    -0.377331     -0.91257
   -0.986836     0.094133     0.131502
   0.0362832     0.921282    -0.387199
    0.119953     0.218273    -0.968488
    0.992697   -0.0138233     0.119836
   0.0127694     -0.97579    -0.218337
    0.115705     0.286507    -0.951066
     0.99321   -0.0217015     0.114294
   0.0121066    -0.957832    -0.287073
    0.126391     0.167396    -0.977755
    0.991893  -0.00824702     0.126806
   0.0131632    -0.985855    -0.167081
  -0.0943968    -0.585955    -0.804827
   -0.993828   0.00814936     0.110631
  -0.0582662     0.810302    -0.583108
   -0.100249    -0.895088     0.434473
   -0.992852    0.0615658    -0.102252
  -0.0647762     0.441618     0.894862
   0.0749573    -0.710576     0.699616
    0.991045   -0.0246649    -0.131232
    0.110507     0.703188     0.702364
  -0.0931379     0.364725    -0.926445
   -0.994001   -0.0876494    0.0654234
  -0.0573408     0.926981       0.3707
   0.0771713    -0.814424     0.575116
     0.99131   0.00104115    -0.131544
    0.106533     0.580269     0.807427
   -0.080775    0.0209258    -0.996513
   -0.992297   -0.0959064    0.0784193
   -0.093931      0.99517    0.0285115
   -0.107837    -0.829672     0.547736
   -0.992002    0.0534476    -0.114345
  -0.0655934     0.555686       0.8288
   0.0773076    -0.581802     0.809648
    0.990703   -0.0463536    -0.127904
    0.111945     0.812008      0.57281
   0.0808304     0.968175      0.23686
    0.989613   -0.0496118    -0.134923
    0.118878    -0.245306     0.962129
    0.118331     0.988895    0.0899122
     0.99036    -0.110969   -0.0829009
   0.0720028   -0.0988553     0.992493
    0.140242     0.982967     0.118776
    0.989813    -0.136213    -0.041423
   0.0245386    -0.123375     0.992057
    0.151191     0.975756     0.158246
    0.988175     -0.14506   -0.0496706
   0.0255113    -0.163884      0.98615
   -0.176985    -0.679063     0.712425
    -0.98372     0.144962    -0.106208
   0.0311522     0.719624     0.693665
    0.165375      0.28541     -0.94403
    0.985491   -0.0848872     0.146974
  -0.0381883    -0.954639    -0.295307
   -0.179215    -0.428632    -0.885526
   -0.983425     0.103232      0.14906
   0.0275226     0.897562    -0.440028
    0.073415     0.219027    -0.972953
    0.988722      0.11171    0.0997525
    0.130537    -0.969303    -0.208355
  -0.0590702    -0.616151     -0.78541
   -0.986565   -0.0840151     0.140108
   -0.152314     0.783135     -0.60291
    0.057874    -0.136676    -0.988924
    0.982038      0.18599    0.0317658
    0.179589    -0.972999     0.144985
   0.0660857    -0.230714    -0.970775
     0.98378     0.177666    0.0247468
    0.166765    -0.956664     0.238713
   0.0488396    -0.263394    -0.963451
    0.981774      0.19004  -0.00218576
     0.18367    -0.945785     0.267875
   0.0558657     0.982137    -0.179685
    0.976396    -0.091347    -0.195721
    0.208638      0.16451     0.964057
  -0.0418036    -0.999098  -0.00748615
     -0.9757    0.0424353    -0.214964
   -0.215088   0.00168203     0.976593
   0.0451314     0.969829    -0.239573
    0.969904   -0.0999782    -0.222014
    0.239267     0.222343     0.945153
   0.0634844    -0.258379    -0.963956
      0.9778     0.209377   0.00827487
    0.199692    -0.943081     0.265935
   -0.056124    -0.582723      0.81073
   -0.970342     0.223066     0.093158
   -0.235131    -0.781457     -0.57796
  -0.0572668    -0.790139    -0.610246
   -0.972165     0.183233    -0.146018
   -0.227192    -0.584898     0.778639
   0.0270289     0.996197   -0.0828359
    0.974832   -0.0446121     -0.21843
    0.221294    0.0748473     0.972331
  -0.0314508    -0.986038    -0.163525
   -0.969839    0.0696706    -0.233577
   -0.241709    -0.151247     0.958489
     0.01279    -0.998488   -0.0534638
    0.969348 -0.000738652     0.245689
    0.245357    0.0549674    -0.967873
   0.0122152    -0.912784     -0.40826
    0.973924   -0.0816422     0.211675
    0.226545       0.4002    -0.887985
   0.0341105    -0.553001     0.832482
    0.981617    -0.137977    -0.131876
    0.187791     0.821677     0.538128
   0.0281059    -0.765457     0.642873
    0.980703    -0.103361    -0.165946
    0.193473     0.635131     0.747781
   0.0475349     0.226023    -0.972962
    0.985254     0.149673     0.082905
    0.164364    -0.962555    -0.215575
  -0.0505821     -0.30268    -0.951749
   -0.985785    -0.137745    0.0961973
   -0.160216     0.943086     -0.29141
  -0.0451607    -0.829737     0.556325
   -0.986343   -0.0512635    -0.156526
   -0.158394     0.555796      0.81609
  0.00470396    -0.732416     0.680841
   -0.975653     0.145929     0.163724
   -0.219269    -0.665035    -0.713898
   0.0295555     0.982019    -0.186453
    0.979024   -0.0660604    -0.192741
    0.201592     0.176845     0.963372
   0.0164688    -0.993777    -0.110164
    0.977021  -0.00742225     0.213014
    0.212506      0.11114    -0.970819
   0.0499202    -0.903017    -0.426695
    0.982019   -0.0334997     0.185785
    0.182061     0.428297    -0.885108
   0.0640241     0.963457     0.260098
    0.982678   -0.0154451    -0.184678
    0.173912    -0.267416     0.947757
    0.036306    -0.892737     0.449113
    0.981555   -0.0525535    -0.183813
    0.187699     0.447503     0.874363
   0.0859576    -0.934871    -0.344422
    0.985307    0.0285582     0.168387
    0.147585     0.353836     -0.92359
   0.0638545     0.967402     0.245064
    0.984967   -0.0215971     -0.17139
     0.16051    -0.252324     0.954237
    0.112552     0.993181   -0.0303971
    0.987035    -0.115274    -0.111687
     0.11443    0.0174324     0.993278
   0.0850837     0.958662     -0.27153
    0.985419    -0.121264    -0.119353
    0.147346     0.257415     0.955001
   -0.121585    -0.909566    -0.397375
    -0.98584     0.157239   -0.0582733
   -0.115486    -0.384663     0.915804
   -0.119557    -0.938634     0.323531
   -0.986922     0.147847    0.0642301
   -0.108122    -0.311621    -0.944035
   0.0561988     0.973574      0.22135
    0.985653   -0.0187593    -0.167738
    0.159153    -0.227601      0.96066
    0.101632     0.968399     0.227758
    0.987531    -0.070539    -0.140739
    0.120225    -0.239222     0.963493
    0.025568    -0.887231     0.460617
    0.981271   -0.0657274    -0.181071
    0.190927      0.45662     0.868933
   0.0046665    -0.946518    -0.322618
    0.974085   -0.0686537      0.21551
    0.226133     0.315263    -0.921669
  0.00666723    -0.967443    -0.253001
     0.97553   -0.0493108     0.214266
    0.219766     0.248238    -0.943441
   0.0100263    -0.964145    -0.265185
   -0.970773      0.05421    -0.233797
    -0.23979    -0.259779     0.935423
  0.00173662    -0.996307   -0.0858436
   -0.969691    0.0192962     -0.24357
   -0.244327   -0.0836648     0.966077
   0.0114004    -0.906398     -0.42227
   -0.972763    0.0877246    -0.214562
   -0.231522    -0.413215      0.88071
   -0.145921    -0.917743     0.369398
     -0.9871     0.159933   0.00741523
  -0.0658843    -0.363551    -0.929242
   -0.155955    -0.890105    -0.428241
   -0.985005     0.172525  0.000118899
  -0.0737766    -0.421838     0.903665
   -0.171651    -0.773083    -0.610638
   -0.984574     0.155952    0.0793253
  -0.0339051    -0.614834     0.787927
    -0.16112    -0.825695     0.540618
    -0.98635     0.153571   -0.0594093
  -0.0339692    -0.542811    -0.839168
   -0.170137    -0.808957      0.56271
   -0.984707      0.11784     -0.12832
  -0.0374957     0.575936     0.816634
   -0.184573    -0.799565    -0.571514
     -0.9828     0.146531     0.112399
  0.00612619     -0.58243     0.812858
    0.193558   -0.0321804    -0.980561
    0.981076   0.00118068      0.19362
 -0.00507305    -0.999481    0.0317999
    -0.15991    -0.869837     0.466703
   -0.987117     0.143497   -0.0707758
 -0.00540696    -0.472008    -0.881578
   -0.192823    -0.831383     0.521173
    -0.98111      0.17177   -0.0889793
   0.0155462     0.528485       0.8488
   -0.169286    -0.918724     0.356774
   -0.985248      0.14854   -0.0849896
  -0.0250869     0.365898     0.930317
   -0.133815    -0.991003  -0.00240675
   -0.988258     0.133625   -0.0740969
  -0.0737519   0.00753682     0.997248
   -0.140959    -0.761661     0.632458
   -0.986714    0.0559557    -0.152528
  -0.0807849     0.645555     0.759429
   -0.159861    -0.828591     0.536546
   -0.986971     0.144199   -0.0713754
  -0.0182286    -0.540966    -0.840847
   -0.152098    -0.903919     0.399746
    -0.98721     0.158491   -0.0172371
  -0.0477751    -0.397255    -0.916464
   -0.152453    -0.864588    -0.478797
   -0.987056     0.157605    0.0296909
  -0.0497903    -0.477125     0.877424
   -0.143952    -0.939893     0.309643
   -0.987523     0.156626    0.0163275
  -0.0638443    -0.303429    -0.950713
   -0.138045    -0.818079     0.558292
    -0.98793     0.153732   -0.0190113
  -0.0702748    -0.554178    -0.829426
   -0.118932    -0.905031      0.40838
   -0.988965      0.14457    0.0323724
  -0.0883375    -0.400023    -0.912238
   -0.114653    -0.907976     0.403032
   -0.989609      0.13983    0.0334977
   -0.086771    -0.395003    -0.914573
   -0.121565    -0.940425    -0.317527
   -0.987969     0.145451    -0.052543
  -0.0955976     -0.30732     0.946792
  -0.0878409    -0.876725     0.472904
   -0.987184     0.140114    0.0763921
   -0.133235    -0.460133    -0.877796
   -0.061328    -0.939183    -0.337895
   -0.984128      0.11338    -0.136521
   -0.166529     -0.32416      0.93123
  -0.0578174    -0.927734     0.368737
   -0.986715     0.109276     0.120219
   -0.151826    -0.356888    -0.921727
   -0.037592    -0.901685     0.430757
   -0.981226     0.114905     0.154895
   -0.189162    -0.416847    -0.889076
  -0.0339474    -0.964783     0.260847
   -0.984723    0.0768899     0.156234
   -0.170789    -0.251558    -0.952654
  -0.0157497    -0.921483     0.388098
    -0.98274    0.0858192     0.163884
   -0.184323    -0.378819     -0.90693
 -0.00427399    -0.873663     0.486513
   -0.978417     0.104167     0.178465
   -0.206597    -0.475249    -0.855252
  -0.0304182    -0.877984     0.477723
   -0.987709    0.0997146      0.12037
   -0.153319     -0.46819    -0.870225
 -0.00478725    -0.915207     0.402955
   -0.987143    0.0687059      0.14432
   -0.159768    -0.397083    -0.903769
  -0.0118186    -0.985198    -0.171014
   -0.989558    0.0360936    -0.139545
   -0.143652    -0.167579     0.975337
   0.0475852     0.965733     -0.25514
     0.98712   -0.0845242    -0.135829
     0.15274      0.24539     0.957316
  -0.0705649     -0.94842     0.309064
   -0.987299     0.110619     0.114038
   -0.142344    -0.297092    -0.944179
  -0.0897118    -0.995848    0.0154354
   -0.986521    0.0867207    -0.138767
   -0.136852    0.0276763     0.990205
   -0.111417    -0.993547    0.0212421
    -0.98648     0.107989    -0.123274
   -0.120184    0.0346897     0.992145
  -0.0961036    -0.957506     0.271931
   -0.987161     0.126703     0.097264
   -0.127585    -0.259093    -0.957389
   0.0619354    -0.908114    -0.414117
    0.988164  -0.00254966     0.153381
    0.140343     0.418716    -0.897207
  -0.0153659    -0.878652     0.477215
   -0.990141    0.0798294     0.115101
   -0.139229    -0.470742    -0.871216
    0.450906     0.125387     -0.88372
    0.883151    -0.206139     0.421368
   -0.129335    -0.970456    -0.203685
   -0.502861    -0.315219     -0.80484
   -0.857651     0.297807      0.41922
    0.107541     0.901082    -0.420104
   -0.480885    -0.417198    -0.771165
   -0.873779     0.300784      0.38215
   0.0725224     0.857598    -0.509181
   -0.505751    -0.368209    -0.780152
   -0.859306     0.294914     0.417873
   0.0762134      0.88173    -0.465558
    0.531219     0.190552    -0.825528
    0.841583    -0.231044     0.488219
  -0.0977021    -0.954101      -0.2831
   -0.478516    -0.386287    -0.788546
   -0.876345     0.266499     0.401245
    0.055151     0.883041    -0.466045
   -0.523484    -0.541618    -0.657735
   -0.847728      0.40861     0.338224
   0.0855688     0.734635    -0.673045
   -0.498687    -0.559545    -0.661983
   -0.864312     0.378628     0.331068
   0.0653982     0.737259    -0.672438
   -0.498364    -0.494679    -0.711988
   -0.862555     0.365668     0.349694
   0.0873645     0.788403    -0.608923
    0.544566     -0.19679    -0.815305
    0.831911    0.0031349     0.554901
   -0.106643    -0.980441     0.165419
   -0.521356    -0.424269    -0.740394
   -0.846894     0.363693     0.387942
    0.104684     0.829291    -0.548925
    0.539503    -0.216863    -0.813577
    0.832554     -0.00681     0.553902
   -0.125661    -0.976178     0.176876
    0.479254     0.228194    -0.847492
    0.876309    -0.178295     0.447542
  -0.0489771    -0.957151    -0.285417
    0.482472     0.112553     -0.86865
    0.873495    -0.135442     0.467614
  -0.0650205    -0.984371    -0.163662
   -0.460929    -0.594752    -0.658646
   -0.885894     0.352119        0.302
    0.052307     0.722691    -0.689189
   -0.454989    -0.598965    -0.658958
   -0.889704     0.336984     0.308007
   0.0375731     0.726418    -0.686225
   -0.460441    -0.352709    -0.814611
   -0.886621     0.227757     0.402529
   0.0435572     0.907592    -0.417588
   -0.427572    -0.431308    -0.794453
   -0.903209     0.240162      0.35572
    0.037373     0.869653    -0.492247
    0.412207     0.165844    -0.895869
    0.910051    -0.121886     0.396169
   -0.043491    -0.978591    -0.201169
   -0.449316    -0.460288     -0.76567
   -0.891855     0.281034      0.35442
   0.0520438     0.842114    -0.536783
   -0.373729    -0.792448     -0.48203
   -0.924582     0.276822     0.261759
   0.0739942    -0.543503      0.83614
   -0.378542   -0.0167228    -0.925433
   -0.924766    0.0488509     0.377387
   0.0388972     0.998666   -0.0339568
    0.345036    -0.236152    -0.908395
     0.93625     0.018312     0.350856
  -0.0662208    -0.971544     0.227416
    0.296344     0.260639    -0.918829
    0.953558    -0.135046     0.269238
  -0.0539099    -0.955945    -0.288555
    0.429945     0.894918    -0.119455
    0.896775    -0.407965     0.171347
   -0.104608     0.180794     0.977942
   -0.523025     0.312985    -0.792771
   -0.837979   -0.0189404     0.545373
    0.155678     0.949569     0.272181
    0.504183     0.284316    -0.815453
    0.853089    -0.310819     0.419083
   -0.134306    -0.906948    -0.399257
    0.479967    -0.450878    -0.752556
    0.860576    0.0753441     0.503719
   -0.170415      -0.8894     0.424177
     0.50401     -0.48883    -0.712053
    0.842264    0.0956516     0.530511
   -0.191221    -0.867119     0.459933
   -0.460472    -0.579333    -0.672561
   -0.876357      0.41729     0.240555
    0.141292     0.700173    -0.699853
    0.461626     0.325338    -0.825262
    0.863993    -0.375741     0.335165
   -0.201043    -0.867741    -0.454542
    -0.43676    -0.899544   0.00788259
   -0.883092     0.430409     0.186808
    0.171435   -0.0746292     0.982365
    0.417934   -0.0996715    -0.902993
    0.886475    -0.172687      0.42935
   -0.198729    -0.979921    0.0161846
   -0.483775    -0.734168    -0.476403
   -0.845442     0.251304     0.471248
    0.226253    -0.630749      0.74227
    0.443333   -0.0466691    -0.895141
    0.865275    -0.238418     0.440972
   -0.233997    -0.970041   -0.0653169
   -0.472069     0.387235     -0.79196
   -0.843059    0.0642926     0.533965
    0.257687     0.919737     0.296111
   -0.419122     0.335509    -0.843665
   -0.895893  -0.00201955     0.444265
    0.147351     0.942035     0.301427
   -0.401005     0.512578    -0.759248
   -0.900064   -0.0661743     0.430704
    0.170527     0.856087      0.48789
   -0.386949     0.575291    -0.720632
   -0.911127    -0.118327     0.394774
     0.14184     0.809344      0.56995
    0.406863    -0.057769    -0.911661
     0.90541    -0.106939      0.41085
   -0.121226    -0.992586   0.00879521
   -0.439106     0.332502    -0.834643
    -0.88964   -0.0312455     0.455592
    0.125407     0.942585     0.309527
   -0.426259    -0.594306    -0.681985
   -0.899255     0.360236     0.248135
   0.0982075     0.719048    -0.687986
    0.465784   -0.0863874    -0.880672
    0.879927   -0.0601294     0.471289
  -0.0936676    -0.994445    0.0480073
   -0.479355     -0.49959    -0.721546
   -0.869639     0.381028      0.31392
    0.118099     0.777964     -0.61711
   -0.447832    -0.650217     0.613731
   -0.890724     0.384181     -0.24293
   0.0778261     0.655457     0.751212
     -0.3777    -0.537609    -0.753869
    -0.92299     0.283411     0.260322
   0.0737027     0.794138    -0.603252
    0.388518     0.907159     0.161605
    0.917816    -0.396534     0.019374
   -0.081657    -0.140796     0.986665
   -0.387936    -0.652877    -0.650582
   -0.917538     0.206667     0.339723
   0.0873437    -0.728725     0.679213
    0.406329    -0.233722     -0.88333
    0.910229    0.0190318     0.413667
  -0.0798716    -0.972117     0.220473
    0.402153     0.421992    -0.812524
    0.912203    -0.260737     0.316072
  -0.0784751    -0.868296    -0.489799
     0.40959     0.906966   -0.0982241
    0.908704    -0.396108      0.13174
  -0.0805768     0.143216     0.986406
   -0.413687    -0.552227    -0.723815
   -0.907874     0.309638     0.282648
   0.0680349      0.77406    -0.629446
   -0.418971    -0.712904     0.562345
   -0.905504     0.373935    -0.200589
   0.0672796     0.593246     0.802205
   -0.432338    -0.609995    -0.664071
   -0.900351     0.332474     0.280766
   0.0495208     0.719283     -0.69295
   -0.415222    -0.328799    -0.848223
   -0.907334     0.217167     0.359977
   0.0658461     0.919092    -0.388503
   -0.426707    -0.713417     0.555839
   -0.902887     0.371462    -0.216359
   0.0521187     0.594182      0.80264
    -0.42649    -0.386922    -0.817556
   -0.902555      0.24118     0.356689
   0.0591673     0.890013     -0.45208
   -0.430948    -0.751451     0.499605
   -0.899483     0.402023    -0.171194
    0.072209     0.523162     0.849169
   -0.441377    -0.658029      0.61007
   -0.895933     0.360989    -0.258827
   0.0499135     0.660821     0.748882
    0.418478     0.098698    -0.902848
    0.904056    -0.140428     0.403686
  -0.0869421    -0.985159    -0.147994
    0.394704    -0.170681    -0.902816
    0.912148   -0.0453079     0.407349
   -0.110431    -0.984284     0.137803
   -0.391019    -0.797418    -0.459596
   -0.915223      0.28408     0.285771
   0.0973171    -0.532375     0.840896
    0.371565     0.868499       0.3281
    0.922244    -0.385933   -0.0228315
   -0.106796    -0.311072     0.944367
   -0.375682     0.541824    -0.751857
   -0.918334    -0.108573     0.380623
      0.1246      0.83345     0.538364
   -0.373722    -0.720479     0.584159
   -0.923178     0.349941     -0.15901
   0.0898577     0.598708     0.795911
   -0.410855    -0.490892     -0.76826
   -0.909277      0.28203     0.306062
   0.0664294     0.824308     -0.56223
   -0.414213    -0.241956    -0.877431
   -0.908507      0.16833     0.382465
   0.0551581     0.955574    -0.289543
     0.37483     0.130702    -0.917834
    0.924851    -0.121534     0.360389
  -0.0644445    -0.983944    -0.166434
   -0.373086    -0.546982    -0.749411
   -0.924082     0.291276     0.247447
   0.0829361     0.784837    -0.614128
   -0.382973    -0.242086    -0.891474
   -0.922618     0.148209     0.356105
   0.0459167     0.958868    -0.280113
   -0.336757    -0.415552    -0.844933
   -0.938656     0.218957     0.266425
   0.0742903     0.882822    -0.463795
   -0.335401    -0.333934    -0.880905
   -0.940424     0.174026     0.292092
   0.0557604     0.926392    -0.372408
    0.287413     0.127474    -0.949286
    0.955671    -0.104308      0.27534
  -0.0639192    -0.986342    -0.151803
    -0.33624    -0.513735    -0.789316
   -0.936849     0.268077     0.224606
   0.0962094     0.814991     -0.57143
   -0.279563     -0.33924    -0.898198
   -0.956354     0.181245      0.22921
   0.0850364     0.923074    -0.375103
   -0.286552    -0.617721    -0.732331
   -0.950849        0.277     0.138406
     0.11736     0.735997    -0.666734
     0.35294     0.176591     -0.91883
    0.934549    -0.114065     0.337056
  -0.0452851    -0.977653    -0.205291
    0.286786    0.0920845    -0.953559
    0.956382   -0.0852547     0.279402
  -0.0555667    -0.992095    -0.112518
   -0.406196    -0.581572    -0.704825
   -0.912846     0.293233     0.284125
   0.0414387     0.758807    -0.649995
   -0.432604    -0.531291    -0.728412
   -0.900726      0.28993     0.323472
   0.0393308     0.796035    -0.603972
   -0.421392    -0.546352    -0.723829
    -0.90571     0.294051     0.305326
   0.0460272     0.784241    -0.618747
   -0.469458     0.448678    -0.760459
     -0.8366     0.049359     0.545585
    0.282328     0.892329     0.352192
    0.436859    -0.347919    -0.829522
      0.8636   -0.0958102     0.494991
   -0.251693    -0.932616     0.258607
   -0.438319    -0.793527    -0.422128
   -0.859342     0.232317     0.455588
    0.263454    -0.562445     0.783739
   -0.471263    -0.706501    -0.527984
   -0.830068     0.152906      0.53629
    0.298158    -0.690996     0.658503
   -0.416325    -0.692767    -0.588852
   -0.881135     0.147702     0.449205
     0.22422    -0.705874     0.671913
   -0.451036    -0.685141    -0.571969
     -0.8496     0.133286     0.510309
    0.273398    -0.716112     0.642212
    0.426365      0.86052    -0.278781
    0.877281    -0.318277     0.359273
   -0.220432      0.39775      0.89062
    0.447103    -0.443366    -0.776869
    0.870602    0.0163513     0.491717
   -0.205308    -0.896191     0.393306
   -0.483738     0.610421    -0.627204
    -0.81872   -0.0623122     0.570802
    0.309347     0.789623     0.529906
    0.474853     -0.23651     -0.84769
    0.837809    -0.173395     0.517697
   -0.269425    -0.956032     0.115813
    0.504815     0.048341    -0.861873
    0.801369    -0.397392     0.447088
   -0.320889    -0.916375    -0.239348
    0.398475     0.858062    -0.323955
    0.899409    -0.296378     0.321284
   -0.179668     0.419392     0.889848
    0.423492     0.885487     0.191223
    0.894293    -0.442328    0.0677214
    -0.14455     -0.14233     0.979208
    0.412976     0.906362    0.0892082
    0.906343     -0.41862    0.0574359
  -0.0894021   -0.0571336     0.994356
    -0.38282    -0.593109    -0.708287
   -0.914361      0.35271     0.198846
    0.131882     0.723752    -0.677341
   -0.387939    -0.664789    -0.638403
   -0.902699     0.134186     0.408813
     0.18611    -0.734881     0.652161
   -0.373141    -0.458791    -0.806397
   -0.916335     0.318319     0.242907
    0.145248     0.829568    -0.539184
     0.38826    -0.112901    -0.914608
    0.903215    -0.150368     0.401985
   -0.182913    -0.982162    0.0435915
   -0.407109     0.404477    -0.818938
   -0.887917    0.0349721     0.458673
    0.214163     0.913879     0.344905
   -0.372748    -0.732832     0.569224
   -0.915551     0.390324   -0.0970233
     0.15108     0.557319     0.816438
   -0.524872    -0.486983    -0.698109
   -0.791954     0.579988     0.190845
    0.311957      0.65304    -0.690088
   -0.492353    -0.269803    -0.827523
   -0.834715     0.415789     0.361069
    0.246658     0.868519    -0.429924
   -0.506787    -0.380014    -0.773793
   -0.831593     0.452063     0.322632
    0.227199     0.806987    -0.545117
   -0.523399    -0.454468    -0.720772
   -0.797573     0.559003     0.226701
    0.299885     0.693523    -0.655053
   -0.486396    -0.318646    -0.813563
   -0.862263     0.325469     0.388036
    0.141143     0.890244    -0.433063
    0.496342     0.838531    -0.224747
    0.837596    -0.394507     0.377884
   -0.228204     0.375807     0.898161
    0.486235     0.823023    -0.293614
    0.861304    -0.394717     0.319928
   -0.147414     0.408451     0.900798
     -0.4668    -0.749345    -0.469658
    -0.87124     0.298518      0.38965
    0.151781    -0.591074     0.792208
    0.509136     0.859657    -0.042072
    0.808918    -0.461244     0.364562
   -0.293993     0.219644     0.930228
   -0.468322    -0.824984    -0.316348
   -0.853738     0.330283     0.402548
    0.227611      -0.4586     0.858999
    0.472976     0.870705    -0.134787
    0.830324    -0.389314     0.398744
   -0.294714     0.300513     0.907103
   -0.475103    -0.704174    -0.527652
   -0.878265      0.34261      0.33357
   0.0541123    -0.621898     0.781226
   -0.454975    -0.715779    -0.529772
   -0.888401     0.323981     0.325239
    0.061163    -0.618626     0.783302
    -0.42934     0.584134    -0.688807
   -0.903022    -0.290129     0.316822
  -0.0147768     0.758032      0.65205
   -0.453118     0.540222    -0.709115
    -0.89127    -0.290535     0.348177
  -0.0179298     0.789778     0.613131
    -0.46683    -0.451099    -0.760644
   -0.881621     0.304872     0.360273
   0.0693808     0.838786    -0.540022
   -0.453926    -0.248554     -0.85567
   -0.891006     0.118282     0.438313
 -0.00773409     0.961369    -0.275154
    -0.45001    -0.670279     0.590099
    -0.88507     0.422749    -0.194766
    0.118916     0.609925     0.783486
   -0.465264    -0.423875    -0.777083
   -0.868349     0.388902     0.307774
    0.171751     0.817976    -0.549014
   -0.437216    -0.899251     0.013769
   -0.897998     0.437346    0.0482612
   0.0494207  -0.00873606      0.99874
    -0.43348    -0.720222    -0.541642
   -0.888422     0.442257     0.122941
      -0.151    -0.534499     0.831571
   -0.445926     0.534453     -0.71799
   -0.880853    -0.404438     0.246024
   -0.158894     0.742152     0.651124
   -0.438661    -0.657969    -0.612089
   -0.887031     0.426208     0.177547
   -0.144057    -0.620825       0.7706
    -0.45087     -0.73607    -0.504894
   -0.882104     0.453888     0.126009
   -0.136414    -0.502182     0.853935
   -0.464282     -0.73228    -0.498205
   -0.871585     0.477733     0.110048
   -0.157423    -0.485322     0.860047
   -0.443203     0.469905    -0.763388
    -0.89106    -0.323934     0.317928
  -0.0978915     0.821131     0.562282
   -0.443105    -0.820278     0.361667
   -0.890595     0.356678    -0.282171
    -0.10246      0.44713     0.888581
    0.436155     0.854258     0.282866
    0.897762    -0.391564    -0.201743
   0.0615807    -0.341937     0.937703
    0.416501     0.907935    0.0466974
    0.909051    -0.415215   -0.0349632
   0.0123549   -0.0570125     0.998297
   -0.465142      0.59631     -0.65426
   -0.874944    -0.422057     0.237363
   -0.134593     0.682848     0.718055
    0.427104     0.886236     0.179356
     0.90261    -0.406115    -0.142705
   0.0536316    -0.222838     0.973379
    0.439782     0.890673     0.115298
    0.893595    -0.421105    -0.155427
   0.0898819    -0.171383     0.981096
   -0.432253    -0.664438     0.609655
   -0.901693     0.310704    -0.300688
  -0.0103666     0.679695     0.733422
    0.412859      0.90881   -0.0601018
    0.909805    -0.408436    0.0737213
  -0.0424509    0.0851174     0.995466
    0.449722     0.890289   -0.0716554
    0.891669    -0.452167   -0.0217146
   0.0517325    0.0541273     0.997193
   -0.442094     0.537071    -0.718406
   -0.894808    -0.319628     0.311698
  -0.0622188     0.780636     0.621882
   -0.432994    -0.710517    -0.554691
   -0.894472      0.41481     0.166889
   -0.111514    -0.568417     0.815148
   -0.418662    -0.661901    -0.621779
   -0.901576     0.385119     0.197088
   -0.109007    -0.643095     0.757989
   -0.425906    -0.698296    -0.575314
   -0.901825     0.378887     0.207742
  -0.0729136    -0.607311     0.791111
   -0.419467     0.584076    -0.694912
   -0.896682    -0.385883     0.216925
   -0.141454     0.714108     0.685595
   -0.411221    -0.646677     0.642422
   -0.911227     0.273293    -0.308183
  -0.0237255     0.712124     0.701653
   -0.396056    -0.784855     0.476594
   -0.918221     0.336779    -0.208446
 -0.00309315     0.520175     0.854054
   -0.375384    -0.620216    -0.688781
   -0.925743     0.287506     0.245641
    0.045678     0.729844    -0.682086
    0.384063     0.165929    -0.908275
    0.922796    -0.101699     0.371624
  -0.0307076     -0.98088    -0.192178
   -0.368174    -0.417359    -0.830819
   -0.926583     0.238485     0.290809
   0.0767657      0.87689    -0.474521
   -0.362768    -0.805429     0.468705
   -0.928534     0.354999    -0.108632
   0.0788939     0.474616      0.87665
   -0.360477    -0.509579    -0.781272
    -0.92714      0.28761     0.240189
    0.102306     0.810931    -0.576128
   -0.371629    -0.596821    -0.711123
   -0.926346     0.289075     0.241493
   0.0614397     0.748492    -0.660292
   -0.362233    -0.807047    -0.466329
   -0.922896     0.240458     0.300737
    0.130576     -0.53931     0.831923
   -0.369729    -0.571202    -0.732823
   -0.922121     0.322339     0.213986
    0.113988     0.754868    -0.645895
   -0.381789    -0.771957     0.508252
   -0.919594     0.372397    -0.125168
   0.0926471     0.515173     0.852064
   -0.386771    -0.715473     0.581813
   -0.921549     0.323131    -0.215253
   0.0339941     0.619423     0.784321
   -0.655613    -0.516319    -0.550987
   -0.577078     0.813203   -0.0753786
    0.486984     0.268543    -0.831103
   -0.675345    -0.555102    -0.485562
   -0.580364  -0.00623879     0.814333
    0.455067    -0.831759     0.317948
    0.665551     0.643711     0.377727
    0.630439    -0.755761     0.177119
   -0.399485    -0.120253     0.908818
   -0.670681    -0.417879    -0.612833
   -0.629374     0.757819     0.172042
    0.392524     0.501087    -0.771257
     0.68298     0.727616    0.0641336
    0.581761    -0.594956       0.5546
   -0.441693      0.34147     0.829642
    0.661122     0.306449     -0.68484
    0.669279    -0.653417     0.353712
   -0.339091    -0.692196    -0.637088
    -0.67286    -0.510541    -0.535357
   -0.628533      0.77619    0.0497558
    0.390137     0.369968    -0.843159
    0.660245     0.236994    -0.712678
    0.670159    -0.614287     0.416579
