   -0.103519    -0.885088     0.453766
   -0.980451    0.0140541    -0.196261
    0.167331    -0.465212     -0.86924
   -0.111574    -0.901284     0.418614
   -0.982154    0.0358284    -0.184637
    0.151412    -0.431744    -0.889197
   -0.118263    -0.804207     0.582464
   -0.984484    0.0183808    -0.174511
    0.129637    -0.594065    -0.793903
   -0.113593    -0.816085     0.566658
   -0.986814    0.0264821    -0.159679
    0.115306    -0.577325    -0.808332
   -0.121111    -0.928979     0.349757
    -0.98778    0.0779707    -0.134946
    0.098091    -0.361826    -0.927071
   -0.134725    -0.767678    -0.626513
   -0.986807    0.0466558     0.155035
   0.0897863    -0.639135     0.763836
   -0.130231    -0.866175    -0.482474
   -0.989073    0.0795816     0.124103
   0.0690986    -0.493364     0.867074
     0.12282      0.96546    -0.229789
    0.988795   -0.0992487     0.111506
  -0.0848484     0.240909     0.966832
    -0.11714     -0.56088     0.819568
   -0.992215    0.0309714     -0.12062
   0.0422703    -0.827317    -0.560142
   -0.109296     -0.86078     0.497104
   -0.991992    0.0626127    -0.109685
   0.0632896    -0.505111     -0.86073
   -0.102417    -0.897113     0.429767
   -0.994289       0.0793   -0.0714146
   0.0299865    -0.434627    -0.900111
  -0.0913958    -0.856029     0.508783
   -0.994757    0.0549371   -0.0862622
   0.0458919       -0.514    -0.856562
    0.144234     0.964959     0.219206
    0.963908    -0.187103     0.189403
   -0.223781    -0.183976     0.957118
    0.151066     0.987946    0.0337879
    0.964147    -0.154799      0.21554
   -0.218173 -1.55813e-05      0.97591
     0.14016     0.988989    0.0474906
    0.967555    -0.146991     0.205502
    -0.21022   -0.0171466     0.977504
    0.148706      0.72628     0.671121
    0.967073    -0.248551     0.054697
   -0.206533     -0.64089     0.739327
    0.157331     0.746804     0.646166
    0.964154    -0.257729    0.0631128
   -0.213669    -0.613074     0.760583
    0.140592     0.706336     0.693775
    0.970237    -0.237838     0.045528
   -0.197164    -0.666725     0.718751
    0.151952     0.662988    -0.733047
     0.96819    -0.249012   -0.0245194
   -0.198794    -0.706003    -0.679736
    0.145731     0.626647    -0.765556
    0.970864    -0.239371   -0.0111243
   -0.190223     -0.74163    -0.643273
    0.146441     0.706643      0.69225
    0.973219    -0.228274    0.0271419
   -0.177202    -0.669736     0.721147
    0.158218     0.700886     0.695504
    0.965969     -0.25584    0.0380746
   -0.204624    -0.665811     0.717513
   -0.150052    -0.750622     0.643468
   -0.971309     0.233381    0.0457428
    0.184509     0.618143     0.764105
   -0.152853    -0.582738    -0.798156
   -0.969882     0.243445   0.00799925
    0.189646     0.775339    -0.602398
   -0.139959    -0.594544    -0.791788
   -0.973755     0.227597   0.00122391
    0.179481     0.771179    -0.610795
    0.143005     0.658752    -0.738644
    0.975482    -0.219959  -0.00731049
   -0.167287    -0.719489    -0.674056
   -0.139289    -0.603164    -0.785361
   -0.977987     0.208226    0.0135327
     0.15537     0.769958     -0.61889
   -0.134597    -0.561711    -0.816311
   -0.976688     0.214232    0.0136255
    0.167226     0.799115    -0.577452
    0.133683    -0.690797     0.710583
    0.973382     0.226215    0.0367911
   -0.186159     0.686751     0.702651
    0.125948     0.653692    -0.746206
    0.976639    -0.213717   -0.0223792
   -0.174106    -0.725956    -0.665338
   -0.123594    -0.811396      0.57128
   -0.974011     0.209308    0.0865603
    0.189808     0.545734     0.816178
   -0.131132    -0.440283    -0.888232
   -0.970905     0.238124    0.0253027
    0.200369     0.865707    -0.458698
    0.122052     0.983767    -0.131555
     0.97077   -0.0907247     0.222206
   -0.206663      0.15483     0.966084
   -0.119579    -0.824597     0.552938
   -0.976654     0.197808    0.0837785
    0.178459     0.530011        0.829
    0.116817     0.943138    -0.311198
    0.973461   -0.0466451     0.224049
   -0.196793     0.329112     0.923557
    0.116704     0.979306    -0.165347
    0.975446   -0.0817125      0.20452
   -0.186777     0.185156     0.964796
     0.13263     0.954213    -0.268117
    0.967584   -0.0659923     0.243773
   -0.214918     0.291758     0.932034
    0.142227     0.663122    -0.734875
    0.975785     -0.21857  -0.00837531
   -0.166175    -0.715889    -0.678151
    0.142533     0.622844    -0.769253
    0.976122    -0.217167     0.005029
   -0.163924    -0.751601    -0.638925
    0.128377     0.680205    -0.721693
    0.981812    -0.189809  -0.00425025
   -0.139875    -0.708021    -0.692201
   -0.125505    -0.542592    -0.830568
   -0.982045     0.186796    0.0263651
    0.140841     0.818964    -0.556294
    0.131335     0.626434     -0.76833
    0.981835    -0.189255    0.0135278
   -0.136936     -0.75615    -0.639911
    0.110545     0.237297    -0.965127
    0.987594    -0.135198    0.0798772
   -0.111528    -0.961983    -0.249298
    -0.11652    -0.480762    -0.869075
   -0.987315     0.151095    0.0487889
    0.107857     0.863735    -0.492269
  -0.0988682    -0.575475    -0.811821
   -0.991915     0.122216    0.0341658
   0.0795563     0.808636    -0.582905
   -0.106115    -0.299064    -0.948315
   -0.988133     0.138232    0.0669776
    0.111057     0.944168    -0.310183
   0.0928675    -0.643687     0.759634
     0.99243     0.121423   -0.0184381
  -0.0803684     0.755595      0.65009
   0.0878141    -0.718368     0.690098
    0.992956     0.118446  -0.00305442
   -0.079545     0.685505     0.723709
   -0.122056    -0.337351    -0.933433
   -0.987131     0.139157    0.0787853
    0.103315     0.931037    -0.349994
   -0.105668    -0.491138    -0.864649
   -0.991435     0.119147    0.0534847
   0.0767515     0.862895    -0.499522
   -0.114923    -0.845583     0.521328
   -0.991103     0.133068  -0.00264697
   0.0671339     0.516994     0.853352
    0.126686     0.198958    -0.971785
    0.987179    -0.121188     0.103881
  -0.0971003    -0.972486     -0.21176
   -0.133704    -0.556576    -0.819967
   -0.982275     0.184108    0.0352019
     0.13137     0.810141    -0.571327
   -0.135293    -0.477858    -0.867956
   -0.983097     0.173806     0.057551
    0.123355     0.861071    -0.493295
   -0.142058    -0.528072    -0.837233
    -0.97829     0.203832    0.0374278
     0.15089     0.824374    -0.545564
    0.142599      0.57719    -0.804063
    0.976933     -0.21254    0.0206869
   -0.158955    -0.788466    -0.594184
   -0.140642    -0.475524    -0.868387
   -0.980045     0.191312    0.0539648
    0.140471     0.858648    -0.492942
   -0.125106    -0.930969     0.342995
   -0.989721    0.0929589    -0.108683
    0.069296    -0.353066    -0.933029
   -0.128533    -0.863974     0.486856
   -0.987854    0.0683184    -0.139562
   0.0873162    -0.498881    -0.862261
   -0.137727    -0.867478     0.478031
   -0.985998    0.0742694    -0.149304
   0.0940149    -0.491901    -0.865561
   -0.129649     -0.88117     0.454677
   -0.986602    0.0688394    -0.147913
   0.0990365    -0.467762    -0.878289
   -0.135733    -0.940644     0.311072
   -0.984696    0.0934378    -0.147118
    0.109319     -0.32628    -0.938931
    -0.13141    -0.925055     0.356378
   -0.983366    0.0761675    -0.164894
    0.125392    -0.372118    -0.919676
   -0.124416    -0.910532     0.394274
   -0.985042    0.0655992    -0.159342
    0.119222    -0.408201    -0.905074
    0.139448     0.615624    -0.775604
    0.981953    -0.187025    0.0281005
   -0.127758    -0.765525    -0.630594
   -0.137458      -0.8348     0.533118
   -0.980793     0.189909    0.0444909
    0.138385     0.516763      0.84487
   -0.139489     -0.45194    -0.881075
   -0.984246       0.1609    0.0732904
    0.108642     0.877417    -0.467264
   -0.132764    -0.591454    -0.795334
   -0.987157     0.150838    0.0526129
   0.0888482     0.792105    -0.603884
    0.133452     0.944906    -0.298902
    0.988379    -0.104746     0.110157
  -0.0727794     0.310129     0.947904
   -0.126161    -0.865524    -0.484717
   -0.990843    0.0862546     0.103875
   0.0480974    -0.493384     0.868481
   -0.122367    -0.809561      0.57414
    -0.99067     0.134597   -0.0213547
   0.0599898     0.571397     0.818478
   -0.114206    -0.909306     0.400149
   -0.992404    0.0858823   -0.0880807
   0.0457265    -0.407169    -0.912207
   -0.128439    -0.899823     0.416919
   -0.982651    0.0587557     -0.17591
    0.133792     -0.43228    -0.891759
   -0.127049    -0.872389     0.472012
   -0.981206     0.040861    -0.188586
    0.145233    -0.487101    -0.861185
   -0.126143    -0.929926     0.345435
   -0.981263     0.065843    -0.181076
    0.145643    -0.361804    -0.920807
   -0.118341    -0.889618     0.441107
   -0.979451    0.0315183    -0.199202
    0.163311    -0.455617    -0.875067
   -0.118222    -0.849073     0.514877
   -0.979751    0.0153636    -0.199627
    0.161588    -0.528052    -0.833697
   -0.118271    -0.789122     0.602742
    -0.97624    -0.018588    -0.215895
    0.181571    -0.613955    -0.768174
   -0.113376    -0.910228     0.398285
   -0.976324     0.027739    -0.214528
    0.184222    -0.413177    -0.891822
    0.117951     0.959346    -0.256404
    0.978509   -0.0683072     0.194561
   -0.169137     0.273843     0.946786
   -0.113652    -0.993329   -0.0194872
   -0.976926     0.108162     0.184165
    0.180829   -0.0399684     0.982702
   -0.123383    -0.874093    -0.469828
   -0.979295    0.0306789       0.2001
    0.160492    -0.484789      0.85978
    0.131535     0.965984    -0.222651
    0.979592   -0.0922243     0.178591
   -0.151982     0.241598     0.958401
    -0.13179      -0.9232     0.361017
   -0.981912    0.0716349    -0.175262
    0.135941    -0.377584    -0.915942
  -0.0653062    -0.548317    -0.833716
   -0.996889    0.0727902    0.0302152
   0.0441188     0.833096    -0.551365
  -0.0711781    -0.369347    -0.926561
   -0.996483    0.0675159    0.0496361
   0.0442246     0.926836    -0.372854
   0.0437825     0.113148    -0.992613
    0.999006   -0.0133107    0.0425472
 -0.00839825    -0.993489    -0.113618
   0.0389715     0.230363    -0.972324
    0.999201   -0.0175614    0.0358881
 -0.00880807    -0.972946    -0.230864
   0.0549069    0.0597677    -0.996701
    0.998461   -0.0110952    0.0543386
 -0.00781087    -0.998151   -0.0602849
   0.0270344    -0.721808     0.691566
    0.999324   0.00226257   -0.0367037
   0.0249283      0.69209      0.72138
   0.0320286    -0.564534     0.824788
    0.999147  -0.00344775   -0.0411592
   0.0260794     0.825403     0.563942
   0.0112808    -0.772385     0.635054
    0.998005   -0.0307558    -0.055135
    0.062117     0.634409     0.770498
  -0.0180811    -0.403466     0.914816
   -0.999504    0.0308905  -0.00613116
  -0.0257854    -0.914473    -0.403825
  0.00841725    -0.859021    -0.511871
     0.99814   -0.0236933    0.0561756
    0.060384     0.511391    -0.857224
 0.000560235    -0.402181      0.91556
   -0.998472     0.050369    0.0227367
  -0.0552601    -0.914173    -0.401538
    0.038358     0.964092     0.262783
    0.998798   -0.0289606   -0.0395429
   0.0305127    -0.263983     0.964044
   -0.021097    0.0182671    -0.999611
   -0.997748   -0.0640515    0.0198872
  -0.0636633     0.997779    0.0195773
   0.0294848    -0.171649    -0.984717
    0.997467    0.0688437    0.0178662
   0.0647249     -0.98275     0.173244
   0.0494067     0.963217     0.264145
    0.998251   -0.0390299   -0.0443928
   0.0324504    -0.265876     0.963461
  -0.0672869    -0.622066    -0.780068
   -0.997723     0.045623    0.0496792
  0.00468532     0.781634    -0.623719
   0.0766726     0.994014   -0.0778326
    0.997052   -0.0766702   0.00302353
  0.00296201     0.077835     0.996962
   0.0849959     0.139575    -0.986557
    0.995492   -0.0537274    0.0781645
  -0.0420953    -0.988753    -0.143513
   0.0774242     0.240545    -0.967545
    0.996026   -0.0615024     0.064413
  -0.0440121    -0.968687    -0.244351
  -0.0950192    -0.840351     0.533649
   -0.994902    0.0983604   -0.0222572
   0.0337861     0.533044     0.845413
  -0.0136906      -0.3328     0.942898
    0.995844   -0.0894526   -0.0171133
     0.09004     0.938745     0.332642
  -0.0149204     0.520684    -0.853619
    0.994994    0.0920988    0.0387862
   0.0988126    -0.848767    -0.519451
   0.0296212     0.141592    -0.989482
   -0.991423      -0.1219   -0.0471228
    -0.12729     0.982391     0.136766
   0.0283636   -0.0954404    -0.995031
   -0.992495    -0.121142   -0.0166717
   -0.118949     0.988036   -0.0981602
   0.0280327    -0.716461     0.697064
   -0.991494    0.0687339      0.11052
   -0.127095    -0.694233     -0.70844
  -0.0420681    -0.999047    0.0116044
    0.987394   -0.0397979     0.153197
    0.152589   -0.0179028    -0.988127
   0.0402742     0.997119    0.0642792
   -0.987517    0.0299173     0.154643
   -0.152275     0.069705    -0.985877
   0.0535055     0.995202   -0.0819114
   -0.981491    0.0675186     0.179213
   -0.183883   -0.0708064    -0.980394
   0.0452768     0.036187    -0.998319
   -0.987542    -0.149137    -0.050194
   -0.150702     0.988154    0.0289838
  -0.0540316    -0.987672    -0.146914
    0.981941   -0.0792696     0.171777
    0.181305      0.13498     -0.97412
   -0.065604    -0.517303    -0.853284
    0.981604       0.1202    -0.148341
    0.179303    -0.847319     0.499901
   0.0406485      0.96443     0.261196
   -0.987146  -0.00167634     0.159814
   -0.154567     0.264335    -0.951964
    0.055321     0.997938    0.0325567
   -0.981019    0.0482559     0.187813
   -0.185854    0.0423287    -0.981665
   0.0574725     0.965733     0.253094
    -0.98073   0.00719814     0.195238
   -0.186726     0.259438    -0.947537
   0.0429173     0.973137    -0.226191
    -0.98613    0.0775938     0.146723
   -0.160333    -0.216756    -0.962969
  -0.0255285    -0.300358     0.953485
    0.991819    -0.126944   -0.0134338
    0.125074     0.945341     0.301141
   -0.021175     -0.62274     0.782142
    0.990976    -0.116639   -0.0660392
    0.132354     0.773686     0.619591
  0.00799016   -0.0920892     0.995719
    -0.99462     0.102114    0.0174254
   -0.103281    -0.990501   -0.0907778
  -0.0138305    0.0107498    -0.999847
    0.994722     0.101822   -0.0126649
     0.10167    -0.994745   -0.0121013
  0.00505281    -0.542053     0.840329
    0.995931   -0.0728853    -0.053003
   0.0899781     0.837177     0.539479
   0.0444676    -0.893564     0.446728
    -0.98283    0.0410254     0.179893
   -0.179073    -0.447057    -0.876398
   0.0109154    -0.919008    -0.394088
   -0.987225    0.0527463    -0.150348
   -0.158957    -0.390695     0.906692
    0.022194    -0.978418    -0.205442
   -0.987416    0.0107311    -0.157778
   -0.156577    -0.206358     0.965867
  0.00401872     -0.99709   -0.0761228
    0.991274  -0.00605768     0.131678
    0.131756    0.0759877    -0.988365
  -0.0137374    -0.975297    -0.220469
   -0.991689    0.0414968    -0.121779
   -0.127919    -0.216964     0.967762
 -0.00728621     -0.91883    -0.394587
    0.991292   -0.0585207     0.117966
    0.131482     0.390291    -0.911255
   0.0358827    -0.839961      0.54146
    0.994305   -0.0244003    -0.103745
    0.100353     0.542099     0.834301
   0.0225497    -0.816511     0.576889
    0.994922   -0.0382907   -0.0930854
   0.0980948     0.576059     0.811501
   0.0503926     0.234741    -0.970751
    0.995862     0.061789    0.0666376
   0.0756243    -0.970092    -0.230656
  -0.0415937    -0.969142    -0.242969
   -0.994427    0.0637339   -0.0839829
  -0.0968767    -0.238122     0.966392
   0.0568651     0.987315     0.148239
    0.995146   -0.0441076   -0.0879724
    0.080318    -0.152522     0.985031
  -0.0520513    -0.934824     0.351276
    -0.99618    0.0733027    0.0474631
  -0.0701191    -0.347463    -0.935068
   0.0144394    -0.659203     0.751827
    0.995568   -0.0604023   -0.0720815
   0.0929284     0.749535     0.655409
  -0.0386934    -0.925124     0.377689
   -0.996859   0.00960159   -0.0786076
  -0.0690954     0.379545      0.92259
  -0.0175687    -0.868106     0.496068
    0.991279   -0.0799306     -0.10477
    0.130602     0.489901      0.86194
   0.0412542     0.979717    -0.196094
   -0.985835    0.0718448     0.151549
   -0.162563    -0.187064    -0.968803
    -0.03206     0.999475  -0.00477456
    0.987011    0.0324119     0.157349
    0.157421  0.000332078    -0.987531
   0.0532983    -0.935147    -0.350227
   -0.981349    0.0158196    -0.191584
     -0.1847    -0.353906     0.916862
   0.0553843    -0.979231    -0.195035
   -0.981714    -0.017776    -0.189529
   -0.182126    -0.201965      0.96231
   0.0518414     -0.95526    -0.291188
   -0.981885   0.00445472    -0.189423
   -0.182246    -0.295733     0.937725
  -0.0723589    -0.917586     0.390896
    -0.99662    0.0818063   0.00754698
  -0.0389028    -0.389029    -0.920404
  -0.0796112    -0.896488     0.435856
   -0.995891    0.0904622   0.00416261
  -0.0431603    -0.433734    -0.900007
  -0.0939749    -0.852825     0.513672
   -0.995496    0.0869816   -0.0377119
  -0.0125184    -0.514902    -0.857157
  -0.0899646    -0.876575     0.472781
   -0.995931    0.0817352   -0.0379699
 -0.00535943    -0.474273    -0.880361
  -0.0959992    -0.871804     0.480356
   -0.995357     0.080686   -0.0524841
 -0.00699782     0.483164     0.875502
   -0.108751    -0.851204     0.513445
   -0.993849    0.0822428   -0.0741588
   0.0208971    -0.518351    -0.854912
   -0.115016    -0.854884     -0.50591
   -0.993219    0.0902806    0.0732479
   0.0169446    -0.510904     0.859471
  -0.0926614    -0.913933     0.395147
   -0.995621    0.0801367   -0.0481243
   0.0123166    -0.397876    -0.917357
   -0.102273    -0.362558    -0.926332
    -0.99434    0.0642162    0.0846473
    0.028796     0.929746    -0.367074
   0.0842354     0.995319    0.0473682
    0.996432   -0.0838922  -0.00919147
  0.00517463   -0.0479734     0.998835
   0.0647408    -0.582124     0.810519
    0.997403    0.0120568    -0.071009
   0.0315638     0.813011     0.581393
  -0.0774908    -0.364314    -0.928046
   -0.996323  -0.00582988    0.0854804
  -0.0365521     0.931258    -0.362523
  -0.0942299    -0.887132     0.451793
   -0.995488    0.0788849   -0.0527307
   0.0111394    -0.454724    -0.890563
   -0.080459    -0.894573      0.43962
    -0.99657    0.0807575   -0.0180601
  -0.0193465    -0.439565    -0.898002
  -0.0852839      -0.8851    -0.457521
   -0.996238    0.0828247    0.0254742
  -0.0153468    -0.457972     0.888834
  -0.0753595    -0.953207     0.292775
   -0.996667    0.0812023   0.00783629
  -0.0312436    -0.291208    -0.956149
  -0.0626327    -0.868831     0.491131
   -0.997139    0.0753375   0.00611264
  -0.0423114    -0.489343    -0.871065
  -0.0495172    -0.898211     0.436767
    -0.99735     0.067804     0.026367
  -0.0532976    -0.434304    -0.899188
  -0.0459377    -0.895526     0.442633
   -0.997085    0.0681272    0.0343532
  -0.0609194    -0.439764    -0.896045
   0.0480908     0.972648    -0.227253
    0.996288   -0.0629714    -0.058686
   0.0713912     0.223588     0.972066
  -0.0198687    -0.949558     0.312962
   -0.994125    0.0520742    0.0948854
   -0.106396    -0.309238    -0.945014
  -0.0130029    -0.978901    -0.203922
   -0.992094    0.0380878    -0.119576
    -0.12482    -0.200755     0.971657
-0.000955033    -0.940422     0.340007
   -0.992185    0.0433137     0.117014
    -0.12477    -0.337239    -0.933114
   0.0073956     -0.89022      0.45547
   -0.988632    0.0618942     0.137025
   -0.150174    -0.451306    -0.879642
    0.011261    -0.953338     0.301695
   -0.989031    0.0338192     0.143783
   -0.147277    -0.300005      -0.9425
   0.0304904    -0.968746     0.246175
   -0.985848    0.0114722     0.167249
   -0.164846     -0.24779    -0.954686
   0.0339592    -0.866377     0.498235
   -0.984773    0.0560385     0.164566
   -0.170497    -0.496237    -0.851281
   0.0198607    -0.885954     0.463347
   -0.990439    0.0458433      0.13011
   -0.136513    -0.461501    -0.876574
   0.0424627     -0.92026     0.388996
   -0.987247    0.0211438     0.157788
   -0.153431    -0.390735    -0.907626
    0.037451    -0.968651     0.245588
   -0.989907  -0.00234703     0.141699
    -0.13668    -0.248416    -0.958962
   0.0111907    -0.939207    -0.343168
    -0.99032    0.0370746    -0.133763
   -0.138354    -0.341343     0.929701
  -0.0082139     -0.93983     0.341544
   -0.992593    0.0490628     0.111135
   -0.121205    -0.338102    -0.933272
  -0.0236856     0.999596   -0.0156798
   -0.993173   -0.0253195    -0.113865
   -0.114217    0.0128758     0.993372
  -0.0400939     -0.96695    -0.251793
   -0.994989    0.0617368   -0.0786495
  -0.0915951    -0.247378      0.96458
  -0.0294036    -0.945588     0.324035
   -0.994723      0.05956    0.0835425
  -0.0982964    -0.319869    -0.942349
 0.000851277    -0.707648     0.706565
     0.99072   -0.0954377   -0.0967776
    0.135917      0.70009        0.701
   0.0415989    -0.899414     0.435114
   -0.988865    0.0252165     0.146664
   -0.142884     -0.43637     -0.88835
   -0.505233    -0.636373    -0.582897
   -0.854978     0.277325     0.438296
    0.117268    -0.719806     0.684199
   -0.530548   0.00126218    -0.847654
   -0.841577     0.118752     0.526921
    0.101326     0.992923   -0.0619414
    0.509151     0.859852    0.0376734
    0.857514    -0.510543    0.0633676
  -0.0737207  -4.1743e-05     0.997279
   -0.535611      0.54651    -0.643776
   -0.842042    -0.287927      0.45614
   0.0639251       0.7864     0.614401
    -0.55733     0.501201    -0.661952
   -0.825087    -0.245196     0.509029
   0.0928184     0.829865     0.550189
   -0.516167     0.389833    -0.762628
   -0.855678    -0.196014      0.47895
   0.0372252     0.899782     0.434748
    0.553126     -0.41788    -0.720713
    0.830987     0.215209     0.512977
  -0.0592589    -0.882645     0.466291
    0.534686    0.0883078    -0.840424
    0.844138    -0.102038     0.526327
  -0.0392764    -0.990853    -0.129102
   -0.542485    -0.293945     -0.78696
   -0.838492     0.246784     0.485829
   0.0514025     0.923414    -0.380348
   -0.571272     0.466738    -0.675132
   -0.816058    -0.235071     0.528007
   0.0877372     0.852582     0.515175
   -0.558072     0.513543    -0.651789
   -0.826987    -0.279684     0.487718
   0.0681692     0.811203     0.580777
    0.581051     0.193872    -0.790439
     0.80775     -0.25622     0.530934
  -0.0995931    -0.946977    -0.305477
   -0.511836    -0.519929    -0.683884
   -0.858883     0.326891     0.394288
   0.0185541     0.789187    -0.613872
   -0.521868    -0.478613    -0.706104
   -0.852597      0.31893      0.41396
   0.0270711     0.818055    -0.574503
    -0.50632    -0.586866    -0.631845
   -0.862191     0.358358     0.358058
   0.0162944     0.726063    -0.687435
   -0.495189    -0.676043     0.545669
   -0.868741     0.391662    -0.303133
  0.00878746     0.624153     0.781253
    0.491384     0.814791     0.307665
    0.870773    -0.466597    -0.155053
  -0.0172204    -0.344097     0.938776
    -0.47488    -0.880037  -0.00494069
   -0.880001     0.474786    0.0132825
  0.00934328   -0.0106554       0.9999
    0.463738     0.816116     -0.34482
    0.885747    -0.418293     0.201205
  -0.0199708     0.398729     0.916851
    0.493489    -0.355918    -0.793594
     0.86875     0.157925     0.469396
  -0.0417378    -0.921077     0.387138
   -0.461843     0.618711     -0.63553
   -0.885608    -0.282109     0.368934
   0.0489744      0.73322     0.678226
   -0.448312    -0.753371    -0.481092
    -0.89377     0.369439     0.254344
   0.0138812    -0.544011     0.838963
    0.434074      0.84085    -0.323344
    0.900518    -0.394851     0.182101
  -0.0254469     0.370223     0.928594
    -0.40696      -0.7655    -0.498391
   -0.913257      0.32987     0.239056
   0.0185936    -0.552446     0.833342
   -0.473152    -0.744165    -0.471535
   -0.876705     0.345065     0.335138
   0.0866877    -0.571969     0.815682
   -0.574803    -0.449679     -0.68366
   -0.810478     0.428037     0.399887
    0.112811     0.783948    -0.610491
     0.55734    0.0914492    -0.825233
    0.825087    -0.172039     0.538176
  -0.0927566    -0.980836    -0.171338
    0.548402     0.092019    -0.831136
    0.828644    -0.193243     0.525363
   -0.112268    -0.976826    -0.182226
   -0.565397    -0.471421    -0.676823
   -0.813996     0.451403     0.365576
    0.133179     0.757627    -0.638956
    0.528354    0.0552334    -0.847226
    0.844139    -0.141063     0.517233
  -0.0909436    -0.988459    -0.121156
   -0.535234     0.318713     -0.78227
   -0.832969   -0.0453144     0.551461
     0.14031     0.946768     0.289732
    0.514691    -0.286835    -0.807972
    0.849439    0.0426663     0.525959
    -0.11639    -0.957029     0.265609
    0.494682    -0.183008    -0.849587
     0.85694   -0.0600743     0.511904
   -0.144721    -0.981274     0.127109
    0.553276    0.0357474     -0.83223
    0.818329    -0.209992     0.535015
   -0.155637    -0.977049    -0.145437
    0.516335    -0.266608     -0.81383
    0.839177   -0.0320455     0.542914
   -0.170825    -0.963272     0.207185
    0.543938    -0.176775    -0.820294
    0.818066    -0.105923     0.565287
   -0.186816    -0.978535    0.0869979
   -0.499662    -0.641346     0.582249
   -0.861687     0.436691    -0.258451
   0.0885066     0.630854     0.770837
     0.48134     0.140915    -0.865133
     0.86923    -0.203892     0.450409
   -0.112924    -0.968799    -0.220629
   -0.464242    -0.582006    -0.667644
   -0.880604     0.384111      0.27748
   0.0949546     0.716748    -0.690837
    0.481525     0.870125    -0.104956
    0.873102    -0.465815     0.143908
  -0.0763281     0.160933      0.98401
    0.507728      0.30422    -0.806016
    0.858822     -0.25268     0.445621
  -0.0680973    -0.918479    -0.389564
    0.495725     0.801183     0.335205
    0.866813    -0.480333    -0.133848
  -0.0537729    -0.356912     0.932589
    0.518817     0.429081    -0.739404
    0.853765    -0.304314     0.422466
  -0.0437391     -0.85046    -0.524218
    0.538158     0.214685    -0.815044
    0.840015    -0.215783     0.497808
  -0.0690002    -0.952548    -0.296464
   -0.504819    -0.632747     0.587187
   -0.862608     0.395484    -0.315435
   0.0326329      0.66575     0.745461
   -0.439412    -0.582276    -0.684012
   -0.895783     0.340837     0.285312
   0.0670065     0.738096    -0.671361
   -0.458513    -0.676015     0.576862
   -0.886949     0.388695    -0.249476
   0.0555741     0.626035     0.777812
    0.459312     0.842084     0.282714
    0.886364    -0.455357   -0.0837214
  -0.0582354    -0.289042     0.955544
   -0.469188    -0.585539    -0.661064
   -0.881931     0.349166     0.316673
   0.0453965     0.731592    -0.680229
   -0.465954    -0.302273    -0.831576
   -0.883382     0.212276     0.417821
   0.0502276     0.929285    -0.365933
   -0.475328    -0.772145      0.42173
   -0.878609     0.441619    -0.181712
   0.0459363     0.456908     0.888327
   -0.477646     -0.53068    -0.700166
   -0.877762      0.32206     0.354699
   0.0372635        0.784    -0.619641
    -0.48102    -0.632874     0.606704
   -0.876162     0.371464    -0.307172
   0.0309677     0.679327     0.733182
   -0.484948    -0.790313     0.374475
   -0.874289     0.448431    -0.185819
   0.0210708     0.417512     0.908427
   -0.477877    -0.327235      -0.8152
   -0.877435     0.221914      0.42528
   0.0417374     0.918516    -0.393175
   -0.481385    -0.644163      0.59441
   -0.876042     0.375726    -0.302291
   0.0286103     0.666247     0.745182
   -0.482647    -0.475646      -0.7354
   -0.875027     0.297495      0.38187
   0.0371425     0.827803    -0.559788
   -0.492407    -0.758872     0.426203
    -0.86985     0.445921    -0.210988
   0.0299398     0.474625     0.879679
   -0.493324    -0.694707     0.523463
   -0.869711     0.404524    -0.282777
   0.0153059     0.594762     0.803756
   -0.481465    -0.532647    -0.696045
   -0.875097     0.336492     0.347818
   0.0489491     0.776569    -0.628127
   -0.466971    -0.622394    -0.628143
   -0.881601     0.382862     0.276038
   0.0686884     0.682673    -0.727488
    0.459934     0.181968    -0.869108
    0.885815    -0.161915     0.434875
  -0.0615884    -0.969882     -0.23566
    0.443158     0.261159    -0.857559
    0.893006    -0.212304     0.396822
  -0.0784295     -0.94166    -0.327301
    0.449387     0.842494     0.297077
    0.888924    -0.454732   -0.0550766
  -0.0886889     -0.28883     0.953264
   -0.438586    -0.758451     0.482073
   -0.895839     0.411664     -0.16735
   0.0715254     0.505256         0.86
    0.476914    -0.149182    -0.866198
    0.878066    0.0366797     0.477131
  -0.0394073    -0.988129     0.148484
     0.47505     0.230098    -0.849342
    0.879456    -0.156776      0.44942
  -0.0297454    -0.960456    -0.276837
   -0.454704     0.348498     -0.81963
   -0.889929    -0.140934      0.43378
   0.0356573     0.926654     0.374221
    0.457895     0.869428    -0.185547
    0.887677     -0.43573     0.148894
  -0.0486045     0.232884     0.971289
   -0.454237    -0.675303    -0.581064
   -0.890522      0.32567     0.317663
   0.0252833    -0.661744     0.749303
   -0.428839    -0.667227     -0.60902
   -0.902027     0.279361     0.329098
   0.0494467    -0.690482     0.721657
   -0.427531    -0.640061    -0.638388
   -0.903378     0.276283     0.327989
   0.0335572    -0.716931     0.696336
   -0.397721    -0.647052    -0.650493
    -0.91657     0.248178     0.313539
   0.0414382    -0.720924     0.691774
   -0.433644    -0.742554    -0.510457
   -0.898924     0.317299     0.302087
   0.0623482     -0.58986     0.805095
   -0.400837    -0.666558    -0.628514
   -0.914203     0.246321     0.321805
   0.0596853    -0.703581     0.708104
   -0.407175     -0.74313    -0.531005
   -0.910209     0.281971     0.303335
   0.0756894    -0.606836     0.791215
   -0.432709     0.521651    -0.735284
   -0.901285    -0.231158     0.366403
   0.0211679     0.821247     0.570181
   -0.401724     0.546831    -0.734571
   -0.915352    -0.215817     0.339931
   0.0273519     0.808949     0.587242
    -0.46021     0.550327    -0.696668
   -0.887685    -0.272044     0.371495
   0.0149195     0.789388     0.613714
   -0.482793    -0.770833     0.415605
   -0.875673     0.430573    -0.218642
   0.0104117     0.469493     0.882875
    0.476054     0.863404     0.167051
    0.879215    -0.471344   -0.0694018
  -0.0188167    -0.179913     0.983503
    0.522943      0.19078    -0.830743
    0.825761    -0.355007      0.43828
   -0.211304     -0.91519    -0.343188
    0.503989    -0.196203     -0.84113
    0.841827     -0.10624     0.529188
    -0.19319    -0.974791     0.111625
    0.486542     0.236267    -0.841103
    0.847194     -0.36275     0.388168
   -0.213399    -0.901438    -0.376657
    0.507478    -0.160832    -0.846522
    0.827385    -0.183394     0.530849
   -0.240624    -0.969794    0.0400019
   -0.459528     0.586434     -0.66703
   -0.867362    -0.134722     0.479096
    0.191094     0.798714      0.57056
    0.467977     0.793383     0.389282
    0.851426    -0.522795    0.0419459
   -0.236794    -0.311815     0.920163
    0.447384     0.848684    -0.282105
    0.868886    -0.337738     0.361899
    -0.21186     0.407025     0.888508
    0.429299     0.872499    -0.233343
    0.873212    -0.334987     0.353956
   -0.230659     0.355711     0.905685
   -0.489319     0.480209    -0.727988
   -0.830785  -0.00277226     0.556586
     0.26526      0.87715     0.400307
    0.451031     0.889131   -0.0775745
    0.854314    -0.404941     0.325838
   -0.258299     0.213236     0.942238
   -0.472424    -0.780226    -0.409955
   -0.832854     0.242991     0.497303
    0.288394     -0.57637     0.764609
   -0.427103    -0.811042    -0.399742
   -0.886355     0.288131     0.362429
    0.178767    -0.509108     0.841933
   -0.410244    -0.911973  -0.00222069
   -0.890347     0.399986     0.217471
    0.197439   -0.0911931     0.976064
   -0.394844    -0.918722  -0.00693116
   -0.903266       0.3868     0.185733
    0.167956   -0.0795961     0.982576
    0.411486     0.909769   -0.0547683
    0.898253    -0.394635     0.193402
   -0.154338     0.128778      0.97959
   -0.444317    -0.682331    -0.580523
   -0.881776     0.218596     0.417956
    0.158284    -0.697595     0.698789
   -0.431562    -0.411279    -0.802872
   -0.891989     0.327328     0.311787
    0.134571     0.850709    -0.508119
    0.463541   -0.0880649    -0.881688
    0.875535    -0.107502     0.471043
   -0.136266    -0.990297    0.0272723
   -0.477796     0.369657    -0.796909
    -0.86226   -0.0238774     0.505902
    0.167982     0.928861     0.330149
    -0.45067    -0.350728    -0.820906
   -0.885446     0.292547     0.361112
    0.113502      0.88961    -0.442393
   -0.461545     -0.75925    -0.458819
   -0.833469        0.194     0.517392
    0.303819    -0.621211     0.722351
   -0.439442    -0.898268   0.00223494
   -0.855944     0.419489     0.302305
    0.272489    -0.130933     0.953208
    0.424036      0.80094    -0.422716
    0.857216    -0.204367     0.472668
    -0.29219     0.562787     0.773238
    0.442803     0.811186    -0.381972
    0.834616     -0.21724     0.506184
    -0.32763      0.54294     0.773224
     0.39953     0.891152    -0.214999
    0.881231    -0.308726     0.357939
   -0.252602     0.332471     0.908656
    0.405332     0.904628    -0.131737
    0.862001    -0.330228     0.384582
     -0.3044     0.269441     0.913642
    0.380332     0.894522      -0.2349
    0.885389    -0.278765      0.37199
   -0.267271     0.349458     0.898023
   -0.371096    -0.806746    -0.459835
   -0.884084     0.155472     0.440708
    0.284048    -0.570078     0.770927
    0.424074     0.878149    -0.221396
    0.837963    -0.287763     0.463693
   -0.343482     0.382161     0.857889
   -0.378747    -0.880943    -0.283708
   -0.865384     0.228415     0.446023
    0.328118    -0.414446     0.848866
    0.398012     0.916954    0.0279548
    0.841941    -0.377213     0.385805
    -0.36431     0.130018     0.922157
   -0.362494    -0.825462    -0.432679
   -0.903807     0.198058     0.379349
    0.227443     -0.52857     0.817853
   -0.345687    -0.847098    -0.403641
   -0.905573      0.18847     0.380022
    0.245842    -0.496895      0.83226
   -0.332628    -0.762159     0.555403
   -0.919019     0.129844    -0.372216
    0.211572    -0.634235    -0.743629
    0.351364     0.897806    -0.265496
    0.915315    -0.269793     0.299015
   -0.196828     0.348075     0.916571
     0.38039     0.923641      0.04681
    0.899398    -0.381244     0.213861
   -0.215377    0.0392499     0.975742
   -0.370302     -0.92887  -0.00883289
   -0.910043     0.360856     0.203974
    0.186278   -0.0835702     0.978936
   -0.399417    -0.916684    0.0125473
   -0.893183     0.392189     0.220025
    0.206614   -0.0766747     0.975414
    0.418991     0.864346    -0.278123
    0.875226    -0.302918     0.377121
   -0.241715     0.401431     0.883418
     0.38243     0.911735    -0.149957
    0.906968    -0.339407     0.249423
   -0.176511     0.231393     0.956714
   -0.296957    -0.807448     -0.50975
   -0.948929     0.189978     0.251876
    0.106535    -0.558513     0.822626
   -0.316414    -0.781538    -0.537662
   -0.943732     0.201869     0.261953
   0.0961889    -0.590294     0.801436
   -0.316171    -0.845532    -0.430245
   -0.942081     0.226333     0.247503
    0.111893    -0.483579     0.868119
    0.336315     0.907031     -0.25335
    0.935742    -0.291513     0.198513
   -0.106202     0.303833     0.946787
   -0.334864    -0.850789    -0.404999
   -0.938047     0.260371     0.228636
   0.0890711     -0.45647     0.885269
   -0.341461     -0.87143    -0.352158
   -0.930762     0.261402      0.25564
    0.130718    -0.415066     0.900352
    0.355111     0.934153    0.0354205
    0.929247    -0.356872    0.0956147
   -0.101959   0.00103942     0.994788
    0.358637     0.923901    -0.133368
    0.924967    -0.332474     0.184111
   -0.125759      0.18939     0.973815
    0.373905     0.923875    -0.081554
    0.919093    -0.357303     0.166142
   -0.124355     0.137077     0.982724
    0.357018     0.891218    -0.279766
    0.930258    -0.312102     0.192904
  -0.0846041     0.329125     0.940489
    0.367905     0.913273    -0.174866
    0.924197    -0.338409      0.17703
   -0.102501     0.226741     0.968546
    0.369845      0.92754   -0.0537094
     0.92524    -0.362435     0.112126
   -0.084535    0.0911633     0.992241
    0.370502     0.926754   -0.0620879
    0.916376    -0.353806     0.187288
   -0.151602     0.126286     0.980341
    0.383419      0.91294     0.139752
    0.911942     -0.39817    0.0991045
   -0.146122   -0.0894473     0.985215
   -0.352313     -0.82376    -0.444179
   -0.922335     0.225154     0.314013
    0.158663    -0.520313     0.839107
   -0.333532    -0.798211    -0.501612
    -0.92789     0.183888     0.324354
    0.166662    -0.573624     0.801985
   -0.326126    -0.815532    -0.478069
   -0.935581     0.206021      0.28678
    0.135386    -0.540798     0.830185
    0.308003     0.733222    -0.606234
    0.940233     -0.13731     0.311622
   -0.145246     0.665982     0.731691
     -0.3138    -0.774813    -0.548811
   -0.932397     0.142284     0.332252
    0.179346    -0.615971     0.767082
    0.293526    -0.637182    -0.712631
    0.947905    0.0974808     0.303273
   -0.123772    -0.764524     0.632601
    0.390197     0.874615     0.287741
    0.917079    -0.396992   -0.0369282
  -0.0819328     -0.27829     0.956996
   -0.390623    -0.920241     0.023896
   -0.915419     0.391052    0.0953245
    0.097066   -0.0153611     0.995159
   -0.407019    -0.543269    -0.734298
   -0.908758     0.321959      0.26552
   0.0921655     0.775371    -0.624744
   -0.407669    -0.343833    -0.845923
   -0.909646     0.233769     0.343361
   0.0796923     0.909467    -0.408066
    -0.41127     -0.82404     0.389635
   -0.905402     0.418726   -0.0701103
    0.105377     0.381611     0.918297
   -0.424171    -0.474663    -0.771216
   -0.901811     0.299046     0.311944
   0.0825603     0.827808    -0.554903
   -0.427918    -0.777921     0.460135
   -0.899115     0.418263    -0.129032
   0.0920812     0.468929     0.878423
   -0.423002    -0.632975    -0.648391
   -0.903115     0.352816     0.244753
   0.0738398     0.689103    -0.720891
   -0.435591    -0.764489     0.475202
    -0.89409     0.428583    -0.130074
    0.104224     0.481533     0.870209
    0.417469      0.85726     0.301372
    0.900618    -0.434452   -0.0117529
   -0.120857    -0.276328     0.953434
    0.400225      0.90908     0.115726
    0.906301     -0.41135    0.0970029
   -0.135787   -0.0660595     0.988533
    0.394209      0.91237     0.110364
    0.911854    -0.403273    0.0767716
   -0.114551   -0.0703718     0.990922
    0.697266     0.223051    -0.681226
    0.557353    -0.766313     0.319566
   -0.450753    -0.602506    -0.658642
   -0.706041    -0.544217     0.453138
    -0.55963     0.820878     0.113903
    0.433959      0.17317     0.884134
      0.6834     0.177379    -0.708167
    0.610669    -0.670467     0.421376
    -0.40006    -0.720424    -0.566517
    0.693401     0.246716    -0.676998
    0.602882    -0.713213     0.357576
   -0.394624    -0.656094    -0.643283
    0.700345      0.19254    -0.687347
    0.557683    -0.748634      0.35852
   -0.445542    -0.634409    -0.631678
    0.680512     0.726101    0.0983925
    0.641419    -0.655225     0.399077
   -0.354239     0.208466     0.911623
    0.695218     0.118303    -0.708997
    0.604434    -0.630035      0.48756
   -0.389013    -0.767502    -0.509518
     0.68496     0.635757     0.355869
    0.640269    -0.758336     0.122401
