   0.0365101    -0.923094     0.382837
   -0.997719   -0.0554368   -0.0385193
   0.0567802    -0.380558    -0.923012
  -0.0116756    -0.890201     0.455418
   -0.998417   -0.0146795   -0.0542905
   0.0550148    -0.455332    -0.888621
  -0.0665456    -0.870929     0.486882
   -0.996883    0.0373087   -0.0695137
   0.0423765     -0.48999    -0.870697
  -0.0920994    -0.915831      0.39086
   -0.994823    0.0676933   -0.0757994
   0.0429608    -0.395817    -0.917324
   -0.138058    -0.930781     0.338507
   -0.989095     0.111867   -0.0957998
    0.051301    -0.348041    -0.936075
    -0.13178     -0.89163    -0.433163
   -0.990855     0.105698    0.0838748
   0.0290007    -0.440254     0.897405
   -0.158326    -0.900452    -0.405117
   -0.987073     0.133989    0.0879464
   0.0249101    -0.413804     0.910025
   -0.161926    -0.894926     0.415798
   -0.985841     0.128103    -0.108202
   0.0435678    -0.427431    -0.902997
    -0.16434     -0.80947    -0.563694
   -0.986208     0.123443     0.110254
   0.0196633    -0.574039     0.818592
   -0.162917    -0.869983      0.46539
   -0.985902     0.125313    -0.110873
   0.0381384    -0.476893    -0.878134
   -0.158831    -0.876936    -0.453604
   -0.987306     0.141077    0.0729708
-2.25622e-06    -0.459435     0.888211
   -0.159206    -0.875312     0.456599
   -0.986897     0.128825    -0.097148
   0.0262133    -0.466083    -0.884353
    0.192126     0.945908      0.26143
    0.961005    -0.235329     0.145222
   -0.198889    -0.223335     0.954235
    0.226469     0.956747    -0.182614
    0.947444    -0.172888     0.269183
   -0.225968     0.233978     0.945618
   -0.184535    -0.904835    -0.383693
   -0.961653    0.0856342     0.260558
    0.202905    -0.417062      0.88594
    -0.22565    -0.671369    -0.705936
    -0.94746      -0.0174     0.319401
    0.226719    -0.740919     0.632169
    0.256023     0.965959     0.037085
    0.936363    -0.257344     0.238744
   -0.240161    0.0263989     0.970374
   -0.190157    -0.915477    -0.354601
   -0.960769    0.0992503     0.258984
    0.201899    -0.389937     0.898435
      0.2503      0.90291    -0.349432
    0.939075    -0.138601     0.314529
    -0.23556      0.40687     0.882592
   -0.227118    -0.847713    -0.479374
   -0.948651    0.0812898     0.305702
    0.220179    -0.524189     0.822646
   -0.239606     0.623219    -0.744437
   -0.945017    0.0260597     0.325981
    0.222558     0.781613     0.582709
   -0.267573    -0.436143    -0.859176
   -0.932117     0.343024      0.11616
    0.244055     0.831934     -0.49832
   -0.254924    -0.667805    -0.699321
   -0.939089  -0.00140749     0.343671
    0.230489    -0.744335      0.62677
     0.26275     0.627578    -0.732877
    0.936569    -0.348486    0.0373621
   -0.231949    -0.696207    -0.679335
   -0.185809    -0.848639    -0.495265
   -0.962539    0.0559105     0.265315
    0.197466     -0.52601     0.827237
    0.218653      0.69393    -0.686041
    0.953765  -0.00340953     0.300533
    -0.20621     0.720034     0.662592
   -0.185405    -0.828358    -0.528628
   -0.965057    0.0521182     0.256803
    0.185174    -0.557769     0.809076
   -0.145751    -0.860642    -0.487906
   -0.973973    0.0382929     0.223405
    0.173589    -0.507769     0.843823
    0.149662     0.946169    -0.286994
    0.971905   -0.0874484     0.218527
   -0.181666     0.311636     0.932674
    0.102619     0.990053   -0.0962491
    0.982334   -0.0856425     0.166391
   -0.156492     0.111623     0.981351
  -0.0947315    -0.874234    -0.476173
   -0.983479    0.0080703      0.18084
    0.154254    -0.485438     0.860556
   -0.144662    -0.930072    -0.337698
    -0.97253    0.0707453     0.221766
    0.182367    -0.360502     0.914757
   0.0988042     0.984525     0.144737
    0.983687    -0.118604     0.135252
   -0.150325    -0.129013     0.980183
   0.0448028     0.988497     0.144452
     0.99029   -0.0629936     0.123925
   -0.131599    -0.137497     0.981721
   0.0459133     0.986988     0.154102
     0.99117   -0.0642206     0.116008
   -0.124395    -0.147415     0.981221
 -0.00311992    -0.976701    -0.214584
    0.994557    0.0193185     -0.10239
    -0.10415     0.213735    -0.971324
    0.144638     0.987847   -0.0569122
    0.974506    -0.132243     0.181244
   -0.171515    0.0816762      0.98179
   -0.245976    -0.504988    -0.827335
   -0.947357     0.305748    0.0950376
    0.204963     0.807159    -0.553611
   -0.248067    -0.415813    -0.874964
    -0.94605      0.29833     0.126444
    0.208451     0.859127    -0.467386
     0.22524     0.165564    -0.960133
    0.958239    -0.215858     0.187574
   -0.176197    -0.962286     -0.20727
    0.216944      0.23966    -0.946308
    0.961286    -0.221163     0.164366
   -0.169897    -0.945331    -0.278362
   -0.230558    -0.288402    -0.929337
   -0.956539     0.242415     0.162078
    0.178541     0.926315    -0.331758
    0.193246    0.0357486    -0.980499
    0.971418    -0.147378     0.186083
   -0.137852    -0.988434    -0.063207
   -0.202718    -0.663191     0.720474
    -0.96924     0.240756   -0.0510985
     0.13957      0.70867     0.691597
   -0.178866    -0.444097    -0.877944
   -0.978901     0.169928     0.113478
   0.0987916     0.879717    -0.465121
   -0.178958    -0.593691    -0.784542
   -0.975321     0.211862    0.0621521
    0.129315     0.776303    -0.616954
   -0.164653    -0.543744    -0.822941
   -0.981893       0.1696    0.0843952
   0.0936817     0.821936    -0.561824
   -0.150208    -0.333276    -0.930787
   -0.984578     0.135828     0.110255
   0.0896812     0.932994    -0.348539
   -0.212392    -0.496221    -0.841816
   -0.967462     0.228004     0.109692
    0.137506     0.837722    -0.528501
   -0.184855    -0.706859     0.682773
    -0.97833     0.198289     -0.05959
   0.0932649     0.678993     0.728196
   -0.196491    -0.507123    -0.839177
   -0.976623     0.177318     0.121518
   0.0871763     0.843436    -0.530109
   -0.215356     -0.51942    -0.826937
   -0.968457     0.222297     0.112582
    0.125348     0.825098    -0.550909
    0.230474     0.253004    -0.939612
     0.95739    -0.231649      0.17246
   -0.174027    -0.939323    -0.295613
   -0.221811     0.480594    -0.848427
   -0.961757    0.0355632     0.271584
    0.160695     0.876222     0.454327
    0.234381    0.0240921    -0.971846
    0.951856     -0.20886     0.224382
   -0.197574    -0.977649    -0.071885
   -0.245145    -0.518102    -0.819435
   -0.947368     0.307533    0.0889746
    0.205905     0.798119    -0.566224
   -0.215485     0.576124    -0.788446
   -0.959401    0.0255621     0.280886
     0.18198     0.816962     0.547225
   -0.179774    -0.907171     0.380424
   -0.981604     0.140153    -0.129656
   0.0643024    -0.396734    -0.915679
    -0.17605    -0.929172     0.325033
   -0.981799     0.141841      -0.1263
   0.0712513    -0.341352    -0.937231
   -0.183802    -0.789322     0.585822
   -0.977336    0.0830699    -0.194713
    0.105027    -0.608334    -0.786702
   -0.159289    -0.931079     0.328206
   -0.984573     0.125438    -0.121991
   0.0724139    -0.342574    -0.936696
   -0.164885    -0.932033     0.322688
   -0.980281      0.11873    -0.157964
    0.108914    -0.342371    -0.933231
    0.138756     0.974789    -0.174739
    0.984349    -0.116397     0.132323
   -0.108648     0.190364     0.975683
   -0.128896    -0.919809      0.37059
   -0.989251    0.0932457    -0.112638
   0.0690494    -0.381125    -0.921941
    0.189399    -0.208392    -0.959532
    0.969592    -0.114549     0.216262
    -0.15498    -0.971314      0.18036
    0.144121     0.697291     -0.70215
    0.978164   0.00699083     0.207717
   -0.149748     0.716754     0.681058
    0.209787     0.250562    -0.945097
    0.967588     -0.19218     0.163829
   -0.140579    -0.948834    -0.282757
   -0.215918    -0.381938    -0.898612
   -0.970044     0.188842     0.152818
    0.111328     0.904689    -0.411271
    0.206166    -0.139416    -0.968534
    0.974345   -0.0620542     0.216335
  -0.0902621    -0.988288     0.123046
   -0.207573    -0.287692    -0.934958
   -0.976775     0.112881     0.182122
   0.0531436     0.951047    -0.304442
    0.201558     0.111638    -0.973094
    0.976895   -0.0950019     0.191446
  -0.0710731    -0.989197    -0.128207
   -0.188024    -0.844428     0.501586
    -0.98176     0.146938     -0.12065
   0.0281782    -0.515122    -0.856654
  -0.0904962    -0.893168     0.440523
     -0.9939    0.0530001   -0.0967172
    0.063037    -0.446589    -0.892516
    -0.03548     -0.91864       0.3935
   -0.997735    0.0100435   -0.0665139
   0.0571502    -0.394969    -0.916915
  -0.0493425    -0.912013     0.407182
   -0.994937   0.00914502    -0.100084
    0.087554    -0.410059    -0.907847
   0.0230714    -0.887231     0.460748
   -0.998378   -0.0444436   -0.0355894
   0.0520534     -0.45918    -0.886817
   0.0152368    -0.780241     0.625293
   -0.997109   -0.0584159   -0.0485944
   0.0744424    -0.622745    -0.778876
   0.0539723    -0.678589     0.732532
   -0.996332   -0.0853789  -0.00568276
   0.0663991    -0.729539    -0.680709
   0.0678115    -0.918669     0.389164
   -0.996457    -0.081809   -0.0194883
   0.0497404    -0.386464    -0.920962
  0.00609696    -0.936838     -0.34971
    0.994806    0.0412151   -0.0930674
   -0.101602     0.347326    -0.932224
   0.0459351     0.988262    -0.145701
   -0.996127    0.0343695   -0.0809267
   0.0749691    -0.148855    -0.986013
   0.0550292     0.995744    0.0739256
    0.990835   -0.0636048     0.119164
   -0.123359   -0.0666906     0.990119
    0.120149      0.99127    -0.054294
    0.982991    -0.111137     0.146211
     -0.1389    0.0709376     0.987762
  -0.0946038    -0.957109     0.273847
   -0.990426    0.0627103    -0.122979
    0.100531     -0.28286    -0.953878
   -0.110099    -0.606008    -0.787802
   -0.993169     0.097908    0.0634848
   0.0386599      0.78941    -0.612648
   -0.121152    -0.474816    -0.871707
   -0.991711    0.0957556     0.085673
   0.0427919     0.874861    -0.482481
   0.0743801     0.665647    -0.742551
     0.99695   -0.0320044     0.071173
   0.0236112     -0.74558    -0.665998
   0.0774158     0.211477    -0.974312
    0.996937  -0.00552511    0.0780143
    0.011115    -0.977367    -0.211257
  -0.0841268    -0.512271    -0.854694
   -0.996198    0.0237568     0.083816
  -0.0226317     0.858495    -0.512322
   0.0434619    -0.906242    -0.420518
    0.996333   0.00826579    0.0851609
   0.0737005     0.422678    -0.903278
   0.0503842    -0.908887     0.413988
    0.995617    0.0130049   -0.0926195
   0.0787968      0.41684     0.905558
   0.0268194    -0.944932    -0.326167
    0.991717   -0.0158485     0.127459
     0.12561     0.326884     -0.93668
   0.0468835    -0.587444     0.807906
    0.996966   -0.0227894   -0.0744255
   0.0621325     0.808944     0.584593
   0.0331953    -0.697663     0.715656
    0.992958   -0.0584518     -0.10304
    0.113719     0.714037      0.69081
   0.0409009    -0.245567    -0.968516
    0.994141     0.107065    0.0148369
     0.10005    -0.963449     0.248507
   0.0638091    -0.865746     0.496399
    0.994843    0.0158844    -0.100178
   0.0788435     0.500231     0.862295
   0.0147924    -0.916263    -0.400305
    0.990402   -0.0415976     0.131811
    0.137426     0.398412    -0.906853
   0.0284301    -0.714109     0.699457
    0.990218   -0.0755023    -0.117332
    0.136599     0.695951     0.704977
   0.0829926    -0.772229     0.629901
    0.993637    0.0158265    -0.111514
   0.0761452     0.635147     0.768628
   -0.102261    -0.752325     0.650807
   -0.994448    0.0610004   -0.0857417
  -0.0248062     0.655962     0.754386
    0.130797     0.965966     0.223161
     0.99129    -0.123939     -0.04453
   0.0153562    -0.227042     0.973764
   -0.152497    -0.522716    -0.838757
   -0.987463     0.115585     0.107501
   0.0407554     0.844635    -0.533789
   -0.135297    -0.829331      0.54213
   -0.990047     0.134565   -0.0412287
   0.0387594     0.542312     0.839283
     -0.1688    -0.794909     0.582774
   -0.985072     0.156305   -0.0721238
   0.0337589     0.586249     0.809427
   0.0407996    -0.213396    -0.976114
    0.988878     0.148466   0.00887581
    0.143026    -0.965619      0.21708
  -0.0217795    -0.999664    0.0140879
    -0.98723    0.0192802    -0.158131
   -0.157806     0.017352     0.987318
   0.0261992    -0.249888     -0.96792
    0.982201     0.186589    -0.021586
    0.185998    -0.950127     0.250328
   0.0403812    -0.178064     -0.98319
    0.984057     0.177663   0.00824054
    0.173209    -0.967848     0.182399
  0.00345552    -0.645979     0.763347
    0.980575    -0.147516    -0.129274
    0.196114     0.748966     0.632921
  -0.0366138     -0.91119    -0.410356
   -0.977043     0.118878    -0.176791
   -0.209873    -0.394463     0.894624
  -0.0132564    -0.750819     0.660375
   -0.974254     0.158351     0.160481
   -0.225063    -0.641245    -0.733588
   0.0344645      0.99894   -0.0305035
    0.970375   -0.0407508    -0.238144
    0.239135    0.0213923     0.970751
  -0.0565764     0.295163     -0.95377
   -0.978182    -0.207656  -0.00623893
   -0.199898     0.932608     0.300472
   0.0519928     0.982137    -0.180839
    0.971751      -0.0915     -0.21755
    0.230211     0.164419      0.95915
   -0.061105    -0.410769      0.90969
   -0.973704      0.22493    0.0361621
   -0.219471    -0.883558    -0.413711
  -0.0159718    -0.933475    -0.358287
    0.971738   -0.0988967     0.214346
     0.23552     0.344738    -0.908673
 -0.00554412    -0.998414   -0.0560311
   -0.968429    0.0193257     -0.24854
   -0.249228   -0.0528842        0.967
  -0.0270055    -0.979891    -0.197699
    0.965685   -0.0766775     0.248139
    0.258308     0.184214    -0.948337
  -0.0351933    -0.920656    -0.388785
    0.969613    -0.125696     0.209882
    0.242098     0.369585    -0.897104
  -0.0132085    -0.481461     0.876368
    0.979124    -0.184015   -0.0863374
    0.202833     0.856933     0.473841
  -0.0231301    -0.837535     0.545893
    0.978204    -0.131667    -0.160561
    0.206352     0.530282     0.822326
 -0.00472923    -0.651773     0.758399
    0.985509    -0.131632     -0.10698
    0.169556     0.746904     0.642951
  0.00600842    -0.970668     -0.24035
    0.986085   -0.0341799     0.162688
    0.166131     0.237983    -0.956956
  0.00491488     0.999571   -0.0288807
   -0.984272   0.00993587     0.176382
   -0.176593   -0.0275595    -0.983898
   0.0380059    -0.648384     0.760364
   -0.969289     0.161094     0.185818
   -0.242972    -0.744075    -0.622349
  0.00716853    -0.455755     0.890077
    0.974615    -0.196002     -0.10821
    0.223774     0.868257      0.44278
   0.0217713     0.111543    -0.993521
   -0.971488     -0.23231   -0.0473698
   -0.236088     0.966225     0.103305
   0.0167739    -0.836203    -0.548164
    0.978765   -0.0982891     0.179886
      0.2043     0.539541    -0.816797
   0.0510695    -0.576304     0.815638
    0.980072    -0.128062     -0.15185
    0.191964     0.807139      0.55828
 -0.00699523    -0.912599    -0.408796
    0.977757   -0.0919395     0.188515
    0.209623     0.398385    -0.892943
   0.0598979      0.93412    -0.351899
    0.983426     -0.11566    -0.139628
     0.17113     0.337703     0.925565
   0.0329803     -0.95597    -0.291605
    0.983203   -0.0213707      0.18126
    0.179511     0.292685    -0.939208
  -0.0728329    -0.788231     0.611055
   -0.988832   -0.0228078    -0.147282
   -0.130029     0.614957     0.777766
   0.0797923     0.994573    -0.066759
    0.982624   -0.0897391    -0.162469
    0.167578    0.0526353     0.984453
    0.101391     0.242731    -0.964781
    0.985984     0.104639     0.129946
    0.132495    -0.964434    -0.228719
   -0.119076    -0.936856     0.328819
   -0.985901     0.150779    0.0725658
   -0.117563    -0.315542    -0.941601
  0.00278054    -0.930269    -0.366866
    0.983912   -0.0629897     0.167181
    0.178633     0.361429    -0.915128
   0.0362398    -0.377148     0.925444
    0.989432    -0.116555   -0.0862455
    0.140393      0.91879     0.368938
  -0.0263163    -0.927094    -0.373904
    0.976869    -0.103253     0.187261
    0.212215     0.360327    -0.908366
  -0.0442567    -0.911523    -0.408862
    0.968829    -0.139014      0.20505
    0.243745     0.387042    -0.889262
  -0.0395818    -0.881875     -0.46982
    0.969525    -0.147664     0.195492
    0.241775     0.447764    -0.860844
   0.0561235     0.985764     0.158491
   -0.964082    0.0122308     0.265321
   -0.259606     0.167689    -0.951044
   0.0473687     0.993876   -0.0998336
   -0.964158    0.0716151     0.255481
   -0.261066   -0.0841536    -0.961646
   0.0528924    -0.845895     -0.53072
   -0.965847    0.0916634    -0.242357
   -0.253656    -0.525413     0.812157
   -0.156944    -0.908581     0.387104
   -0.985246     0.171132   0.00221735
  -0.0682605    -0.381045    -0.922033
    0.144237    -0.240578    -0.959853
    0.986234     0.114207     0.119577
   0.0808545    -0.963887     0.253739
   -0.174112     -0.86515    -0.470319
   -0.983919     0.172174    0.0475332
  -0.0398536    -0.471032     0.881215
   -0.162616     -0.83655     0.523201
   -0.985882      0.15921   -0.0518607
  -0.0399147    -0.524248     -0.85063
     0.16378    -0.614456     0.771764
    0.985785     0.072228    -0.151693
   0.0374659     0.785638     0.617551
      0.1939     0.938413     -0.28598
    0.980995    -0.183329    0.0635592
 -0.00721639     0.292869     0.956125
    0.197533      0.66427     -0.72092
    0.980199    -0.144183     0.135723
  -0.0137876    -0.733455    -0.679598
   -0.164318    -0.848418     0.503177
   -0.986295     0.149004    -0.070846
  -0.0148684    -0.507923    -0.861274
   -0.186518    -0.377164     -0.90717
   -0.982172    0.0936256     0.163012
    0.023452     0.921402    -0.387903
    0.144037     0.670686    -0.727622
    0.989256   -0.0789941     0.123015
    0.025027    -0.737523    -0.674859
   0.0936861     -0.65646     0.748521
    0.992118  -0.00128464    -0.125302
   0.0832171      0.75436     0.651165
   -0.120129     -0.48958    -0.863643
   -0.988813   -0.0184692      0.14801
  -0.0884136     0.871762    -0.481885
   -0.159156    -0.879533     0.448432
   -0.987006     0.151927   -0.0523222
  -0.0221096    -0.450932    -0.892284
   -0.160325    -0.912313     0.376804
   -0.986091     0.164988   -0.0201021
  -0.0438287    -0.374786    -0.926075
   -0.155704    -0.834729     0.528189
   -0.986294     0.160929    -0.036422
  -0.0545984    -0.526621    -0.848345
   -0.140708    -0.842223     0.520445
   -0.986937     0.160982  -0.00631555
  -0.0784633    -0.514535    -0.853872
   -0.148035    -0.834125     0.531339
   -0.985638     0.168579  -0.00996104
  -0.0812641    -0.525183    -0.847101
   -0.126671    -0.911297     0.391782
   -0.986243     0.157992    0.0486211
   -0.106207    -0.380233    -0.918773
   -0.109835    -0.877059     0.467658
    -0.98884     0.144069    0.0379507
    -0.10066     -0.45827    -0.883095
   -0.127549     -0.88276     -0.45218
   -0.986151     0.161598   -0.0373061
   -0.106004    -0.441159     0.891146
   -0.081814    -0.901227     0.425555
   -0.986156     0.134994    0.0962949
   -0.144231    -0.411785    -0.899795
  -0.0612721    -0.946318     0.317376
   -0.981586     0.114768     0.152702
   -0.180929    -0.302175    -0.935925
  -0.0588176    -0.911844     0.406303
   -0.984921     0.119341     0.125252
   -0.162699    -0.392809    -0.905113
  -0.0209091    -0.364688     0.930895
   -0.977713     0.202009    0.0571783
   -0.208901    -0.908953    -0.360784
  -0.0345333    -0.968358     0.247163
   -0.983303     0.077135     0.164821
   -0.178671    -0.237344    -0.954853
  0.00190333    -0.905203     0.424975
   -0.978938    0.0850722      0.18559
    -0.20415    -0.416377    -0.885976
    0.019932    -0.517329     0.855554
   -0.972751     0.187672     0.136142
   -0.230994    -0.834955    -0.499492
  -0.0248604    -0.953198     0.301323
   -0.986442    0.0722991     0.147324
   -0.162214    -0.293575    -0.942072
  0.00981139    -0.907835     0.419213
    -0.98479    0.0639563      0.16155
   -0.173472    -0.414422    -0.893399
  0.00191649    -0.995617    -0.093508
   -0.987093    0.0130904    -0.159609
   -0.160134   -0.0926071     0.982742
  -0.0493179    -0.964684    -0.258752
   -0.986127    0.0881422    -0.140658
   -0.158498    -0.248226     0.955648
  -0.0750054    -0.914837     0.396797
   -0.986387     0.126461     0.105108
   -0.146336    -0.383512    -0.911869
   0.0939816     0.964192     0.247996
    0.983757   -0.0516736    -0.171905
    0.152935    -0.260124     0.953387
   -0.112662     -0.83523     0.538236
   -0.984833     0.165798    0.0511417
   -0.131954    -0.524311    -0.841241
  -0.0971465    -0.971443     0.216476
   -0.985954     0.123624     0.112307
   -0.135861    -0.202525    -0.969807
   0.0605875    -0.657161     0.751311
    0.985712   -0.0791223    -0.148697
    0.157163     0.749586     0.642978
 -0.00155426    -0.806739     0.590906
   -0.988599    0.0902103      0.12056
   -0.150566    -0.583982    -0.797681
    0.472834     0.875827    0.0967194
    0.870207    -0.481386     0.104915
   -0.138447   -0.0345586     0.989767
   -0.541691    -0.468994    -0.697579
   -0.834912     0.396384     0.381839
   0.0974294     0.789256    -0.606286
   -0.512489    -0.561418    -0.649742
   -0.856516     0.388076      0.34026
   0.0611213     0.730894    -0.679748
    0.572506    0.0710227    -0.816818
    0.818614    -0.105305     0.564608
  -0.0459153      -0.9919    -0.118428
   -0.585469    -0.435778    -0.683611
   -0.808108     0.381015     0.449209
    0.064711     0.815429    -0.575228
    0.542988    0.0787126    -0.836043
    0.839059   -0.0909352     0.536386
  -0.0338054    -0.992741    -0.115421
     0.59425     0.785587     0.172397
     0.80272    -0.592657   -0.0663159
  -0.0500755    -0.177795     0.982793
    0.577895     0.815684   -0.0264074
    0.815215    -0.575442    0.0655035
  -0.0382343    0.0593818     0.997503
    0.561324     0.784342    -0.264052
      0.8246    -0.502938     0.259013
  -0.0703527     0.363128     0.929079
     0.60386     0.788056     -0.11967
    0.794356    -0.582542     0.172173
  -0.0659691     0.199029     0.977771
    -0.56862    -0.739716     -0.35985
   -0.817634     0.460245     0.345903
   0.0902503    -0.490913     0.866521
   -0.580641    -0.629056     0.516859
   -0.808051     0.522884    -0.271379
   0.0995448     0.575222     0.811918
    0.548121    -0.238009     -0.80182
    0.835949     0.124455     0.534509
  -0.0274274    -0.963256      0.26718
   -0.546099     0.400645    -0.735703
   -0.835841    -0.201795     0.510538
   0.0560837     0.893735     0.445076
   -0.536587     0.515188    -0.668323
   -0.843071    -0.293384     0.450729
   0.0361343     0.805299     0.591766
    0.526347    -0.259211    -0.809796
    0.849815     0.129229     0.510993
  -0.0278057    -0.957136     0.288301
    0.511916   -0.0876953    -0.854548
    0.858532    0.0181764     0.512438
  -0.0294057    -0.995982     0.084594
    0.478151     0.234583     -0.84637
     0.87784    -0.158068     0.452119
   -0.027724    -0.959159    -0.281507
   -0.434604    -0.321302    -0.841358
   -0.899748     0.196041       0.3899
   0.0396651     0.926462    -0.374291
    0.480242     0.227617    -0.847088
    0.875867    -0.176375     0.449165
  -0.0471676    -0.957644    -0.284065
   -0.413909    -0.405259    -0.815135
   -0.906395      0.26652     0.327743
   0.0844292      0.87449    -0.477639
   -0.397023    -0.454075    -0.797614
   -0.916824     0.236446     0.321755
   0.0424914     0.859017    -0.510181
   -0.367017     -0.55093    -0.749516
   -0.928014     0.272242     0.254312
   0.0639415     0.788899    -0.611188
   -0.311744    -0.317806    -0.895441
   -0.947035     0.180364     0.265693
   0.0770664     0.930843    -0.357201
   -0.440507    -0.295986    -0.847553
   -0.891128     0.258612     0.372841
    0.108832     0.919517    -0.377682
    0.531887   -0.0535077    -0.845123
    0.830694    -0.160841     0.532989
    -0.16445    -0.985529   -0.0411009
    0.526942     0.800385     -0.28586
    0.838116    -0.433544      0.33106
   -0.141043     0.414033     0.899268
    0.466718     0.166479    -0.868596
    0.860752    -0.311131      0.40287
   -0.203177    -0.935672    -0.288507
   -0.479487     0.506944     -0.71631
   -0.847705   -0.0565058     0.527451
    0.226912     0.860125     0.456832
     0.45041     -0.17971    -0.874549
    0.874172      -0.1104     0.472901
   -0.181535    -0.977505     0.107372
    0.412939    0.0560914     -0.90903
    0.872353    -0.311147     0.377079
   -0.261691    -0.948705    -0.177416
   -0.390447    -0.277153    -0.877917
   -0.889359     0.359964     0.281898
     0.23789     0.890849    -0.387035
    0.356265    0.0979877    -0.929233
    0.889513    -0.340049     0.305178
   -0.286081    -0.935289    -0.208309
    0.444961    -0.200204    -0.872885
    0.848275    -0.218274     0.482479
   -0.287122    -0.955131    0.0727051
    0.382337   -0.0408617    -0.923119
    0.867129    -0.329271     0.373722
   -0.319228    -0.943351   -0.0904603
   -0.409457    0.0133798    -0.912231
   -0.845133      0.37107     0.384782
     0.34365     0.928509    -0.140629
    0.376449    -0.139365    -0.915895
    0.904387    -0.159129     0.395933
   -0.200924    -0.977372    0.0661358
    0.324307    0.0446516    -0.944897
    0.913545    -0.273998     0.300599
   -0.245478    -0.960693    -0.129651
   -0.312502     -0.43566    -0.844123
   -0.927467     0.331989     0.172014
      0.2053      0.83665    -0.507807
   -0.370781     0.365739    -0.853672
   -0.913217    0.0236745     0.406786
    0.168988     0.930416     0.325221
    0.435359    -0.153287    -0.887111
    0.887468   -0.0924318     0.451506
   -0.151207    -0.983849    0.0957964
   -0.436115     0.396803    -0.807682
   -0.891605   -0.0690124     0.447525
    0.121839     0.915306     0.383889
   -0.502993     0.462445    -0.730166
   -0.858807    -0.172406     0.482418
   0.0972069     0.869724      0.48387
   -0.518895    -0.854829   0.00392882
   -0.846709     0.514588     0.135218
     0.11761   -0.0668376     0.990808
   -0.496392     0.426644    -0.756022
   -0.864968    -0.169186     0.472447
   0.0736583     0.888454     0.453016
    0.324756     0.408609    -0.852978
    0.940139    -0.237971     0.243944
   -0.103307     -0.88114    -0.461432
   -0.362669    -0.675594     0.641906
   -0.925968     0.338952    -0.166419
    0.105144      0.65474     0.748506
   -0.358532    -0.850982    -0.383776
   -0.926625     0.274554     0.256879
    0.113232    -0.447716     0.886977
    -0.42261    -0.788135    -0.447487
   -0.902357     0.319825     0.288902
   0.0845761    -0.525885      0.84634
   -0.414136    -0.564894    -0.713713
   -0.906116     0.330191     0.264437
   0.0862828      0.75622    -0.648603
    0.423199     0.861182    -0.281547
    0.900914    -0.366976     0.231693
  -0.0962087     0.351702     0.931155
    0.463295     0.811153     0.356916
    0.884388    -0.448961     -0.12764
  -0.0567058    -0.374787     0.925375
   -0.480133    -0.877166   0.00715971
   -0.875437     0.479671    0.0593778
   0.0555185   -0.0222414      0.99821
   -0.506101    -0.505479    -0.698822
   -0.861913     0.325635     0.388674
   0.0310949     0.799032    -0.600483
   -0.464087    -0.796223     0.388138
   -0.884368     0.441304    -0.152131
   0.0501562     0.413859     0.908958
    -0.49389    -0.746165     0.446441
   -0.868906      0.44288    -0.221043
   0.0327848     0.497086     0.867082
   -0.488538    -0.727019     0.482467
   -0.871843     0.428881    -0.236541
    0.034951     0.536194     0.843371
    0.486469     0.870114   -0.0790514
    0.871576    -0.476996     0.113273
  -0.0608528     0.124003     0.990414
    0.517715    -0.149092    -0.842462
    0.854835    0.0497894     0.516506
  -0.0350615    -0.987569     0.153226
    0.428616     0.902922    0.0319291
     0.89752    -0.429574    0.0996173
   -0.103663    0.0140406     0.994513
    0.363618     0.919398     0.149961
    0.919969    -0.379717    0.0973182
   -0.146417    -0.102573     0.983891
     0.35895     0.898997    -0.250917
    0.923731    -0.303662     0.233473
   -0.133697     0.315585     0.939431
    -0.30695    -0.629836    -0.713504
   -0.939747     0.319149     0.122555
    0.150525     0.708131    -0.689849
    0.304628     0.266952    -0.914297
    0.935164    -0.265992     0.233918
    -0.18075    -0.926275    -0.330672
   -0.315444    -0.519622    -0.794032
   -0.940382     0.283323     0.188175
    0.127188     0.806053    -0.578016
   -0.468845    -0.538365    -0.700249
   -0.882328     0.322272     0.342985
   0.0410193     0.778656    -0.626109
   -0.475629    -0.438959    -0.762294
   -0.878634     0.278627     0.387775
   0.0421788     0.854214    -0.518208
    -0.42815  -0.00151694    -0.903706
   -0.901321    0.0733511     0.426897
   0.0656402     0.997305   -0.0327725
   -0.409017    -0.330979    -0.850387
   -0.908561     0.234498     0.345728
   0.0849856     0.914037    -0.396628
   -0.411668    -0.545475    -0.730059
   -0.909567     0.295788     0.291887
   0.0567257     0.784198    -0.617913
   -0.316568    -0.298678     -0.90032
   -0.942825     0.203375     0.264044
    0.104238     0.932433    -0.345983
    -0.32725    -0.409564    -0.851566
   -0.941683     0.216083     0.257955
   0.0783599     0.886321    -0.456392
   -0.240491    -0.411901    -0.878921
   -0.966418     0.186089     0.177223
   0.0905591     0.892025    -0.442821
   -0.323824    -0.428193    -0.843676
   -0.937328     0.266461     0.224532
    0.128664      0.86351    -0.487643
    0.238442    -0.415693     0.877693
    0.961709     0.226826    -0.153837
   -0.135135     0.880766      0.45386
     0.25217    -0.522178     0.814703
    0.954312      0.27367    -0.119975
   -0.160312     0.807734     0.567332
   -0.363707    -0.543639    -0.756422
   -0.929406     0.266372     0.255441
   0.0626219     0.795928    -0.602143
   -0.265078    -0.378017    -0.887038
    -0.96083      0.18071     0.210119
   0.0808684     0.907991    -0.411112
   -0.443977    -0.441015    -0.779994
   -0.895311     0.253394     0.366346
   0.0360815     0.860986    -0.507347
    0.498861     0.102193    -0.860636
    0.866089   -0.0955199      0.49068
   -0.032064    -0.990168    -0.136159
    0.490396     0.276393     -0.82651
    0.870776    -0.194048     0.451768
  -0.0355172     -0.94125    -0.335837
    0.397897    -0.230217    -0.888076
    0.833125    -0.314668     0.454848
   -0.384162    -0.920861    0.0665939
    0.365566    -0.144123     -0.91956
    0.860491    -0.324308     0.392912
   -0.354848    -0.934908   0.00546049
   -0.367182    -0.846754    -0.384949
    -0.85322     0.141813     0.501901
    0.370396    -0.512735     0.774539
   -0.397186     -0.77602    -0.489934
   -0.823048    0.0650286     0.564237
       0.406    -0.627346      0.66453
   -0.333854    -0.613227    -0.715887
   -0.886552     0.462301    0.0174378
    0.320262     0.640493    -0.697998
    0.385708     0.888536    -0.248463
    0.845608     -0.23274     0.480395
   -0.369021     0.395394     0.841123
    0.355048     0.933788   -0.0444936
    0.882036    -0.318841     0.346919
   -0.309763     0.162418     0.936839
   -0.410694    -0.779103    -0.473634
   -0.872709     0.185476     0.451639
    0.264026     -0.59883     0.756104
   -0.419814     0.537586    -0.731271
   -0.804496     0.152585     0.574024
    0.420169     0.829288     0.368429
    0.427068     0.156064     -0.89065
    0.833695    -0.449329     0.321024
   -0.350094    -0.879629    -0.322004
    0.454005      0.17698    -0.873245
    0.795975    -0.520967     0.308248
   -0.400378    -0.835028    -0.377393
   -0.325732    -0.782538     0.530597
   -0.918175     0.395676    0.0198873
    0.225507     0.480702     0.847391
   -0.389108    -0.828624    -0.402464
   -0.901361     0.252307     0.351979
    0.190113    -0.499723     0.845064
    -0.38226    -0.773452    -0.505617
   -0.919186     0.262178     0.293872
   0.0947342    -0.577091     0.811166
   -0.312224    -0.801701    -0.509697
   -0.934615     0.163021       0.3161
    0.170326    -0.575065     0.800181
   -0.298164    -0.481261    -0.824309
   -0.917781     0.381818     0.109055
    0.262252     0.789052    -0.555537
    0.284867    -0.329938    -0.899995
    0.932944    -0.120205     0.339362
   -0.220153    -0.936318     0.273571
    -0.30172    -0.716073    -0.629448
   -0.915197    0.0325215     0.401693
    0.267171    -0.697267      0.66516
   -0.331134    -0.342856    -0.879091
   -0.890713     0.421055     0.171295
    0.311416      0.83974    -0.444812
    0.284228     0.306904    -0.908309
    0.932081    -0.310375     0.186796
   -0.224588     -0.89971    -0.374276
    0.477516    -0.135007    -0.868189
    0.790568    -0.365139     0.491604
    -0.38338    -0.921112   -0.0676276
    0.462228     0.179826    -0.868336
    0.839382    -0.404521     0.363043
   -0.285976    -0.896675    -0.337924
    0.503996     0.179051    -0.844943
    0.827739    -0.379497     0.413316
   -0.246649    -0.907702    -0.339473
   -0.482106   -0.0191966    -0.875902
   -0.811573     0.386399      0.43823
    0.330035     0.922132    -0.201865
    0.498724   -0.0697305    -0.863952
     0.85568    -0.119268     0.503575
   -0.138157     -0.99041  0.000184944
   -0.492295    -0.690416    -0.530068
   -0.845857     0.235786     0.478468
    0.205359    -0.683908     0.700069
    -0.50336    -0.776452    -0.379146
   -0.856202     0.389086     0.339899
    0.116395    -0.495716     0.860649
   -0.507466     -0.71802    -0.476367
   -0.854851     0.350097     0.382964
    0.108201    -0.601564     0.791463
    0.487387     0.871319    0.0570687
    0.814515    -0.477219      0.32989
   -0.314674     0.114301     0.942293
   -0.480616    -0.778188    -0.404268
   -0.854366     0.311615     0.415879
    0.197656    -0.545271     0.814624
    0.455991     0.881924     0.119504
    0.834865    -0.470397      0.28588
   -0.308339    0.0305886     0.950785
   -0.491853    -0.699594    -0.518313
   -0.869757     0.367407     0.329447
   0.0400472    -0.612846     0.789187
   -0.496844    -0.784866    -0.370312
   -0.867839     0.448704     0.213354
  0.00129415    -0.427375     0.904074
   -0.471805    -0.747858    -0.467022
   -0.876767     0.453912     0.158881
  -0.0931667     -0.48443     0.869855
   -0.492644    -0.701115    -0.515499
   -0.866732     0.448378     0.218479
   -0.077959    -0.554432     0.828569
   -0.492322     0.519776    -0.698177
   -0.868327    -0.237792     0.435274
   0.0602239     0.820541     0.568406
   -0.468599     0.533093    -0.704433
   -0.882742    -0.313578     0.349907
  -0.0343617     0.785799     0.617526
    0.428528     0.877428    -0.215599
    0.894197    -0.377645     0.240408
   -0.129521      0.29581     0.946425
    0.452073    0.0453798    -0.890826
    0.870353    -0.241034     0.429404
   -0.195233    -0.969455    -0.148461
    0.417257     0.907101    0.0553618
    0.908067    -0.418579    0.0143798
  -0.0362172   -0.0442721     0.998363
    0.461467    -0.616079    -0.638353
    0.847043     0.519895     0.110575
    0.263753    -0.591739      0.76176
   -0.463002     0.340541    -0.818328
   -0.845424    -0.447001     0.292317
   -0.266247     0.827177     0.494864
   -0.446954    -0.632157    -0.632937
   -0.854377     0.511332    0.0926234
   -0.265089    -0.582166     0.768642
   -0.448678    -0.677429    -0.582905
   -0.858055     0.508895    0.0690502
   -0.249861    -0.531145     0.809601
   -0.471913      0.44251     -0.76255
    -0.84335    -0.478714     0.244118
   -0.257019       0.7583     0.599102
   -0.446244    -0.769216    -0.457355
   -0.872074     0.488497    0.0292947
   -0.200883     -0.41192     0.888802
    0.432095     0.848937    -0.304302
    0.881318    -0.469056   -0.0571319
    0.191236       0.2435     0.950861
   -0.417147    -0.787474    -0.453733
   -0.897981     0.434064    0.0722363
   -0.140065    -0.437577     0.888205
   -0.376529    -0.824283    -0.422828
   -0.924278      0.36516     0.111211
  -0.0627308    -0.432685      0.89936
    0.446547    -0.178287    -0.876818
    0.870693      0.31234     0.379919
    0.206131     -0.93309     0.294708
    0.392844     0.873909     -0.28628
    0.911688    -0.410872  -0.00319353
    0.120415     0.259743     0.958141
   -0.408619     0.540132    -0.735723
   -0.903868    -0.351373     0.244046
   -0.126696     0.764718     0.631786
   -0.421302    -0.718634    -0.553235
   -0.904307     0.379148     0.196151
  -0.0687967    -0.582934     0.809602
    -0.37641    -0.830758    -0.410068
     -0.9263     0.329425     0.182886
   0.0168476    -0.448686      0.89353
   -0.447531    -0.779091    -0.439014
     -0.8872     0.448412     0.108643
   -0.112216    -0.438114     0.891888
   -0.460281     0.358626    -0.812114
   -0.874139    -0.342787     0.344061
   -0.154993     0.868265     0.471267
   -0.452373     0.508029    -0.732984
   -0.862345    -0.458758     0.214247
   -0.227419     0.729005     0.645626
   -0.441809    -0.655334    -0.612651
   -0.866816      0.48781     0.103303
   -0.231159    -0.576696     0.783573
   -0.460681    -0.727572    -0.508343
   -0.869917     0.483776    0.0959449
   -0.176117    -0.486416     0.855793
   -0.439156      0.48607    -0.755565
   -0.858093    -0.476048     0.192497
   -0.266118     0.732881     0.626152
    0.376836     0.867309     0.325224
    0.924038    -0.327575    -0.197102
    0.064413    -0.374794     0.924868
    0.342417     0.167154     -0.92456
    0.939168   -0.0329163     0.341876
   0.0267127    -0.985381    -0.168256
   -0.306333    -0.438495    -0.844916
   -0.950076     0.196121     0.242678
   0.0592926     0.877074    -0.476681
    0.339145      0.10848    -0.934459
    0.940548   -0.0588794      0.33452
  -0.0187317    -0.992353    -0.121999
    0.293462      0.21058    -0.932489
    0.951993    -0.153267     0.264988
  -0.0871189    -0.965487    -0.245448
   -0.295339    -0.415622    -0.860252
   -0.949701     0.225857     0.216928
    0.104134     0.881049     -0.46142
   -0.281464    -0.604261    -0.745417
   -0.949003     0.290271     0.123033
    0.142029     0.742032    -0.655146
   -0.317006    -0.651395     0.689341
   -0.945379     0.275221    -0.174678
   0.0759372     0.707063     0.703062
    0.277765     0.256831    -0.925681
    0.943657    -0.253383     0.212858
   -0.179883    -0.932649    -0.312741
   -0.285272    -0.520488    -0.804805
   -0.946908     0.282954     0.152649
    0.148271     0.805623    -0.573574
     0.32313      0.94402    0.0664263
    0.942315    -0.327436    0.0694823
  -0.0873431   -0.0401427     0.995369
    0.333242     0.886932    -0.319846
    0.942785    -0.309754     0.123325
  -0.0103074     0.342643     0.939409
    -0.67871    -0.386436    -0.624515
   -0.552506     0.828898    0.0875488
    0.483828     0.404469     -0.77609
   -0.686975    0.0156544    -0.726512
   -0.554903     0.634224      0.53837
    0.469199     0.772991     -0.42701
   -0.685817    -0.259768    -0.679835
   -0.603762     0.724658     0.332179
    0.406359     0.638273     -0.65382
   -0.694421    -0.418486    -0.585362
   -0.609779     0.774138     0.169941
    0.382033     0.474952    -0.792762
   -0.698528    -0.358922    -0.619058
   -0.565575     0.806913     0.170342
    0.438386     0.469113    -0.766649
   -0.676966    -0.620555     0.395763
   -0.662165     0.748257    0.0406085
    0.321332      0.23457     0.917454
   -0.688692    -0.549998     0.472446
   -0.617437     0.786467    0.0155166
    0.380098      0.28102     0.881223
   -0.675926    -0.497573    -0.543641
     -0.6638       0.7315      0.15581
