  -0.0299993    -0.819882     0.571747
   -0.996495   -0.0201577   -0.0811916
   0.0780926    -0.572178    -0.816403
  -0.0546341    -0.857898     0.510907
   -0.996615    0.0153713   -0.0807627
   0.0614329     -0.51359    -0.855834
  -0.0891769    -0.862718      0.49776
   -0.995008    0.0546916   -0.0834705
   0.0447882    -0.502719    -0.863289
   -0.106381    -0.906506     0.408571
   -0.993331    0.0785135   -0.0844367
    0.044464    -0.414829    -0.908812
   -0.125477    -0.925828     0.356508
   -0.991277     0.102399   -0.0829692
   0.0403093    -0.363809    -0.930601
    -0.12201    -0.905701     0.405979
   -0.992261     0.101812   -0.0710748
   0.0230391    -0.411509    -0.911115
   -0.132812    -0.891764     0.432572
   -0.991017     0.112565    -0.072214
   0.0157055    -0.438277    -0.898703
    -0.12863    -0.890807     0.435795
   -0.991264     0.102582   -0.0828962
   0.0291396    -0.442651     -0.89622
   -0.128347    -0.849766     0.511298
     -0.9917        0.106   -0.0727684
  0.00763829    -0.516393    -0.856317
   -0.127267    -0.901698     0.413212
   -0.991429     0.103248    -0.080051
   0.0295186    -0.419858     -0.90711
   -0.120662    -0.885557     0.448586
   -0.992691     0.106682   -0.0564154
  0.00210285    -0.452115    -0.891957
   -0.110112    -0.852016     0.511805
   -0.993738    0.0845523   -0.0730413
   0.0189581    -0.516643    -0.855991
    0.147335      0.95156     0.269861
    0.973258    -0.188093     0.131869
    -0.17624    -0.243216     0.953827
   -0.173942    -0.787876     0.590758
    -0.96568     0.253977    0.0543877
     0.19289     0.561023     0.805013
   -0.153459    -0.913445      0.37692
   -0.971681     0.208852     0.110531
    0.179685     0.349284     0.919627
   -0.177298     -0.69777    -0.694034
   -0.965133   -0.0147128     0.261345
     0.19257    -0.716171     0.670832
   -0.198858    -0.809682    -0.552152
   -0.958548    0.0433783     0.281611
    0.204064    -0.585264     0.784744
    0.150932     0.224903     -0.96262
    0.972281    -0.209683     0.103457
   -0.178577    -0.951552    -0.250317
   -0.196901    -0.761061    -0.618075
   -0.960891    0.0245906     0.275832
    0.194726    -0.648214     0.736138
    0.175798     0.682841      -0.7091
    0.967437    0.0134101     0.252757
   -0.182102     0.730444     0.658248
    -0.19167     0.637998    -0.745803
   -0.964535    0.0180619     0.263335
    0.181478     0.769826     0.611909
   -0.213907    -0.800952    -0.559214
    -0.95523    0.0517224     0.291308
    0.204399    -0.596491     0.776157
    0.206684    -0.598919    -0.773678
    0.959629    -0.030091     0.279654
   -0.190771    -0.800244     0.568521
    0.218828     0.684655    -0.695242
    0.955504  -0.00591751     0.294919
   -0.197804     0.728843     0.655486
   -0.150261     0.446694    -0.881978
   -0.974484    0.0835386      0.20833
    0.166739     0.890778     0.422744
   -0.173289    -0.864865    -0.471146
   -0.970937     0.069836     0.228919
    0.165081    -0.497123     0.851832
   -0.155266    -0.924307    -0.348638
   -0.977411    0.0925113     0.190025
    0.143388    -0.370267     0.917792
   -0.128871    -0.875914     0.464938
   -0.981643    0.0462023    -0.185049
    0.140606     -0.48025    -0.865788
    0.123333     0.984715    -0.122986
    0.980014    -0.101366     0.171166
   -0.156083     0.141638     0.977536
  -0.0944204    -0.866047     0.490965
   -0.987656    0.0195775    -0.155408
    0.124979    -0.499579    -0.857206
  -0.0865164    -0.862368     0.498835
   -0.986314     0.144685    0.0790631
    0.140355     0.485167     0.863084
   -0.123664    -0.787002      0.60443
   -0.978611     0.197633    0.0571086
      0.1644      0.58444     0.794609
  -0.0805685     -0.34925    -0.933559
   -0.986388     0.162631    0.0242867
    0.143343     0.922809    -0.357599
  -0.0568058    -0.891749     0.448951
   -0.992481    0.0016064    -0.122388
    0.108418    -0.452528    -0.885135
   0.0489596    -0.610354     0.790614
    0.990857     0.129314    0.0384709
   -0.125719     0.781502     0.611105
  -0.0186524    -0.903742    -0.427672
   -0.995546   -0.0227508    0.0914956
   0.0924182    -0.427473     0.899292
   -0.119714    -0.751645     0.648612
   -0.979441     0.196261    0.0466638
    0.162372     0.629691     0.759687
   -0.213044    -0.747123    -0.629619
   -0.960846    0.0433586      0.27367
    0.177166    -0.663271     0.727107
   -0.208985    -0.782105    -0.587058
   -0.961964    0.0564161     0.267287
    0.175927    -0.620588     0.764147
   -0.199616      -0.7945    -0.573518
    -0.96837    0.0705285     0.239342
    0.149708    -0.603154     0.783449
   -0.200877     -0.82173      -0.5333
   -0.967127    0.0796994     0.241481
    0.155929    -0.564277     0.810727
   -0.197055    -0.860979    -0.468918
   -0.969061    0.0985451     0.226294
    0.148625    -0.499003      0.85376
    0.179271     0.968964    -0.170209
    0.976723    -0.154583     0.148716
   -0.117789     0.192907     0.974121
   -0.179031    -0.702785    -0.688506
   -0.977496    0.0476947     0.205492
    0.111579    -0.709802     0.695508
   -0.164938    -0.786468       0.5952
   -0.983184     0.179062   -0.0358511
   0.0783817     0.591105     0.802777
   -0.182341     -0.74806    -0.638089
   -0.975278    0.0552081     0.213974
    0.124838     -0.66133     0.739634
    0.158559     0.941806     0.296412
    0.984279    -0.174433    0.0277161
  -0.0778072    -0.287357     0.954658
   -0.154657      -0.7792     0.607395
   -0.984632     0.172043   -0.0300054
   0.0811177     0.602702     0.793833
   -0.185197    -0.868241    -0.460282
   -0.976289     0.109136     0.186949
    0.112083    -0.483991     0.867865
   -0.168892    -0.490238    -0.855068
   -0.982802     0.149482     0.108419
    0.074666     0.858674    -0.507054
    0.172105    0.0967476    -0.980316
    0.982633   -0.0869358     0.163932
  -0.0693645    -0.991505    -0.110029
   -0.179493     -0.82981    -0.528392
   -0.978654    0.0959713     0.181728
    0.100089    -0.549732     0.829323
   -0.190036    -0.873625    -0.447957
   -0.972067     0.103417     0.210691
    0.137739    -0.475483     0.868875
   -0.179223    -0.890422    -0.418363
   -0.976066      0.10769     0.188938
    0.123181    -0.442212     0.888411
    0.184884    -0.641616    -0.744411
    0.970105     -0.00202     0.242679
    -0.15721    -0.767024     0.622061
   -0.202018    -0.734537      -0.6478
   -0.964526    0.0344484     0.261729
    0.169934    -0.677694     0.715439
   -0.171084    -0.886514    -0.429912
   -0.975478    0.0910868     0.200363
    0.138466    -0.453648     0.880358
   -0.132388    -0.926297     0.352771
   -0.990095     0.106792   -0.0911501
    0.046759    -0.361344     -0.93126
   -0.139419     -0.91353     0.382131
   -0.988776     0.107499    -0.103763
   0.0537115    -0.392309    -0.918264
    -0.15763    -0.915045     0.371277
   -0.984479     0.116237    -0.131495
   0.0771675    -0.386241    -0.919164
   -0.137909    -0.883736     0.447204
   -0.988742    0.0963702    -0.114468
   0.0580623    -0.457955    -0.887077
   -0.147155     -0.91696     0.370849
   -0.985948     0.106013    -0.129102
   0.0790665    -0.384636    -0.919676
   -0.126401    -0.897695     0.422097
   -0.989037    0.0813013     -0.12327
   0.0763417    -0.433051    -0.898131
   -0.128441    -0.884581     0.448351
   -0.990253    0.0898414    -0.106428
   0.0538633    -0.457651    -0.887499
   -0.157645     -0.89798     0.410829
   -0.981408    0.0963461    -0.165999
    0.109482     -0.42936    -0.896473
   -0.141285    -0.930272     0.338574
     -0.9836    0.0931801    -0.154427
     0.11211     -0.35484    -0.928181
   -0.163261    -0.886055      0.43388
   -0.981571      0.10161    -0.161844
    0.099316    -0.452307    -0.886315
     -0.1617    -0.847365    -0.505792
   -0.983898    0.0988852     0.148883
   0.0761431    -0.521723      0.84971
   -0.149689    -0.890852     0.428925
   -0.986675     0.106616    -0.122903
   0.0637584    -0.441607     -0.89494
    -0.13518    -0.872512      0.46952
   -0.989923    0.0987601    -0.101483
   0.0421749    -0.478507     -0.87707
   -0.160598    -0.881054    -0.444918
   -0.986014     0.122863     0.112611
   0.0445524     -0.45678     0.888463
   -0.118173    -0.913604     0.389053
   -0.992559    0.0970955   -0.0734787
   0.0293551    -0.394842     -0.91828
   -0.106783    -0.900974     0.420527
   -0.993157    0.0765327   -0.0882191
    0.047299     -0.42707    -0.902981
  -0.0767976    -0.874331     0.479216
   -0.995902     0.044246   -0.0788732
   0.0477579    -0.483309    -0.874146
  -0.0874665    -0.860698     0.501545
     -0.9942    0.0437991   -0.0982192
   0.0625699    -0.507228    -0.859538
  -0.0455442    -0.831545     0.553587
   -0.997191    0.0048556   -0.0747463
   0.0594669    -0.555436     -0.82943
  -0.0530532    -0.871256     0.487953
   -0.996698    0.0161227   -0.0795796
   0.0614671    -0.490564    -0.869235
  -0.0142437    -0.826102      0.56334
   -0.997852   -0.0242848   -0.0608422
   0.0639425    -0.562997    -0.823982
  -0.0185105    -0.801447     0.597779
   -0.997356   -0.0272255    -0.067385
   0.0702803    -0.597446    -0.798824
  -0.0496526    -0.887422     0.458277
   -0.995333   0.00595198   -0.0963151
   0.0827444     -0.46092    -0.883576
  -0.0195612    -0.851804     0.523494
   -0.997444   -0.0193646   -0.0687802
   0.0687246    -0.523502    -0.849248
  -0.0899041    -0.866298     0.491371
    -0.99136    0.0305236    -0.127571
   0.0955163    -0.498595    -0.861557
   -0.116585    -0.931359     0.344933
   -0.987803    0.0726441    -0.137723
    0.103212    -0.356782    -0.928468
   -0.105572    -0.901866     0.418919
   -0.992014    0.0662814    -0.107306
   0.0690089    -0.426902    -0.901661
   -0.124871    -0.831133     0.541873
   -0.991646     0.122338   -0.0408741
   0.0323198      0.54245     0.839466
   -0.135922     -0.87025     0.473487
    -0.99001     0.137392   -0.0316776
   0.0374858     0.473063     0.880231
    0.095914    -0.771507      0.62895
    0.995224    0.0627964   -0.0747405
    0.018167     0.633115     0.773845
   0.0908836     -0.83495      0.54277
    0.995726      0.06719   -0.0633693
   0.0164414     0.546209     0.837487
    0.106763     0.735579     0.668973
    0.994184   -0.0694252   -0.0823273
   0.0141146    -0.673872     0.738713
   0.0701335    -0.787384     0.612461
    0.995467    0.0157077    -0.093798
   0.0642347     0.616263     0.784916
   0.0720087    -0.611456     0.787995
    0.995064   -0.0100399   -0.0987217
   0.0682754     0.791215     0.607715
  -0.0538814    -0.569275     -0.82038
   -0.994043   -0.0473649    0.0981546
  -0.0947341     0.820782    -0.563332
  -0.0697032     -0.90908     0.410749
   -0.995767     0.038673   -0.0833875
   -0.059921     0.414822     0.907927
   0.0540676     0.710643     0.701472
    0.993926     0.029133    -0.106123
   0.0958515    -0.702949     0.704752
   0.0553969    -0.825753     0.561304
    0.994242  -0.00602357    -0.106986
   0.0917255     0.563999     0.820665
   0.0777121    -0.474318     0.876917
    0.994331   -0.0271536    -0.102804
   0.0725735     0.879935     0.469518
  -0.0551479     -0.61988    -0.782757
   -0.993203    -0.046421     0.106736
     -0.1025     0.783323    -0.613106
  -0.0566979    -0.938238     0.341313
   -0.992658    0.0163911     -0.11984
   -0.106844     0.345602     0.932279
  -0.0856722    -0.460487    -0.883523
   -0.993287   -0.0297054     0.111798
  -0.0777269     0.887169    -0.454851
    0.111598    -0.617093     0.778937
    0.993531    0.0527046    -0.100589
   0.0210193     0.785124     0.618982
    0.119755    -0.745723     0.655406
    0.992297    0.0688173    -0.103011
   0.0317147     0.662693     0.748219
    -0.14414    -0.787115     0.599728
   -0.989232     0.130152   -0.0669361
   0.0253692     0.602919     0.797399
   -0.142902    -0.533285    -0.833778
   -0.989026     0.108858    0.0998845
   0.0374968     0.838902    -0.542989
    0.151185     0.663994    -0.732295
    0.988307    -0.116362    0.0985315
  -0.0197868    -0.738629    -0.673822
    0.049331    -0.776755     0.627868
    0.992099   -0.0344942    -0.120622
    0.115352     0.628857     0.768916
  -0.0486883    -0.945527     0.321881
   -0.991436   0.00665348    -0.130422
   -0.121176     0.325475     0.937754
  -0.0409637    -0.870108    -0.491155
   -0.987086     0.111432    -0.115083
   -0.154865    -0.480098     0.863436
  -0.0406289    -0.898876    -0.436316
   -0.987989     0.101299    -0.116691
   -0.149089    -0.426334     0.892195
  -0.0353106    -0.337234    -0.940758
   -0.985404    -0.145112    0.0890049
   -0.166531      0.93017    -0.327188
  -0.0274201     0.605465    -0.795399
   -0.980768    -0.170115   -0.0956823
   -0.193241     0.777479     0.598485
  -0.0245682     0.316448    -0.948292
   -0.979254    -0.198473   -0.0408607
   -0.201141     0.927615     0.314759
  -0.0129334    -0.678179     0.734783
   -0.973571     0.176113     0.145409
   -0.228018    -0.713483    -0.662533
  -0.0256208    -0.677118     0.735428
   -0.982512     0.152778     0.106436
   -0.184427     -0.71984    -0.669192
  -0.0134049    -0.675666     0.737086
   -0.974337     0.174477     0.142218
   -0.224696    -0.716264    -0.660665
  -0.0103006    -0.368749     0.929472
   -0.974318     0.212798    0.0736257
   -0.224939    -0.904843    -0.361471
  -0.0177977    -0.365662     0.930578
   -0.978088      0.19946    0.0596696
   -0.207432    -0.909124    -0.361199
 -0.00819814    -0.419171      0.90787
   -0.972786     0.213585    0.0898298
   -0.231562    -0.882427    -0.409515
 -0.00409836    -0.759676     0.650288
   -0.973023     0.153036     0.172647
   -0.230674    -0.632038    -0.739809
  -0.0157973    -0.704549      0.70948
   -0.978659     0.156293     0.133416
   -0.204885    -0.692231    -0.691982
    0.029803    -0.434087     0.900378
     0.98442    -0.143416    -0.101728
    0.173288     0.889382     0.423049
   0.0262153     0.184214    -0.982536
     0.98476     0.164289    0.0570768
    0.171934    -0.969058      -0.1771
   0.0456012    -0.616158     0.786301
    0.990622     -0.07359    -0.115117
    0.128794     0.784177     0.607024
  -0.0450304    -0.775087     0.630247
    -0.99093   -0.0453001    -0.126511
   -0.126608     0.630228     0.766018
   0.0378493    -0.710509      0.70267
    0.988796   -0.0749764    -0.129074
    0.144392     0.699683     0.699711
   0.0130376    -0.951795    -0.306457
   -0.979669    0.0492029    -0.194492
   -0.200195    -0.302763     0.931803
 -0.00369824    -0.952351    -0.304981
   -0.984819    0.0563979    -0.164169
   -0.173547    -0.299744     0.938102
  -0.0143636    -0.771549     0.636008
   -0.981866     0.131133     0.136905
   -0.189031    -0.622508    -0.759441
  -0.0284846    -0.909298     -0.41517
    -0.98683    0.0917437     -0.13323
   -0.159235    -0.405907     0.899936
   -0.021505    -0.984055     -0.17656
   -0.989312    0.0464204    -0.138225
   -0.144217    -0.171701     0.974536
   0.0304852    -0.836712    -0.546794
    0.984722   -0.0686918     0.160014
    0.171446     0.543318    -0.821835
  -0.0410873      -0.9181     0.394214
   -0.990652    0.0887969     0.103551
   -0.130075    -0.386275    -0.913166
   0.0496366    -0.827463    -0.559322
    0.988767   -0.0383395     0.144467
    0.140985      0.56021    -0.816265
   0.0691294     0.989159     0.129556
    0.991645    -0.053957    -0.117168
    0.108907    -0.136573     0.984625
  -0.0277572    -0.908413     0.417152
   -0.992058    0.0762488     0.100032
   -0.122678    -0.411062    -0.903315
  -0.0564652    -0.918776     0.390719
    -0.99393    0.0887374    0.0650273
   -0.094417    -0.384676     -0.91821
  -0.0508774    -0.917266     0.395011
   -0.996085    0.0752344    0.0464082
  -0.0722871    -0.391104    -0.917503
   0.0404041    -0.506021     0.861574
     0.98724    -0.112708    -0.112493
     0.15403     0.855126      0.49501
   -0.066388    -0.708235     0.702848
    -0.99196   -0.0292135    -0.123134
    -0.10774     0.705372     0.700601
  -0.0275746   0.00672103    -0.999597
   -0.984578    -0.173005    0.0259971
    -0.17276     0.984898    0.0113879
  -0.0113693    -0.726371     0.687209
    -0.97889     0.148344     0.140602
   -0.204072    -0.671103    -0.712724
  0.00634798    -0.640876     0.767618
    0.978258    -0.155151    -0.137624
    0.207297     0.751802     0.625957
  0.00448879    -0.438725      0.89861
   -0.974874     0.198213     0.101643
    -0.22271    -0.876488    -0.426812
  0.00213688    -0.556754     0.830675
   -0.973021     0.190486     0.130175
   -0.230707    -0.808542    -0.541326
  0.00733663    -0.694323     0.719626
   -0.976294     0.150708     0.155363
   -0.216326    -0.703706    -0.676758
  -0.0688069    -0.913527     0.400915
   -0.996106    0.0851121    0.0229804
   -0.055116    -0.397773    -0.915827
  -0.0788693    -0.917294     0.390322
   -0.995534    0.0928527     0.017053
  -0.0518851    -0.387234     -0.92052
   -0.100011    -0.886342     0.452101
    -0.99467     0.100517   -0.0229715
   -0.025083    -0.451989    -0.891671
  -0.0912882    -0.911396     0.401278
   -0.995469    0.0942896   -0.0123091
  -0.0266179    -0.400584    -0.915873
   -0.120452    -0.918454    -0.376741
   -0.992633     0.116444    0.0334855
  -0.0131144    -0.377998     0.925713
   -0.114709    -0.886818     0.447656
   -0.993378    0.0994924   -0.0574505
  0.00640975    -0.451282    -0.892359
   -0.131471    -0.901534     0.412253
   -0.991275     0.115587   -0.0633546
  0.00946516    -0.416985    -0.908864
   -0.101728     -0.87723     0.469168
   -0.994793    0.0926285    -0.042504
 -0.00617243    -0.471049    -0.882086
    0.156799     0.973135      0.16859
    0.987484    -0.157411  -0.00981163
  -0.0169898    -0.168018     0.985637
   -0.125044    -0.793336     0.595804
   -0.991637    0.0806101    -0.100785
  -0.0319281     0.603424     0.796781
  -0.0952377    -0.439549    -0.893155
   -0.992645   -0.0254255     0.118359
  -0.0747336     0.897859    -0.433895
   0.0952397     0.983741    -0.152259
    0.993381     -0.10379   -0.0492165
   0.0642193     0.146564     0.987114
   -0.109235    -0.870256     0.480335
   -0.993885     0.103462   -0.0385752
  -0.0161259    -0.481612    -0.876236
   -0.089864    -0.861062     0.500496
   -0.995013    0.0994588  -0.00754369
  -0.0432831    -0.498678    -0.865706
     0.10558     0.949209    -0.296402
    0.993351    -0.114431   -0.0126201
   0.0458967     0.293099      0.95498
   -0.078208    -0.923916     0.374516
   -0.995338    0.0936345    0.0231421
   -0.056449     -0.37096    -0.926932
  -0.0881231    -0.883525     -0.46002
   -0.993875     0.108903   -0.0187719
  -0.0666832    -0.455548      0.88771
  -0.0593038    -0.846924     0.528396
   -0.994974    0.0929322    0.0372843
   -0.080682    -0.523529    -0.848179
  -0.0454829    -0.928735     0.367945
   -0.995437    0.0730634    0.0613709
  -0.0838806    -0.363475     -0.92782
  -0.0791658     0.543799    -0.835473
   -0.992826    -0.118349    0.0170443
  -0.0896084     0.830829     0.549266
  -0.0322141    -0.937464     0.346588
    -0.99389    0.0666722     0.087959
   -0.105566    -0.341637    -0.933884
  -0.0125972    -0.933115     0.359359
   -0.990649    0.0604741     0.122301
   -0.135853    -0.354458    -0.925151
  -0.0143185    -0.914355     0.404661
   -0.992409    0.0624321     0.105954
   -0.122143    -0.400072    -0.908308
  0.00145769    -0.975022    -0.222103
   -0.987129    0.0341161    -0.156247
   -0.159922    -0.219472     0.962423
  0.00378345     -0.89705     0.441913
   -0.989276    0.0611676     0.132635
   -0.146011    -0.437676    -0.887198
    0.020248    -0.903801     0.427473
   -0.986441    0.0515895     0.155799
   -0.162865    -0.424832    -0.890502
   0.0195285    -0.906572     0.421598
   -0.982196    0.0614062     0.177539
   -0.186841    -0.417559    -0.889233
 -0.00169539    -0.911509     0.411278
   -0.990526    0.0580044     0.124471
   -0.137312     -0.40717    -0.902972
   0.0228641    -0.958375     0.284594
   -0.988066    0.0217113     0.152494
   -0.152325    -0.284684    -0.946442
    0.017964    -0.967852    -0.250879
   -0.990161    0.0176053    -0.138818
   -0.138772    -0.250904     0.958013
   0.0176252    -0.995332    -0.094886
    0.991044   0.00482778     0.133445
    0.132364    0.0963883    -0.986503
  -0.0367322     -0.99421    -0.100977
   -0.992523     0.048065    -0.112196
     -0.1164   -0.0961004     0.988542
   0.0577118    -0.870899    -0.488062
    0.990355   -0.0117383     0.138052
    0.125959     0.491322    -0.861822
   0.0660817     0.986831    -0.147643
    0.992123   -0.0807624   -0.0957553
    0.106418     0.140153     0.984394
  -0.0429149    -0.911559     0.408923
   -0.993666    0.0814916    0.0773774
   -0.103858    -0.403012    -0.909283
   0.0309609    -0.803636     0.594315
    0.990771   -0.0538291    -0.124402
    0.131966     0.592682     0.794552
 -0.00337404    -0.983351    -0.181683
    0.990831   -0.0278273     0.132214
    0.135068     0.179571    -0.974429
   -0.445044    -0.731598    -0.516429
   -0.884684     0.269797     0.380188
    0.138814    -0.626078     0.767305
   -0.493239    -0.337724    -0.801659
   -0.859853     0.328895     0.390487
    0.131785     0.881913    -0.452617
   -0.465682    -0.272932    -0.841813
   -0.878572     0.256608     0.402819
    0.106074     0.927179    -0.359288
   -0.500706    -0.390981    -0.772287
   -0.860516     0.321546     0.395121
   0.0938413     0.862405    -0.497446
   -0.528428    -0.351177    -0.772942
   -0.840493     0.344795     0.417956
     0.11973     0.870512    -0.477362
   -0.479946    -0.370345    -0.795297
   -0.873608     0.284813     0.394577
   0.0803808     0.884153    -0.460231
   -0.526637    -0.291121    -0.798688
   -0.844502     0.286717     0.452338
   0.0973125     0.912711    -0.396848
   -0.501859    -0.380697    -0.776664
    -0.86092     0.306427     0.406102
   0.0833894     0.872452    -0.481533
    0.511046     0.127898    -0.849985
    0.854021    -0.187568     0.485249
  -0.0973671    -0.973889    -0.205083
   -0.547281    -0.279328    -0.788961
   -0.828594     0.313694     0.463712
    0.117964     0.907509    -0.403128
   -0.532299    -0.380114     -0.75642
   -0.839157     0.354803     0.412227
    0.111688     0.854183    -0.507836
   -0.550498    -0.476626    -0.685405
   -0.822908      0.44809     0.349338
     0.14062     0.756335    -0.638892
   -0.475487    -0.245293    -0.844833
   -0.876882     0.209265     0.432766
   0.0706396     0.946594    -0.314596
   -0.492646    -0.340683    -0.800772
   -0.866068     0.281833     0.412913
   0.0850116     0.896942    -0.433898
   -0.470265    -0.298565    -0.830488
   -0.879327     0.238564     0.412155
   0.0750697     0.924092    -0.374725
   -0.448069    -0.330552    -0.830644
    -0.89179     0.230539      0.38931
   0.0628086     0.915198     -0.39808
   -0.444086    -0.268401    -0.854838
   -0.893533     0.203188     0.400391
   0.0662281     0.941635    -0.330058
   -0.410391    -0.320889    -0.853586
   -0.910101     0.203053     0.361229
   0.0574086     0.925095    -0.375372
    0.404808    0.0551677    -0.912736
    0.911862   -0.0986998     0.398455
   -0.068105    -0.993587   -0.0902598
    0.439685     0.210364    -0.873169
    0.894058     -0.19523     0.403168
  -0.0856567    -0.957931    -0.273918
   -0.399942     0.477815    -0.782137
   -0.912316    -0.125704     0.389714
   0.0878934      0.86942     0.486193
   -0.370784    -0.273843    -0.887428
   -0.926962      0.16787     0.335501
   0.0570981     0.947011    -0.316086
   -0.348673     0.272741    -0.896682
    -0.93429   -0.0252441     0.355618
   0.0743559     0.961756     0.263621
    0.322767    -0.246261     -0.91388
    0.944349    0.0190631     0.328391
  -0.0634487    -0.969016     0.238709
   -0.426455     0.600591    -0.676333
   -0.898364    -0.194235     0.393972
    0.105249     0.775605     0.622382
    0.529469     0.191253    -0.826489
    0.829605    -0.320296     0.457347
   -0.177252    -0.927811    -0.328251
    0.513365    0.0527627    -0.856547
    0.845697    -0.200661     0.494502
   -0.145784    -0.978239    -0.147634
    -0.48987   0.00467951    -0.871783
   -0.851725     0.210766     0.479731
    0.185987     0.977525   -0.0992622
    0.501853    0.0266301    -0.864543
    0.837282    -0.265756     0.477842
   -0.217032    -0.963672    -0.155667
    0.470045    -0.102099    -0.876718
    0.867227    -0.131406     0.480259
    -0.16424    -0.986057    0.0267767
    0.455009    -0.182268    -0.871634
    0.859263    -0.167061     0.483485
    -0.23374    -0.968953    0.0806022
   -0.431004     0.435317    -0.790401
   -0.877943  4.36851e-05     0.478765
    0.208449     0.900277     0.382165
    0.403109    -0.221504    -0.887941
    0.883916    -0.157093      0.44047
   -0.237056    -0.962423     0.132465
    0.482646    -0.060128    -0.873749
    0.837414     -0.26049     0.480502
   -0.256495    -0.963602   -0.0753727
    0.427225     -0.28947    -0.856555
    0.862155    -0.154929     0.482376
   -0.272339    -0.944566     0.183378
    0.447076   -0.0414755    -0.893534
    0.839323    -0.325945     0.435082
   -0.309288    -0.944479    -0.110911
   -0.419713    -0.796465    -0.435298
   -0.890611     0.268873     0.366768
    0.175077    -0.541619      0.82219
     0.38546     0.336394     -0.85922
    0.899419    -0.344937     0.268447
   -0.206073    -0.876275    -0.435519
   -0.377235    -0.727019     0.573704
   -0.909927     0.406285    -0.083456
    0.172413     0.553512       0.8148
   -0.404926     0.614674    -0.676913
   -0.900981    -0.142102     0.409926
    0.155781     0.775875     0.611351
   -0.462266     0.369599    -0.806044
   -0.876135   -0.0502001     0.479445
    0.136739     0.927834     0.347024
    0.445992     0.284726    -0.848541
    0.886556    -0.270735     0.375129
   -0.122921    -0.919583    -0.373171
      0.4822     0.069468    -0.873302
    0.869079    -0.163536     0.466859
   -0.110385    -0.984088     -0.13923
    0.504401   -0.0327728    -0.862847
    0.854921    -0.121306     0.504375
   -0.121198    -0.992074   -0.0331688
    0.463066    0.0811157    -0.882604
    0.880849    -0.152627     0.448118
    -0.09836    -0.984949    -0.142127
    -0.38471    -0.718443     0.579515
    -0.92142     0.336061    -0.195058
   0.0546146     0.609018     0.791274
   -0.394494    -0.784769     0.478029
   -0.916071     0.376653    -0.137647
   0.0720297      0.49221     0.867491
    0.399159     0.870109     0.289106
    0.912629    -0.407375   -0.0339789
  -0.0882094     -0.27741     0.956694
   -0.427084    -0.722965     0.543067
   -0.900764     0.392576    -0.185766
   0.0788931     0.568512     0.818883
   -0.417126    -0.647914     0.637349
    -0.90622     0.349811    -0.237484
   0.0690825     0.676639     0.733067
    0.427595     0.295576    -0.854282
    0.899434    -0.233668     0.369348
  -0.0904473    -0.926301    -0.365767
   -0.433415    -0.579933    -0.689804
   -0.898183     0.340494     0.278083
   0.0736043     0.740096    -0.668461
    0.440024      0.21258    -0.872462
    0.894694    -0.186904     0.405696
  -0.0768243    -0.959102    -0.272436
   -0.436109    -0.247329    -0.865238
   -0.896983     0.196736     0.395873
   0.0723128     0.948748    -0.307648
   -0.425173    -0.560882     -0.71038
   -0.902496     0.322341     0.285652
   0.0687672     0.762567    -0.643244
   -0.424894     -0.48316     -0.76552
   -0.902329     0.293853     0.315362
   0.0725797     0.824747    -0.560826
   -0.420719    -0.522249     -0.74179
   -0.904315     0.306489     0.297118
   0.0721809     0.795815    -0.601223
    0.448334     0.159586    -0.879505
    0.889763    -0.173847     0.422018
  -0.0855509    -0.971756    -0.219935
   -0.450659    -0.318406    -0.833981
   -0.890018     0.232567     0.392148
   0.0690941     0.918983    -0.388195
   -0.431113    -0.692214     0.578776
   -0.895803      0.40518    -0.182663
    0.108067     0.597218     0.794766
   -0.398571    -0.728858     0.556693
    -0.90794      0.39932    -0.127234
    0.129563     0.556156     0.820917
    0.395873     0.896135     0.200568
    0.911701    -0.409684    0.0309839
   -0.109935    -0.170592      0.97919
   -0.371296    -0.801091      0.46946
   -0.922286     0.376657   -0.0867056
    0.107366      0.46517     0.878686
   -0.369704    -0.766347     0.525386
   -0.919237     0.384047   -0.0866651
    0.135357     0.514995     0.846439
    -0.37343    -0.547069    -0.749177
   -0.924321     0.287875     0.250517
   0.0786187      0.78603    -0.613169
    0.394211     0.474128    -0.787274
    0.915487    -0.277641     0.291204
  -0.0805119    -0.835535    -0.543507
    0.399259     0.439119     -0.80484
     0.91357    -0.264604     0.308829
  -0.0773512     -0.85858    -0.506811
    0.364641     0.465685    -0.806334
    0.927552    -0.257698     0.270628
  -0.0817631    -0.846599    -0.525914
    0.364331    -0.509194     0.779733
    0.926891     0.279368    -0.250653
  -0.0902015     0.814048      0.57375
   -0.377462    -0.411322    -0.829661
   -0.923063     0.238727     0.301602
   0.0740075     0.879672    -0.469787
    -0.33544    -0.425978    -0.840251
   -0.937702     0.236686     0.254352
   0.0905275     0.873225    -0.478835
   -0.332823    -0.295072    -0.895634
   -0.939767     0.182237     0.289184
   0.0778872     0.937935    -0.337952
   -0.307071     0.337656    -0.889773
   -0.947951   -0.0257644     0.317372
   0.0842381     0.940917     0.327993
   -0.333073    -0.491066    -0.804933
   -0.937705     0.262005     0.228171
   0.0988495     0.830787    -0.547742
    0.295463     0.109396     -0.94907
    0.950363    -0.135071     0.280297
  -0.0975284    -0.984778    -0.143875
   -0.298736    -0.649139     0.699554
    -0.94777     0.287642    -0.137821
    0.111756     0.704188     0.701163
   -0.346792     -0.29729    -0.889581
   -0.935602     0.176601     0.305714
   0.0662148     0.938313    -0.339389
   -0.302126     0.475081    -0.826449
   -0.950421   -0.0831709     0.299636
   0.0736147     0.876003     0.476655
   -0.385313    -0.368014    -0.846227
   -0.920606     0.216307      0.32511
   0.0634002      0.90431    -0.422142
   -0.427593    -0.320958    -0.845074
   -0.901742      0.21706     0.373827
   0.0634487     0.921884    -0.382235
    -0.40568    -0.380497     0.831051
   -0.911334      0.23798    -0.335911
   0.0699606     0.893637     0.443304
    0.437467     0.290455    -0.851034
    0.838471    -0.473742     0.269322
   -0.324944    -0.831387    -0.450785
   -0.411619    -0.331275    -0.849015
   -0.863658     0.439226     0.247337
    0.290973     0.835067    -0.466902
    0.413582     0.231459    -0.880555
    0.861091    -0.413607     0.295721
   -0.295756    -0.880543    -0.370368
    0.437437     0.185422    -0.879925
    0.835365     -0.44602     0.321297
   -0.332889    -0.875605    -0.350001
    0.390548     0.173249    -0.904133
    0.887367    -0.332288     0.319633
   -0.245056     -0.92713     -0.28351
   -0.432237    -0.329895     -0.83925
   -0.852905     0.451737     0.261699
    0.292786     0.828917    -0.476627
     0.41081     0.105072    -0.905646
    0.881358    -0.299986     0.364989
   -0.233331    -0.948139    -0.215843
    -0.43853    -0.331294    -0.835426
   -0.873098     0.377416     0.308638
    0.213053     0.864755     -0.45476
   -0.448004    -0.374709    -0.811718
    -0.82835     0.515548     0.219194
    0.336346     0.770586    -0.541358
    0.443749     0.376489     -0.81323
    0.853003    -0.455643      0.25451
   -0.274723    -0.806626    -0.523338
    0.456295     0.882333     0.115253
    0.823891    -0.467854      0.31987
   -0.336154    0.0509995     0.940425
    0.388897     0.168331    -0.905773
    0.905481    -0.251141     0.342099
   -0.169891    -0.953202    -0.250088
    0.416628    -0.162326    -0.894467
    0.898241   -0.0779558     0.432534
   -0.139941    -0.983653      0.11333
     0.39463    -0.174461    -0.902125
    0.915925  -0.00345856     0.401335
  -0.0731376    -0.984658     0.158429
   -0.365984    -0.365854     -0.85569
   -0.923159     0.258933     0.284133
    0.117615     0.893926    -0.432507
   -0.367625     0.346675    -0.862942
   -0.905398    0.0784947     0.417246
    0.212385     0.934695     0.285022
    0.356428    0.0725568    -0.931501
     0.92074     -0.19666     0.336992
   -0.158738    -0.977783    -0.136901
    0.369328     0.112978    -0.922406
    0.905246    -0.268108     0.329619
   -0.210065    -0.956741    -0.201293
     0.38504     -0.15787    -0.909297
    0.887481    -0.206999      0.41174
   -0.253224     -0.96552    0.0604036
    0.355737     0.285845      -0.8898
     0.91904    -0.279923     0.277503
   -0.169753     -0.91648    -0.362282
    0.446958     0.871556    -0.201541
    0.833329    -0.323746     0.448052
   -0.325254     0.368211     0.870994
   -0.441105    -0.713318    -0.544614
    -0.85834     0.158115     0.488112
    0.262067    -0.682772     0.682014
    0.435587     0.865084    -0.248784
    0.867076    -0.329014      0.37407
   -0.241749     0.378655     0.893408
    0.420644     0.894168    -0.153369
     0.84776    -0.327218      0.41741
   -0.323049     0.305601     0.895682
   -0.425218     0.588515    -0.687634
   -0.888645    -0.127293     0.440575
    0.171754     0.798402     0.577108
   -0.400246    -0.851311    -0.339224
   -0.884592     0.262214      0.38567
    0.239376    -0.454438     0.858013
   -0.408673      0.55423    -0.725132
   -0.899294    -0.108949     0.423557
    0.155745     0.825203      0.54294
     0.38621     0.880979    -0.273346
    0.910356    -0.316288     0.266859
    -0.14864     0.351906     0.924158
   -0.400221    -0.916403  -0.00531798
   -0.858318     0.372808     0.352569
    0.321113     -0.14567     0.935771
    0.378208     0.902156    -0.207542
    0.898055    -0.303165     0.318728
   -0.224623      0.30693     0.924845
    0.381509     0.913763      -0.1396
    0.872593    -0.306178     0.380575
   -0.305013     0.267007     0.914152
   -0.409496    -0.683506    -0.604262
   -0.909524     0.254112     0.328928
   0.0712743    -0.684285     0.725723
   -0.387271    -0.739926    -0.550029
   -0.920268     0.274039     0.279302
   0.0559335    -0.614339     0.787057
   -0.382475     0.602153    -0.700802
   -0.923876    -0.259833     0.280964
  -0.0129079     0.754916     0.655694
   -0.410811     0.621929    -0.666663
    -0.91166    -0.271808     0.308213
   0.0104822     0.734387      0.67865
   -0.424656     0.615467    -0.663978
   -0.899616    -0.204413     0.385883
    0.101773     0.761193      0.64049
   -0.416262     0.579733    -0.700454
   -0.909077    -0.250578      0.33285
   0.0174459      0.77532     0.631328
    0.428206    -0.304113    -0.850973
    0.896512    0.0245837     0.442336
     -0.1136    -0.952319     0.283168
   -0.434753    -0.681885    -0.588236
   -0.879947     0.182737     0.438521
    0.191529    -0.708265     0.679468
   -0.401699      0.38005    -0.833187
   -0.914464    -0.117872     0.387119
   0.0489147     0.917425     0.394891
   -0.430582    -0.691413    -0.580128
   -0.892512     0.421789     0.159738
   -0.134247    -0.586551     0.798709
   -0.428765     0.495851    -0.755177
   -0.894171    -0.352208      0.27642
   -0.128916     0.793776      0.59439
   -0.414928     0.532003    -0.738111
    -0.90171    -0.348742     0.255535
   -0.121465     0.771591     0.624415
   -0.417675      0.44543    -0.791922
   -0.901228    -0.313875     0.298781
   -0.115478     0.838496     0.532532
   -0.428199     0.535575    -0.727877
    -0.89452     -0.36562     0.257207
   -0.128373     0.761237     0.635641
    -0.40145     0.469394    -0.786452
   -0.912631    -0.277288      0.30036
  -0.0770863      0.83832     0.539701
   -0.410158     0.425075    -0.806896
   -0.906873    -0.283902     0.311418
  -0.0967035     0.859483     0.501934
   -0.404361     0.520297    -0.752186
   -0.912683    -0.282765     0.295049
  -0.0591785     0.805813     0.589205
    0.387134    -0.213307     -0.89701
    0.921374     0.126018     0.367682
     0.03461    -0.968824     0.245322
    -0.42172     -0.67612    -0.604164
   -0.899994     0.393172     0.188217
   -0.110283    -0.623119     0.774312
    0.397743    0.0929649    -0.912775
    0.915193    0.0302556     0.401878
   0.0649771     -0.99521   -0.0730469
   -0.408783      0.40237    -0.819143
   -0.909332    -0.255829     0.328125
  -0.0775329     0.879005     0.470466
   -0.402171     0.480626    -0.779267
   -0.915399    -0.227261      0.33226
  -0.0174042     0.846966     0.531362
   -0.380552    -0.395899     -0.83573
   -0.924638     0.177578     0.336914
   0.0150232     0.900961    -0.433641
   -0.406565     0.520088    -0.751142
   -0.912825    -0.265578     0.310193
  -0.0381592     0.811774     0.582724
   -0.399153     0.612898    -0.681934
   -0.915491    -0.307396     0.259583
  -0.0505257     0.727918     0.683801
   -0.404491     0.346684    -0.846284
   -0.908967    -0.254416     0.330228
   -0.100824     0.902819     0.418034
    -0.39557     0.548804    -0.736437
   -0.913115    -0.321184      0.25112
   -0.098716     0.771787     0.628172
   -0.384357     0.516856    -0.764938
   -0.920866    -0.273337     0.278017
  -0.0653915     0.811263     0.581014
   -0.410569    -0.693419    -0.592118
   -0.903816     0.395384      0.16367
   -0.120622    -0.602364     0.789055
    0.384631    -0.308458    -0.870007
    0.922448     0.163055     0.350005
   0.0338971    -0.937159     0.347253
   -0.367432     0.278713    -0.887306
   -0.930026    -0.116979     0.348378
 -0.00669908     0.953223     0.302192
   -0.361973   -0.0181368    -0.932012
   -0.931779    0.0366516      0.36117
   0.0276093     0.999164   -0.0301665
   -0.378573    -0.427843    -0.820751
   -0.925571     0.175832     0.335264
 0.000873578     0.886585    -0.462564
    0.350736    -0.130177    -0.927382
    0.934312   -0.0186187     0.355971
   -0.063606    -0.991316     0.115096
   -0.364121    -0.408833    -0.836823
   -0.929606     0.214533     0.299681
   0.0570069     0.887035    -0.458169
   -0.353388    -0.670212     0.652635
   -0.930882     0.320997     -0.17441
   0.0926026     0.669161     0.737325
   -0.378196    -0.629636     -0.67862
   -0.925143     0.283072     0.252944
   0.0328356     0.723483     -0.68956
   -0.351738    -0.695792     0.626222
   -0.926581     0.353936    -0.127188
    0.133146     0.624982       0.7692
   -0.348819    -0.489535    -0.799175
   -0.931297     0.276534     0.237097
    0.104932     0.826973    -0.552363
   -0.364639    -0.683542     0.632304
   -0.928725      0.31594    -0.194039
   0.0671364      0.65799     0.750028
    0.367446     0.321986     -0.87253
    0.929998    -0.136615     0.341233
 -0.00932848    -0.936836    -0.349645
    0.662652     0.120731    -0.739132
    0.580518    -0.706338     0.405075
   -0.473172    -0.697503    -0.538143
      0.6752    0.0253599    -0.737199
    0.582492    -0.631493     0.511781
   -0.452557    -0.774967    -0.441156
   -0.670193    -0.238567      -0.7028
   -0.623959     0.693868     0.359475
    0.401891     0.679436    -0.613881
   -0.675022     -0.16395    -0.719351
   -0.620676      0.65331     0.433529
    0.398882     0.739125    -0.542758
    0.676979     0.115714    -0.726849
    0.580012    -0.691823     0.430078
   -0.453085    -0.712735    -0.535465
   -0.665476    -0.333469    -0.667787
   -0.656136     0.687863     0.310371
    0.355847     0.644704    -0.676557
   -0.670664    -0.248523    -0.698889
   -0.617163     0.709635     0.339895
    0.411484     0.659284    -0.629306
   -0.661477    -0.345695     -0.66554
    -0.65673     0.695532     0.291447
