   0.0122133    -0.898007     0.439812
   -0.999021   -0.0296594   -0.0328163
   0.0425139    -0.438981     -0.89749
  -0.0251524     -0.88289     0.468906
   -0.998826   0.00276805   -0.0483658
   0.0414037    -0.469572    -0.881923
  -0.0725599    -0.861658     0.502276
    -0.99669     0.044131    -0.068277
   0.0366655    -0.505567    -0.862008
   -0.114803    -0.837269     0.534604
   -0.992481     0.073671   -0.0977492
   0.0424576    -0.541806    -0.839431
   -0.148578     -0.94066     0.305096
   -0.987753      0.12631   -0.0915913
   0.0476197    -0.314968    -0.947907
     0.14123     0.983524    -0.112849
    0.989666    -0.137408    0.0409931
  -0.0248113     0.117472     0.992766
    0.169435     0.447676    -0.877996
    0.985131    -0.102629     0.137781
  -0.0284268    -0.888287    -0.458409
   -0.167379     -0.89215     0.419587
   -0.985165     0.135007    -0.105936
   0.0378637    -0.431094    -0.901512
   -0.169082    -0.839827    -0.515851
   -0.985481     0.135859     0.101829
   0.0154355    -0.525579     0.850605
   -0.168958    -0.877416     0.448992
   -0.984865     0.132424    -0.111828
    0.038662    -0.461091     -0.88651
   -0.165075    -0.805002    -0.569843
   -0.986262     0.138315    0.0903115
 -0.00611683    -0.576923     0.816776
    -0.16174    -0.878081     0.450348
   -0.986533     0.132618    -0.095733
   0.0243372    -0.459767    -0.887706
    0.156589     0.983449   -0.0911478
    0.974454    -0.138792     0.176571
   -0.160998     0.116468     0.980059
   -0.207475    -0.978225   0.00553075
    -0.95761     0.204252     0.203137
    0.199844   -0.0368497     0.979135
   -0.162833    -0.923892    -0.346279
    -0.97108    0.0879563     0.221964
    0.174613    -0.372407     0.911495
   -0.212322    -0.881675    -0.421389
   -0.956502    0.0992284      0.27433
    0.200056    -0.461306     0.864392
    0.243044     0.949866     0.196684
    0.944386    -0.278009     0.175632
   -0.221507    -0.143059     0.964608
    -0.17985    -0.878868    -0.441865
    -0.96704     0.075659     0.243123
    0.180242    -0.471027     0.863508
    0.241171     0.923663    -0.297799
    0.945142    -0.153878     0.288146
   -0.220325     0.350954     0.910103
   -0.216059    -0.881954    -0.418898
   -0.955411     0.102535     0.276904
    0.201265    -0.460047     0.864783
   -0.235278      0.52399    -0.818583
   -0.949161    0.0573516     0.309521
    0.209133     0.849791     0.483857
   -0.259798    -0.836476    -0.482507
   -0.937819    0.0994304     0.332579
    0.230219    -0.538908     0.810295
    0.256296     0.597133    -0.760095
    0.940716    -0.334845    0.0541435
   -0.222183     -0.72891    -0.647553
    0.264666     0.640094    -0.721271
    0.937513    -0.345981    0.0369724
    -0.22588    -0.685986    -0.691666
   -0.184862    -0.886639    -0.423907
   -0.966205    0.0851198     0.243317
    0.179652    -0.454561      0.87241
    0.212778    -0.266875    -0.939948
    0.958161    -0.131496     0.254236
   -0.191449    -0.954718      0.22773
   -0.179542     -0.80868     -0.56018
   -0.969393    0.0485064     0.240675
    0.167456    -0.586246     0.792638
   -0.136676    -0.868884    -0.475773
   -0.979076    0.0453879      0.19837
    0.150766    -0.492931     0.856907
   -0.134324    -0.945619    -0.296245
   -0.978783    0.0799279      0.18867
    0.154731    -0.315303     0.936292
   0.0925046     0.970012    -0.224764
    0.987287   -0.0600514     0.147167
   -0.129257     0.235521     0.963236
   0.0884806     0.995062   -0.0449761
    0.988018   -0.0819429     0.130786
   -0.126455    0.0560092      0.99039
   -0.124102    -0.940307    -0.316895
   -0.980366    0.0668727     0.185501
    0.153236    -0.333694     0.930144
   0.0774199     0.991599     0.103625
    0.989973   -0.0887751     0.109873
   -0.118149   -0.0940796     0.988529
   0.0450206     0.997041    0.0623157
    0.993626    -0.051145     0.100456
   -0.103346   -0.0573959     0.992988
  -0.0319703    -0.999484  -0.00294396
   -0.995328    0.0315685    0.0912488
   0.0911088  -0.00584745     0.995824
 -0.00769603     -0.99911   -0.0414826
    0.997301  -0.00463987   -0.0732722
  -0.0730145    0.0419345    -0.996449
    0.119999     0.992429   -0.0261807
    0.982902    -0.115054      0.14376
   -0.139659    0.0429841     0.989266
   -0.251772    -0.555033    -0.792811
   -0.946058     0.313769    0.0807736
    0.203927     0.770381    -0.604092
   -0.251016    -0.486651    -0.836757
   -0.946033      0.30638     0.105609
    0.204971     0.818109    -0.537294
   -0.232507    -0.302415    -0.924384
   -0.956653     0.242483     0.161295
     0.17537     0.921817    -0.345685
   -0.226856    -0.383504    -0.895244
   -0.958772     0.249473     0.136085
     0.17115     0.889206    -0.424287
    -0.23498    -0.391775    -0.889549
   -0.956044     0.258297     0.138786
    0.175395      0.88306    -0.435249
   -0.205119    -0.332743    -0.920439
   -0.969115     0.200593     0.143451
    0.136901     0.921436    -0.363611
     0.21201     0.167435    -0.962817
    0.967115    -0.177588     0.182074
   -0.140499    -0.969757    -0.199579
   -0.188252    -0.493157    -0.849327
   -0.977313     0.179532     0.112376
   0.0970624     0.851213    -0.515766
   -0.195805    -0.472822    -0.859127
   -0.971867      0.21051     0.105646
    0.130904     0.855643    -0.500739
   -0.176679    -0.578489    -0.796326
   -0.979857     0.179889    0.0867194
    0.093084     0.795607    -0.598619
   -0.163407     -0.39757    -0.902904
   -0.982418     0.149333     0.112043
    0.090288     0.905338    -0.414982
    -0.21757    -0.543391    -0.810796
   -0.966711     0.234573     0.102199
    0.134657     0.806041    -0.576338
   -0.203335    -0.762149     0.614642
   -0.975015     0.214965    -0.055999
    0.089447     0.610671     0.786816
    -0.20527     -0.42456    -0.881824
   -0.975093     0.166059     0.147031
   0.0840116     0.890041    -0.448073
   -0.219647    -0.812555     0.539916
   -0.968041     0.250195   -0.0172804
    0.121043     0.526456     0.841542
   -0.232509    -0.320632    -0.918224
   -0.957757      0.23976     0.158798
    0.169238     0.916357    -0.362834
    0.223195     0.216275    -0.950478
    0.962628    -0.202349     0.180004
   -0.153398    -0.955133    -0.253356
   -0.233961    -0.497001    -0.835615
   -0.953717     0.284314     0.097926
    0.188908     0.819851    -0.540517
   -0.245549     -0.56031    -0.791049
   -0.948537     0.307203    0.0768394
    0.199958     0.769207    -0.606908
    0.212976     0.197283    -0.956933
    0.962197    -0.212518     0.170334
   -0.169761    -0.957035    -0.235087
   -0.183406    -0.915455     0.358196
   -0.981669     0.151341    -0.115853
   0.0518482    -0.372878    -0.926431
    -0.18381    -0.906078       0.3811
   -0.980499     0.141581    -0.136295
   0.0695371    -0.398721    -0.914432
   -0.193661    -0.844187    -0.499844
   -0.976069      0.11442     0.184928
   0.0989217    -0.523695     0.846143
   -0.167223    -0.896595     0.410066
   -0.983708     0.123889    -0.130272
   0.0659983     -0.42517    -0.902704
    0.173323     0.951229    -0.255192
    0.979563    -0.139653     0.144751
   -0.102054     0.275065     0.955994
   -0.135779    -0.962334     0.235538
   -0.986166      0.10846    -0.125354
   0.0950864      -0.2493    -0.963747
   -0.129509     -0.91278     0.387376
   -0.989971     0.096789    -0.102904
   0.0564353    -0.396818    -0.916161
   -0.185245    -0.850319     0.492586
   -0.972467     0.230748    0.0326126
    0.141394     0.472982     0.869652
   -0.145841    -0.764119    -0.628373
   -0.979825     0.023832     0.198431
    0.136649    -0.644635     0.752178
   -0.209526    -0.559283    -0.802061
   -0.968922     0.229062    0.0933883
    0.131492     0.796701    -0.589896
   -0.218053    -0.658897     0.719936
   -0.970105     0.226859   -0.0861993
    0.106528      0.71721     0.688667
    -0.20948    -0.455993    -0.864979
   -0.974366     0.171556     0.145531
   0.0820306     0.873292    -0.480242
    0.208883     0.281165     -0.93665
    0.976567    -0.110707     0.184553
   -0.051804    -0.953252    -0.297702
   -0.209683    -0.291391     -0.93334
    -0.97505     0.133453      0.17739
    0.072867      0.94725    -0.312104
   -0.190834    -0.916169     0.352443
    -0.98089     0.164108    -0.104519
   0.0379188    -0.365653    -0.929978
  -0.0932261    -0.887538     0.451204
   -0.994506    0.0613429   -0.0848172
   0.0476004    -0.456632    -0.888381
  -0.0428493    -0.906669     0.419661
   -0.998259    0.0218113    -0.054804
   0.0405357    -0.421279    -0.906025
   -0.052821    -0.933302     0.355187
   -0.995881    0.0229827   -0.0877107
   0.0736974    -0.358357    -0.930671
  0.00852166    -0.878776     0.477159
   -0.999328   -0.0244968   -0.0272681
   0.0356514    -0.476606    -0.878394
 -0.00811173    -0.811971     0.583641
   -0.998055   -0.0294995   -0.0549117
   0.0618038    -0.582952    -0.810153
   0.0398913    -0.668333     0.742792
   -0.997947   -0.0639281  -0.00392545
   0.0501088     -0.74111    -0.669511
    0.046807    -0.900998     0.431292
   -0.998333    -0.056787   -0.0102853
   0.0337588    -0.430091    -0.902154
  0.00504124    -0.998523   -0.0540997
    0.997154   0.00908907   -0.0748386
  -0.0752198    0.0535685    -0.995727
   0.0405247     0.992192     0.117952
   -0.997983    0.0459669   -0.0437892
   0.0488692     0.115939    -0.992053
   0.0507243      0.96252    -0.266424
    0.993883   -0.0224463     0.108132
  -0.0980991     0.270279     0.957771
   -0.113516    -0.944817    -0.307304
   -0.986635    0.0708058      0.14676
    0.116903    -0.319856     0.940226
   -0.102088    -0.967667     0.230649
   -0.990705    0.0779468    -0.111478
   0.0898954    -0.239885     -0.96663
   -0.130675    -0.478634    -0.868236
   -0.990694    0.0966714    0.0958136
    0.038074     0.872676    -0.486812
   -0.134886    -0.511884    -0.848399
   -0.989997     0.105371    0.0938231
   0.0413701     0.852568    -0.520977
   0.0980526     0.212524    -0.972224
    0.995121   -0.0102005    0.0981321
   0.0109382    -0.977103    -0.212487
   0.0929618     0.262816    -0.960357
    0.995604   -0.0134641     0.092689
   0.0114298    -0.964752    -0.262912
    0.106938     0.169212    -0.979761
    0.994211  -0.00788701     0.107153
   0.0104041    -0.985548    -0.169076
  -0.0689635    -0.551888    -0.831062
   -0.995788   -0.0123642    0.0908436
  -0.0604109     0.833827    -0.548711
   0.0769838    -0.870412    -0.486268
    0.994849    0.0348041    0.0952014
   0.0659403     0.491092    -0.868608
   0.0518744    -0.563455     0.824517
    0.992045   -0.0657484    -0.107345
    0.114695     0.823527     0.555562
  -0.0698351      0.32396     -0.94349
   -0.995816   -0.0785126    0.0467498
  -0.0589307     0.942807     0.328088
  -0.0507387    -0.775416     0.629409
   -0.992473   -0.0311865    -0.118427
    -0.11146     0.630681     0.767997
  -0.0558032     0.335166    -0.940505
   -0.993637    -0.110946    0.0194179
  -0.0978374     0.935604     0.339225
   0.0779798     -0.89927     0.430386
    0.993756    0.0355606    -0.105752
   0.0797952     0.435945     0.896429
   0.0533992    -0.544614     0.836985
    0.991723   -0.0690873    -0.108225
    0.116766     0.835837     0.536417
  -0.0600965    -0.827066     0.558883
   -0.990457   -0.0201629    -0.136342
   -0.124032     0.561743     0.817961
    0.103767     0.976266     0.190099
    0.991892    -0.087476   -0.0921908
   0.0733736    -0.198124     0.977427
    0.125918     0.976591     0.174395
    0.991797    -0.120028   -0.0439644
    0.022003    -0.178501     0.983694
   -0.142265    -0.914115     0.379678
   -0.989562      0.12245   -0.0759776
  -0.0229607     0.386524     0.921994
   -0.161085    -0.623124    -0.765355
   -0.986216     0.131328     0.100648
   0.0377966     0.771019     -0.63569
    0.152245     0.256137    -0.954576
    0.987338    -0.082952     0.135213
   -0.044551    -0.963075    -0.265523
    -0.17508    -0.389572    -0.904202
   -0.983946     0.101522      0.14678
   0.0346151     0.915383    -0.401092
   0.0531594     0.224403    -0.973045
    0.989326      0.12056    0.0818524
    0.135679     -0.96701    -0.215599
  -0.0423477    -0.734969     0.676777
   -0.986714     0.137108    0.0871555
   -0.156848    -0.664095     -0.73101
  -0.0404168     0.389453    -0.920159
   -0.982487    -0.183137   -0.0343575
   -0.181896     0.902656     0.390034
   0.0512776    -0.208062    -0.976771
    0.983978     0.177754    0.0137927
    0.170755    -0.961828     0.213843
   0.0215485    -0.720514     0.693105
    0.981305    -0.117374    -0.152524
    0.191248     0.683434     0.704515
   0.0450657     0.998472   -0.0319688
    0.976033    -0.050828    -0.211603
    0.212905    0.0216666     0.976833
   0.0232382     0.998022    0.0584191
    0.974589  -0.00959287    -0.223793
     0.22279   -0.0621352     0.972884
   0.0354268     0.990438    -0.133329
    0.969363   -0.0665043     -0.23646
    0.243066     0.120867      0.96245
   0.0594056    -0.259207    -0.963993
    0.977835     0.209338   0.00396987
    0.200771    -0.942862     0.265898
   0.0537709     0.982719    -0.177123
    0.970998   -0.0928405    -0.220325
    0.232962     0.160139      0.95921
  -0.0578562    -0.367547     0.928204
   -0.973068     0.228576     0.029858
   -0.223139    -0.901478    -0.370872
  0.00321045    -0.997773   -0.0666298
    0.972879   -0.0122946     0.230987
    0.231291    0.0655643    -0.970673
  -0.0168452    -0.993453     -0.11299
    -0.96842    0.0443258    -0.245353
   -0.248755    -0.105289     0.962827
 -0.00908239    -0.993777    -0.111017
    0.966727   -0.0371099     0.253105
     0.25565     0.105024    -0.961048
  -0.0138762    -0.965864    -0.258678
    0.971358   -0.0743951     0.225674
    0.237214     0.248138    -0.939232
  0.00747218    -0.499059     0.866536
    0.980194    -0.167838    -0.105114
    0.197896     0.850159     0.487921
 0.000107392    -0.713713     0.700438
    0.978726    -0.143635    -0.146508
    0.205172     0.685553     0.698514
   0.0162132     0.996758    0.0788135
    0.985915  -0.00281437    -0.167225
    0.166461   -0.0804147     0.982764
  -0.0254803    -0.999657   0.00611313
   -0.986396     0.024148    -0.162603
     -0.1624    0.0101732     0.986673
  -0.0149937    0.0227979    -0.999628
   -0.985937    -0.166758    0.0109851
   -0.166446     0.985734    0.0249776
   0.0251701    -0.786423     0.617175
   -0.971439     0.126475     0.200776
   -0.235952    -0.604602    -0.760778
    0.014663     0.997319    0.0716985
    0.975875   0.00134803    -0.218326
    0.217837   -0.0731701     0.973239
 -0.00404248    -0.936172    -0.351518
    0.973594   -0.0839199     0.212301
     0.22825     0.341378    -0.911791
   0.0345671    -0.756937     0.652573
    0.980081      -0.1021    -0.170344
    0.195568     0.645463      0.73833
   0.0542282    -0.801887      0.59501
     0.98068   -0.0693927    -0.182897
    0.187952     0.593433     0.782631
   0.0152357    -0.814271     0.580285
    0.979551    -0.104289    -0.172059
     0.20062      0.57104     0.796031
   0.0760975    -0.868119     0.490489
    0.984486   -0.0125841    -0.175012
    0.158104     0.496197     0.853693
   0.0470137    -0.907915    -0.416509
    0.984064   -0.0294869     0.175353
    0.171487     0.418115     -0.89206
   0.0957831     0.976643     0.192337
    0.988415   -0.0704639    -0.134427
    0.117735    -0.202985     0.972078
   0.0810724     0.974728    -0.208165
    0.983092    -0.112606    -0.144396
    0.164187     0.192939     0.967376
   -0.112212    -0.907948      0.40378
   -0.985499    0.0496372    -0.162259
    -0.12728     0.416132     0.900352
    -0.11783    -0.939029     0.323018
   -0.986279     0.148539    0.0720376
   -0.115626    -0.310097    -0.943647
  -0.0187458    -0.968374    -0.248799
   -0.984204    0.0616872    -0.165943
   -0.176043    -0.241758     0.954234
   0.0842704     0.990408    -0.109503
    0.989692   -0.0959628    -0.106304
    0.115793    0.0994155     0.988286
-0.000625355     -0.84237     0.538899
    0.979116    -0.110074    -0.170924
      0.2033     0.527538     0.824847
  -0.0228364    -0.986169    -0.164163
    0.970954   -0.0609974     0.231359
    0.238173     0.154111    -0.958918
   0.0209685     0.993678     0.110288
   -0.971605  -0.00575086      0.23654
   -0.235679     0.112117    -0.965342
   0.0360079    -0.969734    -0.241496
   -0.966513    0.0276464    -0.255125
    -0.25408    -0.242595     0.936264
   0.0270211     0.999339    0.0243347
    -0.96608     0.019852     0.257479
   -0.256825    0.0304666    -0.965978
   0.0354137    -0.890519     0.453567
   -0.968317    0.0816862     0.235985
   -0.247199    -0.447553    -0.859412
   -0.146881    -0.917188     0.370395
   -0.986732      0.16205   0.00998465
  -0.0691804    -0.364014    -0.928821
   -0.156123    -0.849721    -0.503586
    -0.98472     0.173719    0.0121623
  -0.0771479     -0.49779     0.863859
    0.173684    -0.642806    -0.746079
    0.984235     0.138988     0.109376
   0.0333881    -0.753315     0.656812
   -0.161401    -0.853215     0.495958
   -0.986139     0.159025   -0.0473448
  -0.0384744    -0.496725    -0.867055
    0.170765     0.687343     0.705973
    0.984605   -0.0918982     -0.14869
   0.0373231    -0.720496     0.692454
   -0.194625    -0.933914    -0.299875
    -0.98085     0.183007    0.0666434
  0.00735996    -0.307103     0.951648
    0.197702     0.183399    -0.962953
    0.980215   -0.0466371     0.192364
 -0.00962992    -0.981932    -0.188991
   -0.164507    -0.860084     0.482901
   -0.986268     0.150675   -0.0676215
  -0.0146008    -0.487393     -0.87306
   -0.189123    -0.547041    -0.815462
   -0.981707     0.123925     0.144545
   0.0219839     0.827882    -0.560471
   -0.166828    -0.868468     0.466831
   -0.985726     0.136024   -0.0992087
  -0.0226592     0.476718     0.878764
    0.115037       0.7644     0.634396
    0.990166   -0.0370574    -0.134899
   0.0796076    -0.643676     0.761146
    0.137824     0.696336     0.704358
    0.987083   -0.0379174     -0.15566
   0.0816843    -0.716714     0.692567
   -0.163858     -0.80759     0.566523
   -0.986357     0.143354   -0.0809346
  -0.0158513    -0.572056    -0.820062
   -0.158318    -0.920919     0.356152
   -0.986259     0.164739   -0.0124427
  -0.0472134    -0.353228    -0.934345
    -0.15538    -0.809937     0.565561
   -0.986335      0.15894   -0.0433639
  -0.0547684    -0.564571    -0.823566
   -0.141744    -0.922022     0.360255
   -0.987333     0.157888     0.015622
  -0.0712837    -0.353477    -0.932723
   -0.142171    -0.868951     0.474038
   -0.986778     0.162072   0.00114105
  -0.0778198    -0.467608    -0.880504
   -0.117207    -0.892559     0.435433
   -0.988191     0.148394    0.0381863
   -0.098699    -0.425815    -0.899411
   -0.114087    -0.903206     0.413767
   -0.989111     0.142242    0.0377725
  -0.0929715    -0.404952    -0.909599
   -0.120788    -0.880003     0.459352
   -0.987412     0.154111    0.0355954
   -0.102115     -0.44927    -0.887541
  -0.0841723    -0.923562     0.374097
   -0.986623     0.129846     0.098569
    -0.13961    -0.360796    -0.922136
  -0.0587076    -0.933308     0.354245
    -0.98302     0.115848     0.142307
   -0.173855    -0.339875    -0.924262
   -0.059123     -0.92482     0.375783
   -0.985849     0.113247     0.123599
   -0.156863    -0.363158    -0.918428
  -0.0257237    -0.850783     0.524887
   -0.978564     0.128752     0.160735
   -0.204331    -0.509501    -0.835857
  -0.0219506    -0.965499    -0.259479
   -0.982591    0.0687262    -0.172602
    -0.18448    -0.251173       0.9502
 -0.00261406    -0.901434    -0.432909
   -0.979927    0.0886052    -0.178583
   -0.199338    -0.423753     0.883571
   0.0112699    -0.814802     0.579629
   -0.974568     0.120792      0.18875
   -0.223809    -0.567015    -0.792719
  -0.0230929    -0.905641     0.423415
   -0.986729    0.0887363     0.135982
   -0.160723    -0.414656    -0.895672
  0.00837711    -0.901918     0.431826
   -0.984865    0.0673226     0.159716
   -0.173123    -0.426629    -0.887703
 -0.00118361    -0.990682    -0.136192
   -0.987403    0.0227066     -0.15659
   -0.158224    -0.134291     0.978229
  -0.0450191    -0.948293     0.314187
   -0.986268    0.0922155     0.137009
   -0.158898    -0.303704    -0.939423
  -0.0743142    -0.945676     0.316505
   -0.985855     0.117478     0.119534
   -0.150223    -0.303145    -0.941029
  -0.0899897    -0.950367     0.297834
   -0.984595    0.0398782    -0.170244
   -0.149918     0.308566     0.939315
   -0.109399    -0.885452      0.45167
   -0.984781     0.158286    0.0717793
    -0.13505    -0.436943    -0.889293
  -0.0932602    -0.964945     0.245323
   -0.986773     0.122395     0.106298
   -0.132598    -0.232165    -0.963596
   0.0580668    -0.734418     0.676209
    0.986441   -0.0619411     -0.15198
    0.153502     0.675865     0.720863
 -0.00635842    -0.818137     0.574988
   -0.988412    0.0923475     0.120469
   -0.151659    -0.567559    -0.809244
    0.449402     0.278138    -0.848927
    0.883738    -0.277298     0.376978
   -0.130553    -0.919644    -0.370419
   -0.516316    -0.637566     0.571775
   -0.850859      0.45771    -0.257955
   0.0972434     0.619686     0.778802
   -0.493182     -0.39222    -0.776489
   -0.866841     0.296671     0.400715
   0.0731931     0.870718    -0.486305
    0.540723     0.733882    -0.411139
    0.838513    -0.431195     0.333116
  -0.0671867     0.524869     0.848527
    0.562002     0.818147     0.121612
    0.822695    -0.568125    0.0201658
  -0.0855893   -0.0887164     0.992373
   -0.508905     -0.67892     0.529229
   -0.859119     0.439231    -0.262661
   0.0541285      0.58834       0.8068
    0.555041     0.791782    -0.254972
    0.828403    -0.498385     0.255657
  -0.0753501      0.35312     0.932539
      0.5273     0.288627    -0.799155
    0.847452    -0.246706     0.470066
  -0.0614822    -0.925111    -0.374686
   -0.524147    -0.634641     0.567891
   -0.847073     0.457382    -0.270682
   0.0879569     0.622923     0.777323
    0.566622     0.684403    -0.458838
     0.81827     -0.40195     0.410938
  -0.0968172       0.6083      0.78778
   -0.532005     -0.60605     0.591333
   -0.838869     0.472244    -0.270709
     0.11519     0.640069     0.759633
    0.548302     0.709956     0.441958
    0.826014    -0.542317    -0.153597
   -0.130634    -0.449281     0.883788
    0.511774     0.845268     0.153652
    0.857787    -0.512702    -0.036588
   -0.047851    -0.150525     0.987447
   -0.504263    -0.743417     0.439374
   -0.860569     0.474855    -0.184211
    0.071694     0.471003     0.879214
   -0.487754    -0.374484    -0.788579
   -0.871547     0.260646     0.415295
   0.0500191     0.889845    -0.453512
    0.487412    -0.300735    -0.819749
    0.872561     0.132625     0.470158
  -0.0326739    -0.944441     0.327053
    -0.47685    -0.272148    -0.835793
   -0.878038     0.191607     0.438562
   0.0407903     0.942986    -0.330324
    0.448532    -0.115024    -0.886334
    0.893001    0.0166277     0.449748
  -0.0369941    -0.993224     0.110175
    0.413986   -0.0619687    -0.908171
    0.909146   -0.0217082     0.415912
  -0.0454883    -0.997842    0.0473517
    0.463074     0.848027    -0.257707
    0.884339    -0.422652     0.198265
  -0.0592138     0.319712     0.945663
    0.383011    -0.206703     -0.90032
    0.920549   0.00441816     0.390602
  -0.0767608    -0.978394     0.191972
   -0.379307    -0.357114    -0.853578
   -0.924532     0.183148     0.334212
   0.0369794     0.915929    -0.399632
   -0.349301      0.34819    -0.869915
    -0.93526   -0.0728363     0.346386
   0.0572468      0.93459      0.35109
    0.311793    -0.426141    -0.849229
    0.948917    0.0941318     0.301158
  -0.0483965    -0.899746     0.433722
    0.422097    -0.209507     -0.88201
    0.902172   0.00156421     0.431374
  -0.0889961    -0.977806     0.189671
    -0.51906    -0.538722    -0.663593
   -0.837038     0.477556     0.267035
    0.173045      0.69406    -0.698811
   -0.498839      -0.5007    -0.707431
   -0.852138     0.432315     0.294898
    0.158178     0.749935    -0.642321
    0.466215      0.88298   -0.0546766
    0.863146    -0.440451     0.246947
   -0.193967     0.162324     0.967485
     0.48385     0.701142     0.523726
    0.846053    -0.527789   -0.0750527
   -0.223794    -0.479414     0.848574
    0.446524      0.19306    -0.873696
    0.878252    -0.281329     0.386688
   -0.171142     -0.93999    -0.295175
    0.428134    -0.205864    -0.879956
    0.871426    -0.163912     0.462331
   -0.239412    -0.964755     0.109219
    0.407243     0.158129    -0.899527
    0.888013    -0.298798     0.349504
    -0.21351    -0.941124    -0.262104
    0.374684    -0.260993     -0.88966
    0.892927     -0.15673     0.422039
   -0.249586    -0.952533     0.174323
   -0.452349    -0.891812   0.00711004
   -0.849583     0.433327     0.300726
    0.271272    -0.129993     0.953684
    0.398485     0.112497     -0.91025
    0.870361      -0.3594     0.336605
   -0.289277    -0.926378    -0.241128
   -0.426378      0.33931    -0.838493
   -0.847979     0.172723     0.501097
    0.314854     0.924681     0.214083
    0.382507    -0.234835    -0.893611
    0.904994   -0.0996934     0.413578
    -0.18621    -0.966909     0.174391
   -0.352245     0.393656    -0.849093
    -0.91044     0.066076     0.408329
    0.216846      0.91688     0.335125
    0.340114    0.0547183    -0.938791
    0.922761    -0.211783     0.321962
   -0.181203    -0.975784    -0.122522
    -0.38349     0.437969    -0.813092
   -0.911139      -0.0356     0.410558
    0.150866     0.898285     0.412703
    0.424308    -0.117534    -0.897858
    0.893825    -0.104468     0.436078
   -0.145051    -0.987559     0.060728
    0.420572     0.266342    -0.867284
    0.899755    -0.245137     0.361038
   -0.116444    -0.932186     -0.34274
   -0.469403    -0.676929     0.566945
   -0.876208     0.436495    -0.204285
    0.109183     0.592654     0.798023
   -0.484224    -0.601747     -0.63516
   -0.865375     0.436457     0.246235
    0.129048     0.668884    -0.732079
    0.464451     0.315532    -0.827481
    0.882113    -0.247648     0.400683
  -0.0784954    -0.916029    -0.393355
   -0.345188    -0.545757    -0.763541
    -0.93371     0.282072     0.220502
   0.0950332      0.78904    -0.606947
   -0.371106    -0.461921    -0.805549
   -0.923169     0.277132     0.266377
    0.100198     0.842512    -0.529277
   -0.367345    -0.793365    -0.485416
   -0.923976      0.25157     0.288064
    0.106424    -0.554332     0.825464
   -0.412113    -0.646447    -0.642082
   -0.907072      0.22463     0.356037
   0.0859283    -0.729142     0.678946
    0.406591     0.276468    -0.870775
    0.909272    -0.215228     0.356233
   -0.088928    -0.936612    -0.338894
    0.413343     0.836731    -0.359206
    0.905825    -0.337596     0.255949
   -0.092894     0.431173     0.897475
   -0.438165    -0.580439    -0.686369
   -0.896467     0.338249     0.286243
   0.0660169     0.740728    -0.668553
   -0.442837    -0.711603      0.54545
   -0.894085     0.396031    -0.209217
    0.067136     0.580328     0.811611
     0.46133      0.13843    -0.876363
    0.885788    -0.128119     0.446054
  -0.0505315     -0.98205    -0.181725
   -0.429827    -0.443596     -0.78643
   -0.900044     0.279859     0.334066
    0.071899     0.851412    -0.519547
   -0.447381    -0.220298    -0.866787
   -0.892507     0.172052     0.416928
   0.0572838     0.960139    -0.273591
   -0.444613    -0.386431    -0.808078
   -0.893791     0.250611     0.371929
   0.0587885     0.887618    -0.456813
     0.44989     0.213284    -0.867242
    0.889989    -0.187851     0.415491
  -0.0742946    -0.958761    -0.274333
    0.471056     0.253558    -0.844875
    0.880785    -0.187536     0.434796
  -0.0481984    -0.948967     -0.31167
    0.410055    0.0830685     -0.90827
    0.905614    -0.155275     0.394654
   -0.108249    -0.984372    -0.138899
   -0.371517     0.603686    -0.705364
   -0.918109    -0.125937     0.375788
    0.138027     0.787212     0.601037
     0.36854     0.867773    -0.333389
    0.921621    -0.294145     0.253165
   -0.121625      0.40056     0.908163
    0.330808     0.881299     0.337458
    0.933812    -0.357323    0.0177709
   -0.136243    -0.309243     0.941173
    0.331355    -0.452945    -0.827674
     0.92994   0.00856326     0.367611
    -0.15942    -0.891497      0.42405
   -0.337776    -0.767071     0.545445
     -0.9343     0.343427   -0.0956114
     0.11398     0.541904     0.832675
   -0.436816    -0.741799     0.508848
   -0.897634     0.396355    -0.192758
   0.0586967     0.540959     0.838998
   -0.442588    -0.681083     0.583303
   -0.895198     0.373525    -0.243103
   0.0523048     0.629766     0.775022
   -0.392564    -0.404625    -0.825937
   -0.917431     0.235659     0.320601
   0.0649163     0.883597    -0.463727
   -0.390249    -0.473007    -0.789918
   -0.917581     0.270466     0.291364
   0.0758286     0.838518    -0.539571
   -0.414304    -0.567171    -0.711807
   -0.908699     0.301742     0.288475
   0.0511677     0.766335    -0.640401
   -0.337652     -0.31326    -0.887615
   -0.937244     0.199024     0.286291
   0.0869734     0.928578    -0.360802
   -0.338334    -0.847275     0.409458
    -0.93912     0.331689   -0.0896417
   0.0598613     0.414859     0.907915
     0.25438    0.0735507    -0.964303
    0.963897    -0.100424     0.246614
   -0.078701    -0.992222   -0.0964413
   -0.343392    -0.605322    -0.718099
   -0.933948     0.300775     0.193072
   0.0991154     0.736966    -0.668623
   -0.275258    -0.432847    -0.858415
   -0.955471     0.221936     0.194471
    0.106337     0.873721    -0.474662
    0.262474     0.650855     0.712386
    0.955939    -0.275987    -0.100061
   -0.131484    -0.707261     0.694617
   -0.348136    -0.622115    -0.701266
   -0.936339     0.267075     0.227904
   0.0455084     0.735964    -0.675489
   -0.281411    -0.602253     -0.74706
   -0.957952     0.221745      0.18209
   0.0559927      0.76689    -0.639331
    0.433317     0.297492    -0.850726
    0.900168    -0.188923     0.392435
  -0.0439755    -0.935845    -0.349656
   -0.464244    -0.316183    -0.827349
   -0.884787     0.208127     0.416935
   0.0403663     0.925587    -0.376376
   -0.449729    -0.544369      -0.7081
   -0.892074     0.312941     0.325994
    0.044132     0.778287    -0.626356
    0.423878    -0.132019    -0.896046
    0.837583    -0.319323      0.44327
   -0.344648    -0.938405   -0.0247772
    0.386409    0.0836148     -0.91853
    0.867373    -0.371564     0.331065
    -0.31361    -0.924635    -0.216101
   -0.391482     0.575871    -0.717715
   -0.859355    0.0500775     0.508921
    0.329014     0.816005     0.475273
    -0.42382    -0.905335   -0.0273103
   -0.829171     0.375678     0.413935
     0.36449    -0.198079     0.909897
   -0.362601     0.640289    -0.677164
   -0.888156   -0.0173074     0.459216
    0.282311     0.767939     0.574952
   -0.408733    -0.704148    -0.580615
   -0.850963    0.0641102     0.521298
    0.329848    -0.707153     0.625408
    0.377651     0.894496    -0.239284
    0.884145    -0.271581     0.380173
   -0.275078     0.355134     0.893427
    -0.41248     0.589093    -0.694859
   -0.876493   -0.0487927     0.478935
    0.248233     0.806591     0.536462
   -0.438154    -0.768904    -0.465626
   -0.816615     0.123974     0.563711
    0.375714    -0.627229     0.682219
    0.443233    -0.113044     -0.88925
    0.837793    -0.300588     0.455796
   -0.318823    -0.947031   -0.0385231
   -0.472838     -0.26392    -0.840697
    -0.80184     0.524465     0.286338
    0.365345     0.809496    -0.459608
   -0.352781    -0.871578    -0.340436
   -0.911486     0.237854     0.335588
    0.211517    -0.428692     0.878342
    0.397113     0.915378   -0.0662123
     0.90289    -0.376717     0.207061
   -0.164596     0.142009     0.976085
    0.378219     0.925098    0.0338149
    0.920672    -0.379715    0.0904425
  -0.0965083   0.00307463     0.995327
   -0.346592    -0.862313    -0.369176
   -0.926026     0.251822     0.281177
    0.149496    -0.439321     0.885804
    0.330845    -0.222653    -0.917043
    0.913638    -0.167689     0.370331
   -0.236234    -0.960368     0.147945
   -0.317601    -0.408245    -0.855842
   -0.929461     0.312698     0.195761
    0.187702     0.857645    -0.478761
    0.332687     0.141113     -0.93242
    0.913916    -0.292061     0.281884
   -0.232546    -0.945932     -0.22613
    0.360759     0.105716    -0.926648
    0.891425    -0.331242     0.309257
   -0.274252    -0.937605    -0.213737
   -0.316722    -0.674722     0.666662
   -0.928741     0.363377   -0.0734618
    0.192683     0.642423     0.741731
   -0.493627    -0.211104    -0.843663
   -0.797291      0.49732     0.342053
    0.347362     0.841491    -0.413802
   -0.474088    -0.322252    -0.819386
    -0.83885     0.448074     0.309129
    0.267528     0.833897    -0.482747
    -0.49524    -0.335815    -0.801228
   -0.838415     0.426358     0.339528
    0.227591     0.839909    -0.492702
    0.496845     0.204395    -0.843426
      0.8028    -0.477393     0.357223
   -0.329631    -0.854587    -0.401278
   -0.491833    -0.249501    -0.834176
   -0.859986     0.288964     0.420623
    0.136101     0.924256    -0.356689
    0.489419     0.088023    -0.867595
    0.842598    -0.304103     0.444465
   -0.224715    -0.948564    -0.223002
   -0.481851    -0.496893    -0.721745
    -0.86802     0.383316     0.315609
    0.119833     0.778567    -0.616015
   -0.476046    -0.799769    -0.365719
   -0.871094     0.371739     0.320944
    0.120729     -0.47136     0.873639
    0.486621     0.870216   -0.0769631
    0.818509    -0.423361     0.388341
   -0.305358      0.25197     0.918296
   -0.471696    -0.810064     -0.34828
   -0.855253     0.324192      0.40428
    0.214583    -0.488565      0.84573
     0.46316     0.883858   -0.0654057
    0.831415    -0.407745     0.377482
   -0.306971     0.229214     0.923704
     -0.4858    -0.702106     -0.52062
   -0.873487     0.368208     0.318503
   0.0319261    -0.609483     0.792156
   -0.469408    -0.774588    -0.423874
   -0.882869     0.404083     0.239287
   0.0140687    -0.486549      0.87354
   -0.449828    -0.706847    -0.545914
   -0.890221     0.404027     0.210402
  -0.0718415    -0.580629     0.810993
   -0.464785     0.496153    -0.733353
   -0.882142    -0.330721     0.335333
  -0.0761585      0.80278     0.591392
   -0.474558    -0.406254    -0.780866
   -0.879101     0.263539      0.39715
   0.0444444     0.874931    -0.482203
   -0.467411    -0.602634    -0.646807
   -0.883994     0.311135     0.348926
 -0.00902989     0.734866    -0.678153
    0.439421     0.871038     0.219548
    0.892159    -0.451676   0.00635004
   -0.104696    -0.193082     0.975581
   -0.449645    -0.346903     -0.82309
   -0.872001     0.370091     0.320385
    0.193476     0.861795    -0.468909
    0.421092     0.887826    -0.185597
      0.9064    -0.404346     0.122247
   -0.033489     0.219702     0.974992
    0.455539     -0.59671    -0.660622
    0.862206     0.480427     0.160596
    0.221551     -0.64275      0.73334
   -0.459347     0.533091    -0.710502
   -0.860149    -0.466584     0.206017
   -0.221683     0.705771     0.672862
   -0.446458     0.612496    -0.652322
   -0.868898    -0.470903     0.152533
   -0.213754     0.634901     0.742435
   -0.450777    -0.661537    -0.599307
   -0.870364      0.47478     0.130576
   -0.198158    -0.580476     0.789798
   -0.475974     -0.73485    -0.483161
   -0.851647     0.522202    0.0447488
   -0.219424    -0.432782     0.874387
   -0.447029      0.40829    -0.795905
   -0.879672    -0.362094     0.308328
   -0.162305     0.837966     0.521028
   -0.437067     0.620344    -0.651265
   -0.886094    -0.421202     0.193459
   -0.154303     0.661636     0.733777
   -0.426698    -0.819843    -0.381819
    -0.89904     0.430388    0.0805822
  -0.0982655    -0.377655     0.920718
    0.394222     0.896813    -0.200786
    0.918265    -0.393208    0.0466495
   0.0371146     0.202765     0.978524
    0.459445     0.847849    -0.264694
    0.869337    -0.490353   -0.0617012
    0.182107      0.20176     0.962356
    0.405368     0.907324    -0.111529
    0.909987    -0.412142   -0.0454244
   0.0871806    0.0830767     0.992722
   -0.432955    -0.901415   0.00058242
   -0.893387     0.429013    -0.133449
   -0.120043    0.0582976     0.991056
    0.411738     0.878386     0.242711
    0.910774    -0.387567     -0.14242
   0.0310324    -0.279695     0.959587
    0.383575     0.909164    -0.162144
    0.922904    -0.371008     0.102964
  -0.0334543     0.189137     0.981381
   -0.447046     0.591947    -0.670633
    -0.88923    -0.375431     0.261382
  -0.0970521     0.713197     0.694212
   -0.450882     0.493267    -0.743904
   -0.883561    -0.364853     0.293602
   -0.126591     0.789664     0.600337
   -0.442268    -0.697421    -0.563917
   -0.878133     0.464612     0.114096
    -0.18243    -0.545655     0.817912
   -0.434922     0.484405    -0.759075
    -0.88135    -0.401782     0.248583
   -0.184568     0.777125     0.601674
   -0.445181    -0.646381    -0.619682
   -0.885798     0.419184     0.199115
   -0.131056    -0.637555     0.759176
    0.435109    -0.491067    -0.754675
    0.873946     0.431941     0.222812
     0.21656    -0.756492     0.617107
    0.385948    -0.173251    -0.906106
    0.921804      0.11114     0.371384
    0.036362    -0.978587     0.202598
    -0.36414    -0.786325     0.499095
   -0.931259     0.300153    -0.206556
   -0.012615     0.540001      0.84157
   -0.334124    -0.551985    -0.763985
   -0.940841     0.243813     0.235314
   0.0563795     0.797413    -0.600794
   -0.356875    -0.663065     0.658016
   -0.933813     0.272185    -0.232181
   0.0251511     0.697324     0.716315
   -0.319724    -0.284396    -0.903823
   -0.942774     0.190749     0.273481
   0.0946267     0.939539    -0.329108
    0.321891     0.220285    -0.920794
    0.941717    -0.174911      0.28736
  -0.0977561    -0.959625    -0.263749
   -0.313431    -0.678907     0.663962
   -0.941195     0.314974    -0.122238
    0.126142     0.663232     0.737707
   -0.333492     0.571125    -0.750066
   -0.939837    -0.138884     0.312117
   0.0740853     0.809029     0.583081
    0.312072      0.21019    -0.926515
    0.936776    -0.230578     0.263219
   -0.158308    -0.950081    -0.268858
   -0.316164     -0.42592    -0.847722
   -0.937928     0.274627     0.211827
    0.142586     0.862074     -0.48631
    0.341817     0.935045     0.094082
    0.934725    -0.348631    0.0688839
  -0.0972095   -0.0643951     0.993179
    0.346724     -0.15471     -0.92512
    0.937394    0.0226581     0.347534
  -0.0328056      -0.9877      0.15288
    0.676964     0.079405     -0.73172
    0.561114    -0.699048     0.443265
    -0.47631    -0.710653    -0.517785
    -0.68195    -0.492855    -0.540406
   -0.575014     0.817892   -0.0203021
       0.452     0.296896    -0.841159
   -0.678287    -0.383105    -0.627022
   -0.618175     0.758813     0.205089
    0.397222     0.526719     -0.75152
    0.681074     0.192828    -0.706368
    0.625051     -0.65558     0.423706
   -0.381378    -0.730091    -0.567026
     0.69094     0.709644    -0.137866
    0.583669    -0.435095     0.685582
   -0.426535     0.554164     0.714822
   -0.670053    -0.575932     0.468329
   -0.667587     0.743406   -0.0409286
    0.324586     0.340075     0.882606
    0.678721     0.213162     -0.70278
    0.629405     -0.66191     0.407093
     -0.3784    -0.718636    -0.583417
   -0.664972    -0.359601    -0.654598
   -0.671372       0.6718     0.312961
