  -0.0286079    -0.818416     0.573913
   -0.996525   -0.0215811    -0.080449
   0.0782265     -0.57422    -0.814955
  -0.0534835    -0.856977     0.512572
   -0.996662    0.0141032   -0.0804156
   0.0616854    -0.515162     -0.85487
   -0.088239    -0.861564     0.499922
   -0.995076    0.0534972   -0.0834396
   0.0451441    -0.504823    -0.862042
   -0.105613    -0.906218     0.409407
   -0.993395    0.0775796   -0.0845411
   0.0448511    -0.415631    -0.908427
   -0.122276    -0.929584     0.347738
   -0.991698      0.10038   -0.0803724
   0.0398068    -0.354679     -0.93414
   -0.121071    -0.904986     0.407852
   -0.992366     0.100626   -0.0713037
   0.0234883    -0.413371     -0.91026
   -0.132208    -0.890877     0.434579
   -0.991092     0.111719   -0.0724889
   0.0160281    -0.440292    -0.897712
   -0.128266    -0.890397     0.436739
   -0.991305     0.102076   -0.0830307
   0.0293495    -0.443592    -0.895748
   -0.127999    -0.847049     0.515872
   -0.991743     0.105213   -0.0733158
   0.0078258    -0.520997    -0.853523
   -0.127096    -0.901279     0.414178
   -0.991448     0.102958   -0.0801936
   0.0296336    -0.420828    -0.906656
   -0.120579    -0.883711    -0.452235
   -0.992701      0.10633    0.0569028
  0.00219929    -0.455796     0.890082
   -0.110154    -0.850039     0.515073
   -0.993733    0.0842999   -0.0733983
   0.0189707    -0.519931    -0.853998
    0.148529     0.960635     0.234777
    0.972884     -0.18451     0.139474
   -0.177302    -0.207695     0.961991
   -0.174981    -0.798176     0.576452
   -0.965301     0.254348    0.0591627
    0.193842     0.546098     0.814986
   -0.154471     -0.91572      0.37094
   -0.971328      0.20943     0.112517
     0.18072     0.342923     0.921815
   -0.178066    -0.692486    -0.699111
   -0.964855   -0.0166597     0.262254
    0.193254    -0.721239     0.665182
    -0.19963    -0.807579    -0.554944
   -0.958274    0.0426521     0.282651
    0.204594    -0.588214     0.782397
    0.151629     0.219549    -0.963746
    0.972017    -0.210107     0.105066
   -0.179423    -0.952708    -0.245264
   -0.197443    -0.758482    -0.621065
   -0.960701    0.0236135     0.276579
    0.195114    -0.651266     0.733337
    0.176297     0.676697    -0.714844
    0.967245    0.0156518     0.253361
   -0.182637     0.736096     0.651772
    -0.19199     0.630037    -0.752458
   -0.964429    0.0208325     0.263518
    0.181702     0.776286     0.603626
   -0.214448     -0.79905    -0.561722
   -0.955067     0.051079     0.291955
    0.204595    -0.599092       0.7741
    0.207001    -0.596913    -0.775142
    0.959551   -0.0306622      0.27986
    -0.19082     -0.80172     0.566421
    0.219135     0.683804    -0.695983
    0.955446  -0.00582198     0.295109
   -0.197745     0.729642     0.654614
   -0.150637     0.426249    -0.891976
   -0.974307    0.0888052     0.206978
    0.167436     0.900237      0.40192
   -0.173541    -0.858174    -0.483136
   -0.970838    0.0666813     0.230278
    0.165402    -0.509009      0.84472
   -0.155426    -0.923803    -0.349901
   -0.977324    0.0922382     0.190603
    0.143805    -0.371591     0.917191
    -0.12911    -0.874795     0.466974
   -0.981496     0.045581    -0.185979
    0.141409    -0.482344    -0.864493
    0.123908     0.986435    -0.107668
    0.979773     -0.10444     0.170694
   -0.157134     0.126641     0.979424
  -0.0947302    -0.865316     0.492194
   -0.987488     0.019066    -0.156537
     0.12607    -0.500865    -0.856295
   -0.087147    -0.854445      0.51218
   -0.986064     0.147125    0.0776639
    0.141714     0.498274     0.855359
    -0.12456     -0.78511     0.606702
   -0.978302     0.199208    0.0569361
    0.165561     0.586446     0.792888
  -0.0815238    -0.351403    -0.932668
   -0.986118      0.16426    0.0243073
    0.144659     0.921702    -0.359915
  -0.0570324     -0.89176       0.4489
    -0.99233   0.00124139    -0.123609
    0.109672    -0.452506    -0.884991
   0.0495201    -0.610512     0.790457
    0.990643     0.130802    0.0389639
   -0.127181     0.781131     0.611277
  -0.0186614    -0.904996    -0.425011
   -0.995422   -0.0230348    0.0927562
    0.093734    -0.424797     0.900423
   -0.120903    -0.756686     0.642502
   -0.979098     0.197544     0.048409
    0.163553      0.62322     0.764753
   -0.213118    -0.744813    -0.632324
   -0.960876     0.042593     0.273683
     0.17691    -0.665912     0.724751
   -0.209104    -0.779139    -0.590947
   -0.961966    0.0552665     0.267521
    0.175777     -0.62441     0.761061
   -0.202469    -0.718999    -0.664866
   -0.967126    0.0401364     0.251111
    0.153864    -0.693851     0.703489
   -0.200842    -0.817299    -0.540079
   -0.967189    0.0778716      0.24183
    0.155591    -0.570928     0.806122
   -0.197109    -0.857642    -0.474971
   -0.969073    0.0970706     0.226879
    0.148475    -0.505002     0.850252
    0.179217     0.963356    -0.199567
    0.976763    -0.149999      0.15308
   -0.117536     0.222365     0.967853
   -0.179021    -0.696472    -0.694894
   -0.977516    0.0459259     0.205801
    0.111421    -0.716112     0.689034
    0.159502     0.921176    -0.354956
    0.984416    -0.121444     0.127184
  -0.0740518     0.369711     0.926191
   -0.182237    -0.745182    -0.641477
   -0.975338    0.0543787     0.213913
    0.124522     -0.66464     0.736715
    0.158476     0.943286     0.291713
    0.984309    -0.174153    0.0284064
   -0.077598    -0.282633     0.956084
   -0.151839    -0.887566     0.434939
   -0.985028     0.172228   0.00758385
   0.0816399     0.427276     0.900428
   -0.185216    -0.863501    -0.469106
   -0.976296     0.107291     0.187974
    0.111985    -0.492802     0.862905
    0.163249    -0.219431    -0.961873
    0.984041   -0.0337524     0.174711
  -0.0708025    -0.975044      0.21042
     0.16968     0.100092    -0.980403
    0.982887   -0.0895757     0.160965
  -0.0717091    -0.990938    -0.113578
   -0.179493    -0.820631    -0.542537
   -0.978663    0.0928936     0.183272
         0.1    -0.563857     0.819796
   -0.189701    -0.797335    -0.572949
   -0.971837    0.0693881     0.225209
    0.139811    -0.599535     0.788042
   -0.179225    -0.886765    -0.426059
    -0.97607     0.106065     0.189834
    0.123148    -0.449886     0.884555
   -0.186052    -0.700084    -0.689396
   -0.969962    0.0189611     0.242516
     0.15671    -0.713808     0.682583
   -0.202178    -0.728156    -0.654914
   -0.964498    0.0320287     0.262139
    0.169902    -0.684662     0.708781
   -0.171148    -0.883846    -0.435343
   -0.975446    0.0898428     0.201078
     0.13861    -0.459068     0.877521
   -0.132336    -0.926206      0.35303
   -0.990099     0.106699   -0.0912121
   0.0468132    -0.361605    -0.931155
   -0.139241    -0.913414     0.382476
   -0.988793     0.107239    -0.103867
   0.0538573    -0.392652    -0.918109
   -0.157541    -0.914764     0.372006
   -0.984486     0.116016    -0.131636
   0.0772573    -0.386972    -0.918849
    -0.13688     -0.90541     0.401866
   -0.988932     0.101455    -0.108262
   0.0572502    -0.412237    -0.909276
   -0.147068    -0.916778     0.371334
   -0.985945     0.105789    -0.129309
   0.0792643    -0.385132    -0.919451
   -0.126345    -0.897232     0.423097
   -0.989015    0.0809481    -0.123679
   0.0767201    -0.434076    -0.897604
   -0.128062    -0.883909     0.449783
    -0.99028    0.0891454    -0.106764
   0.0542735    -0.459084    -0.886734
   -0.157696    -0.897363     0.412155
   -0.981373    0.0960404    -0.166382
    0.109721    -0.430716    -0.895793
   -0.141423    -0.930054     0.339116
   -0.983529    0.0930538    -0.154958
    0.112563    -0.355445    -0.927895
   -0.163228    -0.885048     0.435944
   -0.981578     0.101207    -0.162057
   0.0993074    -0.454365    -0.885263
   -0.161688    -0.845064    -0.509632
   -0.983907    0.0982469     0.149247
   0.0760532    -0.525562     0.847349
   -0.149649    -0.890201     0.430288
   -0.986683       0.1064    -0.123031
   0.0637391    -0.442969    -0.894268
   -0.135246    -0.871449     0.471472
   -0.989918    0.0986344    -0.101655
   0.0420838    -0.480467    -0.876003
   -0.160642     -0.87908     -0.44879
   -0.986012     0.122466     0.113056
   0.0444239    -0.460674     0.886457
   -0.118269    -0.913405     0.389492
   -0.992549    0.0971598   -0.0735348
   0.0293241    -0.395287     -0.91809
   -0.106226    -0.900649     0.421364
   -0.993192    0.0757309    -0.088512
    0.047808    -0.427897    -0.902562
  -0.0759451    -0.874025     0.479909
   -0.995943    0.0431913   -0.0789456
   0.0482726    -0.483958    -0.873759
   -0.087182    -0.860104     0.502613
   -0.994182    0.0430829   -0.0987219
   0.0632571    -0.508295    -0.858856
  -0.0444699    -0.830859     0.554704
   -0.997215   0.00363865   -0.0744954
   0.0598768    -0.556471    -0.828706
  -0.0525642    -0.871176     0.488149
   -0.996678    0.0153165   -0.0799882
    0.062207    -0.490732    -0.869087
  -0.0132336     -0.82583     0.563764
   -0.997829   -0.0254676   -0.0607288
   0.0645094    -0.563344      -0.8237
  -0.0171153    -0.800591     0.598967
    -0.99736   -0.0286106   -0.0667406
   0.0705687    -0.598528    -0.797987
  -0.0495459    -0.887518     0.458101
   -0.995255   0.00541762   -0.0971458
   0.0837368     -0.46074    -0.883576
  -0.0190814    -0.851984      0.52322
   -0.997384   -0.0202734   -0.0693859
   0.0697231    -0.523175    -0.849368
  -0.0900209    -0.865622      0.49254
   -0.991262    0.0299977    -0.128452
   0.0964156    -0.499799    -0.860758
   -0.116787    -0.931241     0.345183
   -0.987704    0.0725329    -0.138494
    0.103934    -0.357113    -0.928261
   -0.105461    -0.901501     0.419731
   -0.991988    0.0658483    -0.107815
   0.0695571    -0.427738    -0.901222
   -0.124681    -0.830876     0.542309
   -0.991677     0.122052   -0.0409973
   0.0321262     0.542907     0.839178
   -0.135787    -0.869254     0.475352
   -0.990034     0.137133   -0.0320406
   0.0373349     0.474965     0.879212
   0.0957386    -0.770155      0.63063
    0.995239     0.062422   -0.0748585
   0.0182874     0.634795     0.772465
   0.0906945    -0.834439     0.543586
     0.99574    0.0668798   -0.0634692
   0.0166062     0.547027      0.83695
    0.106644      0.73237     0.672504
    0.994196   -0.0688896   -0.0826348
   0.0141907    -0.677413     0.735466
   0.0699812    -0.784154     0.616608
    0.995473    0.0150428   -0.0938496
    0.064317     0.620384     0.781656
   0.0718749    -0.607079     0.791384
     0.99507   -0.0107127   -0.0985919
    0.068331     0.794569     0.603317
  -0.0537578    -0.550784    -0.832915
   -0.994047   -0.0496423    0.0969847
  -0.0947654      0.83317    -0.544837
  -0.0695861    -0.908412     0.412245
   -0.995767    0.0383741   -0.0835234
  -0.0600541     0.416312     0.907236
   0.0539738     0.705314     0.706837
    0.993924    0.0300581    -0.105889
    0.095931    -0.708258     0.699406
   0.0553712    -0.824203     0.563581
    0.994233  -0.00640334    -0.107047
    0.091837     0.566259     0.819095
   0.0776511    -0.471252     0.878574
    0.994333   -0.0275783    -0.102675
   0.0726152     0.881567      0.46644
   0.0515033    -0.640453     0.766269
    0.992947   -0.0492071    -0.107867
    0.106789      0.76642     0.633401
  -0.0566783    -0.929566     0.364272
   -0.992665    0.0134415    -0.120151
   -0.106792      0.36841     0.923509
  -0.0857051    -0.456239    -0.885721
   -0.993287    -0.030191     0.111665
  -0.0776867     0.889345    -0.450588
    0.111578    -0.614047     0.781343
    0.993532    0.0522689    -0.100802
   0.0210575     0.787537     0.615907
   -0.120705    -0.837146     0.533495
   -0.992401    0.0888308    -0.085143
  -0.0238864     0.539718     0.841507
   -0.144159     -0.78263     0.605565
    -0.98923     0.129641    -0.067945
   0.0253305     0.608838      0.79289
   -0.142846    -0.521762    -0.841047
   -0.989039     0.107346     0.101387
   0.0373826     0.846311    -0.531376
    0.151241     0.656631    -0.738892
    0.988299    -0.115385    0.0997523
  -0.0197568    -0.745333    -0.666399
   0.0493845    -0.775181     0.629806
    0.992086   -0.0348131     -0.12064
    0.115444      0.63078     0.767326
   -0.048646    -0.944009     0.326313
   -0.991428   0.00597363    -0.130518
   -0.121261     0.329865     0.936208
  -0.0410449    -0.865887    -0.498553
   -0.987081     0.112485    -0.114099
   -0.154876    -0.487428     0.859318
   -0.040838    -0.896633    -0.440887
   -0.987984     0.102068    -0.116063
   -0.149067     -0.43085     0.890027
  -0.0347384    -0.427091    -0.903541
   -0.985479    -0.135717      0.10204
   -0.166207     0.893965    -0.416175
  -0.0276569     0.601681    -0.798257
   -0.980792    -0.170585   -0.0945961
   -0.193087     0.780308     0.594842
  -0.0247096     0.307449    -0.951244
   -0.979282    -0.198752   -0.0388001
    -0.20099     0.930577      0.30599
  -0.0131636    -0.672997     0.739528
   -0.973627     0.177095     0.143832
   -0.227765    -0.718132    -0.657579
  -0.0259564    -0.677547     0.735021
   -0.982526     0.152853     0.106204
   -0.184308     -0.71942    -0.669675
  -0.0137893    -0.675346     0.737372
   -0.974376     0.174649     0.141736
   -0.224502    -0.716523    -0.660449
  -0.0107148    -0.372987     0.927775
   -0.974357     0.212438    0.0741522
   -0.224753    -0.903189    -0.365698
  -0.0178161    -0.342188     0.939463
   -0.978115     0.200779    0.0545823
   -0.207302     -0.91793    -0.338276
 -0.00833788    -0.411121     0.911542
   -0.972844       0.2142    0.0877091
   -0.231311    -0.886057    -0.401743
 -0.00414691    -0.752272      0.65884
   -0.973061     0.154908     0.170751
   -0.230511    -0.640383    -0.732649
  -0.0157325    -0.693681     0.720111
   -0.978669     0.158228     0.131039
   -0.204841    -0.702688    -0.681373
   0.0297094    -0.430477     0.902113
    0.984421    -0.143875    -0.101075
    0.173302     0.891061     0.419496
   0.0260823     0.198506    -0.979753
    0.984761     0.163479    0.0593377
    0.171948     -0.96637    -0.191217
   0.0409916    -0.577001     0.815714
    0.989725   -0.0884763     -0.11232
     0.13698     0.811937     0.567446
  -0.0449273    -0.767402     0.639591
   -0.990928   -0.0469412    -0.125928
   -0.126661     0.639446     0.758331
   0.0377418    -0.700542     0.712612
    0.988802   -0.0768556    -0.127923
    0.144384      0.70946     0.689797
    0.013114     -0.95282    -0.303252
   -0.979691    0.0484421    -0.194572
   -0.200082    -0.299645     0.932834
 -0.00357999    -0.952846    -0.303434
   -0.984844    0.0559769     -0.16416
   -0.173404    -0.298248     0.938605
  -0.0143083    -0.759498     0.650352
   -0.981882     0.133583       0.1344
   -0.188952    -0.636646    -0.747649
   -0.028402    -0.908262    -0.417436
   -0.986851    0.0919535    -0.132929
   -0.159119    -0.408171     0.898931
  -0.0214057    -0.984744    -0.172689
   -0.989339    0.0457508    -0.138256
   -0.144047    -0.167889     0.975225
   0.0304094    -0.812313    -0.582428
    0.984734   -0.0755654     0.156805
    0.171387     0.578305    -0.797615
  -0.0410539    -0.917746     0.395041
   -0.990667    0.0888209     0.103393
   -0.129976    -0.387109    -0.912827
   0.0496117    -0.806643     0.588953
    0.988782   -0.0435109    -0.142886
    0.140884     0.589435     0.795436
   0.0691934     0.986532      0.14821
    0.991652   -0.0518142    -0.118072
    0.108803    -0.155143     0.981882
  -0.0277862    -0.908073     0.417889
   -0.992069    0.0763191    0.0998768
   -0.122588      -0.4118    -0.902991
  -0.0565626    -0.918543     0.391254
   -0.993933    0.0888294    0.0648535
  -0.0943256    -0.385212    -0.917995
  -0.0511432    -0.917217     0.395091
   -0.996075    0.0754662    0.0462589
  -0.0722455    -0.391174    -0.917477
   0.0390927     -0.59177     0.805158
    0.987322    -0.101182    -0.122303
    0.153843     0.799731     0.580312
   0.0627683     0.733116     0.677201
    0.991946     0.028971    -0.123305
    0.110016    -0.679486     0.725393
  -0.0274706   -0.0106484    -0.999566
   -0.984581    -0.172525    0.0288967
   -0.172758     0.984948  -0.00574483
  -0.0112427    -0.704395     0.709719
   -0.978895     0.152594     0.135943
   -0.204057    -0.693212    -0.691244
  0.00623345    -0.605252      0.79601
    0.978259    -0.161322    -0.130323
    0.207292     0.779516     0.591088
  0.00456132    -0.417246     0.908782
   -0.974893     0.200469    0.0969338
   -0.222628    -0.886407    -0.405855
  0.00214979    -0.542837     0.839835
    -0.97305     0.192518     0.126927
   -0.230584    -0.817475    -0.527794
  0.00692303    -0.776046     0.630638
   -0.976568     0.130407     0.171196
   -0.215096    -0.617047    -0.756959
  -0.0692099    -0.913427     0.401074
   -0.996077     0.085496    0.0228288
  -0.0551427    -0.397921    -0.915761
  -0.0790737    -0.917174     0.390562
   -0.995519    0.0930318    0.0169166
  -0.0518502    -0.387474    -0.920421
   -0.100257    -0.885756     0.453194
   -0.994644     0.100725   -0.0231748
  -0.0251207     -0.45309    -0.891111
  -0.0916571    -0.911275     0.401468
   -0.995433    0.0946548   -0.0124091
  -0.0266928    -0.400772    -0.915789
   -0.120567    -0.917744    -0.378431
   -0.992619     0.116486     0.033753
  -0.0131052    -0.379707     0.925014
    -0.11491    -0.886256     0.448717
   -0.993356    0.0996298   -0.0576069
  0.00634889    -0.452355    -0.891815
   -0.131596    -0.900827     0.413755
   -0.991259     0.115619   -0.0635488
  0.00940872    -0.418501    -0.908168
   -0.101965    -0.876324     0.470808
   -0.994768    0.0927864   -0.0427355
 -0.00623443    -0.472702      -0.8812
    0.156854     0.968959     0.191091
    0.987477    -0.157185    -0.013521
  -0.0169354    -0.190819     0.981479
   -0.125114    -0.772396     0.622696
   -0.991631    0.0771969    -0.103486
  -0.0318621     0.630432      0.77559
  -0.0910094    -0.747149     0.658396
   -0.992661    0.0151933    -0.119973
  -0.0796345     0.664483     0.743048
   0.0953296     0.984912    -0.144432
    0.993378    -0.103471   -0.0499334
   0.0641246     0.138715     0.988254
   -0.104822    -0.854089     0.509455
   -0.994345    0.0988022   -0.0389497
  -0.0170688    -0.510657    -0.859615
  -0.0903583    -0.859188     0.503619
   -0.994965    0.0999006  -0.00808148
  -0.0433683    -0.501813    -0.863888
     0.10594     0.953222    -0.283098
     0.99331    -0.114604   -0.0141724
   0.0459536     0.279702     0.958986
  -0.0788232    -0.923981     0.374228
    -0.99528    0.0942553    0.0230846
  -0.0566027    -0.370642    -0.927049
  -0.0876135    -0.907903    -0.409922
   -0.993953     0.107021   -0.0245926
  -0.0661979    -0.405288     0.911789
  -0.0600809     -0.84367     0.533489
   -0.994908    0.0939384    0.0365106
  -0.0809181    -0.528579    -0.845018
  -0.0460579    -0.928951     0.367327
   -0.995405    0.0735839    0.0612795
  -0.0839549    -0.362816    -0.928071
   0.0798887    -0.259885    -0.962329
    0.992747     0.107758    0.0533127
   0.0898439    -0.959608     0.266609
  -0.0297234    -0.925829     0.376772
   -0.993822    0.0676973    0.0879479
   -0.106931    -0.371831    -0.922121
  -0.0125738    -0.933181     0.359186
   -0.990663    0.0603933     0.122225
    -0.13575    -0.354296    -0.925228
  -0.0144423    -0.914082     0.405272
   -0.992409    0.0626091     0.105848
   -0.122127    -0.400667    -0.908048
  0.00160891    -0.975641    -0.219369
   -0.987154    0.0334974    -0.156219
   -0.159762    -0.216802     0.963054
  0.00391095    -0.896341     0.443348
   -0.989294     0.061211      0.13248
   -0.145885     -0.43912    -0.886505
   0.0203931    -0.903129     0.428884
   -0.986465    0.0516315     0.155629
   -0.162697    -0.426253    -0.889853
    0.019666    -0.905868     0.423103
   -0.982218    0.0615236     0.177377
   -0.186711    -0.419068     -0.88855
 -0.00165365    -0.910808     0.412827
   -0.990536    0.0581496     0.124326
   -0.137243    -0.408715    -0.902284
      0.0231    -0.958748     0.283318
   -0.988091    0.0212291     0.152402
    -0.15213    -0.283464    -0.946839
   0.0182091     -0.96862    -0.247879
   -0.990182    0.0168951    -0.138759
   -0.138592    -0.247972     0.958803
   0.0177249    -0.991781    -0.126712
    0.991042  0.000649623     0.133546
    0.132366     0.127944    -0.982909
  -0.0370797    -0.995172   -0.0908708
   -0.992499    0.0472748    -0.112742
   -0.116494   -0.0860088      0.98946
   0.0581668    -0.847175     -0.52812
    0.990309    -0.017864     0.137728
    0.126114     0.531013    -0.837926
   0.0668302     0.989658    -0.126926
    0.992044   -0.0795099   -0.0976091
    0.106692     0.119393     0.987098
  -0.0410899     -0.88798     0.458043
   -0.993697    0.0841723    0.0740377
   -0.104299    -0.452113    -0.885842
   0.0310304    -0.784954     0.618776
    0.990768    -0.057584    -0.122734
    0.131972     0.616872      0.77592
 -0.00356272    -0.979015    -0.203757
    0.990849   -0.0309486     0.131377
    0.134926     0.201424    -0.970167
   -0.447352    -0.762769    -0.466969
   -0.883237     0.294706     0.364747
      0.1406    -0.575615     0.805543
   -0.493254    -0.361841    -0.791057
   -0.860436      0.33662      0.38254
    0.127867     0.869344     -0.47738
   -0.465961    -0.320133     -0.82486
   -0.878293     0.280247      0.38738
    0.107152     0.904973    -0.411755
   -0.502669    -0.393305    -0.769827
   -0.859365     0.324063      0.39557
   0.0938927     0.860403    -0.500889
   -0.526395    -0.400676    -0.749911
    -0.84194     0.368584      0.39406
    0.118515     0.838812    -0.531366
   -0.480424    -0.329033    -0.812976
   -0.873324      0.26467     0.408968
   0.0806065      0.90647    -0.414506
   -0.528138    -0.268407    -0.805623
    -0.84367     0.273552     0.461942
   0.0963917     0.923649     -0.37092
   -0.503495    -0.370636    -0.780463
   -0.860029      0.30148     0.411655
   0.0827197     0.878487    -0.470551
    0.515978     0.182119    -0.837018
    0.851269    -0.217875     0.477358
  -0.0954294    -0.958834    -0.267451
   -0.548705     -0.25956    -0.794702
   -0.827824      0.30144     0.473119
    0.116752     0.917476    -0.380271
    0.536226     0.171361    -0.826497
    0.837283    -0.231946     0.495134
   -0.106856    -0.957516    -0.267853
   -0.551823    -0.383437    -0.740586
   -0.822592     0.396393     0.407695
    0.137238     0.834176    -0.534151
   -0.477267      -0.2264    -0.849093
    -0.87596     0.199621     0.439142
   0.0700746      0.95336     -0.29359
   -0.493141    -0.341106    -0.800287
   -0.865853     0.281624     0.413506
   0.0843301     0.896847    -0.434228
   -0.471713    -0.286902    -0.833771
   -0.878572     0.233168     0.416826
   0.0748201      0.92915    -0.362052
   -0.448463    -0.384037    -0.807091
   -0.891671     0.254542     0.374342
   0.0616773     0.887538    -0.456587
   -0.446185    -0.247024    -0.860173
   -0.892556     0.192953      0.40757
   0.0652936     0.949604    -0.306576
   -0.412367    -0.304858    -0.858496
   -0.909251     0.196392     0.367006
   0.0567172     0.931929    -0.358178
   -0.402536    -0.291976    -0.867591
    -0.91302     0.196415     0.357513
   0.0660232      0.93604    -0.345644
    0.437458     0.230446    -0.869209
    0.894992     -0.20541     0.395975
  -0.0872936    -0.951158    -0.296106
    -0.39791     0.507548     -0.76424
   -0.912604    -0.133698     0.386365
   0.0939218     0.851187      0.51639
    0.367691     0.134065    -0.920233
    0.928084    -0.115518     0.353999
  -0.0588448    -0.984217    -0.166899
   -0.351911     0.353697    -0.866635
   -0.933246   -0.0611859     0.353988
   0.0721786     0.933357     0.351618
   -0.325889     0.354105    -0.876588
   -0.943393    -0.061301     0.325962
   0.0616892     0.933194     0.354038
   -0.429201    -0.655523    -0.621349
   -0.896712       0.2269     0.380031
    0.108135    -0.720281     0.685202
    0.531612     0.126779    -0.837446
    0.828994    -0.280607     0.483766
   -0.173661    -0.951413    -0.254273
    0.513819    0.0369951    -0.857101
    0.845413    -0.191669     0.498539
   -0.145836    -0.980762    -0.129759
    0.495901   -0.0299305    -0.867863
    0.849518    -0.190441     0.491987
   -0.180002    -0.981242   -0.0690135
   -0.504325    0.0136147    -0.863407
   -0.836434     0.240735     0.492366
    0.214556     0.970495    -0.110021
    0.470052    -0.122208    -0.874138
     0.86714    -0.120841     0.483183
   -0.164681    -0.985121      0.04917
    0.454671    -0.185866     -0.87105
     0.85923    -0.165975     0.483917
   -0.234516    -0.968456    0.0842374
   -0.430496     0.444542    -0.785529
   -0.878007  -0.00450725     0.478627
    0.209229     0.895747     0.392251
    0.402384     -0.21724    -0.889322
    0.883975    -0.160419     0.439151
   -0.238065    -0.962846     0.127485
    0.482464    -0.062909    -0.873654
    0.837332    -0.259645     0.481102
   -0.257106    -0.963653   -0.0725938
    0.426693    -0.288517    -0.857141
    0.862099    -0.156694     0.481905
   -0.273347    -0.944566      0.18187
   -0.446683    0.0283284    -0.894244
   -0.839177     0.333331     0.429736
    0.310253     0.942384    -0.125121
   -0.419252    -0.798944     -0.43118
   -0.890696      0.27003     0.365711
    0.175751    -0.537376     0.824827
    0.384599     0.370477    -0.845476
    0.899577    -0.355812     0.253297
    -0.20699    -0.857989    -0.470118
   -0.376428    -0.728309     0.572598
   -0.910125     0.406209   -0.0816463
    0.173131      0.55187      0.81576
   -0.404536     0.627315    -0.665452
   -0.901046    -0.148944     0.407348
    0.156421     0.764389     0.625493
    0.464847    0.0923651     -0.88056
    0.875158    -0.198706     0.441152
   -0.134226    -0.975697    -0.173202
    0.447434      0.17173    -0.877674
    0.885769    -0.220463     0.408423
   -0.123356    -0.960159    -0.250755
    0.482987    0.0443383    -0.874504
    0.868622    -0.150341     0.472116
   -0.110541    -0.987639    -0.111126
    0.505105   -0.0697576    -0.860234
    0.854512   -0.0994983     0.509813
   -0.121155     -0.99259   0.00935157
    0.463975    0.0506306      -0.8844
    0.880362      -0.1373     0.453996
  -0.0984418    -0.989235    -0.108277
   -0.384359    -0.720025     0.577782
   -0.921597     0.335938    -0.194433
    0.054102     0.607214     0.792694
   -0.394405    -0.788321     0.472223
   -0.916147      0.37733    -0.135265
   0.0715514     0.485975     0.871039
    0.399143     0.872267     0.282552
    0.912659    -0.407532   -0.0311609
  -0.0879684    -0.270311     0.958746
   -0.427794    -0.732506     0.529554
   -0.900473     0.396176    -0.179425
   0.0783666     0.553606     0.829083
   -0.417614    -0.656425     0.628256
    -0.90605     0.352857    -0.233591
   0.0683496     0.666782     0.742112
    0.428244     0.287295    -0.856778
    0.899153    -0.230073     0.372276
  -0.0901689      -0.9298    -0.356849
   -0.434302    -0.497304    -0.751046
   -0.897938     0.305049     0.317257
   0.0713328     0.812179    -0.579032
    -0.44067     -0.36684    -0.819292
   -0.894565     0.255296     0.366847
   0.0745877     0.894568    -0.440663
   -0.437614    -0.235219    -0.867851
   -0.896291     0.191195     0.400134
     0.07181     0.952951    -0.294494
   -0.426217    -0.568219    -0.703893
   -0.902077     0.325281     0.283636
   0.0677957     0.755856    -0.651218
   -0.426358    -0.485991     -0.76291
   -0.901699     0.295313       0.3158
   0.0718214     0.822559    -0.564126
   -0.422164    -0.528975    -0.736181
   -0.903724     0.309311     0.295989
   0.0711384      0.79026    -0.608628
   -0.449051    -0.269254    -0.851972
   -0.889401     0.225997     0.397356
   0.0855531     0.936177    -0.340958
   -0.452089    -0.307918    -0.837139
   -0.889322     0.227907     0.396441
   0.0687188     0.923712    -0.376873
   -0.432318    -0.381829    -0.816889
    -0.89524     0.290166     0.338155
    0.107916     0.877503    -0.467272
   -0.398309     -0.74723     0.531975
   -0.907996     0.403385    -0.113243
    0.129972     0.528137     0.839154
    0.395719     0.899034     0.187467
    0.911755    -0.409055    0.0371021
    -0.11004    -0.156242      0.98157
   -0.370667     -0.80223     0.468009
   -0.922531     0.376307   -0.0856133
    0.107434     0.463487     0.879567
   -0.368935    -0.767271     0.524578
    -0.91949     0.383718   -0.0854326
     0.13574     0.513864     0.847065
   -0.372899    -0.547303     -0.74927
    -0.92456     0.287341      0.25025
   0.0783335     0.786063    -0.613164
    0.395781     0.475998    -0.785356
    0.914893    -0.278446     0.292297
   -0.079546    -0.834202    -0.545691
   -0.398012    -0.389396    -0.830636
   -0.914205     0.243629     0.323844
   0.0762639     0.888265    -0.452955
   -0.364471    -0.438839     0.821329
   -0.927229     0.252539    -0.276532
   0.0860648     0.862348     0.498947
    0.365958     0.511508    -0.777454
    0.926311     -0.28061     0.251406
  -0.0895651    -0.812169    -0.576507
   -0.371734    -0.414713    -0.830558
   -0.925611     0.234115     0.297379
   0.0711189      0.87932    -0.470892
   -0.336976    -0.418269    -0.843503
   -0.937186     0.234808     0.257968
   0.0901614     0.877449    -0.471121
   -0.334393    -0.271911    -0.902356
   -0.939234     0.174981     0.295332
    0.077591      0.94628      -0.3139
   -0.309121     0.482435    -0.819574
   -0.947343   -0.0804646     0.309948
   0.0835828     0.872228     0.481904
    0.331872     0.557488    -0.760965
    0.937515    -0.284308     0.200584
   -0.104525    -0.779985    -0.617008
    0.296989    -0.295106    -0.908135
    0.949944  -0.00527629     0.312376
  -0.0969758     -0.95545     0.278768
     -0.3002    -0.697031     0.651174
   -0.947353     0.297567     -0.11822
    0.111365     0.652381     0.749664
   -0.348828    -0.261294    -0.900025
   -0.934893     0.164169     0.314681
   0.0655317     0.951196    -0.301549
   -0.304448     0.561916     -0.76913
   -0.949753    -0.117476     0.290118
   0.0726675      0.81881     0.569447
   -0.387109    -0.357828    -0.849768
   -0.919885     0.212767     0.329457
   0.0629134     0.909225    -0.411525
   -0.425421    -0.348096    -0.835372
   -0.902707     0.228826     0.364361
    0.064322     0.909103    -0.411576
   -0.407245    -0.376792     0.831973
   -0.910672     0.236827    -0.338511
   0.0694858     0.895511     0.439581
    0.437069     0.299638     -0.84805
    0.838189    -0.477657     0.263218
   -0.326207     -0.82587    -0.459922
   -0.411016     -0.33827    -0.846546
   -0.863508     0.442172     0.242564
    0.292267     0.830697    -0.473839
    0.413107     0.240364    -0.878389
     0.86082    -0.417846     0.290504
   -0.297205    -0.876145    -0.379526
    0.437164       0.1898    -0.879127
    0.834947    -0.448966     0.318264
   -0.334292    -0.873158    -0.354745
    0.389852     0.177161    -0.903675
    0.887313    -0.334791     0.317159
   -0.246354    -0.925488    -0.287716
   -0.432222    -0.331825    -0.838496
   -0.852431     0.453689     0.259863
    0.294187     0.827079    -0.478952
    0.410571     0.108004     -0.90541
    0.881146    -0.302413     0.363495
   -0.234549    -0.947038    -0.219329
   -0.438982    -0.331917    -0.834941
   -0.872655     0.378764     0.308239
    0.213936     0.863926     -0.45592
   -0.448011    -0.381134    -0.808717
   -0.827791     0.518536     0.214201
     0.33771     0.765413    -0.547809
    0.444122     0.380912    -0.810964
    0.852435    -0.458342     0.251549
   -0.275881    -0.803012    -0.528262
     0.45662     0.882508     0.112592
    0.823233    -0.467113     0.322633
    -0.33732    0.0546313     0.939804
    0.388392      0.17079    -0.905529
     0.90558    -0.252583     0.340774
   -0.170521    -0.952382    -0.252765
    0.416858      -0.1597    -0.894833
    0.898116   -0.0793228     0.432545
   -0.140058    -0.983973     0.110363
    0.394418    -0.171316    -0.902821
     0.91607  -0.00415733     0.400996
  -0.0724505    -0.985207     0.155298
   -0.365087    -0.366737    -0.855696
   -0.923507     0.258839     0.283084
     0.11767     0.893592    -0.433183
    -0.36661     0.341007    -0.865627
   -0.905549    0.0827121     0.416102
    0.213492     0.936415     0.278476
    0.355321    0.0872562    -0.930663
    0.921064    -0.202395     0.332681
   -0.159333    -0.975409    -0.152284
    0.368339     0.119585    -0.921968
    0.905414    -0.271291     0.326537
   -0.211072     -0.95504    -0.208201
     0.38416     -0.14965    -0.911058
    0.887512    -0.212096      0.40907
   -0.254449    -0.965722    0.0513376
     0.35466     0.289984     -0.88889
     0.91933    -0.281449     0.274988
   -0.170435    -0.914711     -0.36641
    0.447462     0.871561    -0.200399
    0.832697    -0.324313     0.448818
    -0.32618       0.3677     0.870863
   -0.441768    -0.713274    -0.544133
   -0.857742      0.15807     0.489175
    0.262905    -0.682828     0.681636
    0.436631     0.864068    -0.250478
    0.866502    -0.329049     0.375367
   -0.241923     0.380937      0.89239
    0.421176     0.893756    -0.154308
    0.847228    -0.326963     0.418688
   -0.323751     0.307075     0.894924
   -0.426288     0.584615    -0.690292
   -0.888172    -0.125784      0.44196
    0.171548     0.801501     0.572859
   -0.401184    -0.850271    -0.340721
   -0.884203     0.262321     0.386487
    0.239241    -0.456319     0.857051
   -0.410081     0.550645    -0.727065
   -0.898819    -0.108702     0.424628
    0.154786     0.827632     0.539506
    0.387349      0.87985    -0.275363
     0.91005    -0.317101      0.26694
   -0.147549     0.353992     0.923536
   -0.400802    -0.916112  -0.00983932
   -0.857941     0.371541     0.354817
    0.321396    -0.150653     0.934884
    0.378983     0.901318    -0.209758
    0.897861    -0.303243     0.319202
   -0.224095     0.309306     0.924182
    0.382051     0.913203    -0.141762
    0.872445    -0.305824     0.381196
   -0.304756     0.269316     0.913561
   -0.410678     -0.68174    -0.605453
   -0.909104     0.255326     0.329147
   0.0698052    -0.685594      0.72463
   -0.384327    -0.722882    -0.574225
   -0.921681     0.264815     0.283508
   0.0528798    -0.638212     0.768043
   -0.385459     0.623499    -0.680199
   -0.922725    -0.260628     0.283994
-0.000208969     0.737104     0.675779
   -0.412105     0.618173    -0.669351
   -0.911096    -0.272663     0.309127
  0.00858667     0.737236     0.675581
   -0.425571     0.612778    -0.665877
   -0.899271     -0.20425     0.386773
    0.101001     0.763404     0.637976
   -0.417097     0.576961    -0.702243
   -0.908727    -0.251429     0.333165
   0.0156589      0.77711      0.62917
    0.428931    -0.298196      -0.8527
    0.896219    0.0222104     0.443055
   -0.113178    -0.954246     0.276775
   -0.435446    -0.680791    -0.588991
   -0.879497     0.182169     0.439658
    0.192019    -0.709464     0.678078
   -0.411738       0.4921    -0.767013
    -0.91004    -0.177752     0.374474
   0.0479408     0.852198     0.521018
   -0.431678    -0.691368    -0.579365
   -0.891676     0.424093     0.158299
   -0.136262    -0.584941     0.799548
    -0.42977     0.495643    -0.754742
   -0.893434    -0.354389     0.276015
   -0.130667     0.792935      0.59513
   -0.415757     0.532899    -0.736997
   -0.901042    -0.351454     0.254173
   -0.123572     0.769739     0.626284
    -0.41821     0.444759    -0.792016
   -0.900685     -0.31608     0.298095
    -0.11776     0.838023     0.532776
   -0.428823     0.535481    -0.727578
   -0.893942    -0.367692     0.256262
   -0.130301     0.760304     0.636364
   -0.401825     0.467854    -0.787178
   -0.912269    -0.279051     0.299827
  -0.0793878     0.838596     0.538938
   -0.412542     0.542716     -0.73162
   -0.905871    -0.329016     0.266734
   -0.095954     0.772792     0.627364
   -0.404473     0.519086    -0.752962
    -0.91249    -0.284279     0.294188
   -0.061342     0.806062     0.588644
    0.386729    -0.212615    -0.897349
    0.921475     0.127502     0.366916
    0.036402    -0.968782     0.245228
   -0.421932    -0.676508    -0.603581
   -0.899663     0.394781     0.186428
   -0.112162     -0.62168     0.775199
    0.397496    0.0919465    -0.912985
    0.915164    0.0327825     0.401746
   0.0668691    -0.995224   -0.0711152
   -0.407479      0.44645    -0.796645
   -0.909819    -0.273622     0.312026
  -0.0786751     0.851947     0.517684
   -0.402278     0.477676    -0.781023
   -0.915314    -0.227846     0.332095
  -0.0193189     0.848476     0.528881
    0.385926     0.117358    -0.915035
    0.922498   -0.0573123     0.381723
 -0.00764468    -0.991435     -0.13038
   -0.407239     0.517671    -0.752445
   -0.912427    -0.267045     0.310102
  -0.0404062     0.812837     0.581088
   -0.399965     0.611296    -0.682895
    -0.91501    -0.309213      0.25912
  -0.0527612     0.728495     0.683017
   -0.405367     0.345318    -0.846424
   -0.908302     -0.25674     0.330259
   -0.103267     0.902685     0.417727
   -0.397378     0.627814    -0.669284
    -0.91241    -0.348179     0.215126
  -0.0979712     0.696148     0.711182
   -0.385334     0.515662    -0.765252
   -0.920295    -0.275532     0.277739
   -0.067632      0.81128     0.580733
    -0.41159    -0.693475    -0.591343
   -0.903061     0.397742     0.162118
   -0.122777    -0.600745     0.789957
    0.383985     -0.31543     -0.86779
    0.922677     0.166687     0.347683
   0.0349794    -0.934194     0.355045
   -0.366583     0.279202    -0.887504
   -0.930353    -0.117999     0.347161
  -0.0077964     0.952955     0.303013
   -0.361051   -0.0150924    -0.932424
   -0.932157    0.0347123     0.360385
   0.0269275     0.999283   -0.0266014
   -0.377872    -0.422003    -0.824091
   -0.925858     0.172376     0.336265
 0.000149069     0.890056     -0.45585
    0.349664    -0.129601    -0.927868
    0.934742   -0.0185422     0.354844
   -0.063193    -0.991393      0.11466
   -0.363358    -0.406505    -0.838287
   -0.929929     0.212914     0.299833
   0.0565991     0.888494    -0.455385
   -0.352433    -0.668643     0.654757
   -0.931251     0.319752    -0.174727
   0.0925299     0.671323     0.735366
   -0.377613    -0.628664    -0.679846
   -0.925399     0.281849     0.253373
   0.0323276     0.724806    -0.688195
   -0.350705    -0.691695     0.631319
   -0.926925     0.352473    -0.128736
    0.133477     0.630334     0.764763
   -0.347696     -0.48783    -0.800706
   -0.931711     0.275386     0.236804
    0.104983     0.828362    -0.550268
   -0.363736    -0.678208     0.638538
   -0.929116      0.31318    -0.196624
   0.0666251     0.664795     0.744049
    0.366604     0.317998    -0.874345
    0.930341    -0.133584     0.341498
 -0.00820266    -0.938633    -0.344819
    0.662161    0.0741092    -0.745688
    0.576845    -0.685587     0.444095
   -0.478323    -0.724208    -0.496719
     0.67239     0.178521    -0.718346
    0.583633    -0.724765     0.366179
   -0.455262    -0.665466    -0.591516
    0.669701     0.183678    -0.719558
    0.622514    -0.667185     0.409072
   -0.404941    -0.721891    -0.561157
    0.675886     0.140016    -0.723584
    0.620449     -0.63798     0.456098
   -0.397771    -0.757217    -0.518074
    0.677918     0.105518    -0.727526
    0.579506    -0.685631     0.440549
   -0.452328    -0.720261     -0.52595
   -0.666433     -0.33186    -0.667634
   -0.655701     0.687091      0.31299
    0.354857     0.646355    -0.675501
   -0.670192    -0.219721    -0.708919
   -0.619535     0.691578     0.371344
    0.408681     0.688071    -0.599615
   -0.662143    -0.344708     -0.66539
   -0.656437     0.695099     0.293136
