  -0.0834338    -0.792713     0.603858
   -0.989366  -0.00655234      -0.1453
    0.119138     -0.60956    -0.783737
   -0.093363    -0.904002      0.41721
   -0.991116    0.0445203    -0.125326
   0.0947205    -0.425204    -0.900127
   -0.110255    -0.874229     0.472829
   -0.991055    0.0607119    -0.118843
   0.0751898    -0.481703    -0.873103
   -0.116685    -0.904003     0.411294
   -0.991219    0.0800651    -0.105231
   0.0621988    -0.419961    -0.905408
   -0.130425    -0.853265     0.504904
   -0.990215    0.0866046     -0.10943
   0.0496456    -0.514236    -0.856211
    -0.13276    -0.807678     0.574483
   -0.990409    0.0857252    -0.108356
   0.0382692    -0.583358    -0.811313
   -0.132074    -0.904637     0.405201
   -0.990891     0.109647   -0.0781849
      0.0263    -0.411837    -0.910878
   -0.132169    -0.863836     0.486127
   -0.990442    0.0955771   -0.0994456
   0.0394421    -0.494624    -0.868212
   -0.125342    -0.820475     0.557773
   -0.991988    0.0947076   -0.0836042
   0.0157697    -0.563784    -0.825772
   -0.120578    -0.900085     0.418698
   -0.992279    0.0969506   -0.0773436
   0.0290228    -0.424791    -0.904826
    -0.11087    -0.798079     0.592265
   -0.993818    0.0855413   -0.0707719
  0.00581854     -0.59645    -0.802629
   -0.103228    -0.861206     0.497662
   -0.994536    0.0815512   -0.0651689
   0.0155389    -0.501671    -0.864919
    0.136022     0.967848    -0.211583
    0.978357   -0.0976118     0.182456
   -0.155936     0.231822     0.960178
    0.155879     0.971624      -0.1779
    0.974026     -0.12125     0.191236
    -0.16424     0.203089     0.965288
    0.139564     0.980818    -0.136082
    0.978515    -0.115545     0.170755
   -0.151756     0.156989     0.975871
    0.158055     0.948033    -0.276139
    0.974975    -0.105557     0.195655
   -0.156339     0.300153     0.940992
    0.172843     0.950212    -0.259272
    0.970543    -0.119451     0.209231
   -0.167843     0.287799     0.942868
    0.142326     0.942724    -0.301687
    0.979327   -0.0898553      0.18123
   -0.143741     0.321244     0.936024
   -0.170321    -0.888892    -0.425278
   -0.972902    0.0832078     0.215725
     0.15637    -0.450497     0.878977
   -0.156147    -0.815453    -0.557364
   -0.977139    0.0451005     0.207763
    0.144284    -0.577064     0.803853
   -0.168521    -0.915825    -0.364508
    -0.97554     0.102009      0.19472
    0.141147    -0.388407     0.910614
   -0.183218    -0.880411    -0.437386
   -0.968779     0.086105     0.232495
     0.16703    -0.466328       0.8687
   -0.179566    -0.785411    -0.592355
   -0.971903     0.048486     0.230334
    0.152186    -0.617072      0.77205
   -0.189926    -0.869917    -0.455162
    -0.96819    0.0890307      0.23384
    0.162898    -0.485095     0.859155
   -0.143073    -0.911745    -0.385033
   -0.981028    0.0792215     0.176942
    0.130823    -0.403044     0.905782
   -0.154701    -0.869568    -0.468955
   -0.979496    0.0729921     0.187775
    0.129053    -0.488389     0.863031
   -0.146196    -0.903896     0.401995
   -0.983081    0.0874164    -0.160965
    0.110354    -0.418726    -0.901383
    -0.13258    -0.915537     0.379756
   -0.984738     0.078083    -0.155543
    0.112753    -0.394583    -0.911916
   -0.125591    -0.836778    -0.532944
   -0.983559     0.034756      0.17721
    0.129762    -0.546438     0.827386
   -0.116801    -0.934137     0.337262
   -0.987164    0.0719531    -0.142583
    0.108925    -0.349587    -0.930551
    0.108909     0.987544    -0.113563
    0.986214   -0.0930242     0.136855
   -0.124587     0.126902      0.98406
    0.123314     0.991289   -0.0462675
    0.982575    -0.115431     0.145678
   -0.139068    0.0634253      0.98825
   -0.101253     0.587374    -0.802957
   -0.986233    0.0468029     0.158601
    0.130739     0.807961     0.574548
  -0.0982608    -0.921901     0.374757
   -0.989461      0.05026    -0.135796
    0.106355     -0.38415    -0.917124
   -0.088554     -0.86501    -0.493878
   -0.989056     0.017617     0.146485
    0.118011    -0.501445     0.857103
  -0.0810561    -0.834292     0.545331
   -0.991009   0.00902632    -0.133491
    0.106448    -0.551249    -0.827523
    0.119363     0.979978     -0.15936
    0.982464   -0.0934267     0.161356
   -0.143236     0.175825     0.973945
   -0.190191    -0.877272    -0.440706
   -0.970329    0.0997114     0.220269
    0.149292    -0.469523     0.870207
   -0.182998    -0.805578    -0.563521
   -0.973215    0.0673065     0.219825
    0.139158    -0.588655     0.796317
   -0.182828    -0.859034    -0.478157
   -0.975315    0.0972154     0.198269
    0.123835    -0.502603     0.855602
    0.186373     0.942233    -0.278322
    0.973087    -0.137953      0.18458
   -0.135522     0.305232     0.942585
   -0.175641    -0.851055    -0.494829
   -0.977804    0.0924911        0.188
    0.114231    -0.516866     0.848411
   -0.174505    -0.841658    -0.511039
   -0.979422    0.0949245     0.178108
    0.101396    -0.531603     0.840903
    0.174213     0.947807    -0.267043
    0.979743     -0.13964     0.143545
  -0.0987635     0.286641     0.952934
   -0.161668    -0.669825     0.724705
   -0.984833     0.156375   -0.0751647
   0.0629789     0.725866     0.684947
   -0.174807    -0.734399    -0.655821
   -0.979383    0.0611994      0.19252
    0.101251    -0.675954     0.729955
   -0.161121    -0.888414     0.429838
   -0.984735     0.173775  -0.00995078
   0.0658547      0.42488     0.902851
   -0.158377    -0.866938     0.472584
   -0.984967     0.172152   -0.0142847
   0.0689723     0.467741      0.88117
   -0.172342    -0.984907   -0.0160231
   -0.980949     0.170123    0.0937887
   0.0896472   -0.0318816     0.995463
   -0.160844    -0.869029     0.467887
   -0.985414     0.168091   -0.0265479
    0.055577     0.465333     0.883389
    0.159727     0.979829    -0.120089
    0.985856    -0.152078    0.0704232
  -0.0507397     0.129639     0.990262
    -0.16349    -0.908661    -0.384197
   -0.983639     0.120272     0.134122
   0.0756635    -0.399838     0.913457
   -0.168035    -0.809114    -0.563115
    -0.98013    0.0760529     0.183196
      0.1054    -0.582709     0.805817
   -0.161302    -0.841014    -0.516408
   -0.982668    0.0884326      0.16292
   0.0913507    -0.533737     0.840702
   -0.165077    -0.852564    -0.495868
    -0.97896    0.0804932     0.187505
    0.119946    -0.516387     0.847913
   -0.174598    -0.741702    -0.647607
   -0.975866    0.0427405     0.214148
    0.131155    -0.669367     0.731264
   -0.157066    -0.901782     0.402642
   -0.982175     0.100005    -0.159158
    0.103259    -0.420463    -0.901415
   -0.126382    -0.878259     0.461182
   -0.991316    0.0947875   -0.0911488
    0.036338    -0.468696    -0.882612
   -0.134845    -0.872619     0.469418
   -0.989671    0.0953393    -0.107063
   0.0486711    -0.479006    -0.876461
   -0.144122    -0.920159     0.364055
   -0.987624     0.110754    -0.111048
   0.0618612    -0.375554    -0.924734
   -0.137023    -0.883033     0.448862
   -0.988943    0.0960002    -0.113034
   0.0567216    -0.459387    -0.886423
   -0.144178     -0.90509     0.400032
   -0.987172     0.103532    -0.121545
   0.0685929    -0.412424    -0.908406
   -0.136242    -0.870192     0.473501
   -0.987714     0.082384    -0.132795
   0.0765479    -0.485776    -0.870725
   -0.129089    -0.885498     0.446351
   -0.989427    0.0850067    -0.117509
   0.0661114    -0.456801    -0.887109
   -0.151039    -0.906449     0.394383
   -0.984914      0.10391    -0.138372
   0.0844465    -0.409333    -0.908469
   -0.142958    -0.896267     0.419843
   -0.985543    0.0899375    -0.143586
   0.0909316      -0.4343    -0.896167
   -0.151688    -0.896988     0.415214
   -0.985824     0.106819    -0.129384
   0.0717031    -0.428954    -0.900476
   -0.151234    -0.891748     0.426513
   -0.986904     0.111722    -0.116352
   0.0561059    -0.438524    -0.896966
   -0.139264    -0.904816     0.402384
    -0.98891     0.105901    -0.104126
    0.051602    -0.412422     -0.90953
   -0.123686    -0.906135       0.4045
   -0.991879     0.100725   -0.0776539
   0.0296219     -0.41082    -0.911235
   -0.147885    -0.934285      0.32441
   -0.988485     0.128997   -0.0791046
   0.0320584    -0.332373    -0.942603
   -0.116033    -0.923379     0.365934
   -0.992878     0.097808   -0.0680263
   0.0270227    -0.371221    -0.928151
   -0.126927    -0.881515     0.454775
   -0.989283    0.0791446    -0.122697
   0.0721666    -0.465475    -0.882114
   -0.116803    -0.834363     0.538698
   -0.989665    0.0523485    -0.133503
   0.0831903    -0.548724    -0.831854
   -0.118855    -0.849116      0.51466
   -0.989381    0.0576094    -0.133438
   0.0836555    -0.525055    -0.846947
  -0.0988735    -0.845023      0.52551
    -0.98991    0.0296569    -0.138561
    0.101502    -0.533907    -0.839429
   -0.101115    -0.863413     0.494261
   -0.990602    0.0413841    -0.130363
   0.0921029    -0.502798    -0.859483
  -0.0825613    -0.858571     0.506004
   -0.990839    0.0162686    -0.134064
    0.106872    -0.512437    -0.852049
  -0.0828718    -0.852113     0.516755
   -0.989364   0.00814432    -0.145234
    0.119547    -0.523294    -0.843725
   -0.101402     -0.85765     0.504137
   -0.990391    0.0391243    -0.132648
   0.0940417    -0.512743    -0.853376
  -0.0898727    -0.853123     0.513911
   -0.990973     0.025063    -0.131695
   0.0994721    -0.521108    -0.847675
   -0.113407     -0.86547     0.487955
   -0.989325    0.0531291    -0.135699
   0.0915191    -0.498135    -0.862256
    -0.13062    -0.871586     0.472521
   -0.987179     0.070239    -0.143329
   0.0917343    -0.485185    -0.869586
   -0.131316    -0.875666     0.464721
    -0.98819    0.0782831    -0.131726
   0.0789677    -0.476531    -0.875604
   -0.139466      -0.8691     0.474568
   -0.989647     0.138731   -0.0367719
    0.033879     0.474783      0.87945
   -0.141632    -0.839401     0.524735
   -0.989392     0.137327   -0.0473718
   0.0322964     0.525878     0.849946
    0.118867     0.957308     0.263501
    0.992884     -0.11266   -0.0385985
  0.00726455    -0.266214     0.963887
   -0.116587    -0.760843     0.638377
    -0.99318    0.0891827    -0.075093
-0.000201846     0.642778     0.766052
    0.122164     0.317789    -0.940258
    0.992457   -0.0293639     0.119021
   0.0102141    -0.947707     -0.31898
   0.0929306    -0.634754     0.767106
    0.994537    0.0223913    -0.101955
   0.0475395      0.77239     0.633367
  -0.0991511    -0.548426      -0.8303
   -0.993979     0.015477     0.108474
  -0.0466395     0.836056    -0.546658
  -0.0814932    -0.338406    -0.937465
   -0.993676   -0.0453138     0.102737
  -0.0772469     0.939908    -0.332573
   0.0928159     0.672277    -0.734459
    0.994955   -0.0344138    0.0942356
   0.0380769      -0.7395    -0.672079
  -0.0797552    -0.416633     -0.90557
   -0.993687   -0.0386743     0.105309
  -0.0788975     0.908252    -0.410918
  -0.0828015    -0.379764     -0.92137
   -0.994171    -0.032589     0.102776
  -0.0690573     0.924509    -0.374852
   -0.101041    -0.634254    -0.766494
   -0.993819     0.028731     0.107233
   -0.045991     0.772591    -0.633236
   0.0837039    -0.244127    -0.966124
     0.99358    0.0944997    0.0622038
   0.0761128    -0.965128     0.250469
  -0.0870109    -0.704861     0.703989
   -0.992961   0.00435776    -0.118364
  -0.0803623     0.709332     0.700278
    0.103614     0.930705     0.350787
    0.993217   -0.0781113   -0.0861291
   0.0527604    -0.357332     0.932486
    0.120612     0.724734      0.67839
    0.992539    -0.075755   -0.0955352
   0.0178462    -0.684851     0.728464
   -0.126132    -0.868855     0.478728
   -0.991871     0.102269   -0.0757223
  -0.0168328     0.484388     0.874691
   -0.147123    -0.804611     0.575288
   -0.988818     0.133976   -0.0654968
   0.0243752     0.578491     0.815324
   -0.143958    -0.752648     0.642492
   -0.989123      0.12926   -0.0702029
   0.0302105      0.64561     0.763069
   -0.148417    -0.672368     0.725185
   -0.988754     0.114533   -0.0961685
   0.0183969     0.731302     0.681805
   0.0562665      0.25772     -0.96458
    0.992434    0.0911622    0.0822484
     0.10913    -0.961909    -0.250641
  -0.0612862    -0.834603     0.547433
   -0.992679  -0.00622188    -0.120618
   -0.104074     0.550817     0.828112
   0.0395418    -0.364836     0.930232
    0.988469    -0.121899    -0.089826
    0.146166     0.923057     0.355809
  -0.0381825    -0.364495    -0.930422
   -0.989358    -0.117034    0.0864495
   -0.140402     0.923822    -0.356148
  -0.0452005    -0.945851    -0.321439
   -0.988535    0.0887537    -0.122155
    -0.14407    -0.312232     0.939018
  -0.0212642    0.0215483    -0.999542
   -0.982803    -0.183878     0.016944
   -0.183428     0.982713    0.0250877
  -0.0261013    -0.944282       0.3281
    -0.98271   -0.0359459    -0.181631
   -0.183304     0.327168     0.927017
  -0.0064055    -0.319673     0.947506
   -0.976649      0.20548    0.0627231
   -0.214744    -0.924979    -0.313525
  -0.0167393    -0.929596       0.3682
   -0.983601   -0.0508303    -0.173048
    -0.17958     0.365059       0.9135
-3.55182e-05    -0.614048     0.789269
   -0.976447     0.170312     0.132458
   -0.215758    -0.770675    -0.599591
  0.00706966    -0.492571     0.870243
   -0.976149      0.18544     0.112892
   -0.216985    -0.850286    -0.479512
   0.0261586    -0.285074    -0.958149
    0.982348     0.184924   -0.0282002
    0.185224    -0.940498     0.284879
 -0.00986948    -0.478895     0.877816
   -0.977306     0.190387    0.0928784
   -0.211604    -0.856978    -0.469906
 -0.00914354    -0.460233     0.887751
   -0.977559      0.19097    0.0889355
   -0.210465    -0.867015    -0.451651
  -0.0252872    -0.387185    -0.921655
   -0.982499    -0.160569     0.094411
   -0.184544     0.907913    -0.376348
    0.042142    -0.700608     0.712301
    0.987163   -0.0807331    -0.137812
    0.154058     0.708965     0.688212
   0.0418039    -0.696438     0.716398
    0.987035   -0.0824248    -0.137725
    0.154966     0.712867     0.683963
   0.0626982    -0.743056     0.666286
    0.991685   -0.0287884    -0.125424
    0.112378      0.66861     0.735072
   0.0617797     0.678402    -0.732089
    0.992311    0.0370703     0.118091
    0.107252    -0.733755    -0.670895
    0.064037     0.737382     0.672434
    0.991429    0.0298788     -0.12718
    0.113872    -0.674815     0.729149
 -0.00516116    -0.898532     0.438878
   -0.985072    0.0800852     0.152377
   -0.172064     -0.43154    -0.885532
  -0.0202892     -0.95442     0.297777
    -0.98823    0.0643126     0.138798
   -0.151622    -0.291456    -0.944491
  -0.0277242    -0.873062      0.48682
    -0.98547     0.105512     0.133104
   -0.167573    -0.476056    -0.863302
  -0.0439237    -0.922443     0.383627
   -0.989362    0.0934688     0.111471
   -0.138683    -0.374649    -0.916736
  -0.0392144    -0.974987     0.218777
   -0.991576    0.0650193     0.112027
    -0.12345    -0.212541    -0.969323
   0.0499523    -0.316039     -0.94743
    0.987551       0.1573 -0.000403608
    0.149158    -0.935616     0.319962
  -0.0635835    -0.934857     0.349285
   -0.992283    0.0965551    0.0777942
   -0.106452    -0.341644    -0.933781
   0.0675503     0.973994      0.21627
    0.991155   -0.0406935    -0.126312
    0.114227     -0.22289     0.968128
   0.0859172      0.98729    -0.133704
    0.993168   -0.0955085   -0.0670465
   0.0789643      0.12703     0.988751
  -0.0476105    -0.943899     0.326783
   -0.993575    0.0783807    0.0816412
   -0.102675    -0.320796    -0.941567
  -0.0686453    -0.939183     0.336488
    -0.99472    0.0902259    0.0489044
  -0.0762901    -0.331354    -0.940417
  -0.0547237    -0.931184     0.360419
   -0.996364    0.0745296    0.0412742
  -0.0652957     -0.35685    -0.931877
  -0.0708706    -0.805062     0.588942
   -0.991064   -0.0100556    -0.133006
      -0.113     0.593106     0.797155
  -0.0887618    -0.802828     0.589567
   -0.992154    0.0189406    -0.123581
  -0.0880475      0.59591      0.79821
  -0.0435609    -0.379172      -0.9243
   -0.987015    -0.126844    0.0985515
    -0.15461     0.916591    -0.368723
   0.0251953    -0.205445    -0.978344
    0.982795     0.184215   -0.0133738
    0.182973    -0.961175     0.206552
  -0.0268443    -0.647063     0.761963
   -0.983545     0.153325    0.0955538
   -0.178658     -0.74686    -0.640532
 -0.00612704    0.0215175     -0.99975
   -0.979884    -0.199562   0.00171013
   -0.199475     0.979649    0.0223074
 -0.00694835    -0.121259     0.992597
   -0.978474     0.205559    0.0182623
   -0.206251    -0.971103    -0.120077
 -0.00643743    -0.980567    -0.196079
   -0.981599    0.0436193    -0.185908
   -0.190848    -0.191274     0.962804
  -0.0746043    -0.924242     0.374447
    -0.99616    0.0863227    0.0145956
  -0.0458131     -0.37192    -0.927133
  -0.0818584    -0.899583     0.429011
   -0.995622    0.0933011   0.00566906
   -0.045127    -0.426668    -0.903282
  -0.0962345    -0.899514     0.426162
   -0.995149     0.095734   -0.0226526
  -0.0204219    -0.426275    -0.904363
  -0.0867941    -0.921094     0.379543
   -0.995857    0.0905849  -0.00789737
  -0.0271066    -0.378656    -0.925141
   -0.119008    -0.955495     0.269936
   -0.992714     0.119675   -0.0140465
  -0.0188832    -0.269641    -0.962776
   -0.107728    -0.900113     0.422127
   -0.994161    0.0948602   -0.0514395
  0.00625833    -0.425204    -0.905076
   -0.124297    -0.915534     0.382554
   -0.992201      0.11106   -0.0565887
  0.00932236    -0.386605    -0.922198
  -0.0993786    -0.908234     0.406492
   -0.995049    0.0903582    -0.041379
 0.000851888    -0.408592    -0.912717
   -0.144027    -0.910382    -0.387892
   -0.989542     0.129335    0.0638754
  0.00798302    -0.393035     0.919489
     0.12615     0.989584   -0.0693551
    0.991853    -0.127068  -0.00897059
     0.01769    0.0676584     0.997552
    0.102584     0.993194   -0.0551624
    0.993077    -0.105447   -0.0517611
   0.0572255    0.0494706     0.997135
     0.10469     0.972074    -0.210031
    0.993092    -0.113439   -0.0300132
   0.0530008     0.205438     0.977234
  -0.0957209     -0.85894     0.503051
   -0.995346    0.0882256   -0.0387535
   -0.011095    -0.504419    -0.863388
  -0.0888183    -0.931265     0.353351
   -0.995726    0.0920289  -0.00774137
  -0.0253093    -0.352529    -0.935459
   0.0912097    -0.660691    -0.745096
    0.994939    0.0921397    0.0400917
   0.0421646    -0.744981     0.665751
  -0.0673182    -0.896594     0.437707
   -0.996359    0.0834105    0.0176198
  -0.0523072    -0.434928    -0.898945
   0.0797565     0.988235    -0.130503
    0.995468   -0.0857653   -0.0410809
   0.0517903     0.126635     0.990596
  -0.0561715    -0.910126     0.410506
   -0.995846    0.0805803    0.0423868
   -0.071656     -0.40642    -0.910872
   -0.048122    -0.928485     0.368238
    -0.99636    0.0705924    0.0477875
  -0.0703648    -0.364598    -0.928502
  -0.0635009     0.389639    -0.918776
   -0.995596   -0.0883545    0.0313405
  -0.0689665      0.91672     0.393533
   -0.041605    -0.931978      0.36012
    -0.99501    0.0713651     0.069736
  -0.0906924    -0.355422    -0.930296
  -0.0283812    -0.947492     0.318517
   -0.992616    0.0643065     0.102846
   -0.117929    -0.313246    -0.942321
  -0.0284203    -0.919052     0.393111
   -0.993276     0.070118    0.0921187
   -0.112226     -0.38785    -0.914865
  -0.0161736     -0.95445     0.297931
     -0.9899    0.0572573     0.129691
   -0.140842    -0.292825    -0.945736
   -0.014151    -0.924167     0.381726
   -0.991801    0.0614631     0.112036
   -0.127002    -0.377011     -0.91746
  0.00613407    -0.947736     0.318995
   -0.988794    0.0418341     0.143303
   -0.149158      -0.3163     -0.93686
  0.00118403    -0.949309     0.314342
   -0.986972    0.0494646       0.1531
   -0.160888    -0.310428    -0.936883
 -0.00733877    -0.932559     0.360944
   -0.992095    0.0520101     0.114205
   -0.125276    -0.357252    -0.925568
   0.0102271     -0.94308     0.332409
   -0.990529     0.035965     0.132512
   -0.136924    -0.330616     -0.93378
   0.0142988    -0.977606    -0.209959
   -0.991093    0.0139482    -0.132442
   -0.132404    -0.209983     0.968698
  -0.0200719    -0.990013    -0.139543
   -0.992759    0.0362688    -0.114517
   -0.118434    -0.136234     0.983572
  -0.0353064    -0.949247     0.312545
   -0.994016    0.0657037    0.0872639
    -0.10337    -0.307594    -0.945886
   0.0454639     0.973762      0.22298
    0.992738   -0.0191554    -0.118759
    0.111372     -0.22676     0.967562
  -0.0518774    -0.943635    -0.326898
     -0.9947    0.0779233   -0.0670812
  -0.0887732    -0.321685     0.942676
  -0.0434297    -0.946552     0.319614
   -0.994933     0.070015    0.0721597
  -0.0906807     -0.31486    -0.944796
   0.0243026    -0.950978    -0.308302
    0.992347   -0.0143987     0.122638
    0.121065     0.308923     -0.94335
 -0.00488714     0.999825   -0.0180697
    0.992342   0.00707922     0.123316
    0.123422   -0.0173286    -0.992203
    0.434633      0.74887    -0.500287
    0.889865     -0.27155     0.366607
   -0.138688     0.604528     0.784418
    -0.46822    -0.630212     0.619356
   -0.874824     0.429233    -0.224592
    0.124307     0.646986     0.752301
   -0.452744    -0.399024    -0.797372
   -0.887246     0.290288     0.358507
   0.0884144     0.869777    -0.485459
    0.479825     0.135363    -0.866859
     0.87237    -0.178876     0.454944
  -0.0934781    -0.974515    -0.203916
   -0.495657    -0.471641      -0.7293
   -0.859988     0.383919     0.336194
    0.121429     0.793827    -0.595898
    0.456529     0.261694    -0.850352
    0.886385    -0.216312     0.409305
  -0.0768287    -0.940599    -0.330714
    0.502717    0.0838024    -0.860379
     0.85838    -0.166142     0.485367
    -0.10227    -0.982534    -0.155457
    0.477706     0.198922    -0.855702
     0.87462    -0.199354     0.441924
  -0.0826793    -0.959525    -0.269214
     0.48873   -0.0367251    -0.871662
    0.867558   -0.0850398     0.490012
  -0.0921217    -0.995701  -0.00970036
   -0.525266    0.0217516     -0.85066
   -0.841025      0.13888     0.522867
    0.129513      0.99007   -0.0546553
    0.512565     0.113217    -0.851152
    0.851036    -0.198688     0.486066
   -0.114083    -0.973501    -0.198193
     0.53442   -0.0759334    -0.841801
    0.833434    -0.118393     0.539788
   -0.140651    -0.990059  1.39786e-05
   -0.458137    -0.348308    -0.817797
   -0.886356     0.248323      0.39078
   0.0669656      0.90389    -0.422491
    0.468895      0.22855    -0.853172
    0.879918    -0.204743     0.428747
  -0.0766913    -0.951759    -0.297108
   -0.452923    -0.742731     0.493164
   -0.889174     0.416667    -0.189098
   0.0650361     0.524155     0.849136
    0.439193     0.261388    -0.859527
    0.896467    -0.190116     0.400253
  -0.0587889    -0.946326    -0.317823
   -0.436236    -0.480894    -0.760551
    -0.89771     0.290596     0.331165
   0.0617577     0.827221    -0.558472
    0.414963     0.266382    -0.869969
    0.908136    -0.179726     0.378136
  -0.0556276    -0.946963     -0.31649
   -0.403433     0.448741    -0.797417
   -0.912553    -0.133512      0.38655
   0.0669965     0.883633     0.463363
    0.431971     0.238584    -0.869758
    0.898727     -0.19454     0.392994
    -0.07544    -0.951437    -0.298458
    0.389205     0.265931     -0.88193
    0.917594     -0.19599     0.345847
  -0.0808776    -0.943858    -0.320297
   -0.378228     0.186175    -0.906798
   -0.923708   -0.0114637     0.382927
    0.060896      0.98245     0.176307
   -0.360588     0.327627    -0.873291
   -0.929892   -0.0533593     0.363941
   0.0726387     0.943299     0.323899
   -0.341797      0.33869    -0.876621
   -0.937399   -0.0565901      0.34363
   0.0667761     0.939195      0.33683
    0.420034    0.0582476    -0.905637
    0.902145    -0.135135     0.409723
  -0.0985183    -0.989114    -0.109309
   -0.541008     0.513711    -0.665892
   -0.826945    -0.180693     0.532458
    0.153207      0.83872     0.522567
    0.515839    0.0545195    -0.854949
    0.847416    -0.178889     0.499886
   -0.125687    -0.982358    -0.138479
    0.513516     -0.15686    -0.843621
    0.846625   -0.0674873     0.527893
   -0.139739    -0.985312    0.0981461
   -0.538019      0.39669    -0.743756
   -0.825982   -0.0720466     0.559073
    0.168194     0.915121     0.366421
   -0.492359    -0.618838    -0.612064
   -0.862594     0.253001      0.43809
    0.116254     -0.74366     0.658373
   -0.507085     0.505818    -0.697863
   -0.847465    -0.145066     0.510645
    0.157057     0.850355     0.502225
   -0.487731     0.607562    -0.626886
   -0.863062    -0.227566      0.45093
     0.13131     0.760974     0.635355
   -0.481248    -0.686412    -0.545196
   -0.863813      0.26557     0.428136
     0.14909    -0.676987     0.720736
   -0.530918     0.529489     -0.66164
   -0.826822    -0.152552     0.541382
    0.185721     0.834487     0.518786
   -0.499408    -0.678056    -0.539288
   -0.848641     0.257589     0.462014
    0.174357    -0.688395     0.704068
   -0.522306    -0.700845    -0.485812
   -0.827377     0.278527     0.487719
    0.206503    -0.656688     0.725339
   -0.470047     0.524157    -0.710152
   -0.875403    -0.174017     0.450985
    0.112808     0.833653     0.540645
   -0.462515     0.453612    -0.761784
   -0.877292    -0.109898     0.467206
    0.128212     0.884397      0.44878
    0.447419    -0.274525    -0.851148
    0.887926    0.0227132     0.459426
   -0.106792    -0.961312      0.25392
     0.45428     0.248899    -0.855382
    0.885762    -0.228764     0.403849
  -0.0951629    -0.941125    -0.324388
     0.47534    -0.166824    -0.863841
    0.874229   -0.0207805     0.485069
  -0.0988722    -0.985768     0.135965
   -0.460241    -0.484648    -0.743837
   -0.883767     0.329817     0.331928
    0.084462     0.810146    -0.580112
    0.474587    0.0548988    -0.878495
    0.875858    -0.128557     0.465129
  -0.0874015    -0.990181    -0.109095
    0.494533    0.0478325    -0.867842
    0.863172    -0.144022     0.483933
   -0.101841    -0.988418    -0.112511
    0.459362     0.219192     -0.86078
    0.885232    -0.192771     0.423324
  -0.0731447    -0.956449    -0.282587
    0.425637     0.892063     0.151847
    0.903718     -0.42761   -0.0210774
  -0.0461289    -0.146198     0.988179
   -0.429566    -0.803514     0.412115
    -0.90158     0.407506     -0.14523
   0.0512448      0.43394     0.899483
   -0.429966    -0.543582    -0.720866
   -0.900732     0.312864     0.301328
    0.061737     0.778868    -0.624143
   -0.433213     -0.40429    -0.805529
   -0.899157      0.25534     0.355412
   0.0619944     0.878266    -0.474137
   -0.430646    -0.637062     0.639294
   -0.900842     0.346597    -0.261445
   0.0550204     0.688493     0.723153
   -0.437011    -0.605166    -0.665429
   -0.897142     0.346304     0.274244
   0.0644777     0.716832    -0.694258
    -0.43129    -0.368669    -0.823451
   -0.900106     0.238172     0.364806
   0.0616304      0.89853    -0.434563
    0.437321     0.314712    -0.842441
    0.897227    -0.216345      0.38494
  -0.0611129    -0.924203     -0.37698
    0.429468     0.197366    -0.881251
    0.901139    -0.157642     0.403854
   -0.059215    -0.967572    -0.245556
    -0.42918    -0.542454    -0.722183
   -0.901336     0.308821     0.303683
   0.0582914     0.781264    -0.621473
   -0.424418    -0.551472    -0.718156
   -0.903401     0.311442     0.294738
   0.0611241     0.773875    -0.630382
   -0.419693    -0.583034     -0.69565
   -0.905418     0.322827     0.275683
    0.063842     0.745556    -0.663378
    0.443885     0.296566    -0.845585
    0.893778    -0.214177     0.394066
  -0.0642385    -0.930686    -0.360135
   -0.437623    -0.344072    -0.830723
   -0.897334     0.225946     0.379131
     0.05725     0.911352    -0.407627
   -0.445763     -0.50172    -0.741331
    -0.89219      0.31632     0.322395
   0.0727461      0.80512    -0.588634
    0.442437     0.117283    -0.889097
    0.893012     -0.14864     0.424778
  -0.0823359    -0.981912    -0.170499
   -0.434549      -0.4723    -0.766877
   -0.897904     0.293601     0.327974
   0.0702543     0.831102    -0.551664
   -0.430277    -0.634777     -0.64181
   -0.899758     0.358915     0.248226
   0.0727872      0.68428    -0.725578
    0.436256     0.885358    -0.160695
     0.89533    -0.409277     0.175715
  -0.0898017     0.220531     0.971237
   -0.426887    -0.696446     0.576828
   -0.902316     0.370324    -0.220649
   0.0599433     0.614674     0.786501
   -0.409875    -0.543526    -0.732517
   -0.909569     0.303819      0.28351
   0.0684572     0.782479    -0.618903
   -0.412104    -0.409955    -0.813699
   -0.908958     0.246694      0.33606
   0.0629654     0.878111    -0.474296
   -0.390288    -0.441566    -0.807895
   -0.918074     0.252789     0.305349
   0.0693948     0.860882    -0.504051
   -0.389885     -0.50662    -0.768977
   -0.917612     0.283858     0.278233
   0.0773221     0.814102    -0.575552
   -0.389674    -0.497243     -0.77518
   -0.919146     0.262682     0.293545
   0.0576623      0.82689    -0.559399
   -0.356796    -0.396597    -0.845818
   -0.931016     0.225447     0.287025
   0.0768539     0.889879    -0.449677
   -0.356488    -0.410532    -0.839273
   -0.931995     0.219316     0.288594
   0.0655894     0.885078    -0.460797
   -0.317744    -0.572207    -0.756054
   -0.945128     0.255026     0.204192
   0.0759734     0.779449    -0.621842
   -0.361176    -0.395749    -0.844355
   -0.928048     0.240902     0.284066
    0.090988     0.886199    -0.454282
   -0.322499    -0.353124    -0.878235
   -0.942382     0.206958     0.262841
   0.0889422     0.912399    -0.399521
   -0.327328    -0.291163    -0.898933
   -0.938909     0.207271      0.27475
    0.106326      0.93395    -0.341221
    0.363924     0.168133    -0.916128
     0.92947    -0.129304     0.345494
  -0.0603696    -0.977247    -0.203332
   -0.328411     0.011401    -0.944466
   -0.941976    0.0696064     0.328386
   0.0694848     0.997509     -0.01212
   -0.400402    -0.535153    -0.743835
   -0.914732     0.281493     0.289875
   0.0542572     0.796476    -0.602232
   -0.422917    -0.544442    -0.724378
   -0.904543     0.301494     0.301501
    0.054246     0.782741    -0.619978
   -0.416964    -0.384529    -0.823577
   -0.907177     0.232201     0.350875
   0.0563137     0.893432    -0.445655
   -0.517422    0.0203626    -0.855488
    -0.82613      0.24878     0.505586
    0.223124     0.968346    -0.111902
   -0.494416     0.404603    -0.769317
   -0.847562   -0.0280378     0.529956
    0.192852     0.914062     0.356789
    -0.48858    -0.395501    -0.777733
   -0.847607     0.426621     0.315526
    0.207006     0.813371    -0.543668
    0.512975    -0.193157    -0.836389
    0.824651    -0.159646     0.542645
   -0.238342    -0.968093    0.0773923
    0.465299    -0.316629    -0.826585
    0.868494   -0.0170111     0.495407
   -0.170922    -0.948397     0.267075
   -0.490762    -0.343001    -0.800939
   -0.843444     0.417578     0.337979
    0.218528     0.841415    -0.494233
   -0.468391    -0.460776    -0.753854
   -0.864549     0.414901     0.283571
    0.182112     0.784566    -0.592699
   -0.460419    -0.328928    -0.824513
   -0.869171     0.355833     0.343402
    0.180434     0.874751    -0.449727
    0.510616      0.29702    -0.806877
     0.82133    -0.446095      0.35555
   -0.254338    -0.844262    -0.471735
    0.487997     0.804072     0.339598
    0.841112    -0.537159    0.0631738
   -0.233214    -0.254812     0.938447
     0.50577     0.842851    -0.183846
    0.819475    -0.402821      0.40767
   -0.269548     0.356845      0.89443
    0.446439     0.224529    -0.866186
    0.883564    -0.263626      0.38706
   -0.141443     -0.93813    -0.316079
   -0.441084    -0.236932    -0.865626
   -0.886189     0.267402     0.378371
    0.141822     0.934002    -0.327913
   -0.426243    -0.465367    -0.775726
    -0.89905      0.31285     0.306325
    0.100132     0.827985    -0.551738
   -0.430468    -0.517087     -0.73981
   -0.896942     0.336733     0.286539
    0.100953     0.786913     -0.60875
     0.45191     -0.19002     -0.87159
    0.880474   -0.0619681     0.470027
   -0.143325    -0.979823     0.139304
    0.435632    -0.176314    -0.882688
    0.892961   -0.0388214     0.448457
   -0.113336    -0.983568      0.14053
   -0.458043    -0.710274    -0.534516
   -0.877901     0.267021     0.397478
    0.139591    -0.651314     0.745858
   -0.471722     0.352184     -0.80836
    -0.86674   -0.0167833     0.498478
    0.161989      0.93578     0.313169
   -0.442166    -0.700332    -0.560378
   -0.889679     0.263158     0.373119
    0.113839    -0.663538     0.739431
   -0.496865    -0.867677   -0.0161939
   -0.820333     0.463502     0.334993
    0.283159     -0.17973     0.942082
   -0.473239    -0.798995     0.371016
   -0.849373     0.525566    0.0484294
    0.233688     0.292212     0.927363
    0.453063     0.872265     0.184088
    0.856826     -0.48308     0.180228
   -0.246135   -0.0760766     0.966245
    0.473757     0.880212   -0.0279462
    0.831157    -0.436415     0.344558
   -0.291088     0.186464     0.938349
   -0.437333    -0.809175    -0.392398
   -0.879481     0.293733     0.374479
    0.187759    -0.508878     0.840113
   -0.431461     -0.83375    -0.344534
   -0.866137     0.276042     0.416663
    0.252287    -0.478187     0.841242
   -0.417581     -0.85917    -0.295725
    -0.88592     0.312649     0.342632
    0.201921    -0.405065     0.891712
    -0.38636    -0.863344    -0.324598
   -0.896106     0.268005      0.35379
    0.218449    -0.427564     0.877194
    0.454582      0.88594   -0.0920066
    0.838104    -0.390476     0.380932
   -0.301557     0.250276     0.920014
    0.407657     0.896403    -0.174005
    0.875116    -0.329111     0.354765
   -0.260746     0.296897     0.918621
   -0.420783    -0.907105   -0.0101212
   -0.848335      0.38952      0.35861
    0.321355    -0.159483     0.933432
   -0.398475    -0.796775    -0.454276
   -0.905759     0.263936     0.331571
    0.144288    -0.543587     0.826858
   -0.375451    -0.835975    -0.400228
   -0.913228     0.259928     0.313769
    0.158273    -0.483304     0.861026
    0.358724     0.881932      -0.3058
    0.926567    -0.296738     0.231129
   -0.113098     0.366256     0.923615
    0.391943     0.879592    -0.269628
    0.914638    -0.340985     0.217181
  -0.0990914     0.331734     0.938154
   -0.426389    -0.725572    -0.540127
   -0.893658     0.245566     0.375597
    0.139886     -0.64284      0.75312
   -0.411084     0.630236    -0.658644
   -0.906742    -0.208217     0.366695
   0.0939631     0.747962     0.657056
    0.437933     0.819975    -0.368586
    0.888779    -0.333219     0.314701
   -0.135227     0.465409     0.874704
   -0.449691    0.0101718    -0.893126
   -0.874338     0.199314     0.442501
    0.182514     0.979883   -0.0807362
   -0.422588    -0.741288    -0.521451
   -0.901356     0.283596     0.327309
   0.0947486    -0.608329     0.788009
    0.365093     0.702096    -0.611365
    0.930884    -0.266343     0.250032
  -0.0127137     0.660395     0.750811
    0.377236     0.643812    -0.665732
    0.926116    -0.263493     0.269965
   0.0016093     0.718386     0.695643
    0.383332     0.660374    -0.645726
    0.923518    -0.264165     0.278085
  -0.0130616     0.702939     0.711131
     -0.3949    -0.693251    -0.602874
   -0.918707     0.293912     0.263807
  0.00569276    -0.658042      0.75296
   -0.393827    -0.755903    -0.522982
   -0.919156      0.32831     0.217633
 -0.00719046    -0.566412     0.824091
   -0.395828    -0.649982    -0.648725
   -0.917937     0.259533     0.300057
   0.0266659    -0.714259     0.699373
    0.402956      0.26883    -0.874847
    0.915185    -0.126574     0.382642
 -0.00786711    -0.954835    -0.297034
    0.406638    -0.168881    -0.897844
    0.913088    0.0425806     0.405533
   -0.030256    -0.984716     0.171518
   -0.411775    -0.612458    -0.674786
   -0.910629     0.304644     0.279189
   0.0345777     0.729443    -0.683167
    0.406698     0.868861    -0.282272
    0.913531    -0.389361     0.117724
  0.00762016     0.305742     0.952084
   -0.411484    -0.603255    -0.683202
   -0.911343      0.28187     0.300005
   0.0115944     0.746079    -0.665757
     0.41547     0.849352     0.325554
    0.909604     -0.38698    -0.151221
  0.00245728    -0.358953     0.933352
    0.414218    -0.426854    -0.803878
    0.908315     0.137389     0.395079
  -0.0581967    -0.893823     0.444627
      -0.416    -0.580664    -0.699838
   -0.907205     0.318013     0.275404
   0.0626404     0.749465    -0.659074
    0.401283     0.861217    -0.311893
    0.914297    -0.356147     0.192925
  -0.0550705      0.36258     0.930324
   -0.382193    -0.684448    -0.620854
   -0.922141     0.238958     0.304228
   0.0598705    -0.688789     0.722485
   -0.380965     0.498337    -0.778798
    -0.92411    -0.178101     0.338084
   0.0297752     0.848493     0.528368
    0.362951     0.656339    -0.661427
     0.93065    -0.219957     0.292419
  -0.0464406     0.721691     0.690656
   -0.355746      0.54934    -0.756088
    -0.93186    -0.146791     0.331797
   0.0712824     0.822604     0.564129
    -0.35836    -0.704675    -0.612382
    -0.93323     0.252335     0.255752
   0.0256968    -0.663144     0.748051
   -0.419656    -0.721332     0.550972
   -0.907665     0.337321    -0.249716
  0.00572633     0.604893     0.796286
   -0.417885    -0.702997     0.575472
   -0.908174     0.340214    -0.243875
   0.0243398      0.62454     0.780613
   -0.419253    -0.597468    -0.683563
   -0.906866     0.310987     0.284395
   0.0426618     0.739134    -0.672206
   -0.423129    -0.396087    -0.814909
   -0.905736     0.209296     0.368561
   0.0245748     0.894042    -0.447309
     0.42071     0.851311     0.313484
     0.90474    -0.419132   -0.0759896
  -0.0667003    -0.315591     0.946548
    0.424429     0.839776     0.338579
    0.903878    -0.415053     -0.10361
  -0.0535195    -0.350009     0.935216
   -0.424931     -0.77552     0.466906
   -0.902512     0.402859    -0.152237
   0.0700348     0.486079     0.871104
   -0.425461    -0.638216      0.64161
    -0.90424     0.328415    -0.272936
   0.0365221     0.696293     0.716828
   -0.431308    -0.681464     0.591253
   -0.897783      0.38899    -0.206575
   0.0892188     0.619914     0.779581
   -0.424844    -0.650229     0.629849
   -0.901051     0.370799    -0.224978
   0.0872601     0.663107     0.743421
    0.419923     0.626932    -0.656217
    0.904723    -0.346298     0.248101
  -0.0717042    -0.697878    -0.712619
   -0.418153    -0.653856     0.630572
   -0.907092     0.337462    -0.251601
   0.0482836     0.677194     0.734218
    0.664447    0.0498618     -0.74567
    0.601982    -0.626978     0.494486
   -0.442863     -0.77744     -0.44661
    0.671575   -0.0784915    -0.736767
    0.590688    -0.543578     0.596331
   -0.447298     -0.83568     -0.31869
    0.660356    -0.125547    -0.740384
    0.623897    -0.457005     0.633955
    -0.41795    -0.880559    -0.223457
   -0.668602      0.51147    -0.539787
   -0.620249     0.016843     0.784224
    0.410199     0.859136     0.305978
    0.677327    0.0313456    -0.735014
    0.584183    -0.630191     0.511459
   -0.447167    -0.775807    -0.445157
     0.65549    -0.299991    -0.693065
    0.660177    -0.218043     0.718765
   -0.366741    -0.928689    0.0551221
     0.67242      0.67368    -0.306604
    0.615094    -0.278179     0.737751
   -0.411717     0.684669     0.601429
    0.658793    -0.216724    -0.720432
    0.657277    -0.300105     0.691321
