  -0.0426697    -0.799347     0.599352
   -0.996431  -0.00968599   -0.0838571
   0.0728363    -0.600791    -0.796081
  -0.0633107    -0.896808     0.437867
   -0.996484    0.0326784   -0.0771509
   0.0548808    -0.441212    -0.895723
  -0.0980936    -0.877604     0.469242
   -0.994353    0.0672467   -0.0820976
   0.0404942    -0.474646    -0.879245
   -0.117637     -0.90884     0.400213
   -0.992394    0.0928678   -0.0808068
   0.0362736    -0.406675    -0.912852
   -0.132202    -0.907285     0.399194
   -0.990813     0.109378   -0.0795365
   0.0284994    -0.406042     -0.91341
   -0.132108    -0.892567     0.431128
    -0.99113     0.112596   -0.0705965
   0.0144686     -0.43663    -0.899525
   -0.141034    -0.877971     0.457468
   -0.989967     0.121006   -0.0729646
  0.00870433    -0.463168    -0.886228
   -0.133472    -0.904989     0.403956
    -0.99069     0.110817   -0.0790707
   0.0267928    -0.410749    -0.911355
   -0.132586    -0.839025     0.527691
   -0.991169     0.111141   -0.0723243
  0.00203348    -0.532621    -0.846352
   -0.131181    -0.894324     0.427757
   -0.991027     0.107151   -0.0798961
   0.0256183      -0.4344    -0.900356
    -0.12413    -0.800126     0.586848
   -0.992265      0.10103   -0.0721369
 -0.00157046    -0.591263    -0.806478
   -0.113446    -0.864558      0.48956
   -0.993452    0.0919991   -0.0677439
   0.0135295     -0.49404    -0.869334
    -0.13299    -0.816213     0.562237
   -0.980065     0.192781    0.0480421
    0.147601      0.54464     0.825579
    0.167239     0.953778     0.249677
    0.970814    -0.203466     0.126975
   -0.171906    -0.221154     0.959968
    -0.14243    -0.873733     0.465085
   -0.977398     0.198316    0.0732443
     0.15623     0.444141     0.882231
   -0.168326     0.662506    -0.729899
   -0.970545    0.0180879     0.240241
    0.172363     0.748838     0.639947
   -0.189855    -0.828079    -0.527486
   -0.964138    0.0557621     0.259478
    0.185454    -0.557832     0.808969
    0.142938      0.26108    -0.954676
      0.9772    -0.190241    0.0942845
   -0.157002    -0.946386     -0.28232
   -0.190568    -0.775481    -0.601925
   -0.965407    0.0368855     0.258125
    0.177969    -0.630293     0.755684
   -0.169732    -0.710759    -0.682651
   -0.971748    0.0054295     0.235959
    0.164004    -0.703415       0.6916
   -0.187659    -0.678261    -0.710455
   -0.967883   0.00449733     0.251362
    0.167294    -0.734807     0.657321
   -0.207772    -0.809447    -0.549206
   -0.959653    0.0599266     0.274728
    0.189465    -0.584127     0.789239
   -0.204716    -0.769618    -0.604797
   -0.962202    0.0448535     0.268617
    0.179605    -0.636927     0.749711
   -0.217648    -0.802985    -0.554838
   -0.957595    0.0657243     0.280521
    0.188788    -0.592365     0.783239
   -0.150224    -0.873395    -0.463264
   -0.977323    0.0604576     0.202938
    0.149238    -0.483245     0.862672
   -0.169644    -0.888771    -0.425802
   -0.973968    0.0852811     0.210032
    0.150357    -0.450349     0.880102
   -0.155851    -0.909745    -0.384805
   -0.979432    0.0917817     0.179694
    0.128158    -0.404895     0.905337
   -0.129729    -0.914601     0.382982
   -0.983852    0.0706986    -0.164428
    0.123309    -0.398129    -0.909004
    0.124521     0.977074    -0.172687
    0.982451   -0.0970546     0.159284
   -0.138872     0.189491     0.972012
  -0.0965184    -0.911321     0.400223
   -0.989585    0.0447157    -0.136831
      0.1068    -0.409261    -0.906145
  -0.0865558      -0.8717     0.482335
   -0.989113      0.13303    0.0629207
    0.119013     0.471638     0.873724
   -0.114527    -0.780537     0.614528
   -0.983484     0.176359    0.0407126
    0.140155     0.599716     0.787844
  -0.0783028    -0.840603     0.535962
   -0.990185     0.128008    0.0561048
     0.11577     0.526308     0.842376
  -0.0583071    -0.893521      0.44522
   -0.994425    0.0127356    -0.104673
   0.0878574    -0.448841    -0.889282
   0.0477427     0.968776     0.243298
    0.994266   -0.0694251    0.0813343
  -0.0956856    -0.238019     0.966536
   -0.022174     -0.85329     0.520964
   -0.997414   -0.0167497   -0.0698876
   0.0683604    -0.521167    -0.850713
   -0.109162     -0.79779     0.592971
   -0.984777     0.167975     0.044704
    0.135269     0.579064     0.803982
   -0.216904    -0.733067    -0.644644
    -0.96018    0.0410924     0.276343
    0.176088    -0.678914     0.712789
   -0.209428    -0.803783    -0.556842
   -0.963403    0.0721707     0.258159
    0.167316    -0.590529     0.789481
   -0.203839    -0.804521    -0.557849
   -0.968199    0.0812369     0.236623
     0.14505    -0.588342     0.795496
   -0.206813    -0.768989    -0.604884
   -0.966657    0.0651804      0.24764
    0.151006    -0.635931     0.756828
   -0.199598    -0.814927    -0.544108
   -0.970189    0.0864618     0.226403
    0.137458    -0.573078     0.807891
   -0.190705     -0.79682    -0.573331
   -0.973887     0.080283     0.212363
    0.123186    -0.598859     0.791324
   -0.189091    -0.826866    -0.529657
   -0.975064    0.0942971     0.200893
    0.116167    -0.554437     0.824078
   -0.177121    -0.895443     0.408424
   -0.980685     0.195563   0.00346515
   0.0829756     0.399922     0.912786
    -0.18937    -0.775349    -0.602473
   -0.974326    0.0722864     0.213222
    0.121771    -0.627383     0.769131
   -0.172543    -0.737063     0.653428
   -0.981617     0.183619   -0.0520825
   0.0815936     0.650402     0.755195
   -0.170128    -0.782894     0.598443
   -0.982136     0.184267   -0.0381443
   0.0804105     0.594242     0.800257
   -0.187566     -0.82202    -0.537682
   -0.976562    0.0972266     0.192024
    0.105571    -0.561097      0.82099
   -0.174778    -0.696024     0.696421
   -0.982297     0.171693   -0.0749279
    0.067419     0.697188     0.713711
   -0.180697    -0.802752     0.568277
   -0.981448     0.184822   -0.0509932
   0.0640953     0.566949     0.821256
   -0.181577    -0.788523     -0.58759
   -0.979129    0.0894889      0.18248
   0.0913073     -0.60846     0.788314
   -0.190246    -0.890674    -0.412924
   -0.973113     0.115457     0.199301
    0.129837    -0.439738     0.888692
   -0.179153    -0.904318    -0.387445
   -0.977114     0.117645     0.177224
    0.114686    -0.410328     0.904698
   -0.184164    -0.766778    -0.614927
   -0.972105    0.0496422     0.229233
    0.145245     -0.63999     0.754531
   -0.199225    -0.822331    -0.532992
    -0.96723    0.0776481     0.241736
    0.157401    -0.563686     0.810853
   -0.170209    -0.837359    -0.519479
   -0.977628    0.0773832     0.195588
    0.123579    -0.541148     0.831797
   -0.135728    -0.908504      0.39522
   -0.989917      0.10804    -0.091606
   0.0405247    -0.403668    -0.914008
    -0.14123    -0.898009     0.416694
   -0.988894     0.108291    -0.101791
   0.0462851    -0.426442     -0.90333
   -0.159402    -0.914397     0.372114
   -0.984879     0.121385    -0.123611
   0.0678608    -0.386191    -0.919919
   -0.141039    -0.885605     0.442507
   -0.988863     0.104568    -0.105904
   0.0475169    -0.452515     -0.89049
    -0.15083    -0.912757     0.379639
   -0.986161     0.112191    -0.122062
   0.0688208    -0.392795    -0.917047
   -0.136155    -0.905213     0.402556
   -0.988384     0.096423    -0.117474
   0.0675231    -0.413874    -0.907826
   -0.131377    -0.905616     0.403236
    -0.99019     0.100357   -0.0972219
   0.0475782    -0.412053    -0.909917
   -0.158427    -0.924326     0.347164
   -0.982116     0.111295    -0.151862
    0.101732    -0.365015    -0.925427
   -0.147791    -0.933587     0.326456
   -0.984074     0.105844    -0.142813
   0.0987748    -0.342364    -0.934361
   -0.164218    -0.889362     0.426693
   -0.982226     0.107566     -0.15382
   0.0909042     -0.44437    -0.891219
   -0.165614    -0.868591     0.467035
   -0.983931     0.113493    -0.137835
   0.0667167    -0.482358     -0.87343
   -0.152032    -0.919161     0.363358
   -0.986629     0.119286    -0.111062
   0.0587406    -0.375384    -0.925006
   -0.136772    -0.905199     0.402379
   -0.989895     0.109543    -0.090045
    0.037431    -0.410628    -0.911034
   -0.162694    -0.891412    -0.422983
   -0.985856     0.129384     0.106525
   0.0402307    -0.434332     0.899854
   -0.124309     -0.92744     0.352708
   -0.991814     0.105675   -0.0716839
     0.02921    -0.358731    -0.932984
   -0.115652    -0.898138     0.424231
   -0.992547    0.0879767   -0.0843292
   0.0384169    -0.430822    -0.901619
  -0.0897316    -0.870541     0.483845
   -0.995232    0.0597312   -0.0771019
   0.0382197    -0.488457    -0.871751
  -0.0915333    -0.861219     0.499923
   -0.994604    0.0544533      -0.0883
   0.0488232    -0.505308    -0.861557
  -0.0572178    -0.866577     0.495752
   -0.997106    0.0247021   -0.0719028
   0.0500633    -0.498431    -0.865483
  -0.0605646    -0.868787     0.491467
   -0.996986     0.028736   -0.0720628
   0.0484844    -0.494351    -0.867909
  -0.0290497    -0.826164      0.56268
   -0.998094  -0.00668769   -0.0613484
   0.0544469    -0.563389    -0.824395
  -0.0344235    -0.808718     0.587188
   -0.997171   -0.0114871   -0.0742793
   0.0668161    -0.588084    -0.806035
  -0.0582182    -0.902272     0.427218
   -0.996123    0.0242291    -0.084573
   0.0659568    -0.430485    -0.900184
  -0.0295984    -0.846544     0.531495
   -0.998155   -0.0031671   -0.0606306
   0.0530098    -0.532309    -0.844889
  -0.0901415    -0.865668     0.492436
   -0.992923    0.0397258    -0.111921
   0.0773243     -0.49904    -0.863122
    -0.11958    -0.906547     0.404812
   -0.989159    0.0737807    -0.126968
   0.0852355    -0.415606    -0.905542
   -0.114125    -0.895506     0.430168
   -0.991746    0.0772215    -0.102357
   0.0584431    -0.438298    -0.896928
   -0.143225    -0.866778     0.477684
   -0.988935     0.144196   -0.0348655
   0.0386595     0.477392     0.877839
   -0.146044    -0.881355     0.449316
   -0.988637      0.14637   -0.0342312
   0.0355967      0.44921     0.892717
   -0.118936    -0.782401     0.611312
   -0.992776    0.0838931   -0.0857809
  -0.0158302     0.617098     0.786727
     0.11713     0.971998     0.203718
    0.993095    -0.113289   -0.0304593
  0.00652739    -0.205879     0.978556
   -0.119766    -0.791278     0.599613
   -0.992663    0.0853338   -0.0856636
  -0.0166165     0.605473     0.795692
   0.0896893     0.722674     0.685345
    0.994128   -0.0231264    -0.105713
   0.0605463    -0.690802     0.720504
    0.090076      0.75296     0.651872
    0.994144   -0.0287383    -0.104176
    0.059707    -0.657438     0.751139
   0.0692213      0.74539     0.663025
    0.993124    0.0114052    -0.116506
   0.0944046    -0.666531     0.739475
  -0.0930799    -0.800378     0.592226
   -0.994563    0.0468485   -0.0930005
  -0.0466906     0.597663     0.800387
  -0.0683611    -0.709467     0.701416
    -0.99313   -0.0185374    -0.115542
  -0.0949758     0.704495     0.703325
   0.0758355     0.258393    -0.963059
    0.993521    0.0624142    0.0949803
   0.0846508    -0.964021    -0.251986
   0.0949213     0.617069    -0.781163
    0.993481  -0.00895083      0.11365
   0.0631378    -0.786858    -0.613895
  -0.0702173    -0.526141    -0.847493
   -0.992696      -0.0467      0.11124
  -0.0981058     0.849114    -0.519019
  -0.0750529     -0.54473    -0.835246
    -0.99165   -0.0473162     0.119966
    -0.10487     0.837275    -0.536631
    0.101316     0.658143    -0.746044
    0.992501   -0.0153194     0.121271
   0.0683849    -0.752737     -0.65476
    0.124154     0.743965     0.656583
     0.99212   -0.0818268   -0.0948848
   0.0168649     -0.66319     0.748261
    0.131372     0.644342    -0.753369
     0.99114    -0.070387     0.112634
   0.0195475    -0.761491     -0.64788
    0.154404      0.69883     0.698424
    0.987584    -0.129862    -0.088392
  -0.0289279    -0.703401     0.710205
   -0.151194    -0.618731    -0.770917
   -0.987889      0.12208    0.0957668
     0.03486     0.776059    -0.629696
   -0.160962    -0.565268    -0.809051
   -0.986738     0.109575     0.119755
   0.0209582     0.817597    -0.575409
  -0.0613959    -0.813932     0.577707
   -0.991584   -0.0163597     -0.12843
   -0.113984      0.58073     0.806077
   0.0602522     0.959826      0.27405
    0.990821   -0.0242259    -0.132992
     0.12101    -0.279547     0.952476
  -0.0505727    -0.899059    -0.434897
   -0.986582     0.112657    -0.118169
   -0.155235    -0.423086     0.892693
  -0.0482732    -0.915401    -0.399639
   -0.987449     0.103974    -0.118883
   -0.150378    -0.388884     0.908931
   0.0471605     0.959672    -0.277139
    0.985543   -0.0899022    -0.143603
    0.162727      0.26636     0.950038
  -0.0346522     0.653122    -0.756459
    -0.98015     -0.17005    -0.101921
   -0.195203     0.737912      0.64605
   -0.032605    -0.946714     -0.32042
   -0.978612    0.0953903    -0.182259
   -0.203113    -0.307625     0.929576
  -0.0200369    -0.719625     0.694074
   -0.972974     0.173765     0.152074
   -0.230042    -0.672269    -0.703659
  -0.0308768    -0.678632     0.733829
   -0.980967     0.161387     0.107972
   -0.191703    -0.716529    -0.670699
  -0.0186178    -0.625461     0.780033
   -0.972773     0.191589     0.130405
   -0.231009    -0.756368    -0.611999
  -0.0142693    -0.592921     0.805134
   -0.974302     0.189271     0.122116
   -0.224794    -0.782701    -0.580385
  -0.0279754    -0.573437     0.818772
   -0.977779      0.18594    0.0968172
   -0.207761     -0.79787    -0.565897
  -0.0165821    -0.496329     0.867976
   -0.972386     0.210115     0.101572
   -0.232788    -0.842324    -0.486108
  -0.0119791    -0.526981     0.849793
   -0.972509     0.203795      0.11267
   -0.232558    -0.825081    -0.514935
    0.024963     -0.22857    -0.973207
    0.978171     0.206481   -0.0234044
    0.206299    -0.951379     0.228734
  -0.0416137    -0.491993    -0.869604
   -0.984114    -0.130163     0.120735
   -0.172591     0.860814     -0.47876
   0.0379119    -0.608676     0.792513
    0.983937    -0.115711    -0.135939
    0.174446     0.784936     0.594512
   0.0579658    -0.665397     0.744236
    0.990012   -0.0576537    -0.128655
    0.128514      0.74426     0.655409
  -0.0572809    -0.849267     0.524847
   -0.990321   -0.0182372    -0.137592
   -0.126424     0.527648     0.840002
   0.0593384    -0.650059     0.757563
    0.989632   -0.0611257    -0.129967
    0.130793     0.757421     0.639692
 0.000696073    -0.900393     0.435076
    -0.98096    0.0838815     0.175163
    -0.19421    -0.426914    -0.883191
  -0.0131946    -0.961513    -0.274441
   -0.984683    0.0602157    -0.163626
   -0.173854    -0.268079      0.94758
  -0.0237933    -0.838677      0.54411
   -0.981808      0.12216     0.145361
   -0.188379    -0.530753    -0.826326
   -0.039011    -0.926321    -0.374711
    -0.98612    0.0962558    -0.135289
   -0.161389    -0.364232     0.917218
  -0.0314785    -0.979009     0.201372
     -0.9893    0.0592345     0.133332
   -0.142462     -0.19502    -0.970398
   0.0457423   -0.0364415    -0.998288
    0.984442     0.171361    0.0388525
    0.169651    -0.984534     0.043713
  -0.0502569    -0.922036     0.383829
   -0.990338     0.095741     0.100319
   -0.129246    -0.375078    -0.917939
   0.0661035     0.687472    -0.723196
    0.988667    0.0527777     0.140539
    0.134785    -0.724291    -0.676192
  -0.0767417    -0.997043   -0.0039478
   -0.991082    0.0767143    -0.108953
   -0.108934   0.00444867     0.994039
  -0.0409821    -0.934995     0.352285
   -0.991898    0.0805041    0.0982753
   -0.120247    -0.345403    -0.930719
   -0.063857    -0.921171     0.383883
   -0.993441    0.0952391    0.0632833
  -0.0948554    -0.377324    -0.921211
  -0.0566116    -0.917637     0.393366
   -0.995867    0.0799287    0.0431353
  -0.0710238    -0.389299    -0.918369
   0.0630274    -0.558018     0.827432
    0.989288   -0.0744507    -0.125566
    0.131671     0.826482     0.547348
  -0.0896703       -0.786     0.611688
   -0.990927   0.00867146    -0.134122
   -0.100116     0.618165     0.779647
   0.0395711    -0.369564     0.928362
    0.983766    -0.148343    -0.100985
    0.175036     0.917288     0.357694
  -0.0226141     -0.25537     0.966579
   -0.978225     0.205171    0.0313195
   -0.206312    -0.944823    -0.254449
  -0.0182424    -0.308196    -0.951148
   -0.978769    -0.188739    0.0799283
   -0.204152     0.932412    -0.298209
 -0.00607586    -0.365121      0.93094
   -0.974896     0.209379     0.075757
   -0.222579    -0.907109    -0.357227
 -0.00928936     -0.51646     0.856261
    -0.97352      0.20027     0.110233
   -0.228414    -0.832563    -0.504645
 -0.00324072    -0.592331     0.805688
   -0.976578     0.175212     0.124885
    -0.21514    -0.786413    -0.579025
  -0.0755023    -0.921784     0.380281
   -0.995684    0.0903386    0.0212904
  -0.0539792    -0.377032    -0.924626
  -0.0844159    -0.917976     0.387549
   -0.994987     0.098586    0.0167898
  -0.0536196    -0.384189    -0.921696
   -0.101671    -0.912472     0.396304
   -0.994517     0.103019   -0.0179452
  -0.0244525    -0.395956    -0.917944
  -0.0943667    -0.913307     0.396188
   -0.994967     0.099988  -0.00649195
   -0.033685    -0.394807    -0.918146
   -0.131712    -0.923825     0.359443
   -0.991192     0.127791    -0.034763
  -0.0138188    -0.360855    -0.932519
   -0.118093    -0.889631     0.441147
      -0.993     0.104768   -0.0545425
  0.00230469      -0.4445    -0.895776
   -0.135364    -0.922819      0.36067
   -0.990733     0.121963   -0.0597762
   0.0111743    -0.365419    -0.930776
   -0.107045    -0.893363     0.436398
   -0.994254    0.0964482   -0.0464408
-0.000601314    -0.438861    -0.898555
   -0.160436    -0.899945    -0.405413
   -0.986897     0.139123    0.0817223
   0.0171434    -0.413212     0.910473
    0.138954     0.969989     0.199535
    0.989921     -0.13049   -0.0550261
   0.0273374     -0.20517     0.978345
   -0.109174    -0.760323     0.640304
    -0.99184    0.0406567    -0.120835
  -0.0658411     0.648271     0.758557
    0.101694     0.973586    -0.204422
    0.992624    -0.112937   -0.0440766
   0.0659993     0.198432      0.97789
   -0.109841    -0.906781     0.407041
   -0.993793     0.107455   -0.0287954
  -0.0176273    -0.407678    -0.912956
   -0.098008    -0.902691     0.418979
   -0.994524      0.10419  -0.00816356
  -0.0362841    -0.417485    -0.907959
   -0.107478    -0.914834    -0.389265
   -0.992946      0.11849  -0.00431165
  -0.0500685    -0.386056     0.921116
  -0.0775888    -0.906636     0.414717
   -0.995219    0.0951806    0.0218855
  -0.0593153    -0.411036    -0.909687
   0.0899894     0.960388    -0.263735
    0.993701    -0.104341   -0.0408938
   0.0667923     0.258394     0.963728
  -0.0618435    -0.849125     0.524558
   -0.994791    0.0951114    0.0366789
  -0.0810365    -0.519557    -0.850584
  -0.0513668    -0.934652     0.351833
   -0.995367    0.0765858    0.0581304
  -0.0812771    -0.347217    -0.934256
    0.077413    -0.154988    -0.984879
    0.993519     0.094462    0.0632269
   0.0832342     -0.98339     0.161296
  -0.0390192    -0.936584     0.348264
   -0.993801    0.0726831    0.0841216
     -0.1041    -0.342823    -0.933614
  -0.0227511    -0.948345     0.316425
   -0.991193    0.0626975     0.116641
   -0.130455    -0.310985    -0.941419
  -0.0236904    -0.923005     0.384058
   -0.991934    0.0695513     0.105965
   -0.124518     -0.37845    -0.917208
 -0.00949824    -0.971488    -0.236899
    -0.98749    0.0464036    -0.150702
   -0.157398    -0.232504     0.959775
  -0.0087163    -0.919489     0.393018
   -0.989655    0.0642182     0.128294
   -0.143204    -0.387834    -0.910537
  0.00969569    -0.911436     0.411327
   -0.987114    0.0569808     0.149529
   -0.159724    -0.407476    -0.899139
  0.00948763    -0.931858       0.3627
    -0.98349    0.0568544     0.171798
   -0.180713    -0.358342    -0.915933
 -0.00847788    -0.945989     0.324089
   -0.990496    0.0524388     0.127154
   -0.137281    -0.319931    -0.937442
    0.013418     -0.93838     0.345343
   -0.988304    0.0400235     0.147153
   -0.151907    -0.343279    -0.926868
  0.00884122    -0.962716    -0.270371
   -0.990367    0.0289339    -0.135411
   -0.138185    -0.268964     0.953186
   0.0248008    -0.978919     -0.20274
    0.990673  -0.00311466     0.136226
    0.133986     0.204227    -0.969711
  -0.0376262    -0.979862    -0.196098
   -0.992357    0.0597178     -0.10799
   -0.117525    -0.190536      0.97462
   0.0599909     -0.94896    -0.309637
    0.990685    0.0186123     0.134899
     0.12225     0.314845    -0.941237
   0.0660675     0.986748    -0.148201
    0.992353   -0.0804963   -0.0935706
     0.10426     0.140886     0.984521
  -0.0500928    -0.935297       0.3503
    -0.99368    0.0819495    0.0767082
   -0.100452    -0.344244    -0.933491
   0.0361562    -0.861728     -0.50608
    0.991056   -0.0341733     0.128993
    0.128452     0.506218    -0.852786
 0.000300447    -0.952504    -0.304527
    0.990671    -0.041216     0.129893
    0.136275     0.301725    -0.943605
    -0.43221    -0.726715    -0.533928
    -0.88882     0.243313     0.388326
    0.152291    -0.642405     0.751082
    0.472807    -0.193945    -0.859557
    0.870642   -0.0474908      0.48962
    -0.13578    -0.979862     0.146403
   -0.443692     0.304738    -0.842777
   -0.889394   -0.0342243     0.455859
    0.110074     0.951821     0.286217
    0.475183     0.130593    -0.870142
    0.873536    -0.188624     0.448727
   -0.105529    -0.973328    -0.203708
    0.504632    -0.235893    -0.830482
     0.85428   -0.0025144     0.519807
   -0.124707    -0.971776     0.200249
     -0.4474    -0.449906    -0.772928
   -0.890039     0.308589     0.335564
   0.0875447     0.838068    -0.538497
   -0.496793    -0.573678    -0.651222
   -0.860468     0.423376     0.283456
    0.113099     0.701175    -0.703962
    0.473363     0.182227    -0.861813
     0.87597    -0.200411     0.438762
  -0.0927618    -0.962616    -0.254492
    0.483639     0.255215    -0.837233
    0.867924     -0.26349     0.421048
   -0.113145    -0.930289    -0.348941
    0.521296     0.253702    -0.814792
    0.842588    -0.304353     0.444314
   -0.135261    -0.918153    -0.372424
    -0.50335     -0.27862     -0.81793
   -0.854075     0.304067     0.422017
    0.131124     0.910996    -0.391015
   -0.525486    -0.353664    -0.773813
   -0.837229     0.376765     0.396354
    0.151369     0.856137    -0.494082
    0.451504     0.181679    -0.873577
    0.888952    -0.175932     0.422861
  -0.0768649    -0.967492    -0.240938
    0.462936     0.137071    -0.875729
    0.881019    -0.179769     0.437594
  -0.0974475    -0.974112    -0.203984
     0.44781     0.312769     -0.83764
    0.890192    -0.243771     0.384882
  -0.0838127    -0.918015    -0.387587
   -0.430615    -0.310554    -0.847424
   -0.899783        0.221     0.376231
   0.0704404     0.924508    -0.374597
   -0.425019    -0.338265    -0.839605
   -0.902324     0.232012     0.363293
   0.0719089     0.912002    -0.403834
   -0.400235    -0.384309    -0.831936
   -0.914079     0.232163     0.332506
   0.0653594     0.893536    -0.444209
   -0.389184    -0.424493    -0.817521
   -0.918551     0.245581     0.309764
   0.0692751     0.871491    -0.485495
    0.413677     0.238761    -0.878558
    0.906132    -0.201564     0.371883
  -0.0882942    -0.949929    -0.299731
   -0.372976    -0.762482    -0.528687
   -0.922686     0.244819      0.29785
   0.0976727    -0.598902     0.794843
    0.355299    0.0725896     -0.93193
    0.932296    -0.099757     0.347668
  -0.0677295     -0.99236    -0.103119
   -0.342365      0.52654    -0.778166
   -0.936876    -0.128675     0.325125
   0.0710606     0.840356     0.537357
   -0.314872     0.420739    -0.850785
   -0.946478   -0.0721705     0.314598
   0.0709618     0.904307     0.420944
   -0.400673    -0.644971    -0.650748
   -0.908732     0.189122     0.372074
    0.116906    -0.740436     0.661882
    0.514459     0.176349    -0.839186
    0.838556    -0.308105     0.449327
   -0.179319    -0.934865    -0.306386
    0.494893   -0.0523215    -0.867377
    0.854319    -0.153132     0.496679
    -0.15881     -0.98682   -0.0310845
   -0.477118     0.331509    -0.813917
   -0.857989    0.0248341     0.513068
      0.1903     0.943125     0.272582
    0.495994    -0.192652    -0.846685
    0.840906    -0.136534     0.523675
   -0.216488    -0.971722    0.0942817
   -0.458613     0.609755    -0.646431
   -0.873901    -0.177547     0.452519
    0.161154     0.772448     0.614291
   -0.458509     0.400656    -0.793249
     -0.8606    0.0224647     0.508786
    0.221668     0.915953     0.334505
   -0.435934     0.373146    -0.818977
   -0.879794    0.0149572     0.475121
    0.189539     0.927652     0.321771
   -0.416845     0.366924    -0.831629
   -0.882798    0.0545762     0.466572
    0.216584     0.928648      0.30117
   -0.481403     0.388676     -0.78561
   -0.840623    0.0490724     0.539392
      0.2482     0.920067     0.303106
   -0.433416      0.40514    -0.804992
   -0.866441    0.0583337      0.49586
    0.247851     0.912392     0.325747
    0.460348    -0.269594    -0.845813
    0.840151    -0.175451     0.513189
   -0.286751    -0.946856     0.145732
   -0.417728     0.636887     -0.64798
   -0.892931    -0.156014     0.422295
    0.167861     0.755006     0.633868
    0.396654    -0.279302    -0.874446
    0.899312   -0.0728422     0.431199
   -0.184131    -0.957436     0.222287
   -0.387889    -0.808071     0.443355
   -0.908478     0.416388   -0.0359012
    0.155597     0.416704     0.895627
    0.405954     0.220345    -0.886932
    0.902554    -0.249071     0.351226
   -0.143519    -0.943086    -0.299985
    0.441562    -0.420021    -0.792846
    0.885704    0.0628644     0.459974
   -0.143357    -0.905334     0.399773
    0.427245    -0.239676     -0.87179
    0.895457   -0.0211106     0.444647
   -0.124975    -0.970623       0.2056
    0.459156   -0.0455164    -0.887189
     0.88032    -0.110707     0.461281
   -0.119214     -0.99281   -0.0107626
    0.474507    -0.302838    -0.826518
    0.869808    0.0170985     0.493095
   -0.135195    -0.952889     0.271524
    0.439476     0.113517    -0.891053
    0.891999    -0.172014     0.418029
   -0.105821    -0.978532    -0.176853
   -0.389487     -0.81512     0.428812
   -0.919241     0.373049    -0.125818
   0.0574114     0.443186     0.894589
   -0.392269    -0.631947    -0.668407
   -0.917128      0.32456      0.23138
   0.0707185     0.703778    -0.706891
   -0.390351    -0.393879    -0.832157
   -0.916465     0.252483     0.310393
   0.0878483     0.883805    -0.459533
   -0.404373    -0.669056     0.623575
   -0.910706     0.357357     -0.20715
   0.0842441      0.65166     0.753819
   -0.401543    -0.494988    -0.770552
   -0.912762      0.28522      0.29243
   0.0750274     0.820754    -0.566334
   -0.409223    -0.821077     0.397956
   -0.907153     0.412978   -0.0807648
   0.0980327     0.394057     0.913843
   -0.408331    -0.737858     0.537431
   -0.909235      0.38099    -0.167747
   0.0809827     0.557147     0.826456
    0.422749     0.851963     0.308937
    0.902221    -0.427757   -0.0549633
  -0.0853234    -0.301966     0.949493
   -0.418501    -0.424695    -0.802802
   -0.905113     0.268042     0.330036
     0.07502     0.864747    -0.496573
    -0.40504    -0.478488    -0.779096
    -0.91101     0.283425     0.299553
   0.0774826     0.831095    -0.550706
   -0.408156    -0.448375    -0.795216
   -0.909582     0.274072     0.312323
   0.0779082     0.850791    -0.519698
   -0.402736    -0.292926    -0.867178
   -0.911519     0.214562     0.350851
     0.08329      0.93175     -0.35342
    0.427575     0.291763    -0.855601
    0.899179     -0.23468     0.369326
  -0.0930367    -0.927254    -0.362691
   -0.432006    -0.565166    -0.702821
    -0.89855     0.336534     0.281695
   0.0773183     0.753214    -0.653215
   -0.416536    -0.530616    -0.738204
   -0.902609     0.338375     0.266081
    0.108602     0.777142    -0.619884
   -0.397156    -0.632128    -0.665343
   -0.909841     0.366173     0.195209
    0.120234     0.682885    -0.720564
   -0.393789    -0.715077     0.577577
   -0.913381     0.374997    -0.158467
    0.103274     0.589951     0.800807
   -0.377013    -0.763853     0.523823
   -0.920614     0.371113    -0.121429
    0.101644     0.528019     0.843128
   -0.380615    -0.707686     0.595241
   -0.916006     0.376758    -0.137792
    0.126748      0.59769     0.791645
   -0.379976     -0.75543     0.533801
   -0.921679     0.358037    -0.149389
    0.078268     0.548758      0.83231
   -0.384637    -0.372652    -0.844503
   -0.919007     0.240323     0.312524
   0.0864913     0.896312    -0.434907
   -0.386209    -0.422287    -0.820071
    -0.91876     0.255132     0.301309
   0.0819873     0.869817    -0.486514
   -0.360283    -0.401771    -0.841889
    -0.92854     0.241043     0.282333
   0.0894982     0.883447    -0.459904
    0.356702      0.50321    -0.787111
    0.929164     -0.27862     0.242951
  -0.0970496    -0.818016    -0.566949
   -0.364434    -0.261433    -0.893779
   -0.927866     0.183438     0.324676
   0.0790718      0.94763    -0.309426
   -0.327766    -0.402535    -0.854714
   -0.940232     0.227441     0.253445
   0.0923766       0.8867    -0.453023
   -0.331177    -0.308141    -0.891835
   -0.940076     0.188996      0.28379
   0.0811062     0.932378    -0.352268
    0.296542    0.0870829    -0.951041
    0.951311    -0.114612     0.286131
  -0.0840839    -0.989586     -0.11683
   -0.325874     -0.46297    -0.824297
   -0.939525     0.255747     0.227787
    0.105353     0.848677    -0.518313
    0.291704      0.15107    -0.944503
     0.95133    -0.148436      0.27007
  -0.0993989    -0.977315    -0.187017
   -0.297671    -0.536072    -0.789949
    -0.94814     0.262609     0.179071
    0.111452     0.802287    -0.586442
    0.337323     0.201802    -0.919505
    0.938651    -0.146538     0.312186
  -0.0717421    -0.968402    -0.238853
    0.299597    -0.226139    -0.926878
    0.951309  -0.00299363     0.308225
  -0.0724762    -0.974091     0.214231
   -0.377526    -0.373218    -0.847457
   -0.923571     0.217996     0.315428
   0.0670185     0.901768    -0.426992
   -0.413778    -0.460324    -0.785423
   -0.907919     0.272027      0.31888
   0.0668679     0.845046    -0.530495
   -0.401055    -0.368813     -0.83853
    -0.91323     0.232795     0.334392
   0.0718772      0.89988    -0.430174
   -0.454635     0.342614    -0.822145
    -0.83616     0.153805      0.52648
    0.306829     0.926801     0.216555
    0.429856     0.233164    -0.872272
    0.863278    -0.389174     0.321395
   -0.264528    -0.891167    -0.368574
    0.430829     0.245245    -0.868471
    0.859587    -0.404538     0.312186
   -0.274767    -0.881025    -0.385096
    0.458375     0.180959    -0.870142
    0.831297    -0.433619     0.347735
   -0.314385    -0.882739     -0.34919
    0.406069     0.223329    -0.886133
    0.884166    -0.341124     0.319195
   -0.230995    -0.913104     -0.33598
   -0.446659    -0.317656    -0.836415
   -0.853296     0.432355     0.291472
     0.26904     0.843898     -0.46417
    0.419599     0.163162    -0.892925
    0.882439    -0.303822     0.359156
    -0.21269    -0.938653    -0.271464
    0.442299     0.131773    -0.887135
    0.874006    -0.285239     0.393385
   -0.201208    -0.949355    -0.241331
   -0.464629    -0.319611    -0.825814
   -0.827421       0.4889     0.276316
    0.315427      0.81168    -0.491611
   -0.453756    -0.336474    -0.825161
   -0.850581     0.439666     0.288453
    0.265738     0.832754    -0.485699
   -0.469934    -0.387752    -0.792976
    -0.82293     0.517407     0.234682
    0.319293     0.762849     -0.56224
   -0.400495    -0.262671    -0.877843
   -0.903503     0.272748      0.33059
    0.152594     0.925534    -0.346558
     0.41896    0.0602397    -0.906004
    0.897265    -0.180477     0.402919
   -0.139241    -0.981733    -0.129664
    0.401539    0.0946302     -0.91094
     0.91263    -0.124579     0.389342
  -0.0766407    -0.987687    -0.136386
   -0.386472    -0.454757    -0.802393
   -0.916877     0.283651     0.280854
   0.0998793     0.844238     -0.52658
    0.386064     -0.30094    -0.872003
    0.902956   -0.0701296     0.423971
   -0.188743    -0.951061     0.244661
    0.374922   -0.0374252    -0.926301
     0.91478    -0.147133     0.376204
   -0.150369    -0.988408   -0.0209277
    0.385596      0.11342     -0.91567
    0.901441    -0.257958     0.347652
   -0.196774    -0.959476    -0.201709
   -0.403571     0.306686    -0.862018
   -0.885758     0.105122     0.452086
    0.229265     0.945988     0.229225
    0.371261     0.236146    -0.897998
    0.915948    -0.251799     0.312467
   -0.152327    -0.938527    -0.309781
   -0.465245    -0.766923     0.442013
   -0.829564     0.551974    0.0845485
    0.308822     0.327343     0.893015
    -0.44949    -0.448742    -0.772392
   -0.855158     0.466085     0.226871
    0.258193     0.762493    -0.593246
    -0.44072    -0.897643   -0.0018506
   -0.864177      0.42373     0.271387
    0.242825    -0.121205     0.962468
    0.433254      0.86812     0.242195
    0.846289    -0.484282     0.221959
   -0.309977    -0.108802     0.944498
   -0.427325    -0.692929    -0.580727
   -0.888453     0.202869     0.411699
    0.167467    -0.691877     0.702325
     0.40968     0.901858     0.137165
     0.88124    -0.430122     0.195989
   -0.235752   -0.0405821     0.970966
   -0.406251    -0.652833    -0.639351
   -0.899388     0.162064        0.406
    0.161434    -0.739962     0.652989
    0.388658      0.89648    -0.212764
    0.909307    -0.335934      0.24558
   -0.148683     0.288915     0.945739
   -0.410652    -0.911559    0.0205959
    -0.85792      0.39394     0.329826
     0.30877    -0.117774     0.943817
   -0.380299    -0.924858   0.00318928
   -0.895629     0.369136     0.248169
    0.230699   -0.0915222     0.968711
    0.396007     0.915409   -0.0721474
    0.864658    -0.345295      0.36488
   -0.309102     0.206878     0.928255
   -0.408457    -0.719003    -0.562315
   -0.908945     0.263997     0.322684
   0.0835606    -0.642916     0.761365
   -0.381054    -0.765994    -0.517736
   -0.921601     0.269982     0.278857
   0.0738234    -0.583406     0.808819
   -0.377665     -0.67626    -0.632488
   -0.925885     0.268203      0.26609
   0.0103108    -0.686104      0.72743
   -0.405348    -0.678142    -0.613039
   -0.914038      0.28958      0.28404
   0.0150954    -0.675476     0.737228
   -0.429574     0.580199    -0.691979
   -0.897407    -0.188885     0.398728
    0.100637      0.79227     0.601815
   -0.419661    -0.635941     -0.64766
   -0.907514     0.280298     0.312812
   0.0173922    -0.719036     0.694756
    0.431004    -0.286398    -0.855694
    0.894632    0.0118664     0.446646
   -0.117764    -0.958037     0.261335
   -0.435529     0.296942    -0.849788
   -0.880299    0.0567853     0.471008
    0.188117     0.953206     0.236666
   -0.410395     0.479022     -0.77596
   -0.910207    -0.163236     0.380626
   0.0556638     0.862491     0.503001
    0.417731     -0.63686    -0.648005
    0.901821     0.377405     0.210438
    0.110541    -0.672291     0.731987
   -0.422079     0.499235    -0.756712
   -0.899744    -0.332842      0.28227
   -0.110947     0.799988      0.58967
   -0.412186     0.581372    -0.701506
   -0.905192    -0.348847      0.24276
   -0.103584      0.73506     0.670043
   -0.415522     0.432252    -0.800312
   -0.904003    -0.293563     0.310804
   -0.100596     0.852631     0.512739
    -0.42513     0.565145    -0.707019
   -0.898248    -0.359577     0.252694
   -0.111419     0.742506     0.660508
   -0.409494    -0.640629    -0.649545
   -0.909485     0.342669     0.235403
  -0.0717731    -0.687148     0.722964
    0.409469    -0.225718    -0.883961
    0.908928     0.184458     0.373933
   0.0786504     -0.95657     0.280692
   -0.410746     0.368313    -0.834046
   -0.909924     -0.22345     0.349439
  -0.0576647      0.90245     0.426919
    0.398772      0.24162    -0.884647
      0.9166   -0.0747813      0.39275
   0.0287412    -0.967485    -0.251289
    0.417183    -0.191518    -0.888414
     0.90371      0.19096       0.3832
   0.0962614    -0.962733     0.252742
   -0.401066    -0.499508    -0.767879
   -0.914212      0.16519     0.370039
  -0.0579911     0.850414    -0.522909
   -0.414885    -0.587846    -0.694484
   -0.906557     0.201956     0.370632
  -0.0776197     0.783359    -0.616704
   -0.406943     0.366199    -0.836837
   -0.913446    -0.166964     0.371133
 -0.00381274     0.915435     0.402448
    -0.39706    -0.294326    -0.869319
   -0.917631     0.145093     0.370003
   0.0172302     0.944627    -0.327693
   -0.411734    -0.674288    -0.613034
   -0.910688     0.329177     0.249579
  -0.0335089    -0.661043     0.749599
   -0.399633     0.441749    -0.803213
   -0.915869    -0.229157     0.329653
  -0.0384382     0.867378     0.496163
   -0.401632     0.381068    -0.832754
   -0.912757    -0.240644     0.330098
  -0.0746075      0.89268     0.444473
   -0.387232     0.490585    -0.780627
   -0.918301    -0.280809     0.279051
  -0.0823091     0.824908     0.559243
   -0.383719     0.488372    -0.783743
   -0.922435    -0.242493     0.300519
   -0.043287     0.838266      0.54354
   -0.404562    -0.693628    -0.595995
   -0.909171     0.375379     0.180274
  -0.0986808    -0.614793      0.78249
    -0.39853     -0.38477    -0.832542
   -0.916493     0.132568     0.377448
   -0.034862     0.913443    -0.405471
   -0.385736    -0.390122     -0.83607
   -0.922256     0.137963     0.361124
  -0.0255359     0.910369    -0.413009
    0.377425    0.0983467    -0.920803
    0.925609   -0.0704057     0.371875
  -0.0282571    -0.992659    -0.117603
   -0.390469    -0.569279    -0.723502
   -0.920613     0.243381     0.305347
  0.00225933     0.785294    -0.619119
    0.365946    0.0856903    -0.926683
    0.928652   -0.0986087     0.357605
  -0.0607356     -0.99143    -0.115662
   -0.376482    -0.474022    -0.795967
   -0.924803     0.243098     0.292648
   0.0547769      0.84629    -0.529899
   -0.368818    -0.718266     0.589973
   -0.925483     0.342726    -0.161307
   0.0863379     0.605503     0.791146
   -0.387793      -0.6892     0.612062
   -0.921198     0.312685    -0.231564
   0.0317883     0.653629     0.756147
   -0.366438    -0.531075    -0.763992
   -0.922839     0.312204     0.225604
    0.118709     0.787711      -0.6045
    0.364805    0.0810932    -0.927546
    0.925483    -0.140688     0.351693
   -0.101975    -0.986727    -0.126374
   -0.379232    -0.617916     -0.68874
   -0.923721     0.296313     0.242773
   0.0540698     0.728271    -0.683153
   -0.380226    -0.509567    -0.771861
   -0.924881     0.213883     0.314404
  0.00487764     0.833424    -0.552612
    0.650534   -0.0255945    -0.759046
    0.596323    -0.601707     0.531363
   -0.470323    -0.798306    -0.376168
    0.665856    0.0589415    -0.743749
    0.589704    -0.652252     0.476253
    -0.45704    -0.755707    -0.469064
   -0.656631    -0.211832    -0.723853
   -0.626237     0.687987     0.366744
    0.420313     0.694119    -0.584411
   -0.660592    -0.213328    -0.719798
   -0.623567      0.68983      0.36783
     0.41807     0.691828     -0.58872
    0.663878      0.17079    -0.728078
    0.590513    -0.717095     0.370229
    -0.45887    -0.675725    -0.576917
   -0.650364    -0.306919    -0.694858
   -0.659987     0.681197     0.316841
    0.376091     0.664659    -0.645588
   -0.657301    -0.390253    -0.644715
   -0.628386     0.756071     0.182995
    0.416036     0.525413    -0.742196
   -0.648393    -0.281055    -0.707528
   -0.667758     0.656299     0.351242
