  -0.0471629     -0.80248     0.594812
   -0.996255    -0.005412    -0.086295
   0.0724691    -0.596655    -0.799219
  -0.0672296    -0.914171     0.399715
   -0.996343    0.0403415   -0.0753156
   0.0527262    -0.403317     -0.91354
   -0.100131    -0.877302     0.469377
   -0.994236     0.070056   -0.0811569
   0.0383165    -0.474798     -0.87926
   -0.118899     -0.90743     0.403031
   -0.992346    0.0949612   -0.0789473
   0.0333668    -0.409333    -0.911775
   -0.133368    -0.905935     0.401864
   -0.990739     0.111438   -0.0775808
   0.0255002    -0.408489    -0.912407
   -0.133807    -0.892075     0.431621
   -0.990936     0.115223   -0.0690576
   0.0118718     -0.43695    -0.899408
   -0.142572      -0.8781     0.456742
   -0.989766     0.123691   -0.0711564
  0.00598774    -0.462213    -0.886749
   -0.137575    -0.872539     0.468775
   -0.990265     0.111052   -0.0839167
   0.0211622    -0.475756    -0.879323
   -0.134097    -0.842243     0.522154
   -0.990968     0.114175   -0.0703293
-0.000382414    -0.526869    -0.849947
   -0.132524    -0.894117     0.427775
    -0.99092     0.109633   -0.0778336
   0.0226938    -0.434206    -0.900528
   -0.125535    -0.810286     0.572431
   -0.992083     0.104632   -0.0694574
 -0.00361436    -0.576619    -0.817005
   -0.114576    -0.869445      0.48056
   -0.993344    0.0945148   -0.0658352
     0.01182    -0.484905    -0.874487
   -0.131099    -0.801479     0.583476
   -0.981376     0.188275    0.0381172
    0.140404     0.567612     0.811235
    0.165038     0.943406     0.287658
    0.972531    -0.204203     0.111736
   -0.164153    -0.261315     0.951193
   -0.140557    -0.866381     0.479195
   -0.978902     0.194107    0.0638144
    0.148303     0.460115     0.875386
   -0.166487      0.64463    -0.746146
   -0.972205    0.0190189     0.233358
    0.164621     0.764258     0.623546
    -0.18791    -0.836873    -0.514134
   -0.965912    0.0625598     0.251199
    0.178057    -0.543811     0.820101
    0.141553     0.255189    -0.956474
    0.978635    -0.181617    0.0963768
   -0.149117    -0.949681    -0.275445
   -0.189178    -0.778769    -0.598106
   -0.966965    0.0417657     0.251465
    0.170853    -0.625919     0.760943
   -0.172863    -0.880949    -0.440509
   -0.972216     0.080938     0.219649
    0.157846    -0.466239     0.870463
   -0.186724    -0.685608    -0.703616
   -0.969167    0.0113396     0.246145
     0.16078    -0.727883     0.666586
   -0.207717     -0.82704    -0.522358
   -0.960788    0.0722203     0.267715
    0.183686    -0.557484     0.809612
   -0.203891    -0.775012    -0.598151
   -0.963524    0.0506724      0.26278
    0.173348    -0.629912     0.757074
   -0.217325    -0.807909    -0.547771
   -0.958776    0.0714291     0.275038
    0.183079    -0.584963     0.790127
   -0.149314    -0.873197    -0.463932
   -0.978546    0.0631294      0.19612
    0.141963    -0.483262     0.863889
   -0.168792    -0.889459    -0.424702
   -0.975093    0.0877872     0.203683
    0.143884    -0.448504     0.882123
   -0.155421    -0.908268     -0.38845
   -0.980268    0.0931825     0.174332
    0.122143     -0.40788     0.904829
   -0.129484    -0.912447     0.388169
   -0.984713    0.0723289    -0.158458
    0.116509    -0.402753    -0.907863
    0.123807     0.973265     -0.19346
    0.983605   -0.0946052     0.153527
   -0.131121     0.209296     0.969021
  -0.0971176    -0.908916     0.405511
   -0.990244     0.047338    -0.131054
   0.0999209    -0.414283    -0.904647
  -0.0867261    -0.878206     0.470354
   -0.989986     0.128761    0.0578727
    0.111387     0.460625     0.880578
    -0.11346    -0.779745     0.615731
   -0.984701     0.170747    0.0347793
    0.132253     0.602365     0.787189
  -0.0784515    -0.835697     0.543559
   -0.990965     0.124867    0.0489527
    0.108782     0.534808     0.837942
   -0.060564    -0.890937     0.450071
   -0.994818    0.0169876     -0.10024
   0.0816622     -0.45381    -0.887349
   0.0497077     0.984348     0.169078
    0.994766   -0.0639255    0.0797117
  -0.0892725     -0.16423     0.982374
  -0.0263949    -0.850673     0.525032
   -0.997624    -0.011021     -0.06801
   0.0636407    -0.525579    -0.848361
   -0.107922    -0.778292     0.618558
   -0.985878     0.163924    0.0342455
    0.128049     0.606127     0.784993
   -0.217704    -0.736456    -0.640497
   -0.960842     0.046456     0.273173
    0.171425    -0.674888     0.717732
   -0.209571    -0.857343    -0.470152
   -0.964505     0.102254     0.243465
    0.160657    -0.504487     0.848341
   -0.205241    -0.808259      -0.5519
   -0.968498    0.0864724     0.233527
    0.141026    -0.582443     0.800545
   -0.211983    -0.870076    -0.445007
    -0.96497     0.114327     0.236141
    0.154584    -0.479476     0.863832
    -0.20039    -0.818137    -0.538977
   -0.970623    0.0910092     0.222728
     0.13317    -0.567776      0.81234
   -0.195106     -0.79932     -0.56835
   -0.973221    0.0859637     0.213195
    0.121553    -0.594725     0.794687
   -0.190933    -0.830977    -0.522514
   -0.975128    0.0995279     0.198039
    0.112561    -0.547331     0.829312
    -0.17982     -0.89818     0.401169
   -0.980423       0.1969   0.00137698
   0.0802272     0.393068     0.916003
    -0.19245    -0.782849    -0.591701
   -0.974061    0.0792586      0.21195
    0.119027    -0.617142     0.777797
    0.177804     0.969036     0.171331
    0.980528    -0.189209    0.0525841
  -0.0833734    -0.158645     0.983809
   -0.174161    -0.786528     0.592487
   -0.981583     0.186633   -0.0407801
   0.0785029     0.588678     0.804547
   -0.188523    -0.826987    -0.529672
   -0.976771     0.101948     0.188483
    0.101874    -0.552901     0.826996
   -0.181204    -0.774385     0.606212
   -0.980592     0.189195   -0.0514289
   0.0748667     0.603765     0.793639
   -0.181794    -0.830402     0.526673
   -0.981418     0.186662    -0.044452
   0.0613969     0.524967     0.848905
   -0.181977    -0.795303    -0.578254
   -0.979379    0.0941135     0.178773
   0.0877568    -0.598863     0.796029
   -0.190473    -0.892706    -0.408407
   -0.973653     0.118654     0.194735
    0.125382    -0.434738     0.891786
   -0.179158    -0.904456     -0.38712
    -0.97763     0.119597     0.173021
    0.110192    -0.409459      0.90565
   -0.185539    -0.779767    -0.597945
    -0.97255    0.0587544     0.225156
    0.140437    -0.623307     0.769263
   -0.199331    -0.825936     -0.52735
   -0.968034    0.0823583     0.236914
    0.152244    -0.557716      0.81595
   -0.169956    -0.838201    -0.518202
   -0.978322     0.080375     0.190855
    0.118325    -0.539405     0.833691
   -0.137324    -0.908173      0.39543
   -0.989826     0.110809   -0.0892525
   0.0372396    -0.403663    -0.914149
   -0.143855     -0.89111     0.430383
    -0.98861     0.109974    -0.102742
   0.0442231    -0.440261     -0.89678
   -0.160091    -0.913589     0.373801
   -0.985048     0.123443    -0.120173
   0.0636455     -0.38745    -0.919691
   -0.145622    -0.855866     0.496273
   -0.988493     0.105109    -0.108784
   0.0409423    -0.506404    -0.861324
   -0.151217    -0.911633     0.382177
   -0.986405     0.114001    -0.118358
   0.0643305    -0.394879    -0.916478
   -0.136409    -0.904392     0.404311
   -0.988653    0.0983644    -0.113529
   0.0629052    -0.415209    -0.907548
   -0.132221     -0.90483     0.404723
   -0.990253     0.102541   -0.0942619
   0.0437903    -0.413242    -0.909568
   -0.158406    -0.923484     0.349407
   -0.982654     0.112885    -0.147135
   0.0964342    -0.366653    -0.925346
   -0.147566    -0.932558     0.329483
   -0.984668     0.107187    -0.137625
   0.0930273     -0.34474    -0.934077
   -0.165203    -0.878807     0.447668
   -0.982912     0.109338    -0.148086
   0.0811916    -0.464483    -0.881853
   -0.166467    -0.869187     0.465622
   -0.984002     0.116041    -0.135181
   0.0634663    -0.480676    -0.874599
   -0.153216    -0.918463     0.364623
    -0.98665     0.121574    -0.108356
   0.0551924    -0.376357    -0.924829
   -0.138573    -0.905121     0.401936
   -0.989741     0.112315   -0.0883047
   0.0347829     -0.41005      -0.9114
   -0.163837    -0.892147    -0.420988
   -0.985764     0.131718     0.104501
   0.0377784    -0.432116     0.901027
   -0.126158    -0.926645     0.354138
   -0.991658     0.108286   -0.0699232
   0.0264457    -0.360005    -0.932576
   -0.116135    -0.910653     0.396514
    -0.99243    0.0903435   -0.0831858
    0.039931    -0.403173    -0.914252
  -0.0925324    -0.870065     0.484173
   -0.995051    0.0631132    -0.076753
   0.0362224    -0.488879    -0.871599
  -0.0936457    -0.860502     0.500767
   -0.994579    0.0580159   -0.0862981
   0.0452073    -0.506133     -0.86127
  -0.0614318    -0.866151     0.495993
   -0.996911    0.0288842   -0.0730333
   0.0489315    -0.498947     -0.86525
  -0.0639994    -0.867756     0.492853
   -0.996903    0.0329728   -0.0713982
   0.0457055    -0.495896    -0.867179
  -0.0349298    -0.826482     0.561879
   -0.997978  -0.00102653   -0.0635503
   0.0530999    -0.562963    -0.824775
  -0.0403202    -0.810627     0.584173
   -0.996947   -0.0064898   -0.0778158
   0.0668707    -0.585527     -0.80789
  -0.0610342    -0.899734     0.432149
   -0.996261    0.0283925    -0.081593
   0.0611422    -0.435513    -0.898103
  -0.0346783    -0.845504     0.532841
   -0.998162   0.00278393   -0.0605447
   0.0497074    -0.533962    -0.844046
  -0.0915459    -0.864527     0.494178
    -0.99321    0.0434978    -0.107895
   0.0717823      -0.5007    -0.862639
     -0.1224    -0.873159     0.471818
   -0.989211    0.0687716    -0.129353
   0.0804984     -0.48256    -0.872156
   -0.120165    -0.863693     0.489485
   -0.991369     0.078363    -0.105102
   0.0524184     -0.49789    -0.865655
   -0.148359    -0.867022     0.475671
   -0.988224     0.148193   -0.0381033
    0.037455     0.475723     0.878798
   -0.150636    -0.884945     0.440661
   -0.988002     0.150119   -0.0362671
   0.0340573     0.440837     0.896941
   -0.124353    -0.790222     0.600071
   -0.992099    0.0888866   -0.0885407
  -0.0166286      0.60634     0.795032
      0.1228     0.971289      0.20376
    0.992405    -0.118682    -0.032357
   0.0072454    -0.206186     0.978486
   -0.124778    -0.797405     0.590403
    -0.99203    0.0897634   -0.0884234
  -0.0175128      0.59673     0.802251
   0.0972827    -0.600249     0.793875
    0.993698    0.0139544    -0.111218
   0.0556806     0.799691     0.597824
  -0.0975908    -0.585371    -0.804871
   -0.993132   0.00483901     0.116898
  -0.0645341     0.810751    -0.581823
  -0.0816502    -0.599902    -0.795896
     -0.9926   -0.0230713      0.11922
  -0.0898825     0.799741    -0.593579
  -0.0989326     -0.80646     0.582953
    -0.99398    0.0523798   -0.0962252
  -0.0470668     0.588964     0.806788
  -0.0793939    -0.644078    -0.760829
   -0.992496   -0.0201288     0.120609
   -0.092996     0.764695    -0.637647
  -0.0838314    -0.443047     -0.89257
   -0.992943   -0.0382599      0.11225
  -0.0838816     0.895682    -0.436713
    0.100103     0.628463    -0.771371
    0.992948   -0.0136176     0.117763
   0.0635058     -0.77772    -0.625395
  -0.0809982    -0.595723    -0.799096
   -0.992295   -0.0272146      0.12087
  -0.0937519     0.802729    -0.588929
   0.0848376     0.687145     -0.72155
    0.991146    0.0160357     0.131807
    0.102141    -0.726343      -0.6797
    0.105728     0.681199    -0.724424
    0.992018   -0.0219117     0.124179
   0.0687172    -0.731771    -0.678078
    0.128457      0.75272     0.645687
    0.991554   -0.0857506   -0.0973007
   0.0178722    -0.652732     0.757378
     0.13478     0.656305     -0.74236
    0.990661   -0.0736778     0.114724
   0.0205985     -0.75089    -0.660106
   -0.159438    -0.737652     0.656086
   -0.986872     0.136437   -0.0864247
   0.0257627     0.661252     0.749722
    -0.15507    -0.637455    -0.754722
    -0.98735     0.125583    0.0967973
   0.0330764     0.760185    -0.648865
   -0.163144    -0.580194    -0.797972
   -0.986415     0.111661     0.120485
   0.0191979     0.806788    -0.590529
   0.0680622     0.698205    -0.712655
    0.991257     0.033607     0.127596
    0.113038    -0.715109    -0.689813
   0.0658018     0.962375     0.263638
    0.990472   -0.0309622     -0.13419
    0.120978    -0.269956     0.955242
  -0.0553811    -0.903397    -0.425214
   -0.986326     0.115705    -0.117362
   -0.155224      -0.4129     0.897451
   -0.052349    -0.918122    -0.392825
   -0.987174     0.106987    -0.118499
   -0.150823    -0.381583     0.911947
   0.0525221      0.95876    -0.279321
    0.985324   -0.0952453    -0.141651
    0.162414     0.267781     0.949692
  -0.0385729     0.663288     -0.74737
   -0.979937    -0.171468    -0.101601
   -0.195541     0.728456     0.656594
  -0.0371575    -0.943358     -0.32969
   -0.978466     0.101378    -0.179799
   -0.203038     -0.31591      0.92681
  -0.0238709    -0.722907     0.690533
   -0.972877     0.175773     0.150383
    -0.23009    -0.668214    -0.707495
   0.0381446     0.953246     0.299777
     0.98082    0.0216683    -0.193705
    0.191144    -0.301416     0.934137
   -0.021625    -0.625339     0.780053
   -0.972611     0.193773     0.128377
   -0.231432    -0.755912    -0.612402
  -0.0168509    -0.591804     0.805906
   -0.974082     0.191553     0.120296
   -0.225565    -0.782991    -0.579694
   0.0332803     0.314718    -0.948602
     0.97794      0.18558    0.0958795
    0.206216    -0.930867    -0.301599
  -0.0209088    -0.511593     0.858974
   -0.972394     0.210126     0.101479
   -0.232408    -0.833139    -0.501863
   -0.016765    -0.558339     0.829443
   -0.972659     0.201286     0.115836
   -0.231631    -0.804824    -0.546448
  -0.0303995      0.38074    -0.924182
   -0.978255    -0.201117   -0.0506773
   -0.205164     0.902546     0.378575
  -0.0471954    -0.513068    -0.857049
   -0.983978      -0.1238     0.128297
   -0.171928     0.849373    -0.499005
   0.0435958    -0.629515     0.775764
    0.983883    -0.107736    -0.142717
     0.17342     0.769483     0.614672
   0.0637597    -0.678099       0.7322
    0.989704   -0.0512433     -0.13364
    0.128141     0.733182      0.66785
  -0.0630645    -0.864877     0.498007
   -0.989995  -0.00890097    -0.140825
   -0.126229     0.501906     0.855662
   0.0647629    -0.667685     0.741622
     0.98936   -0.0540634    -0.135071
    0.130279     0.742478     0.657079
 -0.00464138    -0.890546     0.454869
   -0.981268    0.0916623     0.169444
   -0.192592    -0.445562     -0.87429
   -0.018139    -0.960847     0.276486
   -0.984979    0.0646668     0.160111
   -0.171721    -0.269428    -0.947586
  -0.0284769    -0.850056     0.525921
   -0.982092      0.12182     0.143722
    -0.18624     -0.51241    -0.838302
  -0.0437463    -0.927177    -0.372061
   -0.986194    0.0996124     -0.13228
   -0.159708    -0.361137     0.918734
  -0.0364398    -0.977908     0.205836
   -0.989347    0.0643513      0.13058
   -0.140941    -0.198885    -0.969835
   0.0541639    -0.163959    -0.984979
    0.984248     0.175019    0.0249902
    0.168293    -0.970817     0.170856
  -0.0549609    -0.922487     0.382096
   -0.990214    0.0995203    0.0978369
    -0.12828     -0.37298    -0.918929
   0.0705104     0.730576     0.679182
    0.988491    0.0401818    -0.145844
    0.133841    -0.681648     0.719334
   0.0808668     0.996373   -0.0264947
    0.990819   -0.0832487    -0.106527
    0.108347    0.0176369     0.993957
  -0.0456908    -0.934975      0.35176
   -0.991819    0.0844748    0.0957038
   -0.119195    -0.344509    -0.931185
  -0.0680034    -0.921297     0.382868
   -0.993195    0.0988812    0.0615313
   -0.094547    -0.376078    -0.921752
  -0.0585106    -0.937909     0.341911
   -0.995523    0.0802899    0.0498843
   -0.074239    -0.337462    -0.938407
  -0.0714517    -0.499035    -0.863631
    -0.98876   -0.0785663     0.127202
   -0.131331     0.863013    -0.487813
  -0.0936606    -0.814211     0.572965
    -0.99058    0.0184692    -0.135681
  -0.0998908     0.580275     0.808271
  -0.0449081    -0.373834    -0.926408
   -0.983772    -0.144704     0.106081
   -0.173712     0.916138    -0.361269
   0.0280191    0.0537517    -0.998161
    0.978888     0.200779    0.0382902
    0.202468    -0.978161   -0.0469912
   0.0255643     0.220118    -0.975138
    0.979015     0.191769    0.0689539
    0.202179    -0.956437    -0.210596
  -0.0091857    -0.117884     0.992985
   -0.974815     0.222337    0.0173776
   -0.222826    -0.967817    -0.116958
  -0.0143425    -0.547897     0.836423
   -0.973816     0.197465     0.112651
   -0.226885    -0.812906    -0.536383
 -0.00789644    -0.648409     0.761251
   -0.977098     0.166887     0.132014
   -0.212642    -0.742775    -0.634877
  -0.0786799    -0.921436     0.380479
   -0.995411    0.0934642    0.0205069
   -0.054457     -0.37712    -0.924562
  -0.0878927    -0.917765     0.387274
   -0.994657     0.101993    0.0159632
  -0.0541496    -0.383802    -0.921826
    -0.10455    -0.912332     0.395879
   -0.994187     0.106176   -0.0178702
  -0.0257294    -0.395446    -0.918129
  -0.0969693    -0.913127     0.395975
   -0.994682     0.102782  -0.00656704
  -0.0347027    -0.394507    -0.918238
   -0.134115    -0.923425     0.359581
   -0.990848     0.130563   -0.0342669
  -0.0153053    -0.360886    -0.932484
     -0.1204    -0.889832     0.440117
   -0.992725     0.107798   -0.0536273
 0.000275343    -0.443373    -0.896337
   -0.137409     -0.92239     0.360991
   -0.990472     0.124573   -0.0587121
   0.0091856    -0.365619    -0.930719
   -0.109212    -0.893778      0.43501
   -0.994015    0.0993197   -0.0454902
 -0.00254693    -0.437374    -0.899276
   -0.163721    -0.912353    -0.375243
   -0.986447     0.147236    0.0724093
   0.0108138    -0.382012     0.924094
    0.141631     0.978602     0.149261
    0.989512     -0.13563   -0.0496977
     0.02839    -0.154734     0.987548
   -0.112776      -0.8087     0.577309
   -0.991415    0.0528977    -0.119572
  -0.0661594     0.585838     0.807723
    0.105258     0.971178    -0.213855
     0.99223    -0.116912   -0.0425661
   0.0663416     0.207713     0.975938
   -0.111581    -0.907488     0.404987
   -0.993573     0.109675    -0.027987
  -0.0190192    -0.405507    -0.913894
    -0.10007      -0.9039     0.415872
   -0.994291       0.1064  -0.00799266
  -0.0370244    -0.414298    -0.909388
   -0.106703    -0.764427    -0.635819
   -0.992948      0.11515    0.0281943
  -0.0516624    -0.634344     0.771323
  -0.0801334    -0.907044      0.41334
   -0.995012    0.0975022    0.0210603
  -0.0594042    -0.409591    -0.910333
   0.0941599     0.990509     -0.10013
    0.993457    -0.100014   -0.0551391
   0.0646302    0.0942833     0.993445
  -0.0641864    -0.854912     0.514788
   -0.994711     0.096257    0.0358288
  -0.0801824    -0.509765    -0.856569
  -0.0546741    -0.934047     0.352941
   -0.995234    0.0795619    0.0563863
  -0.0807481    -0.348176    -0.933945
   0.0798963      0.22496    -0.971087
    0.993551    0.0606628    0.0957975
   0.0804594    -0.972478    -0.218662
  -0.0432548    -0.936169     0.348878
   -0.993721    0.0763835    0.0817612
   -0.103191    -0.343151    -0.933595
  -0.0276997    -0.947913     0.317322
    -0.99124    0.0670548     0.113781
   -0.129132     -0.31139    -0.941467
  -0.0281895    -0.923319     0.382998
    -0.99201    0.0729753     0.102912
    -0.12297    -0.377037    -0.917999
  -0.0147507    -0.970846    -0.239248
   -0.987719    0.0513687    -0.147552
    -0.15554    -0.234134     0.959682
   -0.013696    -0.920473     0.390567
   -0.989856    0.0677216     0.124892
    -0.14141    -0.384895    -0.912063
  0.00474207    -0.912953     0.408037
   -0.987494    0.0600277     0.145784
   -0.157587    -0.403626    -0.901251
  0.00448161    -0.932683      0.36067
   -0.983955    0.0602168     0.167945
   -0.178358    -0.355636    -0.917448
  -0.0130364    -0.946079     0.323673
   -0.990728    0.0559996      0.12378
   -0.135232    -0.319059    -0.938037
  0.00839536     -0.93908     0.343596
   -0.988686     0.043668     0.143506
   -0.149768    -0.340913    -0.928088
  0.00433617    -0.962018    -0.272952
   -0.990714    0.0329599    -0.131905
   -0.135892     -0.27099     0.952942
   0.0284248     0.993719     0.108234
    0.990886   -0.0137485    -0.134002
    0.131672    -0.111057     0.985053
   0.0440571     0.993994    -0.100178
    0.992302   -0.0551567    -0.110877
    0.115736    0.0945222     0.988772
     0.06235     0.968868     0.239597
    0.990816   -0.0312281     -0.13156
    0.119983    -0.245599     0.961917
   0.0682518     0.981264    -0.180175
    0.992385   -0.0853356   -0.0888288
     0.10254      0.17274     0.979616
  -0.0563283    -0.965367     0.254741
   -0.993572    0.0792942    0.0807948
  -0.0981961    -0.248553    -0.963628
   0.0368539    -0.646691     0.761861
    0.990972   -0.0746932    -0.111339
    0.128908     0.759086       0.6381
  0.00415495    -0.969542    -0.244891
    0.991006   -0.0287633      0.13069
    0.133753     0.243232    -0.960702
   -0.424021    -0.757463    -0.496444
   -0.893086     0.258718     0.368052
    0.150347    -0.599429     0.786181
   -0.465479    -0.645182    -0.605862
   -0.874763     0.231264     0.425801
    0.134605    -0.728187      0.67203
    0.432323    -0.260704    -0.863209
     0.89391  -0.00180036     0.448243
   -0.118413    -0.965417     0.232268
    -0.46881    -0.401668    -0.786689
   -0.876912     0.318553      0.35993
     0.10603     0.858596    -0.501568
   -0.497569    -0.626875     0.599544
   -0.857455     0.459941    -0.230704
    0.131132     0.628873      0.76637
    0.443578     0.211427     -0.87094
    0.891746    -0.201264     0.405316
  -0.0895943    -0.956447    -0.277815
   -0.489181     -0.45344    -0.745046
   -0.864757     0.363389     0.346619
     0.11357     0.813843    -0.569878
    -0.46697    -0.321436    -0.823782
   -0.879196     0.268451     0.393634
   0.0946173     0.908082    -0.407965
     0.47786   -0.0998302    -0.872745
    0.870978   -0.0753448     0.485511
   -0.114225    -0.992148    0.0509456
      -0.514    -0.283537    -0.809574
   -0.846743      0.31869     0.425984
    0.137222     0.904458     -0.40389
   -0.498811    -0.287208    -0.817741
   -0.856968     0.304506      0.41579
    0.129589     0.908178    -0.398019
    0.517646     0.172738    -0.837976
    0.841388    -0.280512      0.46193
   -0.155269    -0.944179    -0.290546
    0.440826     0.186389    -0.878027
    0.894123    -0.177108      0.41131
  -0.0788419    -0.966381    -0.244729
    0.459405   -0.0617729    -0.886076
    0.882794   -0.0784185      0.46317
  -0.0980961    -0.995005    0.0185068
   -0.436463    -0.349435    -0.829093
   -0.895495     0.257946     0.362703
   0.0871198     0.900755    -0.425501
   -0.423322    -0.233725    -0.875312
   -0.903245      0.18389     0.387728
   0.0703392     0.954755    -0.288956
   -0.421005    -0.340907    -0.840558
   -0.904007     0.233644     0.358025
   0.0743378       0.9106    -0.406547
   -0.392551    -0.297987    -0.870119
    -0.91765     0.190487     0.348759
   0.0618206     0.935371    -0.348223
    0.381183     0.134558    -0.914655
    0.921609    -0.133484     0.364444
   -0.073053    -0.981874    -0.174892
    0.400692     0.129758    -0.906978
    0.911518    -0.156537     0.380303
  -0.0926284    -0.979111       -0.181
   -0.361574     -0.77495    -0.518379
   -0.926718     0.237738     0.290989
    0.102264    -0.585605      0.80412
    0.354057     0.167289     -0.92014
    0.932692    -0.135507      0.33425
  -0.0687694    -0.976551    -0.204007
   -0.336958     0.582266    -0.739882
   -0.938793    -0.148017     0.311061
   0.0716048      0.79941     0.596503
   -0.315618     0.340524    -0.885679
   -0.946335   -0.0445608     0.320101
   0.0695356     0.939179     0.336314
   -0.397017    -0.697155    -0.596952
   -0.909813     0.213263     0.356032
    0.120902    -0.684466      0.71895
    0.510502     0.199262     -0.83647
    0.841583    -0.315375     0.438494
   -0.176427    -0.927811    -0.328695
   -0.493312    0.0134293    -0.869749
   -0.855921     0.170741     0.488105
    0.155057     0.985224    -0.072734
    0.477314     -0.24263    -0.844572
    0.859413   -0.0715348     0.506253
   -0.183248    -0.967478     0.174375
    0.498042    -0.260483    -0.827105
    0.841206   -0.0864475     0.533759
   -0.210536      -0.9616     0.176066
   -0.459776     0.586286    -0.666989
   -0.874266    -0.167088     0.455786
    0.155775     0.792685     0.589393
   -0.461627     0.582771    -0.668789
   -0.861082    -0.113215     0.495702
    0.213164     0.804712     0.554076
   -0.440059     0.379086    -0.814028
   -0.879264   0.00215792      0.47633
    0.182327     0.925359     0.332367
   -0.423578     0.396229    -0.814606
   -0.881733    0.0258182     0.471041
    0.207672     0.917788     0.338433
   -0.483603     0.574599    -0.660277
   -0.840424   -0.0940418     0.533708
    0.244574     0.813015     0.528385
   -0.440585     0.424854    -0.790812
   -0.865532    0.0327071     0.499785
    0.238201     0.904671     0.353314
    0.467706    -0.307742     -0.82858
    0.839543    -0.138514     0.525339
   -0.276439    -0.941333     0.193579
   -0.421949     0.610938    -0.669861
   -0.892201    -0.148571     0.426501
    0.161044     0.777613     0.607769
    0.403438     -0.36481    -0.839137
    0.897874   -0.0188018     0.439851
   -0.176239    -0.930892     0.319968
   -0.393908    -0.820701     0.413867
   -0.907032     0.419954   -0.0305177
    0.148759     0.387412     0.909826
    0.409557    -0.257766    -0.875111
    0.901797   -0.0306465     0.431073
   -0.137935    -0.965721     0.219901
    0.438709    -0.108851    -0.892012
    0.887359    -0.104243     0.449141
   -0.141875    -0.988577    0.0508572
    0.427218    -0.278682    -0.860128
    0.896088   0.00376277      0.44386
   -0.120459    -0.960376     0.251331
   -0.452802     0.429302    -0.781454
   -0.883564   -0.0985622     0.457821
    0.119522     0.897767     0.423944
   -0.471498     0.431899    -0.768865
   -0.871569   -0.0953687     0.480908
    0.134378     0.896866     0.421396
     0.43648    -0.129082    -0.890406
    0.893717   -0.0518689     0.445622
   -0.103706    -0.990276    0.0927229
   -0.392706    -0.810268     0.435027
   -0.918043     0.373455    -0.133146
   0.0545794     0.451661     0.890519
   -0.393923    -0.627459    -0.671655
   -0.916672     0.321745     0.237051
   0.0673616     0.709067    -0.701917
   -0.391293    -0.600929    -0.696975
   -0.916526     0.322689     0.236332
   0.0828876      0.73127    -0.677033
   -0.403238    -0.623363    -0.669939
    -0.91138     0.339468     0.232696
   0.0823688     0.704401    -0.705007
   -0.400611    -0.486078    -0.776685
   -0.913264     0.280201     0.295697
    0.073896     0.827778    -0.556169
     -0.4081    -0.784412     0.467067
   -0.907993     0.401921    -0.118355
   0.0948848     0.472395     0.876265
   -0.405062    -0.778793     0.478964
   -0.910723      0.38991     -0.13621
   0.0806733     0.491377     0.867203
    0.413819     0.402187      -0.8167
    0.906288    -0.266752      0.32785
  -0.0859992    -0.875836    -0.474884
   -0.412938    -0.764196     0.495465
   -0.907531     0.391019    -0.153269
   0.0766083     0.512941     0.854999
   -0.401639    -0.468324    -0.786993
   -0.912583     0.276618     0.301123
   0.0766736     0.839139    -0.538485
   -0.402255      -0.5082    -0.761527
   -0.912248     0.292827     0.286453
   0.0774204     0.809929    -0.581396
     0.39828     0.263805     -0.87851
    0.913538    -0.200321     0.354007
   -0.082595    -0.943546    -0.320779
    0.425374    -0.264957    -0.865364
    0.900353    0.0269375     0.434326
  -0.0917669    -0.963884     0.250013
   -0.422796    -0.470497    -0.774517
   -0.902831     0.292586     0.315103
   0.0783576     0.832482    -0.548483
   -0.415744    -0.486406    -0.768483
   -0.903447     0.318049     0.287452
    0.104597      0.81379    -0.571669
    0.399068     0.216223    -0.891063
    0.909277    -0.218549     0.354192
   -0.118156    -0.951569    -0.283822
   -0.391685     -0.69994     0.597216
   -0.914763     0.366039    -0.170949
   0.0989501     0.613269     0.783652
   -0.381817    -0.764411     0.519511
   -0.919109     0.373173    -0.126415
   0.0972345     0.525755     0.845061
    0.383383     0.109786    -0.917041
    0.915436    -0.176816     0.361543
   -0.122455    -0.978102    -0.168291
   -0.382634    -0.803583     0.455901
   -0.920759     0.372329    -0.116508
   0.0761211     0.464355     0.882372
   -0.379846     -0.46267    -0.801033
    -0.92093     0.270766     0.280309
   0.0872023      0.84417    -0.528936
   -0.384193    -0.414042    -0.825206
   -0.919666     0.250336     0.302566
   0.0813036     0.875158    -0.476958
   -0.351622    -0.397975    -0.847336
   -0.931849     0.235381      0.27614
   0.0895504     0.886686    -0.453617
   -0.351578    -0.417517    -0.837898
    -0.93116     0.248332     0.266969
    0.096613     0.874077    -0.476083
     -0.3645    -0.293664    -0.883686
   -0.928093     0.192055     0.318994
   0.0760391     0.936417    -0.342551
   -0.325447    -0.432561    -0.840818
   -0.940767     0.237551     0.241924
   0.0950903     0.869747     -0.48425
   -0.324579    -0.367408    -0.871585
   -0.942272     0.205771     0.264162
   0.0822917     0.907011    -0.412988
     0.29499   -0.0372412    -0.954774
     0.95159   -0.0788607     0.297082
  -0.0863579     -0.99619    0.0121753
    0.322205      0.53979    -0.777695
    0.940716    -0.274554     0.199181
   -0.106004    -0.795768    -0.596252
    0.291914   -0.0921317    -0.951997
    0.951435   -0.0737685     0.298881
  -0.0977638    -0.993011    0.0661232
   -0.292172    -0.300813    -0.907825
   -0.949433     0.205325     0.237527
    0.114948     0.931318    -0.345592
   -0.329176    -0.282319    -0.901077
   -0.941448     0.171828     0.290088
   0.0729327     0.943807     -0.32235
    0.290435    -0.101651     -0.95148
    0.953844     -0.04858     0.296347
  -0.0763469    -0.993633    0.0828499
   -0.373878    -0.277942    -0.884852
   -0.925306     0.177035     0.335362
   0.0634384     0.944143    -0.323371
   -0.409457    -0.281376    -0.867855
   -0.909552     0.200069     0.364263
   0.0711355     0.938509    -0.337846
   -0.392043    -0.374355    -0.840334
   -0.916972     0.232421     0.324258
   0.0739237     0.897685    -0.434392
   -0.463409     0.363333    -0.808234
   -0.835564     0.124578     0.535082
      0.2951     0.923293     0.245857
   -0.437993   0.00660328    -0.898954
   -0.861336      0.28325     0.421745
    0.257414     0.959023    -0.118374
    0.439862     0.223998    -0.869682
    0.858633      -0.3887     0.334159
   -0.263194    -0.893721    -0.363306
   -0.467473    -0.174056    -0.866703
   -0.830822     0.421443     0.363484
    0.301999     0.889995    -0.341623
    0.413089      0.21187    -0.885702
    0.882535    -0.333098     0.331931
   -0.224699     -0.91878    -0.324581
   -0.454657    -0.303731    -0.837278
   -0.852249      0.42147     0.309894
    0.258763     0.854465    -0.450479
    0.427967     0.165771    -0.888462
    0.880575    -0.297872     0.368591
   -0.203546    -0.940102    -0.273453
     0.44877     0.147175    -0.881445
    0.872363    -0.286135      0.39637
   -0.193877    -0.946819    -0.256799
   -0.473391    -0.320298    -0.820555
   -0.826922     0.482543     0.288707
    0.303481     0.815207    -0.493293
   -0.460754    -0.327933    -0.824722
     -0.8484     0.435606     0.300773
    0.260621     0.838276    -0.478925
   -0.478271    -0.394809    -0.784463
   -0.822305      0.51494      0.24218
    0.308337     0.760896    -0.570934
    -0.40869    -0.322496    -0.853797
   -0.899815     0.298857     0.317833
    0.152663     0.898154    -0.412326
    0.425399    0.0705822    -0.902249
    0.894909    -0.181311     0.407755
   -0.134807     -0.98089    -0.140294
    0.408309     0.148562    -0.900674
    0.909737    -0.147554      0.38808
  -0.0752441    -0.977833      -0.1954
   -0.394798    -0.478421    -0.784377
   -0.913716      0.29385     0.280668
    0.096212     0.827505    -0.553153
     0.39564     -0.36135    -0.844331
    0.900596   -0.0275225     0.433784
   -0.179986    -0.932024     0.314542
    0.384191     -0.11628    -0.915902
    0.912058    -0.106224     0.396065
   -0.143345     -0.98752     0.065244
    0.394277    -0.170121    -0.903108
    0.899558    -0.129585     0.417137
   -0.187993    -0.976866     0.101941
   -0.411581     0.316641    -0.854599
   -0.884128    0.0888429      0.45872
    0.221175     0.944376     0.243385
    0.379371     0.223134    -0.897936
    0.913761    -0.242781     0.325727
   -0.145321     -0.94407    -0.295996
   -0.472636     -0.76829     0.431678
   -0.828624      0.55419    0.0790895
    0.299995     0.320318     0.898554
   -0.456359    -0.507339    -0.730988
   -0.853978     0.480472     0.199672
    0.249917      0.71537    -0.652524
   -0.446175    -0.894887    0.0102774
   -0.862768     0.433155     0.260784
    0.237824    -0.107488     0.965343
    -0.44439    -0.742866     0.500667
   -0.841779     0.537473    0.0503164
    0.306473     0.399091     0.864176
   -0.431817    -0.720834    -0.542155
   -0.886685       0.2291     0.401625
    0.165298    -0.654149     0.738082
    0.420469     0.892348     0.164075
    0.875022    -0.446633     0.186699
   -0.239881   -0.0650682     0.968619
   -0.409163    -0.679345     -0.60916
   -0.897872     0.180856     0.401393
    0.162514    -0.711183     0.683965
    0.391806     0.898814    -0.196523
     0.90743    -0.342259     0.243782
   -0.151853     0.273847      0.94971
    0.418356     0.907395     0.040168
     0.85612    -0.408715     0.316246
   -0.303377    0.0979145     0.947827
   -0.386114    -0.922226    0.0203974
   -0.893378     0.379361     0.240751
    0.229765   -0.0747347     0.970373
    0.403168     0.913177   -0.0596891
    0.862334    -0.357268     0.358805
   -0.306327      0.19613     0.931502
   -0.410495    -0.715091    -0.565808
   -0.907369     0.258796      0.33122
    0.090423    -0.649361     0.755086
   -0.382536    -0.775077    -0.502913
   -0.920503     0.272797     0.279743
   0.0796292    -0.569945     0.817815
   -0.378475    -0.697051    -0.608996
   -0.925437     0.272195     0.263584
   0.0179655    -0.663348     0.748096
   -0.406926    -0.699955     -0.58692
   -0.913209     0.296638     0.279382
   0.0214519    -0.649669     0.759915
   -0.432986      0.59965     -0.67301
   -0.895657    -0.202054     0.396198
    0.101596     0.774334     0.624568
   -0.422815    -0.653308    -0.628026
   -0.905944      0.28773     0.310608
   0.0222213    -0.700286     0.713516
    0.435615     -0.29853    -0.849188
     0.89263    0.0217146     0.450267
   -0.115978    -0.954153     0.275936
    0.441846    -0.302375    -0.844596
     0.87837   -0.0455167      0.47581
   -0.182316    -0.952102     0.245486
   -0.415767     0.509161    -0.753587
   -0.907713     -0.18081     0.378636
   0.0565311     0.841465     0.537346
   -0.417329    -0.697753    -0.582218
    -0.90343     0.387811     0.182802
  -0.0982397    -0.602282     0.792216
   -0.420894     0.501401     -0.75594
   -0.901043    -0.327314     0.284584
   -0.104739     0.800914     0.589548
   -0.412161     0.585496    -0.698081
   -0.906037    -0.344133     0.246311
  -0.0960181     0.734008     0.672319
   -0.416784     0.434063    -0.798674
     -0.9042    -0.288193     0.315225
  -0.0933453     0.853542     0.512594
   -0.423517     0.497141    -0.757287
   -0.899772    -0.327827     0.287991
   -0.105087     0.803355     0.586154
   -0.413761     0.493311    -0.765144
   -0.907692    -0.288151     0.305065
  -0.0699852     0.820739        0.567
   -0.415392     0.434297    -0.799272
   -0.906336    -0.272452     0.322994
  -0.0774881     0.858578     0.506793
   -0.414089     0.374644    -0.829562
   -0.908782     -0.22167     0.353523
  -0.0514436      0.90028     0.432261
   -0.403698    -0.373236    -0.835298
   -0.914528     0.138863     0.379941
  -0.0258158     0.917285    -0.397394
    0.421961     -0.11595    -0.899169
    0.901897     0.154722     0.403289
   0.0923594     -0.98113     0.169862
   -0.405218    -0.521199    -0.751099
   -0.912638     0.182299     0.365868
  -0.0537656     0.833738    -0.549537
   -0.417699    -0.612028    -0.671528
   -0.905574     0.220307     0.362492
  -0.0739132     0.759531    -0.646258
    0.409109     0.870988    -0.272048
    0.912449    -0.393168     0.113386
   0.0082031     0.294617      0.95558
   -0.402824    -0.324713    -0.855742
   -0.915078     0.162408      0.36913
   0.0191185     0.931765    -0.362559
   -0.414333    -0.699671    -0.582056
   -0.909733     0.337171     0.242285
  -0.0267333    -0.629902     0.776214
   -0.400853     0.452797    -0.796425
   -0.915628    -0.227131     0.331717
  -0.0306927     0.862199      0.50564
   -0.404115     0.328293    -0.853765
   -0.911962    -0.216868     0.348271
   -0.070819     0.919343     0.387031
    -0.38688     0.497632    -0.776329
   -0.919202     -0.27515     0.281708
  -0.0734197      0.82259     0.563875
    0.382223    -0.610614    -0.693582
    0.923263     0.283714     0.259022
   0.0386164    -0.739362     0.672199
   -0.403549    -0.696419    -0.593421
   -0.910456     0.369912     0.185029
  -0.0906561    -0.614952     0.783336
   -0.402978    -0.439506    -0.802772
   -0.914578     0.160801     0.371067
  -0.0339996     0.883729    -0.466761
   -0.391434    -0.413433    -0.822103
   -0.919895     0.152592     0.361259
    -0.02391     0.897658    -0.440044
   -0.381045    -0.401843    -0.832662
   -0.924206     0.190328     0.331086
   0.0254347     0.895711    -0.443909
   -0.395414    -0.606598      -0.6897
   -0.918502     0.261895      0.29625
 0.000924538     0.750633    -0.660719
    0.373611     0.108718    -0.921192
    0.925776    -0.105696     0.362997
  -0.0579018    -0.988438    -0.140138
   -0.381604    -0.587422    -0.713662
   -0.922714     0.287675     0.256598
   0.0545712     0.756424    -0.651801
   -0.374949     -0.76406     0.525001
   -0.923385     0.358082    -0.138335
    0.082297     0.536647     0.839784
   -0.392167    -0.701747     0.594774
   -0.919422     0.319717    -0.229006
    0.029455     0.636657     0.770585
   -0.373977    -0.562922    -0.737061
   -0.920501     0.322315     0.220888
    0.113223     0.761073    -0.638709
    0.373482    0.0930995    -0.922954
    0.922531    -0.141526     0.359035
  -0.0971955    -0.985547    -0.138744
   -0.387061    -0.633828    -0.669661
   -0.920552     0.307067      0.24144
   0.0525993      0.70991    -0.702325
    -0.38702    -0.527417    -0.756338
   -0.922053     0.226521     0.313857
   0.0057933     0.818853    -0.573974
    0.651477   -0.0372402    -0.757754
    0.594631    -0.595223     0.540485
    -0.47116    -0.802697     -0.36563
    0.657986    0.0911838    -0.747489
    0.592174    -0.675842     0.438825
    -0.46517    -0.731385    -0.498691
   -0.650916    -0.231299    -0.723055
   -0.632307     0.692274      0.34777
    0.420114     0.683563    -0.596864
    0.656911     0.210939    -0.723859
    0.630755    -0.679716     0.374344
   -0.413056    -0.702489    -0.579564
    0.659729     0.194522    -0.725892
    0.591699    -0.729944      0.34216
   -0.463303    -0.655242    -0.596664
   -0.643937    -0.343597    -0.683583
   -0.669888     0.684828     0.286813
    0.369588     0.642614    -0.671157
   -0.655478    -0.385082    -0.649662
   -0.630606      0.75242     0.190262
    0.415552     0.534393     -0.73603
    -0.64532    -0.418148    -0.639307
    -0.66902     0.713328      0.20875
