  -0.0218821     -0.80942     0.586822
   -0.996664   -0.0284993   -0.0764747
   0.0786241    -0.586538    -0.806096
   -0.047645    -0.851635     0.521965
   -0.996961   0.00829827   -0.0774633
   0.0616391    -0.524069    -0.849442
  -0.0808348    -0.881658     0.464914
    -0.99556    0.0488496   -0.0804606
   0.0482278    -0.469354    -0.881692
  -0.0983845     -0.91991     0.379588
   -0.994229    0.0744653   -0.0772292
   0.0427778    -0.384995    -0.921927
   -0.119282    -0.929291     0.349557
   -0.992045    0.0972882   -0.0798839
   0.0402276    -0.356305    -0.933503
    -0.11558    -0.926196    -0.358892
   -0.993029    0.0993367    0.0634428
   0.0231093    -0.363723     0.931221
   -0.129105    -0.883626    -0.450042
   -0.991492     0.107429    0.0735041
   0.0166027    -0.455703     0.889977
   -0.126359    -0.887537     0.443071
   -0.991551    0.0998054   -0.0828556
   0.0293165    -0.449797     -0.89265
   -0.126111    -0.798954      0.58802
   -0.992008     0.099129   -0.0780641
  0.00407975    -0.593165     -0.80507
   -0.126253    -0.898163     0.421145
   -0.991567     0.101747   -0.0802639
   0.0292398    -0.427727    -0.903435
   -0.116814    -0.875817     0.468294
   -0.993154       0.1028   -0.0554791
 0.000448939    -0.471568    -0.881829
   -0.107248    -0.845594     0.522942
   -0.994091    0.0823276   -0.0707508
   0.0167739     -0.52744    -0.849427
     0.15291     0.981881      0.11193
    0.971831    -0.169958     0.163276
   -0.179341   -0.0838102      0.98021
   -0.178574    -0.832512     0.524437
    -0.96433     0.253931    0.0747398
    0.195393     0.492384     0.848162
   -0.158091    -0.917265     0.365557
   -0.970378     0.212816     0.114349
    0.182684     0.336651     0.923738
   -0.180571     0.643788    -0.743594
   -0.964263     0.033157     0.262864
    0.193884     0.764485     0.614793
   -0.202069    -0.795757     -0.57091
    -0.95777     0.038807     0.284904
    0.204559    -0.604371     0.769994
    0.153877     0.217938    -0.963756
    0.971403    -0.211866     0.107188
   -0.180827    -0.952689    -0.244307
   -0.199051    -0.742388    -0.639718
   -0.960453    0.0180914     0.277853
    0.194702    -0.669726      0.71663
    0.177722    -0.635178    -0.751641
    0.966936   -0.0292404     0.253338
   -0.182893    -0.771812     0.608979
   -0.192719     0.577721    -0.793157
   -0.964443    0.0374612     0.261624
    0.180858     0.815374     0.549959
   -0.216055    -0.788671    -0.575602
   -0.954956    0.0478671     0.292862
    0.203419    -0.612949     0.763488
   -0.208895    -0.754713    -0.621909
   -0.959297    0.0345648     0.280276
    0.190031    -0.655144     0.731215
    0.219966     0.675921    -0.703382
    0.955652  -0.00457204     0.294463
   -0.195818      0.73696      0.64695
    0.151527    -0.302316    -0.941087
    0.973985    -0.116637     0.194293
   -0.168504    -0.946045     0.276777
   -0.173924    -0.803428    -0.569433
   -0.970828    0.0429698     0.235897
    0.165057     -0.59385     0.787463
   -0.152697    -0.934658    -0.321088
   -0.978124    0.0964877      0.18429
    0.141267    -0.342204     0.928945
   -0.129527    -0.867634     0.480036
   -0.981189    0.0422601    -0.188369
    0.143149    -0.495405    -0.856786
    0.125732     0.989939    0.0648981
    0.979147    -0.134352     0.152384
    -0.15957   -0.0443852     0.986188
   -0.095671    -0.860104     0.501068
   -0.987019    0.0167336    -0.159732
    0.129001    -0.509845    -0.850539
   -0.092094    -0.633463    -0.768273
   -0.984062     0.175769   -0.0269654
     0.15212     0.753545    -0.639554
   -0.127731    -0.767202     0.628558
   -0.977447     0.204833    0.0513851
    0.168172     0.607819     0.776063
   -0.085228    -0.360553    -0.928837
   -0.985312     0.168947    0.0248285
    0.147972      0.91731    -0.369657
  -0.0578019    -0.890735     0.450833
   -0.991883  1.00538e-05    -0.127151
    0.113253    -0.454523    -0.883506
  -0.0623553    -0.592911     -0.80285
   -0.989403     0.142404   -0.0283222
    0.131122     0.792577    -0.595508
  -0.0246128    -0.769539     0.638126
   -0.994635   -0.0453021   -0.0929949
    0.100472    -0.636991    -0.764296
   -0.125383    -0.768007     0.628048
   -0.978104     0.201681    0.0513571
    0.166108     0.607857     0.776478
   -0.213387    -0.731215    -0.647912
    -0.96125    0.0386597     0.272954
     0.17454     -0.68105      0.71113
    0.210119    -0.654247    -0.726506
    0.961495   0.00364464       0.2748
   -0.177139    -0.756272      0.62982
    0.202182     0.948931    -0.242181
    0.967568    -0.155306     0.199231
   -0.151444     0.274607     0.949555
   -0.200913    -0.795409    -0.571803
   -0.967565    0.0698772     0.242767
    0.153143    -0.602031     0.783649
   -0.197287    -0.839024    -0.507067
   -0.969318    0.0895838     0.228905
    0.146632    -0.536669     0.830954
    0.179474     0.926063    -0.331959
    0.976936    -0.128091     0.170847
   -0.115694     0.354965     0.927693
    0.179339     0.660047    -0.729504
    0.977628   -0.0367248     0.207108
    -0.10991     0.750326     0.651867
   -0.156801    -0.828267    -0.537948
   -0.985264     0.093499     0.143226
   0.0683314    -0.552478     0.830722
   -0.177106    -0.811546    -0.556801
   -0.977555    0.0794659     0.195117
    0.114099     -0.57886     0.807405
    0.158852     0.947884     0.276192
    0.984358    -0.173643    0.0297852
  -0.0761918     -0.26714     0.960641
   -0.152125    -0.896077     0.417019
   -0.985107     0.171679   0.00953935
   0.0801414     0.409357     0.908848
   -0.185265    -0.834417    -0.519061
   -0.976453    0.0969023     0.192743
     0.11053    -0.542547     0.832722
   -0.160192     0.611904     -0.77454
   -0.984879   -0.0466453     0.166844
    0.065964     0.789555     0.610124
    -0.16599     0.370221    -0.913993
   -0.983824     0.001139     0.179133
   0.0673598     0.928943     0.364043
   -0.179255    -0.754994    -0.630754
   -0.978851    0.0726273     0.191249
    0.098582    -0.651697     0.752046
    -0.18963    -0.757516    -0.624668
   -0.972076    0.0552752     0.228062
    0.138232    -0.650472     0.746845
    0.181266     0.977221    -0.110375
    0.975861    -0.164832      0.14327
   -0.121813      0.13368      0.98351
     -0.1861     0.633899    -0.750692
   -0.970134   0.00243606     0.242557
    0.155586     0.773412     0.614514
   -0.201624      0.60929    -0.766885
   -0.964217    0.0141387     0.264738
    0.172145     0.792821     0.584637
   -0.170825    -0.865426    -0.471017
   -0.975621    0.0817209     0.203681
    0.137779    -0.494328     0.858287
   -0.132195    -0.925235     0.355619
   -0.990154     0.106598   -0.0907299
   0.0460382    -0.364112    -0.930217
   -0.138259    -0.912168     0.385791
   -0.988958     0.106172    -0.103386
   0.0533452    -0.395825    -0.916775
   -0.152132    -0.903359     0.400997
   -0.985489      0.10774    -0.131165
   0.0752854    -0.415132    -0.906641
   -0.135162    -0.903129     0.407541
   -0.989165    0.0992014    -0.108225
   0.0573124    -0.417753    -0.906751
   -0.145655    -0.912878     0.381364
   -0.986251     0.103566    -0.128771
   0.0780559    -0.394877    -0.915412
   -0.125632    -0.894042     0.430007
   -0.989091    0.0792713    -0.124161
   0.0769176    -0.440915    -0.894247
   -0.116074    -0.892351     0.436161
   -0.991916    0.0814731    -0.097287
   0.0512787    -0.443928    -0.894594
   -0.157412    -0.893564     0.420433
   -0.981465    0.0944334    -0.166762
     0.10931    -0.438891    -0.891867
   -0.137472     -0.90482     0.402991
   -0.984318    0.0793906    -0.157528
     0.11054    -0.418327    -0.901545
   -0.162764    -0.878592     0.448981
   -0.981783    0.0990056    -0.162175
   0.0980343    -0.467198    -0.878701
    -0.16121     -0.84722     0.506192
    -0.98381    0.0972651    -0.150525
   0.0782932    -0.522263    -0.849183
   -0.149161    -0.905894     0.396368
   -0.986708      0.11022    -0.119411
   0.0644857    -0.408911    -0.910293
   -0.135799    -0.865107     0.482855
   -0.989893    0.0983679    -0.102158
   0.0408797    -0.491848    -0.869721
   -0.160883    -0.866946    -0.471721
   -0.986029     0.120284     0.115229
   0.0431565    -0.483669     0.874186
    -0.11907    -0.911697     0.393232
   -0.992479    0.0979558   -0.0734148
   0.0284127    -0.399016    -0.916504
   -0.103073    -0.898434     0.426839
    -0.99348    0.0719665   -0.0884262
    0.048727     -0.43317    -0.899994
  -0.0715154     -0.87184     0.484541
   -0.996223    0.0384527   -0.0778484
   0.0492395    -0.488279    -0.871298
    -0.08547    -0.856003     0.509856
   -0.994235    0.0400251   -0.0994706
   0.0647401    -0.515419    -0.854489
  -0.0387688    -0.811747     0.582722
   -0.997321  -0.00477001   -0.0729971
   0.0620347     -0.58399    -0.809387
   -0.045469    -0.863445      0.50239
   -0.996922   0.00706362   -0.0780867
   0.0638748    -0.504394    -0.861108
   -0.013123    -0.779732     0.625976
   -0.997455   -0.0336669   -0.0628472
   0.0700786    -0.625207    -0.777306
  -0.0104018    -0.795935     0.605292
   -0.997445   -0.0345224   -0.0625363
    0.070671    -0.604396    -0.793543
  -0.0456025    -0.835833     0.547087
   -0.995357  -0.00845188   -0.0958807
   0.0847642    -0.548919    -0.831566
    -0.01684    -0.851888     0.523453
   -0.997225   -0.0236632   -0.0705922
   0.0725232    -0.523189    -0.849125
  -0.0870206    -0.893149     0.441261
   -0.991523    0.0347502      -0.1252
    0.096488    -0.448416    -0.888602
   -0.117191    -0.930222     0.347782
   -0.987497    0.0719719    -0.140249
    0.105432     -0.35987    -0.927026
   -0.104454    -0.899009     0.425291
   -0.992031    0.0638903    -0.108594
    0.070455    -0.433245    -0.898518
   -0.124937    -0.827346     0.547622
   -0.991678     0.121415   -0.0428123
    0.031069     0.548414      0.83563
   -0.131764    -0.756203     0.640933
   -0.990753     0.121571   -0.0602459
   0.0323604     0.642944     0.765229
   0.0961809    -0.763035     0.639162
    0.995184     0.061505     -0.07633
   0.0189308     0.643425     0.765275
   0.0911091    -0.831269     0.548353
    0.995688    0.0663944   -0.0647843
   0.0174455     0.551891     0.833733
    0.105025    -0.760889     0.640326
    0.994371    0.0712653   -0.0784109
    0.014029     0.644957      0.76409
   0.0705755    -0.768101     0.636427
    0.995402    0.0128092   -0.0949241
   0.0647592       0.6402     0.765473
    0.072506    -0.588157      0.80549
    0.995006   -0.0128892   -0.0989767
   0.0685959     0.808644     0.584285
  -0.0507339    -0.587166    -0.807875
   -0.993119   -0.0558329     0.102947
   -0.105553     0.807539    -0.580293
  -0.0703425    -0.904166     0.421349
   -0.995672    0.0379183    -0.084855
  -0.0607462     0.425494      0.90292
  -0.0537757    -0.854942     0.515928
   -0.994052   -0.0031676     -0.10886
  -0.0947033     0.518713     0.849687
   0.0564583    -0.816339     0.574807
    0.994113  -0.00736048    -0.108096
   0.0924741     0.577526     0.811118
  -0.0781184    -0.786765     0.612289
   -0.994585    0.0192813    -0.102118
  -0.0685369     0.616951     0.784012
   0.0522922    -0.612706     0.788579
    0.992907   -0.0525335    -0.106659
    0.106777     0.788563     0.605613
   0.0535022    -0.667097     0.743047
    0.992237     -0.04814    -0.114664
    0.112262     0.743414     0.659343
   0.0788996    -0.672957     0.735462
    0.993528  -0.00739404     -0.11335
   0.0817179     0.739645     0.668018
    0.104062     0.709362      0.69712
    0.994165   -0.0541779   -0.0932739
   0.0283964    -0.702759     0.710861
     0.11403     0.707213     0.697744
    0.992905   -0.0572822    -0.104208
    0.033729    -0.704676     0.708727
   -0.142576    -0.824121     0.548175
   -0.989438     0.133305   -0.0569346
   0.0261536     0.550503     0.834423
    0.139116     0.721723     0.678058
    0.989621    -0.126227   -0.0686836
  -0.0360188    -0.680575     0.731793
     0.15304     0.628019    -0.763001
     0.98799    -0.113885      0.10443
  -0.0213105     -0.76982    -0.637906
   0.0506904    -0.767368       0.6392
     0.99196   -0.0356231    -0.121431
    0.115953     0.640217     0.759393
  -0.0496203    -0.935127      0.35082
   -0.991329   0.00332106    -0.131362
   -0.121675     0.354296     0.927184
   -0.042447     -0.84625    -0.531092
   -0.987008     0.117965    -0.109081
    -0.15496    -0.519562     0.840263
  -0.0427422    -0.886399    -0.460944
   -0.987899     0.106345    -0.112896
    -0.14909    -0.450541     0.880219
  -0.0357268    -0.415337    -0.908966
   -0.985445    -0.136622      0.10116
     -0.1662      0.89935     -0.40441
  -0.0325467    -0.823161     0.566875
   -0.981134     0.134458     0.138916
   -0.190571    -0.551659    -0.812007
   0.0262994    -0.262675    -0.964526
    0.979387     0.200071   -0.0277818
    0.200271    -0.943914     0.262522
  -0.0178533    -0.604156     0.796666
   -0.973629     0.191753     0.123598
   -0.227436    -0.773451    -0.591647
   -0.028342    -0.678752      0.73382
   -0.982531     0.153995     0.104491
   -0.183929    -0.718039     -0.67126
  -0.0163705    -0.673202     0.739278
   -0.974527     0.176144     0.138821
   -0.223674    -0.718173    -0.658936
  -0.0134151    -0.391155     0.920227
   -0.974485      0.21133    0.0756223
   -0.224051    -0.895733     -0.38401
   0.0188848    -0.227125    -0.973683
    0.978248      0.20541   -0.0289415
    0.206578    -0.951956     0.226063
  -0.0108063    -0.739215     0.673383
   -0.973343     0.162065     0.162288
   -0.229098    -0.653679    -0.721261
 -0.00527818    -0.710048     0.704133
   -0.973297     0.165243     0.159335
   -0.229489     -0.68449     -0.69196
  -0.0164397    -0.630982     0.775623
   -0.978751     0.168729     0.116519
   -0.204392    -0.757226    -0.620348
   0.0303916     -0.42068       0.9067
    0.984409    -0.144632    -0.100101
    0.173249     0.895606     0.409726
    0.026562     0.251748    -0.967428
    0.984777     0.159715       0.0686
    0.171783    -0.954523    -0.243673
   0.0363774     -0.59003     0.806561
     0.98869   -0.0962591    -0.115009
    0.145498     0.801623     0.579855
   0.0441551     0.998195    0.0406969
     0.99052   -0.0384386    -0.131883
     0.13008   -0.0461344      0.99043
   0.0329936    -0.632579     0.773792
    0.987863   -0.0969341    -0.121365
     0.15178     0.768406     0.621704
   0.0146976     -0.88995     -0.45582
    -0.97963    0.0784909    -0.184834
   -0.200271    -0.449252     0.870669
  0.00355455    -0.955918    -0.293614
   -0.984606    0.0479646    -0.168078
   -0.174752    -0.289691     0.941032
  -0.0101195    -0.695174      0.71877
   -0.982009     0.142458     0.123956
   -0.188565    -0.704584    -0.684108
  -0.0289591    -0.903563    -0.427475
    -0.98702    0.0934304     -0.13062
   -0.157963    -0.418144     0.894541
  -0.0191072    -0.970464    -0.240487
   -0.989243    0.0532407     -0.13625
    -0.14503    -0.235297     0.961042
   0.0207488    -0.849159      0.52773
    0.983937   -0.0762657    -0.161403
    0.177304     0.522602     0.833937
  -0.0418134    -0.916349     0.398192
   -0.990754    0.0895116     0.101954
   -0.129068    -0.390247    -0.911619
  -0.0494507    -0.943444     0.327824
   -0.988242  -0.00132686     -0.15289
   -0.144678      0.33153     0.932285
   0.0702837     0.965381     0.251196
    0.991665   -0.0403597    -0.122356
    0.107982    -0.257702     0.960172
  -0.0288828    -0.906858     0.420444
   -0.992153    0.0771982    0.0983525
   -0.121649    -0.414304    -0.901972
  -0.0578641    -0.917465     0.393587
   -0.993927    0.0899079    0.0634542
  -0.0936036    -0.387524    -0.917095
  -0.0532852    -0.917191      0.39487
   -0.995989    0.0772794    0.0450996
  -0.0718802    -0.390883    -0.917629
   0.0402556    -0.705361     0.707704
    0.988382   -0.0757813    -0.131752
    0.146563     0.704785     0.694116
   0.0641786    -0.661368     0.747311
    0.991942   -0.0396952    -0.120317
    0.109239     0.749011      0.65349
   0.0280526    0.0821224    -0.996227
    0.984628      0.16961    0.0417076
    0.172396    -0.982084    -0.076102
 -0.00949608    -0.161649     0.986803
   -0.978399     0.205304    0.0242158
   -0.206509    -0.965256    -0.160107
 -0.00947056    -0.396533     0.917972
    -0.97908     0.190275    0.0720915
   -0.203254    -0.898085    -0.390039
  0.00347753    -0.438316     0.898814
   -0.974808      0.19897     0.100801
    -0.22302    -0.876521    -0.426582
  0.00131624    -0.468107     0.883671
   -0.973281     0.202304     0.108616
   -0.229614    -0.860203    -0.455333
  0.00880934    -0.689354     0.724371
   -0.976704     0.149393     0.154049
    -0.21441    -0.708853    -0.671979
  -0.0671654     -0.88917     0.452622
   -0.996129    0.0855417    0.0202279
  -0.0567041    -0.449511    -0.891473
   -0.080764    -0.916536     0.391712
   -0.995394    0.0945289    0.0159484
  -0.0516454     -0.38862     -0.91995
   -0.102457    -0.867928     0.486007
    -0.99417     0.105844   -0.0205642
  -0.0335928    -0.485281    -0.873713
  -0.0939794    -0.910648     0.402354
   -0.995199    0.0970256   -0.0128546
  -0.0273326     -0.40163    -0.915394
   -0.121592    -0.912953    -0.389529
   -0.992491     0.117082     0.035397
  -0.0132912    -0.390908     0.920334
   -0.116302    -0.882847     0.455033
   -0.993199     0.100826   -0.0582299
  0.00552876    -0.458711    -0.888569
   -0.132531      -0.8966     0.422545
   -0.991141     0.116141   -0.0644306
  0.00869363    -0.427341    -0.904049
   -0.103529    -0.871027     0.480201
   -0.994602    0.0940618   -0.0438152
 -0.00700436    -0.482145    -0.876064
    0.157333     0.931028     0.329292
    0.987411    -0.153816   -0.0368827
  -0.0163117    -0.330949     0.943507
    0.125964     0.676409    -0.725675
    0.991532   -0.0625459     0.113812
   0.0315957    -0.733866    -0.678559
   0.0922861     0.656821    -0.748378
    0.992582 -0.000938688     0.121576
   0.0791512    -0.754046    -0.652035
   0.0981247     0.992461   -0.0734406
    0.992965    -0.102555   -0.0591941
   0.0662795    0.0671155     0.995541
   -0.106074    -0.840504      0.53132
   -0.994202    0.0991059   -0.0417083
  -0.0176009    -0.532663    -0.846144
  -0.0931776    -0.848664     0.520661
   -0.994683     0.102382   -0.0111294
  -0.0438609    -0.518929    -0.853691
    -0.10394    -0.869598    -0.482696
   -0.993446     0.113983   0.00857455
   -0.047563    -0.480423     0.875746
  -0.0823491    -0.924892     0.371206
   -0.994953    0.0977218    0.0227597
  -0.0573252    -0.367458    -0.928272
  -0.0884784     -0.81506     0.572581
   -0.993725     0.111715   0.00546778
  -0.0684223    -0.568505     -0.81983
  -0.0639848     -0.81296     0.578794
   -0.994808    0.0979547    0.0276102
  -0.0791415    -0.574022    -0.815006
  -0.0516448    -0.926972      0.37156
   -0.995303    0.0782813    0.0569554
  -0.0818822    -0.366873     -0.92666
   0.0835009     0.281692    -0.955865
    0.992388    0.0636211     0.105441
   0.0905149    -0.957393    -0.274235
   -0.035197    -0.947688     0.317253
   -0.993712    0.0669503    0.0897463
   -0.106292    -0.312099    -0.944085
  -0.0148996    -0.954953     0.296383
   -0.990979    0.0535853     0.122835
   -0.133184    -0.291879    -0.947137
  -0.0173946    -0.933775     0.357437
   -0.992274     0.060043     0.108569
    -0.12284    -0.352787    -0.927605
 -0.00125641    -0.968396    -0.249415
   -0.987991    0.0397376    -0.149311
   -0.154503    -0.246232     0.956817
  0.00370192    -0.893056      0.44993
   -0.989487    0.0617767      0.13076
   -0.144572    -0.445684    -0.883439
   0.0202218    -0.900019     0.435382
   -0.986721    0.0522296     0.153798
   -0.161161    -0.432711    -0.887011
   0.0180346    -0.949463     0.313361
   -0.982764     0.040838     0.180296
   -0.183982    -0.311212    -0.932361
 -0.00213804    -0.907638     0.419748
   -0.990688    0.0590666     0.122676
   -0.136138    -0.415577    -0.899312
   0.0235041    -0.961224    -0.274764
   -0.988356    0.0189874    -0.150971
   -0.150334    -0.275113     0.949585
   0.0187946    -0.973032    -0.229904
   -0.990416    0.0133501    -0.137468
    -0.13683    -0.230285     0.963456
   0.0186962    -0.950213     -0.31104
    0.991135   -0.0233145     0.130801
     0.13154     0.310728    -0.941353
   0.0393246     0.998708   -0.0321725
    0.992436   -0.0427845    -0.115069
    0.116296    0.0274041     0.992836
   0.0600418    -0.805562     0.589461
    0.990205   -0.0265063    -0.137085
    0.126055     0.591918      0.79608
   0.0707997     0.997106    0.0277076
    0.991687   -0.0673686     -0.10963
    0.107446    -0.035239     0.993586
   -0.045355    -0.908008     0.416492
   -0.993375    0.0850619      0.07727
   -0.105589    -0.410228     -0.90585
   0.0324768    -0.657643      0.75263
    0.990775   -0.0779413    -0.110858
    0.131566     0.749287     0.649045
 -0.00400875    -0.947839    -0.318725
     0.99107   -0.0462477     0.125068
    0.133285     0.315377     -0.93956
   -0.447624    -0.803379    -0.392702
   -0.882346     0.325476     0.339898
    0.145252    -0.498646     0.854549
   -0.486558    -0.602793    -0.632378
   -0.865236     0.432688     0.253275
     0.12095     0.670389    -0.732086
   -0.472827    -0.469423    -0.745706
   -0.875304     0.347585     0.336195
    0.101378     0.811682    -0.575235
   -0.507521    -0.336482    -0.793222
   -0.856612     0.296335     0.422375
   0.0929379     0.893848    -0.438631
   -0.532186    -0.444579    -0.720504
   -0.838704     0.393005     0.376993
    0.115559      0.80492    -0.582022
   -0.479189    -0.307104    -0.822232
   -0.874384     0.248527     0.416757
   0.0763587     0.918652    -0.387619
   -0.531788    -0.404798    -0.743868
   -0.841629     0.350253     0.411076
    0.094139     0.844666    -0.526951
   -0.508079    -0.305383    -0.805355
   -0.857792     0.263836     0.441116
   0.0777722     0.914949    -0.396005
   -0.521027    -0.378367    -0.765094
    -0.84863     0.325649     0.416869
   0.0914229     0.866482    -0.490766
   -0.553893    -0.481514    -0.679225
    -0.82465     0.429664     0.367887
    0.114696     0.763893    -0.635068
   -0.540719    -0.293575    -0.788312
   -0.834498     0.305292     0.458705
    0.106001     0.905875    -0.410065
   -0.560266    -0.342348    -0.754255
   -0.818714     0.367103     0.441523
    0.125735     0.864889     -0.48596
   -0.477738    -0.353965    -0.804036
   -0.876098      0.25963     0.406257
   0.0649513     0.898499    -0.434144
     0.49695     0.165455     -0.85186
    0.864235    -0.182995     0.468626
  -0.0783493    -0.969091    -0.233931
   -0.472166    -0.280778    -0.835597
   -0.878949     0.222163     0.422011
   0.0671473     0.933706    -0.351687
     -0.4504    -0.398512    -0.798954
   -0.890847     0.260154      0.37244
   0.0594293     0.879493    -0.472187
   -0.448356    -0.295481    -0.843604
    -0.89158     0.215134     0.398501
   0.0637382     0.930811    -0.359901
   -0.406442    -0.225469     -0.88542
   -0.911832     0.161651     0.377402
   0.0580361     0.960746    -0.271292
    -0.40352    -0.336528    -0.850835
   -0.912272     0.219344     0.345901
   0.0702203     0.915771    -0.395515
      0.4351      0.17205    -0.883791
    0.896297    -0.176156     0.406964
  -0.0856666     -0.96921    -0.230854
   -0.389256     0.510695    -0.766597
   -0.917438    -0.140515      0.37224
   0.0823828     0.848202     0.523228
    0.358177    0.0601509    -0.931714
    0.931637    -0.088576     0.352429
  -0.0613285    -0.994252   -0.0877647
   -0.358951     0.375848    -0.854337
   -0.930603   -0.0738585     0.358502
   0.0716422     0.923733     0.376277
    0.311355     -0.62562    -0.715303
    0.947796     0.149896     0.281451
  -0.0688604    -0.765592      0.63963
    0.425685    -0.274101    -0.862358
    0.898388    0.0141434     0.438975
   -0.108127    -0.961597      0.25227
    0.541713     0.201035    -0.816169
    0.825758    -0.308719     0.472035
   -0.157072    -0.929665    -0.333243
    0.529135     0.162146    -0.832901
    0.838564    -0.249981     0.484067
    -0.12972    -0.954577    -0.268244
    0.495527   -0.0767281    -0.865197
    0.849417    -0.165339     0.501152
   -0.181503    -0.983248    -0.016756
    0.506924    0.0784781    -0.858411
    0.835443    -0.289975      0.46685
    -0.21228    -0.953811    -0.212559
   -0.485792    0.0217922    -0.873803
   -0.860904     0.160959     0.482635
    0.151164      0.98672   -0.0594318
    0.456358    -0.166627    -0.874055
    0.859304    -0.172422     0.481526
   -0.230942    -0.970828    0.0644969
    0.430256    0.0758635    -0.899514
    0.878643    -0.263741     0.398029
   -0.207042    -0.961606    -0.180133
    0.397347    -0.192408    -0.897271
    0.884892    -0.178651     0.430174
   -0.243067    -0.964916    0.0992737
    0.481201   -0.0900518    -0.871973
    0.837366    -0.247073      0.48762
   -0.259352    -0.964803   -0.0434853
    0.424282    -0.297888     -0.85513
    0.862098    -0.156075     0.482108
   -0.277079    -0.941755     0.190589
    0.448233     0.101554    -0.888129
    0.837907    -0.393882     0.377847
   -0.311447    -0.913533    -0.261644
   -0.422758    -0.621433    -0.659618
   -0.889703     0.423029     0.171683
    0.172348     0.659445     -0.73173
    0.382411    -0.299841     -0.87399
    0.899108   -0.0972889     0.426778
   -0.212995    -0.949016     0.232385
    -0.37266     -0.73853      0.56187
   -0.911158     0.405938   -0.0707536
    0.175831     0.538319     0.824194
    0.405624   -0.0347031    -0.913381
    0.900563    -0.155794     0.405851
   -0.156383     -0.98718   -0.0319414
    0.465318     0.120328    -0.876927
    0.874883    -0.212935     0.435015
   -0.134384    -0.969629    -0.204356
    0.449469    0.0661182    -0.890846
    0.884875    -0.169567     0.433871
   -0.122371    -0.983298    -0.134721
     0.49466    0.0725795    -0.866051
    0.863174    -0.157071     0.479853
   -0.101204    -0.984917    -0.140346
    0.508691      0.18245    -0.841395
    0.852773    -0.241143      0.46328
   -0.118371    -0.953185    -0.278255
    0.475531     0.244615    -0.845005
    0.875201    -0.228565     0.426359
   -0.088845    -0.942296    -0.322777
   -0.382554     -0.72554     0.572053
   -0.922487     0.334567    -0.192568
   0.0516748     0.601379     0.797291
   -0.396758    -0.650463     0.647673
   -0.915362     0.333036    -0.226272
   0.0685165     0.682631     0.727544
    0.398429     0.881338     0.253964
    0.913085     -0.40733   -0.0189151
  -0.0867764    -0.239427     0.967029
   -0.429904    -0.778417     0.457438
   -0.899664     0.412014    -0.144391
   0.0760747     0.473615      0.87744
   -0.424851    -0.622139    -0.657605
   -0.902952     0.343105     0.258759
   0.0646438      0.70372    -0.707531
    0.430085     0.221952    -0.875079
    0.898389    -0.200792     0.390614
  -0.0890116    -0.954159    -0.285757
   -0.438013    -0.456158    -0.774639
    -0.89612     0.290098     0.335875
   0.0715088     0.841287    -0.535839
   -0.442145    -0.403066    -0.801277
   -0.893971     0.270706      0.35712
   0.0729677     0.874217    -0.480021
   -0.438879    -0.392191    -0.808438
   -0.895854     0.260578     0.359923
   0.0695024     0.882205    -0.465708
   -0.433923    -0.554977    -0.709726
   -0.898793     0.321133     0.298404
    0.062309     0.767381    -0.638156
   -0.427586    -0.432425    -0.793838
   -0.901079     0.274117      0.33603
   0.0722967     0.858993    -0.506857
    0.422867     0.558509    -0.713618
    0.903472    -0.320805     0.284292
  -0.0701526    -0.764952    -0.640255
   -0.453353    -0.330403    -0.827831
   -0.887861      0.24927     0.386739
   0.0785735     0.910329    -0.406359
   -0.456168    -0.407051    -0.791341
   -0.887762     0.269666     0.373039
   0.0615517     0.872691    -0.484377
   -0.435441    -0.323685    -0.840011
   -0.894158     0.263603     0.361933
    0.104277     0.908703    -0.404209
   -0.399424     -0.45801    -0.794158
    -0.90767     0.319299     0.272367
    0.128827     0.829623    -0.543258
   -0.397805    -0.717134      0.57225
   -0.911519     0.379849     -0.15763
    0.104326     0.584323     0.804787
   -0.367642    -0.807497     0.461289
   -0.923742     0.374386   -0.0808394
    0.107423     0.455832     0.883559
   -0.365303    -0.772721     0.519091
   -0.920745     0.382027   -0.0792737
     0.13705     0.506909     0.851035
   -0.372292    -0.466179    -0.802543
   -0.924969     0.257508     0.279504
    0.076362     0.846384    -0.527069
    0.391179    -0.464393     0.794555
     0.91677      0.27233     -0.29218
  -0.0806947     0.842719     0.532272
    0.394215    -0.431588     0.811373
    0.915706     0.259349    -0.306953
  -0.0779514     0.863985     0.497447
   -0.355519    -0.397204     -0.84607
   -0.930313     0.237671     0.279339
    0.090132     0.886421    -0.454021
   -0.359888     -0.44645    -0.819245
   -0.927737      0.26434     0.263495
   0.0989222     0.854872    -0.509321
    0.364894     0.450757     -0.81466
    0.928257    -0.243846     0.280854
  -0.0720547    -0.858695    -0.507396
   -0.319166    -0.388136    -0.864571
   -0.941734     0.232091     0.243458
    0.106164     0.891899    -0.439597
   -0.323599    -0.483435    -0.813372
   -0.942816     0.237316     0.234048
   0.0798797     0.842598    -0.532586
    0.279954    -0.273565    -0.920211
    0.956057  -0.00749302     0.293087
  -0.0870735    -0.961824     0.259446
   -0.323927    -0.403915    -0.855526
   -0.938933     0.248209     0.238322
    0.116088      0.88048     -0.45965
    -0.28733     0.357845    -0.888475
   -0.951406  0.000637347     0.307939
    0.110761     0.933781     0.340273
    0.284419    -0.225077    -0.931905
    0.949674   -0.0669243     0.306006
   -0.131242     -0.97204     0.194715
    0.338934     0.206335    -0.917905
    0.938333    -0.144893     0.313907
  -0.0682283    -0.967694    -0.242721
   -0.297251      0.54404    -0.784642
   -0.951834    -0.104129     0.288391
   0.0751922     0.832573     0.548788
   -0.383977    -0.365856    -0.847768
   -0.921207     0.214208     0.324797
   0.0627697     0.905684     -0.41928
    0.427743     0.442266    -0.788312
    0.901673    -0.269956       0.3378
  -0.0634119    -0.855292    -0.514252
   -0.407755    -0.397236     0.822156
   -0.910525     0.244359    -0.333517
   0.0684165     0.884586     0.461331
    -0.43568    -0.350529    -0.829043
   -0.837128     0.496253     0.230107
    0.330756     0.794268    -0.509646
   -0.408949    -0.333534    -0.849421
   -0.864371     0.440046     0.243357
    0.292616     0.833735    -0.468253
   -0.414441     -0.43458    -0.799612
   -0.861479     0.470611     0.190735
    0.293417     0.767897    -0.569422
    0.440688     0.184596    -0.878475
    0.829557    -0.457654     0.319981
   -0.342971    -0.869757    -0.354816
    -0.39141    -0.360548    -0.846643
   -0.886516     0.394452     0.241864
    0.246756      0.84523    -0.474024
   -0.433674    -0.279738    -0.856548
   -0.855071     0.427601     0.293276
     0.28422     0.859595    -0.424635
    0.409885     0.120736    -0.904111
    0.880165    -0.312485     0.357299
   -0.239382    -0.942219     -0.23435
   -0.444193     0.535468    -0.718308
    -0.87303   -0.0785777     0.481294
    0.201275     0.840892     0.502384
   -0.448795     -0.42876    -0.784059
   -0.825357     0.535237     0.179741
    0.342592     0.727796    -0.594091
   -0.446512      0.51272    -0.733311
   -0.852664   0.00465213     0.522438
    0.271276     0.858543     0.435101
    0.458983     0.886774    0.0544608
     0.82023    -0.446501     0.357575
   -0.341405     0.119451     0.932295
    0.386348     0.181464    -0.904326
    0.906009    -0.258419     0.335212
   -0.172866    -0.948836    -0.264248
   -0.423755       0.3271    -0.844652
   -0.896732   -0.0200484     0.442119
    0.127683     0.944777     0.301817
    0.393486    -0.168383    -0.903778
    0.916733  -0.00197491     0.399495
  -0.0690531     -0.98572     0.153585
   -0.361087    -0.374061    -0.854222
   -0.925109     0.259041     0.277618
    0.117432     0.890492    -0.439584
    0.364584   -0.0892743    -0.926881
    0.907803    -0.187518      0.37514
   -0.207297    -0.978196    0.0126776
    0.350512     0.138754    -0.926223
    0.922536    -0.221642     0.315914
   -0.161455    -0.965206    -0.205694
     0.36404     0.145897    -0.919885
    0.906247    -0.283391     0.313696
    -0.21492    -0.947842    -0.235384
    0.380361    -0.119605    -0.917072
    0.887787    -0.230639     0.398295
   -0.259151     -0.96566     0.018458
   -0.352734    -0.298668    -0.886778
   -0.919256     0.287619     0.268783
    0.174777     0.909985    -0.376006
    0.450755     0.871229    -0.194372
    0.829662    -0.328553     0.451347
   -0.329365      0.36471     0.870922
   -0.446231    -0.713043    -0.540785
   -0.858193     0.169619     0.484493
    0.253737    -0.680293     0.687618
   -0.435546    -0.775517    -0.457027
   -0.865683      0.22168     0.448833
    0.246764    -0.591128     0.767903
    0.424617     0.890974    -0.160831
    0.844604    -0.325832     0.424827
   -0.326106     0.316228     0.890873
   -0.431809     0.587082    -0.684745
   -0.885729    -0.132606     0.444859
    0.170367     0.798593     0.577256
   -0.405336    -0.741546    -0.534614
   -0.884252     0.169654     0.435105
    0.231951    -0.649097      0.72448
   -0.417074     0.552239     -0.72186
   -0.896363    -0.118608     0.427161
    0.150276     0.825206     0.544474
    0.391901     0.873983    -0.287345
    0.909626    -0.321307     0.263329
   -0.137819     0.364575     0.920918
    0.407357     0.903189    -0.135314
    0.854824    -0.324928     0.404597
    -0.32146     0.280485     0.904429
    0.383205     0.896879    -0.220821
    0.896745    -0.303953     0.321654
   -0.221366     0.321279     0.920748
    0.385375     0.909664    -0.154912
    0.871547    -0.303671     0.384954
   -0.303137     0.283364     0.909842
    -0.41657    -0.678031    -0.605594
   -0.906916     0.263755     0.328537
   0.0630299    -0.686082     0.724789
   -0.390407    -0.719578    -0.574274
   -0.919544     0.274322       0.2814
   0.0449532    -0.637931     0.768781
   -0.389818     0.380144    -0.838769
   -0.920777    -0.175278     0.348492
  -0.0145403     0.908167     0.418354
   -0.418319     0.614047    -0.669294
     -0.9083    -0.282828      0.30822
-3.38141e-05     0.736854     0.676052
   -0.425422     0.558856    -0.711826
   -0.898905    -0.169846     0.403883
    0.104812     0.811685     0.574615
   -0.421171     0.572232     -0.70368
   -0.906952    -0.259451     0.331849
  0.00732382     0.777969      0.62826
   -0.434371      0.43398    -0.789293
   -0.894151    -0.102006     0.435991
    0.108699     0.895129     0.432352
   -0.439134    -0.684174    -0.582295
   -0.877264     0.186708     0.442209
    0.193829    -0.705015      0.68219
    -0.41341     0.488525    -0.768398
   -0.909558    -0.182284     0.373465
   0.0423804     0.853297       0.5197
   -0.436882    -0.691215    -0.575635
   -0.887659      0.43486     0.151521
   -0.145587    -0.577165     0.803546
   -0.434995     0.600147     -0.67127
   -0.889603    -0.401715     0.217327
   -0.139231       0.6917     0.708637
   -0.419709     0.543359    -0.727052
   -0.897859    -0.365932     0.244834
   -0.133019     0.755549     0.641445
   -0.421106     0.547504    -0.723124
   -0.898503    -0.360755     0.250096
   -0.123942     0.755046     0.643851
   -0.431787     0.537321    -0.724463
   -0.891202    -0.377924     0.250865
   -0.138997     0.753963     0.642043
   -0.410023     0.576291    -0.706944
   -0.907568    -0.334751     0.253499
  -0.0905613      0.74554     0.660279
   -0.413242      0.54546     -0.72918
   -0.904462    -0.338832     0.259116
   -0.105733     0.766593     0.633368
   -0.404945     0.519193    -0.752634
   -0.911561    -0.293379     0.288071
  -0.0712425     0.802725     0.592078
    0.387946   -0.0807648    -0.918136
    0.920627    0.0816118      0.38182
   0.0440932    -0.993386     0.106015
   -0.422849    -0.678899    -0.600245
   -0.898139     0.402121     0.177891
   -0.120601    -0.614325     0.779782
    0.395887    -0.251317     -0.88324
    0.915924     0.177202     0.360116
   0.0660082    -0.951546     0.300339
   -0.406612     0.455545    -0.791926
   -0.909534    -0.283543     0.303893
  -0.0861086      0.84385     0.529625
   -0.402742     0.477432    -0.780934
    -0.91488    -0.236237     0.327394
  -0.0281774     0.846316     0.531936
    0.384456     0.115991    -0.915827
    0.923143   -0.0492156     0.381294
-0.000846202     -0.99203    -0.125998
   -0.410404     0.514487    -0.752909
   -0.910489    -0.277168     0.306901
  -0.0507858     0.811469     0.582185
   -0.403948     0.609866    -0.681828
    -0.91262    -0.319885     0.254556
  -0.0628621     0.725077     0.685793
   -0.408127     0.440579    -0.799577
   -0.906481    -0.299458     0.297687
   -0.108285     0.846295     0.521593
   -0.401785     0.629509    -0.665047
   -0.909334    -0.359985     0.208621
   -0.108078     0.688571      0.71707
    -0.38999     0.518161    -0.761195
   -0.917546    -0.288311     0.273836
  -0.0775695     0.805225     0.587874
   -0.416389    -0.694406    -0.586874
   -0.899478     0.408708     0.154588
   -0.132513    -0.592249     0.794784
    0.381032    -0.345983    -0.857386
    0.923703     0.182426     0.336889
   0.0398516    -0.920335     0.389096
   -0.362703     0.284071    -0.887553
   -0.931816    -0.123673     0.341208
  -0.0128392     0.950794     0.309559
   -0.356986 -0.000139971     -0.93411
   -0.933809    0.0254292     0.356867
   0.0237037     0.999677  -0.00920855
   -0.374798    -0.390092    -0.841044
   -0.927102     0.154674     0.341407
  -0.0030921     0.907692    -0.419626
    0.345464    0.0565128    -0.936729
    0.936319   -0.0877085     0.340021
  -0.0629436    -0.994542   -0.0832141
   -0.359953    -0.394084    -0.845654
   -0.931371     0.204826     0.300988
   0.0545977      0.89596    -0.440767
   -0.348193    -0.661256     0.664456
   -0.932905     0.313934    -0.176445
   0.0919199     0.681311     0.726199
   -0.374552    -0.645478     0.665634
   -0.926748     0.283165     -0.24689
   0.0291224     0.709349     0.704256
   -0.346182     -0.67748     0.648983
   -0.928475     0.346583    -0.133468
    0.134504     0.648769     0.749004
   -0.344133    -0.705811     0.619196
   -0.932391     0.334535    -0.136868
     0.11054     0.624433     0.773216
   -0.359666    -0.664446     0.655097
   -0.930889     0.303617    -0.203134
   0.0639274     0.682883     0.727726
    0.362715     0.297409    -0.883168
    0.931895    -0.118758     0.342735
 -0.00295105    -0.947335     -0.32023
   -0.658023    0.0116852    -0.752907
   -0.582489     0.625748     0.518793
    0.477192     0.779938     -0.40495
   -0.671775    -0.263039     -0.69248
   -0.571241     0.779108     0.258216
    0.471596     0.569036    -0.673644
   -0.670353    -0.261859    -0.694303
   -0.616286     0.717615     0.324377
    0.413301     0.645336    -0.642435
   -0.674822    -0.202164     -0.70975
   -0.617886     0.680658     0.393601
    0.403525     0.704155    -0.584237
   -0.671662    -0.231691    -0.703696
   -0.585453     0.748054     0.312506
    0.453998      0.62188    -0.638084
    -0.66587    -0.278788    -0.692022
   -0.657424      0.65778     0.367586
     0.35272     0.699716    -0.621278
   -0.673597    -0.286485    -0.681317
   -0.613939     0.730135      0.29997
    0.411517     0.620345    -0.667702
   -0.665613    -0.337542    -0.665601
   -0.652929     0.695335      0.30032
