  -0.0360828    -0.824846     0.564205
   -0.996402   -0.0136321   -0.0836528
   0.0766919    -0.565193    -0.821386
  -0.0562071    -0.898926     0.434479
   -0.996656    0.0246663      -0.0779
   0.0593094    -0.437405    -0.897307
  -0.0950535    -0.843508     0.528639
   -0.994483    0.0567994   -0.0881857
   0.0443589    -0.534105    -0.844253
   -0.111002    -0.919637     0.376757
   -0.992942    0.0866963   -0.0809263
   0.0417593    -0.383081     -0.92277
   -0.127586    -0.925337     0.357033
   -0.991117     0.105327   -0.0811944
   0.0375269    -0.364221    -0.930556
   -0.125623    -0.907886     0.399952
   -0.991874     0.106773   -0.0691713
   0.0200957    -0.405392    -0.913922
   -0.135162    -0.894278     0.426612
   -0.990735     0.116211   -0.0702859
    0.013278     -0.43216    -0.901699
   -0.129675    -0.902045     0.411702
   -0.991114     0.105511   -0.0809981
   0.0296247    -0.418547    -0.907712
   -0.129841     -0.85852      0.49607
   -0.991517     0.109452   -0.0700966
  0.00588366    -0.500963    -0.865449
   -0.127697    -0.920495     0.369299
   -0.991302     0.106502   -0.0773116
   0.0318339    -0.375959    -0.926089
    0.121683     0.759691    -0.638798
    0.992566   -0.0915734    0.0801672
 -0.00240546     0.643804     0.765187
   -0.110487    -0.858797      0.50026
   -0.993717    0.0864143   -0.0711245
   0.0178519    -0.504975    -0.862949
   -0.139933    -0.861534     0.488034
   -0.976544     0.201542    0.0757812
    0.163647     0.465982     0.869529
   -0.168918    -0.740507     0.650474
   -0.967903     0.249228    0.0323748
     0.18609     0.624127     0.758838
   -0.148624    -0.898045     0.414037
    -0.97372     0.205963    0.0972025
    0.172568      0.38871     0.905055
   -0.173521     -0.70095     -0.69178
   -0.966911   -0.0121311     0.254825
    0.187011    -0.713107     0.675651
   -0.195062     -0.81686    -0.542855
   -0.960352    0.0466678     0.274856
    0.199185    -0.574945     0.793576
    0.147492     0.253589    -0.956001
    0.973933    -0.205657    0.0957063
   -0.172338    -0.945197    -0.277311
    -0.19421    -0.768908    -0.609149
   -0.962267    0.0286786     0.270592
    0.190591    -0.638715     0.745465
   -0.173274    -0.700326    -0.692474
   -0.968775  -0.00541001     0.247883
    0.177345    -0.713803     0.677521
   -0.189988    -0.661493    -0.725487
   -0.965465  -0.00829786     0.260399
    0.178272    -0.749905     0.637073
    0.209607    -0.637511     -0.74138
    0.956758   -0.0226789     0.290001
   -0.201692    -0.770107      0.60519
    0.205159    -0.602461     -0.77133
    0.960426   -0.0277715     0.277147
   -0.188391    -0.797665     0.572922
     0.21744     0.685945    -0.694406
    0.956206  -0.00688724     0.292614
   -0.195935     0.727621     0.657402
   -0.148232     0.510556    -0.846971
   -0.975699    0.0642422     0.209487
    0.161366     0.857441     0.488627
   -0.171843    -0.882854     -0.43708
   -0.971791    0.0791679     0.222159
    0.161531    -0.462927     0.871554
    -0.15535    -0.874937      0.45864
   -0.978173    0.0713838    -0.195148
    0.138003    -0.478946    -0.866929
   -0.128217    -0.876998     0.463071
   -0.982691    0.0493947    -0.178543
    0.133709    -0.477948    -0.868152
    0.127826     0.983063    -0.131333
    0.979696    -0.104533      0.17108
   -0.154454     0.150535     0.976465
   -0.092936    -0.867445     0.488776
   -0.988642    0.0221651    -0.148644
    0.118106    -0.497039    -0.859653
  -0.0836457    -0.886874     0.454376
   -0.987698     0.134242    0.0801957
     0.13212     0.442078     0.887193
   -0.119447    -0.787916     0.604087
   -0.980379     0.189701    0.0535764
     0.15681     0.585834     0.795116
   -0.081831    -0.866001     0.493302
   -0.987867     0.136031    0.0749339
    0.131997     0.481184     0.866625
  -0.0568681    -0.899475     0.433256
   -0.993104   0.00640378    -0.117058
    0.102516    -0.436926    -0.893637
   0.0467577    -0.598077     0.800074
    0.992011     0.121749    0.0330359
   -0.117166     0.792137     0.598991
  -0.0173941    -0.861637     0.507228
   -0.996542   -0.0262823   -0.0788201
   0.0812454    -0.506845      -0.8582
   -0.115043    -0.857803     0.500939
   -0.981746     0.175073    0.0743307
    0.151462     0.483244     0.862285
   -0.213731     -0.70006    -0.681348
   -0.960817    0.0246342     0.276087
    0.176493    -0.713659     0.677895
    -0.20865    -0.792539    -0.573016
   -0.962256    0.0616885      0.26506
    0.174722    -0.606693     0.775497
   -0.199968    -0.806314     -0.55666
   -0.968351    0.0760294     0.237732
    0.149364    -0.586581     0.795998
   -0.203316    -0.754769    -0.623687
   -0.966667    0.0534931     0.250388
    0.155622    -0.653806     0.740486
    -0.19657    -0.799576    -0.567484
   -0.969289    0.0712343     0.235383
    0.147782    -0.596325     0.789023
    -0.18154      -0.9224    -0.340912
    -0.97583     0.126086     0.178491
    0.121655    -0.365075     0.922995
   -0.184038    -0.842357    -0.506523
   -0.975593    0.0937426     0.198572
    0.119786    -0.530705     0.839049
   -0.165981    -0.804778     0.569896
   -0.983036      0.18077   -0.0310329
   0.0780458     0.565379      0.82113
   -0.183814    -0.759108    -0.624473
   -0.974963    0.0599227      0.21414
    0.125135      -0.6482     0.751117
    -0.16646      -0.7255     0.667788
   -0.982419     0.180078   -0.0492479
   0.0845245     0.664245     0.742721
   -0.162963    -0.775126     0.610428
   -0.983168     0.179378   -0.0346969
   0.0826028     0.605808     0.791311
   -0.185458    -0.883757    -0.429626
   -0.976348     0.116276     0.182278
    0.111134    -0.453269     0.884419
   -0.171324    -0.642157    -0.747183
   -0.982633     0.166241     0.082437
   0.0712752      0.74833    -0.659486
   -0.174338    -0.639455    -0.748802
    -0.98248     0.163837    0.0888314
   0.0658777     0.751169    -0.656814
   -0.178972    -0.712473    -0.678492
   -0.978886    0.0597312     0.195487
   0.0987519    -0.699153      0.70812
   -0.189819    -0.883819     -0.42759
   -0.972279     0.108649     0.207046
    0.136534    -0.455038     0.879942
   -0.179082    -0.900933    -0.395283
   -0.976279     0.113035     0.184671
    0.121696    -0.418977     0.899804
    0.184081    -0.663778    -0.724922
    0.970631   0.00654024     0.240486
   -0.154888    -0.747901     0.645487
   -0.199484    -0.807407    -0.555248
   -0.965798    0.0662139     0.250697
     0.16565    -0.586268     0.793001
   -0.170344    -0.920098    -0.352707
   -0.976165      0.10872     0.187835
    0.134481    -0.376297     0.916687
   -0.132072    -0.916327     0.378023
   -0.990202     0.104512   -0.0926163
   0.0453591    -0.386551    -0.921152
   -0.139107    -0.898669     0.415984
   -0.988844     0.103463    -0.107157
   0.0532598     -0.42625    -0.903036
   -0.158063    -0.915642     0.369615
   -0.984564     0.117653    -0.129581
   0.0751636    -0.384392    -0.920105
    -0.13906    -0.885667     0.443008
   -0.988739    0.0991945    -0.112054
   0.0552989    -0.453602    -0.889487
   -0.150214     -0.91445     0.375789
   -0.985644     0.108882    -0.129036
   0.0770807    -0.389777    -0.917678
   -0.126459     -0.89879     0.419743
   -0.989285    0.0831499    -0.120002
   0.0729546    -0.430421    -0.899675
   -0.129684    -0.906221     0.402426
   -0.989981    0.0954743     -0.10403
   0.0558529    -0.411885    -0.909523
   -0.158745    -0.925448     0.344014
    -0.98106     0.108681     -0.16034
    0.110998    -0.362951    -0.925173
   -0.140441    -0.930618     0.337974
   -0.984164    0.0939265    -0.150329
    0.108154    -0.353734    -0.929072
   -0.163395    -0.888999     0.427765
   -0.981705     0.103543    -0.159796
   0.0977666    -0.446049    -0.889653
   -0.161945    -0.854652    -0.493298
   -0.983931     0.101761      0.14671
   0.0751878     -0.50913     0.857399
   -0.150143    -0.892672     0.424964
   -0.986693     0.108166    -0.121394
   0.0623985    -0.437535    -0.897034
   -0.135461    -0.875916     0.463056
   -0.989918     0.100134    -0.100174
   0.0413769    -0.471957     -0.88065
   -0.160738    -0.887527    -0.431808
   -0.986015     0.124884     0.110356
   0.0440183    -0.443508     0.895189
   -0.121371    -0.929161     0.349183
   -0.992027     0.101522   -0.0746684
   0.0339292    -0.355462    -0.934075
   -0.108943    -0.901742     0.418321
   -0.993085    0.0802122   -0.0857216
   0.0437442    -0.424768    -0.904245
  -0.0845697    -0.870864     0.484193
   -0.995409    0.0519767   -0.0803743
   0.0448283    -0.488768    -0.871262
  -0.0886409    -0.862169     0.498806
    -0.99437    0.0474062   -0.0947658
   0.0580576    -0.504398    -0.861517
   -0.050316    -0.834005     0.549458
   -0.997123    0.0107153    -0.075046
   0.0567011    -0.551653    -0.832144
  -0.0553574    -0.871075      0.48802
   -0.996844    0.0203593   -0.0767348
   0.0569061    -0.490728    -0.869453
  -0.0191415    -0.826606     0.562456
   -0.997987   -0.0182199   -0.0607402
   0.0604561    -0.562486    -0.824593
  -0.0235192    -0.805767     0.591765
   -0.997266   -0.0225666   -0.0703628
   0.0700501    -0.591802    -0.803034
  -0.0504885    -0.886084     0.460768
   -0.995778   0.00924606   -0.0913313
   0.0766669    -0.463433    -0.882809
  -0.0222384    -0.850213     0.525969
   -0.997765   -0.0142854   -0.0652782
   0.0630141    -0.526245    -0.847995
  -0.0893721    -0.867618     0.489133
   -0.991951    0.0333078    -0.122164
   0.0896995    -0.496114    -0.863612
   -0.120156    -0.908363     0.400549
   -0.987967    0.0698332    -0.138002
   0.0973842    -0.412311    -0.905823
   -0.105936    -0.902565     0.417318
   -0.992249    0.0685355    -0.103654
   0.0649537    -0.425064     -0.90283
   -0.127427    -0.832257     0.539546
   -0.991307     0.124825   -0.0415761
    0.032747     0.540154     0.840929
   -0.138069    -0.873578      0.46669
    -0.98971     0.139566   -0.0315556
   0.0375678     0.466244     0.883858
    0.103979     -0.79166     0.602048
     0.99444    0.0726049   -0.0762771
   0.0166739     0.606632     0.794808
     0.10237     0.727291     0.678652
    0.994696   -0.0679935    -0.077176
   0.0099854    -0.682953     0.730394
    0.109031     0.747907     0.654788
    0.993937   -0.0726252   -0.0825505
    0.014186    -0.659818     0.751291
  -0.0728354    -0.800518     0.594866
   -0.995284    0.0200214   -0.0949193
  -0.0640746     0.598974     0.798201
   0.0746154    -0.629958     0.773036
    0.994876  -0.00600964    -0.100925
   0.0682244     0.776606     0.626282
  -0.0564799     -0.66648     -0.74338
   -0.993898   -0.0331262     0.105213
  -0.0947478     0.744786    -0.660542
  -0.0771659    -0.762154     0.642781
     -0.9956    0.0245306   -0.0904357
  -0.0531582     0.646931     0.760693
  -0.0585113    -0.653278    -0.754854
    -0.99379   -0.0335761      0.10609
  -0.0946512     0.756374    -0.647256
  -0.0616828    -0.542767    -0.837615
   -0.993848   -0.0439436     0.101663
  -0.0919872     0.838733    -0.536718
  -0.0798175    -0.487636    -0.869391
   -0.994161   -0.0245889     0.105064
  -0.0726105       0.8727    -0.482827
  -0.0575867    -0.698213      0.71357
   -0.993062   -0.0333439    -0.112769
    -0.10253     0.715113     0.691449
   0.0631065     0.970638      0.23212
    0.992035   -0.0356036    -0.120824
    0.109012    -0.237896     0.965154
  -0.0871242    -0.480732    -0.872528
   -0.993133   -0.0267336     0.113896
  -0.0780793      0.87646    -0.475102
    0.116959    -0.722934     0.680946
     0.99302    0.0746259   -0.0913336
   0.0152119     0.686875     0.726616
    0.120733     -0.76878     0.628013
    0.992162    0.0729201    -0.101475
   0.0322171     0.635342     0.771558
    0.149065     0.667965    -0.729111
    0.988316    -0.124352    0.0881347
  -0.0317958     -0.73373    -0.678697
   -0.144514    -0.574669    -0.805526
   -0.988798     0.114581    0.0956501
   0.0373308     0.810325     -0.58479
   -0.154866    -0.499566    -0.852321
   -0.987608       0.1005     0.120542
   0.0254398     0.860426    -0.508939
    0.051012    -0.783226     0.619641
    0.992039    -0.031788     -0.12185
    0.115133     0.620924      0.77537
  -0.0508853    -0.951473     0.303496
   -0.991355    0.0113218     -0.13072
   -0.120941     0.307524     0.943823
  -0.0425086    -0.886089    -0.461561
   -0.987012     0.108879    -0.118121
    -0.15492    -0.450546     0.879209
  -0.0415118    -0.907661    -0.417647
   -0.987908    0.0997823    -0.118661
   -0.149378    -0.407671     0.900828
  -0.0373483     -0.34609    -0.937458
   -0.985328    -0.143586    0.0922644
   -0.166537     0.927149     -0.33565
  -0.0281663     0.623156     -0.78159
   -0.980597    -0.168973    -0.099383
   -0.193999     0.763626     0.615825
   0.0249953     0.952004    -0.305063
    0.978969   -0.0851147    -0.185404
    0.202471     0.294013      0.93411
  -0.0136763    -0.700318     0.713699
   -0.973321      0.17282     0.150928
   -0.229039    -0.692595    -0.683998
  -0.0255683    -0.676015     0.736444
   -0.981485     0.156861     0.109914
   -0.189823    -0.719999     -0.66751
  -0.0137088     -0.62325     0.781903
   -0.973205     0.187821     0.132648
   -0.229531    -0.759133    -0.609124
 -0.00999492     -0.59675     0.802365
   -0.974781      0.18471     0.125233
   -0.222938    -0.780879    -0.583546
  -0.0195848     -0.46239      0.88646
   -0.977963     0.193189    0.0791636
   -0.207859    -0.865375    -0.455984
 -0.00937975    -0.453043     0.891439
   -0.972566     0.211356    0.0971811
   -0.232439    -0.866072    -0.442596
 -0.00400379    -0.430549     0.902559
    -0.97242      0.21216    0.0968932
   -0.233204    -0.877278    -0.419523
   0.0157903    0.0332539    -0.999322
    0.978109     0.206892    0.0223397
    0.207494    -0.977799   -0.0292591
  -0.0321618    -0.455744     -0.88953
   -0.984365    -0.139764     0.107197
   -0.173178      0.87907    -0.444124
   0.0260518    -0.556123     0.830692
    0.984075    -0.131895    -0.119162
    0.175832     0.820568      0.54383
   0.0481608    -0.636633     0.769662
    0.990511   -0.0688582    -0.118937
    0.128717     0.768087     0.627276
  -0.0474978    -0.807192     0.588375
   -0.990833   -0.0365061     -0.13007
   -0.126471     0.589159     0.798058
   0.0502886    -0.611005     0.790028
    0.990098    -0.073306    -0.119718
    0.131062     0.788226     0.601268
   0.0112025     -0.94908    -0.314837
   -0.979788      0.05247    -0.193034
   -0.199724    -0.310636     0.929309
 -0.00511037    -0.963331    -0.268268
   -0.984243    0.0522631    -0.168923
   -0.176749    -0.263178     0.948418
  -0.0162169    -0.791736     0.610649
   -0.981403     0.129436     0.141758
   -0.191275    -0.596993     -0.77911
  -0.0303703    -0.913919    -0.404759
   -0.986778    0.0919153    -0.133498
    -0.15921    -0.395352     0.904626
  -0.0234642    -0.981631    -0.189342
   -0.989251    0.0501415    -0.137362
   -0.144332    -0.184084     0.972256
   0.0380864    0.0904325    -0.995174
    0.984447     0.167528    0.0528993
    0.171503    -0.981711   -0.0826454
  -0.0427441    -0.919888     0.389846
   -0.990564     0.089878     0.103469
   -0.130218    -0.381744    -0.915049
   0.0590652    -0.601156     0.796946
    0.988995   -0.0732422    -0.128547
    0.135647     0.795768     0.590215
   0.0702867     0.995531    0.0630651
    0.991528   -0.0628011    -0.113704
    0.109236   -0.0705227     0.991511
  -0.0291791    -0.910177     0.413191
   -0.992014    0.0771143    0.0998124
    -0.12271    -0.406978    -0.905158
  -0.0574668    -0.919983     0.387723
   -0.993838    0.0895887    0.0652719
  -0.0947846    -0.381583    -0.919462
  -0.0511494    -0.916973     0.395657
   -0.996191    0.0748589    0.0447079
  -0.0706143    -0.391863     -0.91731
   0.0431425    -0.517223     0.854763
    0.987502    -0.107738    -0.115035
    0.151589     0.849042      0.50611
  -0.0676659    -0.884553     0.461505
   -0.991825   0.00948109    -0.127249
   -0.108183     0.466343     0.877964
  -0.0314623    -0.402581    -0.914843
   -0.984509    -0.145474    0.0978747
   -0.172488     0.903751    -0.391768
  -0.0127447    -0.344437     0.938723
   -0.978298     0.198465    0.0595389
   -0.206811    -0.917592    -0.339492
  0.00856077    -0.894485    -0.447016
    0.978351   -0.0849468     0.188716
    0.206776     0.438954    -0.874393
  0.00342012    -0.504459     0.863429
   -0.974307     0.192765     0.116483
     -0.2252    -0.841643    -0.490839
 0.000304651    -0.609686     0.792643
   -0.973006     0.182744     0.140937
   -0.230779    -0.771289    -0.593173
  0.00633071    -0.387631     0.921793
   -0.975799     0.199097    0.0904256
   -0.218578    -0.900057     -0.37699
  -0.0711747    -0.922131     0.380275
   -0.996056    0.0859582    0.0220122
  -0.0529859    -0.377209    -0.924611
  -0.0792537    -0.917843      0.38895
   -0.995479    0.0933642    0.0174787
  -0.0523567    -0.385806    -0.921093
   -0.100019    -0.888478     0.447886
   -0.994657     0.100847   -0.0220691
  -0.0255599    -0.447701    -0.893818
  -0.0913222     -0.91534      0.39219
   -0.995366    0.0958089  -0.00816244
  -0.0301039    -0.391118    -0.919848
   -0.127928    -0.923323     -0.36209
   -0.991721     0.123193    0.0362393
  -0.0111462    -0.363728     0.931438
   -0.114685    -0.888586     0.444142
   -0.993385    0.0999993   -0.0564418
  0.00573949    -0.447677    -0.894177
   -0.131667    -0.903863     0.407058
   -0.991255     0.116393   -0.0621851
  0.00882826    -0.411685    -0.911283
   -0.104991    -0.883788     0.455956
   -0.994463     0.095381   -0.0441113
 -0.00450447    -0.458063    -0.888909
   -0.157601     -0.85899    -0.487133
   -0.987296     0.126954     0.095551
   0.0202338    -0.496004     0.868085
   -0.130901    -0.916729     0.377457
   -0.991104      0.11177   -0.0722565
  -0.0240513     0.383557     0.923204
  -0.0987233    -0.312966    -0.944619
   -0.992354    -0.039699     0.116865
  -0.0740753     0.948934    -0.306654
   0.0961066     0.979317    -0.178051
    0.993256     -0.10601   -0.0469465
   0.0648506     0.172338     0.982901
   -0.105887    -0.840939     0.530669
   -0.994198    0.0996775   -0.0404206
  -0.0189045    -0.531871    -0.846615
  -0.0934235    -0.908162      0.40806
   -0.994916     0.100632   -0.0038195
  -0.0375951    -0.406343    -0.912947
   -0.102597    -0.741733    -0.662802
   -0.993516     0.109229    0.0315516
  -0.0489944    -0.661741      0.74813
  -0.0746877    -0.904877     0.419069
   -0.995449     0.092595    0.0225245
  -0.0591856     -0.41548    -0.907675
  -0.0876254    -0.947546    -0.307375
   -0.994041     0.103257   -0.0349324
  -0.0648386    -0.302482     0.950947
  -0.0596003    -0.828441     0.556897
   -0.994794    0.0954883    0.0355836
   -0.082656    -0.551877    -0.829819
  -0.0445582    -0.928323     0.369094
   -0.995509    0.0721511    0.0612893
  -0.0835269    -0.364705    -0.927369
  -0.0775983    0.0286903    -0.996572
    -0.99322   -0.0890042     0.074775
  -0.0865538     0.995618    0.0354024
  -0.0327758    -0.936964     0.347885
   -0.993896    0.0672422    0.0874648
   -0.105344    -0.342895    -0.933448
  -0.0143479    -0.933274     0.358879
   -0.990632    0.0620141     0.121664
   -0.135801    -0.353772    -0.925421
  -0.0167031    -0.921037     0.389116
   -0.991785    0.0646243     0.110393
   -0.126822    -0.384076     -0.91455
 -0.00083291    -0.973072    -0.230499
   -0.987136     0.037652    -0.155384
   -0.159879    -0.227404     0.960586
  0.00160287    -0.900321     0.435224
   -0.989307    0.0620452     0.131992
   -0.145839    -0.430782    -0.890594
   0.0180049    -0.906957     0.420838
   -0.986507    0.0523902     0.155113
   -0.162729    -0.417953    -0.893776
    0.017794    -0.929491     0.368416
   -0.982758    0.0515638     0.177558
   -0.184036    -0.365223    -0.912547
-0.000934974    -0.944964    -0.327174
   -0.990094      0.04681     -0.13237
     -0.1404    -0.323809     0.935647
   0.0202233    -0.957478     0.287796
   -0.988137      0.02469     0.151578
   -0.152238    -0.287448     -0.94562
   0.0168577    -0.964501    -0.263539
   -0.989779    0.0212329    -0.141021
   -0.141611    -0.263223     0.954285
   0.0178556    -0.984345    -0.175346
    0.990719  -0.00621703     0.135786
    0.134751     0.176143    -0.975098
  -0.0351946    -0.993927    -0.104265
   -0.992272    0.0471748    -0.114761
   -0.118983   -0.0994208     0.987906
   0.0569542    -0.873776     0.482982
     0.99037    -0.011698     -0.13795
    0.126187     0.486188     0.864695
   0.0639419     0.997551   -0.0283326
    0.992159   -0.0666001     -0.10576
    0.107388     0.021348     0.993988
  -0.0422765    -0.913246      0.40521
   -0.993777    0.0802709    0.0772281
   -0.103055    -0.399423    -0.910956
   0.0312391    -0.719385     0.693908
     0.99068   -0.0698023    -0.116965
    0.132579     0.691095       0.7105
 -0.00298735    -0.966604    -0.256259
    0.990588   -0.0379288     0.131519
    0.136846     0.253454    -0.957619
    0.436285    -0.401981    -0.805026
    0.888329    0.0499647     0.456482
   -0.143274    -0.914284      0.37889
     0.48325     0.323441    -0.813545
    0.865332    -0.317558      0.38776
    -0.13293    -0.891371    -0.433344
   -0.468183       0.4424     -0.76491
   -0.877681    -0.132528     0.460557
    0.102378     0.886972     0.450333
    0.497498     0.127019    -0.858116
    0.861738    -0.185849     0.472088
  -0.0995161    -0.974334    -0.201916
   -0.518111    -0.360071    -0.775828
   -0.846368     0.346674     0.404324
    0.123375     0.866121    -0.484368
   -0.469366    -0.388317    -0.793035
   -0.879179     0.289023     0.378829
   0.0820993     0.875029    -0.477058
   -0.517243    -0.233032    -0.823502
   -0.849851     0.253475     0.462065
    0.101061     0.938854    -0.329151
   -0.492426    -0.341411    -0.800596
     -0.8662      0.28201     0.412515
    0.084939     0.896609      -0.4346
    0.500774     0.160306    -0.850604
    0.859544     -0.20793      0.46685
   -0.102028    -0.964918    -0.241916
   -0.538431    -0.303785    -0.786006
   -0.833334     0.330413      0.44315
    0.125084     0.893611     -0.43106
   -0.520457    -0.476613    -0.708495
   -0.844667     0.408974     0.345367
     0.12515     0.778191    -0.615432
   -0.537401     -0.36678     -0.75939
   -0.829781     0.390719     0.398501
    0.150546     0.844282    -0.514319
   -0.468961    -0.359149      -0.8069
   -0.880103     0.266702     0.392797
   0.0741295     0.894361    -0.441161
    0.481828    0.0935559    -0.871257
    0.871685    -0.152708     0.465667
  -0.0894824    -0.983833    -0.155131
   -0.456684    -0.252403    -0.853072
   -0.885933     0.216348     0.410264
   0.0810088     0.943126    -0.322415
   -0.447509    -0.424555    -0.787076
   -0.891985      0.27491     0.358868
   0.0640161     0.862657    -0.501722
   -0.434955    -0.236646      -0.8688
   -0.897931     0.186133      0.39884
   0.0673284       0.9536    -0.293452
   -0.405215     -0.29489    -0.865356
   -0.912064     0.195387     0.360504
   0.0627705     0.935341    -0.348132
    0.395632    0.0771418    -0.915164
    0.915591    -0.111139     0.386448
  -0.0718987    -0.990806      -0.1146
    0.430995     0.105498    -0.896166
    0.898725    -0.139166     0.415843
  -0.0808451    -0.984633    -0.154793
   -0.394066    -0.676539    -0.622099
   -0.914782     0.223317     0.336605
    0.088801     -0.70173     0.706888
   -0.366915    -0.284232    -0.885768
    -0.92818     0.175409     0.328197
   0.0620873     0.942573    -0.328179
   -0.357536     0.591999    -0.722292
   -0.931418    -0.169696      0.32197
   0.0680361     0.787871      0.61207
    -0.32594    -0.704601    -0.630318
   -0.943162     0.196595     0.267949
   0.0648802    -0.681827      0.72863
   -0.419581    -0.639156     -0.64454
   -0.901212     0.208465     0.379945
    0.108481    -0.740285     0.663483
    0.523704      0.10782     -0.84505
    0.832981    -0.272704      0.48143
    -0.17854    -0.956037    -0.232628
    0.505701     0.161993    -0.847363
    0.849498    -0.264733     0.456366
   -0.150397    -0.950618    -0.271488
   -0.479801     0.274958     -0.83318
   -0.855773    0.0627796     0.513529
    0.193506     0.959404      0.20518
    0.501334    0.0421126    -0.864228
    0.838285    -0.271067     0.473076
   -0.214342    -0.961639    -0.171198
   -0.460474     0.351421    -0.815148
   -0.871409  -0.00397921     0.490541
    0.169143     0.936209     0.308064
   -0.453377     0.386203    -0.803304
    -0.86008    0.0469517     0.507994
    0.233905     0.921218     0.310879
   -0.430576      0.34931    -0.832218
   -0.879884    0.0429067     0.473247
    0.201018     0.936025     0.288877
    0.406951    -0.267637    -0.873362
    0.883716    -0.126609     0.450574
   -0.231165    -0.955165     0.184991
   -0.476137     0.359332    -0.802604
   -0.839739    0.0851209     0.536277
     0.26102      0.92932     0.261216
    -0.42532     0.502738    -0.752567
   -0.865202    0.0181387     0.501095
     0.26557     0.864248     0.427256
    0.450009    -0.123732    -0.884411
    0.839979    -0.277592     0.466237
   -0.303194    -0.952698   -0.0209864
   -0.418098     0.640004    -0.644662
   -0.891027    -0.150796     0.428172
    0.176819     0.753429     0.633308
    0.389779    0.0765938    -0.917718
    0.898757    -0.248897     0.360952
   -0.200771    -0.965496    -0.165854
    -0.37877    -0.776156     0.504099
   -0.910383     0.410483   -0.0520281
    0.166542     0.478629     0.862078
   -0.406314     0.566362    -0.717038
   -0.900986    -0.117709     0.417575
    0.152097     0.815708     0.558111
    0.448355    -0.280686    -0.848642
    0.881974    -0.015364     0.471047
   -0.145255    -0.959677     0.240669
   -0.435287     0.419591    -0.796535
   -0.891165   -0.0751526     0.447412
    0.127869     0.904597     0.406638
    0.477628   -0.0245497    -0.878219
     0.87149    -0.113344     0.477136
   -0.111255    -0.993252   -0.0327416
    0.488746    0.0687692    -0.869712
    0.862506    -0.187992     0.469832
   -0.131189     -0.97976    -0.151194
   -0.456081     -0.32389    -0.828906
   -0.884131     0.271137     0.380521
    0.101501     0.906411    -0.410021
   -0.386192    -0.714878     0.582928
    -0.92072     0.337087    -0.196591
   0.0559591     0.612635     0.788382
   -0.394393    -0.770993     0.500024
    -0.91601     0.373272    -0.146948
   0.0733497     0.515982     0.853453
     0.39863     0.861104     0.315584
    0.912827     -0.40576   -0.0458797
  -0.0885443    -0.306363     0.947788
    0.412941     0.882307     0.225864
    0.906665    -0.421729   -0.0102047
  -0.0862495    -0.208997     0.974105
   -0.406666    -0.295937    -0.864317
   -0.910355     0.210659     0.356198
   0.0766642     0.931689    -0.355075
    0.420822     0.888238     0.184232
     0.90212    -0.431113     0.017906
  -0.0953293    -0.158664      0.98272
   -0.424167    -0.589212    -0.687685
   -0.902462      0.33803     0.267016
    0.075129     0.733869    -0.675123
    0.434745     0.231218    -0.870365
    0.896868    -0.198521     0.395244
   -0.081398    -0.952432    -0.293678
   -0.429583    -0.336353    -0.838048
   -0.900194     0.232962      0.36794
   0.0714755     0.912467    -0.402859
   -0.417259    -0.437543    -0.796525
    -0.90591      0.26995     0.326273
   0.0722637      0.85772    -0.509013
   -0.418375    -0.369425    -0.829752
   -0.905109     0.245778     0.346946
   0.0757645     0.896169    -0.437197
   -0.411534    -0.441408     -0.79737
    -0.90825     0.271236      0.31861
   0.0756383      0.85533    -0.512532
   -0.440534    -0.332184    -0.834017
   -0.893159     0.255873      0.36986
   0.0905412     0.907845    -0.409414
    -0.44253    -0.259717     -0.85832
    -0.89369     0.206775     0.398199
   0.0740602     0.943287    -0.323611
    0.428245      0.32149    -0.844541
    0.897087    -0.263785     0.354475
   -0.108817    -0.909429     -0.40137
   -0.399252      -0.6695     0.626392
   -0.908009      0.38334    -0.169029
    0.126956     0.636255     0.760961
    0.396034      0.88302     0.251859
    0.911779    -0.410637   0.00597315
   -0.108697    -0.227275     0.967745
   -0.370309    -0.776817     0.509339
   -0.922888     0.369997    -0.106675
    0.105586     0.509565     0.853929
   -0.373307    -0.767289      0.52145
   -0.918178     0.385944   -0.0894277
    0.132633     0.512168     0.848583
   -0.375643    -0.659849     0.650762
   -0.923271      0.32736    -0.201014
   0.0803948     0.676339      0.73219
    0.393385     0.507741    -0.766451
    0.915372    -0.294006     0.275054
  -0.0856852     -0.80979     -0.58043
   -0.400866    -0.461396    -0.791467
   -0.912684     0.276056      0.30133
    0.079457     0.843153    -0.531771
   -0.362019    -0.414262    -0.835063
   -0.928404     0.240682     0.283085
   0.0837131     0.877758    -0.471734
   -0.362939    -0.441518     0.820572
   -0.926992     0.260542    -0.269821
   0.0946624     0.858592     0.503844
   -0.371886    -0.382923    -0.845619
   -0.925194     0.227092     0.304047
   0.0756071     0.895432    -0.438731
    -0.32788    -0.472753    -0.817924
   -0.940779     0.242385     0.237033
   0.0861944     0.847204     -0.52423
   -0.338805    -0.273051    -0.900363
   -0.937352     0.180481      0.29799
    0.081132     0.944918    -0.317092
    0.301685    -0.198862    -0.932438
    0.949621   -0.0244001     0.312449
  -0.0848857    -0.979724     0.181482
   -0.336491    -0.485256    -0.807032
   -0.935899     0.267202     0.229557
    0.104247     0.832544    -0.544062
    0.303781   -0.0554482    -0.951127
    0.948083    -0.081006     0.307532
  -0.0940991     -0.99517    0.0279614
    -0.30767    -0.336375    -0.890051
   -0.945471     0.213159     0.246268
    0.106884     0.917287    -0.383616
   -0.343166    -0.286771    -0.894427
   -0.937009     0.170631     0.304795
   0.0652099     0.942681    -0.327262
   -0.317332      0.64098    -0.698889
   -0.945888    -0.161246     0.281596
   0.0678042      0.75043     0.657463
   -0.394242    -0.296645    -0.869813
    -0.91665     0.194668      0.34908
   0.0657719     0.934937    -0.348666
   -0.418218    -0.324806    -0.848289
    -0.90608     0.215107     0.364346
   0.0641317     0.920994    -0.384262
   -0.409384    -0.281756    -0.867766
   -0.909277     0.204149     0.362682
   0.0749661     0.937516    -0.339769
    0.441945   -0.0599216    -0.895039
    0.837408    -0.330163     0.435592
    -0.32161     -0.94202   -0.0957349
   -0.415775     -0.30047    -0.858399
   -0.864181     0.424649     0.269933
    0.283412     0.854044    -0.436219
   -0.415764    -0.220884    -0.882242
   -0.864503     0.397243     0.307948
    0.282443     0.890735    -0.356114
     0.44078     0.165636      -0.8822
    0.836929    -0.431079     0.337224
   -0.324441    -0.886981    -0.328637
     0.39288     0.104204    -0.913667
    0.887782    -0.302032     0.347303
   -0.239766    -0.947586    -0.211173
   -0.434536    -0.325594    -0.839742
   -0.854508     0.443656     0.270158
    0.284594      0.83496    -0.471007
    0.413829     0.092414    -0.905652
    0.881777       -0.288     0.373532
   -0.226308    -0.953161    -0.200671
    0.433425     0.122453    -0.892832
    0.875185    -0.293475     0.384608
   -0.214927    -0.948092    -0.234368
    0.449972     0.255707    -0.855651
    0.828684    -0.476697     0.293332
   -0.332879    -0.841055    -0.426401
   -0.442547    -0.408861    -0.798113
   -0.852422     0.468151     0.232835
    0.278441     0.783369    -0.555701
    0.457502      0.88614    0.0738129
    0.826236    -0.454317     0.333062
   -0.328674    0.0913895     0.940011
    0.392783       0.1597    -0.905659
    0.904588    -0.244491     0.349206
   -0.165657     -0.95641    -0.240494
    0.411913    0.0356721    -0.910525
    0.900294    -0.170229     0.400616
   -0.140707    -0.984759    -0.102235
     0.39073    0.0771233    -0.917269
    0.917179     -0.11725     0.380834
  -0.0781784    -0.990103    -0.116549
   -0.372642    -0.420514    -0.827228
   -0.921948     0.269206     0.278462
    0.105597     0.866427    -0.488009
    0.370506    -0.136578    -0.918734
    0.906165    -0.164026     0.389821
   -0.203937    -0.976956    0.0629892
   -0.362586    0.0165933    -0.931803
   -0.919019     0.159616     0.360454
    0.154711      0.98704   -0.0426248
   -0.373165    -0.451154    -0.810684
   -0.904931     0.369665     0.210825
    0.204566     0.812286    -0.546209
     0.39011    -0.209188    -0.896691
    0.887247    -0.174973     0.426821
   -0.246183    -0.962094     0.117342
    0.361336     0.267362    -0.893283
    0.917638    -0.271963     0.289788
   -0.165461    -0.924421    -0.343612
    0.447816     0.889793    0.0879177
     0.83283    -0.450875     0.321101
   -0.325353    0.0705737     0.942955
    -0.44068    -0.730306    -0.521972
   -0.860222     0.177379     0.478075
    0.256554    -0.659689     0.706392
    0.433509     0.870614    -0.232596
    0.868744    -0.335165     0.364622
   -0.239487     0.360133     0.901637
    0.422133     0.863973     0.274509
    0.846634    -0.483977     0.221307
    -0.32406    -0.138988     0.935771
   -0.422729     0.622067     -0.65904
     -0.8899    -0.147389     0.431689
    0.171404     0.768966     0.615883
    0.404749     0.901702     0.152023
    0.882475    -0.428734     0.193456
   -0.239617   -0.0558556     0.969259
   -0.404614     0.584842    -0.703028
   -0.900557    -0.121148     0.417517
    0.159011      0.80205     0.575701
    0.386233     0.890013    -0.242283
    0.911321    -0.327606     0.249335
   -0.142538     0.317099      0.93762
    -0.40036    -0.916339   0.00591131
   -0.859316     0.377671     0.344876
    0.318256    -0.132995      0.93863
    0.377178     0.905509    -0.194397
    0.898173    -0.306445      0.31524
   -0.225881     0.293504     0.928888
    0.386388     0.918217   -0.0870715
    0.867369    -0.329636     0.372842
   -0.313648     0.219585     0.923801
   -0.406227     -0.69552    -0.592648
   -0.910527     0.253486     0.326628
   0.0769487    -0.672307     0.736262
   -0.383384    -0.751778    -0.536513
   -0.921411     0.271457     0.278052
   0.0633927     -0.60095     0.796769
   -0.378485     0.624339    -0.683337
   -0.925599     -0.25839     0.276588
 -0.00388281     0.737181     0.675684
   -0.406784    -0.651732    -0.640134
    -0.91334     0.276091     0.299304
    0.018331    -0.706413     0.707563
   -0.422631    -0.636745    -0.644933
   -0.900286     0.213102     0.379569
    0.104252    -0.741042     0.663316
   -0.414379     0.599592    -0.684674
   -0.909776    -0.252683     0.329332
   0.0244596     0.759369     0.650201
   -0.426941     0.346115     -0.83542
   -0.897018   -0.0452579      0.43967
    0.114367       0.9371     0.329794
   -0.425435    -0.649782    -0.629912
   -0.885668     0.155882      0.43737
    0.186003    -0.743965     0.641809
   -0.402602     0.411238    -0.817799
   -0.913848    -0.128976      0.38503
   0.0528623     0.902357     0.427734
   -0.426472    -0.692894    -0.581395
   -0.895689     0.413022     0.164785
    -0.12595    -0.591025      0.79676
   -0.425039     0.488449    -0.762076
   -0.896957    -0.340471     0.282044
   -0.121701     0.803428     0.582831
   -0.412167     0.536073    -0.736711
   -0.904137    -0.340489     0.258077
   -0.112494     0.772459     0.625022
   -0.415189     0.455441    -0.787522
   -0.902989     -0.31154     0.295894
   -0.110582     0.833976     0.540607
   -0.425764     0.570402      -0.7024
   -0.896599    -0.370452     0.242643
   -0.121802      0.73308     0.669147
   -0.401874     0.493938    -0.771053
   -0.912267     -0.28876     0.290494
  -0.0791631     0.820148     0.566648
   -0.405076     0.226101    -0.885885
   -0.909786    -0.195669     0.366065
  -0.0905727      0.95425     0.284964
   -0.402761     0.278286    -0.871975
   -0.913503    -0.181974     0.363866
  -0.0574182     0.943102     0.327507
    0.390316     0.192283    -0.900378
    0.919916   -0.0415835     0.389905
   0.0375314    -0.980458    -0.193115
   -0.421416    -0.680825    -0.599071
   -0.901043     0.389094     0.191645
   -0.102619    -0.620551     0.777423
   -0.398881    -0.376401    -0.836191
   -0.914528    0.0963457     0.392881
  -0.0673174     0.921433     -0.38266
   -0.410056     0.406904    -0.816262
   -0.909289    -0.252099     0.331119
  -0.0710448     0.877995     0.473368
   -0.403059     0.507671    -0.761455
   -0.915121    -0.232563     0.329346
 -0.00988683     0.829569     0.558317
   -0.383733    -0.417111    -0.823873
   -0.923228     0.192562     0.332519
    0.019949     0.888222    -0.458982
   -0.406685      -0.6408     -0.65114
   -0.912884     0.312634     0.262494
  -0.0353626    -0.701167     0.712119
   -0.400033     0.534785    -0.744297
   -0.915294    -0.274768     0.294515
  -0.0470066     0.799067     0.599402
   -0.401719     0.357823    -0.842961
   -0.911297    -0.246996      0.32944
  -0.0903269     0.900531     0.425307
   -0.392209      0.55703    -0.732044
   -0.915571     -0.31329     0.252148
  -0.0888876     0.769134     0.632876
   -0.381192     0.529956    -0.757522
   -0.922823    -0.267388     0.277311
  -0.0555895     0.804767     0.590982
   -0.406902    -0.695444    -0.592274
   -0.906648     0.386574     0.168968
    -0.11145    -0.605737     0.787821
    0.388071    -0.284026    -0.876772
    0.921138     0.150577      0.35893
    0.030076    -0.946919     0.320062
    0.374173    0.0636035    -0.925175
    0.927314    -0.015845     0.373949
  0.00912508    -0.997849   -0.0649092
    0.366715    0.0383869    -0.929541
    0.929864   -0.0468339     0.364909
  -0.0295263    -0.998165   -0.0528693
   -0.382183    -0.472148    -0.794363
   -0.924081     0.198114      0.32684
   0.0030582     0.858969    -0.512019
     0.35292    0.0648769    -0.933401
    0.933446   -0.0929005      0.34648
  -0.0642348     -0.99356   -0.0933456
   -0.367894    -0.427691    -0.825672
   -0.928071     0.224058      0.29746
   0.0577774     0.875716    -0.479357
   -0.358156     -0.68477     0.634677
   -0.929135     0.328262    -0.170152
   0.0918255     0.650641     0.753813
   -0.381078    -0.646419    -0.661001
   -0.923915     0.292611     0.246495
   0.0340772     0.704642    -0.708744
   -0.354207    -0.480373    -0.802358
   -0.926489     0.296872     0.231268
    0.127103     0.825293    -0.550215
   -0.353579     -0.51965    -0.777783
   -0.929792     0.286194     0.231472
    0.102312      0.80502    -0.584359
   -0.364606    -0.644617     0.671961
   -0.928878     0.302295    -0.214016
   0.0651717     0.702202     0.708989
   -0.372112    -0.359194    -0.855869
   -0.928094     0.157081     0.337589
   0.0131806     0.919948    -0.391818
    0.663072    -0.076841    -0.744601
     0.58181    -0.572973     0.577234
   -0.470991    -0.815964    -0.335215
    0.670913    0.0838145    -0.736784
    0.583628    -0.672617     0.454934
   -0.457443    -0.735229    -0.500184
    0.666572     0.152356    -0.729705
    0.625521     -0.64677     0.436362
   -0.405469    -0.747312    -0.526421
   -0.669076    -0.186985    -0.719287
   -0.623362     0.668179     0.406148
    0.404669      0.72012    -0.563622
    0.674651     0.124066    -0.727635
    0.581498    -0.696511     0.420396
   -0.454649    -0.706739    -0.542046
   -0.663095    -0.272917    -0.697009
   -0.655253     0.661793     0.364243
    0.361868     0.698245    -0.617662
   -0.666148    -0.235133    -0.707785
   -0.617788     0.705627     0.347028
    0.417834     0.668433    -0.615314
   -0.657866    -0.342258    -0.670873
   -0.659575     0.691823     0.293841
