  -0.0592477    -0.828669     0.556594
   -0.995439   0.00728061   -0.0951218
   0.0747721    -0.559691    -0.825321
  -0.0790929    -0.904488     0.419102
   -0.995336    0.0483595   -0.0834724
   0.0552322    -0.423749    -0.904094
   -0.103978    -0.893891     0.436059
   -0.993665    0.0745677   -0.0840793
   0.0426418    -0.442039    -0.895982
   -0.119625    -0.897555     0.424364
   -0.992238    0.0934624   -0.0820259
   0.0339607    -0.430882    -0.901769
   -0.135236    -0.885731     0.444062
   -0.990444     0.108607   -0.0850037
    0.027062    -0.451314    -0.891955
   -0.137745    -0.866841      0.47918
   -0.990382     0.114181   -0.0781392
   0.0130208    -0.485335    -0.874231
   -0.142431    -0.886772     0.439714
   -0.989778     0.124329   -0.0698713
  0.00729066    -0.445171    -0.895416
   -0.140209    -0.882851     0.448236
   -0.989873     0.114838   -0.0834483
   0.0221978    -0.455397    -0.890012
   -0.136387    -0.796542     0.588998
   -0.990649     0.111912   -0.0780454
 -0.00374973    -0.594135    -0.804357
   -0.136178    -0.899288     0.415617
   -0.990513     0.115792   -0.0739993
   0.0184215    -0.421751    -0.906525
     -0.1246    -0.827819     0.546983
   -0.992195     0.106679   -0.0645652
 -0.00490333    -0.550758     -0.83465
   -0.116169    -0.872851     0.473959
   -0.993201    0.0984776   -0.0620786
  0.00751109    -0.477948    -0.878356
    0.136908     0.982625     0.125317
    0.981951    -0.151289     0.113504
   -0.130491    -0.107515     0.985603
     0.16044      0.97575     0.148903
    0.975924    -0.179399      0.12405
   -0.147755    -0.125415      0.98104
    0.139943     0.981101     0.133628
    0.980558    -0.156066     0.118948
   -0.137555    -0.114384     0.983867
   -0.162179    -0.743484    -0.648791
   -0.975564    0.0220395     0.218607
    0.148232    -0.668391      0.72889
    0.186237     0.979626   -0.0751637
    0.969164    -0.170606     0.177805
   -0.161359      0.10596     0.981191
    0.145575     0.965956    -0.213862
    0.979961    -0.111079     0.165345
    -0.13596     0.233646     0.962769
    0.187633     0.947273    -0.259747
    0.969937    -0.136966     0.201151
   -0.154969     0.289681     0.944494
   -0.168773    -0.888628    -0.426446
   -0.975494     0.088628     0.201385
    0.141161    -0.449984      0.88181
   -0.184458    -0.892107    -0.412458
   -0.972115     0.103773     0.210294
    0.144803    -0.439747     0.886372
   -0.201952    -0.848295    -0.489501
   -0.964962    0.0868509       0.2476
    0.167524    -0.522353     0.836112
   -0.200107    -0.764923     -0.61225
    -0.96689    0.0531645     0.249595
    0.158371    -0.641924     0.750235
   -0.212674     -0.82943    -0.516542
   -0.962597    0.0870317     0.256578
    0.167858    -0.551789     0.816916
   -0.147373    -0.872989    -0.464942
    -0.98105    0.0692376     0.180961
    0.125785      -0.4828      0.86665
    0.167932     0.946825    -0.274448
    0.977222    -0.123247     0.172761
    -0.12975     0.297209     0.945955
    -0.15366    -0.903815     0.399383
   -0.982206    0.0955386     -0.16169
    0.107981    -0.417122    -0.902413
   -0.130482    -0.906369     0.401833
   -0.986141    0.0767566    -0.147086
    0.102471    -0.415456    -0.903823
    0.119167     0.992189    0.0368728
    0.986237    -0.122575     0.110962
   -0.114615   -0.0231423      0.99314
   -0.106437    -0.940904     0.321513
   -0.990116    0.0705947    -0.121185
   0.0913262    -0.331234    -0.939119
   0.0946231     0.982471     0.160618
    0.990081    -0.109706    0.0877743
   -0.103856    -0.150719     0.983106
   -0.116587    -0.800696     0.587617
   -0.985571     0.166369    0.0311529
    0.122705     0.575506     0.808539
  -0.0854713    -0.886729     0.454319
   -0.991208     0.121901    0.0514475
    0.101002     0.445927     0.889352
  -0.0724216    -0.870567     0.486691
   -0.994381    0.0252504    -0.102801
   0.0772063    -0.491402    -0.867504
  -0.0624702    -0.941998    -0.329754
    -0.99473    0.0318531    0.0974528
   0.0812966    -0.334105     0.939023
  -0.0459419    -0.848361     0.527421
   -0.996877   0.00498495   -0.0788163
   0.0642356    -0.529394    -0.845941
    0.109401     0.985601     0.128928
    0.987236    -0.122842      0.10137
   -0.115748    -0.116192     0.986459
   -0.214931     -0.84656    -0.486971
   -0.964075      0.10422      0.24433
    0.156088    -0.521991     0.838548
   -0.206548    -0.868417    -0.450766
   -0.967356     0.112108     0.227277
    0.146837    -0.482995     0.863224
   -0.204528    -0.865162    -0.457889
   -0.970545     0.118393      0.20982
    0.127318    -0.487317     0.863894
   -0.211544    -0.900291    -0.380428
   -0.966863     0.135852     0.216147
    0.142914    -0.413546     0.899197
   -0.198131     -0.82803     -0.52451
   -0.972724     0.100247     0.209184
     0.12063    -0.551649     0.825307
   -0.196282    -0.814175    -0.546437
   -0.974228    0.0987628     0.202793
    0.111141    -0.572159     0.812577
   -0.191522    -0.768491    -0.610525
   -0.976205    0.0846993     0.199622
    0.101697    -0.634229     0.766427
   -0.183245    -0.918143     0.351332
   -0.980502     0.196499   0.00211336
   0.0709768     0.344094     0.936249
   -0.196925    -0.707344    -0.678885
   -0.974247    0.0636082     0.216326
    0.109834    -0.704002     0.701654
   -0.181368    -0.726067     0.663274
   -0.980847     0.182268   -0.0686826
   0.0710254     0.663027     0.745218
   -0.179729    -0.809071     0.559554
   -0.981038      0.18936   -0.0413108
   0.0725338     0.556369     0.827763
    0.191672      0.92859    -0.317778
    0.977093    -0.150034     0.150926
  -0.0924712     0.339427     0.936076
    0.184138     0.939432     0.289067
    0.980911     -0.19434   0.00673106
  -0.0625007     -0.28231     0.957285
   -0.180328    -0.908414      0.37718
   -0.982151      0.18715   -0.0188238
   0.0534893     0.373843     0.925949
   -0.183029    -0.897296    -0.401698
   -0.979925     0.133664      0.14792
   0.0790353    -0.420707     0.903747
   -0.187887    -0.779151    -0.598015
   -0.975932    0.0794729     0.203077
    0.110702    -0.621778     0.775331
   -0.175763    -0.827722    -0.532901
   -0.979518    0.0930234      0.17858
   0.0982421    -0.553374     0.827119
   -0.183325     -0.92072    -0.344479
   -0.975093     0.125809     0.182664
    0.124844    -0.369386     0.920852
   -0.195926    -0.837166    -0.510653
   -0.970881    0.0924007     0.221024
    0.137849    -0.539088     0.830892
   -0.171419    -0.898019    -0.405188
    -0.97955     0.111381     0.167557
    0.105339    -0.425624     0.898748
   -0.138277    -0.906912     0.397982
   -0.989932     0.114292   -0.0835013
   0.0302419    -0.405522    -0.913585
   -0.149525    -0.878185      0.45435
   -0.988011     0.114839    -0.103185
   0.0384386    -0.464331    -0.884827
   -0.157677    -0.920553      0.35738
   -0.985892     0.126166    -0.109996
   0.0561678    -0.369682    -0.927459
   -0.147014    -0.880832     0.450024
   -0.988351     0.112714    -0.102261
   0.0393506    -0.459815    -0.887142
   -0.154861    -0.904787     0.396711
   -0.986237      0.11804    -0.115773
   0.0579216    -0.409179    -0.910614
   -0.140022    -0.887451     0.439119
   -0.988406    0.0989777    -0.115142
   0.0587199     -0.45015     -0.89102
   -0.133538    -0.902901     0.408579
   -0.990205     0.104605   -0.0924721
   0.0407536    -0.416926    -0.908026
   -0.159882    -0.915645     0.368825
   -0.983908     0.117625    -0.134498
   0.0797698    -0.384393    -0.919717
   -0.147926    -0.899669     0.410748
   -0.985642    0.0999233    -0.136105
   0.0814056    -0.424984    -0.901533
   -0.163793    -0.877685     0.450379
   -0.983941      0.11252    -0.138561
   0.0709363    -0.465841     -0.88202
   -0.165397    -0.870306     0.463909
   -0.984702     0.119577    -0.126744
   0.0548332    -0.477775    -0.876769
   -0.153265    -0.916245     0.370141
   -0.987084     0.124273      -0.1011
   0.0466335    -0.380855    -0.923458
   -0.140078    -0.904281     0.403303
   -0.989743     0.116343   -0.0829001
   0.0280434    -0.410779    -0.911304
   -0.163213     -0.89286     0.419717
   -0.986097      0.13418   -0.0980198
   0.0312004     -0.42988    -0.902347
   -0.127979    -0.924386     0.359349
    -0.99157     0.111862   -0.0653868
   0.0202451    -0.364688     -0.93091
   -0.120475    -0.908192     0.400841
   -0.991913    0.0938859   -0.0854058
   0.0399315    -0.407889    -0.912158
   -0.102159    -0.870005     0.482342
    -0.99388    0.0687805    -0.086441
   0.0420284    -0.488221    -0.871707
   -0.101873    -0.877483     0.468664
   -0.993628     0.066922    -0.090686
   0.0482115    -0.474916    -0.878709
  -0.0762332    -0.867158     0.492164
   -0.995391     0.037386   -0.0883086
   0.0581775    -0.496628    -0.866012
  -0.0777057    -0.866757     0.492639
    -0.99571    0.0425747   -0.0821502
   0.0502303     -0.49691    -0.866347
  -0.0547016    -0.854454     0.516639
   -0.996716    0.0157876   -0.0794214
   0.0597055    -0.519287    -0.852512
  -0.0590071    -0.830806     0.553425
   -0.995414   0.00715183   -0.0953962
   0.0752978    -0.556516    -0.827418
  -0.0743033    -0.894267     0.441322
   -0.995483    0.0402895   -0.0859647
   0.0590947    -0.445716    -0.893222
  -0.0553065    -0.845785     0.530649
   -0.997005     0.018002   -0.0752192
   0.0540666    -0.533219    -0.844247
  -0.0993068     -0.86241     0.496375
   -0.992901    0.0530606    -0.106456
   0.0654703    -0.503423    -0.861556
   -0.127073    -0.847042     0.516113
   -0.989333    0.0708736    -0.127268
   0.0712223     -0.52678    -0.847013
   -0.127577    -0.873446     0.469912
   -0.990358    0.0863894    -0.108298
   0.0539972    -0.479197    -0.876045
   -0.157276    -0.872977      0.46171
    -0.98697     0.155031   -0.0430756
   0.0339752     0.462468     0.885985
   -0.162196      -0.8023     0.574463
    -0.98624     0.150685   -0.0680103
   0.0319985     0.577589       0.8157
   -0.137077     -0.84193     0.521885
   -0.990494     0.110421   -0.0820247
  -0.0114319     0.528168     0.849063
    0.133542     0.974786      0.17877
    0.991005    -0.129771   -0.0326806
  0.00865741    -0.181526     0.983348
    -0.13856    -0.814367     0.563567
   -0.990193     0.103649   -0.0936766
  -0.0178739      0.57102     0.820742
    0.108995     0.615027    -0.780936
      0.9925   -0.0235842     0.119949
   0.0553542    -0.788153    -0.612985
   -0.116756    -0.696348     0.708144
   -0.991954    0.0466274    -0.117699
  -0.0489407     0.716188     0.696189
  -0.0970099     -0.36377    -0.926423
   -0.991387   -0.0469699     0.122256
  -0.0879871     0.930304    -0.356081
    0.109619     0.640768    -0.759868
    0.992982   -0.0364505     0.112511
   0.0443961    -0.766869    -0.640267
  -0.0969603    -0.671246    -0.734865
   -0.991707   0.00257426     0.128497
  -0.0843617      0.74123    -0.665929
   -0.100381    -0.360422    -0.927372
   -0.991903   -0.0366296     0.121602
  -0.0777974      0.93207    -0.353827
   -0.117507    -0.579962    -0.806124
   -0.991613    0.0245392     0.126891
  -0.0538105     0.814274    -0.577981
  -0.0921839    -0.995245   -0.0314657
   -0.991507    0.0946574   -0.0891862
  -0.0917406   -0.0229769     0.995518
  -0.0985852    -0.560566     -0.82222
   -0.990965   -0.0202046     0.132593
  -0.0909396     0.827863     -0.55351
   -0.115121    -0.542284    -0.832271
   -0.991216   0.00780775     0.132019
  -0.0650936     0.840159     -0.53842
   -0.140089    -0.832097     0.536647
       -0.99     0.108633   -0.0899929
  -0.0165851     0.543888     0.838994
   -0.145732    -0.674896      0.72338
   -0.989101    0.0838522    -0.121032
  -0.0210269     0.733133      0.67976
   -0.165643    -0.645628    -0.745471
   -0.985963     0.124473     0.111278
   0.0209465     0.753439    -0.657184
    0.165207     0.696215     0.698564
    0.985792    -0.138356   -0.0952439
  -0.0303405    -0.704374     0.709181
     0.16669     0.176362    -0.970109
    0.985905   -0.0441475     0.161378
  -0.0143669    -0.983335    -0.181235
  -0.0792751    -0.385888    -0.919133
   -0.990319   -0.0749088     0.116864
   -0.113948       0.9195    -0.376213
  -0.0785361     -0.80664     0.585803
   -0.990156  -0.00517725    -0.139875
   -0.115862     0.591021     0.798292
  -0.0617631  -0.00583517    -0.998074
   -0.985824    -0.155942    0.0619168
   -0.156003     0.987749     0.003879
  -0.0576754    -0.601604    -0.796709
   -0.986792   -0.0866508     0.136867
   -0.151375     0.794081    -0.588661
   0.0627122     0.953239     -0.29564
    0.985336    -0.106234    -0.133519
    0.158682     0.282931     0.945923
  -0.0440966   0.00978315    -0.998979
   -0.979488    -0.197221    0.0413048
   -0.196616      0.98031    0.0182793
  -0.0456921    -0.903243     0.426691
   -0.979093   -0.0442603    -0.198538
   -0.198214     0.426842     0.882336
  -0.0284571    -0.291989     0.955998
   -0.972888     0.227689    0.0405828
    -0.22952    -0.928924    -0.290552
   0.0415988     0.970219     0.238632
    0.980736    0.0059724    -0.195246
    0.190857    -0.242157      0.95128
   -0.024598    -0.625484     0.779849
   -0.972964     0.194175     0.125051
   -0.229645    -0.755689     -0.61335
  -0.0193348    -0.520899     0.853399
   -0.973034     0.206029     0.103711
   -0.229848    -0.828382    -0.510836
    0.043077     0.214863    -0.975694
    0.978575     0.187732    0.0845458
    0.201335    -0.958431    -0.202173
   -0.027975    -0.550318     0.834486
   -0.973253      0.20543     0.102848
   -0.228028    -0.809289    -0.541346
  -0.0258202    -0.401621     0.915442
   -0.973612     0.217814    0.0680981
   -0.226746    -0.889527    -0.396647
  -0.0392613      -0.4471    -0.893622
   -0.978692    -0.163179     0.124641
   -0.201547     0.879474    -0.431166
   0.0558291     -0.64407     0.762927
    0.983786   -0.0949488    -0.152148
    0.170433     0.759051     0.628326
   0.0582501     0.964909     0.256043
    0.984766   -0.0134464    -0.173362
    0.163836    -0.262241     0.950993
   0.0768661     0.691861    -0.717927
    0.989009    0.0383057     0.142805
    0.126302    -0.721014    -0.681313
  -0.0747021    -0.908398     0.411378
   -0.989568    0.0165674    -0.143112
   -0.123187     0.417777      0.90016
   0.0772724     0.663121    -0.744513
    0.988765    0.0448699     0.142588
    0.127959    -0.747166    -0.652204
  -0.0144837    -0.897506     0.440764
   -0.982887    0.0937387     0.158577
   -0.183641    -0.430924    -0.883505
  -0.0290077    -0.959012     0.281877
   -0.986071     0.073658     0.149126
   -0.163776    -0.273625     -0.94779
  -0.0422828    -0.865389     0.499313
   -0.983397      0.12432     0.132191
   -0.176471    -0.485434    -0.856278
  -0.0538831    -0.927775      0.36923
   -0.986832     0.105952     0.122216
    -0.15251    -0.357782    -0.921267
  -0.0479477    -0.980509     0.190534
   -0.989765    0.0723082     0.123033
   -0.134412    -0.182685     -0.97394
  -0.0636074     0.494925    -0.866605
   -0.984885    -0.171313   -0.0255495
   -0.161106     0.851881     0.498341
  -0.0649879    -0.922554     0.380357
   -0.990229     0.106749     0.089728
   -0.123382    -0.370809    -0.920477
  -0.0799686    -0.831858     0.549197
   -0.988605  -0.00430627    -0.150474
   -0.127538     0.554971     0.822035
   0.0969719     0.991767   -0.0836348
    0.990473    -0.104416   -0.0897797
   0.0977734    0.0741319     0.992444
  -0.0560206    -0.934332     0.351972
   -0.991839    0.0925179    0.0877315
   -0.114534    -0.344185     -0.93189
  -0.0765699    -0.920496     0.383175
   -0.992814     0.105835    0.0558526
  -0.0919656    -0.376145    -0.921985
  -0.0665738    -0.935179     0.347861
   -0.995115    0.0877016    0.0453288
  -0.0728985    -0.343144     -0.93645
   0.0827029     0.625501    -0.775828
    0.988621    0.0466614     0.143007
    0.125652    -0.778827    -0.614524
   -0.102739    -0.821309     0.561157
   -0.989475    0.0265901     -0.14224
   -0.101902     0.569864     0.815396
  -0.0562741    -0.378148    -0.924033
   -0.984365    -0.133706     0.114666
   -0.166909     0.916039    -0.364712
   0.0392868    -0.052241    -0.997861
    0.980024     0.196857    0.0282786
    0.194959    -0.979039    0.0589313
  -0.0398725    -0.880223    -0.472882
   -0.980579     0.125421    -0.150778
   -0.192027    -0.457687     0.868129
   0.0193148    0.0458012    -0.998764
    0.976702     0.212679    0.0286412
    0.213728    -0.976048   -0.0406263
  -0.0233896    -0.326803     0.944803
   -0.974772     0.217291    0.0510283
   -0.221973    -0.919774    -0.323641
  -0.0177551    -0.930777    -0.365155
   -0.979219    0.0899814    -0.181749
   -0.202025     -0.35434     0.913033
  -0.0847515    -0.919811     0.383098
   -0.994907    0.0991714    0.0180086
  -0.0545569    -0.379621    -0.923532
   -0.098259    -0.929035     0.356705
   -0.993692      0.11106     0.015529
  -0.0540426    -0.352929    -0.934088
   -0.109515    -0.911021     0.397551
    -0.99358      0.11175    -0.017622
  -0.0283724    -0.396929    -0.917411
   -0.101249    -0.911898     0.397731
   -0.994201     0.107309  -0.00705711
  -0.0362448    -0.396139    -0.917475
    0.136288     0.960771    -0.241545
    0.990409    -0.137731    0.0109802
   0.0227189     0.240725     0.970328
   -0.123584    -0.889722     0.439456
   -0.992325     0.112688   -0.0509138
 -0.00422242    -0.442375     -0.89682
    -0.13952    -0.920288      0.36552
    -0.99021     0.128101    -0.055438
  0.00419532    -0.369676    -0.929151
   -0.113331    -0.898378      0.42435
   -0.993549     0.104237   -0.0446717
  -0.0041007    -0.426675    -0.904396
   -0.163947    -0.909814     -0.38126
    -0.98645     0.148784    0.0691389
  0.00617797    -0.387429     0.921879
    0.145196     0.986125    0.0804775
    0.989168    -0.142907   -0.0335319
   0.0215658   -0.0844744     0.996192
    0.118938      0.94032     0.318829
    0.990741   -0.0912202    -0.100557
   0.0654718    -0.327836     0.942463
    0.113506     0.963957    -0.240631
     0.99192    -0.123763   -0.0278961
   0.0566718      0.23552     0.970216
   -0.110409    -0.892376     0.437579
   -0.993637     0.108966   -0.0284931
  -0.0222547     -0.43794    -0.898728
   -0.102826     -0.90506     0.412667
   -0.993984     0.109223  -0.00812693
  -0.0377175     -0.41102    -0.910846
   -0.108757    -0.850437    -0.514712
   -0.992801     0.119066    0.0130476
  -0.0501887    -0.512425     0.857264
  -0.0845209    -0.907271     0.411965
   -0.994709     0.101054    0.0184722
  -0.0583902    -0.408225    -0.911012
   0.0968457     0.993629    0.0576375
    0.993469    -0.092995   -0.0661145
   0.0603333    -0.063664     0.996146
  -0.0720426    -0.912526     0.402625
   -0.994159    0.0982224    0.0447283
  -0.0803625    -0.397051    -0.914272
   -0.061221    -0.931922     0.357455
   -0.995062    0.0850176    0.0512262
  -0.0781288    -0.352554    -0.932524
  -0.0807086     0.466387    -0.880891
   -0.993846    -0.104929    0.0355031
  -0.0758728     0.878336     0.471985
  -0.0523033     -0.93472     0.351515
   -0.993682    0.0837146    0.0747532
  -0.0993002    -0.345384    -0.933193
  -0.0385965    -0.946548     0.320246
   -0.991546    0.0760114     0.105164
   -0.123885     -0.31348    -0.941479
  -0.0375971    -0.924279     0.379862
   -0.992363    0.0792229    0.0945448
    -0.11748    -0.373407    -0.920199
   -0.026353    -0.969136     0.245115
   -0.988528    0.0617432     0.137841
   -0.148721     -0.23867    -0.959645
   -0.024251    -0.923258     0.383415
   -0.990518    0.0740676     0.115703
   -0.135223    -0.376974      -0.9163
 -0.00585471    -0.927291     0.374296
   -0.988017    0.0630958     0.140861
   -0.154235    -0.368986    -0.916548
  -0.0062997    -0.934742     0.355272
   -0.985358    0.0663366     0.157063
   -0.170381    -0.349081    -0.921473
  -0.0195824    -0.952239     0.304725
   -0.990985    0.0588873     0.120334
   -0.132531    -0.299622    -0.944808
 -0.00164605    -0.941793     0.336189
   -0.989701    0.0496567     0.134262
   -0.143141    -0.332505    -0.932175
 -0.00505781    -0.961536    -0.274633
   -0.991472    0.0405868    -0.123841
   -0.130224    -0.271665     0.953541
   0.0346571     0.998419   -0.0442469
    0.991579     -0.03988     -0.12321
     0.12478    0.0396042     0.991394
  -0.0506132    -0.985977     -0.15902
   -0.992653    0.0671848    -0.100624
   -0.109897    -0.152758     0.982134
   0.0624813     0.969624     0.236487
    0.991347   -0.0328865    -0.127081
    0.115444    -0.242381     0.963288
  -0.0686521    -0.954944    -0.288737
   -0.992857    0.0937077   -0.0738521
  -0.0975815    -0.281604     0.954556
  -0.0608157    -0.935358     0.348435
   -0.993804    0.0892765    0.0662004
  -0.0930282     -0.34225    -0.934992
   0.0411751    -0.749541     0.660677
     0.99121   -0.0525638    -0.121409
    0.125728     0.659868     0.740788
   0.0117675    -0.985246     -0.17074
    0.991857   -0.0101541     0.126953
    0.126814     0.170843    -0.977103
   -0.418332     0.340997    -0.841855
   -0.895764  -0.00146584     0.444527
    0.150348     0.940063     0.306066
   -0.460564    -0.438035    -0.772015
   -0.875864     0.365398     0.315194
    0.144026     0.821346    -0.551948
   -0.423141    -0.376761    -0.824017
   -0.899957      0.28018     0.334031
    0.105023     0.882922    -0.457624
   -0.463388    -0.457784    -0.758752
   -0.879481     0.342475     0.330492
    0.108559     0.820454    -0.561311
   -0.486111    -0.511953    -0.708238
   -0.863756     0.404578     0.300403
    0.132746     0.757774    -0.638872
   -0.434746    -0.338607    -0.834471
   -0.896838     0.246867     0.367066
   0.0817125     0.907966       -0.411
   -0.480869    -0.207418    -0.851905
   -0.869815     0.235183     0.433717
    0.110392     0.949561    -0.293508
    0.463043   -0.0476813    -0.885052
    0.881348   -0.0810155      0.46547
  -0.0938971    -0.995572   0.00451022
   -0.470412   0.00830832    -0.882408
   -0.875812     0.117991     0.468007
    0.108004      0.99298   -0.0482278
   -0.504277    -0.404369    -0.763014
    -0.85266      0.37299     0.365854
    0.136656     0.835083     -0.53288
   -0.490327   0.00512408    -0.871523
   -0.862057     0.144251      0.48585
    0.128207     0.989528   -0.0663128
    0.512427      0.21295    -0.831908
    0.846077    -0.290894     0.446692
   -0.146874    -0.932756    -0.329234
    0.441019     0.256083    -0.860188
    0.893872    -0.211389     0.395357
  -0.0805905    -0.943258    -0.322132
    0.449365      0.25914    -0.854937
    0.888328    -0.230935     0.396917
  -0.0945774    -0.937825    -0.333975
   -0.431399    -0.311217    -0.846782
    -0.89865      0.23097     0.372936
   0.0795173     0.921844    -0.379315
    0.420239     0.177226    -0.889938
    0.904785     -0.15643     0.396098
  -0.0690148    -0.971659    -0.226089
     0.41196     0.131596    -0.901649
    0.908365    -0.137333     0.394984
  -0.0718479    -0.981744    -0.176113
   -0.385671    -0.320891    -0.865036
   -0.920468     0.198062     0.336912
   0.0632189     0.926175    -0.371757
    0.372773     0.118314    -0.920349
    0.925299     -0.12193     0.359103
  -0.0697308    -0.985462    -0.154928
   -0.399943    -0.289459    -0.869632
   -0.911865     0.221374     0.345681
   0.0924535     0.931239    -0.352485
    0.353391   -0.0615682    -0.933447
    0.930677   -0.0777975     0.357474
  -0.0946289    -0.995066    0.0298072
    0.348768     0.233558    -0.907641
    0.935062    -0.152234     0.320131
   -0.063405    -0.960352    -0.271485
    0.332877   -0.0760452    -0.939899
    0.939634   -0.0570182     0.337397
  -0.0792487    -0.995473    0.0524746
    0.305959    0.0965283    -0.947139
    0.949888   -0.0978813     0.296871
  -0.0640507    -0.990506    -0.121639
   -0.384189     0.482919    -0.786885
    -0.91636   -0.0954869     0.388802
    0.112623     0.870443     0.479213
    0.514026    -0.222869    -0.828316
    0.841026   -0.0589488     0.537774
   -0.168681    -0.973064     0.157137
   -0.493689  -0.00181584    -0.869637
   -0.857302     0.168857     0.486334
    0.145961     0.985639   -0.0849197
   -0.489219     0.615321    -0.618098
   -0.856405    -0.204814     0.473944
    0.165032     0.761204     0.627162
   -0.511064     0.323134    -0.796491
   -0.838102    0.0183445     0.545205
    0.190785     0.946176     0.261444
    -0.46699     0.309457    -0.828346
   -0.873334   -0.0145899     0.486903
     0.13859     0.950801     0.277073
   -0.478072    -0.648055     -0.59285
      -0.858     0.200227     0.473017
    0.187836    -0.734802     0.651754
     -0.4573     0.441896    -0.771754
   -0.875044   -0.0687561     0.479135
    0.158665     0.894427     0.418121
   -0.447922      0.58634     -0.67496
   -0.876391    -0.138546     0.461241
    0.176931     0.798129     0.575922
   -0.499767     0.565624    -0.655974
   -0.838896    -0.127569     0.529132
    0.215608     0.814736     0.538255
   -0.468426     0.582159    -0.664581
   -0.858461    -0.122087     0.498136
    0.208858     0.803857     0.556949
    0.493754    -0.270159    -0.826572
    0.835173    -0.117489     0.537293
   -0.242267     -0.95562     0.167619
    0.440464    -0.415118    -0.796033
      0.8872    0.0656042     0.456697
    -0.13736    -0.907399     0.397189
    0.428649      -0.3145    -0.846965
    0.890939  -0.00845199     0.454043
   -0.149955     -0.94922     0.276578
    0.415649      0.82682     0.378952
    0.900712    -0.432053   -0.0452569
   -0.126308    -0.360137     0.924309
    0.425795    -0.396744    -0.813199
    0.897207    0.0687934     0.436219
   -0.117125    -0.915348     0.385254
    0.448976    -0.201853    -0.870446
     0.88525   -0.0319356     0.464018
   -0.121462    -0.978895     0.164352
    0.433316   -0.0319027    -0.900677
    0.895222    -0.100081     0.434236
   -0.103994    -0.994468   -0.0148067
    0.451625    -0.214559    -0.866025
    0.885648  -0.00967745     0.464256
   -0.107991    -0.976663     0.185653
    0.471266   -0.0578358    -0.880093
    0.873321    -0.108966     0.474801
    -0.12336    -0.992362 -0.000842549
    0.434691      0.10838    -0.894034
    0.895842    -0.153725     0.416935
  -0.0922479    -0.982152    -0.163914
    0.403155     0.871104     0.280435
    0.913896     -0.39916   -0.0739287
  -0.0475389    -0.286093     0.957022
   -0.403862    -0.813919     0.417651
   -0.912927     0.387929    -0.126788
   0.0588237     0.432489     0.899718
   -0.402971    -0.806209     0.433176
   -0.912354      0.39125    -0.120557
   0.0722865     0.443791      0.89321
    -0.40593    -0.732576     0.546401
   -0.910862     0.373051    -0.176532
   0.0745122     0.569355     0.818708
   -0.405119    -0.835869     0.370408
   -0.911849     0.398832   -0.0972893
   0.0664093      0.37717      0.92376
    -0.40904    -0.471021    -0.781553
   -0.908723     0.288275     0.301861
   0.0831195     0.833689    -0.545944
   -0.403631     -0.63006    -0.663405
    -0.91177     0.337137     0.234551
   0.0758772     0.699545    -0.710548
   -0.410098    -0.590121    -0.695397
   -0.908733     0.329267     0.256491
   0.0776106     0.737117    -0.671294
    -0.40611    -0.551734    -0.728467
   -0.910952      0.30758     0.274884
   0.0723988     0.775231    -0.627515
   -0.402458    -0.770375     0.494519
    -0.91266      0.37971    -0.151235
   0.0712666     0.512194     0.855908
    -0.39758     -0.45781    -0.795198
    -0.91427     0.271062     0.301058
   0.0777202     0.846721    -0.526331
    -0.39545    -0.559381      -0.7285
   -0.915183      0.30719      0.26091
   0.0778396     0.769888    -0.633414
     0.42049     0.278045    -0.863643
      0.9034    -0.216434     0.370167
  -0.0839983    -0.935867    -0.342195
   -0.416339    -0.543741    -0.728703
   -0.906136     0.313984     0.283428
   0.0746894     0.778306    -0.623427
    0.420226     0.805314     0.418186
    0.902638    -0.418224    -0.101655
  -0.0930311    -0.420188     0.902656
   -0.411683    -0.688008      0.59763
   -0.905781     0.381148    -0.185167
    0.100389     0.617552     0.780097
   -0.403931    -0.508111    -0.760699
   -0.910798     0.300973     0.282598
    0.085359     0.806993    -0.584359
   -0.400397    -0.766948     0.501471
   -0.912621     0.383026     -0.14288
   0.0824954     0.514862     0.853295
    0.405003     0.913715   -0.0331274
     0.90826    -0.397893     0.129401
   -0.105054     0.082496     0.991039
     0.40036     0.872341     0.280593
    0.914008    -0.402067   -0.0541453
  -0.0655841    -0.278142     0.958298
   -0.384428    -0.384293    -0.839365
   -0.919401     0.241292     0.310612
   0.0831659     0.891122    -0.446078
   -0.387849    -0.597197    -0.702089
   -0.918871     0.310392     0.243584
   0.0724556     0.739603    -0.669132
   -0.352667    -0.515688    -0.780827
    -0.93213     0.266922     0.244719
   0.0822213     0.814137    -0.574823
   -0.355238    -0.621348    -0.698379
   -0.930333     0.307764     0.199405
   0.0910361     0.720561     -0.68739
    -0.35935    -0.363968    -0.859299
   -0.930301      0.21228     0.299128
   0.0735393     0.906898    -0.414883
   -0.318455    -0.443231    -0.837934
   -0.943484     0.233793     0.234903
   0.0917868     0.865383    -0.492633
    -0.32367    -0.302937    -0.896363
   -0.943032     0.180373     0.279563
   0.0769894     0.935786    -0.344061
    0.288677    0.0392397    -0.956622
    0.953525    -0.101896     0.283563
  -0.0863491    -0.994021   -0.0668311
   -0.323708    -0.535856    -0.779789
   -0.940587     0.271548     0.203857
    0.102513      0.79945    -0.591922
   -0.285509    -0.271927    -0.918989
   -0.953024     0.181759     0.242301
    0.101146     0.944997    -0.311046
   -0.291664    -0.483285     -0.82545
   -0.949221     0.252655     0.187473
    0.117951     0.838213    -0.532435
   -0.334117    -0.304997     -0.89182
    -0.94021     0.174225     0.292662
   0.0661161     0.936281    -0.344972
    0.293089    0.0757529    -0.953079
    0.953094    -0.101941     0.284991
  -0.0755686    -0.991902    -0.102077
     -0.3708    -0.330592     -0.86788
     -0.9264     0.197579      0.32054
   0.0655066      0.92286    -0.379523
   -0.404748    -0.544364    -0.734742
   -0.911883     0.300188     0.279924
   0.0681803     0.783298    -0.617897
   -0.390303    -0.676039     0.625008
   -0.918018     0.337412    -0.208319
   0.0700531     0.655076     0.752309
     0.49202    -0.311822    -0.812824
    0.831485    -0.108343      0.54488
   -0.257969    -0.943943     0.205969
    -0.46398     0.304518     -0.83186
    -0.85758    0.0809137     0.507946
    0.221987     0.949064     0.223606
    0.467703     0.219567     -0.85618
     0.85368    -0.363279     0.373175
   -0.229095    -0.905439    -0.357346
    0.496683   -0.0765428     -0.86455
    0.823681    -0.272432     0.497324
   -0.273598    -0.959126   -0.0722656
    0.438649   -0.0202651     -0.89843
    0.877198    -0.207527     0.432963
   -0.195222    -0.978019   -0.0732548
    -0.47669      -0.2852    -0.831521
   -0.848179     0.397779     0.349807
    0.230996     0.872028    -0.431518
     0.45173     0.195326     -0.87051
    0.873779    -0.293879     0.387486
   -0.180139    -0.935673    -0.303425
   -0.464626    -0.238715    -0.852724
   -0.866612     0.320452     0.382485
    0.181952     0.916693    -0.355764
   -0.501392    -0.330571    -0.799581
   -0.819261     0.478576     0.315875
    0.278241     0.813442    -0.510778
   -0.479048    -0.283741    -0.830665
   -0.846087     0.401283      0.35087
    0.233776     0.870898    -0.432303
     0.50249    0.0678382    -0.861917
    0.814707    -0.370857     0.445778
   -0.289407    -0.926209     -0.24162
   -0.429144    -0.360991    -0.827962
   -0.893123     0.306381     0.329336
    0.134784     0.880804    -0.453891
    0.441676     0.145358    -0.885321
    0.888088    -0.210924     0.408425
   -0.127368    -0.966634    -0.222251
   -0.424465    -0.326434    -0.844553
    -0.90178     0.236236     0.361918
   0.0813717     0.915223    -0.394646
   -0.417942    -0.532922    -0.735744
   -0.904075     0.323586     0.279179
   0.0892959     0.781848    -0.617042
   -0.423185     0.454547    -0.783774
   -0.891638   -0.0552872     0.449361
    0.160923     0.889005     0.428688
   -0.412578   -0.0332055    -0.910317
   -0.902515      0.15036     0.403557
    0.123475     0.988074   -0.0920036
    0.423337    -0.269225    -0.865045
    0.891667   -0.0451948     0.450431
   -0.160363    -0.962016     0.220926
    0.439427    -0.293142      -0.8491
    0.878271   -0.0581792      0.47461
   -0.188528    -0.954297     0.231893
     0.40705     0.898607     0.163756
    0.904615    -0.421414    0.0638883
   -0.126419     -0.12213      0.98443
    -0.49462    -0.797732     0.344927
   -0.820916     0.559146     0.115988
    0.285391     0.225786     0.931436
   -0.473612    -0.528045    -0.704882
   -0.849848     0.484084     0.208375
    0.231191     0.697732    -0.678027
    0.459313     0.881087     0.112771
    0.858191    -0.472927      0.19962
   -0.229215  -0.00509134     0.973363
   -0.467234    -0.800824     0.374664
   -0.834134     0.539761     0.113481
    0.293108     0.259498      0.92019
   -0.441846    -0.758134    -0.479589
   -0.881647     0.268206     0.388284
    0.165743    -0.594389     0.786912
   -0.431356    -0.902156   0.00682338
   -0.871691     0.418715     0.254624
    0.232567    -0.103886     0.967016
   -0.417896    -0.804476    -0.422114
   -0.893389     0.279519     0.351746
    0.164982    -0.524106      0.83552
    0.396417     0.893424    -0.211299
    0.903484    -0.338782     0.262569
   -0.163001     0.294992     0.941494
    0.442535     0.867206     0.228291
    0.844692    -0.488587     0.218582
   -0.301096   -0.0961052     0.948739
    0.407407     0.878088    -0.250962
    0.885464    -0.312539     0.343908
   -0.223546     0.362328     0.904846
    0.425775     0.900429   -0.0891256
    0.855899    -0.368839     0.362484
   -0.293518     0.230619     0.927719
   -0.416447    -0.742777    -0.524265
   -0.903276     0.272533     0.331388
    0.103268    -0.611562     0.784429
   -0.384835     -0.83643     -0.39024
   -0.917536     0.300812     0.260075
    0.100146    -0.458145     0.883218
   -0.376352    -0.720472    -0.582477
   -0.925458     0.262863     0.272822
   0.0434488    -0.641735     0.765695
   -0.409945    -0.752592    -0.515316
   -0.911192     0.312569     0.268382
   0.0409104    -0.579574     0.813892
   -0.442622     -0.74394    -0.500639
   -0.890338     0.298173     0.344081
    0.106699    -0.598035     0.794336
   -0.427969    -0.683281    -0.591582
   -0.902745     0.291666     0.316199
   0.0435085    -0.669371     0.741653
     0.44558    -0.241991    -0.861916
    0.887514  -0.00682941      0.46073
   -0.117379    -0.970254     0.211727
   -0.453963     0.453638    -0.766897
   -0.874851   -0.0637029     0.480184
    0.168976     0.888906     0.425784
   -0.429002     0.533407    -0.728996
   -0.901689    -0.204636     0.380896
   0.0539931     0.820732     0.568756
   -0.395437     -0.70221    -0.592056
   -0.916608     0.342981     0.205412
  -0.0588214    -0.623911     0.779279
   -0.412071     0.591258    -0.693262
   -0.908068    -0.329038     0.259126
  -0.0748992     0.736307     0.672489
   -0.406826     0.580086    -0.705686
   -0.911384    -0.310356     0.270291
  -0.0622218     0.753113     0.654942
   -0.415554     0.611904     -0.67297
   -0.907289    -0.331213     0.259085
  -0.0643614     0.718242      0.69281
   -0.421164     0.535683    -0.731891
   -0.903719    -0.316266     0.288561
  -0.0768949     0.782956     0.617306
   -0.414751    -0.685327    -0.598588
   -0.909013     0.341669     0.238659
  -0.0409591    -0.643109     0.764679
   -0.419247   -0.0370555    -0.907116
   -0.906414   -0.0395258     0.420537
  -0.0514377     0.998531   -0.0170166
   -0.419937      0.34166    -0.840786
   -0.907183      -0.1845     0.378126
  -0.0259345     0.921536     0.387426
   -0.415287    -0.611427    -0.673568
   -0.909606     0.268993     0.316639
   -0.012417     0.744177    -0.667867
    0.423057     0.865654     0.267706
    0.903384    -0.380087    -0.198574
   0.0701445    -0.325849     0.942816
   -0.416686    -0.701226     0.578494
   -0.908237     0.294217    -0.297561
   -0.038455     0.649399     0.759475
   -0.422824    -0.630841    -0.650584
   -0.904524     0.249998     0.345452
  -0.0552806     0.734535    -0.676316
    0.420716     0.240264    -0.874798
    0.907166     -0.11872     0.403677
 -0.00686713     -0.96342    -0.267907
   -0.416833    -0.412652    -0.809919
   -0.908486     0.218593     0.356189
   0.0300603     0.884271    -0.466005
   -0.419007    -0.669806     -0.61302
   -0.907975     0.311972     0.279741
 -0.00387333     -0.67382     0.738885
   -0.403483     -0.66828    -0.624983
    -0.91496     0.299904     0.270009
 -0.00699329    -0.680779     0.732455
   -0.401618     0.502745    -0.765474
   -0.914857    -0.258306     0.310345
  -0.0417021      0.82494      0.56368
   -0.380113     0.497782    -0.779568
   -0.924265     -0.23661     0.299583
  -0.0353267     0.834403     0.550021
    0.383983    -0.595462    -0.705678
     0.92333     0.251292      0.29037
  0.00442754    -0.763071       0.6463
    0.392582     0.647675    -0.652991
    0.918007    -0.319218     0.235291
   0.0560544     0.691821      0.71989
   -0.416576    -0.541113    -0.730521
    -0.90875     0.225533     0.351153
  -0.0252565     0.810143    -0.585688
    -0.40998    -0.579834    -0.704066
   -0.911928     0.245813     0.328579
  -0.0174532     0.776768    -0.629545
    0.403288       0.3301    -0.853459
    0.914739     -0.17064     0.366245
  -0.0247373    -0.928394    -0.370773
   -0.411144     -0.42424    -0.806834
   -0.911565     0.194435     0.362277
  0.00318428     0.884429    -0.466663
   -0.397854    -0.435459    -0.807519
   -0.915834     0.240712     0.321413
   0.0544174     0.867429    -0.494577
   -0.401844    -0.771031     0.493996
    -0.91426     0.368144     -0.16911
   0.0514725     0.519596      0.85286
    0.398967      0.89138     0.215098
    0.914037    -0.405327   -0.0156684
  -0.0732186    -0.202859     0.976467
   -0.408433    -0.749386     0.521156
   -0.912356     0.352722     -0.20783
   0.0280781     0.560365      0.82777
   -0.400212    -0.562368    -0.723583
   -0.911305     0.327548     0.249471
   0.0967136     0.759246    -0.643577
    0.400192     0.240122    -0.884414
    0.912521    -0.193467     0.360383
  -0.0845687    -0.951269     -0.29654
   -0.408639    -0.656919     0.633618
   -0.911202     0.333343    -0.242059
   0.0521993     0.676269     0.734803
   -0.408689    -0.503268    -0.761376
   -0.912612     0.235044     0.334505
   0.0106115      0.83155    -0.555349
    0.643999      0.11576    -0.756217
    0.606282    -0.680077     0.412209
   -0.466569    -0.723944    -0.508152
    0.652982     0.146283    -0.743112
    0.603024    -0.694053     0.393259
   -0.458233    -0.704905    -0.541416
     0.64472     0.193121    -0.739622
    0.639975    -0.665514     0.384088
   -0.418053    -0.720969    -0.552662
    0.653663     0.112871    -0.748321
    0.630803    -0.627557     0.456355
   -0.418105    -0.770346     -0.48141
   -0.661884    -0.301745    -0.686192
   -0.598981     0.763283     0.242117
    0.450702     0.571269    -0.685944
   -0.641491    -0.379457    -0.666709
   -0.670419     0.699731     0.246809
    0.372864     0.605301    -0.703266
   -0.657042    -0.569495     0.493933
   -0.630415     0.774362    0.0542299
    0.413367     0.275752     0.867807
    0.646199     0.264451    -0.715886
    0.667688    -0.650221     0.362499
