   -0.012295    -0.810124     0.586129
   -0.996996    -0.034899   -0.0691495
    0.076475    -0.585219    -0.807261
  -0.0394594    -0.845943     0.531811
   -0.997382   0.00106916   -0.0723032
   0.0605958    -0.533272    -0.843771
  -0.0720911    -0.877276     0.474542
   -0.996209    0.0401032   -0.0772032
   0.0486979    -0.478308    -0.876841
  -0.0892147    -0.941532     0.324896
   -0.995183     0.070959   -0.0676365
   0.0406276    -0.329365    -0.943328
   -0.111423    -0.921787     0.371339
   -0.993122    0.0897648   -0.0751688
   0.0359565    -0.377161     -0.92545
   -0.102835    -0.945078     0.310247
   -0.994469    0.0909787   -0.0524881
   0.0213795    -0.313928    -0.949206
   -0.120886    -0.896659     0.425898
   -0.992552     0.102675   -0.0655596
   0.0150556    -0.430652    -0.902393
   -0.120813    -0.898214     0.422629
   -0.992171    0.0956877   -0.0802576
   0.0316481    -0.429017    -0.902742
    -0.11943    -0.873876      0.47125
   -0.992839     0.103804   -0.0591246
  0.00274966    -0.474937    -0.880016
   -0.120429    -0.886079     0.447617
   -0.992281    0.0940079   -0.0808757
   0.0295828    -0.453902    -0.890561
   -0.114579     -0.85812     0.500502
     -0.9934     0.101693    -0.053064
 -0.00536209    -0.503279    -0.864107
   -0.103852    -0.861111     0.497697
   -0.994445     0.081291   -0.0668577
   0.0171137    -0.501875    -0.864771
    0.155126     0.986664    0.0492936
    0.971794     -0.16138      0.17197
   -0.177632   -0.0212261     0.983868
   -0.179739    -0.842996     0.507002
   -0.964543     0.252282    0.0775285
    0.193264     0.475091     0.858451
   -0.159623    -0.903798     0.397076
   -0.970431     0.217438      0.10481
    0.181067     0.368604     0.911782
   -0.180906     0.541859    -0.820769
   -0.964683    0.0647051     0.255343
    0.191468     0.837975     0.511016
    0.203349    -0.345198    -0.916236
    0.958221    -0.122086     0.258664
    -0.20115    -0.930555      0.30595
    0.154205      0.25369    -0.954915
    0.971624    -0.214377      0.09995
   -0.179355    -0.943231    -0.279549
   -0.199693     0.517945    -0.831779
   -0.961028     0.062094     0.269389
    0.191177     0.853158     0.485359
   -0.177259     0.560503     -0.80896
   -0.967434    0.0516774      0.24779
    0.180692     0.826539     0.533089
    -0.19369     -0.81781    -0.541915
   -0.965159     0.059783     0.254745
    0.175936    -0.572375     0.800895
   -0.215575    -0.772819     -0.59689
   -0.955819     0.041903     0.290953
    0.199843    -0.633241     0.747709
    0.208096     0.730525    -0.650407
    0.960125   -0.0256376     0.278394
   -0.186699     0.682405      0.70673
     0.21975     0.693304    -0.686323
      0.9565   -0.0147486     0.291358
   -0.191878     0.720494     0.666387
    0.150529    -0.129597    -0.980074
    0.974332    -0.148408     0.169271
   -0.167388    -0.980398      0.10393
   -0.172489     0.597037    -0.783451
   -0.971452    0.0284091      0.23553
    0.162877     0.801711     0.575092
   -0.151057    -0.934892    -0.321183
   -0.978571    0.0954311     0.182459
    0.139929    -0.341862     0.929274
   -0.122184    -0.826067     0.550167
   -0.982641    0.0227145    -0.184124
    0.139602    -0.563113    -0.814503
    -0.12577    -0.766492     0.629819
   -0.979166     0.197932    0.0453511
    0.159422     0.610994     0.775417
  -0.0995278    -0.914854     0.391327
   -0.985987    0.0377616     -0.16249
    0.133878    -0.402015    -0.905793
  -0.0927378    -0.571851    -0.815099
   -0.983921     0.178128   -0.0130242
     0.15264     0.800785    -0.579175
    0.129175     0.739681     0.660444
    0.977391    -0.207404    0.0411207
   -0.167395      -0.6402     0.749749
  -0.0989529    -0.413646    -0.905045
   -0.983387     0.179739    0.0253695
    0.152178     0.892519     -0.42456
  -0.0689929    -0.898146     0.434251
    -0.99095    0.0114581    -0.133742
    0.115144    -0.439549    -0.890808
   -0.063907    -0.519402    -0.852137
   -0.988388     0.150901   -0.0178534
    0.137862       0.8411    -0.523015
  -0.0274491    -0.659243     0.751429
   -0.993982   -0.0617445    -0.090479
    0.106044    -0.749391    -0.653581
   -0.128142    -0.767559     0.628039
   -0.977935     0.203145    0.0487415
    0.164995     0.607935     0.776654
   -0.212718    -0.707411    -0.674033
   -0.961988    0.0307154     0.271357
    0.171258    -0.706135     0.687055
   -0.209459     0.565952    -0.797387
   -0.962365    0.0250844       0.2706
    0.173148     0.824056     0.539398
   -0.198029    -0.898944    -0.390749
   -0.969485     0.120858     0.213287
    0.144508    -0.421062     0.895446
   -0.200518    -0.762755    -0.614815
   -0.968108    0.0580607     0.243711
    0.150195    -0.644076     0.750071
   -0.196313    -0.882265    -0.427865
   -0.969925     0.110689     0.216778
    0.143896    -0.457554     0.877461
   -0.179678    -0.854165    -0.487973
   -0.977135    0.0976445     0.188874
    0.113682    -0.510752     0.852179
   -0.179103    -0.811624    -0.556047
   -0.977394    0.0822457     0.194772
    0.112349    -0.578361     0.808007
    -0.15756    -0.790706    -0.591573
    -0.98522    0.0851033     0.148654
   0.0671972    -0.606251     0.792429
    0.174309      0.94982    -0.259727
    0.978307    -0.137059     0.155342
   -0.111949      0.28117     0.953106
   -0.155587    -0.869418    -0.468941
   -0.984936     0.100276     0.140874
   0.0754552    -0.483795     0.871923
    -0.15272    -0.891904     0.425656
   -0.985109     0.171807   0.00655245
   0.0789749     0.418317     0.904861
   -0.183574    -0.894815    -0.406947
   -0.976957     0.120219     0.176361
    0.108888    -0.429945     0.896265
   -0.160566      0.51554    -0.841687
    -0.98489   -0.0276309      0.17096
   0.0648802      0.85642     0.512187
   -0.160397     0.568615    -0.806814
   -0.985134   -0.0412842     0.166752
   0.0615091     0.821567     0.566784
   -0.177381    -0.681193     -0.71029
   -0.979393    0.0513668     0.195322
   0.0965667    -0.730299     0.676267
     0.19031     0.948895    -0.251754
    0.972342     -0.14682     0.181645
     -0.1354      0.27936     0.950592
    0.179441     0.982535   -0.0492617
    0.976506    -0.171819     0.130051
   -0.119316    0.0714408     0.990283
    0.185148   -0.0254493    -0.982381
    0.970121    -0.154768     0.186847
   -0.156796    -0.987623  -0.00396596
   -0.200543     0.508222    -0.837552
   -0.964989     0.045049     0.258392
    0.169051     0.860047     0.481395
    0.169446     0.958524     -0.22917
    0.976262    -0.131419     0.172166
   -0.134908     0.252903      0.95804
   -0.131449    -0.903134     0.408742
   -0.990483     0.102686   -0.0916452
   0.0407959    -0.416898    -0.908037
   -0.134938    -0.884806     0.445994
   -0.989718    0.0988122    -0.103412
   0.0474297    -0.455362    -0.889042
   -0.150338    -0.899651     0.409911
   -0.985926      0.10576     -0.12948
   0.0731346    -0.423608    -0.902889
   -0.129414    -0.914669     0.382926
    -0.99009     0.097959    -0.100623
   0.0545262    -0.392153    -0.918283
   -0.140963    -0.891315     0.430913
   -0.987073    0.0930058    -0.130522
   0.0762588    -0.443742    -0.892904
    -0.12009    -0.873524     0.471735
   -0.990036    0.0701769    -0.122085
   0.0735394    -0.481696    -0.873247
   -0.111974    -0.888604     0.444797
    -0.99243    0.0772759   -0.0954561
   0.0504507    -0.452118     -0.89053
   -0.154654    -0.896902     0.414305
   -0.981835    0.0928728     -0.16545
    0.109915    -0.432367    -0.894974
   -0.136025    -0.901586     0.410658
   -0.984656    0.0772948    -0.156455
    0.109316    -0.425638    -0.898266
   -0.163546    -0.887931     0.429921
   -0.981286     0.101517    -0.163623
    0.101642    -0.448635    -0.887916
   -0.160006    -0.827966    -0.537466
   -0.984181    0.0918502     0.151499
   0.0760697    -0.553205     0.829565
   -0.147979     -0.90152     0.406649
   -0.987028     0.108731    -0.118128
   0.0622794    -0.418854    -0.905915
   -0.136829    -0.894998     0.424567
   -0.989881     0.107267   -0.0928953
    0.037599    -0.432981    -0.900618
   -0.157867    -0.819615    -0.550736
   -0.986406     0.105133      0.12629
   0.0456084    -0.563186      0.82507
   -0.119501    -0.888826     0.442388
    -0.99264    0.0981485   -0.0709428
    0.019636     -0.44761    -0.894013
  -0.0979982    -0.895815     0.433488
   -0.994005     0.066889   -0.0864858
   0.0484797    -0.439365    -0.896999
  -0.0650788    -0.869896     0.488924
   -0.996673     0.032566   -0.0747218
   0.0490779     -0.49216     -0.86912
  -0.0776387    -0.873265     0.481021
   -0.994708    0.0352856    -0.096491
   0.0672891    -0.485967    -0.871383
  -0.0329662    -0.797682     0.602177
   -0.997378   -0.0125797   -0.0712654
   0.0644224    -0.602947    -0.795176
  -0.0427283    -0.837373     0.544959
   -0.996768  -0.00141471   -0.0803268
   0.0680345     -0.54663    -0.834606
 -0.00725334    -0.774133     0.632982
   -0.997559   -0.0383649   -0.0583511
   0.0694558     -0.63186    -0.771965
 -0.00495767      -0.7537     0.657199
   -0.997547   -0.0421655   -0.0558821
   0.0698295    -0.655864    -0.751642
  -0.0436762    -0.831141     0.554344
   -0.995383   -0.0112699   -0.0953224
   0.0854738    -0.555948    -0.826811
  -0.0194856    -0.790666     0.611937
   -0.996803   -0.0320698   -0.0731771
   0.0774833    -0.611407    -0.787514
  -0.0806596    -0.847583     0.524498
    -0.99226     0.018439    -0.122797
   0.0944094    -0.530343     -0.84251
    -0.10988    -0.897892     0.426282
   -0.988418    0.0535462    -0.141993
    0.104668    -0.436947    -0.893377
    -0.10198    -0.895917     0.432358
    -0.99233    0.0610917    -0.107468
   0.0698692    -0.440001    -0.895275
   -0.125699    -0.813874     0.567282
   -0.991602     0.120596   -0.0467024
   0.0304022     0.568389     0.822198
     0.12692     0.701832     0.700944
    0.991483    -0.110574   -0.0688135
  -0.0292106    -0.703708     0.709889
   0.0972274    -0.751699     0.652301
    0.995078    0.0607969   -0.0782582
   0.0191687     0.656698      0.75391
    0.092053    -0.824327      0.55858
    0.995593    0.0660981   -0.0665275
   0.0179193     0.562243     0.826778
   0.0999567    -0.645409     0.757268
    0.994723    0.0471156   -0.0911439
   0.0231459     0.762382     0.646713
    0.071656    -0.745705     0.662412
    0.995312    0.0102118   -0.0961715
   0.0649511     0.666198     0.742941
   0.0737783     -0.56916      0.81891
    0.994915   -0.0144526     -0.09968
   0.0685693       0.8221     0.565199
    0.050705    -0.532283     0.845047
    0.992811    -0.064997    -0.100512
    0.108426     0.844068      0.52516
  -0.0715002     -0.89422      0.44188
   -0.995556    0.0367625   -0.0866947
  -0.0612795     0.446115     0.892875
  -0.0548959    -0.831588     0.552674
   -0.993967  -0.00712651    -0.109452
  -0.0949572     0.555348     0.826179
   0.0582191     0.958478     0.279162
    0.994267    -0.030547    -0.102474
   0.0896911    -0.283527     0.954761
   0.0759441    -0.689219     0.720562
    0.994445 -0.000470444     -0.10526
   0.0728863     0.724553     0.685354
   0.0442778    -0.697745     0.714977
    0.992011    -0.053914    -0.114049
    0.118124     0.714315     0.689784
   0.0438469    -0.699694     0.713096
    0.992461   -0.0512655    -0.111326
    0.114452     0.712601     0.692171
  -0.0791106    -0.772309     0.630302
   -0.994102    0.0140723    -0.107529
   -0.074176     0.635091     0.768867
   -0.107269    -0.814025     0.570839
   -0.993722    0.0694272     -0.08773
  -0.0317827     0.576666     0.816362
    0.115581     0.653605    -0.747958
    0.992738   -0.0507238     0.109082
   0.0333572    -0.755134    -0.654722
   -0.138214    -0.883963     0.446661
   -0.990182     0.132846   -0.0434931
   0.0208907     0.448287     0.893646
   -0.135679    -0.863014     0.486618
   -0.990397     0.131315   -0.0432557
     0.02657     0.487814     0.872543
   -0.150404    -0.755966     0.637099
   -0.988241     0.132923   -0.0755769
   0.0275517     0.640974     0.767068
   0.0548277    -0.870563    -0.488992
    0.992177   -0.0075093     0.124616
    0.112158     0.491999    -0.863341
   0.0490304    -0.687034     0.724969
    0.990806   -0.0581769    -0.122142
    0.126092     0.724293     0.677865
  -0.0437048    -0.833781    -0.550363
   -0.986928     0.121571    -0.105802
   -0.155124    -0.538545     0.828194
  -0.0444103    -0.881907    -0.469327
   -0.987794     0.108972    -0.111298
   -0.149298    -0.458656     0.875982
   0.0366753    -0.418236     0.907598
    0.985396    -0.135983    -0.102482
     0.16628     0.898102     0.407141
  -0.0343245    -0.819734     0.571714
   -0.981134     0.136539     0.136867
   -0.190256    -0.556231    -0.808956
   0.0276082    -0.199376    -0.979534
    0.979468     0.201158   -0.0133377
      0.1997    -0.959054     0.200836
  -0.0196791    -0.584076      0.81146
   -0.973832     0.194994     0.116737
   -0.226413    -0.787929     -0.57263
  -0.0303652    -0.683389     0.729422
   -0.982483     0.154645     0.103985
   -0.183864    -0.713487    -0.676114
  -0.0185521    -0.673116     0.739305
   -0.974619     0.177171     0.136852
   -0.223101    -0.718001    -0.659318
  -0.0157176    -0.408934     0.912428
   -0.974534     0.210415    0.0775169
   -0.223688    -0.887974    -0.401828
   -0.021661    -0.804355    -0.593755
   -0.978895     0.137778    -0.150935
   -0.203211    -0.577954     0.790363
  -0.0121972    -0.676472     0.736367
   -0.973591     0.175933     0.145496
   -0.227975    -0.715145    -0.660753
 -0.00617701    -0.636468     0.771278
   -0.973532     0.180045     0.140778
   -0.228466    -0.749995    -0.620734
   -0.017089    -0.516793      0.85594
    -0.97882     0.183318    0.0911402
    -0.20401    -0.836253     -0.50898
   0.0322353      0.70443    -0.709041
    0.985015    0.0978664     0.142012
    0.169429    -0.702994     -0.69072
   0.0272409    -0.296974     0.954497
    0.984787    -0.155958   -0.0766287
    0.171618     0.942064     0.288208
   0.0400531    -0.885588     -0.46274
    0.990004   -0.0275049      0.13833
    0.135231     0.463656    -0.875635
  -0.0421365    -0.550235    -0.833946
   -0.989935   -0.0898791      0.10932
   -0.135106     0.830158     -0.54091
   0.0308025    -0.715194     0.698247
     0.98749   -0.0863065    -0.131963
    0.154643     0.693577     0.703588
   0.0150749    -0.891831    -0.452117
   -0.980275    0.0759326    -0.182468
   -0.197061    -0.445949     0.873096
  0.00311501    -0.961631    -0.274329
   -0.984949    0.0444587    -0.167029
   -0.172817    -0.270721     0.947019
 -0.00667437    -0.879817    -0.475266
   -0.981706    0.0962063    -0.164311
   -0.190287    -0.465475     0.864363
   -0.029781     -0.89001    -0.454967
   -0.987264    0.0973546    -0.125822
   -0.156276    -0.445426     0.881575
  -0.0199228    -0.975925    -0.217193
   -0.989502    0.0503475    -0.135464
   -0.143138    -0.212214     0.966683
   0.0241127    -0.816682    -0.576585
    0.984675    -0.080245     0.154839
    0.172722     0.571482    -0.802231
   -0.042309    -0.887511     0.458841
   -0.989926    0.0993466     0.100881
   -0.135117     -0.44995    -0.882773
   0.0461561    -0.613661     0.788219
    0.987866   -0.0890955    -0.127211
    0.148292     0.784527     0.602103
   0.0653931      0.95389     0.292945
    0.992173   -0.0308585    -0.120997
    0.106378    -0.298565     0.948442
  -0.0253218    -0.929454     0.368068
   -0.991925    0.0691312     0.106331
   -0.124274    -0.362403    -0.923699
  -0.0598758    -0.899811     0.432151
   -0.993151     0.097214    0.0648118
   -0.100329    -0.425311    -0.899469
  -0.0493175    -0.888599     0.456025
   -0.995612     0.080094    0.0483974
  -0.0795308    -0.451637     -0.88865
   0.0296555     -0.87053    -0.491222
    0.986574   -0.0534683     0.154315
    0.160601     0.489203    -0.857256
  -0.0588545    -0.555054     -0.82973
   -0.992304   -0.0581818     0.109307
   -0.108947     0.829777    -0.547358
    0.023918    -0.715229     0.698481
    0.984812    -0.103327    -0.139528
    0.171966      0.69121     0.701895
   -0.010035   -0.0159842     0.999822
   -0.978497    -0.205845   -0.0131118
   -0.206018     0.978454    0.0135748
  0.00853882     0.990796    -0.135093
    0.979933   -0.0351958    -0.196194
    0.199143     0.130707     0.971215
   0.0031737      -0.5912     0.806518
   -0.975436     0.175815     0.132716
    -0.22026    -0.787128     -0.57612
-0.000536246    -0.467659     0.883909
   -0.974123     0.200023     0.105237
   -0.226017     -0.86098    -0.455664
  0.00895861    -0.738849     0.673811
   -0.977365     0.135965     0.162083
    -0.21137    -0.660011    -0.720908
  -0.0703673    -0.885737     0.458824
   -0.995898    0.0886106     0.018323
   -0.056886    -0.455652    -0.888338
  -0.0797832    -0.885233     0.458254
   -0.994958    0.0987514    0.0175386
   -0.060779    -0.454544    -0.888648
   -0.104924    -0.875115     0.472404
   -0.994034     0.106514   -0.0234664
  -0.0297821    -0.472048     -0.88107
  -0.0962859    -0.909287     0.404878
   -0.994951    0.0994916   -0.0131729
   -0.028304    -0.404102    -0.914276
    -0.11918    -0.898313    -0.422883
   -0.992474     0.119852    0.0251081
  -0.0281286    -0.422693     0.905836
   -0.117497    -0.876546     0.466757
   -0.993065     0.101745    -0.058912
  0.00414874    -0.470442    -0.882421
    -0.13313    -0.889442     0.437229
   -0.991069     0.116083   -0.0656221
  0.00761222    -0.442061    -0.896953
  -0.0994264    -0.854805     0.509336
   -0.994962    0.0920159   -0.0397966
  -0.0128486    -0.510726    -0.859647
    0.154061     0.899333     0.409225
    0.987971    -0.145811   -0.0515001
  -0.0133538    -0.412237     0.910979
   -0.126894    -0.578493    -0.805757
   -0.991428    0.0484874     0.121323
  -0.0311154     0.814245    -0.579687
  -0.0909305    -0.509638    -0.855571
   -0.992935   -0.0193651     0.117065
  -0.0762289     0.860171    -0.504276
  -0.0971409    -0.994948   -0.0253349
   -0.993289    0.0985215   -0.0605805
  -0.0627705     -0.01928     0.997842
   -0.105498    -0.876988     0.468787
   -0.994294     0.100509   -0.0357318
  -0.0157811    -0.469882    -0.882588
  -0.0984456    -0.847168     0.522125
   -0.994242     0.106047   -0.0153977
  -0.0423251    -0.520635     -0.85273
   -0.105223    -0.789535    -0.604617
   -0.993384     0.111579    0.0271767
  -0.0460057    -0.603477     0.796052
  -0.0843144    -0.929348     0.359448
   -0.994702    0.0997901    0.0246822
  -0.0588077    -0.355463    -0.932839
  -0.0903706    -0.779141     0.620301
   -0.993507      0.11376  -0.00185187
  -0.0691225     -0.61644    -0.784362
  -0.0679036    -0.839038     0.539819
    -0.99449     0.100239    0.0307046
  -0.0798732    -0.534759    -0.841221
  -0.0557206    -0.927929      0.36857
   -0.995067    0.0819542    0.0558969
  -0.0820742    -0.363637    -0.927918
  -0.0867786    -0.357469    -0.929885
   -0.992065   -0.0542264     0.113427
   -0.090971     0.932349    -0.349927
  -0.0378324    -0.950335     0.308921
   -0.993694    0.0684317    0.0888228
   -0.105551    -0.303612    -0.946931
  -0.0161393    -0.957384     0.288366
   -0.991153    0.0533168     0.121541
   -0.131736    -0.283853    -0.949775
  -0.0192091    -0.934774     0.354722
   -0.992362    0.0610664     0.107185
   -0.121856    -0.349954    -0.928808
 -0.00180548    -0.971826    -0.235691
   -0.988282    0.0377073    -0.147908
   -0.152628    -0.232662     0.960507
  0.00531202    -0.890445     0.455061
   -0.990229    0.0587314     0.126482
   -0.139352    -0.451286    -0.881432
   0.0199468    -0.893932     0.447759
    -0.98706    0.0536633     0.151108
   -0.159108    -0.444979    -0.881293
   0.0177466    -0.951752    -0.306355
   -0.983105     0.039219    -0.178791
    -0.18218    -0.304352     0.934976
 -0.00330516    -0.899099     0.437732
   -0.991437    0.0600902     0.115939
   -0.130544    -0.433601    -0.891599
   0.0236608    -0.967799    -0.250608
   -0.988797    0.0143004    -0.148581
    -0.14738    -0.251316     0.956619
   0.0199006    -0.979609    -0.199926
   -0.990747   0.00752922    -0.135511
   -0.134253    -0.200773     0.970395
   0.0223257    -0.935011    -0.353916
    0.991556   -0.0245229     0.127337
     0.12774      0.35377    -0.926568
   0.0425327     0.998092   -0.0447557
    0.992234   -0.0474391    -0.114983
    0.116887    0.0395176     0.992359
   0.0626222    -0.741786     0.667707
    0.990581   -0.0354295    -0.132264
    0.121768       0.6697      0.73258
  -0.0728683    -0.997323   -0.0060177
   -0.991284    0.0730884     -0.10961
   -0.109757   0.00202188     0.993956
  -0.0464222    -0.885066     0.463144
   -0.993894    0.0873843    0.0673703
   -0.100099    -0.457189    -0.883719
   0.0316991    -0.685182     0.727682
    0.991259   -0.0717304    -0.110722
    0.128062     0.724831     0.676919
 -0.00381716    -0.965945    -0.258718
    0.991807   -0.0366921      0.12236
    0.127686     0.256131    -0.958172
   -0.439486     -0.82771    -0.348923
   -0.886111     0.335858     0.319384
    0.147169    -0.449549     0.881049
   -0.488685    -0.552294    -0.675395
   -0.864111     0.413235     0.287315
    0.120415     0.724022    -0.679185
   -0.463888    -0.403067    -0.788889
   -0.879985     0.312335     0.357874
    0.102151     0.860223    -0.499581
   -0.509494    -0.470706    -0.720314
   -0.855669       0.3655     0.366389
   0.0908133     0.803023    -0.588988
     -0.5325     -0.48471    -0.693903
   -0.839523     0.406963     0.359974
     0.10791     0.774234    -0.623633
   -0.485246    -0.389652    -0.782757
     -0.8711     0.292878     0.394218
    0.075644     0.873152    -0.481544
    -0.54093    -0.426536    -0.724888
   -0.836615     0.361447     0.411621
   0.0864371      0.82911    -0.552364
   -0.513854    -0.235834    -0.824825
   -0.854791     0.222237     0.468981
   0.0727052     0.946041    -0.315786
   -0.529049    -0.292828    -0.796467
   -0.844401     0.274816     0.459851
   0.0842243     0.915821    -0.392655
   -0.558161    -0.498342    -0.663409
   -0.822141     0.440074     0.361135
    0.111981     0.746988     -0.65534
   -0.545612    -0.331032    -0.769887
   -0.831616     0.327382     0.448593
    0.103548     0.885008    -0.453915
   -0.563185    -0.407914     -0.71863
   -0.817321      0.40306      0.41174
    0.121697     0.819237    -0.560394
   -0.484649     -0.35784    -0.798164
    -0.87249     0.262721     0.411994
   0.0622662     0.896063    -0.439539
   -0.504615    -0.326915    -0.799056
   -0.860433     0.266377     0.434394
   0.0708402     0.906736    -0.415707
   -0.478179    -0.372077    -0.795552
   -0.875709     0.271023     0.399601
   0.0669309     0.887753    -0.455429
   -0.455809    -0.364097    -0.812202
   -0.888365     0.242681     0.389762
   0.0551947     0.899188    -0.434067
   -0.451923    -0.305415    -0.838145
   -0.889843     0.220501     0.399448
   0.0628147     0.926337    -0.371421
   -0.409338    -0.277293    -0.869225
   -0.910698     0.182045     0.370794
   0.0554196     0.943381    -0.327048
    0.389529     0.173441    -0.904536
    0.918546    -0.145012     0.367756
  -0.0673843     -0.97411      -0.2158
   -0.435096    -0.346648    -0.830979
   -0.896401     0.253486     0.363607
    0.084598     0.903094    -0.421027
   -0.377756      0.40526    -0.832505
    -0.92123   -0.0742615     0.381865
   0.0929318      0.91118     0.401391
     0.35701    0.0614798    -0.932075
    0.931871    -0.092347     0.350841
  -0.0645047    -0.993827     -0.09026
    0.328607     -0.18625     -0.92592
    0.942227  -0.00283098     0.334964
  -0.0650081    -0.982498     0.174559
    0.294602    -0.182729    -0.937987
    0.953255   -0.0128184     0.301894
  -0.0671883     -0.98308     0.170411
   -0.413753    -0.738634    -0.532192
   -0.902056     0.253709     0.349179
    0.122894    -0.624541     0.771262
   -0.556031     -0.34316    -0.757014
   -0.818187     0.386284     0.425857
    0.146285     0.856169    -0.495555
   -0.537657    -0.389924    -0.747586
   -0.833731     0.378115     0.402395
    0.125771     0.839636    -0.528387
    0.502831   -0.0187078    -0.864182
    0.846707    -0.190501     0.496787
   -0.173922    -0.981509     -0.07995
    0.517261     0.161984    -0.840358
     0.83342    -0.318564     0.451585
   -0.194558    -0.933958    -0.299781
    0.484961    -0.158335    -0.860083
    0.861009   -0.0858645      0.50129
   -0.153222    -0.983645    0.0946866
     0.45599    0.0340283    -0.889334
    0.860174    -0.273313     0.430581
   -0.228414    -0.961323    -0.153898
    0.443235     0.111441    -0.889452
    0.874185    -0.273294     0.401386
   -0.198351    -0.955454    -0.218553
    0.393126   -0.0250709    -0.919143
    0.885969    -0.257102      0.38595
    -0.24599    -0.966059   -0.0788614
   -0.479009  -0.00154234    -0.877809
    -0.83853     0.296595     0.457054
    0.259649     0.955002    -0.143365
    0.420649     0.213947    -0.881635
     0.86264    -0.395221     0.315677
   -0.280903    -0.893323    -0.350809
    0.443413      0.19872    -0.874011
    0.839953    -0.432458     0.327808
   -0.312831    -0.879483    -0.358673
   -0.426886    -0.719745     0.547482
   -0.888264     0.447263    -0.104609
    0.169577     0.530964     0.830253
    0.377424      -0.2841    -0.881385
    0.900221     -0.11062     0.421147
   -0.217147    -0.952392     0.214002
   -0.367929    -0.739638     0.563529
   -0.912434      0.40394   -0.0655528
    0.179147     0.538301     0.823491
   -0.421001    -0.341784    -0.840203
   -0.894856     0.307936     0.323122
    0.148291     0.887896    -0.435489
    0.467062    0.0855569    -0.880076
    0.873611    -0.198403     0.444343
   -0.136593    -0.976379     -0.16741
   -0.460956    -0.339607     -0.81987
   -0.880852     0.287319     0.376229
    0.107794     0.895609    -0.431585
    0.502124     0.189557    -0.843765
    0.859576    -0.216432      0.46291
  -0.0948702    -0.957719    -0.271615
   -0.521802    -0.297419     -0.79954
   -0.845235     0.306962     0.437438
    0.115326     0.904056    -0.411562
   -0.479042    -0.252597    -0.840663
   -0.873963     0.226604     0.429929
   0.0818989     0.940662    -0.329313
   -0.380537    -0.727633     0.570738
    -0.92339     0.332625    -0.191604
   0.0504238     0.599926     0.798465
   -0.401563    -0.734638     0.546858
    -0.91347     0.364138    -0.181594
   0.0657254      0.57246     0.817294
   -0.403731    -0.669053     0.623994
   -0.911118     0.355804    -0.208008
   0.0828513     0.652512     0.753236
   -0.432112    -0.615527    -0.659094
   -0.899104     0.350727     0.261922
   0.0699423     0.705774    -0.704976
   -0.437753     -0.64113     0.630336
   -0.897182     0.357198    -0.259757
   0.0586169     0.679236     0.731575
   -0.434127    -0.310001    -0.845833
   -0.896973      0.23578     0.373961
   0.0835025     0.921036    -0.380421
   -0.440703    -0.546478     -0.71214
   -0.895165     0.326582     0.303356
   0.0667943     0.771172    -0.633113
   -0.452923    -0.560314    -0.693476
   -0.888824     0.344553     0.302117
   0.0696585     0.753214    -0.654077
   -0.439008     -0.39677     -0.80613
   -0.896306     0.255819     0.362205
   0.0625111      0.88155    -0.467934
    0.441019     0.579809    -0.685072
    0.895513    -0.335014     0.292954
  -0.0596518     -0.74269    -0.666974
     0.42459     0.465944     0.776286
    0.903016     -0.27993    -0.325885
  -0.0654619    -0.839366      0.53961
    0.420796     0.480148     0.769668
    0.904768    -0.283656    -0.317703
  -0.0657771    -0.830059     0.553783
   -0.462317    -0.382901    -0.799781
   -0.883565     0.274882     0.379147
   0.0746689     0.881945    -0.465401
    0.456937     0.434283    -0.776277
    0.887381    -0.282751     0.364152
  -0.0613479    -0.855248    -0.514574
    0.438929     0.245486    -0.864336
    0.892792    -0.227619     0.388732
   -0.101311    -0.942298    -0.319077
     -0.4101    -0.346519    -0.843648
   -0.904049     0.276635     0.325836
    0.120474     0.896324    -0.426718
    -0.40387     -0.72765      0.55445
   -0.909308     0.385715    -0.156149
    0.100239      0.56723     0.817437
   -0.364043    -0.809738     0.460215
   -0.925073      0.37177   -0.0776384
    0.108227     0.453996     0.884407
   -0.360902    -0.773684     0.520733
   -0.922181     0.379302   -0.0755791
    0.139041     0.507487     0.850368
   -0.373252    -0.537999    -0.755805
     -0.9245     0.283622     0.254673
   0.0773491     0.793798    -0.603242
    0.394739     0.473393     0.787452
     0.91517    -0.278621    -0.291263
  -0.0815191    -0.835625     0.543218
   -0.399604    -0.409427     0.820174
   -0.913224     0.255507    -0.317392
   0.0796108     0.875834     0.476001
   -0.334935    -0.426034    -0.840425
   -0.937095     0.243711     0.249917
   0.0983478     0.871263    -0.480861
    0.342069       0.5204    -0.782414
    0.934036    -0.279388     0.222531
   -0.102792    -0.806924    -0.581642
   -0.354903     -0.33184    -0.874029
   -0.930782     0.213097     0.297042
   0.0876822     0.918951      -0.3845
   -0.287199    -0.436609    -0.852578
   -0.950894     0.237191     0.198851
    0.115404     0.867821     -0.48329
   -0.304582    -0.369437    -0.877921
   -0.946467     0.220852     0.235426
    0.106915      0.90263    -0.416927
   -0.272048      0.55968    -0.782782
    -0.95636   -0.0671339     0.284373
    0.106607     0.825985      0.55352
    0.287508     0.615105    -0.734156
    0.949104    -0.285898     0.132149
   -0.128609    -0.734784    -0.665997
    0.245715    -0.100524    -0.964116
    0.960789    -0.106581      0.25598
   -0.128489    -0.989209    0.0703939
   -0.268498    -0.439302    -0.857276
   -0.953132     0.249997     0.170412
    0.139454     0.862853    -0.485836
    0.323748     0.112225    -0.939464
    0.941922    -0.131919     0.308837
  -0.0892735    -0.984887    -0.148416
   -0.269368     0.483379    -0.832938
   -0.958406   -0.0498372     0.281022
    0.094329     0.873991     0.476698
   -0.378705    -0.250196    -0.891058
   -0.922374     0.181316     0.341103
   0.0762204     0.951066     -0.29944
   -0.423533    -0.384131     0.820404
   -0.903908     0.238942    -0.354764
   0.0597527     0.891824     0.448419
    0.408263     0.431176     0.804617
    0.910025      -0.2617    -0.321508
  -0.0719412    -0.863481     0.499224
   -0.433716    -0.319928     -0.84234
   -0.837622     0.487695     0.246056
    0.332085     0.812281      -0.4795
   -0.406493    -0.269497    -0.873003
   -0.865178     0.420641     0.272998
    0.293649     0.866275    -0.404151
   -0.415249     -0.24547    -0.875964
   -0.859955     0.419998     0.289965
    0.296725     0.873697    -0.385497
   -0.436175    -0.282311    -0.854431
   -0.829897     0.493278     0.260668
    0.347882     0.822786    -0.449445
   -0.391936    -0.379402    -0.838117
   -0.883783     0.408339     0.228442
    0.255564     0.830249    -0.495352
   -0.431837    -0.298599    -0.851091
   -0.853832     0.439427     0.279059
    0.290666     0.847197    -0.444714
   -0.412271    -0.334268    -0.847524
   -0.879331     0.389365     0.274175
    0.238348     0.858289    -0.454456
   -0.444574     0.605567    -0.660032
   -0.871901    -0.123682     0.473805
    0.205287     0.786124      0.58298
   -0.447512    -0.512232    -0.733042
   -0.823692      0.55529     0.114829
    0.348231     0.655188     -0.67042
   -0.446548    -0.716373    -0.536102
   -0.850891     0.154686     0.502052
     0.27673    -0.680355      0.67863
    0.457341     0.857804     0.234548
    0.822767    -0.508237     0.254459
   -0.337482   -0.0766036      0.93821
     -0.3863    -0.329679    -0.861443
   -0.907046     0.305329     0.289899
     0.16745     0.893356    -0.416983
   -0.429803     0.378516    -0.819753
   -0.894357   -0.0537108     0.444117
    0.124076     0.924035     0.361614
   -0.409126     0.349263    -0.842989
   -0.910501    -0.095478     0.402333
   0.0600333     0.932148     0.357067
    0.368839   -0.0321895    -0.928936
    0.921802    -0.115634     0.370013
   -0.119327     -0.99277    -0.012978
    0.361887    -0.023038    -0.931937
    0.908153    -0.216985     0.358015
   -0.210465    -0.975903   -0.0576021
    0.343633     0.176069    -0.922451
    0.924531    -0.235803       0.2994
   -0.164802    -0.955718    -0.243811
    0.358151     0.177853    -0.916567
    0.907468    -0.297219     0.296922
   -0.219612    -0.938099    -0.267845
    -0.38079   -0.0197816     -0.92445
   -0.885134     0.296989      0.35824
    0.267465     0.954676      -0.1306
   -0.346835    -0.311094    -0.884831
    -0.92083     0.292242     0.258198
    0.178261     0.904331    -0.387825
    0.452325      0.87054    -0.193811
    0.827233    -0.328313     0.455956
   -0.333298     0.366567     0.868643
   -0.447912    -0.732258    -0.513003
    -0.85616     0.185961     0.482088
    0.257614    -0.655146     0.710224
   -0.439479     -0.78199    -0.441984
   -0.863277     0.231729     0.448391
    0.248217    -0.578613     0.776914
    0.426533     0.886484    -0.179487
    0.842499    -0.317215     0.435396
   -0.329036     0.336928     0.882165
   -0.435699     0.614675    -0.657527
   -0.883892     -0.15421     0.441536
    0.170003      0.77356     0.610495
   -0.408991    -0.752706    -0.515907
   -0.882843     0.183325     0.432413
    0.230901    -0.632318     0.739499
   -0.423297     0.577884    -0.697761
   -0.894221     -0.14275     0.424254
    0.145564     0.803538     0.577181
   -0.396422    -0.826145    -0.400418
   -0.907626     0.287074     0.306275
    0.138078    -0.484843     0.863633
    0.409936     0.897146    -0.164568
    0.853233    -0.313403      0.41686
   -0.322408     0.311301     0.893949
    0.382293     0.898156    -0.217183
    0.895115    -0.301604     0.328334
   -0.229392     0.319923     0.919254
    0.384401     0.871756    -0.303773
    0.870377    -0.232559     0.434004
     -0.3077     0.431229     0.848152
   -0.426102    -0.659097    -0.619701
   -0.902432     0.261451     0.342433
   0.0636751    -0.705149     0.706194
   -0.395778    -0.720783    -0.569062
   -0.917619     0.285728     0.276288
   0.0365469    -0.631531     0.774489
   -0.395132     0.435564    -0.808798
   -0.918322    -0.209877     0.335613
  -0.0235677     0.875349     0.482917
    -0.42388     0.622746    -0.657657
   -0.905673    -0.298683     0.300906
 -0.00904265     0.723171      0.69061
   -0.427987       0.5691    -0.702106
   -0.898023    -0.180193     0.401355
    0.101896     0.802282     0.588185
   -0.423792     0.575803    -0.699179
   -0.905759    -0.270358     0.326355
 -0.00111241     0.771594     0.636114
   -0.445037     0.495686    -0.745813
   -0.888444     -0.13996     0.437126
    0.112293      0.85715     0.502676
    -0.44045    -0.697342    -0.565436
   -0.875861     0.195454     0.441209
    0.197157    -0.689574     0.696862
   -0.412792     0.495634    -0.764166
   -0.910056    -0.189962     0.368392
   0.0374252     0.847503     0.529469
   -0.441708     -0.69104    -0.572152
   -0.883653     0.445346     0.144305
   -0.155085    -0.569325     0.807353
    -0.43919     0.504132    -0.743615
   -0.886447    -0.377713     0.267479
   -0.146028     0.776649     0.612774
   -0.420976    -0.752544    -0.506415
   -0.896318      0.43083     0.104874
   -0.139257    -0.498058     0.855889
   -0.422918     0.548171     -0.72156
   -0.896212    -0.370737     0.243635
   -0.133955     0.749708     0.648069
   -0.434554     0.539581    -0.721121
    -0.88854    -0.387679     0.245359
   -0.147172     0.747367     0.647907
   -0.418222    -0.663107     -0.62079
   -0.902956     0.377828     0.204734
  -0.0987912     -0.64617     0.756772
   -0.412904     0.548069    -0.727413
   -0.903477    -0.347378     0.251112
    -0.11506     0.760887     0.638602
   -0.406658     0.572328    -0.712088
   -0.910377    -0.319078     0.263444
  -0.0764354       0.7554      0.65079
   -0.391469     0.378231    -0.838864
     -0.9189    -0.208958     0.334603
    -0.04873     0.901819     0.429357
    -0.42306    -0.676692    -0.602584
   -0.896974     0.406924     0.172776
    -0.12829    -0.613597     0.779128
   -0.400488     0.319325     -0.85886
   -0.913026    -0.218255     0.344599
  -0.0774119     0.922169      0.37896
   -0.410766     0.607299    -0.680044
   -0.907067    -0.347627     0.237455
  -0.0921953     0.714384     0.693654
   -0.401274     0.488019    -0.775124
   -0.915221    -0.247574     0.317929
  -0.0367452     0.836986      0.54599
   -0.396654     0.375224    -0.837778
   -0.917968    -0.163182     0.361534
 -0.00105406     0.912457     0.409171
   -0.411349     0.608753    -0.678389
   -0.909297    -0.325528      0.25925
  -0.0630153       0.7235     0.687443
   -0.407234     0.613286    -0.676787
   -0.910371    -0.332105     0.246841
  -0.0733798      0.71665     0.693562
   -0.409463     0.435554    -0.801644
   -0.904356    -0.309672     0.293673
   -0.120336      0.84522     0.520695
    0.405429    -0.633469    -0.659048
    0.906443     0.371872     0.200181
    0.118273    -0.678549     0.724971
    -0.39378     0.529755    -0.751197
   -0.915004    -0.303944     0.265303
  -0.0877761      0.79182     0.604415
    0.422894    -0.607162    -0.672692
    0.894348     0.399212     0.201917
     0.14595    -0.687011     0.711839
     0.37693    -0.355313    -0.855381
     0.92523     0.187577     0.329794
   0.0432695    -0.915733      0.39945
   -0.357321     0.286593    -0.888924
   -0.933834    -0.126531     0.334579
  -0.0165884      0.94966     0.312842
    -0.35169    0.0182135    -0.935939
   -0.935863    0.0164124      0.35198
   0.0217718     0.999699    0.0112733
    0.370912     0.327593    -0.868969
    0.928656    -0.126162     0.348827
  0.00464267    -0.936358    -0.351016
    -0.34321   0.00704163    -0.939232
   -0.937812    0.0529141     0.343088
   0.0521145     0.998574   -0.0115569
   -0.355868    -0.371412    -0.857561
   -0.932988     0.194007     0.303143
   0.0537823     0.907972    -0.415564
   -0.344468    -0.348994    -0.871519
   -0.934555     0.215639     0.283031
   0.0891571     0.911977    -0.400435
   -0.371557    -0.634819    -0.677459
   -0.927982     0.276094     0.250241
   0.0281847     0.721649    -0.691685
   -0.340529    -0.643625     -0.68541
   -0.930282      0.33642     0.146277
    0.136438     0.687436    -0.713313
   -0.340006    -0.627508     -0.70045
   -0.935212     0.303919     0.181691
   0.0988679     0.716845    -0.690187
   -0.360514    -0.465031    -0.808564
   -0.931296     0.227909     0.284158
   0.0521365     0.855455    -0.515246
    0.362809    -0.339439    -0.867843
    0.931858     0.129106     0.339074
 -0.00305153    -0.931726      0.36315
    0.651169      0.05836    -0.756686
    0.575945    -0.687293     0.442624
   -0.494233    -0.724032    -0.481156
    0.662042    0.0941273    -0.743533
    0.579204    -0.693857     0.427885
    -0.47563    -0.713934    -0.513881
    -0.66312    -0.356275    -0.658286
   -0.618254     0.756458     0.213386
    0.421941     0.548488    -0.721891
   -0.666985    -0.271474    -0.693854
   -0.621821      0.71584     0.317665
    0.410451     0.643331    -0.646263
   -0.669881    -0.215842    -0.710402
   -0.579225     0.750516     0.318157
    0.464496      0.62461    -0.627778
   -0.663529    -0.267741    -0.698601
    -0.65852     0.652184     0.375509
    0.355077     0.709204    -0.609056
   -0.667273    -0.274419    -0.692417
   -0.620514     0.719013     0.313022
    0.411958     0.638525    -0.650059
   -0.665983    -0.276686    -0.692757
   -0.651425     0.668206     0.359369
