   0.0163204    -0.901113     0.433278
   -0.998832   -0.0344039   -0.0339283
   0.0454797    -0.432218    -0.900622
  -0.0223379    -0.885178     0.464716
   -0.998749   -0.0010469   -0.0500018
    0.044747    -0.465251    -0.884047
  -0.0711266    -0.863387     0.499503
   -0.996663    0.0414076   -0.0703468
   0.0400533     -0.50284    -0.863451
    -0.11426     -0.83845     0.532867
   -0.992387     0.071515    -0.100266
   0.0459603    -0.540267    -0.840238
   -0.148102    -0.943497     0.296445
   -0.987658     0.125655   -0.0935047
   0.0509716    -0.306634    -0.950462
     0.13987     0.987639   -0.0707551
    0.989773    -0.137434    0.0382205
  -0.0280238    0.0753774     0.996761
   -0.168431    -0.488421    -0.856199
   -0.985215     0.111046     0.130464
   0.0313561     0.865514    -0.499903
   -0.166853     -0.89377     0.416335
   -0.985146     0.133738    -0.107711
   0.0405887    -0.428122    -0.902809
    -0.16992    -0.852664    -0.494056
   -0.985304     0.138144      0.10046
   0.0174076    -0.503866     0.863607
   -0.166959    -0.873496     0.457306
   -0.985299      0.13078    -0.109923
   0.0362104    -0.468935     -0.88249
   -0.164532    -0.794091    -0.585106
   -0.986359     0.135447    0.0935395
  -0.0049718    -0.592515     0.805544
   -0.161274    -0.878318     0.450054
   -0.986567     0.131461   -0.0969742
   0.0260097    -0.459648     -0.88772
    0.161495     0.981542    -0.102439
    0.972079    -0.140309     0.188085
    -0.17024     0.129954     0.976796
    0.211888     0.976467   -0.0401875
    0.954819    -0.198072     0.221558
   -0.208384    0.0853173     0.974319
   -0.167444     -0.92052    -0.352994
   -0.968669    0.0869998     0.232617
    0.183418    -0.380885     0.906248
   -0.213723    -0.709673    -0.671332
   -0.953473   0.00196189     0.301471
    0.212628    -0.704528     0.677074
    0.246259     0.955465     0.162611
    0.941873    -0.275486      0.19231
   -0.228542    -0.105801     0.967768
   -0.183691     -0.87259    -0.452598
   -0.964795    0.0718786     0.252991
    0.188226    -0.483136     0.855073
    0.243594     0.900719    -0.359677
    0.943062     -0.13337     0.304706
   -0.226484     0.413423     0.881922
   -0.218898     -0.87724     -0.42724
   -0.953283    0.0988536     0.285445
    0.208169    -0.469764     0.857897
   -0.236864      0.53086    -0.813685
   -0.947562    0.0587011     0.314133
    0.214525     0.845424     0.489119
   -0.261654    -0.820363    -0.508471
   -0.935923    0.0869725     0.341296
    0.235764    -0.565191     0.790553
   -0.255704    -0.566554    -0.783347
   -0.939818     0.335621    0.0640432
    0.226623     0.752579    -0.618277
    0.264559      0.63819    -0.722995
    0.936663    -0.348464    0.0351531
   -0.229504    -0.686503    -0.689958
   -0.187732    -0.884409    -0.427291
   -0.964292     0.083214     0.251428
    0.186808    -0.459234     0.868451
   -0.211708    -0.832374    -0.512185
   -0.957262    0.0709423     0.280386
    0.197051    -0.549655     0.811819
    0.184623    -0.665571    -0.723139
    0.967534  -0.00613386     0.252665
   -0.172602     -0.74631      0.64283
   -0.138914    -0.871233    -0.470804
    -0.97763     0.044829       0.2055
    0.157933    -0.488819      0.85797
   -0.137584    -0.946739    -0.291128
   -0.976999    0.0813689     0.197111
    0.162924    -0.311551     0.936158
   0.0944646     0.974942    -0.201408
     0.98604   -0.0637642     0.153815
   -0.137118     0.213127     0.967355
   0.0913886     0.995302   -0.0319669
    0.986607   -0.0861414     0.138515
   -0.135111    0.0441975     0.989844
   -0.128166    -0.939718    -0.317024
   -0.978435    0.0675997     0.195182
    0.161986    -0.335203     0.928116
   0.0810057     0.990594     0.110282
    0.988586   -0.0939529     0.117771
   -0.127024   -0.0994836     0.986898
   0.0460938       0.9948    0.0908191
    0.992705    -0.055756     0.106899
   -0.111407   -0.0852292     0.990113
  -0.0335992    -0.999196    0.0218545
    -0.99445     0.035605    0.0990025
   0.0997011    0.0184068     0.994847
 -0.00826725    -0.997438   -0.0710542
    0.996698  -0.00247992   -0.0811547
  -0.0807706    0.0714906    -0.994166
    0.124697     0.991666   -0.0324045
    0.980981    -0.118326      0.15387
   -0.148753    0.0509754      0.98756
   -0.250171    -0.547841    -0.798301
   -0.945955     0.314036    0.0809336
    0.206356     0.775404    -0.596796
   -0.250275    -0.476911    -0.842566
   -0.945555     0.307421      0.10686
     0.20806     0.823437    -0.527885
    0.230344     0.281887    -0.931387
    0.956786    -0.240179     0.163935
   -0.177488    -0.928899    -0.325029
   -0.223821    -0.363049    -0.904488
   -0.959216     0.246451     0.138442
     0.17265     0.898586    -0.403404
   -0.233722    -0.378204    -0.895732
   -0.955849     0.258139     0.140415
    0.178118     0.889003    -0.421838
   -0.206989    -0.466997    -0.859691
   -0.967839     0.226165     0.110171
    0.142983     0.854847    -0.498791
    0.209545     0.146775     -0.96672
    0.967359    -0.175208     0.183081
   -0.142505    -0.973529    -0.178698
   -0.184956    -0.485868    -0.854239
   -0.977791     0.178167      0.11037
   0.0985721      0.85568     -0.50803
    0.190238     0.285046    -0.939446
    0.972749    -0.183925     0.141175
   -0.132547    -0.940702    -0.312267
   -0.172504    -0.573047    -0.801161
   -0.980493     0.177693    0.0840192
   0.0942139     0.800027    -0.592521
   -0.158628    -0.386694    -0.908463
   -0.983133     0.146695     0.109224
   0.0910309     0.910466    -0.403442
   -0.215893    -0.537826    -0.814944
    -0.96677     0.234778     0.101171
    0.136918     0.809705    -0.570641
   -0.194848    -0.660675     0.724944
   -0.976534     0.199804   -0.0803786
   0.0917425     0.723593     0.684102
   -0.203926    -0.411373    -0.888362
    -0.97522     0.164882     0.147513
   0.0857923      0.89643    -0.434803
   -0.218985    -0.806656     0.548956
   -0.967902     0.250703   -0.0177145
    0.123335     0.535214     0.835664
   -0.232074    -0.311333    -0.921528
   -0.957299     0.241015     0.159657
    0.172395      0.91923    -0.353972
    0.223422     0.212232    -0.951336
    0.962028    -0.205015     0.180197
   -0.156795    -0.955472    -0.249978
   -0.234683    -0.492385    -0.838142
   -0.952698     0.287789    0.0976908
    0.193107     0.821422    -0.536633
   -0.245585    -0.555761     -0.79424
    -0.94774     0.309793    0.0762741
     0.20366     0.771465    -0.602798
    0.214242     0.199634    -0.956162
    0.961063    -0.217981     0.169829
   -0.174522    -0.955317    -0.238562
   -0.183462    -0.916925     0.354387
    -0.98154     0.151048    -0.117317
    0.054041    -0.369369     -0.92771
   -0.183923     -0.90792     0.376635
   -0.980251     0.141092    -0.138571
    0.072671    -0.394683    -0.915939
   -0.194329    -0.845186    -0.497893
   -0.975567     0.113486     0.188122
    0.102494    -0.522285     0.846589
   -0.167589    -0.898792     0.405076
   -0.983385     0.123327    -0.133207
   0.0697683     -0.42067    -0.904527
   -0.168531    -0.918731    -0.357115
   -0.980355     0.118564     0.157628
    0.102477    -0.376664     0.920664
    -0.13696    -0.965573     0.221157
   -0.985527     0.110309    -0.128716
   0.0998893    -0.235585    -0.966707
   -0.129948    -0.915181     0.381521
   -0.989666    0.0961971    -0.106332
    0.060612    -0.391396    -0.918224
     -0.1866    -0.820773     0.539919
   -0.971527     0.235836    0.0227461
    0.146002     0.520301      0.84141
   -0.147305    -0.763171    -0.629183
   -0.978756    0.0207531     0.203975
     0.14261    -0.645863     0.750015
    0.210142     0.252261    -0.944566
    0.967981    -0.189371     0.164777
   -0.137307    -0.948948    -0.283979
   -0.216945    -0.435181    -0.873815
   -0.969957      0.19704     0.142684
    0.110083     0.878518    -0.464853
   -0.209703    -0.455055    -0.865419
   -0.974119     0.173601      0.14476
   0.0843634     0.873377    -0.479682
    0.208841     0.289452    -0.934132
    0.976495    -0.113805     0.183048
  -0.0533249    -0.950403    -0.306416
   -0.209175    -0.289344    -0.934091
   -0.975031     0.134558     0.176662
   0.0745728      0.94772    -0.310266
   -0.190769    -0.917495     0.349013
   -0.980839     0.163848    -0.105394
   0.0395136    -0.362432    -0.931172
  -0.0928913    -0.889939      0.44652
   -0.994314    0.0594644   -0.0883353
    0.052061    -0.452187    -0.890402
   -0.041054    -0.909678     0.413281
   -0.998146    0.0187416   -0.0579003
   0.0449251    -0.414892    -0.908761
  -0.0524244    -0.938102     0.342369
   -0.995475    0.0218848   -0.0924645
   0.0792484    -0.345668    -0.935005
   0.0124026    -0.880662     0.473584
    -0.99914    -0.029652   -0.0289737
   0.0395588    -0.472817    -0.880272
 -0.00307839     -0.72826     0.685294
   -0.997916   -0.0419289   -0.0490404
   0.0644478    -0.684017    -0.726613
    0.044142    -0.659007     0.750841
   -0.997493   -0.0706822   -0.0033944
    0.055308    -0.748808    -0.660475
   0.0524973    -0.903555     0.425244
   -0.997932   -0.0632861   -0.0112729
   0.0370977    -0.423773    -0.905008
  0.00417023    -0.994011    -0.109204
    0.996616    0.0130965   -0.0811504
  -0.0820945     0.108496    -0.990701
   0.0434213     0.996004    0.0780389
   -0.997537    0.0475298   -0.0515835
   0.0550866    0.0756069    -0.995615
   0.0511488     0.974444    -0.218732
    0.993143   -0.0265768     0.113841
   -0.105118     0.223055     0.969122
    0.115141     0.956645    -0.267532
     0.98564   -0.0765367      0.15052
   -0.123518     0.281021      0.95172
   -0.103008    -0.970614     0.217482
    -0.99011    0.0791186    -0.115854
   0.0952423    -0.227265    -0.969164
   -0.125239    -0.460192    -0.878941
   -0.991374     0.092558    0.0927983
    0.038648     0.882981    -0.467814
   -0.129766    -0.504819    -0.853416
   -0.990643     0.102702    0.0898805
   0.0422745     0.857094    -0.513423
   0.0922291     0.205612    -0.974278
    0.995684  -0.00890827    0.0923755
   0.0103144    -0.978593    -0.205547
   0.0870214     0.250095    -0.964303
    0.996145   -0.0110657    0.0870249
   0.0110938    -0.968158    -0.250094
    0.101597     0.165425    -0.980975
     0.99478  -0.00739783     0.101779
  0.00957971    -0.986195    -0.165313
   0.0646639     0.970602     0.231842
    0.995625   -0.0470484   -0.0807262
   0.0674453    -0.236047     0.969398
   0.0611417    -0.923386     0.378973
    0.994997     0.026332   -0.0963691
   0.0790067     0.382969     0.920376
   0.0454288     -0.55002     0.833915
    0.992333   -0.0712006     -0.10102
    0.114938     0.832111     0.542569
  -0.0638128     0.314047    -0.947261
   -0.996223   -0.0760588    0.0418953
  -0.0588904     0.946356     0.317714
   0.0443681     -0.75877     0.649845
    0.992732   -0.0393555    -0.113731
    0.111871     0.650168     0.751509
  -0.0500572     0.316924    -0.947129
   -0.993917    -0.108951    0.0160733
  -0.0980966     0.942172      0.32045
   0.0725473    -0.893961     0.442234
    0.994183    0.0294282    -0.103605
   0.0796046     0.447178     0.890896
  -0.0421839    -0.938212     0.343481
   -0.991184  -0.00391839    -0.132433
   -0.125596      0.34604     0.929775
  -0.0548466    -0.778686     0.625012
   -0.990741   -0.0354157    -0.131064
   -0.124193     0.626414     0.769533
   0.0997009     0.970966      0.21745
    0.992337   -0.0809982   -0.0933104
   0.0729881    -0.225087     0.971601
    0.121616      0.97539     0.183911
    0.992352    -0.115536   -0.0434641
   0.0211462     -0.18779     0.981982
   -0.139142    -0.885881     0.442554
   -0.990024     0.114441   -0.0821887
  -0.0221632     0.449575     0.892967
   -0.157679    -0.607018    -0.778888
   -0.986715     0.128103    0.0999156
   0.0391275     0.784295    -0.619153
    0.147972     0.244393     -0.95832
    0.987935   -0.0813067      0.13181
  -0.0457045    -0.966261    -0.253476
   -0.172761    -0.377004    -0.909957
   -0.984309    0.0997602     0.145545
   0.0359062     0.920823    -0.388323
   0.0476293    -0.226675     0.972805
    0.989524    -0.122172   -0.0769154
    0.136284     0.966278     0.218482
  -0.0329132    -0.605011     0.795536
   -0.986607     0.146898    0.0708987
   -0.159757    -0.782549    -0.601743
  -0.0350718     0.362554    -0.931303
   -0.982546    -0.182853   -0.0341826
   -0.182684     0.913849     0.362638
   0.0467667    -0.201049    -0.978464
    0.984153     0.176999      0.01067
    0.171042    -0.963458     0.206141
   0.0152937    -0.703798     0.710235
    0.981213    -0.126061    -0.146047
     0.19232     0.699126     0.688648
    0.039413     0.997941    0.0506093
    0.976926   -0.0278441    -0.211756
     0.20991   -0.0577875     0.976011
   0.0179154     0.996881    0.0768586
    0.974529 -0.000223415    -0.224261
    0.223544   -0.0789187     0.971494
   0.0319649     0.993774    -0.106734
    0.969542   -0.0567747    -0.238255
    0.242831    0.0958673      0.96532
   0.0570433    -0.260054    -0.963908
    0.978068     0.208278   0.00168947
    0.200322    -0.942864     0.266232
   0.0515978     0.983715    -0.172172
    0.971269   -0.0895368    -0.220497
    0.232321     0.155848     0.960072
  -0.0570558    -0.372333     0.926344
   -0.973355     0.227148    0.0313482
   -0.222089    -0.899873    -0.375373
 -0.00317035    -0.993354    -0.115052
    0.972607    -0.029805     0.230535
    0.232432     0.111169    -0.966238
  -0.0123701    -0.994906    -0.100048
   -0.968379    0.0368532    -0.246747
   -0.249177   -0.0938316     0.963902
  -0.0150598    -0.991873    -0.126335
    0.966362   -0.0468813     0.252877
    0.256745     0.118277    -0.959215
  -0.0207487    -0.959291    -0.281655
    0.970876   -0.0865877     0.223389
    0.238683     0.268817     -0.93315
 0.000618954    -0.494553     0.869147
    0.979973    -0.172771   -0.0990064
    0.199127     0.851802     0.484542
 -0.00686373    -0.701755     0.712385
    0.978402    -0.151898    -0.140204
    0.206599     0.696037     0.687641
  0.00920867     0.968176     0.250101
    0.985863    0.0330546    -0.164259
    0.167298    -0.248078     0.954185
     0.01879     0.999067    0.0388847
    0.986408   -0.0121741    -0.163866
    0.163239   -0.0414352     0.985716
  0.00832208    0.0701691      -0.9975
    0.985886     0.166227    0.0199184
     0.16721    -0.983588   -0.0677954
   0.0298945     -0.76817     0.639548
   -0.970616     0.130531     0.202152
   -0.238768    -0.626799    -0.741696
   0.0111893    -0.924171    -0.381814
    0.975341   -0.0740822     0.207897
    0.220418     0.374725    -0.900554
  -0.0088985    -0.902068    -0.431502
    0.973005    -0.107328     0.204308
    0.230612     0.418035    -0.878672
   0.0309023    -0.717628     0.695741
    0.979834    -0.115728    -0.162889
    0.197411     0.686744      0.69958
   0.0518409    -0.744758     0.665318
    0.980411   -0.0888069    -0.175803
    0.190016     0.661399     0.725565
   0.0101887    -0.792211     0.610162
    0.979278    -0.115521     -0.16634
    0.202263     0.599213     0.774618
   0.0649988     0.962808     0.262252
     0.98424   -0.0185442    -0.175861
    0.164457    -0.269549      0.94884
   0.0428724    -0.885751    -0.462177
    0.984022   -0.0425781      0.17288
    0.172807     0.462204    -0.869773
   0.0930111     0.952053     0.291453
    0.988631   -0.0535743    -0.140496
    0.118146    -0.301207     0.946211
   0.0791934     0.976762    -0.199161
     0.98295    -0.109773    -0.147513
    0.165948     0.184083     0.968801
    -0.11059     -0.87927     0.463307
   -0.985556    0.0368635    -0.165289
   -0.128255     0.474895     0.870647
   -0.116841    -0.938377     0.325263
   -0.986274     0.148106    0.0729929
   -0.116668     -0.31227    -0.942802
  -0.0128972    -0.973646      -0.2277
   -0.984108     0.052693    -0.169574
   -0.177104    -0.221894     0.958852
  -0.0764915    -0.338216    -0.937955
   -0.989404   -0.0906845     0.113387
   -0.123407     0.936689    -0.327696
 -0.00700971    -0.830111     0.557554
    0.978771     -0.11991    -0.166222
    0.204839     0.544552     0.813329
  -0.0297377    -0.978721    -0.203028
    0.970329   -0.0770264     0.229189
    0.239951     0.190189    -0.951973
   0.0272031     0.997325    0.0678378
   -0.970945    0.0102213     0.239082
    -0.23775    0.0723706    -0.968627
   0.0425089    -0.971497    -0.233208
   -0.965709    0.0198853    -0.258866
   -0.256125    -0.236215     0.937338
  -0.0335763     0.999419   0.00589005
    0.965449    0.0309101     0.258751
    0.258419    0.0143744    -0.965926
   0.0412627      -0.8844     0.464902
   -0.967457    0.0808957     0.239758
    -0.24965    -0.459666     -0.85228
   -0.146247    -0.916153     0.373197
   -0.986795     0.161656    0.0101438
  -0.0696228    -0.366785    -0.927697
   -0.155151     -0.81499    -0.558319
   -0.984847      0.17193    0.0227093
  -0.0774839    -0.553382     0.829316
   -0.172956     0.573493    -0.800745
   -0.984368    -0.128087     0.120882
  -0.0332405     0.809135     0.586682
   -0.161027    -0.850655     0.500455
   -0.986204       0.1584   -0.0480788
  -0.0383736    -0.501293    -0.864426
    0.169679     0.657663    -0.733954
    0.984801   -0.0851182       0.1514
   0.0370975    -0.748488     -0.66211
   -0.194353    -0.935422    -0.295319
   -0.980897     0.182806    0.0665057
  0.00822492    -0.302603     0.953081
    0.197164     0.199312    -0.959896
    0.980315   -0.0504878     0.190875
  -0.0104193    -0.978635    -0.205343
   -0.164076    -0.858484     0.485885
   -0.986349     0.149752   -0.0684874
  -0.0139667    -0.490489    -0.871335
   -0.187822    -0.504933    -0.842476
   -0.981933     0.116639     0.149006
   0.0230278     0.855242    -0.517717
   -0.150879    -0.788849     0.595779
   -0.988142     0.102992    -0.113875
    -0.02847     0.605895     0.795035
    0.111995        0.742     0.660979
    0.990526    -0.030163    -0.133972
   0.0794703    -0.669721     0.738348
    0.135906     0.644831    -0.752146
    0.987339   -0.0254673     0.156569
   0.0818056    -0.763901    -0.640127
   -0.163527    -0.797945     0.580123
   -0.986423     0.141275   -0.0837348
  -0.0151411    -0.585939    -0.810214
    -0.15815    -0.920788     0.356565
   -0.986283     0.164598   -0.0123976
  -0.0472743    -0.353635    -0.934188
   -0.155522    -0.795545     0.585594
     -0.9863     0.158059   -0.0472141
  -0.0549976    -0.584915    -0.809228
    -0.14152    -0.921366     0.362018
   -0.987319     0.157942    0.0160117
  -0.0719304    -0.355161    -0.932034
   -0.142512    -0.864131     0.482668
   -0.986659     0.162799  0.000142381
  -0.0787008    -0.476209    -0.875803
   -0.117361    -0.889542     0.441523
    -0.98803     0.149409    0.0383896
   -0.100117    -0.431732    -0.896428
   -0.115022    -0.933399     0.339905
    -0.98851     0.141332    0.0535998
  -0.0980696    -0.329835    -0.938931
   -0.119981    -0.906217     0.405432
   -0.987421     0.151289    0.0459496
   -0.102978    -0.394819     -0.91297
  -0.0827497    -0.897629     0.432914
   -0.985431     0.138471    0.0987525
   -0.148589    -0.418435     -0.89601
  -0.0564135    -0.930849     0.361024
   -0.982828     0.115405     0.143979
   -0.175686    -0.346702    -0.921375
  -0.0595614     -0.92681     0.370777
   -0.985192     0.114402     0.127704
   -0.160775     -0.35768      -0.9199
   -0.022919    -0.820309     0.571461
   -0.978124     0.136615     0.156877
   -0.206758    -0.555364    -0.805495
  -0.0272242    -0.951514     0.306398
   -0.982821    0.0814511     0.165619
   -0.182545    -0.296626    -0.937385
 0.000527693    -0.893717     -0.44863
   -0.979384    0.0901652     -0.18077
   -0.202008    -0.439477     0.875244
   0.0149266    -0.786873     0.616935
   -0.973802     0.128578     0.187556
   -0.226907    -0.603572    -0.764339
  -0.0204955    -0.901818     0.431629
   -0.986444    0.0885442     0.138158
   -0.162812    -0.422946    -0.891408
   0.0116826    -0.897757     0.440336
   -0.984396    0.0669983     0.162714
   -0.175579    -0.435365    -0.882966
  0.00185227    -0.991999    -0.126234
   -0.987046    0.0184374    -0.159372
   -0.160424    -0.124894     0.979115
  -0.0431609    -0.946791     0.318941
   -0.985963    0.0919044     0.139397
   -0.161291    -0.308448    -0.937467
  -0.0721122    -0.921486     0.381659
     -0.9868     0.121547     0.107015
   -0.145002    -0.368904    -0.918087
  -0.0896096    -0.907514     0.410353
   -0.984258    0.0176711    -0.175854
   -0.152339     0.419651     0.894811
    -0.10673    -0.853259     0.510448
    -0.98496      0.16089    0.0629957
   -0.135878    -0.496047    -0.857598
  -0.0924483    -0.965734      0.24251
   -0.986629     0.121678     0.108434
   -0.134226    -0.229242     -0.96407
   0.0565661    -0.688198     0.723314
    0.986141   -0.0746656    -0.148161
    0.155971      0.72167     0.674437
  -0.0081296    -0.920732     -0.39011
   -0.988888    0.0653147    -0.133547
   -0.148441    -0.384689     0.911032
   -0.463029     0.439214    -0.769867
   -0.877901    -0.107667      0.46658
     0.12204     0.891907      0.43544
   -0.519974    -0.615041     0.592749
    -0.84909     0.447829    -0.280172
   0.0931329     0.648979     0.755084
    0.496756     0.083312    -0.863882
    0.864915    -0.129871     0.484825
  -0.0718012    -0.988025    -0.136572
   -0.545864    -0.532532    -0.646871
   -0.835315     0.406168     0.370508
   0.0654309     0.742588    -0.666544
   -0.571349    -0.608674     0.550524
   -0.816594     0.488693    -0.307171
   0.0820701     0.625056     0.776254
    -0.52123    -0.762997     0.382303
   -0.851954     0.491424    -0.180769
   0.0499462     0.419927     0.906183
    0.563873     0.773413    -0.289621
    0.822735    -0.495578     0.278405
  -0.0717924     0.395267     0.915757
     0.53624     0.266653    -0.800839
     0.84197    -0.235809     0.485264
  -0.0594482      -0.9345    -0.350964
   -0.530519    -0.660287     0.531574
   -0.843055     0.476359    -0.249679
   0.0883603     0.580605     0.809376
   -0.576894     0.510039    -0.638008
   -0.812019    -0.273552     0.515553
   0.0884242     0.815494     0.571971
    0.544021    -0.074337    -0.835772
    0.832296   -0.0785222     0.548742
   -0.106419    -0.994137    0.0191527
     0.55138     0.739451     0.386254
    0.824075    -0.554865    -0.114129
   -0.129926    -0.381231     0.915305
    0.522541     0.851584   -0.0418949
     0.85139    -0.518528    0.0791442
  -0.0456742     0.077025     0.995982
    0.513324     0.183263    -0.838399
    0.855598    -0.185219     0.483369
  -0.0667035    -0.965458    -0.251877
   -0.495862    -0.383497    -0.779135
   -0.867003     0.269523     0.419122
   0.0492627     0.883339    -0.466139
    0.494572    -0.135097    -0.858573
    0.868466    0.0379982     0.494291
  -0.0341531    -0.990103      0.13612
   -0.479482    -0.306723    -0.822203
   -0.876801     0.206198     0.434399
    0.036296     0.929195    -0.367803
    0.451333     0.287776    -0.844679
    0.891655     -0.18294     0.414107
   -0.035355    -0.940063    -0.339164
   -0.426565     0.293587    -0.855482
   -0.903472   -0.0941879     0.418171
   0.0421935     0.951281     0.305425
     0.45796    -0.159225    -0.874597
    0.887308    0.0216969     0.460666
  -0.0543737    -0.987004     0.151218
   -0.385934   -0.0122595    -0.922445
   -0.919883    0.0807496     0.383789
    0.069782     0.996659   -0.0424413
    0.391246    -0.377994    -0.839076
    0.919635     0.126296     0.371914
  -0.0346094    -0.917153     0.397029
   -0.342708    -0.293953    -0.892268
   -0.938068      0.15843     0.308106
    0.050793     0.942598    -0.330043
   -0.314628    -0.405369    -0.858304
   -0.947298     0.191533     0.256791
   0.0602986     0.893863    -0.444266
    0.435642    0.0280429    -0.899683
    0.895114     -0.11877     0.429727
  -0.0948044    -0.992526   -0.0768426
   -0.519325     -0.56555    -0.640667
   -0.836418     0.490107     0.245358
    0.175233     0.663286    -0.727561
    0.510916   -0.0576656    -0.857695
    0.846292     -0.14134     0.513626
   -0.150846     -0.98828   -0.0234111
    0.464357     0.879623     0.103126
    0.862998    -0.475569     0.170495
   -0.199015  -0.00982712     0.979947
   -0.481636    -0.653301     0.584145
   -0.846002      0.52055    -0.115364
    0.228709     0.549751     0.803409
     0.44497     0.216243    -0.869046
    0.877992    -0.296531     0.375766
   -0.176442     -0.93022    -0.321807
    0.423447    -0.132989    -0.896106
    0.871695    -0.209513     0.443004
   -0.246661     -0.96872    0.0272085
    0.402414      0.19826    -0.893732
    0.888388    -0.320225     0.328971
   -0.220974    -0.926363    -0.304995
    0.366959    -0.167888    -0.914962
    0.893472    -0.210174     0.396905
   -0.258937    -0.963141    0.0728781
    0.448032      0.84887     0.280511
    0.849463    -0.502022     0.162436
    -0.27871    -0.165507     0.946006
    0.391265     0.166743    -0.905046
    0.870239     -0.38691     0.304934
   -0.299326    -0.906916     -0.29649
    0.419931    -0.274619     -0.86501
    0.847563    -0.222116     0.481977
   -0.324493    -0.935547     0.139483
   -0.388308     0.229376    -0.892526
   -0.902533      0.10098     0.418613
    0.186147     0.968086     0.167808
       0.344    -0.292567    -0.892227
    0.911533    -0.123972     0.392095
   -0.225325    -0.948175     0.224038
    0.332251     0.308619    -0.891271
      0.9242    -0.295198     0.242308
   -0.188321    -0.904219    -0.383305
   -0.380003     0.415486    -0.826419
   -0.911696   -0.0173369     0.410499
    0.156229     0.909434     0.385385
    0.422324   -0.0814024    -0.902783
    0.893987    -0.127149     0.429674
   -0.149765    -0.988538    0.0190746
    0.432809    -0.312968    -0.845416
    0.894143    0.0295812     0.446804
   -0.114827    -0.949303     0.292641
    -0.47179    -0.692926     0.545222
   -0.874546     0.446431    -0.189389
    0.112171     0.566174     0.816618
    0.491523     0.231108     -0.83964
    0.861351     -0.27114     0.429602
   -0.128375    -0.934383    -0.332336
    0.479923     -0.21358    -0.850916
    0.874221    0.0350908     0.484259
  -0.0735689    -0.976295     0.203557
    0.340048     0.484179    -0.806187
     0.93524    -0.263864     0.236011
  -0.0984521    -0.834234     -0.54255
   -0.369272     -0.49404    -0.787123
   -0.923627     0.288722     0.252095
    0.102714       0.8201    -0.562926
   -0.365303    -0.808968     -0.46057
   -0.924465     0.257246     0.281404
    0.109168    -0.528578     0.841836
    -0.41492    -0.693648    -0.588807
   -0.905719     0.253231     0.339921
   0.0866815    -0.674334     0.733321
    0.408793     0.299994    -0.861912
    0.908223    -0.226394      0.35196
  -0.0895456    -0.926687     -0.36501
    0.415901     0.850662     -0.32156
     0.90447    -0.350114     0.243628
   -0.094662     0.392166     0.915011
   -0.444483     -0.62511    -0.641617
   -0.893434     0.361249     0.266975
   0.0648949     0.691908    -0.719063
   -0.448957    -0.745237      0.49301
   -0.891029     0.414822    -0.184363
   0.0671179     0.522057     0.850265
    0.470918    0.0941767    -0.877136
    0.880828    -0.105154      0.46161
  -0.0487617    -0.989987    -0.132473
   -0.435356    -0.458509    -0.774748
   -0.897502     0.288337     0.333693
    0.070387     0.840614    -0.537042
   -0.463944    -0.525382    -0.713253
   -0.884553     0.318542      0.34073
   0.0481876      0.78899    -0.612514
   -0.453426     -0.39517    -0.798902
   -0.889589     0.256069     0.378234
   0.0551075     0.882196    -0.467647
    0.455268     0.219307    -0.862923
     0.88717    -0.193632      0.41885
  -0.0752326    -0.956248    -0.282717
    0.480191     0.231762    -0.845992
    0.875889    -0.178678     0.448211
   -0.047282    -0.956222    -0.288798
    0.423179     0.865514     0.267966
    0.900519      -0.4344   -0.0190388
   -0.099926    -0.249365      0.96324
    0.371753     0.923731    0.0923017
    0.918273      -0.3805     0.109517
   -0.136285   -0.0440449      0.98969
     0.36616     0.878782    -0.306056
    0.922045    -0.298258     0.246728
   -0.125537     0.372539     0.919486
   -0.324079    -0.874091     0.361854
   -0.935379     0.353298    0.0156911
    0.141557     0.333385     0.932103
     0.32395    -0.214021    -0.921548
    0.931436   -0.0985361      0.35031
    -0.16578    -0.971846     0.167426
   -0.331949    -0.762453     0.555406
    -0.93586     0.339984   -0.0926105
    0.118218     0.550524     0.826407
   -0.448712    -0.799037     0.400247
   -0.892086      0.42719    -0.147281
   0.0532983     0.423141     0.904495
   -0.445213    -0.612511    -0.653158
   -0.894216     0.342033     0.288777
   0.0465223     0.712631    -0.699994
   -0.404572    -0.401186     -0.82181
   -0.912403      0.23799      0.33299
   0.0619913      0.88454    -0.462327
   -0.401719    -0.489336    -0.774062
    -0.91299     0.279743     0.296975
   0.0712178     0.826011    -0.559137
    0.418681      0.20939    -0.883664
    0.906661    -0.151759     0.393617
  -0.0516845    -0.965984    -0.253385
   -0.346917    -0.227991    -0.909763
   -0.933908     0.173328     0.312687
   0.0863973     0.958111    -0.273053
   -0.339995    -0.520285    -0.783395
   -0.938396      0.24242     0.246265
   0.0617828     0.818863    -0.570655
    0.255651    0.0535407    -0.965285
    0.963378   -0.0976652     0.249729
  -0.0809041    -0.993778   -0.0765482
   -0.341513    -0.374671    -0.861969
   -0.933959     0.238041     0.266566
    0.105309     0.896079    -0.431221
   -0.257927    -0.336411    -0.905705
   -0.959593     0.198348       0.1996
    0.112497      0.92059    -0.373977
   -0.267186    -0.707313     0.654462
   -0.954086      0.28959   -0.0765329
    0.135393     0.644861     0.752212
   -0.358877    -0.785297     0.504496
   -0.932341     0.327159    -0.153974
   0.0441352      0.52562     0.849574
    0.283828     0.192302    -0.939394
    0.957111    -0.116213     0.265391
  -0.0581341     -0.97443    -0.217039
   -0.434988    -0.460388     -0.77384
   -0.899367     0.264012     0.348477
   0.0438679      0.84755      -0.5289
    0.472688    0.0457462    -0.880042
     0.88045   -0.0665115      0.46945
  -0.0370573    -0.996736   -0.0717165
   -0.458351    -0.579585    -0.673791
   -0.887702     0.335706     0.315096
    0.043571     0.742551    -0.668371
    0.414361     0.816824    -0.401376
    0.838023    -0.170409     0.518341
   -0.354995     0.551143     0.755129
    0.377666     0.191387    -0.905947
    0.866876    -0.416934     0.273298
   -0.325414    -0.888559     -0.32337
   -0.381975     0.569097    -0.728165
   -0.858503    0.0732012     0.507557
    0.342152     0.819006      0.46061
    0.415328     0.895112     0.162101
    0.827615    -0.445777     0.341079
   -0.377565   0.00750205     0.925952
    0.352291     0.153757    -0.923174
     0.88839    -0.365204     0.278191
   -0.294373    -0.918142    -0.265254
   -0.399517     -0.72079    -0.566435
   -0.849924    0.0596886     0.523513
    0.343533    -0.690579     0.636463
    0.367669     0.907519    -0.203047
    0.884452    -0.273778     0.377876
    -0.28734     0.318519     0.903317
   -0.407213    -0.768764    -0.493133
   -0.879755       0.1851     0.437914
    0.245374    -0.612161     0.751699
   -0.429251    -0.804024    -0.411448
   -0.814861     0.148274     0.560372
    0.389545    -0.575813     0.718814
    0.435553     0.146085     -0.88823
    0.842529    -0.413562     0.345126
    -0.31692     -0.89868    -0.303209
    0.463372     0.170391    -0.869628
    0.806546    -0.487632     0.334215
   -0.367111     -0.85626    -0.363383
    0.348342     0.930793    -0.110823
    0.915116     -0.31208     0.255283
    -0.20303     0.190342     0.960494
     0.38963     0.918899   -0.0617553
    0.904902    -0.369498     0.211244
   -0.171293     0.138189     0.975481
     0.36998     0.928323    0.0364807
    0.923724    -0.371774    0.0922912
  -0.0992387  0.000447758     0.995064
   -0.336217    -0.853164    -0.398835
   -0.928797     0.230292     0.290348
    0.155866    -0.468056     0.869844
   -0.323301    -0.831419    -0.451906
   -0.916066     0.155235     0.369765
    0.237278    -0.533521     0.811822
   -0.306279    -0.395404    -0.865938
   -0.931557     0.311736     0.187143
    0.195947     0.863989     -0.46382
    0.322641     0.207692    -0.923454
    0.915035    -0.317989     0.248181
   -0.242103    -0.925066    -0.292642
    0.351249     0.190102     -0.91678
     0.89178    -0.366216     0.265733
   -0.285223    -0.910904    -0.298162
    -0.30638    -0.653175     0.692455
   -0.930512     0.358872   -0.0731951
    0.200693     0.666763     0.717739
   -0.487746    -0.192229    -0.851559
   -0.795736     0.499077     0.343112
    0.359037     0.844968    -0.396387
   -0.470049    -0.302574    -0.829158
    -0.83798     0.448015     0.311562
    0.277205     0.841268    -0.464141
    0.493855     0.291299      -0.8193
     0.83771    -0.411999     0.358467
    -0.23313    -0.863366    -0.447492
    0.492025     0.161153    -0.855535
     0.80198    -0.466265     0.373396
   -0.338732    -0.869843    -0.358656
   -0.493121    -0.229665    -0.839098
   -0.859081     0.280617     0.428058
    0.137156     0.931938    -0.335679
    0.486061     0.865955     0.117761
    0.846455    -0.500008     0.183046
   -0.217391   -0.0107081     0.976026
    0.478957    -0.419972    -0.770859
    0.870536     0.114209     0.478668
   -0.112988    -0.900322     0.420303
   -0.479389    -0.790683    -0.380798
   -0.869805     0.370357     0.325999
    0.116731      -0.4875     0.865285
    0.483277     0.866662    -0.123856
    0.818509    -0.397093     0.415163
   -0.310624     0.302015     0.901277
   -0.472153    -0.803509    -0.362555
   -0.855244     0.317879     0.409281
    0.213612    -0.503316     0.837283
    0.460082      0.88465   -0.0756206
    0.832256    -0.400023     0.383838
   -0.309312     0.239533     0.920299
   -0.489028    -0.692998    -0.529722
   -0.871862     0.369812     0.321084
   0.0266127    -0.618864     0.785047
   -0.474018    -0.767301    -0.431922
   -0.880495     0.409742     0.238412
  0.00595729    -0.493316      0.86983
   -0.455907    -0.646321    -0.611898
   -0.887415     0.382739     0.256917
  -0.0681463    -0.660137     0.748048
     0.46685      0.84556    -0.258997
    0.881583    -0.468083    0.0609089
   0.0697301     0.256763     0.963956
   -0.476063    -0.392353    -0.787034
   -0.878469     0.253585     0.404953
   0.0406959     0.884168    -0.465393
    0.468959     0.399686    -0.787609
    0.883145    -0.200568     0.424061
   0.0115223    -0.894441    -0.447038
    0.436049     0.865835     0.245337
    0.893587    -0.448871  -0.00407408
   -0.106597    -0.221007     0.969429
   -0.446055     -0.32546    -0.833733
   -0.872293     0.366612     0.323573
    0.200347     0.871591    -0.447426
    0.416669     0.880061    -0.227769
    0.908516    -0.394487     0.137762
  -0.0313872     0.264333     0.963921
    0.456639    -0.598461    -0.658275
    0.859054     0.488999     0.151351
    0.231318    -0.634606     0.737405
   -0.459893     0.533825    -0.709598
   -0.857278    -0.475216     0.198104
   -0.231459     0.699429     0.676185
   -0.446081     0.612042    -0.653005
   -0.866091    -0.479121     0.142579
   -0.225604     0.629164     0.743811
   -0.449717     -0.65755    -0.604469
   -0.868184     0.480777     0.122921
   -0.209788     -0.58007     0.787088
   -0.476253    -0.737662    -0.478579
   -0.848809     0.527779    0.0311873
   -0.229578    -0.421075      0.87749
   -0.445984     0.385547    -0.807745
   -0.877884    -0.364282     0.310833
   -0.174406     0.847733      0.50093
     0.43599     0.861411    -0.260544
    0.886441     -0.46103   -0.0409013
    0.155351     0.213124     0.964595
   -0.423288    -0.808538     -0.40877
   -0.899676     0.428318    0.0844266
   -0.106821    -0.403497     0.908724
    0.388525      0.88283     -0.26393
    0.920499    -0.384793    0.0679357
   0.0415827     0.269342     0.962146
    0.458625    -0.256967    -0.850665
     0.86932     0.328218     0.369535
    0.184245    -0.908978     0.373915
     0.40097     0.901824     -0.16105
     0.91132    -0.410588   -0.0302202
   0.0933784      0.13465     0.986484
    0.430772     0.901804   -0.0344293
    0.893541    -0.431554    -0.123874
    0.126568   -0.0225975       0.9917
   -0.420257    -0.793013    -0.441038
   -0.906484     0.388803     0.164679
   -0.040885    -0.469001     0.882251
    0.376438     0.908517     -0.18136
    0.925874    -0.362072     0.107992
  -0.0324476     0.208569     0.977469
   -0.446017     0.569761    -0.690248
   -0.888558    -0.374414     0.265101
   -0.107395     0.731565      0.67326
   -0.451525     0.478528    -0.753084
   -0.881385    -0.370571      0.29298
   -0.138872     0.796045      0.58909
   -0.442332    -0.697058    -0.564316
   -0.875322      0.47258     0.102366
   -0.195329    -0.539238     0.819188
   -0.435761     0.477738     -0.76281
   -0.878175    -0.411434     0.243989
   -0.197283     0.776202     0.598824
   -0.447316    -0.641262    -0.623451
   -0.882777     0.428466     0.192672
   -0.143574    -0.636553     0.757751
   -0.435608     0.487845    -0.756474
    -0.87073    -0.441429     0.216726
   -0.228201     0.753092     0.617072
    0.381135    -0.238711     -0.89317
    0.923737     0.138061      0.35728
   0.0380257    -0.961226     0.273126
   -0.357324    -0.749102     0.557823
   -0.933874     0.277544    -0.225496
  -0.0140991     0.601511      0.79874
   -0.325968     -0.52328    -0.787352
   -0.943551     0.231872     0.236531
   0.0587923     0.820008    -0.569324
   -0.350501    -0.648765     0.675466
   -0.936178     0.263369    -0.232827
    0.026847     0.713962      0.69967
    0.310062     0.259063    -0.914739
    0.945602    -0.183697     0.268499
  -0.0984768    -0.948231    -0.301928
   -0.315822    -0.495352    -0.809248
   -0.943744     0.252096     0.213999
   0.0980034     0.831308    -0.547103
   -0.304408     -0.65979     0.687032
   -0.943439     0.308313    -0.121929
    0.131373     0.685288     0.716325
    -0.33171    -0.501013    -0.799346
   -0.940199     0.245108     0.236533
   0.0774202     0.830005    -0.552357
    0.302267     0.224166     -0.92649
    0.938853    -0.238148      0.24868
   -0.164896    -0.945005    -0.282443
    -0.30546    -0.397734     -0.86516
   -0.940531     0.267865     0.208927
    0.148649     0.877529    -0.455903
    0.331948     0.937357     0.105696
    0.937908    -0.339934    0.0690929
   -0.100694   -0.0761974     0.991995
    0.338117    -0.178445    -0.924031
    0.940523     0.029565     0.338442
  -0.0330744    -0.983506     0.177828
    0.677602   -0.0748512     -0.73161
    0.559554    -0.593081     0.578925
   -0.477237    -0.801656    -0.359989
   -0.685967    -0.258918    -0.680008
   -0.558742     0.786089      0.26433
    0.466107     0.561271      -0.6839
   -0.681199    -0.378388     -0.62673
   -0.616054     0.758784      0.21148
    0.395531     0.530159    -0.749991
    0.685269     0.151732    -0.712309
    0.623274    -0.628131     0.465812
   -0.376744     -0.76317    -0.525009
    0.696076     0.704828     0.136732
    0.570938     -0.65887     0.489817
   -0.435325     0.262884     0.861037
     -0.6744    -0.582296     0.454001
   -0.665563     0.745642   -0.0323163
    0.319704      0.32396     0.890415
   -0.680489    -0.501703    -0.534069
     -0.6275     0.775357    0.0711656
     0.37839     0.383555    -0.842441
   -0.670949    -0.342269    -0.657784
   -0.666624     0.666898     0.332954
