   -0.122366    -0.843251     0.523406
   -0.967678   -0.0158034    -0.251692
    0.220511    -0.537288    -0.814062
   -0.115733    -0.830981     0.544129
   -0.974856  -0.00999466     -0.22261
    0.190423     -0.55621    -0.808931
   -0.108394    -0.925974     0.361694
   -0.979633    0.0376317     -0.19724
    0.169028    -0.375707    -0.911194
  -0.0948004      -0.8937     0.438536
   -0.983942    0.0171956     -0.17766
    0.151234    -0.448336    -0.880978
  -0.0897746    -0.899071     0.428499
   -0.987757    0.0252605    -0.153943
    0.127582    -0.437073    -0.890331
   -0.101639    -0.899092    -0.425797
   -0.987579     0.039636     0.152044
    0.119824    -0.435961     0.891953
  -0.0879928    -0.883879     0.459364
   -0.991791    0.0347843    -0.123051
   0.0927837    -0.466421    -0.879683
  -0.0819825    -0.914745     0.395626
   -0.990845    0.0320881    -0.131133
    0.107258    -0.402755    -0.909002
  -0.0772142    -0.937497     -0.33932
    -0.99392    0.0455869     0.100221
   0.0784887    -0.344995     0.935317
  -0.0618991    -0.906105       0.4185
   -0.994749    0.0217689   -0.0999981
   0.0814985    -0.422492    -0.902695
  -0.0484715    -0.824851     0.563269
   -0.997656    0.0127059   -0.0672457
   0.0483108    -0.565208    -0.823533
  -0.0415068    -0.912512     0.406938
    -0.99711    0.0118907   -0.0750394
   0.0636356    -0.408876    -0.910368
    0.140978     0.980894    -0.134063
    0.957632    -0.100761     0.269794
   -0.251131     0.166418      0.95354
    0.135657     0.955969    -0.260232
    0.962231   -0.0645528     0.264469
   -0.236025     0.286281      0.92862
   -0.135802    -0.722941    -0.677432
   -0.963816   -0.0619084     0.259279
    0.229382     -0.68813     0.688375
    0.127943     0.949964    -0.284956
    0.968459   -0.0577248     0.242393
   -0.213815      0.30698     0.927387
    0.127559     0.959195    -0.252338
    0.967471   -0.0642925     0.244676
   -0.218469      0.27534     0.936194
   -0.129578    -0.936758    -0.325106
    -0.96949    0.0508841     0.239793
    0.208086    -0.346258     0.914771
    0.119788     0.955741     -0.26872
    0.973577   -0.0600783     0.220315
    -0.19442     0.288011     0.937684
   -0.121936    -0.936311    -0.329324
   -0.974346    0.0496845     0.219503
    0.189161    -0.347641     0.918349
   -0.114181    -0.874884    -0.470682
   -0.978676    0.0176269      0.20465
    0.170748    -0.484012     0.858241
    0.118872     0.967573    -0.222874
    0.972863    -0.068623     0.220971
   -0.198511     0.243093     0.949473
   -0.110587    -0.857226    -0.502925
   -0.978307   0.00470038     0.207106
    0.175172    -0.514919      0.83915
   -0.108877    -0.891604    -0.439532
    -0.97791    0.0167017      0.20836
    0.178433    -0.452508     0.873726
   -0.123538    -0.941734     -0.31285
   -0.975665    0.0577162     0.211535
    0.181153     -0.33137     0.925947
    -0.11718    -0.830519    -0.544525
   -0.979289   0.00547076     0.202396
    0.165115    -0.556964     0.813959
   -0.117939     -0.91443      0.38718
    -0.98086    0.0464408    -0.189097
    0.154935    -0.402071    -0.902404
   -0.128505    -0.935155     0.330109
   -0.976419    0.0610819    -0.207064
    0.173473    -0.348933    -0.920952
    0.133517     0.739448     -0.65984
    0.970371    0.0377478     0.238654
    -0.20138     0.672154     0.712499
   -0.132782    -0.920507     0.367473
   -0.972384    0.0491875    -0.228145
    0.191934    -0.387618    -0.901617
   -0.139106    -0.857246    -0.495762
   -0.966659   0.00885895     0.255916
    0.214991    -0.514832     0.829896
   -0.137161    -0.718746    -0.681609
   -0.965079   -0.0580718      0.25544
    0.223179    -0.692843     0.685682
    0.141802     0.983141    -0.115439
    0.960507    -0.108448     0.256253
   -0.239414     0.147217     0.959692
   -0.140249    -0.899193     0.414465
   -0.967189    0.0348592    -0.251655
    0.211839     -0.43616    -0.874579
   -0.144126    -0.898158     -0.41538
   -0.961688    0.0282069      0.27269
    0.233202    -0.438767     0.867813
   -0.146514    -0.867636     0.475123
   -0.962241    0.0136177    -0.271859
    0.229404    -0.497014     -0.83687
    0.140497     0.983606    -0.113046
    0.959129    -0.106888     0.262003
   -0.245625     0.145237     0.958423
  -0.0988166    -0.781707    -0.615767
    -0.98188    -0.023956     0.187981
    0.161698    -0.623185     0.765176
     0.10161     0.744858     -0.65944
    0.982782     0.027671     0.182687
   -0.154324     0.666649     0.729221
  -0.0913913    -0.934486    -0.344069
   -0.986678    0.0382771      0.15812
    0.134591    -0.353936     0.925535
   0.0866484     0.982382    -0.165583
    0.986439   -0.0613469     0.152234
   -0.139394     0.176528     0.974375
  -0.0953889    -0.928139    -0.359805
   -0.986598    0.0400792     0.158173
    0.132386    -0.370071     0.919523
  -0.0784439     -0.92217    -0.378746
   -0.991111    0.0311922     0.129327
    0.107448    -0.385524      0.91642
   0.0849639     0.986998    -0.136441
    0.990688   -0.0690608     0.117338
    -0.10639      0.14514     0.983675
   0.0651163     0.953226     0.295161
    0.995252   -0.0834832    0.0500447
  -0.0723448    -0.290501     0.954136
  -0.0708726    -0.790964    -0.607744
   -0.991934  -0.00830648     0.126486
    0.105094    -0.611806     0.783995
    0.059179     0.957687     0.281662
    0.995486   -0.0775882    0.0546518
   -0.074193    -0.277157     0.957956
  -0.0535447    -0.900125     0.432329
   -0.995668    0.0810854    0.0455075
    0.076018      0.42802     0.900567
   0.0924597     0.962767     0.254031
    0.991077    -0.113582    0.0697495
  -0.0960059    -0.245315     0.964678
  -0.0754686    -0.894028     0.441609
   -0.994738    0.0982718    0.0289538
   0.0692833     0.437101      0.89674
   0.0834141     0.980419    -0.178381
    0.994219   -0.0697345    0.0816391
  -0.0676012      0.18416     0.980569
   0.0956197     0.974118    -0.204818
    0.990742   -0.0732143     0.114321
  -0.0963667     0.213853     0.972101
    -0.10405    -0.884357     0.455067
   -0.987096     0.147819    0.0615677
    0.121715     0.442788     0.888326
   -0.103078     -0.93675    -0.334476
   -0.987734    0.0567457     0.145472
    0.117291    -0.345368     0.931109
   -0.107807    -0.830218    -0.546915
   -0.983873    0.0101158     0.178584
    0.142731    -0.557347      0.81792
   -0.104122    -0.877412    -0.468302
   -0.983517    0.0208512     0.179608
    0.147826    -0.479284     0.865121
   -0.110152    -0.915864     0.386083
   -0.984456    0.0470748    -0.169202
    0.136791     -0.39872    -0.906813
  -0.0633318    -0.900244     0.430755
   -0.994361    0.0201308    -0.104124
   0.0850655    -0.434921    -0.896442
  -0.0799451    -0.898611     0.431402
   -0.991368    0.0265617    -0.128387
    0.103911    -0.437942    -0.892978
  -0.0902323    -0.907609     0.410004
   -0.989759     0.035997    -0.138138
    0.110616    -0.418269    -0.901562
   -0.095041    -0.904495      0.41576
   -0.987101    0.0315771    -0.156951
    0.128833    -0.425314    -0.895829
   -0.102881    -0.909132     0.403601
   -0.985368    0.0377181    -0.166216
    0.135889    -0.414796     -0.89971
   -0.109476    -0.882586     0.457228
   -0.981605    0.0236087    -0.189457
    0.156418    -0.469558    -0.868935
   -0.102863    -0.897299      0.42927
   -0.982767    0.0250435    -0.183146
    0.153586    -0.440712    -0.884412
   -0.106234     -0.92795     0.357245
   -0.985861    0.0514724    -0.159465
    0.129587    -0.369134    -0.920297
   -0.113184    -0.927251     0.356925
   -0.982408    0.0507353    -0.179724
    0.148541    -0.370987    -0.916681
  -0.0963305    -0.884908     0.455696
   -0.989716    0.0365178    -0.138305
    0.105746    -0.464332    -0.879325
   -0.084458    -0.910156     0.405564
   -0.993133    0.0438233    -0.108471
   0.0809525     -0.41194    -0.907608
  -0.0762925    -0.915697      0.39456
   -0.993299    0.0353442    -0.110038
   0.0868162    -0.400311    -0.912257
  -0.0563013    -0.914815      0.39993
    -0.99675    0.0283866   -0.0753876
    0.057613    -0.402875     -0.91344
   -0.077163    -0.980307    -0.181783
   -0.994944    0.0639566     0.077432
   0.0642809    -0.186838     0.980285
  -0.0495225    -0.927556     0.370387
   -0.996642    0.0216816   -0.0789588
   0.0652081    -0.373053    -0.925516
   -0.114447    -0.875489      0.46949
   -0.978198     0.016874    -0.206988
    0.173293    -0.482943    -0.858333
   -0.126549    -0.867715     0.480684
   -0.972247    0.0123726    -0.233628
    0.196775    -0.496909    -0.845199
    -0.12973    -0.858361     0.496373
    -0.97342    0.0149601    -0.228539
    0.188743    -0.512827    -0.837487
   -0.130317    -0.867096     0.480792
   -0.966911   0.00387869    -0.255083
    0.219316    -0.498125    -0.838911
   -0.136085    -0.865173     0.482656
   -0.967586    0.0114518    -0.252283
    0.212741    -0.501343    -0.838687
   -0.140318    -0.866945     0.478244
   -0.961627   0.00431213    -0.274328
    0.235765    -0.498385    -0.834282
   -0.135676    -0.866021     0.481249
    -0.95953  -0.00612591    -0.281539
    0.246766    -0.499971    -0.830142
   -0.141616    -0.865164     0.481078
   -0.967686    0.0185649    -0.251472
    0.208633    -0.501145    -0.839837
   -0.144195    -0.855512       0.4973
   -0.963103   0.00592293    -0.269067
    0.227245    -0.517749      -0.8248
   -0.134199    -0.845042     0.517585
   -0.972813    0.0128601    -0.231233
    0.188746    -0.534545    -0.823794
    -0.12897    -0.862831     0.488764
   -0.976132    0.0236125    -0.215889
    0.174735    -0.504941    -0.845282
   -0.122382    -0.871547     0.474792
   -0.977623    0.0233865    -0.209061
    0.171103    -0.489753    -0.854907
   0.0364755    -0.758153     0.651056
    0.998057    0.0605697    0.0146169
  -0.0505161     0.649258     0.758889
   0.0418455    -0.838473    -0.543334
    0.998048    0.0603081   -0.0162016
   -0.046352     0.541596     -0.83936
   0.0207406     -0.49513     0.868571
    0.999612    0.0264066   -0.0088166
  -0.0185707     0.868417     0.495486
   0.0155266    -0.764468     0.644474
    0.999694    0.0242801   0.00471633
  -0.0192534     0.644204     0.764611
  -0.0269546    -0.580558    -0.813773
   -0.999513    0.0284511    0.0128095
   0.0157161     0.813722    -0.581042
  -0.0036033    -0.626945     0.779055
    0.999855   -0.0152016  -0.00760892
   0.0166132     0.778915      0.62691
   0.0049125    -0.519039     0.854736
    0.999877   -0.0101543   -0.0119129
   0.0148625      0.85469     0.518925
  -0.0135962    -0.298858     0.954201
    0.999031   -0.0440181   0.00044842
   0.0418681     0.953282     0.299167
 -0.00619354     -0.64756      0.76199
    0.999916   -0.0126985  -0.00266413
   0.0114013     0.761909     0.647584
  -0.0224759     -0.29641     0.954796
    0.998692   -0.0505337   0.00782136
    0.045931     0.953723     0.297158
  -0.0273016    -0.369508     0.928827
    0.998616   -0.0518651   0.00871992
   0.0449516     0.927779     0.370412
   0.0155705    -0.696684     0.717209
    0.999804   0.00209217   -0.0196734
   0.0122056     0.717375      0.69658
 -0.00330401    -0.329032     0.944313
    0.999117   -0.0406319   -0.0106618
   0.0418773     0.943444     0.328875
  0.00713172    -0.677563     0.735431
    0.999119   -0.0255965   -0.0332712
   0.0413678      0.73502     0.676783
  -0.0253466    -0.406657    -0.913229
   -0.999562  -0.00365805    0.0293717
  -0.0152848     0.913574    -0.406386
   0.0348899    -0.142206    -0.989222
    0.999307  -0.00788083    0.0363785
  -0.0129691    -0.989806     0.141832
  -0.0429245     0.331969    -0.942313
   -0.999073   -0.0113079    0.0415264
   0.0031299     0.943223     0.332147
   -0.055286    -0.937732     0.342931
   -0.997659    0.0657268    0.0188887
   0.0402523     0.341084     0.939171
    0.047661     0.717297     0.695136
    0.997846   -0.0655998 -0.000724765
  -0.0450809    -0.693673     0.718878
  -0.0641445    -0.838518    -0.541086
   -0.997281    0.0341525    0.0652993
   0.0362752    -0.543803     0.838428
   0.0490558    -0.203785    -0.977786
    -0.99589   -0.0846014   -0.0323319
  -0.0761332     0.975353    -0.207098
  -0.0421573     0.323652    -0.945237
    0.996532    0.0815485   -0.0165227
   0.0717351    -0.942656    -0.325967
   -0.060235    -0.601501     0.796598
    0.993202     -0.11575   -0.0123002
   0.0996049     0.790442     0.604385
   -0.067293     0.285416    -0.956038
    0.992502     0.117144   -0.0348875
    0.102036    -0.951218    -0.291159
  -0.0543754    -0.782724      0.61999
    0.993252    -0.106097   -0.0468333
    0.102437     0.613259     0.783211
   0.0811811    -0.163315    -0.983228
   -0.987785    -0.144823   -0.0575021
   -0.133004     0.975886    -0.173077
  -0.0772024    -0.849407    -0.522062
    0.987904    -0.135801    0.0748607
    0.134484     0.509967    -0.849616
   0.0960334     0.122161    -0.987853
   -0.982347    -0.148433    -0.113854
   -0.160538     0.981348      0.10575
  -0.0860636     0.625155    -0.775741
    0.987454     0.156993    0.0169655
    0.132392    -0.764549    -0.630823
    0.105985    -0.070446    -0.991869
   -0.980655    -0.172489   -0.0925361
   -0.164568     0.982489   -0.0873645
     0.11044    -0.107125    -0.988093
   -0.980193    -0.176179   -0.0904564
   -0.164391     0.978512     -0.12446
  -0.0694157     0.631626    -0.772159
    0.988465     0.147988    0.0321926
    0.134604    -0.761018    -0.634613
   -0.089153    -0.650125    -0.754579
    0.982507    0.0669588    -0.173772
    0.163499    -0.756872     0.632782
   0.0834845     0.258921    -0.962284
   -0.983268     -0.13549    -0.121761
   -0.161906     0.956348     0.243277
   0.0611857     0.210273    -0.975726
   -0.989182    -0.117804   -0.0874167
   -0.133326     0.970519      0.20079
  -0.0495742     -0.42884     0.902019
    0.993058    -0.117619  -0.00134093
    0.106669     0.895691     0.431694
  -0.0406121    -0.713612     0.699363
    0.993619    -0.102555   -0.0469446
    0.105223     0.692994     0.713224
  -0.0278416    -0.646763     0.762183
    0.996981   -0.0732554   -0.0257435
   0.0724839     0.759165      0.64685
  -0.0357193    -0.591869     0.805242
    0.996954   -0.0769984    -0.012372
    0.069325     0.802348     0.592817
  -0.0209484    -0.470126     0.882351
      0.9967   -0.0790465   -0.0184536
   0.0784222     0.879052      0.47023
   0.0641602    -0.919613     0.387551
   -0.986062   0.00131888     0.166375
   -0.153512    -0.392824     -0.90671
   0.0425319    -0.957019      0.28689
   -0.991086  -0.00412911     0.133156
   -0.126248    -0.289996    -0.948664
   0.0419506    -0.930214    -0.364612
   -0.990019    0.0104426    -0.140549
   -0.134548    -0.366869     0.920491
   0.0248076    -0.922245     0.385809
   -0.993868    0.0188441     0.108951
    -0.10775    -0.386146    -0.916123
   0.0275994    -0.962384     0.270287
   -0.994649  0.000491724     0.103316
  -0.0995622    -0.271692     -0.95722
   0.0235443    -0.883527    -0.467789
     -0.9935      0.03145    -0.109404
   -0.111374    -0.467324     0.877043
  0.00651333    -0.906657     0.421818
   -0.996898    0.0271966    0.0738497
  -0.0784283    -0.420991    -0.903668
   0.0064567    -0.965378    -0.260776
   -0.997112    0.0135192   -0.0747354
  -0.0756734    -0.260505     0.962502
  -0.0126403    -0.954521    -0.297874
   -0.998727    0.0266001   -0.0428573
  -0.0488317    -0.296954     0.953643
   0.0193508    -0.932726     0.360068
   -0.997111   0.00845352    0.0754851
  -0.0734507    -0.360488    -0.929867
 -0.00454755    -0.912176     0.409774
   -0.998587    0.0258373    0.0464329
  -0.0529424    -0.408984    -0.911004
   0.0150013    -0.923341     0.383687
   -0.999053    0.0018347    0.0434759
   -0.040847    -0.383976    -0.922439
 -0.00909543    -0.579986     0.814575
    0.996878   -0.0691534    -0.038107
   0.0784322     0.811686     0.578805
   0.0123279    -0.871451    -0.490327
      0.9991  -0.00916865    0.0414148
   0.0405866     0.490397    -0.870554
  -0.0284298    -0.533075      0.84559
    0.993938    -0.104951   -0.0327454
    0.106201     0.839533     0.532828
   0.0554672     0.143425    -0.988106
   -0.989068    -0.127529   -0.0740321
    -0.13663      0.98141     0.134783
  -0.0431324    -0.699378     0.713449
    0.989302    0.0697114     0.128146
    0.139358    -0.711344     -0.68889
   0.0644665     0.202285    -0.977202
    -0.98509     -0.14362   -0.0947169
   -0.159506     0.968738     0.190011
   0.0734444    0.0793016    -0.994141
   -0.984028    -0.156321   -0.0851668
   -0.162159     0.984518     0.066554
   0.0594551    -0.926049    -0.372691
   -0.985037   0.00607415    -0.172235
   -0.161762    -0.377354     0.911832
 -0.00929238    -0.943107      0.33236
   -0.999888    0.0126545    0.0079528
  -0.0117062    -0.332249    -0.943119
  -0.0161399    -0.925162      0.37923
   -0.999691    0.0220969    0.0113604
    -0.01889    -0.378929    -0.925233
  -0.0343073    -0.908862     0.415683
   -0.999264    0.0240631   -0.0298592
   0.0171353    -0.416401    -0.909019
  -0.0169932    -0.917875     0.396506
   -0.999849    0.0141296    -0.010142
  0.00370661    -0.396618    -0.917976
  -0.0492942    -0.951891     0.302445
   -0.998739    0.0440857   -0.0240283
  0.00953887    -0.303248    -0.952864
  -0.0395041    -0.905045     0.423478
   -0.998559    0.0203473   -0.0496647
   0.0363322     -0.42483    -0.904544
  -0.0516484    -0.920072     0.388331
   -0.998088    0.0343407   -0.0513835
   0.0339409    -0.390242    -0.920086
  -0.0296333    -0.906948     0.420199
   -0.998963    0.0123302   -0.0438357
   0.0345755    -0.421062    -0.906373
  -0.0643831    -0.926917    -0.369703
   -0.997343    0.0471123    0.0555659
   0.0340874    -0.372298     0.927487
  -0.0481443    -0.809691     0.584878
   -0.998806    0.0341922   -0.0348819
  0.00824527    -0.585859    -0.810371
   0.0338988     0.987989    -0.150759
    0.999261   -0.0362365   -0.0127851
   0.0180945     0.150215     0.988488
  -0.0285369    -0.954807     0.295854
   -0.999319    0.0341798    0.0139179
  -0.0234011    -0.295256    -0.955132
  -0.0327256    -0.895374      0.44411
   -0.999181    0.0187365   -0.0358529
   0.0237807     -0.44492    -0.895255
  -0.0197508     -0.92416     0.381494
   -0.999801     0.017157   -0.0101994
  0.00288058     -0.38162    -0.924315
  -0.0214819    -0.888019    -0.459305
   -0.999729    0.0232028   0.00189758
 -0.00897206    -0.459221     0.888277
-0.000905236    -0.897884     0.440231
   -0.999719    0.0112338    0.0208566
  -0.0236723    -0.440089    -0.897642
 -0.00884954    -0.948002    -0.318141
   -0.999711    0.0155022   -0.0183853
  -0.0223612    -0.317886     0.947865
   0.0149175    -0.926432     0.376167
   -0.998845    0.0033801    0.0479352
  -0.0456802    -0.376448    -0.925311
   0.0226438    -0.920124     0.390971
   -0.998755  -0.00343397    0.0497629
  -0.0444455    -0.391612    -0.919057
  0.00987458    -0.683893     0.729515
   -0.998859    0.0273467    0.0391569
   -0.046729    -0.729069    -0.682843
   0.0289752    -0.930922     0.364067
   -0.997281  -0.00223181    0.0736644
  -0.0677633    -0.365211    -0.928455
   0.0436555     -0.91165     0.408642
   -0.994205  0.000578575     0.107502
   -0.098241    -0.410966    -0.906342
   0.0420233    -0.910715     0.410891
   -0.994956 -0.000652952      0.10031
   -0.091086    -0.413034    -0.906149
   0.0506833    -0.940772     0.335229
   -0.991438   -0.0069501     0.130391
   -0.120339    -0.338967     -0.93307
    0.058823    -0.927789     0.368439
   -0.991641   -0.0118487     0.128483
    -0.11484    -0.372917    -0.920731
   0.0794686    -0.956572     0.280455
   -0.987458   -0.0370373     0.153476
   -0.136423    -0.289134    -0.947518
    0.072631     -0.92007     0.384963
   -0.986755   -0.0101547     0.161901
   -0.145051    -0.391623    -0.908621
   0.0658352    -0.924444     0.375591
   -0.991253   -0.0174444     0.130815
   -0.114379    -0.380918    -0.917507
   0.0844075    -0.935435     0.343273
   -0.987643   -0.0328874     0.153232
   -0.132049    -0.351965    -0.926652
   0.0886879     -0.95967    -0.266772
   -0.986634    -0.047882    -0.155757
   -0.136702     -0.27702      0.95109
    0.054125      -0.9877    -0.146693
   -0.992214   -0.0366967    -0.119012
   -0.112165    -0.151992     0.981997
   0.0402034    -0.901077     0.431791
   -0.994939   0.00372433     0.100409
  -0.0920847    -0.433643    -0.896367
   0.0323621      0.99411     0.103435
   -0.994436     0.021646     0.103094
   -0.100248     0.106196    -0.989279
   0.0249703    -0.915568     0.401388
   -0.997103   0.00604811    0.0758254
  -0.0718509    -0.402119    -0.912764
   0.0248606    -0.957242     0.288217
   -0.997446   -0.0044428    0.0712805
  -0.0669522    -0.289253    -0.954908
   0.0514524     0.997853    0.0405103
   -0.991496    0.0461852     0.121668
   -0.119536    0.0464259    -0.991744
  -0.0788515    -0.996857   0.00770389
    0.988387   -0.0771699     0.130906
      0.1299   -0.0179366    -0.991365
   -0.516381    -0.644004    -0.564455
   -0.846345     0.283287     0.451053
    0.130578    -0.710639     0.691334
   -0.537999    -0.600468    -0.591604
   -0.834237     0.278656     0.475815
    0.120858    -0.749525     0.650849
    -0.51792    -0.613193    -0.596451
    -0.85094     0.297966     0.432572
   0.0875276    -0.731581     0.676112
    0.536681    -0.231931    -0.811284
    0.839851    0.0540972     0.540114
  -0.0813808    -0.971227      0.22382
   -0.555483     0.402197    -0.727789
   -0.824721    -0.154722     0.543963
    0.106175     0.902385     0.417646
   -0.520488     0.477259    -0.708037
   -0.851959     -0.23484     0.467991
   0.0570775     0.846802     0.528837
    0.547805    -0.192722    -0.814105
    0.832813    0.0330661     0.552566
  -0.0795725    -0.980696     0.178616
    0.530999    -0.219901    -0.818342
    0.845219    0.0686393     0.529994
  -0.0603756    -0.973105     0.222312
    0.537693    -0.348335    -0.767821
    0.840493     0.149333     0.520836
  -0.0667642    -0.925399     0.373068
    -0.57209  -0.00400941    -0.820181
   -0.812342      0.14078     0.565934
    0.113196     0.990033   -0.0837957
    0.553917    -0.210004    -0.805651
    0.827801    0.0354784     0.559898
   -0.088998    -0.977057     0.193494
    0.577197     0.297537     -0.76047
    0.808004    -0.342892     0.479118
   -0.118204    -0.891009    -0.438328
   -0.513616    -0.637394     0.574393
   -0.856853      0.41594    -0.304626
   0.0447465     0.648631     0.759786
    0.520074     0.844976     0.124654
     0.85257    -0.522364   -0.0161618
  -0.0514584    -0.114681     0.992069
    0.506695     0.778432     0.370546
    0.861183    -0.477102    -0.175324
  -0.0403106    -0.407944     0.912117
   -0.497134    -0.732622      0.46489
   -0.866993     0.440649    -0.232705
   0.0343684     0.518742      0.85424
    0.502178     0.804483     0.317212
    0.863719    -0.484638    -0.138261
  -0.0425046    -0.343414     0.938222
   -0.486407     -0.57071    -0.661588
   -0.872993     0.348598     0.341121
   0.0359469     0.743485    -0.667786
    0.476586      0.82297    -0.309171
    0.877699    -0.425377     0.220677
  -0.0500963      0.37653     0.925049
    -0.50069    -0.664558    -0.554682
   -0.863362     0.337062     0.375494
   0.0625754    -0.666897     0.742518
   -0.471733    -0.671107    -0.571912
   -0.878646     0.303482     0.368619
   0.0738178    -0.676398     0.732828
    0.461828     0.807902    -0.366074
    0.885874    -0.399631     0.235632
  -0.0440735     0.433117      0.90026
   -0.445131      -0.7331    -0.514222
   -0.893304     0.323666     0.311846
   0.0621779    -0.598168     0.798955
   -0.425826     0.536724    -0.728423
   -0.903381    -0.207057     0.375539
   0.0507355     0.817958     0.573036
   -0.493871    -0.649583    -0.578043
   -0.863632     0.289104     0.412988
    0.101155    -0.703179      0.70378
    0.581455     0.280724    -0.763613
    0.801975    -0.355725     0.479892
   -0.136919    -0.891434    -0.431972
   -0.554364    0.0105156    -0.832208
   -0.826095      0.11467     0.551741
    0.101231     0.993348   -0.0548821
    0.552898     0.177502    -0.814123
    0.824383    -0.258677     0.503467
   -0.121229    -0.949515    -0.289352
   -0.576225    -0.428572     -0.69591
   -0.803077     0.455018      0.38474
    0.151763     0.780567    -0.606369
   -0.533222    0.0203708     -0.84573
   -0.840151     0.104351     0.532218
   0.0990943     0.994332   -0.0385276
   -0.539591     -0.64694    -0.538805
   -0.829172     0.297363     0.473339
    0.146001    -0.702171     0.696879
    0.520436    -0.243892    -0.818329
    0.845034   0.00935673     0.534631
   -0.122735    -0.969757     0.210966
    -0.50568     0.417675    -0.754874
   -0.849783   -0.0901811     0.519361
    0.148849      0.90411     0.400536
   -0.561666    -0.603157    -0.566333
   -0.809275     0.258159     0.527662
    0.172059    -0.754689     0.633119
   -0.521523     0.541738    -0.659192
   -0.835677    -0.168377     0.522775
    0.172214      0.82351     0.540531
   -0.547944     0.540499     -0.63845
    -0.81266    -0.162981     0.559482
    0.198345     0.825408     0.528547
    0.505397    -0.181743     -0.84353
    0.856858  -0.00965018     0.515462
   -0.101822    -0.983299      0.15085
     0.48759     -0.32153    -0.811711
    0.863785    0.0424082     0.502072
   -0.127008    -0.945949     0.298411
    0.474619    -0.388252    -0.789935
    0.873609    0.0982384     0.476609
   -0.107443    -0.916302     0.385807
    0.490211     0.200532    -0.848222
    0.867366    -0.208084     0.452082
  -0.0858443    -0.957334    -0.275939
    0.516399    0.0384516    -0.855484
    0.852654    -0.115775     0.509487
   -0.079453    -0.992531    -0.092572
   -0.502181    -0.308418    -0.807894
   -0.862298      0.24908      0.44091
   0.0652452     0.918062    -0.391032
   -0.521555    -0.529102    -0.669352
   -0.850911     0.380204     0.362485
   0.0626982     0.758615    -0.648516
    0.538887    -0.142401    -0.830255
    0.838638  -0.00208417     0.544686
   -0.079294    -0.989807       0.1183
   -0.506196    -0.435692     -0.74427
   -0.860854     0.307219     0.405643
   0.0519182     0.846043    -0.530581
   -0.442472    -0.607117     -0.66002
   -0.893986     0.356688     0.271223
   0.0707574     0.710058    -0.700579
   -0.460327    -0.504969    -0.730141
   -0.885755     0.316361     0.339639
   0.0594813      0.80307    -0.592908
   -0.462312    -0.513358    -0.723002
   -0.884394     0.325939     0.334082
   0.0641508     0.793869    -0.604696
   -0.476206    -0.477377     -0.73847
   -0.877811     0.307479     0.367294
   0.0517268     0.823145     -0.56547
    -0.47381    -0.496506    -0.727315
   -0.879234     0.313161     0.358996
   0.0495232     0.809575    -0.584923
   -0.482802    -0.426536    -0.764833
   -0.874162      0.28697     0.391777
   0.0523773     0.857739    -0.511411
   -0.485802    -0.625095     0.610945
   -0.873148     0.379131    -0.306385
    0.040109     0.682287     0.729983
   -0.488822     -0.44082    -0.752816
   -0.871424     0.287209     0.397658
   0.0409198     0.850405    -0.524535
   -0.490971    -0.433367    -0.755738
   -0.870512     0.277907     0.406173
    0.034003     0.857299    -0.513695
   -0.484542    -0.641998     0.594187
   -0.873796     0.387228    -0.294169
   0.0412301     0.661736     0.748603
    0.486415     0.283202    -0.826558
    0.872847    -0.199966     0.445141
  -0.0392188    -0.937982    -0.344459
   -0.485313      -0.4625    -0.742001
   -0.873389     0.296023     0.386733
   0.0407853     0.835742    -0.547606
    0.497877     0.034996    -0.866541
    0.866183   -0.0695554     0.494862
  -0.0429544    -0.996964    -0.064943
    0.498694    0.0628427    -0.864497
    0.866064   -0.0765965      0.49403
  -0.0351712     -0.99508    -0.092624
    0.491532     0.101009    -0.864982
    0.868909    -0.123315     0.479364
  -0.0582451    -0.987214    -0.148381
    0.479199    -0.161635    -0.862695
    0.874402   0.00270087     0.485195
  -0.0760945    -0.986847     0.142628
    0.467947     0.166742    -0.867884
     0.88101    -0.165382      0.44325
  -0.0696242    -0.972032    -0.224291
    0.451327    -0.158158    -0.878231
    0.888265   -0.0145384     0.459101
  -0.0853787    -0.987307     0.133925
    0.459865    -0.230889    -0.857447
    0.882871    0.0153615     0.469364
  -0.0951991    -0.972859     0.210909
   -0.444612    -0.628098    -0.638603
   -0.892118     0.374418     0.252856
   0.0802863     0.682132    -0.726808
   -0.481732    -0.578899    -0.657884
   -0.875282     0.354372     0.329093
    0.042624     0.734368    -0.677412
   -0.481492    -0.347238     -0.80473
   -0.875596     0.231094     0.424178
   0.0386777     0.908857     -0.41531
   -0.471173    -0.437905     -0.76566
   -0.881052     0.274747     0.385047
    0.041749      0.85601     -0.51527
    0.472553     0.323033    -0.819965
    0.879957    -0.224327     0.418751
  -0.0486694    -0.919417    -0.390262
   -0.471986    -0.569703    -0.672805
   -0.880912     0.335044     0.334276
   0.0349814     0.750455    -0.659995
    0.449716     0.736839     0.504801
    0.891569    -0.404178    -0.204316
   -0.053482    -0.541949     0.838708
   -0.449782    -0.774578    -0.444663
   -0.891953     0.363909     0.268312
   0.0460116      -0.5173     0.854566
    0.418993    0.0405206    -0.907085
    0.906078   -0.0834496     0.414801
  -0.0588879    -0.995688   -0.0716796
   -0.452126    -0.681187     0.575818
   -0.889848     0.388813    -0.238736
   0.0612619     0.620329     0.781946
    0.422917    -0.171833    -0.889727
    0.903543   0.00528093     0.428465
  -0.0689257    -0.985112     0.157492
    0.424688   -0.0999297    -0.899808
    0.901976    -0.038901     0.430031
  -0.0779763    -0.994234    0.0736133
    0.455234    -0.387395    -0.801678
    0.889431     0.156485     0.429446
  -0.0409145    -0.908536     0.415799
    0.423288    -0.204992      -0.8825
    0.904388    0.0376038     0.425051
  -0.0539469    -0.978041      0.20131
    0.478078      0.23021    -0.847611
    0.877698    -0.161452     0.451197
  -0.0329785    -0.959654    -0.279241
    0.490522    0.0560639    -0.869624
    0.870833   -0.0684278     0.486792
  -0.0322149     -0.99608   -0.0823876
   -0.484373    -0.391594    -0.782328
   -0.874261     0.249787     0.416262
   0.0324095     0.885585    -0.463345
   -0.533392     0.567247    -0.627474
   -0.817024    -0.153434     0.555814
    0.219008     0.809129     0.545295
   -0.504796     0.534025    -0.678232
   -0.840956    -0.126862     0.526021
    0.194867     0.835897     0.513131
   -0.486008    -0.621075    -0.614868
   -0.845495     0.156055     0.510671
    0.221212    -0.768058      0.60096
   -0.506689    -0.626464     0.592291
   -0.825984      0.54959    -0.125307
    0.247017     0.552715      0.79592
   -0.465837    -0.674708    -0.572507
   -0.863091     0.203792     0.462107
    0.195115    -0.709392     0.677269
    0.466036     0.840648      -0.2759
    0.848754    -0.336715     0.407725
   -0.249854     0.424186     0.870425
   -0.439544     0.582878    -0.683414
   -0.869742   -0.0861143     0.485936
     0.22439     0.807983     0.544805
   -0.414695     -0.73182    -0.540803
   -0.874556      0.15637      0.45902
    0.251355    -0.663316     0.704864
   -0.487578    -0.872926   -0.0163455
   -0.828322     0.456585     0.324674
    0.275953    -0.171843     0.945685
    0.439875     0.848588    -0.293953
    0.855048    -0.295654     0.426007
   -0.274596     0.438733     0.855634
     0.46681     0.882131   -0.0627183
    0.829795     -0.41238      0.37601
   -0.305826     0.227568     0.924491
    0.424661    -0.281838    -0.860366
    0.883496    -0.078546     0.461807
   -0.197733    -0.956241     0.215648
   -0.396189    -0.751704    -0.527234
   -0.890364     0.174293     0.420564
    0.224247    -0.636053     0.738343
   -0.383846    -0.825929    -0.412921
   -0.902234     0.240272      0.35811
     0.19656    -0.510011     0.837409
   -0.411079    -0.735561    -0.538483
   -0.894362     0.211097     0.394403
    0.176436     -0.64373     0.744635
    -0.44989    -0.745654    -0.491528
   -0.875678     0.260171     0.406816
    0.175462    -0.613443     0.770001
   -0.434788    -0.787821     -0.43623
   -0.887329     0.292143     0.356791
    0.153646    -0.542208     0.826077
   -0.470407    -0.655379    -0.590928
   -0.869712     0.230953      0.43619
    0.149393    -0.719124     0.678633
   -0.485252     0.482161    -0.729418
   -0.857489   -0.0992671     0.504835
    0.171005     0.870441     0.461618
   -0.455063     0.378123    -0.806189
   -0.880949   -0.0592067     0.469493
    0.129794      0.92386      0.36005
    0.452135      0.87328    -0.181537
    0.831887    -0.339438     0.439028
   -0.321774     0.349519     0.879942
   -0.427332    -0.821723    -0.377039
   -0.856699     0.234783     0.459286
    0.288884    -0.519277       0.8043
   -0.404815    -0.823806    -0.396823
   -0.860816     0.196964     0.469256
    0.308416    -0.531553      0.78888
    0.421626     0.867548    -0.263804
    0.839905    -0.263997     0.474199
   -0.341747     0.421505     0.839966
   -0.383061    -0.842419    -0.378939
   -0.880487     0.208955     0.425536
    0.279299    -0.496657     0.821781
    0.373442     0.890247    -0.260772
    0.867642    -0.235733     0.437752
   -0.328235     0.389732     0.860448
   -0.362611    -0.878112    -0.312142
    -0.88194     0.215101      0.41942
    0.301156    -0.427377      0.85244
   -0.342292    -0.862302    -0.373192
   -0.884709     0.162025      0.43708
    0.316428    -0.479775     0.818345
    0.396862     0.882575    -0.252115
    0.840502     -0.23905     0.486221
   -0.368858     0.404866     0.836676
    0.356703     0.908354    -0.218303
    0.867367    -0.235204     0.438582
   -0.347042     0.345792     0.871774
    0.388201     0.877402    -0.281898
    0.842221    -0.213593     0.495018
   -0.374118     0.429586     0.821883
   -0.347884    -0.871234    -0.346305
   -0.897735     0.203072     0.390938
    0.270274    -0.446892     0.852784
   -0.320717    -0.876685    -0.358559
   -0.901509     0.166412     0.399485
    0.290554    -0.451366      0.84371
   -0.307403    -0.828558     -0.46797
   -0.914677     0.121656     0.385441
    0.262429    -0.546527     0.795261
   -0.333349    -0.829295    -0.448495
   -0.910605     0.159942     0.381074
     0.24429    -0.535433     0.808477
    -0.37092    -0.754513    -0.541413
   -0.894148     0.132689      0.42766
    0.250836    -0.642731     0.723863
   -0.355562    -0.834662    -0.420613
   -0.907961     0.201677     0.367332
     0.22177    -0.512509      0.82955
   -0.388471    -0.855842    -0.341504
   -0.891094     0.254556     0.375703
     0.23461    -0.450262     0.861523
   -0.411212    -0.836154    -0.362975
   -0.874287     0.249115     0.416609
    0.257927    -0.488659     0.833478
   -0.372585    -0.787175    -0.491464
   -0.904003     0.188219     0.383865
    0.209666    -0.587307     0.781736
   -0.267821    -0.825366     0.497034
   -0.948678     0.135864     -0.28557
    0.168171    -0.548007    -0.819395
   -0.291964    -0.782214    -0.550362
   -0.944039     0.143366     0.297046
     0.15345     -0.60629     0.780298
   -0.302487    -0.781714    -0.545367
   -0.937795     0.141782     0.316919
    0.170417    -0.607307     0.775975
   -0.316987    -0.857988    -0.404198
   -0.934766     0.210548      0.28615
     0.16041    -0.468537     0.868759
    -0.30794    -0.753264    -0.581177
   -0.940389     0.148292     0.306068
    0.144366    -0.640783     0.754026
   -0.325811     -0.84243    -0.429137
   -0.928034     0.198287     0.315333
    0.180553    -0.500992     0.846408
   -0.337974    -0.728156     -0.59629
   -0.929226     0.157615     0.334209
    0.149372    -0.667043     0.729892
   -0.343567     0.616412    -0.708518
   -0.923897   -0.0865216     0.372732
    0.168454     0.782656     0.599227
    0.362021      0.88745     -0.28526
    0.918581    -0.287567     0.271136
   -0.158588     0.360191       0.9193
   -0.330447    -0.787291    -0.520555
    -0.93479     0.196874     0.295649
    0.130278    -0.584305     0.801009
    0.349439     0.871359     -0.34442
    0.925893    -0.264807     0.269442
   -0.143576      0.41305      0.89932
    0.343854     0.898995    -0.271244
    0.930659    -0.287797     0.225933
   -0.125049     0.330124     0.935618
   -0.359162    -0.830126     -0.42649
   -0.914552     0.221979     0.338111
    0.186003    -0.511484      0.83892
   -0.373343    -0.826612    -0.421103
   -0.910484     0.239463     0.337161
    0.177862    -0.509284     0.842018
   -0.342372    -0.812886    -0.471166
   -0.918535     0.184078     0.349869
    0.197672    -0.552568     0.809688
   -0.317282    -0.867488    -0.383142
   -0.922943     0.189605     0.335002
    0.217964    -0.459908       0.8608
   -0.309354    -0.810282    -0.497738
   -0.930685     0.150507     0.333426
    0.195256    -0.566384     0.800677
   -0.281232    -0.801801     -0.52728
   -0.935341     0.106163     0.337442
    0.214584    -0.588086     0.779813
   -0.296831    -0.817049     -0.49429
   -0.926328     0.120628     0.356883
    0.231966    -0.563808     0.792661
   -0.273267    -0.822803     0.498318
   -0.942985     0.126809    -0.307731
    0.190011    -0.553999    -0.810544
   -0.375135    -0.841614    -0.388536
   -0.920468     0.288645     0.263482
    0.109601    -0.456476     0.882959
    0.377503     0.901079    -0.213421
    0.917276    -0.332299     0.219503
    -0.12687     0.278629     0.951982
    0.404614     0.853918    -0.327279
    0.907985    -0.332523     0.254936
   -0.108867     0.400314     0.909888
   -0.401839    -0.703957    -0.585636
   -0.910719     0.240549     0.335748
   0.0954784    -0.668267     0.737769
    0.409831     0.866542    -0.284857
    0.903981    -0.344113      0.25378
   -0.121888     0.361512     0.924366
    0.425615     0.902341   -0.0680704
     0.89996    -0.414237     0.135942
  -0.0944684     0.119119     0.988376
   -0.432345     0.483552    -0.761088
   -0.895605    -0.132247     0.424737
    0.104731     0.865268     0.490248
    0.422376     0.881485    -0.211144
    0.902635    -0.387775     0.186761
   -0.082751     0.269469     0.959447
   -0.441256     0.445699    -0.778875
   -0.889875    -0.105297     0.443886
    0.115826     0.888969     0.443079
   -0.421799     0.623577    -0.658208
   -0.896869    -0.180397     0.403835
    0.133083     0.760663     0.635358
   -0.396381    -0.754454    -0.523146
   -0.904285     0.222406     0.364422
    0.158589    -0.617523     0.770399
    0.385697     0.912771    -0.134487
    0.911745    -0.354757     0.207045
   -0.141275     0.202474     0.969044
   -0.696512     0.329972    -0.637173
   -0.559984     0.305258     0.770218
    0.448652     0.893273   -0.0278368
    0.702519   -0.0935154    -0.705494
    0.558307     -0.54232     0.627839
   -0.441316    -0.834951     -0.32878
    0.690974     0.608135     0.390803
    0.597944    -0.784631     0.163759
   -0.406224    -0.120525      0.90579
    0.696559     0.153021    -0.700992
    0.595369    -0.668515     0.445673
   -0.400427    -0.727786    -0.556764
    0.706157    -0.205197     -0.67767
    0.554016     -0.43587     0.709284
   -0.440919    -0.876306     -0.19411
    0.680157    -0.218072    -0.699879
    0.636777    -0.297242      0.71145
   -0.363181    -0.929565   -0.0633079
    0.693654   -0.0762829    -0.716258
    0.597646    -0.494107     0.631409
   -0.402074    -0.866048    -0.297149
     0.68403     0.236756    -0.689963
    0.637128    -0.654497     0.407063
