   0.0393392    -0.925288     0.377219
   -0.997561    -0.058153   -0.0386118
   0.0576634     -0.37478    -0.925319
  -0.0100234     -0.87642     0.481444
   -0.998542   -0.0167652   -0.0513085
   0.0530393    -0.481256    -0.874974
  -0.0644147     -0.86955     0.489627
   -0.996998    0.0349578   -0.0690808
   0.0429529    -0.492607    -0.869191
  -0.0902102    -0.915957     0.391005
   -0.994989    0.0658914   -0.0752024
   0.0431183    -0.395829    -0.917311
   -0.136146    -0.931237     0.338027
   -0.989371     0.110213    -0.094857
   0.0510794    -0.347349    -0.936344
   -0.128983    -0.886293    -0.444802
   -0.991219     0.102049    0.0840925
   0.0291389    -0.451742     0.891673
   -0.156157    -0.898711    -0.409798
   -0.987425     0.131684    0.0874744
   0.0246502    -0.418304     0.907972
   -0.160332    -0.894418     0.417504
   -0.986129     0.126747    -0.107168
   0.0429354    -0.428895    -0.902333
   -0.162701    -0.787868    -0.593964
   -0.986489       0.1182     0.113436
    0.019166    -0.604395     0.796454
   -0.161754    -0.868574     0.468417
   -0.986121     0.124267    -0.110103
   0.0374237    -0.479726     -0.87662
    -0.15779    -0.873266    -0.460987
   -0.987472     0.139776    0.0732161
-0.000498082    -0.466765     0.884381
    -0.15625    -0.871923     0.464043
   -0.987392     0.125828   -0.0960423
   0.0253518    -0.473199    -0.880591
    0.194407     0.947362     0.254384
    0.960348    -0.236652     0.147403
   -0.199845    -0.215641     0.955804
    0.228078     0.954645    -0.191399
    0.946995     -0.17183     0.271431
   -0.226233     0.243161     0.943235
   -0.186778    -0.902094    -0.389026
    -0.96109    0.0857526     0.262588
    0.203519    -0.422935      0.88301
   -0.226935    -0.655939    -0.719892
    -0.94718   -0.0233397     0.319851
    0.226605    -0.754453     0.615996
    0.256842     0.966019    0.0289866
    0.936259    -0.256144     0.240436
    -0.23969     0.034615     0.970232
   -0.191731    -0.913031     -0.36002
    -0.96037    0.0989191     0.260586
     0.20231    -0.395715     0.895813
   -0.250796    -0.891853    -0.376432
   -0.939111     0.129799     0.318154
    0.234885    -0.433303     0.870102
   -0.227837    -0.838874    -0.494349
   -0.948525    0.0765141     0.307319
    0.219978    -0.538921     0.813126
   -0.240021    -0.750197    -0.616112
   -0.944982    0.0352503     0.325218
     0.22226    -0.660274     0.717384
   -0.267804    -0.417168    -0.868476
   -0.932355      0.33945     0.124449
    0.242889     0.843056    -0.479855
    0.254904     0.660384     -0.70634
    0.939358   0.00418887     0.342912
   -0.229412     0.750916     0.619269
    0.262404     0.623067    -0.736838
    0.937044    -0.346867    0.0403927
   -0.230418    -0.701049    -0.674861
   -0.186672    -0.842082    -0.506015
    -0.96231    0.0530417     0.266733
    0.197771    -0.536735     0.820245
   -0.212949    -0.763771      0.60935
   -0.955611    0.0328382    -0.292797
     0.20362    -0.644652     -0.73686
    0.181519     0.732398    -0.656234
    0.966617   -0.0101698     0.256023
   -0.180837     0.680801     0.709795
   -0.146242    -0.852939    -0.501106
   -0.973766    0.0348492     0.224866
    0.174333    -0.520845      0.83566
    0.151147     0.945794    -0.287452
    0.971502   -0.0884144     0.219924
   -0.182588     0.312501     0.932204
    0.103566     0.992637   -0.0628081
    0.982019    -0.092029      0.16483
   -0.157836    0.0787496      0.98432
  -0.0966652    -0.865285    -0.491872
   -0.983049   0.00564959     0.183255
    0.155789    -0.501249     0.851164
   -0.146981      -0.9275    -0.343716
   -0.972015    0.0710562     0.223915
    0.183258    -0.367008     0.911988
    0.101638     0.982053     0.158876
    0.983173    -0.123526     0.134578
   -0.151788    -0.142524     0.978083
   -0.045913    -0.884226     0.464797
   -0.989996      0.10242    0.0970501
    0.133419     0.455691     0.880082
   0.0481219     0.980359     0.191259
    0.990803   -0.0710952     0.115129
   -0.126466     -0.18396     0.974764
  -0.0019013    -0.968699     -0.24823
    0.994325    0.0245724    -0.103508
   -0.106368     0.247018    -0.963155
    0.147548     0.987402   -0.0571577
     0.97386    -0.134948     0.182716
     -0.1727     0.082623     0.981503
   -0.245442    -0.490564    -0.836125
   -0.947841     0.302377     0.100827
    0.203362     0.817261    -0.539193
   -0.247665    -0.396583    -0.883959
   -0.946467     0.294005     0.133274
    0.207034     0.869645    -0.448167
    0.224769     0.137023     -0.96473
    0.958597    -0.208747     0.193692
   -0.174844    -0.968323     -0.17827
    0.216388     0.205975    -0.954332
    0.961667    -0.213614     0.171946
   -0.168442    -0.954957    -0.244303
    0.230178     0.261578    -0.937334
     0.95685    -0.236382     0.169004
   -0.177361    -0.935789    -0.304701
   -0.192903  -0.00195001    -0.981216
   -0.971633     0.139809     0.190741
    0.136811     0.990177   -0.0288643
   -0.202441    -0.655804     0.727282
   -0.969432     0.239338   -0.0540294
    0.138633     0.715988     0.684209
   -0.178735    -0.430132    -0.884895
   -0.978987     0.167491     0.116326
   0.0981761     0.887092    -0.451031
   -0.178642    -0.584727    -0.791316
   -0.975516     0.210115    0.0649657
     0.12828     0.783547    -0.607946
   -0.164456     -0.53225    -0.830461
   -0.981983     0.167788    0.0869253
    0.093075     0.829794    -0.550254
   -0.150152    -0.319031    -0.935774
   -0.984643     0.133522     0.112472
   0.0890645     0.938292     -0.33418
   -0.212133    -0.479547    -0.851489
   -0.967652     0.224839     0.114446
    0.136566     0.848223     -0.51173
   -0.184871    -0.699158     0.690653
   -0.978378     0.197247   -0.0622122
   0.0927333      0.68722     0.720506
   -0.196478    -0.492119    -0.848066
   -0.976688     0.174502     0.125017
   0.0864662     0.852859    -0.514933
   -0.215077    -0.480605    -0.850154
   -0.968642     0.215865     0.123022
    0.124394     0.849954    -0.511962
    0.230121     0.237633    -0.943703
    0.957668    -0.227651     0.176201
   -0.172964    -0.944302    -0.279961
   -0.221448     0.467353    -0.855886
   -0.961993    0.0391129     0.270259
    0.159783     0.883205     0.440929
   -0.233408    -0.706438    -0.668181
   -0.951608    0.0246775     0.306324
     0.19991    -0.707344     0.678012
   -0.244861    -0.502661    -0.829081
   -0.947697     0.304647    0.0951892
    0.204729     0.809025    -0.550966
   -0.215275     0.545611    -0.809917
   -0.959551    0.0359046     0.279235
    0.181433     0.837269     0.515812
   -0.178874     -0.90673     0.381895
   -0.981828     0.139498    -0.128666
   0.0633913    -0.397971    -0.915205
   -0.174917    -0.929519      0.32465
   -0.982055     0.141095    -0.125143
   0.0705159    -0.340713    -0.937519
   -0.182915    -0.781601     0.596357
   -0.977575    0.0802153     -0.19471
    0.104349    -0.618599    -0.778746
   -0.158141    -0.931409     0.327823
   -0.984782     0.124539    -0.121217
   0.0720758    -0.342004     -0.93693
   -0.164123    -0.932388      0.32205
   -0.980458     0.118289    -0.157195
    0.108472    -0.341556    -0.933581
    0.138322     0.976365    -0.166066
     0.98441    -0.117147     0.131198
   -0.108643     0.181625     0.977348
   -0.127913    -0.919923     0.370648
    -0.98937    0.0922901     -0.11238
   0.0691741    -0.381083    -0.921949
    0.188938    -0.161279    -0.968655
    0.969737    -0.124693     0.209911
   -0.154639       -0.979     0.132838
    0.143878    -0.676067    -0.722657
    0.978153     -0.01357     0.207441
   -0.150051    -0.736715     0.659345
    0.206629    -0.236653    -0.949368
    0.968455   -0.0886591     0.232884
   -0.139283    -0.967541     0.210868
    -0.21552    -0.367648    -0.904647
   -0.970238     0.185363     0.155815
    0.110403     0.911304    -0.396656
    0.205376    -0.114251    -0.971992
    0.974593   -0.0668313     0.213781
  -0.0893842    -0.991201    0.0976229
   -0.207045    -0.285779    -0.935662
   -0.976934     0.111489     0.182125
   0.0522687     0.951788    -0.302271
    0.201535     0.111422    -0.973123
    0.976956   -0.0941605     0.191547
  -0.0702873    -0.989302    -0.127831
   -0.187638    -0.840957     0.507527
    -0.98186     0.146257     -0.12066
   0.0272407    -0.520962    -0.853145
  -0.0894482     -0.89258     0.441928
   -0.993955    0.0516394   -0.0968827
   0.0636546    -0.447923    -0.891803
  -0.0341623    -0.919919     0.390618
   -0.997729   0.00869192   -0.0667885
   0.0580448    -0.392013    -0.918127
  -0.0491677    -0.913014     0.404954
   -0.994861   0.00884052     -0.10086
   0.0885064    -0.407832    -0.908757
   0.0249286     -0.88818      0.45882
   -0.998274   -0.0465311   -0.0358362
   0.0531784    -0.457134    -0.887806
   0.0160017    -0.775335     0.631347
    -0.99701   -0.0601161    -0.048557
   0.0756021    -0.628682    -0.773979
   0.0552828    -0.668919     0.741276
   -0.996153   -0.0875082  -0.00467552
   0.0679953    -0.738166    -0.671184
   0.0702018    -0.922256     0.380151
    -0.99622   -0.0843624   -0.0206953
   0.0511569    -0.377262    -0.924693
  0.00398192    -0.994961    -0.100182
   -0.994991   -0.0139488    0.0989847
   0.0998833   -0.0992862     0.990033
   0.0523674     0.976444      0.20932
   -0.995687    0.0671272   -0.0640381
   0.0765807     0.205064    -0.975748
   0.0554233     0.983316     0.173256
    0.990634   -0.0758412     0.113541
   -0.124787     -0.16534      0.97831
    0.113555     0.981768     0.152435
    0.983286     -0.13303     0.124301
   -0.142313    -0.135772     0.980466
   0.0899989     0.988721    -0.119713
    0.991337   -0.0773884     0.106118
  -0.0956567     0.128226     0.987121
   -0.110245    -0.601053    -0.791569
   -0.993161    0.0974199    0.0643486
   0.0384375     0.793249    -0.607683
    -0.12123    -0.465788    -0.876553
   -0.991711    0.0947104    0.0868289
   0.0425748     0.879813    -0.473409
   0.0744936     0.660671    -0.746971
    0.996942   -0.0316028     0.071471
   0.0236125     -0.75001    -0.661004
   0.0776054     0.204267    -0.975834
    0.996921  -0.00488189    0.0782605
   0.0112221    -0.978903    -0.204017
  -0.0842532     -0.50561    -0.858639
   -0.996189    0.0232428    0.0840637
  -0.0225462     0.862449    -0.505641
   0.0434447    -0.901744    -0.430082
    0.996323   0.00728911    0.0853607
   0.0738385     0.432209    -0.898745
   0.0503652    -0.905538     0.421265
    0.995619    0.0122538   -0.0926928
   0.0787747     0.424088     0.902188
   0.0265544    -0.938074    -0.345415
    0.991694   -0.0187791     0.127238
    0.125846     0.345925    -0.929784
   0.0470471    -0.583733     0.810582
    0.996944   -0.0232194    -0.074585
   0.0623589     0.811614     0.580856
   0.0331108    -0.688955     0.724048
    0.992913   -0.0600545     -0.10255
    0.114135     0.722312     0.682084
   0.0411041    -0.232758    -0.971666
    0.994081     0.107404    0.0163241
    0.100562    -0.966586     0.235795
   0.0640096     -0.85937     0.507332
     0.99484    0.0148507    -0.100362
   0.0787142     0.511139     0.855886
   0.0145373    -0.901248    -0.433059
    0.990382   -0.0466197     0.130267
    0.137592     0.430788    -0.891903
    0.012392    -0.687175     0.726386
    0.989912   -0.0941076    -0.105915
    0.141141     0.720371     0.679077
    0.067178    -0.760708     0.645608
    0.994435  -0.00158094    -0.105338
   0.0811518     0.649092     0.756369
    0.102546     0.739797      0.66497
    0.994424   -0.0597046   -0.0869293
   0.0246083    -0.670176     0.741794
    0.131231     0.961459     0.241608
    0.991235    -0.123521   -0.0468531
   0.0152038    -0.245639     0.969242
   -0.148475    -0.314889    -0.937443
   -0.987996    0.0881094     0.126885
   0.0426427      0.94503    -0.324192
   -0.135375    -0.825883     0.547349
   -0.990041     0.134291   -0.0422356
   0.0386224     0.547616     0.835838
   -0.169065    -0.764887     0.621582
   -0.985034     0.152583   -0.0801611
   0.0335285     0.625832     0.779237
   0.0410584    -0.199694    -0.978998
     0.98876     0.149103    0.0110541
    0.143764    -0.968448     0.203572
   0.0216721     0.999339    0.0291812
    0.987116   -0.0167604    -0.159128
    0.158534   -0.0322539     0.986827
   0.0262402    -0.226742    -0.973601
    0.982055     0.187803   -0.0172695
    0.186761    -0.955677     0.227601
    0.040795    -0.173514    -0.983986
    0.983926     0.178334   0.00934532
    0.173857     -0.96855        0.178
   0.0102009    -0.508365     0.861081
     0.98009    -0.165681    -0.109425
    0.198292     0.845053     0.496553
  -0.0373129    -0.911469    -0.409674
   -0.976919     0.119555    -0.177017
   -0.210324    -0.393613     0.894893
  -0.0133278    -0.745315     0.666579
    -0.97413     0.160082     0.159513
   -0.225595    -0.647208    -0.728168
  -0.0302305    -0.951147    -0.307255
   -0.970317     0.101716    -0.219407
   -0.239941    -0.291502     0.925989
  -0.0559995    -0.485041     0.872697
   -0.978517     0.200362    0.0485705
   -0.198414    -0.851229    -0.485841
   0.0533473     0.981794    -0.182306
     0.97173   -0.0930886    -0.216969
    0.229989     0.165577     0.959004
  -0.0629421    -0.418428     0.906066
   -0.973624     0.225238    0.0363813
   -0.219304    -0.879878    -0.421568
    0.011481    -0.374194     0.927279
   -0.971768     0.214376    0.0985413
    -0.23566    -0.902231    -0.361169
 -0.00572125    -0.998995   -0.0444618
   -0.968448    0.0166133     -0.24866
   -0.249149   -0.0416363      0.96757
  -0.0277231    -0.976304    -0.214619
    0.965654   -0.0816458     0.246671
    0.258349     0.200409    -0.945035
  -0.0362185    -0.911107    -0.410576
    0.969464    -0.131746     0.206838
    0.242543     0.390547    -0.888057
   -0.013984    -0.482049     0.876033
    0.978977      -0.1849   -0.0861166
    0.203491     0.856411     0.474501
  -0.0240575    -0.828334     0.559718
    0.978095    -0.135299     -0.15819
    0.206763     0.543652     0.813444
 -0.00541742    -0.626112     0.779715
    0.985442    -0.135838    -0.102231
    0.169923      0.76781     0.617733
  0.00552824    -0.957428     -0.28862
     0.98599      -0.0429     0.161196
    0.166716     0.285467    -0.943777
 -0.00539697     -0.99688   -0.0787446
    0.984242   -0.0192138     0.175782
    0.176747     0.076555    -0.981275
    0.038191    -0.609402     0.791941
   -0.969328     0.169961     0.177531
   -0.242787     -0.77443     -0.58422
  0.00311375    -0.144387     0.989516
   -0.974536     0.221422    0.0353757
   -0.224208     -0.96443    -0.140021
   0.0219001   -0.0285166    -0.999353
   -0.971484    -0.236658   -0.0145364
    -0.23609     0.971174   -0.0328862
   0.0172054    -0.775686     0.630885
    0.978808    -0.115706    -0.168957
    0.204054     0.620422     0.757257
   0.0519647    -0.557595     0.828485
    0.980139     -0.13051    -0.149314
    0.191382     0.819789     0.539739
 -0.00709473    -0.891429    -0.453105
    0.977757     -0.10117     0.183729
    0.209622     0.441723    -0.872319
   0.0608478     0.963277    -0.261524
    0.983407    -0.102717    -0.149534
    0.170905     0.248085     0.953543
   0.0308045     0.977902     0.206784
     0.98471    0.0057967    -0.174105
    0.171456    -0.208986     0.962771
   0.0737735     0.735793     0.673176
    0.988792    0.0338871    -0.145401
    0.129797    -0.676358     0.725047
  -0.0808364    -0.996699   0.00755659
    -0.98263    0.0784202    -0.168193
   -0.167045    0.0210215     0.985725
    0.102529     0.264638    -0.958882
    0.985906     0.101079     0.133315
    0.132203    -0.959036    -0.250545
   -0.121458    -0.945321     0.302683
   -0.985012     0.152414    0.0807527
    -0.12247    -0.288338    -0.949664
  0.00269041    -0.808611    -0.588337
     0.98392    -0.102931     0.145967
    0.178589      0.57927    -0.795332
   0.0366823    -0.380482     0.924061
    0.989447    -0.115878   -0.0869907
    0.140177       0.9175     0.372216
  -0.0270029     -0.91674      0.39857
    0.976789    -0.108954    -0.184427
    0.212497     0.384339     0.898403
  -0.0452748    -0.891221    -0.451305
    0.968688    -0.149565     0.198177
    0.244119     0.428201    -0.870086
  -0.0402633    -0.803866    -0.593446
    0.969434    -0.175291     0.171671
    0.242026     0.568395    -0.786353
   0.0570991     0.990368     0.126141
   -0.963998    0.0218248     0.265012
   -0.259706     0.136732    -0.955959
   0.0483836     0.990436     -0.12921
   -0.964079     0.080133      0.25324
   -0.261172    -0.112316    -0.958736
   0.0535849    -0.832979    -0.550704
   -0.965807    0.0968638    -0.240489
   -0.253665     -0.54476     0.799306
   -0.157715    -0.907769     0.388693
   -0.985108     0.171925   0.00180567
  -0.0684653     -0.38262    -0.921366
    0.139475      0.95384     0.265964
    0.986273     -0.10984    -0.123288
   0.0883833    -0.279509     0.956067
    -0.17445    -0.852641    -0.492514
   -0.983847      0.17133    0.0518747
  -0.0401521    -0.493608     0.868757
   -0.163173    -0.833462     0.527936
   -0.985768     0.159666   -0.0526106
  -0.0404448    -0.529007    -0.847653
   -0.165571    -0.482142    -0.860306
   -0.985577     0.049944      0.16169
  -0.0349903     0.874668    -0.483457
    0.193741     0.938993    -0.284176
    0.981032    -0.183534    0.0623844
 -0.00642249     0.290872     0.956741
    0.197489     0.640624    -0.742024
    0.980216    -0.139244     0.140668
  -0.0132069    -0.755124    -0.655449
   -0.164489    -0.846052     0.507088
   -0.986257     0.149161   -0.0710529
  -0.0155234    -0.511807     -0.85896
   -0.186759    -0.358571     -0.91463
   -0.982136    0.0899772     0.165268
   0.0230355     0.929156    -0.368969
    0.144602     0.654821    -0.741822
    0.989176   -0.0767759     0.125046
   0.0249287    -0.751875    -0.658835
   0.0944458    -0.642431     0.760501
    0.992069  -0.00290683     -0.12566
   0.0829383     0.766338     0.637062
   -0.121005    -0.479075    -0.869393
   -0.988727   -0.0196352     0.148435
  -0.0881821     0.877554    -0.471298
   -0.159043    -0.877204      0.45301
   -0.987012     0.151797   -0.0525834
  -0.0226392    -0.455489    -0.889953
   -0.161024    -0.911973     0.377329
    -0.98595     0.165846   -0.0199148
  -0.0444169    -0.375235    -0.925865
   -0.156037    -0.827895     0.538741
   -0.986227     0.160867    -0.038436
  -0.0548449    -0.537319    -0.841594
   -0.142096    -0.838014     0.526821
    -0.98671     0.162297  -0.00797345
  -0.0788197    -0.520953    -0.849939
   -0.149347    -0.826531     0.542717
    -0.98542     0.169657   -0.0127929
  -0.0815023    -0.536715    -0.839818
   -0.128581    -0.911175     0.391443
   -0.985982     0.159782    0.0480545
   -0.106332    -0.379777    -0.918947
   -0.111373    -0.875056     0.471034
   -0.988672     0.145554    0.0366343
   -0.100618    -0.461618    -0.881354
   -0.129263    -0.876408    -0.463896
   -0.985937     0.163562   -0.0342795
   -0.105919    -0.452941     0.885226
  -0.0830194    -0.899841     0.428246
   -0.986139     0.136129    0.0948649
    -0.14366    -0.414434    -0.898669
  -0.0621917    -0.947428     0.313866
   -0.981672     0.114828     0.152101
   -0.180145    -0.298654    -0.937205
  -0.0598351    -0.910886     0.408297
   -0.985004     0.120188     0.123783
   -0.161824    -0.394768    -0.904418
   0.0216086    -0.194619    -0.980641
    0.977845      0.20839   -0.0198102
    0.208211    -0.958487      0.19481
  -0.0352306    -0.970049     0.240341
   -0.983474    0.0763877     0.164148
   -0.177591    -0.230586    -0.956709
  0.00138589    -0.902856     -0.42994
   -0.979115    0.0861834    -0.184138
   -0.203304    -0.421216     0.883881
   0.0197065    -0.407747     0.912882
   -0.972853     0.202757     0.111564
   -0.230583    -0.890299    -0.392683
   -0.025561    -0.953979     0.298783
   -0.986621    0.0722132     0.146163
   -0.161012    -0.291049    -0.943062
  0.00954281    -0.906619     0.421841
   -0.985022    0.0641108      0.16007
   -0.172167     -0.41705    -0.892428
  0.00177341    -0.997259   -0.0739652
   -0.987327   0.00999154    -0.158387
   -0.158691   -0.0733087     0.984603
  -0.0501692    -0.966945    -0.249999
   -0.986267    0.0874029    -0.140135
   -0.157353    -0.239535     0.958052
  -0.0764038    -0.914004     0.398445
   -0.986395     0.127626     0.103618
    -0.14556    -0.385107     -0.91132
  -0.0955151    -0.867526     0.488135
   -0.983722   0.00728119    -0.179548
   -0.152208     0.497339       0.8541
   -0.114852    -0.829591     0.546432
   -0.984604     0.168034    0.0481597
   -0.131772    -0.532488    -0.836118
  -0.0989184     -0.97367    -0.205382
   -0.985844     0.123968    -0.112891
    -0.13538    -0.191307     0.972149
   0.0611681    -0.623206     0.779662
    0.985866     -0.08434    -0.144761
    0.155973     0.777497     0.609239
 -0.00161774    -0.789514      0.61373
    -0.98881    0.0928129      0.11679
   -0.149169    -0.606674     -0.78083
    0.470301     0.359185    -0.806104
    0.870578    -0.338504     0.357085
    -0.14461    -0.869713    -0.471897
   -0.545418    -0.448367    -0.708157
   -0.832885     0.384604     0.397973
   0.0939221     0.806875    -0.583208
   -0.516279    -0.570343    -0.638878
   -0.854427      0.39389     0.338829
   0.0583988     0.720805    -0.690674
   -0.573184    -0.435117    -0.694358
   -0.818251     0.349296     0.456571
   0.0438746     0.829859    -0.556246
    0.591246     0.250605    -0.766567
    0.804202    -0.254778      0.53698
  -0.0607344    -0.933962    -0.352174
   -0.543178   -0.0202313    -0.839373
   -0.839081    0.0488145     0.541812
    0.030012     0.998603   -0.0434907
   -0.593742      -0.5143    -0.618842
   -0.803362     0.422471     0.419676
   0.0456036     0.746334    -0.664008
    0.581976     0.801743    -0.136061
     0.81242    -0.565863     0.140616
  -0.0357464     0.192374      0.98067
   -0.565311    -0.711536     0.417301
   -0.822068     0.527698     -0.21387
   0.0680327     0.463953     0.883244
    0.606321      0.75822    -0.239746
    0.792728    -0.552449     0.257647
  -0.0629054      0.34627     0.936024
   -0.569839    -0.730357    -0.376645
   -0.816912     0.453782        0.356
   0.0890923    -0.510549     0.855221
   -0.581497    -0.652851     0.485435
   -0.807657     0.534935    -0.248061
   0.0977296     0.536312     0.838343
   -0.553048     0.402621    -0.729407
   -0.832767    -0.240612     0.498603
   0.0252442     0.883178     0.468359
    0.564415     -0.21915     -0.79587
     0.82437    0.0993984     0.557257
  -0.0430145    -0.970615     0.236762
   -0.540571     0.545113    -0.640808
   -0.840583    -0.318567     0.438103
   0.0346753     0.775478     0.630421
   -0.526427 -0.000904242     -0.85022
   -0.849714     0.035048     0.526077
   0.0293228     0.999385   -0.0192186
    0.516724    -0.204028    -0.831486
     0.85571     0.091894      0.50923
  -0.0274887    -0.974643     0.222073
    0.483034     -0.16148    -0.860582
     0.87521     0.059675     0.480048
  -0.0261628     -0.98507     0.170154
   -0.437441    -0.268859    -0.858115
   -0.898407     0.171896     0.404124
   0.0388539     0.947717    -0.316739
    0.483734     0.118844    -0.867109
    0.874037    -0.116992     0.471564
  -0.0454025    -0.985996    -0.160467
   -0.397924    -0.395498    -0.827791
   -0.914154     0.246984     0.321436
   0.0773234     0.884636    -0.459827
   -0.399333    -0.430722    -0.809328
   -0.915829     0.228147     0.330463
   0.0423079     0.873171    -0.485575
   -0.363407    -0.417235    -0.832977
   -0.929208     0.226763     0.291806
   0.0671363     0.880053    -0.470105
   -0.307427    -0.327006    -0.893619
   -0.946878     0.198282     0.253191
   0.0943933     0.923987    -0.370592
    0.442684     0.187928    -0.876763
    0.890254    -0.208944      0.40471
   -0.107138    -0.959701    -0.259801
    0.545158    0.0456262    -0.837091
    0.824266    -0.211325     0.525287
   -0.152931     -0.97635    -0.152814
    0.526705     0.789846    -0.314206
    0.838262    -0.421277     0.346182
   -0.141063     0.445723     0.883987
    0.465386     0.167692    -0.869077
    0.861271    -0.312135     0.400978
   -0.204029    -0.935121    -0.289691
   -0.478325     0.513286    -0.712561
   -0.848279   -0.0601124     0.526127
     0.22722      0.85611     0.464163
   -0.462725     0.410421    -0.785774
   -0.870529   -0.0428669     0.490246
    0.167523     0.910888     0.377119
     0.41134    0.0743155    -0.908447
    0.872671    -0.319849     0.368975
   -0.263145     -0.94455     -0.19642
   -0.388439    -0.284795     -0.87636
   -0.889734     0.363376     0.276279
    0.239766     0.887045    -0.394541
    0.354264      0.13226    -0.925745
    0.889507    -0.353142     0.289944
   -0.288571    -0.926174    -0.242752
    0.444046    -0.176892    -0.878369
    0.848441    -0.232142     0.475666
   -0.288048    -0.956462    0.0470013
    0.381006   -0.0251435    -0.924231
    0.866907    -0.337792     0.366564
   -0.321415    -0.940885    -0.106904
   -0.408748   -0.0230065    -0.912357
   -0.844843     0.387663     0.368725
    0.345204     0.921514    -0.177894
   -0.385629     0.321861    -0.864694
   -0.900988    0.0705391     0.428071
    0.198774     0.944156     0.262791
    0.321655    0.0803544    -0.943441
    0.913853    -0.287123     0.287113
   -0.247812    -0.954518    -0.165787
    -0.30962    -0.441144    -0.842334
   -0.927985     0.333334      0.16653
    0.207315     0.833235    -0.512582
   -0.368873     0.367481    -0.853751
   -0.913686    0.0252478     0.405636
    0.170619     0.929688     0.326449
   -0.448937     0.324621    -0.832512
   -0.882036    -0.011819     0.471034
    0.143068      0.94577     0.291634
   -0.435776     0.423698     -0.79409
   -0.891635   -0.0828186     0.445116
     0.12283     0.902009     0.413874
   -0.511107     0.331375     -0.79307
   -0.855074    -0.102331     0.508308
   0.0872845     0.937933     0.335652
    0.519103     0.846635    -0.117224
    0.846565    -0.490404      0.20696
   -0.117732     0.206671     0.971301
   -0.498003       0.4643    -0.732406
   -0.864045    -0.193973     0.464544
   0.0736204     0.864176     0.497775
    0.321955     0.423582    -0.846713
    0.941085    -0.240909      0.23732
   -0.103457    -0.873236    -0.476188
   -0.360761    -0.710074     0.604687
   -0.926721     0.345956    -0.146639
     0.10507     0.613278     0.782848
    -0.35665    -0.857833    -0.370031
   -0.927313      0.27692     0.251804
    0.113537    -0.432941     0.894244
   -0.422769    -0.798737    -0.428119
   -0.902337     0.327231     0.280549
   0.0839916    -0.504915     0.859073
   -0.413895    -0.675829     0.609874
   -0.906302      0.36883     -0.20635
   0.0854828     0.638138     0.765162
    0.423375     0.860979    -0.281901
     0.90083    -0.367032     0.231933
   -0.096223     0.352139     0.930988
    0.465248     0.838745     0.282935
    0.883462    -0.459892   -0.0894071
  -0.0551297    -0.291558     0.954963
    0.482668     0.872136   -0.0800613
    0.874114    -0.474045     0.105861
  -0.0543722     0.121078     0.991153
   -0.510798    -0.718355     0.472283
   -0.859168     0.445883    -0.251035
   0.0302511     0.533999     0.844944
   -0.466072    -0.808312     0.359735
   -0.883444     0.447241    -0.139652
   0.0480057     0.382893     0.922544
   -0.503724    -0.748451     0.431374
   -0.863496     0.450824    -0.226124
   0.0252305     0.486394     0.873375
   -0.493499     -0.69033     0.529059
   -0.869297     0.411039    -0.274534
   0.0279449     0.595391      0.80295
    0.488519     0.859565     -0.14999
    0.870478    -0.468252     0.151685
    -0.06015     0.204664     0.976982
    0.521793    -0.241673    -0.818123
    0.852417      0.11014      0.51113
  -0.0334182    -0.964087     0.263477
   -0.428555    -0.903352   -0.0171848
     -0.8975     0.423433     0.123283
    0.104092   -0.0682569     0.992223
    0.361758     0.922025     0.137844
    0.920497    -0.376688     0.103877
   -0.147702   -0.0893067     0.984992
    0.357106     0.901106    -0.245933
    0.924309    -0.302955     0.232103
   -0.134643     0.310203     0.941087
   -0.304081    -0.628619    -0.715802
   -0.940492     0.317737     0.120494
    0.151692     0.709846    -0.687829
     0.30165     0.287422    -0.909063
    0.935788     -0.27177     0.224592
   -0.182504    -0.918439    -0.350946
     -0.3126    -0.519436    -0.795279
   -0.941254     0.281999     0.185791
    0.127761     0.806637    -0.577073
   -0.474583    -0.563563    -0.676142
   -0.879437     0.335796      0.33739
    0.036905     0.754744    -0.654981
     -0.4813    -0.440701    -0.757715
   -0.875679     0.280395     0.393148
   0.0391987     0.852737    -0.520867
   -0.414179    -0.551892    -0.723789
   -0.907428     0.312331     0.281111
   0.0709185     0.773217    -0.630164
   -0.413876    -0.298886    -0.859869
    -0.90657     0.221125     0.359492
   0.0826914     0.928316    -0.362479
   -0.415691    -0.565866    -0.712037
   -0.907768     0.306504     0.286377
   0.0561911     0.765409    -0.641086
    0.316169     0.225942    -0.921405
    0.942706    -0.183848     0.278396
   -0.106497    -0.956635    -0.271124
   -0.316568    -0.360309    -0.877475
   -0.945348      0.19602     0.260564
   0.0781191     0.912005    -0.402671
    0.234884      -0.4492     0.862003
    0.967536     0.193161    -0.162983
  -0.0932932     0.872301     0.479988
   -0.305919    -0.487896     -0.81754
   -0.943454     0.270539     0.191582
    0.127704      0.82992     -0.54307
    0.227458    -0.383699     0.895007
    0.964143     0.217775    -0.151666
   -0.136716     0.897413     0.419475
    0.242316    -0.416985     0.876017
    0.956261     0.255139    -0.143066
    -0.16385     0.872369     0.460571
   -0.355898    -0.353108    -0.865246
   -0.932291     0.198125     0.302621
   0.0645695     0.914364    -0.399712
   -0.259475    -0.261642     0.929632
   -0.961107     0.164238    -0.222035
    0.094587     0.951089     0.294081
   -0.446735    -0.461953    -0.766177
   -0.893766     0.268846     0.359032
   0.0401282     0.845175    -0.532981
    0.504079    0.0255689    -0.863279
    0.863134    -0.049718     0.502522
  -0.0300716    -0.998436   -0.0471312
    0.495865     0.193132    -0.846651
    0.867767    -0.147423     0.474603
  -0.0331554    -0.970034    -0.240695
    0.397259    -0.212842    -0.892683
    0.832303    -0.326216     0.448169
   -0.386597    -0.921022    0.0475565
    0.361866   -0.0487734    -0.930953
    0.860411    -0.366895     0.353668
   -0.358812    -0.928983   -0.0908016
    0.365883     0.868339    -0.334838
     0.85219    -0.167999     0.495529
   -0.374035     0.466652     0.801458
   -0.404694    -0.812407    -0.419782
   -0.817351     0.115502     0.564443
    0.410072    -0.571536     0.710765
   -0.331704    -0.623144    -0.708283
   -0.886034     0.463565   0.00710708
    0.323906      0.62992    -0.705893
    0.384786     0.893824    -0.230259
    0.844221    -0.239964     0.479279
   -0.373137     0.378809     0.846919
   -0.353299    -0.935367   -0.0163932
   -0.881337     0.326912     0.341135
    0.313727    -0.134971     0.939871
   -0.410695     -0.78776     -0.45909
   -0.871669      0.19154     0.451116
    0.267437    -0.585446     0.765331
   -0.419573     0.596212    -0.684464
    -0.80276     0.108264     0.586392
    0.423717     0.795494      0.43319
    0.427482     0.162078    -0.889376
    0.831687    -0.456114     0.316632
   -0.354338    -0.875038    -0.329779
    0.454535     0.185283    -0.871245
    0.793738    -0.528114     0.301787
   -0.404201    -0.828713    -0.387112
    0.328194     0.937585    -0.114988
     0.91466    -0.285014     0.286642
   -0.235978     0.199249     0.951112
   -0.388284     -0.83174    -0.396792
   -0.901296     0.252995     0.351652
    0.192097    -0.494168     0.847878
   -0.381047    -0.772916    -0.507351
   -0.919743     0.260975     0.293197
   0.0942109    -0.578354     0.810328
     0.32358     0.931548    -0.165872
     0.93321    -0.285247     0.218525
   -0.156252     0.225504     0.961631
   -0.295278    -0.495052     -0.81715
   -0.917865     0.384401    0.0987906
    0.265207     0.779204    -0.567897
   -0.286099    -0.346498    -0.893357
   -0.936279     0.299375     0.183729
    0.203787     0.888996     -0.41007
    -0.29897    -0.688889     -0.66034
   -0.915299    0.0112983     0.402617
    0.269898    -0.724778     0.633917
   -0.328989    -0.359295    -0.873312
   -0.890457     0.425933     0.160212
    0.314409     0.830354    -0.460064
   -0.281055    -0.323723    -0.903444
   -0.932499     0.314627     0.177356
    0.226834     0.892308    -0.390299
    0.474802   -0.0983562    -0.874579
    0.797156    -0.373065     0.474726
   -0.372967    -0.922577   -0.0987268
    0.464243     0.176754    -0.867892
    0.837194    -0.407423     0.364847
   -0.289111    -0.895971     -0.33712
    0.507801     0.165089    -0.845508
    0.824984    -0.375813     0.422096
    -0.24807    -0.911872    -0.327034
   -0.484148 -0.000589321    -0.874986
    -0.80932     0.380387     0.447557
     0.33257     0.924827     -0.18464
    0.503093   -0.0738391    -0.861072
    0.853206    -0.116211     0.508463
   -0.137611    -0.990476   0.00453478
   -0.496669    -0.681311    -0.537713
   -0.843381     0.232507     0.484406
    0.205009    -0.694086     0.690084
   -0.508403    -0.773319    -0.378818
   -0.853472     0.394013     0.341087
     0.11451     -0.49672     0.860324
   -0.513125    -0.713996    -0.476353
   -0.851827     0.355516     0.384707
    0.105328    -0.603173     0.790626
    0.490283     0.870179    0.0491114
    0.812344     -0.47666     0.335994
   -0.315784     0.124837     0.940583
   -0.485204    -0.774229    -0.406382
   -0.852198     0.314643      0.41804
    0.195794    -0.549152     0.812463
      0.4584     0.881602     0.112463
    0.833664    -0.470389     0.289378
   -0.308017    0.0388939     0.950585
   -0.496661      -0.6982    -0.515602
   -0.867159     0.373886     0.329007
   0.0369358    -0.610514     0.791144
   -0.502701     -0.78261     -0.36717
   -0.864455     0.456643     0.210226
 -0.00314016    -0.423083     0.906086
   -0.476032    -0.748258    -0.462065
   -0.873835     0.461617     0.152717
  -0.0990255    -0.476467     0.873598
     0.49703     0.730892    -0.467715
    0.863662    -0.468839     0.185145
   0.0839625      0.49597     0.864271
   -0.496349     0.521899    -0.693728
   -0.866194    -0.244494      0.43581
   0.0578368     0.817217      0.57342
    -0.46983    -0.705983    -0.529951
    -0.88212     0.398271     0.251484
  -0.0335207    -0.585635     0.809881
     0.42935     0.877991    -0.211639
     0.89376    -0.379379       0.2393
   -0.129812     0.291898     0.947599
   -0.442143    -0.397706    -0.803952
   -0.875591     0.385795     0.290693
    0.194551     0.832461    -0.518805
    0.417342       0.9069    0.0579586
    0.908121    -0.418576    0.0105138
   -0.033795   -0.0482456     0.998264
    0.462505    -0.622629    -0.631206
    0.844636     0.525891     0.100147
    0.269591    -0.579458     0.769122
    -0.46383     0.345466    -0.815791
   -0.843106    -0.454941     0.286706
    -0.27209     0.820781      0.50228
   -0.447333     -0.64126    -0.623441
   -0.852028     0.517491     0.079068
   -0.271922    -0.566559     0.777862
    -0.44873    -0.687756    -0.570643
   -0.855936     0.514341    0.0531739
   -0.256934    -0.512295     0.819475
   -0.472617     0.453242    -0.755781
   -0.841035    -0.488141     0.233191
   -0.263236     0.745848     0.611896
   -0.452758     0.601061    -0.658587
   -0.869153     -0.46233     0.175569
   -0.198957     0.651903     0.731737
    0.431885     0.847972    -0.307278
    0.879928    -0.470933   -0.0628448
    0.197998     0.243241     0.949542
    -0.41663    -0.787663     -0.45388
   -0.897194     0.436728    0.0656647
     -0.1465    -0.434576      0.88864
   -0.375325    -0.816302    -0.439069
   -0.924446     0.364073     0.113364
  -0.0673138    -0.448443     0.891273
   -0.458637     0.461347    -0.759481
   -0.864004    -0.431303     0.259761
   -0.207727      0.77533     0.596417
    0.392303     0.868507    -0.302976
    0.911165    -0.412039  -0.00133747
    0.125999     0.275537     0.952997
   -0.408759     0.540191    -0.735602
   -0.903037    -0.356029     0.240349
   -0.132061      0.76252     0.633342
   -0.428952    -0.799039    -0.421351
   -0.900894     0.412618     0.134668
  -0.0662523    -0.437359     0.896843
   -0.375214    -0.828502     -0.41569
   -0.926831     0.328499     0.181861
   0.0141181    -0.453511     0.891139
   -0.462635    -0.761446    -0.454058
   -0.878907      0.46103     0.122371
   -0.116155    -0.455688     0.882529
   -0.462602      0.35795    -0.811093
   -0.871576    -0.351143     0.342132
   -0.162343       0.8652      0.47442
   -0.453459     0.524363    -0.720707
   -0.859744    -0.470532     0.198595
   -0.234979     0.709678     0.664185
   -0.442931    -0.660719    -0.606022
   -0.864343     0.494252    0.0928721
   -0.238165    -0.564947     0.790008
   -0.463389    -0.729682    -0.502827
   -0.867056     0.490513    0.0872387
   -0.182987    -0.476404     0.859974
   -0.439975     0.490013    -0.752535
   -0.855614    -0.483191     0.185611
   -0.272666     0.725544     0.631854
    0.376287     0.875792     0.302319
    0.924002     -0.33077    -0.191866
   0.0680368     -0.35154     0.933697
    0.340888    0.0482007    -0.938867
    0.939627    0.0143512     0.341901
   0.0299537    -0.998735   -0.0403985
   -0.312212    -0.568652    -0.761025
   -0.949184     0.220158     0.224899
   0.0396565     0.792569    -0.608492
    0.337588    0.0825575    -0.937667
    0.941137   -0.0478069     0.334628
  -0.0172009    -0.995439    -0.093837
     0.29067      0.19674    -0.936378
    0.952894     -0.14812     0.264676
  -0.0866242    -0.969203    -0.230527
   -0.292445    -0.404321    -0.866603
   -0.950575     0.221767     0.217315
    0.104319     0.887324    -0.449192
   -0.278321    -0.595977    -0.753225
   -0.949785     0.287517     0.123459
    0.142986     0.749764    -0.646072
   -0.314466    -0.644302    -0.697127
   -0.946248     0.271303     0.176097
   0.0756735     0.715031    -0.694985
    0.274493     0.259865     -0.92581
     0.94431    -0.254549     0.208529
   -0.181474    -0.931491    -0.315265
   -0.282184    -0.501327    -0.817951
   -0.947696     0.278217     0.156424
    0.149148     0.819309    -0.553613
    0.320628     0.944664    0.0693311
    0.943233    -0.325123    0.0678652
   -0.086651   -0.0436359     0.995283
    0.331217     0.841459    -0.426899
    0.943523     -0.29166     0.157159
 -0.00773339     0.454842     0.890538
   -0.678043    -0.405479    -0.613062
   -0.552041     0.831618    0.0605224
    0.485293     0.379472    -0.787713
    0.687395    0.0779907    -0.722084
    0.550516    -0.704444     0.447984
    -0.47373    -0.705461    -0.527167
   -0.685026    -0.250463     -0.68411
   -0.603773     0.720666     0.340734
    0.407673     0.646459    -0.644898
   -0.691691    -0.513079     0.508245
   -0.610739     0.791165   -0.0324895
    0.385436     0.332878     0.860599
   -0.698653    -0.357158    -0.619937
   -0.565026     0.806977     0.171854
    0.438895     0.470347    -0.765601
   -0.676358    -0.636829      0.37012
   -0.662669     0.745473    0.0716991
    0.321574     0.196772     0.926213
   -0.689124    -0.558739     0.461431
   -0.617176     0.786241    0.0303252
     0.37974     0.263886     0.886658
   -0.675862    -0.507043      -0.5349
   -0.664108     0.733714     0.143616
