   0.0143641    -0.899524     0.436635
   -0.998931   -0.0321006   -0.0332691
   0.0439426     -0.43569    -0.899023
  -0.0236781    -0.884048     0.466796
   -0.998792   0.00080722   -0.0491348
   0.0430607    -0.467395    -0.882999
  -0.0718104    -0.862577     0.500804
   -0.996679    0.0427334   -0.0693107
   0.0383847    -0.504118    -0.862781
   -0.114539     -0.83795     0.533593
   -0.992432    0.0725811   -0.0990513
   0.0442712      -0.5409    -0.839921
    -0.14837    -0.942138     0.300603
   -0.987698     0.125993   -0.0926221
   0.0493891    -0.310647    -0.949241
    0.140569     0.985796   -0.0919065
    0.989717    -0.137429    0.0396772
   -0.026483    0.0965387     0.994977
   -0.168954    -0.486042    -0.857448
   -0.985168     0.109741     0.131914
   0.0299815     0.867018    -0.497374
   -0.167142    -0.893016     0.417835
   -0.985148     0.134367    -0.106903
   0.0393229    -0.429497    -0.902212
   -0.170367    -0.853617    -0.492253
   -0.985244     0.139248     0.099518
   0.0164048    -0.501944     0.864745
   -0.168742    -0.877752     0.448417
    -0.98485     0.131706    -0.112798
   0.0399492    -0.460657    -0.886679
   -0.164807    -0.800053    -0.576849
   -0.986311     0.136934    0.0918717
 -0.00548827    -0.584093     0.811668
   -0.161511    -0.878224     0.450151
   -0.986548     0.132011   -0.0964202
   0.0252538    -0.459669    -0.887731
    0.159021     0.982516   -0.0968176
    0.973263    -0.139545     0.182446
   -0.165746     0.123242     0.978437
   -0.209711    -0.977613   -0.0171779
   -0.956182     0.201379     0.212515
    0.204298   -0.0609919     0.977007
   -0.165141    -0.922179    -0.349734
   -0.969857    0.0874172     0.227455
    0.179182    -0.376754     0.908818
   -0.214253     -0.87833    -0.427355
   -0.955213     0.096977     0.279578
    0.204118    -0.468115      0.85977
    0.244699     0.952725     0.180101
    0.943077    -0.277011     0.184038
   -0.225228    -0.124816     0.966278
   -0.181794    -0.875675    -0.447375
    -0.96589    0.0736955     0.248246
    0.184413    -0.477245     0.859203
     0.24243     0.912217    -0.330285
    0.944047    -0.143343     0.297032
   -0.223613     0.383814     0.895926
   -0.217522    -0.879575    -0.423121
   -0.954302     0.100639     0.281388
     0.20492    -0.464993     0.861272
   -0.236114     0.527218    -0.816267
    -0.94831    0.0582774      0.31195
    0.212035     0.847729     0.486206
    -0.26077    -0.828208    -0.496054
   -0.936813    0.0929688     0.337252
    0.233197    -0.552655      0.80012
    0.256666     0.595449     -0.76129
     0.94006    -0.336784    0.0535188
   -0.224523    -0.729395    -0.646199
    0.264639     0.639185    -0.722087
    0.937036    -0.347382     0.035916
   -0.227883    -0.686126     -0.69087
   -0.186323    -0.885521    -0.425602
   -0.965216    0.0841119     0.247554
    0.183416    -0.456923     0.870391
      0.2138    -0.265606    -0.940076
    0.957311    -0.134672      0.25577
   -0.194536    -0.954629     0.225475
    0.183665    -0.668125    -0.721025
    0.968225   -0.0036886     0.250052
   -0.169725     -0.74404     0.646218
   -0.137791    -0.870053     -0.47331
   -0.978335    0.0450114     0.202073
     0.15451    -0.490899     0.857406
   -0.135939    -0.946194    -0.293661
   -0.977878    0.0805811     0.193033
    0.158983    -0.313405     0.936217
   0.0934376     0.972554    -0.213091
     0.98666   -0.0617929     0.150613
   -0.133312     0.224321     0.965354
   0.0898676     0.995214   -0.0383797
    0.987314   -0.0839571     0.134766
   -0.130899    0.0500039     0.990134
   -0.126101    -0.939987    -0.317055
   -0.979393    0.0671392      0.19048
    0.157762    -0.334541     0.929082
   0.0791276     0.991081     0.107222
    0.989287   -0.0913075     0.113907
   -0.122681   -0.0970601     0.987689
   0.0454595     0.996009    0.0768137
    0.993169   -0.0533335     0.103778
   -0.107461   -0.0715714      0.99163
  -0.0326572    -0.999422   0.00946013
   -0.994897    0.0334105    0.0952047
   0.0954657   0.00630274     0.995413
 -0.00813721    -0.998377   -0.0563687
    0.997004  -0.00376393   -0.0772594
  -0.0769219    0.0568285    -0.995416
    0.122304     0.992063   -0.0291937
    0.981943    -0.116674      0.14891
   -0.144322    0.0468788      0.98842
   -0.250966    -0.551633    -0.795435
   -0.945974     0.314047    0.0806708
    0.205304     0.772707    -0.600645
   -0.250658    -0.481825    -0.839652
   -0.945753     0.307066     0.106126
    0.206694     0.820704    -0.532656
   -0.231401    -0.292339    -0.927896
     -0.9567     0.241492     0.162501
    0.176574     0.925321    -0.335562
   -0.225291    -0.373709    -0.899769
   -0.958983     0.248123     0.137063
    0.172032     0.893743    -0.414281
   -0.234349    -0.384939    -0.892694
   -0.955919     0.258357     0.139541
    0.176919     0.886044    -0.428516
   -0.203413    -0.320524    -0.925142
   -0.969358     0.198841     0.144245
    0.137722     0.926136    -0.351149
    0.210736     0.157112    -0.964835
    0.967229    -0.176509     0.182516
   -0.141626    -0.971679     -0.18916
   -0.186532    -0.489333    -0.851915
   -0.977558     0.178859     0.111307
   0.0979066     0.853559    -0.511714
   -0.192187    -0.302972     -0.93342
   -0.972417     0.186897     0.139552
    0.132173     0.934493    -0.330534
   -0.174493    -0.575652     -0.79886
   -0.980188     0.178773    0.0852783
   0.0937236     0.797913    -0.595442
   -0.160891    -0.392185    -0.905707
   -0.982793     0.148019      0.11049
   0.0907296     0.907899    -0.409251
    -0.21671    -0.540299    -0.813089
   -0.966728     0.234727     0.101683
    0.135914     0.808072     -0.57319
   -0.202255    -0.760865     0.616585
   -0.975152     0.214582   -0.0550793
      0.0904     0.612404     0.785359
   -0.204573    -0.417614    -0.885295
   -0.975154      0.16548     0.147277
   0.0849934     0.893429    -0.441091
   -0.219318    -0.809295     0.544923
   -0.967956     0.250507   -0.0175369
    0.122314     0.531308     0.838302
   -0.232308    -0.315854    -0.919929
   -0.957495     0.240531      0.15921
    0.170984     0.917813    -0.358306
    0.223339     0.214334    -0.950884
    0.962296    -0.203868     0.180067
   -0.155261    -0.955248    -0.251784
   -0.234361    -0.494504    -0.836983
   -0.953162     0.286215    0.0977909
      0.1912     0.820699     -0.53842
   -0.245594    -0.557866     -0.79276
   -0.948093      0.30865    0.0765183
    0.201998     0.770403    -0.604711
    0.213653     0.198676    -0.956494
     0.96159    -0.215486     0.170032
    -0.17233    -0.956082    -0.237084
   -0.183462    -0.916219     0.356209
   -0.981594     0.151189    -0.116682
   0.0530514     -0.37106    -0.927092
   -0.183901    -0.907043     0.378753
   -0.980361     0.141332    -0.137545
   0.0712292    -0.396609     -0.91522
   -0.194037    -0.844728    -0.498783
   -0.975796     0.113927     0.186661
    0.100853    -0.522929     0.846389
   -0.167436    -0.897736     0.407473
   -0.983535     0.123596    -0.131844
   0.0679994     -0.42284     -0.90365
   -0.168035    -0.916585    -0.362816
   -0.980647     0.117914     0.156291
    0.100473    -0.382057     0.918661
   -0.136376     -0.96401     0.228222
   -0.985836      0.10936    -0.127155
     0.09762     -0.24233     -0.96527
   -0.129728    -0.914026     0.384353
   -0.989816    0.0964628    -0.104689
   0.0586124     -0.39402    -0.917231
   -0.185963     -0.83406     0.519385
   -0.971967     0.233557    0.0270525
    0.143869     0.499794     0.854112
   -0.146588    -0.763489    -0.628964
    -0.97927    0.0221509     0.201343
    0.139791     -0.64544      0.75091
    0.209866     0.248886    -0.945522
    0.968268    -0.187119      0.16566
   -0.135695    -0.950285    -0.280259
   -0.217011    -0.437813    -0.872483
    -0.97007     0.196482     0.142688
    0.108956     0.877334    -0.467348
   -0.209628    -0.455879    -0.865003
   -0.974225     0.172764     0.145046
   0.0833184     0.873113    -0.480345
    0.208882     0.286002    -0.935185
    0.976522    -0.112486     0.183714
  -0.0526528    -0.951604    -0.302784
    -0.20943    -0.290421    -0.933699
   -0.975034     0.134107     0.176988
   0.0738143     0.947455    -0.311257
   -0.190816    -0.916862     0.350647
   -0.980859     0.163967     -0.10503
    0.038804    -0.363976      -0.9306
  -0.0930226    -0.888768     0.448819
   -0.994413    0.0603449   -0.0866057
   0.0498884    -0.454368    -0.889416
  -0.0418731     -0.90819     0.416459
   -0.998208    0.0201941   -0.0563272
   0.0427458    -0.418071    -0.907408
  -0.0525436    -0.935728     0.348787
    -0.99568    0.0223167   -0.0901244
   0.0765481    -0.352016    -0.932858
   0.0105926    -0.879704     0.475403
   -0.999238   -0.0271774    -0.028026
   0.0375748    -0.474744    -0.879322
 -0.00412456    -0.729636     0.683823
   -0.998086   -0.0391878   -0.0478333
   0.0616984    -0.682712    -0.728078
   0.0421984    -0.663572     0.746921
   -0.997719   -0.0674137   -0.0035234
   0.0526908    -0.745069    -0.664903
   0.0498286    -0.902202     0.428425
   -0.998132   -0.0601669   -0.0106137
   0.0353527    -0.427096    -0.903515
   0.0044755    -0.996625   -0.0819646
    0.996888    0.0108977   -0.0780748
  -0.0787046    0.0813601    -0.993572
   0.0421641     0.994251    0.0984255
   -0.997758    0.0470262   -0.0476121
    0.051967    0.0961973    -0.994005
   0.0508552     0.968617    -0.243298
    0.993514   -0.0242577     0.111094
   -0.101706      0.24737     0.963568
     0.11431     0.950844    -0.287799
    0.986129     -0.07351     0.148813
   -0.120342     0.300817     0.946059
   -0.102522    -0.969189     0.223967
   -0.990403    0.0784763    -0.113765
   0.0926839    -0.233481    -0.967934
   -0.127799    -0.469367    -0.873706
   -0.991056    0.0945431    0.0941748
   0.0384003     0.877927    -0.477251
   -0.132179    -0.508186    -0.851044
   -0.990341     0.103973    0.0917281
   0.0418709     0.854948     -0.51702
   0.0949678     0.208715    -0.973355
    0.995424  -0.00949634    0.0950848
   0.0106023     -0.97793    -0.208662
   0.0898088      0.25603    -0.962488
    0.995896   -0.0121773    0.0896867
    0.011242    -0.966592    -0.256073
    0.104113      0.16704    -0.980438
    0.994516  -0.00760718     0.104312
  0.00996593    -0.985921    -0.166916
   0.0676118     0.971217     0.228401
    0.995427   -0.0501804   -0.0812889
   0.0674878    -0.232853     0.970168
   0.0738016    -0.867362    -0.492175
    0.995102    0.0314987    0.0937052
   0.0657735      0.49668    -0.865438
   0.0484686    -0.556293     0.829571
    0.992202    -0.068671     -0.10402
    0.114833     0.828144     0.548627
  -0.0666363      0.31912    -0.945369
   -0.996037   -0.0772137    0.0441434
  -0.0589083     0.944564     0.323001
  -0.0473662    -0.767076     0.639806
   -0.992615   -0.0354647    -0.116005
   -0.111675     0.640576     0.759731
  -0.0527533     0.326319    -0.943786
    -0.99379    -0.109876     0.017558
  -0.0979701     0.938852     0.330089
   0.0750973    -0.896679     0.436264
    0.993985    0.0323406     -0.10463
   0.0797108     0.441498     0.893715
  -0.0451248     -0.94441     0.325658
    -0.99107   0.00137724    -0.133333
   -0.125473     0.328767     0.936039
  -0.0573135     -0.80304     0.593163
   -0.990608   -0.0281343    -0.133805
   -0.124139     0.595261     0.793885
    0.101599     0.973869      0.20312
    0.992129   -0.0841675   -0.0927101
   0.0731914    -0.210941     0.974755
    0.123643     0.976086     0.178795
    0.992092    -0.117675   -0.0436481
   0.0215645    -0.182778     0.982918
   -0.140605    -0.900984     0.410437
   -0.989809     0.118477   -0.0790042
   -0.022554     0.417362      0.90846
   -0.159287    -0.614626    -0.772569
   -0.986481      0.12962      0.10027
   0.0385119     0.778096    -0.626964
    0.149995     0.250028     -0.95655
    0.987654   -0.0821044     0.133411
  -0.0451803    -0.964751    -0.259257
   -0.173854    -0.382855    -0.907302
   -0.984138     0.100586     0.146133
   0.0353143     0.918316    -0.394269
   0.0502292     0.225372    -0.972977
    0.989436     0.121421    0.0792038
     0.13599    -0.966677    -0.216892
  -0.0391785    -0.728536     0.683886
   -0.986785     0.135902    0.0882437
    -0.15723    -0.671391    -0.724232
  -0.0375915     0.376378    -0.925703
   -0.982522    -0.182924   -0.0344756
    -0.18231     0.908228     0.376676
   0.0488877    -0.204643    -0.977615
    0.984074     0.177346    0.0120872
    0.170902    -0.962637     0.210054
   0.0182529    -0.712087     0.701854
    0.981262    -0.121911    -0.149208
    0.191813     0.691426     0.696518
  -0.0430951    -0.999041  -0.00769939
   -0.976106    0.0437461    -0.212847
    -0.21298   0.00165724     0.977055
   0.0204303     0.997502    0.0676163
    0.974559    -0.004771    -0.224079
    0.223197   -0.0704741     0.972222
   0.0335842     0.992293    -0.119275
    0.969452   -0.0613571    -0.237485
    0.242973     0.107655     0.964041
   0.0581413    -0.259416    -0.964014
    0.977958     0.208781   0.00279939
    0.200541    -0.942928     0.265837
    0.052599     0.983301    -0.174221
    0.971138    -0.091012    -0.220474
    0.232648     0.157596     0.959707
  -0.0574085    -0.369706     0.927373
   -0.973217     0.227843    0.0305855
   -0.222603     -0.90078    -0.372885
-0.000144505    -0.995925   -0.0901822
    0.972738   -0.0210537     0.230947
    0.231905    0.0876903    -0.968778
   -0.014477    -0.994229      -0.1063
   -0.968394    0.0404164    -0.246131
   -0.249006   -0.0993772      0.96339
  -0.0122258    -0.992863    -0.118635
    0.966532   -0.0421395     0.253062
    0.256255     0.111571    -0.960149
  -0.0174868     -0.96271     -0.26997
    0.971107   -0.0806269     0.224613
    0.238004     0.258242    -0.936304
  0.00386696     -0.49663     0.867954
    0.980083    -0.170454    -0.101898
    0.198552     0.851061     0.486079
 -0.00355953    -0.707696     0.706508
    0.978558    -0.147965    -0.143284
     0.20594      0.69085     0.693048
   0.0125224     0.987607     0.156446
    0.985891    0.0139229    -0.166806
    0.166917    -0.156327     0.973499
  -0.0219528    -0.999529    0.0214259
   -0.986407    0.0181638    -0.163313
   -0.162847    0.0247198     0.986342
  -0.0114771   -0.0267308    -0.999577
   -0.985912    -0.166519    0.0157733
    -0.16687     0.985676   -0.0244431
   0.0276844    -0.777663     0.628072
   -0.971002     0.128338     0.201706
   -0.237465    -0.615443    -0.751559
   0.0127878     0.980071     0.198236
     0.97559    0.0312369    -0.217368
    0.219228    -0.196176     0.955748
 -0.00662841     -0.92037    -0.390993
    0.973281   -0.0956826      0.20873
     0.22952     0.379163    -0.896413
   0.0325919    -0.737068     0.675032
    0.979948    -0.109265     -0.16662
    0.196568     0.666927     0.718728
   0.0529125    -0.773238     0.631904
    0.980537   -0.0795798    -0.179484
    0.189071     0.629102     0.753978
   0.0125505    -0.803324      0.59541
    0.979406    -0.110125    -0.169225
    0.201513     0.585272     0.785398
   0.0662692     0.973535     0.218718
    0.984262   -0.0277917    -0.174517
     0.16382    -0.226841     0.960055
   0.0447969    -0.897247    -0.439251
    0.984042   -0.0361624     0.174225
    0.172207     0.440046    -0.881308
   0.0942807     0.966489     0.238769
    0.988531   -0.0624622    -0.137499
    0.117977    -0.248993     0.961293
   0.0800252     0.975713    -0.203914
    0.983018    -0.111141    -0.146022
    0.165138     0.188766     0.968038
   -0.111308    -0.894325     0.433351
   -0.985532    0.0432519    -0.163877
   -0.127816     0.445322     0.886201
   -0.117247    -0.938756     0.324022
   -0.986283     0.148242    0.0725992
   -0.116187    -0.311065     -0.94326
  -0.0156491    -0.970679    -0.239871
   -0.984154     0.057331    -0.167794
   -0.176626    -0.233444     0.956194
   0.0822693     0.991427    -0.101509
     0.98985   -0.0931299    -0.107353
    0.115886     0.091647     0.989025
 -0.00399488    -0.836318      0.54823
    0.978935    -0.115184    -0.168578
    0.204132     0.536008     0.819161
  -0.0264654    -0.982771    -0.182925
    0.970627   -0.0690363      0.23047
    0.239128     0.171452    -0.955731
   0.0242589     0.995539    0.0911834
   -0.971258   0.00186629     0.238022
    -0.23679    0.0943367     -0.96697
   0.0394298    -0.970583    -0.237518
   -0.966089     0.023675    -0.257123
   -0.255182    -0.239602     0.936735
  -0.0304667     0.999418    0.0153222
    0.965747    0.0254813     0.258231
     0.25769    0.0226648    -0.965962
   0.0385044    -0.887604     0.458996
   -0.967862    0.0811096     0.238042
   -0.248516     -0.45341    -0.855955
     -0.1465    -0.916735     0.371665
   -0.986773     0.161792    0.0101111
  -0.0694018    -0.365268    -0.928312
   -0.155578    -0.834927    -0.527913
   -0.984792     0.172929    0.0167235
  -0.0773286    -0.522487     0.849134
   -0.173283     0.610369    -0.772932
   -0.984309    -0.133856     0.114968
  -0.0332884     0.780726     0.623986
   -0.161174    -0.852001     0.498114
   -0.986179      0.15867   -0.0476999
  -0.0383954    -0.498918    -0.865798
    0.170176     0.672343    -0.720413
    0.984711   -0.0884273     0.150082
   0.0372024    -0.734939    -0.677112
   -0.194485    -0.934732    -0.297409
   -0.980874     0.182896    0.0665952
   0.0078536    -0.304672     0.952425
    0.197424     0.192373    -0.961258
    0.980267    -0.048817     0.191558
  -0.0100753    -0.980107    -0.198214
   -0.164266    -0.859338     0.484308
   -0.986313     0.150175   -0.0680696
  -0.0142362    -0.488861    -0.872246
   -0.188437    -0.524647    -0.830203
   -0.981826     0.120057     0.146981
   0.0225583     0.842812    -0.537735
   -0.151862    -0.797457     0.583953
   -0.987984     0.105298    -0.113136
  -0.0287322     0.594117     0.803865
    0.113399     0.753162     0.647987
    0.990359    -0.033461    -0.134423
   0.0795597    -0.656984     0.749695
    0.136779     0.669807    -0.729829
    0.987221   -0.0313568      0.15624
   0.0817653    -0.741873    -0.665537
   -0.163671    -0.803061     0.572979
   -0.986394      0.14231   -0.0823063
   -0.015444    -0.578655    -0.815426
   -0.158192      -0.9209     0.356257
   -0.986279     0.164623    -0.012407
  -0.0472225    -0.353332    -0.934306
   -0.155416    -0.803269     0.574983
   -0.986324     0.158514    -0.045152
  -0.0548735    -0.574137    -0.816919
   -0.141561    -0.921742     0.361043
   -0.987337     0.157845    0.0158562
  -0.0716044    -0.354227    -0.932414
   -0.142277    -0.866714     0.478084
   -0.986728     0.162381   0.00073075
  -0.0782652    -0.471635    -0.878314
    -0.11719     -0.89117     0.438273
    -0.98812     0.148816    0.0383828
  -0.0994275    -0.428568    -0.898022
   -0.115211     -0.93366     0.339124
   -0.988537     0.141302    0.0531879
  -0.0975781    -0.329108    -0.939237
   -0.121085    -0.876073     0.466728
   -0.987286     0.155068    0.0349357
   -0.102981    -0.456564    -0.883711
  -0.0834332    -0.899489     0.428903
   -0.985478     0.138351    0.0984463
   -0.147891    -0.414461     -0.89797
  -0.0574392    -0.932167     0.357443
   -0.982918     0.115509     0.143284
   -0.174853    -0.343107    -0.922878
  -0.0579929    -0.923836     0.378369
   -0.985763     0.112908      0.12459
   -0.157821    -0.365757    -0.917232
  -0.0241894    -0.837125     0.546477
   -0.978327     0.132269     0.159312
   -0.205646     -0.53078    -0.822181
   -0.023919    -0.989942    -0.139438
   -0.982529    0.0490279    -0.179533
   -0.184564    -0.132707      0.97382
-0.000909887    -0.897756    -0.440492
   -0.979635    0.0892446    -0.179864
   -0.200785    -0.431357     0.879554
   0.0132403    -0.801807     0.597436
    -0.97416     0.124384     0.188523
    -0.22547    -0.584495    -0.779441
  -0.0216661    -0.903801     0.427404
   -0.986575     0.088542     0.137222
   -0.161865    -0.418693    -0.893586
   0.0101595    -0.899894      0.43599
   -0.984611    0.0670694     0.161376
   -0.174463     -0.43092    -0.885364
 0.000450663    -0.991338    -0.131338
   -0.987208    0.0204987    -0.158112
   -0.159434    -0.129729     0.978648
  -0.0439798    -0.947641     0.316294
   -0.986105     0.091944     0.138356
   -0.160193    -0.305814    -0.938518
    -0.07358    -0.945456      0.31733
   -0.985742     0.117229     0.120709
   -0.151325    -0.303924    -0.940601
  -0.0897012    -0.931185     0.353338
   -0.984423    0.0290325    -0.173401
    -0.15121     0.363389     0.919285
   -0.109366    -0.881688     0.458982
   -0.984632     0.159345    0.0714771
   -0.136157    -0.444112    -0.885565
  -0.0927469    -0.965362     0.243872
   -0.986704     0.121942     0.107452
   -0.133469    -0.230664    -0.963836
   0.0572171    -0.710737     0.701127
    0.986282   -0.0686752    -0.150104
    0.154835     0.700097     0.697058
 -0.00483771    -0.805513     0.592559
   -0.988209    0.0945338      0.12044
   -0.153032    -0.584989    -0.796473
     -0.4564  -0.00670807    -0.889749
   -0.880772     0.145292       0.4507
     0.12625     0.989366   -0.0722194
   -0.513666    -0.601946    -0.611399
   -0.852478     0.438708     0.284283
   0.0971022     0.667231    -0.738495
    0.490401     0.159589     -0.85676
     0.86827     -0.17399      0.46458
  -0.0749256     -0.97173    -0.223891
   -0.541682    -0.623634     0.563615
   -0.838205     0.451145    -0.306399
   0.0631915     0.638395      0.76711
   -0.566319    -0.591527     0.573915
   -0.819749     0.476423    -0.317857
   0.0854052     0.650475     0.754711
   -0.515226    -0.719624     0.465492
   -0.855472     0.464801    -0.228317
   0.0520582      0.51585     0.855096
    0.559579     0.782289    -0.273669
    0.825502    -0.496779     0.267875
  -0.0736026     0.375811     0.923769
    0.531883     0.279117    -0.799496
    0.844653    -0.242325     0.477325
  -0.0605083    -0.929178    -0.364646
   -0.527408    -0.647715     0.549824
   -0.845018     0.467113    -0.260288
   0.0882371     0.601889      0.79369
   -0.573072     0.452027    -0.683565
   -0.814477    -0.221899     0.536086
   0.0906427     0.863963     0.495329
    0.541559   -0.0580354    -0.838657
    0.833882   -0.0893673      0.54466
   -0.106558    -0.994306   -2.978e-06
    0.549877     0.725383     0.414071
     0.82501    -0.549071    -0.133715
   -0.130359     -0.41514      0.90037
     0.51729     0.854765    0.0422736
    0.854529    -0.518587    0.0291106
  -0.0468053   -0.0210654     0.998682
    -0.50765    -0.763133       0.3999
    -0.85855     0.486865    -0.160792
   0.0719915     0.424961     0.902345
   -0.491896     -0.37952    -0.783583
   -0.869234     0.265439     0.417102
   0.0496946     0.886288     -0.46046
   -0.493472     0.387455    -0.778694
   -0.869194    -0.187339     0.457609
   0.0314232     0.902653      0.42922
   -0.473209     -0.32035     -0.82064
   -0.880139     0.211902     0.424798
   0.0378111     0.923295    -0.382226
    0.444959     0.328735    -0.833034
    0.894799    -0.201306     0.398511
  -0.0366906    -0.922718    -0.383724
    0.420436     -0.17607    -0.890074
    0.906262    0.0340817     0.421341
  -0.0438504    -0.983787     0.173895
   -0.458915    -0.474291    -0.751296
   -0.886837     0.295936     0.354883
   0.0540181     0.829138    -0.556428
    0.380059     0.101764    -0.919347
    0.922168    -0.118885     0.368066
  -0.0718407    -0.987679    -0.139027
    0.385415     0.284307    -0.877852
    0.922048    -0.155581     0.354432
  -0.0358101    -0.946025    -0.322108
    0.347639     0.113543    -0.930728
    0.935999     -0.10051     0.337347
  -0.0552435    -0.988436    -0.141218
   -0.317034    -0.720879    -0.616298
   -0.947227     0.208168     0.243777
   0.0474403     -0.66106     0.748832
    0.429356     0.220647    -0.875767
    0.897807    -0.209451     0.387391
  -0.0979535    -0.952599    -0.288028
   -0.519159    -0.554468    -0.650415
   -0.836719     0.484908     0.254491
    0.174284     0.676336    -0.715678
    0.510033   -0.0654348    -0.857662
    0.847041    -0.135241     0.514034
   -0.149627     -0.98865   -0.0135516
   -0.465188    -0.884827    0.0260966
   -0.863085     0.459913      0.20872
    0.196684   -0.0745706     0.977627
   -0.482625    -0.670128     0.563917
   -0.846041     0.523205    -0.102331
     0.22647     0.526484     0.819467
    0.445655     0.205165    -0.871378
    0.878138    -0.289351     0.380985
   -0.173969    -0.934978    -0.309114
    0.425592    -0.169503    -0.888898
    0.871597    -0.187312     0.453027
   -0.243291    -0.967566    0.0680193
    0.404643     0.179361    -0.896713
    0.888239    -0.310284     0.338756
   -0.217476     -0.93357     -0.28487
    0.370543    -0.214788    -0.903639
    0.893256    -0.184213     0.410071
   -0.254541    -0.959131     0.123602
    0.449989     0.878947     0.157995
    0.849549    -0.475859     0.227649
   -0.275275   -0.0317851      0.96084
    0.394588     0.141234    -0.907939
    0.870345    -0.374274     0.320029
   -0.294619      -0.9165    -0.270606
    -0.42286     0.308613    -0.852025
    -0.84781     0.197298     0.492231
    0.320012     0.930501     0.178216
    0.379515    -0.198306    -0.903683
    0.905507     -0.12077     0.406783
   -0.189805    -0.972671     0.133733
   -0.347848      0.34556    -0.871544
   -0.911052     0.094867      0.40123
     0.22133     0.933589     0.281824
    0.335931     0.222985    -0.915111
    0.923546    -0.268779     0.273534
   -0.184969    -0.937036    -0.296228
   -0.381601     0.427406    -0.819576
   -0.911457   -0.0265445     0.410539
    0.153712      0.90367     0.399692
    0.423215   -0.0993007    -0.900571
    0.893932    -0.116119     0.432899
   -0.147561    -0.988259    0.0396248
    0.420407     0.290042    -0.859729
    0.899585    -0.256823     0.353254
    -0.11834     -0.92191    -0.368888
   -0.470594    -0.685458     0.555598
   -0.875367     0.441753    -0.196435
    0.110789     0.578794     0.807913
   -0.484997    -0.611925     -0.62476
   -0.864673     0.442432     0.237898
    0.130838     0.655593    -0.743693
    0.466593     0.324567    -0.822768
    0.880913    -0.253902     0.399407
  -0.0792682    -0.911148    -0.404384
    0.342465     0.514967    -0.785829
     0.93452    -0.272975      0.22838
  -0.0969032    -0.812585    -0.574731
   -0.370099    -0.477886     -0.79665
    -0.92342     0.283029     0.259212
    0.101601     0.831577    -0.546038
   -0.366224     -0.80163    -0.472514
   -0.924246     0.254468      0.28463
    0.107929    -0.540958     0.834096
   -0.413498    -0.672404    -0.613916
   -0.906396     0.240005     0.347626
   0.0864026    -0.700193     0.708706
    0.407667     0.286599    -0.866988
    0.908749    -0.220244     0.354497
  -0.0893502    -0.932391    -0.350233
    0.414598      0.84464    -0.338662
    0.905149     -0.34437     0.249227
  -0.0938822     0.409869       0.9073
   -0.441359    -0.603019    -0.664508
   -0.894935     0.349883     0.276898
   0.0655255     0.716903    -0.694087
   -0.445935    -0.729522     0.518594
   -0.892539     0.405932     -0.19645
   0.0671995      0.55047     0.832146
    0.466211     0.118076    -0.876758
    0.883277    -0.117796     0.453813
  -0.0496942    -0.985993    -0.159212
   -0.432613    -0.450846    -0.780759
   -0.898762     0.284067     0.333964
   0.0712214     0.846194    -0.528095
    0.451973       0.2149    -0.865759
    0.890265    -0.169721     0.422638
  -0.0561131    -0.961776    -0.268027
   -0.449078    -0.390391    -0.803694
   -0.891673     0.253191     0.375252
   0.0569926     0.885149    -0.461804
    0.452607     0.216756    -0.864964
    0.888563    -0.191046     0.417081
  -0.0748433    -0.957349    -0.279071
    0.475716     0.245106    -0.844759
      0.8783    -0.184548     0.441058
  -0.0477928     -0.95177    -0.303069
    0.410424     0.101603    -0.906217
    0.905242    -0.165222     0.391458
   -0.109954    -0.981009    -0.159787
    0.373093     0.925939    0.0586358
    0.918036    -0.377573     0.121032
   -0.134207  -0.00867379     0.990915
    0.367237     0.873609    -0.319288
    0.921862    -0.296196     0.249875
   -0.123722     0.386103     0.914121
   -0.327238    -0.877923     0.349522
   -0.934652     0.355156    0.0170121
     0.13907     0.321115     0.936774
    0.327423    -0.348842    -0.878125
    0.930749   -0.0410384     0.363348
   -0.162788    -0.936283     0.311248
   -0.334688    -0.765134     0.550049
   -0.935129     0.341695   -0.0936903
    0.116263     0.545724      0.82986
   -0.442835     -0.77153      0.45677
   -0.894851     0.412147    -0.171394
   0.0560214     0.484641     0.872918
    -0.44889    -0.736869     0.505493
   -0.892169     0.401428    -0.207096
   0.0503162     0.543948     0.837609
   -0.398628    -0.403098    -0.823777
   -0.914913     0.236965     0.326775
   0.0634838     0.883945     -0.46326
   -0.396019    -0.479965    -0.782817
   -0.915292      0.27462     0.294661
   0.0735498     0.833197    -0.548063
   -0.412495    -0.240154    -0.878734
    -0.90943     0.164453     0.381959
   0.0527811     0.956703     -0.28624
   -0.342354    -0.280207    -0.896815
   -0.935563     0.189738     0.297862
   0.0866972     0.941001    -0.327109
   -0.335466    -0.493822    -0.802249
   -0.940005     0.231578     0.250523
   0.0620696      0.83816    -0.541882
    0.257252    -0.125283    -0.958189
    0.963094   -0.0480154     0.264848
  -0.0791887    -0.990958     0.108307
   -0.337425    -0.390853    -0.856375
   -0.935352      0.24176     0.258203
    0.106117     0.888136    -0.447161
   -0.261827    -0.641666      0.72091
   -0.958898     0.257606    -0.118973
     0.10937     0.722429      0.68274
    0.265222      0.66298     0.700083
    0.954724    -0.282059   -0.0945805
    -0.13476     -0.69347      0.70777
   -0.353631    -0.687925     0.633802
    -0.93431     0.292257    -0.204086
   0.0448375     0.664338     0.746086
    0.285578     0.944332     0.163345
    0.956734    -0.290835   0.00870784
  -0.0557296    -0.153791     0.986531
   -0.427334     -0.47829    -0.767218
   -0.903078     0.266037     0.337158
    0.042849     0.836937     -0.54562
    -0.47026    -0.308393    -0.826892
    -0.88165     0.205945     0.424593
   0.0393524     0.928698    -0.368742
    -0.45585    -0.561628    -0.690489
   -0.889026     0.324636      0.32287
   0.0428249     0.761042    -0.647287
    0.419785     0.282727    -0.862465
    0.837086    -0.487884     0.247498
   -0.350809    -0.825854    -0.441473
    0.381705     0.142306    -0.913263
    0.867176    -0.397067     0.300571
   -0.319854     -0.90669    -0.274967
   -0.386376     0.572922    -0.722823
   -0.858989    0.0619143     0.508237
    0.335933     0.817268     0.468212
    0.419221     0.904677    0.0762464
    0.828436    -0.415541     0.375524
   -0.371411    0.0942624     0.923671
    0.357101    -0.444587    -0.821475
    0.888348    -0.110121     0.445769
   -0.288645    -0.888941     0.355624
   -0.403793     -0.71236    -0.574016
   -0.850512    0.0611668     0.522386
    0.337016    -0.699144      0.63057
    0.372332     0.901115    -0.222173
    0.884384    -0.271874     0.379407
   -0.281486     0.337752     0.898159
    -0.40839     0.566517    -0.715735
   -0.876797   -0.0253958      0.48019
    0.253859     0.823659     0.507092
   -0.433356    -0.786788    -0.439507
   -0.815788      0.13521     0.562324
    0.383004    -0.602231     0.700446
    0.438735     0.148234    -0.886306
    0.843115    -0.409158     0.348923
   -0.310917    -0.900342     -0.30449
   -0.468736    -0.262349     -0.84348
    -0.80098     0.528845     0.280631
    0.372447     0.807153    -0.458025
    0.353145     0.925213    -0.138812
    0.914201    -0.309731     0.261347
   -0.198807     0.219195     0.955212
    0.393122     0.917147   -0.0655434
    0.903994    -0.372484     0.209882
   -0.168079      0.14176     0.975527
     0.37386     0.926851     0.034301
    0.922298     -0.37542    0.0917962
  -0.0979587   0.00268317     0.995187
   -0.341108    -0.857881    -0.384298
   -0.927515     0.240687     0.285982
    0.152843    -0.453993     0.877798
    0.324892   -0.0653824    -0.943488
    0.914345    -0.233238     0.331019
     -0.2417    -0.970219   -0.0159951
   -0.311614    -0.400386    -0.861735
     -0.9306     0.311882     0.191607
    0.192043     0.861638    -0.469786
    0.327344     0.177483    -0.928087
    0.914548    -0.306475      0.26396
   -0.237587    -0.935186    -0.262639
    0.355674     0.151596    -0.922234
    0.891669    -0.350706     0.286238
    -0.28004    -0.924134     -0.25991
   -0.311241     -0.66332     0.680541
   -0.929707     0.360909   -0.0734195
    0.196912     0.655554     0.729023
   -0.490435    -0.201295    -0.847911
   -0.796585     0.498152     0.342487
    0.353448     0.843401     -0.40466
   -0.471837    -0.312111    -0.824595
   -0.838505     0.447944      0.31025
     0.27254     0.837814    -0.473063
   -0.494358    -0.313187    -0.810878
   -0.838152     0.419056     0.349133
     0.23046     0.852236    -0.469662
    0.494203     0.182056     -0.85007
    0.802469    -0.471632     0.365522
   -0.334374    -0.862797    -0.379177
   -0.492331    -0.239138    -0.836913
   -0.859614     0.284541     0.424382
     0.13665     0.928358    -0.345655
    0.489088    0.0400824    -0.871313
    0.842427    -0.280624     0.459964
   -0.226075    -0.958981    -0.171016
    0.478037    -0.507298    -0.717028
    0.870937      0.16801      0.46178
   -0.113793    -0.845234      0.52214
   -0.477614     -0.79527    -0.373405
   -0.870519     0.370963     0.323392
    0.118664    -0.479513     0.869475
    0.484746     0.868784    -0.101173
    0.818591    -0.409882     0.402375
   -0.308108     0.277869     0.909867
   -0.471776     -0.80683    -0.355601
   -0.855329     0.320855     0.406773
      0.2141    -0.496061     0.841477
    0.461432     0.884343   -0.0708354
    0.831916     -0.40357     0.380852
   -0.308217     0.234666     0.921919
   -0.487311    -0.697568    -0.525287
   -0.872741     0.368958     0.319678
   0.0291885    -0.614222     0.788593
   -0.471647    -0.770944    -0.428012
   -0.881732     0.406907     0.238694
  0.00985916    -0.489971     0.871683
   -0.454007    -0.651845    -0.607434
    -0.88876     0.379608     0.256912
  -0.0631206    -0.656503     0.751678
    0.465741     0.846517    -0.257864
    0.882536    -0.465706    0.0651702
   0.0649214     0.257927     0.963981
   -0.475188    -0.398927    -0.784253
   -0.878856     0.258276     0.401131
   0.0425318     0.879858    -0.473329
   -0.467751    -0.590863    -0.657335
   -0.883775     0.302334     0.357122
  -0.0122755     0.747981    -0.663607
    0.437544     0.869305     0.229921
    0.892963    -0.450122   0.00253182
   -0.105693    -0.204203     0.973206
   -0.447632     -0.33567    -0.828825
   -0.872242     0.368125     0.321991
    0.197028     0.867069     -0.45757
    0.418708     0.884045    -0.207718
    0.907541    -0.399178     0.130485
  -0.0324383     0.243148     0.969447
     0.45614    -0.597585    -0.659415
    0.860562     0.484925     0.155823
    0.226649    -0.638545     0.735453
   -0.459665      0.53343    -0.710043
   -0.858648    -0.471109     0.201941
   -0.226786     0.702502     0.674581
   -0.446277     0.612108     -0.65281
   -0.867456     -0.47515      0.14749
   -0.219903     0.632105     0.743025
   -0.450239    -0.659133    -0.602353
   -0.869254     0.477803     0.126896
   -0.204165    -0.580731     0.788079
    -0.47615    -0.735925    -0.481348
   -0.850172     0.525123    0.0381389
   -0.224699    -0.427388     0.875699
   -0.446477     0.397001    -0.801903
   -0.878781    -0.363341       0.3094
   -0.168532     0.842837       0.5111
    0.437137     0.864368    -0.248554
     0.88668    -0.460478   -0.0419304
    0.150697     0.202059      0.96771
   -0.424901    -0.813839     -0.39639
   -0.899403     0.429182    0.0829301
   -0.102632    -0.391752     0.914329
    0.391215     0.890097    -0.233832
    0.919457    -0.388895    0.0579537
   0.0393518     0.237671     0.970548
    0.459052     0.835152    -0.302973
    0.868526    -0.493622   -0.0447253
    0.186906     0.242608     0.951949
    0.403035     0.904779    -0.137615
    0.910718    -0.411345   -0.0372454
    0.090306     0.110317     0.989785
   -0.431773    -0.901804   -0.0179255
    -0.89351      0.43035    -0.128212
   -0.123336    0.0393419     0.991585
   -0.422048    -0.799798    -0.426848
    -0.90578      0.39171     0.161635
  -0.0379248    -0.454848     0.889761
    0.379805     0.908857    -0.172414
    0.924478    -0.366265     0.105781
  -0.0329906     0.199569     0.979328
   -0.446451     0.580539    -0.680923
   -0.888935     -0.37479     0.263299
   -0.102348     0.722847     0.683387
   -0.451142     0.485882    -0.748592
     -0.8825    -0.367801     0.293116
   -0.132913     0.792869     0.594721
    -0.44229     -0.69676    -0.564717
   -0.876709     0.468642     0.108424
   -0.189104    -0.543047     0.818131
   -0.435352     0.481021    -0.760978
   -0.879727    -0.406815     0.246136
   -0.191181     0.776608     0.600275
   -0.446241    -0.643727    -0.621679
   -0.884278     0.423955     0.195742
   -0.137559    -0.637085      0.75842
    0.435388    -0.489434    -0.755574
    0.872281     0.436911     0.219623
    0.222628    -0.754694      0.61715
    0.383386    -0.212959    -0.898701
    0.922842      0.12744     0.363486
   0.0371233    -0.968714     0.245386
   -0.360535    -0.771647     0.523999
   -0.932651     0.290228    -0.214312
  -0.0132937     0.565976     0.824315
   -0.329815    -0.537371     -0.77618
    -0.94228     0.237654      0.23586
   0.0577184     0.809168    -0.584735
     -0.3535    -0.656053     0.666808
    -0.93507     0.267734      -0.2323
   0.0261266      0.70563     0.708099
   -0.314625    -0.270436    -0.909877
   -0.944278     0.186823     0.270992
   0.0966999     0.944437    -0.314145
    0.317647     0.208542    -0.924992
    0.942918    -0.172378      0.28494
   -0.100026    -0.962703    -0.251393
   -0.308661    -0.669296     0.675848
   -0.942393       0.3115    -0.121912
    0.128932     0.674544     0.726888
    -0.32979     0.530074    -0.781192
   -0.940993     -0.11798     0.317197
   0.0759723     0.839704     0.537705
    0.306884     0.217141    -0.926646
    0.937894     -0.23451     0.255656
   -0.161795    -0.947552    -0.275623
   -0.310511    -0.410095    -0.857558
   -0.939323     0.270743     0.210644
    0.145794     0.870931     -0.46928
    0.336611     0.936473    0.0985402
    0.936417    -0.343916    0.0696116
  -0.0990789   -0.0688427     0.992695
    0.342184    -0.171943    -0.923767
    0.939053    0.0280243     0.342629
  -0.0330247    -0.984708     0.171053
    0.674144   -0.0433693    -0.737326
     0.56099    -0.619283     0.549344
   -0.480438    -0.783969    -0.393156
   -0.684989    -0.280051    -0.672578
   -0.567296     0.784263      0.25121
    0.457126     0.553627    -0.696084
   -0.681133    -0.375805    -0.628353
   -0.616936     0.756745     0.216163
    0.394268      0.53489    -0.747292
    0.683224     0.172724    -0.709486
    0.624169    -0.642401     0.444673
   -0.378969    -0.746651    -0.546713
    0.693992      0.70148     0.162178
    0.571868     -0.67391     0.467774
   -0.437427     0.231886     0.868842
     -0.6723    -0.579155     0.461076
   -0.666552     0.744556   -0.0366747
    0.322056     0.331988     0.886602
   -0.678813    -0.504852    -0.533232
   -0.628225     0.775248    0.0657529
    0.380192     0.379624     -0.84341
    -0.66927     -0.34561    -0.657747
   -0.667443     0.668626     0.327809
