  -0.0205391    -0.808216     0.588528
   -0.996711   -0.0296022   -0.0754366
   0.0783908    -0.588142     -0.80495
  -0.0464548    -0.850734      0.52354
   -0.997025   0.00721995   -0.0767361
    0.061502    -0.525547    -0.848538
  -0.0797608    -0.880902     0.466531
   -0.995648    0.0477741   -0.0800149
   0.0481972    -0.470882    -0.880878
  -0.0974854     -0.91973     0.380255
   -0.994319    0.0736013   -0.0768914
    0.042732    -0.385591     -0.92168
   -0.114454    -0.928355     0.353635
   -0.992671    0.0929795   -0.0771918
   0.0387806    -0.359878    -0.932193
   -0.114518    -0.925878    -0.360049
    -0.99315    0.0982392    0.0632593
   0.0231994    -0.364827     0.930786
   -0.128434    -0.881828    -0.453744
   -0.991579     0.106525    0.0736449
    0.016607    -0.459382     0.888084
   -0.125947    -0.886937     0.444387
   -0.991608    0.0993794   -0.0826917
   0.0291794    -0.451073     -0.89201
   -0.124772    -0.863745     0.488237
   -0.992177     0.106613   -0.0649483
  0.00404646    -0.492522    -0.870291
   -0.123111    -0.884227     0.450541
   -0.991998    0.0968476   -0.0809921
   0.0279816    -0.456907    -0.889074
   -0.116395    -0.900291     0.419438
   -0.993202     0.105963   -0.0481745
 -0.00107375    -0.422194    -0.906505
   -0.107343    -0.843208     0.526761
   -0.994084     0.082203   -0.0709887
   0.0165569    -0.531265    -0.847044
    0.153472     0.983432    0.0964749
    0.971753    -0.167917     0.165831
   -0.179283   -0.0682995     0.981424
   -0.178979    -0.836277     0.518274
   -0.964284     0.253648    0.0762799
     0.19525     0.486111     0.851806
   -0.158537    -0.916181     0.368073
   -0.970316     0.213524     0.113553
    0.182627     0.339145     0.922837
   -0.180815     0.631016    -0.754404
   -0.964266    0.0372844       0.2623
    0.193643     0.774874     0.601725
   -0.202276     -0.79321    -0.574372
   -0.957803    0.0379426     0.284909
      0.2042    -0.607765     0.767414
      0.1541     0.221579    -0.962889
    0.971385    -0.212235     0.106621
   -0.180734    -0.951766    -0.247944
   -0.199154    -0.738767    -0.643864
   -0.960507    0.0168643     0.277745
     0.19433     -0.67375     0.712949
   -0.177806     0.625424    -0.759756
   -0.966967    0.0322549     0.252851
    0.182645     0.779618      0.59903
   -0.192697     0.565585    -0.801861
   -0.964519    0.0411218     0.260791
    0.180473     0.823664     0.537594
    -0.21615    -0.786416    -0.578644
   -0.955038    0.0471167     0.292716
    0.202932    -0.615898     0.761241
   -0.208905    -0.751352    -0.625963
    -0.95939    0.0333909     0.280101
    0.189553    -0.659057     0.727815
    0.219976     0.673735    -0.705472
    0.955761  -0.00408756     0.294116
   -0.195273     0.738961     0.644829
     0.15152    -0.276098    -0.949111
    0.974001    -0.121899     0.190954
   -0.168417    -0.953368     0.250449
   -0.173839    -0.787086    -0.591841
   -0.970892    0.0364268     0.236733
     0.16477    -0.615767     0.770507
   -0.152578      -0.9346    -0.321314
   -0.978166    0.0963901     0.184119
    0.141106    -0.342391     0.928901
   -0.129931     -0.89714    -0.422206
    -0.98146    0.0558578     0.183346
    0.140903    -0.438201     0.887765
    0.125899     0.982869     0.134599
    0.979107    -0.144948     0.142615
   -0.159682    -0.113832     0.980584
  -0.0999823    -0.914451     0.392152
   -0.986015    0.0382452    -0.162209
    0.133334    -0.402886    -0.905486
  -0.0923485     -0.61913     -0.77984
   -0.983998     0.176597   -0.0236792
    0.152378     0.765174    -0.625531
   -0.128124    -0.763034     0.633532
   -0.977383     0.205516    0.0498629
    0.168248     0.612815     0.772108
  -0.0857564    -0.363406    -0.927675
   -0.985236      0.16941    0.0247128
    0.148177     0.916098    -0.372569
  -0.0578651    -0.890655     0.450983
   -0.991841 -0.000111431    -0.127482
    0.113593     -0.45468    -0.883381
  -0.0626512    -0.591892    -0.803579
   -0.989335     0.142914   -0.0281321
    0.131493     0.793246    -0.594533
  -0.0280707    -0.682031     0.730785
   -0.994066   -0.0578186   -0.0921451
    0.105099    -0.729034     -0.67636
      -0.126    -0.768625     0.627168
   -0.978018      0.20213     0.051234
    0.166149     0.606926     0.777197
   -0.213372     -0.72803    -0.651494
   -0.961352    0.0376942     0.272731
    0.173999    -0.684508     0.707936
    0.211071    -0.622839     -0.75334
    0.961367  -0.00704292     0.275179
   -0.176698    -0.782318      0.59729
    0.202193     0.942914    -0.264634
    0.967641    -0.150693     0.202391
   -0.150959     0.296993     0.942871
   -0.200911     -0.79086    -0.578078
   -0.967646    0.0682761     0.242898
     0.15263    -0.608176      0.77899
   -0.197272    -0.835069     -0.51356
   -0.969387    0.0880412      0.22921
    0.146191    -0.543055     0.826873
    0.179544     0.917141    -0.355831
    0.976967    -0.123831     0.173786
   -0.115323     0.378837      0.91825
    0.179403    -0.651894    -0.736782
    0.977653    0.0347142     0.207339
   -0.109586    -0.757515     0.643554
   -0.156952    -0.823156    -0.545693
   -0.985256    0.0924058     0.143988
   0.0680997    -0.560247     0.825522
    -0.17716    -0.807106      -0.5632
    -0.97759      0.07819     0.195458
    0.113719    -0.585206     0.802871
    0.158973     0.948019     0.275657
    0.984359     -0.17367    0.0295878
  -0.0759233    -0.266642       0.9608
   -0.152238    -0.896555     0.415947
   -0.985111      0.17166   0.00945233
   0.0798761     0.408315      0.90934
   -0.184226    -0.916346    -0.355486
   -0.976636     0.129946     0.171164
    0.110651    -0.378714     0.918876
     -0.1603     0.599233    -0.784362
   -0.984876   -0.0441627     0.167539
   0.0657556     0.799355      0.59725
   -0.166002     0.350535    -0.921721
    -0.98384   0.00472287     0.178986
   0.0670939     0.936538     0.344086
    -0.17914    -0.737665    -0.650967
   -0.978907    0.0675815     0.192804
   0.0982316    -0.671776     0.734213
   -0.189775    -0.861225    -0.471463
    -0.97213    0.0974958     0.213209
    0.137655    -0.498785     0.855725
    0.181101     0.977788    -0.105513
     0.97594    -0.165432     0.142035
   -0.121425     0.128697     0.984222
   -0.185979     0.618141    -0.763749
   -0.970218   0.00725206     0.242126
    0.155207     0.786033     0.598383
   -0.201572     0.595676     -0.77752
   -0.964311    0.0184462      0.26413
    0.171678     0.803013     0.570699
   -0.170644    -0.861048    -0.479038
   -0.975698    0.0798409     0.204055
    0.137455    -0.502217     0.853747
   -0.132139     -0.92501     0.356225
   -0.990174     0.106588   -0.0905221
   0.0457646    -0.364686    -0.930005
   -0.138028    -0.911915      0.38647
   -0.989004     0.105985    -0.103142
   0.0530967    -0.396457    -0.916517
   -0.151957    -0.902872     0.402158
    -0.98554      0.10755    -0.130933
   0.0749633    -0.416239     -0.90616
   -0.134771    -0.902667     0.408692
   -0.989227    0.0987809    -0.108035
   0.0571484    -0.418849    -0.906256
   -0.145442    -0.912617     0.382069
   -0.986303     0.103378    -0.128525
   0.0777967    -0.395529    -0.915153
   -0.121947     -0.87895      0.46106
   -0.989724     0.072737    -0.123111
   0.0746725    -0.471335    -0.878788
   -0.115525    -0.891833     0.437365
   -0.991985    0.0808969   -0.0970633
   0.0511828    -0.445072    -0.894031
   -0.156256    -0.900378     0.406082
   -0.981397    0.0950957    -0.166783
    0.111551    -0.424589    -0.898488
   -0.137356    -0.904347     0.404091
    -0.98435    0.0791536     -0.15745
    0.110404    -0.419394    -0.901066
   -0.162603    -0.877244     0.451667
   -0.981846    0.0985472    -0.162068
   0.0976627    -0.469821    -0.877343
   -0.161122     -0.84483     0.510198
   -0.983853    0.0966692    -0.150629
   0.0779356    -0.526229    -0.846764
   -0.149073    -0.905313     0.397725
   -0.986743     0.110102    -0.119227
   0.0641476    -0.410226    -0.909725
   -0.135887    -0.863689     0.485362
   -0.989894    0.0983051    -0.102209
   0.0405631    -0.494346    -0.868319
   -0.160888    -0.864188    -0.476754
   -0.986042     0.119767     0.115659
   0.0428511    -0.488708     0.871394
   -0.119214    -0.911255     0.394211
   -0.992469    0.0981143   -0.0733353
   0.0281494    -0.399985    -0.916089
   -0.102376    -0.898043     0.427829
   -0.993552    0.0712446   -0.0882012
    0.048728      -0.4341    -0.899546
  -0.0705886    -0.871489     0.485308
   -0.996288    0.0375699   -0.0774452
   0.0492597    -0.488974    -0.870907
  -0.0850455    -0.855208     0.511259
   -0.994267    0.0394645   -0.0993774
   0.0648118     -0.51678    -0.853662
  -0.0377178     -0.81089     0.583981
   -0.997369  -0.00565347   -0.0722676
   0.0619027    -0.585171    -0.808544
  -0.0448316    -0.863289     0.502715
   -0.996944   0.00643775   -0.0778513
   0.0639718    -0.504669     -0.86094
  -0.0122573    -0.778742     0.627225
   -0.997468   -0.0344269    -0.062236
   0.0700592    -0.626399    -0.776348
  -0.0122561    -0.759049     0.650918
   -0.997409   -0.0368657     -0.06177
    0.070883    -0.649989    -0.756631
  -0.0453675    -0.835081     0.548252
   -0.995349   -0.0088994   -0.0959197
   0.0849799    -0.550054    -0.830794
  -0.0163981    -0.852012     0.523265
   -0.997212    -0.024163   -0.0705945
   0.0727911    -0.522964    -0.849241
  -0.0869637    -0.892716     0.442148
   -0.991513    0.0345065    -0.125345
   0.0966405    -0.449296     -0.88814
   -0.117149    -0.930097     0.348131
   -0.987498    0.0718666    -0.140295
    0.105469    -0.360214    -0.926888
   -0.104162    -0.898562     0.426305
   -0.992064     0.063523    -0.108504
   0.0704171    -0.434224    -0.898048
   -0.125063    -0.825917     0.549746
   -0.991668     0.121312   -0.0433408
   0.0308952     0.550586     0.834207
   -0.131915    -0.753224       0.6444
   -0.990738     0.121299   -0.0610302
   0.0321958     0.646483     0.762249
   0.0963545    -0.761416     0.641062
    0.995165    0.0613854   -0.0766677
   0.0190241      0.64535      0.76365
   0.0912757    -0.830403     0.549635
    0.995671    0.0663612   -0.0650867
   0.0175738     0.553197     0.832865
    0.105223     -0.75794     0.643782
    0.994348    0.0710029   -0.0789284
   0.0141126     0.648448     0.761128
   0.0707751    -0.764715      0.64047
    0.995384    0.0124174   -0.0951685
   0.0648237     0.644249     0.762064
    0.072717    -0.584659     0.808013
    0.994989   -0.0132212   -0.0991104
   0.0686287     0.811171     0.580768
  -0.0509429    -0.576772    -0.815315
   -0.993107   -0.0570325     0.102398
    -0.10556     0.814912    -0.569891
  -0.0705645    -0.903069     0.423659
   -0.995649    0.0378519   -0.0851501
  -0.0608601     0.427824     0.901811
  -0.0540066    -0.851748     0.521161
   -0.994034  -0.00367194     -0.10901
  -0.0947631     0.523938     0.846468
   0.0567267    -0.814664     0.577152
    0.994087    -0.007523    -0.108325
   0.0925904     0.579885      0.80942
  -0.0783793    -0.775863     0.626014
   -0.994565    0.0176821    -0.102609
   -0.068541     0.630654     0.773032
   0.0525404    -0.607789     0.792359
    0.992896   -0.0530291    -0.106514
    0.106756     0.792326     0.600685
   0.0538071     -0.65972     0.749583
    0.992233   -0.0489911    -0.114343
    0.112157     0.749913      0.65196
   0.0792219     -0.66516     0.742487
    0.993508  -0.00831462    -0.113454
   0.0816386     0.746655     0.660183
    0.104328       0.7043     0.702194
    0.994137   -0.0536682   -0.0938735
   0.0284296     -0.70787      0.70577
    0.114295     0.699102     0.705828
    0.992875   -0.0562728     -0.10504
   0.0337149    -0.712805     0.700552
   -0.142797    -0.820614     0.553354
   -0.989409     0.133062    -0.057995
   0.0260391     0.555775     0.830925
   -0.139134       -0.811     0.568262
   -0.989675     0.133826    -0.051323
   0.0344251     0.569535     0.821246
   -0.153181    -0.617333    -0.771645
   -0.987971     0.112409     0.106195
   0.0211821      0.77863    -0.627126
   0.0509808    -0.765809     0.641044
    0.991935   -0.0357546      -0.1216
    0.116043     0.642073      0.75781
  -0.0498676    -0.933191     0.355905
   -0.991308      0.00281    -0.131529
   -0.121742     0.359371      0.92522
  -0.0427475    -0.842335    -0.537257
   -0.986993     0.119019    -0.108071
   -0.154975    -0.525649     0.836466
  -0.0431224    -0.884482    -0.464578
    -0.98788      0.10715      -0.1123
   -0.149107    -0.454104     0.878383
  -0.0359642    -0.413493    -0.909797
   -0.985437    -0.136726     0.101095
   -0.166195     0.900183    -0.402554
  -0.0329516    -0.821909     0.568665
   -0.981135     0.135045     0.138333
   -0.190492    -0.553379    -0.810854
   0.0266187    -0.254972    -0.966582
    0.979404     0.200247   -0.0258509
    0.200146    -0.945986     0.255051
  -0.0182672    -0.600672     0.799287
   -0.973669     0.192372     0.122317
   -0.227233    -0.776007     -0.58837
  -0.0287946    -0.678958     0.733613
   -0.982526     0.154238     0.104182
   -0.183886    -0.717793    -0.671534
  -0.0168518    -0.672833     0.739602
   -0.974548     0.176433       0.1383
   -0.223543    -0.718448    -0.658681
  -0.0139208    -0.394466     0.918805
   -0.974501     0.211161    0.0758918
   -0.223952     -0.89432    -0.387347
   0.0191244    -0.207086    -0.978136
    0.978272     0.205879   -0.0244607
    0.206443    -0.956415     0.206524
  -0.0111386    -0.729879     0.683486
   -0.973392     0.164368     0.159661
   -0.228876    -0.663521    -0.712289
 -0.00552195    -0.700451      0.71368
   -0.973344     0.167406     0.156771
   -0.229285     -0.69379    -0.682704
  -0.0166278    -0.616733     0.786997
   -0.978768     0.170863     0.113218
   -0.204294    -0.768405     -0.60648
   0.0305876    -0.419167     0.907394
    0.984406    -0.144702    -0.100028
    0.173231     0.896303     0.408205
   0.0267308     0.258311    -0.965692
     0.98478     0.159157    0.0698317
    0.171735    -0.952861    -0.250125
   0.0365711    -0.586747     0.808944
    0.988684   -0.0966029    -0.114765
    0.145485     0.803988     0.576574
   -0.041346    -0.998687    0.0302316
   -0.989977    0.0368585    -0.136331
   -0.135038    0.0355653     0.990202
   0.0332021    -0.627386        0.778
    0.987867   -0.0975639    -0.120835
    0.151715     0.772573     0.616534
   0.0186906    -0.959146    -0.282294
   -0.979483    0.0390993    -0.197699
   -0.200659    -0.280197     0.938736
  0.00341934    -0.956638    -0.291259
   -0.984665    0.0475824    -0.167844
   -0.174425    -0.287366     0.941805
  -0.0102969    -0.676817     0.736079
   -0.982053     0.145481     0.120031
   -0.188324    -0.721633    -0.666168
  -0.0291542    -0.902157    -0.430421
   -0.987059     0.093913    -0.129983
   -0.157687    -0.421061      0.89322
  -0.0192926    -0.971166     -0.23762
   -0.989285    0.0529431     -0.13606
   -0.144718    -0.232449     0.961782
   0.0209432    -0.838135     0.545061
    0.983965   -0.0793088     -0.15976
    0.177128     0.539667     0.823034
  -0.0420327    -0.915938     0.399112
   -0.990773    0.0897277     0.101576
   -0.128849     -0.39116    -0.911258
  -0.0496957    -0.925865     0.374571
   -0.988263  -0.00865815    -0.152518
   -0.144454     0.377754     0.914568
   0.0705399     0.959452     0.272904
    0.991668   -0.0378888    -0.123119
    0.107786    -0.279315      0.95413
   -0.024768    -0.942372      0.33365
   -0.992004    0.0644833     0.108488
   -0.123751    -0.328295    -0.936434
  -0.0586213    -0.903849     0.423817
   -0.993127    0.0958852    0.0671219
   -0.101306    -0.416969    -0.903257
  -0.0537624    -0.917115      0.39498
   -0.995969    0.0776942    0.0448349
  -0.0718064    -0.390977    -0.917595
  -0.0366041    -0.421725    -0.905985
   -0.988244    -0.119386    0.0955005
   -0.148437      0.89883    -0.412397
    0.064528    -0.649518     0.757603
     0.99194   -0.0412147    -0.119822
    0.109051     0.759228     0.641623
   0.0258359     0.230045    -0.972837
    0.985103     0.159649    0.0639134
    0.170015    -0.959996    -0.222493
 -0.00966024    -0.131939     0.991211
   -0.978422     0.205844    0.0178641
   -0.206392     -0.96965    -0.131081
 -0.00820826    -0.958458    -0.285115
   -0.979818    0.0646564    -0.189144
   -0.199721    -0.277808     0.939646
  0.00332118    -0.420397     0.907334
   -0.974854     0.200812    0.0966109
   -0.222819     -0.88484    -0.409158
  0.00111679    -0.453045     0.891487
    -0.97333     0.204021     0.104901
   -0.229407    -0.867828    -0.440734
  0.00866541    -0.660965     0.750366
   -0.976758     0.155123     0.147921
    -0.21417    -0.734208    -0.644259
  -0.0677508    -0.888765     0.453328
   -0.996088    0.0860933    0.0199216
  -0.0567341    -0.450204    -0.891121
  -0.0811226    -0.916332     0.392116
   -0.995367    0.0948505    0.0157293
  -0.0516057    -0.389024    -0.919781
   -0.102784    -0.866977     0.487633
   -0.994134      0.10612   -0.0208708
  -0.0336533    -0.486918    -0.872799
  -0.0944423    -0.910478     0.402629
   -0.995151      0.09751   -0.0129239
  -0.0274935    -0.401897    -0.915272
   -0.121789     -0.91174    -0.392299
   -0.992466      0.11718    0.0357734
  -0.0133535      -0.3937     0.919142
   -0.116575    -0.882041     0.456525
   -0.993168     0.101072   -0.0583289
  0.00530671    -0.460205    -0.887797
   -0.132696    -0.895662     0.424478
    -0.99112      0.11623   -0.0645867
  0.00851086    -0.429279    -0.903132
   -0.100975    -0.843768     0.527125
   -0.994843    0.0907028    -0.045383
 -0.00951891    -0.528989    -0.848575
   -0.157405      -0.9186     0.362489
   -0.987402     0.152403    -0.042551
   0.0161571      0.36462     0.931016
    0.126148     0.659739    -0.740831
    0.991509   -0.0600959     0.115315
   0.0315568    -0.749088    -0.661718
   0.0925934     0.642165    -0.760954
    0.992562   0.00113918     0.121737
   0.0790421    -0.766566    -0.637283
   0.0961157     0.989011    -0.112332
    0.993345    -0.102503   -0.0525257
   0.0634628     0.106535     0.992282
   -0.106306    -0.837069     0.536671
   -0.994175     0.099117   -0.0423334
  -0.0177572    -0.538045    -0.842729
   -0.093738    -0.846047     0.524802
   -0.994625     0.102863    -0.011827
  -0.0439768     -0.52309    -0.851142
   -0.104278    -0.859547    -0.500306
   -0.993407     0.114113    0.0110024
  -0.0476344    -0.498154     0.865779
  -0.0830775    -0.925099     0.370526
   -0.994884    0.0984402    0.0227096
  -0.0574833    -0.366744    -0.928544
  -0.0891685    -0.809092     0.580877
   -0.993654     0.112407   0.00403676
  -0.0685607    -0.576831    -0.813981
   -0.064834     -0.80932     0.583779
   -0.994738     0.098924    0.0266682
  -0.0793329    -0.578978    -0.811475
  -0.0523699    -0.927147     0.371021
   -0.995263    0.0789311    0.0567593
  -0.0819094    -0.366291    -0.926888
   0.0842004     0.302599    -0.949391
     0.99232     0.061183     0.107509
   0.0906187    -0.951152    -0.295124
  -0.0356777    -0.948041      0.31614
   -0.993708    0.0672594    0.0895535
   -0.106164    -0.310956    -0.944476
  -0.0151656    -0.955288     0.295289
   -0.991008    0.0536246     0.122584
   -0.132937    -0.290775    -0.947511
  -0.0177605    -0.933956     0.356946
   -0.992289    0.0602651     0.108312
    -0.12267    -0.352269    -0.927825
   -0.001408    -0.968858    -0.247613
   -0.988042     0.039525    -0.149034
    -0.15418    -0.244443     0.957328
  0.00357957    -0.892301     0.451428
   -0.989533    0.0619633     0.130324
    -0.14426    -0.447169    -0.882739
   0.0201107    -0.899301     0.436868
   -0.986782    0.0524236      0.15334
   -0.160801    -0.434177    -0.886359
   0.0179204    -0.949771     0.312432
   -0.982826    0.0406667     0.179996
   -0.183661    -0.310292    -0.932731
 -0.00229211    -0.906915     0.421308
   -0.990725    0.0592987     0.122257
    -0.13586     -0.41712    -0.898639
   0.0235217    -0.961697    -0.273103
    -0.98842    0.0185924    -0.150601
    -0.14991    -0.273483     0.950123
   0.0188673    -0.973886     -0.22625
   -0.990473    0.0126673    -0.137122
   -0.136408    -0.226682     0.964369
   0.0219322      -0.9816    -0.189683
    0.991402  -0.00312694     0.130814
       0.129     0.190921    -0.973092
  -0.0398011      0.99902   -0.0193541
   -0.992427   -0.0417762    -0.115509
   -0.116205    0.0146102     0.993118
   0.0605353    -0.788661     0.611841
    0.990184   -0.0299176    -0.136532
    0.125982       0.6141     0.779108
   0.0716089     0.995051    0.0688869
    0.991616   -0.0635735    -0.112499
    0.107563   -0.0763653     0.991261
  -0.0442461    -0.890816     0.452205
   -0.993451    0.0869662    0.0741137
   -0.105348    -0.445964     -0.88883
   0.0325695    -0.643075     0.765111
    0.990809   -0.0797832    -0.109235
    0.131289     0.761636     0.634566
  -0.0040909    -0.940047    -0.341021
    0.991125   -0.0491244     0.123525
    0.132872      0.33749    -0.931904
   -0.438234    -0.818008    -0.372578
   -0.886891     0.326086     0.327248
    0.146199    -0.473847     0.868386
   -0.486122    -0.538264    -0.688446
    -0.86493     0.408878     0.291058
    0.124824     0.736947    -0.664325
   -0.474538    -0.439343    -0.762752
   -0.874558     0.333583     0.351954
   0.0998128     0.834086    -0.542529
   -0.508811    -0.321397    -0.798633
    -0.85596     0.287897     0.429474
   0.0918922     0.902119    -0.421588
   -0.530856    -0.530001     -0.66128
   -0.839547     0.435293     0.325086
    0.115554     0.727749    -0.676039
   -0.480139    -0.284922     -0.82963
    -0.87372     0.239408     0.423435
   0.0779741     0.928172    -0.363891
   -0.532869    -0.426335    -0.730951
   -0.840849     0.363743     0.400829
    0.094991     0.828209    -0.552311
   -0.509018    -0.292927    -0.809379
   -0.857277     0.256984     0.446134
   0.0773128     0.920952    -0.381929
   -0.522159    -0.380538    -0.763244
   -0.847885     0.328036     0.416512
   0.0918726     0.864629     -0.49394
   -0.554291    -0.459552    -0.693956
   -0.824352     0.418221     0.381489
    0.114913      0.78352    -0.610649
   -0.541279    -0.283022     -0.79178
   -0.834167     0.299174     0.463315
    0.105752     0.911259    -0.398024
   -0.560722     -0.33255    -0.758289
    -0.81848     0.361115     0.446862
    0.125226      0.87121     -0.47467
   -0.478739    -0.345281    -0.807212
   -0.875576     0.255434     0.410024
    0.064616      0.90307    -0.424606
   -0.496836    -0.224531    -0.838296
   -0.864392     0.214106     0.454956
   0.0773322     0.950655    -0.300459
   -0.471448    -0.325073    -0.819795
   -0.879408     0.243042     0.409357
   0.0661739     0.913925    -0.400453
    0.449473     0.430148     0.782909
    0.891424    -0.272661    -0.361966
  -0.0577705    -0.860598     0.505998
   -0.449554    -0.276811     -0.84928
    -0.89102     0.206147     0.404458
   0.0631187     0.938552    -0.339319
    0.407434     0.207177    -0.889424
     0.91141    -0.153781     0.381684
  -0.0577001    -0.966141    -0.251479
   -0.404921    -0.297303    -0.864667
   -0.911728     0.202874     0.357204
   0.0692203     0.932981    -0.353208
    0.430684     0.220895    -0.875053
    0.898735    -0.193479     0.393498
  -0.0823828    -0.955914    -0.281854
   -0.386785     0.431146    -0.815175
   -0.918084   -0.0969098     0.384358
   0.0867156     0.897063     0.433311
    0.358058    0.0911406     -0.92924
    0.931704   -0.0999099     0.349208
  -0.0610132    -0.990814     -0.12069
   -0.360705     0.441669    -0.821475
   -0.930039    -0.104098     0.352407
    0.070133     0.891119     0.448318
    0.312629     0.646967    -0.695484
    0.947438    -0.159963     0.277081
  -0.0680103     0.745551      0.66297
   -0.417918     0.461382    -0.782605
   -0.901783    -0.106241     0.418927
    0.110141     0.880817     0.460467
    -0.54423    -0.418311    -0.727207
   -0.824387     0.427391      0.37111
    0.155563     0.801469    -0.577449
    0.533452     0.256427    -0.806024
    0.836204    -0.303248     0.456951
    -0.12725    -0.917761    -0.376193
    0.495323    -0.085589    -0.864482
    0.849468    -0.160562     0.502617
   -0.181822    -0.983308  -0.00682509
    0.510379    0.0836242    -0.855874
    0.835107    -0.285693     0.470081
   -0.205207    -0.954666    -0.215647
     0.48568   -0.0422321    -0.873116
    0.860919    -0.149933     0.486147
    -0.15144    -0.987794   -0.0364609
    0.455922    -0.171143     -0.87341
    0.859406    -0.170514     0.482024
   -0.231424    -0.970379    0.0693406
    0.429696    0.0713351    -0.900151
    0.878791    -0.262199     0.398721
   -0.207576    -0.962374    -0.175355
    0.397028   -0.0462885    -0.916639
    0.885261    -0.244288     0.395773
   -0.242244    -0.968597   -0.0560119
    0.484597    0.0304893    -0.874206
    0.834599    -0.315379     0.451642
   -0.261936    -0.948476    -0.178278
     0.42378    -0.299125    -0.854947
    0.862145    -0.156178     0.481991
     -0.2777    -0.941346     0.191704
    0.447892     0.109118    -0.887404
    0.837872     -0.39761     0.374001
    -0.31203    -0.911043    -0.269513
   -0.422243    -0.628055     -0.65365
   -0.889857     0.424654     0.166801
    0.172815     0.652086    -0.738186
    0.381659      -0.3004    -0.874126
     0.89928   -0.0978831      0.42628
   -0.213617    -0.948777     0.232786
   -0.371921    -0.740749     0.559434
   -0.911367     0.405854   -0.0684992
    0.176308     0.535326      0.82604
    0.411891   -0.0714116    -0.908431
    0.898362    -0.135146     0.417949
   -0.152617    -0.988249   0.00848803
    0.465593     0.226958    -0.855403
    0.874776    -0.264511     0.405957
   -0.134128    -0.937296    -0.321691
   -0.450769    -0.239712    -0.859852
   -0.884832     0.247126      0.39497
    0.117812     0.938865    -0.323502
    0.496353     0.106469    -0.861567
    0.862159    -0.176569     0.474874
   -0.101567    -0.978513    -0.179434
    0.513584     0.118637    -0.849798
    0.849894    -0.206476     0.484817
   -0.117946    -0.971233    -0.206871
   -0.476976    -0.285385    -0.831294
    -0.87503     0.243033     0.418637
   0.0825595     0.927087    -0.365642
   -0.382212    -0.726375     0.571222
   -0.922648     0.334316    -0.192234
   0.0513344     0.600511     0.797967
   -0.396589    -0.653559     0.644654
    -0.91546      0.33373    -0.224848
   0.0681885     0.679327     0.730661
     0.39824     0.882938     0.248646
     0.91318    -0.407221    -0.016545
  -0.0866458    -0.233647     0.968453
   -0.431053    -0.699147     0.570426
   -0.899239     0.385098    -0.207528
   0.0745776     0.602406     0.794699
   -0.425124    -0.627585    -0.652232
   -0.902863     0.345048     0.256476
   0.0640908     0.697911    -0.713311
   -0.431307    -0.484387    -0.761146
   -0.898029     0.311575     0.310589
   0.0867093      0.81749    -0.569378
    -0.43689    -0.462127    -0.771729
   -0.896729     0.291226     0.333264
   0.0707373     0.837632    -0.541636
   -0.442762    -0.401511    -0.801717
   -0.893687      0.27011     0.358279
   0.0726988     0.875117     -0.47842
   -0.441089    -0.328884     -0.83503
   -0.894674     0.234436      0.38026
   0.0706996     0.914809    -0.397651
   -0.437646    -0.598515    -0.671003
   -0.896909     0.343217     0.278848
   0.0634048     0.723866    -0.687021
   -0.428467    -0.432981     -0.79306
   -0.900698     0.274437     0.336789
   0.0718218      0.85861    -0.507572
    0.424065     0.561942    -0.710205
    0.902915    -0.323037     0.283534
  -0.0700929    -0.761491    -0.644374
   -0.454463    -0.333278    -0.826069
   -0.887345     0.250581     0.387077
    0.077993      0.90892    -0.409612
   -0.455976    -0.391449    -0.799283
   -0.887786     0.263247      0.37754
   0.0626216     0.881742    -0.467557
    0.437577     0.163082    -0.884268
    0.893454     -0.18967     0.407143
   -0.101322    -0.968209    -0.228702
   -0.402937    -0.354411    -0.843821
   -0.906404     0.282242     0.314278
    0.126778     0.891477    -0.434966
   -0.397551    -0.721078     0.567451
   -0.911624     0.380734    -0.154865
    0.104378     0.578869     0.808713
   -0.367056     -0.80853     0.459945
    -0.92397     0.374033   -0.0798634
    0.107463      0.45429     0.884349
   -0.364598    -0.773861     0.517887
   -0.920987     0.381702   -0.0780204
    0.137302     0.505414     0.851883
   -0.371823    -0.465692    -0.803044
   -0.925174     0.256871      0.27941
   0.0761596     0.846846    -0.526357
    0.392127    -0.497914     0.773511
    0.916296      0.28588    -0.280488
  -0.0814725     0.818752     0.568338
    0.395104     -0.43123     0.811131
    0.915338      0.25956    -0.307871
  -0.0777748       0.8641     0.497274
   -0.354424    -0.374329    -0.856891
   -0.930159     0.235067     0.282042
   0.0958504     0.897007    -0.431499
    -0.35547    -0.418441    -0.835792
   -0.929213     0.254849     0.267612
    0.101021     0.871756    -0.479412
    0.361884     0.472808    -0.803425
    0.929266    -0.251551     0.270531
   -0.074193    -0.844497    -0.530397
    -0.31267    -0.376076    -0.872241
   -0.944278     0.222486     0.242566
    0.102838     0.899482    -0.424685
   -0.321443    -0.469977    -0.822069
    -0.94294     0.238469     0.232372
   0.0868284     0.849856    -0.519814
   -0.280488     0.475623    -0.833732
   -0.955892   -0.0595399      0.28762
   0.0871583     0.877632     0.471344
   -0.316348    -0.342775     -0.88455
   -0.940985     0.231625     0.246774
    0.120296     0.910415     -0.39582
    0.277137     -0.24142    -0.930006
    0.953605   -0.0493682     0.296985
   -0.117611    -0.969164     0.216538
   -0.282353   -0.0111639    -0.959246
    -0.94995     0.142603     0.277957
    0.133689     0.989717   -0.0508696
   -0.336226    -0.333666    -0.880692
   -0.938538      0.19625     0.283957
   0.0780889     0.922037    -0.379143
   -0.293829     0.428526    -0.854418
   -0.952986   -0.0620873     0.296586
   0.0740465     0.901394     0.426623
   -0.380485    -0.349282     -0.85629
   -0.922587     0.207192     0.325429
   0.0637496     0.913824    -0.401077
    0.424272       0.4332     0.795192
    0.903379    -0.263046    -0.338694
  -0.0624499    -0.862058     0.502947
   -0.407669    -0.371521     0.834133
   -0.910379     0.236216    -0.339722
   0.0708216     0.897872     0.434523
   -0.435365     -0.36193    -0.824296
   -0.836996     0.499896      0.22258
    0.331504     0.786836    -0.520571
   -0.408459    -0.338551     -0.84767
   -0.864319     0.442018     0.239944
    0.293453     0.830664    -0.473162
   -0.414098    -0.440852    -0.796349
    -0.86132     0.472718      0.18619
    0.294366     0.763012    -0.575466
   -0.438578    -0.259405    -0.860441
   -0.830649     0.482463      0.27794
    0.343032     0.836623    -0.427072
   -0.390848    -0.364278    -0.845304
   -0.886513     0.396067      0.23922
    0.247655     0.842872    -0.477739
   -0.433664    -0.282576    -0.855621
    -0.85477     0.429486     0.291391
    0.285137     0.857725     -0.42779
   -0.414988     -0.31463    -0.853693
   -0.879471     0.379071     0.287812
    0.233056     0.870237    -0.434018
   -0.444572     0.545974    -0.710119
   -0.872726   -0.0854499     0.480675
    0.201756     0.833433     0.514474
   -0.448856    -0.440486    -0.777496
   -0.824988      0.53862     0.171122
    0.343398     0.718234    -0.605159
    -0.44684     0.550725    -0.705008
   -0.852254   -0.0224276     0.522647
    0.272023     0.834385      0.47938
    0.459331     0.887379    0.0396695
    0.819754    -0.440679     0.365795
    -0.34208     0.135502      0.92985
    0.385857     0.183039    -0.904219
    0.906122    -0.259381     0.334163
   -0.173373    -0.948271     -0.26594
   -0.423921     0.330494    -0.843246
   -0.896659   -0.0219255     0.442179
    0.127649     0.943553     0.305635
    0.402211     -0.20782    -0.891649
    0.913291    0.0227444     0.406672
  -0.0642347    -0.977903     0.198948
   -0.360255    -0.375123    -0.854107
   -0.925429        0.259     0.276586
     0.11746     0.890057    -0.440456
    0.363741   -0.0843901     -0.92767
    0.907968    -0.190315     0.373328
   -0.208055    -0.978089   0.00739806
    0.349563     0.146861    -0.925331
    0.922823    -0.224611     0.312967
   -0.161877    -0.963318    -0.214042
    0.363202     0.151286    -0.919346
    0.906421    -0.285708     0.311081
   -0.215603      -0.9463    -0.240899
    0.381592    -0.194709    -0.903591
    0.886844     -0.19845     0.417282
   -0.260566    -0.960576      0.09695
   -0.351862    -0.301564    -0.886145
   -0.919499     0.288598     0.266894
    0.175254     0.908719    -0.378834
    0.451273     0.871021    -0.194101
     0.82917    -0.328858     0.452029
   -0.329895     0.364931     0.870629
   -0.446812    -0.715863    -0.536562
   -0.857741     0.172344     0.484333
    0.254243    -0.676637      0.69103
   -0.436422    -0.776372    -0.454733
   -0.865205     0.223439     0.448883
    0.246895    -0.589339     0.769235
    0.425165     0.890197    -0.163657
    0.844182    -0.324786     0.426464
   -0.326484     0.319473     0.889576
   -0.432701     0.590646    -0.681108
   -0.885326    -0.135757     0.444712
    0.170202     0.795429     0.581656
   -0.406142    -0.743092    -0.531848
   -0.883943     0.171889     0.434856
    0.231719    -0.646737     0.726662
   -0.418274      0.55542    -0.718718
   -0.895936    -0.122063     0.427082
    0.149481     0.822563     0.548677
     0.39284     0.872519    -0.290496
    0.909357    -0.321539     0.263974
   -0.136917     0.367864     0.919744
    0.407989     0.902217    -0.139819
    0.854496    -0.323413     0.406498
    -0.32153     0.285321      0.90289
    0.383923     0.895802    -0.223924
    0.896559     -0.30364     0.322466
   -0.220874     0.324563     0.919714
     0.38311     0.875164    -0.295491
    0.870657    -0.235287     0.431968
   -0.308518     0.422763     0.852108
   -0.417563    -0.677871    -0.605088
   -0.906541     0.265468     0.328192
   0.0618402    -0.685578     0.725368
   -0.391452    -0.719441    -0.573734
   -0.919166     0.276183     0.280815
   0.0435743    -0.637282     0.769398
   -0.390844     0.387619    -0.834861
   -0.920317    -0.180391     0.347096
  -0.0160608     0.903997     0.427237
   -0.419395     0.614777     -0.66795
   -0.907803    -0.285265     0.307438
 -0.00153635     0.735305     0.677735
   -0.426085     0.559957    -0.710563
   -0.898654    -0.171441     0.403768
    0.104273      0.81059     0.576256
   -0.421843       0.5724    -0.703141
    -0.90665    -0.261288     0.331231
  0.00587447      0.77723     0.629189
   -0.434954     0.436881    -0.787369
   -0.893911    -0.104286     0.435945
    0.108345     0.893453     0.435893
   -0.439678    -0.685912    -0.579834
   -0.876905      0.18823     0.442275
    0.194219    -0.702918     0.684241
     -0.4136     0.489279    -0.767816
   -0.909514    -0.183628     0.372914
   0.0414666     0.852577     0.520955
   -0.437764    -0.691105    -0.575097
   -0.886954     0.436697     0.150363
   -0.147227    -0.575908     0.804148
   -0.435782     0.600702    -0.670262
   -0.888999    -0.403624     0.216261
   -0.140626     0.690104     0.709916
    -0.41925    -0.680089    -0.601421
   -0.897947     0.408309     0.164241
   -0.133867    -0.608902     0.781868
   -0.421492     0.547644    -0.722794
    -0.89808    -0.362556     0.249008
   -0.125685     0.754081     0.644643
   -0.432296     0.537788    -0.723812
   -0.890725    -0.379706     0.249866
   -0.140461     0.752733     0.643167
   -0.410349     0.576858    -0.706292
   -0.907235     -0.33672     0.252082
  -0.0924072     0.744214     0.661518
   -0.413311     0.546216    -0.728575
   -0.904236    -0.340546     0.257653
   -0.107379     0.765295      0.63466
   -0.404962     0.519759    -0.752235
   -0.911421     -0.29509     0.286766
  -0.0729275     0.801731     0.593219
    0.387571   -0.0836142     -0.91804
    0.920719    0.0842132     0.381032
   0.0454515    -0.992933     0.109624
   -0.422968    -0.679044    -0.599997
   -0.897894     0.403225     0.176622
      -0.122     -0.61344     0.780261
    0.395599    -0.254121    -0.882567
     0.91595     0.179634      0.35884
   0.0673497    -0.950344     0.303825
     -0.4064     0.457659    -0.790815
   -0.909514    -0.285335     0.302271
  -0.0873105       0.8421     0.532208
   -0.402734     0.479029    -0.779959
   -0.914836    -0.238293     0.326025
  -0.0296831     0.844836     0.534202
   -0.399006     0.365562    -0.840927
   -0.916941    -0.155448     0.367498
  0.00362262     0.917715     0.397223
   -0.410297     0.605974    -0.681507
   -0.910347    -0.316466     0.266677
  -0.0540747     0.729825     0.681492
   -0.404643     0.610188    -0.681128
   -0.912188    -0.321962     0.253482
  -0.0646257     0.723887     0.686886
   -0.408828     0.442356    -0.798236
    -0.90594    -0.302285     0.296474
   -0.110148     0.844361     0.524331
    0.402515     -0.62997    -0.664168
    0.908802     0.362048     0.207367
    0.109826    -0.687065     0.718248
   -0.390765      0.51954    -0.759856
   -0.917069    -0.290843     0.272754
  -0.0792921     0.803423     0.590105
   -0.417191    -0.694485     -0.58621
   -0.898856     0.410553      0.15331
   -0.134198    -0.590878     0.795521
    0.380438    -0.351486    -0.855409
    0.923914     0.185066     0.334863
   0.0406075    -0.917719     0.395149
    -0.36193     0.285466    -0.887421
   -0.932106    -0.124737     0.340029
  -0.0136272     0.950237     0.311231
   -0.356192    0.0031872    -0.934407
   -0.934124    0.0236292     0.356165
   0.0232145     0.999716   -0.0054393
   -0.374206    -0.382547    -0.844765
   -0.927339     0.150878     0.342459
 -0.00354974     0.911534     -0.41121
    0.344563    0.0552398    -0.937137
    0.936669   -0.0868709      0.33927
  -0.0626687    -0.994687   -0.0816739
   -0.359306    -0.391358    -0.847194
   -0.931638     0.203261     0.301224
   0.0543156      0.89751    -0.437637
   -0.347383     -0.65984     0.666286
   -0.933213     0.312867    -0.176711
    0.091858     0.683173     0.724456
   -0.374062    -0.644799     0.666567
   -0.926956     0.282265     -0.24714
   0.0287924     0.710325     0.703285
   -0.345318    -0.675262     0.651749
   -0.928767     0.345577    -0.134047
    0.134713     0.651612     0.746495
   -0.343183    -0.703919     0.621871
   -0.932734     0.333364    -0.137388
    0.110599      0.62719     0.770974
   -0.358834    -0.662486     0.657533
   -0.931237     0.302038    -0.203889
   0.0635263     0.685481     0.725313
    0.361927     0.292031    -0.885283
    0.932204    -0.115534     0.342998
 -0.00211413    -0.949405    -0.314047
    0.658855      0.02323    -0.751911
    0.578888    -0.653972     0.487041
   -0.480415    -0.756162     -0.44432
   -0.670493    -0.250291    -0.698422
   -0.574964     0.770242     0.275943
    0.468888     0.586585     -0.66035
   -0.670885    -0.257134    -0.695554
   -0.616097     0.715295     0.329815
     0.41272     0.649797      -0.6383
   -0.672636    -0.258598    -0.693317
   -0.618496     0.710843     0.334912
    0.406232     0.654087     -0.63808
   -0.670609    -0.212931    -0.710594
   -0.579582     0.748279     0.322745
       0.463     0.628283    -0.625214
   -0.665831    -0.277263    -0.692672
   -0.657462     0.656935     0.369027
    0.352722     0.701115    -0.619697
   -0.673554    -0.284738    -0.682092
   -0.613947     0.729381     0.301782
    0.411576     0.622035    -0.666092
   -0.665272    -0.287878    -0.688868
   -0.652585     0.672443     0.349218
