   0.0488309    -0.935854     0.348987
    -0.99705   -0.0663879   -0.0385187
   0.0592165    -0.346077    -0.936336
 -0.00111504    -0.876432     0.481525
   -0.998521   -0.0252019   -0.0481826
    0.054364    -0.480866    -0.875107
  -0.0544189    -0.853794     0.517759
    -0.99772     0.025765    -0.062378
   0.0399179    -0.519973    -0.853249
  -0.0825787    -0.916685     0.390985
   -0.995677    0.0591453   -0.0716243
    0.042532    -0.395209    -0.917606
   -0.130182    -0.907091     0.400298
    -0.99063     0.102187    -0.090606
   0.0412827    -0.408343    -0.911895
   -0.112118    -0.890989     0.439963
     -0.9934    0.0897157   -0.0714665
   0.0242043    -0.445072    -0.895168
   -0.142616    -0.918152    -0.369673
   -0.989577     0.124748    0.0719358
   0.0199321    -0.376079     0.926373
   -0.151536    -0.871447     0.466494
   -0.987844     0.116965    -0.102391
   0.0346646     -0.47634    -0.878578
    0.155147     0.980092    -0.123889
    0.987777    -0.151999    0.0345281
  -0.0150097     0.127732     0.991695
   -0.156807    -0.862121     0.481829
   -0.987032     0.119828    -0.106818
   0.0343534     -0.49233     -0.86973
   -0.153008    -0.848915    -0.505897
   -0.988222     0.132687    0.0762328
 -0.00241087    -0.511603     0.859219
    -0.15424    -0.912016     0.380049
   -0.987717     0.132588   -0.0826802
   0.0250155    -0.388134    -0.921264
    0.200041     0.742696     0.639051
    0.957723    -0.285858    0.0324257
    -0.20676    -0.605548      0.76848
    0.229576     0.952696     -0.19916
    0.947368    -0.171821     0.270133
   -0.223135     0.250694        0.942
   -0.190394    -0.894143    -0.405287
   -0.960871    0.0851253      0.26359
    0.201187    -0.439615     0.875364
   -0.228027     0.585517    -0.777929
   -0.947727    0.0496821     0.315191
    0.223199     0.809136     0.543581
   -0.256505    -0.966294    0.0219322
   -0.937437     0.254244     0.237849
    0.235408   -0.0404494     0.971055
   -0.193835     -0.90526    -0.378064
   -0.960392    0.0964606     0.261425
    0.200189    -0.413762     0.888102
   -0.250068     -0.84517    -0.472392
   -0.940333    0.0957263     0.326514
    0.230739    -0.525856     0.818679
   -0.227733    -0.801682     -0.55267
   -0.949252    0.0563359      0.30943
     0.21693    -0.595091     0.773827
    0.238757     0.719959    -0.651655
    0.946163   -0.0214337      0.32298
   -0.218565     0.693686     0.686316
   -0.264958    -0.885317    -0.382114
   -0.934659     0.138365     0.327517
    0.237086    -0.443925      0.86413
    0.253342     -0.62601    -0.737515
    0.940886   -0.0177399     0.338259
   -0.224837    -0.779613      0.58451
   -0.260269     -0.59679    -0.759014
   -0.938947     0.339651    0.0549109
     0.22503     0.726965    -0.648755
   -0.186969    -0.814206    -0.549647
   -0.962572    0.0400904     0.268044
    0.196207    -0.579191     0.791228
    0.212071     0.734643    -0.644457
    0.956377    -0.020435      0.29142
    -0.20092     0.678146      0.70693
    0.180035    -0.684279    -0.706647
    0.967213  -0.00767305      0.25385
   -0.179127     -0.72918     0.660462
   -0.145542     -0.81139    -0.566095
   -0.973864    0.0166455     0.226521
    0.174374    -0.584268     0.792606
    0.153161     0.947276    -0.281444
    0.971255   -0.0917815     0.219637
   -0.182226     0.306994     0.934103
    0.104385      0.98559       0.1331
    0.981711    -0.123536     0.144853
   -0.159208    -0.115546      0.98046
   -0.100179    -0.801079    -0.590116
   -0.982573    -0.013678     0.185371
    0.156568    -0.598403     0.785748
   -0.151281    -0.920629    -0.359939
   -0.971626    0.0715158     0.225453
    0.181817    -0.383833     0.905326
    0.107588     0.969696     0.219348
    0.982568    -0.137355     0.125278
    -0.15161    -0.202046      0.96757
  -0.0476614    -0.607142    -0.793163
    -0.98961      0.13654   -0.0450515
    0.135651     0.782774    -0.607341
   0.0601602    -0.530697     0.845424
    0.989372     0.144022    0.0200035
   -0.132376     0.835235     0.533721
  0.00068161    -0.934241    -0.356643
    0.993959    0.0397761    -0.102295
   -0.109754     0.354418    -0.928623
    0.153142     0.987103   -0.0466295
    0.973232    -0.142471     0.180336
   -0.171367    0.0729984     0.982499
   -0.243405    -0.427966    -0.870401
   -0.949407      0.28873     0.123534
    0.198442     0.856435    -0.476593
   -0.245486     -0.56533    -0.787489
   -0.948114     0.309318    0.0735017
    0.202032     0.764672    -0.611931
    0.222741     0.206061    -0.952851
    0.959785    -0.217671     0.177289
   -0.170876    -0.954022    -0.246258
    0.214894      0.10959    -0.970469
      0.9627    -0.191048     0.191599
   -0.164409    -0.975444    -0.146557
    0.228675     0.184337    -0.955891
    0.957911    -0.217641     0.187187
   -0.173536    -0.958464    -0.226347
    0.192287   -0.0741158    -0.978536
     0.97214    -0.121827     0.200257
   -0.134055     -0.98978    0.0486252
   -0.201876    -0.613103    -0.763774
   -0.969932     0.233385    0.0690213
    0.135936     0.754743    -0.641782
   -0.175707    -0.301706     -0.93707
   -0.979539     0.148467     0.135868
    0.098132      0.94177     -0.32162
   -0.178328    -0.539442    -0.822922
   -0.975897     0.203884    0.0778282
    0.125797     0.816966    -0.562798
   -0.164544    -0.490296    -0.855883
    -0.98209     0.162181    0.0959017
   0.0917876     0.856334      -0.5082
    0.150794     0.279137    -0.948337
    0.984643    -0.127777     0.118957
  -0.0879704    -0.951712    -0.294118
    0.209648     0.944293      0.25369
    0.969151     -0.23507    0.0740856
   -0.129594    -0.230332     0.964444
    0.185246     0.660923     0.727231
    0.978447    -0.192761   -0.0740532
   -0.091238    -0.725275     0.682387
   -0.196292    -0.444336    -0.874091
   -0.976924     0.165163     0.135425
   0.0841933     0.880504    -0.466503
   -0.210426    -0.361441     -0.90834
   -0.969331     0.197806     0.145846
     0.12696     0.911171     -0.39198
    0.227129    -0.027494    -0.973476
    0.959675    -0.163694     0.228533
   -0.165636    -0.986128   -0.0107945
   -0.219235     0.409292    -0.885673
   -0.963098     0.054486      0.26358
    0.156138     0.910775     0.382243
    0.231507    -0.643568    -0.729537
     0.95281  -0.00136853     0.303566
   -0.196364    -0.765387     0.612881
   -0.242803     0.402681     -0.88255
   -0.948563    0.0919789     0.302932
    0.203161     0.910708     0.359635
   -0.213091     0.422952    -0.880741
   -0.960611    0.0738811     0.267894
    0.178376     0.903135     0.390549
   -0.174719    -0.905025     0.387817
    -0.98281     0.136443    -0.124367
     0.05964     -0.40288    -0.913308
   -0.169887    -0.931353     0.322056
   -0.983176     0.137933    -0.119747
   0.0671045    -0.336982    -0.939117
    0.178611     0.747136    -0.640224
    0.978702   -0.0679846     0.193703
   -0.101197     0.661185     0.743366
   -0.141421     -0.94033     0.309484
   -0.987885     0.113875    -0.105428
   0.0638948    -0.320644    -0.945042
    -0.16003    -0.934918     -0.31673
   -0.981425     0.116301     0.152578
    0.105812    -0.335264     0.936164
   -0.120116    -0.951858     0.282026
   -0.987257    0.0846587    -0.134747
    0.104384    -0.294617    -0.949897
   -0.123063    -0.921012     0.369585
   -0.990052    0.0883463    -0.109504
   0.0682029    -0.379385    -0.922722
   -0.185819     0.019638    -0.982388
   -0.970737     0.151119     0.186636
    0.152123     0.988321  -0.00901743
   -0.141185     0.568552    -0.810441
   -0.978666    0.0432751      0.20085
    0.149265     0.821508     0.550313
    0.203486    -0.164275    -0.965198
     0.96961    -0.102956     0.221939
   -0.135832    -0.981027     0.138332
   -0.213357    -0.333188    -0.918403
   -0.971093     0.175317     0.161994
    0.107037     0.926418    -0.360962
   -0.201605     0.574829    -0.793049
   -0.975422   -0.0443166     0.215845
   0.0889286     0.817072     0.569635
    0.204236     0.603561    -0.770715
    0.977506    -0.168067     0.127418
  -0.0526272    -0.779402     -0.62431
    0.200971     0.123444    -0.971788
    0.977257   -0.0937975     0.190187
   -0.067674    -0.987909    -0.139487
   -0.183543    -0.870039     0.457541
   -0.982832     0.153527    -0.102324
   0.0187808    -0.468467    -0.883281
  -0.0844915    -0.890811     0.446449
   -0.994358    0.0465438   -0.0953145
   0.0641278    -0.451983    -0.889718
  -0.0256089    -0.865415     0.500401
   -0.998255  -0.00450175   -0.0588731
   0.0532023    -0.501036     -0.86379
   -0.036872    -0.978106    -0.204817
   -0.995716    0.0185691    0.0905759
   0.0847896    -0.207279       0.9746
   0.0314126    -0.894076     0.446812
   -0.997987   -0.0526945   -0.0352802
   0.0550877    -0.444804    -0.893932
   0.0191784    -0.755915     0.654389
   -0.996842    -0.064903   -0.0457578
   0.0770608    -0.651445    -0.754773
   0.0607001    -0.771809     0.632951
    -0.99563   -0.0918991   -0.0165789
   0.0709633    -0.629178    -0.774015
   0.0766346    -0.891528     0.446435
   -0.995569   -0.0928932   -0.0146089
    0.054495    -0.443337    -0.894697
 -0.00392179    -0.988113     -0.15368
    0.994749    0.0118619    -0.101654
   -0.102269     0.153271    -0.982878
   0.0456842      0.99854    0.0288338
   -0.995227    0.0479864    -0.084978
   0.0862376     0.024814    -0.995966
  -0.0549968    -0.848658     0.526075
   -0.990407     0.113256    0.0791644
    0.126765     0.516675     0.846745
   -0.112465    -0.927085     0.357583
   -0.983296     0.155666     0.094325
    0.143111     0.341001     0.929106
  -0.0839044    -0.973853    -0.211115
   -0.992383    0.0624861     0.106165
   0.0901971    -0.218415     0.971679
   -0.111698     -0.58381     -0.80417
   -0.992996    0.0969243    0.0675603
   0.0385012     0.806084    -0.590547
   -0.122371    -0.440186    -0.889529
   -0.991572    0.0926499    0.0905603
   0.0425514     0.893114    -0.447813
   0.0758555     0.646935    -0.758763
    0.996855   -0.0317005    0.0726298
   0.0229336    -0.761886    -0.647305
   -0.071715    -0.803366     0.591151
   -0.997124     0.043177   -0.0622883
  -0.0245162     0.593918     0.804152
  -0.0856659    -0.489934     -0.86754
   -0.996088    0.0231585    0.0852809
  -0.0216911     0.871452    -0.490001
   0.0442971    -0.885909    -0.461739
    0.996295   0.00507112    0.0858502
   0.0737139     0.463832    -0.882851
   0.0390698     -0.89324     0.447879
     0.99584  -0.00211727   -0.0910927
    0.082316     0.449574     0.889442
   0.0124257    -0.941167    -0.337712
    0.990627   -0.0343575       0.1322
    0.136025      0.33619    -0.931919
   0.0483214    -0.579507     0.813533
    0.996872   -0.0230126   -0.0756039
   0.0625346     0.814642     0.576583
   0.0258691    -0.586605      0.80946
    0.992432   -0.0821609   -0.0912575
    0.120038     0.805695      0.58004
   0.0379912    -0.806466     0.590059
    0.992912   -0.0360802    -0.113242
    0.112615     0.590179     0.799379
   0.0507507    -0.839248     0.541375
    0.995265  -0.00249156   -0.0971627
   0.0828925     0.543743     0.835148
  0.00165284    -0.854498    -0.519451
    0.989901   -0.0722357     0.121978
    0.141753     0.514407    -0.845749
   0.0133114    -0.625088     0.780441
    0.989956    -0.101623   -0.0982795
    0.140744     0.773911     0.617457
   0.0697541    -0.726857     0.683238
    0.994358   -0.0042029    -0.105989
   0.0799102     0.686776     0.722463
   -0.100222    -0.622504    -0.776173
   -0.994731    0.0457797    0.0917263
   -0.021567     0.781276    -0.623813
   -0.133281    -0.933252     0.333582
   -0.990973      0.12058   -0.0585955
  -0.0144611      0.33838     0.940898
    0.149846     0.251757     -0.95612
    0.987798   -0.0796431     0.133839
  -0.0424535    -0.964508    -0.260619
     0.12837     0.651163    -0.748002
     0.99114    -0.110162    0.0741969
  -0.0340868      -0.7509    -0.659536
   -0.170166    -0.630396    -0.757393
   -0.984865     0.134488     0.109336
   0.0329354     0.764535     -0.64374
   0.0421308    -0.155173    -0.986989
    0.988389     0.150815    0.0184797
    0.145985    -0.976307     0.159725
   0.0216835     0.996138    0.0850788
    0.986761  -0.00764337    -0.161998
    0.160722   -0.0874651     0.983117
   0.0264686    -0.151838    -0.988051
    0.981581     0.191021  -0.00305978
    0.189203    -0.969771     0.154098
   0.0420282    -0.159048    -0.986376
    0.983481      0.18056    0.0127905
    0.176065    -0.970619     0.164009
   0.0094383    -0.516353     0.856324
    0.979589    -0.167183    -0.111606
    0.200791     0.839899     0.504235
  -0.0348038    -0.916421    -0.398699
    -0.97643     0.116211    -0.181878
   -0.213011    -0.382972     0.898865
  -0.0133631    -0.732935     0.680168
   -0.973681     0.164321     0.157939
   -0.227525    -0.660155     -0.71584
  -0.0322576    -0.954378    -0.296854
   -0.970203     0.101259    -0.220118
   -0.240135    -0.280909     0.929207
  -0.0588926    -0.490861     0.869245
   -0.978082      0.20258    0.0481303
   -0.199717    -0.847358    -0.492033
   0.0569116     0.981104     -0.18492
    0.971549   -0.0970753    -0.216032
    0.229901     0.167364     0.958715
  -0.0629134    -0.449862     0.890879
   -0.974163     0.221686    0.0431486
   -0.216906    -0.865147    -0.452186
   0.0131713    -0.267109     0.963576
   -0.971281     0.225541    0.0757977
   -0.237572    -0.936902    -0.256467
 -0.00598605     0.999958  -0.00687092
   -0.968415  -0.00750974    -0.249232
   -0.249273   0.00516199     0.968419
  -0.0300216    -0.963476    -0.266107
    0.965484   -0.0968625      0.24178
    0.258725     0.249663    -0.933129
  -0.0391491    -0.880287     0.472824
    0.968955    -0.149046    -0.197259
    0.244117     0.450423     0.858793
   -0.016275       0.5918     -0.80592
     0.97808      0.17677     0.110053
    0.207592    -0.786464    -0.581705
  -0.0262371    -0.800612     0.598609
     0.97777    -0.145169    -0.151301
    0.208033     0.581332     0.786623
 -0.00680391    -0.587533     0.809172
    0.985266     -0.14223   -0.0949872
    0.170896     0.796603     0.579843
  0.00460002     -0.90422    -0.427042
    0.985713   -0.0678034     0.154185
    0.168372      0.42165     -0.89099
  -0.0171726    -0.887239     -0.46099
     0.98362   -0.0977321     0.151458
    0.179433     0.450838    -0.874385
    0.038387    -0.427844     0.903037
   -0.969548     0.202796     0.137296
   -0.241873    -0.880808    -0.407031
 -0.00162729    -0.114811     0.993386
     0.97488    -0.221435   -0.0239955
    0.222726     0.968393     0.112287
  -0.0256845    -0.496791      0.86749
    0.971736    -0.216116   -0.0949938
    0.234671     0.840531       0.4883
   0.0193167    -0.626931     0.778835
     0.97901    -0.146219    -0.141982
    0.202893      0.76523     0.610948
   0.0488138    -0.334101     0.941272
    0.979803    -0.166947    -0.110069
    0.193917     0.927634     0.319204
 -0.00651354    -0.815205     0.579136
    0.977799    -0.126494    -0.167058
    0.209444     0.565191      0.79793
  -0.0643585    -0.355277    -0.932543
    -0.98338    -0.136397     0.119831
   -0.169769     0.924756    -0.340594
   0.0332803    -0.882224    -0.469652
    0.984813   -0.0511698     0.165906
    0.170398     0.468041    -0.867123
    0.080006     0.983988     0.159271
    0.987334   -0.0562671    -0.148342
    0.137005    -0.169122     0.976026
  -0.0842586    -0.865662     0.493487
   -0.982721  -0.00971704    -0.184836
   -0.164801     0.500534     0.849886
    0.108499     0.969769     0.218577
    0.984481   -0.0743131    -0.158977
    0.137928    -0.232434     0.962782
   -0.124674    -0.947198      0.29542
   -0.984847     0.154313    0.0791432
   -0.120551    -0.281077    -0.952084
  0.00346694      -0.5844     0.811458
     0.98399    -0.142603    -0.106904
    0.178191     0.798837      0.57455
   0.0390998    -0.386839     0.921318
    0.989505    -0.113372   -0.0895959
    0.139111     0.915151     0.378347
  -0.0282974    -0.880289     0.473592
    0.976566    -0.125467    -0.174861
    0.213348     0.457546     0.863211
  -0.0479428     -0.82395     0.564631
    0.968231    -0.177225    -0.176407
    0.245417     0.538236     0.806271
  -0.0417358    -0.629098     0.776204
    0.969165    -0.214324    -0.121594
    0.242854     0.747195     0.618645
   0.0597575     0.997675   -0.0327597
   -0.963739    0.0662129       0.2585
   -0.260068   -0.0161245    -0.965456
   0.0513724     0.972418    -0.227519
   -0.963789     0.107967     0.243833
   -0.261672    -0.206754    -0.942752
  -0.0552939    -0.718337     0.693494
    0.965735     0.137913     0.219853
     0.25357    -0.681888    -0.686098
   -0.159577    -0.903552     0.397655
   -0.984776     0.173829 -0.000212211
  -0.0689321    -0.391635    -0.917535
   -0.142551    -0.815565     0.560833
   -0.985923    0.0669764    -0.153202
  -0.0873835     0.574777     0.813631
   -0.174891    -0.734217    -0.656002
   -0.983735     0.158029    0.0853952
  -0.0409686    -0.660267     0.749912
   -0.160731    -0.838577     0.520533
   -0.985949     0.160731   -0.0455052
  -0.0455064    -0.520533    -0.852628
     -0.1596    -0.470111    -0.868058
   -0.986504    0.0433743     0.157887
  -0.0365731     0.881541    -0.470689
   -0.189252    -0.910322    -0.368099
   -0.981927     0.176189    0.0691199
 -0.00193358    -0.374527     0.927214
    -0.19661    -0.568686    -0.798712
   -0.980416     0.123459     0.153435
   0.0113515     0.813237    -0.581822
     -0.1638    -0.862508       0.4788
   -0.986389     0.150269   -0.0667548
  -0.0143722    -0.483218    -0.875382
    0.180935     0.665196    -0.724415
    0.983244    -0.139001     0.117945
  -0.0222376    -0.733617      -0.6792
    0.132239     0.651199    -0.747297
    0.990721   -0.0629531     0.120456
   0.0313965    -0.756291    -0.653481
   0.0976659    -0.600124     0.793923
    0.991857  -0.00682898    -0.127177
   0.0817437     0.799878      0.59457
    0.120017     0.629742    -0.767477
    0.988622  -0.00520216      0.15033
   0.0906768    -0.776787    -0.623201
   -0.157499    -0.864626     0.477091
   -0.987216     0.149829   -0.0543695
  -0.0244727    -0.479555    -0.877171
   -0.162247    -0.909911     0.381756
   -0.985663     0.167604   -0.0194274
  -0.0463068    -0.379435    -0.924059
   -0.155866    -0.788259    -0.595275
   -0.986219     0.158037    0.0489592
  -0.0554828    -0.594703     0.802029
    -0.14428     -0.86888      0.47353
   -0.986089     0.166158   0.00443163
  -0.0825315    -0.466303    -0.880767
   -0.152701    -0.782734    -0.603332
   -0.984867     0.171166    0.0272037
  -0.0819766    -0.598356     0.797026
   -0.134245     -0.91005     0.392158
   -0.985222     0.165054    0.0457618
   -0.106373    -0.380219    -0.918759
   -0.116056    -0.865354     0.487538
   -0.988179       0.1501    0.0311874
   -0.100167    -0.478155    -0.872545
   -0.134135    -0.793244    -0.593946
    -0.98581     0.167856  -0.00154697
   -0.100925     -0.58531     0.804503
  -0.0789187    -0.819475     0.567656
   -0.986532     0.146038    0.0736683
   -0.143268    -0.554197    -0.819963
  -0.0592911     -0.86388     0.500195
   -0.981665     0.141392     0.127834
   -0.181157    -0.483445    -0.856425
  -0.0631147    -0.905668     0.419263
    -0.98537     0.123189     0.117771
   -0.158311    -0.405696    -0.900194
   0.0240576     0.111793     -0.99344
    0.978376     0.201566    0.0463753
    0.205429    -0.973074    -0.104526
  -0.0393913     -0.98134     0.188205
   -0.983769    0.0710863     0.164756
    -0.17506     -0.17866    -0.968212
  -0.0004062    -0.888687    -0.458515
   -0.979819    0.0920054    -0.177455
   -0.199888     -0.44919     0.870789
   0.0187376    0.0527165    -0.998434
   -0.973325    -0.227424   -0.0302742
   -0.228664     0.972368    0.0470489
  -0.0289825    -0.943496     0.330115
   -0.987248    0.0787347     0.138355
   -0.156529    -0.321895    -0.933746
  0.00871982    -0.900618     0.434524
   -0.985919    0.0648268     0.154149
   -0.166998    -0.429749    -0.887371
   0.0033217    -0.971265    -0.237978
   -0.988456     0.032858    -0.147901
    -0.15147    -0.235722     0.959944
  -0.0509325    -0.947246     0.316436
   -0.987742    0.0945895     0.124168
   -0.147549    -0.306233    -0.940452
  -0.0805213    -0.909355     0.408154
   -0.986554     0.131137    0.0975411
   -0.142224    -0.394812    -0.907687
    0.098156    -0.102361    -0.989893
    0.983666     0.160791    0.0809118
    0.150883    -0.981666     0.116472
   -0.121436    -0.802069     0.584755
   -0.983976     0.174759    0.0353621
   -0.130554     -0.57109    -0.810439
    0.104441     0.981465    -0.160681
    0.985565    -0.123786    -0.115495
    0.133244     0.146299     0.980226
   0.0618178    -0.540273     0.839216
    0.987672   -0.0880406    -0.129432
    0.143814     0.836871      0.52817
 -0.00121125    -0.690059     0.723752
   -0.989655      0.10466    0.0981311
   -0.143464    -0.716146    -0.683047
    -0.45816    -0.323041     -0.82809
   -0.875033     0.327656     0.356313
    0.156225     0.887855    -0.432791
   -0.545729    -0.567551    -0.616494
   -0.831722     0.456482     0.316009
    0.102068     0.685207    -0.721161
   -0.515586    -0.411491    -0.751562
   -0.853472     0.324306     0.407936
   0.0758743     0.851763    -0.518404
    0.577701     0.214401    -0.787587
    0.815308    -0.197881     0.544166
  -0.0391786    -0.956491    -0.289119
   -0.590696    -0.403647    -0.698676
   -0.804638     0.359382     0.472655
   0.0603055     0.841376    -0.537075
    0.552879      0.15946    -0.817861
    0.832601    -0.144771     0.534618
  -0.0331529    -0.976532    -0.212808
    0.601784     0.135986    -0.786997
    0.797712    -0.150302     0.584007
    -0.03887    -0.979243    -0.198927
    0.588763      0.09597    -0.802588
    0.807935    -0.099951     0.580733
  -0.0244865    -0.990353    -0.136385
    0.584827     0.807769     0.074065
    0.809554    -0.586972   0.00929499
  -0.0509823   -0.0545236      0.99721
    0.609671     0.143951    -0.779474
    0.790849    -0.176811     0.585915
  -0.0534765    -0.973661     -0.22164
   -0.591245    -0.607042      0.53097
   -0.804322     0.492097    -0.333027
   0.0591279     0.623972     0.779207
    0.595612     0.664397     0.451468
    0.799124     -0.54714    -0.249075
  -0.0815315    -0.509131     0.856819
    0.564267       0.2763    -0.777985
    0.825334    -0.212369     0.523186
  -0.0206635    -0.937314    -0.347872
    -0.57374     0.421478    -0.702267
   -0.818135    -0.254667     0.515559
   0.0384522     0.870346     0.490938
    0.556008    -0.124066    -0.821865
    0.830578    0.0453959     0.555049
  -0.0315534    -0.991235     0.128287
    0.540142     0.170987    -0.824021
    0.841282     -0.13551     0.523337
   -0.022179     -0.97591    -0.217043
   -0.518855    -0.319548    -0.792893
   -0.854458     0.222386     0.469517
   0.0262953     0.921104    -0.388427
   -0.468495    -0.354873     -0.80906
   -0.882914     0.220442      0.41457
   0.0312309     0.908554    -0.416598
   -0.437958    -0.356021    -0.825495
   -0.897809     0.220365     0.381284
   0.0461654     0.908123     -0.41615
    -0.48839    -0.431313     -0.75858
   -0.870181     0.305747     0.386399
   0.0652745     0.848816    -0.524644
   -0.399245    -0.471445    -0.786348
   -0.912487     0.287836     0.290719
   0.0892812       0.8336    -0.545105
    0.383275     0.162615    -0.909207
     0.92048    -0.148533     0.361461
  -0.0762676    -0.975446    -0.206613
   -0.360941    -0.399984    -0.842457
   -0.929698     0.225399     0.291303
   0.0733728     0.888374     -0.45322
   -0.301929    -0.284742    -0.909813
   -0.948381      0.18683     0.256257
   0.0970132     0.940222    -0.326454
   -0.446227    -0.239571    -0.862257
   -0.887796     0.239834     0.392808
    0.112693      0.94079    -0.319711
    0.555466     0.754549    -0.349447
    0.820308    -0.428392     0.378914
   -0.136209     0.497128      0.85692
    0.540903     0.807448    -0.235482
    0.832052    -0.472774     0.290127
   -0.122932     0.352864     0.927564
    0.468957    -0.394843     -0.79005
    0.861375   0.00674032     0.507925
   -0.195226    -0.918724     0.343269
    0.483624    0.0788316    -0.871719
    0.845117    -0.301239     0.441624
   -0.227782    -0.950284    -0.212308
   -0.458211     0.443363    -0.770371
   -0.872256   -0.0576329     0.485643
    0.170917     0.894488     0.413134
    0.406092     0.152517    -0.901015
    0.873927    -0.352999     0.334131
   -0.267097    -0.923109    -0.276639
    -0.39947     0.329603    -0.855445
   -0.885248     0.103812     0.453386
    0.238243     0.938395      0.25031
   -0.348497    -0.238564    -0.906442
   -0.889624     0.388717     0.239726
    0.295159     0.889936    -0.347699
    0.440597   -0.0305308    -0.897186
      0.8494    -0.309244     0.427654
   -0.290506    -0.950493    -0.110319
    0.376939    0.0358707    -0.925543
    0.866594    -0.366439     0.338729
   -0.327004    -0.929751     -0.16921
   -0.407027     0.250485      -0.8784
   -0.840727     0.273207     0.467478
    0.357081     0.928771    0.0993867
   -0.379507     0.301437    -0.874706
   -0.902405    0.0879211     0.421824
    0.204059     0.949424     0.238652
    0.314091     0.192676    -0.929636
    0.914724    -0.323612     0.241981
   -0.254217    -0.926364    -0.277889
   -0.301273    -0.459722    -0.835398
   -0.929424     0.337359     0.149532
    0.213086     0.821489    -0.528914
   -0.362505      0.34619    -0.865299
   -0.915262    0.0428387     0.400575
    0.175744     0.937186     0.301326
   -0.445658      0.34472     -0.82617
   -0.883008    -0.017455     0.469034
    0.147264     0.938543     0.312169
    -0.43341     0.493492     -0.75407
   -0.892239    -0.117293     0.436064
    0.126747     0.861805     0.491149
     0.53978    -0.158973    -0.826659
    0.838104    0.0094954     0.545427
   -0.078859    -0.987237     0.138362
    0.537152     0.776227    -0.330059
    0.837514     -0.44434     0.318014
   -0.100193     0.447251     0.888779
   -0.517194     0.544408    -0.660401
   -0.852796     -0.26248      0.45149
   0.0724532     0.796696     0.600022
    0.311315     0.372396    -0.874302
    0.944231    -0.225081     0.240345
   -0.107285    -0.900367    -0.421699
   -0.354149    -0.758945     0.546426
    -0.92916     0.351794     -0.11359
    0.106021     0.547945     0.829768
    0.350085      0.87548    -0.333129
     0.92956    -0.280819     0.238869
   -0.115576     0.393288     0.912122
    -0.42177    -0.821534    -0.383657
   -0.902859     0.341612     0.261048
   0.0833979     -0.45649     0.885811
   -0.423843    -0.905723  -0.00487824
   -0.903015     0.422147    0.0797212
    0.070146   -0.0381944     0.996805
   -0.429203     0.419805    -0.799718
   -0.897862    -0.102116     0.428271
   0.0981266     0.901851     0.420755
    0.486037      0.81772    -0.308386
    0.872907    -0.437094     0.216756
  -0.0424523     0.374544     0.926237
     0.49336     0.812891     0.309521
    0.868463     -0.48025    -0.123011
  -0.0486533    -0.329496     0.942902
    0.521837     0.208524    -0.827166
    0.852723    -0.154158     0.499098
  -0.0234402    -0.965792    -0.258258
    0.470909      0.83964     0.270647
    0.881161    -0.462434   -0.0985347
   -0.042423    -0.284885     0.957623
   -0.514189    -0.583053    -0.629014
    -0.85748     0.365182      0.36245
   0.0183774     0.725735    -0.687729
   -0.512526    -0.745276     0.426474
   -0.858584     0.451888    -0.242137
   0.0122593     0.490265     0.871487
    0.497868    -0.221297    -0.838544
    0.865399     0.063585     0.497032
  -0.0566729    -0.973131     0.223167
    -0.53718    0.0119455    -0.843383
   -0.842938      0.02782      0.53729
   0.0298812     0.999542  -0.00487503
    0.426996     0.896185    -0.120525
    0.897979    -0.404576     0.173065
   -0.106337     0.182127     0.977508
    0.355433     0.924672     0.136563
    0.922251    -0.370703     0.109692
   -0.152054    -0.086957      0.98454
    0.350742     0.908214    -0.228313
    0.926217    -0.300452     0.227709
   -0.138212     0.291334     0.946584
   -0.295592    -0.620511    -0.726355
   -0.942566     0.313234      0.11599
    0.155546     0.718923    -0.677462
     0.29293     0.347845    -0.890616
    0.937521    -0.287395      0.19611
   -0.187743    -0.892417    -0.410298
   -0.304034     -0.51358    -0.802371
   -0.943723      0.27747     0.179992
    0.130194     0.811939    -0.569038
   -0.487271    -0.393108    -0.779764
   -0.872773     0.248772     0.419976
   0.0288875       0.8852    -0.464314
   -0.481179    -0.363054    -0.797909
   -0.875971     0.234216     0.421685
   0.0337887     0.901851    -0.430724
   -0.398042     -0.47343    -0.785765
   -0.913827     0.279801     0.294331
   0.0805125      0.83521    -0.544006
    0.389458     0.585624    -0.710892
    0.917425    -0.315013     0.243102
  -0.0815737    -0.746868     -0.65995
   -0.415508    -0.437559    -0.797431
    -0.90785     0.253692     0.333839
   0.0562277      0.86266    -0.502649
    0.276175    -0.395539     0.875943
    0.953358     0.228243    -0.197518
   -0.121802     0.889637     0.440125
   -0.296169    -0.421822     0.856942
   -0.949056     0.231034    -0.214281
    0.107594      0.87675     0.468757
     0.21447    -0.381965     0.898947
     0.96927     0.196766    -0.147641
   -0.120489     0.902987     0.412427
    0.290084    -0.551869     0.781852
    0.945313     0.292532    -0.144249
   -0.149111     0.780939     0.606548
    0.187095    -0.416126     0.889851
    0.970978     0.215726    -0.103272
    -0.14899     0.883347      0.44441
    0.207057    -0.523497     0.826485
    0.962174     0.261855   -0.0751916
   -0.177057     0.810791     0.557914
   -0.348101    -0.321533    -0.880592
    -0.93309     0.209398     0.292395
   0.0903799     0.923455    -0.372911
   -0.245925    -0.289232      0.92513
   -0.962452     0.186022    -0.197689
    0.114917     0.939011     0.324119
   -0.430664    -0.319176    -0.844189
   -0.901427     0.197972     0.385014
   0.0442386     0.926787    -0.372974
   -0.514708    -0.604334    -0.608158
    -0.85699     0.383644     0.344072
   0.0253819     0.698282    -0.715372
   -0.490859    -0.380717    -0.783653
   -0.870746     0.244629     0.426566
   0.0293034     0.891746    -0.451586
   -0.401931     0.478488    -0.780706
   -0.826473      0.17748     0.534269
    0.394201     0.859971     0.324123
    0.357356     0.160769    -0.920027
    0.858957    -0.443367      0.25616
   -0.366727    -0.881805    -0.296533
    0.361138     0.917752     -0.16526
    0.849736    -0.250876     0.463692
   -0.384095     0.307884     0.870447
    0.402373     0.858726     -0.31731
    0.814328    -0.177362     0.552641
   -0.418289     0.480762      0.77065
   -0.319374    -0.830549    -0.456278
   -0.888356    0.0947906     0.449264
    0.329885     -0.54882     0.768097
    0.388059     0.880045    -0.273735
    0.841699     -0.21742     0.494238
   -0.375437     0.422196     0.825105
    0.357369     0.884361    -0.300321
    0.876201    -0.206132     0.435638
   -0.323355     0.418825     0.848544
   -0.408304    -0.813075    -0.414967
   -0.869429     0.207852     0.448208
    0.278175    -0.543789     0.791777
   -0.417404    -0.805923    -0.419835
   -0.798638     0.104927     0.592594
    0.433533    -0.582647     0.687438
    0.431227    -0.559887    -0.707509
    0.829759   -0.0618512     0.554684
   -0.354321    -0.826257     0.437899
    0.454352     0.227477    -0.861289
    0.788103    -0.553365     0.269594
    -0.41528    -0.801275    -0.430698
   -0.339699    -0.684464    -0.645069
   -0.910309    0.0667927     0.408505
    0.236521    -0.725981     0.645763
   -0.403131    -0.785874    -0.468921
   -0.896377     0.235855      0.37534
    0.184373    -0.571641      0.79952
   -0.375491     -0.76853    -0.518043
   -0.922094     0.253357     0.292495
   0.0935412    -0.587513      0.80379
    0.321104     0.910268    -0.261351
    0.932439    -0.255597     0.255396
   -0.165678     0.325702     0.930843
   -0.293158    -0.859256      0.41921
   -0.918332     0.375043     0.126525
    0.265939     0.347883     0.899029
    0.278638     0.936945    -0.210938
    0.935998    -0.215736     0.278148
   -0.215102      0.27494     0.937091
   -0.291156   -0.0347677    -0.956043
   -0.915534     0.300039     0.267908
    0.277536     0.953293    -0.119189
    -0.32267    -0.405139    -0.855422
    -0.88986     0.437822     0.128302
    0.322542     0.802605    -0.501789
   -0.272109     -0.36413    -0.890711
   -0.933556     0.324318     0.152614
    0.233302     0.873056    -0.428186
     0.47693    -0.275141    -0.834766
    0.790846    -0.280099     0.544158
   -0.383537    -0.919697    0.0840062
    0.468124     0.155192    -0.869928
    0.831536    -0.410483     0.374236
   -0.299012    -0.898565    -0.321205
    0.517999    0.0861617     -0.85103
    0.817151    -0.343959     0.462554
   -0.252865    -0.935023    -0.248578
    0.488915    -0.105091    -0.865978
    0.803148     -0.33322     0.493881
   -0.340464    -0.936974   -0.0785125
    0.514665    -0.113004    -0.849911
    0.846485   -0.0906367     0.524641
    -0.13632    -0.989452    0.0490087
    -0.50893    -0.704779    -0.494244
   -0.836249     0.268623     0.478048
    0.204153    -0.656604     0.726081
     -0.5241    -0.733482    -0.432808
   -0.844936     0.384093     0.372231
    0.106786    -0.560781     0.821049
   -0.529664    -0.704011    -0.473101
   -0.842666     0.373093     0.388222
   0.0968018    -0.604293      0.79086
    0.491953     0.869294   -0.0480665
    0.814107     -0.43975     0.379276
   -0.308565     0.225718     0.924034
   -0.498498    -0.764375    -0.408938
   -0.845729     0.325225      0.42305
    0.190372     -0.55674     0.808578
    0.465011     0.882592    0.0692603
    0.830259    -0.461917     0.311934
   -0.307303    0.0875487     0.947576
   -0.509911    -0.697034    -0.504118
   -0.859786     0.394206     0.324606
   0.0275352    -0.598954      0.80031
   -0.519535     -0.77285    -0.364398
   -0.854294     0.477944     0.204329
  -0.0162462     -0.41746      0.90855
   -0.487444    -0.747954    -0.450515
   -0.865392     0.482484       0.1353
   -0.116168    -0.455823     0.882457
   -0.498044     0.579908    -0.644716
   -0.861267    -0.417276     0.289999
   -0.100852     0.699705     0.707278
   -0.506644     0.569855    -0.646975
    -0.86065    -0.289969     0.418568
   0.0509201     0.768884     0.637357
   -0.475393    -0.712838     -0.51562
   -0.878507     0.416078     0.234745
  -0.0472024    -0.564572     0.824033
   -0.434579    -0.678953    -0.591746
   -0.892805     0.238325      0.38223
    0.118489    -0.694423     0.709744
   -0.445127    -0.402235    -0.800043
   -0.872701     0.395046     0.286936
    0.200638     0.825921    -0.526876
    0.435825     0.849485    -0.297374
    0.899648    -0.401531     0.171483
  -0.0262676     0.342268     0.939235
   -0.464148    -0.641235    -0.611052
   -0.838355     0.540688    0.0694089
   -0.285881    -0.544494     0.788542
    0.461459    -0.117501    -0.879346
    0.838744     0.380754     0.389275
    0.289075     -0.91718     0.274256
   -0.445461     0.402396    -0.799776
   -0.847241    -0.478211     0.231294
    -0.28939     0.780636     0.553951
   -0.449328    -0.665688    -0.595788
   -0.853751     0.516362    0.0669328
   -0.263086    -0.538729     0.800348
   -0.466582     0.493739    -0.733842
   -0.839548    -0.508304     0.191797
   -0.278317     0.705584     0.651683
   -0.452688     0.619524    -0.641298
    -0.86411    -0.482231     0.144112
   -0.219973     0.619389     0.753637
   -0.429735     0.605086    -0.670223
   -0.878889    -0.450524     0.156789
   -0.207081     0.656429     0.725409
    -0.41389    -0.780689    -0.468208
   -0.895308     0.442136    0.0542251
   -0.164679    -0.441634     0.881953
   -0.384879      0.63794    -0.667009
   -0.918858    -0.332957     0.211756
  -0.0869978     0.694386     0.714324
   -0.460175      0.47317    -0.751231
   -0.858778    -0.451903     0.241419
   -0.225251     0.756236     0.614303
    0.398916      0.88982    -0.221556
    0.906031     -0.41971   -0.0543244
    0.141328     0.179066     0.973633
   -0.427862     0.386092    -0.817231
   -0.890923    -0.332494     0.309361
   -0.152283     0.860454      0.48624
   -0.427498    -0.794156    -0.431928
   -0.900419     0.416636     0.125142
  -0.0805744    -0.442414     0.893184
   -0.370321    -0.814972    -0.445739
   -0.928879     0.321369     0.184137
   0.0068203    -0.482227      0.87602
   -0.465668    -0.763303    -0.447797
   -0.874568     0.474252     0.101074
   -0.135219    -0.438696     0.888404
   -0.468266     0.391736    -0.792004
   -0.864205    -0.389763     0.318173
   -0.184054     0.833443     0.521053
   -0.452311     -0.79279    -0.408534
   -0.857724     0.512196   -0.0443201
   -0.244386    -0.330363     0.911667
    -0.44458    -0.675891    -0.587809
   -0.857822     0.510172    0.0621796
   -0.257857    -0.531879     0.806607
   -0.469894    -0.734731    -0.489255
   -0.859109     0.507995    0.0622382
   -0.202811    -0.449569     0.869917
    -0.43976     0.493586    -0.750323
   -0.850421    -0.497478      0.17117
   -0.288783     0.713364     0.638527
   -0.384857    -0.747118    -0.541941
   -0.919247     0.362999     0.152371
  -0.0828849    -0.556819     0.826488
    0.336377    -0.172239    -0.925842
    0.940932     0.101863      0.32291
   0.0386915    -0.979774      0.19633
   -0.306037    -0.488177    -0.817327
   -0.951328     0.189531     0.243008
   0.0362774     0.851916     -0.52242
    -0.33341   -0.0116905    -0.942709
   -0.942681    0.0187912     0.333167
   0.0138197     0.999755   -0.0172856
     0.28258     0.156192    -0.946442
    0.955398    -0.134086     0.263125
  -0.0858063    -0.978583    -0.187116
   -0.284135    -0.368418    -0.885176
   -0.952954     0.210177     0.218414
    0.105576      0.90559    -0.410804
   -0.272349      -0.3026    -0.913378
   -0.951698     0.224572     0.209375
    0.141762     0.926283    -0.349146
   -0.307209    -0.613364    -0.727603
   -0.948604     0.258418     0.182676
   0.0759786     0.746327    -0.661228
    0.265195     0.271829    -0.925084
    0.946022    -0.258755     0.195164
   -0.186319    -0.926906    -0.325777
   -0.273147    -0.446109    -0.852278
   -0.949857     0.265241     0.165585
     0.15219     0.854771     -0.49619
    0.312637     0.948112    0.0578082
    0.946039     -0.31626    0.0706348
  -0.0852521   -0.0326058     0.995826
   -0.324958     0.636623    -0.699366
   -0.945728    -0.218098     0.240897
 0.000830757     0.739692     0.672945
     0.66725    0.0888799    -0.739512
    0.562579    -0.710826     0.422174
   -0.488141     -0.69773    -0.524301
   -0.672398    -0.261305    -0.692532
   -0.556675     0.795168     0.240459
    0.487847     0.547199    -0.680131
   -0.680619    -0.293691    -0.671195
   -0.602622     0.745436     0.284907
    0.416658      0.59839    -0.684343
    0.685089     0.180886    -0.705644
    0.601569    -0.686769     0.407998
   -0.410813    -0.704009    -0.579314
   -0.687652    -0.212691    -0.694188
   -0.550014     0.776741     0.306851
     0.47394      0.59282    -0.651111
   -0.674826     -0.56688       0.4725
   -0.659913     0.750139   -0.0425138
     0.33034     0.340498     0.880305
   -0.690705    -0.431923    -0.579973
   -0.611917     0.776474     0.150486
    0.385336     0.458837    -0.800615
    -0.67394    -0.549972     0.493291
   -0.666328     0.740873   -0.0843441
