  -0.0225338    -0.874999       0.4836
   -0.997962  -0.00919968   -0.0631464
    0.059702    -0.484037    -0.873008
  -0.0466157    -0.886486     0.460401
   -0.997553    0.0172669   -0.0677555
   0.0521146    -0.462433    -0.885122
  -0.0880187     -0.85472     0.511572
   -0.995277    0.0543466   -0.0804418
   0.0409531    -0.516236    -0.855467
   -0.114721    -0.848925     0.515912
    -0.99232    0.0737511    -0.099302
   0.0462509    -0.523342    -0.850866
   -0.142796     -0.92123     0.361863
   -0.988989     0.118451   -0.0887177
   0.0388664    -0.370547       -0.928
   -0.142817    -0.896983    -0.418359
   -0.989501     0.119932    0.0806517
   0.0221688    -0.425485     0.904694
   -0.165465    -0.832962    -0.528012
   -0.986001     0.128562     0.106174
   0.0205563    -0.538188     0.842574
   -0.159372    -0.883344     0.440799
   -0.986593     0.126624    -0.102954
   0.0351281    -0.451297    -0.891682
    0.166618     0.686448    -0.707833
    0.985948    -0.107235     0.128089
  -0.0120224     0.719228      0.69467
   -0.163322    -0.845847     0.507808
   -0.985985     0.122181      -0.1136
   0.0340433    -0.519245    -0.853947
   -0.155039    -0.864785    -0.477608
   -0.987907     0.136533    0.0734755
 -0.00166889    -0.483224     0.875495
   -0.153161    -0.858286     0.489782
   -0.988023     0.123584   -0.0924007
   0.0187772    -0.498068    -0.866934
    0.141525     0.988112   -0.0600507
    0.980493    -0.131559     0.146037
     -0.1364    0.0795471     0.987455
    0.186736     0.979996   -0.0688342
    0.969004    -0.172199     0.177141
   -0.161744    0.0997791     0.981775
   -0.145684    -0.938586    -0.312782
   -0.978807    0.0907504     0.183578
    0.143919    -0.332898     0.931916
   -0.194294    -0.902946     0.383325
   -0.965756     0.244574    0.0866003
    0.171947     0.353373     0.919544
    0.218613     0.932206     0.288444
    0.957749    -0.261589     0.119534
   -0.186884    -0.250125     0.950006
    0.165924      0.97961    -0.113288
    0.974925    -0.145675     0.168227
   -0.148294      0.13836     0.979217
     0.21867     0.972197    0.0837702
    0.957933    -0.230226     0.171348
    -0.18587   -0.0427776     0.981643
    0.194699     0.194945    -0.961295
    0.965988    -0.208142     0.153439
   -0.170174    -0.958474     -0.22884
   -0.217777    -0.487492    -0.845533
    -0.95972     0.264527    0.0946736
    0.177514     0.832092    -0.525463
    0.237801     0.962168    -0.132978
    0.951019      -0.2028     0.233311
   -0.197517     0.181946     0.963267
    0.237627     0.630736    -0.738719
    0.952241    -0.301395    0.0489738
   -0.191756    -0.715076    -0.672232
    0.248592     0.667841     0.701563
    0.948094    -0.316049   -0.0350894
   -0.198295    -0.673871     0.711743
    0.167504     0.235175    -0.957411
    0.974275    -0.187998     0.124275
   -0.150765    -0.953598    -0.260616
     0.19285     0.947875    -0.253658
    0.968358    -0.142119     0.205148
   -0.158405     0.285194      0.94529
     0.16761    -0.433224    -0.885564
    0.976275   -0.0519716     0.210204
    -0.13709    -0.899787     0.414235
   -0.139331    -0.885432    -0.443393
   -0.982405     0.067361     0.174194
    0.124369    -0.459862     0.879238
    0.135773     0.988642   -0.0644376
    0.982334    -0.125881     0.138472
   -0.128788    0.0820999     0.988268
  -0.0949649    -0.945843    -0.310423
   -0.990017    0.0571079     0.128862
    0.104156    -0.319561     0.941824
   0.0834765     0.954266    -0.287067
    0.990778   -0.0486256     0.126468
   -0.106726     0.294977     0.949525
   -0.115134    -0.941079    -0.317986
   -0.985409    0.0678074     0.156112
    0.125352     -0.33132     0.935154
  -0.0793866    -0.996548    0.0243073
   -0.991789     0.081413    0.0986186
    0.100257    0.0162787     0.994828
  -0.0538811    -0.936898    -0.345426
   -0.994907    0.0208604    0.0986104
   0.0851821     -0.34898     0.933251
  -0.0472407    -0.987765    -0.148621
   -0.995604    0.0345138    0.0870767
   0.0808819    -0.152081     0.985053
  -0.0230877    -0.994254    -0.104531
    -0.99752    0.0159568    0.0685469
    0.066485    -0.105855     0.992157
    0.110859     0.993292    -0.032869
    0.986781    -0.106078     0.122517
   -0.118208    0.0460166     0.991922
    0.243055     0.599072    -0.762914
    0.952984    -0.294196    0.0725942
   -0.180957    -0.744689    -0.642412
   -0.238666    -0.542939    -0.805143
   -0.954598     0.283376    0.0918772
    0.178275     0.790516    -0.585921
    0.226978     0.611918    -0.757652
    0.961563    -0.264243      0.07465
   -0.154525    -0.745474    -0.648375
    0.226096     0.684067     0.693494
    0.961822    -0.269475   -0.0477652
   -0.154205    -0.677817     0.718878
   -0.225197    -0.531625    -0.816494
   -0.962462     0.251691     0.101578
    0.151503     0.808719    -0.568349
   -0.206422    -0.424895    -0.881393
   -0.970828     0.201252     0.130349
    0.121998     0.882588    -0.454043
   -0.211291    -0.379661    -0.900674
   -0.970171     0.193504     0.146027
    0.118843     0.904662    -0.409222
   -0.190858     -0.52682    -0.828272
   -0.978041     0.174027      0.11468
   0.0837256     0.831971    -0.548466
   -0.201717    -0.544715       -0.814
   -0.972125     0.212758    0.0985274
    0.119516     0.811184    -0.572448
    0.184612     0.603431    -0.775751
    0.979332    -0.179304     0.093585
  -0.0826234    -0.776995    -0.624062
    0.178412     0.691347     0.700149
    0.980707    -0.182722   -0.0694782
   -0.079899    -0.699036     0.710609
    0.211173     0.641123    -0.737813
    0.970721    -0.225969    0.0814781
   -0.114486    -0.733416     -0.67007
      -0.199    -0.787822     0.582869
   -0.977114     0.205116   -0.0563599
   0.0751542     0.580745     0.810609
    0.201709     0.690789     0.694351
    0.977009    -0.191885   -0.0929207
  -0.0690471     -0.69713     0.713612
   -0.207865    -0.858774     0.468295
    -0.97284     0.231354  -0.00755553
    0.101853     0.457147      0.88354
   -0.219008      -0.4448     -0.86844
   -0.965084     0.229826     0.125667
    0.143694      0.86564    -0.479603
   -0.207925    -0.614407    -0.761099
   -0.969814     0.230832    0.0786019
    0.127393     0.754467    -0.643856
    0.215282     0.584964    -0.781966
    0.963439    -0.258005    0.0722384
   -0.159494    -0.768928    -0.619121
    0.229722     0.600089    -0.766238
    0.958024    -0.278167    0.0693698
   -0.171514     -0.75001    -0.638801
   -0.197035    -0.772554     0.603604
   -0.970442     0.241201  -0.00806927
    0.139356     0.587353     0.797243
   -0.175092    -0.909474     0.377094
   -0.983692     0.145589    -0.105615
   0.0411532    -0.389437    -0.920133
   -0.173502    -0.897693     0.405025
   -0.983313     0.135063    -0.121873
   0.0547005    -0.419412    -0.906147
   -0.182562    -0.903226      -0.3884
   -0.980166     0.136215     0.143944
   0.0771074    -0.406976     0.910179
   -0.163776    -0.863913     0.476269
   -0.984819     0.115033    -0.129993
   0.0575157    -0.490329    -0.869638
   -0.162894    -0.935269     0.314226
   -0.983253     0.127501    -0.130218
   0.0817249    -0.330176    -0.940375
   -0.131567    -0.946123     0.295873
   -0.988316     0.102022    -0.113239
   0.0769529    -0.307315    -0.948491
   -0.135293    -0.894502       0.4261
   -0.989372    0.0988371    -0.106653
   0.0532872    -0.436001    -0.898367
   -0.175604    -0.506691    -0.844054
   -0.977237     0.193396    0.0872161
    0.119045     0.840156    -0.529118
    0.141481    0.0321329    -0.989419
    0.983722    -0.116414     0.136886
   -0.110784    -0.992681   -0.0480803
   -0.198807    -0.825207     0.528686
   -0.974187     0.225259   -0.0147336
    0.106933     0.517969     0.848689
   -0.203628    -0.757382      0.62041
   -0.975078     0.213893   -0.0589198
   0.0880768     0.616946     0.782061
    0.195619     0.374685    -0.906281
    0.978457    -0.136754      0.15466
  -0.0659881    -0.917011    -0.393365
    0.195629    0.0926103    -0.976295
    0.979833   -0.0597636     0.190669
   -0.040689    -0.993907    -0.102434
   -0.201408    -0.564207    -0.800691
   -0.977751     0.164735     0.129865
   0.0586309     0.809032    -0.584833
   -0.178962    -0.909107     0.376161
   -0.983445     0.154247   -0.0950967
   0.0284313    -0.386953    -0.921661
   -0.102128    -0.879928     0.464001
   -0.993805     0.069696    -0.086569
   0.0438354    -0.469968    -0.881594
  -0.0663415    -0.896695     0.437649
   -0.996901    0.0409859   -0.0671408
   0.0422674    -0.440747    -0.896636
  -0.0701693    -0.915127     0.397012
   -0.995538    0.0390717   -0.0858933
   0.0630914    -0.401268    -0.913785
  -0.0298298    -0.881436      0.47136
   -0.998335   0.00298062   -0.0576054
   0.0493705    -0.472294    -0.880057
  -0.0389055    -0.820202     0.570749
   -0.997551   -0.0013408   -0.0699256
   0.0581184    -0.572072    -0.818142
 -0.00865547    -0.726624     0.686981
   -0.998393   -0.0321963   -0.0466333
   0.0560031    -0.686281    -0.725178
 -0.00699504    -0.897877      0.44019
   -0.998592   -0.0168742   -0.0502876
   0.0525799    -0.439923    -0.896495
  -0.0333759    -0.983315    -0.178823
   -0.997278    0.0209952    0.0706853
   0.0657515    -0.180695     0.981339
 -0.00473712    -0.966723    -0.255783
   -0.998653  -0.00864187    0.0511568
   0.0516649    -0.255681      0.96538
  -0.0658171    -0.917981    -0.391126
   -0.994596    0.0288142     0.099739
   0.0802885    -0.395577     0.914917
    0.118164     0.987667      0.10272
    0.988103    -0.127206    0.0864372
  -0.0984377   -0.0912838     0.990948
   -0.112379    -0.920226     0.374905
   -0.990917    0.0757416    -0.111119
   0.0738585    -0.383987     -0.92038
   -0.148855    -0.530437    -0.834553
   -0.988254     0.109316     0.106789
   0.0345854     0.840646    -0.540479
   -0.155782     -0.38315    -0.910455
   -0.987151     0.093566     0.129529
   0.0355585     0.918935    -0.392802
    0.120082      0.20883    -0.970551
    0.992693   -0.0135976     0.119896
   0.0118408    -0.977857    -0.208937
    0.116033     0.284368    -0.951668
    0.993185   -0.0226557     0.114325
   0.0109497    -0.958447    -0.285059
    0.125879     0.155248    -0.979823
    0.991967  -0.00725433      0.12629
   0.0124983    -0.987849    -0.154914
  -0.0954968    -0.595696    -0.797513
   -0.993864    0.0121391     0.109941
  -0.0558104     0.803118      -0.5932
    -0.10118     -0.90623     0.410499
   -0.992923     0.066197   -0.0985983
   -0.062179      0.41757     0.906515
   0.0768006    -0.723644     0.685887
    0.991373    -0.017856    -0.129846
    0.106209     0.689942      0.71603
  -0.0937051     0.378979    -0.920649
    -0.99408   -0.0866898    0.0654938
  -0.0549901     0.921336     0.384859
   0.0785965    -0.824741     0.560022
    0.991626    0.0069329     -0.12896
    0.102476     0.565468      0.81838
   0.0810591   -0.0335863    -0.996143
    0.992579    0.0936144    0.0776128
   0.0906466    -0.995042    0.0409254
   -0.107922     -0.85156     0.513028
   -0.992153    0.0594911    -0.109965
  -0.0631217      0.52087     0.851299
  -0.0848635    -0.418395    -0.904292
   -0.990529   -0.0628901     0.122054
   -0.107938     0.906085    -0.409095
  -0.0864676    -0.440103    -0.893774
    -0.99049   -0.0583948     0.124578
   -0.107019     0.896047    -0.430868
    0.117024     0.991989    0.0475777
    0.990701    -0.113256   -0.0753976
   0.0694051   -0.0559586     0.996018
    0.138295     0.986971    0.0822388
    0.990106    -0.135786   -0.0353864
   0.0237584   -0.0863189     0.995984
   -0.152428    -0.944644     0.290539
   -0.988112     0.139703   -0.0641755
  -0.0200337     0.296867     0.954709
   -0.172699    -0.712423     0.680168
   -0.984528     0.145647   -0.0974242
    0.029657     0.686469     0.726554
    0.162571     0.286858    -0.944078
    0.986006   -0.0830281     0.144563
  -0.0369161    -0.954368    -0.296341
   -0.174226    -0.441165    -0.880352
   -0.984363     0.101613     0.143889
   0.0259764     0.891655     -0.45197
   0.0727655     0.218921    -0.973026
    0.989294     0.107901    0.0982587
    0.126501    -0.969758    -0.208726
  -0.0595635    -0.635139    -0.770098
   -0.987257   -0.0765622     0.139504
   -0.147565     0.768594    -0.622485
   0.0570554    -0.145876    -0.987656
    0.983015     0.181051     0.030046
    0.174433    -0.972595     0.153729
   0.0634552    -0.232952    -0.970416
    0.984609     0.173281    0.0227865
    0.162847    -0.956926     0.240362
  -0.0463239   -0.0154175    -0.998807
   -0.982648    -0.179069    0.0483386
   -0.179601     0.983716  -0.00685478
   0.0518479     0.980144     -0.19139
    0.977552   -0.0890016    -0.190974
    0.204216     0.177192     0.962756
  -0.0406105     -0.99889   -0.0238477
   -0.976989    0.0446992    -0.208555
    -0.20939   -0.0148294      0.97772
   0.0419761     0.986504    -0.158264
    0.970203   -0.0780796    -0.229367
    0.238628      0.14392     0.960387
   0.0571456    -0.247843    -0.967113
    0.978839     0.204559   0.00541585
     0.19649    -0.946958     0.254288
  -0.0501266    -0.584126     0.810114
   -0.971555     0.216491     0.095983
   -0.231448    -0.782258    -0.578363
  -0.0487532    -0.788977     0.612486
   -0.973202     0.175491     0.148593
   -0.224722    -0.588828     -0.77639
   0.0279902     0.992319    -0.120497
    0.976268   -0.0530344    -0.209973
     0.21475      0.11176     0.970254
  -0.0290165    -0.983878    -0.176472
   -0.971281    0.0694627     -0.22757
   -0.236159      -0.1648     0.957638
   0.0132739     -0.99924    0.0366529
    0.970955   0.00412309    -0.239227
    0.238894    0.0387638     0.970272
   0.0146917    -0.926378    -0.376309
    0.975492   -0.0693543     0.208818
    0.219543     0.370154    -0.902656
   0.0367022     -0.56002     0.827666
    0.982762    -0.129944    -0.131503
    0.181194     0.818225     0.545597
   0.0313567    -0.781685     0.622884
     0.98196   -0.0921719    -0.165103
    0.186471     0.616825     0.764693
   0.0502416      0.19474    -0.979567
     0.98611     0.145797    0.0795619
    0.158312    -0.969959     -0.18471
   0.0524331     0.275992    -0.959729
    0.986574     0.134535    0.0925883
    0.154671    -0.951698    -0.265232
   0.0565931    -0.444911     0.893785
    0.987585    -0.106445    -0.115519
    0.146535     0.889227     0.433363
  0.00241321    -0.761943     0.647639
   -0.977178     0.135768     0.163371
   -0.212408    -0.633253    -0.744227
  -0.0304864    -0.974168    -0.223757
   -0.980393    0.0727454    -0.183134
   -0.194681    -0.213787     0.957285
   0.0188295      0.99874    0.0465202
     0.97855  -0.00886201     -0.20582
    0.205149   -0.0493978     0.977483
   0.0505753    -0.941657    -0.332753
    0.983213   -0.0115401     0.182096
    0.175312     0.336376    -0.925266
   0.0632322     0.986566     0.150631
    0.983826   -0.0362741    -0.175413
    0.167593    -0.159287     0.972903
   0.0383861    -0.915767    -0.399872
    0.982786   -0.0377711     0.180845
    0.180715      0.39993    -0.898553
   0.0920023    -0.817689     0.568261
    0.986384  -0.00328585    -0.164425
    0.136316     0.575651     0.806253
   0.0730569    -0.840371     0.537066
     0.98611   -0.0196725    -0.164923
    0.149162     0.541655     0.827261
   -0.115022     0.561186    -0.819659
   -0.986504    -0.161326     0.027982
    -0.11653     0.811816     0.572168
  -0.0832662    -0.952839    -0.291829
   -0.986374     0.120501    -0.112004
   -0.141888    -0.278527      0.94989
   -0.118124    -0.910898    -0.395363
    -0.98675     0.152271   -0.0560109
   -0.111223    -0.383509     0.916816
   -0.115595    -0.937709     0.327626
   -0.987813     0.143133    0.0611394
   -0.104225    -0.316566    -0.942827
   0.0653114    -0.691331      0.71958
    0.986866   -0.0620212    -0.149158
    0.147747     0.719871     0.678201
      0.1005     0.961517    -0.255704
    0.988182    -0.126363   -0.0867725
    0.115745     0.243961     0.962853
   0.0343069    -0.731871      0.68058
    0.982077    -0.101592    -0.158754
    0.185329     0.673828     0.715268
  0.00806353      -0.9676     -0.25236
    0.975751   -0.0475905     0.213649
    0.218737     0.247963    -0.943752
   0.0101121    -0.977642    -0.210032
    0.977175   -0.0349109     0.209548
    0.212195     0.207357    -0.954975
   0.0068874     -0.96117    -0.275869
   -0.972535    0.0577467    -0.225479
   -0.232654    -0.269846     0.934374
-0.000492687    -0.994506    -0.104678
   -0.971415    0.0253251    -0.236033
   -0.237387    -0.101569     0.966091
  0.00826055    -0.907305    -0.420393
   -0.974444    0.0870726     -0.20707
    -0.22448     -0.41136     0.883398
   -0.140956    -0.917544     0.371813
   -0.987971     0.154494   0.00671055
  -0.0636002    -0.366394    -0.928284
   -0.150937    -0.893558    -0.422814
   -0.985977     0.166882 -0.000707219
   -0.071192    -0.416778     0.906216
    -0.16605    -0.795345    -0.582969
   -0.985566     0.153609    0.0711547
   -0.032957     -0.58637     0.809372
   -0.155666    -0.829622     0.536185
   -0.987264     0.148709   -0.0565322
  -0.0328351    -0.538156    -0.842205
   -0.164572    -0.860994     0.481253
   -0.985695     0.125577    -0.112408
  -0.0363484     0.492868     0.869344
   -0.178479    -0.807514     0.562197
   -0.983928     0.143285    -0.106556
  0.00549128     -0.57218     -0.82011
    -0.18705     0.258391    -0.947759
    -0.98234   -0.0448665     0.181643
  0.00441228     0.964998      0.26222
   -0.156396    -0.854235     0.495805
   -0.987616     0.141561   -0.0676323
   -0.012413    -0.500243    -0.865796
   -0.186445    -0.868177     0.459899
   -0.982359     0.171619   -0.0742775
   0.0144415     0.465635     0.884859
   -0.164225    -0.937046     0.308181
   -0.986117     0.148179   -0.0749384
  -0.0245548     0.316209     0.948372
    0.130902     0.988997    -0.068919
    0.988838    -0.135239   -0.0625288
   0.0711613    0.0599645     0.995661
    -0.13714    -0.839382     0.525957
   -0.987488    0.0741215    -0.139189
  -0.0778483     0.538464     0.839045
   -0.154257     -0.83358     0.530424
   -0.987882     0.139429   -0.0681776
  -0.0171248    -0.534513    -0.844987
    -0.14661    -0.904335     0.400854
   -0.988121      0.15276   -0.0167691
  -0.0460696    -0.398551    -0.915988
   -0.146446    -0.869908    -0.470972
   -0.988068     0.151589    0.0272419
  -0.0476962    -0.469342     0.881728
   -0.138739    -0.938019     0.317602
   -0.988424     0.151042    0.0143187
  -0.0614025    -0.311939    -0.948116
   -0.132395    -0.826415     0.547274
   -0.988902     0.147677   -0.0162318
  -0.0674055     -0.54335    -0.836796
   -0.113911    -0.905481     0.408814
   -0.989864     0.138569    0.0311028
  -0.0848121    -0.401127    -0.912088
   -0.110437    -0.908365     0.403333
   -0.990369     0.134675     0.032134
   -0.083508    -0.395899    -0.914489
   -0.115485    -0.936021    -0.332458
   -0.989042     0.139349   -0.0487694
  -0.0919767    -0.323183     0.941856
  -0.0855078    -0.880461     0.466344
   -0.987987     0.135401    0.0744832
   -0.128723    -0.454373    -0.881462
  -0.0638659    -0.997756     0.020105
   -0.985433    0.0598696    -0.159177
   -0.157616    0.0299781     0.987045
  -0.0600525    -0.903261     0.424869
   -0.987194     0.116761     0.108698
   -0.147791      -0.4129    -0.898705
  -0.0376194    -0.906072     0.421448
   -0.982378     0.110801     0.150522
   -0.183081    -0.408359    -0.894273
  -0.0338763    -0.963222     0.266563
   -0.985575     0.076448     0.150991
   -0.165817    -0.257603    -0.951917
  -0.0162028    -0.924126     0.381745
   -0.983643    0.0832357     0.159747
   -0.179401    -0.372912    -0.910358
 -0.00533811    -0.885042    -0.465481
   -0.979689    0.0979368    -0.174977
    -0.20045    -0.455092     0.867589
  -0.0295888     -0.88275      0.46891
   -0.988345    0.0959211     0.118211
   -0.149329    -0.459947    -0.875299
 -0.00502931    -0.917741     0.397149
   -0.987734    0.0665414     0.141257
   -0.156064    -0.391567    -0.906818
  -0.0111099     -0.98368    -0.179583
   -0.990023    0.0360491    -0.136214
   -0.140465    -0.176278     0.974267
  -0.0452953    -0.962896    -0.266044
   -0.987843    0.0828174    -0.131557
   -0.148708    -0.256851     0.954942
  -0.0677624    -0.948172     0.310449
   -0.988076     0.106897     0.110814
   -0.138257    -0.299238    -0.944109
   0.0854235     0.995517    -0.040598
    0.987479   -0.0900167    -0.129543
    0.132616    0.0290237     0.990742
    0.106576     0.993132   -0.0482636
    0.987517    -0.111386     -0.11137
    0.115981    0.0357917     0.992606
  -0.0925866    -0.955979     0.278447
   -0.988025     0.122871    0.0933188
   -0.123424    -0.266472    -0.955907
   0.0597677    -0.775561     0.628437
    0.988208   -0.0429397    -0.146976
    0.140974      0.62981     0.763849
  -0.0135452    -0.889416     0.456897
   -0.990515    0.0744214     0.115507
   -0.136737    -0.450999    -0.881988
    0.456202     0.839978     0.293797
    0.878726    -0.477326  0.000226816
   -0.140428    -0.258064     0.955868
   -0.501245    -0.350394    -0.791187
   -0.859285      0.30923     0.407438
    0.101895     0.884082    -0.456089
    -0.47394    -0.375345    -0.796553
    -0.87661     0.286671      0.38649
   0.0832819      0.88144    -0.464896
   -0.505622    -0.598049    -0.621839
   -0.859188     0.414515     0.299955
   0.0783737     0.685941    -0.723424
    0.533539   -0.0486126    -0.844377
     0.83964   -0.0895867     0.535703
   -0.101687    -0.994792  -0.00698085
    -0.47848    -0.587743    -0.652392
   -0.876472     0.364871     0.314111
   0.0534226     0.722099    -0.689724
   -0.521101    -0.507572    -0.686166
   -0.849397     0.387099     0.358719
   0.0835385     0.769756    -0.632848
   -0.501134    -0.409923    -0.762121
   -0.863015     0.301667     0.405219
   0.0637979     0.860791    -0.504945
    0.501524   -0.0380153    -0.864308
    0.861173   -0.0736705     0.502945
  -0.0827936    -0.996558   -0.0042098
    0.543045   -0.0251513    -0.839327
    0.833032    -0.109613     0.542257
    -0.10564    -0.993656   -0.0385732
   -0.522841    -0.426301    -0.738177
   -0.846673     0.360181     0.391681
   0.0989031     0.829782    -0.549255
    0.541779    -0.109637     -0.83334
    0.831812   -0.0724222     0.550313
   -0.120687     -0.99133    0.0519603
   -0.478866    -0.548441    -0.685492
   -0.876796     0.337725     0.342303
   0.0437748     0.764954    -0.642595
   -0.479878    -0.876995   -0.0244083
   -0.874937     0.476326    0.0871734
   0.0648244   -0.0631884     0.995894
   -0.462295    -0.809405     0.362142
   -0.885523     0.442676    -0.141019
   0.0461706     0.385878     0.921394
   -0.451988    -0.563523    -0.691483
   -0.891365     0.315122     0.325833
   0.0342871     0.763636    -0.644735
    -0.45677    -0.339431    -0.822282
   -0.888623     0.217063      0.40402
   0.0413501     0.915243    -0.400775
   -0.431008    -0.580516    -0.690821
   -0.901871     0.302038     0.308873
    0.029348     0.756158    -0.653731
   -0.419325    -0.323658    -0.848182
   -0.906726     0.195498     0.373668
   0.0448772     0.925757    -0.375446
   -0.443527    -0.458813    -0.769919
   -0.894678     0.277688     0.349916
   0.0532509     0.844026    -0.533652
    0.393535     0.254661    -0.883333
    0.917148    -0.174613      0.35826
  -0.0630067    -0.951135    -0.302278
   -0.368042    -0.247751    -0.896195
   -0.928978     0.138734     0.343152
   0.0393163     0.958839    -0.281215
   -0.349434     0.279366    -0.894344
   -0.934598   -0.0361736     0.353863
   0.0665055     0.959503     0.273735
    0.318201   -0.0579713    -0.946249
    0.946714   -0.0330169      0.32038
  -0.0498151    -0.997772    0.0443762
   -0.435269    -0.692432     0.575394
   -0.895084     0.401529    -0.193902
   0.0967733     0.599426     0.794559
    0.529762    -0.241402    -0.813066
    0.835475   -0.0165594     0.549279
   -0.146061    -0.970284     0.192913
    0.510586     0.336755    -0.791138
    0.850819    -0.330713     0.408332
   -0.124132    -0.881604    -0.455375
    0.491351   -0.0539316     -0.86929
    0.856881    -0.148806      0.49357
   -0.155975    -0.987395   -0.0269032
    0.514788   -0.0820479    -0.853382
    0.838653    -0.158383      0.52113
   -0.177919    -0.983963   -0.0127237
    -0.46602    -0.566655    -0.679505
   -0.874198     0.413286     0.254896
    0.136392     0.712809    -0.687968
    0.473215    -0.193474    -0.859439
    0.861226     -0.10367     0.497537
   -0.185359    -0.975613     0.117567
   -0.450977    -0.441831    -0.775503
   -0.878389     0.373791     0.297847
    0.158278     0.815515    -0.556671
    0.436763   -0.0522703    -0.898057
    0.881306     -0.17532      0.43882
   -0.180385    -0.983123   -0.0305073
   -0.497858    -0.693756    -0.520423
   -0.841703     0.241922     0.482711
    0.208982    -0.678363     0.704379
   -0.460846    0.0114474    -0.887406
   -0.861237     0.235595     0.450295
    0.214223     0.971784   -0.0987139
   -0.487978     0.334033    -0.806411
   -0.839828    0.0720582     0.538048
    0.237834     0.939803     0.245367
    0.435418    -0.270679    -0.858571
    0.890443   -0.0107404     0.454968
   -0.132372     -0.96261     0.236348
   -0.420349     0.468323    -0.777162
   -0.894251   -0.0687449     0.442254
    0.153692     0.880879     0.447695
    0.406031    -0.398822    -0.822241
    0.904939    0.0500604     0.422587
   -0.127375    -0.915661     0.381235
   -0.417714    -0.699492     0.579849
   -0.901782     0.397096    -0.170598
    0.110924     0.594159     0.796662
    0.451201    -0.234524    -0.861056
     0.88532  -0.00385968     0.464967
   -0.112369    -0.972103     0.205887
   -0.433761    -0.734391     0.522035
   -0.896099     0.412126    -0.164799
   0.0941177     0.539278     0.836852
   -0.469541    -0.696113      -0.5431
    -0.87872      0.30858     0.364184
   0.0859234    -0.648232     0.756579
   -0.486294    -0.475609    -0.733017
   -0.867222     0.365407     0.338237
    0.106981     0.800171    -0.590154
   -0.453608     -0.59229    -0.665907
   -0.888533     0.358337     0.286536
   0.0689064     0.721656    -0.688814
    -0.39204     -0.50405     -0.76957
   -0.917457     0.275746      0.28677
   0.0676598     0.818473    -0.570547
    0.400485     0.790362     0.463615
    0.913259    -0.385502    -0.131704
   -0.074631    -0.476146     0.876193
   -0.398051    -0.801703    -0.445901
   -0.913746      0.30337     0.270252
    0.081389    -0.515014     0.853309
   -0.414052    -0.815168    -0.405047
   -0.907481     0.334967     0.253527
   0.0709899    -0.472545     0.878443
    0.411243     0.353443    -0.840212
    0.908657     -0.23203     0.347138
  -0.0722611    -0.906223     -0.41658
   -0.418107    -0.658432     0.625823
   -0.905503     0.357044    -0.229311
   0.0724607     0.662561     0.745495
   -0.419791    -0.751173     0.509426
   -0.905645     0.383688    -0.180528
   0.0598529     0.537143     0.841365
   -0.425146    -0.642315     0.637717
   -0.903084     0.348312    -0.251233
   0.0607538     0.682723     0.728147
   -0.435223    -0.771654     0.463823
   -0.899201      0.39827     -0.18116
   0.0449335     0.495915     0.867208
   -0.417706    -0.220181      -0.8815
   -0.905938     0.174897       0.3856
   0.0692698     0.959652    -0.272526
   -0.431533    -0.651241     0.624231
    -0.90081     0.348044    -0.259629
   0.0481793     0.674351     0.736837
   -0.428552    -0.380125    -0.819663
   -0.901705      0.23736      0.36137
   0.0571895      0.89396    -0.444482
   -0.433417      -0.6746     0.597549
   -0.898819     0.371686    -0.232323
   0.0653758     0.637781     0.767439
   -0.446215    -0.631081      0.63453
   -0.893798      0.34984      -0.2806
   0.0449026      0.69235     0.720163
    -0.42618     0.324366    -0.844487
   -0.901223   -0.0711919     0.427468
   0.0785352     0.943249     0.322666
   -0.406529     0.536819    -0.739296
   -0.908158    -0.148935     0.391239
   0.0999178     0.830448     0.548063
   -0.404005     -0.74498    -0.530834
   -0.910553     0.271942     0.311352
   0.0875952     -0.60914      0.78821
   -0.388869    -0.833541     0.392416
   -0.916228     0.394497   -0.0699833
   0.0964733     0.386757     0.917121
    0.394106    -0.360717    -0.845319
    0.912199    0.0413063      0.40766
   -0.112133     -0.93176     0.345324
   -0.387222    -0.752877     0.532199
   -0.918465     0.365395    -0.151358
   0.0805087     0.547415      0.83298
    0.420591    0.0929692    -0.902474
    0.905257    -0.108916     0.410667
  -0.0601149    -0.989694     -0.12997
   -0.415592    -0.605147    -0.679029
   -0.908101     0.318208     0.272207
   0.0513475     0.729754    -0.681779
    0.374291     0.211704    -0.902822
    0.925168    -0.151401     0.348053
  -0.0630038    -0.965536     -0.25253
   -0.377684    -0.453968    -0.807012
    -0.92261       0.2583     0.286483
    0.078397     0.852757    -0.516391
   -0.382907    -0.485301    -0.786044
   -0.922741     0.241416     0.300446
   0.0439568     0.840358    -0.540247
   -0.338522    -0.431701    -0.836084
    -0.93821     0.222712     0.264878
   0.0718583      0.87409     -0.48042
   -0.341337    -0.267707    -0.901012
    -0.93863     0.147686     0.311708
   0.0496201     0.952114    -0.301689
   -0.290343    -0.283437    -0.913983
   -0.954947     0.147157     0.257721
   0.0614517     0.947633    -0.313393
   -0.339841    -0.498929    -0.797231
   -0.935731     0.264479     0.233363
   0.0944191       0.8253    -0.556744
   -0.293555    -0.340937    -0.893078
   -0.952246     0.186361      0.24186
   0.0839761     0.921429    -0.379363
   -0.297567    -0.455726    -0.838909
   -0.948221     0.243288     0.204178
    0.111047     0.856227    -0.504523
    0.358251     0.228339    -0.905272
     0.93259    -0.133166     0.335473
  -0.0439494    -0.964432    -0.260654
   -0.291234 -0.000977313    -0.956651
   -0.955447    0.0504707     0.290815
   0.0479986     0.998725   -0.0156325
    -0.40461    -0.482525    -0.776828
   -0.913723     0.248091      0.32181
   0.0374425     0.840012    -0.541274
   -0.439776     -0.63102      0.63907
   -0.897438     0.336225    -0.285582
   0.0346632     0.699118     0.714166
   -0.426963    -0.723082     0.543006
   -0.903421     0.367092    -0.221526
    0.039152     0.585147     0.809982
   -0.480989     0.561007    -0.673737
   -0.837163    -0.065645     0.542999
    0.260399     0.825204     0.501229
     0.45454    -0.254944    -0.853462
    0.860214    -0.122997     0.494878
   -0.231139    -0.959101     0.163399
   -0.454372    -0.771318    -0.445663
   -0.856857     0.241617      0.45543
    0.243602    -0.588804     0.770693
   -0.485572     0.541383    -0.686385
    -0.82902   -0.0360327     0.558057
     0.27739     0.840003     0.466314
   -0.432985     0.631973    -0.642755
   -0.877356    -0.131868     0.461365
    0.206812     0.763689     0.611562
   -0.463537    -0.639962    -0.612848
   -0.848534     0.121404     0.515026
    0.255195    -0.758755     0.599305
    0.439215     0.860343     -0.25865
    0.874398    -0.343308      0.34288
   -0.206198     0.376761     0.903069
    0.453335     0.202178    -0.868108
    0.869293    -0.315564      0.38046
   -0.197023    -0.927116    -0.318807
   -0.494951     0.499806    -0.710787
   -0.818986   0.00497401     0.573792
     0.29032     0.866123     0.406873
    0.480562    -0.119834    -0.868735
    0.838742    -0.226452     0.495208
    -0.25607    -0.966623  -0.00831454
    0.508183    -0.247703     -0.82486
    0.807624    -0.195615     0.556307
   -0.299154    -0.948882     0.100643
    0.412635     0.861955    -0.294562
    0.895213    -0.323992     0.305978
   -0.168303     0.389953     0.905324
    0.430643     0.874802     0.221964
    0.891301    -0.450887    0.0477736
   -0.141873    -0.177263     0.973884
    0.419446     0.898876     0.126837
    0.902996    -0.427469    0.0432294
  -0.0930766   -0.0964006     0.990981
   -0.397393    -0.593069    -0.700249
   -0.909029     0.358766     0.212023
    0.125481     0.720803    -0.681687
   -0.405912     0.606035    -0.684074
    -0.89772    -0.124123      0.42272
    0.171274     0.785694     0.594433
   -0.391333    -0.466495    -0.793247
   -0.910355     0.322306     0.259563
    0.134584     0.823712    -0.550805
    0.408399   -0.0457492    -0.911657
    0.897537    -0.161772     0.410192
   -0.166246    -0.985767   -0.0250057
    0.426285     -0.32218     -0.84527
    0.883175   -0.0538808     0.465938
    -0.19566    -0.945144     0.261573
   -0.392926    -0.711594     0.582445
   -0.909245     0.395297    -0.130441
    0.137417     0.580839     0.802336
   -0.523715    -0.314737    -0.791621
   -0.800298     0.500249     0.330565
    0.291967     0.806654    -0.513871
    0.492628   -0.0808582    -0.866475
    0.834178     -0.23978     0.496641
   -0.247921    -0.967454   -0.0506723
   -0.501222    -0.377623    -0.778574
   -0.834591     0.448607     0.319701
    0.228548     0.810032    -0.540013
   -0.520644    -0.400749    -0.753877
   -0.800812     0.535377      0.26846
    0.296024     0.743486    -0.599665
   -0.477944    -0.323857    -0.816509
   -0.865414       0.3328     0.374571
    0.150427     0.885642     -0.43933
   -0.484804    -0.874606  -0.00550319
    -0.84466     0.466553     0.262447
     0.22697    -0.131884     0.964931
   -0.473935    -0.764308    -0.437285
   -0.866903     0.317866     0.383978
     0.15448    -0.561065     0.813229
   -0.456323    -0.797046    -0.395584
     -0.8744     0.319279     0.365357
    0.164904     -0.51262     0.842631
   -0.504397    -0.863335    0.0153324
   -0.811357     0.479955     0.333682
    0.295438    -0.155868     0.942561
   -0.472581    -0.834596    -0.283049
   -0.848435     0.343985     0.402285
    0.238381    -0.430261     0.870661
    0.467463     0.876432    -0.115523
    0.831083    -0.391165     0.395337
   -0.301298     0.280814     0.911243
   -0.462615    -0.703867    -0.539035
   -0.883331     0.314103     0.347945
   0.0755949     -0.63711     0.767056
     -0.4408    -0.715559    -0.541914
   -0.893462      0.29184       0.3414
   0.0861399    -0.634669     0.767968
    0.423503    -0.618779    -0.661632
    0.905696     0.273911     0.323555
  -0.0189805    -0.736264     0.676428
   -0.442526     0.524666    -0.727253
   -0.896705    -0.250238     0.365105
  0.00957151     0.813699     0.581207
   -0.457913     -0.44704    -0.768421
    -0.88492     0.311898     0.345886
   0.0850441     0.838376    -0.538417
   -0.445863    -0.351968    -0.822998
   -0.894851     0.197029     0.400527
   0.0211813      0.91504    -0.402806
   -0.448839    -0.654695     0.608208
   -0.885016     0.419852    -0.201173
    0.123651     0.628568     0.767862
   -0.464174    -0.427146    -0.775944
   -0.868918     0.389534     0.305359
    0.171824     0.815972    -0.551966
    0.436438     0.895368    0.0885344
    0.897623    -0.440038    0.0252893
  -0.0616017   -0.0684333     0.995752
   -0.420173    -0.734871    -0.532371
   -0.900351     0.410818     0.143519
    -0.11324    -0.539623     0.834256
   -0.433346      0.53744    -0.723443
   -0.892501    -0.367356     0.261707
    -0.12511     0.759083     0.638858
   -0.430046    -0.688918    -0.583482
   -0.895453     0.407809     0.178479
   -0.114992    -0.599236     0.792271
    -0.44068    -0.740025    -0.508098
   -0.891673     0.426155      0.15268
   -0.103542     -0.52034     0.847659
   -0.452444    -0.729035    -0.513617
   -0.882986     0.446956     0.143405
   -0.125017      -0.5184      0.84595
   -0.436152    -0.783382    -0.442814
   -0.897545     0.414085     0.151483
  -0.0646938    -0.463515     0.883724
     0.44282     0.780243    -0.441736
    0.893057    -0.427643     0.139898
   0.0797508     0.456445      0.88617
    0.432199     0.823253     0.368047
    0.901002    -0.377292    -0.214119
   0.0374133    -0.424153     0.904817
    0.418719     0.901544     0.109052
    0.908112    -0.416036   -0.0474035
 -0.00263317     -0.11888     0.992905
    0.459139      0.87854      0.13175
    0.881942    -0.432978    -0.186303
     0.10663    -0.201735     0.973619
    0.427003     0.876796     0.221125
    0.903561    -0.404178    -0.142192
   0.0352995    -0.260516     0.964824
    0.445264     0.880955    -0.160183
    0.892395    -0.451253  -0.00113442
   0.0732825     0.142442     0.987087
   -0.437292    -0.696834    -0.568506
   -0.899287     0.333437     0.283023
  0.00765931    -0.635014     0.772463
    0.417461      0.90834   -0.0253911
    0.907226    -0.415035    0.0684656
  -0.0516518    0.0516172      0.99733
    0.440525     0.889353     0.122427
    0.897429    -0.432669   -0.0861284
    0.023628    -0.147812     0.988733
   -0.432078     0.536113    -0.725184
    -0.90127     -0.28519     0.326158
  -0.0319572     0.794512     0.606407
    -0.42434    -0.760846    -0.490967
   -0.901487     0.405978      0.15001
  -0.0851868    -0.506256     0.858165
   -0.411507    -0.787736    -0.458404
   -0.908169     0.396762     0.133449
  -0.0767545    -0.471223     0.878668
   -0.413208    -0.700186    -0.582236
   -0.909839     0.344196     0.231782
  -0.0381125    -0.625515     0.779281
    0.407163    -0.584797    -0.701591
    0.907258     0.347563     0.236817
    0.105358    -0.732948     0.672077
   -0.416082    -0.634277    -0.651589
   -0.909226     0.279544     0.308484
  -0.0135171     0.720797    -0.693015
   -0.403866    -0.765291      0.50122
   -0.914799     0.341423    -0.215809
   0.0059707     0.545674     0.837977
   -0.388281    -0.614797    -0.686486
   -0.920386     0.295991     0.255496
    0.046115     0.731037    -0.680778
    -0.39509    -0.206165    -0.895209
   -0.918083     0.122612     0.376948
   0.0320497     0.970805    -0.237719
   -0.383541    -0.433272     -0.81558
   -0.920542     0.250267     0.299948
   0.0741539     0.865818    -0.494833
   -0.379477    -0.766066     0.518787
   -0.922308      0.35753    -0.146695
   0.0731044     0.534149     0.842223
   -0.378627     -0.50062    -0.778473
   -0.920744     0.289326     0.261765
   0.0941879     0.815886     -0.57049
    -0.38622    -0.568195    -0.726628
   -0.920618     0.286486     0.265309
   0.0574215     0.771414    -0.633737
   -0.382175    -0.789362    -0.480468
   -0.916387     0.256743     0.307112
    0.119065    -0.557665     0.821482
   -0.386663     -0.57028    -0.724756
    -0.91598      0.32876     0.229995
     0.10711     0.752793    -0.649485
   -0.394829    -0.741138     0.542978
   -0.914236     0.375478    -0.152282
   0.0910144     0.556535     0.825824
   -0.397231    -0.693672     0.600855
   -0.916859     0.328304    -0.227126
    0.039712      0.64112     0.766412
    0.670453     -0.26317    -0.693711
    0.576214    -0.404323     0.710282
   -0.467408    -0.875936    -0.119437
   -0.681031    -0.641205    -0.353628
   -0.578705     0.175402     0.796451
    0.448661    -0.747054     0.490523
   -0.667889    -0.631019     0.394638
   -0.628759     0.762103      0.15447
    0.398228     0.144964     0.905759
   -0.673136    -0.572931     0.467587
   -0.625808       0.7782    0.0526111
    0.394019     0.257206      0.88238
    0.683795     0.677476     0.271017
    0.578161    -0.729639      0.36518
   -0.445146    0.0930172     0.890614
    0.660614     0.176301     -0.72973
    0.668473    -0.580523     0.464905
   -0.341662    -0.794928    -0.501355
   -0.674584    -0.487394    -0.554422
   -0.625506     0.776242    0.0786774
    0.392019     0.399869    -0.828508
    0.659002     0.227519    -0.716904
    0.672313    -0.605519     0.425843
