 0.000751897    -0.892768     0.450515
   -0.999196   -0.0187299   -0.0354487
   0.0400856    -0.450126    -0.892065
  -0.0301554    -0.870336     0.491533
   -0.998657   0.00550467   -0.0515203
   0.0421342    -0.492427    -0.869333
  -0.0766484    -0.858312     0.507372
   -0.996566    0.0499632   -0.0660288
   0.0313234     -0.51069    -0.859194
   -0.115571    -0.834816     0.538262
    -0.99265    0.0774798   -0.0929665
   0.0359055     -0.54505    -0.837635
   -0.146745     -0.92897     0.339825
   -0.988373     0.123876   -0.0881687
     0.03981    -0.348812    -0.936347
   -0.142872    -0.913212    -0.381618
   -0.989524     0.123711    0.0744217
   0.0207525    -0.388253     0.921319
   -0.170136    -0.827935    -0.534394
   -0.985177     0.130853     0.110922
   0.0219093    -0.545345     0.837925
   -0.164569    -0.893866     0.417037
   -0.985759     0.134216    -0.101321
   0.0345949    -0.427772    -0.903224
   -0.170707    -0.936145    -0.307395
   -0.985146      0.15627    0.0711783
   0.0185964     -0.31498     0.948916
   -0.168357     -0.87531     0.453308
   -0.985182     0.134132    -0.106892
   0.0327603    -0.464587    -0.884921
   -0.164727    -0.817788     0.551441
     -0.9863     0.141587   -0.0846553
 -0.00884656    -0.557831    -0.829907
   -0.162165     -0.85685     0.489398
   -0.986527     0.129926   -0.0994144
   0.0215979    -0.498926    -0.866375
    0.147793      0.98662   -0.0688291
    0.978732     -0.13589     0.153678
   -0.142269    0.0900779     0.985721
    0.200227     0.974469    -0.101587
    0.964011    -0.177438     0.197988
   -0.174907     0.137574     0.974926
   -0.154032     -0.93087    -0.331293
   -0.975782    0.0906053     0.199099
    0.155319    -0.353937     0.922282
   -0.203754    -0.897053    -0.392149
   -0.962037     0.109167     0.250136
    0.181575    -0.428227     0.885241
    0.235079     0.937049     0.258218
    0.950322    -0.277347     0.141307
   -0.204027    -0.212172     0.955697
   -0.171816    -0.891963    -0.418187
   -0.971769    0.0837834     0.220557
    0.161692    -0.444276     0.881178
    0.234649     0.965775    -0.110535
    0.950399    -0.204046     0.234747
   -0.204159     0.160136     0.965751
   -0.209069    -0.893103    -0.398318
   -0.960448     0.110922     0.255412
    0.183927    -0.435963     0.880969
    0.229242     0.928641    -0.291674
    0.953808     -0.15454     0.257619
    -0.19416     0.337258     0.921173
    0.254294     0.886795    -0.385913
    0.942865    -0.138505      0.30302
   -0.215266      0.44092     0.871349
    0.253075     0.605755     -0.75433
    0.944477    -0.323594    0.0570106
   -0.209562    -0.726875    -0.654016
    0.263111     0.645788     -0.71675
     0.94057    -0.337041    0.0416006
   -0.214709    -0.685099    -0.696088
   -0.178416    -0.891701    -0.415978
   -0.970481    0.0897494     0.223858
    0.162281    -0.443638     0.881391
    0.205531     0.919007    -0.336427
    0.962665    -0.127972     0.238536
   -0.176164     0.372893     0.910998
   -0.174688    -0.810336    -0.559321
   -0.972805    0.0542882     0.225175
    0.152103    -0.583446     0.797782
   -0.143809    -0.888387    -0.435991
   -0.979958     0.066474     0.187784
    0.137843    -0.454258     0.880142
   -0.128627    -0.942969    -0.307024
   -0.982253    0.0785274     0.170329
    0.136505    -0.323484     0.936336
   0.0904463     0.958819    -0.269232
    0.989529   -0.0559881     0.133033
   -0.112481     0.278445     0.953843
     0.07734     0.973513    -0.215151
    0.990549   -0.0505115     0.127517
   -0.113272      0.22298      0.96822
   -0.117462    -0.940864     -0.31777
   -0.983923    0.0669139     0.165583
    0.134528    -0.332111     0.933598
    0.073402     0.993914    0.0821428
    0.992166   -0.0811244    0.0950017
   -0.101087    -0.074526     0.992082
  -0.0382531    -0.949601     -0.31112
   -0.995465     0.009074    0.0946998
   0.0871039    -0.313331     0.945641
  -0.0314372    -0.994084    -0.103967
   -0.996472    0.0230739    0.0806887
   0.0778124    -0.106136     0.991302
  0.00134661    -0.999734   -0.0230329
   -0.998211  -0.00272064    0.0597282
    0.059775   -0.0229112     0.997949
   -0.112492    -0.993493   -0.0178257
   -0.986176     0.109431     0.124422
    0.121662   -0.0315757     0.992069
   -0.253683    -0.569228    -0.782064
    -0.94732     0.309635    0.0819192
    0.195524     0.761646    -0.617791
   -0.250934    -0.507041    -0.824586
   -0.948161     0.300341     0.103859
    0.194996     0.807902    -0.556122
   -0.235896    -0.341729    -0.909711
   -0.957169      0.24342     0.156763
    0.167872     0.907727    -0.384514
   -0.232415     -0.41886    -0.877804
   -0.958482     0.251939     0.133559
    0.165211     0.872401    -0.460024
   -0.236194    -0.419073    -0.876693
   -0.957346     0.254892     0.136081
    0.166434      0.87144    -0.461402
   -0.211535    -0.376083    -0.902117
   -0.968482     0.204852     0.141696
     0.13151     0.903658    -0.407563
   -0.217721    -0.572978    -0.790123
   -0.967148     0.235503      0.09572
    0.131231     0.785006    -0.605429
   -0.194943      -0.5066    -0.839854
   -0.976498     0.180497     0.117784
   0.0919215     0.843076     -0.52988
   -0.204199    -0.504759    -0.838762
   -0.970669     0.215474     0.106643
    0.126902     0.835936    -0.533954
   -0.185697    -0.587089    -0.787936
   -0.978567     0.183139    0.0941675
   0.0890173     0.788534    -0.608514
    0.177043     0.682638     0.708986
    0.980565    -0.184226   -0.0674809
  -0.0845485    -0.707153     0.701987
   -0.219952    -0.555218    -0.802093
    -0.96718     0.231342     0.105086
    0.127212     0.798883     -0.58788
   -0.206875    -0.766433     0.608098
   -0.974765     0.214751    -0.060948
   0.0838769     0.605361     0.791519
    0.212108     0.653266     -0.72681
     0.97414    -0.200592     0.103993
   -0.077857    -0.730073     -0.67892
   -0.219508    -0.823723     0.522778
    -0.96897     0.246486    -0.018479
    0.113636     0.510612     0.852269
   -0.231777     -0.34154     -0.91084
   -0.959636     0.233617     0.156594
    0.159305      0.91037    -0.381902
   -0.221025    -0.566481    -0.793881
   -0.964834     0.245761    0.0932551
    0.142278     0.786575     -0.60088
   -0.230697    -0.508741    -0.829434
   -0.956868     0.273315    0.0985008
    0.176585     0.816383    -0.549851
     0.24373     0.571521    -0.783556
    0.951327    -0.298006    0.0785528
   -0.188609    -0.764563    -0.616336
   -0.211636    -0.471701    -0.855984
   -0.964398     0.242892     0.104592
    0.158576     0.847645    -0.506312
   -0.186927    -0.938317     0.290896
   -0.981041     0.162885    -0.105006
   0.0511467    -0.305009    -0.950975
   -0.182065    -0.901809     0.391909
   -0.981366     0.141754    -0.129717
   0.0614255    -0.408223    -0.910813
   -0.192589    -0.915919    -0.352139
   -0.977395     0.147149      0.15181
   0.0872286    -0.373415     0.923554
   -0.170877     -0.86621     0.469555
   -0.983265     0.119361    -0.137631
   0.0631706    -0.485215     -0.87211
   -0.170175    -0.943866     -0.28312
   -0.981161     0.135631     0.137577
   0.0914545    -0.301199     0.949166
   -0.133401    -0.955108     0.264525
   -0.987507     0.105512    -0.117036
   0.0838715    -0.276833    -0.957251
   -0.138181    -0.898373     0.416932
   -0.988918     0.102078      -0.1078
    0.054285    -0.427207    -0.902523
    0.185157     0.694889     0.694871
    0.973892    -0.224259   -0.0352415
   -0.131342    -0.683255      0.71827
   -0.144889     -0.36284    -0.920519
   -0.981658     0.169222    0.0878104
    0.123911     0.916358    -0.380703
   -0.206118    -0.563035    -0.800317
   -0.970951     0.219255    0.0958151
    0.121527     0.796818    -0.591872
   -0.216103    -0.686468     0.694306
   -0.971331     0.223311   -0.0815368
   0.0990736     0.692021     0.715046
   -0.207156     -0.43949    -0.874034
   -0.975424     0.161335     0.150062
   0.0750617      0.88364    -0.462111
    0.207243     0.241506    -0.948011
    0.977158   -0.0976936     0.188727
  -0.0470358    -0.965469    -0.256236
   -0.213417    -0.529284    -0.821165
    -0.97468     0.172764     0.141959
   0.0667313     0.830669    -0.552753
   -0.189449    -0.912621     0.362259
   -0.981327      0.16349    -0.101329
    0.033249    -0.374691    -0.926553
  -0.0951283    -0.883062     0.459513
   -0.994685    0.0660462   -0.0789962
   0.0394094    -0.464586    -0.884651
  -0.0492135    -0.901068     0.430876
   -0.998227    0.0299188   -0.0514472
   0.0334662    -0.432644    -0.900944
  -0.0563419    -0.923957     0.378324
   -0.996436    0.0282145   -0.0794877
   0.0627689    -0.381455    -0.922254
 -0.00130019    -0.881988     0.471269
   -0.999348   -0.0158636   -0.0324461
   0.0360932    -0.471004    -0.881392
   -0.016064    -0.811789      0.58373
   -0.998516   -0.0173573   -0.0516174
   0.0520345    -0.583693    -0.810305
   0.0258054    -0.690412     0.722956
   -0.998755   -0.0486934   -0.0108516
   0.0426952    -0.721775    -0.690809
   0.0300596     -0.89753     0.439927
   -0.999057   -0.0407759    -0.014926
    0.031335    -0.439064    -0.897909
  -0.0111913    -0.998137   -0.0599836
   -0.997972   0.00739041    0.0632161
    0.062655   -0.0605695     0.996196
   0.0286594    -0.981291    -0.190387
    -0.99881   -0.0356332     0.033307
    0.039468    -0.189206     0.981144
  -0.0528018    -0.938372    -0.341571
   -0.995079    0.0207246    0.0968895
   0.0838394    -0.345006     0.934849
   -0.111225    -0.921847     -0.37125
   -0.988518     0.064178     0.136797
     0.10228    -0.382203     0.918401
   -0.101388    -0.961072     0.257024
   -0.991768    0.0773335    -0.102054
   0.0782043    -0.265256    -0.961001
   -0.143545    -0.505978    -0.850518
   -0.988982     0.104757     0.104594
   0.0361758     0.856161    -0.515441
   -0.152422    -0.365559    -0.918223
   -0.987569     0.092426     0.127137
   0.0383914     0.926188    -0.375103
    0.112154     0.223221    -0.968294
    0.993613   -0.0129943     0.112091
   0.0124387    -0.974681    -0.223252
    0.107498     0.283862     -0.95282
     0.99413   -0.0188603      0.10654
   0.0122721     -0.95868    -0.284223
    0.119705     0.174741    -0.977311
    0.992732  -0.00878105     0.120024
   0.0123912    -0.984575    -0.174522
  -0.0853066     -0.57076    -0.816674
   -0.994568  -0.00028017     0.104085
  -0.0596361     0.821117    -0.567636
  -0.0916489     -0.88232      0.46164
    -0.99359     0.050215    -0.101282
  -0.0661816     0.467963     0.881266
  -0.0676751    -0.594614    -0.801158
    -0.99126   -0.0510716     0.121638
   -0.113244     0.802387    -0.585961
  -0.0846332      0.34376    -0.935236
   -0.994678   -0.0845055    0.0589511
  -0.0587676     0.935247     0.349082
   0.0676494    -0.799509     0.596832
    0.991651   -0.0119388    -0.128394
    0.109778     0.600535     0.792027
  -0.0726565   0.00187175    -0.997355
   -0.992686   -0.0968022    0.0721347
  -0.0964112     0.995302   0.00889137
   -0.100733    -0.803829      0.58627
   -0.992667    0.0416235    -0.113491
  -0.0668246     0.593403     0.802127
   0.0682267    -0.565649     0.821819
    0.990981   -0.0567999    -0.121365
    0.115329     0.822688     0.556672
  -0.0730936    -0.914991     0.396798
    -0.98978    0.0177039    -0.141502
   -0.122448     0.403086     0.906934
    0.113612     0.983692     0.139439
    0.990804    -0.101798   -0.0891323
    0.073484    -0.148284     0.986211
    0.135913      0.97871     0.153801
    0.990433    -0.130483     -0.04491
   0.0238854    -0.158433     0.987081
    0.149279     0.952443     0.265647
    0.988485    -0.137018    -0.064214
   0.0247618    -0.272174      0.96193
   -0.168486    -0.652931     -0.73844
   -0.985119     0.137335     0.103339
   0.0339404     0.744863    -0.666354
    0.161849     0.277757    -0.946919
    0.985961   -0.0854447     0.143459
  -0.0410623    -0.956844    -0.287687
   -0.179671    -0.413663    -0.892525
   -0.983245     0.103919     0.149769
   0.0307962      0.90448    -0.425403
   0.0664745     0.221413    -0.972912
    0.988775     0.116146    0.0939907
    0.133811    -0.968239    -0.211207
   0.0568276     0.758246    -0.649487
    0.986368    -0.143265   -0.0809519
     0.15443     0.636033     0.756051
  -0.0530812     0.441445    -0.895717
   -0.982362    -0.184137   -0.0325343
   -0.179297     0.878191     0.443433
   0.0618199    -0.221358    -0.973231
    0.983574     0.179197    0.0217192
    0.169592    -0.958587       0.2288
   0.0364843     -0.76077     0.647995
    0.981537     -0.09455    -0.166269
    0.187761     0.642097     0.743275
   0.0535244     0.990488    -0.126761
    0.975848   -0.0788077    -0.203742
    0.211794     0.112794     0.970784
  -0.0357152     -0.99915    0.0205952
   -0.974859    0.0302966    -0.220755
   -0.219944    0.0279617     0.975112
   0.0432759     0.979632    -0.196084
    0.969217   -0.0887817    -0.229644
    0.242375      0.18011     0.953318
   0.0643723    -0.259814    -0.963511
     0.97742     0.211138   0.00836739
     0.20126    -0.942294     0.267539
    0.058373     0.979465    -0.192981
      0.9706      -0.1009    -0.218527
    0.233511     0.174551     0.956559
  -0.0605723    -0.401861     0.913695
   -0.972423     0.230298    0.0368241
    -0.22522    -0.886268    -0.404729
  -0.0183178    -0.999587   -0.0221619
   -0.973652    0.0228729    -0.226887
     -0.2273    -0.017422     0.973669
  -0.0272079    -0.989491    -0.142013
   -0.968799    0.0611121    -0.240195
   -0.246349    -0.131047     0.960281
  0.00495563    -0.996908   -0.0784242
    0.967847   -0.0149417     0.251094
    0.251489     0.077147    -0.964781
  0.00252506    -0.977547    -0.210703
    0.972654   -0.0465339     0.227548
    0.232244     0.205516    -0.950698
   0.0239488    -0.513536     0.857734
    0.980756    -0.154226    -0.119721
    0.193766     0.844094      0.49996
   0.0170255    -0.741511     0.670724
    0.979587    -0.122014    -0.159756
    0.200299     0.659753     0.724298
   0.0368855    -0.251285      0.96721
    0.984778    -0.155374   -0.0779222
     0.16986     0.955361     0.241728
   0.0434834   -0.0294111    -0.998621
    0.985275     0.166703    0.0379926
    0.165356    -0.985568    0.0362268
  -0.0402631    -0.810668     -0.58412
   -0.986435     0.125356     -0.10598
   -0.159138     -0.57193     0.804718
   0.0124736     -0.66793     0.744119
   -0.973609     0.161484     0.161271
   -0.227881    -0.726493    -0.648289
   0.0238248     0.991667    -0.126608
    0.977404   -0.0497124    -0.205451
    0.210032     0.118852     0.970443
  0.00827866    -0.978353    -0.206777
    0.975253   -0.0377879     0.217837
    0.220935     0.203464    -0.953829
   0.0441335    -0.839713     0.541234
    0.980887   -0.0663448    -0.182916
    0.189505     0.538963     0.820736
  -0.0607161    -0.906632     0.417531
   -0.981537   -0.0217807    -0.190027
   -0.181379      0.42136      0.88857
   0.0279983    -0.858447     0.512138
      0.9804   -0.0763719    -0.181613
    0.195018     0.507185     0.839483
   0.0828439     -0.90707     0.412747
    0.984671    0.0107124    -0.174095
    0.153495     0.420843     0.894053
   0.0575727    -0.944539    -0.323315
    0.984304 -0.000411746     0.176478
    0.166824       0.3284     -0.92969
    0.102823     0.993605    0.0466577
    0.987948   -0.0965573    -0.120974
    0.115696   -0.0585344     0.991558
  -0.0860737     -0.97106    -0.222785
   -0.983589     0.118415    -0.136126
   -0.158567    -0.207413     0.965317
   -0.121894    -0.881588     -0.45601
   -0.985553     0.161934   -0.0496184
   -0.117587    -0.443374      0.88859
   -0.120329    -0.939129     0.321805
   -0.986366     0.149758    0.0682204
   -0.112261    -0.309209    -0.944345
  -0.0428296     0.310003     -0.94977
   -0.985675    -0.168328   -0.0104931
   -0.163125     0.935716     0.312772
   0.0935958     0.985873    -0.138905
    0.989022    -0.108091    -0.100756
    0.114347      0.12795     0.985167
   0.0151074      -0.8674     0.497383
    0.980077   -0.0856799    -0.179188
    0.198043     0.490181     0.848824
 -0.00627036    -0.908595    -0.417631
    0.972269    -0.103177     0.209873
     0.23378     0.404734    -0.884046
 -0.00364346    -0.949912    -0.312495
    0.973657   -0.0746158     0.215463
    0.227988     0.303478    -0.925161
   0.0203144    -0.966791     -0.25476
   -0.968652    0.0440702    -0.244482
   -0.247591     -0.25174     0.935589
   0.0114195    -0.998148   -0.0597527
   -0.967811   0.00399202    -0.251646
   -0.251418    -0.060703     0.965973
   0.0210304    -0.900973     0.433366
     -0.9706    0.0855581     0.224978
   -0.239777    -0.425356    -0.872685
   -0.148045    -0.917726     0.368594
   -0.986651      0.16262   0.00860452
  -0.0678373      -0.3624     -0.92955
   -0.157873    -0.879612    -0.448731
   -0.984539     0.175138   0.00307186
  -0.0758877    -0.442278     0.893662
   -0.174489    -0.730433    -0.660318
   -0.984074     0.152475    0.0913768
  -0.0339373    -0.665747     0.745406
   -0.164131    -0.820426     0.547688
    -0.98585     0.155599   -0.0623553
  -0.0340618    -0.550173    -0.834356
   -0.172464    -0.748843     0.639914
   -0.984292     0.106107    -0.141108
  -0.0377681     0.654198      0.75538
   -0.193827    -0.929461      -0.3139
   -0.981025      0.18213    0.0664766
  0.00461695    -0.320828     0.947126
    0.197545     0.111261    -0.973959
    0.980268   -0.0296373     0.195439
  -0.0071207    -0.993349     -0.11492
   -0.164462    -0.861898     0.479671
   -0.986247     0.151774   -0.0654334
  -0.0164045    -0.483835    -0.875005
    0.191659     0.249017    -0.949346
    0.981208   -0.0706123      0.17957
  -0.0223196    -0.965922    -0.257871
    -0.17033    -0.895719     0.410701
   -0.985087     0.144494   -0.0934092
  -0.0243244     0.420486     0.906973
    0.131841     0.986958    0.0923705
    0.988399    -0.123799   -0.0879866
   0.0754036    -0.102899      0.99183
   -0.142182    -0.811793     0.566372
   -0.986547    0.0695798    -0.147933
  -0.0806827     0.579785     0.810765
   -0.163453    -0.820712     0.547462
   -0.986392     0.145908   -0.0757674
  -0.0176961    -0.552397    -0.833393
   -0.158058     -0.92006     0.358479
   -0.986308     0.164404   -0.0129204
  -0.0470478    -0.355613    -0.933449
   -0.156604    -0.852809    -0.498189
   -0.986331     0.161212    0.0340837
  -0.0512474    -0.496717     0.866398
   -0.142159    -0.922058         0.36
   -0.987396     0.157656    0.0138895
  -0.0695631    -0.353488    -0.932849
   -0.141579    -0.803601     0.578084
   -0.987227     0.157716     -0.02254
  -0.0730601    -0.573891    -0.815666
   -0.117307      -0.8964     0.427442
   -0.988549     0.146541     0.036018
  -0.0949242    -0.418322    -0.903325
   -0.115879    -0.906503     0.405985
   -0.989164     0.142416    0.0356599
  -0.0901445    -0.397454    -0.913184
    0.124306     0.979305    -0.159718
    0.987574    -0.137706   -0.0757235
   0.0961505      0.14832     0.984254
  -0.0884498    -0.926033     0.366932
   -0.986871     0.131447    0.0938479
   -0.135138    -0.353814    -0.925502
  -0.0578024    -0.937384    -0.343468
    -0.98318     0.113157    -0.143365
   -0.173254    -0.329403     0.928158
  -0.0645286    -0.928088     0.366728
   -0.986373     0.115052     0.117605
   -0.151341    -0.354142    -0.922865
  -0.0332627    -0.886805     0.460945
   -0.979855     0.119805     0.159782
   -0.196919    -0.446345    -0.872926
  -0.0296298    -0.965312    -0.259412
   -0.983653    0.0742771    -0.164044
   -0.177622    -0.250311     0.951732
  -0.0108457    -0.914267    -0.404966
   -0.981423    0.0873124    -0.170835
   -0.191548     -0.39559      0.89823
  0.00176817      -0.8542     0.519942
   -0.976608     0.110324     0.184569
   -0.215021    -0.508106    -0.834023
      -0.027    -0.869091     0.493915
   -0.986844     0.101963     0.125467
   -0.159403     -0.48403     -0.86041
-4.46544e-07    -0.909851    -0.414934
   -0.986134      0.06886    -0.150992
   -0.165953    -0.409181     0.897235
 -0.00853175    -0.988651    -0.149985
   -0.988409    0.0310731    -0.148598
   -0.151573    -0.146979     0.977457
  -0.0475509    -0.902737     0.427557
   -0.987002     0.108249     0.118785
   -0.153514    -0.416351     -0.89615
   -0.077789    -0.946433      0.31339
   -0.986487     0.118533     0.113105
   -0.144193    -0.300357    -0.942865
   0.0912463     0.989127     0.115332
    0.985495   -0.0730509    -0.153176
    0.143086    -0.127636     0.981446
   -0.109666     -0.89564     0.431049
   -0.985529     0.154371     0.070019
   -0.129253    -0.417132    -0.899608
  -0.0958285    -0.963106     0.251483
   -0.987166     0.124378     0.100167
   -0.127751    -0.238656    -0.962664
   0.0616475    -0.834253     0.547925
      0.9873   -0.0295611    -0.156091
    0.146416      0.55059     0.821835
  -0.0129042     -0.85688     0.515355
   -0.989406    0.0854761     0.117347
   -0.144603    -0.508381    -0.848905
    0.455727      0.24039    -0.857045
    0.882181    -0.250282     0.398893
   -0.118613    -0.937855    -0.326127
    0.516115     0.843433    -0.149148
    0.850094    -0.483128     0.209589
   -0.104717     0.234962     0.966347
   -0.487316    -0.758395      0.43285
   -0.869951     0.464534     -0.16551
   0.0755519     0.457214     0.886142
   -0.519589    -0.329637    -0.788268
   -0.851303     0.278412     0.444713
   0.0728693     0.902123    -0.425281
    0.542697      0.28733    -0.789254
     0.83482    -0.288006     0.469179
  -0.0925006    -0.913506    -0.396169
   -0.492179    -0.350813    -0.796675
   -0.868683     0.256943     0.423521
   0.0561234     0.900506    -0.431207
   -0.532386    -0.667189     0.520984
   -0.842092     0.480167    -0.245604
   0.0862945     0.569472     0.817469
    0.507871     0.261893    -0.820658
    0.858968    -0.225983     0.459462
  -0.0651247    -0.938266    -0.339728
   -0.501255    -0.547476    -0.670085
   -0.860025     0.400588     0.316049
    0.095399     0.734711    -0.671639
    0.552093    0.0854334    -0.829394
      0.8268    -0.184569     0.531353
   -0.107685    -0.979099    -0.172536
   -0.524039    -0.469673    -0.710486
   -0.844427     0.395264     0.361538
    0.111025     0.789414    -0.603738
   -0.540697     0.304407    -0.784209
   -0.830987   -0.0483297     0.554189
    0.130798     0.951315      0.27909
     0.49015    0.0963102    -0.866301
    0.870153    -0.112065     0.479871
   -0.050866    -0.989023    -0.138733
   -0.486931  -0.00803313    -0.873404
   -0.870518    0.0862025     0.484529
   0.0713973     0.996245   -0.0489676
   -0.466575    -0.667556     0.580239
   -0.882553     0.394671    -0.255606
   0.0583724     0.631351     0.773297
   -0.464495    -0.405092    -0.787493
   -0.884737     0.250963     0.392756
   0.0385288     0.879157    -0.474971
   -0.466345    -0.401912    -0.788029
   -0.883676     0.252422     0.394207
   0.0404797     0.880199    -0.472876
   -0.428668    0.0195448    -0.903251
   -0.902678    0.0323959     0.429096
   0.0376482     0.999284    0.0037556
   -0.397855    -0.336025    -0.853697
   -0.916317      0.19173     0.351572
   0.0455424     0.922132    -0.384186
   -0.449208    -0.480473    -0.753232
   -0.891478     0.296709     0.342389
   0.0589822     0.825294    -0.561615
    0.374689    -0.143137    -0.916035
    0.923981   -0.0239778     0.381685
   -0.076598    -0.989412     0.123272
    0.363248    0.0955093    -0.926784
     0.93075   -0.0819333     0.356359
  -0.0418988    -0.992051    -0.118657
    0.330064    -0.116368    -0.936758
    0.941897   -0.0249535     0.334975
  -0.0623556    -0.992893      0.10137
      0.2943     0.188572    -0.936925
    0.954409    -0.109193     0.277815
  -0.0499175     -0.97597    -0.212111
   -0.414444    -0.594927    -0.688693
   -0.905688     0.343831      0.24801
   0.0892459     0.726527    -0.681317
    0.520732     0.372735    -0.768053
    0.837685     -0.39663     0.375458
   -0.164687      -0.8389    -0.518773
    0.499437     0.312755    -0.807927
    0.853796    -0.335871     0.397773
   -0.146953    -0.888468    -0.434776
   -0.467766     0.619733     -0.63018
   -0.863371    -0.167782     0.475857
    0.189172     0.766668     0.613542
   -0.492366    -0.654647    -0.573597
   -0.845112     0.201906     0.494994
    0.208234    -0.728472     0.652662
   -0.448555    -0.687348     0.571271
   -0.879561     0.452949    -0.145637
    0.158653     0.567793     0.807737
   -0.443429    -0.370579    -0.816114
   -0.867974     0.404676     0.287853
    0.223589     0.836008    -0.501098
    0.422609    0.0658272    -0.903918
    0.885667    -0.241659     0.396477
   -0.192341    -0.968126    -0.160428
    0.393507   -0.0492223    -0.918003
    0.891618    -0.222858     0.394147
   -0.223985    -0.973607   -0.0438089
     0.46683     0.795315    -0.386708
    0.848525     -0.27963     0.449235
   -0.249148     0.537848     0.805385
   -0.420393    0.0113884    -0.907271
   -0.868897      0.28293     0.406163
     0.26132     0.959073    -0.109046
   -0.451384     0.389997    -0.802593
   -0.845651     0.100136     0.524258
    0.284827     0.915355     0.284602
   -0.399651     0.340625    -0.851031
   -0.901325    0.0231264     0.432526
     0.16701     0.939915     0.297772
   -0.376134     0.509954    -0.773608
   -0.906139   -0.0281049     0.422045
    0.193481     0.859742     0.472661
   -0.362878     0.595926    -0.716375
   -0.917748   -0.0953775     0.385542
    0.161428     0.797355      0.58152
    0.389517   -0.0717094    -0.918224
    0.910655    -0.119159     0.395612
   -0.137783    -0.990282    0.0188883
     0.43225    -0.167776    -0.886008
    0.892158   -0.0633849     0.447253
   -0.131198    -0.983785     0.122285
    0.424369      0.18434    -0.886527
    0.899313     -0.19996     0.388911
   -0.105578    -0.962307    -0.250637
     0.46191    -0.172215    -0.870047
    0.880655   -0.0274035     0.472966
   -0.105294    -0.984678     0.139004
   -0.474157    -0.570216    -0.670842
   -0.870464     0.417982     0.259967
    0.132162     0.707209    -0.694542
   -0.449638    -0.570794    -0.687037
   -0.889653     0.354772     0.287496
   0.0796402     0.740494    -0.667328
   -0.360296    -0.588666    -0.723643
   -0.928995     0.296768     0.221125
   0.0845852     0.751931    -0.653792
    0.376351     0.925871    0.0335143
    0.921978    -0.377839    0.0848165
  -0.0911922   0.00102133     0.995833
   -0.375505    -0.743099    -0.553895
     -0.9217     0.236675     0.307333
    0.097286     -0.62593     0.773787
   -0.401672    -0.619248    -0.674679
   -0.911952     0.337794     0.232892
   0.0836848     0.708821    -0.700407
    0.404663     0.253434    -0.878646
    0.910565     -0.20032     0.361584
  -0.0843731    -0.946384     -0.31183
   -0.410769    -0.769602    -0.488858
   -0.907667     0.294559     0.298959
   0.0860816    -0.566523     0.819538
   -0.413599     -0.48887    -0.768077
   -0.907292     0.291617     0.302954
   0.0758798     0.822171     -0.56416
   -0.431813    -0.624458    -0.650838
   -0.899651     0.349823     0.261249
   0.0645391     0.698338    -0.712852
   -0.437814    -0.493696    -0.751387
   -0.897301     0.292278     0.330794
   0.0563026     0.819047    -0.570957
   -0.420314    -0.416909     -0.80593
   -0.904501     0.263194      0.33557
   0.0722138     0.870009    -0.487719
   -0.430886    -0.357693    -0.828488
   -0.900314     0.232887     0.367694
   0.0614224     0.904334    -0.422383
   -0.428115    -0.491957    -0.758087
   -0.901328     0.293475     0.318559
   0.0657622     0.819665    -0.569056
    0.440506      0.21076     -0.87266
    0.895046    -0.178494     0.408697
  -0.0696272    -0.961104    -0.267268
   -0.450878    -0.570045    -0.686846
   -0.891041     0.332701     0.308797
   0.0524862     0.751238    -0.657942
     0.41152    0.0518921    -0.909922
     0.90609    -0.130916     0.402321
  -0.0982459    -0.990034    -0.100893
    0.378825    -0.261481    -0.887761
    0.916917   -0.0240613     0.398353
   -0.125522    -0.964909     0.230641
   -0.377683    -0.836665    -0.396669
   -0.919401      0.28806     0.267811
    0.109804    -0.465846     0.878027
    0.350335     0.886287      0.30292
    0.928742    -0.370587    0.0101562
    -0.12126    -0.277777     0.952962
   -0.352765      0.60199    -0.716356
   -0.924908     -0.10833      0.36443
    0.141781     0.791121        0.595
   -0.354779    -0.760387     0.544007
   -0.929417     0.350041    -0.116856
    0.101569     0.547068     0.830904
   -0.415641    -0.526446    -0.741685
   -0.907187      0.29844     0.296557
   0.0652269     0.796108    -0.601629
   -0.419573    -0.400745     -0.81447
   -0.905978     0.240472     0.348393
   0.0562404     0.884068    -0.463962
    -0.37478     -0.49711    -0.782574
   -0.924889     0.258919     0.278463
   0.0641968     0.828156    -0.556809
   -0.382575    -0.618548     -0.68632
   -0.920445     0.319566     0.225074
    0.080106     0.717827    -0.691597
   -0.385647    -0.363145    -0.848176
   -0.921167     0.203576     0.331674
   0.0522226     0.909221    -0.413026
   -0.334896    -0.436577    -0.835012
   -0.939431      0.22326     0.260047
    0.072894     0.871525    -0.484903
    0.344696     0.201885    -0.916748
     0.93698    -0.133332     0.322941
  -0.0570349    -0.970291    -0.235121
   -0.264794    -0.745431     0.611732
    -0.96174     0.250387    -0.111188
   0.0702864     0.617769     0.783212
   -0.338375    -0.712949     0.614171
   -0.935711     0.324097    -0.139305
   0.0997332     0.621824      0.77678
    -0.25607    -0.468362    -0.845615
   -0.961318     0.215208     0.171909
    0.101467     0.856926    -0.505353
    -0.26979    -0.324252    -0.906683
   -0.954605     0.213533     0.207685
    0.126264     0.921555    -0.367142
   -0.337714     -0.53487    -0.774508
   -0.939896     0.235732     0.247034
   0.0504447     0.811384    -0.582332
    0.279453    -0.134864    -0.950641
    0.958419    -0.020409     0.284635
  -0.0577887    -0.990654     0.123553
    0.404397     0.155979    -0.901185
    0.913574    -0.115182      0.39002
   -0.042965    -0.981022    -0.189078
   -0.444846    -0.574554    -0.687022
   -0.894663     0.320289     0.311437
   0.0411082     0.753195    -0.656512
     0.43012     0.192947    -0.881912
    0.901468    -0.144286      0.40809
   -0.048508    -0.970542    -0.235996
   -0.446828     0.508873    -0.735795
   -0.838198    0.0493301     0.543131
    0.312681     0.859427     0.404494
     0.41213     -0.31749    -0.854019
    0.866696     -0.15252     0.474948
   -0.281046    -0.935915      0.21231
    0.413837     0.832501    -0.368348
    0.861724     -0.22776     0.453384
   -0.293548     0.505041     0.811642
    0.448643     0.807455    -0.383061
    0.830701    -0.218677     0.511972
   -0.329628     0.547903     0.768862
   -0.390886    -0.714943    -0.579711
   -0.885466     0.120119     0.448911
    0.251311    -0.688788     0.680011
   -0.429288    -0.726195    -0.536985
   -0.850885     0.125835     0.510058
     0.30283    -0.675875     0.671928
    0.404296     0.870543    -0.280535
    0.881235    -0.288638     0.374316
   -0.244885     0.398551     0.883848
   -0.432579     0.629811    -0.645147
   -0.873555    -0.115708     0.472772
    0.223108     0.768082     0.600227
   -0.463099    -0.691928    -0.553873
   -0.818511    0.0941742     0.566719
    0.339968    -0.715798     0.609963
    -0.46039     0.344483    -0.818152
   -0.837596     0.136731     0.528903
    0.294065     0.928782     0.225588
   -0.495668    -0.242744    -0.833899
   -0.793963     0.515834     0.321773
    0.352045     0.821578    -0.448412
     0.37783      0.91045      -0.1683
    0.907583    -0.328242      0.26182
   -0.183131     0.251669     0.950329
    0.408104     0.896047     0.174787
    0.899775    -0.427171    0.0890488
   -0.154456    -0.120928     0.980571
    0.398527     0.915748    0.0508169
    0.912685    -0.401439    0.0765006
  -0.0904552   -0.0158922     0.995774
   -0.359033    -0.546069    -0.756904
    -0.92198     0.333572     0.196679
    0.145081     0.768465    -0.623228
   -0.360921     0.628785    -0.688741
   -0.908777   -0.0712837     0.411148
    0.209428     0.774305     0.597154
   -0.346111    -0.433698    -0.831933
   -0.923946     0.311515     0.221995
    0.162881     0.845497    -0.508532
    0.360766   -0.0515589     -0.93123
    0.909413    -0.202072     0.363503
   -0.206917    -0.978013   -0.0260123
    0.380404    -0.345533    -0.857846
    0.892853    -0.104556     0.438042
   -0.241051    -0.932564     0.268736
   -0.345142    -0.723676     0.597637
   -0.922821     0.377755   -0.0755184
     0.17111     0.577577     0.798202
   -0.513081    -0.454481    -0.728145
   -0.792986     0.575662     0.199463
    0.328513     0.679749    -0.655759
    0.485778     0.220965    -0.845691
    0.833761    -0.407606     0.372425
   -0.262416     -0.88602    -0.382238
   -0.506577    -0.350597    -0.787694
   -0.830233     0.444798     0.335958
    0.232579     0.824158    -0.516402
   -0.510071    -0.285622    -0.811324
   -0.802722     0.496906     0.329731
    0.308973     0.819454    -0.482732
   -0.491023    -0.294045    -0.820021
   -0.860539     0.310171     0.404064
    0.135534     0.904064    -0.405338
    0.492309     0.303284    -0.815874
    0.842069    -0.403235     0.358221
   -0.220346    -0.863378    -0.453902
    0.495766     0.805334    -0.325043
    0.857813    -0.395683     0.328011
   -0.135545     0.441443     0.886992
   -0.470246    -0.814547    -0.339679
   -0.872569     0.371438     0.317266
    0.132259    -0.445586     0.885415
    0.496273     0.867508    0.0338174
    0.816835    -0.479771     0.320312
   -0.294098     0.131339     0.946708
   -0.472475    -0.819784    -0.323608
   -0.853806     0.334674     0.398758
    0.218592    -0.464702     0.858062
    0.471572     0.867933    -0.155924
    0.832186    -0.379525     0.404261
   -0.291694     0.320396     0.901255
   -0.480077    -0.718403    -0.503411
   -0.876004      0.36233     0.318329
   0.0462876    -0.593813     0.803271
   -0.462375    -0.752798    -0.468513
   -0.886043     0.372178     0.276426
   0.0337226    -0.542935     0.839097
   -0.441545     0.583992    -0.681169
   -0.895858     -0.32906     0.298594
  -0.0497686     0.742073     0.668469
   -0.460948       0.5319    -0.710358
   -0.886109    -0.319485     0.335768
  -0.0483537     0.784227     0.618588
   -0.472554    -0.437974    -0.764769
     -0.8796     0.288293     0.378407
   0.0547451     0.851508    -0.521475
    0.458852     0.229592    -0.858337
    0.887892   -0.0823811     0.452616
   0.0332061    -0.969794    -0.241654
   -0.445276    -0.667335     0.596987
   -0.887421     0.417683       -0.195
    0.119221     0.616607     0.778191
   -0.460041    -0.396768    -0.794315
   -0.869696     0.381571     0.313101
     0.17886     0.834852    -0.520606
    0.431972     0.898293   -0.0804375
     0.90103    -0.425954    0.0819044
  -0.0393115     0.107857     0.993389
     0.45048    -0.594358    -0.666187
    0.871564       0.4545     0.183862
    0.193502    -0.663452     0.722765
   -0.455512     0.533239    -0.712857
   -0.868884    -0.440604     0.225627
   -0.193775     0.722166     0.664024
   -0.445328     0.617682    -0.648191
   -0.876697    -0.447879      0.17552
   -0.181896     0.646431     0.740973
   -0.457343    -0.728288    -0.510327
   -0.872494     0.478476    0.0990748
   -0.172024    -0.490568     0.854254
   -0.472963    -0.734087    -0.487259
   -0.860043     0.504779     0.074326
   -0.191397    -0.454217     0.870089
   -0.447972     0.461878    -0.765499
   -0.884308    -0.354942     0.303339
   -0.131603     0.812825     0.567447
   -0.441845    -0.709076    -0.549531
   -0.887699     0.433995     0.153748
   -0.129475    -0.555751     0.821205
    -0.42483     0.595723    -0.681641
   -0.901494    -0.347123     0.258483
  -0.0826288     0.724307     0.684509
    0.407928     0.911129   -0.0586446
    0.912633    -0.408771  -0.00263313
   0.0263714    0.0524469     0.998275
   -0.470045     0.591049     -0.65553
   -0.867229    -0.447453     0.218404
   -0.164232     0.671154     0.722897
   -0.416192     -0.90927   0.00354188
   -0.906407     0.414566   -0.0810091
  -0.0721908    0.0369257     0.996707
     0.43739     0.898095   -0.0459945
     0.89238     -0.43979    -0.101204
    0.111119  -0.00322088     0.993802
   -0.417855    -0.532136    -0.736362
   -0.908171     0.222387      0.35464
  -0.0249596      0.81693    -0.576196
    0.400987      0.90946    -0.109965
    0.915377    -0.393066    0.0870917
  -0.0359829     0.135582     0.990112
   -0.457719     -0.63408    -0.623246
   -0.885358     0.389283     0.254167
  -0.0814566    -0.668133     0.739569
   -0.448917     0.523091    -0.724465
   -0.888424    -0.348191     0.299108
  -0.0957913     0.777907     0.621035
   -0.440461    -0.706985    -0.553323
   -0.885346     0.444247     0.137142
   -0.148855    -0.550288     0.821599
   -0.428171    -0.658214    -0.619212
   -0.891486     0.419908     0.170086
   -0.148059    -0.624845     0.766582
   -0.439261    -0.658274     -0.61133
   -0.893005     0.394138     0.217249
  -0.0979391     -0.64135     0.760972
     0.43163    -0.499711    -0.750989
    0.883032     0.404127     0.238613
    0.184258     -0.76614     0.615694
    0.398704     0.249636     -0.88245
    0.916496   -0.0741278     0.393116
    0.032722    -0.965498    -0.258346
   -0.381769    -0.801976     0.459442
   -0.924208     0.326095    -0.198748
 -0.00956983     0.500496     0.865686
   -0.355812    -0.604227    -0.712957
   -0.933246     0.270131     0.236816
   0.0495016     0.749626    -0.660008
   -0.373654    -0.450664    -0.810731
   -0.927222     0.205372     0.313182
   0.0253617     0.868749    -0.494603
   -0.345194    -0.361291    -0.866204
   -0.934747     0.215149     0.282771
   0.0842004     0.907292    -0.411984
   -0.340482     -0.83237     0.437302
    -0.93601     0.344181   -0.0736527
   0.0892047     0.434396     0.896294
   -0.335824    -0.493242    -0.802455
   -0.934832     0.278885     0.219801
    0.115377     0.823975    -0.554755
    0.352798     0.932597    0.0761364
    0.933497    -0.356379     0.039702
  -0.0641594   -0.0570663     0.996307
    0.338947     0.193711    -0.920647
     0.93025     -0.21518     0.297206
   -0.140533    -0.957169    -0.253135
   -0.344387    -0.519081    -0.782274
   -0.930231     0.301171     0.209681
    0.126757     0.799907    -0.586585
   -0.360115    -0.738819     0.569617
    -0.92758     0.348728    -0.134104
   0.0995626     0.576658     0.810896
    0.368715     0.514584    -0.774114
    0.929004    -0.232343     0.288042
  -0.0316383    -0.825361    -0.563719
   -0.663794    -0.355695     -0.65792
   -0.570516     0.809627     0.137897
    0.483621     0.466889    -0.740355
   -0.676393     0.458381    -0.576524
   -0.574229     0.162003     0.802506
    0.461252     0.873866     0.153638
    0.668642     0.198783    -0.716521
    0.627746    -0.667398     0.400644
   -0.398563    -0.717681    -0.571036
   -0.674256    -0.433244    -0.598062
   -0.629962     0.760042     0.159636
    0.385391     0.484392     -0.78539
    0.682164     0.679208    -0.270791
     0.58804    -0.289491      0.75525
    -0.43458     0.674441     0.596883
   -0.663131    -0.448854    -0.598988
   -0.670317     0.712211       0.2084
    0.333064     0.539709    -0.773164
   -0.673521    -0.526237      0.51908
    -0.63032     0.775698   -0.0314641
    0.386092     0.348378     0.854146
   -0.658895    -0.363915    -0.658349
   -0.673884     0.674467     0.301619
