   -0.132951    -0.787632     0.601631
   -0.970817   -0.0187546    -0.239088
    0.199597     -0.61586    -0.762153
   -0.133229    -0.825301     0.548752
   -0.974334   0.00769914    -0.224974
    0.181447     -0.56464    -0.805145
   -0.127089     -0.82593     0.549261
   -0.979158    0.0160205    -0.202469
    0.158426    -0.563545    -0.810752
   -0.112263    -0.833995      0.54023
   -0.983778    0.0167283    -0.178609
    0.139922    -0.551518    -0.822344
   -0.111888    -0.933066     0.341861
   -0.986666    0.0633939    -0.149902
    0.118196    -0.354075    -0.927718
   -0.128174    -0.809629    -0.572777
   -0.985243    0.0378896     0.166916
    0.113438    -0.585718     0.802537
    0.116493     0.695089    -0.709423
    0.989609   -0.0206224     0.142296
  -0.0842781     0.718628     0.690269
   -0.108668    -0.965407    -0.237023
   -0.988884    0.0806405     0.124921
    0.101486    -0.247963     0.963439
    0.100415     0.771366     -0.62842
    0.993155   -0.0398317     0.109804
  -0.0596679     0.635144     0.770085
  -0.0895013      -0.8717     0.481797
   -0.993185    0.0418523    -0.108777
    0.074657    -0.488249    -0.869505
  -0.0820357    -0.904628     0.418232
   -0.995764    0.0569104   -0.0722215
   0.0415319    -0.422385    -0.905465
  -0.0685958    -0.863522     0.499625
   -0.996105     0.031467   -0.0823742
   0.0554102    -0.503329    -0.862316
   -0.140358    -0.434405    -0.889714
   -0.957741      0.28743    0.0107516
     0.25106     0.853625    -0.456391
    0.139135     0.736387       0.6621
    0.961214     -0.26121    0.0885261
   -0.238136    -0.624102     0.744169
   -0.135981    -0.536176    -0.833082
   -0.963241     0.268198   -0.0153872
    0.231681     0.800366    -0.552936
    0.133243    -0.737573     0.661991
     0.96636     0.244949    0.0784105
   -0.219987     0.629274     0.745399
    0.135821    -0.750902     0.646296
    0.964967     0.248072    0.0854326
   -0.224479     0.612051     0.758289
    0.132392    -0.726649     0.674132
    0.967947     0.241225    0.0699229
   -0.213427     0.643267     0.735294
    0.128415     0.673796    -0.727673
    0.970245    -0.237231   -0.0484433
   -0.205267      -0.6998    -0.684212
    0.128609     0.650485    -0.748551
    0.971473    -0.234295   -0.0366913
   -0.199249    -0.722479    -0.662061
    0.122323      0.72532     0.677456
    0.976011    -0.211781    0.0505131
   -0.180111    -0.655026     0.733826
    0.129609     0.701846     0.700438
    0.969306    -0.238515    0.0596347
   -0.208919     -0.67121     0.711218
    0.120568     0.753295     0.646537
    0.975238     -0.21152    0.0645821
   -0.185405     -0.62274     0.760145
   -0.118931    -0.582817    -0.803853
   -0.974705     0.222821    -0.017344
    0.189224     0.781457    -0.594575
    0.130391     0.630875    -0.764849
    0.972802    -0.230371   -0.0241757
   -0.191451    -0.740895    -0.643755
     0.12555      0.69901     0.704004
    0.976926    -0.210694    0.0349775
   -0.172779    -0.683369     0.709334
    0.129372      0.66799    -0.732838
     0.97794    -0.208183   -0.0171205
   -0.164001    -0.714457    -0.680187
   -0.134236    -0.778691     0.612879
   -0.974281     0.216669    0.0618958
     0.18099     0.588807     0.787749
    0.133467    -0.719828     0.681201
    0.969563       0.2372    0.0606855
   -0.205264     0.652368     0.729577
    0.136906     0.723135     0.677003
    0.970941    -0.233389    0.0529445
   -0.196291    -0.650082     0.734073
   -0.136083    -0.527749    -0.838429
   -0.966759     0.255658  -0.00401194
    0.216468     0.810012    -0.544997
   -0.134857    -0.528272    -0.838297
   -0.965022     0.261983   -0.0098507
    0.224824     0.807647    -0.545124
    0.136362    -0.645566     0.751432
    0.961395     0.269238    0.0568424
   -0.239009     0.714672     0.657357
    -0.14078    -0.923966     0.355624
   -0.967702     0.204295     0.147707
    0.209128     0.323343     0.922884
   -0.140516    -0.869999     0.472606
   -0.962417     0.232069     0.141058
    0.232398     0.435023     0.869912
   -0.143792    -0.906486     0.396998
   -0.963689     0.219477     0.152094
    0.225003     0.360713      0.90513
   -0.136787    -0.543554    -0.828153
   -0.959463     0.280658   -0.0257324
    0.246415     0.791063     -0.55991
    0.104687    -0.659044     0.744783
    0.981099     0.190991    0.0310997
   -0.162743      0.72745     0.666582
    0.107405    -0.624396     0.773689
    0.981061     0.192731    0.0193483
   -0.161195     0.756958      0.63327
   0.0917313    -0.676501     0.730706
    0.986369     0.162399    0.0265251
    -0.13661     0.718313     0.682176
   0.0874539    -0.533134     0.841499
    0.986637      0.16293  0.000687153
   -0.137472     0.830194     0.540258
   0.0971195    -0.632233     0.768667
    0.986185     0.165258    0.0113233
   -0.134187     0.756948     0.639549
     0.07399     0.226867    -0.971111
    0.991221    -0.123725    0.0466181
   -0.109574    -0.966035     -0.23403
  -0.0813345     -0.47181    -0.877941
   -0.991038     0.131936    0.0209092
    0.105966     0.871773    -0.478313
   0.0640712    -0.568484     0.820196
    0.994748     0.102122  -0.00692515
  -0.0798233     0.816332     0.572041
  -0.0690464    -0.288698    -0.954927
   -0.991607     0.124739     0.033987
    0.109304      0.94926    -0.294888
   0.0573759    -0.633979     0.771219
    0.995071    0.0988979   0.00726917
  -0.0808804        0.767     0.636529
   0.0520834    -0.706781     0.705512
    0.995407    0.0935639    0.0202478
  -0.0803212     0.701217     0.708408
   0.0916699    -0.657588     0.747779
    0.990205     0.139611   0.00138369
   -0.105308     0.740328     0.663946
   0.0767696    -0.594626     0.800329
    0.994082     0.107523   -0.0154676
  -0.0768564      0.79678     0.599362
  -0.0836328    -0.884568     0.458852
   -0.994142     0.105701    0.0225712
   0.0684669     0.454277     0.888226
   0.0993123    -0.614679     0.782501
    0.989983     0.140346   -0.0153989
   -0.100356     0.776191     0.622459
   -0.103123    -0.576177    -0.810793
   -0.986168     0.165566   0.00777226
    0.129761      0.80038    -0.585281
   -0.109483    -0.510301    -0.852999
   -0.986278     0.162454    0.0294026
    0.123569     0.844513    -0.521084
    0.115406    -0.703435     0.701328
    0.981617     0.188817    0.0278558
   -0.152017     0.685221     0.712294
    0.111146    -0.587786     0.801345
    0.981246      0.19269   0.00523985
   -0.157491     0.785734     0.598179
    0.120123    -0.680993      0.72237
    0.982188     0.187425    0.0133616
   -0.144489     0.707898     0.691378
   -0.108187    -0.902516     0.416846
   -0.991181    0.0656501     -0.11511
   0.0765223    -0.425623    -0.901659
   -0.111778     -0.87214     0.476317
   -0.988699    0.0494165    -0.141536
   0.0999017    -0.486755    -0.867807
   -0.124291    -0.885775     0.447163
   -0.986895    0.0636163    -0.148297
    0.102911    -0.459734    -0.882073
   -0.118364    -0.936682     0.329571
   -0.985851    0.0711807    -0.151759
     0.11869    -0.342871    -0.931854
   -0.126084    -0.971968     0.198447
   -0.983896    0.0969743    -0.150152
    0.126698    -0.214183    -0.968542
    -0.13102    -0.929523     0.344703
   -0.980843     0.070981    -0.181407
    0.144154    -0.361867    -0.921017
   -0.119049    -0.916718     0.381386
   -0.982863    0.0543598    -0.176138
    0.140736    -0.395819     -0.90748
    0.127189     0.664603    -0.736292
    0.982771    -0.184803   0.00295668
   -0.134104    -0.723982    -0.676658
   -0.135217    -0.886871     0.441788
   -0.979265     0.187507    0.0766906
    0.150853     0.422257     0.893836
   -0.119769    -0.514769    -0.848922
   -0.986529     0.157677    0.0435708
    0.111426     0.842705    -0.526719
   -0.108838    -0.568169    -0.815683
   -0.989774     0.138054    0.0359048
   0.0922083     0.811249    -0.577384
    0.111614     0.950181    -0.291031
     0.99074   -0.0836149     0.106969
   -0.077305     0.300275     0.950715
    -0.10163    -0.894252    -0.435872
    -0.99344    0.0681412    0.0918349
   0.0524227    -0.442346     0.895311
  -0.0970817    -0.453744    -0.885828
   -0.993079     0.103271    0.0559375
   0.0660995     0.885128    -0.460629
  -0.0956365    -0.938725     0.331134
   -0.993539    0.0695965   -0.0896513
   0.0611121    -0.337569    -0.939315
   -0.134838    -0.905055     0.403352
    -0.97736    0.0544967    -0.204444
    0.163052    -0.421787    -0.891913
   -0.142308     -0.85644     0.496245
   -0.973736    0.0311128    -0.225543
    0.177725    -0.515309    -0.838374
   -0.140462    -0.874026     0.465134
   -0.973901    0.0373728    -0.223873
    0.178287     -0.48444    -0.856465
   -0.142703     -0.87124     0.469655
   -0.969739    0.0281027     -0.24252
    0.198095    -0.490052    -0.848886
   -0.142416    -0.857131      0.49502
   -0.970037    0.0214051    -0.242014
    0.196842    -0.514654    -0.834497
   -0.146351    -0.747784     0.647611
   -0.964753   -0.0368458    -0.260566
    0.218709    -0.662918    -0.716035
   -0.144378    -0.876329     0.459568
   -0.964377    0.0205778     -0.26373
    0.221657    -0.481274    -0.848082
    0.144037     0.952425    -0.268588
    0.968196   -0.0795262     0.237216
   -0.204571     0.294214     0.933589
   -0.146058    -0.878458     -0.45495
    -0.96448     0.024127     0.263051
    0.220103    -0.477211     0.850779
    0.139121     0.988757    0.0548188
    0.972007    -0.146929     0.183342
   -0.189335   -0.0277775      0.98152
    0.138673     0.969348    -0.202814
    0.975125   -0.0978915     0.198867
   -0.172918     0.225347     0.958811
   -0.138781    -0.926336     0.350203
   -0.977364     0.071095    -0.199259
    0.159683    -0.369929    -0.915234
   0.0315327    -0.510802      0.85912
    0.998338    0.0575729  -0.00241165
  -0.0482302     0.857768     0.511769
  -0.0375569    -0.332494    -0.942357
   -0.998126     0.058075    0.0192887
    0.048314     0.941315    -0.334052
   0.0124297    0.0775206    -0.996913
    0.999789   -0.0172688    0.0111228
  -0.0163533    -0.996841   -0.0777189
  0.00711541    -0.195906     0.980597
     0.99984    0.0174766  -0.00376352
  -0.0164002     0.980467     0.195999
  -0.0237608   -0.0162847     0.999585
   -0.999593    0.0161556   -0.0234978
   0.0157663     0.999737     0.016662
 -0.00290446    -0.705019     0.709182
    0.999906   -0.0115567  -0.00739376
   0.0134086     0.709094     0.704987
  0.00305589    -0.533777      0.84562
    0.999894   -0.0104067   -0.0101824
   0.0142352     0.845561     0.533688
  -0.0166366    -0.773527     0.633545
    0.998789   -0.0421944   -0.0252895
   0.0462942     0.632357     0.773292
   0.0132417    -0.384532     0.923017
   -0.999801   0.00866655    0.0179538
  -0.0149032    -0.923071    -0.384341
  -0.0211665    -0.855636    -0.517146
    0.998756   -0.0414504    0.0277026
   0.0451393     0.515916    -0.855449
   0.0323942    -0.358036     0.933146
   -0.998598    0.0275203    0.0452256
  -0.0418729    -0.933302    -0.356643
   0.0100442     -0.98459    -0.174593
     0.99978   0.00667352    0.0198822
   0.0184106     0.174754     -0.98444
  0.00561752    -0.229977      0.97318
   -0.998837    0.0453095    0.0164729
  -0.0478827    -0.972141    -0.229455
 -0.00350907    -0.294774     0.955561
   -0.998769    0.0483147    0.0112365
  -0.0494799    -0.954345    -0.294581
   0.0216071     0.999291    0.0308398
    0.999549   -0.0209488   -0.0215132
   0.0208519   -0.0312907     0.999293
   0.0362975    -0.617624     0.785636
    0.999262    0.0322935     -0.02078
  -0.0125367     0.785811      0.61834
   0.0464263     0.985538    -0.162974
    0.998908   -0.0449634    0.0126557
 -0.00514478     0.163383     0.986549
   0.0526337    0.0926866    -0.994303
    0.997566   -0.0504822    0.0481006
  -0.0457364    -0.994415    -0.095118
   0.0443246     0.199477      -0.9789
    0.997871    -0.055763    0.0338204
    -0.04784    -0.978315    -0.201524
   0.0638366     0.960007    -0.272601
    0.997237   -0.0509651    0.0540471
  -0.0379925     0.275298     0.960608
  -0.0500565    -0.934403    -0.352684
    0.995628   -0.0745671    0.0562488
   0.0788576     0.348326     -0.93405
  -0.0456425     0.421258    -0.905792
    0.995664    0.0927568  -0.00703257
   0.0810558    -0.902185    -0.423665
   0.0643164     -0.67122     0.738463
   -0.991608    0.0401748     0.122881
   -0.112147    -0.740169    -0.663003
   0.0648878     0.230058    -0.971011
   -0.992273   -0.0882443    -0.087216
   -0.105751     0.969168     0.222554
   0.0581073     0.697187    -0.714531
    -0.99258   -0.0362281    -0.116068
   -0.106807     0.715974     0.689909
   0.0777714     0.925444    -0.370817
   -0.988043     0.121211    0.0952828
   -0.133126    -0.358973    -0.923805
   0.0772768     0.995191   -0.0601873
   -0.988188     0.084466     0.127864
   -0.132333   -0.0495954    -0.989964
   0.0900543     0.989837    -0.110062
   -0.982317     0.106492     0.153988
   -0.164144   -0.0942484    -0.981924
   0.0827252   -0.0562038    -0.994986
   -0.987663    -0.137828   -0.0743308
   -0.132959      0.98886   -0.0669123
    0.097136     0.994584   -0.0369725
   -0.982224     0.101792     0.157714
   -0.160624   -0.0209956    -0.986792
   -0.104379     0.410933    -0.905671
    0.981356     0.190329   -0.0267428
    0.161386    -0.891577    -0.423138
   0.0711319     0.989954    -0.122191
   -0.988154    0.0866381     0.126675
   -0.135989    -0.111733     -0.98439
  -0.0883658      -0.9959    0.0193757
    0.982181   -0.0838766     0.168181
    0.165866   -0.0338919    -0.985566
   0.0864399     0.960724     0.263698
    -0.98214    0.0377752     0.184319
   -0.167119     0.274921    -0.946831
   0.0679187     0.977658    -0.198929
   -0.987873    0.0938029     0.123723
   -0.139619    -0.188113    -0.972173
   0.0523199    -0.266411    -0.962438
   -0.993167    -0.114557     -0.02228
   -0.104318     0.957028    -0.270584
  -0.0443453    -0.615524     0.786869
    0.992719     -0.11545   -0.0343642
    0.111996     0.779616     0.616162
   0.0334317     0.154757    -0.987387
   -0.995907   -0.0778533   -0.0459224
  -0.0839781      0.98488     0.151521
   0.0420476    0.0365317    -0.998448
   -0.995682   -0.0812453   -0.0449038
  -0.0827595     0.996024    0.0329578
  -0.0191294    -0.529177     0.848296
      0.9972   -0.0714505   -0.0220844
   0.0722977     0.845498     0.529062
   0.0610729    -0.881657     0.467922
   -0.983966    0.0255258     0.176522
   -0.167576      -0.4712    -0.865961
   0.0316561    -0.988147    -0.150209
   -0.988922  -0.00915967    -0.148155
   -0.145023    -0.153235      0.97749
   0.0401819    -0.966078    -0.255106
   -0.989236  -0.00251048    -0.146308
   -0.140704    -0.258239      0.95578
    -0.01683    -0.974217    -0.224984
    0.992929   -0.0427303     0.110753
    0.117511     0.221529    -0.968048
  0.00578639    -0.960547    -0.278059
   -0.993342    0.0264719    -0.112118
   -0.115055    -0.276856     0.953998
  -0.0274598    -0.951183    -0.307405
    0.993106   -0.0610174      0.10009
    0.113961     0.302537      -0.9463
    0.016679    -0.543135      0.83948
    0.995857   -0.0660359   -0.0625104
   0.0893874     0.837045     0.539783
-1.03761e-05    -0.835574     0.549377
    0.996571   -0.0454639   -0.0691293
   0.0827395     0.547493      0.83271
   0.0304253     -0.73355     0.678954
    0.997774   -0.0180348   -0.0641974
   0.0593368     0.679396     0.731369
  -0.0196792    -0.958075    -0.285842
   -0.996146    0.0432308   -0.0763184
  -0.0854759    -0.283238     0.955233
   0.0368187    -0.980676    -0.192141
    0.997613    0.0248317    0.0644264
   0.0584102     0.194055     -0.97925
  -0.0281211    -0.931265     0.363257
   -0.997829    0.0478019    0.0453017
  -0.0595522    -0.361194    -0.930587
 -0.00889626    -0.662617     0.748905
     0.99705   -0.0629797   -0.0438792
   0.0762409     0.746306     0.661222
   0.0132149     0.973391    -0.228768
     0.99842    -0.025343   -0.0501584
   0.0546214     0.227744     0.972188
  -0.0387652    -0.882734     0.468271
    0.993013   -0.0863026   -0.0804832
    0.111458     0.461879     0.879912
   0.0629828      0.98932    -0.131454
   -0.987755    0.0806298     0.133561
   -0.142734    -0.121432    -0.982284
  -0.0553148    -0.940001     0.336658
    0.987941  -0.00269326     0.154804
     0.14461    -0.341161    -0.928815
  -0.0736083    -0.917325     0.391275
    0.983054 -0.000692119     0.183314
    0.167887    -0.398138    -0.901831
    0.079478     0.974219     0.211139
   -0.983431    0.0420105     0.176347
    -0.16293     0.221657    -0.961417
   0.0698256    -0.943166    -0.324904
   -0.983364   -0.0103296     -0.18135
   -0.167687    -0.332162     0.928197
  -0.0476115    -0.917121     0.395755
   -0.998421    0.0555172   0.00853981
  -0.0298033    -0.394724    -0.918316
  -0.0537832    -0.896035     0.440715
   -0.998009    0.0627959   0.00587956
  -0.0329434    -0.439521    -0.897628
  -0.0680454     -0.86026     0.505294
   -0.997672    0.0609509    -0.030583
 -0.00448884    -0.506199    -0.862405
  -0.0654546    -0.880956      0.46865
    -0.99785    0.0561574   -0.0338028
  0.00346062    -0.469855    -0.882737
   0.0680975     0.984625     0.160863
    0.997678   -0.0673205   -0.0102822
-0.000705247     -0.16119     0.986923
  -0.0910732    -0.884368      0.45782
   -0.995318    0.0658915   -0.0707142
   0.0323709    -0.462117    -0.886228
  -0.0884992    -0.873272    -0.479128
    -0.99582    0.0666481    0.0624621
   0.0226134    -0.482653      0.87552
  -0.0688779    -0.916316     0.394487
   -0.997403    0.0549081   -0.0466069
   0.0210461    -0.396673    -0.917719
    0.077398     0.326459    -0.942037
    0.996434   -0.0571716    0.0620547
  -0.0335995    -0.943481    -0.329719
  -0.0574714      -0.9162     0.396579
   -0.998328    0.0552198   -0.0171037
   0.0062286     0.396899     0.917841
   0.0367228    -0.591115     0.805751
    0.999106   0.00483293   -0.0419897
   0.0209266     0.806573     0.590765
   0.0502241     0.267249    -0.962318
    0.998394    0.0118569    0.0553997
   0.0262157    -0.963555    -0.266224
  -0.0690542    -0.924286     0.375402
   -0.997438    0.0569226   -0.0433255
   0.0186763    -0.377433    -0.925849
  -0.0588103    -0.901343     0.429094
   -0.998234    0.0567115    -0.017688
  -0.0083916    -0.429376    -0.903087
   0.0651368     0.992179    -0.106478
    0.997859   -0.0654003   0.00101962
  0.00595203     0.106316     0.994315
  -0.0505753    -0.950643     0.306138
   -0.998485    0.0547823   0.00516015
  -0.0216764    -0.305414    -0.951973
  -0.0430651    -0.884033     0.465437
   -0.998572    0.0528225   0.00793493
  -0.0316003    -0.464431    -0.885046
  -0.0258403    -0.897277     0.440711
   -0.998709    0.0424541    0.0278781
  -0.0437244    -0.439422    -0.897216
  -0.0218963    -0.894256     0.447021
   -0.998481    0.0421684    0.0354485
  -0.0505501    -0.445566    -0.893821
  -0.0238389    -0.954937    -0.295848
   -0.997741    0.0413174   -0.0529681
  -0.0628049    -0.293917     0.953765
  0.00224501     -0.93999    -0.341195
   -0.995454     0.030387   -0.0902658
  -0.0952169    -0.339847     0.935648
   0.0069927     -0.96888     -0.24743
   -0.993452    0.0214865    -0.112213
   -0.114037    -0.246595     0.962386
   0.0196923    -0.935129     0.353759
   -0.993032    0.0228243     0.115612
   -0.116186     -0.35357    -0.928164
   0.0199374    -0.962721      0.26976
   -0.989964    0.0187461     0.140068
   -0.139903    -0.269845    -0.952686
   0.0291273    -0.944436     0.327402
   -0.989502    0.0191416     0.143247
   -0.141555    -0.328137    -0.933964
    0.047137    -0.961287     0.271487
   -0.985921  -0.00112237     0.167207
   -0.160429    -0.275546    -0.947806
   0.0505057    -0.898012    -0.437062
   -0.984752    0.0281665    -0.171668
    -0.16647    -0.439068     0.882897
   0.0390256    -0.882256     0.469149
   -0.990385    0.0282094     0.135433
   -0.132721    -0.469924    -0.872672
   0.0599106    -0.912901      0.40376
   -0.986545   0.00749026     0.163321
    -0.15212    -0.408111    -0.900169
   0.0570623    -0.980773     0.186622
   -0.988559   -0.0293635     0.147949
   -0.139625    -0.192929    -0.971228
   0.0322757    -0.929896     0.366405
   -0.990244    0.0199697     0.137909
   -0.135558    -0.367281    -0.920179
   0.0129212    -0.941825     0.335855
   -0.992673    0.0282746      0.11748
   -0.120142    -0.334912    -0.934559
  -0.0010949    -0.996343   -0.0854356
   -0.994109    0.0103437    -0.107887
   -0.108376   -0.0848142     0.990485
  -0.0155177    -0.987045    -0.159694
   -0.995935    0.0294306   -0.0851294
  -0.0887264    -0.157724     0.983489
 -0.00624754    -0.941638     0.336569
    -0.99594    0.0360852    0.0824707
  -0.0898028    -0.334687    -0.938041
  -0.0204615    -0.780147     0.625261
     0.99072   -0.0998725   -0.0921912
    0.134369     0.617572     0.774951
   0.0639183     -0.80795     0.585775
   -0.986749    0.0365484     0.158082
   -0.149132    -0.588117    -0.794908
   -0.524806    -0.704634    -0.477566
   -0.843734     0.356357     0.401401
    0.112657    -0.613596     0.781542
   -0.549789     0.453073    -0.701753
   -0.829197    -0.194631     0.523976
    0.100816     0.869967     0.482693
   -0.521069    -0.713781    -0.467979
   -0.850939     0.391885     0.349756
   0.0662551    -0.580468     0.811583
    0.548952     -0.36741    -0.750774
    0.833484      0.17303     0.524752
  -0.0628925    -0.913822     0.401216
   -0.567305     0.382814    -0.729122
   -0.818463    -0.164254      0.55058
   0.0910086     0.909106     0.406501
   -0.527804  0.000950953    -0.849366
   -0.848689    0.0393406     0.527428
   0.0339161     0.999225   -0.0199571
    0.565795    -0.232428    -0.791109
    0.822628    0.0937225     0.560802
  -0.0562013    -0.968088     0.244229
    0.543991    -0.231372    -0.806561
    0.838443     0.112109     0.533334
  -0.0329756    -0.966384     0.254979
    0.552702     0.134144    -0.822512
    0.832347    -0.137949     0.536813
  -0.0414546    -0.981313      -0.1879
   -0.580569     0.341678    -0.739051
   -0.809751    -0.147418     0.567954
   0.0851078     0.928183      0.36226
    0.568032    -0.120043    -0.814204
     0.82059   0.00685475     0.571476
  -0.0630208    -0.992745       0.1024
   -0.590853    -0.284721    -0.754869
   -0.801052     0.318329     0.506934
    0.095962     0.904213    -0.416161
    0.522168     0.778638     0.347942
    0.852751    -0.482662    -0.199631
  -0.0124986    -0.400949     0.916015
   -0.532632    -0.511216    -0.674508
   -0.846081     0.341588     0.409224
   0.0212021     0.788654    -0.614471
   -0.518866    -0.677476     0.521348
   -0.854816     0.417001    -0.308867
  0.00815242     0.605917     0.795486
    0.507046     0.828795    -0.236652
    0.861913    -0.486538     0.142782
 -0.00319657     0.276371     0.961046
    0.502103     0.814566    -0.290472
    0.864722    -0.468156     0.181896
  -0.0121803     0.342508     0.939436
   -0.488612    -0.748737    -0.447942
   -0.872487     0.416362     0.255751
  0.00498458    -0.515786     0.856703
    0.479006     0.862235    -0.164636
    0.877647    -0.466786     0.108842
  -0.0169975     0.196628     0.980331
   -0.502945     0.551355    -0.665623
   -0.863453    -0.286058     0.415475
   0.0386678     0.783695     0.619941
   -0.477427     0.581179    -0.659011
     -0.8774    -0.274998     0.393121
    0.047247     0.765903     0.641218
   -0.465141    -0.797585     -0.38406
   -0.885178     0.414051     0.212185
    0.010215    -0.438657     0.898597
    0.451583     0.885224    -0.111588
    0.891925    -0.444623    0.0823391
  -0.0232739     0.136711     0.990338
    0.437337     0.837583    -0.327401
    0.899142    -0.400486     0.176505
   -0.016718     0.371572     0.928254
    -0.49636    -0.742303    -0.450126
   -0.864667     0.376564      0.33249
   0.0773073    -0.554244     0.828756
   -0.588055     -0.24982    -0.769273
   -0.801512     0.307566     0.512818
    0.108491     0.918147    -0.381099
   -0.566254   -0.0204237    -0.823978
   -0.820193     0.112799     0.560857
   0.0814892     0.993408   -0.0806243
    0.560059    -0.028359    -0.827968
    0.821288    -0.112157     0.559382
   -0.108726    -0.993286   -0.0395234
    0.579176     0.193137    -0.791993
    0.804923    -0.289281     0.518087
   -0.129047    -0.937558    -0.323006
    0.539403     0.267171    -0.798539
    0.837801    -0.265414     0.477123
  -0.0844695    -0.926377    -0.367001
    0.545494    -0.174513    -0.819745
    0.827155   -0.0455598     0.560124
   -0.135096      -0.9836     0.119497
     0.52522     0.120577    -0.842381
    0.843682    -0.203028      0.49697
   -0.111104     -0.97172    -0.208363
     0.50314   -0.0259252    -0.863816
    0.852488     -0.14915     0.501018
   -0.141827    -0.988475   -0.0529425
     0.56629    0.0826339    -0.820053
    0.809804    -0.240966     0.534932
   -0.153402    -0.967009    -0.203374
    0.524204   -0.0826133    -0.847576
    0.834888    -0.146314     0.530618
   -0.167848    -0.985783  -0.00772555
   -0.552232  -0.00540417    -0.833673
   -0.813292      0.22334     0.537285
    0.183289     0.974726    -0.127731
   -0.505376    -0.341525    -0.792437
   -0.858562     0.290982     0.422139
   0.0864132     0.893695    -0.440276
    0.486336     0.200083    -0.850555
    0.866171    -0.238518     0.439156
   -0.115005    -0.950303    -0.289306
    0.469873    0.0292658    -0.882249
    0.877385    -0.125341     0.463125
  -0.0970286    -0.991682    -0.084572
    0.491805     0.835713     0.244359
    0.867772    -0.493468   -0.0588379
  -0.0714118    -0.240985     0.967898
    0.519733      0.67938     0.517996
     0.85233     -0.45378    -0.260032
  -0.0583952    -0.576651     0.814901
   -0.506892    -0.650676     0.565404
   -0.860709     0.418057     -0.29053
   0.0473307     0.633916     0.771953
   -0.529747    -0.510222    -0.677526
   -0.847347     0.353255     0.396502
   0.0370355     0.784145    -0.619471
   -0.549051    -0.327143    -0.769104
   -0.833441     0.283233     0.474505
   0.0626049      0.90153    -0.428164
    -0.51616    -0.586739    -0.623952
   -0.856098     0.375536     0.355063
   0.0259877     0.717433    -0.696142
    0.445087     0.216367    -0.868955
    0.892411    -0.187541     0.410404
  -0.0741664     -0.95813     -0.27656
   -0.463235    -0.719088     0.518002
   -0.884431     0.412385    -0.218451
   0.0565309     0.559331     0.827015
   -0.464704    -0.578915    -0.670006
   -0.883655     0.351574     0.309112
   0.0566069     0.735699    -0.674938
   -0.479492    -0.527768    -0.701106
    -0.87635     0.329679     0.351172
   0.0458021     0.782798    -0.620588
   -0.477939    -0.284126    -0.831172
   -0.877135      0.20501     0.434288
   0.0470059     0.936613    -0.347199
   -0.486944     -0.66422     0.567184
   -0.872481      0.40022    -0.280358
   0.0407789     0.631376     0.774404
    -0.49106     -0.49994    -0.713386
   -0.870537     0.311739     0.380769
   0.0320291     0.808009    -0.588298
   -0.496094    -0.750697     0.436286
   -0.867904     0.443314    -0.224089
   0.0251889     0.489823     0.871458
   -0.498859    -0.743526     0.445319
   -0.866549     0.436932     -0.24121
   0.0152284      0.50622      0.86227
   -0.491702    -0.323374    -0.808491
   -0.869974     0.221961     0.440316
   0.0370669     0.919871    -0.390465
    -0.49627    -0.611929    -0.615841
   -0.867863     0.368488     0.333212
   0.0230279     0.699829     -0.71394
   -0.497857    -0.645306     0.579412
   -0.866715     0.393865    -0.306064
   0.0307054     0.654562     0.755385
   -0.504342    -0.659589     0.557298
    -0.86318     0.402775    -0.304455
   0.0236504     0.634598      0.77248
   -0.507376    -0.778931     0.368558
   -0.861684     0.462747    -0.208245
  0.00834062     0.423239      0.90598
   -0.495216    -0.764738     0.412233
    -0.86772     0.458707     -0.19144
   0.0426928     0.452508     0.890738
    -0.47669    -0.534454    -0.697944
   -0.876706      0.34724     0.332883
    0.064443     0.770574    -0.634085
   -0.467658    -0.700145     0.539529
   -0.881876     0.410955    -0.231106
   0.0599141     0.583877     0.809628
   -0.446618    -0.795073     0.410356
   -0.891118     0.436415      -0.1243
   0.0802578      0.42119     0.903414
   -0.456477    -0.671011     0.584271
   -0.885388     0.407413    -0.223835
   0.0878437     0.619482      0.78008
    -0.44474    -0.630891     0.635754
   -0.892685     0.370034    -0.257271
   0.0729403     0.681947     0.727756
    0.494842     0.804951     -0.32739
    0.868444    -0.444829     0.218934
  -0.0305988     0.392658     0.919175
   -0.492056    -0.721924    -0.486525
   -0.870224     0.392269     0.298053
   0.0243228    -0.570045     0.821253
   -0.473843     -0.65455    -0.589099
   -0.880151      0.33043     0.340809
   0.0284208    -0.679986     0.732675
   -0.480069    -0.728606    -0.488536
   -0.876206     0.371358     0.307174
   0.0423873    -0.575523     0.816686
   -0.473607     -0.70851    -0.523173
   -0.880534     0.368154     0.298535
   0.0189073     -0.60206     0.798227
    -0.45189    -0.817302     -0.35751
   -0.891138     0.395229     0.222859
   0.0408451    -0.419298     0.906929
   -0.449848     0.567612    -0.689531
   -0.892691    -0.262254     0.366505
   0.0271998      0.78041     0.624676
    0.423897     0.854722    -0.299601
    0.904999     -0.38661     0.177509
   -0.035892     0.346385     0.937406
    -0.45889    -0.726611    -0.511328
   -0.886786     0.338906      0.31425
   0.0550451    -0.597645     0.799869
   -0.426643    -0.835835    -0.345479
   -0.902864     0.371213      0.21688
    0.053029    -0.404451     0.913021
    0.434751     0.873703    -0.218254
    0.897692    -0.401157     0.182268
  -0.0716941     0.275167      0.95872
   -0.452332     0.449829    -0.770097
   -0.891687    -0.211648     0.400123
   0.0169976     0.867674     0.496843
   -0.426773    -0.904168    0.0185758
   -0.904041     0.427078    0.0177318
   0.0239658   0.00922581      0.99967
    0.479019     0.858101    -0.184941
    0.877745     -0.46579     0.112261
  -0.0101878     0.216106     0.976317
    0.496952     0.866836    0.0404283
    0.867759    -0.496707   -0.0166081
 -0.00568449   -0.0433355     0.999044
    0.491603     0.787271    -0.372198
    0.870714    -0.437728     0.224169
  -0.0135606      0.43428     0.900676
   -0.528719    -0.435287    -0.728685
   -0.821654     0.477839     0.310734
    0.212935     0.763017    -0.610297
   -0.505393      0.31932    -0.801631
   -0.840532    0.0279252     0.541042
    0.195151     0.947235     0.254286
   -0.478758     0.461306    -0.746986
   -0.848409   -0.0242501     0.528786
    0.225818      0.88691     0.402986
    0.505975    0.0238315    -0.862219
    0.827492    -0.295496     0.477429
   -0.243404    -0.955047    -0.169234
   -0.458155     0.511707    -0.726808
    -0.86656   -0.0750726     0.493395
     0.19791     0.855874     0.477819
    -0.46196     0.549826    -0.695905
   -0.850244   -0.0513003     0.523883
    0.252344     0.833702     0.491185
   -0.434177    -0.707445    -0.557685
    -0.87192     0.174458     0.457514
    0.226374    -0.684899     0.692581
    0.416637     0.890361    -0.183496
    0.874443    -0.337335     0.348647
   -0.248522     0.305716     0.919116
    0.481915    -0.204961    -0.851909
    0.832737    -0.195336     0.518066
   -0.272592     -0.95908    0.0765433
    -0.43813    -0.770897    -0.462342
   -0.854728     0.197999      0.47983
    0.278356    -0.605405     0.745656
   -0.459123    -0.796199    -0.394046
   -0.836104     0.237376     0.494553
    0.300226    -0.556525      0.77469
     0.41519      0.86088    -0.294115
    0.887968    -0.313195      0.33678
   -0.197812     0.400993     0.894469
     0.39706     0.915148    0.0696202
    0.891354    -0.402587     0.208355
   -0.218704    0.0206735     0.975572
    0.379985     0.923771    0.0475356
    0.904532    -0.381838     0.189792
   -0.193475    0.0291206     0.980673
   -0.403675    -0.914861  -0.00870178
   -0.898899     0.394824     0.189986
    0.170375   -0.0845145     0.981748
    0.438409     0.847185    -0.300127
    0.882276    -0.341965     0.323495
   -0.171427     0.406618     0.897371
     0.42742     0.831408     0.355068
    0.892359    -0.450956    -0.018261
   -0.144938    -0.324654     0.934662
    0.462825     0.305572    -0.832117
    0.874603    -0.310361     0.372485
   -0.144436    -0.900168    -0.410897
    0.481972    -0.217639    -0.848726
    0.859656   -0.0698105     0.506081
   -0.169393     -0.97353     0.153448
   -0.450245       0.4808    -0.752404
   -0.884404    -0.124136      0.44991
    0.122917     0.867999     0.481113
   -0.443383    -0.668511     -0.59708
   -0.837148    0.0708089     0.542374
    0.320304    -0.740324     0.591038
    0.422445     0.825716     0.373809
    0.858117    -0.497143     0.128387
   -0.291848    -0.266535     0.918577
   -0.402632    -0.915251   -0.0142751
   -0.860518     0.373145     0.346802
    0.312084    -0.151918      0.93783
    0.422903     0.862692    -0.277336
    0.839266    -0.257464       0.4789
    -0.34174     0.435287      0.83291
    0.381854     0.888854    -0.253233
    0.879274    -0.264972     0.395811
   -0.284718     0.373803     0.882727
    0.379686      0.92059   -0.0913963
     0.86344    -0.317171     0.392268
   -0.332129     0.227854     0.915299
    0.354098     0.909008    -0.219816
    0.885468    -0.250239     0.391569
   -0.300933     0.333294     0.893507
   -0.342352    -0.875189    -0.341817
   -0.884055     0.176849     0.432634
    0.318186    -0.450298      0.83426
    0.401912     0.900951    -0.163564
    0.838628    -0.290453     0.460804
   -0.367654     0.322372       0.8723
    0.354949     0.911886    -0.206092
    0.864506     -0.23624     0.443645
   -0.355866     0.335639     0.872184
    0.371069     0.913297    -0.167919
    0.846087    -0.258001     0.466447
   -0.382681     0.315158     0.868464
   -0.339201    -0.860057    -0.381109
   -0.901493     0.181427     0.392931
      0.2688     -0.47685     0.836876
   -0.318763    -0.848956    -0.421501
   -0.903356     0.137485     0.406258
    0.286945    -0.510265     0.810735
   -0.304476    -0.824481    -0.476997
   -0.918099      0.12062     0.377551
    0.253748    -0.552886     0.793681
     0.32373      0.91648    -0.235083
    0.915072    -0.240121     0.324014
   -0.240504     0.320011     0.916379
      0.3615     0.929831    -0.068794
    0.897585    -0.327097     0.295549
   -0.252308     0.168589     0.952847
    0.345696      0.93661    0.0570689
    0.910939    -0.349569     0.219069
   -0.225131    0.0237448     0.974039
      0.3813     0.915642     0.127319
    0.894163    -0.400258     0.200666
   -0.234698   -0.0373298     0.971351
    0.401248     0.879594    -0.255565
    0.876611    -0.287847     0.385614
    -0.26562     0.378758      0.88656
    0.365673     0.895231     0.254645
     0.90697    -0.404178     0.118512
   -0.209017    -0.187619     0.959745
     -0.2588    -0.841072    -0.474995
   -0.951687     0.137887     0.274368
    0.165268    -0.523054     0.836123
   -0.283982    -0.814815    -0.505402
    -0.94727     0.156818     0.279442
    0.148437    -0.558109     0.816383
   -0.281815    -0.875733    -0.392011
   -0.944469     0.181238     0.274099
    0.168991    -0.447488     0.878178
    0.302343     0.929537    -0.211067
     0.93972    -0.253563     0.229417
   -0.159733     0.267707     0.950168
    0.299048     0.945819    -0.126475
    0.943466    -0.273204     0.187701
   -0.142978     0.175456     0.974049
   -0.310777    -0.890225    -0.333042
     -0.9331     0.219045      0.28521
     0.18095    -0.399398     0.898743
    0.329011     0.927405    -0.177968
    0.932441    -0.289243     0.216544
   -0.149348      0.23719     0.959915
    0.335972     0.939579    0.0656881
    0.926891    -0.342212     0.154156
   -0.167321  -0.00909356      0.98586
     0.35281     0.930633    -0.097202
    0.922101     -0.32816     0.205038
   -0.158918      0.16197     0.973915
    0.325586      0.94031   -0.0990509
    0.936087    -0.305812     0.173839
   -0.133171      0.14932      0.97978
   -0.343576    -0.873545    -0.344783
   -0.928361     0.260494     0.265121
    0.141781    -0.411172     0.900464
    0.341406     0.915469    -0.212976
     0.93137    -0.299016     0.207701
   -0.126461      0.26927     0.954726
     0.34767      0.93676   -0.0400707
    0.918351    -0.331596     0.216047
   -0.189097     0.111912      0.97556
    0.363606     0.897155    -0.250806
    0.914151    -0.291841      0.28135
   -0.179219     0.331574      0.92625
    0.326305     0.929667    -0.171008
    0.923192     -0.27456     0.268949
   -0.203081     0.245632     0.947852
   -0.308116    -0.877811    -0.366759
   -0.927061     0.190487     0.322912
    0.213593    -0.439502     0.872477
   -0.294552    -0.837117    -0.460949
   -0.936593     0.157068     0.313247
    0.189824    -0.523989     0.830303
   -0.277272    -0.787327      0.55067
   -0.939176     0.101211    -0.328184
    0.202654    -0.608172    -0.767501
   -0.289593    -0.879797    -0.376952
   -0.928995     0.163541     0.331999
    0.230445    -0.446331     0.864687
    0.259391     0.722525    -0.640839
    0.948126   -0.0642474     0.311334
   -0.183774     0.688353      0.70171
    0.368547     0.927134    0.0677891
    0.922781    -0.373688    0.0939806
   -0.112465   -0.0279182     0.993263
   -0.372321     0.521987    -0.767403
   -0.919691   -0.0964223      0.38062
    0.124684     0.847486     0.515966
   -0.398305    -0.817795     0.415409
   -0.910858     0.406027   -0.0740283
    0.108127     0.407864     0.906617
    0.395015   -0.0207762     -0.91844
    0.913155    -0.100547     0.395017
   -0.100553    -0.994715   -0.0207457
    0.402571     0.914939    0.0286864
     0.90725    -0.402966      0.12048
   -0.121792    0.0224761     0.992301
   -0.422345    -0.778289      0.46464
   -0.902096     0.410997    -0.131545
   0.0885857     0.474708     0.875674
    0.425705      0.87507     0.230278
    0.899222    -0.437492  0.000139236
   -0.100866    -0.207011     0.973125
   -0.422273    -0.545166     -0.72421
   -0.902522     0.327328     0.279839
   0.0844956     0.771784    -0.630246
    0.436573     0.898362    0.0484741
    0.892699    -0.439255     0.100714
    -0.11177  0.000696103     0.993734
    0.412985     0.884659    -0.216381
    0.900534    -0.361201     0.242016
   -0.135944     0.294808     0.945837
    0.388328     0.880753    -0.271062
    0.907791    -0.315032     0.276895
   -0.158483     0.353593     0.921876
     0.38217     0.919866    0.0882696
    0.913752    -0.390415     0.112395
    -0.13785   -0.0377025     0.989735
   -0.702744    -0.441827     -0.55762
   -0.556821     0.829438    0.0445357
    0.442834     0.341792    -0.828901
    0.706412    -0.341368     -0.62004
    0.559388    -0.267468     0.784567
   -0.433667    -0.901071   0.00201445
    0.691378   -0.0480447    -0.720894
     0.60104    -0.515455     0.610784
   -0.400933    -0.855569    -0.327497
    0.698944    -0.217421    -0.681326
    0.593504    -0.355211     0.722204
   -0.399036     -0.90915    -0.119233
    0.703864   -0.0381733    -0.709308
    0.557729    -0.588694      0.58513
   -0.439902    -0.807454    -0.393071
    0.688954     0.675844    -0.261873
     0.63044    -0.380512     0.676577
   -0.357615     0.631226     0.688234
    0.703879     0.641653     -0.30469
    0.587919    -0.285543     0.756847
   -0.398631     0.711861     0.578227
    0.694114     0.623408    -0.359957
    0.629165    -0.282394     0.724158
