   0.0379293    -0.924174     0.380085
   -0.997638   -0.0568225   -0.0386077
   0.0572776    -0.377722    -0.924146
  -0.0112705     -0.87661     0.481069
   -0.998547   -0.0154887   -0.0516177
   0.0526998    -0.480952    -0.875162
  -0.0655017    -0.870235     0.488263
   -0.996938    0.0361263   -0.0693536
   0.0427148     -0.49131    -0.869937
  -0.0911844    -0.915887     0.390944
   -0.994902    0.0668017   -0.0755522
   0.0430816     -0.39584    -0.917309
   -0.137117    -0.930997     0.338294
   -0.989229     0.111036   -0.0953789
   0.0512346    -0.347728    -0.936194
   -0.130405    -0.889167    -0.438608
   -0.991034     0.103913    0.0839909
   0.0291048    -0.445628     0.894745
   -0.157248    -0.899609    -0.407403
   -0.987247     0.132832    0.0877413
   0.0248167    -0.416004     0.909024
   -0.161141    -0.894637     0.416724
   -0.985982     0.127411    -0.107734
   0.0432876    -0.428242    -0.902627
   -0.163533    -0.799252     -0.57832
   -0.986346     0.120911     0.111811
   0.0194399    -0.588708     0.808112
   -0.162346    -0.869269      0.46692
   -0.986009     0.124782    -0.110522
   0.0378102    -0.478331    -0.877365
   -0.158329    -0.875183    -0.457152
   -0.987386     0.140448    0.0730923
 -0.00023676    -0.462958      0.88638
   -0.158941    -0.874723     0.457819
   -0.986951     0.128664   -0.0968113
   0.0257784    -0.467232    -0.883759
    0.193354     0.946738      0.25749
    0.960633    -0.236041      0.14652
   -0.199494    -0.219024     0.955108
    0.227352     0.955585    -0.187531
    0.947176    -0.172261     0.270526
   -0.226206      0.23913     0.944271
    -0.18574    -0.903441    -0.386388
   -0.961332    0.0857104     0.261714
    0.203326    -0.420058     0.884426
   -0.226358    -0.664061    -0.712591
   -0.947284   -0.0202243     0.319756
    0.226749    -0.747405     0.624476
    0.256492     0.966001    0.0324762
    0.936274    -0.256662     0.239824
   -0.240005    0.0311062     0.970273
   -0.191012    -0.914242    -0.357318
   -0.960536    0.0991047     0.259902
    0.202202    -0.392861     0.897092
   -0.250595    -0.897424    -0.363088
   -0.939064     0.134183     0.316469
    0.235287    -0.420269     0.876364
    -0.22753     -0.84339    -0.486748
   -0.948558    0.0789528     0.306601
    0.220154     -0.53147     0.817968
   -0.239714      0.61541    -0.750872
   -0.945067    0.0291215     0.325578
    0.222231     0.787669     0.574622
   -0.267729    -0.426671    -0.863871
   -0.932211     0.341327     0.120326
    0.243523     0.837525    -0.489131
   -0.254945    -0.664356    -0.702591
   -0.939205  -0.00269107     0.343348
    0.229996    -0.747412      0.62328
    0.262595     0.625497    -0.734709
    0.936795    -0.347723     0.038788
   -0.231213    -0.698457    -0.677273
   -0.186295    -0.845444    -0.500519
   -0.962397     0.054518      0.26612
    0.197702    -0.531274     0.823809
    0.218799     0.686558    -0.693372
    0.953754 -0.000378666     0.300589
    -0.20611     0.727075      0.65489
   -0.185525    -0.818854    -0.543193
   -0.965028    0.0476427      0.25778
    0.185205    -0.572021     0.799056
   -0.146045    -0.856986    -0.494212
   -0.973848    0.0366543     0.224223
    0.174041    -0.514034     0.839928
    0.150465     0.945951    -0.287291
    0.971675    -0.087939     0.219348
   -0.182229     0.312158     0.932389
     0.10314     0.991405   -0.0804827
    0.982157   -0.0887158     0.165824
   -0.157259    0.0961497     0.982866
  -0.0957548    -0.870082    -0.483517
   -0.983241   0.00696986     0.182177
    0.155139    -0.492858     0.856168
   -0.145899    -0.928782    -0.340702
    -0.97224    0.0709334     0.222974
    0.182927    -0.363776     0.913348
    0.100292     0.983341     0.151597
    0.983405    -0.121122     0.135071
   -0.151183    -0.135535      0.97917
   0.0453992     0.950616     0.307032
    0.990127   -0.0836203     0.112496
   -0.132615    -0.298893     0.945027
    0.047067     0.983904     0.172385
     0.99097   -0.0676842     0.115746
    -0.12555    -0.165381     0.978206
 -0.00248178    -0.972852    -0.231413
    0.994431    0.0219816    -0.103075
   -0.105363      0.23038     -0.96738
    0.146182     0.987601   -0.0572189
    0.974148    -0.133638     0.182143
   -0.172238    0.0823658     0.981606
   -0.245709    -0.497999    -0.831639
   -0.947597     0.304112    0.0978615
    0.204176     0.812104    -0.546625
   -0.247875    -0.406262    -0.879494
   -0.946251     0.296218     0.129859
    0.207765     0.864411    -0.457851
    0.224996     0.150871    -0.962608
    0.958419    -0.212244     0.190751
   -0.175529      -0.9655    -0.192352
     0.21665     0.222589    -0.950535
     0.96148    -0.217371     0.168242
   -0.169169    -0.950371    -0.261108
    0.230367     0.274746    -0.933512
    0.956691    -0.239392     0.165631
   -0.177968    -0.931239    -0.317996
   -0.193052    -0.018059    -0.981022
    -0.97153      0.14346     0.188543
    0.137332     0.989491     -0.04524
   -0.202561    -0.659906     0.723528
   -0.969339     0.240072   -0.0524162
    0.139109     0.711961     0.688302
   -0.178774    -0.437125    -0.881454
   -0.978948     0.168705     0.114885
   0.0984862     0.883437    -0.458082
   -0.178771    -0.589444     -0.78778
   -0.975425     0.210988     0.063485
    0.128791     0.779769    -0.612676
   -0.164524    -0.538124    -0.826653
   -0.981944      0.16869    0.0856183
   0.0933751     0.825813    -0.556161
   -0.150146    -0.326022    -0.933363
   -0.984617     0.134642     0.111361
   0.0893641     0.935725    -0.341223
   -0.212258    -0.487997    -0.846644
   -0.967555     0.226458     0.112043
    0.137052     0.842957    -0.520231
   -0.184846    -0.703364     0.686375
   -0.978356     0.197798   -0.0607857
    0.093009     0.682756     0.724703
   -0.196489    -0.499629     -0.84366
   -0.976653     0.175931     0.123273
   0.0868352     0.848186    -0.522533
   -0.215225    -0.500086    -0.838804
   -0.968545     0.219159     0.117855
    0.124894     0.837785    -0.531525
    0.230306     0.245007     -0.94177
    0.957523    -0.229627      0.17442
   -0.173521    -0.941936    -0.287485
   -0.221648     0.474348    -0.851978
   -0.961865    0.0372541     0.270977
    0.160277     0.879549     0.448001
   -0.234306  -0.00956362    -0.972116
   -0.951954     0.205084     0.227429
     0.19719     0.978698   -0.0571566
   -0.245019    -0.510571    -0.824186
   -0.947522     0.306159    0.0920234
    0.205348     0.803482    -0.558792
   -0.215411     0.561336    -0.799062
   -0.959459    0.0306421     0.280176
    0.181758      0.82702     0.531978
   -0.179344    -0.906939     0.381179
    -0.98171     0.139828      -0.1292
   0.0638774    -0.397379    -0.915429
   -0.175503    -0.929323     0.324896
   -0.981921     0.141466    -0.125773
   0.0709222    -0.341096    -0.937349
   -0.183385    -0.785509     0.591055
   -0.977447    0.0816486    -0.194759
    0.104726    -0.613441    -0.782766
   -0.158742    -0.931223     0.328061
    -0.98467     0.124992    -0.121664
   0.0722917    -0.342346    -0.936789
   -0.164537    -0.932171     0.322466
   -0.980359     0.118507    -0.157648
    0.108741    -0.342071    -0.933361
    0.138581     0.975558    -0.170535
    0.984368    -0.116786     0.131838
     -0.1087     0.186139     0.976492
   -0.128446    -0.919846     0.370655
   -0.989302    0.0927825    -0.112574
   0.0691602    -0.381149    -0.921923
    0.189203    -0.184756      -0.9644
    0.969649    -0.119742     0.213172
   -0.154864    -0.975462     0.156493
    0.144041    -0.687117    -0.712125
    0.978143   -0.0101955     0.207685
   -0.149964    -0.726475      0.67063
    0.206941    -0.246154    -0.946881
    0.968325   -0.0866881     0.234163
   -0.139724    -0.965346     0.220418
   -0.215733    -0.374398    -0.901823
   -0.970135     0.187069     0.154412
    0.110891     0.908202    -0.403573
    0.205793    -0.126878    -0.970336
    0.974462   -0.0644734     0.215098
   -0.089852    -0.989821     0.110369
   -0.207327    -0.286497     -0.93538
    -0.97685      0.11216     0.182166
   0.0527224     0.951493    -0.303118
    0.201557     0.111086    -0.973157
    0.976922   -0.0945075     0.191549
  -0.0706923    -0.989307    -0.127571
   -0.187853    -0.842724     0.504507
   -0.981806     0.146614    -0.120673
   0.0277258    -0.517997    -0.854933
  -0.0900073    -0.892868     0.441232
   -0.993921     0.052325   -0.0968671
   0.0634021    -0.447268     -0.89215
   -0.034841     -0.91927     0.392084
   -0.997728   0.00935865   -0.0667172
   0.0576617    -0.393517    -0.917507
  -0.0492864     -0.91251     0.406074
   -0.994891    0.0089897    -0.100552
   0.0881038    -0.408955    -0.908291
   0.0239954    -0.887689     0.459817
   -0.998323   -0.0455138   -0.0357684
   0.0526793    -0.458188    -0.887293
   0.0156104     -0.77786     0.628244
   -0.997054   -0.0593019   -0.0486502
   0.0750991    -0.625633    -0.776494
   0.0546334    -0.673879     0.736819
   -0.996238   -0.0865036  -0.00524572
   0.0672724     -0.73376     -0.67607
   0.0690182    -0.920427     0.384774
   -0.996336   -0.0831243   -0.0201276
     0.05051    -0.381975    -0.922792
  0.00634456     -0.92702    -0.374959
    0.994711    0.0442927   -0.0926746
   -0.102519     0.372388    -0.922397
   0.0522891     0.971591     0.230816
   -0.995762    0.0682365   -0.0616529
   0.0756515     0.226614    -0.971042
   0.0552634     0.991028     0.121691
    0.990722   -0.0695814     0.116742
   -0.124162    -0.114111     0.985679
    0.113458     0.985263        0.128
    0.983351    -0.129764     0.127209
   -0.141944    -0.111436     0.983582
  -0.0945549    -0.958077     0.270459
   -0.990396    0.0630034    -0.123068
    0.100868    -0.279498    -0.954833
   -0.110128    -0.603515    -0.789709
    -0.99317     0.097628    0.0638922
   0.0385378     0.791352    -0.610145
   -0.121152    -0.470271    -0.874167
   -0.991716    0.0952077    0.0862253
   0.0426781     0.877372     -0.47791
   0.0743934     0.663154    -0.744777
    0.996949   -0.0317683    0.0712955
   0.0236196    -0.747809    -0.663494
    0.077466     0.207449    -0.975174
    0.996932  -0.00515063    0.0780988
   0.0111787    -0.978232    -0.207211
  -0.0841472     -0.50891    -0.856697
   -0.996197    0.0234702    0.0839071
  -0.0225943       0.8605    -0.508949
   0.0434099    -0.904007    -0.425308
     0.99633   0.00773558    0.0852501
   0.0737766     0.427448    -0.901025
   0.0503289    -0.907245      0.41758
     0.99562      0.01259    -0.092644
   0.0787935     0.420413     0.903905
   0.0266411    -0.941555    -0.335805
    0.991706   -0.0173591      0.12735
    0.125736     0.336412    -0.933283
   0.0469238    -0.585311      0.80945
    0.996957   -0.0230608   -0.0744687
   0.0622539     0.810481     0.582447
   0.0331126    -0.693047     0.720131
    0.992936    -0.059326    -0.102751
    0.113934     0.718447     0.686187
   0.0409663    -0.239096    -0.970131
    0.994112     0.107232    0.0155508
    0.100311    -0.965057     0.242081
   0.0638646    -0.862622     0.501802
    0.994844    0.0153346    -0.100253
   0.0787858     0.505617     0.859153
    0.014616    -0.908871     -0.41682
    0.990391   -0.0441734     0.131048
    0.137518     0.414731    -0.899493
   0.0284399    -0.699469     0.714097
    0.990224   -0.0778776    -0.115719
    0.136554     0.710407     0.690416
   0.0832309     -0.76662     0.636684
    0.993628    0.0151172     -0.11169
   0.0759991     0.641924     0.762993
    0.102368     0.746236     0.657763
     0.99444   -0.0603454   -0.0863035
   0.0247098     -0.66294     0.748264
    0.130998     0.963893     0.231842
    0.991265    -0.123745   -0.0456198
   0.0152835    -0.235792     0.971683
   -0.152576     -0.51023    -0.846396
   -0.987454     0.113967     0.109301
   0.0406921     0.852453    -0.521217
   -0.135301     -0.82812     0.543978
   -0.990049     0.134438   -0.0415902
   0.0386894     0.544192     0.838068
   -0.168926    -0.780883     0.601403
   -0.985054     0.154589    -0.075965
   0.0336505     0.605247     0.795326
   0.0408997    -0.206441    -0.977604
     0.98882     0.148783    0.0099503
    0.143397    -0.967081     0.210218
  -0.0216922    -0.999532    0.0215554
   -0.987173    0.0180029    -0.158636
   -0.158174    0.0247201     0.987102
   0.0261918    -0.238132     -0.97088
    0.982128     0.187209   -0.0194222
    0.186382    -0.953019     0.238779
   0.0405657    -0.175724    -0.983603
    0.983993     0.177993   0.00878275
    0.173531    -0.968215     0.180131
  0.00319831    -0.642509     0.766271
    0.980497    -0.148564    -0.128662
    0.196507     0.751738     0.629503
  -0.0369491    -0.911308    -0.410063
   -0.976983     0.119212      -0.1769
   -0.210095    -0.394088     0.894737
  -0.0132703    -0.747958     0.663614
   -0.974192     0.159229     0.159986
    -0.22533    -0.644364    -0.730768
    0.034922     0.998975   -0.0287964
    0.970377   -0.0407865    -0.238129
     0.23906    0.0196274     0.970807
  -0.0571624     0.298846    -0.952588
   -0.978127    -0.207904  -0.00652866
   -0.199998     0.931379     0.304193
   0.0526666      0.98198    -0.181497
    0.971743   -0.0922727    -0.217257
    0.230089     0.164927     0.959092
  -0.0620274    -0.414592     0.907891
   -0.973667     0.225072    0.0362587
   -0.219373    -0.881735    -0.417635
   0.0112364    -0.389951     0.920767
   -0.971836      0.21251     0.101859
   -0.235392    -0.895979     -0.37658
 -0.00561655    -0.998722   -0.0502211
   -0.968439    0.0179474    -0.248604
   -0.249188   -0.0472397     0.967302
  -0.0273896    -0.978118     -0.20624
    0.965667   -0.0792086     0.247411
    0.258333     0.192383    -0.946706
  -0.0357414    -0.915856    -0.399913
    0.969536    -0.128812     0.208346
    0.242329     0.380283    -0.892559
  -0.0136353    -0.481673     0.876245
    0.979048    -0.184491   -0.0861801
     0.20317     0.856711     0.474097
  -0.0236382    -0.832874     0.552957
    0.978146    -0.133556     -0.15935
     0.20657     0.537107      0.81783
  -0.0051185    -0.637716     0.770255
    0.985474     -0.13397    -0.104369
    0.169749     0.758532     0.629138
  0.00572841    -0.964286      -0.2648
    0.986037   -0.0386253     0.161988
    0.166431      0.26203      -0.9506
 -0.00520464    -0.998574   -0.0531253
    0.984254    -0.014502     0.176162
    0.176681     0.051372    -0.982927
   0.0381236    -0.629721     0.775885
   -0.969301     0.165436     0.181898
   -0.242904    -0.759001    -0.604082
  0.00329739    -0.210537      0.97758
   -0.974492     0.218692    0.0503856
   -0.224397    -0.952811    -0.204445
   0.0218672    0.0334715      -0.9992
    -0.97148    -0.235323   -0.0291434
    -0.23611     0.971341    0.0273711
    0.016956    -0.805415     0.592468
    0.978782    -0.107647     -0.17435
    0.204201     0.582854     0.786501
   0.0514959    -0.566622     0.822367
    0.980102    -0.129393    -0.150526
      0.1917     0.813755     0.548684
 -0.00708781    -0.902191    -0.431278
    0.977753   -0.0966701     0.186156
     0.20964     0.420364    -0.882806
   0.0603506     0.938169    -0.340875
    0.983414    -0.114399    -0.140744
    0.171037     0.326728     0.929513
   0.0305137     0.984727     0.171411
    0.984697 -0.000176409    -0.174278
    0.171586    -0.174105     0.969663
  -0.0732822    -0.761501     0.644008
   -0.988812   -0.0286486    -0.146393
   -0.129928     0.647531     0.750881
    0.080308     0.996237   -0.0325989
    0.982623   -0.0846163      -0.1652
    0.167337    0.0187655     0.985721
    0.101962     0.255324    -0.961464
    0.985943     0.102661      0.13182
    0.132362     -0.96139    -0.241267
   -0.120923    -0.945002      0.30389
   -0.985046     0.152083    0.0809623
   -0.122726    -0.289556    -0.949261
  0.00268702    -0.871238    -0.490853
    0.983914   -0.0853756     0.156923
    0.178625     0.483378    -0.856994
   0.0364215    -0.379111     0.924634
    0.989439    -0.116219   -0.0866252
      0.1403     0.918024     0.370874
  -0.0267046    -0.921951     0.386385
    0.976824    -0.106182    -0.185849
    0.212371     0.372467      0.90342
  -0.0448049    -0.901429    -0.430603
    0.968754     -0.14446     0.201613
    0.243944     0.408115    -0.879735
  -0.0399614    -0.842512    -0.537194
    0.969474    -0.162857     0.183299
    0.241917      0.51347    -0.823301
   0.0566449     0.988086     0.143101
   -0.964034     0.016852     0.265243
   -0.259671     0.152979    -0.953503
    0.047907     0.992273    -0.114451
   -0.964114    0.0758917     0.254409
   -0.261129    -0.098156    -0.960301
   0.0532689    -0.839917    -0.540094
    -0.96582    0.0940665    -0.241543
   -0.253681    -0.534501     0.806198
   -0.157338    -0.908196     0.387847
   -0.985175     0.171539   0.00202591
  -0.0683708    -0.381778    -0.921722
    0.144672    -0.165886    -0.975475
    0.986172     0.104716      0.12845
     0.08084    -0.980569     0.178742
   -0.174292    -0.859424    -0.480638
   -0.983881     0.171824    0.0495441
  -0.0400056    -0.481526     0.875519
   -0.162905    -0.835043     0.525514
   -0.985823     0.159451   -0.0522292
  -0.0401802    -0.526572     -0.84918
   -0.165319    -0.488418    -0.856807
   -0.985621    0.0510314     0.161084
  -0.0349521     0.871117    -0.489831
    0.193835     0.938666    -0.285192
     0.98101    -0.183436    0.0630085
 -0.00682959     0.291989     0.956397
    0.197523     0.652244    -0.731821
    0.980205    -0.141693     0.138278
  -0.0135031    -0.744648    -0.667321
   -0.164417    -0.847272     0.505071
   -0.986274     0.149096   -0.0709506
  -0.0151896    -0.509804    -0.860157
    -0.18664    -0.367388    -0.911149
   -0.982153    0.0917238     0.164201
   0.0232487     0.925534     -0.37795
    0.144316     0.662803    -0.734755
    0.989216   -0.0778907     0.124032
   0.0249783    -0.744732    -0.666897
   0.0940446    -0.649431     0.754583
    0.992095  -0.00212295    -0.125473
   0.0830881     0.760418     0.644097
   -0.120563    -0.484293    -0.866559
    -0.98877   -0.0190667     0.148222
  -0.0883056     0.874698    -0.476556
   -0.159114    -0.878428     0.450607
   -0.987007     0.151878   -0.0524449
  -0.0223683    -0.453097    -0.891181
   -0.160694    -0.912151     0.377039
   -0.986017     0.165436   -0.0200077
  -0.0441259    -0.374982    -0.925981
   -0.155886    -0.831526     0.533164
   -0.986258     0.160931   -0.0373729
  -0.0547259    -0.531663    -0.845186
    -0.14141     -0.84018     0.523546
   -0.986822     0.161654  -0.00711922
   -0.078652    -0.517653    -0.851968
   -0.148706    -0.830502     0.536799
   -0.985526     0.169147   -0.0113202
  -0.0813964    -0.530713    -0.843634
   -0.127633    -0.911246     0.391587
    -0.98611     0.158899     0.048356
   -0.106287    -0.379976     -0.91887
   -0.110608    -0.876117     0.469238
   -0.988754     0.144819    0.0373245
   -0.100655    -0.459832    -0.882283
   -0.128417    -0.879884    -0.457508
   -0.986041     0.162582    -0.035911
    -0.10598     -0.44651      0.88848
  -0.0824103    -0.900583       0.4268
   -0.986145     0.135556    0.0956199
   -0.143969    -0.413007    -0.899276
  -0.0617168    -0.946888     0.315586
   -0.981625     0.114785     0.152434
   -0.180562     -0.30038    -0.936573
  -0.0593125     -0.91139     0.407248
   -0.984959     0.119756     0.124554
   -0.162287    -0.393735    -0.904785
   -0.021242      0.27695     -0.96065
   -0.977774    -0.206219   -0.0378311
   -0.208582     0.938495     0.275175
  -0.0348708    -0.969206     0.243768
   -0.983384    0.0767577     0.164511
   -0.178157    -0.233981    -0.955779
  0.00165695    -0.904077    -0.427367
    -0.97902    0.0856118    -0.184904
   -0.203755    -0.418707     0.884968
   0.0198387    -0.464688     0.885252
   -0.972795      0.19544     0.124391
   -0.230817    -0.863637    -0.448169
   -0.025199      -0.9536     0.300019
   -0.986528    0.0722474     0.146776
   -0.161642    -0.292278    -0.942574
    0.009687     -0.90725     0.420481
   -0.984901    0.0640303     0.160845
    -0.17285     -0.41569     -0.89293
  0.00184916     -0.99647   -0.0839331
   -0.987205    0.0115638    -0.159037
   -0.159447   -0.0831533     0.983698
   -0.049739    -0.965798    -0.254481
   -0.986193    0.0877884    -0.140418
   -0.157956    -0.243983     0.956829
  -0.0757053    -0.914437     0.397585
   -0.986387     0.127051     0.104394
   -0.145975     -0.38427    -0.911607
  -0.0947573    -0.923658     0.371318
   -0.983735    0.0297027    -0.177155
   -0.152601     0.382066     0.911449
    -0.11376    -0.832495     0.542228
   -0.984716     0.166929    0.0496957
   -0.131885    -0.528287    -0.838761
  -0.0980301    -0.972538     0.211091
   -0.985896     0.123816       0.1126
   -0.135644    -0.197075    -0.970959
   0.0608854    -0.639156     0.766663
    0.985783   -0.0820033    -0.146652
    0.156603     0.764692     0.625077
 -0.00158933    -0.798511     0.601978
   -0.988699    0.0914942     0.118755
   -0.149904    -0.594986    -0.789633
   -0.474421    -0.880142   -0.0166007
   -0.869567     0.465619     0.164478
    0.137035   -0.0924673     0.986241
   -0.543637    -0.460129    -0.701955
   -0.833858     0.391352     0.389261
   0.0956009     0.796947    -0.596436
   -0.514459    -0.565167    -0.644917
   -0.855435     0.390599     0.340094
   0.0596939     0.726649    -0.684411
   -0.571195    -0.447011    -0.688417
   -0.819557     0.357002     0.448192
   0.0454193     0.820202    -0.570268
   -0.587413    -0.425766    -0.688236
   -0.806842      0.37417     0.457169
   0.0628703     0.823845    -0.563318
    0.545351    -0.049237     -0.83676
    0.837578  -0.00666353     0.546277
  -0.0324728    -0.998765    0.0376059
   -0.592132     -0.51133    -0.622834
   -0.804467     0.420207     0.419833
   0.0470459     0.749645    -0.660166
        0.58     0.810163   -0.0850593
    0.813778    -0.571499     0.105618
  -0.0369563     0.130478     0.990762
    0.562371     0.774763    -0.288932
    0.823938     -0.49557     0.274839
  -0.0697492     0.392624      0.91705
     0.60516     0.773514    -0.188302
    0.793496    -0.566935     0.221244
  -0.0643801     0.283304     0.956867
   -0.569293      -0.7348    -0.368747
   -0.817234     0.456883     0.351265
   0.0896358    -0.501326     0.860603
   -0.581125    -0.640336     0.502258
    -0.80782      0.52865    -0.260683
   0.0985938     0.557224     0.824488
    0.550641    -0.333003    -0.765444
    0.834328     0.190649     0.517253
  -0.0263152    -0.923451     0.382813
   -0.556875     0.367487    -0.744878
   -0.829433      -0.1986     0.522109
   0.0439359     0.908576     0.415402
   -0.538644     0.531642     -0.65362
    -0.84179    -0.307001     0.444004
   0.0353894     0.789371     0.612896
    0.523929      0.04228    -0.850712
    0.851224   -0.0614724      0.52119
  -0.0302594    -0.997213    -0.068197
    0.514362    -0.147294    -0.844829
    0.857102    0.0556486     0.512132
  -0.0284203    -0.987526     0.154869
     0.48063    0.0804903    -0.873222
     0.87651   -0.0746779     0.475556
  -0.0269326    -0.993954    -0.106443
    -0.43608    -0.296962    -0.849499
   -0.899053     0.184901     0.396881
   0.0392145     0.936817    -0.347616
    0.482041     0.177966    -0.857884
    0.874928    -0.149439     0.460617
  -0.0462277    -0.972623    -0.227743
    -0.41498    -0.379346    -0.826975
   -0.905945     0.256192     0.337089
   0.0839907     0.889079    -0.449981
   -0.398239    -0.443377    -0.803008
   -0.916302     0.232737     0.325921
   0.0423841     0.865592    -0.498953
    -0.36748    -0.546863    -0.752263
   -0.927826     0.271235     0.256066
   0.0640073     0.792068    -0.607068
   -0.309884    -0.356587    -0.881373
    -0.94721     0.195979     0.253743
   0.0822488     0.913476    -0.398493
   -0.441687     -0.24814    -0.862171
   -0.890659     0.236833     0.388119
    0.107883     0.939328    -0.325614
    0.531603   -0.0686271    -0.844209
    0.830922    -0.150988      0.53551
   -0.164216     -0.98615   -0.0232422
     0.52687     0.794712    -0.301398
    0.838163    -0.426961     0.339393
   -0.141035     0.431437     0.891051
    0.466075     0.167086    -0.868825
    0.860998    -0.311649     0.401942
    -0.20361    -0.935392    -0.289112
   -0.478922     0.509636    -0.714776
   -0.847981   -0.0579597     0.526849
    0.227073     0.858435      0.45992
    0.449783    -0.182492    -0.874295
    0.874366    -0.109673     0.472711
   -0.182153    -0.977071     0.110236
    0.412136    0.0652643    -0.908782
    0.872505    -0.315581      0.37302
    -0.26245    -0.946651    -0.187006
    -0.38944    -0.280991    -0.877144
   -0.889541     0.361715     0.279069
     0.23886     0.888936    -0.390819
    0.355239     0.115538    -0.927608
    0.889505    -0.346855     0.297445
   -0.287379    -0.930775    -0.225988
    0.444504    -0.188305    -0.875761
    0.848348     -0.22541     0.479058
   -0.287614    -0.955893    0.0595523
    0.381651   -0.0329071     -0.92372
    0.867008    -0.333646     0.370106
   -0.320375    -0.942124   -0.0988058
   -0.409089  -0.00480295    -0.912482
   -0.844974     0.379502     0.376825
    0.344479     0.925179    -0.159308
   -0.386551     0.322984    -0.863863
   -0.900783    0.0687797     0.428788
    0.197908     0.943902     0.264351
     0.32295    0.0631201    -0.944309
      0.9137     -0.28087     0.293708
   -0.246689    -0.957668     -0.14838
   -0.311032    -0.438599    -0.843143
    -0.92773     0.332722     0.169155
    0.206341     0.834822    -0.510388
   -0.369833     0.366634      -0.8537
   -0.913447    0.0244615     0.406222
    0.169817     0.930044     0.325854
   -0.449296     0.320332    -0.833979
   -0.881943   -0.0101213     0.471248
    0.142515     0.947251     0.287062
   -0.435985     0.410579    -0.800839
   -0.891602   -0.0761038      0.44638
    0.122327     0.908644     0.399253
   -0.510612     0.322673    -0.796968
   -0.855373   -0.0965703     0.508932
   0.0872554     0.941571     0.325316
    0.519053     0.852508   -0.0617626
    0.846606    -0.502822     0.174435
   -0.117652      0.14283      0.98273
   -0.497257     0.446519    -0.743879
   -0.864473    -0.182236     0.468482
   0.0736248      0.87602     0.476622
    0.323336     0.417349    -0.849278
     0.94062    -0.239806     0.240267
   -0.103387    -0.876535    -0.470104
   -0.361725    -0.694862     0.621548
   -0.926341      0.34305    -0.155593
    0.105106     0.632047     0.767769
   -0.357598    -0.854601    -0.376537
   -0.926967     0.275868     0.254224
    0.113385    -0.439947     0.890837
   -0.422735    -0.793808    -0.437223
   -0.902327     0.323816     0.284516
   0.0842715    -0.514793     0.853162
   -0.414055    -0.622527    -0.664093
   -0.906193     0.350734      0.23622
   0.0858667     0.699604    -0.709352
    0.423328     0.861134    -0.281499
    0.900854    -0.367104     0.231728
  -0.0962091     0.351687     0.931161
    0.464333     0.826118     0.319254
    0.883895    -0.455003    -0.108176
  -0.0558953    -0.332417     0.941475
    0.481462      0.87552   -0.0407431
    0.874744    -0.477082    0.0849406
  -0.0549293    0.0765354     0.995553
   -0.508395    -0.528104    -0.680177
   -0.860602     0.339092     0.379975
   0.0299764     0.778539     -0.62688
    -0.46514    -0.802563     0.373546
   -0.883877     0.444432    -0.145744
   0.0490474      0.39796     0.916091
   -0.501491    -0.732703     0.460058
   -0.864752     0.440887    -0.240462
   0.0266463     0.518425     0.854708
   -0.490593    -0.741167     0.458246
   -0.870752     0.437068    -0.225305
   0.0332956     0.509552     0.859796
    0.487554     0.865197    -0.117155
    0.870995    -0.472689     0.133913
   -0.060483     0.167331     0.984044
    0.519817    -0.195865    -0.831521
    0.853591    0.0800882      0.51475
  -0.0342267    -0.977355      0.20882
   -0.428626    -0.903458   0.00657754
   -0.897492      0.42661     0.111862
    0.103869   -0.0420437     0.993702
    0.362695     0.920745     0.143809
     0.92023    -0.378213     0.100657
    -0.14707   -0.0958293     0.984473
    0.358035     0.900124    -0.248169
    0.924016    -0.303379     0.232712
   -0.134181     0.312632     0.940349
   -0.305489    -0.629338     -0.71457
   -0.940125     0.318458     0.121443
    0.151132     0.708885    -0.688942
    0.303112      0.27826    -0.911425
    0.935481    -0.269202     0.228924
   -0.181657     -0.92201    -0.341905
   -0.313998    -0.519721    -0.794541
   -0.940825     0.282702     0.186889
    0.127489     0.806207    -0.577734
   -0.471768    -0.550001    -0.689155
   -0.880862     0.328519     0.340818
   0.0389501     0.767838    -0.639459
    -0.47852    -0.439683    -0.760064
   -0.877134     0.279461     0.390562
   0.0406846     0.853569    -0.519388
   -0.425046    -0.356189    -0.832145
   -0.902798     0.233355      0.36125
   0.0655123     0.904806    -0.420754
    -0.41148    -0.316791    -0.854592
   -0.907553     0.228686     0.352208
   0.0838571     0.920514    -0.381605
   -0.413715    -0.553967    -0.722468
   -0.908654     0.300472     0.289939
   0.0564648     0.776425    -0.627674
   -0.316422     -0.26719    -0.910212
   -0.942748     0.195155     0.270445
    0.105373     0.943676    -0.313644
   -0.316851     -0.37412    -0.871573
    -0.94533     0.199337     0.258099
   0.0771769     0.905704    -0.416827
    0.242534    -0.492279     0.835966
    0.965396     0.207603    -0.157832
   -0.095852     0.845318     0.525595
   -0.318342    -0.488219    -0.812589
   -0.938667     0.282173     0.198199
    0.132526     0.825845    -0.548103
    0.219935    -0.434865     0.873224
    0.966864     0.216116    -0.135894
   -0.129622     0.874177     0.467987
    0.250166    -0.471203     0.845804
    0.953522     0.271454    -0.130798
   -0.167964     0.839215     0.517211
   -0.364641    -0.546464    -0.753932
   -0.928995     0.268529     0.254676
   0.0632811     0.793265     -0.60558
   -0.263738    -0.359229    -0.895208
   -0.961064     0.177193     0.212036
   0.0824547     0.916274    -0.391975
   -0.444545    -0.466465    -0.764716
   -0.894837     0.269928     0.355535
   0.0405738     0.842348    -0.537405
    0.501518    0.0659447     -0.86263
    0.864589   -0.0740062        0.497
  -0.0310655    -0.995075   -0.0941306
    0.493185     0.241385    -0.835764
    0.869247     -0.17466     0.462498
  -0.0343343    -0.954582    -0.295963
    0.397559    -0.221265    -0.890499
    0.832694    -0.320674     0.451431
   -0.385445    -0.920983    0.0567589
    0.362549    -0.075438    -0.928906
    0.860715    -0.355118     0.364774
   -0.357389    -0.931773   -0.0638171
    0.366509     0.857688    -0.360613
    0.852686    -0.154551     0.499039
   -0.372287     0.490392     0.787983
   -0.404903    -0.804077    -0.435333
    -0.81799     0.105786     0.565421
     0.40859    -0.585039      0.70056
    -0.33275    -0.617726    -0.712526
   -0.886284     0.462974    0.0125187
    0.322147     0.635665    -0.701534
    0.385227      0.89126    -0.239282
    0.844895    -0.236348     0.479888
   -0.371151     0.387033     0.844069
    0.354154     0.934709   -0.0299034
    0.881676    -0.323058      0.34392
   -0.311805     0.148166     0.938523
   -0.410698    -0.783274      -0.4667
   -0.872175     0.188291     0.451505
    0.265776    -0.592476     0.760483
   -0.419675     0.564992    -0.710393
     -0.8036     0.132613     0.580208
     0.42202      0.81437     0.398373
    0.427269     0.159021     -0.89003
     0.83267    -0.452775     0.318836
   -0.352282     -0.87733    -0.325869
    0.454257     0.180982    -0.872294
     0.79483    -0.524567     0.305081
   -0.402362    -0.831911    -0.382138
     0.32938     0.936404     -0.12106
    0.914577    -0.284552     0.287365
   -0.234642     0.205371      0.95014
   -0.388696    -0.830125     -0.39976
   -0.901323      0.25258      0.35188
    0.191133    -0.497087     0.846388
   -0.381651    -0.773106    -0.506605
   -0.919466     0.261526     0.293576
    0.094475     -0.57785     0.810657
    -0.31076    -0.796608    -0.518501
   -0.934973     0.158035     0.317569
    0.171037    -0.583473     0.793918
   -0.296685    -0.488079    -0.820827
   -0.917822     0.383151     0.103914
    0.263783     0.784203    -0.561645
    0.287638     0.342804    -0.894287
    0.936018    -0.298355     0.186693
   -0.202816    -0.890769    -0.406689
   -0.300305    -0.703552    -0.644074
   -0.915247    0.0224038      0.40227
    0.268588     -0.71029     0.650652
    -0.33003    -0.351145    -0.876229
   -0.890577     0.423581     0.165686
    0.312974     0.835031    -0.452517
   -0.282596    -0.315858    -0.905744
   -0.932294     0.312666     0.181844
    0.225759     0.895809    -0.382831
    0.474157   -0.0848131    -0.876346
    0.798328    -0.378319     0.468558
   -0.371278    -0.921782    -0.111674
     0.46324     0.178291    -0.868113
    0.838275    -0.406015     0.363931
   -0.287582    -0.896306     -0.33754
    0.505911     0.172224    -0.845218
    0.826351    -0.377785      0.41764
   -0.247383    -0.909735    -0.333442
   -0.483129   -0.0102696    -0.875489
   -0.810431     0.383658     0.442728
    0.331341     0.923418    -0.193679
    0.500932   -0.0714918    -0.862529
    0.854432    -0.117924     0.506004
   -0.137888    -0.990446   0.00201276
   -0.494509    -0.684367    -0.535819
   -0.844606     0.232829     0.482111
    0.205187    -0.690965     0.693157
   -0.505909    -0.774843    -0.379043
   -0.854826     0.391548     0.340532
    0.115446    -0.496294     0.860444
   -0.510334    -0.715951    -0.476417
   -0.853326     0.352821     0.383864
    0.106738    -0.602438     0.790997
    0.488851     0.870736    0.0533305
    0.813413    -0.477054     0.332833
   -0.315251     0.119326     0.941476
   -0.482942    -0.776163    -0.405385
   -0.853271     0.313132     0.416985
     0.19671    -0.547283     0.813503
    0.457209     0.881725     0.116276
    0.834256    -0.470505     0.287477
   -0.308184    0.0344334     0.950703
   -0.494285    -0.698746    -0.517142
   -0.868448     0.370588     0.329337
   0.0384763    -0.611898     0.790001
   -0.499815    -0.783764    -0.368645
   -0.866131     0.452757     0.211725
 -0.00096426    -0.425118     0.905137
   -0.473952    -0.748049    -0.464535
   -0.875285     0.457831     0.155775
  -0.0961515    -0.480431     0.871746
   -0.494867    -0.715361     -0.49332
   -0.865184     0.458541     0.202968
  -0.0810124    -0.527255     0.845836
   -0.494369     0.519714    -0.696776
   -0.867246    -0.240471     0.435956
   0.0590181     0.819799     0.569602
   -0.468642    -0.704478    -0.532998
   -0.882836      0.39482     0.254395
  -0.0312228     -0.58977     0.806968
    0.428957     0.877743    -0.213456
     0.89397    -0.378571     0.239797
   -0.129672     0.293686     0.947066
   -0.441265    -0.396653    -0.804954
   -0.876229     0.384039     0.291096
     0.19367     0.833775    -0.517022
    0.417317     0.906953    0.0573045
    0.908087    -0.418605    0.0121268
  -0.0349864   -0.0469768     0.998283
    0.462001    -0.619409    -0.634735
    0.845818     0.522977     0.105292
    0.266733    -0.585515     0.765523
   -0.463429     0.342841    -0.817125
   -0.844243    -0.450993     0.289585
   -0.269236     0.824054     0.498445
   -0.447154    -0.636785    -0.628138
    -0.85318     0.514519    0.0857534
   -0.268583     -0.57426     0.773362
   -0.448714     -0.68279    -0.576588
   -0.856975     0.511745    0.0609137
   -0.253475    -0.521454     0.814761
   -0.472276     0.447828    -0.759214
   -0.842172    -0.483506     0.238681
   -0.260196     0.752112     0.605497
    -0.44637    -0.770694    -0.454735
   -0.871128     0.490477    0.0238322
    -0.20467    -0.406771     0.890308
    0.431989     0.848563    -0.305493
    0.880615    -0.469989   -0.0602256
    0.194684     0.243005     0.950288
   -0.416892    -0.787637    -0.453684
   -0.897583      0.43544     0.068827
   -0.143342    -0.435912     0.888501
   -0.375915    -0.820375    -0.430898
   -0.924368     0.364626     0.112216
  -0.0650578    -0.440492     0.895396
   -0.458293     0.459314    -0.760919
   -0.864924     -0.42758     0.262833
   -0.204631     0.778592     0.593229
    0.392556     0.871334    -0.294409
    0.911432    -0.411444  -0.00243536
    0.123255     0.267378     0.955676
   -0.408676     0.540218    -0.735628
   -0.903457    -0.353747     0.242134
   -0.129421     0.763562     0.632632
   -0.428916    -0.799159    -0.421161
   -0.901091     0.411413     0.137022
   -0.063769    -0.438275     0.896576
   -0.375802     -0.82964    -0.412881
   -0.926571     0.328957     0.182357
   0.0154702    -0.451094     0.892343
   -0.461872    -0.760425     -0.45654
   -0.879722     0.458325     0.126599
   -0.112975    -0.460101      0.88065
   -0.461463     0.357395    -0.811986
   -0.872843    -0.346665     0.343464
   -0.158735     0.867232     0.471923
   -0.452938     0.515732    -0.727233
   -0.861022    -0.464645     0.206752
   -0.231276     0.719809     0.654512
   -0.442391    -0.658022    -0.609342
   -0.865556     0.491119    0.0980513
    -0.23474    -0.570797     0.786822
   -0.462063    -0.728631    -0.505564
   -0.868465     0.487227    0.0915342
    -0.17963    -0.481359      0.85792
   -0.439582     0.487945    -0.754107
   -0.856828     -0.47968     0.189084
   -0.269467     0.729258     0.628944
    0.376538     0.871396     0.314466
    0.924029    -0.328998    -0.194758
   0.0662531    -0.363909     0.929075
    0.341621     0.105606    -0.933886
     0.93941  -0.00839465     0.342693
   0.0283509    -0.994373    -0.102075
   -0.313247    -0.579017    -0.752739
   -0.948814     0.224495     0.222158
   0.0403529     0.783799    -0.619702
    0.338332    0.0954728    -0.936171
    0.940856   -0.0532969      0.33459
  -0.0179508    -0.994004    -0.107858
    0.292021     0.203704    -0.934467
    0.952457    -0.150699     0.264792
  -0.0868836    -0.967365    -0.238027
   -0.293852    -0.410067    -0.863421
    -0.95015     0.223818      0.21707
    0.104236     0.884167    -0.455395
    -0.27985    -0.600127    -0.749354
   -0.949404     0.288879     0.123208
    0.142532      0.74592    -0.650606
   -0.315702    -0.648031     0.693101
   -0.945826     0.273278    -0.175308
   0.0758045     0.710897     0.699198
    0.276082     0.258475    -0.925726
    0.943992    -0.254018     0.210604
   -0.180715    -0.932022    -0.314128
   -0.283684     -0.51049    -0.811741
   -0.947312       0.2805     0.154661
     0.14874     0.812847    -0.563167
    0.321848     0.944317    0.0684126
    0.942785    -0.326289    0.0685034
  -0.0870111   -0.0424507     0.995302
      0.3322     0.866439     -0.37273
    0.943166    -0.301372     0.140047
 -0.00901151     0.398069     0.917311
   -0.678483    -0.394898    -0.619449
   -0.552234     0.830256    0.0755752
    0.484457     0.393357    -0.781391
    -0.68729    -0.261244    -0.677779
   -0.546904     0.800191     0.246152
    0.478047     0.539857    -0.692839
   -0.685502    -0.255216    -0.681874
   -0.603728     0.722719     0.336436
     0.40694     0.642294    -0.649506
   -0.694399    -0.423053    -0.582096
   -0.609742     0.775497     0.163767
    0.382132     0.468648    -0.796457
   -0.698651    -0.357924    -0.619497
   -0.565266     0.806932     0.171273
    0.438589     0.469841    -0.766087
   -0.676722    -0.628664     0.383184
   -0.662385     0.747077     0.055873
    0.321393     0.216005     0.921981
   -0.688958    -0.554299        0.467
   -0.617277     0.786416    0.0227661
    0.379875     0.272583     0.883964
    -0.67594    -0.502125    -0.539422
   -0.663928     0.732596     0.150014
