   -0.097784    -0.855627     0.508272
   -0.982232  0.000769864    -0.187671
    0.160185    -0.517592    -0.840499
   -0.105372     -0.91233     0.395665
   -0.984871    0.0406996    -0.168441
     0.13757    -0.407428    -0.902816
   -0.113368    -0.857137     0.502458
   -0.987058    0.0394343    -0.155437
    0.113416    -0.513577    -0.850515
   -0.111446    -0.874183     0.472635
   -0.988869    0.0503715    -0.140005
   0.0985823    -0.482977    -0.870066
   -0.115196    -0.889386     0.442406
   -0.990174    0.0672643    -0.122602
   0.0792826    -0.452182    -0.888395
   -0.120773    -0.830457     0.543833
   -0.990298    0.0628612    -0.123931
   0.0687335    -0.553524    -0.829992
   -0.116703    -0.890624      0.43951
   -0.991827    0.0815301   -0.0981457
   0.0515777    -0.447372     -0.89286
   -0.113363    -0.861284     0.495317
   -0.991545    0.0663845    -0.111501
   0.0631526    -0.503769    -0.861527
   -0.105702    -0.830582     0.546774
   -0.993669    0.0671765     -0.09005
   0.0380635     -0.55283    -0.832424
  -0.0996135    -0.902214     0.419627
   -0.993865    0.0698481   -0.0857533
   0.0480578    -0.425595    -0.903637
  -0.0883489     -0.81619     0.570989
   -0.995813    0.0588632   -0.0699409
   0.0234748    -0.574778    -0.817973
  -0.0783808    -0.881456     0.465716
   -0.996418    0.0543922   -0.0647513
   0.0317441    -0.469123    -0.882562
     0.13862     0.985016    -0.102609
    0.971278    -0.114986      0.20832
     -0.1934     0.128539     0.972664
    0.148937     0.960633    -0.234524
    0.970357   -0.0963332     0.221645
   -0.190327     0.260583     0.946505
    0.138651     0.961752    -0.236241
     0.97373   -0.0888818     0.209642
   -0.180626     0.259102      0.94881
    0.147505     0.948268    -0.281122
    0.973108   -0.0882966     0.212753
   -0.176925     0.304944     0.935792
    0.156811     0.953298    -0.258134
    0.969966    -0.099445     0.221982
   -0.185945      0.28519     0.940261
    0.138206     0.939987    -0.311968
    0.976244   -0.0762224     0.202824
   -0.166873     0.332588     0.928191
    0.153016     0.937719     -0.31188
     0.97349   -0.0887382     0.210813
   -0.170008      0.33587     0.926439
    -0.14513    -0.909877    -0.388667
   -0.976262    0.0678571     0.205687
    0.160776    -0.409292     0.898126
   -0.148937    -0.821575    -0.550302
   -0.977182    0.0370556     0.209147
    0.151438    -0.568895     0.808347
   -0.159858    -0.824235    -0.543214
   -0.970981    0.0321318     0.236987
    0.177878    -0.565335     0.805454
   -0.154675    -0.823309    -0.546112
      -0.975    0.0379467     0.218941
    0.159533    -0.566324     0.808595
   -0.161172    -0.896014    -0.413742
   -0.972273    0.0721802     0.222431
    0.169437     -0.43812     0.882803
   -0.137706    -0.931162    -0.337601
   -0.979119    0.0765147     0.188337
    0.149541    -0.356487     0.922255
   -0.141603    -0.898832    -0.414789
   -0.979881    0.0677344     0.187739
    0.140651    -0.433028     0.890339
   -0.136325    -0.908916     0.394065
   -0.982617    0.0734619    -0.170492
    0.126014    -0.410458    -0.903131
    -0.13193    -0.930387     0.342016
   -0.982181     0.076106    -0.171838
    0.133846    -0.358592    -0.923849
   -0.128893    -0.868405    -0.478811
   -0.979335    0.0355846     0.199092
    0.155854    -0.494578     0.855045
   -0.127501     -0.91488     0.383064
   -0.981685    0.0612829    -0.180385
    0.141556    -0.399048    -0.905938
    -0.11987    -0.870496    -0.477355
   -0.979808    0.0262275     0.198215
    0.160025    -0.491476     0.856063
    0.129059     0.962586    -0.238269
    0.976884   -0.0821218     0.197368
   -0.170416     0.258233     0.950933
   -0.119149    -0.992438    0.0295162
   -0.977699     0.122453     0.170614
    0.172938   0.00852959     0.984896
   -0.119179    -0.892979     0.434034
   -0.981715    0.0406304    -0.185971
    0.148433    -0.448261    -0.881493
    0.111865     0.982287      0.15033
    0.980182     -0.13396     0.145939
   -0.163492    -0.131026     0.977805
   -0.109951    -0.823029     0.557255
   -0.981442   0.00127958    -0.191756
    0.157108    -0.567997    -0.807896
    0.128371     0.990918   -0.0400213
    0.974681    -0.118612     0.189549
    -0.18308    0.0633406     0.981055
   -0.156901    -0.898866    -0.409172
   -0.975864     0.077384     0.204208
    0.151892    -0.431336     0.889313
   -0.152807    -0.834213    -0.529847
   -0.977938    0.0503689     0.202732
    0.142434    -0.549137     0.823506
   -0.151027    -0.906671    -0.393876
   -0.980061    0.0852909      0.17946
    0.129117    -0.413125     0.901474
   -0.151282    -0.860713    -0.486093
   -0.979244    0.0633895     0.192517
    0.134889    -0.505128     0.852438
   -0.147621    -0.832216    -0.534439
   -0.981729    0.0576955     0.181328
    0.120069    -0.551442     0.825527
   -0.139031     0.608531    -0.781256
   -0.985279  -0.00575189     0.170858
   0.0994789      0.79351     0.600372
   -0.141005    -0.840172    -0.523669
   -0.985172    0.0668566     0.158007
   0.0977427    -0.538184     0.837141
   -0.126917    -0.819655     0.558621
    -0.98974     0.141911   -0.0166427
    0.065633     0.555002     0.829256
   -0.137709    -0.784541    -0.604592
   -0.985203     0.045616     0.165209
    0.102034    -0.618397     0.779214
   -0.124636    -0.928903     0.348719
   -0.989851     0.140591    0.0207171
    0.068271     0.342598     0.936998
   -0.121299    -0.694732     0.708967
   -0.990165     0.134853   -0.0372647
   0.0697172     0.706514     0.704257
    0.142398     0.966949     0.211499
    0.985689    -0.158008    0.0587487
  -0.0902256    -0.200107     0.975611
    0.128668     0.304654    -0.943732
    0.989812   -0.0979626     0.103327
  -0.0609716    -0.947412    -0.314155
   -0.130342     0.555091    -0.821514
   -0.990099   -0.0293239     0.137276
   0.0521106     0.831272     0.553417
    0.140024     0.971425     -0.19164
    0.986539    -0.120364     0.110696
  -0.0844665     0.204561     0.975203
   -0.143341    -0.845043    -0.515126
   -0.983862    0.0653503     0.166569
    0.107095    -0.530689     0.840773
   -0.139938    -0.860911    -0.489131
   -0.985263    0.0719986     0.155155
    0.098358    -0.503634       0.8583
   -0.144703    -0.884559    -0.443415
    -0.98134      0.07095     0.178712
    0.126621    -0.461001     0.878319
    -0.14862    -0.780433     -0.60732
   -0.979519    0.0318113     0.198823
    0.135848     -0.62443     0.769176
   -0.138865    -0.872132     0.469151
   -0.983676    0.0667263    -0.167119
    0.114445    -0.484699    -0.867161
   -0.103105    -0.882585     0.458707
   -0.993364    0.0677362   -0.0929521
    0.050967    -0.465247    -0.883712
   -0.114333    -0.877592     0.465575
   -0.991099    0.0685883    -0.114101
   0.0682007    -0.474477    -0.877622
   -0.125356    -0.923099     0.363557
   -0.989041    0.0874669    -0.118941
    0.077995    -0.374482    -0.923948
   -0.122602    -0.887678     0.443843
    -0.98882    0.0710081    -0.131124
   0.0848797    -0.454956    -0.886459
   -0.129715     -0.90459     0.406067
   -0.987182    0.0794134    -0.138441
    0.092985     -0.41882    -0.903296
   -0.127054    -0.876893      0.46359
   -0.986237    0.0618292    -0.153342
    0.105801    -0.476692     -0.87268
   -0.120628    -0.890883     0.437923
   -0.987616    0.0631236    -0.143629
    0.100313    -0.449826    -0.887465
   -0.135297     -0.91119     0.389137
   -0.985848    0.0845638    -0.144752
   0.0989901    -0.403214    -0.909736
   -0.133139    -0.919836     0.369019
   -0.984795    0.0808586    -0.153755
    0.111591    -0.383879    -0.916616
   -0.131519    -0.871979     0.471546
    -0.98771    0.0747462    -0.137263
   0.0844444    -0.483804    -0.871093
   -0.127251    -0.899822     0.417285
   -0.989778    0.0878845     -0.11232
   0.0643953    -0.427313    -0.901808
   -0.116803     -0.90915     0.399755
   -0.991106    0.0808589    -0.105693
   0.0637666    -0.408545    -0.910508
  -0.0988155    -0.909668     0.403411
   -0.994357    0.0745383   -0.0754883
   0.0385997    -0.408594      -0.9119
   -0.121637    -0.937178      0.32696
   -0.991781      0.10159   -0.0777769
   0.0396749    -0.333733    -0.941832
    -0.09204     -0.92511     0.368375
   -0.994979    0.0708408   -0.0706951
   0.0393048    -0.373032    -0.926985
   -0.124504    -0.888693     0.441274
   -0.985894    0.0606653    -0.155991
    0.111858    -0.454471     -0.88371
   -0.122071    -0.849214     0.513745
   -0.984187    0.0366297    -0.173305
    0.128355    -0.526777    -0.840257
   -0.124964    -0.859158     0.496218
   -0.984235     0.044256    -0.171237
    0.125159    -0.509794    -0.851144
   -0.112136    -0.873816     0.473149
   -0.982301     0.025586    -0.185553
    0.150033    -0.485582     -0.86122
   -0.114444    -0.872265     0.475454
   -0.983496    0.0319693    -0.178082
    0.140134    -0.487987    -0.861528
   -0.104611    -0.879758     0.463771
   -0.981881    0.0172756    -0.188709
    0.158006    -0.475109    -0.865625
     -0.1044    -0.870921     0.480205
   -0.979248   0.00568416    -0.202586
    0.173707     -0.49139    -0.853441
   -0.120715    -0.834648     0.537392
   -0.982888    0.0246202    -0.182549
    0.139134    -0.550233    -0.823338
   -0.113433    -0.870085     0.479671
   -0.981945    0.0246163    -0.187559
    0.151385    -0.492286    -0.857168
   -0.124984    -0.876417     0.465051
   -0.983641    0.0481696    -0.173578
    0.129726    -0.479138      -0.8681
   -0.130097    -0.878231     0.460201
   -0.983889    0.0569442    -0.169471
    0.122629    -0.474834     -0.87149
   -0.130709    -0.851188     0.508326
   -0.985016    0.0533087    -0.164019
    0.112513    -0.522147    -0.845401
   -0.103023    -0.887887     0.448379
   -0.993939     0.109284    -0.011968
   0.0383745     0.446894     0.893763
   -0.105644    -0.865253     0.490079
   -0.993712      0.11024   -0.0195774
   0.0370868     0.489065     0.871458
  -0.0852481    -0.866411     0.492001
   -0.996356    0.0755666   -0.0395644
   0.0028998      0.49358     0.869695
  -0.0810375    -0.786012     0.612877
   -0.996689    0.0679735   -0.0446113
  0.00659439     0.614463     0.788918
   0.0879424    -0.154768    -0.984029
    0.996124     0.015413    0.0865991
  0.00176403    -0.987831     0.155524
   0.0590394    -0.641641      0.76473
    0.997588   0.00990951   -0.0687022
    0.036504     0.766941     0.640678
  -0.0659598    -0.556151     -0.82846
   -0.997198   0.00737773    0.0744416
  -0.0352886     0.831049    -0.555079
  -0.0468908    -0.357753    -0.932638
   -0.996651   -0.0458578    0.0676999
  -0.0669886     0.932689    -0.354405
   0.0580428    -0.679995     0.730916
    0.997904    0.0185419   -0.0619945
   0.0286033     0.732982     0.679646
  -0.0458792    -0.333598    -0.941598
   -0.996695   -0.0479654    0.0655574
   -0.067034     0.941494    -0.330295
   0.0422369    -0.315321     0.948045
    0.997177   -0.0456554   -0.0596109
   0.0620799     0.947886     0.312502
   0.0689192     0.687743    -0.722675
    0.997019   -0.0223024    0.0738581
    0.034678    -0.725612     -0.68723
   0.0563461     0.254936    -0.965315
    0.996426    0.0465884    0.0704659
   0.0629368    -0.965835    -0.251399
   0.0620495    -0.658911     0.749657
    0.995966  -0.00790402   -0.0893838
   0.0648213     0.752179     0.655762
  -0.0787835    -0.996594    0.0243618
   -0.996132    0.0777457   -0.0409568
  -0.0389232    0.0274943     0.998864
  -0.0878457    -0.776473     0.623997
   -0.996094    0.0628513   -0.0620198
 -0.00893761     0.627008     0.778961
    0.094521     0.988825     0.115289
    0.995488   -0.0929157   -0.0192318
  0.00830469    -0.116587     0.993146
   -0.114919    -0.831396     0.543667
   -0.992954     0.112071   -0.0385056
    0.028916     0.544261     0.838417
    -0.10894    -0.798149     0.592528
   -0.993424      0.10854   -0.0364417
   0.0352271     0.592602     0.804725
       0.119     0.313681    -0.942042
    0.992608   -0.0603702     0.105286
  -0.0238451    -0.947607    -0.318546
   0.0168312    -0.372198     0.928001
    0.994959   -0.0855323   -0.0523505
   0.0988588     0.924204     0.368882
  -0.0252502    -0.872166     0.488559
   -0.995238   -0.0240957    -0.094452
    -0.09415     0.488617     0.867404
  0.00412984    -0.360764     0.932648
    0.991593    -0.119144   -0.0504778
     0.12933     0.925016     0.357239
   -0.002759    -0.251367     0.967888
    0.991493    -0.126641   -0.0300633
    0.130132     0.959571     0.249578
    0.007823    -0.804785    -0.593515
    0.990908   -0.0734823       0.1127
    0.134312     0.589001    -0.796893
   0.0156882   -0.0305722    -0.999409
   -0.986072    -0.165991   -0.0104012
   -0.165574     0.985653   -0.0327505
 -0.00903747    -0.944758    -0.327645
    0.986297   -0.0624008     0.152726
    0.164735     0.321775    -0.932375
  -0.0316231    -0.369222    -0.928803
    0.980374     0.169463    -0.100744
    0.194594     -0.91376     0.356617
  -0.0207624    -0.800901    -0.598436
    0.986408    -0.113994     0.118338
    0.162995     0.587846    -0.792383
   0.0390491     0.313601    -0.948752
   -0.979216    -0.177103   -0.0988428
   -0.199024     0.932893     0.300167
   0.0441745    -0.427284     0.903038
   -0.979099     0.161114     0.124128
    -0.19853    -0.889647    -0.411236
 -0.00912971    -0.682759     0.730587
    0.985791    -0.128697    -0.107953
     0.16773      0.71922     0.674232
   0.0243481    -0.480875     0.876451
   -0.980939     0.157576     0.113707
   -0.192787    -0.862513    -0.467872
   0.0229066    -0.477571     0.878295
   -0.981077     0.158209     0.111613
   -0.192257    -0.864232     -0.46491
  0.00501857     -0.13383    -0.990992
   -0.986124    -0.165108    0.0173033
   -0.165936     0.977154    -0.132802
  0.00897844    -0.465116     0.885204
    0.990233    -0.119035    -0.072589
    0.139133      0.87721     0.459505
   0.0130611    -0.711458     0.702607
    0.990519   -0.0868941    -0.106402
    0.136753     0.697336     0.703578
   0.0322273    -0.642269     0.765801
     0.99459   -0.0550971   -0.0880648
   0.0987547     0.764496     0.637019
   0.0286879    -0.690759     0.722516
    0.995411    -0.046271   -0.0837606
   0.0912899     0.721604     0.686261
   0.0396177    -0.526334     0.849355
    0.994204   -0.0642595   -0.0861948
   0.0999463     0.847846     0.520737
   0.0186806    -0.902201     0.430911
   -0.985947     0.054938     0.157766
    -0.16601    -0.427803    -0.888496
   0.0020287    -0.944784     0.327688
   -0.989778    0.0448313     0.135384
     -0.1426    -0.324613    -0.935036
 -0.00154672     -0.95596    -0.293493
   -0.987761    0.0472352    -0.148648
   -0.155965    -0.289671     0.944333
  -0.0199882    -0.916053     0.400559
   -0.991889     0.068469     0.107088
   -0.125524     -0.39517    -0.909991
  -0.0161322    -0.970221    -0.241685
    -0.99347     0.042859     -0.10574
    -0.11295    -0.238401     0.964576
  -0.0216614    0.0239879    -0.999478
   -0.990363    -0.137295    0.0181688
   -0.136788      0.99024    0.0267307
  -0.0391426    -0.930589     0.363966
    -0.99478    0.0706439    0.0736393
  -0.0942399    -0.359184    -0.928497
   0.0414336     0.998261   -0.0419269
     0.99412   -0.0453908   -0.0983116
    0.100044     0.037607     0.994272
  -0.0612223    -0.969324    -0.238041
   -0.995639    0.0761251   -0.0539174
  -0.0703843    -0.233702     0.969757
  -0.0241669    -0.940147     0.339911
   -0.995459    0.0539466     0.078434
  -0.0920766    -0.336472    -0.937181
  -0.0474875    -0.915559      0.39937
   -0.996587    0.0704546    0.0430176
  -0.0675226    -0.395964     -0.91578
  -0.0300945    -0.930117     0.366028
   -0.997771     0.049777     0.044453
  -0.0595663    -0.363874    -0.929541
   0.0430023    -0.879701     -0.47358
    0.994285   -0.0086791     0.106406
   0.0977153     0.475449      -0.8743
   0.0625753    -0.867862     0.492848
    0.995727     0.020688   -0.0899944
   0.0679067     0.496374     0.865449
   0.0189436    -0.554742     0.831807
    0.990532    -0.102727   -0.0910686
    0.135969     0.825657     0.547543
  0.00257197    -0.373306     0.927705
   -0.986237     0.152418    0.0640668
   -0.165315    -0.915102    -0.367777
 0.000549519    -0.875506    -0.483207
   -0.986403    0.0789377    -0.144146
   -0.164344    -0.476716     0.863558
    0.019574     0.228529     -0.97334
   -0.982602     -0.17544   -0.0609516
   -0.184692     0.957599     0.221119
   0.0222022     0.223748    -0.974394
   -0.981692    -0.179545   -0.0635968
   -0.189177     0.957967     0.215665
   0.0165268    -0.960259    -0.278619
   -0.983526    0.0345556    -0.177435
   -0.180012    -0.276962     0.943869
  -0.0522516    -0.945008     0.322847
   -0.998089    0.0600989    0.0143788
  -0.0329908    -0.321479    -0.946342
  -0.0592576    -0.902546     0.426497
   -0.997671    0.0679999   0.00528344
  -0.0337703    -0.425191    -0.904473
  -0.0753655    -0.911886     0.403465
    -0.99714    0.0712264     -0.02528
 -0.00568494    -0.404216    -0.914646
  -0.0618248    -0.920053     0.386885
   -0.997955    0.0632931   -0.0089573
   -0.016246    -0.386648    -0.922084
  -0.0977881    -0.954068     0.283182
   -0.995183    0.0957403   -0.0210969
 -0.00698412    -0.283881    -0.958834
  -0.0833825    -0.902477     0.422591
   -0.996378    0.0684068   -0.0505098
   0.0166758    -0.425272    -0.904912
  -0.0982352    -0.917795      0.38471
   -0.995006    0.0837146   -0.0543571
   0.0176828    -0.388129    -0.921435
  -0.0743455    -0.907826     0.412703
   -0.997151    0.0623879   -0.0423945
   0.0127392    -0.414679    -0.909878
   -0.114791    -0.926593    -0.358117
   -0.993196    0.0999341    0.0597907
   0.0196136    -0.362544      0.93176
   -0.100314    -0.770321    -0.629717
   -0.994919    0.0831133    0.0568194
 -0.00856866    -0.632217     0.774744
   -0.076107    -0.878355    -0.471911
   -0.996303     0.085905  0.000785235
  -0.0398498    -0.470226     0.881646
  -0.0774343    -0.965159    -0.249943
   -0.996092    0.0855743   -0.0218497
  -0.0424771    -0.247275     0.968014
  -0.0731373    -0.877277      0.47438
    -0.99732    0.0634416    -0.036438
  0.00187081    -0.475774    -0.879566
  -0.0647633    -0.927603     0.367911
   -0.997744    0.0667202  -0.00741296
  -0.0176708    -0.367561    -0.929832
  -0.0652582    -0.750816      0.65728
   -0.997389    0.0694879   -0.0196496
  -0.0309198    -0.656847     -0.75339
  -0.0419633    -0.890378     0.453283
   -0.998087    0.0579778    0.0214858
  -0.0454109    -0.451514    -0.891108
  -0.0551679    -0.963256    -0.262857
   -0.997601    0.0642026      -0.0259
  -0.0418244    -0.260797     0.964487
  -0.0296006    -0.907512     0.418981
   -0.997636    0.0528297    0.0439469
   -0.062017     -0.41669    -0.906931
   -0.022834    -0.925797     0.377331
   -0.997872    0.0441653    0.0479756
  -0.0610806    -0.375432    -0.924835
  -0.0371201    -0.679649     0.732598
   -0.997551    0.0686908    0.0131811
  -0.0592813    -0.730314    -0.680534
  -0.0174967    -0.929516     0.368367
   -0.996526    0.0462155    0.0692846
  -0.0814254    -0.365875    -0.927095
 -0.00187398    -0.944787      0.32768
    -0.99375    0.0383342     0.104844
   -0.111617    -0.325436    -0.938953
 -0.00355505    -0.917101     0.398638
   -0.994512     0.044924    0.0944826
   -0.104559    -0.396115    -0.912228
  0.00736678    -0.950295     0.311263
     -0.9912    0.0342022     0.127879
   -0.132169    -0.309466     -0.94168
   0.0132269    -0.936691     0.349906
   -0.991888    0.0319539     0.123035
   -0.126426    -0.348695     -0.92867
   0.0325498    -0.965482     0.258429
   -0.988612   0.00690932     0.150331
   -0.146927    -0.260379    -0.954261
   0.0249418    -0.945875     0.323571
   -0.987752    0.0265516     0.153755
   -0.154025    -0.323443    -0.933628
   0.0186445    -0.931413     0.363487
   -0.992435    0.0268835     0.119793
   -0.121348     -0.36297    -0.923865
   0.0367264    -0.943099     0.330478
   -0.989987     0.010767     0.140744
   -0.136294    -0.332338     -0.93326
   0.0401502    -0.973563    -0.224861
   -0.990227  -0.00868866    -0.139192
   -0.133559    -0.228252     0.964398
  0.00682043     -0.99738   -0.0720126
   -0.992942    0.0017723     -0.11859
   -0.118407   -0.0723131     0.990329
 -0.00967536    -0.944354    -0.328788
   -0.995332    0.0406708   -0.0875257
  -0.0960273    -0.326406     0.940339
   0.0169003    -0.981799     -0.18917
    0.993933  -0.00406809      0.10991
    0.108679      0.18988    -0.975774
  -0.0236442    -0.924371      0.38076
    -0.99612    0.0540781     0.069429
   -0.084769    -0.377641    -0.922064
  -0.0215053    -0.967947    -0.250231
   -0.996401    0.0412779   -0.0740391
  -0.0819949    -0.247738     0.965351
 -0.00339162    -0.995883   -0.0905792
    0.992757   -0.0142315     0.119297
    0.120095    0.0895185    -0.988718
   0.0312182      0.99199    -0.122399
   -0.991241    0.0464491     0.123631
   -0.128326    -0.117467    -0.984751
    0.463705     0.864759    -0.192794
    0.876613    -0.416228     0.241463
   -0.128561     0.280973     0.951066
    0.495084   -0.0580849    -0.866902
    0.861557   -0.0961454     0.498473
   -0.112302    -0.993671   0.00244346
    0.476944   -0.0880356    -0.874514
    0.874511   -0.0521562     0.482193
  -0.0880615    -0.994751    0.0521126
    0.507024     0.199492    -0.838529
    0.857635     -0.21379     0.467714
   -0.085964    -0.956293    -0.279488
    0.525026      0.17892    -0.832067
    0.842814    -0.245279     0.479064
   -0.118375    -0.952799    -0.279574
    0.483854     0.799156    -0.356701
    0.872832    -0.411034     0.263087
   -0.063631     0.438636     0.896409
    0.520693    -0.359861    -0.774195
    0.848905     0.121825     0.514314
  -0.0907655    -0.925018     0.368921
      -0.503     0.466748    -0.727418
   -0.861526    -0.203566     0.465117
   0.0690147     0.860644     0.504509
   -0.510397     0.530979    -0.676429
   -0.856496    -0.243572     0.455068
    0.076872     0.811624       0.5791
   -0.543238     0.318308    -0.776899
   -0.831279   -0.0741268     0.550891
    0.117764     0.945085     0.304871
    0.531212   -0.0531874    -0.845568
    0.840882   -0.0889287     0.533862
    -0.10359    -0.994617  -0.00251566
   -0.555681     0.508421    -0.657819
   -0.821551    -0.214391      0.52829
    0.127563     0.833993     0.536827
   -0.482464     0.401343    -0.778557
    -0.87408    -0.163093     0.457585
   0.0566718      0.90129     0.429493
   -0.493351    -0.671918    -0.552387
   -0.867481     0.333427     0.369193
   0.0638866    -0.661327     0.747372
   -0.474987    -0.710939     0.518607
   -0.878427     0.418198    -0.231251
    0.052475       0.5654     0.823146
     0.46542     0.816205     0.342335
    0.883897     -0.44869    -0.131917
  -0.0459306    -0.363986     0.930271
      0.4685    -0.323306    -0.822181
    0.882013     0.117854      0.45625
  -0.0506113    -0.938927     0.340374
   -0.445963    -0.484995    -0.752261
   -0.893894     0.284073      0.34678
   0.0455103     0.827093     -0.56022
    0.438897    -0.336607    -0.833106
    0.896556     0.102511     0.430905
  -0.0596429    -0.936049     0.346779
   -0.457951    -0.671308    -0.582775
   -0.886298     0.293919     0.357892
   0.0689673    -0.680409      0.72958
   -0.423877     0.634676    -0.646154
   -0.901919    -0.230492     0.365261
    0.082889     0.737604     0.670127
    0.411814   -0.0804584    -0.907709
    0.909681   -0.0224634       0.4147
  -0.0537563    -0.996505    0.0639408
   -0.400405     0.486549    -0.776496
   -0.913902    -0.150284     0.377092
   0.0667781     0.860631     0.504832
   -0.372959     0.188674    -0.908462
   -0.925533  -0.00653621      0.37861
   0.0654961     0.982018     0.177062
     0.44331     0.217767    -0.869514
    0.891582    -0.207238     0.402659
  -0.0925101    -0.953745    -0.286028
   -0.558262    0.0201016    -0.829421
   -0.817502     0.157225     0.554049
    0.141543     0.987358   -0.0713394
    0.535744    0.0485126    -0.842986
    0.836545    -0.166184     0.522087
   -0.114763    -0.984901    -0.129615
   -0.530662     0.349017    -0.772389
   -0.837738   -0.0774782     0.540549
    0.128817     0.933908       0.3335
    0.554358    -0.295783    -0.777946
    0.817831    0.0201867     0.575105
   -0.154402    -0.955042     0.253091
    0.511812    -0.324228    -0.795565
    0.852497    0.0771055     0.517014
   -0.106288    -0.942831     0.315867
    -0.52532     0.519897    -0.673606
   -0.837719    -0.177171     0.516563
    0.149217     0.835654     0.528599
    -0.50339    -0.663767    -0.553183
   -0.854987      0.29011     0.429924
    0.124885    -0.689383      0.71355
   -0.493843    -0.733065     -0.46769
   -0.857325     0.320602      0.40275
      0.1453    -0.599858     0.786803
    -0.54594    -0.611367    -0.572869
     -0.8192     0.246155     0.517995
    0.175671    -0.752089     0.635218
   -0.514529    -0.661871    -0.545148
   -0.840552      0.26364     0.473252
    0.169508    -0.701727     0.691987
    -0.53616     -0.73112    -0.421896
   -0.820994     0.335485     0.461972
    0.196217    -0.594065     0.780119
    0.486368    -0.333216    -0.807721
    0.867497    0.0737192      0.49195
   -0.104381    -0.939964     0.324919
   -0.476924     0.453168    -0.753115
   -0.870368    -0.124091     0.476508
    0.122484     0.882746     0.453605
    0.464966    -0.296352    -0.834256
    0.879379    0.0455335      0.47394
   -0.102466    -0.953993     0.281777
    0.473404    -0.277852    -0.835875
    0.876367    0.0530079     0.478717
  -0.0887044     -0.95916     0.268594
    0.495061    -0.322674    -0.806719
    0.864184    0.0866918     0.495651
  -0.0899976    -0.942532     0.321767
    0.480374    0.0250632    -0.876705
    0.873988   -0.0973208     0.476103
   -0.073389    -0.994937   -0.0686553
   -0.496477     0.397429    -0.771726
   -0.864804    -0.149644     0.479292
   0.0750005     0.905349     0.417992
   -0.514144    -0.612551    -0.600365
   -0.853039     0.292289     0.432309
   0.0893316    -0.734404     0.672808
    0.481091     0.208456    -0.851527
     0.87448    -0.182729     0.449326
  -0.0619341     -0.96081      -0.2702
    0.436809      0.84971     0.295281
    0.897937    -0.431537   -0.0865122
  -0.0539145    -0.302933     0.951486
   -0.445726    -0.612631    -0.652696
   -0.893645     0.347062     0.284513
   0.0522243     0.710093    -0.702169
    0.447687    -0.112412    -0.887097
    0.892164   -0.0105948     0.451587
  -0.0601623    -0.993605    0.0955466
    0.454539     0.309436     -0.83525
    0.889066    -0.214844     0.404232
  -0.0543646    -0.926332    -0.372764
   -0.452511    -0.689064      0.56606
   -0.890406      0.38407    -0.244267
    0.049091     0.614557     0.787344
    0.460718     0.870486     0.173185
    0.885756     -0.46334   -0.0274389
  -0.0563585    -0.166041     0.984507
   -0.456969    -0.589592    -0.666003
   -0.888115     0.343933     0.304896
   0.0492964     0.730816    -0.680793
   -0.460684    -0.473077    -0.750979
    -0.88611     0.293571     0.358645
   0.0507991     0.830671    -0.554441
     0.45653     0.310649    -0.833713
    0.888438    -0.209234     0.408534
  -0.0475302     -0.92721    -0.371514
   -0.454349    -0.587398    -0.669725
   -0.889501     0.340107     0.305148
    0.048535     0.734364    -0.677018
   -0.452685    -0.533824    -0.714219
    -0.89027     0.315458     0.328488
   0.0499513      0.78455    -0.618051
   -0.450335    -0.553899    -0.700281
   -0.891367     0.324239     0.316756
   0.0516072     0.766854    -0.639744
   -0.467832    -0.542058    -0.698074
   -0.882266     0.333196     0.332545
   0.0523366     0.771462    -0.634119
    0.464406     0.170958    -0.868965
    0.884354    -0.142022     0.444689
  -0.0473889    -0.974989    -0.217143
    0.467488     0.225733    -0.854693
    0.881721    -0.188438     0.432503
  -0.0634266    -0.955791    -0.287126
   -0.460641    -0.727394     0.508633
   -0.884366     0.424906    -0.193265
   0.0755413     0.538844     0.839012
    0.452082    -0.309422    -0.836588
    0.889498    0.0865206     0.448673
  -0.0664476     -0.94698     0.314345
    0.441455     0.877272     0.188445
    0.894133    -0.447677   -0.0105316
  -0.0751234    -0.173144     0.982027
      0.4499     0.163376    -0.878008
    0.888729    -0.178821     0.422119
  -0.0880425    -0.970222    -0.225649
    0.438537     -0.39887     -0.80535
    0.896271     0.128081      0.42461
  -0.0662142    -0.908019     0.413664
   -0.440912    -0.545218    -0.712975
   -0.895746      0.31764     0.311037
   0.0568866     0.775784    -0.628429
   -0.444253    -0.453239    -0.772796
   -0.894456     0.273363     0.353866
   0.0508676     0.848438    -0.526845
   -0.422434    -0.451878     -0.78572
   -0.904498     0.266196     0.333201
   0.0585899     0.851438    -0.521173
   -0.425679    -0.506281    -0.749985
   -0.902539     0.297069     0.311728
   0.0649748     0.809586    -0.583394
   -0.429013    -0.374417    -0.822046
   -0.901954     0.227197     0.367234
   0.0492679     0.898996    -0.435177
   -0.397832    -0.380938    -0.834635
   -0.914721     0.234911     0.328789
   0.0708172     0.894261    -0.441907
    0.397406    0.0998281    -0.912197
    0.915702    -0.107764      0.38714
  -0.0596549    -0.989152    -0.134239
    0.362636     0.130348     -0.92277
    0.929203    -0.126273     0.347328
  -0.0712472    -0.983394    -0.166911
    -0.39691    -0.538622    -0.743202
   -0.914419     0.302065     0.269433
   0.0793728     0.786539    -0.612418
   -0.362048    -0.491637    -0.791968
   -0.928337     0.267027     0.258624
   0.0843278     0.828848    -0.553082
   -0.365246    -0.528307    -0.766477
    -0.92596     0.290984     0.240678
   0.0958805     0.797634    -0.595472
    0.394386     0.243823    -0.886008
    0.917401    -0.160325      0.36424
  -0.0532388    -0.956476    -0.286914
     0.35966     0.208583    -0.909471
    0.930892    -0.146977     0.334423
  -0.0639161    -0.966898     -0.24703
   -0.428992    -0.574517    -0.697063
   -0.902175      0.31114     0.298783
    0.045228     0.757048    -0.651792
    0.456237   -0.0483386    -0.888544
    0.888813   -0.0236297     0.457661
  -0.0431187    -0.998551    0.0321833
    0.448655     0.113174     -0.88651
    0.892558    -0.106987     0.438058
  -0.0452687    -0.987798    -0.149014
    0.525017     0.846723    0.0861253
    0.823023     -0.53087     0.202017
   -0.216774    0.0351795     0.975588
   -0.503482      0.36904    -0.781227
   -0.843786   -0.0155504     0.536454
    0.185824     0.929284      0.31922
   -0.495596    -0.443305    -0.746904
   -0.843432     0.450961     0.291989
    0.207384     0.774671    -0.597392
    0.516476     0.053915    -0.854603
    0.822589    -0.308517     0.477665
   -0.237906     -0.94969    -0.203692
   -0.474495     0.419973    -0.773613
   -0.863016   -0.0488524     0.502809
    0.173373     0.906221     0.385624
    0.484179     0.187953    -0.854543
    0.845531    -0.351713     0.401715
    -0.22505    -0.917045    -0.329212
   -0.463662    -0.321024    -0.825809
   -0.864572     0.367732     0.342475
    0.193734     0.872764    -0.448052
   -0.447329    -0.325658    -0.832973
   -0.869912     0.374743     0.320657
    0.207726     0.868052    -0.450927
    0.507298     0.192646    -0.839962
      0.8209    -0.404633     0.402982
   -0.262244    -0.893957    -0.363413
   -0.471732    -0.692055     0.546378
   -0.847393     0.527096   -0.0639899
    0.243709     0.493183     0.835091
      0.4943       0.8538     0.163381
      0.8242    -0.520054     0.224138
   -0.276336   -0.0238667     0.960765
    0.444785    -0.608026    -0.657625
    0.881275     0.166146     0.442435
    -0.15975    -0.776338     0.609737
   -0.430254    -0.320948    -0.843726
   -0.885953     0.329374     0.326495
    0.173114     0.887978     -0.42606
    0.415167     0.785258     0.459354
    0.899219    -0.430799   -0.0762764
   -0.137992    -0.444727     0.884972
    0.431033     0.827382     0.360069
    0.892881    -0.448703   -0.0378053
   -0.130285    -0.337794     0.932159
    0.458757    -0.292979    -0.838872
    0.876023  -0.00891339     0.482187
   -0.148748    -0.956077     0.252567
    0.443561    -0.512192    -0.735468
    0.887392     0.135932      0.44052
   -0.125657    -0.848046     0.514809
     0.47065    -0.259372    -0.843335
    0.871749   -0.0108152     0.489834
    -0.13617    -0.965717     0.221017
   -0.486197     0.490212    -0.723398
   -0.859249    -0.117496     0.497881
    0.159071     0.863647     0.478341
    0.454485    -0.237531      -0.8585
    0.883527  -0.00230931     0.468374
   -0.113236    -0.971377     0.208816
    0.476964      0.86572    -0.151769
    0.829443    -0.386231     0.403547
   -0.290741     0.318362     0.902284
   -0.454993    -0.805327    -0.380039
   -0.853715     0.273095     0.443385
    0.253283    -0.526182     0.811776
    0.437619     0.859008    -0.265697
    0.859855    -0.313389     0.403036
   -0.262944     0.404837     0.875767
    0.458343     0.851347    -0.255208
    0.833752    -0.312396     0.455265
   -0.307862     0.421447     0.852997
   -0.419604    -0.823561     -0.38168
   -0.879728     0.265375     0.394531
    0.223632    -0.501321     0.835862
   -0.411912     -0.86659    -0.281691
   -0.867724     0.278663     0.411584
    0.278178    -0.413967     0.866746
   -0.394663    -0.828907    -0.396427
   -0.886545     0.230173      0.40132
     0.24141    -0.509836     0.825704
   -0.368484    -0.860972    -0.350637
   -0.892905     0.222811     0.391249
    0.258728    -0.457255     0.850869
   -0.428261    -0.853345    -0.297313
   -0.842085     0.257495     0.473909
    0.327851     -0.45332     0.828864
    0.382753     0.900389     -0.20688
    0.873283    -0.279544     0.399039
   -0.301458     0.333398     0.893291
    0.410317     0.895127    -0.174318
    0.845293    -0.301583     0.441052
   -0.342226     0.328321      0.88039
   -0.381066    -0.847764    -0.368898
    -0.90287     0.255327     0.345882
    0.199036    -0.464871     0.862716
   -0.353997     -0.87558    -0.328704
   -0.909076     0.239578     0.340857
    0.219697    -0.419479     0.880778
   -0.345142    -0.806771     -0.47958
   -0.921349     0.193864     0.336946
    0.178865    -0.558155     0.810229
   -0.369702    -0.862797    -0.344821
   -0.915061     0.273712     0.296218
    0.161195    -0.425045     0.890704
   -0.403289    -0.803187    -0.438462
   -0.896382     0.250398     0.365788
    0.184006    -0.540548     0.820944
   -0.390168    -0.823021    -0.412801
   -0.908802     0.272264      0.31615
    0.147808    -0.498506     0.854192
   -0.420372    -0.773377    -0.474526
   -0.890736     0.252113     0.378192
    0.172851    -0.581659     0.794856
   -0.438735    -0.842815    -0.311728
   -0.873039     0.317601     0.370045
    0.212874    -0.434502     0.875153
    0.403725    -0.184743    -0.896033
    0.904976   -0.0630785      0.42076
   -0.134253     -0.98076     0.141722
   -0.335543    -0.787242      0.51736
   -0.939342     0.238193    -0.246781
    0.071045    -0.568783    -0.819413
    0.344906     0.697731    -0.627863
    0.936178    -0.207323      0.28388
  -0.0679019     0.685703     0.724707
    0.346623     0.661249    -0.665283
     0.93446    -0.181832     0.306139
  -0.0814643     0.727796     0.680938
   -0.366443    -0.807062    -0.463001
   -0.927669     0.278528       0.2487
   0.0717576    -0.520646     0.850752
   -0.361838    -0.728525    -0.581657
    -0.93067     0.246091     0.270724
   0.0540887    -0.639289     0.767062
    -0.37018    -0.788952    -0.490429
   -0.924402     0.260615     0.278496
   0.0919067    -0.556447     0.825784
   -0.380045    -0.654322     -0.65378
   -0.922548      0.21705     0.319052
     0.06686    -0.724398     0.686133
   -0.386952       0.5382    -0.748738
      -0.918    -0.148361     0.367784
   0.0868579     0.829657     0.551476
    0.396717     0.890938     0.221007
    0.913711     -0.40636  -0.00200485
  -0.0880223    -0.202732      0.97527
   -0.379547    -0.825723    -0.417285
   -0.923848     0.314134     0.218689
   0.0494929     -0.46851     0.882071
   -0.392588    -0.802526     0.449251
   -0.917358     0.376633     -0.12885
   0.0657968     0.462709     0.884065
    0.392926     0.879832    -0.267403
    0.918192    -0.359467     0.166455
  -0.0503305     0.310932     0.949099
   -0.393018    -0.707551    -0.587289
   -0.912958     0.224029     0.341054
    0.109743    -0.670211     0.734012
    0.401946     0.869538     0.286954
    0.909054    -0.416528   -0.0111644
   -0.109816    -0.265344     0.957879
    0.377832     0.893335    -0.243302
    0.918842    -0.329458     0.217226
   -0.113898      0.30563     0.945313
    0.358079     0.675072    -0.645025
    0.925169    -0.163409     0.342577
   -0.125862     0.719427      0.68307
    0.354756     0.644362    -0.677455
    0.929607     -0.16568     0.329212
  -0.0998906     0.746557      0.65778
   -0.336932    -0.781122    -0.525666
   -0.934262     0.208142     0.289535
     0.11675    -0.588664     0.799903
   -0.338493    -0.745124    -0.574642
   -0.929905     0.171514     0.325362
    0.143876    -0.644495      0.75095
   -0.329582    -0.751792    -0.571126
   -0.939518     0.201461     0.276981
   0.0931722    -0.627872      0.77272
    0.406636     0.884657     0.228098
    0.912276    -0.406578   -0.0494616
  -0.0489832    -0.228201     0.972381
   -0.406909    -0.791971     0.455199
   -0.911126     0.387547      -0.1402
   0.0653769     0.471793     0.879282
   -0.420174    -0.907241    0.0191642
   -0.904849     0.420475    0.0666966
    0.068568   -0.0106835     0.997589
    0.419209     0.895893     0.147105
    0.906434    -0.422179   -0.0119514
  -0.0513973    -0.138351     0.989049
    0.423386     0.905326    0.0335958
    0.902033     -0.42471    0.0771838
   -0.084145   0.00237409     0.996451
    0.430106     0.842352     0.324732
    0.900257     -0.42706   -0.0845964
    -0.06742    -0.328728     0.942015
    0.433461     0.800811     0.413296
    0.897549    -0.424723    -0.118389
   -0.080729     -0.42227     0.902868
    0.428986     0.897159     0.105243
     0.90173     -0.43221   0.00885069
  -0.0534274   -0.0911038     0.994407
    -0.44064    -0.759323    -0.478817
    -0.89234     0.312391     0.325793
   0.0978042    -0.570825     0.815226
    0.430053     0.870277     0.240151
    0.897129    -0.441731  -0.00576593
   -0.101064    -0.217926     0.970718
   -0.418283    -0.789234      0.44961
   -0.902093     0.418802    -0.104084
    0.106151     0.449127      0.88714
   -0.411084    -0.642525     0.646662
   -0.907659     0.354365    -0.224901
   0.0846501     0.679402     0.728867
    0.676655    -0.135394    -0.723745
    0.584196    -0.499571     0.639643
   -0.448166    -0.855627     -0.25894
    0.688197    -0.324696    -0.648812
    0.573436     -0.30442     0.760592
   -0.444473    -0.895489   -0.0233092
    0.673614   -0.0810985    -0.734621
    0.613268    -0.493406     0.616809
   -0.412488     -0.86601     -0.28263
    0.682584     0.702986    -0.199725
    0.608118    -0.394799     0.688714
   -0.405304     0.591561     0.696982
    0.690442    -0.153504    -0.706913
    0.576796    -0.472945     0.666055
   -0.436573    -0.867617    -0.238001
    0.665632     0.152722    -0.730486
    0.651349    -0.596648      0.46878
   -0.364251    -0.787837    -0.496623
     0.68377     0.689744    -0.238143
    0.607304    -0.356996     0.709744
   -0.404525     0.629927     0.662987
    0.672216    -0.257962     -0.69396
    0.647855    -0.248728     0.720013
