  -0.0329209    -0.822571     0.567709
   -0.996445   -0.0170558   -0.0824955
   0.0775411    -0.568407    -0.819085
  -0.0570143    -0.859581     0.507809
   -0.996533    0.0181248   -0.0812053
   0.0605986    -0.510678    -0.857634
   -0.091028    -0.864879     0.493657
   -0.994888    0.0572121   -0.0832178
   0.0437301    -0.498709    -0.865666
   -0.109698    -0.919873     0.376565
   -0.993012    0.0848339   -0.0820443
   0.0435248    -0.382933     -0.92275
   -0.126554    -0.925636     0.356626
   -0.991184     0.103784   -0.0823597
   0.0392229    -0.363905     -0.93061
   -0.123851    -0.906896     0.402742
   -0.992061     0.104245   -0.0703391
   0.0218063    -0.408256    -0.912607
   -0.133996    -0.893244     0.429138
   -0.990872     0.114327   -0.0714246
   0.0147376    -0.434792     -0.90041
   -0.128957    -0.901869     0.412314
   -0.991167     0.104243   -0.0819856
   0.0309593    -0.419245    -0.907345
    -0.12906    -0.854563     0.503056
   -0.991612     0.107644   -0.0715401
  0.00698463    -0.508069    -0.861288
   -0.127182    -0.920877     0.368523
   -0.991331     0.105653   -0.0781102
   0.0329942    -0.375263    -0.926331
   -0.119276     -0.80614     0.579578
   -0.992861    0.0963587   -0.0703024
 0.000826223    -0.583826    -0.811879
   -0.110156     -0.85571     0.505594
   -0.993739    0.0852785    -0.072177
   0.0186464    -0.510379    -0.859747
    0.144682     0.925586     0.349796
    0.974186    -0.195159     0.113464
   -0.173287     -0.32435     0.929929
   -0.171573    -0.764088     0.621878
   -0.966649     0.252396    0.0434204
    0.190137     0.593688      0.78191
   -0.151174    -0.906593        0.394
   -0.972573     0.207689     0.104725
    0.176772     0.367362     0.913125
    -0.17553    -0.702146    -0.690058
   -0.965885   -0.0127437     0.258659
    0.190411    -0.711919     0.675955
   -0.197075    -0.813212    -0.547584
   -0.959304    0.0447402      0.27881
    0.202232    -0.580245     0.788934
    0.149325     0.238621    -0.959564
    0.972983    -0.208279    0.0996192
   -0.176086    -0.948515    -0.263275
   -0.195639    -0.765311    -0.613208
    -0.96145    0.0264743     0.273702
    0.193233    -0.643115     0.740988
   -0.174627    -0.692703    -0.699763
   -0.967986  -0.00936351     0.250831
    0.180304    -0.721162     0.668891
   -0.190894     -0.65116    -0.734541
   -0.964892   -0.0130443     0.262321
    0.180395    -0.758828     0.625809
    0.211008    -0.640553    -0.738355
    0.955982   -0.0223315     0.292576
   -0.203899     -0.76759     0.607644
     0.20595    -0.601397    -0.771949
    0.959925    -0.029068     0.278746
   -0.190076    -0.798421      0.57131
    0.218136     0.685558    -0.694569
    0.955756  -0.00614912     0.294096
   -0.197349     0.727992     0.656568
   -0.149337     0.481838    -0.863441
   -0.974986    0.0736301     0.209718
    0.164625     0.873161     0.458789
   -0.172643    -0.875366    -0.451585
   -0.971267    0.0750437     0.225853
    0.163815    -0.477601     0.863169
   -0.154818    -0.925066     -0.34682
   -0.977692    0.0930206     0.188323
     0.14195    -0.368239     0.918831
    -0.12895    -0.876218     0.464342
   -0.982141    0.0481523    -0.181881
    0.137008    -0.479503    -0.866779
     0.12415     0.987471    -0.097409
    0.980591    -0.107084     0.164237
   -0.151749     0.115908     0.981599
   -0.093684     -0.86702     0.489388
   -0.988087    0.0206873      -0.1525
    0.122097    -0.497844    -0.858629
  -0.0851083    -0.875553     0.475567
   -0.986931      0.13963    0.0804456
    0.136838     0.462505     0.875994
   -0.121653    -0.788464     0.602931
   -0.979389     0.194029    0.0561236
    0.161237     0.583676     0.795817
  -0.0785403    -0.342627    -0.936183
   -0.987046     0.158509     0.024796
    0.139897     0.926003    -0.350638
  -0.0563603    -0.891305     0.449887
   -0.992853   0.00255509    -0.119319
      0.1052    -0.453396    -0.885079
   0.0478005    -0.606527     0.793625
    0.991377     0.125861    0.0364776
   -0.122011     0.785038     0.607313
   -0.016932     -0.86401      0.50319
   -0.996209   -0.0283678   -0.0822311
   0.0853228    -0.502675    -0.860255
   -0.117125    -0.737846      0.66473
   -0.980276     0.193182    0.0417062
    0.159186     0.646734     0.745919
    0.213677     0.698201    -0.683269
    0.960705   -0.0233417     0.276587
   -0.177165     0.715521     0.675753
    -0.20876    -0.787585    -0.579767
   -0.962047    0.0588526     0.266461
     0.17574    -0.613389      0.76998
   -0.199663     -0.80072    -0.564784
   -0.968335     0.073081     0.238717
     0.14987    -0.594564     0.789958
   -0.199219    -0.857495    -0.474356
   -0.968221    0.0975538     0.230284
    0.151192    -0.505158      0.84968
   -0.196496    -0.794543    -0.574535
   -0.969176    0.0685721     0.236636
     0.14862    -0.603323     0.783526
    0.179625     0.977453    -0.110999
    0.976629     -0.16365     0.139336
    -0.11803     0.133434     0.984004
   -0.179235    -0.714682    -0.676095
   -0.977457    0.0514138     0.204779
    0.111592    -0.697557     0.707786
   -0.165224    -0.796925     0.581043
   -0.983132     0.179934   -0.0327741
    0.078431     0.576657     0.813213
   -0.182824    -0.753744    -0.631226
   -0.975137    0.0572403     0.214082
    0.125231    -0.654671     0.745469
    0.163868      0.93366     0.318476
     0.98245     -0.18362    0.0328032
  -0.0891058    -0.307511     0.947363
   -0.161632    -0.774183     0.611977
    -0.98339     0.178249   -0.0342318
   0.0825828     0.607345     0.790135
   -0.185238    -0.876834    -0.443676
     -0.9763     0.112788      0.18471
    0.111918    -0.467376     0.876946
   -0.169006    -0.512747    -0.841741
    -0.98279     0.152285     0.104562
   0.0745703     0.844926     -0.52966
    0.174141     0.450279    -0.875742
    0.982478    -0.139431     0.123675
  -0.0664171    -0.881934    -0.466669
   -0.179506    -0.845488    -0.502919
   -0.978671     0.101563     0.178572
   0.0999027    -0.524247     0.845686
   -0.189905     -0.87924     -0.43689
   -0.972127     0.106071      0.20909
    0.137499     -0.46442     0.874876
   -0.179164    -0.896576    -0.405034
   -0.976125     0.110608      0.18694
    0.122806    -0.428856     0.894987
    0.184521    -0.653886    -0.733747
    0.970289   0.00232176     0.241937
   -0.156495    -0.756589     0.634887
   -0.199859    -0.802227    -0.562573
     -0.9655    0.0634227     0.252562
    0.166932    -0.593641     0.787226
   -0.172549    -0.890687      -0.4206
   -0.975905    0.0966895     0.195605
    0.133555    -0.444217     0.885909
   -0.132583    -0.926388     0.352459
   -0.990091     0.107183   -0.0907237
   0.0462679    -0.360995    -0.931419
   -0.138647    -0.898387     0.416746
   -0.988831     0.102346    -0.108344
   0.0546826    -0.427113    -0.902543
   -0.157815    -0.915486     0.370107
   -0.984498      0.11682    -0.130831
   0.0765378    -0.385017     -0.91973
   -0.138485     -0.88484     0.444836
    -0.98872    0.0976509    -0.113564
   0.0570472    -0.455546    -0.888383
   -0.150104    -0.914379     0.376005
   -0.985525     0.108073    -0.130615
    0.078796    -0.390169    -0.917366
   -0.126452    -0.898386     0.420611
   -0.989129    0.0821082    -0.121995
   0.0750632    -0.431465    -0.899002
   -0.129144    -0.885716     0.445902
   -0.990231    0.0913457    -0.105351
   0.0525798    -0.455152     -0.88886
   -0.157461    -0.898979     0.408708
   -0.981549    0.0970111    -0.164774
    0.108479    -0.427113    -0.897668
   -0.140906    -0.930545      0.33798
   -0.983825      0.09347    -0.152815
     0.11061    -0.354046    -0.928664
    -0.16331    -0.887789     0.430304
   -0.981605     0.102492    -0.161082
   0.0989035    -0.448695    -0.888196
   -0.161758    -0.851491    -0.498796
   -0.983902      0.10025      0.14794
   0.0759654    -0.514697        0.854
    -0.14983    -0.891959     0.426567
   -0.986677     0.107221    -0.122365
   0.0634073    -0.439217     -0.89614
   -0.135173    -0.874461     0.465883
    -0.98993    0.0992392    -0.100951
   0.0420436    -0.474837    -0.879069
   -0.160579    -0.884733    -0.437564
   -0.986018     0.123792     0.111551
    0.044526    -0.449359     0.892241
   -0.121103    -0.929489     0.348403
   -0.992032     0.101047   -0.0752451
   0.0347344    -0.354739     -0.93432
   -0.107864    -0.901473      0.41918
   -0.993108    0.0782616   -0.0872418
   0.0458404    -0.425701    -0.903702
  -0.0785273    -0.874843     0.477999
   -0.995834    0.0465498   -0.0784028
   0.0463395    -0.482164    -0.874854
  -0.0880135    -0.861599     0.499901
   -0.994269    0.0454103   -0.0967865
   0.0606905    -0.505554    -0.860658
    -0.04781    -0.832817      0.55148
   -0.997154   0.00757212   -0.0750122
   0.0582955    -0.553497    -0.830809
  -0.0541016    -0.871265     0.487822
    -0.99676    0.0180054   -0.0783868
   0.0595123    -0.490483    -0.869417
  -0.0164742     -0.82644     0.562784
   -0.997913   -0.0215576   -0.0608687
   0.0624366    -0.562612     -0.82436
   -0.021479    -0.802964      0.59564
   -0.997356   -0.0241636   -0.0685393
   0.0694274    -0.595537    -0.800322
  -0.0499469    -0.886937     0.459182
    -0.99553   0.00731559    -0.094157
   0.0801522    -0.461833    -0.883338
  -0.0206962    -0.851161     0.524496
    -0.99759   -0.0171657   -0.0672209
   0.0662192    -0.524624    -0.848755
  -0.0896228    -0.867193     0.489841
   -0.991615    0.0317221     -0.12527
   0.0930941    -0.496961    -0.862765
   -0.120632    -0.908167     0.400849
   -0.987597    0.0689115    -0.141081
    0.100502    -0.412896    -0.905216
   -0.105748    -0.902358     0.417813
   -0.992107    0.0672662    -0.105825
   0.0673878    -0.425706    -0.902349
   -0.125729    -0.831625     0.540918
   -0.991528     0.123278   -0.0409371
   0.0326387     0.541482     0.840079
   -0.136622    -0.871955     0.470137
   -0.989907     0.138216   -0.0313217
   0.0376692     0.469671     0.882037
    0.102211    -0.788263     0.606791
    0.994623    0.0707475   -0.0756334
   0.0166901     0.611258     0.791255
   0.0951778     -0.77179     0.628714
    0.995387    0.0661216   -0.0695177
   0.0120814     0.632431     0.774523
    0.107489     0.741991     0.661736
    0.994107   -0.0708076   -0.0820829
   0.0140489     -0.66666      0.74523
  -0.0709836     -0.79393     0.603852
   -0.995415    0.0174758   -0.0940357
  -0.0641049     0.607758      0.79153
   0.0728243    -0.620817     0.780566
     0.99501  -0.00829369   -0.0994276
   0.0682001     0.783912     0.617115
  -0.0546758     -0.61438    -0.787114
   -0.994003   -0.0412757     0.101265
  -0.0947037      0.78793    -0.608438
  -0.0754042    -0.755888     0.650344
   -0.995729    0.0222311    -0.089611
   -0.053278     0.654323     0.754336
   0.0547961     0.721731     0.690002
    0.993899    0.0268221    -0.106985
   0.0957219    -0.691654     0.715857
  -0.0601075    -0.526444    -0.848082
   -0.993937   -0.0468026    0.0994974
  -0.0920722      0.84892    -0.520439
   0.0783316     -0.48125     0.873076
    0.994285   -0.0260121    -0.103545
   0.0725414     0.876197     0.476462
  -0.0558776    -0.656582    -0.752182
   -0.993164   -0.0407758     0.109373
   -0.102483     0.753152    -0.649815
  -0.0617522    -0.835965     0.545298
   -0.992135  -0.00818701    -0.124905
   -0.108881     0.548722     0.828884
  -0.0860261     -0.47059    -0.878148
   -0.993246   -0.0283681     0.112504
  -0.0778546     0.881896    -0.464972
    0.115811    -0.714749     0.689725
    0.993159    0.0728697   -0.0912466
   0.0149584     0.695574     0.718299
    0.119945     -0.75734     0.641911
    0.992269    0.0707002    -0.101998
   0.0318639     0.649182     0.759965
     0.14827     0.655336    -0.740642
    0.988422    -0.122596    0.0893984
  -0.0322136    -0.745322    -0.665926
   -0.143392    -0.555844    -0.818826
   -0.988953     0.111887    0.0972316
   0.0375705     0.823723    -0.565747
    0.154907     0.660486    -0.734685
    0.987709     -0.11925      0.10105
   -0.020869    -0.741308     -0.67084
   0.0497095      -0.7797     0.624177
    0.992098   -0.0335349    -0.120901
    0.115199     0.625254     0.771872
  -0.0492968    -0.948395     0.313235
   -0.991424   0.00846283    -0.130407
   -0.121026     0.316977      0.94068
  -0.0412832     -0.87854    -0.475882
   -0.987073     0.109684    -0.116862
   -0.154865    -0.464905     0.871711
  -0.0406508    -0.903332    -0.427012
   -0.987974     0.100147    -0.117806
   -0.149182    -0.417088     0.896539
  -0.0358593    -0.341939    -0.939038
   -0.985385    -0.144478    0.0902392
   -0.166527     0.928549    -0.331761
  -0.0273828     0.613324    -0.789356
   -0.980701    -0.169407   -0.0976074
   -0.193587      0.77145     0.606126
  -0.0247454     0.334861    -0.941943
   -0.979186     -0.19799   -0.0446617
   -0.201451     0.921232      0.33279
  -0.0129045     -0.68919     0.724465
   -0.973451      0.17425     0.148426
   -0.228531    -0.703316    -0.673142
  -0.0250871    -0.676803     0.735737
   -0.981599      0.15604     0.110071
   -0.189301    -0.719437    -0.668263
  -0.0133456    -0.622876     0.782207
   -0.973338      0.18724     0.132494
   -0.228988    -0.759584    -0.608767
 -0.00984429    -0.359763     0.932992
   -0.974221     0.213751    0.0721434
   -0.225382     -0.90823    -0.352593
  -0.0182414    -0.413426     0.910355
   -0.978029     0.196496    0.0696386
   -0.207672    -0.889083    -0.407926
 -0.00837025    -0.435747     0.900031
   -0.972671     0.212401    0.0937874
   -0.232035    -0.874649    -0.425616
 -0.00446138    -0.774288     0.632817
    -0.97296     0.149502     0.176064
   -0.230932     -0.61492    -0.754018
   -0.015835     -0.80795    -0.589038
   -0.978669     0.133209    -0.156407
   -0.204834    -0.573996     0.792825
   0.0305026    -0.444365     0.895326
    0.984406    -0.141902    -0.103966
    0.173248     0.884536     0.433107
   0.0269895     0.151025    -0.988161
    0.984749     0.165946    0.0522585
    0.171874    -0.974502    -0.144243
   0.0463906    -0.626287     0.778211
    0.990592   -0.0715666    -0.116646
    0.128748     0.776301     0.617075
   -0.045769    -0.791027     0.610067
   -0.990908   -0.0413957    -0.128016
   -0.126518     0.610379      0.78194
   0.0437981    -0.766777     0.640418
    0.989813   -0.0536189    -0.131892
     0.13547      0.63967     0.756617
   0.0124983    -0.950324    -0.311013
   -0.979678    0.0506318    -0.194079
   -0.200185    -0.307118     0.930379
 -0.00368236    -0.964517    -0.263996
   -0.984199    0.0502314    -0.169794
    -0.17703    -0.259199     0.949461
  -0.0148646    -0.792857     0.609226
   -0.981859     0.126762     0.141014
   -0.189031    -0.596078    -0.780358
  -0.0290516    -0.911741    -0.409737
   -0.986796    0.0915022    -0.133643
   -0.159339    -0.400445     0.902361
  -0.0221026    -0.982844    -0.183109
   -0.989272    0.0479555    -0.137991
   -0.144405    -0.178095      0.97336
   0.0336511    -0.392242     0.919246
    0.983512    -0.150525    -0.100232
    0.177685     0.907463     0.380709
  -0.0415516    -0.919064     0.391913
   -0.990617    0.0890109     0.103709
     -0.1302    -0.383926    -0.914138
  -0.0534504    -0.414034    -0.908691
    -0.98895    -0.104065     0.105587
   -0.138279     0.904293    -0.403897
   0.0693827     0.993018    0.0954002
    0.991608   -0.0581937    -0.115441
    0.109083    -0.102609     0.988723
  -0.0280943    -0.909331     0.415124
   -0.992038    0.0763662     0.100142
   -0.122764    -0.409006    -0.904236
  -0.0566342    -0.919474     0.389051
   -0.993904     0.088842    0.0652842
  -0.0945912    -0.382982      -0.9189
   -0.050688     -0.91675     0.396233
   -0.996226    0.0744039    0.0447038
  -0.0704635    -0.392471    -0.917061
   0.0418074     -0.50703     0.860914
    0.987549    -0.109817    -0.112633
    0.151652     0.854904     0.496126
  -0.0666492    -0.793899     0.604386
   -0.991919   -0.0128178    -0.126222
   -0.107954     0.607915     0.786629
   0.0254822    -0.311827     0.949797
    0.983835    -0.160643   -0.0791357
    0.177255      0.93646     0.302693
  -0.0121026    -0.763624    -0.645548
   -0.978892     0.140771    -0.148167
   -0.204019    -0.630129     0.749209
  0.00702331    -0.749102    -0.662417
    0.978279    -0.132094     0.159752
    0.207172     0.649151    -0.731903
  0.00390756     -0.48066     0.876898
   -0.974873      0.19348     0.110398
   -0.222726    -0.855296    -0.467827
  0.00165669    -0.583944     0.811792
   -0.972989     0.186459      0.13611
   -0.230846     -0.79009    -0.567863
  0.00680494    -0.742289     0.670046
   -0.976311     0.139983     0.164991
   -0.216266    -0.655295    -0.723752
  -0.0683054    -0.913846     0.400276
   -0.996139    0.0846463    0.0232637
  -0.0551413    -0.397141    -0.916099
  -0.0787731    -0.917691     0.389406
   -0.995534    0.0928059    0.0173236
  -0.0520369    -0.386302    -0.920903
  -0.0997646    -0.887572     0.449737
   -0.994693     0.100396   -0.0225155
  -0.0251678    -0.449596    -0.892877
  -0.0913086    -0.915326     0.392227
   -0.995377    0.0956759  -0.00844382
  -0.0297978    -0.391184     -0.91983
   -0.127518    -0.922538    -0.364229
   -0.991779     0.122536    0.0368603
   -0.010626    -0.365935      0.93058
   -0.114489    -0.887879     0.445605
   -0.993405    0.0994825   -0.0570132
  0.00629092    -0.449194    -0.893412
   -0.131388    -0.902899     0.409282
   -0.991287     0.115768   -0.0628317
  0.00934887    -0.413971    -0.910242
   -0.101439    -0.878955     0.465992
   -0.994822    0.0925699   -0.0419506
 -0.00626417    -0.467835    -0.883794
   -0.157277    -0.799976    -0.579052
   -0.987337     0.115078     0.109189
   0.0207121    -0.588893     0.807946
   -0.130374    -0.902008     0.411562
   -0.991184     0.108704   -0.0757434
  -0.0235828     0.417809     0.908229
  -0.0979606    -0.315111    -0.943986
   -0.992454   -0.0393606     0.116129
  -0.0737494     0.948238    -0.308877
   0.0953915     0.981611    -0.165351
     0.99335    -0.104627   -0.0480532
   0.0644697     0.159667     0.985063
    -0.10894    -0.874725     0.472215
   -0.993916      0.10361   -0.0373706
  -0.0162374    -0.473414    -0.880691
   -0.093712    -0.906864     0.410873
   -0.994894     0.100832  -0.00436185
  -0.0374737    -0.409184    -0.911682
    0.104926      0.94433    -0.311819
    0.993423     -0.11398   -0.0108986
    0.045833     0.308625     0.950079
  -0.0750461    -0.904212     0.420439
   -0.995417    0.0929937    0.0223193
  -0.0592795    -0.416837    -0.907046
    0.089252     0.963814    -0.251192
    0.993906    -0.102563   -0.0403833
    0.064685     0.246057     0.967095
   -0.058005    -0.853429     0.517971
   -0.995092     0.091093    0.0386528
  -0.0801709    -0.513187    -0.854524
  -0.0446588    -0.928598     0.368391
    -0.99549    0.0722622    0.0614704
   -0.083702    -0.363985    -0.927636
   0.0784145     0.229949    -0.970038
    0.993101    0.0670836     0.096181
   0.0871904    -0.970888    -0.223102
  -0.0321087    -0.937272     0.347118
   -0.993902    0.0665978    0.0878874
   -0.105492    -0.342179    -0.933694
   -0.013058    -0.933206     0.359105
   -0.990632    0.0608958     0.122228
   -0.135932    -0.354145    -0.925259
  -0.0157285    -0.920416     0.390624
   -0.991762    0.0640328     0.110945
   -0.127129    -0.385661     -0.91384
 0.000726615    -0.974009    -0.226508
   -0.987106    0.0355575    -0.156068
   -0.160065    -0.223701     0.961425
  0.00309972     -0.89867     0.438615
   -0.989267    0.0613212     0.132631
   -0.146088    -0.434318    -0.888834
   0.0195309    -0.905351     0.424214
   -0.986433    0.0517224     0.155801
   -0.162996    -0.421502    -0.892058
   0.0192913    -0.928887      0.36986
   -0.982667    0.0506024      0.17834
   -0.184374    -0.366889    -0.911811
 -0.00220221    -0.913093     0.407746
    -0.99053    0.0579657     0.124456
   -0.137276    -0.403611    -0.904574
   0.0219439    -0.957882     0.286323
    -0.98806    0.0229061     0.152356
   -0.152498    -0.286248    -0.945942
   0.0190278    -0.944625       0.3276
   -0.990385    0.0270968     0.135657
   -0.137022    -0.327032    -0.935027
   0.0177694     0.999037     0.040111
    0.991069   -0.0122966    -0.132781
     0.13216   -0.0421122     0.990333
   0.0347859     0.996301   -0.0785824
    0.992221   -0.0438336    -0.116517
    0.119531     0.073918     0.990075
   0.0570361    -0.838805     0.541436
    0.990261   -0.0214587    -0.137561
    0.127005     0.544009     0.829412
   0.0648306      0.98166    -0.179277
    0.992277   -0.0824555   -0.0926688
    0.105752     0.171884     0.979425
  -0.0422288    -0.912498     0.406896
   -0.993732    0.0805504    0.0775083
   -0.103502    -0.401073     -0.91018
    0.031111    -0.841881     0.538766
    0.990799   -0.0450558    -0.127618
    0.131714      0.53778     0.832733
 -0.00439196    -0.949496    -0.313748
    0.990525   -0.0471964     0.128965
    0.137259     0.310209    -0.940707
   -0.437442    -0.698679     -0.56612
   -0.888318     0.237894     0.392808
     0.13977    -0.674725     0.724714
    0.489861     0.231703    -0.840446
    0.862186    -0.271531     0.427674
   -0.129114    -0.934122    -0.332784
    0.466209     0.273806    -0.841237
     0.87878    -0.252923     0.404693
   -0.101961    -0.927933     -0.35853
    0.500546     0.220351    -0.837197
    0.860449    -0.233079     0.453102
  -0.0952913    -0.947164    -0.306267
    0.524449     0.361227    -0.771018
    0.843204    -0.346007     0.411443
   -0.118153    -0.865906    -0.486051
   -0.475339    -0.321948    -0.818781
   -0.876232     0.256993     0.407641
   0.0791817      0.91121     -0.40426
     0.52269     0.186785    -0.831809
    0.846803    -0.226585     0.481232
  -0.0985888    -0.955913    -0.276604
   -0.498198    -0.315701    -0.807547
    -0.86307     0.269844      0.42696
   0.0831197      0.90968    -0.406907
    0.508857     0.125182      -0.8517
    0.855158    -0.187098     0.483424
  -0.0988354    -0.974332    -0.202257
   -0.543769    -0.258347    -0.798481
   -0.830633     0.301548     0.468099
    0.119849     0.917783    -0.378564
   -0.524604    -0.369773     -0.76685
   -0.843438     0.348231     0.409082
    0.115773     0.861396    -0.494564
   -0.543972    -0.369786    -0.753228
   -0.826503     0.391104     0.404884
     0.14487      0.84279    -0.518379
   -0.472065    -0.344631    -0.811409
   -0.878578     0.259607     0.400879
    0.072492     0.902127    -0.425337
    0.486032     0.188589     -0.85335
    0.869403    -0.203717     0.450154
  -0.0889476    -0.960694    -0.262973
   -0.463283    -0.257175    -0.848074
   -0.882919      0.21635      0.41671
   0.0763134     0.941835    -0.327296
   -0.450764    -0.328973    -0.829812
   -0.890398       0.2316     0.391859
   0.0632733     0.915499    -0.397314
   -0.441442    -0.292288    -0.848349
   -0.894907     0.212274     0.392532
   0.0653506     0.932474    -0.355277
   -0.407251    -0.362123    -0.838459
   -0.911425      0.22018     0.347598
   0.0587389     0.905753    -0.419717
    0.404029   -0.0800676    -0.911235
    0.912211   -0.0388517     0.407875
  -0.0680607    -0.996032    0.0573413
   -0.437844    -0.276141    -0.855593
   -0.895175     0.222176     0.386393
   0.0833935     0.935085    -0.344473
   -0.396434     0.523742    -0.754012
   -0.913684     -0.14496     0.379694
   0.0895603     0.839453     0.536002
   -0.365666    -0.241382    -0.898901
    -0.92885     0.156248     0.335892
   0.0593731     0.957769    -0.281342
   -0.358463     0.557677    -0.748666
   -0.930478     -0.14849     0.334905
   0.0755991     0.816668     0.572134
   -0.326203     0.554678    -0.765457
   -0.943296    -0.138311     0.301766
   0.0615121     0.820489     0.568343
    -0.42939    -0.682818    -0.591087
   -0.896795     0.245057     0.368382
    0.106687    -0.688263     0.717573
    0.525303    0.0926463    -0.845857
    0.831841    -0.265207     0.487551
   -0.179157     -0.95973    -0.216381
    0.511997    0.0804846    -0.855208
    0.846546    -0.216112     0.486473
   -0.145667    -0.973046    -0.178783
    0.486633    -0.118976    -0.865467
    0.853247      -0.1479     0.500094
   -0.187502     -0.98182    0.0295429
    0.501669     0.037448    -0.864249
    0.837668    -0.270446     0.474522
   -0.215963    -0.962006    -0.167044
    0.469772   -0.0672677    -0.880221
    0.867573    -0.149141     0.474419
    -0.16319    -0.986525   -0.0117028
   -0.452394     0.386027    -0.803942
   -0.859859    0.0503608     0.508041
    0.236605     0.921112     0.309146
   -0.432044     0.423095    -0.796447
   -0.877885   0.00494039     0.478846
    0.206532     0.906072     0.369294
    0.404774    -0.238068    -0.882882
    0.883821    -0.145808     0.444522
   -0.234558    -0.960241      0.15139
    0.480611    -0.280947    -0.830712
    0.838136    -0.131488     0.529376
   -0.257955    -0.950673     0.172278
    0.428534    -0.296673    -0.853431
      0.8623    -0.147774     0.484357
    -0.26981    -0.943477     0.192495
    0.448175   -0.0751353    -0.890783
    0.839654    -0.306592     0.448311
   -0.306791    -0.948871   -0.0743194
   -0.417057    -0.660441    -0.624405
   -0.891029     0.161614     0.424202
    0.179248     -0.73328     0.655874
    0.387382     0.251388    -0.886983
    0.899107    -0.315718     0.303197
   -0.203817    -0.914946    -0.348328
   -0.376546    -0.770393     0.514497
   -0.910854     0.409191   -0.0539188
    0.168989     0.488935     0.855795
   -0.405627     0.589092    -0.698882
   -0.900936    -0.128679     0.414434
    0.154208     0.797754      0.58293
    0.456845    -0.138362     -0.87872
    0.878038   -0.0882485     0.470385
   -0.142629    -0.986442    0.0811714
    0.442482    -0.226683    -0.867654
    0.888044   -0.0239386     0.459135
   -0.124848    -0.973674     0.190712
    0.480046     0.113005    -0.869934
    0.870307    -0.185807     0.456115
   -0.110096    -0.976066    -0.187545
   -0.502067  -0.00716627    -0.864799
   -0.856288     0.144302     0.495931
    0.121238     0.989508   -0.0785856
    0.460631     0.132519    -0.877643
     0.88214    -0.177775     0.436148
  -0.0982248    -0.975108    -0.198789
   -0.385408    -0.715875     0.582223
   -0.921077     0.336397    -0.196097
   0.0554773      0.61185     0.789026
    -0.39452    -0.777571      0.48963
   -0.915995     0.375042    -0.142468
   0.0728523     0.504705     0.860213
    0.399001     0.865542     0.302715
    0.912666    -0.406749   -0.0399588
   -0.088543    -0.292221     0.952243
   -0.416141    -0.648991     0.636897
   -0.905508     0.359672    -0.225146
   0.0829559     0.670408     0.737341
   -0.408115    -0.291558    -0.865122
     -0.9098     0.208305     0.358989
   0.0755434     0.933597    -0.350271
    0.423841     0.803446     0.418132
    0.900855    -0.421811    -0.102641
   -0.093906     -0.42018     0.902569
    -0.42775    -0.620111    -0.657642
     -0.9009     0.351678     0.254364
   0.0735444     0.701274    -0.709088
    0.438519     0.181758    -0.880151
    0.895105    -0.176102     0.409603
  -0.0805479    -0.967446    -0.239917
   -0.434564    -0.322446    -0.840941
   -0.897915     0.227698     0.376699
   0.0700158     0.918794    -0.388479
   -0.422515    -0.547396    -0.722384
   -0.903581     0.316714     0.288501
    0.070865     0.774628    -0.628434
   -0.422827    -0.432529    -0.796327
   -0.903079     0.274101      0.33063
   0.0752674     0.858946    -0.506505
    -0.41597    -0.445624    -0.792709
   -0.906436     0.273238     0.322046
   0.0730869     0.852502    -0.517589
    0.446368     0.267422    -0.853956
    0.890704    -0.224532     0.395262
  -0.0860388    -0.937054    -0.338418
   -0.446115    -0.338545    -0.828474
   -0.891995     0.243672     0.380747
   0.0729757     0.908852    -0.410686
    0.430073     0.286371    -0.856171
     0.89612     -0.25052     0.366346
   -0.109577    -0.924787    -0.364364
   -0.398963    -0.695872     0.597152
   -0.907919     0.391037    -0.150907
    0.128496     0.602372     0.787805
    0.396027     0.889608     0.227509
    0.911684    -0.410492    0.0181302
   -0.109519    -0.200236     0.973607
     -0.3686    -0.776577     0.510942
    -0.92347     0.368856     -0.10558
    0.106473     0.510757     0.853107
   -0.371354    -0.765643      0.52525
   -0.918729     0.384819   -0.0886061
    0.134285     0.515467     0.846322
   -0.374342    -0.659056     0.652314
   -0.923787     0.326146    -0.200615
   0.0805334     0.677698     0.730917
    0.397149     0.495831    -0.772285
    0.913877    -0.290929     0.283178
  -0.0842719    -0.818237    -0.568671
    0.397649     0.412429     -0.81962
    0.914125    -0.255043     0.315163
  -0.0790564     -0.87456     -0.47843
   -0.364838    -0.464329    -0.807027
   -0.927352     0.258613     0.270439
   0.0831353     0.847064    -0.524948
    0.366034      0.47717    -0.798955
    0.925907    -0.272868     0.261228
  -0.0933591    -0.835376    -0.541693
   -0.377439     -0.38835    -0.840669
   -0.922947     0.231829     0.307285
   0.0755571     0.891874    -0.445928
   -0.331997    -0.444373    -0.832052
   -0.939095     0.238705     0.247224
   0.0887549     0.863454    -0.496558
   -0.341195    -0.388969    -0.855739
    -0.93662     0.217723     0.274479
   0.0795505     0.895154    -0.438602
    0.304048    -0.202656    -0.930852
       0.949   -0.0210962     0.314569
  -0.0833866    -0.979023     0.185906
   -0.328777    -0.483945    -0.810989
   -0.939156     0.257976     0.226793
   0.0994608     0.836209    -0.539316
    0.299851     0.188696    -0.935138
    0.949228    -0.156796      0.27273
  -0.0951626    -0.969437    -0.226131
   -0.306065    -0.473352    -0.825991
   -0.945776     0.250315     0.207002
    0.108774     0.844559    -0.524298
    0.344983     0.125386    -0.930196
    0.936231     -0.11647     0.331521
  -0.0667714    -0.985248     -0.15757
    0.303307    -0.165039    -0.938492
    0.950472   -0.0177654     0.310303
  -0.0678848    -0.986127     0.151477
   -0.385364    -0.397959     -0.83254
   -0.920583     0.227802     0.317227
   0.0634107      0.88867    -0.454141
   -0.424008    -0.316257    -0.848645
   -0.903411     0.213671     0.371744
   0.0637646     0.924298    -0.376308
   -0.406619    -0.381791    -0.829998
   -0.910851     0.239808      0.33592
   0.0707888     0.892596    -0.445265
   -0.439687    0.0126842    -0.898062
   -0.836869     0.357231     0.414773
    0.326076      0.93393    -0.146455
   -0.413239    -0.317074    -0.853638
   -0.863956     0.432756     0.257491
    0.287773     0.843911     -0.45277
    0.415047     0.213132    -0.884483
    0.861604      -0.4043     0.306888
   -0.292189    -0.889447    -0.351439
    0.438526     0.176592    -0.881198
    0.836195    -0.439497     0.328056
   -0.329352    -0.880714    -0.340396
    0.392404     0.165027    -0.904867
    0.887417     -0.32664     0.325265
   -0.241888     -0.93063    -0.274623
   -0.432806    -0.327242    -0.839995
     -0.8538     0.447841     0.265451
    0.289318     0.832076    -0.473228
    0.411778    0.0991159    -0.905878
    0.881692    -0.294599     0.368551
   -0.230341    -0.950467    -0.208699
     0.43264     0.123345    -0.893089
    0.874741    -0.297276     0.382695
   -0.218291    -0.946791    -0.236508
    -0.44813    -0.261294     -0.85493
   -0.827704     0.482601      0.28636
    0.337766     0.835955    -0.432542
    0.443551     0.375542    -0.813776
     0.85404    -0.452464     0.256693
   -0.271805    -0.808853    -0.521419
    0.456249     0.883313     0.107678
    0.825159    -0.465265     0.320375
    -0.33309    0.0573194     0.941151
    0.390351     0.163791     -0.90598
    0.905172    -0.248051     0.345158
   -0.168196      -0.9548    -0.245086
    0.410826    0.0425601     -0.91072
    0.900574    -0.174623     0.398088
    -0.14209    -0.983715    -0.110068
    0.395966   -0.0526452    -0.916755
    0.915393   -0.0562662     0.398609
  -0.0725671    -0.997027    0.0259116
   -0.368206    -0.367663    -0.853961
   -0.922334     0.260179      0.28567
    0.117152     0.892822    -0.434907
   -0.370108     0.361685    -0.855689
   -0.905022    0.0674972     0.419975
    0.209655     0.929854     0.302352
     0.35906    0.0369397    -0.932583
    0.919992    -0.182233     0.346995
    -0.15713    -0.982561   -0.0994169
   -0.370492    -0.373255    -0.850539
   -0.904777     0.352092     0.239604
    0.210035     0.858319     -0.46816
    0.387172      -0.1792    -0.904425
    0.887404    -0.193789     0.418282
   -0.250224    -0.964538    0.0839935
      0.3582     0.277549    -0.891437
    0.918408    -0.276539     0.282936
   -0.167989     -0.92005     -0.35396
    0.446554     0.871513    -0.202617
    0.834516    -0.323985     0.445664
   -0.322757     0.368101     0.871969
   -0.440296    -0.718665    -0.538201
   -0.859435     0.163877     0.484268
    0.259828     -0.67577       0.6898
    0.433975     0.867685    -0.242464
    0.868092    -0.330739     0.370173
   -0.241001     0.371127     0.896763
    0.420184     0.894878    -0.150463
    0.848735    -0.328892       0.4141
   -0.321083     0.301702     0.897709
   -0.423476     0.601625    -0.677285
   -0.889457    -0.134301      0.43684
    0.171854     0.787407     0.591993
     0.40303     0.909559    -0.101339
    0.884257    -0.358471     0.299312
   -0.235915     0.210241     0.948759
    -0.40621     0.566101    -0.717303
     -0.9001    -0.112567      0.42089
    0.157522     0.816614     0.555273
    0.387444     0.887301    -0.250168
    0.911188    -0.327342     0.250166
   -0.140082     0.324876     0.935325
   -0.399643    -0.916669   0.00199851
   -0.858959     0.375243     0.348398
    0.320116    -0.137518     0.937344
    0.377142     0.903879    -0.201908
    0.898291    -0.303924     0.317337
   -0.225469     0.301053     0.926569
     0.38098     0.914686    -0.134919
    0.872744    -0.307595     0.379081
    -0.30524     0.262173     0.915475
   -0.407464    -0.688477    -0.599976
   -0.910205     0.252823     0.328035
   0.0741569    -0.679764     0.729672
    -0.38501    -0.744702    -0.545148
   -0.920988      0.27189      0.27903
   0.0595742    -0.609504     0.790541
   -0.380226     0.610419     -0.69485
   -0.924854    -0.257904     0.279519
 -0.00858076     0.748915     0.662611
   -0.408485     0.633708    -0.656928
   -0.912653    -0.272265     0.304855
   0.0143309     0.724076     0.689572
   -0.423206     0.623921    -0.656977
   -0.900141    -0.206973     0.383286
    0.103164     0.753581      0.64921
   -0.414954     0.587772    -0.694505
     -0.9096     -0.25039      0.33156
   0.0209844     0.769304     0.638538
    0.427149     -0.32095    -0.845302
    0.896938    0.0323069     0.440975
   -0.114222    -0.946545     0.301672
   -0.433855    -0.686279    -0.583773
   -0.880685     0.186267     0.435544
    0.190167    -0.703083     0.685208
   -0.401731     0.392638    -0.827313
   -0.914334    -0.121619     0.386268
   0.0510463     0.911616      0.40786
   -0.428437    -0.691856    -0.581187
   -0.894147     0.417286     0.162399
   -0.130164    -0.589244     0.797401
   -0.426754     0.485353    -0.763095
   -0.895633    -0.343808     0.282202
   -0.125391     0.803883     0.581419
   -0.413386     0.532368    -0.738713
   -0.902994    -0.344019     0.257394
   -0.117103     0.773457     0.622938
   -0.415737     0.451618    -0.789433
   -0.902122    -0.314993     0.294881
   -0.115492     0.834758     0.538369
   -0.427035     0.536783    -0.727671
   -0.895634     -0.36182       0.2587
    -0.12442     0.762201     0.635271
   -0.400934     0.476525    -0.782417
   -0.913244    -0.275364     0.300265
  -0.0723657     0.834924     0.545587
   -0.410011      0.42716    -0.805869
   -0.907401    -0.280425     0.313026
  -0.0922742     0.859591     0.502583
    -0.40436     0.524906    -0.748977
   -0.912955    -0.280737      0.29614
  -0.0548195      0.80353     0.592735
     0.38844   -0.0735473    -0.918534
    0.920773    0.0698655     0.383792
    0.035947    -0.994841    0.0948589
   -0.421404    -0.677071    -0.603319
   -0.900601      0.39055     0.190757
    -0.10647    -0.623735      0.77435
   -0.398282    -0.556654    -0.729046
   -0.914761     0.182376     0.360488
   -0.067707     0.810478    -0.581842
   -0.409229     0.402397    -0.818907
   -0.909408     -0.25289     0.330189
  -0.0742261     0.879843     0.469433
   -0.402259     0.490718    -0.772906
   -0.915425    -0.228128     0.331595
   -0.013602     0.840924     0.540982
   -0.381752    -0.402385    -0.832077
   -0.924097     0.183333     0.335312
   0.0176222     0.896926     -0.44183
   -0.408084     0.603782    -0.684773
   -0.912168    -0.300576     0.278572
  -0.0376297      0.73831     0.673411
   -0.401196     0.526143     -0.74981
   -0.914507    -0.276671     0.295178
  -0.0521449     0.804131     0.592161
   -0.402901     0.351076    -0.845232
   -0.910222    -0.250307     0.329912
  -0.0957433      0.90227     0.420407
   -0.393722     0.551731    -0.735239
   -0.914412     -0.31686     0.251894
  -0.0939903     0.771488     0.629264
   -0.382557      0.52167    -0.762569
   -0.921936    -0.269754     0.277969
  -0.0606977     0.809378     0.584142
   -0.408606     -0.69392    -0.592888
   -0.905287     0.390811     0.166497
   -0.116172    -0.604766     0.787884
    0.386132    -0.295051    -0.873983
    0.921894     0.156133      0.35459
    0.031835    -0.942638     0.332294
    0.369412    -0.278479    -0.886557
    0.929254     0.115454     0.350938
   0.0046275    -0.953478     0.301428
    0.364074    0.0266949    -0.930987
    0.930925   -0.0413245     0.362864
  -0.0287859    -0.998789   -0.0398961
   -0.380165    -0.445506    -0.810554
   -0.924916     0.185167     0.332029
  0.00216695     0.875921     -0.48245
    0.350081    0.0850555     -0.93285
    0.934688   -0.0972676     0.341902
  -0.0616555    -0.991617    -0.113552
   -0.365811    -0.416153    -0.832466
   -0.928904      0.21863     0.298895
    0.057616      0.88262    -0.466543
   -0.355522     -0.67551      0.64598
   -0.930081     0.324072    -0.172994
   0.0924849     0.662317     0.743494
   -0.379487    -0.635072     -0.67281
   -0.924584     0.286778     0.250804
   0.0336687     0.717246    -0.696006
   -0.354088    -0.709043     0.609819
   -0.925828     0.357904    -0.121437
    0.132152     0.607587     0.783181
   -0.350074    -0.496504    -0.794312
   -0.931004     0.277976     0.236563
    0.103345     0.822322    -0.559559
   -0.361419    -0.632112    -0.685427
   -0.930145     0.295562     0.217884
   0.0648585     0.716294    -0.694778
    0.369434      0.33557    -0.866551
    0.929187    -0.144866     0.340038
  -0.0114274     -0.93081    -0.365325
    0.665144   -0.0414378    -0.745564
    0.584803    -0.591945     0.554623
   -0.464316    -0.804912    -0.369496
    0.674041    0.0935048    -0.732752
    0.581727    -0.678539     0.448529
   -0.455262    -0.728589    -0.511757
   -0.668834    -0.212355    -0.712437
   -0.624559     0.680302     0.383557
    0.403222     0.701494    -0.587637
   -0.672584    -0.175792    -0.718838
   -0.621808     0.660917     0.420171
    0.401229      0.72958    -0.553831
    0.676006     0.150808    -0.721299
    0.581511    -0.710392     0.396469
   -0.452615    -0.687459    -0.567926
   -0.666619    -0.264145    -0.697027
   -0.653571     0.656766      0.37617
     0.35842     0.706318     -0.61045
   -0.668696    -0.282327     -0.68785
   -0.616513     0.727673     0.300673
    0.415642     0.625127     -0.66065
   -0.661359    -0.313691    -0.681324
   -0.655431     0.683364     0.321595
