   -0.115575    -0.829558     0.546329
   -0.971883   -0.0191542    -0.234684
    0.205149    -0.558092     -0.80402
   -0.113968    -0.806507     0.580137
   -0.977323   -0.0138856    -0.211299
     0.17847    -0.591062    -0.786635
   -0.110812    -0.887212     0.447858
   -0.981474    0.0268205    -0.189711
    0.156302    -0.460583    -0.873747
  -0.0988234    -0.888754     0.447604
   -0.985479    0.0249948    -0.167948
    0.138077    -0.457702    -0.878319
  -0.0962473    -0.896627     0.432199
   -0.988593    0.0355749    -0.146349
    0.115845    -0.441355    -0.889824
   -0.106838    -0.894586    -0.433937
   -0.988431    0.0483037     0.143777
     0.10766    -0.444278     0.889397
   -0.095409    -0.882286     0.460942
   -0.992018     0.045922    -0.117436
   0.0824445    -0.468468    -0.879625
  -0.0885323    -0.871786      0.48182
   -0.991586    0.0312754    -0.125611
   0.0944369    -0.488887     -0.86722
  -0.0835341    -0.868154     0.489214
   -0.994237    0.0395103   -0.0996532
   0.0671854    -0.494719    -0.866452
  -0.0713535    -0.905101     0.419167
    -0.99475    0.0336682   -0.0966341
    0.073351    -0.423862    -0.902752
  -0.0565114    -0.761817     0.645322
   -0.997565     0.016626   -0.0677301
   0.0408688    -0.647579    -0.760902
  -0.0520586    -0.912078     0.406698
   -0.997026    0.0242956   -0.0731361
   0.0568249    -0.409295    -0.910631
    0.140667     0.986001    -0.089525
    0.961243    -0.114358     0.250865
   -0.237116     0.121344     0.963873
    0.139151     0.955734    -0.259246
    0.964378   -0.0713117     0.254736
   -0.224973     0.285458     0.931612
   -0.136231    -0.692132    -0.708797
   -0.966494   -0.0642651     0.248515
    0.217556    -0.718904     0.660187
    0.133365     0.952684    -0.273143
    0.969539   -0.0682836     0.235225
   -0.205444     0.296193     0.932771
    0.135555      0.95868    -0.250113
    0.967991   -0.0743284     0.239728
   -0.211232     0.274604     0.938069
    -0.13235    -0.766236    -0.628781
   -0.971296   -0.0262402     0.236422
    0.197654    -0.642023     0.740769
    0.128215     0.951527    -0.279567
     0.97365   -0.0671665     0.217931
   -0.188589     0.300142     0.935066
   -0.127838    -0.930689    -0.342747
    -0.97489    0.0543826     0.215944
    0.182338    -0.361747     0.914271
   -0.122976    -0.864597    -0.487185
   -0.978399    0.0234263     0.205395
    0.166171     -0.50192     0.848801
    0.129454     0.963815    -0.233027
      0.9725   -0.0775202     0.219625
   -0.193613      0.25505     0.947345
   -0.121716    -0.850994    -0.510876
   -0.977635    0.0138487     0.209852
    0.171508    -0.524993     0.833647
   -0.121834     -0.88773     -0.44395
   -0.976902    0.0281381     0.211827
    0.175553    -0.459504     0.870653
   -0.127174    -0.939039    -0.319424
   -0.976584    0.0622042     0.205946
    0.173522    -0.338136     0.924962
   -0.123369    -0.813345     -0.56855
   -0.979458   0.00771213     0.201499
    0.159503     -0.58173     0.797589
    -0.12256     -0.91163     0.392314
   -0.981364    0.0523721    -0.184883
    0.147998    -0.407662    -0.901059
   -0.129478    -0.933801     0.333544
    -0.97795    0.0646725    -0.198571
    0.163854      -0.3519    -0.921584
    0.132146      0.71868    -0.682668
      0.9728    0.0381598      0.22848
   -0.190255     0.694293      0.69409
   -0.131558    -0.919008     0.371642
   -0.974887    0.0519874    -0.216546
    0.179686    -0.390797    -0.902768
   -0.134599    -0.896533    -0.422032
   -0.969633    0.0314005     0.242541
    0.204194    -0.441862     0.873535
   -0.134893    -0.676035    -0.724417
   -0.968267   -0.0652982     0.241237
    0.210388     -0.73397     0.645774
    0.136342     0.989841   -0.0403186
    0.965138     -0.12354     0.230751
   -0.223426     0.070374     0.972177
   -0.135036    -0.897124     0.420635
   -0.971157    0.0356378    -0.235761
    0.196516    -0.440339    -0.876061
   -0.136782    -0.891476    -0.431928
   -0.966681    0.0248817     0.254773
    0.216377    -0.452384     0.865176
   -0.139979    -0.805395     0.575972
    -0.96738    -0.012803    -0.253005
    0.211143      -0.5926    -0.777331
    0.137658     0.989144   -0.0514249
    0.963273    -0.121611     0.239406
   -0.230553    0.0824924     0.969557
   -0.112385    -0.914159    -0.389465
   -0.981146    0.0400698     0.189069
    0.157233    -0.403371     0.901427
     -0.1126    -0.854039    -0.507877
   -0.982423    0.0191028     0.185687
    0.148882    -0.519858     0.841179
   -0.106325    -0.930489    -0.350549
   -0.985341    0.0512975       0.1627
    0.133408    -0.362709     0.922304
    0.102669     0.979276    -0.174576
    0.984987   -0.0756013     0.155195
   -0.138781     0.187889     0.972336
   -0.108647    -0.923377      -0.3682
   -0.985453    0.0513503     0.162005
    0.130685    -0.380445     0.915523
  -0.0943064    -0.921119    -0.377685
   -0.989826    0.0461554     0.134589
     0.10654    -0.386535       0.9161
  -0.0971206    -0.909815    -0.403489
   -0.990027    0.0467443     0.132899
    0.102053    -0.412372     0.905281
   0.0804455     0.931488     0.354766
    0.994246    -0.100247     0.037761
  -0.0707381    -0.349686     0.934192
  -0.0875326      -0.7976    -0.596801
   -0.990669   0.00686947      0.13612
     0.10447    -0.603147     0.790759
   0.0754221     0.953124      0.29303
    0.994491   -0.0933514    0.0476703
  -0.0727905    -0.287821     0.954914
  -0.0703183    -0.903238     0.423339
   -0.994712     0.095341    0.0381943
   0.0748601     0.418415     0.905166
    0.105333     0.926503     0.361244
    0.989976    -0.132066    0.0500546
  -0.0940838    -0.352351     0.931127
  -0.0896647    -0.872536     0.480251
   -0.993692     0.110984    0.0161129
   0.0673592     0.475777     0.876983
   0.0960965     0.982773    -0.157868
    0.993236   -0.0842914    0.0798589
  -0.0651763     0.164474     0.984226
    0.106741      0.97336    -0.202922
    0.989878    -0.084833     0.113775
  -0.0935293     0.213012     0.972563
   -0.112884     0.374778    -0.920217
   -0.986354    0.0694422     0.149279
    0.119848      0.92451     0.361824
   -0.112535    -0.933546    -0.340336
   -0.987114    0.0658193     0.145855
    0.113762    -0.352364     0.928923
   -0.117701    -0.909122    -0.399554
    -0.98345    0.0509024     0.173884
    0.137744    -0.413408     0.900067
   -0.115663    -0.869772    -0.479707
    -0.98261    0.0295661     0.183312
    0.145257    -0.492568     0.858066
   -0.117808     -0.91236     0.392071
   -0.984262    0.0549117    -0.167967
    0.131717    -0.405689    -0.904471
  -0.0735012    -0.903485     0.422271
   -0.994454    0.0344598   -0.0993668
   0.0752251    -0.427233    -0.901007
  -0.0890932    -0.897032     0.432893
    -0.99144    0.0382239     -0.12484
   0.0954389     -0.44031    -0.892759
  -0.0990333    -0.905743     0.412096
   -0.989702    0.0466407     -0.13533
    0.103354    -0.421254    -0.901034
   -0.102117    -0.902519     0.418368
   -0.987762    0.0421521    -0.150165
    0.117891    -0.428582    -0.895778
   -0.109649    -0.907091     0.406403
   -0.985927    0.0473452    -0.160332
    0.126195    -0.418264    -0.899517
   -0.113196    -0.862276     0.493626
   -0.983357    0.0261672    -0.179789
    0.142111    -0.505762    -0.850887
   -0.107369    -0.897038     0.428713
   -0.983998    0.0342059    -0.174864
    0.142195    -0.440628    -0.886356
   -0.113599    -0.927125     0.357119
   -0.985728    0.0602264    -0.157204
     0.12424    -0.369881    -0.920735
   -0.118286    -0.925358     0.360168
   -0.983121     0.058152     -0.17347
    0.139577    -0.374608    -0.916617
   -0.105218    -0.881942     0.459465
   -0.989347     0.046091    -0.138089
    0.100609    -0.469099    -0.877396
  -0.0951805    -0.907892     0.408256
   -0.992482    0.0548471    -0.109416
   0.0769464      -0.4156    -0.906287
  -0.0864545    -0.914196     0.395944
    -0.99294    0.0466687    -0.109055
   0.0812194    -0.402577    -0.911776
  -0.0675222    -0.913957     0.400155
   -0.996289    0.0403092   -0.0760473
    0.053374    -0.403805    -0.913287
   0.0887631     0.980117     -0.17746
    0.994194   -0.0763012    0.0758686
  -0.0608197     0.183164     0.981199
  -0.0596328    -0.926996     0.370301
   -0.996617    0.0342704   -0.0747028
   0.0565588    -0.373503    -0.925903
   -0.117326    -0.891595      0.43737
   -0.980169    0.0331432     -0.19537
    0.159695    -0.451619    -0.877803
   -0.124629    -0.874943     0.467913
   -0.975505    0.0218946    -0.218887
    0.181269    -0.483731     -0.85624
   -0.128539     -0.85378     0.504517
   -0.976478     0.020158    -0.214671
    0.173112    -0.520243    -0.836289
   -0.124579    -0.883899     0.450781
   -0.970724    0.0145438    -0.239755
    0.205363    -0.467452    -0.859834
   -0.131002    -0.860797     0.491799
   -0.971941    0.0137571     -0.23482
    0.195367    -0.508762    -0.838447
   -0.131714    -0.862781     0.488119
   -0.967132   0.00380348    -0.254247
    0.217503    -0.505564    -0.834924
   -0.127466    -0.871686     0.473197
   -0.964492  -0.00233188    -0.264102
    0.231318    -0.490059    -0.840437
   -0.137414    -0.847948     0.511959
    -0.97165    0.0150047    -0.235946
    0.192389    -0.529867    -0.825971
   -0.137585    -0.873985     0.466069
   -0.967744    0.0183518    -0.251268
    0.211051    -0.485606    -0.848318
   -0.133456    -0.838809     0.527815
   -0.975389    0.0168482    -0.219847
    0.175517    -0.544165    -0.820413
   -0.129209    -0.858915      0.49555
   -0.978287    0.0287472     -0.20525
    0.162047    -0.511311     -0.84398
    -0.12434    -0.867751     0.481195
   -0.979718    0.0305658    -0.198038
     0.15714    -0.496059    -0.853951
   0.0529961    -0.762705     0.644571
    0.997412    0.0718322   0.00299092
  -0.0485821     0.642745     0.764539
  -0.0580582    -0.835921     0.545771
   -0.997346    0.0726211   0.00513281
   0.0439251     0.544024     0.837919
  -0.0366431     -0.51612    -0.855732
   -0.999215    0.0318484    0.0235783
   0.0150844     0.855924    -0.516882
   0.0317391    -0.777213     0.628436
    0.999366     0.034809  -0.00742309
  -0.0161059     0.628274     0.777826
  -0.0423662    -0.601625    -0.797654
   -0.999031    0.0350313    0.0266398
   0.0119157      0.79801    -0.602526
   0.0118625    -0.633332     0.773789
    0.999696  -0.00920773   -0.0228621
   0.0216041     0.773825     0.633031
   0.0199675    -0.534813     0.844734
    0.999601  -0.00620586   -0.0275572
   0.0199803     0.844947     0.534476
  0.00132297    -0.314372     0.949299
    0.998838   -0.0453118   -0.0163976
   0.0481694     0.948218     0.313947
  0.00968377    -0.660124     0.751095
     0.99983  -0.00540914   -0.0176447
   0.0157105     0.751137     0.659959
 -0.00699592    -0.304935     0.952347
    0.998618   -0.0517442   -0.0092323
   0.0520937     0.950966     0.304876
   -0.011445    -0.376368     0.926399
    0.998657   -0.0511192   -0.0084305
   0.0505298     0.925059     0.376448
   0.0300993     0.683719    -0.729124
    0.999398  -0.00801143     0.033744
   0.0172301    -0.729701    -0.683549
   0.0109216    -0.341046     0.939983
    0.998781   -0.0415403   -0.0266765
   0.0481451     0.939128     0.340177
   0.0206395    -0.673703     0.738714
    0.998669   -0.0210336   -0.0470851
   0.0472592     0.738703     0.672372
  -0.0391064    -0.460201    -0.886953
    -0.99903  6.15152e-06    0.0440447
   -0.020264     0.887815    -0.459755
   0.0495678   -0.0377067    -0.998059
     0.99873  -0.00718675    0.0498726
 -0.00905333    -0.999263    0.0373026
   -0.057206    -0.780901     -0.62203
    -0.99836    0.0434968    0.0372095
   0.0020006    -0.623139     0.782108
  -0.0700257    -0.916529      0.39379
   -0.996842    0.0791122   0.00686659
    0.037447     0.392066     0.919175
   0.0632308     0.708521     0.702852
    0.997094    -0.074839   -0.0142592
  -0.0424978    -0.701711     0.711193
  -0.0777269    -0.766869     -0.63708
   -0.996422    0.0384701     0.075261
   0.0332068     -0.64065     0.767115
   0.0331233       -0.177    -0.983653
   -0.996037   -0.0871254   -0.0178628
  -0.0825395     0.980347    -0.179185
  -0.0244126    -0.801852     0.597024
     0.99686   -0.0645204   -0.0458941
   0.0753205     0.594029      0.80091
  -0.0443203    -0.610557     0.790731
    0.993236    -0.111957   -0.0307759
    0.107318     0.784019     0.611389
  -0.0513912     0.277439    -0.959368
    0.992696     0.119181   -0.0187107
    0.109147    -0.953322    -0.281538
  -0.0390058     -0.79089     0.610715
    0.993109   -0.0982758   -0.0638404
    0.110509     0.604016     0.789273
   0.0650248     -0.13107    -0.989238
   -0.987835    -0.148789   -0.0452187
   -0.141261     0.980144     -0.13915
  -0.0614285    -0.884887    -0.461738
    0.987826    -0.120141     0.098823
    0.142921     0.450047    -0.881494
   0.0801228     0.192711    -0.977979
    -0.98232    -0.151276    -0.110288
   -0.169199     0.969525     0.177183
  -0.0700046     0.654246    -0.753035
    0.987655     0.151501    0.0398104
    0.140132    -0.740952    -0.656775
   0.0879344    0.0929722    -0.991778
    -0.98089    -0.165389    -0.102473
   -0.173557     0.981836    0.0766521
  -0.0949772   -0.0280552    -0.995084
    0.980369      0.17087   -0.0983902
     0.17279    -0.984894    0.0112757
   -0.054508      0.64683    -0.760684
    0.988216      0.14407    0.0516946
     0.14303    -0.748903    -0.647061
  -0.0737295    -0.678313    -0.731064
    0.982351    0.0769608     -0.17048
    0.171902    -0.730731     0.660668
   0.0690336     0.266256    -0.961427
    -0.98302    -0.146087    -0.111041
   -0.170017     0.952768      0.25165
   0.0473046     0.177275    -0.983024
    -0.98879    -0.131221    -0.071246
   -0.141623     0.975374     0.169081
  -0.0351102    -0.437339     0.898611
    0.992758     -0.11863   -0.0189464
    0.114888     0.891438     0.438336
  -0.0273742    -0.715198     0.698385
    0.993196   -0.0985727    -0.062016
    0.113195     0.691936      0.71303
  -0.0135969    -0.649357     0.760362
    0.996715   -0.0695224   -0.0415494
   0.0798426     0.757299     0.648169
  -0.0173616    -0.679527     0.733445
    0.997383   -0.0632571   -0.0349976
   0.0701774     0.730918     0.678847
 -0.00778406      -0.4771     0.878815
    0.996286   -0.0790675   -0.0341004
    0.085755     0.875285     0.475943
   0.0533942    -0.924504     0.377413
   -0.986075    0.0107971     0.165953
   -0.157499    -0.381018    -0.911054
    0.034526    -0.936165     0.349861
   -0.990951    0.0133667     0.133559
    -0.12971    -0.351306    -0.927232
   0.0312197    -0.936437    -0.349443
   -0.989649    0.0200343    -0.142104
   -0.140073    -0.350262     0.926119
   0.0139417    -0.925978      0.37732
   -0.993455    0.0299589     0.110229
   -0.113374    -0.376387      -0.9195
   0.0164485    -0.963538     0.267067
   -0.994906     0.010795     0.100223
  -0.0994511    -0.267355    -0.958452
   0.0120738    -0.905003    -0.425234
   -0.992918    0.0394136    -0.112074
   -0.118188    -0.423575     0.898118
  -0.0052536    -0.924501     0.381144
   -0.996905    0.0347417    0.0705281
  -0.0784448    -0.379594    -0.921822
 -0.00532332    -0.974823    -0.222918
   -0.996631    0.0234157   -0.0785971
   -0.081838    -0.221749     0.971663
  -0.0245944    -0.958077    -0.285455
   -0.998223    0.0390364   -0.0450129
  -0.0542689    -0.283841     0.957335
   0.0086529    -0.934669     0.355413
   -0.996899    0.0197386    0.0761793
  -0.0782178     -0.35497      -0.9316
  -0.0134945    -0.912296      0.40931
   -0.998526     0.033814    0.0424465
  -0.0525642    -0.408134    -0.911407
  0.00394307    -0.925078     0.379756
   -0.998953    0.0136667    0.0436642
  -0.0455828    -0.379531    -0.924056
  0.00328494    -0.582003      0.81318
    0.996345   -0.0675066   -0.0523402
   0.0853572      0.81038     0.579654
   0.0251144    -0.858932     0.511474
     0.99862  -0.00205372   -0.0524831
   0.0461298     0.512086     0.857695
  -0.0199057    -0.545837     0.837655
    0.993158    -0.107219   -0.0462654
    0.115066     0.831003     0.544237
   0.0427596      0.11229    -0.992755
   -0.988599    -0.138838   -0.0582844
   -0.144376     0.983928     0.105073
  -0.0318675    -0.674934     -0.73719
    0.988756    0.0865264    -0.121962
    0.146102    -0.732788     0.664588
   0.0529316     0.146109    -0.987851
   -0.984697    -0.156846    -0.075961
   -0.166039     0.976756     0.135571
   0.0619419     0.219717    -0.973595
   -0.983689    -0.151608   -0.0967985
   -0.168873     0.963711     0.206743
   0.0488619    -0.934563    -0.352426
   -0.984824    0.0137523    -0.173009
   -0.166534    -0.355531     0.919709
   -0.020444    -0.944486     0.327914
   -0.999657    0.0246795   0.00875998
  -0.0163664    -0.327622    -0.944667
   -0.027445    -0.926197     0.376041
   -0.999351    0.0342048    0.0113104
   -0.023338    -0.375486    -0.926534
  -0.0454314    -0.908632     0.415119
   -0.998887    0.0360607   -0.0303887
   0.0126426    -0.416038    -0.909259
  -0.0280403     -0.91847     0.394496
   -0.999606    0.0262613  -0.00990875
 -0.00125911    -0.394618    -0.918844
  -0.0612871    -0.952504     0.298294
   -0.998105    0.0568628   -0.0234965
  0.00541868    -0.299169    -0.954185
  -0.0503879    -0.904548     0.423384
   -0.998233    0.0322489   -0.0499031
   0.0314861    -0.425151    -0.904575
  -0.0632017    -0.919679     0.387552
   -0.997552     0.046569   -0.0521699
   0.0299316      -0.3899    -0.920371
  -0.0406966    -0.907147     0.418841
   -0.998745    0.0246846   -0.0435797
   0.0291942    -0.420089    -0.907013
  -0.0768868     -0.92692    -0.367297
   -0.996573    0.0601728    0.0567604
    0.030511    -0.370402      0.92837
  -0.0610277     -0.80322     0.592548
   -0.998128    0.0466996   -0.0394962
  0.00405235    -0.593849    -0.804566
   -0.038812    -0.920395    -0.389059
   -0.998982    0.0446968  -0.00608193
  -0.0229874    -0.388427     0.921193
  -0.0405812    -0.957304      0.28622
   -0.998778    0.0469483    0.0154152
  -0.0281946    -0.285244     -0.95804
  -0.0410423    -0.860696     0.507462
   -0.999019    0.0268916   -0.0351879
   0.0166396    -0.508408    -0.860956
  -0.0308411     -0.92492      0.37891
   -0.999522    0.0293886  -0.00961765
 -0.00224009    -0.379025    -0.925384
  -0.0327185     -0.88918    -0.456386
   -0.999367    0.0354712   0.00253636
  -0.0139333    -0.456181     0.889778
 -0.00750237    -0.888067     0.459653
   -0.999449     0.021529     0.025282
   -0.032348     -0.45921    -0.887739
  -0.0202937    -0.951326    -0.307518
   -0.999422    0.0276919   -0.0197128
  -0.0272691     -0.30694     0.951338
  0.00323809    -0.928506     0.371303
   -0.998744    0.0155658    0.0476349
  -0.0500089    -0.370991    -0.927289
   0.0115176     -0.92165     0.387851
   -0.998748   0.00827673    0.0493269
  -0.0486722    -0.387933    -0.920401
 -0.00233241    -0.756876     0.653555
   -0.998902    0.0323412    0.0338892
  -0.0467866    -0.652758     -0.75612
   0.0180453    -0.932763     0.360038
   -0.997245   0.00912353    0.0736191
   -0.071954    -0.360375    -0.930028
   0.0329026    -0.914277     0.403751
   -0.994194    0.0114696     0.106992
   -0.102451    -0.404927    -0.908591
   0.0308329    -0.912561     0.407778
   -0.995037    0.0105939    0.0989447
   -0.094613    -0.408804    -0.907704
   0.0399524    -0.943341     0.329411
   -0.991497   0.00343287     0.130084
   -0.123844    -0.331807    -0.935183
   0.0476349    -0.930265     0.363784
   -0.991879  -0.00105412     0.127184
   -0.117931    -0.366888     -0.92276
    0.067948    -0.959035     0.275019
   -0.987921   -0.0261977     0.152727
   -0.139265    -0.282074    -0.949231
   0.0584185    -0.939529      0.33745
   -0.987649   -0.0051646       0.1566
   -0.145387     -0.34243    -0.928226
   0.0542627    -0.926589     0.372141
   -0.991727   -0.0065909     0.128195
   -0.116332    -0.376018    -0.919281
   0.0727156    -0.937733     0.339661
   -0.988398    -0.022222     0.150249
   -0.133345    -0.346646     -0.92847
   0.0767675    -0.963619    -0.256018
   -0.987618   -0.0382583     -0.15214
    -0.13681    -0.264527     0.954625
   0.0424977    -0.990549    -0.130407
   -0.992578    -0.026974    -0.118576
   -0.113938    -0.134479     0.984344
   0.0288778    -0.903019     0.428629
    -0.99506    0.0147746    0.0981663
  -0.0949788    -0.429346    -0.898132
   0.0202084     0.998604    0.0488021
   -0.994522    0.0150707     0.103439
   -0.102559     0.050625    -0.993438
   0.0130264    -0.917902     0.396593
   -0.997082    0.0179112    0.0742048
  -0.0752162    -0.396402    -0.914991
   0.0135039    -0.959894    -0.280037
   -0.997397   0.00690697   -0.0717718
  -0.0708275    -0.280277     0.957302
  -0.0393197     -0.99915   -0.0124179
    0.991969   -0.0405263     0.119815
    0.120217   0.00760707    -0.992719
  -0.0671353    -0.997517   -0.0212891
    0.989268   -0.0693251     0.128618
    0.129774    0.0124258    -0.991466
   -0.509995    -0.670937    -0.538283
   -0.850091     0.297582     0.434499
    0.131339    -0.679182     0.722123
   -0.530461    -0.713362    -0.457958
   -0.839154     0.365331     0.402931
    0.120129    -0.598036     0.792415
   -0.511344    -0.637273    -0.576551
   -0.854766     0.307755     0.417926
   0.0888964     -0.70652     0.702087
   -0.530501     0.408645    -0.742683
     -0.8436    -0.168607     0.509814
   0.0831109     0.896984     0.434179
   -0.547986     0.445444    -0.708019
   -0.829603    -0.181043     0.528187
    0.107096     0.876814     0.468751
    -0.51394     0.549506    -0.658718
   -0.855799    -0.275675     0.437735
   0.0589459     0.788699     0.611947
   -0.542785   -0.0055872    -0.839853
   -0.835555     0.104853     0.539309
   0.0850475     0.994472   -0.0615808
    0.525964    -0.291144    -0.799123
    0.848216     0.110646     0.517965
  -0.0623827    -0.950259     0.305148
    -0.53234      0.46419    -0.707914
   -0.843716    -0.222793     0.488372
   0.0689789     0.857258     0.510246
   -0.565922    0.0266243    -0.824029
   -0.816369     0.121577     0.564589
    0.115215     0.992225   -0.0470677
    0.548526    -0.163971    -0.819898
    0.831296   0.00162045     0.555827
  -0.0898111    -0.986464     0.137197
    0.572584     0.165303    -0.803008
    0.811016    -0.257566     0.525273
   -0.119999    -0.952016    -0.281542
    0.507148     0.733841     0.451971
    0.860579    -0.459748    -0.219171
  -0.0469564    -0.500109     0.864688
     -0.5142    -0.488145    -0.705204
   -0.855926     0.344484     0.385645
   0.0546811     0.801901     -0.59495
   -0.500023    -0.531657    -0.683606
   -0.864927     0.346084     0.363493
   0.0433317     0.773024    -0.632895
   -0.490044      -0.7734     0.402131
   -0.870926     0.453807     -0.18854
   0.0366729     0.442619     0.895959
    0.492505     0.153589     -0.85665
    0.869103    -0.138607     0.474813
  -0.0458122    -0.978365    -0.201749
   -0.476426    -0.722888     0.500451
    -0.87846     0.414957    -0.236893
   0.0364186     0.552489     0.832724
    0.469562     0.798605    -0.376487
    0.881389    -0.399072     0.252774
  -0.0516211     0.450525      0.89127
    -0.49377    -0.673489    -0.550094
    -0.86723     0.334788     0.368549
   0.0640484    -0.659037     0.749378
    -0.46824    -0.695767    -0.544665
   -0.880434     0.315232     0.354211
   0.0747527    -0.645397     0.760181
   -0.448701    -0.780238    -0.435771
   -0.892612     0.367421     0.261238
   0.0437161    -0.506192     0.861312
   -0.437122    -0.736016    -0.516918
   -0.897177     0.316426     0.308136
   0.0632268     -0.59846     0.798654
   -0.416924     0.602154    -0.680871
   -0.907471     -0.23316     0.349475
   0.0516858     0.763575     0.643647
   -0.487695     0.568445    -0.662589
   -0.867793    -0.232771     0.439036
    0.095336     0.789106     0.606814
      0.5773     0.110674    -0.808997
    0.804704    -0.245144       0.5407
   -0.138479    -0.963149    -0.230582
    0.550939     0.194181     -0.81164
    0.827855     -0.25007     0.502117
   -0.105465    -0.948556    -0.298527
     0.54901    0.0297505    -0.835286
    0.826759     -0.16605     0.537491
   -0.122709    -0.985668     -0.11576
     0.56872     0.275982     -0.77485
    0.808722    -0.359509     0.465534
   -0.150087    -0.891396    -0.427652
    0.529198   -0.0942338    -0.843249
    0.842463   -0.0599704     0.535406
   -0.101023    -0.993742    0.0476522
   -0.537786     0.419444    -0.731337
   -0.830335    -0.113241     0.545637
    0.146047     0.900691     0.409178
   -0.517131     0.333693    -0.788178
   -0.846952   -0.0666514     0.527475
    0.123481     0.940323     0.317089
   -0.503439     0.477364    -0.720189
   -0.851187    -0.130823     0.508297
    0.148426     0.868912     0.472188
    0.561527     0.816084    -0.136724
     0.80933    -0.507277     0.296066
   -0.172258     0.276904     0.945331
   -0.521085     0.590739    -0.616034
   -0.836073    -0.208166     0.507592
    0.171617     0.779548     0.602373
   -0.546296     0.578949    -0.605293
   -0.814259    -0.197698     0.545801
    0.196325     0.791033     0.579416
    0.502022    -0.312922    -0.806259
    0.858752    0.0698047     0.507614
   -0.102563     -0.94721     0.303766
   -0.486743     0.595146    -0.639439
   -0.864493    -0.223074     0.450432
     0.12543     0.772036      0.62308
   -0.472286     0.553609    -0.685903
   -0.874984     -0.20041     0.440725
    0.106528     0.808303      0.57905
    0.486704     0.110345     -0.86657
     0.86928    -0.159332     0.467938
  -0.0864372    -0.981039    -0.173469
    0.512142    -0.196615    -0.836094
    0.855066    0.0248323     0.517924
  -0.0810693    -0.980166     0.180836
    0.497696     0.269859    -0.824303
    0.864771    -0.227639     0.447606
  -0.0668532    -0.935605    -0.346661
    0.516732       0.1855     -0.83581
    0.853618    -0.186612     0.486325
  -0.0657589    -0.964762    -0.254775
    0.534146     -0.27781    -0.798442
    0.841468    0.0838133     0.533767
  -0.0813658    -0.956973     0.278537
   -0.500809     -0.41999    -0.756835
    -0.86387     0.297112      0.40676
   0.0540295     0.857516    -0.511613
   -0.441844    -0.696257     0.565686
   -0.894606     0.388887    -0.220106
   0.0667381     0.603318     0.794703
   -0.457548     -0.54705    -0.700989
   -0.887306     0.332117     0.319977
   0.0577671     0.768397    -0.637361
    -0.45935    -0.571781    -0.679753
   -0.886063     0.348691     0.305462
    0.062366     0.742618    -0.666805
   -0.471585    -0.500722    -0.725869
   -0.880265     0.316182     0.353783
   0.0523595     0.805796    -0.589875
   -0.470238    -0.499171    -0.727808
   -0.881134     0.312075     0.355264
   0.0497932     0.808355    -0.586586
     -0.4781    -0.443708    -0.757987
   -0.876671     0.293705     0.381032
   0.0535579     0.846676    -0.529406
   -0.479663    -0.629165     0.611617
   -0.876439     0.377041    -0.299491
   0.0421753     0.679699     0.732277
    -0.48291    -0.445263    -0.754015
   -0.874616     0.287492     0.390378
   0.0429518     0.847991    -0.528267
   -0.482363     -0.37924    -0.789622
   -0.875223     0.245905     0.416552
   0.0361993     0.892024    -0.450535
    -0.47701    -0.461508    -0.747978
   -0.877792      0.29283     0.379119
    0.044064     0.837414    -0.544791
   -0.479244    -0.455756    -0.750074
   -0.876724       0.2885     0.384868
   0.0409901     0.842053    -0.537834
   -0.478078    -0.468353    -0.743025
   -0.877217     0.296935     0.377252
   0.0439431     0.832151    -0.552806
    0.490426     0.248188    -0.835395
    0.870273    -0.189977     0.454461
  -0.0459141    -0.949901     -0.30916
    0.489057     0.110209    -0.865261
    0.871448    -0.104303     0.479269
  -0.0374295     -0.98842    -0.147052
    0.486914    0.0439116    -0.872346
    0.871405   -0.0927319     0.481721
  -0.0597412    -0.994722   -0.0834172
    0.475252     0.267996    -0.838042
    0.876787     -0.22366       0.4257
  -0.0733502    -0.937099     -0.34127
    0.464696     0.180834    -0.866808
    0.882832    -0.170135     0.437792
  -0.0683068    -0.968686    -0.238707
    0.449716     -0.26598    -0.852649
    0.889276     0.044276     0.455223
  -0.0833283    -0.962961     0.256441
    0.458884   -0.0685075    -0.885851
    0.883768   -0.0675279     0.463027
  -0.0915405    -0.995363    0.0295573
    0.444027     0.832749     0.330711
    0.892905     -0.44196   -0.0859732
  -0.0745671    -0.333468     0.939808
   -0.472155    -0.455593    -0.754655
   -0.880357     0.287572     0.377192
   0.0451717     0.842459    -0.536864
   -0.473318    -0.448501    -0.758167
   -0.879921     0.281102     0.383041
   0.0413279     0.848427    -0.527696
   -0.462234    -0.497827    -0.733831
   -0.885639     0.300724     0.353848
   0.0445255      0.81347      -0.5799
    0.462877       0.1999    -0.863588
    0.884903    -0.161234      0.43698
  -0.0518871    -0.966459    -0.251524
   -0.463213    -0.588773    -0.662405
   -0.885456     0.339038     0.317839
   0.0374454     0.733758    -0.678379
    0.439699     0.850644    -0.288218
    0.896395    -0.395608     0.199927
  -0.0560449     0.346265     0.936461
    0.441922    -0.172663     -0.88028
    0.895786    0.0327833     0.443276
  -0.0476789    -0.984435     0.169157
    0.409026    -0.248232    -0.878111
    0.910521    0.0473154     0.410747
  -0.0604122    -0.967544     0.245373
    0.441709     0.829842     0.340963
    0.894852     -0.43475    -0.101155
  -0.0642915    -0.349793     0.934619
    0.411503     0.854988      0.31569
    0.908646    -0.411806   -0.0691226
  -0.0709039    -0.315294     0.946341
    0.414423     0.838627     0.353495
    0.906546    -0.414617   -0.0791659
  -0.0801742    -0.353268     0.932081
   -0.446487     0.543381    -0.710905
   -0.893769    -0.232884     0.383331
   0.0427367     0.806537     0.589637
   -0.414049      0.32341    -0.850864
   -0.908582   -0.0902031      0.40785
   0.0551523      0.94195     0.331193
    0.469964     0.130161    -0.873036
    0.881982    -0.108731     0.458569
  -0.0352381    -0.985513    -0.165899
    0.483015   -0.0947995    -0.870465
    0.874923    0.0128316     0.484091
  -0.0347221    -0.995414    0.0891402
   -0.476145    -0.280068    -0.833575
   -0.878633     0.190246     0.437963
   0.0359248      0.94094    -0.336661
   -0.531005      -0.7586    -0.377571
     -0.8186      0.34412     0.459864
    0.218924     -0.55327      0.80372
    -0.50986    -0.751808    -0.418125
   -0.839225      0.32787     0.433822
     0.18906     -0.57209     0.798104
    0.489211       0.8158    -0.308453
    0.844968    -0.355695     0.399387
   -0.216104     0.456017     0.863335
   -0.508703    -0.704856     0.494368
   -0.825663     0.562103   -0.0481747
    0.243929     0.432688     0.867917
   -0.467663    -0.686468    -0.556824
   -0.863135     0.218901      0.45506
    0.190495    -0.693429     0.694887
    -0.47295     0.533356     -0.70132
   -0.846925    -0.055693     0.528787
    0.242973     0.844055     0.478053
    -0.44651     0.447177    -0.775023
   -0.868397  -0.00779227     0.495809
    0.215675     0.894411     0.391807
    0.425904     0.841234    -0.333063
    0.872492    -0.284421      0.39732
   -0.239509     0.459815     0.855106
    0.491863     0.844473     -0.21198
    0.827353    -0.377486     0.415923
   -0.271216     0.379959     0.884349
   -0.446056    -0.639131     0.626534
   -0.855045     0.511151   -0.0873149
    0.264448     0.574662     0.774487
    0.473155     0.875336   -0.0995545
    0.828642    -0.403826     0.387655
   -0.299126     0.265916     0.916413
    -0.42924     0.506666    -0.747691
   -0.883034   -0.0615043      0.46526
    0.189746     0.859946     0.473804
   -0.403726    -0.768344    -0.496642
   -0.889706     0.203263     0.408788
    0.213141    -0.606903     0.765663
   -0.391474    -0.832264    -0.392537
   -0.901577     0.261544     0.344605
    0.184137    -0.488806     0.852738
    0.416077     0.898619     0.139152
    0.894526    -0.431982     0.114953
    -0.16341    -0.076646     0.983576
   -0.452591     0.571764    -0.684286
   -0.875293    -0.138246     0.463411
    0.170362     0.808687      0.56303
   -0.437048    -0.801757    -0.407645
   -0.887245     0.309928     0.341674
    0.147598    -0.511009     0.846808
   -0.470038    -0.678845    -0.564122
   -0.870365     0.250232     0.424086
    0.146727    -0.690328     0.708462
   -0.484905     0.533434    -0.693048
   -0.858152    -0.137398     0.494669
    0.168649     0.834607     0.524393
   -0.454787     0.457116    -0.764339
   -0.881536     -0.10892      0.45938
    0.126738     0.882712       0.4525
    0.459505     0.865633    -0.198833
     0.83081    -0.339767     0.440809
   -0.314022     0.367746     0.875302
    0.436519     0.876111    -0.204648
    0.855172    -0.333372     0.396917
   -0.279519     0.348272     0.894749
    0.414764     0.865349    -0.281321
    0.858977    -0.270352      0.43482
   -0.300216     0.421996     0.855447
    0.432652      0.85646    -0.281582
    0.837159    -0.265722     0.478076
    -0.33463      0.44257     0.831958
   -0.394101    -0.828685    -0.397448
   -0.879061     0.213678     0.426138
    0.268208    -0.517323     0.812676
    0.382276     0.884915    -0.266063
    0.868178    -0.245352     0.431358
   -0.316436     0.395888     0.862056
   -0.372038    -0.873954    -0.312718
   -0.882564     0.228703     0.410823
     0.28752    -0.428836     0.856406
   -0.348885    -0.880523    -0.320872
   -0.885867      0.19813     0.419505
    0.305809    -0.430609     0.849151
    0.405428     0.895963    -0.181327
    0.842682    -0.289437     0.453998
   -0.354282     0.336864     0.872357
    0.365612      0.90263    -0.227127
    0.868573    -0.243164     0.431802
   -0.334528     0.355148     0.872904
    0.385883     0.903984     -0.18414
    0.845274    -0.266481     0.463141
   -0.369602     0.334367     0.866945
   -0.352174    -0.877936    -0.324349
   -0.900977     0.224184     0.371459
    0.253404    -0.423049     0.869952
   -0.330631    -0.873892    -0.356365
     -0.9033     0.183652     0.387713
    0.273372    -0.450094     0.850107
   -0.317898    -0.828695    -0.460657
   -0.916266     0.143626     0.373936
    0.243716    -0.540958     0.804964
   -0.341019    -0.870736    -0.354294
    -0.91303      0.21707     0.345335
    0.223789    -0.441247     0.869034
   -0.380024    -0.761207    -0.525495
   -0.894176      0.15694     0.419308
    0.236709    -0.629232     0.740294
    -0.36162    -0.825123    -0.434054
   -0.909175      0.20899     0.360172
    0.206473    -0.524877     0.825756
    0.396369     0.879218    -0.264324
     0.89122     -0.29933     0.340776
   -0.220496     0.370644     0.902222
   -0.418733    -0.833887    -0.359576
   -0.873796     0.262162     0.409576
    0.247273    -0.485699     0.838423
   -0.378739    -0.813271    -0.441754
   -0.905389     0.226606     0.359054
    0.191904    -0.535947     0.822152
   -0.283864    -0.815619      0.50417
   -0.947683      0.15858    -0.277035
    0.146004    -0.556434    -0.817964
   -0.302028     -0.72866    -0.614681
   -0.943289     0.135238     0.303176
    0.137784     -0.67139     0.728183
   -0.309946    -0.856099    -0.413555
   -0.938415     0.205616     0.277667
    0.152677    -0.474148     0.867106
   -0.329895    -0.851812    -0.406921
   -0.933543     0.230334     0.274671
    0.140241    -0.470491     0.871189
   -0.321117    -0.798897    -0.508573
   -0.939073     0.199101     0.280179
    0.122576    -0.567558     0.814158
   -0.337576     -0.83781    -0.429089
    -0.92743     0.218073      0.30384
    0.160987    -0.500519     0.850626
   -0.347636    -0.841733     -0.41308
   -0.928384     0.247288     0.277401
    0.131348    -0.479931     0.867418
   -0.352478    -0.717102    -0.601269
   -0.923455     0.162426     0.347634
    0.151628    -0.677778     0.719463
   -0.369462    -0.788042    -0.492431
   -0.918036     0.227478      0.32475
      0.1439    -0.572053     0.807495
   -0.340144    -0.805395    -0.485429
   -0.933369     0.226261      0.27862
    0.114566    -0.547855     0.828691
    0.360385     0.875112    -0.322957
    0.924228    -0.288148     0.250548
   -0.126198      0.38878     0.912647
    0.356037     0.896253    -0.264515
    0.928276    -0.306669     0.210373
   -0.107429     0.320444     0.941156
   -0.361918    -0.826231    -0.431692
   -0.916186     0.229766     0.328346
    0.172102    -0.514344     0.840138
   -0.377894    -0.846177     -0.37574
   -0.911363     0.268463     0.312002
    0.163137    -0.460339     0.872625
    -0.35281    -0.811902    -0.465124
   -0.918249     0.204883     0.338883
    0.179844    -0.546662     0.817813
   -0.324807    -0.837646    -0.439147
   -0.924932     0.184376     0.332424
    0.197485    -0.514155     0.834652
   -0.321314    -0.787389    -0.526094
    -0.93152     0.162855      0.32519
    0.170374    -0.594555     0.785797
   -0.294079    -0.796137    -0.528851
   -0.936684     0.130009     0.325147
    0.190106    -0.590985     0.783962
   -0.304912    -0.853158    -0.423262
   -0.928033     0.166312      0.33331
    0.213972    -0.494431     0.842469
   -0.287596    -0.814895     0.503224
   -0.942991     0.149036    -0.297584
    0.167501    -0.560119    -0.811301
   -0.382486    -0.923842   -0.0148416
   -0.918994     0.378718     0.109648
   0.0956771   -0.0555784      0.99386
    0.385474     0.901771    -0.195497
    0.915766    -0.347924     0.200802
   -0.113059     0.256434     0.959927
    0.409085     0.863127    -0.296077
    0.907074    -0.349333     0.234909
   -0.099327     0.364661     0.925827
   -0.406712    -0.748944    -0.523133
   -0.909563     0.278488     0.308447
   0.0853231    -0.601271     0.794476
    0.414878     0.875248    -0.248631
    0.903153     -0.36298     0.229261
   -0.110412     0.319667     0.941075
    0.427278     0.902839   -0.0481207
    0.899823    -0.419461     0.119874
  -0.0880423    0.0945197     0.991622
   -0.433268     0.577658    -0.691803
   -0.895775    -0.191412     0.401184
   0.0993276     0.793519     0.600384
    0.424522     0.895139     -0.13604
    0.902236    -0.405644     0.146366
  -0.0758337     0.184876     0.979832
     0.44185     0.886765    -0.135708
    0.890388    -0.415047     0.186937
   -0.109444      0.20343     0.972953
    -0.42435    -0.666658    -0.612776
    -0.89667     0.215104     0.386929
    0.126138    -0.713651     0.689051
    0.402357     0.913221   -0.0643171
    0.903866    -0.385113     0.186319
   -0.145381     0.133101     0.980382
    0.392428     0.910186    -0.132524
    0.910702    -0.364302     0.194696
    -0.12893     0.197094      0.97187
    0.690667    -0.253682    -0.677219
     0.56817    -0.388993     0.725167
   -0.447395    -0.885624     -0.12453
    0.699831    -0.158825    -0.696428
    0.560516    -0.482259     0.673237
   -0.442785    -0.861511    -0.248476
    0.689201     0.188608    -0.699592
    0.600639    -0.688745     0.406034
    -0.40526    -0.700041    -0.587969
    0.692411     0.231753     -0.68327
    0.599672    -0.711446     0.366385
   -0.401199    -0.663427    -0.631588
    0.703784    -0.312159    -0.638158
    0.555998    -0.317136     0.768304
   -0.442216    -0.895534   -0.0496359
    0.679418   -0.0635748    -0.730992
    0.636278    -0.445114     0.630099
   -0.365433    -0.893214    -0.261967
    0.693923      0.10412    -0.712482
      0.5975    -0.635453     0.489073
   -0.401827    -0.765087    -0.503167
     0.68145     0.570081    -0.458949
    0.639351     -0.15853     0.752395
