  -0.0130193    -0.848029      0.52979
   -0.997034   -0.0291831   -0.0712146
   0.0758529    -0.529145    -0.845134
   -0.042943      -0.8483     0.527773
    -0.99721   0.00411367   -0.0745274
   0.0610505    -0.529501     -0.84611
  -0.0765658    -0.878677     0.471237
   -0.995907    0.0446263   -0.0786023
   0.0480364    -0.475326    -0.878497
  -0.0920506    -0.940875     0.326009
    -0.99492    0.0735073   -0.0687768
   0.0407463    -0.330684    -0.942862
   -0.113694    -0.922091     0.369894
    -0.99286    0.0919213   -0.0760279
   0.0361035    -0.375897    -0.925958
   -0.106189    -0.944069     0.312182
   -0.994123    0.0941442   -0.0534519
   0.0210722    -0.316023    -0.948517
   -0.124113     -0.91838     0.375731
    -0.99215     0.109024   -0.0612481
   0.0152854    -0.380383    -0.924703
   -0.124549    -0.884845     0.448928
   -0.991796    0.0978973   -0.0822023
   0.0287875    -0.455483    -0.889779
   -0.123323    -0.857118      0.50014
   -0.992359     0.104538   -0.0655402
  0.00389215    -0.504401    -0.863461
    -0.12228    -0.881092     0.456864
   -0.992117    0.0958037   -0.0807776
   0.0274033     -0.46314    -0.885861
   -0.115642    -0.896886     0.426876
    -0.99329     0.104987   -0.0485049
 -0.00131286    -0.429621    -0.903009
   -0.106833    -0.837934     0.535214
   -0.994191    0.0829326   -0.0686087
   0.0131029    -0.539434    -0.841926
    0.154609     0.985805    0.0654628
     0.97169    -0.163707      0.17035
   -0.178649   -0.0372719     0.983207
   -0.179667    -0.843587     0.506044
   -0.964325     0.252697     0.078876
    0.194415     0.473819     0.858894
   -0.159373     -0.91128     0.379695
   -0.970289     0.215512     0.109968
     0.18204     0.350888     0.918553
   -0.181108     0.590568    -0.786402
    -0.96441    0.0499892     0.259643
    0.192649     0.805438     0.560497
      0.2037    -0.365641    -0.908192
    0.957846    -0.117513     0.262148
   -0.202576    -0.923308     0.326291
    0.154387     0.237466    -0.959049
    0.971444    -0.213493     0.103521
   -0.180167    -0.947645    -0.263645
   -0.199103    -0.728048    -0.655976
   -0.960775    0.0131536     0.277018
    0.193054      -0.6854     0.702109
   -0.177724     0.594461    -0.784238
   -0.967157     0.041647     0.250746
     0.18172     0.803045     0.567536
   -0.194346    -0.833145    -0.517783
   -0.964806    0.0670316     0.254275
     0.17714    -0.548978      0.81685
   -0.216065    -0.779874    -0.587463
   -0.955389    0.0447821     0.291937
    0.201366    -0.624333     0.754758
    -0.20865    -0.741179    -0.638059
   -0.959736    0.0297112     0.279328
    0.188074     -0.67065     0.717535
    0.220294     0.701796    -0.677461
    0.956083   -0.0176999      0.29256
   -0.193327     0.712158     0.674874
    0.151206    -0.199345    -0.968193
    0.974127    -0.136379     0.180212
   -0.167966    -0.970393     0.173566
   -0.173318    -0.716986    -0.675198
   -0.971146    0.0103838     0.238258
    0.163817     -0.69701     0.698098
   -0.151972    -0.934621    -0.321541
   -0.978344    0.0959925     0.183381
    0.140526    -0.342446     0.928969
   -0.129525    -0.893912     -0.42912
   -0.981514    0.0540877     0.183587
    0.140901    -0.444966     0.884394
    0.126048     0.903117     0.410478
    0.979085    -0.179867    0.0950826
   -0.159702    -0.389907       0.9069
  -0.0999262    -0.914505      0.39204
   -0.985964    0.0380438    -0.162566
    0.133753    -0.402782    -0.905471
  -0.0927798    -0.590149    -0.801945
     -0.9839       0.1779   -0.0170853
    0.152749     0.787449    -0.597153
   -0.128919    -0.751275     0.647276
   -0.977314     0.206864     0.045448
    0.168042     0.626733       0.7609
  -0.0869759    -0.376253    -0.922426
    -0.98511     0.170322     0.023413
      0.1483     0.910727    -0.385465
  -0.0578399    -0.890769      0.45076
   -0.991764 -0.000414632    -0.128079
    0.114276    -0.454455    -0.883409
   -0.063775    -0.513997    -0.855418
   -0.988407     0.150878   -0.0169687
    0.137786     0.844418    -0.517661
   -0.027878    -0.670909     0.741016
   -0.993999   -0.0598386   -0.0915729
    0.105778    -0.739121    -0.665215
   -0.127351    -0.769766     0.625494
   -0.977904     0.202854    0.0505405
    0.165788     0.605237      0.77859
   -0.213131    -0.718114    -0.662486
   -0.961677    0.0344802      0.27201
    0.172491    -0.695071     0.697942
   -0.210748     0.604014    -0.768605
   -0.961713    0.0128061     0.273761
    0.175198     0.796871     0.578189
    0.202062     0.921482    -0.331727
    0.967876     -0.13614      0.21138
   -0.149621     0.363782     0.919389
   -0.200765    -0.777055    -0.596556
   -0.967893     0.063318     0.243259
    0.151253     -0.62624     0.764818
   -0.196678    -0.890693    -0.409857
   -0.969694     0.114906     0.215615
    0.144952    -0.439843       0.8863
   -0.179639    -0.887678    -0.423978
   -0.977063     0.110897     0.181798
     0.11436    -0.446911     0.887238
   -0.179459     0.626396    -0.758566
   -0.977739   -0.0283521     0.207898
     0.10872      0.77899      0.61754
   -0.157291    -0.807331    -0.568749
    -0.98524    0.0889012     0.146281
   0.0675346    -0.583364     0.809399
   -0.177214    -0.793725     -0.58189
   -0.977691    0.0742365     0.196492
    0.112763     -0.60373     0.789174
    -0.15532     -0.90222    -0.402337
    -0.98495     0.110175     0.133172
   0.0758232    -0.416966     0.905754
   -0.152497    -0.895707     0.417676
   -0.985119     0.171664   0.00845803
   0.0792759      0.41017     0.908557
   -0.183967      -0.9063    -0.380494
   -0.976795     0.125376     0.173642
    0.109667    -0.403609     0.908335
   -0.160486     0.559448    -0.813181
   -0.984881   -0.0363269      0.16938
    0.065219     0.828069     0.556819
    0.165842    -0.293631    -0.941423
    0.983918   -0.0149578     0.177993
  -0.0663459    -0.955802     0.286428
   -0.178067    -0.769523    -0.613291
   -0.979186    0.0768806     0.187838
   0.0973957    -0.633974     0.767197
   -0.189322    -0.842002    -0.505164
   -0.972387    0.0892739     0.215624
    0.136458    -0.532037     0.835653
    0.180382     0.979905   -0.0851349
    0.976213    -0.167771     0.137332
   -0.120289     0.107882      0.98686
    0.186024    -0.176677     -0.96653
    0.969778    -0.125051     0.209508
   -0.157881    -0.976293     0.148075
   -0.201176     0.553032    -0.808507
    -0.96464     0.031635     0.261665
    0.170286     0.832559     0.527113
    0.170502     0.955683    -0.239999
    0.975955    -0.130223     0.174795
   -0.135795     0.264032     0.954907
   -0.131773    -0.924236     0.358364
    -0.99026     0.106337   -0.0898788
   0.0449618    -0.366717    -0.929246
   -0.137144     -0.91101     0.388911
   -0.989166       0.1052     -0.10239
   0.0523649    -0.398739    -0.915568
   -0.151251     -0.90127        0.406
   -0.985722      0.10677    -0.130204
   0.0740006    -0.419896     -0.90455
   -0.130853    -0.915161     0.381258
   -0.989871    0.0992441    -0.101515
    0.055065     -0.39068    -0.918878
   -0.143736     -0.90091     0.409513
   -0.986533    0.0978062    -0.131096
   0.0780524    -0.422842    -0.902836
   -0.121116    -0.876242     0.466403
   -0.989867    0.0715298    -0.122665
   0.0741227    -0.476534    -0.876026
   -0.113819    -0.890215     0.441092
   -0.992201    0.0791426   -0.0963008
   0.0508193    -0.448613     -0.89228
   -0.155579    -0.898642     0.410167
     -0.9816    0.0941042    -0.166153
    0.110713     -0.42847    -0.896747
   -0.136821    -0.902915      0.40746
   -0.984482    0.0783108    -0.157046
     0.10989    -0.422624    -0.899618
   -0.165064    -0.895395     0.413548
   -0.981496     0.107866     -0.15821
   0.0970523    -0.432011    -0.896631
   -0.160657    -0.836954     0.523161
   -0.984009    0.0945108    -0.150979
   0.0769184    -0.539051    -0.838754
   -0.148621    -0.903409     0.402198
   -0.986876     0.109523    -0.118663
   0.0631512    -0.414556     -0.90783
   -0.137941    -0.884122      0.44643
   -0.989569     0.104119   -0.0995638
   0.0415448    -0.455507    -0.889262
   -0.160702     -0.85482    -0.493414
   -0.986109      0.11778     0.117121
   0.0420032    -0.505381     0.861873
   -0.119407    -0.909659     0.397821
   -0.992467    0.0983038   -0.0731083
   0.0273963    -0.403554    -0.914545
   -0.100237     -0.89695      0.43062
   -0.993775    0.0691043   -0.0873854
   0.0486226    -0.436698    -0.898293
   -0.067839    -0.870623     0.487251
   -0.996482    0.0350403   -0.0761279
   0.0492052    -0.490702    -0.869937
  -0.0790678    -0.874553      0.47844
   -0.994587    0.0367493   -0.0971921
   0.0674173    -0.483535    -0.872725
  -0.0359588    -0.800172     0.598692
   -0.997242   -0.0101897   -0.0735154
   0.0649255    -0.599685    -0.797598
  -0.0429107    -0.863131     0.503153
   -0.997022   0.00469784   -0.0769708
   0.0640722    -0.504958    -0.860763
 -0.00973185    -0.776243     0.630359
   -0.997511   -0.0364878   -0.0603324
    0.069833    -0.629377    -0.773956
 -0.00855325    -0.756115     0.654383
   -0.997483   -0.0396097   -0.0588053
   0.0703834    -0.653239    -0.753873
  -0.0445898    -0.833044     0.551407
   -0.995352   -0.0101163   -0.0957728
   0.0853611    -0.553115     -0.82872
  -0.0208872    -0.792509     0.609502
   -0.996786   -0.0306517   -0.0740142
   0.0773392    -0.609089    -0.789322
   -0.086611    -0.891618     0.444427
   -0.991519     0.033761    -0.125497
   0.0968915    -0.451528    -0.886981
   -0.110558    -0.899222     0.423292
   -0.988325    0.0545466    -0.142261
    0.104835    -0.434078    -0.894755
   -0.103161    -0.897256     0.429291
   -0.992186    0.0623754    -0.108057
   0.0701778    -0.437083    -0.896679
   -0.125396    -0.820513     0.557705
   -0.991637     0.120958   -0.0450055
   0.0305315     0.558684     0.828819
    0.126533     0.708252     0.694528
    0.991529    -0.110998   -0.0674511
  -0.0293186    -0.697179     0.716297
   0.0968226    -0.756495     0.646792
    0.995117    0.0610545   -0.0775557
   0.0191809     0.651143     0.758713
   0.0917135    -0.827453     0.553995
    0.995626    0.0662328    -0.065899
   0.0178357     0.557615     0.829908
    0.105756    -0.749053     0.654015
     0.99429    0.0702388   -0.0803335
   0.0142367     0.658777     0.752204
   0.0712849    -0.754715     0.652169
     0.99534    0.0112558   -0.0957694
   0.0649379     0.655956        0.752
   0.0732893    -0.575518     0.814498
    0.994945   -0.0140233   -0.0994348
   0.0686484     0.817669     0.571581
  -0.0503465    -0.536019    -0.842704
   -0.992825   -0.0647699     0.100514
   -0.108459     0.841718    -0.528912
  -0.0711306    -0.898974     0.432188
   -0.995593    0.0374358   -0.0859889
  -0.0611224     0.436399     0.897675
    -0.05457    -0.841628     0.537293
   -0.993991  -0.00534676     -0.10933
  -0.0948877     0.540031     0.836279
   0.0578502     0.961085     0.270126
    0.994309    -0.031223    -0.101853
    0.089455    -0.274481     0.957422
  -0.0765724    -0.771846     0.631182
   -0.994608    0.0147239    -0.102656
  -0.0699414      0.63564     0.768811
   0.0502433    -0.811816     0.581748
    0.992539   -0.0242072    -0.119502
    0.111096     0.583412     0.804542
   0.0496621    -0.702278     0.710169
    0.992243   -0.0464406    -0.115312
    0.113962     0.710386     0.694524
  -0.0782941    -0.802313     0.591747
   -0.994141    0.0184619    -0.106504
  -0.0745245     0.596618     0.799058
   -0.106626    -0.829218      0.54866
   -0.993786    0.0711425   -0.0856101
  -0.0319563     0.554379     0.831651
    0.114988     0.675609    -0.728237
    0.992798   -0.0533644     0.107254
   0.0335997    -0.735326     -0.67688
   -0.143348    -0.809514     0.569332
   -0.989336       0.1322   -0.0611276
   0.0257821     0.572023     0.819832
   -0.139579    -0.798181     0.586024
   -0.989625     0.132804   -0.0548255
   0.0340656     0.587597     0.808436
   -0.150178     -0.78315     0.603426
   -0.988271     0.136017   -0.0694286
   0.0277033     0.606775     0.794391
   0.0516426    -0.761062      0.64662
    0.991872   -0.0363083    -0.121951
     0.11629     0.647662     0.753001
    0.048792    -0.692187     0.720067
    0.990838   -0.0573562    -0.122275
    0.125937     0.719436     0.683046
  -0.0434292    -0.833923     -0.55017
   -0.986953     0.121271    -0.105909
    -0.15504    -0.538392     0.828309
  -0.0440003    -0.881102    -0.470874
    -0.98783     0.108755    -0.111197
   -0.149186    -0.460251     0.875164
   0.0364953     -0.41199     0.910457
    0.985414    -0.136697    -0.101357
    0.166215     0.900876     0.400992
  -0.0338836    -0.819453     0.572144
   -0.981135     0.136295     0.137103
    -0.19033    -0.556706    -0.808612
   0.0273323    -0.229809    -0.972852
    0.979442     0.200741   -0.0199018
    0.199864    -0.952308     0.230571
  -0.0192181    -0.591144     0.806337
   -0.973764     0.193968     0.118994
   -0.226746    -0.782895    -0.579363
   -0.029844    -0.679926     0.732673
   -0.982505     0.154763     0.103601
   -0.183832    -0.716763    -0.672649
  -0.0179716    -0.672162     0.740186
   -0.974594     0.177083     0.137146
   -0.223259    -0.718916    -0.658267
  -0.0151023    -0.402169     0.915441
   -0.974527     0.210806    0.0765338
    -0.22376    -0.890966    -0.395108
  -0.0215162    -0.812234    -0.582935
   -0.978867     0.135717    -0.152972
   -0.203363    -0.567325     0.797989
  -0.0118861    -0.702398     0.711686
   -0.973509     0.170657     0.152171
   -0.228338    -0.691024    -0.685819
 -0.00604277    -0.670268     0.742094
   -0.973457     0.173732      0.14899
   -0.228789    -0.721497    -0.653527
  -0.0170226     -0.57103     0.820753
   -0.978805     0.177069     0.102893
   -0.204085    -0.801606    -0.561941
  -0.0320881    -0.741366     0.670333
   -0.985027   -0.0902049    -0.146916
   -0.169386     0.665011     0.727372
  -0.0271095    -0.276016    -0.960771
   -0.984788    -0.157648    0.0730772
   -0.171634     0.948136    -0.267543
   0.0370405    -0.578413     0.814903
    0.988672   -0.0974787    -0.114129
    0.145449     0.809899      0.56825
  -0.0418746     -0.62072    -0.782914
   -0.989951   -0.0801569     0.116499
   -0.135069     0.779924    -0.611125
   0.0305097    -0.740403      0.67147
    0.987473   -0.0817194    -0.134977
    0.154809     0.667177     0.728635
   0.0184832    -0.963691    -0.266381
   -0.979664    0.0357831    -0.197428
   -0.199791    -0.264613     0.943432
  0.00315518    -0.958801    -0.284061
   -0.984826    0.0463109    -0.167253
   -0.173518    -0.280279     0.944106
   -0.010648    -0.608323     0.793618
   -0.982173     0.155322      0.10588
   -0.187676    -0.778343    -0.599133
  -0.0295574     -0.89658    -0.441894
   -0.987171    0.0955789    -0.127895
   -0.156904    -0.432444     0.887904
  -0.0197274    -0.973267    -0.228828
   -0.989403    0.0519336    -0.135591
    -0.14385    -0.223728     0.963978
   0.0213817     -0.80582     0.591775
    0.984044   -0.0876142    -0.154859
    0.176637     0.585643     0.791089
  -0.0420543    -0.890656     0.452728
   -0.989862     0.098668     0.102161
    -0.13566    -0.443842    -0.885777
   0.0457231    -0.644958     0.762849
    0.987801   -0.0846025    -0.130734
    0.148857      0.75952     0.633222
   0.0649099     0.990106     0.124407
    0.992144   -0.0506723    -0.114375
     0.10694    -0.130854     0.985617
  -0.0247394    -0.929029     0.369178
   -0.991871    0.0689207      0.10697
   -0.124822    -0.363531    -0.923182
  -0.0593475    -0.901753     0.428159
   -0.993137    0.0966384     0.065872
   -0.100777    -0.421311      -0.9013
  -0.0483502    -0.889935     0.453518
   -0.995639    0.0792096    0.0492858
  -0.0797841    -0.449157    -0.889883
   0.0317069     0.990466     0.134062
    0.987754   -0.0105512     -0.15566
    0.152761    -0.137356     0.978671
  -0.0580393    -0.587678    -0.807011
   -0.992291    -0.054703       0.1112
   -0.109496     0.807244    -0.579973
   0.0262454     0.254976    -0.966591
    0.985139     0.157585    0.0683182
     0.16974     -0.95402    -0.247051
  0.00999217    -0.054509    -0.998463
    0.978474     0.206364  -0.00147388
    0.206127    -0.976956    0.0553977
 -0.00849417    -0.969635    -0.244409
   -0.979892    0.0567974    -0.191275
   -0.199349     -0.23787      0.95062
  0.00317594    -0.633579     0.773672
    -0.97537     0.168675     0.142136
   -0.220553    -0.755067    -0.617438
 0.000711037    -0.407698     0.913116
    -0.97345     0.208729    0.0939537
   -0.228899     -0.88894    -0.396726
  0.00890624    -0.792929    -0.609248
   -0.977273     0.122146    -0.173258
   -0.211799    -0.596945      0.77382
  -0.0692205     -0.88726     0.456045
   -0.995983    0.0874958    0.0190534
  -0.0568074    -0.452894    -0.889753
  -0.0791147    -0.887541     0.453886
      -0.995     0.098151    0.0184934
   -0.060963    -0.450153    -0.890868
   -0.104432    -0.877368     0.468315
   -0.994091     0.106112   -0.0228805
  -0.0296192    -0.467937    -0.883265
  -0.0955361      -0.9098     0.403902
   -0.995034    0.0986696   -0.0131024
  -0.0279323    -0.403148    -0.914709
   -0.118877    -0.902401    -0.414174
    -0.99251     0.119829    0.0237901
  -0.0281617    -0.413899     0.909887
   -0.117155    -0.879311     0.461613
   -0.993103     0.101541   -0.0586232
  0.00467554    -0.465297    -0.885142
   -0.133019    -0.892593     0.430794
   -0.991081     0.116288   -0.0650777
  0.00799174    -0.435609    -0.900101
   -0.101683    -0.838135     0.535902
   -0.994766    0.0911307   -0.0462234
  -0.0100957    -0.537797    -0.843014
   -0.157422    -0.868677     0.469701
   -0.987406     0.146041   -0.0608404
   0.0157451     0.473363     0.880727
   -0.126579    -0.614998    -0.778303
    -0.99146    0.0536087     0.118885
  -0.0313901     0.786705    -0.616531
  -0.0902367    -0.531225    -0.842412
   -0.992965   -0.0171288     0.117165
  -0.0766703     0.847058    -0.525942
   0.0966973     0.992235   -0.0782254
     0.99331    -0.101188   -0.0556366
   0.0631201    0.0723222     0.995382
   -0.105537    -0.882158     0.458977
   -0.994295     0.100788   -0.0349121
  -0.0154614    -0.460043    -0.887762
  -0.0976605    -0.855369      0.50873
   -0.994333      0.10544   -0.0135967
  -0.0420103    -0.507175    -0.860819
   -0.104844    -0.778188    -0.619218
   -0.993341     0.111847    0.0276289
  -0.0477571    -0.617991     0.784733
  -0.0828823    -0.928696      0.36146
   -0.994841    0.0983971    0.0246953
   -0.058501    -0.357548    -0.932061
  -0.0925146    -0.843876     0.528502
   -0.993384     0.114492   0.00892045
   -0.068037     -0.52418    -0.848885
  -0.0677104    -0.781665     0.620013
   -0.994384     0.103537    0.0219367
  -0.0813413    -0.615045    -0.784285
  -0.0542387    -0.927464     0.369957
   -0.995158    0.0806244    0.0562233
  -0.0819727    -0.365116    -0.927346
  -0.0857676    -0.338798    -0.936942
   -0.992167   -0.0566767     0.111317
  -0.0908168     0.939151    -0.331283
  -0.0369186    -0.949044     0.312974
   -0.993701     0.068025    0.0890574
   -0.105809    -0.307715    -0.945577
  -0.0157958    -0.956206     0.292268
   -0.991089    0.0536389     0.121925
   -0.132262    -0.287738    -0.948532
  -0.0186387    -0.934287     0.356035
   -0.992331    0.0608082      0.10762
   -0.122198    -0.351298    -0.928255
 -0.00173333    -0.970182    -0.242373
   -0.988178    0.0388181    -0.148316
   -0.153302     -0.23925     0.958779
  0.00338396    -0.889634     0.456662
   -0.989659    0.0625079     0.129107
   -0.143403    -0.452377    -0.880222
   0.0199207    -0.896711     0.442167
   -0.986943    0.0530644     0.152078
   -0.159834    -0.439423    -0.883946
   0.0177145     -0.95057     0.310004
    -0.98299    0.0401303     0.179223
   -0.182804    -0.307906     -0.93369
 -0.00328465    -0.901939     0.431851
   -0.991363    0.0595561     0.116845
   -0.131107    -0.427737    -0.894344
   0.0232405    -0.965972    -0.257601
   -0.988666     0.016021    -0.149273
   -0.148321    -0.258151     0.954651
    0.019281    -0.976433    -0.214958
   -0.990629    0.0104191    -0.136185
   -0.135215    -0.215569     0.967082
   0.0222907     -0.96357    -0.266525
    0.991485   -0.0129051     0.129578
    0.128297     0.267144    -0.955078
    0.041752     0.996123   -0.0774316
    0.992244   -0.0504214    -0.113619
    0.117083    0.0720872     0.990502
   0.0620231    -0.807577     0.586492
      0.9906   -0.0219714    -0.135012
    0.121919     0.589353     0.798623
  -0.0709323    -0.881843    -0.466177
   -0.991458     0.113613   -0.0640586
   -0.109453    -0.457651     0.882369
  -0.0460385     -0.88869     0.456192
   -0.993371    0.0888841    0.0729017
   -0.105335    -0.449811     -0.88689
   0.0321704    -0.734622     0.677713
    0.991151   -0.0639176    -0.116334
    0.128779     0.675459     0.726065
 -0.00310421    -0.981801    -0.189889
    0.991687   -0.0274487     0.125709
    0.128633      0.18792    -0.973725
    0.438624     0.888042    -0.137803
     0.88682      -0.4029     0.226325
   -0.145465     0.221478     0.964255
   -0.490869    -0.572034    -0.657133
   -0.862373     0.426312     0.273075
    0.123936     0.700738    -0.702571
   -0.463511    -0.261557    -0.846608
     -0.8808     0.240262     0.408002
   0.0966921     0.934806    -0.341743
   -0.511261    -0.422026     -0.74867
   -0.854607     0.341771     0.390947
    0.090884     0.839694    -0.535401
   -0.530106    -0.487957    -0.693459
   -0.840867     0.407862     0.355796
    0.109222     0.771717    -0.626517
   -0.484384    -0.316923    -0.815434
   -0.871358     0.258035     0.417317
    0.078153     0.912676    -0.401141
   -0.535633    -0.437108    -0.722519
   -0.839358     0.369413     0.398764
   0.0926049     0.820043     -0.56476
   -0.513919    -0.297198    -0.804711
   -0.854506     0.259959     0.449711
   0.0755384     0.918746    -0.387556
   -0.524567    -0.352562    -0.774939
   -0.846326     0.314874     0.429637
   0.0925344     0.881224    -0.463554
   -0.555505    -0.498436    -0.665565
   -0.823946     0.437696     0.359909
    0.111924     0.748321    -0.653827
   -0.543955    -0.382791    -0.746715
    -0.83272     0.355901      0.42416
    0.103392     0.852529    -0.512352
    -0.56077    -0.361759     -0.74476
   -0.819016     0.374303     0.434867
    0.121449     0.853831    -0.506185
   -0.481997    -0.346613    -0.804698
   -0.873926      0.25592     0.413229
   0.0627076     0.902421    -0.426267
   -0.500608    -0.232822    -0.833778
   -0.862149     0.220923     0.455952
   0.0780447     0.947094    -0.311323
   -0.474516    -0.340094    -0.811893
   -0.877762      0.25207     0.407424
   0.0660914     0.905978    -0.418133
   -0.452758    -0.389245    -0.802183
   -0.889913     0.253132     0.379446
    0.055361      0.88567    -0.461002
   -0.450336    -0.414125    -0.791011
   -0.890696     0.270007     0.365729
    0.062121     0.869251    -0.490453
   -0.406549    -0.317843    -0.856559
   -0.911903     0.198761     0.359063
   0.0561252     0.927076    -0.370648
   -0.398174    -0.282354    -0.872774
   -0.914601      0.19527     0.354084
   0.0704494     0.939226    -0.335993
    0.435228     0.222948    -0.872279
    0.896473    -0.196783     0.397004
  -0.0831379    -0.954762    -0.285513
   -0.381192     0.243876     -0.89175
   -0.920293  -0.00823003     0.391142
   0.0880512     0.969771     0.227575
    0.358648    0.0502341     -0.93212
    0.931105   -0.0903377     0.353389
  -0.0664535    -0.994643   -0.0791726
    0.337611   -0.0534904    -0.939765
    0.939337   -0.0450712     0.340023
  -0.0605443    -0.997551     0.035029
   -0.305779     0.582095    -0.753435
   -0.949166    -0.124265     0.289211
   0.0747228     0.803569     0.590502
   -0.429118    -0.793815    -0.430947
   -0.896577     0.316463     0.309839
    0.109576    -0.519335     0.847517
   -0.544439    -0.415868     -0.72845
   -0.824287     0.426108     0.372804
    0.155361     0.803421    -0.574784
   -0.535984    -0.387059    -0.750271
   -0.834848     0.375115     0.402886
    0.125497     0.842303    -0.524191
   -0.496539    0.0112623    -0.867941
   -0.849017     0.201751     0.488331
    0.180608     0.979372   -0.0906153
    0.509934     0.193818    -0.838094
    0.836133    -0.340591     0.429976
   -0.202111    -0.920018    -0.335736
    0.485297     -0.10253    -0.868317
    0.860981    -0.116959     0.495007
   -0.152311     -0.98783    0.0315161
    0.454554    -0.181519    -0.872027
    0.859753    -0.166486     0.482812
    -0.23282    -0.969192    0.0803845
    0.437962    0.0321817    -0.898417
     0.87581    -0.240762     0.418318
   -0.202843     -0.97005     -0.13363
     0.39504   -0.0356905     -0.91797
     0.88563    -0.250755     0.390872
   -0.244136    -0.967392   -0.0674496
    -0.48019  -0.00249665    -0.877161
   -0.838243      0.29588     0.458043
    0.258391     0.955222    -0.144171
    0.422319     0.188135    -0.886708
    0.862418    -0.384568     0.329156
   -0.279073    -0.903722    -0.324662
     0.44484     0.185076    -0.876278
    0.839844    -0.426058     0.336358
   -0.311094    -0.885562    -0.344963
   -0.423897    -0.536467    -0.729736
   -0.889623     0.397804     0.224328
    0.169947     0.744282    -0.645881
    0.379462    -0.296059     -0.87656
    0.899784    -0.102483      0.42413
     -0.2154    -0.949656     0.227501
   -0.369815    -0.743428     0.557271
   -0.911949     0.405176   -0.0646615
    0.177721     0.532116     0.827809
    0.418412     0.311281     -0.85325
     0.89632    -0.293328     0.332521
   -0.146775    -0.903916    -0.401739
    0.466993     0.119572    -0.876139
    0.873814    -0.214251     0.436514
   -0.135519    -0.969432    -0.204537
    0.453283      0.19448    -0.869892
     0.88436    -0.220244     0.411582
   -0.111544    -0.955861    -0.271823
    0.500483     0.225336    -0.835907
    0.860558    -0.235035     0.451884
  -0.0946416    -0.945507    -0.311545
    0.516106     0.199993    -0.832849
    0.848627    -0.251139     0.465577
   -0.116048    -0.947065    -0.299333
    -0.47901     -0.26906    -0.835557
   -0.873968     0.235136     0.425313
   0.0820348     0.933979    -0.347783
   -0.381283    -0.727573     0.570316
   -0.923068     0.333455    -0.191713
   0.0506896     0.599537      0.79874
   -0.396137    -0.661864     0.636405
   -0.915706     0.335735    -0.220826
   0.0675062     0.670238      0.73907
    -0.40089    -0.771725     0.493688
   -0.912213     0.386013    -0.137338
   0.0845826     0.505406     0.858726
   -0.430412    -0.653539     0.622601
   -0.899804     0.365216    -0.238683
   0.0713955     0.662951      0.74525
   -0.428859    -0.607151    -0.668915
   -0.901171     0.339185     0.269898
   0.0630167     0.718555    -0.692609
   -0.432543    -0.412167    -0.801889
   -0.897501     0.281679     0.339335
   0.0860127     0.866473    -0.491758
   -0.439063    -0.471708    -0.764666
   -0.895778     0.295496      0.33206
   0.0693206     0.830767    -0.552288
   -0.445883    -0.507188    -0.737529
   -0.892289     0.317007     0.321444
   0.0707694     0.801415    -0.593907
    0.437363     0.436817    -0.786069
    0.896866    -0.275938     0.345672
  -0.0659108    -0.856183    -0.512452
   -0.440069    -0.621978    -0.647675
   -0.895868     0.353355     0.269371
   0.0613166     0.698773    -0.712711
   -0.427434    -0.429549    -0.795479
   -0.901597     0.267273      0.34013
   0.0665075     0.862585    -0.501522
    0.420144     0.515812    -0.746603
    0.904922    -0.299607     0.302245
  -0.0677858    -0.802604    -0.592648
   -0.462064    -0.393801    -0.794618
   -0.883582     0.281236     0.374419
   0.0760283     0.875115    -0.477904
   -0.455165    -0.388386    -0.801237
   -0.888321     0.259637     0.378781
   0.0609176     0.884163    -0.463189
    0.438161     0.127811    -0.889764
    0.893128    -0.173857     0.414844
    -0.10167    -0.976442    -0.190329
   -0.407899    -0.386958    -0.826971
   -0.904657     0.293653     0.308811
    0.123346     0.874089    -0.469845
   -0.399943    -0.729458     0.554921
   -0.910832     0.383794    -0.151948
    0.102135      0.56621     0.817909
   -0.365434    -0.810163      0.45836
   -0.924579     0.372926   -0.0779773
     0.10776     0.452285      0.88534
   -0.362626    -0.775297     0.517124
   -0.921641      0.38059   -0.0756903
     0.13813      0.50405     0.852557
   -0.374262    -0.541798    -0.752584
   -0.924091       0.2856     0.253944
   0.0773518     0.790498     -0.60756
    0.392054    -0.467388     0.792365
    0.916348     0.274476    -0.291496
  -0.0812436     0.840364     0.535899
   -0.396711    -0.410659     0.820963
   -0.914544     0.253715    -0.315019
   0.0789254     0.875778     0.476217
   -0.340687    -0.467861    -0.815499
   -0.935449     0.255562     0.244179
   0.0941685     0.846046    -0.524727
   -0.351404    -0.467968    -0.810877
   -0.930781     0.267881     0.248769
    0.100802     0.842167     -0.52971
   -0.359452    -0.452158    -0.816301
   -0.929893     0.246738       0.2728
   0.0780639     0.857131    -0.509149
   -0.302801    -0.389921    -0.869639
    -0.94728     0.223419     0.229661
    0.104744     0.893334    -0.437016
   -0.319866    -0.423115    -0.847738
    -0.94263     0.232371     0.239692
    0.095572     0.875773    -0.473168
   -0.280904    -0.843775    -0.457314
   -0.954776     0.197307     0.222423
   0.0974439    -0.499112     0.861041
   -0.302443    -0.523938    -0.796252
   -0.945061      0.27355     0.178969
    0.124046     0.806635    -0.577886
   -0.263554     0.451907    -0.852244
   -0.956424   -0.0073229     0.291888
    0.125665     0.892035     0.434144
    0.274705     0.256707    -0.926628
     0.95129    -0.212818     0.223058
   -0.139942    -0.942767    -0.302665
    0.337835     0.184371    -0.922971
    0.937906     -0.14799     0.313739
  -0.0787463    -0.971651    -0.222919
    -0.27988     0.579655    -0.765289
   -0.956719    -0.102205     0.272476
   0.0797259     0.808427     0.583172
    -0.38264    -0.318958    -0.867094
   -0.921683     0.196722     0.334366
   0.0639279     0.927128    -0.369253
   -0.423333    -0.352258     0.834688
   -0.903831     0.227553    -0.362367
   0.0622884     0.907818     0.414712
    0.406022     0.446772     0.797208
     0.91112    -0.265444    -0.315277
  -0.0707575    -0.854362     0.514839
   -0.435223    -0.305082    -0.847057
   -0.837718     0.481931     0.256849
    0.329863     0.821382     -0.46532
   -0.406369    -0.396763    -0.823069
   -0.866602     0.452864     0.209559
    0.289593     0.798432    -0.527866
   -0.412687    -0.458575    -0.787019
   -0.861035     0.478281     0.172817
    0.297166      0.74897    -0.592229
   -0.437623    -0.271588    -0.857162
   -0.830143     0.488304     0.269112
    0.345469     0.829336     -0.43915
   -0.394204    -0.369854    -0.841315
   -0.883558      0.40438     0.236226
    0.252842     0.836472    -0.486195
   -0.433083    -0.291413    -0.852947
   -0.854138     0.434939     0.285089
    0.287901     0.852002    -0.437271
   -0.413916    -0.326062    -0.849916
   -0.879278     0.384922     0.280544
    0.235677     0.863434    -0.446024
   -0.444975     0.578217    -0.683858
   -0.872132    -0.106332     0.477576
    0.203427     0.808924     0.551597
    -0.44851    -0.477788    -0.755353
   -0.824169     0.548072     0.142695
     0.34581     0.686539    -0.639594
   -0.447101    -0.652616    -0.611713
   -0.851371     0.100729     0.514802
    0.274351    -0.750963     0.600655
      0.4577     0.850666     0.258609
    0.823393    -0.515288       0.2377
   -0.335461    -0.104142      0.93628
   -0.388562    -0.328703    -0.860798
   -0.906384     0.304441     0.292887
     0.16579     0.894019    -0.416226
   -0.423768     0.342407    -0.838557
   -0.896697   -0.0278726     0.441767
    0.127891     0.939138     0.318847
    0.401288    -0.214426    -0.890499
    0.913786    0.0269094     0.405303
  -0.0629445     -0.97637     0.206738
    -0.35748    -0.374713    -0.855452
   -0.926455     0.257876     0.274194
    0.117856     0.890556     -0.43934
    0.361817     0.134512    -0.922494
    0.909974     -0.26598     0.318123
   -0.202574    -0.954547    -0.218639
    0.346609     0.166293    -0.923152
     0.92369    -0.231818     0.305052
   -0.163275     -0.95844    -0.233954
     0.36065     0.166745    -0.917675
     0.90696    -0.292249     0.303337
    -0.21761    -0.941694    -0.256631
    0.379293    -0.184556    -0.906684
    0.887118    -0.205974     0.413034
   -0.262981    -0.960996    0.0855987
   -0.349276     -0.30848    -0.884786
   -0.920203     0.291016     0.261794
    0.176729     0.905621    -0.385509
    0.452189     0.870696    -0.193427
    0.827999    -0.329171     0.453943
   -0.331576     0.365425     0.869782
   -0.447807     -0.72468    -0.523744
   -0.856728     0.180114     0.483297
    0.255902     -0.66513     0.701511
   -0.438333    -0.779368    -0.447716
   -0.864061     0.228217     0.448682
    0.247512    -0.583526     0.773457
    0.426206      0.88818    -0.171711
    0.843169     -0.32126     0.431112
   -0.327741     0.328524     0.885809
   -0.434612     0.602902    -0.669045
   -0.884428    -0.145491     0.443417
    0.169997     0.784437     0.596456
   -0.407925    -0.748228    -0.523214
   -0.883241     0.178243     0.433723
    0.231265     -0.63905     0.733575
   -0.421177     0.566719    -0.708124
   -0.894914    -0.132748     0.426036
    0.147441     0.813146     0.563075
    0.395042     0.868399    -0.299709
    0.908757    -0.321618     0.265938
   -0.134549     0.377419     0.916216
    0.409309     0.899512    -0.152785
     0.85372    -0.318497     0.411974
   -0.321914      0.29906     0.898295
    0.385497     0.892772    -0.233132
    0.896182     -0.30212     0.324932
   -0.219656      0.33419     0.916553
    0.384088     0.873321    -0.299643
    0.870409    -0.234226     0.433043
   -0.308002     0.427139      0.85011
   -0.424249    -0.656862    -0.623334
   -0.903105     0.256412     0.344461
   0.0664324    -0.709074     0.701998
    -0.39397    -0.719725     -0.57165
   -0.918258     0.281224     0.278776
   0.0398803    -0.634752     0.771686
   -0.393316     0.411585    -0.822131
   -0.919184    -0.195557     0.341845
  -0.0200754     0.890143     0.455239
   -0.421969     0.618074     -0.66327
   -0.906593    -0.292132     0.304545
 -0.00553099     0.729825     0.683612
   -0.427385     0.564252    -0.706373
   -0.898189     -0.17603     0.402828
    0.102954     0.806619     0.582037
    -0.42319      0.57367    -0.701294
   -0.906038    -0.266143     0.329032
  0.00211141     0.774642     0.632396
   -0.435949     0.447682    -0.780724
   -0.893507    -0.111507     0.434985
    0.107679     0.887213     0.448619
   -0.440507    -0.691787    -0.572176
   -0.876182     0.192427     0.441902
      0.1956    -0.695991     0.690896
   -0.413553     0.492233    -0.765951
   -0.909635    -0.187138     0.370868
    0.039215     0.850109     0.525144
   -0.439982    -0.690818    -0.573747
   -0.885129     0.441428     0.147267
   -0.151534    -0.572635     0.805684
   -0.437491     0.501583    -0.746335
   -0.887721    -0.373233     0.269534
   -0.143363     0.780456     0.608552
     -0.4198    -0.751455    -0.509002
   -0.897392     0.427597      0.10885
   -0.135852     -0.50247     0.853855
   -0.422367     0.547821    -0.722149
    -0.89702     -0.36709      0.24617
   -0.130236     0.751756     0.646453
   -0.433569     0.538689    -0.722379
   -0.889505    -0.384141     0.247418
   -0.144214     0.749833     0.645719
   -0.417928    -0.663423     -0.62065
   -0.903524     0.374794     0.207784
  -0.0947672     -0.64761     0.756056
   -0.413254     0.547381    -0.727733
   -0.903747    -0.344507     0.254078
   -0.111632     0.762686     0.637063
   -0.404674     0.520804    -0.751666
   -0.911193    -0.299082     0.283334
  -0.0772486     0.799571     0.595583
   -0.392896      0.37513     -0.83959
   -0.918428     -0.20583     0.337824
  -0.0460849     0.903832     0.425399
    -0.42312    -0.678145    -0.600907
   -0.897336     0.405511     0.174213
   -0.125533    -0.612928     0.780103
   -0.401497     0.316089    -0.859586
   -0.912808    -0.214665     0.347419
  -0.0747077     0.924125     0.374717
   -0.405633      0.46122    -0.789137
    -0.90957    -0.288918     0.298677
  -0.0902403     0.838929     0.536707
   -0.402274     0.483569    -0.777391
   -0.914903    -0.243478     0.321979
  -0.0335784     0.840761     0.540364
   -0.398034     0.370521    -0.839216
    -0.91737    -0.159838     0.364532
 0.000928223     0.914968     0.403526
   -0.411124     0.607123    -0.679984
   -0.909675    -0.321434     0.263005
  -0.0588941     0.726692     0.684434
   -0.406236     0.611359    -0.679127
   -0.911134    -0.327407      0.25028
  -0.0693401     0.720448     0.690034
   -0.408421     0.428336    -0.806052
    -0.90537    -0.302491        0.298
    -0.11618     0.851485     0.511347
    0.404242    -0.631347    -0.661808
    0.907465     0.367368     0.203834
    0.114438    -0.682965     0.721431
   -0.392571     0.524166    -0.755737
   -0.915889    -0.297736     0.269258
  -0.0838735     0.797874     0.596961
    0.421368    -0.605238    -0.675379
    0.895664     0.394546     0.205233
    0.142253    -0.691391     0.708338
    0.378644     -0.35789    -0.853548
    0.924577     0.188367     0.331172
   0.0422574    -0.914567     0.402221
   -0.359594     0.287357     -0.88776
   -0.932982    -0.126433     0.336987
  -0.0154068     0.949442     0.313563
   -0.353859    0.0119752    -0.935222
   -0.935034    0.0192536     0.354034
   0.0222461     0.999743   0.00438417
    0.372477     0.355731    -0.857156
    0.928031    -0.138423     0.345828
  0.00437129    -0.924281    -0.381689
   -0.345685    0.0039668    -0.938342
   -0.936889    0.0543389     0.345379
   0.0523585     0.998515   -0.0150677
    -0.35747    -0.381677    -0.852372
    -0.93237      0.19848     0.302144
    0.053857     0.902734    -0.426815
   -0.346506    -0.358197    -0.866965
   -0.933826     0.219303     0.282621
   0.0888941     0.907525    -0.410484
     -0.3727    -0.640717     -0.67125
   -0.927521     0.279248     0.248445
   0.0282625     0.715194    -0.698354
   -0.342815    -0.663414     0.665101
    -0.92958     0.341689    -0.138314
    0.135498      0.66568     0.733832
   -0.342758    -0.636386    -0.691035
   -0.934255     0.307968     0.179784
   0.0984049     0.707225    -0.700106
   -0.363119    -0.480867    -0.798067
    -0.93025     0.235562     0.281327
   0.0527133     0.844557    -0.532864
    0.359472     0.271991    -0.892637
    0.933156    -0.104947     0.343811
-0.000165959     -0.95656    -0.291535
    0.655594   -0.0516711    -0.753344
    0.571439    -0.618212     0.539695
   -0.493613    -0.784311    -0.375769
    0.666881     0.180641    -0.722938
    0.579915    -0.735051     0.351281
    -0.46794    -0.653505    -0.594948
   -0.666548    -0.283822    -0.689318
   -0.617312     0.728521     0.296956
      0.4179     0.623459    -0.660801
   -0.668924    -0.251848    -0.699366
    -0.62168     0.705329     0.340624
    0.407498     0.662634    -0.628381
    0.670138     0.197427    -0.715498
    0.579737    -0.741176     0.338472
   -0.463487    -0.641623    -0.611146
   -0.665551    -0.201215    -0.718717
   -0.657532     0.613687     0.437082
    0.353119     0.763479    -0.540746
    -0.67172    -0.263701    -0.692282
   -0.617526     0.715523     0.326631
    0.409211     0.646907    -0.643474
   -0.665005    -0.281696    -0.691676
   -0.652821     0.669101     0.355146
