 -0.00603974    -0.852524     0.522654
   -0.997277   -0.0332832   -0.0658142
   0.0735038    -0.521628    -0.850001
  -0.0372059    -0.844031     0.535002
   -0.997483 -0.000966689   -0.0708934
   0.0603534    -0.536294    -0.841871
  -0.0699795    -0.875539     0.478052
   -0.996361    0.0379728   -0.0763057
   0.0486557    -0.481652    -0.875011
  -0.0873772    -0.941845     0.324489
   -0.995348    0.0692716   -0.0669593
   0.0405874     -0.32883    -0.943516
   -0.109934    -0.921471     0.372567
    -0.99329    0.0883122   -0.0746685
   0.0359026    -0.378275    -0.924997
   -0.100641    -0.945313    -0.310249
   -0.994688    0.0888198    0.0520365
   0.0216345    -0.313838      0.94923
   -0.119238    -0.893441    -0.433065
    -0.99275     0.100615    0.0657629
   0.0151825    -0.437766     0.898961
    -0.11974    -0.897136     0.425218
   -0.992306    0.0945624   -0.0799192
   0.0314887    -0.431515    -0.901556
   -0.118203    -0.870546     0.477679
   -0.992985     0.102263   -0.0593484
  0.00281657    -0.481344    -0.876527
   -0.119641    -0.883947     0.452022
   -0.992383    0.0930151   -0.0807683
     0.02935    -0.458242    -0.888343
   -0.111405    -0.909496     0.400506
   -0.993772     0.102935   -0.0426769
 -0.00241169    -0.402767      -0.9153
   -0.104344    -0.829214     0.549105
   -0.994462    0.0800396   -0.0681039
   0.0125226     -0.55317    -0.832974
     0.15522     0.986972    0.0423355
    0.971918    -0.160244      0.17233
   -0.176869   -0.0143977     0.984129
   -0.179537    -0.837834     0.515558
   -0.964746     0.252469    0.0743274
    0.192436     0.484038     0.853625
    -0.15958    -0.897847     0.410372
   -0.970571      0.21864     0.100936
    0.180349     0.382188     0.906315
   -0.180587     0.504965    -0.844037
     -0.9649    0.0754069     0.251561
    0.190675      0.85984     0.473623
    0.202916    -0.325498    -0.923513
    0.958509    -0.126814     0.255301
   -0.200215       -0.937     0.286261
    0.153933     0.259544    -0.953384
    0.971777    -0.214326    0.0985556
   -0.178756    -0.941648     -0.28521
   -0.199242     0.503872    -0.840485
   -0.961283    0.0661131     0.267513
    0.190359     0.861244     0.471191
    -0.17683     0.536962    -0.824866
   -0.967638    0.0584429     0.245481
    0.180021      0.84158      0.50925
   -0.193153    -0.805579     -0.56012
   -0.965396    0.0540871     0.255119
    0.175223    -0.590014      0.78815
   -0.215103    -0.767224    -0.604233
   -0.956118    0.0394197     0.290318
     0.19892    -0.640166     0.742036
   -0.210219    -0.724427    -0.656516
   -0.959727    0.0249033     0.279829
    0.186366    -0.688902     0.700487
    0.219304     0.686841    -0.692932
    0.956767   -0.0123173     0.290595
   -0.191057     0.726703     0.659848
    0.149978   -0.0925536    -0.984348
    0.974485    -0.154319     0.162985
   -0.166988    -0.983677    0.0670477
   -0.171688    -0.634821     0.753343
   -0.971349     0.236642   -0.0219603
    0.164332     0.735529     0.657261
   -0.150366    -0.934732    -0.321971
   -0.978729    0.0947668      0.18196
    0.139572    -0.342483     0.929099
   -0.121594    -0.820067    -0.559201
    -0.98273    0.0202903     0.183931
    0.139489    -0.571908     0.808371
   -0.125435    -0.694045      0.70892
   -0.979253     0.201244     0.023754
    0.159152     0.691232     0.704889
  -0.0991285    -0.914753    -0.391665
   -0.986027    0.0373411     0.162347
    0.133882    -0.402285     0.905672
   0.0974028     0.989297     0.108649
     0.98333    -0.112504      0.14285
   -0.153544   -0.0929241     0.983763
    0.129151     0.731827      0.66914
    0.977489    -0.207488    0.0382604
   -0.166838    -0.649136     0.742151
    0.105445     0.685958     -0.71996
    0.982327    -0.184439   -0.0318575
   -0.154642    -0.703877    -0.693284
  -0.0674249     -0.88101     0.468269
   -0.990696   0.00350838    -0.136047
    0.118216    -0.473086    -0.873049
  -0.0638018    -0.520326    -0.851581
   -0.988406     0.150755     -0.01806
    0.137777     0.840556    -0.523912
  -0.0270965    -0.650691     0.758859
   -0.993983   -0.0630605   -0.0895638
    0.106132     -0.75672    -0.645066
   -0.128435    -0.763605     0.632781
   -0.978002     0.203279    0.0468016
    0.164369      0.61285     0.772915
    0.212408     0.699389     -0.68245
    0.962169    -0.027743     0.271037
   -0.170627     0.714203     0.678823
   -0.210025    -0.839002    -0.501961
   -0.961965    0.0856031     0.259414
     0.17468    -0.537352     0.825069
   -0.197875    -0.892223    -0.405935
   -0.969594     0.117323     0.214763
    0.143991    -0.436089     0.888309
   -0.200343    -0.752243    -0.627689
   -0.968222    0.0541256     0.244167
    0.149699    -0.656659     0.739181
   -0.196033    -0.875913    -0.440847
   -0.970062       0.1075     0.217771
    0.143357     -0.47034     0.870764
   -0.176504     -0.78154    -0.598366
   -0.978304    0.0722975     0.194148
    0.108474    -0.619652     0.777345
   -0.179104    -0.802942    -0.568512
   -0.977428    0.0794071     0.195778
    0.112055    -0.590744      0.79904
   -0.157745    -0.778558    -0.607424
   -0.985196      0.08227     0.150402
   0.0671235    -0.622157      0.78001
     0.17435     0.944341    -0.278965
    0.978324    -0.133981     0.157895
   -0.111731     0.300448     0.947231
    0.154728     0.937838    -0.310676
     0.98543    -0.124024      0.11639
  -0.0706235     0.324158     0.943363
    -0.15288    -0.886907     0.435917
   -0.985087     0.171998   0.00446337
   0.0789352     0.428734     0.899976
   -0.183284    -0.885244    -0.427492
   -0.977051     0.116032     0.178626
    0.108525    -0.450421     0.886196
   -0.160462    -0.770926    -0.616381
    -0.98454    0.0805774     0.155523
   0.0702305    -0.631808     0.771937
   -0.160222     0.537695    -0.827776
   -0.985178    -0.035057     0.167917
   0.0612688      0.84241     0.535342
    -0.17688     0.600192    -0.780053
   -0.979524    -0.029916     0.199093
   0.0961577     0.799296     0.593194
    0.189839       0.9443    -0.268809
    0.972507    -0.143244     0.183606
   -0.134873     0.296274     0.945532
   -0.178768    -0.983716   -0.0185468
   -0.976692     0.175152     0.124071
    0.118802   -0.0402944       0.9921
   -0.184493   -0.0249306    -0.982518
   -0.970344     0.163484     0.178059
    0.156187     0.986231   -0.0543528
   -0.200898     0.383051    -0.901616
   -0.964644    0.0829246     0.250172
    0.170595     0.919997     0.352849
    0.168682     0.960117    -0.222985
    0.976463    -0.131924     0.170636
   -0.134414      0.24652     0.959771
   -0.130986    -0.902098      0.41117
   -0.990561     0.102193   -0.0913535
   0.0403912    -0.419255    -0.906969
   -0.132608    -0.903796       0.4069
   -0.990043      0.10122   -0.0978243
   0.0472265    -0.415821    -0.908219
   -0.146915    -0.905287     0.398587
   -0.986586      0.10512    -0.124893
   0.0711649    -0.411589    -0.908587
   -0.128455    -0.914246     0.384256
   -0.990233    0.0970633    -0.100091
   0.0542109     -0.39336    -0.917785
   -0.137196    -0.903073     0.406985
   -0.987704    0.0936295      -0.1252
   0.0749588    -0.419157    -0.904814
   -0.119388     -0.87158     0.475495
   -0.990147    0.0692231    -0.121722
   0.0731747    -0.485342    -0.871257
   -0.110779    -0.887458     0.447378
   -0.992575    0.0760432   -0.0949334
   0.0502293    -0.454572    -0.889292
   -0.153986    -0.895538     0.417493
   -0.981993    0.0919034    -0.165057
    0.109446    -0.435391    -0.893564
    -0.13544     -0.90053      0.41316
   -0.984777    0.0764985    -0.156087
    0.108955    -0.428011    -0.897182
   -0.162966    -0.885483     0.435156
   -0.981435     0.100283    -0.163487
    0.101126    -0.453721    -0.885388
   -0.159534    -0.821329    -0.547693
   -0.984291     0.089839     0.151985
   0.0756253    -0.563336      0.82276
   -0.147508    -0.900125     0.409898
   -0.987129     0.108091    -0.117868
   0.0617898    -0.422009    -0.904484
   -0.136688    -0.893405     0.427952
   -0.989916     0.106969   -0.0928683
   0.0371916    -0.436331    -0.899017
   -0.154812    -0.802365    -0.576406
   -0.986972    0.0997316     0.126255
   0.0438167    -0.588443     0.807351
   -0.118332    -0.893159     0.433894
   -0.992758     0.097291   -0.0704742
   0.0207306    -0.439091    -0.898203
  -0.0965249    -0.894927     0.435648
   -0.994152     0.065396   -0.0859313
   0.0484126    -0.441395    -0.896006
  -0.0633802    -0.856351     0.512489
   -0.996672    0.0279343   -0.0765825
   0.0512655    -0.515638    -0.855272
  -0.0766662    -0.872196     0.483111
   -0.994788     0.034245   -0.0960406
   0.0672221    -0.487956    -0.870276
   -0.031037    -0.795884     0.604653
   -0.997459   -0.0141468   -0.0698208
   0.0641232    -0.605284    -0.793423
  -0.0422951     -0.83007     0.556053
   -0.996731  -0.00328633   -0.0807202
   0.0688308     -0.55765    -0.827218
  -0.0056548    -0.772557      0.63492
   -0.997585   -0.0395921   -0.0570596
   0.0692196     -0.63371    -0.770468
 -0.00265476     -0.75188     0.659295
   -0.997579   -0.0438292   -0.0540011
   0.0694987    -0.657842    -0.749943
  -0.0430287    -0.829603     0.556693
   -0.995407   -0.0120991   -0.0949689
    0.085522    -0.558222    -0.825272
  -0.0185656    -0.789149     0.613921
   -0.996817   -0.0330022   -0.0725667
   0.0775267    -0.613314    -0.786025
  -0.0801291    -0.845222     0.528374
   -0.992303    0.0174305    -0.122602
    0.094416    -0.534131    -0.840113
   -0.109365      -0.8968     0.428707
   -0.988489    0.0527632    -0.141793
     0.10454    -0.439279    -0.892247
   -0.101166    -0.894867     0.434716
   -0.992426     0.060166    -0.107102
   0.0696869    -0.442259    -0.894176
   -0.125887    -0.808243     0.575235
   -0.991577     0.120311   -0.0479557
   0.0304475     0.576427     0.816581
    0.125792     0.669406    -0.732169
    0.991652    -0.105913    0.0735402
  -0.0283177    -0.735308    -0.677142
   0.0974722    -0.748363     0.656088
    0.995055    0.0606454   -0.0786562
   0.0190747     0.660511     0.750574
   0.0922227    -0.821889     0.562133
    0.995578    0.0659717   -0.0668764
   0.0178801     0.565815     0.824339
   0.0980626    -0.807498     0.581662
    0.994782    0.0630035   -0.0802454
   0.0281513     0.586496     0.809463
   0.0718364    -0.739903     0.668867
    0.995302   0.00953488    -0.096348
   0.0649106     0.672646     0.737112
    0.074068    -0.565976     0.821088
    0.994899   -0.0146019   -0.0998121
   0.0684807     0.824293     0.562007
    0.047568    -0.654998     0.754132
    0.992891   -0.0514639    -0.107327
    0.109109     0.753876     0.647893
  -0.0716414    -0.890503     0.449302
   -0.995543    0.0361426   -0.0871061
  -0.0613293      0.45354     0.889123
  -0.0549985    -0.824903     0.562592
   -0.993959  -0.00836614    -0.109435
  -0.0949804     0.565212      0.81946
   0.0583142     0.956289      0.28655
    0.994249   -0.0298075    -0.102859
   0.0898217    -0.290901     0.952528
    0.073213    -0.849648     0.522243
       0.995    0.0265575   -0.0962816
    0.067936     0.526681     0.847344
    0.041382    -0.845196     0.532852
     0.99267   -0.0258299    -0.118063
     0.11355     0.533832     0.837932
   0.0442365    -0.689356     0.723071
    0.992471    -0.052419    -0.110693
    0.114209     0.722524     0.681847
   0.0796471     0.753953     0.652082
    0.994078   -0.0115641    -0.108049
   0.0739231    -0.656826      0.75041
     0.10362    -0.809093     0.578473
    0.994122    0.0659047   -0.0858943
   0.0313724     0.583973     0.811167
    0.115967     0.640516    -0.759138
      0.9927   -0.0492485     0.110094
   0.0331304    -0.766364    -0.641552
   -0.138543    -0.874159     0.465459
   -0.990134     0.132213    -0.046407
   0.0209727     0.467296     0.883852
   -0.135995    -0.857416      0.49633
   -0.990352     0.131121   -0.0448447
   0.0266286      0.49764     0.866975
   -0.147415    -0.819143     0.554323
   -0.988862     0.133676   -0.0654363
   0.0204982     0.557795     0.829725
   0.0548363     -0.86812    -0.493316
    0.992162  -0.00818264     0.124687
     0.11228     0.496287    -0.860867
   0.0490351    -0.684559     0.727307
    0.990793   -0.0586623    -0.122014
    0.126191     0.726594      0.67538
  -0.0436984    -0.837321    -0.544963
   -0.986917     0.120917     -0.10665
   -0.155195    -0.533172      0.83165
   0.0473775     0.966832    -0.250981
    0.988217   -0.0819795    -0.129257
    0.145546       0.2419     0.959323
   0.0366314       -0.425     0.904452
    0.985386    -0.135294    -0.103484
    0.166348     0.895025     0.413833
  -0.0343941    -0.821017     0.569866
   -0.981133     0.136283      0.13713
   -0.190249    -0.554398    -0.810215
   0.0275886    -0.177118    -0.983803
     0.97948      0.20135  -0.00878258
    0.199645    -0.963373     0.179039
  -0.0197587    -0.580877     0.813751
   -0.973867     0.195373     0.115816
    -0.22626    -0.790197    -0.569557
  -0.0304782    -0.686626     0.726372
   -0.982467     0.154303     0.104636
   -0.183927    -0.710447    -0.679291
  -0.0186996    -0.674527     0.738013
   -0.974626     0.176974     0.137055
   -0.223056    -0.716724    -0.660721
   -0.015889    -0.413421     0.910401
   -0.974528     0.210112    0.0784056
   -0.223701    -0.885966    -0.406229
  -0.0215795    -0.802128    -0.596762
   -0.978906     0.138252    -0.150432
   -0.203169    -0.580927     0.788192
  -0.0121987    -0.660814     0.750451
    -0.97363     0.178833     0.141646
   -0.227807    -0.728934    -0.645569
 -0.00865258    -0.768925     0.639281
   -0.973757     0.151878     0.169499
   -0.227425    -0.621038     -0.75006
  -0.0169811     -0.47643     0.879049
    -0.97882     0.187315    0.0826131
   -0.204018    -0.859027    -0.469519
   0.0321999    -0.687527     0.725444
    0.985006    -0.101253    -0.139682
    0.169488     0.719065     0.673958
   0.0272182    -0.311525     0.949848
    0.984782    -0.154804   -0.0789907
    0.171647     0.937544     0.302571
   0.0401401    -0.870499    -0.490531
    0.990006   -0.0317753     0.137401
    0.135194     0.491144    -0.860523
  -0.0421834    -0.550407     -0.83383
   -0.989928   -0.0898588     0.109396
   -0.135139     0.830047    -0.541073
   0.0261352    -0.881022    -0.472352
    0.987351   -0.0511676     0.150067
    0.156381     0.470299    -0.868541
   0.0152191     -0.89073    -0.454278
   -0.980334    0.0761109    -0.182078
   -0.196758    -0.448115     0.872055
  0.00320334    -0.963889    -0.266287
   -0.985018    0.0428732    -0.167039
   -0.172424    -0.262832      0.94931
 -0.00662048    -0.873925    -0.486016
   -0.981745    0.0980703    -0.162971
   -0.190088    -0.476065      0.85862
  -0.0298596    -0.885107    -0.464429
   -0.987317    0.0985988    -0.124432
   -0.155927    -0.454823     0.876825
  -0.0199726    -0.977924    -0.208003
   -0.989563    0.0490318    -0.135504
   -0.142711    -0.203126     0.968697
   0.0241798    -0.783763     0.620589
    0.984711   -0.0884468    -0.150069
    0.172508      0.61473     0.769641
  -0.0424232    -0.885604     0.462499
   -0.989964    0.0997167     0.100134
   -0.134798     -0.45361    -0.880947
    0.038737    -0.565002      0.82418
    0.986855    -0.107877    -0.120336
      0.1569     0.818007     0.553396
  -0.0656793    -0.908205     0.413341
   -0.992194     0.015436    -0.123742
   -0.106003     0.418241     0.902129
  -0.0256227    -0.929971     0.366739
   -0.991958    0.0691384     0.106016
   -0.123947    -0.361073    -0.924264
  -0.0601693      -0.8987     0.434416
   -0.993161    0.0975207    0.0641876
    -0.10005    -0.427583    -0.898422
   -0.051104    -0.901095       0.4306
   -0.995926    0.0780587    0.0451521
  -0.0742984    -0.426538    -0.901413
   0.0298968    -0.844284    -0.535062
    0.986601   -0.0609709     0.151334
    0.160392     0.532417    -0.831148
   0.0538299    -0.643175     0.763825
    0.991331   -0.0573927     -0.11819
    0.119855     0.763565      0.63451
    0.023926    -0.690558     0.722881
    0.984824    -0.108055    -0.135819
    0.171902      0.71516     0.677492
   0.0093024    -0.199145    -0.979926
    0.979192     0.200482   -0.0314476
    0.202721    -0.959243     0.196867
  0.00511291     0.999002    0.0443823
    0.979775   0.00387376    -0.200066
    0.200038   -0.0445076     0.978777
  0.00318732    -0.722502     0.691362
   -0.975894     0.148624     0.159817
   -0.218221    -0.675205    -0.704611
-0.000771647    -0.636645     0.771157
   -0.973991      0.17521     0.143674
   -0.226584    -0.750989    -0.620222
  0.00913886    -0.679491     0.733627
   -0.977405      0.14887      0.15006
   -0.211179    -0.718422    -0.662777
   -0.071003    -0.884747     0.460632
   -0.995851    0.0892271    0.0178777
  -0.0569181    -0.457451    -0.887411
  -0.0801573    -0.883726     0.461089
   -0.994935    0.0990793     0.016933
  -0.0606485    -0.457396    -0.887193
   -0.105173    -0.873598     0.475147
   -0.994006     0.106691   -0.0238611
  -0.0298487    -0.474808    -0.879583
   -0.096648    -0.908902     0.405655
   -0.994911    0.0998889     -0.01323
  -0.0284956    -0.404869    -0.913931
   -0.119352    -0.895482    -0.428797
   -0.992456     0.119803    0.0260509
   -0.028043    -0.428672     0.903025
   -0.114964    -0.922693     0.367997
   -0.993357     0.104941   -0.0472071
  0.00493975    -0.370979    -0.928628
   -0.133163    -0.887271     0.441607
   -0.991066     0.115862   -0.0660581
  0.00744582    -0.446459    -0.894773
    -0.10034    -0.888412     0.447947
   -0.994908    0.0939016   -0.0366238
 -0.00952595    -0.449341     -0.89331
   -0.148893     -0.72575    -0.671654
   -0.988801     0.102262       0.1087
   0.0102047    -0.680316     0.732848
   -0.125008    -0.811074      0.57143
    -0.99182    0.0871781   -0.0932364
  -0.0258054     0.578411     0.815337
  -0.0913698    -0.499284    -0.861607
   -0.992918   -0.0202915     0.117053
   -0.075926     0.866201    -0.493894
  -0.0974183    -0.995035    0.0203814
   -0.993278    0.0959189   -0.0648007
   -0.062524    0.0265572      0.99769
   -0.105316    -0.873052     0.476118
   -0.994312      0.10011   -0.0363679
  -0.0159131     -0.47724    -0.878629
  -0.0987863     -0.84075     0.532335
   -0.994202     0.106219   -0.0167378
  -0.0424717    -0.530902    -0.846368
   -0.105141    -0.722664    -0.683157
   -0.993392     0.108114     0.038521
   -0.046021    -0.682692     0.729255
  -0.0850827    -0.929842     0.357988
   -0.994627     0.100527     0.024718
  -0.0589713    -0.353961    -0.933399
  -0.0909399    -0.763135     0.639809
   -0.993446     0.114194   -0.0049993
   -0.069247     -0.63607    -0.768518
  -0.0688384    -0.833581     0.548092
   -0.994406     0.101451    0.0294008
  -0.0801125    -0.543002    -0.835901
  -0.0582925     -0.90499     0.421421
   -0.995145    0.0862095    0.0474805
  -0.0792999    -0.416607    -0.905621
  -0.0872298    -0.366246     -0.92642
    -0.99202   -0.0530522      0.11438
  -0.0910398     0.929005    -0.358695
  -0.0383069    -0.951422     0.305497
   -0.993692    0.0685167     0.088783
   -0.105402    -0.300169    -0.948045
  -0.0162708    -0.958366    -0.285079
   -0.991191    0.0529401      -0.1214
   -0.131437    -0.280592     0.950785
  -0.0194459    -0.935482     0.352838
   -0.992381    0.0610033     0.107046
   -0.121664    -0.348068    -0.929541
 -0.00174744    -0.973107    -0.230347
    -0.98834    0.0367518    -0.147762
   -0.152253    -0.227402     0.961825
  0.00545534    -0.889083     0.457714
    -0.99028    0.0588137     0.126045
   -0.138984    -0.453953     -0.88012
   0.0200804    -0.892212      0.45117
   -0.987117    0.0539522     0.150628
   -0.158733    -0.448382    -0.879635
    0.017898    -0.952865    -0.302865
   -0.983161     0.038325    -0.178677
   -0.181863    -0.300964     0.936134
 -0.00316612     -0.89745     0.441105
   -0.991479    0.0602617     0.115489
   -0.130227    -0.436981    -0.889993
   0.0254171    -0.941455     0.336178
   -0.988723    0.0259718     0.147487
   -0.147583    -0.336136    -0.930178
   0.0204445    -0.982037    -0.187579
   -0.990809   0.00519127    -0.135168
   -0.133714    -0.188618     0.972905
   -0.019957    -0.988675    -0.148739
   -0.992229    0.0378602    -0.118527
   -0.122816    -0.145218     0.981747
   0.0435718     0.994922   -0.0907244
    0.992038    -0.053828    -0.113859
    0.118165    0.0850409     0.989346
   0.0604988     0.736373     0.673866
    0.990532    0.0390556    -0.131607
     0.12323    -0.675448     0.727038
    0.073672     0.989376     0.125328
    0.991204   -0.0587885    -0.118569
    0.109942    -0.132961     0.985005
  -0.0471747    -0.883574     0.465909
   -0.993851    0.0882945    0.0668158
   -0.100174    -0.459893    -0.882306
   0.0331517    -0.802044     0.596344
    0.991631   -0.0480969    -0.119813
    0.124778     0.595325     0.793737
 -0.00442216    -0.951889     -0.30641
    0.991873   -0.0431373     0.119695
    0.127154     0.303391    -0.944344
   -0.444771    -0.802547    -0.397615
   -0.884139     0.322492     0.338079
    0.143097    -0.501914     0.852998
    -0.48664    -0.497255    -0.718275
   -0.865383     0.386908     0.318456
    0.119552     0.776556    -0.618601
   -0.469229    -0.502153    -0.726407
   -0.877092     0.360618     0.317276
    0.102635     0.786001    -0.609647
    -0.51273    -0.460423    -0.724651
   -0.853943     0.360812     0.374961
   0.0888223     0.811064    -0.578174
     -0.5324    -0.472744    -0.702185
   -0.839985     0.397712     0.369122
    0.104766     0.786345     -0.60884
   -0.483377     -0.39118    -0.783151
   -0.872171     0.292108     0.392416
   0.0752598     0.872726    -0.482374
   -0.543201    -0.418695    -0.727755
   -0.835274     0.357392     0.417838
   0.0851473     0.834845     -0.54386
   -0.514641     -0.36289    -0.776824
   -0.854486     0.291788     0.429783
   0.0707039     0.884969    -0.460251
   -0.531099    -0.337298     -0.77728
   -0.843201     0.300626     0.445686
   0.0833415     0.892106    -0.444072
   -0.562008    -0.475846    -0.676548
   -0.820236     0.426025     0.381727
    0.106582     0.769463    -0.629736
   -0.548409    -0.356176    -0.756562
   -0.830644      0.33625     0.443808
   0.0963197     0.871822    -0.480258
   -0.564104    -0.463443    -0.683379
   -0.816843     0.434137     0.379857
    0.120638     0.772493    -0.623459
    -0.48699    -0.344731    -0.802497
   -0.871229     0.256584     0.418478
   0.0616454     0.902953    -0.425294
   -0.505985    -0.346767    -0.789767
   -0.859697     0.277054     0.429141
   0.0699959     0.896099    -0.438299
   -0.480328    -0.366086    -0.797036
   -0.874539     0.269149     0.403412
   0.0668383     0.890808    -0.449437
   -0.458534    -0.363864    -0.810771
   -0.886896     0.245098     0.391589
   0.0562335     0.898627    -0.435095
   -0.456301    -0.372685    -0.808019
   -0.887607     0.254712     0.383764
   0.0627894     0.892316    -0.447023
    0.408252     0.186249    -0.893668
    0.911146    -0.143254     0.386381
  -0.0560583    -0.972003    -0.228183
   -0.389957     -0.28222    -0.876519
    -0.91828     0.190011     0.347357
   0.0685166     0.940345    -0.333253
   -0.438569    -0.283962    -0.852657
   -0.894926      0.22483     0.385434
   0.0822543     0.932104    -0.352728
   -0.383045      0.38345    -0.840383
   -0.918337   -0.0599129     0.391239
   0.0996708     0.921616     0.375086
    0.349572    0.0263717    -0.936538
    0.934401   -0.0829091      0.34644
  -0.0685114    -0.996208   -0.0536244
   -0.333953     0.269551    -0.903226
   -0.940116   -0.0258767      0.33987
   0.0682396     0.962638     0.262051
    0.297114    -0.203474     -0.93291
    0.952372  -0.00708062     0.304857
   -0.068636    -0.979055     0.191679
   -0.413687     0.550125    -0.725414
   -0.901263    -0.134738      0.41179
    0.128796     0.824141     0.551547
   -0.556548    -0.335318    -0.760142
   -0.817886     0.381912     0.430355
    0.146002     0.861223    -0.486804
    -0.53838    -0.384677     -0.74978
   -0.833259     0.375826     0.405504
    0.125799     0.843077    -0.522873
    0.508859   -0.0330789    -0.860214
     0.84446    -0.174884     0.506264
   -0.167184    -0.984033   -0.0610574
   -0.521772     -0.21304    -0.826056
   -0.831551     0.343205      0.43673
    0.190466     0.914781    -0.356228
    0.484785    -0.192883      -0.8531
    0.860993   -0.0663484     0.504271
   -0.153867    -0.978976     0.133906
    0.455152     0.031882    -0.889843
     0.86036    -0.273197     0.430283
   -0.229384     -0.96143    -0.151776
    0.442762     0.287269    -0.849376
     0.87496     -0.34547     0.339256
   -0.195976     -0.89338     -0.40431
    0.391913   -0.0181358    -0.919823
    0.886163    -0.261226     0.382722
   -0.247223    -0.965107   -0.0863067
   -0.478204  -0.00139199    -0.878247
   -0.838717     0.297367     0.456209
    0.260526     0.954762     -0.14337
    0.419536     0.228923    -0.878398
    0.862783     -0.40132     0.307488
   -0.282127    -0.886869    -0.365879
    0.442402     0.207018    -0.872596
    0.840046    -0.436342     0.322379
   -0.314012    -0.875642    -0.366943
   -0.426176    -0.727127       0.5382
   -0.888447     0.448481   -0.0976067
      0.1704      0.51976     0.837146
    0.377545    0.0295758    -0.925519
    0.900383    -0.245156     0.359457
   -0.216265    -0.969032    -0.119187
   -0.366799     -0.73473     0.570641
   -0.912701     0.402958   -0.0678401
      0.1801     0.545708     0.818393
   -0.420726    -0.338101     -0.84183
   -0.894872      0.30706     0.323912
    0.148978     0.889608    -0.431745
    0.478506     0.179166    -0.859611
    0.868946    -0.237489     0.434203
   -0.126353    -0.954724    -0.269326
    0.462495     0.269107    -0.844796
    0.879741    -0.257767     0.399515
   -0.110248    -0.927975    -0.355961
   -0.503066    -0.240354    -0.830153
   -0.859069     0.244067     0.449923
   0.0944722       0.9395    -0.329263
   -0.526077    -0.294313    -0.797886
   -0.843765      0.29792     0.446435
    0.106314     0.908088     -0.40506
   -0.480545    -0.241931    -0.842939
   -0.873133     0.221809     0.434096
   0.0819497       0.9446    -0.317827
   -0.380127    -0.727062     0.571738
   -0.923564     0.331995    -0.191854
   0.0503243     0.600965     0.797689
   -0.409956    -0.720099     0.559815
   -0.909684      0.36749    -0.193459
   0.0664173     0.588565     0.805717
   -0.403794    -0.673524     0.619125
   -0.911098     0.357283    -0.205545
   0.0827638     0.647082     0.757915
   -0.433384    -0.567007    -0.700487
   -0.898353      0.33364     0.285737
   0.0716957     0.753118    -0.653967
   -0.438819    -0.652327     0.617987
   -0.896723     0.362046    -0.254579
   0.0576715     0.665877     0.743829
   -0.434932    -0.304939    -0.847258
   -0.896611     0.233603      0.37619
   0.0832075     0.923278    -0.375013
   -0.440346    -0.501696    -0.744578
    -0.89537     0.306713     0.322862
   0.0663927     0.808844    -0.584264
   -0.453447    -0.520554    -0.723471
   -0.888574     0.327274     0.321447
   0.0694425     0.788616    -0.610952
    0.441038     0.414067    -0.796263
    0.895251    -0.265584     0.357759
  -0.0633388     -0.87064    -0.487826
    0.440312     0.593287    -0.673896
    0.895926    -0.339373     0.286604
  -0.0586639    -0.729956    -0.680972
    0.428811     0.464457    -0.774855
    0.901117    -0.280765     0.330392
  -0.0640992    -0.839911    -0.538926
    0.422243    -0.516707     0.744799
     0.90418     0.298604    -0.305442
  -0.0645763     0.802403     0.593279
   -0.463834    -0.407415    -0.786684
   -0.883083     0.283658     0.373768
   0.0708706     0.868073    -0.491351
    0.460843     0.426553    -0.778252
    0.885606    -0.278011     0.372038
  -0.0576686    -0.860676    -0.505877
   -0.442158    -0.421585    -0.791684
   -0.891464     0.303917     0.336045
   0.0989343     0.854342    -0.510207
   -0.409936    -0.343023    -0.845156
   -0.904068      0.27561     0.326649
    0.120885     0.897984    -0.423098
   -0.406897    -0.526676    -0.746356
   -0.907999     0.322522     0.267429
   0.0998675     0.786506    -0.609454
   -0.363241    -0.808637     0.462776
   -0.925348     0.370998   -0.0780555
     0.10857     0.456581     0.883032
   -0.359889    -0.771388     0.524824
   -0.922483     0.378404   -0.0763966
    0.139664     0.511636     0.847775
   -0.372683    -0.534005    -0.758911
   -0.924726     0.281927     0.255733
   0.0773953     0.797092    -0.598878
    0.397117      0.47733    -0.783871
     0.91424    -0.280562     0.292318
  -0.0803922    -0.832731     -0.54781
    0.394542     0.451361     0.800381
    0.915429    -0.268472    -0.299854
   -0.079538    -0.850997     0.519112
   -0.335639    -0.435006    -0.835534
    -0.93654     0.249381     0.246378
    0.101191     0.865205    -0.491102
    0.340261     0.553764    -0.759978
    0.934689    -0.287581     0.208935
   -0.102855    -0.781436     -0.61545
   -0.352799    -0.273119    -0.894952
    -0.93139      0.19419     0.307901
   0.0896966     0.942176    -0.322891
   -0.285609     -0.36979    -0.884128
   -0.950658     0.225947     0.212597
     0.12115     0.901223    -0.416077
    0.301318     0.234075    -0.924346
    0.947273    -0.184302      0.26212
   -0.109003     -0.95459    -0.277267
   -0.259764     0.590565    -0.764039
   -0.958806   -0.0635494     0.276862
    0.114951     0.804484     0.582745
    0.287048     0.602817    -0.744456
    0.948679    -0.286565     0.133749
   -0.132709    -0.744642    -0.654138
    0.253541    -0.209639    -0.944335
    0.958083   -0.0802026     0.275037
   -0.133396    -0.974484     0.180516
    0.246272    0.0791371    -0.965964
    0.957332    -0.175361     0.229705
   -0.151215    -0.981318    -0.118947
   -0.321001  -0.00618207    -0.947059
   -0.942804    0.0969856     0.318926
   0.0898794     0.995267   -0.0369609
   -0.264638     0.309862     -0.91321
   -0.959483    0.0103961     0.281575
   0.0967433     0.950725     0.294556
    0.378074     0.205848      -0.9026
    0.922424    -0.166645     0.348372
  -0.0787026     -0.96429    -0.252883
    -0.42571    -0.374426    -0.823758
   -0.902906     0.235573     0.359537
   0.0594349     0.896834    -0.438357
    0.410442     0.430582    -0.803826
    0.909058    -0.262585     0.323516
  -0.0717729    -0.863509      -0.4992
    0.432425     0.254929    -0.864882
    0.837189     -0.46973     0.280123
   -0.334849    -0.845201    -0.416546
     -0.4052    -0.273968    -0.872213
    -0.86522     0.423086     0.269057
    0.295308     0.863678    -0.408477
    -0.41394    -0.250001    -0.875302
   -0.859937     0.422801     0.285915
    0.298599     0.871056    -0.389999
    0.436812     0.209865     -0.87473
    0.827349     -0.47544     0.299084
   -0.353114     -0.85435    -0.381309
   -0.390366    -0.384055     -0.83673
   -0.883961     0.410392     0.224033
    0.257347     0.827091    -0.499693
   -0.430828     -0.30286    -0.850096
   -0.853727     0.442075     0.275172
    0.292468     0.844302    -0.449018
   -0.411023    -0.338713    -0.846365
   -0.879436     0.391853     0.270265
    0.240108     0.855409    -0.458938
   -0.444052     0.620732     -0.64615
   -0.871879    -0.133143     0.471275
    0.206505     0.772635     0.600325
   -0.446652    -0.532706    -0.718837
   -0.823471     0.558923    0.0974683
    0.349853     0.635476    -0.688312
    -0.44591    -0.742707    -0.499551
   -0.850711     0.178126     0.494533
     0.27831     -0.64549     0.711257
    0.456843     0.861572     0.221332
    0.822483    -0.503895     0.263839
   -0.338844   -0.0615085      0.93883
    0.390898     0.177173    -0.903221
    0.905502    -0.250062     0.342834
    -0.16512    -0.951882    -0.258179
   -0.429107      0.38486     -0.81716
   -0.894642   -0.0564651     0.443201
    0.124429     0.921246     0.368542
   -0.408073     0.352851    -0.842005
   -0.911004   -0.0971999      0.40078
   0.0595725     0.930617     0.361113
     0.36701   -0.0344259     -0.92958
    0.922465     -0.11527     0.368471
   -0.119838    -0.992737   -0.0105487
    0.364021     0.290594    -0.884898
    0.908041    -0.322129     0.267756
   -0.207243    -0.900993    -0.381133
   -0.344298     -0.36327    -0.865733
   -0.926251     0.282048     0.250016
    0.153355     0.887966    -0.433587
    0.356554     0.183426    -0.916092
    0.907774    -0.299899     0.293269
   -0.220942    -0.936171     -0.27344
    0.379308    0.0269637    -0.924878
    0.885297    -0.301207     0.354294
   -0.269026    -0.953178    -0.138121
   -0.345309    -0.311008    -0.885458
   -0.921203     0.292574     0.256485
    0.179293     0.904254     -0.38753
    0.452164     0.870447    -0.194601
    0.826856    -0.327264     0.457393
   -0.334451     0.367723     0.867711
   -0.447725    -0.736358    -0.507266
   -0.855921     0.188781     0.481416
    0.258732    -0.649722     0.714786
    -0.43998    -0.783334    -0.439095
   -0.862889     0.233382      0.44828
    0.248676    -0.576125     0.778614
    0.426505     0.885424    -0.184711
    0.842171    -0.314264     0.438162
   -0.329911     0.342437     0.879713
   -0.436171     0.621732    -0.650542
   -0.883663    -0.159369      0.44016
    0.169985     0.766845     0.618913
   -0.409459     -0.75503    -0.512126
   -0.882692      0.18594     0.431604
    0.230649    -0.628773     0.742594
   -0.424448     0.584774    -0.691291
   -0.893882    -0.148955     0.422833
     0.14429     0.797403     0.585942
   -0.397135    -0.825279    -0.401496
    -0.90752     0.287963     0.305752
    0.136715    -0.485791     0.863317
    0.410117     0.895662     -0.17203
    0.853013     -0.30994     0.419888
   -0.322759     0.318947     0.891123
    0.382652     0.895289    -0.228113
    0.895112    -0.298107     0.331523
   -0.228807     0.331044     0.915455
    0.384385     0.870591    -0.307115
    0.870442    -0.230963     0.434727
   -0.307537     0.434428     0.846577
   -0.427122    -0.660926    -0.617044
   -0.902078     0.264816     0.340775
   0.0618239    -0.702175     0.709316
   -0.396742    -0.721974    -0.566877
   -0.917286     0.288684     0.274315
   0.0343995     -0.62882     0.776789
   -0.396112     0.452118    -0.799177
   -0.917841    -0.219387     0.330814
  -0.0257616     0.864557     0.501874
   -0.424925     0.627019    -0.652905
   -0.905158    -0.303323       0.2978
   -0.011315     0.717525     0.696441
   -0.428138     0.572473    -0.699266
   -0.898036    -0.182907     0.400097
    0.101144     0.799262      0.59241
   -0.423929     0.577927     -0.69734
    -0.90569    -0.273198     0.324174
 -0.00316267     0.769001      0.63924
   -0.454334     0.613004     -0.64638
   -0.886522    -0.239838     0.395673
   0.0875229     0.752798     0.652407
   -0.440143    -0.700708    -0.561501
   -0.875788     0.196994     0.440669
    0.198168    -0.685713     0.700377
   -0.421788     0.470047    -0.775339
   -0.906214    -0.190719     0.377362
   0.0295058      0.86179     0.506407
   -0.442832    -0.701239    -0.558717
   -0.883254     0.448318     0.137377
   -0.154149    -0.554324     0.817901
   -0.440186      0.50682    -0.741195
   -0.885713    -0.380667     0.265718
   -0.147477     0.773451     0.616461
   -0.421621    -0.754119    -0.503529
   -0.895712     0.432831     0.101772
   -0.141195    -0.493926     0.857964
   -0.423165     0.549018     -0.72077
    -0.89577    -0.373015     0.241778
   -0.136118     0.747956     0.649641
   -0.435108     0.540902    -0.719796
   -0.887994    -0.389934     0.243759
   -0.148823     0.745235     0.649981
    -0.41825    -0.663586    -0.620259
   -0.902676     0.379738     0.202424
   -0.101211    -0.644556     0.757828
   -0.419256     0.621108    -0.662155
    -0.90033    -0.378243     0.215264
   -0.116754     0.686409     0.717783
   -0.406068     0.572924    -0.711946
   -0.910464    -0.320576     0.261318
  -0.0785182     0.754314     0.651802
   -0.398061     0.558108    -0.728055
   -0.916109     -0.28326     0.283739
  -0.0478715     0.779923     0.624042
   -0.423167    -0.658101    -0.622762
   -0.897663     0.397831     0.189556
   -0.123007    -0.639244     0.759102
   -0.399716     0.322256    -0.858125
    -0.91323    -0.220659     0.342519
  -0.0789743     0.920576     0.382495
   -0.410234     0.606453    -0.681118
    -0.90718    -0.347888     0.236638
  -0.0934432     0.714974     0.692878
   -0.410459    -0.647527    -0.642053
   -0.911259     0.317228     0.262628
  -0.0336181    -0.692874     0.720274
   -0.404003      0.54752    -0.732805
   -0.914757    -0.240611     0.324541
  0.00137208     0.801454     0.598055
   -0.411289     0.610852    -0.676537
   -0.909143    -0.328309     0.256265
  -0.0655728     0.720468     0.690381
   -0.407705     0.615475    -0.674513
   -0.909956    -0.335243     0.244116
  -0.0758784     0.713304     0.696735
   -0.409982     0.441685    -0.798016
   -0.903788    -0.314536     0.290233
   -0.122813     0.840227     0.528143
    0.406031     0.635794    -0.656433
    0.905877    -0.374752     0.197353
    0.120524     0.674779     0.728112
   -0.395455     0.538175      -0.7443
   -0.915219    -0.299169     0.269948
  -0.0773926      0.78795     0.610856
    0.423743    -0.609193    -0.670317
    0.893598     0.402135     0.199425
    0.148069    -0.683499     0.714776
    0.375827    -0.354798     -0.85608
    0.925656     0.187356     0.328723
   0.0437616    -0.915978     0.398834
    0.363754     -0.18037    -0.913865
    0.931262    0.0923726     0.352447
   0.0208455    -0.979252     0.201572
    0.350332   -0.0223484    -0.936359
    0.936377   -0.0146735     0.350689
   -0.021577    -0.999643    0.0157859
    0.369955     0.308118    -0.876468
    0.929038    -0.117933     0.350686
  0.00468835     -0.94401    -0.329883
   -0.341651   0.00912979    -0.939782
   -0.938384     0.052072     0.341649
   0.0520555     0.998602  -0.00922322
   -0.354922    -0.363812    -0.861203
   -0.933346      0.19091     0.304004
   0.0538121     0.911698    -0.407321
   -0.343108    -0.348728    -0.872162
   -0.935029     0.215214     0.281788
   0.0894342      0.91218    -0.399912
   -0.370894    -0.630164    -0.682152
   -0.928246     0.273882      0.25169
   0.0282234     0.726555    -0.686528
   -0.339133    -0.627733    -0.700671
   -0.930694     0.332426     0.152646
      0.1371     0.703878    -0.696964
   -0.338237    -0.620667    -0.707367
   -0.935814     0.301105     0.183272
   0.0992404     0.723953    -0.682673
   -0.364516    -0.294916    -0.883262
   -0.930223     0.158699     0.330908
   0.0425824     0.942252    -0.332186
    0.361223    -0.332473    -0.871195
    0.932477     0.126421     0.338386
 -0.00236724    -0.934601     0.355689
     0.65267    0.0950645    -0.751655
    0.569735    -0.715554     0.404209
   -0.499423    -0.692059    -0.521182
    0.660873     0.135087     -0.73824
    0.569689     -0.73066     0.376286
   -0.488571    -0.669244    -0.559831
   -0.663052    -0.278322    -0.694909
   -0.615651     0.730832     0.294718
    0.425835     0.623235    -0.655929
   -0.665421    -0.214466    -0.714996
   -0.621805     0.689205     0.371962
    0.413005     0.692099    -0.591968
    0.667649     0.168866    -0.725072
    0.579795    -0.728869     0.364127
   -0.466994    -0.663502    -0.584536
   -0.663063    -0.252501    -0.704692
    -0.66141      0.63847     0.393565
    0.350549     0.727049    -0.590352
   -0.666754    -0.272634     -0.69362
   -0.620886     0.717993     0.314623
    0.412237     0.640435    -0.647999
   -0.666533    -0.262039    -0.697904
   -0.650741     0.661247     0.373214
