  -0.0110552    -0.809299     0.587292
   -0.997025   -0.0358835   -0.0682162
   0.0762815    -0.586299    -0.806495
   -0.038322    -0.845037     0.533332
   -0.997434  4.94575e-05   -0.0715912
   0.0604709    -0.534707    -0.842871
  -0.0710232    -0.876453      0.47622
   -0.996286    0.0390351   -0.0767439
   0.0486732    -0.479903    -0.875971
  -0.0882902    -0.941704     0.324653
   -0.995267    0.0701146   -0.0672879
   0.0406024    -0.329057    -0.943437
   -0.110674    -0.921643     0.371922
   -0.993207    0.0890382   -0.0749103
   0.0359253    -0.377686    -0.925237
   -0.101732    -0.945204     0.310225
   -0.994579    0.0898959   -0.0522537
   0.0215024     -0.31386    -0.949226
   -0.120056    -0.895108     0.429382
   -0.992652     0.101648   -0.0656475
    0.015116    -0.434108    -0.900734
   -0.120269    -0.897682     0.423914
   -0.992239      0.09512   -0.0800835
   0.0315668    -0.430256    -0.902155
   -0.118813    -0.872246     0.474417
   -0.992913     0.103035   -0.0592282
  0.00278003    -0.478092    -0.878306
   -0.120032    -0.885021      0.44981
   -0.992333    0.0935111   -0.0808167
   0.0294622    -0.456062     -0.88946
   -0.114145    -0.854978     0.505948
    -0.99345     0.100986   -0.0534766
 -0.00537255    -0.508738    -0.860905
   -0.104453      -0.8315     0.545616
   -0.994449    0.0803397   -0.0679429
   0.0126598    -0.549685    -0.835276
     0.15519     0.986854    0.0451097
    0.971853    -0.160705     0.172268
   -0.177252   -0.0171059     0.984017
   -0.179649    -0.840944     0.510431
   -0.964643     0.252312     0.076177
    0.192849     0.478698     0.856538
   -0.159609    -0.900959     0.403483
     -0.9705     0.218026     0.102933
    0.180708     0.375151     0.909179
   -0.180753     0.523835    -0.832421
   -0.964791    0.0699841     0.253536
    0.191067      0.84894     0.492741
    0.203143    -0.336166    -0.919633
    0.958364    -0.124228     0.257109
   -0.200675    -0.933574     0.296934
    0.154068     0.256892     -0.95408
    0.971701    -0.214381    0.0991904
   -0.179056    -0.942363    -0.282651
   -0.199473     0.510991    -0.836121
   -0.961156    0.0640782     0.268464
     0.19076     0.857195      0.47836
   -0.177046     0.548795    -0.816994
   -0.967537    0.0550654     0.246658
    0.180353     0.834141     0.521231
   -0.193423    -0.811907    -0.550813
   -0.965278    0.0570149     0.254925
    0.175571    -0.580997     0.794744
   -0.215347    -0.770122    -0.600448
   -0.955969    0.0407183     0.290628
     0.19937    -0.636596     0.744981
   -0.210468      -0.7309    -0.649221
   -0.959596     0.027591     0.280025
    0.186758    -0.681927     0.707176
    0.219533     0.690183    -0.689531
    0.956636   -0.0135904      0.29097
   -0.191452     0.723507     0.663237
    0.150251    -0.110155    -0.982492
    0.974409    -0.151553     0.166006
   -0.167186    -0.982292    0.0845646
   -0.172006    -0.656735     0.734244
   -0.971243     0.237618   -0.0149912
    0.164625     0.715707     0.678721
   -0.150709    -0.934826     -0.32154
   -0.978651    0.0951051     0.182202
    0.139747    -0.342135     0.929201
   -0.121889    -0.823107    -0.554651
   -0.982685    0.0215112      0.18403
    0.139545    -0.567479     0.811477
   -0.125603    -0.727642      0.67436
   -0.979209     0.200068    0.0334927
    0.159289     0.656133     0.737643
  -0.0993262    -0.914813    -0.391473
   -0.986007    0.0375524      0.16242
    0.133883    -0.402127     0.905742
  -0.0926292    -0.566075    -0.819133
   -0.983946     0.178078   -0.0117971
    0.152548      0.80489    -0.573482
    0.129168      0.73575     0.664821
    0.977439    -0.207458    0.0396848
    -0.16712    -0.644696     0.745948
    0.105361     0.689628     0.716458
    0.982304    -0.184362     0.033002
   -0.154847    -0.700303     0.696849
  -0.0688119    -0.898249     0.434066
   -0.990956     0.011301    -0.133709
    0.115198    -0.439341    -0.890903
  -0.0638533    -0.520007    -0.851772
   -0.988396     0.150831   -0.0179868
    0.137827      0.84074    -0.523603
  -0.0272679    -0.655026     0.755114
   -0.993983    -0.062403   -0.0900255
     0.10609    -0.753025    -0.649383
   -0.128302    -0.765765     0.630193
   -0.977966     0.203213    0.0478234
    0.164685     0.610171     0.774964
   -0.212566     -0.70354     -0.67812
   -0.962081     0.029295     0.271185
    0.170924    -0.710051      0.68309
   -0.210207    -0.846345    -0.489401
   -0.961863    0.0894196     0.258502
    0.175019    -0.525076     0.832864
   -0.197951      -0.8957    -0.398166
   -0.969542     0.119145     0.213991
    0.144233    -0.428399     0.892004
   -0.200434    -0.757672    -0.621096
   -0.968167    0.0561654     0.243921
    0.149928    -0.650215     0.744811
   -0.196172     -0.87919    -0.434214
   -0.969996     0.109139     0.217249
    0.143613    -0.463804      0.87422
   -0.176478     -0.78634    -0.592052
   -0.978297     0.073768     0.193634
    0.108587    -0.613374     0.782292
   -0.179102    -0.807394    -0.562172
   -0.977413    0.0808641     0.195257
     0.11219    -0.584445      0.80364
   -0.157647    -0.784792    -0.599374
    -0.98521    0.0837225     0.149507
   0.0671511    -0.614079     0.786383
    0.174326     0.947205    -0.269096
    0.978318    -0.135572      0.15657
   -0.111823     0.290556     0.950302
   -0.155681    -0.856618    -0.491903
   -0.984926    0.0966007     0.143492
   0.0753998    -0.506827     0.858744
   -0.152797    -0.889684      0.43025
     -0.9851     0.171893   0.00560186
   0.0789409     0.422983     0.902692
   -0.183426     -0.89027    -0.416864
   -0.977006     0.118208     0.177446
    0.108698    -0.439826     0.891481
   -0.160585     0.500441    -0.850747
   -0.984891   -0.0246298     0.171417
   0.0648304      0.86542     0.496835
   -0.160304     0.553113    -0.817538
   -0.985157   -0.0381483     0.167361
    0.061382     0.832232     0.551019
   -0.177126     0.642348    -0.745664
    -0.97946   -0.0408725     0.197453
   0.0963563     0.765322     0.636394
    0.190073     0.946829    -0.259591
    0.972426    -0.145171     0.182516
   -0.135127     0.287125     0.948314
      0.1791     0.983222   -0.0345993
    0.976601    -0.173418     0.127187
   -0.119053    0.0565688     0.991275
   -0.184819  -0.00315536    -0.982767
   -0.970234     0.159811     0.181949
    0.156483     0.987143   -0.0325976
   -0.200298     0.493372    -0.846442
   -0.965102    0.0494024     0.257172
    0.168698     0.868414     0.466259
    0.169061      0.95934    -0.226022
    0.976364    -0.131682     0.171387
   -0.134655     0.249655     0.958927
   -0.131215    -0.902625     0.409939
   -0.990523      0.10244   -0.0914936
   0.0405904    -0.418059    -0.907512
    -0.13301    -0.904147     0.405988
   -0.989981     0.101611   -0.0980482
   0.0473972    -0.414962    -0.908604
   -0.147221    -0.905785      0.39734
   -0.986523     0.105467    -0.125099
   0.0714066    -0.410402    -0.909104
   -0.128932    -0.914464     0.383579
   -0.990162    0.0975111    -0.100352
   0.0543649    -0.392744     -0.91804
   -0.140607    -0.890723     0.432252
   -0.987141    0.0925925    -0.130304
   0.0760416    -0.445015    -0.892289
   -0.119735    -0.872549     0.473626
   -0.990092    0.0696961    -0.121901
   0.0733544    -0.483529    -0.872249
   -0.111371    -0.888027       0.4461
   -0.992503    0.0766543   -0.0951911
   0.0503367    -0.453358    -0.889906
   -0.154316    -0.896229     0.415884
   -0.981915    0.0923885    -0.165248
    0.109677    -0.433863    -0.894278
   -0.135727     -0.90106     0.411908
   -0.984717    0.0768927    -0.156268
    0.109134    -0.426823    -0.897726
   -0.163249    -0.886721     0.432522
   -0.981362     0.100898    -0.163548
    0.101381     -0.45116    -0.886666
   -0.159761    -0.824674    -0.542577
   -0.984238    0.0908412     0.151737
    0.075845    -0.558266     0.826188
   -0.147738     -0.90083     0.408263
   -0.987079     0.108408    -0.117992
    0.062032     -0.42042    -0.905207
   -0.136755     -0.89421     0.426247
   -0.989899     0.107117   -0.0928764
   0.0373928    -0.434643    -0.899826
   -0.157713      -0.8136    -0.559626
   -0.986439     0.103723     0.127201
   0.0454444    -0.572098     0.818925
   -0.119455    -0.887929     0.444198
   -0.992649    0.0980402   -0.0709678
   0.0194652     -0.44941    -0.893114
  -0.0972512    -0.895379     0.434555
    -0.99408    0.0661354   -0.0862014
   0.0484435    -0.440366    -0.896511
  -0.0642643    -0.856892     0.511474
   -0.996612    0.0287464   -0.0770596
   0.0513287    -0.514694    -0.855836
  -0.0771447    -0.872736     0.482059
   -0.994749    0.0347606   -0.0962596
   0.0672525    -0.486954    -0.870835
  -0.0319936     -0.79679     0.603408
    -0.99742   -0.0133672   -0.0705358
   0.0642682    -0.604108    -0.794307
  -0.0429076    -0.830634     0.555164
   -0.996702  -0.00271986   -0.0811027
   0.0688766    -0.556813    -0.827778
 -0.00644596    -0.773355     0.633941
   -0.997573   -0.0389828   -0.0576991
   0.0693347    -0.632774    -0.771226
 -0.00379494     -0.75281     0.658227
   -0.997563   -0.0430046   -0.0549354
   0.0696627    -0.656832    -0.750812
  -0.0433462     -0.83038     0.555509
   -0.995395   -0.0116882   -0.0951419
   0.0854968    -0.557075    -0.826049
  -0.0190171    -0.789931     0.612901
   -0.996811   -0.0325404   -0.0728684
    0.077505    -0.612332    -0.786793
  -0.0803905      -0.8464     0.526445
   -0.992282    0.0179297    -0.122699
   0.0944135    -0.532246    -0.841309
   -0.109618    -0.897345     0.427498
   -0.988454    0.0531502    -0.141892
    0.104604    -0.438117    -0.892811
   -0.101567     -0.89539     0.433544
   -0.992379    0.0606235    -0.107281
   0.0697758    -0.441136    -0.894723
   -0.125792    -0.811212     0.571062
    -0.99159     0.120461   -0.0473066
   0.0304148      0.57221     0.819543
    0.127047      0.69959     0.703159
    0.991466    -0.110456   -0.0692439
  -0.0292257    -0.705956     0.707653
   0.0973496    -0.750058     0.654168
    0.995066    0.0607205   -0.0784591
   0.0191275     0.658579     0.752269
   0.0921411    -0.823156     0.560289
    0.995585    0.0660401   -0.0667031
   0.0179055     0.563961     0.825607
   0.0979015    -0.810922     0.576907
    0.994796    0.0633052   -0.0798335
   0.0282175      0.58172     0.812899
   0.0717505    -0.742817     0.665639
    0.995307   0.00987617   -0.0962648
   0.0649331     0.669422     0.740039
   0.0739244    -0.567518     0.820036
    0.994907   -0.0145338    -0.099747
   0.0685264     0.823233     0.563553
    0.047495     -0.65705     0.752349
    0.992892    -0.051234    -0.107424
    0.109129     0.752104     0.649947
  -0.0715781    -0.892418     0.445496
   -0.995549     0.036468   -0.0869026
  -0.0613071     0.449733     0.891056
  -0.0549555    -0.828259     0.557644
   -0.993962  -0.00773986     -0.10945
  -0.0949691     0.560292     0.822833
   0.0582781     0.957414     0.282775
    0.994257   -0.0301974    -0.102668
   0.0897566    -0.287135     0.953676
   0.0761452    -0.684715     0.724822
    0.994434 -0.000938433    -0.105355
   0.0728187      0.72881     0.680832
   0.0412571    -0.849094     0.526628
     0.99267   -0.0250924    -0.118225
    0.113598     0.527645     0.841835
   0.0440433    -0.694309     0.718328
    0.992466   -0.0518791    -0.110996
    0.114332     0.717805     0.686793
    0.079377     0.762882     0.641646
     0.99409   -0.0127627    -0.107803
   0.0740521    -0.646411     0.759387
    0.103388    -0.812953     0.573078
    0.994143    0.0662261    -0.085405
   0.0314774     0.578552     0.815038
    0.115773     0.646854    -0.753775
    0.992719   -0.0499525     0.109605
   0.0332457    -0.760976    -0.647928
   -0.138375    -0.879097     0.456116
   -0.990159      0.13253   -0.0449595
   0.0209253     0.457848     0.888784
   -0.135831    -0.860247     0.491453
   -0.990375     0.131213   -0.0440494
   0.0265919     0.492706      0.86979
   -0.150475     -0.74691     0.647675
    -0.98823     0.131897   -0.0774907
    0.027548     0.651712     0.757966
   0.0548459    -0.869377    -0.491097
    0.992169  -0.00782546     0.124659
    0.112219     0.494088    -0.862139
   0.0490443    -0.685774      0.72616
    0.990799   -0.0584148    -0.122084
     0.12614     0.725466       0.6766
  -0.0437162    -0.835422    -0.547868
   -0.986922     0.121281    -0.106187
   -0.155157    -0.536061     0.829798
   0.0473685       0.9664     -0.25264
    0.988224   -0.0821801     -0.12907
    0.145495     0.243551     0.958913
   0.0366654    -0.421548     0.906065
    0.985392     -0.13564    -0.102982
    0.166311     0.896604     0.410417
  -0.0343769    -0.820346     0.570834
   -0.981134      0.13643     0.136977
   -0.190247    -0.555356    -0.809559
   0.0276141     -0.18826    -0.981731
    0.979475     0.201264   -0.0110444
    0.199666    -0.961276     0.189953
  -0.0197366    -0.582353     0.812696
   -0.973851     0.195206     0.116228
   -0.226329    -0.789151    -0.570978
    -0.03044    -0.685039      0.72787
   -0.982475     0.154479     0.104301
   -0.183891     -0.71194    -0.677736
  -0.0186444      -0.6738     0.738679
   -0.974624     0.177084      0.13693
   -0.223072    -0.717381    -0.660003
  -0.0158222    -0.411207     0.911405
   -0.974532     0.210263    0.0779483
   -0.223688     -0.88696    -0.404061
  -0.0216337     -0.80298    -0.595614
   -0.978902     0.138089     -0.15061
   -0.203184    -0.579789     0.789025
  -0.0122144    -0.668481     0.743629
   -0.973612     0.177437     0.143514
   -0.227883    -0.722253    -0.653008
 -0.00614483    -0.624651      0.78088
   -0.973551     0.182087     0.137996
   -0.228388    -0.759378    -0.609248
  -0.0170463     -0.49694     0.867618
   -0.978821     0.185347    0.0869289
   -0.204009     -0.84776    -0.489574
   0.0322268     0.695302    -0.717995
    0.985011    0.0997001     0.140761
    0.169455    -0.711769    -0.681667
   0.0272375    -0.304358     0.952168
    0.984785    -0.155372   -0.0778347
     0.17163     0.939801     0.295496
    0.040102    -0.877964    -0.477045
    0.990005   -0.0296928     0.137871
     0.13521     0.477806    -0.867998
  -0.0421692    -0.549649    -0.834331
   -0.989931   -0.0899501     0.109292
    -0.13512     0.830539    -0.540322
   0.0260992    -0.893471    -0.448362
    0.987346   -0.0471404     0.151412
    0.156418     0.446641    -0.880934
   0.0151364    -0.891247    -0.453265
   -0.980307    0.0760407    -0.182254
     -0.1969    -0.447098     0.872545
  0.00315214    -0.962738    -0.270418
   -0.984985    0.0436891    -0.167022
   -0.172613    -0.266884     0.948144
 -0.00665701    -0.876972    -0.480496
   -0.981726    0.0971173    -0.163651
   -0.190182    -0.470626     0.861593
  -0.0298235    -0.887635    -0.459581
   -0.987291     0.097963    -0.125138
   -0.156099    -0.450008     0.879276
   -0.019949    -0.976918    -0.212681
   -0.989533    0.0497007    -0.135476
    -0.14292    -0.207753     0.967684
    0.024152    -0.799601     0.600046
    0.984694   -0.0846083    -0.152381
    0.172613     0.594541     0.785319
  -0.0423662    -0.886539     0.460711
   -0.989945    0.0995358     0.100501
   -0.134956    -0.451821    -0.881842
   0.0462771    -0.605376     0.794593
    0.987886    -0.090211    -0.126264
    0.148118     0.790811     0.593868
  -0.0655343    -0.932796     0.354397
   -0.992184    0.0231182    -0.122624
    -0.10619     0.359663      0.92702
  -0.0254762    -0.929694      0.36745
   -0.991941    0.0691431     0.106167
   -0.124109    -0.361784    -0.923964
  -0.0600247    -0.899235     0.433328
   -0.993156    0.0973736    0.0644958
   -0.100192    -0.426491    -0.898925
  -0.0495902    -0.888221     0.456732
   -0.995605    0.0803367    0.0481345
  -0.0794464    -0.452337    -0.888301
   0.0297807    -0.857183     -0.51415
    0.986587   -0.0573851     0.152817
    0.160497     0.511804    -0.843977
   0.0535857    -0.653021     0.755442
    0.991324   -0.0561391    -0.118845
    0.120018     0.755256     0.644347
   0.0239279    -0.702104     0.711673
    0.984818    -0.105874    -0.137562
     0.17193      0.70416     0.688911
  0.00998956    0.0374857    -0.999247
    0.978499     0.205507    0.0174915
    0.206008    -0.977937   -0.0346268
  0.00850154     0.998017   -0.0623692
    0.979942   -0.0207339    -0.198204
    0.199104    0.0594331     0.978175
  0.00323747    -0.575959     0.817472
    -0.97545     0.178187     0.129407
   -0.220196    -0.797822    -0.561243
-0.000842761    -0.643883     0.765124
    -0.97398     0.173931     0.145297
   -0.226633    -0.745093    -0.627276
  0.00903702    -0.712366      0.70175
   -0.977387     0.141976      0.15671
   -0.211266    -0.687297    -0.694974
  -0.0706951     -0.88523      0.45975
   -0.995873    0.0889305    0.0180981
  -0.0569068    -0.456573    -0.887864
  -0.0799773    -0.884469     0.459693
   -0.994946    0.0989243    0.0172342
  -0.0607179    -0.455991    -0.887911
   -0.105052    -0.874353     0.473783
    -0.99402     0.106607    -0.023663
  -0.0298189    -0.473435    -0.880324
  -0.0964717     -0.90908     0.405298
    -0.99493    0.0996961   -0.0132024
  -0.0284046    -0.404517    -0.914089
   -0.119268    -0.896906    -0.425834
   -0.992465     0.119831    0.0255778
  -0.0280873    -0.425676      0.90444
   -0.116359    -0.895921     0.428703
   -0.993207     0.104465   -0.0512632
  0.00114345    -0.431755     -0.90199
   -0.133145    -0.888362     0.439414
   -0.991068     0.115973   -0.0658372
  0.00752702    -0.444256    -0.895869
  -0.0995116    -0.853393     0.511681
   -0.994952    0.0920405   -0.0399908
  -0.0129676    -0.513078    -0.858244
   -0.148927    -0.745268     -0.64992
   -0.988795     0.105439     0.105671
   0.0102259    -0.658375     0.752621
   -0.124868    -0.822609     0.554727
   -0.991835     0.088889   -0.0914462
  -0.0259154     0.561616     0.826992
  -0.0911489    -0.504086     -0.85883
   -0.992927   -0.0198813      0.11705
   -0.076078     0.863424    -0.498709
  -0.0972795    -0.995251  -0.00344971
   -0.993283    0.0973042   -0.0626092
  -0.0626476   0.00266405     0.998032
   -0.105412     -0.87505     0.472414
   -0.994302      0.10032   -0.0360427
  -0.0158533    -0.473522    -0.880639
  -0.0986239    -0.844021     0.527164
   -0.994221     0.106146   -0.0160569
  -0.0424039    -0.525701    -0.849612
   -0.105189    -0.761321    -0.639786
   -0.993387     0.110214     0.032175
  -0.0460179    -0.638939     0.767879
   -0.084709    -0.929566     0.358792
   -0.994664     0.100172    0.0246925
  -0.0588942    -0.354786    -0.933091
  -0.0906698    -0.771391     0.629869
   -0.993475     0.114003  -0.00339267
  -0.0691902    -0.626067    -0.776694
  -0.0683828    -0.836282     0.544018
   -0.994447     0.100861    0.0300449
  -0.0799961    -0.538943    -0.838535
   -0.056139    -0.928145      0.36796
   -0.995041    0.0823177     0.055827
  -0.0821052    -0.363001    -0.928164
  -0.0870217    -0.361773    -0.928196
    -0.99204   -0.0536501     0.113918
  -0.0910104     0.930721    -0.354225
  -0.0380812    -0.950852     0.307295
   -0.993692    0.0684935    0.0887947
   -0.105478    -0.301975    -0.947463
  -0.0162102    -0.957862     0.286771
   -0.991173    0.0531383     0.121463
   -0.131583     -0.28227    -0.950268
  -0.0193372    -0.935087     0.353891
   -0.992371     0.061056     0.107104
   -0.121758     -0.34912    -0.929134
 -0.00178162    -0.972462    -0.233056
   -0.988312    0.0372382    -0.147827
   -0.152434    -0.230069     0.961162
  0.00537747    -0.889748      0.45642
   -0.990255    0.0587799     0.126253
   -0.139162    -0.452652    -0.880761
   0.0200051    -0.893066      0.44948
    -0.98709     0.053814     0.150855
   -0.158912    -0.446696     -0.88046
   0.0178134     -0.95229    -0.304675
   -0.983135    0.0387893     -0.17872
   -0.182012    -0.302721     0.935538
 -0.00324581    -0.898248     0.439477
   -0.991459    0.0601908     0.115701
   -0.130381    -0.435348    -0.890771
   0.0252147    -0.941436     0.336247
   -0.988693    0.0262499     0.147636
   -0.147816    -0.336168     -0.93013
   0.0201611    -0.980813    -0.193908
   -0.990779    0.0063897    -0.135334
   -0.133976    -0.194848      0.97164
   0.0222833    -0.991577    -0.127586
    0.992077   0.00614853     0.125484
    0.123643     0.129371    -0.983857
    0.042714     0.998567   -0.0322438
    0.992233   -0.0461728    -0.115507
    0.116831    0.0270596     0.992783
   0.0627348    -0.722775      0.68823
    0.990579   -0.0390121    -0.131266
    0.121725     0.689981     0.713519
    0.073286      0.99585    0.0539553
    0.991243   -0.0667744    -0.113927
    0.109852    -0.061832     0.992023
  -0.0468134     -0.88429     0.464585
   -0.993872    0.0878583    0.0670831
   -0.100139    -0.458597    -0.882984
    0.031453    -0.671196     0.740612
    0.991296   -0.0738258    -0.109006
     0.12784     0.737594     0.663032
  -0.0041084    -0.959172    -0.282793
    0.991841   -0.0399409     0.121061
    0.127413     0.279989     -0.95151
   -0.442199    -0.814124    -0.376379
   -0.885104     0.328212     0.329951
    0.145089    -0.479039      0.86572
    -0.49092    -0.556293    -0.670474
   -0.863072     0.415452     0.287239
    0.118761     0.719679    -0.684075
   -0.467261     -0.50981     -0.72233
    -0.87797     0.363757     0.311207
    0.104096     0.779599    -0.617567
   -0.511112    -0.466086    -0.722169
   -0.854808     0.363439     0.370425
   0.0898148     0.806645    -0.584172
   -0.533101    -0.479806    -0.696843
   -0.839203     0.404468     0.363517
    0.107433     0.778584    -0.618276
   -0.486603    -0.401928    -0.775675
   -0.870404     0.299195     0.390997
   0.0749249     0.865411    -0.495429
   -0.542054    -0.422851    -0.726206
   -0.835953     0.359555     0.414611
    0.085792     0.831815    -0.548382
    -0.51364    -0.299101    -0.804185
    -0.85508      0.25578     0.451015
   0.0707953     0.919302    -0.387134
   -0.529919    -0.284537    -0.798889
   -0.843869     0.270332     0.463472
   0.0840902      0.91976    -0.383366
    -0.55918    -0.521181    -0.644739
   -0.821559     0.452636     0.346642
    0.111169     0.723527    -0.681286
   -0.547727    -0.361282    -0.754632
   -0.831057     0.339118     0.440844
   0.0966407     0.868605     -0.48599
   -0.563496    -0.464343     -0.68327
   -0.817203     0.434494     0.378673
    0.121043     0.771751    -0.624299
   -0.485808    -0.351537    -0.800258
   -0.871867     0.259797     0.415156
   0.0619622     0.899404    -0.432704
   -0.505617    -0.321671    -0.800549
   -0.859849     0.264013     0.436986
   0.0707898     0.909299    -0.410078
   -0.479243    -0.369164    -0.796269
    -0.87513     0.270133     0.401468
    0.066891     0.889239    -0.452526
    -0.45703    -0.358718    -0.813907
   -0.887749     0.240561      0.39247
   0.0550079     0.901916    -0.428395
   -0.453364    -0.294791    -0.841165
   -0.889165     0.215251     0.403799
   0.0620256     0.931002    -0.359704
   -0.410344    -0.261393    -0.873666
   -0.910258     0.175416     0.375047
   0.0552205     0.949159    -0.309916
    0.390725     0.134675    -0.910602
    0.918085    -0.128735     0.374896
  -0.0667369    -0.982492    -0.173943
   -0.436851    -0.318756    -0.841163
   -0.895659     0.240838     0.373888
   0.0834053     0.916729    -0.390707
   -0.376756     0.266181    -0.887244
   -0.921169  -0.00686222     0.389103
   0.0974834     0.963899     0.247783
   -0.357714   -0.0205519    -0.933605
   -0.931612    0.0767343     0.355261
   0.0643382      0.99684   -0.0465953
    0.329974    -0.244842    -0.911685
    0.941824    0.0200061      0.33551
  -0.0639078    -0.969357       0.2372
    0.295969    -0.112819    -0.948512
    0.952675   -0.0372496     0.301699
  -0.0693689    -0.992917    0.0964548
   -0.414792     -0.69724    -0.584639
   -0.901356     0.226929     0.368863
    0.124514     -0.67997     0.722591
   -0.556282     -0.33939    -0.758528
   -0.818042     0.384182     0.428033
    0.146142     0.858614    -0.491349
   -0.538011    -0.387458    -0.748612
     -0.8335     0.377051     0.403869
    0.125782     0.841254    -0.525804
     0.50892    -0.024796    -0.860456
    0.844473    -0.179458     0.504639
   -0.166929    -0.983453   -0.0703902
    0.517116     0.159311    -0.840959
     0.83346    -0.317309     0.452393
   -0.194772    -0.934845    -0.296865
    0.484871    -0.175909    -0.856713
    0.861002   -0.0759655     0.502896
   -0.153544    -0.981471     0.114624
    0.455567    0.0329814     -0.88959
    0.860269    -0.273269      0.43042
   -0.228902    -0.961372    -0.152865
    0.443154     0.289318    -0.848475
    0.874864    -0.346013     0.338951
   -0.195519    -0.892508    -0.406451
    0.392512    -0.021486    -0.919496
    0.886069    -0.259222       0.3843
   -0.246611    -0.965579   -0.0827097
   -0.478605  -0.00144736    -0.878029
   -0.838624     0.296972     0.456637
    0.260089     0.954885    -0.143346
    0.420091      0.22178    -0.879964
    0.862711    -0.398413     0.311441
   -0.281518    -0.889989    -0.358702
     0.44291     0.202991    -0.873284
    0.839998    -0.434456     0.325041
   -0.313423    -0.877521    -0.362937
   -0.426523    -0.723671     0.542567
   -0.888358     0.447921    -0.100924
    0.169991      0.52504     0.833928
    0.376785    -0.278989    -0.883288
    0.900348    -0.113835     0.420018
    -0.21773    -0.953523     0.208296
   -0.367351    -0.737423     0.566798
   -0.912572     0.403469   -0.0665261
    0.179628     0.541683     0.821166
   -0.420856    -0.340187    -0.840924
   -0.894867     0.307591      0.32342
    0.148638     0.888628    -0.433874
    0.478348     0.190646    -0.857227
    0.869069    -0.242942     0.430927
   -0.126102    -0.951122    -0.281895
   -0.461217    -0.333369     -0.82228
   -0.880696     0.284748      0.37854
    0.107948     0.898768    -0.424928
    0.502698      0.17676    -0.846198
    0.859232    -0.209682     0.466642
   -0.094949     -0.96166    -0.257285
   -0.525507     -0.29999    -0.796146
    -0.84413       0.3007     0.443875
    0.106244      0.90531     -0.41125
   -0.479785    -0.247365    -0.841794
   -0.873553     0.224266     0.431984
   0.0819282     0.942611    -0.323686
   -0.380325    -0.727327     0.571269
    -0.92348     0.332293    -0.191743
   0.0503692      0.60048     0.798052
   -0.401518     -0.73622      0.54476
   -0.913497     0.364553     -0.18062
   0.0656177     0.570159     0.818909
   -0.403759    -0.671346     0.621509
    -0.91111      0.35656    -0.206744
   0.0828083     0.649738     0.755634
   -0.432883    -0.563348    -0.703741
   -0.898568     0.332032     0.286931
    0.072023     0.756567    -0.649937
   -0.438286    -0.646785      0.62416
   -0.896953     0.359639    -0.257166
   0.0581407     0.672554      0.73776
   -0.434526     -0.30763    -0.846493
   -0.896794     0.234766     0.375028
   0.0833576     0.922089    -0.377893
   -0.439485     -0.49848    -0.747242
   -0.895757      0.30515      0.32327
   0.0668777      0.81142    -0.580625
   -0.453777    -0.565991    -0.688288
   -0.888411     0.347465     0.299988
   0.0693655     0.747611    -0.660504
   -0.440151     -0.39634    -0.805718
    -0.89577     0.255935     0.363447
   0.0621631     0.881709     -0.46768
     0.43936     0.589017    -0.678249
     0.89635    -0.337321     0.287701
  -0.0593267    -0.734353     -0.67617
     0.42566     0.467795     0.774584
    0.902547     -0.28095    -0.326306
  -0.0649756    -0.837994     0.541797
    0.421895     0.482745    -0.767439
    0.904311    -0.284757     0.318018
  -0.0650117    -0.828173    -0.556689
   -0.462597    -0.371259     -0.80509
   -0.883369     0.270093     0.383025
   0.0752472     0.888378    -0.452903
    0.459683     0.427416    -0.778465
    0.886195    -0.277889     0.370723
  -0.0578738    -0.860287    -0.506515
   -0.441819    -0.421555    -0.791889
   -0.891641     0.303619     0.335844
   0.0988558     0.854463    -0.510021
   -0.410011     -0.34495    -0.844334
   -0.904061     0.276192     0.326177
    0.120684     0.897066    -0.425098
   -0.406879    -0.524526    -0.747878
   -0.908014     0.321682     0.268387
   0.0998032     0.788285    -0.607163
   -0.363633    -0.809228     0.461435
   -0.925214     0.371382   -0.0778122
    0.108401     0.455221     0.883755
   -0.360383     -0.77263     0.522654
   -0.922336     0.378857   -0.0759163
    0.139356     0.509421     0.849158
   -0.372959    -0.536068    -0.757319
   -0.924616      0.28279     0.255175
   0.0773711       0.7954    -0.601126
    0.395904     0.475369     0.785675
    0.914714      -0.2796    -0.291757
  -0.0809829    -0.834175     0.545521
    0.397227     0.441433     0.804579
    0.914281    -0.266179    -0.305349
  -0.0793711    -0.856904     0.509328
   -0.335338    -0.424905    -0.840835
   -0.936919     0.243871      0.25042
   0.0986507      0.87177    -0.479881
    0.342729     0.525528    -0.778689
    0.933792    -0.281285     0.221159
   -0.102808    -0.802931    -0.587138
   -0.352319    -0.282213    -0.892316
   -0.931608     0.196752     0.305606
   0.0893194     0.938959    -0.332231
   -0.285941    -0.382723    -0.878499
   -0.950667     0.228386     0.209933
     0.12029     0.895189    -0.429147
   -0.301491    -0.262964     -0.91649
   -0.947321     0.191596      0.25666
    0.108103      0.94559    -0.306875
   -0.268181     0.522993    -0.809047
   -0.957491   -0.0520766     0.283723
    0.106253     0.850744     0.514727
    0.288118     0.646295    -0.706604
    0.948576    -0.293659     0.118187
   -0.131117     -0.70432    -0.697669
    0.244941    -0.266329    -0.932241
    0.960866   -0.0616353     0.270071
   -0.129387     -0.96191     0.240809
   -0.257316    -0.293212    -0.920769
   -0.955535     0.219218     0.197223
    0.144021     0.930575    -0.336583
    0.320674    0.0499342    -0.945872
    0.942965    -0.111039     0.313827
  -0.0893583    -0.992561   -0.0826936
   -0.267353     0.365607    -0.891546
   -0.958764  -0.00836675     0.284079
   0.0964018     0.930732     0.352768
    0.377272     0.220666    -0.899429
    0.922772    -0.171866     0.344897
  -0.0784746    -0.960088    -0.268464
   -0.424547    -0.377322     0.823036
   -0.903447     0.236314    -0.357687
   0.0595318     0.895424     0.441217
     0.40933     0.430911    -0.804217
    0.909551    -0.262156     0.322476
  -0.0718721    -0.863476    -0.499244
   -0.433177    -0.324375    -0.840915
   -0.837604     0.489411     0.242685
    0.332832      0.80948    -0.483699
   -0.405848    -0.271861    -0.872571
   -0.865198     0.421913     0.270966
    0.294484     0.864917    -0.406446
   -0.414601     -0.24785      -0.8756
   -0.859941      0.42145     0.287889
    0.297669     0.872324    -0.387871
   -0.435636    -0.285633    -0.853601
   -0.829842     0.494802     0.257939
    0.348687     0.820722    -0.452584
   -0.391153     -0.38194     -0.83733
    -0.88387     0.409435     0.226135
    0.256462     0.828544    -0.497737
   -0.431346    -0.300824    -0.850556
   -0.853769     0.440805     0.277072
    0.291579     0.845693    -0.446974
   -0.411657    -0.336645    -0.846882
   -0.879377     0.390676     0.272154
    0.239237     0.856763    -0.456863
   -0.444334     0.613419    -0.652904
   -0.871877    -0.128591     0.472541
    0.205908     0.779218     0.591964
   -0.447096    -0.522812    -0.725791
   -0.823572     0.557232     0.105937
    0.349049     0.645105    -0.679709
   -0.446247    -0.730843    -0.516461
   -0.850788     0.167493     0.498103
    0.277532    -0.661675     0.696536
    0.457109     0.859784     0.227647
    0.822613    -0.506014     0.259341
    -0.33817   -0.0687185     0.938573
   -0.385491    -0.329683    -0.861804
   -0.907287     0.305496     0.288968
     0.16801     0.893298    -0.416883
   -0.429473     0.381692    -0.818452
   -0.894491   -0.0550993     0.443677
    0.124252     0.922646     0.365084
   -0.408614     0.351004    -0.842515
   -0.910746   -0.0963278     0.401574
   0.0597966     0.931406     0.359036
    0.367927   -0.0329573    -0.929271
    0.922133    -0.115593       0.3692
   -0.119585     -0.99275   -0.0121387
    0.359389     0.207305     -0.90987
    0.911909    -0.285045     0.295249
   -0.198147    -0.935828    -0.291485
    -0.34524    -0.365537    -0.864403
   -0.925977     0.282715     0.250279
    0.152893     0.886823    -0.436083
    0.357344     0.180927    -0.916281
    0.907624    -0.298658     0.294995
   -0.220282    -0.937053    -0.270937
    0.380044    0.0235098    -0.924669
    0.885216    -0.299163     0.356223
   -0.268252    -0.953912    -0.134506
   -0.346061     -0.31131    -0.885058
   -0.921021     0.292482     0.257245
    0.178781     0.904179     -0.38794
    0.452262     0.870499    -0.194142
    0.827032    -0.327831     0.456668
   -0.333883     0.367095     0.868195
   -0.447839    -0.734419     -0.50997
   -0.856026     0.187483     0.481736
    0.258185    -0.652287     0.712644
   -0.439752    -0.782722    -0.440414
   -0.863067     0.232631     0.448327
    0.248462    -0.577259     0.777842
    0.426534     0.885953    -0.182089
    0.842325    -0.315757      0.43679
    -0.32948     0.339684     0.880941
   -0.435956     0.618303    -0.653945
   -0.883764    -0.156857     0.440859
    0.170009     0.770128     0.614817
   -0.409243     -0.75395    -0.513887
   -0.882757     0.184712     0.431998
    0.230784    -0.630429     0.741147
   -0.423894       0.5814    -0.694469
   -0.894039    -0.145897     0.423566
    0.144941      0.80043     0.581639
   -0.396796    -0.825693    -0.400979
   -0.907565     0.287524     0.306032
    0.137397    -0.485347     0.863458
    0.410036     0.896397    -0.168351
    0.853117    -0.311659     0.418402
   -0.322586     0.315183     0.892523
    0.382489     0.896699    -0.222784
    0.895106    -0.299826     0.329984
     -0.2291     0.325631     0.917321
    0.384403     0.871189    -0.305391
    0.870404    -0.231795     0.434358
    -0.30762     0.432782      0.84739
    -0.42663    -0.659984    -0.618391
   -0.902246      0.26313     0.341635
   0.0627564    -0.703693     0.707727
   -0.396281    -0.721333    -0.568014
   -0.917444     0.287206     0.275335
   0.0354711    -0.630231     0.775597
   -0.395642     0.443761    -0.804079
   -0.918073    -0.214626     0.333283
  -0.0246778     0.870064      0.49232
   -0.424425      0.62476    -0.655392
   -0.905406    -0.300969     0.299429
  -0.0101816     0.720481       0.6934
   -0.428082     0.570773    -0.700688
   -0.898018    -0.181544     0.400756
    0.101535     0.800787     0.590281
   -0.423883      0.57678    -0.698317
   -0.905714    -0.271759     0.325314
 -0.00213921     0.770371     0.637592
   -0.454296     0.611705    -0.647636
   -0.886511    -0.238747     0.396357
   0.0878325       0.7542     0.650745
   -0.440318    -0.699072    -0.563399
    -0.87581     0.196268     0.440948
    0.197677    -0.687588     0.698674
   -0.412441     0.496868    -0.763554
   -0.910238    -0.190853      0.36748
   0.0368626      0.84658     0.530983
   -0.442216    -0.691296     -0.57145
   -0.883214     0.446548     0.143275
   -0.156134    -0.568071     0.808033
   -0.439703      0.50531    -0.742512
   -0.886068    -0.379167     0.266676
   -0.146782     0.775174      0.61446
   -0.421315    -0.753193    -0.505167
   -0.896003     0.431837     0.103416
   -0.140257    -0.496202     0.856803
   -0.423053     0.548493    -0.721236
   -0.895982    -0.371877     0.242744
   -0.135068     0.748908     0.648763
   -0.434842      0.54011    -0.720551
   -0.888257    -0.388796     0.244617
   -0.148027     0.746404     0.648821
   -0.418252    -0.663251    -0.620616
   -0.902807     0.378784     0.203622
   -0.100027    -0.645462     0.757215
    -0.41273     0.548587    -0.727122
   -0.903425    -0.348294     0.250028
    -0.11609     0.760094     0.639359
   -0.406374     0.572495    -0.712116
   -0.910414    -0.319806     0.262431
  -0.0774984     0.754966     0.651168
   -0.390953     0.379418    -0.838569
   -0.919077     -0.20995     0.333494
  -0.0495241      0.90109     0.430795
   -0.423236    -0.658238    -0.622571
   -0.897733     0.397398     0.190133
   -0.122256    -0.639374     0.759115
   -0.400108     0.320634     -0.85855
   -0.913124    -0.219422     0.343596
  -0.0782164     0.921438     0.380571
   -0.410503     0.606742    -0.680699
   -0.907121     -0.34773       0.2371
  -0.0928411     0.714807     0.693132
   -0.410816     -0.64729    -0.642063
   -0.911132      0.31673     0.263668
  -0.0326908    -0.693323     0.719885
   -0.404487     0.547062     -0.73288
   -0.914542    -0.240272     0.325396
  0.00192122     0.801868     0.597498
   -0.411335     0.609667    -0.677576
   -0.909212    -0.326897      0.25782
   -0.064313     0.722111     0.688781
   -0.407483     0.614273    -0.675742
   -0.910157    -0.333662     0.245528
  -0.0746487     0.715079     0.695046
   -0.409742     0.438427    -0.799933
    -0.90406    -0.312076     0.292035
   -0.121604     0.842847     0.524235
    0.405752    -0.634518     -0.65784
    0.906147     0.373321      0.19882
     0.11943    -0.676771     0.726442
   -0.394101     0.532018    -0.749427
   -0.914749    -0.306014     0.263799
  -0.0889898     0.789501     0.607263
    0.423338    -0.608075    -0.671587
    0.893959     0.400686     0.200717
    0.147045    -0.685343      0.71322
    0.376374    -0.354486    -0.855969
    0.925445     0.187259     0.329372
   0.0435297    -0.916119     0.398536
    0.364434    -0.178255    -0.914009
    0.931003    0.0913708      0.35339
   0.0205203    -0.979733     0.199255
    0.351003   -0.0201472    -0.936157
    0.936124   -0.0155836     0.351326
  -0.0216669    -0.999676    0.0133904
    0.370427     0.317912    -0.872763
     0.92885    -0.122051     0.349774
  0.00467541    -0.940231    -0.340504
   -0.342423    0.0079523    -0.939512
   -0.938102     0.052534     0.342353
   0.0520788     0.998587   -0.0105288
   -0.355386    -0.367664    -0.859374
    -0.93317     0.192468     0.303561
   0.0537939     0.909824    -0.411494
   -0.343843    -0.345591     -0.87312
   -0.934774     0.214369     0.283273
   0.0892731     0.913572    -0.396758
   -0.371219    -0.632458    -0.679848
   -0.928117     0.274965     0.250983
   0.0281985     0.724149    -0.689067
    -0.33982    -0.635875    -0.692954
   -0.930493     0.334462     0.149394
    0.136771     0.695555    -0.705334
   -0.339113     -0.62414    -0.703884
   -0.935517     0.302515     0.182465
   0.0990519     0.720371     -0.68648
   -0.359634    -0.459377     -0.81218
   -0.931644     0.225275     0.285115
   0.0519882       0.8592    -0.508992
    0.362014    -0.335067    -0.869871
    0.932169     0.127427     0.338857
  -0.0026947    -0.933538     0.358469
    0.651998     0.115601    -0.749356
    0.569834    -0.726681     0.383697
   -0.500187    -0.677179    -0.539668
    0.660677     0.143844     -0.73676
     0.56973    -0.735154     0.367364
   -0.488789    -0.662463    -0.567651
   -0.663447    -0.357845    -0.657104
   -0.618183      0.75692     0.211947
    0.421531     0.546826     -0.72339
   -0.665566    -0.218781    -0.713552
   -0.621688      0.69151     0.367857
    0.412948      0.68844    -0.596259
   -0.667859    -0.173322    -0.723826
   -0.579657     0.731142     0.359763
    0.466865     0.659842    -0.588767
    -0.66295    -0.255861    -0.703586
   -0.661404     0.640483     0.390291
    0.350774     0.724097    -0.593835
   -0.667009    -0.273553    -0.693014
     -0.6207     0.718519     0.313788
    0.412106     0.639453    -0.649053
   -0.666598    -0.257318    -0.699596
    -0.65123     0.657689     0.378609
