   0.0500774    -0.937633     0.344001
   -0.996979   -0.0674076   -0.0385972
   0.0593783    -0.341029    -0.938176
 9.98724e-05    -0.876466     0.481463
   -0.998513   -0.0263325   -0.0477292
   0.0545112    -0.480742    -0.875166
  -0.0531585    -0.852987     0.519218
   -0.997784    0.0245299   -0.0618564
   0.0400263    -0.521355    -0.852401
  -0.0814285    -0.916672     0.391256
   -0.995774    0.0580973   -0.0711254
   0.0424678    -0.395394    -0.917529
   -0.129036    -0.906923     0.401049
   -0.990789     0.101162   -0.0900176
   0.0410682    -0.408971    -0.911623
   -0.110541    -0.888681     0.445003
   -0.993577    0.0879171   -0.0712378
   0.0241843    -0.450019    -0.892691
   -0.141294    -0.918045    -0.370445
   -0.989771     0.123544    0.0713465
   0.0197331    -0.376736      0.92611
   -0.150533    -0.870802     0.468021
    -0.98801      0.11609    -0.101784
   0.0343008    -0.477731    -0.877836
    0.154065      0.98235    -0.106074
    0.987951    -0.151556    0.0313681
  -0.0147382     0.109629     0.993863
   -0.155993    -0.860999     0.484093
   -0.987174     0.119041    -0.106382
   0.0339681    -0.494479    -0.868526
   -0.149039    -0.927753    -0.342141
   -0.988828     0.140787     0.048982
 -0.00272575    -0.345619     0.938371
   -0.153699    -0.911839     0.380691
   -0.987813     0.132219   -0.0821227
   0.0245481    -0.388674    -0.921048
    0.200053     0.742663     0.639085
    0.957852    -0.285484    0.0319162
   -0.206151    -0.605764     0.768473
    0.229429     0.953109    -0.197348
    0.947548     -0.17236     0.269156
    -0.22252     0.248749     0.942661
   -0.190519    -0.893631    -0.406357
   -0.960967    0.0851804     0.263223
    0.200611    -0.440644     0.874979
   -0.227899     0.575185    -0.785637
   -0.947897    0.0534087     0.314069
    0.222608     0.816278     0.533044
   -0.256196     -0.96636    0.0226041
   -0.937688     0.254138     0.236972
    0.234745   -0.0395157     0.971254
   -0.193839    -0.904501    -0.379874
    -0.96049    0.0961464      0.26118
    0.199714    -0.415492     0.887401
   -0.249773    -0.837619    -0.485807
   -0.940555    0.0906214     0.327329
    0.230152    -0.538686     0.810461
   -0.227514    -0.796058    -0.560828
   -0.949418     0.053332     0.309454
    0.216433    -0.602866     0.767925
    0.238436     0.715561    -0.656597
     0.94636   -0.0193887      0.32253
    -0.21806     0.698281     0.681802
   -0.264594    -0.882716    -0.388333
   -0.934929     0.136078     0.327704
    0.236426    -0.449773     0.861282
    0.253003    -0.620752    -0.742062
    0.941114   -0.0198856     0.337504
   -0.224263    -0.783755     0.579167
   -0.259894    -0.591991     -0.76289
   -0.939199     0.338571    0.0572308
    0.224412     0.731379     -0.64399
   -0.186789     -0.80994    -0.555974
   -0.962671    0.0380569     0.267984
    0.195893    -0.585276     0.786815
     0.21178      0.73029    -0.649481
    0.956527   -0.0185389     0.291054
   -0.200514     0.682885     0.702469
    0.179652    -0.676411    -0.714278
    0.967336   -0.0105378      0.25328
   -0.178848    -0.736449     0.652423
   -0.145245    -0.803054    -0.577935
   -0.973926    0.0131568     0.226483
    0.174274    -0.595762     0.784026
    0.153166     0.948191    -0.278341
    0.971298   -0.0925795     0.219109
   -0.181988     0.303912     0.935157
   -0.105176    -0.746197     0.657365
   -0.981815     0.182972    0.0506108
    0.158045     0.640087     0.751871
   -0.100343    -0.783883    -0.612747
   -0.982589   -0.0187137     0.184849
    0.156367    -0.620626     0.768357
   -0.151534    -0.921005    -0.358868
   -0.971676    0.0721924     0.225019
    0.181336    -0.382802     0.905859
    0.108025     0.967561     0.228378
    0.982576    -0.138862     0.123541
   -0.151246    -0.211053     0.965702
  -0.0476672    -0.596573    -0.801142
   -0.989603     0.137163   -0.0432584
    0.135694     0.790751    -0.596909
    0.060483    -0.531124     0.845133
    0.989366     0.144101    0.0197553
   -0.132277      0.83495     0.534192
 0.000841924    -0.929184    -0.369616
     0.99394    0.0414069    -0.101829
   -0.109923     0.367291    -0.923588
    0.153506      0.98719   -0.0434904
    0.973266    -0.143438     0.179384
   -0.170848    0.0698642     0.982817
   -0.243094    -0.417434    -0.875588
   -0.949594     0.286604     0.127003
    0.197932     0.862326    -0.466065
   -0.245166      -0.5564    -0.793922
   -0.948307     0.307848    0.0770931
    0.201513     0.771783    -0.603112
    0.222531     0.190356    -0.956161
    0.959906     -0.21427     0.180745
   -0.170471    -0.958046    -0.230406
    0.214697    0.0980611    -0.971746
    0.962807    -0.188355     0.193714
   -0.164037    -0.977193    -0.134853
    0.228433     0.175462    -0.957618
    0.958044     -0.21542     0.189064
   -0.173116    -0.960629     -0.21731
    0.192222   -0.0812844    -0.977979
    0.972184    -0.120124     0.201067
   -0.133822    -0.989426    0.0559331
   -0.201807    -0.605132    -0.770123
   -0.969982     0.232408    0.0715626
    0.135678     0.761447    -0.633869
   -0.175762     -0.29622    -0.938808
   -0.979541     0.147576     0.136824
   0.0980155      0.94365    -0.316098
    -0.17831    -0.531143    -0.828307
   -0.975922     0.202938    0.0799557
    0.125627      0.82262     -0.55454
   -0.164581    -0.484261    -0.859305
   -0.982088     0.161475    0.0970987
    0.091735     0.859894    -0.502163
    0.150902     0.274384    -0.949706
    0.984627    -0.127211     0.119697
  -0.0879704    -0.953169    -0.289362
    0.209488     0.943091     0.258251
    0.969225    -0.235198    0.0726897
   -0.129293    -0.235076     0.963339
    0.185288      0.65424    -0.733238
    0.978451    -0.192011    0.0759284
  -0.0911144    -0.731506    -0.675719
   -0.196212    -0.438148    -0.877227
   -0.976962     0.163942     0.136636
   0.0839475     0.883826    -0.460221
   -0.210161    -0.347408     -0.91386
   -0.969436     0.195087     0.148779
    0.126595     0.917196     -0.37779
    0.226807   -0.0303818    -0.973466
    0.959826    -0.162573     0.228703
   -0.165207    -0.986229  -0.00771139
   -0.218828     0.400235    -0.889903
   -0.963263    0.0569044     0.262461
    0.155685     0.914644     0.373079
    0.231128    -0.633937     -0.73804
    0.952996  -0.00523195     0.302939
   -0.195905    -0.773367      0.60293
   -0.242475     0.394999    -0.886105
   -0.948754    0.0942538     0.301634
    0.202664     0.913834     0.351902
   -0.212657     0.405086    -0.889203
   -0.960784    0.0790564      0.26579
    0.177965     0.910854     0.372389
   -0.174024    -0.904706     0.388875
   -0.982962     0.135866    -0.123795
   0.0591632    -0.403793    -0.912936
   -0.163839    -0.936475     0.310115
    -0.98427      0.13412    -0.114996
   0.0660986    -0.324078    -0.943718
    0.177881     0.740745    -0.647808
    0.978876   -0.0657612     0.193592
   -0.100802      0.66856     0.736795
   -0.140597    -0.940779     0.308491
   -0.988024     0.113316    -0.104729
   0.0635703    -0.319521    -0.945444
   -0.159317    -0.935314     -0.31592
   -0.981578     0.115889     0.151903
    0.105466      -0.3343     0.936547
   -0.119536    -0.952681     0.279483
   -0.987349    0.0845317    -0.134149
    0.104176    -0.291983    -0.950733
   -0.122267    -0.921161     0.369478
    -0.99016    0.0876807    -0.109061
   0.0680666    -0.379177    -0.922817
   -0.185239   0.00439102    -0.982684
   -0.970901     0.153635     0.183704
    0.151781     0.988118   -0.0241958
   -0.140646     0.548636    -0.824146
   -0.978766    0.0483224     0.199201
    0.149114     0.834664      0.53019
    0.207356    -0.644256    -0.736164
    0.968716    0.0303328     0.246313
   -0.136359    -0.764208      0.63039
   -0.212963    -0.329586    -0.919793
   -0.971224     0.174152     0.162468
    0.106637     0.927924     -0.35719
   -0.200962     0.556504    -0.806175
   -0.975593   -0.0393439     0.216035
   0.0885061     0.829913     0.550828
    0.203728     0.595935    -0.776761
    0.977633     -0.16617     0.128925
  -0.0522432    -0.785652    -0.616459
    0.200804      0.12596      -0.9715
    0.977311   -0.0939684     0.189822
  -0.0673802    -0.987575    -0.141972
   -0.183094    -0.868973     0.459742
   -0.982924     0.153067    -0.102137
   0.0183829    -0.470592    -0.882159
  -0.0837009    -0.890445     0.447327
   -0.994423    0.0457321    -0.095036
   0.0641672    -0.452786    -0.889307
   -0.024756    -0.865272     0.500692
   -0.998271  -0.00531531   -0.0585438
   0.0533176    -0.501275    -0.863644
  -0.0304522    -0.938197      0.34476
   -0.996288  0.000704945   -0.0860824
   0.0805192    -0.346102    -0.934735
   0.0322853    -0.895163     0.444569
   -0.997949   -0.0534678   -0.0351876
   0.0552688    -0.442521    -0.895053
   0.0196628     -0.75275     0.658013
   -0.996826   -0.0655387   -0.0451873
   0.0771401    -0.655037    -0.751649
   0.0612992    -0.770684     0.634262
   -0.995579   -0.0925217   -0.0162028
   0.0711702    -0.630465    -0.772948
   0.0776187    -0.893401     0.442504
   -0.995479   -0.0938215   -0.0148079
   0.0547457    -0.439354    -0.896644
 -0.00402546      -0.9806     -0.19598
    0.994735    0.0161422    -0.101201
   -0.102401     0.195355    -0.975372
  -0.0458285     0.998868    0.0127355
    0.995199    0.0467563   -0.0859767
  -0.0864749   0.00873416    -0.996216
   0.0547727     -0.82674    -0.559912
    0.990402     0.116249   -0.0747626
   -0.126898     0.550443    -0.825172
   -0.112128    -0.914977     0.387613
    -0.98333     0.158358    0.0893556
     0.14314     0.371132     0.917481
  -0.0834525    -0.975245    -0.204776
   -0.992419    0.0627305     0.105688
   0.0902256    -0.212043     0.973086
   -0.111913     -0.58188    -0.805538
   -0.992967    0.0969885    0.0678925
   0.0386226     0.807471    -0.588642
   -0.122551    -0.437589    -0.890784
   -0.991545    0.0925562    0.0909462
   0.0426505     0.894399    -0.445232
   0.0760529     0.646224    -0.759349
    0.996844   -0.0318941    0.0726967
   0.0227596    -0.762481     -0.64661
  -0.0719184    -0.802266     0.592618
   -0.997112    0.0432959   -0.0623941
  -0.0243988     0.595394     0.803063
   -0.085884     -0.48927    -0.867893
   -0.996073    0.0233728     0.085392
  -0.0214947     0.871819    -0.489356
   0.0443977    -0.883823     -0.46571
    0.996296   0.00481094      0.08585
   0.0736357     0.467797    -0.880763
   0.0391927    -0.891525     0.451274
    0.995846  -0.00229679   -0.0910257
   0.0821881     0.452966     0.887731
   0.0123717     -0.93794    -0.346578
    0.990619   -0.0356774     0.131915
    0.136094     0.344958    -0.928699
   0.0484393    -0.581111     0.812381
    0.996869   -0.0227638    -0.075723
   0.0624963     0.813506     0.578189
   0.0258405    -0.588328     0.808209
    0.992421   -0.0820662   -0.0914695
    0.120141     0.804447     0.581748
   0.0380328    -0.804623     0.592567
     0.99289   -0.0365091    -0.113301
    0.112799     0.592663     0.797513
   0.0509866    -0.836245     0.545981
    0.995265  -0.00274977   -0.0971548
   0.0827465      0.54835     0.832145
  0.00161842    -0.847674    -0.530515
    0.989896   -0.0738614     0.121038
    0.141785     0.525351     -0.83899
   0.0134546    -0.619905     0.784562
    0.989964     -0.10213   -0.0976726
    0.140675     0.778002      0.61231
   0.0701284    -0.722423     0.687886
    0.994348  -0.00447515    -0.106071
   0.0797067     0.691437     0.718026
   -0.100502    -0.617638    -0.780015
   -0.994708    0.0455455    0.0921007
  -0.0213588     0.785143    -0.618947
    -0.13355    -0.926581     0.351584
   -0.990939     0.119728   -0.0608731
  -0.0143095     0.356528     0.934175
    0.150042     0.246575    -0.957438
    0.987766   -0.0790165     0.134445
  -0.0425027    -0.965897    -0.255414
    0.128584     0.649152    -0.749712
    0.991109    -0.110184    0.0745817
  -0.0341912    -0.752636    -0.657548
   -0.170293     -0.61037    -0.773595
   -0.984844     0.131643     0.112928
   0.0329105     0.781101    -0.623537
   0.0421542     -0.14737    -0.988183
    0.988347     0.150942    0.0196509
    0.146262    -0.977496     0.152016
   0.0215781     0.995261    0.0948114
    0.986718  -0.00592854    -0.162333
    0.161002    -0.097055      0.98217
    0.026368    -0.138884    -0.989958
     0.98152     0.191358  -0.00070283
    0.189534    -0.971645     0.141363
   0.0420388    -0.156085    -0.986849
    0.983426     0.180824     0.013293
    0.176371    -0.971051       0.1611
  0.00921646    -0.520436     0.853851
    0.979521    -0.167052    -0.112394
    0.201131     0.837401     0.508238
  -0.0348036    -0.917787    -0.395545
   -0.976367     0.115697    -0.182544
     -0.2133    -0.379844     0.900123
  -0.0132144    -0.733766     0.679274
   -0.973613     0.164222     0.158456
   -0.227822    -0.659256    -0.716574
  -0.0323455    -0.955354    -0.293688
   -0.970176     0.100638    -0.220521
   -0.240232    -0.277796     0.930117
  -0.0590663    -0.491669     0.868777
   -0.978027     0.202808    0.0482818
   -0.199934    -0.846835    -0.492845
   0.0571724     0.981378    -0.183378
    0.971518   -0.0969977    -0.216206
    0.229967     0.165794     0.958972
  -0.0632462    -0.452024     0.889761
   -0.974121     0.221813    0.0434446
   -0.216999    -0.863987    -0.454354
   0.0135242    -0.250299     0.968074
   -0.971202     0.227035    0.0722684
   -0.237875    -0.941173     -0.24002
 -0.00586805     0.999983 -0.000154287
   -0.968391  -0.00572114    -0.249371
   -0.249367  -0.00131391     0.968408
  -0.0304512    -0.961448    -0.273296
    0.965436   -0.0991009     0.241064
    0.258854     0.256509    -0.931235
  -0.0396361    -0.876069     0.480554
    0.968866    -0.151324    -0.195958
    0.244392     0.457825     0.854792
  -0.0166201      0.59708    -0.802009
    0.978015     0.176469      0.11111
    0.207871    -0.782531    -0.586886
  -0.0265747    -0.797157     0.603187
    0.977716    -0.146425    -0.150436
    0.208243     0.585748     0.783284
 -0.00702088    -0.587371     0.809288
    0.985241    -0.142483   -0.0948647
     0.17103     0.796677     0.579702
  0.00440665    -0.896715    -0.442585
    0.985677   -0.0707208       0.1531
    0.168587     0.436921     -0.88356
  -0.0173434    -0.876152    -0.481722
    0.983606    -0.101444     0.149093
    0.179496     0.471239    -0.863548
    0.038476    -0.395873     0.917499
   -0.969556     0.207416     0.130153
   -0.241827    -0.894574    -0.375841
 -0.00149466    -0.135353     0.990796
    0.974911     -0.22074   -0.0286847
    0.222591     0.965895     0.132287
  -0.0257332    -0.488033     0.872446
    0.971725    -0.217119   -0.0927917
     0.23471     0.845389     0.479821
   0.0195579    -0.612571     0.790173
    0.979028    -0.148563    -0.139404
    0.202786     0.776328     0.596819
   0.0491235    -0.336592     0.940368
    0.979836     -0.16632    -0.110717
    0.193669     0.926846     0.321635
 -0.00645424    -0.804134     0.594413
    0.977794    -0.129591    -0.164696
    0.209468     0.580151     0.787114
  -0.0647419    -0.356051    -0.932221
   -0.983379    -0.136037     0.120252
   -0.169632     0.924511    -0.341326
    0.033607    -0.861889    -0.505982
    0.984824   -0.0576925     0.163685
     0.17027     0.503804    -0.846871
   0.0804328     0.978602     0.189388
    0.987321    -0.052134    -0.149928
    0.136846    -0.199046     0.970388
  -0.0845842    -0.818753     0.567881
   -0.982741   -0.0255516    -0.183216
   -0.164519     0.573577     0.802461
   -0.108877    -0.849409     0.516382
   -0.984467    0.0201595    -0.174411
   -0.137736      0.52735     0.838409
   -0.124945    -0.947663     0.293807
   -0.984844     0.154365    0.0790807
   -0.120295    -0.279474    -0.952588
  0.00358544    -0.572399     0.819967
    0.983997    -0.144059    -0.104867
    0.178149     0.807221     0.562723
   0.0394426      -0.3886     0.920562
    0.989512     -0.11293   -0.0900682
    0.138959      0.91446     0.380071
  -0.0284997    -0.874802     0.483642
    0.976525    -0.127713    -0.173461
    0.213512     0.467344     0.857906
   -0.048364    -0.815019     0.577413
    0.968147    -0.180435    -0.173592
    0.245666     0.550625     0.797785
  -0.0419751     -0.61525     0.787214
    0.969106    -0.216738    -0.117718
    0.243045     0.757953      0.60534
   0.0601839      0.99593   -0.0670876
   -0.963676    0.0754917     0.256182
   -0.260204   -0.0492326    -0.964298
   0.0518681     0.968808    -0.242324
   -0.963721     0.112175     0.242196
   -0.261824     -0.22097    -0.939479
  -0.0555772    -0.679789    -0.731299
    0.965699     0.149468    -0.212331
    0.253646    -0.718016     0.648164
   -0.159667    -0.902882     0.399137
   -0.984758     0.173931 -0.000485068
  -0.0689845    -0.393131    -0.916891
   -0.142838    -0.789102     0.597423
   -0.985894    0.0602346    -0.156158
  -0.0872388     0.611301     0.786575
   -0.174814    -0.693091    -0.699332
   -0.983745     0.152563     0.094709
  -0.0410501    -0.704521     0.708495
   -0.160695    -0.837027     0.523033
   -0.985946     0.160658   -0.0458139
  -0.0456818    -0.523044    -0.851081
   -0.159792    -0.466276    -0.870088
   -0.986474     0.042799      0.15823
    -0.03654     0.883603    -0.466809
   -0.188935    -0.909613     -0.37001
   -0.981987      0.17586    0.0690993
 -0.00221621    -0.376401     0.926454
    -0.19637    -0.559654    -0.805125
   -0.980466     0.121414     0.154739
   0.0111531     0.819784    -0.572564
   -0.163587    -0.861611     0.480485
    -0.98642     0.150109   -0.0666607
  -0.0146897    -0.484865    -0.874466
    0.180978     0.658469    -0.730524
    0.983238    -0.137859     0.119323
  -0.0221389    -0.739874    -0.672381
    0.132549      0.64314     -0.75419
    0.990683   -0.0619511     0.121283
    0.031279    -0.763239    -0.645359
   0.0980877    -0.594894     0.797797
    0.991831  -0.00725358    -0.127353
   0.0815483     0.803771     0.589323
    0.120368     0.615576    -0.778831
    0.988594  -0.00279148     0.150581
   0.0905198    -0.788073     -0.60889
   -0.157097    -0.862353     0.481318
   -0.987275     0.149313   -0.0547193
  -0.0246797     -0.48379    -0.874836
   -0.162204    -0.909692     0.382297
    -0.98566     0.167636   -0.0193081
  -0.0465222    -0.379947    -0.923838
   -0.155613    -0.779728    -0.606473
   -0.986256     0.157151     0.051015
    -0.05553    -0.606076     0.793466
   -0.144626    -0.867636     0.475701
   -0.986034       0.1665     0.003901
  -0.0825891    -0.468493    -0.879598
   -0.152929    -0.772886    -0.615841
   -0.984828      0.17091    0.0300642
   -0.082017    -0.611095     0.787296
   -0.134807    -0.909847     0.392435
   -0.985145     0.165588    0.0454981
   -0.106379    -0.380472    -0.918654
   -0.116515    -0.863646     0.490449
    -0.98813     0.150578     0.030409
   -0.100113    -0.481084    -0.870939
   -0.134468     -0.78241    -0.608073
   -0.985774     0.168066   0.00174125
   -0.100834    -0.599657     0.793879
  -0.0792894    -0.816362     0.572071
   -0.986546     0.146569    0.0724223
   -0.142971    -0.558632       -0.817
  -0.0595361    -0.860997     0.505114
    -0.98172     0.142143     0.126578
   -0.180782    -0.488344     -0.85372
  -0.0634055    -0.904786     0.421119
   -0.985422      0.12351     0.116996
   -0.157869    -0.407562    -0.899428
   0.0242644     0.133374    -0.990769
    0.978438     0.200171    0.0509087
    0.205113    -0.970641    -0.125641
  -0.0395762    -0.982184     0.183708
   -0.983852    0.0704209      0.16455
   -0.174555    -0.174229     -0.96911
-0.000537679    -0.885652     -0.46435
   -0.979902    0.0930942    -0.176423
   -0.199478    -0.454922     0.867902
   0.0218305    -0.229731    -0.973009
   -0.973529    -0.226369    0.0316044
    -0.22752     0.946563    -0.228592
  -0.0291516    -0.943558     0.329922
    -0.98734    0.0786657     0.137739
   -0.155918     -0.32173    -0.933905
  0.00872167    -0.899516     0.436801
    -0.98603    0.0649267     0.153393
    -0.16634    -0.432037    -0.886383
  0.00342528    -0.972096    -0.234559
   -0.988565    0.0320695    -0.147344
   -0.150754    -0.232381      0.96087
   -0.051058    -0.947588     0.315389
   -0.987826    0.0943837     0.123658
   -0.146945    -0.305235    -0.940871
  -0.0808977     -0.90851     0.409956
   -0.986586     0.131498    0.0967287
   -0.141787    -0.396632    -0.906962
   0.0984932   -0.0598957    -0.993334
    0.983702     0.156751    0.0880865
     0.15043     -0.98582    0.0743584
   -0.122101    -0.796638     0.591996
   -0.983917     0.175507    0.0332409
   -0.130381    -0.578416    -0.805255
    0.105009     0.982733    -0.152347
    0.985541    -0.123322    -0.116191
    0.132972     0.137943     0.981473
   0.0616965    -0.524915     0.848916
    0.987776   -0.0898738    -0.127361
    0.143149     0.846396     0.512954
 -0.00102316    -0.667072     0.744993
   -0.989762     0.107006    0.0944543
   -0.142726    -0.737268    -0.660352
    0.459205     0.265995    -0.847572
    0.874608    -0.302435     0.378938
    -0.15554    -0.915303    -0.371521
   -0.547598    -0.579069       -0.604
   -0.830664     0.463059      0.30915
    0.100669     0.671011    -0.734582
   -0.517273    -0.389343    -0.762129
   -0.852541     0.312309      0.41909
   0.0748499      0.86653     -0.49348
    0.579659     0.189419    -0.792538
    0.813985    -0.179647     0.552409
  -0.0377403    -0.965323    -0.258318
   -0.592396     -0.39583    -0.701702
   -0.803506      0.35374     0.478797
   0.0586976     0.847459    -0.527606
    0.555066     0.112268    -0.824195
    0.831193    -0.112918     0.544397
  -0.0319482    -0.987241    -0.155993
    0.603263     0.101699    -0.791032
    0.796651    -0.123727     0.591641
  -0.0377028    -0.987091    -0.155659
    0.590643    0.0382933    -0.806024
    0.806597   -0.0568594     0.588361
  -0.0232998    -0.997648   -0.0644709
   -0.585839    -0.810345    0.0115446
   -0.808854      0.58553    0.0539473
   0.0504756   -0.0222666     0.998477
   -0.611047    -0.363509    -0.703194
    -0.78979     0.339893     0.510592
   0.0534061     0.867372    -0.494787
   -0.591818    -0.622515      0.51208
   -0.803954     0.501871    -0.319036
   0.0583933       0.6005      0.79749
    0.595967     0.703217     0.387697
    0.798927    -0.567868    -0.198092
  -0.0808592    -0.427798      0.90025
    0.566565     0.251538    -0.784686
    0.823783    -0.195597     0.532094
  -0.0196406    -0.947877    -0.318032
    0.575483    -0.221084    -0.787364
    0.816975     0.111803     0.565732
  -0.0370445    -0.968825     0.244961
     0.55788    -0.201177    -0.805169
    0.829345    0.0989818       0.5499
  -0.0309299    -0.974541     0.222065
    0.542666     0.108927    -0.832856
    0.839679   -0.0954495     0.534629
  -0.0212604    -0.989457    -0.143261
   -0.521232    -0.299632    -0.799085
   -0.853036     0.210826      0.47737
   0.0254322     0.930469    -0.365486
   -0.470654    -0.347628     -0.81095
   -0.881787     0.217192     0.418663
   0.0305927     0.912131    -0.408756
   -0.439292    -0.341818    -0.830772
   -0.897167     0.214261     0.386243
   0.0459771     0.915015    -0.400791
   -0.490025    -0.423437    -0.761956
   -0.869304     0.302256     0.391091
   0.0647037     0.854016    -0.516208
   -0.399514    -0.460982    -0.792391
   -0.912348     0.284321     0.294588
   0.0894934     0.840629    -0.534166
     0.38392     0.135874    -0.913315
     0.92015    -0.138787     0.366146
  -0.0770065    -0.980957    -0.178308
   -0.360791    -0.378073    -0.852579
   -0.929699     0.218418      0.29657
   0.0740934     0.899641    -0.430297
    0.300742     0.252543    -0.919661
     0.94859    -0.178949     0.261062
  -0.0986426    -0.950894    -0.293378
    0.447084     0.204684    -0.870758
    0.887427    -0.223604     0.403082
   -0.112201    -0.952946    -0.281612
    0.555152     0.746184    -0.367444
    0.820543    -0.419059     0.388715
   -0.136072     0.517299     0.844918
    0.540672     0.804868    -0.244667
     0.83219    -0.469207     0.295472
   -0.123017     0.363363      0.92349
    0.468271    -0.382602    -0.796454
    0.861655  -0.00184482     0.507492
   -0.195636    -0.923912     0.328806
    0.482997     0.087929    -0.871196
     0.84541    -0.305929     0.437824
   -0.228027    -0.947985    -0.222099
   -0.457568     0.443142    -0.770881
    -0.87249   -0.0566006     0.485342
    0.171443     0.894663     0.412536
    0.405397     0.161914    -0.899687
    0.874087    -0.356796     0.329649
    -0.26763    -0.920044    -0.286171
   -0.398761     0.323384    -0.858145
   -0.885389     0.108018     0.452127
    0.238906     0.940082     0.243247
   -0.347802    -0.248685    -0.903985
   -0.889627     0.391905     0.234465
    0.295968     0.885758    -0.357542
   -0.440073   0.00422569    -0.897952
   -0.849551     0.321946     0.417868
    0.290857     0.946749     -0.13809
    0.376393    0.0442331    -0.925403
    0.866573    -0.370103     0.334775
   -0.327687    -0.927937    -0.177636
   -0.406635     0.243057    -0.880665
     -0.8407     0.277755      0.46484
    0.357592     0.929395    0.0913935
   -0.378743     0.296824    -0.876612
   -0.902568    0.0910887     0.420801
    0.204753     0.950578     0.233405
    0.313216     0.203414    -0.927641
    0.914801    -0.326922     0.237193
   -0.255018      -0.9229    -0.288481
   -0.300317    -0.458758    -0.836272
   -0.929563     0.337308      0.14878
    0.213827     0.822049    -0.527744
   -0.361724     0.337979    -0.868865
   -0.915439     0.047603     0.399631
    0.176427     0.939949      0.29218
   -0.445186     0.346059    -0.825865
    -0.88314   -0.0173545     0.468789
    0.147896     0.938052     0.313344
   -0.433059     0.499653    -0.750205
   -0.892328    -0.120084     0.435121
    0.127322     0.857862     0.497858
    0.540395    -0.190002    -0.819678
    0.837705    0.0301621     0.545289
  -0.0788828     -0.98132     0.175465
    0.537168     0.770632    -0.342895
     0.83749    -0.438954     0.325468
   -0.100301     0.462002     0.881189
    0.528784      0.79248    -0.303912
    0.845934    -0.462901     0.264799
  -0.0691665     0.397111     0.915161
    0.310291     0.371034    -0.875245
     0.94453     -0.22456     0.239658
   -0.107624    -0.901059    -0.420131
   -0.353265    -0.761057     0.544056
   -0.929466     0.351594    -0.111689
    0.106285     0.545137     0.831582
    0.349223     0.877966    -0.327443
    0.929839    -0.281454     0.237031
   -0.115945     0.387245     0.914657
   -0.421566    -0.824501    -0.377466
   -0.902952     0.343388     0.258383
   0.0834193    -0.449759     0.889246
   -0.423582    -0.905841  -0.00557968
   -0.903149     0.421832    0.0798718
   0.0699974   -0.0388716      0.99679
   -0.429161     0.434186    -0.792025
    -0.89786     -0.10961     0.426419
   0.0983313      0.89413     0.436879
   -0.492438     -0.80242     0.337087
   -0.869529     0.470376    -0.150555
   0.0377497     0.367246     0.929358
   -0.496411    -0.366227    -0.787054
    -0.86697     0.255148     0.428092
   0.0440368     0.894862    -0.444166
    0.523778     0.185947    -0.831312
    0.851559     -0.13999     0.505223
  -0.0224307    -0.972536    -0.231668
    0.471517     0.842947      0.25906
    0.880866    -0.464125   -0.0930724
  -0.0417812    -0.272083     0.961366
   -0.513533    -0.466896    -0.719925
    -0.85774     0.302571      0.41561
    0.023782     0.830938    -0.555856
   -0.514454    -0.765315     0.386821
    -0.85745     0.464762    -0.220852
   0.0107582     0.445298     0.895318
     0.49865    -0.254064    -0.828734
     0.86496    0.0835333     0.494839
   -0.056494    -0.963573     0.261409
    0.539155   -0.0389626    -0.841305
    0.841704  -0.00958496     0.539854
   -0.029098    -0.999195    0.0276272
     0.42674     0.895351    -0.127436
    0.898058    -0.402907     0.176514
   -0.106697     0.189771     0.976014
    0.354641     0.924088     0.142446
    0.922457    -0.370672     0.108057
   -0.152655   -0.0930782     0.983887
    0.349919     0.909418    -0.224759
     0.92645    -0.300419     0.226803
   -0.138737     0.287591     0.947652
   -0.294595    -0.617978    -0.728915
   -0.942786     0.312546     0.116054
    0.156101       0.7214    -0.674696
   -0.291926    -0.350636     -0.88985
   -0.937694     0.288227     0.194049
    0.188439     0.891055    -0.412931
   -0.302999    -0.511715    -0.803952
   -0.943999     0.276779     0.179611
    0.130608     0.813352    -0.566922
   -0.487295    -0.374995    -0.788621
   -0.872579     0.244168      0.42307
   0.0339066     0.894294    -0.446194
   -0.483887    -0.361008    -0.797199
   -0.874538     0.232998     0.425318
    0.032203     0.902987     -0.42846
   -0.389186    -0.392803     -0.83321
   -0.917947     0.240845     0.315224
   0.0768538     0.887524    -0.454307
    0.391604     0.596049    -0.700979
    0.916616    -0.319256     0.240604
  -0.0803798    -0.736751     -0.67137
   -0.417554    -0.436434    -0.796978
   -0.906938     0.254026     0.336057
   0.0557862     0.863131    -0.501888
    0.275081    -0.393217     0.877331
    0.953493     0.228525    -0.196537
    -0.12321     0.890593     0.437793
   -0.295404     -0.41892     0.858628
   -0.949097     0.231524     -0.21357
    0.109324     0.878011     0.465989
   -0.211221    -0.374514     0.902843
   -0.969625     0.196841    -0.145192
     0.12334     0.906087     0.404715
    0.279206    -0.510102     0.813535
    0.949138     0.275019    -0.153302
   -0.145538      0.81496     0.560944
    0.183229    -0.412244     0.892459
    0.971255     0.216239   -0.0995218
   -0.151957      0.88504     0.440015
    0.203845    -0.526566     0.825334
    0.962321     0.262738   -0.0700505
   -0.179961     0.808515     0.560283
   -0.348449    -0.300016    -0.888017
   -0.932841     0.203581     0.297258
   0.0916011     0.931958    -0.350805
   -0.243411    -0.275461     0.929985
   -0.962762      0.18492    -0.197216
    0.117647     0.943359     0.310215
   -0.431603    -0.414006    -0.801448
   -0.900973      0.24153     0.360432
    0.044353     0.877646    -0.477253
   -0.517374    -0.624136     0.585474
   -0.855413     0.396665    -0.333056
   0.0243647     0.673136     0.739117
   -0.493499    -0.375619    -0.784455
   -0.869294     0.242124     0.430935
    0.028068     0.894587    -0.446011
   -0.401516     0.477825    -0.781325
   -0.826309     0.178909     0.534046
    0.394966     0.860044     0.322996
      0.3567     0.186339    -0.915447
    0.858813    -0.451089     0.242813
   -0.367702    -0.872809    -0.320934
    0.360345     0.921407    -0.145465
    0.849498    -0.259722     0.459235
   -0.385362     0.289056     0.876324
    0.401854     0.863359    -0.305164
    0.814054    -0.184219     0.550799
    -0.41932     0.469761     0.776849
   -0.318316    -0.834552    -0.449665
   -0.888233    0.0968259     0.449074
    0.331236    -0.542354     0.772098
    0.387231     0.884606    -0.259854
    0.841378    -0.223803      0.49193
   -0.377008     0.409126     0.830951
    0.365014    -0.201255    -0.908989
    0.877234    -0.252652     0.408201
    -0.31181    -0.946395    0.0843258
   -0.407568     -0.81568    -0.410554
   -0.869288     0.208855     0.448016
    0.279691    -0.539487     0.794183
    0.422449     0.116441    -0.898876
     0.79953    -0.515019     0.309043
   -0.426953    -0.849233    -0.310667
      0.4307     0.770963    -0.469163
    0.829318    -0.133039     0.542709
   -0.355992      0.62283     0.696673
    0.453903     0.235926     -0.85925
    0.787585    -0.557241     0.263043
   -0.416751    -0.796129    -0.438746
   -0.338442    -0.684559    -0.645629
    -0.91045    0.0648476     0.408504
    0.237778    -0.726068     0.645204
   -0.402332    -0.786581    -0.468423
   -0.896556     0.234995     0.375452
    0.185247    -0.571024      0.79976
   -0.374461    -0.767499    -0.520312
     -0.9225     0.251683     0.292659
   0.0936618    -0.589577     0.802263
     0.31983      0.90981    -0.264489
    0.932764    -0.253346     0.256452
   -0.166316     0.328727     0.929665
   -0.299854    -0.868088    -0.395614
   -0.914328     0.143188     0.378816
    0.272198     -0.47531     0.836653
     0.27741     0.937825    -0.208633
    0.936164    -0.215047      0.27812
   -0.215962     0.272468     0.937615
    0.290211     0.150812    -0.945005
    0.915541    -0.331145     0.228315
   -0.278501     -0.93145    -0.234176
    0.324274   -0.0606805    -0.944015
     0.88561    -0.331272     0.325505
   -0.332478    -0.941582   -0.0536835
   -0.271061    -0.365058    -0.890651
    -0.93365     0.324791     0.151023
    0.234143     0.872493    -0.428875
     0.47678    -0.309705    -0.822657
    0.790233    -0.258869     0.555445
   -0.384984    -0.914915     0.121316
    0.468136     0.151147    -0.870634
    0.831032    -0.410234     0.375624
   -0.300389    -0.899368    -0.317653
   -0.509172     0.305365    -0.804672
   -0.819572     0.113414      0.56164
    0.262766     0.945457     0.192521
    0.489164    -0.124106    -0.863317
     0.80253    -0.323584     0.501237
   -0.341562    -0.938025   -0.0586871
    0.515766    -0.120137    -0.848264
    0.845826   -0.0860598     0.526472
    -0.13625     -0.98902    0.0572278
   -0.510198    -0.708626    -0.487389
   -0.835493     0.273892     0.476376
    0.204081    -0.650256     0.731791
   -0.525611    -0.733292    -0.431297
   -0.844091      0.38633     0.371834
     0.10604    -0.559493     0.822024
   -0.531534    -0.703096    -0.472363
   -0.841612     0.375366     0.388317
   0.0957149     -0.60395     0.791254
    0.492647     0.868564   -0.0538094
    0.813482    -0.437677     0.382995
   -0.309105     0.232455     0.922182
    -0.49995    -0.763445    -0.408903
   -0.845017     0.326579      0.42343
    0.189726    -0.557224     0.808397
    0.465601     0.882765    0.0627844
    0.829925    -0.460163     0.315396
   -0.307312    0.0947426     0.946881
   -0.511325    -0.697505    -0.502028
   -0.858984     0.396914     0.323429
   0.0263309    -0.596611     0.802098
   -0.521435    -0.771908     -0.36368
   -0.853103      0.48055     0.203192
  -0.0179204    -0.416208     0.909093
    -0.48864    -0.748177    -0.448845
   -0.864433     0.484884     0.132825
   -0.118261      -0.4529     0.883683
   -0.499132     0.582242    -0.641765
   -0.860374    -0.421098     0.287113
   -0.103077     0.695465     0.711129
   -0.507611     0.578155    -0.638802
   -0.860128    -0.296921     0.414751
   0.0501163     0.759984     0.648007
   -0.475729    -0.713851    -0.513905
   -0.878236      0.41792     0.232474
  -0.0488188    -0.561925     0.825747
   -0.434208    -0.682474    -0.587956
   -0.892948     0.240035     0.380824
    0.118773    -0.690371     0.713639
   -0.445031    -0.402791    -0.799817
   -0.872534     0.396071     0.286029
    0.201575     0.825159    -0.527712
    0.435364     0.848802    -0.299989
    0.899891    -0.400848     0.171806
  -0.0255795     0.344756     0.938344
   -0.464139    -0.643751    -0.608408
   -0.837728     0.542153    0.0654343
   -0.287726    -0.540051     0.790923
    0.461427    -0.119453    -0.879099
    0.838094     0.383713     0.387765
    0.291002    -0.915694     0.277169
   -0.445224     0.409488    -0.796301
   -0.846599     -0.48214     0.225412
   -0.291625     0.774507     0.561332
   -0.449015    -0.667065    -0.594483
   -0.853217     0.517669    0.0635658
   -0.265342    -0.535764     0.801592
   -0.466555       0.5011    -0.728852
   -0.838929    -0.511776     0.185161
   -0.280224     0.697843     0.659158
   -0.452413     0.621856    -0.639232
   -0.863632    -0.484252     0.140142
   -0.222402     0.615463     0.756136
   -0.429402     0.605498    -0.670064
   -0.878541     -0.45196     0.154592
   -0.209237     0.655061     0.726027
   -0.413338    -0.779091    -0.471349
   -0.895181      0.44246    0.0536685
    -0.16674    -0.444126     0.880313
   -0.384289     0.635781    -0.669406
   -0.918964     -0.33291     0.211367
  -0.0884686     0.696386     0.712194
   -0.460273     0.474275    -0.750474
   -0.858208    -0.454058     0.239398
   -0.227218     0.754251     0.616017
    0.398613     0.886921    -0.233405
    0.905888    -0.420474    -0.050679
    0.143089     0.191238     0.971058
      -0.428     0.387162    -0.816653
   -0.890567    -0.334606     0.308107
    -0.15397     0.859153     0.488005
   -0.427009      -0.7932    -0.434163
   -0.900504     0.416663     0.124438
  -0.0821953    -0.444101     0.892198
   -0.369491    -0.812357    -0.451167
   -0.929214      0.31982     0.185139
  0.00610691    -0.487638     0.873025
    -0.46574    -0.763359    -0.447627
   -0.874175     0.475476     0.098696
   -0.137496    -0.437271     0.888757
    -0.46871     0.400019    -0.787589
   -0.863401    -0.395877     0.312761
   -0.186678     0.826599     0.530928
     -0.4522    -0.793836    -0.406621
   -0.857093     0.512905   -0.0481647
   -0.246793    -0.326732     0.912327
    -0.44451    -0.678063    -0.585356
   -0.857177     0.511728    0.0581522
   -0.260112    -0.527603     0.808688
   -0.470438     -0.73559    -0.487437
   -0.858248     0.509842    0.0589161
   -0.205178    -0.446059     0.871168
   -0.439603     0.496634    -0.748401
   -0.849774    -0.499841     0.167458
   -0.290916     0.709587     0.641759
   -0.384865     -0.74091    -0.550392
   -0.919147     0.361905      0.15554
  -0.0839486    -0.565753      0.82029
    0.335813    -0.183856    -0.923811
    0.941095     0.106737     0.320853
   0.0396136    -0.977141     0.208869
   -0.305317    -0.473954    -0.825923
    -0.95157     0.184654     0.245801
   0.0360113     0.860971    -0.507378
   -0.332954  -0.00481758    -0.942931
   -0.942845     0.016117     0.332841
   0.0135937     0.999859  -0.00990844
    0.281608     0.150578    -0.947641
    0.955682    -0.132367     0.262965
  -0.0858392    -0.979697     -0.18118
   -0.283176    -0.362927    -0.887747
   -0.953206     0.208683     0.218743
     0.10587     0.908149    -0.405038
   -0.271337    -0.300747    -0.914291
    -0.95192     0.224214     0.208752
    0.142215     0.926973    -0.347125
   -0.306376    -0.607629    -0.732749
   -0.948856     0.256556     0.183986
   0.0761961     0.751642    -0.655155
    0.264122     0.272108    -0.925309
    0.946189    -0.259104     0.193887
   -0.186993    -0.926727    -0.325901
   -0.282711     -0.79318     0.539388
   -0.948981     0.313171   -0.0368694
    0.139676     0.522292      0.84125
    0.311539     0.948674    0.0544212
    0.946402    -0.314911      0.07179
  -0.0852431    -0.029139     0.995934
   -0.324138     0.608385    -0.724433
    -0.94601    -0.208351     0.248305
 0.000128821     0.765806     0.643072
    0.663769     0.130739    -0.736423
    0.571051    -0.724451     0.386098
   -0.483024    -0.676815    -0.555526
   -0.671285    -0.258634    -0.694611
   -0.556914     0.794405      0.24242
    0.489105     0.549572    -0.677309
   -0.679816    -0.291807    -0.672829
   -0.602899     0.744727     0.286171
    0.417567     0.600191    -0.682208
     0.68437     0.173844    -0.708107
    0.601892    -0.682839     0.414074
   -0.411539    -0.709584     -0.57195
    0.682082     0.205078    -0.701931
    0.552045    -0.773915     0.310326
   -0.479594    -0.599165    -0.641086
   -0.674174    -0.488861    -0.553629
   -0.656188     0.740496     0.145198
    0.338978     0.461173    -0.820008
   -0.690513    -0.435112    -0.577815
   -0.612126     0.777103     0.146333
     0.38535      0.45474    -0.802943
   -0.673606    -0.558254     0.484363
    -0.66669     0.741833   -0.0721671
