  -0.0944184    -0.803026     0.588417
   -0.984613   -0.0119769    -0.174338
    0.147045    -0.595823    -0.789539
    -0.10116    -0.909308      0.40364
   -0.987387    0.0420969    -0.152625
    0.121791    -0.413988    -0.902098
   -0.113038    -0.850518     0.513655
   -0.988645     0.044763    -0.143449
   0.0990128    -0.524038     -0.84592
   -0.113862    -0.897279     0.426528
   -0.989991    0.0664386    -0.124513
   0.0833846    -0.436436    -0.895863
   -0.120511    -0.887156     0.445456
   -0.990347    0.0764875    -0.115592
   0.0684764    -0.455086    -0.887811
   -0.124692    -0.855552    -0.502476
   -0.990487    0.0776256     0.113623
   0.0582055    -0.511864     0.857093
   -0.122465    -0.903546     0.410617
   -0.991557    0.0936182   -0.0897262
   0.0426305    -0.418138    -0.907383
   -0.120319    -0.858679     0.498191
   -0.991269    0.0766512    -0.107287
    0.053938     -0.50675    -0.860404
   -0.113284    -0.827374     0.550108
   -0.993124    0.0778402   -0.0874406
   0.0295256    -0.556231    -0.830503
   -0.107674    -0.901304     0.419592
   -0.993353      0.08026   -0.0825081
   0.0406885    -0.425687    -0.903955
  -0.0970161    -0.810555     0.577571
   -0.995143    0.0692766   -0.0699349
    0.016674    -0.581551    -0.813339
  -0.0875527    -0.880127     0.466595
   -0.995822    0.0651263   -0.0640114
   0.0259506    -0.470249    -0.882152
   -0.137846    -0.990118   -0.0257659
   -0.974007     0.130791     0.184945
    0.179747   -0.0505902     0.982411
    0.151594     0.964118    -0.217934
    0.971878     -0.10519     0.210683
   -0.180199     0.243744     0.952952
    0.139081     0.967387    -0.211705
    0.975674    -0.097279      0.19646
   -0.169459     0.233879     0.957384
    0.151488     0.947861    -0.280376
     0.97395   -0.0947122     0.206036
   -0.168739     0.304284     0.937517
    0.162854     0.952227    -0.258347
     0.97033    -0.107146     0.216745
    -0.17871      0.28598     0.941424
    0.139813     0.939975    -0.311288
    0.977534   -0.0809506     0.194613
   -0.157732     0.331504     0.930175
    0.160111     0.932893    -0.322606
    0.973242   -0.0946249     0.209394
   -0.164815       0.3475     0.923081
   -0.150051    -0.901427    -0.406096
   -0.976497    0.0708458     0.203553
    0.154718    -0.427095     0.890872
   -0.156361    -0.802952    -0.575169
    -0.97664    0.0387867     0.211355
    0.147399    -0.594781     0.790259
   -0.168459    -0.816309    -0.552505
   -0.970397    0.0389314     0.238355
    0.173062    -0.576302     0.798702
   -0.164111    -0.811421    -0.560949
   -0.973983    0.0431958     0.222466
    0.156283    -0.582864     0.797399
   -0.172093    -0.887867    -0.426703
   -0.970904    0.0796538     0.225833
    0.166522    -0.453152     0.875742
   -0.139467    -0.916233    -0.375588
   -0.980023    0.0734038     0.184845
    0.141791    -0.393864     0.908166
   -0.146571    -0.889676    -0.432428
   -0.979838    0.0705769     0.186911
    0.135771    -0.451106     0.882083
   -0.140118    -0.906859      0.39746
   -0.982879    0.0788835    -0.166515
    0.119652    -0.413986    -0.902385
   -0.132427    -0.929793     0.343436
    -0.98325    0.0794506    -0.164036
    0.125234    -0.359407     -0.92474
   -0.127797    -0.858959     -0.49584
   -0.981052    0.0360772     0.190356
     0.14562    -0.510772     0.847294
   -0.125004    -0.929524     0.346927
    -0.98372    0.0706149    -0.165252
    0.129107    -0.361936    -0.923219
   -0.115165    -0.851851    -0.510967
    -0.98241     0.021553      0.18549
    0.146997    -0.523341     0.839349
     0.12707     0.971168    -0.201706
    0.979176   -0.0903605     0.181794
   -0.158327     0.220607     0.962427
    0.113576     0.973852     0.196757
     0.98096     -0.14132     0.133216
   -0.157538    -0.177881      0.97136
   -0.110288    -0.920918     0.373826
   -0.985069    0.0512539    -0.164355
    0.132198    -0.386371     -0.91282
   -0.103703    -0.884904    -0.454082
   -0.983753    0.0239897     0.177918
    0.146547    -0.465155     0.873015
   -0.100445    -0.816462     0.568596
    -0.98518    0.0017559    -0.171516
    0.139037    -0.577397    -0.804538
    0.125236     0.989408     0.073406
    0.977696     -0.13565     0.160343
   -0.168602   -0.0516881     0.984328
   -0.169619    -0.892058    -0.418881
   -0.973948    0.0868177     0.209496
    0.150516    -0.443503     0.883544
   -0.164313     -0.82518    -0.540444
   -0.976312    0.0578588     0.208489
    0.140772    -0.561899      0.81514
   -0.163818    -0.894485    -0.416006
    -0.97814    0.0925303     0.186225
    0.128082    -0.437419      0.89009
   -0.165003    -0.835117    -0.524742
   -0.977115    0.0659976     0.202215
    0.134242    -0.546099     0.826895
   -0.159014    -0.821848    -0.547066
   -0.980133    0.0648746     0.187432
     0.11855    -0.566001     0.815836
   -0.152684     0.587216      -0.7949
   -0.983334  -0.00993688     0.181538
    0.098703      0.80937     0.578946
    0.153721      0.95609    -0.249524
    0.983091    -0.122552     0.136065
  -0.0995107      0.26622     0.958762
   -0.140263    -0.769864     0.622605
   -0.988021     0.149696   -0.0374826
    0.064345     0.620404     0.781638
   -0.152016    -0.770527    -0.619015
   -0.983157    0.0535929      0.17473
    0.101459     -0.63515     0.765696
   -0.138713    -0.917229     0.373431
   -0.988056     0.153732    0.0105808
   0.0671134     0.367503     0.927598
   -0.135739    -0.681975     0.718669
    -0.98836     0.143506   -0.0504982
   0.0686947     0.717159     0.693516
    0.153995     0.987269   -0.0398087
    0.983846     -0.14949    0.0984841
  -0.0912794    0.0543317     0.994342
    0.140828     0.930369     0.338498
    0.988364    -0.151971   0.00650078
  -0.0574901    -0.333643     0.940945
    -0.14134     0.337781    -0.930552
   -0.988696  -0.00066386     0.149931
   0.0500262     0.941224     0.334057
   -0.147929    -0.916861    -0.370786
    -0.98587      0.10691     0.128963
   0.0786001    -0.384624     0.919721
   -0.152912    -0.832684    -0.532217
    -0.98264    0.0708621     0.171456
    0.105054    -0.549196     0.829064
   -0.148062    -0.854133    -0.498532
   -0.984376    0.0787059     0.157509
   0.0952965    -0.514064     0.852442
   -0.152432    -0.874448    -0.460549
   -0.980551    0.0755191     0.181152
    0.123628    -0.479206     0.868952
   -0.158498    -0.767932    -0.620612
   -0.978277      0.03708      0.20396
    0.133615    -0.639457     0.757127
   -0.145301    -0.867983     0.474861
   -0.983235    0.0732359    -0.166991
    0.110168    -0.491164    -0.864072
   -0.112062    -0.881011     0.459633
   -0.992674    0.0782207    -0.092091
   0.0451804    -0.466585    -0.883322
   -0.122204    -0.875728     0.467084
   -0.990655    0.0789022    -0.111254
   0.0605747    -0.476314    -0.877186
   -0.132548    -0.921859     0.364153
   -0.988588    0.0964201    -0.115747
   0.0715909    -0.375339    -0.924119
   -0.128146    -0.885863     0.445898
   -0.988984    0.0805551    -0.124185
   0.0740915      -0.4569    -0.886427
   -0.135765    -0.886114     0.443137
    -0.98736     0.084094    -0.134343
   0.0817781    -0.455775     -0.88633
   -0.130588     -0.87432     0.467451
   -0.986917    0.0696648    -0.145405
   0.0945655    -0.480324    -0.871979
   -0.123948    -0.888765     0.441286
   -0.988437    0.0714413    -0.133747
   0.0873436    -0.452762    -0.887343
   -0.141308    -0.909254     0.391522
   -0.985576    0.0920094    -0.142034
   0.0931215    -0.405946    -0.909141
   -0.136825     -0.89909     0.415832
   -0.985084    0.0792763    -0.152724
    0.104347    -0.430526    -0.896526
   -0.138978    -0.868677     0.475485
   -0.987066    0.0827667    -0.137298
   0.0799129    -0.488416    -0.868944
   -0.136423    -0.896903     0.420658
   -0.988775    0.0971637    -0.113501
   0.0609271     -0.43142    -0.900091
   -0.125434    -0.907473     0.400947
   -0.990355    0.0905616    -0.104858
   0.0588452    -0.410233     -0.91008
   -0.108396     -0.90838     0.403851
   -0.993494     0.084711   -0.0761206
   0.0349358    -0.409475    -0.911652
   -0.131665    -0.936047     0.326314
   -0.990621     0.112112   -0.0781086
   0.0365295    -0.333538    -0.942029
   -0.101289    -0.924389     0.367758
   -0.994262    0.0812721   -0.0695586
   0.0344108    -0.372693    -0.927316
   -0.125594     -0.88596     0.446432
   -0.987335    0.0676552    -0.143502
   0.0969332    -0.458801    -0.883236
   -0.120344    -0.843891     0.522844
   -0.986443    0.0424603    -0.158519
    0.111572    -0.534832     -0.83756
   -0.122904    -0.855431     0.503123
   -0.986352    0.0493215     -0.15709
    0.109565    -0.515563    -0.849818
   -0.106923    -0.868967      0.48318
   -0.985491    0.0281957    -0.167372
    0.131817    -0.494066    -0.859374
   -0.109394    -0.868631     0.483233
   -0.986396    0.0348532    -0.160649
    0.122703    -0.494233    -0.860627
  -0.0979814    -0.865998     0.490354
   -0.985261    0.0149886    -0.170402
    0.140218    -0.499823    -0.854703
  -0.0968119     -0.86457     0.493098
   -0.983299   0.00637158    -0.181884
    0.154109    -0.502472    -0.850748
     -0.1131    -0.862311     0.493587
    -0.98603    0.0362733    -0.162568
     0.12228    -0.505078    -0.854368
   -0.104844    -0.867134     0.486916
   -0.985688    0.0256162    -0.166622
    0.132011    -0.497416    -0.857409
   -0.121696    -0.873878     0.470668
   -0.985842    0.0513114     -0.15963
    0.115347     -0.48343     -0.86775
   -0.130414    -0.875615     0.465071
   -0.985255    0.0620607    -0.159438
    0.110743    -0.479006    -0.870798
   -0.129684     -0.87978      0.45735
   -0.986439    0.0676765    -0.149525
    0.100597    -0.470539    -0.876626
   -0.117252      -0.8825     0.455462
    -0.99243     0.120994    -0.021051
   0.0365304     0.454482     0.890006
   -0.119646    -0.857203     0.500886
   -0.992196     0.121073   -0.0298042
   0.0350955     0.500544        0.865
   0.0975314     0.983745     0.150776
    0.995229   -0.0960349    -0.017193
  0.00243376    -0.151734     0.988418
  -0.0949831    -0.780281     0.618174
   -0.995471    0.0768944   -0.0558964
  0.00391916     0.620684     0.784051
     0.10129      0.16027    -0.981862
    0.994844   -0.0112734     0.100789
  0.00508456    -0.987009    -0.160585
   0.0723797    -0.640617     0.764441
    0.996545    0.0151432   -0.0816657
   0.0407403     0.767711       0.6395
  -0.0789974     -0.55559    -0.827695
   -0.996086    0.0109708     0.087705
  -0.0396476     0.831384    -0.554282
  -0.0645421    -0.279788     -0.95789
    -0.99583   -0.0439613     0.079939
  -0.0644761     0.959055    -0.275784
  -0.0719479     -0.56835    -0.819635
   -0.996829    0.0129623    0.0785137
  -0.0339988     0.822685     -0.56748
  -0.0592908    -0.340578    -0.938345
   -0.995624   -0.0478446    0.0802755
  -0.0722348     0.938998    -0.336251
  -0.0560147    -0.316485    -0.946942
   -0.996197   -0.0456775    0.0741945
  -0.0667354     0.947497    -0.312722
  -0.0814977     -0.66817    -0.739532
   -0.995909    0.0255454    0.0866706
   -0.039019      0.74357    -0.667519
  -0.0674484    -0.572222    -0.817321
   -0.995644   -0.0142472     0.092139
  -0.0643684     0.819975    -0.568768
   0.0738661    -0.653159      0.75361
    0.994817  -0.00468842    -0.101572
   0.0698758     0.757206     0.649427
    0.084848      0.99531    0.0464727
    0.995349   -0.0825309   -0.0496965
   0.0456279   -0.0504732     0.997683
   -0.100589    -0.758268     0.644137
   -0.994851     0.068573   -0.0746339
   -0.012422     0.648327     0.761261
    0.106723     0.964557     0.241329
     0.99422    -0.100678   -0.0372802
   0.0116624    -0.243912     0.969727
   -0.127833    -0.800576     0.585438
   -0.991439     0.118988   -0.0537701
   0.0266132     0.587299     0.808932
   -0.122503    -0.783172     0.609618
   -0.991915     0.117112   -0.0488714
   0.0331191     0.610677     0.791187
   -0.129098    -0.763011     0.633362
   -0.991387     0.113503   -0.0653364
   0.0220363     0.636342     0.771093
   0.0307249    -0.371074     0.928095
     0.99408   -0.0854676   -0.0670813
    0.104214     0.924662     0.366251
  -0.0388309    -0.872239     0.487537
   -0.994237    -0.015067    -0.106144
  -0.0999287     0.488848     0.866626
   0.0179117    -0.362517     0.931805
    0.990579    -0.120112   -0.0657706
    0.135764     0.924205      0.35695
   0.0112614    -0.243685     0.969789
    0.990642     -0.12921   -0.0439709
    0.136021     0.961209      0.23995
   0.0211214    -0.805118     0.592738
    0.989771   -0.0668303    -0.126045
    0.141094     0.589337     0.795471
 -0.00145014   0.00653176     0.999978
    0.985021     0.172434  0.000302124
    0.172428    -0.984999   0.00668397
  0.00462634    -0.948062    -0.318051
    0.985121   -0.0503218     0.164331
    0.171801     0.314079    -0.933723
   0.0157436     -0.31212     0.949912
   -0.979039     0.188129    0.0780414
   -0.203064     -0.93123    -0.302616
 -0.00641686    -0.854857    -0.518823
    0.985525   -0.0933037     0.141546
     0.16941     0.510405    -0.843082
  -0.0248221    -0.365411    -0.930515
    0.978195     0.183112   -0.0980018
      0.2062    -0.912658     0.352898
   0.0300985    -0.455097     0.889933
   -0.978164     0.169765     0.119898
   -0.205645    -0.874109    -0.440049
  -0.0060444    -0.434428     0.900686
   -0.984817     0.158851    0.0700097
   -0.173489    -0.886588    -0.428792
   0.0110454    -0.483976     0.875012
    -0.97975     0.169715     0.106238
   -0.199919    -0.858466    -0.472301
   0.0103738    -0.474136      0.88039
   -0.979922     0.170496     0.103367
   -0.199113    -0.863786    -0.462848
  0.00692675     0.251558    -0.967817
    0.984913      0.16564    0.0501027
    0.172913    -0.953563    -0.246616
   0.0214432    -0.472612      0.88101
     0.98904    -0.118732   -0.0877658
    0.146084     0.873236     0.464886
    0.024454      -0.7074     0.706391
     0.98934    -0.084345    -0.118715
    0.143559     0.701763     0.697796
   0.0445918    -0.639174     0.767769
    0.993475   -0.0523788    -0.101307
    0.104967     0.767277     0.632668
   0.0417157    -0.688679     0.723865
    0.994377   -0.0419652   -0.0972305
   0.0973378      0.72385     0.683056
   -0.048158    -0.383245     -0.92239
   -0.993154   -0.0800172    0.0850991
   -0.106421     0.920174    -0.376768
  0.00953606    -0.904793     0.425745
   -0.985548    0.0635075     0.157041
   -0.169127     -0.42109    -0.891111
  -0.0065292    -0.951266     0.308304
   -0.989401    0.0508704     0.136006
   -0.145062    -0.304148    -0.941515
  -0.0107837    -0.961825    -0.273454
   -0.986961    0.0541588    -0.151573
   -0.160596    -0.268254     0.949868
  -0.0294783    -0.918472     0.394386
   -0.991028    0.0783124     0.108305
    -0.13036    -0.387655     -0.91254
  -0.0253221    -0.971992     0.233644
    -0.99283    0.0517651     0.107748
   -0.116825    -0.229241    -0.966334
  -0.0346674     0.679542    -0.732817
   -0.989667    -0.125422   -0.0694859
    -0.13913     0.722836     0.676869
  -0.0487806    -0.932179     0.358697
   -0.993912    0.0808248    0.0748808
  -0.0987938     -0.35286    -0.930446
   0.0517073     0.997915    0.0386255
    0.993093   -0.0473016     -0.10737
    0.105319   -0.0439105     0.993469
  -0.0717146    -0.972685    -0.220773
   -0.994601    0.0863838   -0.0575107
  -0.0750111    -0.215457     0.973628
  -0.0334566    -0.941559     0.335181
   -0.994816    0.0635983    0.0793556
   -0.096035    -0.330789    -0.938806
  -0.0571825    -0.916249     0.396506
   -0.995779    0.0809037    0.0433457
  -0.0717943    -0.392354    -0.917008
   -0.039806    -0.931451     0.361682
   -0.997186    0.0600442    0.0448854
  -0.0635255    -0.358878     -0.93122
    0.053966    -0.853268    -0.518673
    0.993172  -0.00793646     0.116392
     0.10343     0.521412    -0.847013
  -0.0713902    -0.858959     0.507043
   -0.994267    0.0207111    -0.104904
   -0.079607     0.511625     0.855513
   0.0295943    -0.557736      0.82949
    0.989356    -0.101942    -0.103842
    0.142477     0.823734     0.548783
 -0.00841994    -0.325232     0.945597
   -0.985082     0.165239    0.0480612
    -0.17188    -0.931086    -0.321771
 -0.00939459    -0.822874     0.568146
   -0.985354   -0.0891234    -0.145375
   -0.170261     0.561191     0.809985
  0.00940517    -0.161565     0.986817
   -0.981711     0.186161    0.0398352
   -0.190142    -0.969145    -0.156859
   0.0107359     -0.19317     0.981107
   -0.980635     0.189842    0.0481087
   -0.195548    -0.962624    -0.187391
  0.00741191    -0.967743    -0.251829
   -0.982912    0.0392694    -0.179836
   -0.183925    -0.248859     0.950916
  -0.0619945    -0.945991      0.31821
   -0.997393     0.070515    0.0153159
  -0.0369273    -0.316431    -0.947896
  -0.0690854      -0.9028     0.424475
   -0.996905     0.078478   0.00466062
  -0.0375196    -0.422839    -0.905428
  -0.0851773    -0.911525     0.402326
   -0.996322    0.0817263    -0.025771
 -0.00938971    -0.403041    -0.915134
  -0.0715241    -0.920374     0.384441
   -0.997228    0.0739002  -0.00860996
  -0.0204859    -0.383992    -0.923109
   -0.102237    -0.954185     0.281211
   -0.994666     0.101936   -0.0157372
  -0.0136494     -0.28132    -0.959517
  -0.0928203    -0.901588      0.42252
   -0.995604    0.0787103   -0.0507621
   0.0125098    -0.425374    -0.904931
   -0.108285     -0.91693     0.384074
   -0.994017    0.0943149   -0.0550857
   0.0142858    -0.387742    -0.921657
  -0.0840241    -0.907826     0.410842
   -0.996431    0.0732145   -0.0420069
  0.00805537    -0.412905    -0.910738
   -0.125718    -0.926159    -0.355563
   -0.991927     0.111348    0.0606847
   0.0166125    -0.360321      0.93268
    -0.10963    -0.927099    -0.358425
   -0.993934     0.105442    0.0312748
 -0.00879821     -0.35968     0.933034
  -0.0874774    -0.879065    -0.468607
   -0.995191    0.0979307   0.00206851
  -0.0440726    -0.466534     0.883404
  -0.0880129    -0.967523    -0.236965
   -0.995032    0.0965034   -0.0244495
  -0.0465234    -0.233636      0.97121
  -0.0803651    -0.862744     0.499213
   -0.996761    0.0710487   -0.0376752
 -0.00296442    -0.500624     -0.86566
  -0.0745687    -0.928505     0.363756
   -0.996972    0.0774863  -0.00658805
  -0.0220691    -0.363146    -0.931471
  -0.0752086    -0.729723     0.679594
   -0.996546    0.0790741   -0.0253779
  -0.0352195    -0.679156    -0.733149
  -0.0518825    -0.896425     0.440148
   -0.997587    0.0668792    0.0186184
  -0.0461267     -0.43812    -0.897732
   0.0652978     0.967887    -0.242758
    0.996805   -0.0744841   -0.0288479
   0.0460031     0.240098     0.969658
  -0.0398875    -0.908503     0.415971
   -0.997046    0.0635382    0.0431642
  -0.0656448     -0.41302    -0.908353
  -0.0327179    -0.926811       0.3741
   -0.997374    0.0544707      0.04772
  -0.0646049    -0.371557     -0.92616
  -0.0472525     0.620961    -0.782416
   -0.996901   -0.0786366  -0.00220372
  -0.0628949     0.779887     0.622752
  -0.0269938    -0.930484     0.365337
   -0.996024    0.0560742    0.0692229
  -0.0848968    -0.362016    -0.928298
  -0.0141552    -0.945197     0.326193
   -0.993595    0.0498721     0.101395
   -0.112106    -0.322669     -0.93985
  -0.0133484    -0.918001     0.396354
   -0.994128    0.0547521    0.0933319
    -0.10738     -0.39278    -0.913342
   -0.002005    -0.951928     0.306314
   -0.990799     0.043344     0.128214
   -0.135328    -0.303238    -0.943257
  0.00355617    -0.930758     0.365618
   -0.992132    0.0424722     0.117772
   -0.125146     -0.36316    -0.923284
    0.022528    -0.966923     0.254073
   -0.988567    0.0163542     0.149893
    -0.14909    -0.254545    -0.955499
   0.0155049    -0.947327     0.319892
    -0.98756    0.0355591     0.153171
   -0.156478    -0.318287    -0.934991
  0.00845305     -0.93216     0.361947
   -0.992404    0.0366049     0.117449
   -0.122731    -0.360191     -0.92477
   0.0264737    -0.944011      0.32885
    -0.99021    0.0203367     0.138095
   -0.137051    -0.329287    -0.934231
   0.0296019    -0.975342    -0.218705
   -0.990627  0.000563727    -0.136596
   -0.133351    -0.220699     0.966183
 -0.00395117    -0.985681    -0.168576
   -0.993228    0.0234434    -0.113796
   -0.116118    -0.166985     0.979098
  -0.0196657    -0.946047     0.323432
   -0.994921    0.0504575    0.0870952
  -0.0987157    -0.320077    -0.942235
   0.0276688    -0.957248    -0.287943
    0.993499  -0.00548771      0.11371
    0.110429     0.289218    -0.950873
  -0.0343016    -0.926152     0.375588
   -0.995572    0.0645734    0.0683061
  -0.0875148    -0.371582    -0.924266
  -0.0278592    -0.942868     0.331999
   -0.995966    0.0545235    0.0712701
  -0.0853001    -0.328675    -0.940583
  0.00729101     -0.98791    -0.154859
    0.992705   -0.0114866     0.120016
    0.120344     0.154604     -0.98062
   0.0211994     0.999243    0.0326131
   -0.992063    0.0169808     0.124586
   -0.123938    0.0349954    -0.991673
    0.448444     0.888613   -0.0962496
    0.884543    -0.425747     0.190585
   -0.128379     0.170604     0.976941
   -0.483975    -0.451662    -0.749513
   -0.866792     0.365047     0.339723
    0.120168      0.81409    -0.568171
    0.470362    0.0829631    -0.878565
    0.877332    -0.151271     0.455418
  -0.0951185    -0.985005    -0.143938
    0.498225   -0.0808716    -0.863268
    0.862354   -0.0572455      0.50306
  -0.0901014    -0.995079    0.0412188
    0.513845     0.123344     -0.84897
    0.850047    -0.206656     0.484472
   -0.115688    -0.970608    -0.211038
    0.472944     0.136785     -0.87041
    0.878249    -0.152488      0.45324
  -0.0707305    -0.978794     -0.19225
     0.51303     -0.10352    -0.852106
    0.853487   -0.0442309     0.519234
  -0.0914403    -0.993643    0.0656608
    0.492101     0.122335      -0.8619
    0.867378    -0.153184     0.473487
  -0.0741049    -0.980596    -0.181492
    -0.50339      0.49023    -0.711529
   -0.860065    -0.205192     0.467102
    0.082988     0.847096     0.524921
    0.533975    -0.194418    -0.822844
    0.837217    -0.014306     0.546683
   -0.118057    -0.980814     0.155131
    0.524786    -0.212802    -0.824206
    0.844465   0.00828121     0.535547
    -0.10714     -0.97706     0.184049
   -0.549748     0.562956    -0.617136
   -0.825037    -0.250303     0.506618
    0.130733     0.787673     0.602064
   -0.474566  -0.00447476    -0.880209
   -0.878066    0.0723193     0.473043
   0.0615393     0.997371   -0.0382494
    0.484552    -0.328278    -0.810829
     0.87206     0.108475     0.477226
  -0.0687083    -0.938332      0.33884
   -0.467251    -0.785893     0.405029
   -0.882338      0.44361    -0.157132
   0.0561858     0.430792       0.9007
    0.456569     0.417236    -0.785785
    0.888255    -0.263875     0.375996
  -0.0504701    -0.869646     -0.49109
   -0.456808  -0.00356405    -0.889558
   -0.887991     0.061297     0.455757
   0.0529029     0.998113   -0.0311658
    0.434855     0.135232    -0.890288
    0.899094     -0.12044     0.420861
  -0.0503126    -0.983466    -0.173961
    0.422575   -0.0897681    -0.901871
    0.904024   -0.0291531     0.426486
  -0.0645772    -0.995536    0.0688331
    0.447227     0.235957    -0.862735
    0.891007    -0.201726     0.406711
  -0.0780699    -0.950595    -0.300456
    0.409667    -0.184831    -0.893314
    0.908115   -0.0103343     0.418593
  -0.0866007    -0.982716     0.163614
    0.401317    -0.209303    -0.891704
    0.914014    0.0284347     0.404684
  -0.0593462    -0.977437     0.202717
    0.382441    -0.222888    -0.896694
    0.921215    0.0169568     0.388684
  -0.0714279    -0.974697     0.211813
    0.359624    -0.125791    -0.924579
      0.9307   -0.0226211     0.365083
  -0.0668393    -0.991799     0.108939
     0.43343    0.0727335    -0.898247
    0.895907    -0.142515     0.420761
  -0.0974105    -0.987117    -0.126933
     0.55244    -0.279063    -0.785452
    0.820845    0.0182189      0.57086
   -0.144996      -0.9601     0.239132
      0.5258    -0.262626     -0.80905
     0.84276    0.0319378     0.537341
   -0.115281    -0.964369     0.238124
    0.527181    -0.230649    -0.817851
    0.839302  -0.00914917     0.543588
   -0.132861    -0.972994     0.188761
   -0.548787     0.482001    -0.683014
   -0.820872    -0.156168     0.549346
    0.158121     0.862141     0.481364
   -0.506744     0.500148    -0.702184
   -0.855316     -0.18972     0.482121
    0.107914     0.844901     0.523924
   -0.519927     0.558878    -0.646011
   -0.840829    -0.201505     0.502396
    0.150604     0.804395     0.574689
   -0.499397    -0.667797    -0.551951
   -0.857279     0.288825     0.426208
    0.125203    -0.686023     0.716726
   -0.492965    -0.621624    -0.608744
   -0.858302     0.232864     0.457266
    0.142493    -0.747902     0.648335
   -0.539637      0.44106    -0.717117
    -0.82312   -0.0975088     0.559433
    0.176818     0.892165     0.415665
   -0.509954    -0.655923    -0.556518
   -0.843563     0.254699     0.472789
    0.168368    -0.710558     0.683198
   -0.532149    -0.722443    -0.441468
   -0.822873      0.31862      0.47049
    0.199242    -0.613643     0.764032
    0.481608    -0.232737    -0.844918
    0.869969    0.0105058     0.492994
   -0.105861    -0.972483     0.207534
   -0.473448      0.58622    -0.657414
   -0.872451    -0.209449     0.441544
    0.121147     0.782609     0.610611
    0.459494    0.0452159    -0.887029
    0.882355    -0.137436     0.450067
   -0.101559    -0.989478    -0.103047
   -0.467119      0.40844    -0.784205
    -0.87945    -0.122865     0.459861
   0.0914744     0.904478     0.416595
   -0.489232     0.445072    -0.750042
   -0.867161    -0.156346     0.472851
   0.0931867     0.881741     0.462439
    0.473358    -0.102212     -0.87492
      0.8775    -0.032085     0.478502
  -0.0769806    -0.994245    0.0745035
    0.490014   -0.0740708    -0.868562
    0.868053   -0.0497694     0.493971
  -0.0798166     -0.99601    0.0399097
   -0.505563    -0.716134    -0.481204
   -0.857847     0.357609     0.369073
   0.0922227    -0.599389     0.795127
    0.473615     0.100249    -0.875008
    0.878274    -0.127926     0.460727
  -0.0657494    -0.986704    -0.148634
    0.433866     0.870441     0.232579
    0.899572    -0.432921    -0.057879
  -0.0503078    -0.234333     0.970854
   -0.440194    -0.669413     0.598427
   -0.896422     0.365896    -0.250095
   0.0515454     0.646534     0.761142
    0.442058      0.17088    -0.880559
    0.894923    -0.150569      0.42005
  -0.0608067    -0.973719    -0.219485
     0.44726     0.302192    -0.841807
    0.892633    -0.210013     0.398874
  -0.0562542    -0.929825    -0.363677
   -0.446518    -0.435155    -0.781833
   -0.893267     0.267488      0.36128
   0.0519181     0.859704    -0.508148
    0.452491     0.804217     0.385341
    0.889875    -0.435348    -0.136362
  -0.0580928    -0.404608     0.912643
   -0.448647    -0.677977     0.582291
   -0.892188     0.377764    -0.247578
   0.0521165     0.630588     0.774366
   -0.453542    -0.650677     0.609031
   -0.889694      0.37072     -0.26648
   0.0523878     0.662711     0.747041
   -0.447804    -0.450201    -0.772523
   -0.892767     0.272851     0.358497
   0.0493879     0.850219    -0.524108
   -0.446102    -0.623632    -0.641932
   -0.893536     0.351103     0.279857
   0.0508567     0.698434    -0.713866
   -0.441132    -0.443866    -0.779991
    -0.89583     0.269855      0.35308
   0.0537644     0.854495     -0.51667
   -0.441707     -0.37343    -0.815748
   -0.895447     0.239646     0.375158
   0.0553956     0.896169    -0.440241
   -0.460044    -0.598252     -0.65609
   -0.886138     0.355844     0.296877
   0.0558586     0.717962    -0.693837
     0.45619      0.03743    -0.889095
     0.88842   -0.0764112     0.452627
   -0.050995    -0.996374   -0.0681116
    0.459447      0.11579    -0.880626
    0.885736    -0.133607     0.444545
  -0.0661842    -0.984247    -0.163944
    0.454326     0.854799     0.250813
    0.887454    -0.458802   -0.0438934
  -0.0775537    -0.242527      0.96704
    0.447562     0.284678     -0.84773
    0.891779    -0.212551      0.39944
   -0.066474    -0.934762       -0.349
   -0.437724    -0.816834     0.375739
   -0.896103     0.430484    -0.108084
   0.0734631     0.384012     0.920401
    0.447897     0.815817     0.365829
    0.889859    -0.446492   -0.0937861
  -0.0868277    -0.367543     0.925944
   -0.434976    -0.597488     -0.67365
   -0.898243     0.340178     0.278278
   0.0628927     0.726145    -0.684659
   -0.429723    -0.499774     -0.75204
   -0.900839     0.294351     0.319135
   0.0618679     0.814606    -0.576705
   -0.430842    -0.487221    -0.759599
   -0.900734     0.283717     0.328912
   0.0552585     0.825906    -0.561093
   -0.412524    -0.468666    -0.781138
   -0.908967     0.268273     0.319074
   0.0600195     0.841654    -0.536671
   -0.412051    -0.538492    -0.735011
   -0.908556     0.303774     0.286787
   0.0688447     0.785969    -0.614421
   -0.414093    -0.553033    -0.722967
   -0.908648     0.298024     0.292472
    0.053715     0.778034    -0.625922
   -0.380676    -0.424561    -0.821483
    -0.92181     0.244517     0.300795
   0.0731604     0.871756    -0.484446
     -0.3807    -0.616402    -0.689287
   -0.922498     0.304562     0.237148
   0.0637522     0.726148    -0.684576
   -0.338909     -0.32346    -0.883467
   -0.937966     0.189245     0.290528
   0.0732172     0.927124    -0.367532
   -0.384239    -0.505537    -0.772524
   -0.919368     0.286014     0.270109
   0.0844025      0.81402    -0.574672
   -0.343698     -0.51719    -0.783828
   -0.935183      0.26447     0.235561
   0.0854693     0.813984    -0.574565
   -0.352148    -0.494643    -0.794557
   -0.930552     0.276037     0.240577
    0.100327     0.824095    -0.557497
   -0.386399    -0.547999    -0.741885
   -0.920536     0.279302     0.273138
   0.0575301     0.788472    -0.612375
     0.34765     0.269151    -0.898163
    0.935232    -0.167933     0.311673
  -0.0669445    -0.948344      -0.3101
   -0.420138    -0.602227    -0.678827
   -0.906193     0.317944     0.278792
   0.0479331      0.73228    -0.679314
     0.44439     0.252573    -0.859491
    0.894648    -0.174473     0.411296
  -0.0460757    -0.951717    -0.303498
    0.437594     0.244216    -0.865373
    0.897832     -0.17122     0.405687
  -0.0490936    -0.954486    -0.294189
    0.523571    -0.113218    -0.844426
    0.822926    -0.189431     0.535638
   -0.220605    -0.975345  -0.00601022
   -0.500204     0.310875    -0.808179
    -0.84582    0.0244547     0.532908
    0.185432     0.950136     0.250712
   -0.494106    -0.704397     0.509592
    -0.84522     0.526475   -0.0918006
    0.203623     0.476077     0.855505
    0.514199     0.175192    -0.839587
    0.824832    -0.369298     0.428103
   -0.235057    -0.912648    -0.334397
   -0.473445     0.464773    -0.748222
   -0.864204   -0.0808665     0.496601
    0.170301     0.881729     0.439945
    0.487549    0.0727945    -0.870056
    0.844457    -0.292451     0.448736
   -0.221783    -0.953506    -0.204056
    0.466788     0.297086    -0.832976
    0.863905    -0.354629      0.35764
   -0.189147    -0.886554    -0.422191
   -0.453306    -0.432404    -0.779449
   -0.869589     0.406598     0.280166
    0.195778     0.804801    -0.560327
   -0.508407    -0.391077     -0.76719
    -0.82165     0.486941     0.296278
    0.257709     0.780991    -0.568892
    0.477848     0.788398     0.387415
    0.845653    -0.532229    0.0400468
   -0.237766    -0.308482     0.921035
    0.497541     0.849411     0.175935
     0.82281    -0.526352     0.214328
   -0.274657   -0.0381236     0.960786
     0.44608     0.184614    -0.875745
    0.881695    -0.258696     0.394576
   -0.153708    -0.948153    -0.278173
   -0.434287    -0.419552    -0.797101
   -0.886813     0.354339      0.29666
     0.15798     0.835715    -0.525949
    -0.41844    -0.437418    -0.795973
   -0.900323     0.315259     0.300049
    0.119691     0.842186    -0.525735
   -0.431656    -0.630155    -0.645428
   -0.893985     0.394256     0.212961
    0.120266     0.668929    -0.733533
   -0.457954     0.375461    -0.805796
   -0.876868   -0.0416871     0.478921
    0.146225       0.9259     0.348321
   -0.443219   -0.0158579    -0.896273
   -0.888306     0.141932     0.436769
    0.120284     0.989749   -0.0769938
   -0.467138      0.42834    -0.773503
    -0.87356   -0.0883787     0.478625
    0.136653     0.899286     0.415465
   -0.485264     0.585281    -0.649588
   -0.859744    -0.184088     0.476394
    0.159243     0.789657     0.592523
   -0.451094     0.467991    -0.759933
   -0.885343    -0.127208     0.447198
    0.112615      0.87453     0.471715
    0.483887     0.855062    -0.186337
    0.827789    -0.378132     0.414466
   -0.283934     0.354803     0.890784
    0.463027     0.858867    -0.218983
    0.850766    -0.361367     0.381591
   -0.248603      0.36299     0.898017
    0.444157     0.885499     -0.13644
    0.858648    -0.377217      0.34703
   -0.255828      0.27129     0.927876
    0.462294     0.846087    -0.265369
    0.834803    -0.314373     0.451966
   -0.298978     0.430472     0.851649
   -0.428336    -0.822446    -0.374313
   -0.878628     0.282326     0.385104
    0.211049    -0.493836     0.843555
   -0.425642    -0.855556    -0.294706
   -0.864085     0.287589     0.413097
    0.268674    -0.430483     0.861684
   -0.404777    -0.828683    -0.386576
   -0.885824     0.250466     0.390619
    0.226875    -0.500551      0.83545
   -0.371169    -0.863751    -0.340833
   -0.895331     0.235584     0.377998
    0.246201     -0.44546     0.860785
    -0.43731    -0.848008    -0.299402
   -0.841048     0.267766     0.470042
     0.31843    -0.457366     0.830313
    0.392612     0.893139    -0.219451
    0.873319    -0.287221      0.39347
   -0.288392     0.346132     0.892761
    0.412678     0.896614    -0.160561
    0.846372    -0.312296     0.431423
   -0.336678     0.313933     0.887747
   -0.391101    -0.827752    -0.402328
    -0.90262      0.25959     0.343351
    0.179769    -0.497434     0.848671
   -0.364242    -0.872371    -0.326032
   -0.910036     0.259012     0.323647
    0.197894    -0.414587     0.888232
   -0.356604    -0.845535    -0.397372
   -0.920198     0.244374     0.305806
    0.161463    -0.474712     0.865204
   -0.375383    -0.858508    -0.349359
   -0.916301     0.286975     0.279351
    0.139568    -0.424982     0.894377
    -0.40922     -0.74826    -0.522156
   -0.897349     0.226403     0.378823
    0.165241    -0.623578     0.764098
   -0.395706    -0.806122    -0.439982
   -0.909411     0.277165     0.310082
    0.128016    -0.522826     0.842772
   -0.425919    -0.700208    -0.572977
    -0.89134     0.216061     0.398535
     0.15526    -0.680461     0.716148
    0.443942     0.833623    -0.328617
    0.873062    -0.319865     0.368034
   -0.201688     0.450288     0.869806
   -0.411232     0.530663    -0.741138
   -0.903634    -0.130539     0.407928
    0.119725      0.83747     0.533207
   -0.346091    -0.753897    -0.558445
   -0.936945     0.246942     0.247293
     0.04853    -0.608818     0.791824
    0.357459    -0.611799    -0.705638
    0.932965     0.199608     0.299554
  -0.0424157    -0.765414     0.642139
    0.360312       0.6605    -0.658722
    0.931072    -0.211286     0.297428
   -0.057272     0.720484     0.691102
   -0.378121    -0.770812    -0.512711
   -0.924506     0.285635     0.252392
    0.048099    -0.569439     0.820625
   -0.374984    -0.725383     -0.57724
   -0.926481     0.271786     0.260319
   0.0319457    -0.632417     0.773969
   -0.377617    -0.760053     -0.52889
   -0.923379     0.266456     0.276356
   0.0691195    -0.592722     0.802435
   -0.390575    -0.666588     -0.63491
   -0.919383     0.247425     0.305803
   0.0467525    -0.703165     0.709488
     -0.3947    -0.671943    -0.626662
   -0.916586     0.240527     0.319401
   0.0638902    -0.700457     0.710829
    0.404951     0.857806     0.316518
    0.911681     -0.40518   -0.0683067
  -0.0696531    -0.316225     0.946124
   -0.390964    -0.822732    -0.412623
   -0.919943     0.335092     0.203512
   0.0291694    -0.459156     0.887876
   -0.401375    -0.824646      0.39857
   -0.914665       0.3836    -0.127431
    0.047806     0.415705     0.908242
    0.402376      0.90638     -0.12872
    0.914967    -0.393475    0.0895168
  -0.0304882     0.153794     0.987632
    0.400884   -0.0523604    -0.914631
    0.911804   -0.0740919     0.403887
  -0.0889144    -0.995876    0.0180401
   -0.408693    -0.657643     0.632831
   -0.908117     0.362213    -0.210063
   0.0910731     0.660536     0.745251
   -0.385921    -0.858443    -0.337846
   -0.918086     0.321468     0.231899
   0.0904651    -0.399666     0.912186
   -0.367996    -0.717279    -0.591684
   -0.924366     0.213342     0.316279
    0.100629    -0.663322     0.741538
    0.361419    -0.572405    -0.736023
    0.929181     0.155539     0.335306
  -0.0774506    -0.805084     0.588082
   -0.346226    -0.741273    -0.575015
   -0.933367     0.210353     0.290822
   0.0946228     -0.63739     0.764709
    0.342466     0.654581    -0.673974
    0.931523    -0.143109     0.334343
   -0.122403     0.742323     0.658767
   -0.344233    -0.746343    -0.569627
   -0.936411     0.228913     0.265956
   0.0680996    -0.624956     0.777684
    -0.41381    -0.743926     0.524724
   -0.909658     0.360586    -0.206157
   0.0358423     0.562629     0.825932
   -0.412145    -0.756812     0.507318
   -0.909698     0.372888    -0.182767
   0.0508522     0.536833     0.842155
    0.422109     0.817002     0.392851
    0.904609    -0.407908    -0.123665
  -0.0592123    -0.407577     0.911249
   -0.421338    -0.656089     0.626116
   -0.906037     0.334693    -0.258992
   0.0396349     0.676408      0.73546
   -0.423166    -0.796106     0.432604
   -0.902802      0.41089    -0.126958
   0.0766806      0.44428     0.892601
    0.428948     0.894847     0.123498
      0.9012      -0.4333   0.00946127
  -0.0619779    -0.107238       0.9923
   -0.431929    -0.800425      0.41564
   -0.898684     0.420888    -0.123372
   0.0761878     0.426817     0.901123
    0.428152     0.862568      0.26956
     0.90252    -0.423404   -0.0786534
  -0.0462889    -0.276959     0.959766
    0.437698     0.800628     0.409164
    0.894274    -0.434841    -0.105769
  -0.0932397    -0.412199      0.90631
    0.429897     0.359445    -0.828244
    0.897673    -0.268518     0.349402
  -0.0968076    -0.893699    -0.438099
   -0.419537    -0.722919     0.548978
   -0.902824     0.395156    -0.169591
   0.0943318      0.56678     0.818451
   -0.415226    -0.665321     0.620432
   -0.906849     0.356837    -0.224257
   0.0721907     0.655756     0.751514
     0.67261    -0.039601    -0.738937
    0.592815    -0.568831     0.570089
   -0.442906      -0.8215    -0.359125
    0.681563    -0.197139    -0.704704
    0.582611    -0.436499     0.685589
   -0.442759    -0.877841    -0.182646
    0.670041    -0.270268    -0.691375
    0.616508    -0.316169     0.721079
   -0.413476    -0.909391   -0.0452237
    0.674844   -0.0853224    -0.733011
     0.61423    -0.485613     0.622014
   -0.409031        -0.87    -0.275305
    0.687141    -0.264118    -0.676816
    0.579998    -0.361611     0.729959
   -0.437539    -0.894136   -0.0952896
    0.661924    0.0887312    -0.744301
    0.654499    -0.552416     0.516205
    -0.36536    -0.828832    -0.423732
    0.681114     0.636782    -0.361376
    0.611144    -0.222637     0.759563
    -0.40322     0.738201     0.540807
    0.664619    -0.172039    -0.727106
    0.653999    -0.336667     0.677452
