  -0.0894915    -0.880338     0.465828
    -0.98472   0.00805372    -0.173957
    0.149389    -0.474278    -0.867608
   -0.101319    -0.897974     0.428226
   -0.985727    0.0324425    -0.165195
    0.134448    -0.438851    -0.888444
   -0.111937    -0.892008      0.43794
   -0.986965    0.0485176    -0.153445
    0.115626    -0.449407    -0.885812
   -0.114213    -0.806715     0.579798
   -0.988132    0.0319047    -0.150259
    0.102718    -0.590078    -0.800785
   -0.123757    -0.935282     0.331561
   -0.988511    0.0869787    -0.123614
    0.086775    -0.343049    -0.935301
    0.137857     0.740564    -0.657693
    0.987397   -0.0506382     0.149946
  -0.0777405     0.670075     0.738211
   -0.136716    -0.861778    -0.488516
    -0.98881    0.0890008     0.119724
   0.0596975    -0.499417     0.864302
    -0.12634    -0.944673     0.302705
   -0.989271    0.0974181    -0.108874
    0.073361    -0.313212    -0.946845
   -0.126284    -0.530257     0.838379
   -0.991336    0.0366732    -0.126129
   0.0361349    -0.847043    -0.530294
    -0.11916    -0.854855     0.504998
   -0.991211    0.0729849    -0.110339
   0.0574664    -0.513707    -0.856039
   -0.108068    -0.882772     0.457204
     -0.9939    0.0857606   -0.0693375
   0.0219991    -0.461908    -0.886655
   -0.102811    -0.852011     0.513329
   -0.993855    0.0667087   -0.0883303
   0.0410149    -0.519256    -0.853634
    0.145022     0.960207     0.238686
    0.967323    -0.188302     0.169788
   -0.207977    -0.206264     0.956139
    0.156347     0.986936    0.0388931
    0.965739     -0.16101     0.203529
   -0.207133  -0.00573944     0.978296
    0.142297     0.988113    0.0581823
    0.969913    -0.150924     0.191027
   -0.197537   -0.0292493     0.979859
    0.156334     0.718302      0.67794
    0.967342    -0.250001    0.0418152
   -0.199522    -0.649262     0.733927
    0.167444     0.948986     0.267184
    0.963987    -0.214395     0.157363
   -0.206618    -0.231213      0.95071
    0.144654     0.694341    -0.704958
    0.971312    -0.235551   -0.0326944
   -0.188754    -0.680004    -0.708495
    0.163564      0.65377    -0.738804
    0.967015    -0.254477   -0.0110998
   -0.195265    -0.712619    -0.673829
    0.154189     0.611855    -0.775796
    0.970483    -0.241154   0.00268968
   -0.185441    -0.753312    -0.630978
     0.15836     0.692938     0.703391
    0.971663    -0.235972    0.0137064
   -0.175478    -0.681289     0.710671
    0.172312     0.696389     0.696672
    0.964073    -0.264381     0.025823
   -0.202169    -0.667193     0.716925
   -0.164627    -0.745032     0.646394
   -0.969086     0.244267    0.0347302
    0.183768     0.620693     0.762213
    0.169842    -0.714876     0.678311
    0.967272       0.2526    0.0240218
   -0.188514     0.652032     0.734382
   -0.144703    -0.575471    -0.804918
   -0.974189     0.225296    0.0140591
    0.173254     0.786177    -0.593219
     0.15163     0.635485    -0.757078
    0.974686    -0.223448    0.0076519
   -0.164305    -0.739074    -0.653279
   -0.144177    -0.571947    -0.807521
   -0.977985     0.206766    0.0281645
     0.15086     0.793804    -0.589167
   -0.135374    -0.539806    -0.830833
   -0.977878     0.207754    0.0243515
    0.159464      0.81575    -0.555989
   -0.131162     -0.92044      0.36822
   -0.975721     0.185573     0.116322
    0.175399     0.344023     0.922433
   -0.121356    -0.918188     0.377098
   -0.979319     0.172714     0.105378
    0.161887     0.356511     0.920159
    -0.11688    -0.756915     0.642977
   -0.977564     0.201915    0.0599936
    0.175237     0.621539     0.763532
    0.127095     0.976428     0.174457
    0.973967    -0.156137     0.164344
    -0.18771    -0.149029     0.970853
    0.116966     0.963118    -0.242327
    0.975446   -0.0655619     0.210255
   -0.186613     0.260969     0.947138
     0.10849      0.96786     0.226887
    0.980503    -0.141799     0.136042
   -0.163841    -0.207704     0.964373
    0.104691     0.946818    -0.304262
    0.978599   -0.0435779     0.201111
   -0.177156     0.318805     0.931117
    0.101393     0.987646    -0.119477
    0.980847   -0.0791666     0.177964
   -0.166307     0.135233     0.976757
    0.129404     0.954911    -0.267208
    0.971844    -0.068623     0.225412
   -0.196912     0.288854     0.936904
    0.160838     0.660991    -0.732954
    0.972643    -0.232273   0.00396705
   -0.167623     -0.71354    -0.680267
    0.159959      0.61788     -0.76983
     0.97323    -0.229098    0.0183437
   -0.165033    -0.752156    -0.637986
     0.14663     0.677443    -0.720812
    0.979044    -0.203496   0.00790879
   -0.141325    -0.706867    -0.693085
   -0.144444    -0.541611    -0.828126
   -0.979223     0.198622    0.0408956
    0.142335     0.816827    -0.559048
    0.148377     0.618948     -0.77129
    0.979235    -0.200898    0.0271626
   -0.138138    -0.759304    -0.635905
    0.128823     0.238225    -0.962628
    0.985278    -0.140761    0.0970197
   -0.112388    -0.960955    -0.252852
   -0.134118    -0.476604    -0.868827
   -0.984986     0.160281    0.0641247
    0.108695     0.864383    -0.490945
    -0.11634    -0.574373    -0.810284
   -0.990033     0.132261    0.0483948
   0.0793723     0.807838    -0.584036
   -0.124634    -0.299093    -0.946049
   -0.985883     0.144776    0.0841111
    0.111808     0.943177    -0.312915
    0.110671     0.643988    -0.756989
    0.990628    -0.132829    0.0318278
   -0.080053    -0.753416    -0.652653
    0.105717     -0.72011     0.685759
    0.991245      0.13117   -0.0150705
  -0.0790988     0.681349     0.727672
   -0.138497     -0.33404    -0.932328
   -0.984897     0.145227    0.0942728
    0.103909     0.931304    -0.349108
   -0.124796    -0.864581     0.486751
   -0.989609     0.143777    0.0016602
   0.0714189     0.481486     0.873539
   -0.130604    -0.823798     0.551633
   -0.989207     0.145551   -0.0168402
   0.0664179     0.547879     0.833917
    0.141438     0.203227    -0.968862
    0.985169    -0.124936     0.117612
  -0.0971441    -0.971128    -0.217884
   -0.148922    -0.543318    -0.826213
   -0.979997     0.192637    0.0499624
    0.132014     0.817127    -0.561138
   -0.148116    -0.461007    -0.874948
   -0.981279     0.178624    0.0719998
    0.123094     0.869233    -0.478834
   -0.155171    -0.515064    -0.842989
   -0.976363     0.209919     0.051462
    0.150453     0.831049    -0.535463
   -0.158197    -0.568185    -0.807551
   -0.974448     0.221907    0.0347597
    0.159452     0.792416    -0.588772
   -0.150706    -0.460163     -0.87495
   -0.978795     0.193667    0.0667379
    0.138738     0.866454    -0.479592
   -0.134777    -0.929088     0.344429
   -0.988774     0.103475    -0.107791
   0.0645076     -0.35509    -0.932604
   -0.136852    -0.859731     0.492072
   -0.987286    0.0778305    -0.138595
   0.0808565    -0.504783    -0.859451
   -0.144452    -0.918311     0.368564
   -0.985603     0.100451    -0.136005
   0.0878717    -0.382904      -0.9196
   -0.135518    -0.877727     0.459597
   -0.986626    0.0771481    -0.143584
   0.0905706    -0.472909    -0.876444
   -0.140221    -0.938657     0.315057
   -0.984744    0.0990972    -0.143033
    0.103038    -0.330307    -0.938233
   -0.131676    -0.944886     0.299752
   -0.984665    0.0897632    -0.149593
    0.114442    -0.314853    -0.942216
   -0.125233    -0.920638     0.369786
   -0.986135    0.0746043    -0.148228
    0.108877    -0.383222    -0.917217
    0.145511     0.592927       -0.792
    0.981502    -0.187188    0.0401898
   -0.124423    -0.783197    -0.609197
   -0.137193    -0.896311    -0.421668
   -0.981393    0.0652618     0.180581
    0.134338    -0.438596     0.888587
   -0.149262    -0.427605    -0.891557
   -0.982979     0.161839    0.0869474
     0.10711      0.88936    -0.444484
    -0.14504    -0.559604     -0.81597
   -0.985509     0.155013    0.0688653
   0.0879488     0.814134    -0.573978
    0.144299     0.941597    -0.304259
    0.987026    -0.115081     0.111967
   -0.070413     0.316468     0.945986
   -0.138388    -0.838095     -0.52768
   -0.989315    0.0923032     0.112853
   0.0458749    -0.537659     0.841913
   -0.136378    -0.763142     0.631676
   -0.988915     0.142668   -0.0411444
   0.0587209     0.630285      0.77414
   -0.125483    -0.906887     0.402255
   -0.991207    0.0974428   -0.0895212
   0.0419887    -0.409952     -0.91114
   -0.125288    -0.897158     0.423568
   -0.984981    0.0613552    -0.161394
    0.118808    -0.437427    -0.891371
   -0.118136    -0.869719       0.4792
   -0.984793    0.0407083    -0.168895
    0.127384    -0.491866    -0.861302
   -0.118472    -0.929231     0.349993
   -0.984341    0.0635734    -0.164411
    0.130525     -0.36399    -0.922212
   -0.104647    -0.888217     0.447347
   -0.984077    0.0275001      -0.1756
    0.143669      -0.4586    -0.876952
   -0.106219     -0.84394     0.525817
   -0.983967     0.013017    -0.177876
    0.143272     -0.53628    -0.831791
   -0.101463    -0.782632      0.61416
   -0.981823   -0.0207615     -0.18866
    0.160402    -0.622139    -0.766299
   -0.096585    -0.910126     0.402916
   -0.981961     0.021018    -0.187914
    0.162557    -0.413797    -0.895738
    0.104924     0.963132    -0.247727
    0.982976   -0.0626613     0.172718
   -0.150827     0.261632      0.95331
   0.0968953     0.994999    0.0242695
    0.982495   -0.0995188     0.157476
   -0.159104  -0.00858594     0.987225
   -0.114697    -0.864411    -0.489529
   -0.982667    0.0264819     0.183478
    0.145637    -0.502089     0.852465
    0.128029      0.96453    -0.230849
    0.981652   -0.0900777     0.168064
   -0.141309     0.248131     0.958365
   -0.128407    -0.921679     0.366087
   -0.983963     0.072321    -0.163052
    0.123806    -0.381153    -0.916185
  -0.0822616    -0.559138    -0.824984
   -0.995723    0.0810441    0.0443583
   0.0420576     0.825104    -0.563413
   -0.088083    -0.382263    -0.919846
    -0.99522    0.0728692    0.0650182
   0.0421743     0.921176    -0.386854
   0.0595774     0.131946    -0.989465
    0.998214   -0.0123005    0.0584639
 -0.00445682    -0.991181    -0.132443
   0.0549935     0.246562    -0.967565
    0.998474   -0.0184777    0.0520417
 -0.00504687    -0.968951    -0.247202
   0.0652535     0.059752    -0.996078
    0.997863  -0.00739655    0.0649267
 -0.00348804    -0.998186   -0.0601069
   0.0421298    -0.725861      0.68655
    0.998643    0.0095344   -0.0512008
   0.0306188     0.687775     0.725278
   0.0466559    -0.574863     0.816918
      0.9984  0.000681409   -0.0565412
   0.0319468     0.818249     0.573975
    0.025377     -0.76896     0.638793
    0.997227   -0.0252429   -0.0700031
   0.0699545     0.638798     0.766188
  -0.0338526    -0.408779     0.912005
   -0.998941    0.0422885    -0.018125
  -0.0311582    -0.911653    -0.409778
    0.023337    -0.858087    -0.512974
    0.997419   -0.0148687    0.0702479
    0.067906      0.51329    -0.855525
  -0.0154705    -0.418654     0.908014
   -0.997966    0.0626398     0.011878
  -0.0618506    -0.905983    -0.418771
   -0.052682    -0.950399     0.306539
   -0.997943    0.0388773   -0.0509711
  -0.0365255     0.308594     0.950492
   0.0346099     0.106023    -0.993761
     0.99684    0.0674789    0.0419163
    0.071502    -0.992071    -0.103353
   0.0426468   -0.0951355     -0.99455
    0.996471    0.0760885    0.0354507
   0.0723012    -0.992552    0.0980447
   0.0605565     0.989487    -0.131336
    0.997256   -0.0655879    -0.034324
   0.0425772     0.128897     0.990744
   0.0795913    -0.203727    -0.975787
    0.996827    0.0173977    0.0776752
  0.00115192    -0.978873     0.204466
  -0.0919485    -0.995461    -0.024551
   -0.995739    0.0920914  -0.00474951
  -0.0069889   -0.0240097     0.999687
    0.101297     0.160041    -0.981899
    0.994041   -0.0562352    0.0933842
  -0.0402719    -0.985507    -0.164784
   0.0940893      0.25723    -0.961759
    0.994674   -0.0651304    0.0798897
  -0.0420897    -0.964153    -0.261988
   -0.110717    -0.674615     0.729819
   -0.993347    0.0985175   -0.0596305
   0.0316722     0.731566     0.681035
  0.00267951    -0.335154     0.942159
    0.995202   -0.0912542   -0.0352922
   0.0978044     0.937734     0.333302
 0.000553345    -0.573873     0.818944
    0.994199   -0.0877628   -0.0621713
    0.107551     0.814228     0.570495
 -0.00997268   -0.0522838     0.998582
    0.991048    -0.133472   0.00290908
    0.133131     0.989672    0.0531469
  -0.0108695   -0.0863112     0.996209
    0.991795    -0.127842 -0.000254789
    0.127379     0.988032    0.0869925
   0.0128822    -0.723797     0.689893
   -0.990479    0.0853365     0.108025
   -0.137061    -0.684716    -0.715806
   0.0241166     0.994248     0.104349
   -0.986477   0.00674094     0.163762
   -0.162116     0.106887    -0.980966
   0.0240396     0.997511    0.0662811
   -0.986415    0.0128904     0.163768
   -0.162506    0.0693175     -0.98427
   0.0351712     0.996796   -0.0718379
   -0.980464     0.048336     0.190666
   -0.193527   -0.0637286    -0.979023
   0.0264161    0.0840249    -0.996113
   -0.986859    -0.156706   -0.0393893
   -0.159407     0.984065    0.0787812
  -0.0345386    -0.990581    -0.132501
    0.981071    -0.058883     0.184478
    0.190542     0.123621    -0.973864
  -0.0460431    -0.744554     0.665973
    0.981065    0.0918482     0.170513
    0.188125    -0.661213    -0.726227
   0.0262209     -0.96808    -0.249268
   -0.985921    0.0161489    -0.166428
   -0.165141    -0.250122     0.954027
   0.0387315      0.99866    0.0343141
   -0.979915    0.0312372     0.196953
   -0.195617    0.0412532    -0.979812
   0.0428974    -0.968828     -0.24399
   -0.979604   0.00719782    -0.200811
   -0.196307    -0.247628     0.948759
  -0.0302785     -0.96935     -0.24381
    0.984889   -0.0705459     0.158167
    0.170519     0.235337    -0.956838
 -0.00924275    -0.359587     0.933066
    0.990799    -0.129295   -0.0400134
    0.135029      0.92411     0.357474
 -0.00944247    -0.626145      0.77965
    0.989761    -0.116903    -0.081899
    0.142424     0.770893     0.620837
 -0.00486846    -0.051713      0.99865
   -0.993601     0.112942   0.00100462
   -0.112842    -0.992255   -0.0519319
  0.00040144   -0.0462373      0.99893
     0.99382    -0.110869  -0.00553118
    0.111007     0.992759     0.045907
   0.0173024    -0.547925     0.836349
    0.994961   -0.0731842   -0.0685296
   0.0987566      0.83332     0.543898
   0.0359882    -0.899341     0.435765
    -0.98215    0.0487269     0.181676
   -0.184622    -0.434525    -0.881534
  0.00204428    -0.938257    -0.345932
   -0.986267    0.0552369    -0.155645
   -0.165143      -0.3415      0.92526
   0.0130335    -0.984234    -0.176388
    -0.98631     0.016346     -0.16409
   -0.164386    -0.176112     0.970547
   0.0139906     -0.98087    -0.194162
    0.990147   -0.0134674     0.139381
    0.139329     0.194199    -0.971017
  -0.0236122    -0.982523    -0.184636
    -0.99067    0.0477917    -0.127627
    -0.13422      -0.1799     0.974485
  0.00296432    -0.900804    -0.434216
    0.990124    -0.058218     0.127536
    0.140164     0.430306    -0.891735
   0.0472045    -0.822626     0.566621
    0.993128   -0.0221628    -0.114913
    0.107088     0.568151     0.815927
   0.0339958    -0.806789      0.58986
    0.993816   -0.0351364    -0.105335
    0.105709     0.589793     0.800606
  -0.0630473    -0.318254    -0.945907
   -0.994598   -0.0582708    0.0858982
  -0.0824562     0.946213    -0.312861
  -0.0526441     -0.97494    -0.216148
   -0.993343     0.073333   -0.0888356
    -0.10246    -0.210032     0.972311
   0.0691836     0.951957     0.298315
    0.993846   -0.0398382    -0.103359
   0.0865089     -0.30363     0.948855
  -0.0641112    -0.936673     0.344286
   -0.995097    0.0860372     0.048773
  -0.0753058    -0.339471    -0.937597
   0.0262806     -0.65719     0.753266
    0.994517   -0.0591102   -0.0862684
     0.10122     0.751403     0.652033
  -0.0516083    -0.820342     0.569539
   -0.995749  -0.00129675   -0.0920967
  -0.0762894     0.571871     0.816788
 -0.00680157    -0.860073    -0.510126
    0.990115   -0.0772589     0.117057
     0.14009     0.504287    -0.852097
   0.0302195     0.972309    -0.231735
   -0.984576    0.0689274      0.16081
    -0.17233    -0.223301    -0.959395
   0.0222996     0.999246   -0.0317919
   -0.985798    0.0272715     0.165704
   -0.166446   -0.0276452    -0.985663
   0.0429631    -0.944485    -0.325732
   -0.980272    0.0231075    -0.196297
   -0.192926     -0.32774      0.92486
   0.0431871    -0.981814     -0.18487
   -0.980537  -0.00618053    -0.196238
   -0.191526    -0.189747     0.962971
   0.0426623    -0.961271    -0.272284
   -0.980983    0.0113464     -0.19376
   -0.189345    -0.275373     0.942506
  -0.0848225    -0.917743     0.388011
    -0.99545    0.0950171   0.00712556
  -0.0434071    -0.385641    -0.921627
   -0.092614    -0.896835     0.432562
   -0.994534     0.104361   0.00343707
   -0.048225    -0.429879    -0.901598
   -0.106991    -0.848311     0.518576
   -0.994123    0.0999396   -0.0416182
  -0.0165211    -0.519981    -0.854018
  -0.0997581    -0.849074     0.518769
    -0.99491     0.092561   -0.0398237
  -0.0142045    -0.520102    -0.853986
    0.110502     0.990999   -0.0755711
    0.993747    -0.111392  -0.00764842
   0.0159976    0.0742534     0.997111
   -0.121164    -0.845975     0.519274
   -0.992478    0.0940287   -0.0783906
   0.0174899    -0.524866    -0.851005
   -0.128291    -0.840408    -0.526551
   -0.991636      0.10116    0.0801484
   0.0140914     -0.53243     0.846357
   -0.101568    -0.868135     0.485825
   -0.994814    0.0860147   -0.0542768
  0.00533153    -0.488818    -0.872369
   -0.117196    -0.377477    -0.918573
   -0.992755    0.0692104    0.0982197
   0.0264991     0.923429    -0.382854
    0.098988     0.991749    0.0814522
    0.995047   -0.0979049   -0.0171951
  0.00907867   -0.0827509     0.996529
   0.0753809     0.956116    -0.283124
    0.996289   -0.0840459   -0.0185661
   0.0415468     0.280673     0.958904
  -0.0912335    -0.389242    -0.916606
   -0.994957  -0.00290379     0.100265
   -0.041689     0.921131    -0.387014
   -0.105756    -0.884359      0.45467
   -0.994376    0.0914115   -0.0534904
  0.00574268    -0.457769    -0.889052
     -0.0928    -0.893132     0.440117
   -0.995397     0.093846   -0.0194401
  -0.0239406    -0.439895     -0.89773
  -0.0968601    -0.880435    -0.464168
   -0.995093    0.0951179    0.0272308
  -0.0201757    -0.464528     0.885328
  -0.0826193    -0.933765     0.348219
   -0.995787    0.0912949   0.00854838
  -0.0397728    -0.346046    -0.937374
  -0.0746972    -0.867118     0.492469
   -0.996103    0.0881088   0.00405041
  -0.0469031    -0.490248     -0.87032
  -0.0614951    -0.898606     0.434425
    -0.99642    0.0805714    0.0256133
  -0.0580185    -0.431294    -0.900344
  -0.0581038    -0.896163     0.439904
   -0.996124    0.0811917     0.033831
  -0.0660346    -0.436234    -0.897407
   0.0603214     0.982899    -0.173986
    0.995316     -0.07242   -0.0640437
   0.0755486     0.169308     0.982663
  -0.0335713    -0.932098     0.360648
   -0.993781    0.0694649    0.0870252
   -0.106168    -0.355484    -0.928633
  -0.0231338    -0.983663    -0.178529
   -0.991238    0.0457976    -0.123892
   -0.130044    -0.174098     0.976104
  -0.0114357    -0.942919     0.332825
   -0.991597    0.0535873     0.117746
    -0.12886    -0.328682    -0.935608
 -0.00181188    -0.894467     0.447131
   -0.987882    0.0709933     0.138016
   -0.155194    -0.441462    -0.883757
  0.00217373    -0.957565     -0.28821
   -0.988702    0.0411395    -0.144141
   -0.149881    -0.285267     0.946656
   0.0220185    -0.972179     0.233203
   -0.985748    0.0178019     0.167285
   -0.166782    -0.233563    -0.957931
   0.0254904    -0.872901     0.487231
   -0.984256    0.0633587     0.165004
   -0.174902    -0.483766    -0.857543
   0.0100979    -0.887317      0.46105
    -0.99036    0.0548263     0.127207
   -0.138151     -0.45789    -0.878209
   0.0335288    -0.923485     0.382165
   -0.987531    0.0282365     0.154872
   -0.153813    -0.382593    -0.911024
   0.0278542    -0.971736     0.234421
   -0.990214   0.00525828     0.139455
   -0.136747    -0.236011    -0.962081
 0.000470428    -0.943636    -0.330986
   -0.990225    0.0457268    -0.131774
   -0.139481    -0.327812      0.93439
  -0.0194141    -0.941766     0.335707
   -0.992132    0.0596842     0.110058
   -0.123685    -0.330929    -0.935515
   0.0351045     0.999078    0.0246963
    0.992523   -0.0319622    -0.117801
    0.116903    -0.028647      0.99273
  -0.0521358    -0.971145    -0.232723
   -0.994061    0.0727582   -0.0809226
    -0.09552    -0.227122     0.969171
  -0.0411495    -0.947477     0.317166
   -0.993895    0.0713397    0.0841656
   -0.102371    -0.311766    -0.944628
  0.00952207    -0.648714     0.760972
    0.990447   -0.0985741    -0.096426
    0.137565     0.754621     0.641578
   0.0310416    -0.901192     0.432307
   -0.989499    0.0333777      0.14063
   -0.141164    -0.432133    -0.890693
   -0.498115    -0.681287    -0.536404
   -0.859084     0.303767     0.411948
    0.117713    -0.666014     0.736593
   -0.524349     0.451235    -0.722112
   -0.845366    -0.174229     0.504975
    0.102049     0.875232     0.472816
    0.502407     0.832824    -0.232361
    0.861385    -0.458843     0.217896
  -0.0748518     0.309625     0.947908
   -0.532514     0.567704    -0.627807
   -0.844226    -0.302853     0.442224
   0.0609193     0.765502     0.640543
    0.549126     0.781924    -0.295054
    0.830946     -0.47306     0.292818
  -0.0893836     0.405968     0.909506
   -0.509936      0.48497    -0.710471
   -0.859323    -0.249664     0.446353
   0.0390891     0.838136     0.544059
   -0.547545     0.533465    -0.644677
   -0.834505    -0.291396     0.467643
    0.061615     0.794042     0.604732
   -0.528785    0.0164705    -0.848596
   -0.847727    0.0389691        0.529
   0.0417819     0.999105  -0.00664381
    0.536344     0.235461    -0.810489
    0.842219    -0.211651     0.495853
   -0.054787    -0.948558    -0.311828
   -0.565845    -0.372058    -0.735794
   -0.819629     0.350799     0.452932
   0.0895986     0.859367    -0.503448
    0.554537    -0.153219    -0.817932
    0.828858    0.0142389     0.559277
  -0.0740457     -0.98809     0.134893
    0.570915     0.272229    -0.774563
    0.815445    -0.297669     0.496429
  -0.0954207    -0.915033    -0.391932
   -0.505441    -0.508329     -0.69723
   -0.862596     0.317698     0.393696
   0.0213815     0.800418    -0.599061
   -0.515611    -0.428927    -0.741732
   -0.856276     0.288878     0.428184
   0.0306106     0.855903    -0.516229
   -0.499615    -0.601053    -0.623795
   -0.866019     0.363109     0.343748
   0.0198945      0.71196    -0.701938
   -0.488282    -0.738525     0.464931
   -0.872606     0.420372    -0.248687
   0.0117827     0.527132     0.849702
    0.484431     0.861673     0.151149
    0.874613     -0.48087   -0.0617727
  -0.0194553    -0.162122     0.986579
    0.467247     0.877237    -0.110165
    0.884047    -0.461889    0.0715483
  -0.0118807     0.130822     0.991335
   -0.455678    -0.795844    -0.398734
   -0.889881     0.396389     0.225803
   0.0216501     -0.45772     0.888833
   -0.486468     0.497998    -0.717877
   -0.872634    -0.236401     0.427346
   0.0431105     0.834334     0.549571
   -0.452022     0.615211    -0.645904
   -0.890091     -0.26365     0.371789
   0.0584358      0.74297     0.666769
   -0.439426    -0.743618    -0.503922
   -0.898138     0.353758      0.26116
   0.0159366    -0.567352     0.823321
   -0.424836    -0.820185     -0.38316
   -0.904876     0.372243     0.206481
   0.0267237    -0.434433     0.900308
   -0.396306    -0.762763    -0.511012
   -0.917898     0.316964     0.238742
   0.0201313    -0.563672     0.825753
   -0.463686    -0.796923     -0.38718
   -0.880845     0.367571     0.298336
   0.0954348     -0.47938     0.872403
   -0.568689    -0.417788    -0.708552
   -0.814354     0.407284     0.413457
    0.115845     0.812141    -0.571845
    0.551797     0.125227    -0.824523
     0.82872    -0.193183     0.525266
  -0.0935065    -0.973139    -0.210375
    0.541685   -0.0686803    -0.837771
    0.832489   -0.0941371     0.545986
   -0.116364    -0.993187   0.00618293
    0.558925     0.406734    -0.722613
    0.817857    -0.414156      0.39948
   -0.136792    -0.814274    -0.564132
    0.521421    -0.124539    -0.844163
    0.847957   -0.0349036     0.528914
  -0.0953348    -0.991601    0.0874043
   -0.529353     0.340133    -0.777235
   -0.836621   -0.0571396     0.544794
    0.140892      0.93864      0.31481
   -0.507983     0.438143    -0.741609
   -0.852933    -0.135675      0.50408
    0.120242     0.888607     0.442627
   -0.489201       0.2646    -0.831065
   -0.859651    0.0145939     0.510674
    0.147253     0.964248     0.220324
    0.546382     0.789925    -0.278362
    0.822114    -0.442346      0.35841
   -0.159985     0.424674     0.891099
    0.513931    -0.137688     -0.84671
    0.840811    -0.114792     0.529018
   -0.170034    -0.983801    0.0567743
    0.536472     0.762895     0.360817
    0.822867    -0.567768   -0.0229973
   -0.187316    -0.309242     0.932353
     0.49285      0.77964     0.386342
    0.865199    -0.486237     -0.12249
  -0.0923556    -0.394632     0.914186
    0.475515    0.0312867    -0.879151
    0.872087     -0.14802     0.466427
   -0.115539    -0.988489   -0.0976705
   -0.462108    -0.338728    -0.819585
   -0.881861     0.273155     0.384328
   0.0936917     0.900361    -0.424938
   -0.475421    -0.816023     0.328758
   -0.876432     0.471777   -0.0964049
   0.0764318     0.333967     0.939481
   -0.504751    -0.533601    -0.678599
   -0.860437     0.374544     0.345491
   0.0698109     0.758279    -0.648182
     0.48864     0.870463    0.0593669
    0.870561    -0.490949    0.0330551
  -0.0579194   -0.0355305     0.997689
   -0.512152    -0.611395    -0.603239
   -0.857556     0.324803     0.398873
   0.0479348    -0.721595     0.690654
     0.53152     0.111939    -0.839617
    0.843881     -0.15558     0.513477
  -0.0731491     -0.98146    -0.177157
   -0.497923    -0.685719     0.530907
   -0.866444     0.419281     -0.27107
   0.0367212     0.594973     0.802906
    0.439085     0.252201    -0.862322
    0.896127    -0.191847      0.40019
  -0.0645056    -0.948467    -0.310241
    0.451942     0.869883     0.197615
    0.890248    -0.453886   -0.0380163
  -0.0566249    -0.193107     0.979542
    0.452609      0.88715   -0.0900546
    0.889691    -0.442485     0.112501
  -0.0599576      0.13104     0.989562
     -0.4618    -0.633123     0.621205
   -0.885677     0.367156    -0.284206
   0.0481412     0.681433     0.730295
   -0.461269    -0.493291    -0.737492
   -0.885989     0.300569     0.353104
   0.0474843     0.816285    -0.575694
    0.468027     0.829288     0.305339
    0.882346    -0.457741    -0.109263
  -0.0491556    -0.320552     0.945955
   -0.469683    -0.553514    -0.687764
   -0.881912     0.329789     0.336854
    0.040364     0.764762    -0.643047
   -0.473459    -0.654381     0.589595
   -0.880141      0.37767    -0.287606
   0.0344688     0.655096     0.754759
   -0.475324    -0.643412     0.600073
   -0.879487     0.365969    -0.304251
   0.0238496     0.672375     0.739826
   -0.469696    -0.329031    -0.819222
   -0.881709     0.221549      0.41654
   0.0444433     0.917962     -0.39417
   -0.472941    -0.666826     0.575908
   -0.880523     0.381238    -0.281669
    0.031734     0.640312     0.767459
   -0.475052    -0.342165    -0.810709
   -0.879056      0.22622     0.419624
   0.0398177     0.912002    -0.408249
   -0.483332     -0.51435    -0.708403
   -0.874752     0.315756     0.367569
   0.0346238     0.797335    -0.602544
   -0.486108    -0.717175     0.499359
   -0.873696     0.411149    -0.260024
   0.0188286     0.562688     0.826455
   -0.474361    -0.557744    -0.681104
   -0.878752     0.346311     0.328427
   0.0526955     0.754315    -0.654395
   -0.460505    -0.702759     0.542278
   -0.884767     0.412651    -0.216578
     0.07157     0.579525     0.811806
   -0.456703     0.435528    -0.775717
    -0.88737    -0.161053     0.432015
    0.063223     0.885651     0.460028
    0.438241     0.315229    -0.841769
    0.895379    -0.235406     0.377995
   -0.079002    -0.919356    -0.385414
    0.448117     0.234486    -0.862675
    0.889821    -0.209909     0.405162
  -0.0860785    -0.949186    -0.302714
   -0.434105    -0.806594     0.401197
   -0.898054     0.422601    -0.122091
   0.0710688     0.413297     0.907819
    0.466998    -0.240503    -0.850924
    0.883224    0.0803318      0.46202
   -0.042761    -0.967318     0.249933
    0.465502    -0.481265    -0.742759
    0.884437     0.221814     0.410572
  -0.0328401    -0.848046     0.528903
   -0.443758     0.413943    -0.794815
   -0.895302    -0.166278     0.413263
   0.0389077     0.894988     0.444391
    0.445233     0.844447    -0.297787
    0.894018    -0.400667     0.200493
  -0.0499925     0.355494     0.933341
   -0.444114    -0.684398     -0.57824
   -0.895524     0.318697     0.310596
   0.0282877    -0.655768     0.754432
   -0.416151    -0.681434    -0.602052
   -0.907764     0.272925     0.318554
   0.0527583    -0.679088     0.732159
   -0.415869     -0.66269    -0.622811
   -0.908701     0.275483     0.313644
   0.0362751    -0.696384     0.716752
   -0.384726    -0.680614    -0.623498
   -0.922002     0.251479       0.2944
   0.0435764     -0.68813     0.724278
    -0.42024    -0.751076    -0.509199
   -0.904996     0.305981     0.295564
    0.066186     -0.58503     0.808306
   -0.387703    -0.821278    -0.418556
   -0.919525     0.312813     0.237953
   0.0644953    -0.477128     0.876464
   -0.385545    -0.631683    -0.672556
   -0.918932     0.328584     0.218165
     0.08318     0.702146    -0.707158
   -0.422316     0.556991    -0.715129
   -0.906144     -0.23896        0.349
   0.0235026     0.795398     0.605631
   -0.390047      0.59103    -0.706079
   -0.920334    -0.225986     0.319241
   0.0291172     0.774348      0.63209
   -0.451163     0.573128    -0.684088
   -0.892267     -0.27452     0.358466
   0.0176517     0.772116     0.635236
     -0.4751    -0.801992     0.362062
   -0.879828     0.439289    -0.181462
   0.0135187     0.404765     0.914321
    0.467453     0.881972    0.0600994
    0.883746    -0.467914  -0.00702959
  -0.0219215   -0.0563986     0.998168
   -0.520242   0.00735025    -0.853987
   -0.827131     0.244605     0.505987
    0.212609     0.969595    -0.121174
    0.501961    0.0821078    -0.860984
    0.843605    -0.265974     0.466465
   -0.190699    -0.960477    -0.202775
    0.486223     0.106669      -0.8673
    0.847663    -0.298669     0.438481
   -0.212263    -0.948377    -0.235639
    0.507915    -0.256426    -0.822355
     0.82731    -0.120726      0.54862
    -0.23996    -0.958995     0.150825
   -0.463687     0.524044    -0.714403
   -0.866719    -0.100993     0.488465
    0.183827     0.845682     0.501028
    0.471052     0.863791    -0.178817
    0.850847     -0.39144     0.350476
   -0.232742     0.317238     0.919343
   -0.454106     0.612037    -0.647455
   -0.867417      -0.1378     0.478119
    0.203408     0.778731     0.593468
    0.436104     0.863507    -0.253316
    0.872175    -0.336246     0.355317
   -0.221642     0.375891     0.899767
   -0.493124     0.551427    -0.672872
   -0.829578   -0.0651503     0.554577
    0.261971     0.831675     0.489579
    0.457491     0.877197    -0.145697
    0.852969     -0.38661      0.35068
   -0.251287     0.284708     0.925093
   -0.479537    -0.775088     -0.41144
   -0.830802     0.250061      0.49723
    0.282512    -0.580265     0.763858
   -0.430105    -0.810979    -0.396638
   -0.886181     0.295406     0.356957
    0.172315    -0.505023      0.84573
    0.419725     0.883126     0.209569
    0.888925    -0.446617      0.10171
    -0.18342    -0.143601      0.97249
    0.402518     0.914769   -0.0343148
    0.902242    -0.390112     0.183771
   -0.154721     0.104931      0.98237
    0.416634     0.899149    -0.133966
    0.897163    -0.382908     0.220184
   -0.146682     0.211925     0.966215
    0.445934    -0.274994    -0.851775
    0.881639   -0.0292598     0.471016
   -0.154449    -0.961001     0.229397
   -0.430874    -0.460137    -0.776287
    -0.89278     0.342705     0.292398
    0.131495      0.81904    -0.558464
    0.465087    -0.225275    -0.856122
    0.875079   -0.0292919     0.483093
   -0.133906    -0.973855      0.18351
   -0.479342     0.351061    -0.804355
   -0.862448   -0.0186998       0.5058
    0.162526     0.936166     0.311736
   -0.447071    -0.342982     -0.82613
   -0.887258      0.28731     0.360869
    0.113584     0.894324    -0.432761
    0.468829    -0.193525    -0.861828
    0.830416    -0.235936     0.504721
   -0.301012    -0.952304    0.0500925
    0.448659     0.888214   -0.0988986
    0.854279    -0.393728      0.33939
   -0.262512     0.236757     0.935432
   -0.436893    -0.603286    -0.667211
   -0.853182     0.512908    0.0949014
    0.284965     0.610714    -0.738799
   -0.456988    -0.729382     0.509081
   -0.829034     0.556649     0.053334
    0.322281     0.397673     0.859064
    0.410548     0.878885     0.242925
    0.878831    -0.452418     0.151575
    -0.24312    -0.151262      0.95813
    0.419449     0.895654    -0.147873
    0.860345    -0.340255     0.379516
   -0.289601      0.28641     0.913291
   -0.396507    -0.799766    -0.450729
    -0.88226     0.196247     0.427907
    0.253771    -0.567329     0.783415
   -0.376492    -0.800929    -0.465583
   -0.887651     0.168008     0.428776
    0.265197    -0.574705     0.774199
    0.436208     0.865735    -0.245409
    0.837879    -0.291318      0.46162
   -0.328148     0.406986     0.852456
    0.393318       0.8772    -0.275357
    0.864674    -0.251138     0.435051
   -0.312474     0.409207     0.857269
    0.407996     0.908918   -0.0860629
    0.842058    -0.338197     0.420193
   -0.352815     0.243907     0.903345
   -0.377027    -0.828045     -0.41496
   -0.902767     0.228397     0.364481
    0.207031    -0.512031     0.833644
    -0.36073    -0.844377    -0.396108
   -0.905434     0.215159     0.365917
    0.223745    -0.490647     0.842142
   -0.345803    -0.819708     0.456617
   -0.920536     0.202109    -0.334314
    0.181753    -0.535939    -0.824461
   -0.365556    -0.709919    -0.601984
   -0.915141     0.156031     0.371714
    0.169958    -0.686782     0.706714
   -0.393202    -0.919355   -0.0133903
   -0.898054     0.380887     0.220055
    0.197209   -0.0985514     0.975395
    0.378484     0.924684   -0.0413384
    0.911409    -0.364514     0.190954
   -0.161504     0.109949     0.980728
    0.409243     0.911791   -0.0340307
    0.891997    -0.391954     0.225197
   -0.191994     0.122516     0.973719
    0.428659       0.8566    -0.287209
    0.873877     -0.31242     0.372468
   -0.229326     0.410647     0.882484
     0.39362     0.904637    -0.163387
    0.905375    -0.350708     0.239374
   -0.159245     0.242149     0.957082
   -0.317148    -0.791843    -0.521921
   -0.945452       0.2208     0.239517
   0.0744191    -0.569413     0.818676
   -0.328783     -0.76343    -0.555946
   -0.941961     0.222762     0.251171
   0.0679078    -0.606261     0.792361
   -0.335105    -0.733841    -0.590917
   -0.938541     0.204916     0.277761
   0.0827439    -0.647678     0.757408
   -0.351633    -0.810642    -0.468203
   -0.932882     0.261761      0.24741
   0.0780033    -0.523775     0.848278
   -0.351961    -0.746292    -0.564953
   -0.934224      0.24277     0.261319
   0.0578664    -0.619766      0.78265
   -0.357724    -0.862157    -0.358775
   -0.928052     0.285561     0.239113
      0.1037    -0.418498     0.902278
   -0.368874    -0.851908    -0.371731
   -0.926305     0.303911     0.222705
   0.0767514    -0.426486     0.901232
    0.372311     0.918102    -0.135915
    0.922413    -0.349839     0.163605
   -0.102657     0.186282     0.977118
    0.386617     0.918457   -0.0834515
    0.916297    -0.372293     0.147643
   -0.104535     0.133548     0.985514
    0.375258     0.883212    -0.281279
    0.925117    -0.337949     0.173057
  -0.0577883     0.325157     0.943893
    0.380871     0.911747      -0.1538
    0.921043    -0.359474     0.149861
  -0.0813483     0.198734     0.976671
    0.384863     0.922063   -0.0409854
    0.920893    -0.380637    0.0840923
  -0.0619378    0.0701072     0.995615
     0.38249     0.920869   -0.0755081
    0.914522    -0.365665      0.17303
   -0.131727     0.135236     0.982018
    0.391877     0.912484     0.117496
    0.910706    -0.402859    0.0912111
   -0.130563   -0.0712611     0.988876
   -0.367542    -0.819048    -0.440538
   -0.920289     0.252008     0.299266
    0.134094    -0.515415     0.846384
    0.349968      -0.6259    -0.696973
    0.926784      0.12304     0.354869
   -0.136357    -0.770137     0.623134
   -0.339498    -0.770451     -0.53958
   -0.934642     0.211816     0.285621
    0.105765    -0.601282     0.792006
    0.325064     0.726735    -0.605136
    0.938714    -0.170365     0.299654
   -0.114675     0.665456     0.737575
   -0.329177    -0.785406    -0.524195
   -0.932435     0.182756     0.311712
    0.149021    -0.591386     0.792499
    0.311788     -0.63095    -0.710415
    0.945736     0.134082     0.295982
  -0.0914964    -0.764149     0.638517
    0.398725     0.869284     0.292172
    0.914732    -0.399723   -0.0590524
  -0.0654547    -0.290804     0.954541
    0.397514     0.903754     0.158784
      0.9139    -0.405456    0.0198014
  -0.0822755    -0.137241     0.987115
    0.410187     0.209946    -0.887507
    0.908166    -0.183188     0.376401
  -0.0835568    -0.960398    -0.265807
   -0.410807    -0.401245    -0.818682
   -0.909093     0.248426     0.334418
   0.0691984     0.881639    -0.466824
   -0.412948   -0.0198269    -0.910539
   -0.905321     0.117984     0.408013
   0.0993392     0.992818   -0.0666709
   -0.422587    -0.534723    -0.731773
    -0.90292     0.318281     0.288847
   0.0784562     0.782795    -0.617314
   -0.425878    -0.818799     0.384962
   -0.900313     0.425733   -0.0904878
   0.0897994     0.385123     0.918486
   -0.424626     -0.52492    -0.737666
   -0.902886     0.305814     0.302117
   0.0670015     0.794315      -0.6038
     -0.4354    -0.650075     0.622759
   -0.894682     0.389201    -0.219242
   0.0998549     0.652629     0.751069
   -0.420008    -0.765774     0.487015
   -0.900334     0.418999    -0.117634
    0.113977     0.487884     0.865436
   -0.406461    -0.810811      0.42116
   -0.905475      0.41906   -0.0671043
    0.122083     0.408625       0.9045
    0.399779     0.910569     0.105075
    0.910867    -0.407469    0.0655043
   -0.102461    -0.069522     0.992305
   -0.687017   -0.0167098    -0.726449
   -0.562044     0.645872     0.516679
    0.460559     0.763263    -0.453116
   -0.703043   0.00411352    -0.711135
   -0.558813     0.615286     0.556013
    0.439839     0.788293    -0.430274
     0.68567     0.119825    -0.717982
    0.605102    -0.642093      0.47071
   -0.404609    -0.757204     -0.51277
    0.690311     0.263663    -0.673761
    0.606065    -0.719345     0.339451
   -0.395166    -0.642669    -0.656369
    0.697295     0.215008    -0.683777
    0.560736    -0.757851     0.333523
   -0.446491    -0.615982    -0.649008
   -0.675825    -0.549335     0.491418
   -0.649813     0.758731   -0.0455066
    0.347855     0.350084     0.869734
    0.692366    0.0874995    -0.716221
    0.607411    -0.606457      0.51309
   -0.389462    -0.790287    -0.473039
    0.682002     0.585408     0.438373
    0.643742     -0.76498    0.0200565
