  -0.0555855     -0.80898     0.585203
   -0.995581  0.000475793   -0.0939076
   0.0756909    -0.587836    -0.805431
  -0.0737212    -0.911272     0.405153
   -0.995812    0.0452403   -0.0794422
   0.0540642    -0.409313    -0.910791
   -0.101599    -0.894741     0.434874
   -0.994042    0.0739602   -0.0800651
   0.0394742    -0.440418    -0.896925
   -0.118984    -0.898698      0.42212
    -0.99238    0.0939338   -0.0797392
   0.0320102    -0.428391    -0.903026
   -0.135409    -0.870255     0.473625
   -0.990512     0.107579    -0.085518
   0.0234705    -0.480711    -0.876565
   -0.137316     -0.86583     0.481127
   -0.990463     0.114501   -0.0766272
   0.0112565     -0.48706    -0.873296
   -0.142547    -0.887798     0.437601
   -0.989765     0.124848   -0.0691227
  0.00673354    -0.442975    -0.896508
   -0.140985    -0.883268     0.447169
   -0.989749     0.115335   -0.0842352
    0.022828    -0.454461    -0.890474
   -0.136988    -0.790202      0.59734
   -0.990565     0.111659   -0.0794551
 -0.00391308    -0.602589    -0.798042
   -0.134226    -0.930457     0.340929
   -0.990729     0.118721   -0.0660448
   0.0209763    -0.346633    -0.937766
   -0.126755    -0.822301     0.554755
   -0.991916     0.108409   -0.0659489
 -0.00591048     -0.55863    -0.829396
   -0.116572    -0.871498     0.476343
   -0.993146    0.0981664   -0.0634444
  0.00853077    -0.480474    -0.876967
   -0.132553    -0.901472     0.412041
   -0.981926     0.176092    0.0693739
    0.135096     0.395398     0.908521
   -0.161015    -0.912795      0.37534
   -0.975663     0.204568    0.0789481
    0.148846     0.353493     0.923519
    0.140461     0.973143     0.182382
    0.979948    -0.162937     0.114685
   -0.141322    -0.162616     0.976516
    -0.16397      0.66222    -0.731149
   -0.974461   0.00654133     0.224461
    0.153425     0.749281     0.644235
    -0.18489    -0.860499    -0.474718
   -0.968426    0.0773302     0.237003
     0.16723    -0.503549     0.847628
    0.140188     0.223611    -0.964544
    0.980471    -0.167054     0.103774
   -0.137926    -0.960256    -0.242663
    -0.19029    -0.893749    -0.406206
   -0.968511     0.103236     0.226561
    0.160553    -0.436527      0.88525
    -0.17076    -0.885451    -0.432224
   -0.974308    0.0863595     0.208007
    0.146853    -0.456638     0.877448
    0.188947     0.946618    -0.261176
    0.970458    -0.139368     0.196944
   -0.150031     0.290673     0.944987
   -0.205064    -0.838087    -0.505529
   -0.963298    0.0814097     0.255791
     0.17322    -0.539429     0.824022
   -0.202964     -0.75199     -0.62715
   -0.965298    0.0461714     0.257037
    0.164333    -0.657556     0.735265
     -0.2157    -0.818715    -0.532145
   -0.960903    0.0810835     0.264745
    0.173603    -0.568446     0.804196
   -0.148185    -0.872626    -0.465366
   -0.980229     0.067211     0.186101
    0.131119    -0.483742     0.865333
   -0.167203     -0.88953    -0.425181
   -0.976816    0.0909845     0.193783
    0.133691    -0.447725      0.88412
    -0.15465    -0.905605    -0.394921
   -0.981504    0.0951735     0.166109
    0.112843    -0.413305     0.903574
   -0.129854    -0.908813      0.39648
    -0.98577    0.0752803    -0.150298
    0.106746    -0.410355    -0.905657
    0.118065      0.97368     0.194958
    0.985873    -0.138426    0.0943054
    -0.11881    -0.181069     0.976267
  -0.0997551    -0.905024     0.413498
    -0.99082    0.0522428    -0.124688
   0.0912435     -0.42214    -0.901927
  -0.0891675    -0.895002     0.437059
   -0.990762     0.124716     0.053259
    0.102175     0.428272     0.897855
   -0.113468     -0.78611     0.607582
   -0.986006     0.164271    0.0283994
    0.122133     0.595857     0.793749
  -0.0813516    -0.848648     0.522665
   -0.991524     0.122209    0.0441022
    0.101302     0.514647     0.851397
  -0.0666852     -0.88722     0.456501
   -0.994928    0.0245963   -0.0975344
   0.0753062     -0.46069     -0.88436
  -0.0558535    -0.998327   -0.0149843
   -0.994974    0.0544041    0.0840708
   0.0831149   -0.0196046     0.996347
  -0.0363675    -0.848317     0.528237
   -0.997494  -0.00128822   -0.0707432
   0.0606932    -0.529486    -0.846145
   -0.108051    -0.763611     0.636571
   -0.986887     0.159623    0.0239666
    0.119913     0.625634     0.770845
   -0.215981    -0.802073    -0.556804
   -0.963195    0.0815599     0.256131
    0.160023     -0.59163     0.790169
   -0.209052    -0.863309    -0.459342
    -0.96598     0.109174     0.234441
    0.152247    -0.492726     0.856763
    -0.20603    -0.814806    -0.541889
   -0.969352    0.0942116     0.226893
    0.133822    -0.572028     0.809244
   -0.213296    -0.886866    -0.409846
   -0.965766     0.127998     0.225637
    0.147651    -0.443942     0.883807
   -0.200336    -0.823212    -0.531214
   -0.971643    0.0974305     0.215449
    0.125603    -0.559312     0.819386
   -0.197392    -0.806698    -0.557023
   -0.973511    0.0944276      0.20823
    0.115381    -0.583371     0.803969
   -0.193054    -0.762451    -0.617574
   -0.975439    0.0810981     0.204799
    0.106065    -0.641943     0.759381
   -0.182687     -0.90438     0.385644
   -0.980292     0.197552  -0.00110025
   0.0751896     0.378245     0.922647
   -0.197556    -0.696282    -0.690045
   -0.973712    0.0579613     0.220284
    0.113384    -0.715424     0.689429
     0.18179     0.967068     0.178134
    0.980169    -0.192738    0.0460636
  -0.0788797    -0.166227     0.982928
    -0.17918    -0.796049     0.578101
    -0.98096     0.189307   -0.0433677
   0.0749158     0.574864     0.814812
   -0.189976    -0.862079    -0.469819
    -0.97729     0.120288     0.174458
    0.093883    -0.492292     0.865352
   -0.183973    -0.767253     0.614391
   -0.980982     0.182665   -0.0656323
    0.061871     0.614782     0.786267
   -0.182212    -0.873617     0.451212
    -0.98163     0.188033     -0.03235
   0.0565812     0.448818      0.89183
   -0.185343    -0.896686    -0.401998
   -0.979162     0.133966     0.152625
   0.0830025    -0.421909     0.902831
   -0.189706    -0.895287    -0.403079
    -0.97477     0.122555     0.186559
    0.117625    -0.428301     0.895948
   -0.177728    -0.823896    -0.538152
   -0.978684    0.0907965     0.184209
    0.102907     -0.55942     0.822472
   -0.184437    -0.786454    -0.589468
   -0.974012    0.0660329     0.216657
    0.131466    -0.614109     0.778195
   -0.198398    -0.831831    -0.518358
   -0.969572    0.0891811     0.227985
    0.143417    -0.547817     0.824213
   -0.173294    -0.898555    -0.403196
   -0.978681      0.11129      0.17262
    0.110237    -0.424515     0.898685
     -0.1389    -0.907368     0.396725
   -0.989777     0.114104   -0.0855651
    0.032371    -0.404555    -0.913941
   -0.148225    -0.893319     0.424276
   -0.988182     0.116839   -0.0992245
   0.0390673    -0.433969     -0.90008
   -0.160385    -0.912099     0.377296
   -0.985386      0.12574    -0.114906
   0.0573641    -0.390212    -0.918936
   -0.147609    -0.881108     0.449289
   -0.988231     0.112957     -0.10315
   0.0401357    -0.459227    -0.887412
   -0.151434    -0.909804     0.386425
   -0.986757     0.116152    -0.113225
    0.058129    -0.398453    -0.915345
   -0.140359    -0.887922     0.438057
   -0.988273    0.0987686    -0.116456
   0.0601373    -0.449265    -0.891372
   -0.133319    -0.903657     0.406976
   -0.990265     0.104881   -0.0915159
   0.0400151    -0.415215    -0.908843
   -0.161158    -0.917135     0.364542
   -0.983392     0.117982    -0.137917
   0.0834789    -0.380714    -0.920917
   -0.148657    -0.900501     0.408655
   -0.985269    0.0995475    -0.139052
   0.0845358    -0.423306    -0.902034
   -0.165149    -0.877979     0.449308
   -0.983443     0.112134    -0.142361
   0.0746071     -0.46538    -0.881961
   -0.166834    -0.869599     0.464719
   -0.984277     0.119152    -0.130394
   0.0580185    -0.479166    -0.875804
   -0.154192    -0.917068      0.36771
   -0.986797     0.124268    -0.103872
   0.0495628    -0.378872    -0.924121
   -0.140538    -0.904532     0.402581
   -0.989608      0.11584   -0.0851909
   0.0304229     -0.41037    -0.911412
   -0.164576    -0.892479    -0.419996
   -0.985792     0.134317     0.100865
   0.0336071    -0.430629     0.901903
   -0.128263    -0.925263     0.356983
   -0.991491     0.111572   -0.0670575
   0.0222165    -0.362547    -0.931701
   -0.118677    -0.909096     0.399326
   -0.992222    0.0933633   -0.0823323
   0.0375655    -0.405991    -0.913105
  -0.0978432    -0.869698      0.48379
   -0.994519    0.0674442   -0.0798919
    0.036853    -0.488955     -0.87153
  -0.0980365     -0.87814     0.468252
   -0.994129    0.0647643   -0.0866816
   0.0457925       -0.474    -0.879333
  -0.0694871    -0.866201     0.494841
   -0.996258    0.0347002   -0.0791562
   0.0513941     -0.49849    -0.865371
  -0.0712522    -0.866704     0.493707
   -0.996425    0.0393285   -0.0747636
   0.0453812    -0.497269    -0.866409
  -0.0450484    -0.853521     0.519108
   -0.997608    0.0111615   -0.0682211
   0.0524341    -0.520939    -0.851982
  -0.0499237    -0.826092     0.561319
   -0.996543   0.00383071   -0.0829949
   0.0664112    -0.563522    -0.823427
  -0.0677836    -0.896199     0.438444
   -0.996064    0.0356318    -0.081159
   0.0571121    -0.442219    -0.895087
  -0.0455139    -0.845039     0.532764
    -0.99776    0.0122834   -0.0657551
   0.0490214    -0.534564    -0.843705
  -0.0954136    -0.863005     0.496103
   -0.993268    0.0496532    -0.104656
    0.065686    -0.502749    -0.861933
   -0.123747     -0.87211     0.473403
   -0.989608    0.0732548    -0.123731
   0.0732281    -0.483795    -0.872112
   -0.122246    -0.863367     0.489544
   -0.991334    0.0823156    -0.102377
   0.0480921    -0.497817    -0.865948
   -0.155333    -0.869174     0.469477
   -0.987233     0.153538   -0.0423852
   0.0352427     0.470067     0.881927
   -0.160933    -0.794143     0.586035
   -0.986393     0.149631   -0.0681102
   0.0335997     0.589022     0.807418
    -0.13472    -0.800852     0.583512
   -0.990823     0.102357   -0.0882766
  -0.0109699      0.59005     0.807292
    0.130815     0.972273     0.193834
    0.991371    -0.126635   -0.0338544
  0.00836953    -0.196591      0.98045
   -0.136636    -0.794535     0.591646
   -0.990468    0.0990483   -0.0957261
  -0.0174562     0.599086     0.800495
    0.105785    -0.608671     0.786339
    0.992814    0.0201524    -0.117962
   0.0559534     0.793167     0.606429
   -0.113971    -0.662198     -0.74061
   -0.992262     0.038904     0.117912
  -0.0492683     0.748318    -0.661508
  -0.0938111    -0.363281    -0.926945
   -0.991581   -0.0493813     0.119706
  -0.0892605      0.93037    -0.355589
    -0.10735    -0.816958     0.566617
    -0.99309    0.0609272    -0.100303
  -0.0474212      0.57347     0.817853
  -0.0938358    -0.644007    -0.759243
    -0.99191  -0.00501264     0.126843
  -0.0854938     0.765003    -0.638327
  -0.0975278    -0.353278    -0.930421
   -0.992117    -0.039408     0.118958
  -0.0786913     0.934688     -0.34665
    -0.11254    -0.798665     0.591159
   -0.991883    0.0548581    -0.114713
  -0.0591873      0.59927     0.798356
   0.0890742     0.890737     0.445705
    0.991657   -0.0374492    -0.123341
   0.0931732    -0.452973     0.886642
  -0.0961222    -0.538459    -0.837151
   -0.991074   -0.0262779     0.130698
  -0.0923739     0.842242    -0.531127
   -0.113276     -0.53009    -0.840341
   -0.991377   0.00421858     0.130974
  -0.0658829     0.847931    -0.525997
   -0.138802    -0.808544     0.571831
   -0.990192     0.104037    -0.093249
  -0.0159045     0.579166     0.815054
    -0.14333    -0.639042    -0.755699
    -0.98949    0.0777577     0.121918
  -0.0191491     0.765231    -0.643471
   -0.165937    -0.594106    -0.787085
   -0.985872     0.118418     0.118462
   0.0228261     0.795623    -0.605362
       -0.16    -0.667675     0.727056
   -0.986663     0.130514   -0.0972762
   0.0299421     0.732923     0.679652
    0.167661     0.217696    -0.961508
    0.985713   -0.0529523     0.159892
  -0.0161062    -0.974579    -0.223463
   0.0752686     0.711353     0.698793
    0.990776    0.0258396    -0.133023
    0.112683     -0.70236     0.702847
  -0.0756913    -0.795046     0.601808
   -0.990187   -0.0111731      -0.1393
   -0.117474     0.606446     0.786399
   -0.061947     -0.90894      -0.4123
   -0.986069     0.119629    -0.115575
   -0.154374    -0.399397     0.903687
  -0.0565603    -0.592434    -0.803631
   -0.986713   -0.0896235     0.135516
   -0.152308     0.800619    -0.579493
   0.0601444     0.955687    -0.288175
    0.985128     -0.10338     -0.13724
     0.16095     0.275635     0.947692
  -0.0435513   -0.0109995    -0.998991
   -0.979221    -0.197772    0.0448671
   -0.198066     0.980186  -0.00215772
  -0.0433099    -0.937494    -0.345295
   -0.978457     0.109635    -0.174937
   -0.201859     -0.33028     0.922046
  -0.0287092    -0.727748     0.685243
   -0.972988      0.17744     0.147682
   -0.229065    -0.662494    -0.713184
   0.0419493     0.965845     0.255701
    0.980565   0.00929482    -0.195976
     0.19166    -0.258952     0.946684
  -0.0249165    -0.624718     0.780453
     -0.9726     0.195658     0.125565
   -0.231144     -0.75594    -0.612476
  -0.0206126    -0.521548     0.852973
   -0.972761     0.207492     0.103363
   -0.230894    -0.827608    -0.511619
   0.0406174     0.273933    -0.960891
    0.978102     0.185565    0.0942464
    0.204125    -0.943677    -0.260398
  -0.0267083    -0.535791     0.843928
   -0.972677     0.208696     0.101713
   -0.230621    -0.818153    -0.526726
  -0.0236078    -0.375831     0.926388
   -0.972931      0.22172    0.0651569
   -0.229887    -0.899773    -0.370892
  -0.0361382    -0.443268    -0.895661
   -0.978105    -0.168118     0.122667
   -0.204951     0.880483    -0.427487
    -0.05533    -0.556966     -0.82869
   -0.983926    -0.110719      0.14011
   -0.169788     0.823122    -0.541887
  -0.0547074    -0.939051     0.339396
   -0.984441  -0.00611824    -0.175611
   -0.166984     0.343722     0.924106
   0.0721341    -0.663693     0.744519
     0.98943   -0.0465344    -0.137345
    0.125801     0.746556     0.653321
  -0.0714938    -0.890292     0.449743
   -0.989565   0.00675673    -0.143932
   -0.125103     0.455339     0.881485
   0.0741145    -0.641854     0.763237
     0.98868   -0.0528294    -0.140434
    0.130459     0.765005     0.630672
  -0.0115027     -0.89513     0.445656
   -0.982179    0.0937286      0.16291
   -0.187596     -0.43584    -0.880256
  -0.0256315    -0.959895     0.279186
   -0.985552    0.0710359     0.153754
    -0.16742    -0.271211    -0.947848
  -0.0355093    -0.863953     0.502319
   -0.982705     0.121593     0.139663
   -0.181741    -0.488672    -0.853328
  -0.0508515    -0.928025     0.369032
   -0.986446     0.104394     0.126597
    -0.15601    -0.357592    -0.920754
  -0.0439918    -0.976144     0.212623
   -0.989495    0.0719105     0.125411
   -0.137709    -0.204872    -0.969053
  -0.0609029     0.348888    -0.935184
   -0.984457    -0.175619  -0.00140631
   -0.164727     0.920562     0.354161
   -0.062028    -0.922768     0.380331
     -0.9901     0.104964    0.0931922
   -0.125916    -0.370785    -0.920143
  -0.0769706    -0.810664      0.58043
   -0.988342   -0.0146614    -0.151541
   -0.131359     0.585327     0.800085
   0.0951568     0.993691   -0.0593663
    0.990474    -0.100474   -0.0941642
   0.0995348    0.0498404     0.993785
  -0.0528679    -0.934765     0.351311
   -0.991743     0.090309    0.0910485
   -0.116835    -0.343597    -0.931821
  -0.0741809    -0.921023     0.382379
   -0.992853     0.104154    0.0582606
  -0.0934857    -0.375324    -0.922167
  -0.0643564     -0.93645     0.344847
   -0.995192    0.0857923    0.0472477
  -0.0738304    -0.340149    -0.937469
  -0.0783084    -0.525833    -0.846975
   -0.988507    -0.069245     0.134384
   -0.129312     0.847764    -0.514367
   -0.101046    -0.786059     0.609836
   -0.989446    0.0154129    -0.144079
   -0.103855     0.617959     0.779321
  -0.0528924     -0.38007    -0.923444
   -0.983948    -0.137995     0.113154
   -0.170437     0.914606    -0.366671
   -0.035968  8.11212e-05    -0.999353
   -0.979385    -0.198906    0.0352331
   -0.198775     0.980019    0.0072337
   -0.033159     0.434651    -0.899988
   -0.979683    -0.192342   -0.0567967
   -0.197792      0.87982     0.432198
   0.0140449    -0.216555     0.976169
    0.975601    -0.210957   -0.0608357
    0.219104     0.953206     0.208308
  -0.0206146    -0.283498     0.958751
   -0.973981     0.222169    0.0447521
   -0.225692    -0.932883    -0.280701
  -0.0146566    -0.931167    -0.364299
     -0.9784     0.088491    -0.186824
   -0.206201    -0.353692      0.91235
   -0.083317     -0.92057     0.381587
   -0.995009    0.0979483    0.0190444
  -0.0549075    -0.378096    -0.924137
  -0.0967223    -0.930283     0.353861
   -0.993833     0.109641    0.0165924
  -0.0542333    -0.350074    -0.935151
   -0.108562    -0.911604     0.396475
   -0.993705     0.110617   -0.0177568
  -0.0276696    -0.395907    -0.917874
   -0.100549    -0.912462     0.396614
   -0.994279     0.106597  -0.00682971
  -0.0360459    -0.395032     -0.91796
   -0.137035    -0.921968      0.36221
   -0.990408     0.134054    -0.033481
  -0.0176874    -0.363324    -0.931495
   -0.123335    -0.889751     0.439467
   -0.992361     0.111847   -0.0520559
  -0.0028365    -0.442531    -0.896749
   -0.139776    -0.921163      0.36321
   -0.990166     0.127843    -0.056819
  0.00590557     -0.36758    -0.929973
   -0.114071    -0.881824     0.457575
    -0.99347     0.102355   -0.0504127
 -0.00237976    -0.460337    -0.887741
   -0.165102    -0.911051    -0.377792
   -0.986245     0.149469    0.0705603
  0.00781563    -0.384246     0.923198
    0.145279     0.979874     0.136894
    0.989172    -0.140944   -0.0408971
   0.0207795    -0.141354     0.989741
   -0.117732     -0.88759     0.445334
   -0.990835    0.0750917    -0.112281
  -0.0662185     0.454472     0.888296
    0.112243     0.967254    -0.227642
    0.992047    -0.122211   -0.0301324
   0.0569661     0.222449     0.973279
   -0.110869     -0.89086      0.44054
    -0.99359     0.109198   -0.0292324
   -0.022064    -0.440958    -0.897257
   -0.102729    -0.904813     0.413232
   -0.993988     0.109195  -0.00801105
  -0.0378744     -0.41157    -0.910591
    -0.10965    -0.831202    -0.545051
   -0.992655     0.119777    0.0170357
  -0.0511245    -0.542916      0.83823
   -0.083739    -0.907282     0.412101
   -0.994728     0.100673    0.0195118
    -0.05919    -0.408295    -0.910929
   0.0956952     0.971315    -0.217694
    0.993357    -0.107228   -0.0417701
   0.0639148      0.21225     0.975123
  -0.0717082    -0.897593     0.434953
    -0.99435    0.0985486    0.0394376
  -0.0782629    -0.429668    -0.899589
  -0.0595901    -0.932933     0.355084
   -0.995051    0.0838505    0.0533162
  -0.0795144    -0.350149    -0.933313
  -0.0814147 -5.47248e-05     -0.99668
   -0.993618   -0.0783228    0.0811688
  -0.0780672     0.996928   0.00632225
   -0.049664    -0.935408     0.350064
   -0.993624    0.0817943    0.0775966
   -0.101218    -0.343978    -0.933506
  -0.0352275    -0.947196     0.318714
   -0.991359    0.0734429     0.108692
    -0.12636    -0.312131    -0.941598
  -0.0348705    -0.923949     0.380924
   -0.992167    0.0777548     0.097773
   -0.119956     -0.37453    -0.919422
  -0.0227212    -0.969897     0.242451
   -0.988147    0.0586153      0.14188
    -0.15182    -0.236354    -0.959733
  -0.0210882    -0.922213     0.386107
   -0.990215    0.0725534      0.11921
    -0.13795    -0.379815    -0.914719
 -0.00270932    -0.925744     0.378142
   -0.987545    0.0619639      0.14462
   -0.157313    -0.373041    -0.914381
 -0.00301241    -0.934055     0.357116
   -0.984762    0.0648667     0.161355
    -0.17388    -0.351189    -0.920018
  -0.0170035    -0.952094     0.305332
   -0.990654    0.0573771     0.123747
   -0.135337    -0.300375    -0.944171
  0.00118373    -0.940692      0.33926
   -0.989299    0.0483946     0.137639
   -0.145894    -0.335793    -0.930569
 -0.00305373    -0.961358    -0.275286
   -0.991152    0.0394394    -0.126736
   -0.132696    -0.272463     0.952972
  -0.0333231    -0.999421   0.00691174
   -0.991265    0.0321666    -0.127904
   -0.127607    0.0111135     0.991762
  -0.0490484     -0.98932     -0.13726
   -0.992444    0.0637489     -0.10484
    -0.11247     -0.13108     0.984971
   0.0651854     0.987391     0.144259
    0.991109    -0.047259    -0.124379
    0.115993    -0.151084     0.981692
   0.0710526     0.973834    -0.215869
    0.992505    -0.090594   -0.0820098
   0.0994204     0.208425     0.972972
  -0.0592536    -0.936729     0.345004
   -0.993712    0.0882428    0.0689227
   -0.095006    -0.338751    -0.936067
  -0.0405396    -0.822398     0.567466
   -0.991382   -0.0377021    -0.125464
   -0.124576     0.567662     0.813782
   0.0104611    -0.976206    -0.216594
    0.991536   -0.0179061     0.128594
    0.129412     0.216105    -0.967756
   -0.425924    -0.714908    -0.554523
   -0.893341     0.235237     0.382891
    0.143288     -0.65846      0.73885
   -0.457739    -0.538303    -0.707605
    -0.87816     0.398129     0.265195
    0.138963      0.74278    -0.654956
   -0.427032    -0.489068    -0.760563
   -0.897869     0.328983     0.292577
    0.107122     0.807826    -0.579606
   -0.467576     -0.34384    -0.814338
   -0.877336     0.293028     0.380022
    0.107957     0.892137    -0.438676
   -0.489922    -0.463479    -0.738352
    -0.86096     0.390185     0.326349
    0.136838     0.795577    -0.590197
   -0.433475    -0.326539    -0.839924
   -0.896722     0.248742     0.366084
   0.0893835     0.911866    -0.400638
   -0.485119    -0.313989    -0.816131
   -0.867029     0.294032     0.402251
    0.113666     0.902749    -0.414878
    0.462535     0.187928    -0.866455
    0.881478    -0.202378     0.426661
    -0.09517    -0.961107    -0.259262
    0.470157    -0.119015    -0.874521
    0.875225   -0.0648108     0.479355
   -0.113729    -0.990775    0.0736933
   -0.505353    -0.444608    -0.739555
   -0.851865     0.393747     0.345383
    0.137637     0.804542    -0.577727
    0.490276    0.0575688    -0.869664
    0.861083    -0.186293     0.473107
   -0.134776    -0.980806    -0.140906
    0.513045      0.15467    -0.844311
    0.844963     -0.26412     0.465057
   -0.151069    -0.952007    -0.266196
     0.43862    0.0936316    -0.893782
    0.895079     -0.13437      0.42518
  -0.0802873    -0.986498    -0.142745
    0.449533    0.0512102    -0.891794
    0.887983    -0.134012     0.439917
  -0.0969828    -0.989656    -0.105717
    0.431977     0.267375     -0.86134
    0.897963    -0.216476     0.383146
  -0.0840158    -0.938961    -0.333606
   -0.415131    -0.385181    -0.824197
   -0.906945     0.246447     0.341635
   0.0715295     0.889325    -0.451646
   -0.411849    -0.253014    -0.875422
   -0.908382     0.190182     0.372389
   0.0722697     0.948586     -0.30816
     0.38762     0.169933    -0.906021
    0.919574    -0.139835     0.367191
  -0.0642958    -0.975484    -0.210468
   -0.374813    0.0122898    -0.927019
   -0.924244    0.0734751     0.374666
   0.0727174     0.997221   -0.0161807
   -0.405132    0.0173737    -0.914093
   -0.909911    0.0897243     0.404984
   0.0890524     0.995815   -0.0205417
   -0.355576     0.395824    -0.846693
   -0.930227   -0.0618798     0.361729
   0.0907877     0.916239     0.390209
    0.348026     0.093647    -0.932796
    0.935596   -0.0978316     0.339249
  -0.0594872    -0.990787    -0.121664
     -0.3346     0.403405     -0.85165
   -0.939251   -0.0694127     0.336138
   0.0764844     0.912385     0.402124
    0.302326    -0.110125    -0.946822
    0.950536   -0.0394499       0.3081
  -0.0712816    -0.993134    0.0927514
   -0.390269     0.609292    -0.690256
   -0.913426    -0.162167     0.373303
    0.115514     0.776186     0.619832
   -0.510289    0.0201363    -0.859767
   -0.842459     0.189199     0.504447
    0.172825     0.981732   -0.0795821
    0.491083    -0.150195    -0.858067
    0.858206   -0.0855166     0.506132
   -0.149397    -0.984951    0.0869022
   -0.482385     0.458636    -0.746296
   -0.858836   -0.0799989     0.505965
    0.172351     0.885016     0.432484
    0.503773    -0.233361    -0.831719
    0.840843    -0.088199     0.534046
   -0.197982    -0.968382     0.151788
   -0.460953     0.368892    -0.807119
   -0.874981   -0.0371507      0.48273
     0.14809      0.92873     0.339898
   -0.468628    -0.674413    -0.570574
   -0.860398     0.202037     0.467863
    0.200256    -0.710175     0.674944
   -0.448346     0.479423    -0.754413
   -0.877504   -0.0753505     0.473613
    0.170216     0.874343     0.454479
   -0.437917     0.374551    -0.817276
   -0.878768    0.0135081     0.477057
    0.189722     0.927108     0.323228
   -0.490476     0.589537    -0.641779
   -0.840934    -0.126991     0.526026
    0.228611     0.797697     0.558047
   -0.454983     0.426241    -0.781862
   -0.862886   0.00592839     0.505365
    0.220042      0.90459       0.3651
    0.482311    -0.314473    -0.817608
    0.837445    -0.108327     0.535678
   -0.257025    -0.943065     0.211107
   -0.431526     0.540157    -0.722506
   -0.889902    -0.123629     0.439079
    0.147849     0.832434     0.534036
    0.417168    -0.391643    -0.820114
     0.89439    0.0166972     0.446976
   -0.161362    -0.919966     0.357247
    0.404557     0.863749     0.300453
    0.904326    -0.426744   0.00914722
   -0.136117    -0.268007     0.953753
    0.418063    -0.120596    -0.900378
    0.899596   -0.0828331     0.428795
   -0.126292     -0.98924     0.073858
    0.442916    -0.362138    -0.820172
    0.886989    0.0436567     0.459723
   -0.130677    -0.931102     0.340549
    0.427901     0.166712    -0.888317
    0.896844     -0.20024     0.394429
   -0.112121    -0.965459    -0.235198
     0.45003    -0.150706    -0.880205
    0.885915   -0.0486894     0.461286
   -0.112375    -0.987379     0.111601
    0.468057    -0.140014    -0.872536
    0.873837   -0.0737675     0.480591
   -0.131654    -0.987398    0.0878218
    0.435367   -0.0749648    -0.897127
    0.895076   -0.0706694     0.440277
  -0.0964047    -0.994679    0.0363321
   -0.397034     -0.82207     0.408124
   -0.916388     0.379761    -0.126548
   0.0509582     0.424243     0.904113
   -0.398258    -0.695615     0.597922
   -0.915081     0.346342    -0.206579
   0.0633858     0.629418     0.774477
   -0.396157    -0.813509     0.425749
   -0.914897      0.38893     -0.10815
   0.0776059     0.432361     0.898355
   -0.402124    -0.783264     0.474125
   -0.912229     0.387048    -0.134285
   0.0783289     0.486509     0.870157
   -0.400439    -0.653569     0.642259
   -0.913665      0.33814    -0.225561
    0.069754     0.677132     0.732548
   -0.406257    -0.632558    -0.659413
   -0.909537      0.34923     0.225348
   0.0877409      0.69131    -0.717212
   -0.401245    -0.712996     0.575012
   -0.912652     0.364594    -0.184766
   0.0779082     0.598922     0.797009
   -0.408791    -0.457998    -0.789384
   -0.908952     0.281875     0.307168
   0.0818252      0.84308    -0.531527
   -0.405175    -0.579776    -0.706889
    -0.91109     0.320181     0.259613
   0.0758151     0.749229    -0.657958
   -0.399148    -0.665797     0.630392
   -0.913843     0.344855    -0.214398
   0.0746482     0.661656     0.746082
   -0.396509    -0.606746    -0.688941
   -0.914637     0.325559     0.239687
   0.0788617     0.725169     -0.68404
   -0.395277    -0.607713    -0.688796
    -0.91515     0.325108     0.238337
   0.0790927     0.724561    -0.684657
    0.418431     0.244464     -0.87473
    0.903787    -0.207413     0.374365
  -0.0899117    -0.947216    -0.307731
   -0.417232    -0.550579    -0.723035
   -0.905402     0.320564     0.278363
   0.0785183     0.770779    -0.632245
    0.413904     0.258644    -0.872804
    0.904895    -0.221422     0.363507
  -0.0992387    -0.940253    -0.325693
    -0.40559    -0.774432     0.485542
   -0.907605     0.404206    -0.113451
    0.108399     0.486695      0.86682
   -0.398569    -0.674648     0.621283
   -0.912645     0.358728    -0.195944
   0.0906785     0.645108     0.758692
   -0.390637    -0.795818     0.462683
   -0.916261     0.384567    -0.112129
   0.0886986      0.46774     0.879404
     0.39445     0.912998    -0.104135
    0.911904    -0.374944     0.166876
   -0.113313     0.160785     0.980463
    0.391699      0.88808     0.240594
    0.917402    -0.396949   -0.0283575
    -0.07032    -0.231829     0.970211
   -0.383979    -0.405981      -0.8293
   -0.919269     0.252353     0.302098
   0.0866306     0.878349    -0.470104
   -0.383502    -0.559656     -0.73465
   -0.920135     0.299781     0.251956
   0.0792254     0.772603    -0.629926
   -0.350527    -0.496328    -0.794222
   -0.932698     0.261855     0.248004
   0.0848794     0.827702    -0.554711
   -0.355091    -0.450969    -0.818864
   -0.930126     0.258221     0.261129
   0.0936862      0.85437     -0.51115
   -0.357505    -0.331808     -0.87298
   -0.930938     0.201145     0.304787
   0.0744645     0.921653    -0.380803
   -0.323075    -0.425345    -0.845402
   -0.942046     0.229875     0.244352
   0.0904027     0.875351    -0.474961
   -0.327937    -0.427842    -0.842264
   -0.941501     0.221317     0.254154
   0.0776697     0.876339    -0.475392
    0.289147     0.079149    -0.954007
    0.952958    -0.118445     0.279002
  -0.0909143    -0.989801    -0.109674
   -0.323571    -0.417249    -0.849238
   -0.940242     0.242377      0.23916
    0.106047     0.875875    -0.470741
    0.284189     0.257174    -0.923633
    0.953177    -0.179674     0.243251
   -0.103395    -0.949515    -0.296193
   -0.289181    -0.521175    -0.802964
   -0.949932     0.259921     0.173406
    0.118332     0.812907    -0.570245
    0.336394     0.087193    -0.937676
    0.939306     -0.10234     0.327463
   -0.067409    -0.990921    -0.116327
    0.290908    0.0876208     -0.95273
    0.954231   -0.0988047     0.282279
  -0.0694006    -0.991242    -0.112354
   -0.370103    -0.298204    -0.879828
    -0.92665     0.185688     0.326862
   0.0659023     0.936266    -0.345055
   -0.400632    -0.410279    -0.819247
   -0.913608     0.246597     0.323281
   0.0693885     0.877987    -0.473629
   -0.392045    -0.735451     0.552642
   -0.917212     0.358768    -0.173226
   0.0708708     0.574802     0.815218
   -0.479953       0.3561    -0.801771
    -0.83352    0.0999862     0.543367
    0.273659     0.929083     0.248828
   -0.451569     0.333322    -0.827636
   -0.860245    0.0835126     0.502995
    0.236777     0.939107     0.249027
    0.456282     0.207922    -0.865202
    0.856006    -0.368112     0.362969
   -0.243022    -0.906235    -0.345946
    0.484492     0.205384    -0.850344
    0.828926    -0.418415     0.371229
   -0.279552     -0.88473    -0.372967
    0.430018     0.202427    -0.879834
    0.878885    -0.316774     0.356673
   -0.206508    -0.926648    -0.314129
   -0.467619    -0.275672    -0.839844
   -0.849936     0.401186     0.341552
    0.242777      0.87353    -0.421906
    0.442478     0.179032    -0.878727
    0.876657    -0.292762     0.381788
   -0.188905    -0.939275    -0.286491
   -0.458603    -0.217342    -0.861653
   -0.868589     0.314457     0.382976
    0.187716     0.924056    -0.332991
   -0.491661    -0.325214    -0.807778
   -0.820403     0.483961     0.304501
    0.291905     0.812415    -0.504751
   -0.471436    -0.265596    -0.840956
   -0.847681     0.399522     0.349027
     0.24328     0.877406    -0.413489
   -0.492572    -0.402918    -0.771382
   -0.820412     0.510695     0.257128
     0.29034     0.759505    -0.582112
   -0.419582    -0.345363     -0.83945
   -0.896817     0.300612      0.32458
    0.140251      0.88902    -0.435858
    0.435919     0.106657    -0.893643
    0.890693    -0.193451     0.411392
   -0.128998    -0.975295    -0.179328
    0.418058     0.284075    -0.862861
     0.90489    -0.213878     0.368007
  -0.0800055    -0.934643    -0.346471
   -0.408876      -0.5165    -0.752362
   -0.908042     0.312467     0.278972
   0.0909992     0.797241    -0.596763
    -0.41059     0.480954    -0.774661
   -0.895515   -0.0527525     0.441894
    0.171665     0.875157     0.452361
    0.400765    -0.154046    -0.903137
    0.906726   -0.0745677     0.415076
   -0.131286    -0.985246     0.109793
    0.410702    -0.399753    -0.819464
    0.895397    0.0072773     0.445208
    -0.17201    -0.916594     0.360926
    0.426585    -0.319898    -0.845985
    0.881624   -0.0617313     0.467898
   -0.201904    -0.945439     0.255696
     0.39474     0.915165    0.0815715
    0.908722    -0.401981      0.11241
   -0.135664    -0.029753     0.990308
   -0.486976    -0.777274     0.398372
   -0.825483     0.558609    0.0808317
    0.285362     0.289486     0.913655
   -0.467737    -0.545235    -0.695659
   -0.851343     0.489464     0.188788
    0.237566     0.680547    -0.693122
    0.455195     0.888857    0.0522522
    0.859842     -0.45406     0.233453
   -0.231232    0.0613381     0.970963
    0.459647     0.838832     0.291695
    0.835872    -0.519591     0.177043
   -0.300072    -0.162442     0.939984
    -0.43903    -0.750485     -0.49399
   -0.883413     0.260327      0.38963
    0.163813    -0.607456     0.777279
    0.428232     0.881285     0.199886
    0.871855    -0.461097     0.165101
   -0.237668     -0.10357     0.965809
   -0.413694    -0.701369    -0.580464
   -0.895065     0.196741     0.400189
    0.166479    -0.685109     0.709161
     0.39587     0.889435    -0.228456
    0.905413    -0.336498     0.258838
   -0.153345     0.309313     0.938515
    0.435805     0.890805     0.128612
    0.846866    -0.454238     0.276561
   -0.304782    0.0116095     0.952351
    0.400517     0.909555    -0.110886
    0.889022     -0.35644     0.287387
   -0.221871     0.213683     0.951374
    0.414951     0.909507   -0.0247661
    0.857862     -0.38203     0.343694
   -0.303131     0.163862     0.938755
   -0.418585     -0.78806    -0.451384
    -0.90319     0.309208     0.297722
   0.0950512    -0.532307     0.841198
   -0.384242     -0.78474    -0.486355
   -0.918607     0.272297     0.286385
   0.0923045     -0.55681     0.825495
   -0.379049     -0.72092    -0.580169
   -0.924994     0.277145     0.259955
   0.0266161    -0.635188     0.771898
   -0.408653    -0.725834    -0.553324
   -0.912025     0.301625     0.277907
   0.0348178    -0.618213     0.785239
   -0.438052     0.619127    -0.651761
   -0.892738    -0.214527     0.396229
    0.105496     0.755421     0.646692
   -0.427195    -0.675342     -0.60118
   -0.903568     0.294831     0.310868
   0.0326953    -0.676009     0.736168
    0.442718    -0.289675    -0.848581
    0.889244    0.0203702     0.456979
    -0.11509    -0.956908      0.26661
    -0.44855      0.49333     -0.74527
   -0.877146   -0.0829637     0.473003
    0.171516     0.865876     0.469936
   -0.424045     0.545111    -0.723215
   -0.903659    -0.201879     0.377683
   0.0598779     0.813694     0.578201
    0.407151    -0.628671    -0.662571
    0.909684     0.344143     0.232466
   0.0818745    -0.697379      0.71201
   -0.418508     0.566827    -0.709619
   -0.903534    -0.339062     0.262037
   -0.092075     0.750829     0.654047
   -0.410585     0.586226    -0.698397
   -0.908372    -0.329539     0.257418
  -0.0792445     0.740097     0.667815
   -0.417722     0.428475    -0.801198
   -0.905241     -0.27175     0.326636
    -0.07777      0.86172     0.501389
   -0.422311     0.482631    -0.767282
    -0.90183    -0.309069     0.301957
  -0.0914093     0.819478     0.565774
   -0.415357    -0.679713     -0.60454
   -0.907874     0.351358     0.228718
  -0.0569469    -0.643846     0.763033
    0.419161    -0.216889    -0.881625
    0.905604     0.169072     0.388968
   0.0646956    -0.961443     0.267284
   -0.418689     0.369348    -0.829627
   -0.907308    -0.208975     0.364858
   -0.038612      0.90549     0.422608
   -0.411282    -0.427854    -0.804853
   -0.911344     0.176263     0.371999
  -0.0172955     0.886494    -0.462416
    0.424326     0.902307    0.0760877
    0.901708    -0.413358    -0.126722
   0.0828907     -0.12238     0.989016
   -0.411562     -0.54857    -0.727797
   -0.910294      0.20843     0.357661
  -0.0445071     0.809709    -0.585142
   -0.421625    -0.631868    -0.650366
   -0.904424     0.241481     0.351715
  -0.0651862     0.736498    -0.673291
    0.418215    0.0634873    -0.906127
     0.90834   -0.0248997     0.417491
  0.00394309    -0.997672   -0.0680814
   -0.411937    -0.380466    -0.827982
   -0.910899     0.195757     0.363238
   0.0238837     0.903839    -0.427206
   -0.417653    -0.735055    -0.534098
   -0.908515     0.346176     0.234013
  -0.0128792    -0.582972      0.81239
   -0.403805     0.588746    -0.700228
   -0.914616    -0.276943     0.294585
  -0.0204875     0.759395     0.650307
   -0.402843     0.438955    -0.803141
   -0.913556    -0.246507     0.323496
  -0.0559798     0.864033     0.500314
   -0.384607     0.502325    -0.774433
   -0.921486    -0.258228     0.290142
  -0.0542341      0.82522     0.562202
    0.381399    -0.619412    -0.686195
    0.924202      0.27128     0.268809
   0.0196479    -0.736706     0.675928
    0.398313     0.647248    -0.649936
     0.91423    -0.337586     0.224096
   0.0743641     0.683452     0.726198
   -0.410316     -0.50556    -0.758979
   -0.911422     0.199191     0.360047
  -0.0308432     0.839483     -0.54251
   -0.404422    -0.573654    -0.712295
    -0.91426     0.233224     0.331263
  -0.0239061     0.785193    -0.618789
   -0.392586    -0.451739    -0.801129
   -0.919419     0.214882     0.329386
    0.023352     0.865885    -0.499697
   -0.404788    -0.388648    -0.827708
   -0.914409      0.17391     0.365529
  0.00188471     0.904825     -0.42578
   -0.383187    -0.406021    -0.829647
   -0.922303      0.21706     0.319754
   0.0502566     0.887712    -0.457649
   -0.392129    -0.787311      0.47579
   -0.918529     0.363435    -0.155626
   0.0503924     0.498053     0.865681
   -0.388253    -0.768917     0.507963
   -0.918487     0.367797    -0.145285
   0.0751153     0.522964     0.849038
   -0.400547    -0.463936    -0.790143
   -0.915885     0.227923     0.330463
   0.0267778     0.856046    -0.516206
   -0.388376    -0.602545    -0.697212
   -0.915691     0.337173     0.218686
    0.103313     0.723363    -0.682695
    0.389015     0.161264    -0.907007
    0.916906    -0.163078     0.364266
  -0.0891699    -0.973345    -0.211303
   -0.400211     -0.65295      0.64303
   -0.914997     0.323841    -0.240641
   0.0511131     0.684678     0.727052
   -0.398427    -0.552211    -0.732338
    -0.91716     0.247373      0.31245
  0.00862252      0.79616    -0.605025
    0.646391    0.0510429    -0.761298
    0.599121    -0.651795     0.464992
   -0.472475    -0.756676    -0.451895
    0.655828    0.0915112    -0.749343
    0.600199    -0.665266     0.444053
   -0.457877    -0.740977    -0.491225
    0.645003     0.201847     -0.73704
     0.64125    -0.667569     0.378353
   -0.415656    -0.716666    -0.560018
   -0.650503    -0.297592    -0.698773
   -0.635023     0.717817     0.285454
    0.416643     0.629426    -0.655921
    0.658513     0.192499    -0.727533
    0.603889    -0.712049     0.358197
   -0.449086    -0.675226    -0.585142
   -0.644333    -0.338967    -0.685519
   -0.667396     0.686909     0.287644
    0.373387     0.642851    -0.668823
    0.656214     0.680854     0.325301
    0.632013    -0.731453     0.255999
   -0.412241   -0.0376041     0.910299
   -0.643348    -0.282758    -0.711443
   -0.669295       0.6589     0.343358
