   0.0462702    -0.932403     0.358447
   -0.997191   -0.0642697   -0.0384574
    0.058895    -0.355661    -0.932758
 -0.00359336     -0.87634     0.481679
   -0.998531   -0.0229015   -0.0491148
   0.0540724    -0.481148     -0.87497
  -0.0584756    -0.866649      0.49548
   -0.997339    0.0290745   -0.0668496
   0.0435293    -0.498071    -0.866043
  -0.0848405    -0.916592      0.39072
   -0.995479     0.061165   -0.0726701
   0.0427105    -0.395118    -0.917637
   -0.130865    -0.932475     0.336698
   -0.990153       0.1059   -0.0915569
   0.0497181    -0.345364    -0.937151
   -0.115231    -0.894707     0.431534
   -0.993041    0.0931301   -0.0720799
   0.0243016    -0.436837    -0.899213
   -0.145202    -0.918262    -0.368389
   -0.989192     0.127062    0.0731739
   0.0203845    -0.375033     0.926787
   -0.155923    -0.893071     0.422033
   -0.986929      0.12324    -0.103839
   0.0407245    -0.432707    -0.900614
    0.157235     0.975362    -0.154746
    0.987438    -0.152796    0.0402497
  -0.0156135      0.15913     0.987134
   -0.158367    -0.864291     0.477411
   -0.986753     0.121307    -0.107716
   0.0351853    -0.488145    -0.872053
   -0.154603    -0.858309     -0.48929
   -0.987975     0.135284    0.0748599
  -0.0019403    -0.494979     0.868903
   -0.155258    -0.912361     0.378804
   -0.987532     0.133247   -0.0838254
   0.0260047    -0.387095    -0.921673
    0.199775     0.742472     0.639395
    0.957536    -0.286376    0.0333662
   -0.207881    -0.605578     0.768154
    0.229669     0.952201     -0.20141
    0.947062    -0.170948     0.271754
   -0.224333     0.253161     0.941055
   -0.189918    -0.895559    -0.402375
   -0.960741    0.0850918     0.264075
    0.202255    -0.436731     0.876561
   -0.228139     0.606039    -0.762017
   -0.947421    0.0421853     0.317197
    0.224379     0.794316      0.56455
   -0.256996    -0.966169    0.0216917
   -0.936958       0.2546      0.23935
    0.236775   -0.0411879     0.970691
   -0.193654    -0.907114    -0.373688
    -0.96024    0.0971811     0.261715
    0.201089    -0.409512     0.889867
   -0.250575    -0.859606    -0.445298
   -0.939892     0.105791      0.32467
     0.23198    -0.499886     0.834445
   -0.228065    -0.812907    -0.535881
    -0.94894    0.0623843     0.309225
    0.217941    -0.579043     0.785628
    0.239333     0.728848    -0.641483
    0.945768   -0.0255421     0.323838
   -0.219644     0.684199     0.695434
   -0.265614    -0.890319     -0.36984
   -0.934112     0.142764      0.32719
    0.238504    -0.432378     0.869577
    0.253977     0.636533    -0.728232
    0.940414    0.0134845     0.339764
   -0.226091     0.771132      0.59518
   -0.261003    -0.605684    -0.751681
   -0.938411     0.341825    0.0504068
    0.226413     0.718542    -0.657597
   -0.187203    -0.822779    -0.536647
   -0.962399    0.0441535     0.268026
    0.196831    -0.566644     0.800108
    0.212562     0.743433    -0.634132
    0.956089   -0.0242326     0.292073
    -0.20177     0.668371     0.715939
    0.180694     0.699665    -0.691244
    0.966982   0.00203725     0.254835
   -0.179708     0.714468     0.676196
    -0.14602    -0.826351    -0.543896
   -0.973763    0.0230598     0.226392
    0.174537    -0.562683     0.808037
     0.15298     0.946121    -0.285397
    0.971206   -0.0905654     0.220358
   -0.182638     0.310889     0.932733
    0.104464     0.992505    0.0634133
    0.981721    -0.113109     0.153071
   -0.159096   -0.0462638     0.986179
  -0.0996212    -0.826307     -0.55434
   -0.982593  -0.00609675     0.185671
    0.156801    -0.563187     0.811316
   -0.150536    -0.921032    -0.359219
    -0.97158      0.07069     0.225908
    0.182676    -0.383017     0.905498
    0.106428     0.973784     0.201042
    0.982605    -0.133948     0.128629
   -0.152186    -0.183855     0.971101
  -0.0474794    -0.639797    -0.767076
   -0.989652     0.134231   -0.0507026
    0.135405     0.756731     -0.63955
   0.0519701     0.955908      0.28903
     0.99035   -0.0865657     0.108225
   -0.128473    -0.280617     0.951183
 0.000196737    -0.944428     -0.32872
    0.994015    0.0360952    -0.103108
   -0.109243     0.326732    -0.938782
     0.15216     0.986981   -0.0521062
    0.973228    -0.140434     0.181949
   -0.172263    0.0783967     0.981926
   -0.244036      -0.4478    -0.860187
   -0.948998     0.292858     0.116775
    0.199621     0.844813     -0.49643
   -0.246121    -0.582181    -0.774913
   -0.947699     0.312166    0.0664749
    0.203201     0.750745    -0.628563
    0.223169     0.238988    -0.945029
    0.959518    -0.224741     0.169756
   -0.171817    -0.944657    -0.279468
    0.215312     0.133885    -0.967324
    0.962452    -0.196775     0.186993
    -0.16531    -0.971264    -0.171226
    0.229149       0.2039    -0.951796
    0.957624    -0.222505     0.182886
   -0.174489    -0.953371    -0.246246
    0.192448   -0.0576211    -0.979614
    0.972026    -0.125779     0.198355
   -0.134644    -0.990383    0.0318034
   -0.202038     -0.62777    -0.751721
   -0.969811      0.23526    0.0641842
    0.136557     0.741995     -0.65635
   -0.175616    -0.313612     -0.93317
   -0.979524      0.15046     0.133774
   0.0984514     0.937555    -0.333613
   -0.178397    -0.555056    -0.812458
   -0.975822     0.205768    0.0736914
    0.126275     0.805961    -0.578344
   -0.164497    -0.502596    -0.848727
   -0.982079     0.163698    0.0934047
   0.0919903     0.848882    -0.520516
   -0.150601    -0.289206    -0.945346
   -0.984663     0.129086     0.117374
   0.0880854     0.948523    -0.304211
    0.209962     0.944071     0.254256
    0.968988    -0.235587    0.0745713
     -0.1303    -0.230714     0.964258
    0.185155     0.673167     0.715935
    0.978434    -0.194167   -0.0704746
  -0.0915699    -0.713544     0.694601
   -0.196412    -0.457358    -0.867321
    -0.97685     0.167746     0.132759
   0.0847714     0.873318    -0.479717
   -0.214177    -0.394343    -0.893656
   -0.969148     0.200039     0.143999
    0.121981     0.896927    -0.425021
    -0.22774    0.0185504    -0.973545
   -0.959364     0.166786     0.227601
    0.166596     0.985819   -0.0201873
   -0.219997     0.427012    -0.877076
   -0.962764    0.0497736     0.265723
    0.157122     0.902875     0.400162
    0.232213     0.662734    -0.711941
    0.952433  -0.00641727      0.30468
   -0.197353     0.748827       0.6327
   -0.243431     0.417949    -0.875248
   -0.948166    0.0874974     0.305494
    0.204263     0.904247     0.374985
   -0.213889     0.459392    -0.862097
    -0.96027    0.0630661     0.271853
    0.179256     0.885992     0.427651
   -0.176049    -0.905637     0.385783
    -0.98251     0.137507    -0.125559
   0.0606625     -0.40114    -0.914006
   -0.171485    -0.930843     0.322682
   -0.982835      0.13902    -0.121282
   0.0680354    -0.337941    -0.938705
    0.179996     0.758825    -0.625929
    0.978359   -0.0720847     0.193953
   -0.102057     0.647293     0.755378
   -0.143002    -0.939497     0.311281
   -0.987612     0.114928    -0.106835
   0.0645965    -0.322703    -0.944294
    -0.16137    -0.934198     0.318172
   -0.981124     0.117049    -0.153933
    0.106563    -0.337006    -0.935452
   -0.121183    -0.950311     0.286748
   -0.987078    0.0848573    -0.135927
     0.10484    -0.299514    -0.948314
   -0.124591    -0.920727     0.369783
   -0.989839     0.089603    -0.110405
   0.0685189    -0.379781    -0.922535
    0.186889   -0.0538241    -0.980905
    0.970415    -0.145254      0.19286
   -0.152861    -0.987929    0.0250855
    0.142151    -0.605506    -0.783043
    0.978477   -0.0335888     0.203603
   -0.149585    -0.795132     0.587699
    0.204528    -0.184715    -0.961274
    0.969259   -0.0989972      0.22525
   -0.136771    -0.977793     0.158789
   -0.214095    -0.341697    -0.915099
   -0.970833     0.177937     0.160693
    0.107922     0.922812    -0.369826
    0.202826    -0.608664    -0.767066
    0.975084    0.0536613     0.215249
  -0.0898525    -0.791611     0.604382
    -0.20524    -0.284224    -0.936532
   -0.977435     0.108393     0.181308
    0.049981     0.952611    -0.300057
    0.201239     0.119515    -0.972224
    0.977155   -0.0937465     0.190735
   -0.068347    -0.988397     -0.13565
   -0.186089    -0.830061     0.525709
   -0.982222     0.143701    -0.120789
   0.0247169     -0.53884    -0.842045
  -0.0860169    -0.891461     0.444858
   -0.994231      0.04809    -0.095874
   0.0640747    -0.450538    -0.890455
  -0.0272994    -0.865692     0.499832
   -0.998223  -0.00288641   -0.0595193
   0.0529681    -0.500568    -0.864075
   -0.037575    -0.975342     0.217475
   -0.995704    0.0181136   -0.0907998
   0.0846217    -0.219952    -0.971833
   0.0296294     -0.89203     0.451005
   -0.998063   -0.0510944    -0.035489
    0.054701     -0.44908    -0.891816
   0.0182348    -0.761863     0.647482
   -0.996876   -0.0636298   -0.0467956
    0.076851    -0.644606    -0.760643
   0.0594695    -0.774047     0.630329
   -0.995739   -0.0905768    -0.017284
   0.0704718    -0.626615    -0.776136
   0.0745881    -0.888041     0.453674
   -0.995753   -0.0909431   -0.0143052
   0.0539622     -0.45068    -0.891053
 -0.00380346    -0.997477   -0.0708881
    0.994787   0.00344957    -0.101914
   -0.101902    0.0709062    -0.992264
   0.0454507     0.997161    0.0600392
   -0.995289    0.0503537   -0.0828499
   0.0856379    0.0559908    -0.994752
  -0.0553268    -0.894965     0.442692
    -0.99043     0.105339    0.0891751
    0.126441     0.433521     0.892229
    0.113004      0.94853     0.295839
    0.983245    -0.149617      0.10413
   -0.143033    -0.279116     0.949545
   -0.084715    -0.971136    -0.222975
   -0.992318    0.0619802     0.107066
   0.0901557    -0.230332     0.968927
   -0.111274    -0.588548    -0.800768
    -0.99305    0.0969366    0.0667466
   0.0383402      0.80263    -0.595244
   -0.122036    -0.446456    -0.886445
   -0.991618    0.0930214    0.0896652
   0.0424267     0.889957    -0.454066
   0.0754721     0.649716    -0.756421
    0.996877   -0.0314883    0.0724173
   0.0232322    -0.759525    -0.650063
  -0.0712871    -0.806481     0.586947
    -0.99715    0.0430528   -0.0619522
  -0.0246935     0.589691     0.807252
   -0.085258    -0.492719    -0.866002
   -0.996115    0.0229269    0.0850232
  -0.0220378     0.869886     -0.49276
   0.0440901    -0.890455    -0.452929
    0.996296   0.00568565    0.0858058
    0.073831     0.455035    -0.887408
   0.0388473    -0.896743     0.440843
     0.99583  -0.00170007   -0.0912113
   0.0825426     0.442548     0.892938
   0.0125427    -0.947399    -0.319809
    0.990647   -0.0316862     0.132719
    0.135872     0.318482    -0.938141
   0.0480224    -0.578452     0.814302
    0.996885     -0.02331   -0.0753487
    0.062567     0.815384      0.57553
   0.0258737    -0.585045     0.810588
     0.99246   -0.0821471    -0.090969
    0.119808      0.80683     0.578508
    0.037815    -0.811699     -0.58285
    0.992965   -0.0349721     0.113127
    0.112208     0.583028    -0.804667
   0.0502972    -0.845169     0.532127
    0.995267  -0.00194521   -0.0971631
   0.0831544     0.534495     0.841071
   0.0147072    -0.863347    -0.504396
    0.990354   -0.0569301     0.126321
    0.137774     0.501389    -0.854182
   0.0130387    -0.637719     0.770159
    0.989941    -0.100282   -0.0997971
    0.140876     0.763713     0.629997
   0.0690183    -0.735728     0.673751
    0.994379  -0.00362049    -0.105817
   0.0802916     0.677267     0.731343
  -0.0996757    -0.633193    -0.767549
   -0.994778    0.0464096    0.0908984
  -0.0219345     0.772601    -0.634512
    0.132715     0.943632     0.303226
    0.991045    -0.121796   -0.0547307
   0.0147138    -0.307774     0.951346
    0.149462     0.265746    -0.952387
    0.987857   -0.0814702     0.132295
  -0.0424342    -0.960595    -0.274695
    0.127977     0.655472    -0.744298
    0.991196    -0.110215    0.0733675
  -0.0339422    -0.747134    -0.663806
   -0.169891    -0.670102     0.722565
   -0.984908     0.140055    -0.101687
   0.0330584     0.728936     0.683783
   0.0419762    -0.169994    -0.984551
    0.988482     0.150471    0.0161633
    0.145399    -0.973889     0.174352
   0.0218018     0.997528    0.0667954
    0.986853   -0.0107705    -0.161258
     0.16014    -0.069433     0.984649
   0.0265602    -0.175731     -0.98408
    0.981709     0.190241  -0.00747595
    0.188526    -0.965881      0.17757
   0.0418738    -0.164463    -0.985494
    0.983599     0.179987    0.0117565
    0.175442    -0.969823     0.169302
  0.00978506    -0.511029     0.859508
    0.979727    -0.167102    -0.110506
    0.200097     0.843165     0.499034
  -0.0346641    -0.914355    -0.403426
    -0.97656     0.116795    -0.180802
   -0.212436    -0.387703     0.896971
  -0.0135381     -0.73419      0.67881
   -0.973814      0.16376     0.157699
   -0.226943    -0.658899    -0.717181
  -0.0319312    -0.952922    -0.301529
   -0.970251      0.10199    -0.219572
   -0.239988    -0.285548      0.92783
  -0.0583604    -0.489425      0.87009
   -0.978199     0.202037    0.0480337
   -0.199299    -0.848319    -0.490546
   0.0562055     0.980858    -0.186437
    0.971609   -0.0967167    -0.215921
    0.229819     0.169008     0.958446
   -0.061737    -0.440263     0.895744
   -0.974071     0.222287    0.0421201
   -0.217657    -0.869918    -0.442571
   0.0125618     -0.29856     0.954308
   -0.971432      0.22255    0.0824131
   -0.236987    -0.928081    -0.287235
 -0.00610022     0.999808   -0.0186345
   -0.968449   -0.0105496    -0.248989
   -0.249138    0.0165277     0.968327
  -0.0292526    -0.967279    -0.252023
    0.965563   -0.0925532     0.243151
     0.25852     0.236231    -0.936676
  -0.0382494     -0.88879     0.456716
     0.96912    -0.144415    -0.199875
    0.243604     0.434967     0.866868
   0.0160409     0.970502    -0.240559
   -0.977872    0.0654176     0.198712
   -0.208587    -0.232049    -0.950076
  -0.0256006    -0.807834     0.588854
    0.977871    -0.142584    -0.153094
    0.207635     0.571904     0.793608
 -0.00638376    -0.591751     0.806095
    0.985315     -0.14127   -0.0959027
    0.170628     0.793645     0.583963
  0.00492944    -0.919873    -0.392186
    0.985786   -0.0613922     0.156386
    0.167932     0.387383    -0.906495
  -0.0168369    -0.908944    -0.416579
    0.983649   -0.0897748     0.156125
    0.179308     0.407139    -0.895593
    0.038258    -0.487366     0.872359
    -0.96951     0.193358     0.150543
   -0.242047    -0.851521    -0.465108
  -0.0019466   -0.0658398     0.997828
    0.974801    -0.222708   -0.0127932
    0.223066     0.972659    0.0646142
  -0.0256079    -0.521711     0.852738
     0.97174    -0.213226    -0.101272
    0.234661     0.826046     0.512428
   0.0188082    -0.659901     0.751117
    0.978963    -0.140503    -0.147954
     0.20317     0.738099     0.643376
  -0.0480999     -0.32846    -0.943292
   -0.979727    -0.168362     0.108582
   -0.194479     0.929391    -0.313703
 -0.00665197    -0.837056     0.547077
    0.977798    -0.120032    -0.171766
    0.209444     0.533788      0.81927
   -0.063502    -0.354655    -0.932838
   -0.983382    -0.137062     0.119052
   -0.170079     0.924896    -0.340058
   0.0326226    -0.918103    -0.394996
    0.984787   -0.0379622      0.16957
    0.170678     0.394519    -0.902897
   0.0790752     0.990994      0.10806
    0.987365   -0.0629276     -0.14543
     0.13732    -0.118195      0.98345
    0.083484     0.941649     0.326079
    0.982684   -0.0234763    -0.183796
    0.165416    -0.335776     0.927303
    0.107631     0.990088   -0.0902296
     0.98452    -0.118772    -0.128897
    0.138336    0.0749596     0.987545
    -0.12399    -0.946446     0.298104
   -0.984867      0.15404    0.0794242
   -0.121091    -0.283745    -0.951223
  0.00324176     -0.61772     0.786392
    0.983972    -0.138239    -0.112645
    0.178293     0.774152     0.607371
    0.038422    -0.384319       0.9224
    0.989489    -0.114153   -0.0887784
    0.139414     0.916116     0.375894
  -0.0279233    -0.890836     0.453466
    0.976641    -0.121002     -0.17757
    0.213056     0.437916     0.873405
  -0.0471527     -0.84227      0.53699
    0.968384    -0.170383    -0.182214
    0.244967      0.51142     0.823675
  -0.0412933    -0.663638     0.746913
    0.969265    -0.208064     -0.13128
    0.242529     0.718536     0.651833
  -0.0589637    -0.997985    0.0234491
    0.963844   -0.0508004     0.261581
    0.259862    -0.038025    -0.964897
   0.0504549     0.978627    -0.199356
   -0.963904    0.0999656     0.246772
   -0.261427    -0.179709    -0.948346
  -0.0547739     -0.77052     0.635058
    0.965784     0.120588     0.229609
    0.253499    -0.625905    -0.737551
   -0.159269    -0.904801     0.394927
   -0.984833     0.173504  0.000336499
  -0.0688259    -0.388884    -0.918712
   -0.141853    -0.865039     0.481234
   -0.985998    0.0804173    -0.146088
  -0.0876726     0.495218     0.864333
   -0.174935    -0.788205    -0.590026
   -0.983735     0.164743    0.0715879
  -0.0407767    -0.592953     0.804204
   -0.160664     -0.84145     0.515896
   -0.985977     0.160724   -0.0449123
  -0.0451254    -0.515877    -0.855473
    -0.15913    -0.478163    -0.863735
   -0.986579    0.0445886     0.157079
  -0.0365964     0.877139    -0.478841
   -0.189801    -0.911607    -0.364621
   -0.981822     0.176723    0.0692478
 -0.00131008    -0.371136     0.928578
    0.197003      0.58743     -0.78493
    0.980332    -0.127682      0.15049
  -0.0118188    -0.799139     -0.60103
   -0.164431     -0.83833     0.519774
   -0.986238     0.148936   -0.0717833
  -0.0172347    -0.524424    -0.851283
    0.180795     0.678267    -0.712227
    0.983263     -0.14123       0.1151
  -0.0225192    -0.721116    -0.692448
    0.135601    -0.615443     0.776429
    0.990398    0.0629293    -0.123088
   0.0268937     0.785665     0.618067
   0.0967811    -0.610856     0.785804
    0.991914  -0.00592873    -0.126775
      0.0821     0.791719     0.605343
    0.119244     0.660005    -0.741737
    0.988687   -0.0104732     0.149625
   0.0909849    -0.751188    -0.653788
   -0.158171    -0.868647     0.469505
    -0.98712      0.15067   -0.0537893
  -0.0240164    -0.471965     -0.88129
    -0.16217    -0.910395     0.380633
   -0.985698     0.167376   -0.0196312
  -0.0458369    -0.378373    -0.924518
   -0.156243     -0.80236    -0.576027
   -0.986165     0.159422    0.0454275
   -0.055382    -0.575155     0.816167
    -0.14344    -0.871188     0.469528
    -0.98622     0.165346   0.00550192
  -0.0824276    -0.462269      -0.8829
   -0.152101    -0.798531     -0.58242
   -0.984965     0.171301    0.0223631
  -0.0819114    -0.577065      0.81258
   -0.132964    -0.910291     0.392035
   -0.985394     0.163876     0.046305
   -0.106396    -0.380152    -0.918784
   -0.114987    -0.868424     0.482304
    -0.98829     0.149037    0.0327319
   -0.100306    -0.472893    -0.875392
   -0.132939     -0.80168    -0.582783
   -0.985509     0.169421  -0.00825121
    -0.10535    -0.573241     0.812586
  -0.0780295    -0.825118     0.559546
   -0.986508     0.144929    0.0761448
   -0.143923    -0.546055    -0.825294
  -0.0586691    -0.869023     0.491281
   -0.981551     0.139928     0.130301
   -0.181979    -0.474572      -0.8612
  -0.0624121    -0.907326     0.415769
    -0.98526     0.122491      0.11941
   -0.159271    -0.402188    -0.901597
   0.0235353    0.0582605    -0.998024
    0.978239     0.204508    0.0350071
    0.206144     -0.97713   -0.0521796
  -0.0389149    -0.979804     0.196139
   -0.983594    0.0721626     0.165335
    -0.17615    -0.186487    -0.966537
-6.38143e-05    -0.894034       -0.448
   -0.979635    0.0900088    -0.179483
   -0.200788    -0.438865     0.875832
    0.018892     0.136689    -0.990434
   -0.973209    -0.224518   -0.0495491
   -0.229143     0.964836     0.128786
   -0.028547    -0.943401     0.330422
   -0.987053    0.0787993     0.139706
   -0.157836    -0.322156    -0.933436
  0.00878029    -0.902711     0.430158
   -0.985678    0.0646355     0.155761
   -0.168411    -0.425365    -0.889215
  0.00316693    -0.969775     -0.24398
    -0.98822    0.0342954    -0.149146
   -0.153005    -0.241578     0.958243
    -0.05058     -0.94663      0.31833
   -0.987566     0.094909     0.125318
   -0.148843    -0.308033     -0.93966
  -0.0796377    -0.910931     0.404799
    -0.98649     0.130344    0.0992412
   -0.143165    -0.391427    -0.909004
   0.0973413    -0.203129    -0.974301
    0.983598     0.169001    0.0630354
    0.151854    -0.964457     0.216248
   -0.119933    -0.811498     0.571915
   -0.984109     0.173155    0.0393211
   -0.130939    -0.558111     -0.81937
     0.10315     0.979036    -0.175635
     0.98562    -0.124366    -0.114399
    0.133844     0.161309     0.977786
   0.0619541    -0.581528     0.811164
    0.987457   -0.0825426    -0.134594
    0.145226     0.809328      0.56912
 -0.00153276     -0.72827     0.685288
   -0.989424     0.100502     0.104592
   -0.145044     -0.67788    -0.720722
     0.47299     0.231787    -0.850033
    0.867786    -0.289441     0.403944
   -0.152406    -0.928708    -0.338044
   -0.550656    -0.310356    -0.774891
   -0.829085     0.311144      0.46455
   0.0969268     0.898258    -0.428646
   -0.519335    -0.704151     0.484212
   -0.851514     0.474272    -0.223585
   0.0722106     0.528429     0.845901
   -0.573927    -0.258442    -0.777055
   -0.817822     0.229699     0.527641
   0.0421239     0.938321     -0.34319
   -0.591452     -0.52566    -0.611446
   -0.804043     0.441674     0.398043
   0.0608248     0.727053    -0.683882
    0.548729     0.236848    -0.801748
    0.835242    -0.196151     0.513707
  -0.0355932     -0.95154    -0.305459
     0.59887     0.195962    -0.776501
    0.799782    -0.196331     0.567278
  -0.0412863    -0.960757    -0.274303
     0.58508     0.192008    -0.787918
    0.810529    -0.170698     0.560273
   -0.026919    -0.966434    -0.255499
    0.582767      0.78612     0.205906
    0.810968    -0.578831   -0.0853519
  -0.0520881    -0.216724     0.974842
    0.608682     0.274415    -0.744448
      0.7914    -0.276809     0.545035
  -0.0565045    -0.920909     -0.38566
   -0.586826    -0.809659   0.00938078
   -0.806794     0.585654    0.0780495
   0.0686874   -0.0382332     0.996905
    -0.59194    -0.696701    -0.405235
   -0.801436     0.455467     0.387621
   0.0854847    -0.554218      0.82797
    0.564098    -0.276608    -0.777998
    0.825425     0.164222     0.540098
  -0.0216305    -0.946847     0.320957
    0.570796    -0.345153    -0.745024
    0.820135     0.195881     0.537595
  -0.0396169    -0.917878      0.39488
   -0.552304   -0.0245343    -0.833282
   -0.832995     0.055622     0.550477
   0.0328433      0.99815   -0.0511572
    0.535272     0.257646    -0.804427
    0.844339    -0.190256     0.500894
  -0.0239935    -0.947323    -0.319379
    -0.51441    -0.352644     -0.78168
   -0.857087     0.241189     0.455225
   0.0279999     0.904141    -0.426316
   -0.472911    -0.324153    -0.819317
   -0.880606     0.205337     0.427048
   0.0298073     0.923451    -0.382558
   -0.445093    -0.413651    -0.794219
   -0.894138     0.253909     0.368846
   0.0490861     0.874313    -0.482875
   -0.489061    -0.254516    -0.834291
   -0.870438     0.204032     0.448006
   0.0561977       0.9453    -0.321324
   -0.399148    -0.369463    -0.839153
   -0.913382     0.240174     0.328711
   0.0800959     0.897671    -0.433326
    0.388047      0.22739    -0.893148
    0.919609    -0.159814     0.358856
  -0.0611367      -0.9606    -0.271126
   -0.361516    -0.433592    -0.825412
   -0.929571     0.236114     0.283104
   0.0721398     0.869625    -0.488413
   -0.304464    -0.337234    -0.890828
   -0.947887     0.199439     0.248465
   0.0938748     0.920053    -0.380382
   -0.444803    -0.296777    -0.845029
   -0.888368     0.266088     0.374164
    0.113809     0.917126    -0.382005
    0.556036     0.781686    -0.282472
    0.819854    -0.459969     0.340981
   -0.136612     0.421183     0.896628
    0.541305     0.812788    -0.215324
      0.8318    -0.480215     0.278394
   -0.122873     0.329803     0.936019
    0.461672     0.185673    -0.867401
    0.862768    -0.321221     0.390446
   -0.206132    -0.928624    -0.308491
    0.484833    0.0601443    -0.872536
    0.844534    -0.291554     0.449176
   -0.227377    -0.954662    -0.192149
   -0.459492     0.441211    -0.770844
   -0.871775   -0.0579932     0.486462
    0.169929     0.895528     0.411284
    0.407484     0.131491    -0.903696
    0.873598    -0.344426     0.343797
   -0.266051    -0.929559    -0.255219
    0.393076    -0.107384    -0.913214
    0.887293    -0.216279     0.407351
   -0.241252    -0.970408    0.0102668
    0.349939     0.214169    -0.911962
     0.88961    -0.380979     0.251891
   -0.293491    -0.899437    -0.323846
    0.441594   -0.0822167     -0.89344
    0.849111    -0.283384     0.445762
   -0.289836    -0.955476   -0.0553297
   -0.378023   -0.0184806    -0.925612
   -0.866651      0.35869     0.346782
    0.325599     0.933274    -0.151609
   -0.407757     0.263785    -0.874158
   -0.840815     0.264829     0.472119
     0.35604     0.927514     0.113808
   -0.381098     0.309699     -0.87112
   -0.902048    0.0819876     0.423777
    0.202664     0.947293     0.248118
    0.315951     0.166569     -0.93404
     0.91454     -0.31554     0.253084
   -0.252571    -0.934178    -0.252029
    -0.30333    -0.458551    -0.835297
   -0.929101     0.336959     0.152415
    0.211571     0.822307     -0.52825
   -0.364158     0.358812    -0.859443
   -0.914868    0.0349546     0.402236
    0.174369     0.932755     0.315537
   -0.446603     0.341158    -0.827138
   -0.882732   -0.0171032     0.469566
     0.14605      0.93985      0.30879
   -0.434113     0.478606    -0.763205
   -0.892057    -0.110242     0.438271
    0.125622     0.871081     0.474802
   -0.512643     0.370079    -0.774751
   -0.854067     -0.12717     0.504379
   0.0881355     0.920255     0.381265
    0.537055     0.789839    -0.296187
    0.837591    -0.457656     0.298317
   -0.100071     0.408297     0.907348
   -0.515714     0.522458    -0.679026
   -0.853708    -0.246526     0.458701
   0.0722547     0.816249     0.573163
    0.313496       0.3754    -0.872236
    0.943578    -0.226337     0.241726
   -0.106675    -0.898803    -0.425175
   -0.355968    -0.753227     0.553115
   -0.928517     0.351943    -0.118292
    0.105564     0.555685     0.824664
    0.351874     0.870599    -0.343863
    0.928972    -0.279715     0.242426
   -0.114873     0.404743     0.907187
   -0.422156    -0.815631    -0.395639
   -0.902678     0.338061     0.266246
   0.0834083    -0.469532     0.878967
    -0.42433    -0.905503  -0.00283777
   -0.902757     0.422794    0.0792175
   0.0705319   -0.0361762     0.996853
   -0.429272     0.389284    -0.814974
    -0.89787   -0.0862838     0.431722
   0.0977431     0.917068     0.386566
    0.484185     0.816474    -0.314541
    0.873874    -0.433299     0.220445
  -0.0436977     0.381605     0.923292
   -0.491515    -0.749619     0.443265
   -0.869464     0.451304    -0.200892
    0.049455     0.484144     0.873589
    0.517997      0.24626    -0.819168
    0.855004    -0.177555     0.487281
  -0.0254501    -0.952801    -0.302526
    0.469652     0.832328     0.294378
    0.881766    -0.458761    -0.109666
  -0.0437708    -0.311077     0.949376
   -0.510169    -0.559353    -0.653339
   -0.859819     0.350205     0.371576
   0.0209604     0.751319    -0.659606
   -0.508689    -0.703855     0.495806
   -0.860815     0.426024     -0.27839
   0.0152794     0.568411     0.822603
    0.496284    -0.153098    -0.854555
    0.866282    0.0226151     0.499043
  -0.0570764    -0.987952     0.143849
    0.529075   -0.0504315    -0.847075
    0.848013  -0.00490006     0.529952
   -0.030877    -0.998716     0.040174
    0.427507     0.898171    -0.102605
    0.897818     -0.40857     0.164296
   -0.105644     0.162358      0.98106
    0.357102      0.92517     0.128599
    0.921804    -0.371293     0.111441
    -0.15085   -0.0787475     0.985415
    0.352459     0.905916    -0.234709
     0.92572    -0.300748     0.229333
   -0.137168     0.298105     0.944626
   -0.297738    -0.624368    -0.722161
   -0.942074     0.314537     0.116461
    0.154432     0.715004    -0.681851
    0.295103     0.337193    -0.893988
    0.937122    -0.284607     0.201993
   -0.186324    -0.897385     -0.39998
   -0.306244    -0.516561    -0.799612
   -0.943118     0.278808     0.181091
    0.129394     0.809587    -0.572561
   -0.481759    -0.390326    -0.784573
   -0.875687     0.248027     0.414312
   0.0328784     0.886638    -0.461293
   -0.482672    -0.428362    -0.763893
   -0.875311     0.265119     0.404404
    0.029291     0.863839    -0.502916
   -0.394267    -0.467315    -0.791309
   -0.915382     0.275989     0.293097
    0.081424     0.839909    -0.536585
   -0.403244    -0.539373    -0.739237
   -0.911183     0.311257     0.269934
   0.0844978      0.78243     -0.61698
   -0.423772    -0.570775    -0.703302
   -0.903737     0.318421     0.286124
   0.0606341     0.756851    -0.650769
   -0.284165    -0.320552     0.903602
   -0.951245     0.212147    -0.223889
    0.119929     0.923168     0.365208
   -0.309255     -0.39372    -0.865648
   -0.945545     0.224481     0.235698
    0.101522     0.891399    -0.441702
    0.220793    -0.396831     0.890941
    0.968541     0.196733    -0.152397
   -0.114801     0.896561     0.427785
    0.301803     0.527705    -0.794004
      0.9425    -0.290557     0.165139
   -0.143558    -0.798188    -0.585053
    0.196844    -0.456497     0.867677
    0.970224     0.218088    -0.105369
    -0.14113     0.862582     0.485834
    0.213503     -0.51847     0.828013
    0.961849     0.259965   -0.0852319
   -0.171065     0.814621     0.554193
   -0.347689    -0.357347    -0.866842
    -0.93349     0.218507     0.284344
   0.0878015     0.908052    -0.409552
   -0.247115    -0.275972     0.928856
   -0.963285     0.173795    -0.204639
    0.104955     0.945323     0.308787
   -0.437636    -0.260547    -0.860575
   -0.898057     0.173877     0.404054
   0.0443588     0.949675    -0.310081
   -0.514624  -0.00716642    -0.857386
    -0.85695    0.0372767      0.51405
   0.0282766     0.999279   -0.0253247
   -0.492296    -0.533038    -0.688124
   -0.870016     0.325651     0.370168
   0.0267747     0.780911    -0.624068
   -0.402692     0.475785    -0.781964
   -0.826854     0.177356     0.533721
    0.392622     0.861495     0.321985
    0.358648     0.103425    -0.927726
     0.85928    -0.424869     0.284823
   -0.364704    -0.899327    -0.241249
    0.362655     0.908399    -0.208069
    0.850271    -0.231135     0.472881
   -0.381472     0.348408     0.856207
   -0.403311    -0.848021    -0.343803
   -0.814955     0.162002     0.556421
     0.41616    -0.504595     0.756436
   -0.321471    -0.820701    -0.472342
   -0.888626    0.0891533     0.449885
     0.32711     -0.56436     0.757956
    0.389562     0.868479     -0.30657
    0.842437    -0.201486     0.499703
   -0.372212     0.452931      0.81013
     0.35945     0.878602     -0.31441
     0.87653    -0.202303     0.436771
   -0.320142     0.432587     0.842839
   -0.409575    -0.807013    -0.425415
   -0.869805     0.204821     0.448874
    0.275114    -0.553875     0.785834
   -0.418466    -0.759728    -0.497694
   -0.799495     0.048139      0.59874
    0.430921    -0.648456     0.627544
   -0.428107     0.340344    -0.837192
   -0.831093     0.215607     0.512639
    0.354978     0.915249     0.190554
    0.454994     0.211843    -0.864929
     0.78931    -0.545622     0.281578
   -0.412274    -0.810814    -0.415465
   -0.333882    -0.864555     -0.37559
   -0.910178     0.192066     0.366998
    0.245152    -0.464387     0.851026
   -0.385307    -0.837318    -0.387862
   -0.901567     0.251957     0.351702
    0.196762    -0.485197     0.851979
   -0.377394    -0.770379    -0.513897
    -0.92133     0.256377     0.292271
   0.0934081     -0.58377     0.806528
    0.323606     0.910901    -0.256003
    0.931793    -0.259775     0.253532
   -0.164439     0.320587     0.932837
   -0.295547    -0.871685     0.390919
    -0.91824     0.372112     0.135529
    0.263604     0.318902     0.910392
   -0.279114    -0.358289    -0.890912
   -0.937409     0.302853     0.171886
     0.20823     0.883125    -0.420393
    0.293127    -0.370987    -0.881161
    0.915508      -0.1567     0.370527
   -0.275539    -0.915321     0.293709
   -0.324335    -0.396044    -0.859043
   -0.890008      0.43541      0.13529
    0.320455     0.808435    -0.493701
   -0.274336    -0.358893    -0.892152
   -0.933337     0.322774     0.157156
    0.231562     0.875793    -0.423517
    0.476928    -0.211131    -0.853208
    0.792271    -0.317061     0.521324
   -0.380587    -0.924606    0.0160574
    0.467758     0.162496    -0.868791
    0.832739    -0.410459     0.371577
   -0.296223    -0.897284    -0.327312
    0.515772     0.113117    -0.849225
    0.819005    -0.355991     0.450001
   -0.251414    -0.927618    -0.276254
    0.488115   -0.0695147    -0.870006
    0.804574     -0.35047     0.479407
   -0.338237    -0.933991     -0.11514
    0.512131   -0.0991964     -0.85316
    0.847996   -0.0994349     0.520592
   -0.136475    -0.990087    0.0331944
   -0.506074    -0.695151    -0.510543
   -0.837947     0.256074     0.481945
    0.204287    -0.671708     0.712092
   -0.520775    -0.734072    -0.435812
   -0.846805     0.379467     0.372727
    0.108233    -0.563154     0.819233
   -0.525605    -0.706055    -0.474579
    -0.84495     0.368351     0.387784
   0.0989856    -0.604817     0.790188
   -0.496365    -0.867901    0.0192221
   -0.807665     0.469807     0.356314
    0.318276    -0.161337     0.934168
   -0.495273    -0.766423    -0.409024
   -0.847322     0.322273     0.422121
    0.191706     -0.55564      0.80902
    0.463549     0.882214    0.0825816
    0.831059    -0.465205     0.304835
   -0.307348     0.072676     0.948818
   -0.506819    -0.696379    -0.508125
   -0.861532     0.388693     0.326619
   0.0299458    -0.603303      0.79695
    -0.51544    -0.775071    -0.365496
   -0.856829     0.472561     0.206229
  -0.0128771    -0.419466      0.90768
   -0.484829    -0.747762    -0.453644
   -0.867429     0.477434     0.140084
   -0.111835    -0.461421     0.880104
    -0.49565     0.575893    -0.650137
   -0.863173    -0.409578     0.295259
  -0.0962447     0.707526     0.700103
   -0.504447     0.552682    -0.663383
   -0.861839    -0.275482     0.425844
   0.0526059     0.786545     0.615289
   -0.474448    -0.710953    -0.519081
   -0.879193     0.412057     0.239226
  -0.0438129    -0.569872     0.820564
    0.430001       0.8765    -0.216442
    0.893295    -0.378305     0.242711
   -0.130855     0.297712     0.945645
   -0.445019    -0.400896    -0.800775
   -0.873175     0.392762     0.288624
    0.198806      0.82766    -0.524839
    0.436501     0.850824    -0.292514
    0.899275    -0.402556     0.171034
  -0.0277661     0.337707     0.940842
   -0.464036    -0.636306    -0.616267
   -0.839759      0.53741    0.0774354
   -0.281915    -0.553448     0.783721
    0.461416    -0.114294    -0.879791
    0.840193     0.374752     0.391965
    0.284904    -0.920053     0.268945
   -0.445818     0.389029    -0.806165
   -0.848683    -0.470028     0.242511
   -0.284577     0.792294     0.539709
   -0.449839     -0.66285    -0.598561
   -0.854964     0.513378    0.0740169
   -0.258226    -0.545044      0.79765
   -0.466561     0.478447    -0.743915
   -0.840923    -0.500658     0.205404
   -0.274172     0.721409     0.635924
   -0.453062     0.614975    -0.645399
   -0.865218    -0.477757     0.152137
   -0.214783     0.627339     0.748541
   -0.430318     0.604031      -0.6708
   -0.879683    -0.447277     0.161559
   -0.202447     0.659613     0.723827
   -0.414877    -0.783776    -0.462139
   -0.895654     0.441248    0.0557125
   -0.160252    -0.437031     0.885056
   -0.372285    -0.791394    -0.484871
   -0.924913     0.359729     0.123009
  -0.0770734    -0.494258     0.865892
   -0.459921     0.470729    -0.752919
   -0.860019    -0.447176     0.245766
   -0.220997     0.760558     0.610502
    0.399483     0.895119    -0.197929
    0.906363     -0.41804   -0.0612286
    0.137549     0.154936     0.978302
   -0.414999     0.293347    -0.861234
   -0.898372    -0.281828       0.3369
   -0.143891     0.913521     0.380493
   -0.428288    -0.796047    -0.427644
   -0.900347     0.416294     0.126783
     -0.0771    -0.439328     0.895012
   -0.371883    -0.819888    -0.435301
   -0.928241     0.324198     0.182384
  0.00841048    -0.471889     0.881618
   -0.465289     -0.76326    -0.448263
   -0.875499     0.471447     0.106016
   -0.130414    -0.441782     0.887593
   -0.467161       0.3777     -0.79944
    -0.86596     -0.37802     0.327435
   -0.178532     0.845248     0.503669
   -0.452355    -0.790556     -0.41279
   -0.859151     0.510448   -0.0360864
   -0.239236    -0.338325     0.910111
   -0.444546    -0.671792    -0.592515
   -0.859277     0.506667    0.0702328
   -0.253026    -0.540356     0.802492
   -0.468597    -0.733225    -0.492746
   -0.860978     0.503958    0.0688741
   -0.197823    -0.456518     0.867443
   -0.440936     0.500522    -0.745019
    -0.85063    -0.497879     0.168954
   -0.286364     0.708233     0.645291
    0.375239     0.901431     0.215913
    0.923846    -0.344725    -0.166351
   0.0755232    -0.261891     0.962138
     0.33756    -0.137353    -0.931229
    0.940589    0.0877684     0.328008
   0.0366797    -0.986626     0.158819
   -0.307604     -0.51476    -0.800251
   -0.950798     0.198915      0.23752
   0.0369163     0.833939     -0.55062
    0.334433    0.0280506    -0.942002
     0.94231   -0.0252303      0.33379
  -0.0144039    -0.999288   -0.0348701
    0.284644     0.167791    -0.943835
    0.954786    -0.137742     0.263459
  -0.0857992    -0.976152    -0.199411
    -0.28622    -0.379162    -0.879951
   -0.952389     0.213255     0.217893
    0.105037     0.900421    -0.422148
   -0.271553    -0.576958     -0.77031
   -0.951406      0.28169     0.124409
     0.14521     0.766661    -0.625415
   -0.309026    -0.624002    -0.717722
   -0.948042     0.262125     0.180297
   0.0756277     0.736147    -0.672584
    0.267504     0.269983     -0.92496
    0.945641    -0.257809     0.198234
   -0.184943    -0.927709    -0.324272
    -0.27548    -0.463837    -0.842001
   -0.949339     0.269049     0.162386
    0.151219     0.844078    -0.514455
    0.314842     0.946995    0.0638336
    0.945298    -0.318905    0.0686408
  -0.0853593   -0.0387307     0.995597
   -0.326643    -0.696482    -0.638919
   -0.945145     0.239005     0.222661
  0.00237458    -0.676602     0.736345
   -0.673898    -0.534869     0.509683
   -0.551955     0.823048     0.133931
    0.491129     0.191066     0.849874
     0.67886     0.214544    -0.702225
    0.551669    -0.780169     0.294956
   -0.484573    -0.587629    -0.647983
   -0.682271    -0.297709     -0.66774
   -0.602068     0.746929     0.282155
    0.414754     0.594531    -0.688849
    0.686723     0.158669    -0.709391
     0.60694    -0.662213     0.439429
   -0.400044    -0.732324     -0.55106
    -0.69548    -0.218905    -0.684389
   -0.549858     0.775284     0.310791
    0.462562     0.592466     -0.65956
   -0.675963    -0.553558     0.486464
   -0.659114      0.74939   -0.0631207
     0.32961     0.363302     0.871418
   -0.691089    -0.426663    -0.583399
   -0.611523     0.775434     0.157298
    0.385274     0.465469    -0.796808
    -0.67461    -0.535203     0.508388
     -0.6656     0.738823    -0.105432
