    0.042191    -0.927871     0.370506
   -0.997411   -0.0607312   -0.0385124
   0.0582358    -0.367922    -0.928031
 -0.00743085    -0.876279     0.481746
   -0.998539   -0.0192845   -0.0504802
    0.053525    -0.481417    -0.874856
   -0.062074    -0.868324     0.492097
   -0.997134     0.032588   -0.0682776
   0.0432507    -0.494925    -0.867859
  -0.0881304    -0.916148     0.391032
    -0.99518     0.064033   -0.0742699
   0.0430032    -0.395693    -0.917375
   -0.134096    -0.931693     0.337589
   -0.989676     0.108521   -0.0936161
   0.0505862    -0.346657    -0.936627
    -0.12604     -0.87763    -0.462471
     -0.9916    0.0978105    0.0846324
   0.0290414    -0.469253     0.882586
    -0.14892    -0.917574    -0.368621
   -0.988623     0.130183    0.0753441
   0.0211457    -0.375648     0.926521
   -0.158649    -0.893961     0.419123
   -0.986438     0.125426    -0.105869
   0.0420741    -0.430235    -0.901736
    0.160184     0.968514    -0.190584
    0.986947    -0.153898    0.0474384
  -0.0166143     0.195695     0.980524
   -0.160492    -0.867031     0.471699
   -0.986361     0.123191    -0.109164
   0.0365389    -0.482785    -0.874976
   -0.156664    -0.868454    -0.470366
   -0.987651     0.138286    0.0736341
 -0.00109726    -0.476094     0.879394
   -0.156597    -0.912715     0.377398
   -0.987278      0.13399   -0.0856132
   0.0275728    -0.386004    -0.922085
    0.196017     0.947799     0.251505
    0.960006     -0.23777     0.147832
   -0.199916    -0.212469     0.956499
    0.229081     0.953255    -0.197044
    0.946855    -0.171261     0.272278
   -0.225805     0.248945     0.941827
   -0.188404    -0.899164    -0.394978
   -0.960804    0.0854738     0.263723
     0.20337    -0.429183     0.880024
    -0.22771    -0.636487    -0.736908
   -0.947154   -0.0308185     0.319297
    0.225939    -0.770672     0.595833
   -0.257189    -0.966041    0.0248824
    -0.93641     0.255496     0.240536
    0.238725   -0.0385631     0.970321
    -0.19279    -0.910517    -0.365775
   -0.960204    0.0982863     0.261434
    0.202089    -0.401621      0.89323
   -0.250924    -0.879803    -0.403712
   -0.939339     0.120559     0.321105
    0.233838    -0.459795     0.856684
   -0.228146    -0.828988    -0.510615
   -0.948602     0.071122     0.308375
    0.219323    -0.554725     0.802607
     -0.2399    -0.741835    -0.626201
   -0.945239    0.0314575     0.324859
    0.221293    -0.669844     0.708759
   -0.267725    -0.397765    -0.877557
   -0.932753      0.33524     0.132612
    0.241444     0.854047    -0.460769
    0.254669      0.65136    -0.714754
     0.93974   0.00765156     0.341805
   -0.228107      0.75873      0.61016
    0.261933     0.617082    -0.742025
     0.93758    -0.344965    0.0440834
    -0.22877    -0.707254    -0.668921
   -0.187113    -0.834711    -0.517924
   -0.962265     0.049704     0.267537
    0.197574     -0.54844     0.812514
   -0.212971    -0.755875      0.61911
    -0.95574    0.0295203    -0.292728
     0.20299     -0.65405    -0.728707
    0.181359     0.720047    -0.669807
     0.96671  -0.00552013     0.255816
   -0.180502     0.693903     0.697078
   -0.146349    -0.843553     -0.51672
   -0.973705    0.0306524      0.22574
    0.174585     -0.53617     0.825858
    0.152158     0.945576    -0.287636
    0.971291   -0.0892109     0.220536
   -0.182873     0.312935     0.932003
   -0.104143    -0.994355   -0.0202993
   -0.981838     0.099535     0.161512
     0.15858    -0.036751     0.986662
  -0.0981371    -0.852289    -0.513782
   -0.982783   0.00178897     0.184753
    0.156544    -0.523068     0.837791
   -0.148725    -0.924399    -0.351236
   -0.971727    0.0707496     0.225259
     0.18338    -0.374807     0.908786
    0.103903     0.979019     0.175286
    0.982846     -0.12807     0.132709
   -0.152373     -0.15849     0.975532
  -0.0467356    -0.745787     0.664544
   -0.989807      0.12417    0.0697396
    0.134527     0.654511     0.743988
   0.0499337     0.971704     0.230864
    0.990557   -0.0777344     0.112935
   -0.127685    -0.223045      0.96641
-0.000910908    -0.959503    -0.281698
    0.994165    0.0295176    -0.103756
   -0.107869     0.280148    -0.953877
    0.149822     0.987137   -0.0558079
    0.973466    -0.137402     0.182987
   -0.172965    0.0817426      0.98153
   -0.244907    -0.474656    -0.845412
   -0.948322     0.298726        0.107
    0.201759     0.827928    -0.523287
   -0.246958    -0.603734    -0.757969
   -0.947043     0.316037    0.0568327
    0.205235     0.731865     -0.64981
    0.224354     0.112339    -0.968011
    0.958936    -0.202315     0.198772
   -0.173513    -0.972856    -0.153116
    0.215935     0.175112    -0.960577
     0.96201    -0.206479     0.178616
   -0.167061    -0.962654    -0.213046
    0.229793     0.237506    -0.943815
    0.957167    -0.230668     0.174997
   -0.176145    -0.943601    -0.280339
   -0.192691    0.0252672    -0.980934
   -0.971812     0.133472     0.194337
    0.135837      0.99073  -0.00116374
   -0.202266    -0.646312     0.735778
   -0.969599      0.23781   -0.0576505
    0.137715     0.725071     0.674764
   -0.175459    -0.333545    -0.926263
   -0.979481     0.153898     0.130121
   0.0991489     0.930088    -0.353704
   -0.178504    -0.574639    -0.798703
   -0.975663     0.208438    0.0680891
    0.127353     0.791419    -0.597861
   -0.164431    -0.520893    -0.837635
   -0.982038     0.166123    0.0894724
   0.0925452     0.837301    -0.538853
   -0.150295    -0.306319    -0.939989
   -0.984667     0.131549     0.114569
   0.0885602     0.942795    -0.321394
   -0.211896     -0.46329    -0.860501
   -0.967838     0.221654      0.11899
    0.135607      0.85804    -0.495357
   -0.184971    -0.689622     0.700148
   -0.978408     0.196077   -0.0653549
   0.0922124     0.697119        0.711
   -0.196476    -0.478172    -0.856007
   -0.976752     0.171798     0.128222
   0.0857478     0.861299     -0.50081
   -0.214762    -0.444864    -0.869467
   -0.968841     0.209505     0.132115
    0.123384     0.870749    -0.475996
   -0.228525  -0.00367707    -0.973531
   -0.958898     0.173622     0.224434
    0.168201     0.984806   -0.0432029
   -0.220953     0.451519    -0.864471
   -0.962284    0.0433169     0.268578
    0.158714     0.891209     0.424919
   -0.233041    -0.689467    -0.685804
   -0.951904    0.0174721     0.305898
    0.198924    -0.724106     0.660378
   -0.244193     0.436954    -0.865702
   -0.947576    0.0821979     0.308776
     0.20608      0.89572     0.393975
   -0.214841     0.511626    -0.831915
   -0.959803    0.0469243     0.276726
    0.180617     0.857926     0.480979
   -0.177838    -0.906363     0.383248
   -0.982085     0.138809    -0.127438
   0.0623069    -0.399045    -0.914812
   -0.173636    -0.930039      0.32385
   -0.982351     0.140348    -0.123648
   0.0695455    -0.339604    -0.937994
    0.181847     0.773253    -0.607463
     0.97787   -0.0772166      0.19444
   -0.103445     0.629378     0.770183
   -0.156802    -0.931877     0.327135
   -0.985042       0.1236    -0.120062
   0.0714486    -0.341068    -0.937319
   -0.163131    -0.933041      0.32066
   -0.980703     0.117857    -0.155983
    0.107747    -0.339918    -0.934263
    0.137604     0.978155    -0.155813
    0.984548    -0.117874     0.129506
   -0.108311     0.171226      0.97926
   -0.126686    -0.920176      0.37044
   -0.989541    0.0912646    -0.111709
   0.0689843    -0.380718    -0.922114
    0.188237    -0.114419    -0.975436
    0.969976    -0.134065     0.202909
   -0.153989    -0.984345    0.0857478
    0.143328    -0.650813    -0.745587
    0.978246   -0.0209998     0.206384
   -0.149975    -0.758948     0.633645
    0.205882      -0.2156    -0.954531
    0.968757   -0.0929355     0.229942
   -0.138285    -0.972049     0.189731
   -0.215025    -0.356592    -0.909179
   -0.970464     0.182289     0.158022
    0.109384     0.916304    -0.385256
    0.204446   -0.0884295    -0.974875
    0.974881   -0.0715073     0.210933
  -0.0883635    -0.993512    0.0715889
   -0.206407    -0.285205    -0.935978
   -0.977119     0.110268     0.181879
   0.0513354     0.952103    -0.301439
    0.201464     0.114958    -0.972726
    0.977028   -0.0940321     0.191242
  -0.0694826     -0.98891    -0.131262
   -0.187129    -0.837058     0.514118
   -0.981985     0.145426    -0.120648
   0.0262235    -0.527433    -0.849192
    -0.08816    -0.892066     0.443223
   -0.994053    0.0502343   -0.0966181
   0.0639247    -0.449105    -0.891189
  -0.0298467    -0.865994     0.499163
   -0.998176   -0.0003998    -0.060378
   0.0524865    -0.500055    -0.864402
  -0.0384792    -0.971325     0.234619
   -0.995711    0.0175002   -0.0908524
   0.0841414    -0.237109    -0.967832
   0.0268428    -0.889469     0.456207
   -0.998185   -0.0484634   -0.0357571
   0.0539141    -0.454419    -0.889155
    0.016866    -0.770052     0.637758
   -0.996944   -0.0616151   -0.0480313
   0.0762821    -0.634998    -0.768738
    0.056468    -0.784425     0.617647
   -0.996205   -0.0853042   -0.0172608
   0.0662277    -0.614329    -0.786266
   0.0713373    -0.883892     0.462219
   -0.996045   -0.0877294    -0.014037
   0.0529574    -0.459389    -0.886655
  0.00382074    -0.999181   -0.0402941
   -0.994885  -0.00786548     0.100705
     0.10094   -0.0397032       0.9941
   0.0452196     0.993539     0.104098
   -0.995416    0.0536041   -0.0792084
   0.0842767     0.100039    -0.991408
   0.0555314     0.956942     0.284919
    0.990518   -0.0887138     0.104904
   -0.125663    -0.276392     0.952794
      0.1135     0.971798     0.206704
    0.983229    -0.139757     0.117166
    -0.14275    -0.189939     0.971363
   0.0895622     0.990461    -0.104721
    0.991354   -0.0785284     0.105123
  -0.0958963     0.113231      0.98893
   -0.110621    -0.596365    -0.795054
   -0.993124    0.0971697    0.0652935
   0.0383164      0.79681    -0.603013
   -0.121516    -0.457851    -0.880685
   -0.991682    0.0939337    0.0879967
   0.0424366     0.884052    -0.465457
   0.0748474     0.656128    -0.750929
    0.996917   -0.0314681    0.0718705
   0.0235259    -0.753994     -0.65646
   0.0780343     0.199405    -0.976805
    0.996887  -0.00456958    0.0787058
   0.0112308    -0.979906    -0.199141
  -0.0846116    -0.499952     -0.86191
   -0.996162    0.0230006    0.0844493
  -0.0223962     0.865748    -0.499979
   0.0436768    -0.897283     -0.43929
     0.99631   0.00659955    0.0855789
   0.0738893     0.441407     -0.89426
   0.0384651    -0.902085      0.42984
    0.995827  -0.00102035   -0.0912551
   0.0827585     0.431556     0.898282
    0.012628    -0.956116    -0.292716
    0.990686   -0.0277293     0.133313
    0.135579     0.291673    -0.946861
    0.047433    -0.581132     0.812426
    0.996917   -0.0233478   -0.0749052
   0.0624982     0.813474     0.578233
   0.0257084    -0.586249     0.809723
    0.992516   -0.0817583   -0.0907059
    0.119378     0.805995     0.579759
   0.0414907    -0.221554    -0.974265
     0.99402     0.107729    0.0178336
    0.101006    -0.969179     0.224699
   0.0495818    -0.854429     0.517197
    0.995277  -0.00100148   -0.0970681
   0.0834557     0.519567     0.850344
   0.0145508    -0.885786    -0.463866
    0.990369   -0.0511149     0.128674
    0.137688     0.461271    -0.876511
   0.0125924    -0.663961     0.747661
    0.989923   -0.0971922    -0.102984
    0.141044     0.741424     0.656046
   0.0678648    -0.750185     0.657736
    0.994415  -0.00254454    -0.105505
   0.0808223     0.661223     0.745823
    0.103039      0.72683     0.679045
    0.994379   -0.0585407   -0.0882283
   0.0243752    -0.684318     0.728776
    0.131798     0.955174     0.265087
    0.991163    -0.122929   -0.0498489
   0.0150274    -0.269315     0.962935
    0.148841     0.293703    -0.944238
    0.987947   -0.0852234     0.129222
  -0.0425182     -0.95209    -0.302847
   -0.135638    -0.819393     0.556954
   -0.990009     0.133955   -0.0440265
    0.038532     0.557361     0.829376
   -0.169391    -0.728617     0.663645
   -0.984986     0.147921    -0.089008
   0.0333143     0.668758     0.742733
   0.0414667    -0.188247    -0.981246
    0.988643     0.149717    0.0130569
    0.144451    -0.970643     0.192317
   0.0217444     0.998809    0.0436712
    0.987006   -0.0144904    -0.160029
    0.159206   -0.0465835     0.986146
    0.026417    -0.206508    -0.978088
    0.981913     0.188864   -0.0133554
    0.187483    -0.960044     0.207762
   0.0413012    -0.170227    -0.984539
    0.983792     0.179019    0.0103174
    0.174495    -0.969007     0.174862
   0.0100639    -0.508611     0.860938
    0.979941    -0.166358    -0.109733
    0.199035     0.844772     0.496734
  -0.0340868    -0.912859    -0.406849
    -0.97676     0.116621     -0.17983
   -0.211607    -0.391264      0.89562
  -0.0134853    -0.740348     0.672089
   -0.974006     0.161726     0.158608
   -0.226119     -0.65248    -0.723284
  -0.0310339    -0.951751    -0.305298
     -0.9703     0.102001     -0.21935
   -0.239907    -0.289423     0.926649
  -0.0570822    -0.486973      0.87155
    -0.97839     0.201059    0.0482607
   -0.198734     -0.84996    -0.487927
   0.0546487     0.981291    -0.184609
    0.971689   -0.0948246    -0.216398
    0.229855     0.167557     0.958693
  -0.0597881     -0.43414     0.898859
   -0.974208     0.221659     0.042259
   -0.217586    -0.873149    -0.436195
   0.0118844    -0.343778     0.938976
   -0.971637     0.217828     0.092049
   -0.236179    -0.913437    -0.331439
 -0.00595302    -0.999403   -0.0340237
   -0.968461    0.0142374    -0.248758
   -0.249094   -0.0314697     0.967968
  -0.0283101    -0.972712    -0.230284
    0.965629   -0.0861605     0.245228
    0.258378     0.215426    -0.941718
  -0.0370465    -0.901918    -0.430315
    0.969332     -0.13712     0.203946
    0.242948     0.409562    -0.879338
  -0.0145404    -0.482793     0.875614
    0.978845    -0.185609   -0.0860859
    0.204084     0.855839     0.475279
  -0.0247253    -0.819637     0.572349
    0.978006    -0.138443    -0.156009
    0.207108     0.555903     0.805033
 -0.00584475    -0.608154     0.793797
    0.985389    -0.138628   -0.0989517
     0.17022     0.781621     0.600078
   0.0052729    -0.942986    -0.332792
    0.985904   -0.0507523     0.159431
    0.167231     0.328941    -0.929425
 -0.00560337    -0.991055    -0.133337
    0.984225   -0.0290449     0.174521
    0.176833     0.130256    -0.975584
   0.0382248    -0.564319     0.824671
     -0.9694     0.179327     0.167646
   -0.242492    -0.805845    -0.540196
  0.00263672   -0.0381141      0.99927
   -0.974641     0.223501    0.0110965
   -0.223761    -0.973958   -0.0365583
  -0.0256248    -0.590854     0.806372
    0.971702    -0.204196    -0.118742
    0.234817      0.78051     0.579366
   0.0178485     -0.72217     0.691485
     0.97887    -0.128281     -0.15924
    0.203702     0.679716     0.704621
   0.0529757    -0.541333     0.839138
    0.980223    -0.132262    -0.147206
    0.190673      0.83034     0.523621
 -0.00695217    -0.869432    -0.494003
    0.977774    -0.109432     0.178837
    0.209547      0.48178    -0.850869
  -0.0619376    -0.364808     -0.92902
   -0.983395     -0.13678     0.119273
   -0.170583     0.920981    -0.350279
   0.0315186    -0.958944    -0.281838
     0.98474   -0.0184932     0.173048
    0.171155     0.282992    -0.943727
   0.0748338     0.688967    -0.720919
    0.988751    0.0426215     0.143368
    0.129503    -0.723538    -0.678028
   0.0819531     0.990504     0.110384
    0.982646   -0.0618132    -0.174886
    0.166402    -0.122801     0.978381
    0.103721      0.27737    -0.955148
     0.98583    0.0986263     0.135694
     0.13184    -0.955688     -0.26321
   -0.122553    -0.945795     0.300752
   -0.984945     0.153133    0.0802154
   -0.121922    -0.286394    -0.950323
  0.00286577    -0.705764     0.708442
    0.983939    -0.124453    -0.127963
     0.17848      0.69743     0.694072
    0.037345    -0.382361     0.923258
    0.989463    -0.115182   -0.0877249
    0.139885     0.916806     0.374031
  -0.0274249    -0.906266     0.421817
     0.97673    -0.114088    -0.181612
    0.212713     0.407021     0.888306
  -0.0460648     -0.87101    -0.489101
     0.96857    -0.158754     0.191492
    0.244438     0.464908    -0.850947
   0.0407166     0.736295    -0.675435
   -0.969369     0.192977      0.15193
   -0.242208     -0.64856    -0.721599
   0.0578781     0.994337    0.0891259
   -0.963942     0.032434     0.264129
   -0.259743       0.1012     -0.96036
   0.0492239     0.986233    -0.157866
   -0.964018    0.0882542      0.25076
    -0.26124    -0.139842     -0.95509
  -0.0540926     -0.81471     0.577341
    0.965799     0.104147     0.237455
    0.253585     -0.57044    -0.781213
   -0.158436    -0.906712     0.390859
   -0.984982      0.17265   0.00124692
  -0.0686126    -0.384792     -0.92045
   -0.140496    -0.924968     0.353123
   -0.986154    0.0989998    -0.133039
  -0.0880982     0.366925      0.92607
   -0.174725    -0.834162    -0.523111
   -0.983788     0.169705    0.0579817
  -0.0404082    -0.524761      0.85029
   -0.163657    -0.829903     0.533364
   -0.985666      0.16001   -0.0534702
  -0.0409682    -0.534469    -0.844194
     -0.1582    -0.491982    -0.856111
   -0.986729     0.046651     0.155528
  -0.0365787     0.869354    -0.492834
   -0.190383    -0.913511    -0.359516
    -0.98171     0.177253    0.0694766
-0.000257807    -0.366168     0.930549
    0.197362      0.61816    -0.760872
    0.980249    -0.134446     0.145038
  -0.0126395    -0.774469    -0.632485
   -0.164575     -0.84322     0.511757
   -0.986231     0.149199   -0.0713247
  -0.0162112    -0.516449    -0.856165
    0.180404     0.697856     0.693146
    0.983323    -0.144464    -0.110482
  -0.0230346    -0.701518      0.71228
    0.145223     0.638991    -0.755381
    0.989088   -0.0746266     0.127025
   0.0247966    -0.765585    -0.642856
   0.0953536    -0.628928     0.771594
     0.99201  -0.00428459    -0.126085
   0.0826043     0.777452     0.623494
   -0.121919    -0.469138    -0.874669
   -0.988641   -0.0206341     0.148873
    -0.08789     0.882884    -0.461293
    -0.15884    -0.874191     0.458868
   -0.987031     0.151531   -0.0529855
  -0.0232131    -0.461333    -0.886923
   -0.161641     -0.91143     0.378374
   -0.985823     0.166621   -0.0197846
  -0.0450127    -0.376208    -0.925441
   -0.156285    -0.819116     0.551928
   -0.986174     0.160574   -0.0409386
  -0.0550921    -0.550696    -0.832886
   -0.141203    -0.842475     0.519902
   -0.986618     0.163004  -0.00382269
  -0.0815254    -0.513485    -0.854217
   -0.150617    -0.817061     0.556529
   -0.985211     0.170581   -0.0161979
  -0.0816984    -0.550738     -0.83067
   -0.130454    -0.910866     0.391543
   -0.985732     0.161529    0.0473471
   -0.106372    -0.379779    -0.918941
   -0.112914    -0.872593     0.475217
   -0.988509     0.147029       0.0351
   -0.100499    -0.465793    -0.879168
   -0.130934    -0.863842     -0.48645
   -0.985735     0.165774   -0.0290602
   -0.105744    -0.475706     0.873225
  -0.0762912    -0.832725     0.548405
    -0.98649     0.143007    0.0799141
   -0.144972    -0.534899    -0.832386
  -0.0632128    -0.948334    -0.310914
   -0.981772     0.115042     -0.15129
   -0.179241    -0.295683      0.93832
  -0.0609364    -0.909612     0.410965
   -0.985101     0.121144     0.122068
   -0.160821    -0.397404    -0.903442
   0.0224182    -0.062959    -0.997764
    0.978001     0.208414   0.00882324
    0.207392    -0.976012    0.0662462
  -0.0360257    -0.971675     0.233558
   -0.983663     0.075726     0.163317
   -0.176377    -0.223859    -0.958529
 0.000762742    -0.899958    -0.435977
    -0.97932    0.0875335    -0.182403
   -0.202318      -0.4271      0.88128
   0.0193579    -0.290637     0.956638
    -0.97299     0.214664    0.0849062
   -0.230033    -0.932443    -0.278632
  -0.0263319    -0.954656     0.296546
   -0.986823    0.0721998     0.144804
   -0.159649    -0.288825    -0.943977
   0.0091824    -0.905228     0.424826
   -0.985281     0.064332     0.158376
   -0.170697    -0.420028    -0.891313
  0.00156801      -0.9986   -0.0528789
   -0.987587    0.0067592     -0.15693
   -0.157068   -0.0524686     0.986193
  -0.0506315    -0.972458    -0.227514
   -0.986364    0.0844106    -0.141287
     -0.1566    -0.217258     0.963471
  -0.0778073    -0.912918     0.400659
   -0.986421     0.128796     0.101904
   -0.144633     -0.38729    -0.910543
  -0.0970208     -0.74878      0.65568
   -0.983712   -0.0280154    -0.177553
   -0.151317     0.662227     0.733866
   -0.117019    -0.823023     0.555823
   -0.984389     0.170211    0.0447902
   -0.131471    -0.541904    -0.830093
   -0.100707     -0.97583    -0.193943
   -0.985745     0.124272     -0.11342
    -0.13478    -0.179756     0.974434
   0.0616141     0.682133    -0.728628
    0.987158    0.0661509     0.145406
    0.147385     -0.72823    -0.669297
 -0.00167994    -0.768769     0.639524
   -0.989051    0.0956468     0.112379
   -0.147562    -0.632333    -0.760513
    0.471081     0.288014    -0.833745
    0.869682    -0.309627     0.384427
    -0.14743    -0.906189    -0.396341
   -0.548833    -0.409807    -0.728588
   -0.830997      0.36204      0.42234
   0.0906997     0.837249    -0.539248
   -0.514589    -0.489898    -0.703703
   -0.854643     0.359249     0.374867
   0.0691578     0.794318    -0.603553
   -0.576981    -0.396227    -0.714211
   -0.815733     0.323345     0.479613
   0.0409007     0.859332    -0.509779
   -0.588016    -0.424052     -0.68878
   -0.806557     0.371467     0.459867
   0.0608513     0.825949    -0.560451
   -0.547991     -0.42564    -0.720095
   -0.835812     0.313137     0.450959
   0.0335416     0.848985    -0.527351
   -0.596748    -0.527784     -0.60443
    -0.80128     0.432221     0.413685
    0.042911     0.731183     -0.68083
    0.581496     0.812866    0.0333274
    0.812873    -0.582195     0.016928
  -0.0331632   -0.0172474     0.999301
    0.579501     0.723248     0.375621
    0.813187     -0.54364    -0.207805
  -0.0539075    -0.425873     0.903176
    0.607258    -0.165697    -0.777034
    0.792191    0.0516966     0.608079
  -0.0605868    -0.984821     0.162657
    0.583681     0.750366     -0.31027
    0.808689    -0.502816     0.305284
  -0.0730656       0.4291     0.900297
   -0.591127    -0.708068    -0.386275
   -0.801773     0.463637     0.377096
   0.0879187    -0.532617     0.841778
    0.557485   -0.0327965    -0.829539
    0.829759   -0.0100593     0.558031
  -0.0266461    -0.999411    0.0216053
    0.566226    -0.156474    -0.809261
    0.823207    0.0579802     0.564773
   -0.041451    -0.985979      0.16164
    0.547898     0.773069    -0.319644
     0.83585    -0.490335     0.246832
  -0.0340856     0.402413     0.914824
   -0.528092     -0.33532    -0.780179
   -0.848769     0.237248     0.472551
   0.0266406     0.911742    -0.409898
    0.514003    0.0816448    -0.853894
    0.857377   -0.0796997      0.50848
  -0.0265403     -0.99347    -0.110966
   -0.473849    -0.226146    -0.851073
   -0.880053      0.15587     0.448566
   0.0312155     0.961542    -0.272879
    0.440091     0.195785    -0.876349
    0.897138    -0.137449     0.419823
  -0.0382582    -0.970966    -0.236136
   -0.490148    -0.496583    -0.716352
   -0.869558     0.335331     0.362521
   0.0601939     0.800599    -0.596169
   -0.398981     -0.34117    -0.851127
   -0.913703     0.226074     0.337694
    0.077207     0.912411    -0.401927
    0.388444     0.159241    -0.907609
    0.919962     -0.12339     0.372082
  -0.0527392    -0.979498    -0.194426
   -0.363623    -0.373319     -0.85347
   -0.929073     0.212058     0.303077
   0.0678413     0.903141    -0.423949
   -0.307621    -0.394695    -0.865786
    -0.94728     0.212724     0.239601
   0.0896038     0.893848    -0.439325
   -0.443605    -0.237406    -0.864206
   -0.889345      0.23584     0.391721
    0.110817     0.942347    -0.315756
   -0.544512    0.0186451    -0.838546
   -0.824779     0.169827     0.539349
    0.152464     0.985297    -0.077095
    0.526196     0.784762    -0.327515
    0.838554    -0.414895     0.353113
   -0.141226     0.460446     0.876382
    0.463927     0.172001    -0.869015
    0.861863    -0.314476     0.397866
   -0.204851    -0.933553    -0.294135
   -0.477052     0.520453    -0.708202
   -0.848917   -0.0642762     0.524603
    0.227511     0.851468     0.472484
   -0.461489     0.426311    -0.778002
   -0.871007   -0.0512143     0.488594
    0.168448     0.903126     0.394954
    0.409765    0.0947577    -0.907256
    0.873039    -0.328999     0.359948
   -0.264379    -0.939564    -0.217539
   -0.386479    -0.293745     -0.87427
   -0.890146     0.366907     0.270221
    0.241399     0.882663    -0.403277
    0.352428     0.165461    -0.921095
    0.889544    -0.364965     0.274796
   -0.290699    -0.916201    -0.275809
    0.443096    -0.148842    -0.884032
    0.848681    -0.248037     0.467139
   -0.288802    -0.957248    0.0164146
   -0.379775    0.0090023    -0.925035
   -0.866768      0.34594      0.35922
    0.323241     0.938213    -0.123576
   -0.408778     0.279438    -0.868801
   -0.841048     0.254241     0.477493
    0.354314     0.925892     0.131093
   -0.383784     0.318535    -0.866744
   -0.901418    0.0744558       0.4265
    0.200389     0.944982     0.258558
    0.319222     0.114944    -0.940683
    0.914152    -0.299042     0.273678
   -0.249846    -0.947292    -0.200537
    -0.30695    -0.447958    -0.839711
    -0.92847     0.334797     0.160792
    0.209105     0.829002    -0.518682
   -0.366955     0.366927    -0.854815
   -0.914172    0.0278073     0.404372
    0.172145     0.929834      0.32523
   -0.448079     0.332258    -0.829958
   -0.882288   -0.0146063     0.470484
    0.144199     0.943076     0.299692
     -0.4352     0.447673    -0.781147
   -0.891771   -0.0949632     0.442409
    0.123874      0.88914      0.44055
   -0.511879     0.347808      -0.7855
   -0.854593    -0.113064     0.506841
   0.0874715     0.930723     0.355109
     0.51901     0.832998    -0.191685
    0.846582    -0.469984      0.24983
   -0.118019     0.291941     0.949127
   -0.499239     0.495368    -0.710894
   -0.863322    -0.214569     0.456767
   0.0737318     0.841766     0.534784
    0.317119     0.379398    -0.869191
    0.942441    -0.228523     0.244095
   -0.106021    -0.896568    -0.430029
   -0.358836    -0.733275     0.577533
   -0.927464      0.34978    -0.132152
    0.105105     0.583063       0.8056
    0.354734     0.863585    -0.358309
    0.927999    -0.278506     0.247494
   -0.113941     0.420305     0.900201
   -0.422655    -0.806797    -0.412845
   -0.902427      0.33263     0.273831
   0.0836016    -0.488298     0.868663
    0.413383     0.761227     0.499648
    0.906591    -0.395241    -0.147907
  -0.0848904    -0.514119     0.853508
    0.423272      0.86062    -0.283149
    0.900863    -0.366547     0.232572
  -0.0963684     0.353519      0.93045
    0.481267     0.820961    -0.307254
    0.875378    -0.431811     0.217379
  -0.0457836     0.373581     0.926467
   -0.488587    -0.652336     0.579431
   -0.871037     0.403308    -0.280422
   0.0507592     0.641717      0.76526
   -0.512188    -0.291786     -0.80779
   -0.858401     0.205115     0.470187
    0.028496     0.934232    -0.355526
   -0.467655    -0.818867     0.332798
   -0.882707       0.4523    -0.127491
   0.0461265     0.353385      0.93434
   -0.507904    -0.779081     0.367513
    -0.86112     0.470351    -0.192983
   0.0225105      0.41449     0.909775
   -0.502886    -0.646779     0.573396
   -0.864121     0.391578    -0.316168
   0.0200388     0.654479     0.755814
    0.493838    -0.110625    -0.862488
     0.86734  -0.00806673      0.49765
  -0.0620102    -0.993829    0.0919661
    0.523807     0.022018    -0.851553
    0.851195   -0.0523373     0.522234
  -0.0330694    -0.998387   -0.0461563
    0.428245     0.901828    -0.057554
    0.897587    -0.417129     0.142619
    -0.10461     0.112735     0.988103
    0.359876     0.923864      0.13025
    0.921035    -0.374068     0.108475
   -0.148938   -0.0809267     0.985529
     0.35524     0.903029    -0.241544
     0.92489    -0.302067     0.230944
   -0.135587     0.305442     0.942508
   -0.301412    -0.627312    -0.718074
   -0.941176     0.316401      0.11865
    0.152768     0.711597    -0.685778
    0.298883     0.307873    -0.903263
    0.936368    -0.277194     0.215357
   -0.184077    -0.910152    -0.371131
   -0.309942    -0.518997    -0.796604
   -0.942055     0.280734     0.183632
    0.128329     0.807361    -0.575935
   -0.473687    -0.390608    -0.789333
   -0.879838     0.249381     0.404591
    0.038808     0.886135      -0.4618
    -0.47833    -0.257069    -0.839712
   -0.877263     0.183572     0.443521
   0.0401325     0.948798    -0.313325
   -0.389111    -0.464197    -0.795684
   -0.917513     0.272405     0.289769
    0.082238     0.842803    -0.531903
    0.418638     0.241169    -0.875545
    0.904593    -0.196018     0.378534
   -0.080332    -0.950481     -0.30022
    -0.41797    -0.542316    -0.728831
   -0.906393      0.30304      0.29431
   0.0612555      0.78362    -0.618213
   -0.307578    -0.385547    -0.869914
   -0.945045     0.230277     0.232083
    0.110842     0.893491    -0.435187
   -0.314881    -0.447024    -0.837269
   -0.945583     0.223953     0.236046
   0.0819907     0.866034    -0.493217
     0.22955    -0.437973     0.869187
    0.968369     0.192523    -0.158734
  -0.0978173     0.878131     0.468313
   -0.301273    -0.475152    -0.826719
      -0.944     0.270948     0.188286
    0.134533     0.837148    -0.530173
    0.221252    -0.369463     0.902521
    0.964688     0.218537     -0.14703
   -0.142912     0.903182     0.404769
    0.237172    -0.410138     0.880646
    0.956472     0.257245    -0.137788
    -0.17003     0.874993     0.453297
   -0.347343    -0.331801    -0.877075
   -0.935414      0.18841      0.29917
   0.0659848     0.924343    -0.375814
     0.25553     0.213837     0.942856
    0.961722    -0.156052    -0.225251
  -0.0989674    -0.964324     0.245528
   -0.452113    -0.607915    -0.652712
   -0.890754     0.345771     0.294957
     0.04638      0.71476    -0.697831
    0.507092      0.25753    -0.822518
    0.861325    -0.186022     0.472773
  -0.0312535    -0.948195    -0.316147
   -0.493968    -0.500535    -0.710957
   -0.868928     0.313315     0.383142
    0.030977      0.80703    -0.589697
   -0.403614     0.464292    -0.788371
   -0.827638     0.182033     0.530922
    0.390013     0.866774     0.310795
   -0.360572  -0.00732948    -0.932702
    -0.85989     0.390016     0.329359
    0.361355     0.920779    -0.146932
     0.36467     0.887131    -0.282868
    0.851313    -0.194586     0.487239
   -0.377203     0.418491     0.826186
   -0.404281    -0.827965    -0.388626
   -0.816233     0.134877     0.561757
    0.412699    -0.544317     0.730341
   -0.329705    -0.634342    -0.699218
   -0.885595     0.464442  -0.00376095
    0.327132     0.617984    -0.714899
    0.383889     0.898297    -0.213757
    0.843015    -0.246499     0.478084
    -0.37677     0.363732     0.851906
   -0.351607    -0.936133   0.00529223
   -0.880734     0.332705      0.33707
    0.317303    -0.113855     0.941465
   -0.410568    -0.796309    -0.444215
   -0.870768     0.197856      0.45013
    0.270551    -0.571616     0.774633
   -0.419355    -0.665164    -0.617818
   -0.801252   -0.0487397     0.596339
    0.426775    -0.745105     0.512525
    0.427815     0.167296    -0.888249
    0.829877    -0.462109     0.312665
    -0.35816      -0.8709    -0.336532
     0.45503      0.19409    -0.869066
    0.791728    -0.534876     0.295082
   -0.407571    -0.822336    -0.397052
    0.325852     0.939545    -0.105239
    0.914844    -0.285273     0.285798
   -0.238498     0.189405     0.952494
   -0.387345    -0.834515    -0.391852
   -0.901305     0.253359     0.351367
    0.193941    -0.489278      0.85029
   -0.379759    -0.772377    -0.509133
   -0.920325     0.259678     0.292521
   0.0937256    -0.579656     0.809453
    0.327257     0.910817    -0.251625
    0.930799    -0.264834     0.251943
   -0.162836     0.316662     0.934457
   -0.292618    -0.507859    -0.810218
   -0.917954     0.386515    0.0892531
    0.267833     0.769861    -0.579293
   -0.283181    -0.353386    -0.891587
   -0.936774      0.30119     0.178154
     0.20558     0.885666    -0.416334
   -0.296479     0.645203     -0.70414
   -0.915403    0.0182197     0.402126
    0.272282     0.763793     0.585219
   -0.327038    -0.375167     -0.86735
   -0.890256      0.43019     0.149599
       0.317     0.821089    -0.474683
   -0.278182    -0.339277    -0.898613
    -0.93288     0.318281     0.168621
    0.228802     0.885205    -0.405044
    0.475981    -0.134724    -0.869075
    0.794978    -0.356694     0.490694
   -0.376102    -0.924456   -0.0626768
    0.466066     0.172075    -0.867855
    0.835178    -0.409294     0.367363
   -0.291994    -0.896029    -0.334471
    0.511377     0.147456    -0.846611
    0.822374    -0.369869     0.432317
   -0.249388    -0.917308    -0.310407
    0.486048     -0.02322    -0.873624
    0.807222    -0.371134     0.458969
   -0.334889    -0.928289    -0.161645
    0.507152   -0.0817931    -0.857967
    0.850887    -0.110807      0.51353
   -0.137072     -0.99047    0.0134009
   -0.500788    -0.683316     -0.53131
   -0.841022     0.238979     0.485357
     0.20468    -0.689904     0.694362
   -0.513134    -0.770111    -0.378975
   -0.850876     0.398439     0.342427
    0.112708    -0.498172     0.859722
   -0.518469    -0.710389    -0.475959
   -0.848914       0.3608     0.386224
    0.102643    -0.604294     0.790123
    0.493002     0.869174    0.0385394
    0.810308     -0.47484     0.343406
    -0.31678     0.138071     0.938396
   -0.489518    -0.770711    -0.407892
   -0.850124     0.317706     0.419943
    0.194065    -0.552329     0.810723
    0.460662     0.881643     0.102447
    0.832533    -0.469221     0.294483
   -0.307699    0.0503661      0.95015
   -0.501124    -0.697282    -0.512515
   -0.864706     0.380189     0.328236
   0.0340208    -0.607662     0.793467
   -0.508184    -0.779711    -0.365786
   -0.861218     0.463621     0.208227
 -0.00722947    -0.420839     0.907106
   -0.479931    -0.748238    -0.458046
   -0.871069     0.468562     0.147271
    -0.10443    -0.469669     0.876644
   -0.491088     0.572446    -0.656611
   -0.866605    -0.397609     0.301502
  -0.0884808     0.717087     0.691345
   -0.500021     0.531976     -0.68336
   -0.864226    -0.255853     0.433188
   0.0556059     0.807181     0.587679
    -0.47203    -0.708518    -0.524586
   -0.880768     0.404587     0.246084
  -0.0378857    -0.578197     0.815017
    0.429974     0.877758    -0.211337
    0.893415    -0.379927     0.239718
   -0.130122     0.291884     0.947561
   -0.443701    -0.399406    -0.802249
   -0.874433     0.388941     0.289986
    0.196205     0.830181    -0.521827
    0.436625     0.852435    -0.287599
    0.899122     -0.40259     0.171758
  -0.0306277      0.33358     0.942224
   -0.463333    -0.628476    -0.624773
   -0.842465     0.531089    0.0905363
   -0.274911    -0.568298      0.77554
    0.460906    -0.110658    -0.880523
    0.842947     0.364843     0.395386
      0.2775     -0.92447     0.261437
     -0.4459     0.369195    -0.815394
   -0.851431    -0.455965     0.259155
   -0.276112     0.809809     0.517659
   -0.450206    -0.657078    -0.604619
    -0.85731     0.507407    0.0869309
   -0.249667    -0.557483     0.791757
   -0.473189     0.463677    -0.749063
   -0.838939    -0.496649     0.222534
   -0.268838     0.733719     0.624005
   -0.453082     0.607218    -0.652689
   -0.867406    -0.469244     0.165581
   -0.205727     0.641168     0.739311
    0.431604     0.846242    -0.312397
    0.878651    -0.472776   -0.0667527
    0.204183     0.245677     0.947603
   -0.416039    -0.786939    -0.455674
   -0.896483     0.438931    0.0604827
   -0.152413    -0.433667      0.88809
   -0.374145    -0.807586    -0.455873
   -0.924605      0.36278     0.116172
   -0.071563    -0.464967     0.882431
   -0.459244     0.465369    -0.756655
   -0.862282    -0.438225      0.25383
    -0.21346      0.76902     0.602531
    0.400209     0.901622    -0.164042
    0.907035    -0.415268   -0.0695631
    0.130841     0.120952     0.983998
   -0.408955     0.540242    -0.735456
    -0.90222    -0.360312     0.237012
    -0.13695      0.76047     0.634768
    -0.42888      -0.7983    -0.422822
   -0.900574     0.414569     0.130759
  -0.0709041    -0.436863     0.896729
   -0.373981    -0.825751    -0.422224
   -0.927364     0.327271     0.181354
   0.0115716    -0.459378     0.888165
    -0.46396    -0.762753    -0.450498
   -0.877389     0.465813     0.114924
   -0.122189    -0.448582      0.88535
   -0.464696      0.36345    -0.807441
    -0.86916    -0.361439     0.337523
   -0.169168     0.858642     0.483856
    -0.45433     0.542073    -0.706924
   -0.857364     -0.48155      0.18176
   -0.241892      0.68867     0.683537
   -0.443844    -0.665577    -0.600008
   -0.862093      0.49987      0.08322
   -0.244537      -0.5542     0.795653
   -0.465807    -0.731337    -0.498167
   -0.864409     0.496481    0.0793961
   -0.189265    -0.467603     0.863439
   -0.440592      0.49422    -0.749417
   -0.853388     -0.48965     0.178808
   -0.278581     0.718325     0.637497
    0.375852     0.885649     0.272692
    0.923931    -0.335495    -0.183835
   0.0713266    -0.321043     0.944375
    0.339509   -0.0449104     -0.93953
    0.940026    0.0511662     0.337243
   0.0329265     -0.99768    0.0595884
   -0.310273    -0.548576    -0.776399
   -0.949872     0.211871     0.229898
   0.0383797     0.808811    -0.586815
    0.336237    0.0591183     -0.93992
    0.941644   -0.0379196     0.334469
  -0.0158682    -0.997531   -0.0684183
    0.288132     0.184592    -0.939631
    0.953706    -0.143609     0.264236
  -0.0861632    -0.972267    -0.217425
   -0.289809    -0.394285    -0.872095
   -0.951362     0.218173     0.217511
    0.104506     0.892715    -0.438336
   -0.275451    -0.588557    -0.760084
   -0.950492     0.285054     0.123728
    0.143844     0.756535    -0.637937
   -0.312157    -0.636986    -0.704846
   -0.947026     0.267596     0.177579
   0.0754987     0.722939    -0.686774
    0.271519      0.26371      -0.9256
    0.944897    -0.255792     0.204303
   -0.182884    -0.930069    -0.318631
   -0.279361    -0.486031    -0.828089
   -0.948409     0.274335     0.158936
    0.149926     0.829768    -0.537595
    0.318276     0.945535    0.0682954
    0.944092    -0.322674    0.0676154
  -0.0859699   -0.0429567     0.995371
    -0.32933    -0.786403    -0.522601
     -0.9442     0.271151     0.186987
  0.00534373    -0.555021     0.831819
   -0.676694    -0.436634     -0.59282
   -0.551858     0.833788    0.0158205
    0.487379     0.337858     -0.80518
    0.685929    0.0429656    -0.726399
    0.550405    -0.683609     0.479305
   -0.475979    -0.728583    -0.492555
    -0.68374    -0.239387    -0.689343
   -0.604061     0.715662     0.350624
    0.409402     0.656141    -0.633931
    0.688218     0.131326     -0.71352
    0.612144    -0.632982     0.473934
   -0.389405    -0.762946     -0.51602
    0.698403     0.355657    -0.621081
    0.564749    -0.806931     0.172976
    -0.43965    -0.471562     -0.76442
   -0.675407    -0.653431     0.341838
   -0.663378     0.740825     0.105394
     0.32211     0.155584      0.93383
   -0.691445    -0.421132    -0.586986
   -0.611198     0.774189     0.164526
    0.385151     0.472525    -0.792704
   -0.675497    -0.517503    -0.525257
    -0.66461     0.735842     0.129731
