  -0.0143104    -0.847752       0.5302
   -0.996995   -0.0282743   -0.0721181
   0.0761293    -0.529639      -0.8448
  -0.0441032    -0.849064     0.526445
    -0.99715   0.00512539   -0.0752703
   0.0612111    -0.528265    -0.846871
  -0.0776319    -0.879448     0.469621
   -0.995821    0.0456747   -0.0790829
   0.0480995    -0.473798    -0.879319
  -0.0956914    -0.919368     0.381583
   -0.994499    0.0718902   -0.0761864
   0.0426112    -0.386774    -0.921189
   -0.113103    -0.928266     0.354303
   -0.992833    0.0917348   -0.0765959
   0.0385995    -0.360427    -0.931988
   -0.110021     -0.94835    -0.297536
   -0.993691    0.0983916    0.0538313
   0.0217758    -0.301581     0.953192
   -0.124868    -0.918604     0.374934
   -0.992056     0.109781   -0.0614263
   0.0152658    -0.379626    -0.925014
   -0.125036    -0.885577     0.447347
   -0.991731    0.0984151   -0.0823688
   0.0289183    -0.453947    -0.890559
   -0.123831    -0.859508     0.495894
   -0.992295     0.105274   -0.0653231
  0.00394107    -0.500163    -0.865923
   -0.122583    -0.882207     0.454626
   -0.992075    0.0961875   -0.0808446
   0.0275922    -0.460933    -0.887006
   -0.115934    -0.898124     0.424184
   -0.993256     0.105363   -0.0483815
 -0.00124071    -0.426932    -0.904283
   -0.106842    -0.840312      0.53147
   -0.994187    0.0831454   -0.0684001
   0.0132881    -0.535689    -0.844311
    0.154311     0.985314    0.0731114
    0.971688    -0.164744      0.16936
   -0.178917   -0.0449074     0.982839
   -0.179516    -0.842102     0.508565
   -0.964287     0.252963    0.0784864
    0.194741     0.476313     0.857439
   -0.159171    -0.913291      0.37492
   -0.970275     0.214836     0.111405
    0.182292     0.346043     0.920339
   -0.181078     0.604904    -0.775437
   -0.964343    0.0455321     0.260709
    0.193011     0.794996      0.57509
    0.203713     -0.36845    -0.907053
    0.957747    -0.117136     0.262679
   -0.203033    -0.922238      0.32902
    0.154351     0.231524    -0.960506
    0.971408    -0.213061     0.104746
   -0.180395    -0.949211    -0.257791
   -0.199176    -0.731658    -0.651925
   -0.960671    0.0144269     0.277313
    0.193493    -0.681519     0.705756
   -0.177803     0.605179     -0.77598
    -0.96708    0.0384215     0.251554
     0.18205     0.795162     0.578425
   -0.192504     0.540551    -0.818992
   -0.964711    0.0485489     0.258798
    0.179654      0.83991     0.512129
   -0.216151    -0.782067    -0.584508
   -0.955258    0.0456048     0.292236
    0.201892    -0.621523     0.756934
   -0.208779    -0.744623    -0.633994
   -0.959612    0.0309844     0.279616
    0.188565    -0.666766     0.721018
    0.220425     0.704435    -0.674673
    0.955947   -0.0185486     0.292954
   -0.193853     0.709526     0.677491
    0.151356    -0.224575    -0.962631
    0.974074    -0.131768     0.183896
   -0.168142    -0.965507     0.198808
   -0.173532    -0.744815    -0.644312
   -0.971053    0.0203608     0.237996
    0.164144    -0.666961     0.726787
   -0.152213    -0.934595    -0.321502
   -0.978277    0.0961492     0.183657
    0.140733    -0.342473     0.928928
   -0.129701    -0.895008    -0.426777
   -0.981487    0.0547099     0.183548
    0.140928    -0.442682     0.885535
     0.12605     0.941254     0.313294
    0.979078    -0.168892     0.113496
   -0.159741    -0.292433      0.94285
  -0.0999805    -0.914443      0.39217
   -0.985972    0.0381094    -0.162504
    0.133655    -0.402916    -0.905425
   -0.092692    -0.598052    -0.796079
   -0.983919     0.177618   -0.0188718
    0.152684     0.781528    -0.604898
   -0.128717    -0.755164     0.642775
   -0.977317     0.206518    0.0469175
    0.168175     0.622156     0.764617
  -0.0866358    -0.371368    -0.924435
   -0.985135     0.170098    0.0239922
    0.148334     0.912772    -0.380584
  -0.0578848    -0.890668     0.450955
   -0.991782  -0.00032243    -0.127942
    0.114099    -0.454655    -0.883329
  -0.0636393    -0.511784    -0.856754
   -0.988432     0.150753   -0.0166322
     0.13767     0.845784    -0.515457
  -0.0279647    -0.674626      0.73763
   -0.994014   -0.0591986   -0.0918269
    0.105615    -0.735782    -0.668932
   -0.126979    -0.769679     0.625676
    -0.97792     0.202692    0.0508761
    0.165978     0.605401     0.778422
   -0.213242    -0.721524    -0.658734
   -0.961566    0.0356266     0.272251
    0.172967    -0.691472      0.70139
   -0.210887     0.610481    -0.763439
   -0.961594    0.0108051     0.274264
    0.175682     0.791957     0.584756
    0.202128     0.929224    -0.309333
    0.967797    -0.141127     0.208451
   -0.150043     0.341506     0.927826
   -0.200835     -0.78174    -0.590379
   -0.967811     0.065021     0.243133
     0.15168    -0.620205     0.769635
   -0.196771     -0.89343    -0.403812
   -0.969614     0.116263     0.215245
    0.145358    -0.433896      0.88916
   -0.179624     -0.89797    -0.401729
   -0.977031     0.115251      0.17924
    0.114653    -0.424697     0.898046
   -0.179457     0.635159    -0.751244
    -0.97771   -0.0305494     0.207727
    0.108989     0.771777     0.626484
   -0.157195    -0.812705    -0.561071
   -0.985244     0.090111     0.145511
   0.0676988    -0.575665     0.814878
   -0.177211    -0.798247    -0.575671
   -0.977659    0.0755937     0.196136
    0.113048    -0.597568     0.793809
    0.159169     0.947661     0.276773
    0.984362     -0.17377    0.0288867
  -0.0754698    -0.267847     0.960501
   -0.152425    -0.896414     0.416184
   -0.985117     0.171653    0.0089288
   0.0794433     0.408629     0.909236
   -0.184073    -0.909813    -0.371965
    -0.97674     0.126969     0.172794
    0.109982     -0.39512     0.912022
   -0.160441     0.573181    -0.803568
   -0.984878   -0.0390374     0.168796
   0.0653818     0.818498     0.570777
   -0.165915     0.312497    -0.935317
    -0.98389    0.0115839     0.178401
   0.0665844     0.949848     0.305541
   -0.178795     -0.69714    -0.694282
   -0.979038    0.0560973     0.195798
   0.0975515    -0.714737     0.692557
     -0.1895    -0.848863    -0.493479
   -0.972298    0.0921823     0.214802
    0.136847    -0.520513     0.842816
     0.18065     0.979121   -0.0932031
    0.976118    -0.166853     0.139115
   -0.120659     0.116108      0.98588
    0.186263    -0.253808    -0.949151
    0.969667    -0.108138     0.219206
   -0.158275    -0.961191     0.225967
   -0.201343     0.567638    -0.798278
   -0.964525    0.0271652     0.262591
    0.170742      0.82283     0.542032
    0.170801      0.95509    -0.242137
    0.975858    -0.130025     0.175487
   -0.136121     0.266265      0.95424
   -0.131919    -0.924495      0.35764
   -0.990228     0.106444   -0.0900996
   0.0452281    -0.366031    -0.929503
   -0.137467    -0.911312     0.388089
   -0.989108     0.105489    -0.102649
   0.0526062    -0.397973    -0.915888
   -0.151514    -0.901809     0.404701
   -0.985657     0.107058    -0.130454
   0.0743183    -0.418662    -0.905096
   -0.131295    -0.915369     0.380607
   -0.989802     0.099643      -0.1018
   0.0552593    -0.390092    -0.919116
   -0.144034    -0.901356     0.408425
   -0.986469    0.0981204    -0.131343
   0.0783119    -0.421816    -0.903293
   -0.121418    -0.877156     0.464601
   -0.989815    0.0719504    -0.122836
   0.0743186    -0.474784    -0.876959
   -0.114403    -0.890751     0.439857
   -0.992127    0.0797342   -0.0965753
   0.0509529    -0.447443     -0.89286
   -0.155836    -0.899228     0.408784
   -0.981527    0.0944629     -0.16638
    0.110998     -0.42716    -0.897337
    -0.13703    -0.903392     0.406331
   -0.984432    0.0786119    -0.157209
    0.110079    -0.421548      -0.9001
   -0.165295    -0.896324     0.411437
   -0.981423     0.108292    -0.158371
    0.097396    -0.429972    -0.897574
   -0.160835     -0.83969     0.518703
   -0.983954    0.0952806    -0.150853
   0.0772478    -0.534642     -0.84154
   -0.148793    -0.904052     0.400688
   -0.986829     0.109739    -0.118855
     0.06348    -0.413095    -0.908473
   -0.137944    -0.885172     0.444344
   -0.989555     0.104214   -0.0995975
   0.0418542    -0.453441    -0.890303
   -0.160787    -0.858114    -0.487636
   -0.986083     0.118501     0.116607
   0.0422768    -0.499598     0.865225
   -0.119361     -0.91021     0.396575
   -0.992466    0.0982596   -0.0731877
   0.0276489    -0.402323     -0.91508
   -0.100958    -0.897309     0.429703
   -0.993699    0.0698152   -0.0876803
   0.0486765    -0.435847    -0.898703
  -0.0687453     -0.87089     0.486647
   -0.996418     0.035859   -0.0765848
   0.0492462    -0.490169    -0.870235
  -0.0795089    -0.874974     0.477597
    -0.99455      0.03721   -0.0973996
   0.0674507    -0.482738    -0.873163
  -0.0369593    -0.801002      0.59752
   -0.997195  -0.00938187   -0.0742577
   0.0650864    -0.598589    -0.798408
  -0.0435461    -0.863144     0.503077
   -0.996995   0.00525038   -0.0772912
   0.0640721    -0.504931    -0.860779
  -0.0105636    -0.776996     0.629417
   -0.997496   -0.0358344   -0.0609775
   0.0699341    -0.628485    -0.774671
 -0.00976568     -0.75699     0.653354
   -0.997459   -0.0387329   -0.0597859
   0.0705636    -0.652278    -0.754688
  -0.0448576    -0.833682     0.550419
   -0.995347  -0.00973732   -0.0958664
   0.0852817    -0.552158    -0.829366
  -0.0213315    -0.793153     0.608648
   -0.996784   -0.0301612   -0.0742388
   0.0772403    -0.608275     -0.78996
  -0.0867513    -0.891959     0.443716
   -0.991512    0.0340073     -0.12549
   0.0968419    -0.450836    -0.887338
   -0.110724    -0.899689     0.422256
   -0.988303    0.0548442    -0.142299
    0.104866    -0.433073    -0.895238
   -0.103512    -0.897692     0.428292
   -0.992142     0.062765    -0.108233
   0.0702783     -0.43613    -0.897135
   -0.125295    -0.822515     0.554771
   -0.991647     0.121087   -0.0444364
   0.0306261     0.555704     0.830816
   -0.132183     -0.74695     0.651608
   -0.990711      0.12074    -0.062565
   0.0319423     0.653825     0.755972
   0.0966828    -0.758152     0.644871
    0.995131    0.0611655   -0.0772857
   0.0191505     0.649203     0.760374
   0.0915826    -0.828487     0.552469
    0.995639    0.0662827   -0.0656488
     0.01777     0.556072     0.830944
    0.105592    -0.752044       0.6506
    0.994308    0.0704925   -0.0798911
   0.0142192     0.655333     0.755207
   0.0711391    -0.758001     0.648362
    0.995352     0.011644   -0.0955983
   0.0649141     0.652149     0.755306
   0.0731174    -0.578299     0.812542
    0.994957   -0.0137922   -0.0993483
   0.0686598     0.815708     0.574375
  -0.0502002      -0.5386    -0.841065
   -0.992832   -0.0645455     0.100592
   -0.108466     0.840085    -0.531499
  -0.0709651    -0.900462     0.429106
   -0.995609    0.0376139   -0.0857215
  -0.0610486     0.433305     0.899177
   -0.054414     -0.84507     0.531879
   -0.994003  -0.00475759    -0.109251
  -0.0948551     0.534634     0.839743
   0.0576603     0.961799     0.267617
    0.994329   -0.0313332    -0.101627
   0.0893596    -0.271959     0.958151
  -0.0763427    -0.779176     0.622139
   -0.994623    0.0157239    -0.102357
  -0.0699719     0.626608     0.776187
   0.0492435    -0.681084     0.730547
     0.99192   -0.0522711    -0.115594
    0.116916     0.730337     0.673007
   0.0494004    -0.707356     0.705129
    0.992242   -0.0458837    -0.115544
    0.114084     0.705367     0.699602
   0.0798348    -0.650454     0.755338
    0.993474   -0.0100045     -0.11362
   0.0814611      0.75948      0.64541
     0.10482     0.694363     -0.71195
    0.994084   -0.0526758    0.0949834
   0.0284504    -0.717694    -0.695777
    0.114771     0.683292    -0.721069
    0.992822   -0.0543129     0.106558
   0.0336465    -0.728123     -0.68462
    -0.14318    -0.813362     0.563863
   -0.989359     0.132512   -0.0600795
   0.0258521     0.566465      0.82368
   -0.139445     -0.80272     0.579823
    -0.98964     0.133174   -0.0536353
   0.0341633     0.581296     0.812975
   -0.150087     -0.79176     0.592107
   -0.988282     0.136987   -0.0673317
   0.0278001     0.595274     0.803042
   0.0514661    -0.762577     0.644847
     0.99189   -0.0361046     -0.12186
     0.11621      0.64589     0.754534
    0.048641    -0.694538      0.71781
    0.990852   -0.0570181    -0.122313
    0.125879     0.717193     0.685411
  -0.0432481    -0.835941    -0.547113
   -0.986965     0.120718    -0.106429
   -0.155015    -0.535379     0.830265
  -0.0437621    -0.881749    -0.469684
   -0.987845     0.108381    -0.111425
   -0.149153    -0.459099     0.875775
  -0.0363569    -0.411648    -0.910617
   -0.985421    -0.136779     0.101175
   -0.166202      0.90102    -0.400674
  -0.0336298    -0.819987     0.571393
   -0.981136     0.135986     0.137404
   -0.190371    -0.555994    -0.809092
    0.027144    -0.238677     -0.97072
    0.979432     0.200581   -0.0219305
    0.199942    -0.950158     0.239212
  -0.0189581    -0.594076     0.804185
   -0.973736     0.193496     0.119987
   -0.226888     -0.78079    -0.582142
  -0.0295565    -0.679402     0.733171
   -0.982512     0.154648     0.103698
   -0.183836    -0.717285    -0.672091
  -0.0176616    -0.672234     0.740128
   -0.974582     0.176923     0.137436
   -0.223335    -0.718888    -0.658271
  -0.0147742    -0.399807      0.91648
   -0.974522     0.210915       0.0763
   -0.223804    -0.892003    -0.392737
   0.0195108    -0.168512    -0.985507
    0.978311     0.206529    -0.015946
    0.206223     -0.96382     0.168886
  -0.0116865    -0.711422     0.702668
   -0.973475     0.168673     0.154584
   -0.228495    -0.682223    -0.694522
 -0.00591136    -0.680625     0.732608
   -0.973424      0.17164     0.151607
   -0.228932    -0.712242    -0.663552
  -0.0169258    -0.586907     0.809477
   -0.978796     0.175019      0.10643
   -0.204139    -0.790511    -0.577425
  -0.0319746    -0.756357     0.653377
   -0.985031   -0.0869397    -0.148847
   -0.169386     0.648356     0.742255
  -0.0270107    -0.269953    -0.962495
   -0.984786    -0.158155    0.0719945
   -0.171659     0.949796    -0.261574
   0.0369103    -0.580894     0.813142
    0.988676   -0.0972132    -0.114326
    0.145459     0.808153     0.570728
  -0.0417302    -0.734851     0.676944
   -0.989958   -0.0611771    -0.127436
    -0.13506     0.675464     0.724919
   0.0347776    -0.731671     0.680771
    0.988819   -0.0736439    -0.129665
    0.145006     0.677669     0.720929
   0.0185225    -0.962074    -0.272159
   -0.979609    0.0370041    -0.197479
    -0.20006    -0.270267     0.941771
  0.00321983    -0.958042    -0.286609
   -0.984776    0.0467748    -0.167416
   -0.173798    -0.282785     0.943306
  -0.0105605    -0.633757      0.77346
   -0.982136     0.151903     0.111057
   -0.187874    -0.758471     -0.62404
  -0.0294496    -0.898579    -0.437822
   -0.987135      0.09501    -0.128599
   -0.157153    -0.428402     0.889817
  -0.0196075    -0.972525    -0.231972
   -0.989366    0.0523184    -0.135715
   -0.144122    -0.226844     0.963208
   0.0212594    -0.816518     0.576929
    0.984019   -0.0849529    -0.156493
    0.176791     0.571036     0.801663
  -0.0419214    -0.891728     0.450626
    -0.98984    0.0983993     0.102635
   -0.135864    -0.441745    -0.886793
  -0.0501153    -0.884148      0.46451
   -0.988307   -0.0231579    -0.150706
   -0.144003     0.466632      0.87265
   0.0647118     0.994583    0.0813442
    0.992138   -0.0553733    -0.112235
    0.107123   -0.0879675     0.990347
  -0.0244851    -0.928975     0.369331
   -0.991851    0.0687791     0.107244
   -0.125029    -0.363696    -0.923089
  -0.0591239    -0.902443     0.426734
   -0.993134    0.0964011    0.0662671
    -0.10094    -0.419886    -0.901946
  -0.0531713     -0.92187     0.383834
   -0.995441     0.079412    0.0528316
  -0.0791849    -0.379275     -0.92189
  -0.0324631    -0.502012    -0.864251
    -0.98686     -0.12084      0.10726
   -0.158282     0.856377    -0.491492
  -0.0577502    -0.601922    -0.796464
   -0.992288   -0.0530388     0.112033
   -0.109678     0.796792    -0.594217
   0.0261336     0.247033    -0.968655
    0.985128     0.158249    0.0669358
    0.169824    -0.955998    -0.239224
    0.009913   -0.0790544    -0.996821
     0.97846     0.206329  -0.00663285
    0.206198    -0.975284    0.0793969
 -0.00842622    -0.965139    -0.261604
   -0.979871    0.0601514    -0.190356
   -0.199456    -0.254734     0.946218
  0.00309304    -0.384685     0.923043
   -0.974937     0.204182    0.0883614
    -0.22246    -0.900182    -0.374412
    0.000808    -0.423052     0.906105
   -0.973415     0.207207    0.0976109
   -0.229046    -0.882095    -0.411638
  0.00846662    -0.588781     0.808248
   -0.976856     0.167889     0.132534
    -0.21373    -0.790665    -0.573733
  -0.0687679    -0.887766     0.455129
   -0.996016    0.0870597    0.0193236
  -0.0567782    -0.451987    -0.890216
  -0.0788374    -0.888309     0.452429
   -0.995018    0.0978973    0.0188281
  -0.0610168    -0.448691    -0.891602
   -0.103324    -0.864906     0.491184
   -0.994074     0.106558   -0.0214762
  -0.0337649    -0.490493    -0.870791
   -0.095204    -0.910004      0.40352
    -0.99507    0.0983123   -0.0130602
  -0.0277862    -0.402774    -0.914877
   -0.118735    -0.903748    -0.411268
   -0.992527     0.119766    0.0233648
    -0.02814    -0.410969     0.911215
   -0.116981    -0.880217     0.459928
   -0.993122     0.101401   -0.0585337
  0.00488491    -0.463612    -0.886025
   -0.132932    -0.893625     0.428676
   -0.991092      0.11629   -0.0649169
  0.00816089    -0.433486    -0.901123
   -0.101473    -0.840034      0.53296
   -0.994789    0.0910113   -0.0459536
 -0.00990282    -0.534846    -0.844891
   -0.157438    -0.887681     0.432708
   -0.987401     0.148546   -0.0545255
   0.0158756     0.435841     0.899884
    -0.12645    -0.628975    -0.767073
   -0.991474    0.0556244     0.117832
  -0.0314454     0.775433    -0.630646
  -0.0899794    -0.540255    -0.836677
   -0.992979   -0.0161103     0.117191
  -0.0767924     0.841347    -0.535012
   0.0965187     0.991152   -0.0911144
    0.993321    -0.101734   -0.0544373
   0.0632251    0.0852517     0.994351
   -0.105462    -0.883718     0.455982
   -0.994305     0.100778   -0.0346545
   -0.015328     -0.45704    -0.889314
  -0.0973022    -0.857774     0.504733
   -0.994373      0.10513   -0.0130311
  -0.0418845    -0.503161    -0.863177
   -0.104714     -0.81984    -0.562936
   -0.993357     0.113387    0.0196445
  -0.0477243    -0.561253     0.826267
  -0.0843324    -0.925361     0.369589
   -0.994762    0.0996858    0.0226053
  -0.0577608    -0.365747     -0.92892
   -0.092039    -0.848177     0.521656
   -0.993434     0.113966    0.0100227
  -0.0679519    -0.517308    -0.853097
  -0.0663392    -0.800695     0.595388
   -0.994611     0.100715    0.0246226
  -0.0796794    -0.590545    -0.803061
  -0.0536642    -0.927349     0.370331
   -0.995191    0.0801044    0.0563781
  -0.0819472    -0.365524    -0.927188
  -0.0853166    -0.328901    -0.940503
   -0.992212   -0.0579393     0.110269
  -0.0907597     0.942585    -0.321396
  -0.0365383    -0.948687     0.314099
   -0.993704    0.0678032    0.0891943
   -0.105914    -0.308862    -0.945191
   -0.015613    -0.955887      0.29332
   -0.991064    0.0536603     0.122118
   -0.132471    -0.288792    -0.948183
   -0.018378    -0.934173     0.356347
   -0.992318    0.0606527     0.107825
   -0.122341    -0.351628    -0.928111
 -0.00165009    -0.969725    -0.244194
   -0.988136    0.0390832    -0.148527
   -0.153574    -0.241052     0.958284
   0.0034247    -0.890568     0.454837
    -0.98962    0.0623288     0.129491
    -0.14367    -0.450559     -0.88111
    0.019962    -0.897631     0.440295
   -0.986894     0.052842     0.152473
   -0.160131    -0.437568    -0.884812
   0.0177597    -0.950302     0.310824
    -0.98294    0.0403245     0.179449
   -0.183065    -0.308709    -0.933374
 -0.00250356    -0.905173     0.425036
   -0.990797    0.0597659     0.121443
    -0.13533    -0.420821    -0.896992
   0.0231466    -0.965483    -0.259436
   -0.988613    0.0164916    -0.149576
   -0.148691    -0.259944     0.954107
   0.0191155    -0.975539    -0.218994
    -0.99058    0.0112259    -0.136473
   -0.135593     -0.21954     0.966135
   0.0222121    -0.970643    -0.239498
    0.991458  -0.00940914     0.130086
     0.12852     0.240342    -0.962143
   0.0390137     0.997612   -0.0569861
    0.991945    -0.045544    -0.118201
    0.120515    0.0519156     0.991353
   0.0617242    -0.830629     0.553394
    0.990611   -0.0167805    -0.135677
    0.121984     0.556573     0.821795
   0.0729997     0.983768     0.163928
    0.991494    -0.053827    -0.118501
    0.107754    -0.171184     0.979329
   -0.045486    -0.889455     0.454754
   -0.993396     0.088273    0.0732908
   -0.105331    -0.448417    -0.887596
   0.0322476    -0.752777     0.657485
    0.991114   -0.0608517    -0.118282
    0.129049     0.655456     0.744126
  -0.0029143    -0.985494    -0.169688
     0.99164   -0.0247382     0.126641
    0.129001       0.1679    -0.977327
    0.443219     0.848099    -0.290318
    0.884167    -0.360251     0.297435
   -0.147667     0.388518     0.909532
   -0.490391     -0.54199    -0.682468
   -0.863087     0.410594     0.294097
     0.12082     0.733252    -0.669136
    0.464613     0.199806    -0.862677
    0.880056    -0.212182     0.424829
  -0.0981615    -0.956586    -0.274424
   -0.508113    -0.339828    -0.791415
   -0.856662      0.29454     0.423529
   0.0891763     0.893176    -0.440777
    -0.53239    -0.506129    -0.678524
   -0.839074      0.42146     0.343986
    0.111869     0.752466    -0.649061
   -0.483129    -0.333532    -0.809533
   -0.871978     0.266719     0.410506
   0.0790008     0.904222    -0.419692
   -0.532538    -0.434658    -0.726275
   -0.841199      0.36683     0.397266
   0.0937447     0.822501    -0.560984
   -0.512901    -0.307874     -0.80134
   -0.855076     0.265875     0.445146
   0.0760072     0.913523    -0.399623
   -0.523861    -0.358657    -0.772616
    -0.84676     0.317828     0.426594
   0.0925583     0.877696    -0.470194
   -0.554658    -0.498593    -0.666153
   -0.824418     0.437686      0.35884
    0.112651     0.748221    -0.653815
   -0.543431    -0.389749     -0.74349
   -0.833035     0.359694     0.420324
    0.103608     0.847771    -0.520144
   -0.560289    -0.368201     -0.74196
   -0.819282     0.378152      0.43102
    0.121872      0.84937    -0.513535
   -0.480552    -0.360882    -0.799271
   -0.874667     0.263191     0.407049
   0.0634645     0.894703    -0.442129
   -0.499813    -0.242054    -0.831623
    -0.86261     0.225625     0.452766
   0.0780408     0.943665    -0.321568
   -0.473645    -0.344958    -0.810348
   -0.878229     0.254093     0.405156
   0.0661415     0.903571    -0.423302
   -0.451726    -0.393804    -0.800539
   -0.890424     0.254901     0.377054
   0.0555722     0.883144    -0.465798
   -0.449219    -0.422428    -0.787246
    -0.89122     0.273694     0.361688
   0.0626777     0.864087    -0.499425
   -0.409202    -0.251535    -0.877088
    -0.91051     0.175112     0.374575
   0.0593698     0.951875    -0.300682
    0.404489     0.164549    -0.899618
    0.911763      -0.1492     0.382659
  -0.0712567     -0.97502    -0.210379
   -0.433652     -0.27688    -0.857487
   -0.897126     0.221725     0.382104
   0.0843296     0.934974    -0.344548
    0.384885    -0.288807    -0.876615
    0.919339    0.0358604     0.391828
  -0.0817269    -0.956716     0.279314
    0.358509     0.072798    -0.930684
    0.931463   -0.0941422     0.351445
  -0.0620321    -0.992894    -0.101559
    0.340823    -0.162521    -0.925973
      0.9381  -0.00586371     0.346316
  -0.0617134    -0.986688     0.150463
   -0.307409     0.508704    -0.804189
   -0.948401   -0.0947936     0.302572
   0.0776872     0.855707     0.511595
   -0.426728    -0.819718    -0.382055
    -0.89745     0.331617     0.290886
    0.111749    -0.467004     0.877165
   -0.544369    -0.417078     -0.72781
   -0.824322     0.426729     0.372015
    0.155418     0.802464    -0.576105
   -0.535688    -0.390572    -0.748659
   -0.835035     0.376811     0.400912
    0.125518     0.839921    -0.527995
   -0.496724   0.00554195    -0.867891
   -0.848982     0.204591     0.487208
    0.180262     0.978832     -0.09692
    0.509986    0.0769847    -0.856731
     0.83522    -0.282521     0.471795
   -0.205723    -0.956167    -0.208381
    0.485419   -0.0827885    -0.870353
    0.860963    -0.127836     0.492342
   -0.152023    -0.988334   0.00922382
    0.455005     -0.17839    -0.872437
    0.859639    -0.167651     0.482611
   -0.232358    -0.969572     0.077069
    0.435078   -0.0287987    -0.899932
    0.877162    -0.212018     0.430855
    -0.20321    -0.976841   -0.0669833
    0.395692   -0.0391788    -0.917547
     0.88551    -0.248639     0.392492
   -0.243515    -0.967804    -0.063691
   -0.480556  -0.00287899    -0.876959
   -0.838158     0.295688     0.458323
    0.257987      0.95528    -0.144508
    0.422859     0.178425    -0.888456
     0.86235    -0.380503     0.334019
   -0.278463    -0.907404    -0.314764
    0.445271     0.180083    -0.877099
    0.839827    -0.423708     0.339355
   -0.310522    -0.887717    -0.339904
   -0.421226    -0.640655     0.641974
    -0.89016     0.427625    -0.157325
    0.173733     0.637729     0.750412
    0.380172    -0.298393     -0.87546
    0.899624    -0.100539     0.424933
   -0.214815    -0.949133     0.230219
   -0.370487    -0.743364      0.55691
   -0.911768     0.405476   -0.0653274
    0.177252     0.531976        0.828
    0.418577     0.166248    -0.892836
    0.896155    -0.235069     0.376362
   -0.147308    -0.957656    -0.247378
    0.466991     0.130847    -0.874527
     0.87387     -0.21947     0.433803
    -0.13517    -0.966805    -0.216834
    0.453148     0.204789    -0.867594
    0.884455    -0.224844     0.408882
   -0.111339    -0.952631    -0.283014
    -0.49996    -0.236662    -0.833085
   -0.860869     0.240852     0.448213
    0.094575     0.941266    -0.324151
    0.514261    0.0815452    -0.853748
    0.849429    -0.185794     0.493913
   -0.118345    -0.979199    -0.164813
   -0.478398    -0.276713    -0.833406
   -0.874306     0.238708     0.422619
   0.0819961     0.930832    -0.356129
   -0.381569    -0.727372     0.570381
    -0.92294     0.333754    -0.191806
   0.0508527     0.599615     0.798672
   -0.396273    -0.659211     0.639069
   -0.915634     0.335068    -0.222136
   0.0676965      0.67318     0.736374
   -0.399276    -0.826619     0.396584
   -0.912901     0.398454   -0.0885799
   0.0847988      0.39741     0.913715
   -0.430047    -0.647312     0.629322
   -0.899951     0.362769    -0.241841
   0.0717518     0.670362     0.738557
   -0.428493    -0.601633    -0.674116
   -0.901312     0.337039     0.272107
   0.0634948     0.724184    -0.686677
   -0.431844    -0.492541    -0.755589
   -0.897789     0.315092      0.30772
   0.0865154     0.811246    -0.578269
   -0.438325    -0.468076    -0.767318
   -0.896103      0.29386     0.332634
    0.069786     0.833398     -0.54825
    -0.44402    -0.399017    -0.802267
   -0.893103      0.26924     0.360384
   0.0722033     0.876524    -0.475911
    0.434858     0.442433    -0.784316
    0.898035    -0.277453     0.341398
  -0.0665656    -0.852803    -0.517973
   -0.439246    -0.613824     -0.65596
   -0.896226      0.34979     0.272813
    0.061989      0.70772    -0.703768
    0.426492     0.444656    -0.787646
    0.901916     -0.27474     0.333265
  -0.0682098    -0.852525    -0.518217
    0.425391     0.554714    -0.715077
    0.902421    -0.319718     0.288821
  -0.0684097    -0.768162     -0.63659
   -0.461376     -0.39629     -0.79378
   -0.883931     0.282116      0.37293
     0.07615     0.873708    -0.480454
   -0.454262    -0.390939    -0.800508
   -0.888773     0.260467     0.377146
   0.0610648     0.882793    -0.465776
    0.437955     0.139561    -0.888098
    0.893242    -0.179153     0.412339
   -0.101559    -0.973872    -0.203123
   -0.408083    -0.387481    -0.826636
   -0.904605      0.29373      0.30889
    0.123119     0.873831    -0.470384
   -0.400119    -0.725566     0.559874
   -0.910763     0.382836     -0.15475
    0.102059     0.571831     0.813998
   -0.365944    -0.809899      0.45842
   -0.924391     0.373304   -0.0783938
    0.107639     0.452447     0.885271
    -0.36325    -0.775209     0.516818
   -0.921438     0.380983   -0.0761789
    0.137844     0.503887       0.8527
   -0.374639    -0.542806     -0.75167
   -0.923934     0.286249     0.253786
    0.077408     0.789571    -0.608757
    0.391096    -0.465742     0.793806
    0.916721     0.273655    -0.291095
  -0.0816533     0.841545     0.533981
   -0.395819    -0.411362     0.821041
   -0.914917     0.253647    -0.313992
   0.0790906     0.875468     0.476761
   -0.349625    -0.330593    -0.876624
   -0.931911      0.21905     0.289067
   0.0964607     0.918001    -0.384668
   -0.356842      -0.4142    -0.837318
   -0.928681     0.254269     0.269998
    0.101071     0.873948    -0.475394
   -0.363033    -0.471999    -0.803383
   -0.928782     0.252369     0.271428
   0.0746354     0.844705    -0.530002
   -0.312486    -0.347942    -0.883906
   -0.944208     0.215682     0.248904
    0.104038     0.912369    -0.395927
   -0.321812    -0.459987    -0.827556
   -0.942716     0.236798     0.234974
   0.0878788     0.855768    -0.509842
   -0.280883    -0.862212    -0.421538
   -0.954829     0.206663     0.213522
   0.0969852    -0.462471     0.881314
   -0.302678    -0.516533    -0.800987
   -0.945064     0.271509     0.182033
    0.123449     0.812081    -0.570337
    0.272824    -0.281547    -0.919945
    0.954877   -0.0374154     0.294635
   -0.117374    -0.958818     0.258635
   -0.280715     0.371512    -0.884973
   -0.950474    0.0205649     0.310124
    0.133414       0.9282      0.34734
     -0.3374    -0.248615    -0.907938
   -0.938085     0.169195     0.302274
   0.0784684      0.95371    -0.290309
   -0.295033     0.520181    -0.801478
   -0.952627   -0.0952819     0.288832
   0.0738784     0.848724      0.52365
   -0.381958    -0.329577    -0.863416
   -0.921971      0.20044     0.331351
   0.0638568     0.922607     -0.38042
   -0.422417    -0.356688     0.833269
   -0.904254     0.229083    -0.360342
   0.0623576     0.905701     0.419305
    0.405147     0.446996     0.797528
    0.911508    -0.265013    -0.314516
  -0.0707682    -0.854378      0.51481
   -0.435663    -0.299423    -0.848849
    -0.83778     0.479713     0.260768
    0.329124     0.824755    -0.459843
   -0.406955    -0.393416    -0.824385
   -0.866598     0.451605     0.212277
    0.288783     0.800798    -0.524717
   -0.413219    -0.453124    -0.789892
   -0.861099     0.476612      0.17706
    0.296242     0.753339     -0.58713
   -0.438012    -0.267676    -0.858193
   -0.830273     0.486462     0.272032
    0.344662     0.831688     -0.43532
     -0.3949    -0.365692    -0.842807
   -0.883506     0.402724     0.239229
    0.251934     0.839096    -0.482127
   -0.433374     -0.28864    -0.853741
   -0.854302     0.433235     0.287186
    0.286977     0.853812    -0.434339
   -0.414364    -0.322629    -0.851007
   -0.879303      0.38315     0.282883
    0.234797      0.86551    -0.442452
    -0.44497     0.567484    -0.692794
   -0.872273   -0.0994242     0.478806
    0.202834     0.817359     0.539242
   -0.448718    -0.465438    -0.762902
   -0.824392     0.545145     0.152298
    0.345007     0.697269     -0.62832
   -0.447136      0.62201    -0.642785
   -0.851605   -0.0762535     0.518607
    0.273564     0.779287     0.563803
     0.45767     0.847841     0.267776
    0.823683    -0.517702     0.231366
    -0.33479    -0.114673     0.935289
    0.384663     0.185808    -0.904162
     0.90642    -0.261173     0.331952
   -0.174464     -0.94724    -0.268883
   -0.423931     0.338049    -0.840241
   -0.896639   -0.0257876     0.442011
    0.127754     0.940775      0.31404
    0.401684    -0.211882     -0.89093
    0.913588    0.0254753     0.405842
  -0.0632939    -0.976963     0.203806
    -0.35844    -0.375652    -0.854638
   -0.926107     0.258477     0.274802
    0.117675     0.889986    -0.440542
    0.361953   -0.0740219    -0.929253
    0.908328    -0.196124     0.369425
   -0.209594    -0.977781  -0.00375149
    0.347601     0.161456    -0.923637
    0.923403    -0.229968     0.307314
   -0.162789    -0.959712    -0.229026
    0.361495     0.162205    -0.918156
    0.906783    -0.290295     0.305733
   -0.216944     -0.94309    -0.252025
    0.380066    -0.188015    -0.905649
    0.887021    -0.203455     0.414487
   -0.262189    -0.960862    0.0894468
    -0.35012     -0.30679     -0.88504
   -0.919978     0.290384     0.263283
    0.176228     0.906398     -0.38391
    0.451987     0.870776    -0.193538
    0.828338    -0.329211     0.453294
   -0.331003     0.365198     0.870096
   -0.447599    -0.721763    -0.527933
   -0.857006     0.177658     0.483713
    0.255335    -0.668952     0.698074
   -0.437807    -0.778323    -0.450042
   -0.864395     0.226718     0.448799
    0.247278    -0.585501     0.772038
    0.425953       0.8888    -0.169113
    0.843463     -0.32248     0.429624
   -0.327314      0.32564     0.887031
   -0.434103     0.598625    -0.673203
   -0.884673    -0.142241     0.443983
    0.170022     0.788299     0.591335
    -0.40743    -0.746454    -0.526125
   -0.883436     0.176183     0.434167
    0.231391     -0.64169     0.731226
   -0.420327     0.562745    -0.711789
   -0.895209    -0.129175     0.426514
    0.148073     0.816475     0.558071
    0.394409     0.869675    -0.296829
     0.90892    -0.321641     0.265351
   -0.135296     0.374451     0.917323
    0.408958     0.900358    -0.148687
    0.853945    -0.320129     0.410238
   -0.321762     0.294741     0.899776
    0.385062     0.893719    -0.230202
     0.89628    -0.302671      0.32415
   -0.220024     0.331144     0.917569
    0.383846     0.873836    -0.298451
    0.870466    -0.234566     0.432744
   -0.308141     0.425899     0.850682
   -0.423515    -0.656191    -0.624539
    -0.90338     0.254647      0.34505
   0.0673817     -0.71033     0.700636
    -0.39324    -0.719472    -0.572471
    -0.91852     0.279621     0.279525
   0.0410357    -0.635746     0.770807
   -0.392599     0.403458    -0.826491
   -0.919517    -0.190586     0.343752
  -0.0188282     0.894929      0.44581
   -0.421224     0.616738    -0.664984
   -0.906946    -0.289897     0.305627
 -0.00428518     0.731843      0.68146
   -0.427068     0.562652    -0.707839
   -0.898294    -0.174532     0.403245
    0.103346     0.808061     0.579964
   -0.422855     0.573087    -0.701972
   -0.906192    -0.264619     0.329839
  0.00327154     0.775596     0.631222
   -0.435749     0.443701    -0.783104
   -0.893584    -0.109012     0.435459
    0.107845      0.88952     0.443986
   -0.440367    -0.689763    -0.574721
   -0.876359     0.191117     0.442118
    0.195118    -0.698356     0.688642
    -0.41368     0.491089    -0.766616
   -0.909548    -0.186034     0.371637
   0.0398901     0.851013     0.523627
   -0.439312    -0.690857    -0.574214
   -0.885688     0.439972     0.148264
   -0.150209    -0.573708     0.805169
   -0.437182     0.601572    -0.668568
   -0.887913    -0.406987      0.21441
   -0.143115     0.687366     0.712071
   -0.419331    -0.751187    -0.509783
   -0.897805     0.426377      0.11022
   -0.134564    -0.503905     0.853213
    -0.42212     0.547757    -0.722342
   -0.897338     -0.36571     0.247064
   -0.128836     0.752475     0.645896
   -0.433188     0.538413    -0.722814
   -0.889875    -0.382797      0.24817
   -0.143073     0.750719     0.644943
   -0.417735     -0.66361     -0.62058
   -0.903769     0.373617     0.208836
  -0.0932736    -0.648099     0.755823
   -0.413314     0.547129    -0.727888
    -0.90388    -0.343364     0.255151
    -0.11033     0.763381     0.636456
   -0.404819     0.520517    -0.751787
   -0.911239     -0.29792     0.284407
  -0.0759338     0.800191     0.594919
    -0.39332     0.373901    -0.839939
   -0.918297    -0.204537     0.338962
    -0.04506     0.904634       0.4238
   -0.423101    -0.678588     -0.60042
   -0.897493     0.404894     0.174834
   -0.124466    -0.612846     0.780339
    0.394928    -0.259181    -0.881395
    0.916065     0.183867     0.356395
   0.0696884    -0.948166     0.310041
   -0.405905     0.460461    -0.789441
   -0.909535    -0.287999     0.299671
  -0.0893716     0.839662     0.535706
   -0.402507     0.482018    -0.778233
   -0.914844    -0.241888     0.323343
  -0.0323886      0.84211     0.538333
   -0.398413     0.368813    -0.839788
   -0.917204    -0.158489     0.365537
  0.00171768     0.915892     0.401421
   -0.410935     0.606695     -0.68048
   -0.909857    -0.319913     0.264229
   -0.057388      0.72772     0.683469
   -0.405794     0.610882     -0.67982
   -0.911441    -0.325711     0.251371
  -0.0678668      0.72162     0.688954
   -0.410981     0.378817    -0.829212
   -0.904594    -0.282358      0.31935
   -0.113159     0.881347     0.458719
    0.403745    -0.630808    -0.662624
    0.907865     0.365722      0.20501
    0.113014    -0.684345     0.720347
   -0.392062     0.522498    -0.757154
   -0.916237    -0.295548     0.270485
  -0.0824473      0.79978     0.594605
   -0.418583    -0.694561    -0.585127
   -0.897746     0.413826     0.150998
   -0.137263    -0.588501      0.79676
    0.379237     -0.35733    -0.853519
    0.924355     0.187976     0.332014
   0.0418028    -0.914866     0.401587
   -0.360367      0.28711    -0.887527
   -0.932692    -0.126107      0.33791
  -0.0149058     0.949561     0.313229
    -0.35462   0.00932662    -0.934964
    -0.93474    0.0205188     0.354739
   0.0224929     0.999746   0.00144159
   -0.373037    -0.365036     -0.85299
   -0.927807     0.142622     0.344722
 -0.00418086     0.920004    -0.391887
   -0.346538   0.00248528    -0.938033
   -0.936565    0.0550628     0.346141
    0.052511      0.99848   -0.0167537
   -0.358054    -0.385061    -0.850603
   -0.932141     0.200055     0.301814
   0.0539507     0.900947    -0.430562
   -0.345809     -0.65562     0.671251
   -0.933796     0.310511    -0.177784
   0.0918722     0.688292     0.719593
   -0.373128    -0.642375    -0.669425
   -0.927346     0.280289     0.247927
   0.0283702     0.713297    -0.700287
    -0.34362     -0.66842     0.659651
   -0.929324      0.34316    -0.136373
    0.135211      0.65989     0.739096
   -0.341252    -0.698565     0.628931
   -0.933413     0.330748    -0.139093
    0.110852     0.634518     0.764918
   -0.363964    -0.485232    -0.795034
   -0.929904     0.237875     0.280526
   0.0529983     0.841407    -0.537797
    0.360295     0.279288    -0.890048
    0.932838    -0.108613     0.343535
-0.000725293    -0.954045    -0.299663
   -0.658708    0.0150566    -0.752248
   -0.572974     0.637962     0.514496
    0.487652     0.769921    -0.411603
    0.666639     0.189606    -0.720862
    0.579929    -0.739497       0.3418
   -0.468267    -0.645906    -0.602936
   -0.669104      -0.3379    -0.661909
   -0.616532     0.749692     0.240521
    0.414956     0.569022    -0.709948
   -0.670166    -0.270439    -0.691187
   -0.621318     0.713832     0.323122
    0.406007     0.645992    -0.646415
   -0.670353     -0.20267    -0.713829
   -0.579645     0.743628     0.333211
    0.463291     0.637137    -0.615969
   -0.665496    -0.207311    -0.717034
   -0.657541     0.617428     0.431766
    0.353207     0.758818    -0.547211
   -0.671919    -0.265547    -0.691382
   -0.617395     0.716451     0.324839
    0.409081     0.645122    -0.645345
   -0.665125    -0.283709    -0.690737
    -0.65272     0.670207     0.353242
