  -0.0160015    -0.874362     0.485011
   -0.998443   -0.0119549   -0.0544925
   0.0534444    -0.485128    -0.872809
  -0.0442129    -0.868397     0.493894
   -0.997844    0.0143841   -0.0640348
   0.0485034    -0.495661    -0.867161
  -0.0839926    -0.856771     0.508811
   -0.995821    0.0537918    -0.073808
   0.0358667    -0.512883    -0.857709
   -0.114712     -0.84845     0.516695
   -0.992427    0.0748826   -0.0973677
   0.0439202    -0.523952    -0.850615
    -0.14412    -0.922383     0.358383
   -0.988849     0.120509   -0.0874983
   0.0375186    -0.366997    -0.929465
   -0.143234    -0.899081    -0.413687
   -0.989482     0.121553    0.0784211
   0.0202222    -0.420568     0.907036
   -0.167198    -0.829842     -0.53236
   -0.985731     0.130035     0.106889
   0.0194751    -0.542635     0.839743
   -0.161597    -0.884065     0.438537
   -0.986254     0.129144     -0.10308
   0.0344953    -0.449167    -0.892782
    0.169187    -0.663738     -0.72858
    0.985516      0.10526     0.132959
  -0.0115598    -0.740522     0.671933
   -0.166234    -0.844797      0.50861
   -0.985505     0.124625    -0.115101
    0.033852    -0.520372    -0.853269
   -0.157991    -0.863414    -0.479119
   -0.987438     0.139271    0.0746314
 -0.00228972    -0.484892     0.874571
   -0.156326    -0.857697     0.489813
    -0.98753     0.126382   -0.0938714
   0.0186098     -0.49838    -0.866759
    0.142255     0.988089   -0.0586767
    0.980636    -0.132625     0.144094
   -0.134596    0.0780386     0.987823
     0.18971     0.979193   -0.0720526
    0.968356     -0.17448     0.178446
   -0.162161     0.103626     0.981308
   -0.147066    -0.937341    -0.315853
   -0.978627    0.0914826     0.184176
     0.14374    -0.336189     0.930761
   -0.197885    -0.898077     0.392809
   -0.964712     0.249444    0.0843116
    0.173702     0.362264     0.915747
     0.22286     0.931445     0.287651
    0.956371    -0.266082     0.120647
   -0.188914    -0.248214     0.950106
    0.168355     0.979341    -0.112021
    0.974364    -0.148131     0.169329
   -0.149237     0.137656     0.979173
    0.223014     0.972845    0.0619396
    0.956414     -0.23065     0.179088
   -0.188511   -0.0193009     0.981881
    0.198239     0.141812    -0.969841
    0.964841    -0.202455     0.167614
   -0.172579    -0.968969    -0.176961
   -0.222095    -0.472798    -0.852723
   -0.958151     0.267835     0.101052
    0.180612      0.83948    -0.512497
    0.242549     0.952409    -0.184627
    0.949251    -0.193711     0.247786
   -0.200229     0.235358      0.95106
    0.242458      0.62381    -0.743018
    0.950373    -0.306617    0.0526966
   -0.194949    -0.718921    -0.667194
     0.25347     0.661598      0.70572
    0.946163    -0.321389   -0.0385332
   -0.201317    -0.677493     0.707442
    0.169828     0.236263    -0.956733
     0.97357    -0.190662     0.125734
   -0.152706      -0.9528    -0.262399
    0.196215     0.941806    -0.272949
    0.967239    -0.140171     0.211662
   -0.161085     0.305538     0.938455
     0.16975   -0.0994588    -0.980455
    0.975602      -0.1236     0.181448
   -0.139231    -0.987335     0.076051
   -0.140116    -0.883284    -0.447412
   -0.982174    0.0668017     0.175706
    0.125311    -0.464055     0.876898
   -0.125489    -0.940311    -0.316334
   -0.984208    0.0778674      0.15897
     0.12485    -0.331288     0.935233
  -0.0932475    -0.947782    -0.304981
   -0.990255    0.0564594     0.127311
    0.103444     -0.31388     0.943811
   0.0811925     0.957113    -0.278107
    0.991126   -0.0480686     0.123927
   -0.105244     0.285701     0.952522
   -0.114919    -0.940972     -0.31838
   -0.985536    0.0678131     0.155305
    0.124548    -0.331623     0.935155
   0.0769531     0.996312     0.037943
    0.992296   -0.0802377    0.0943945
  -0.0970908   -0.0303868     0.994812
  -0.0493369    -0.938567    -0.341552
    -0.99536    0.0179185    0.0945398
   0.0826118    -0.344632     0.935096
  -0.0424802    -0.989188    -0.140363
   -0.996145    0.0311429    0.0820038
    0.076746    -0.143305     0.986698
  -0.0163364     -0.99582   -0.0898673
   -0.997968    0.0107028    0.0628163
   0.0615918   -0.0907108     0.993971
    0.110292     0.993528   -0.0271684
    0.987138    -0.106318     0.119393
   -0.115732    0.0399871     0.992475
    0.247499     0.590382    -0.768241
    0.951311    -0.298421    0.0771453
   -0.183714    -0.749929    -0.635496
   -0.243314    -0.533192    -0.810249
   -0.952846     0.287566    0.0969001
    0.181334      0.79562    -0.578019
    0.231126     0.603366    -0.763236
    0.960158     -0.26812    0.0787992
   -0.157094     -0.75104    -0.641296
    0.229858     0.678021     0.698178
    0.960576    -0.273339   -0.0507987
   -0.156397    -0.682329     0.714119
   -0.229245    -0.450364    -0.862913
   -0.961005     0.245571     0.127139
    0.154647      0.85841    -0.489098
   -0.209777    -0.413714    -0.885909
   -0.969867     0.202863     0.134922
    0.123899     0.887517    -0.443804
   -0.213653    -0.598488    -0.772117
   -0.969235     0.228737     0.090898
     0.12221     0.767784    -0.628946
    -0.19393    -0.521182     -0.83112
   -0.977305     0.176258     0.117511
   0.0852468     0.835046    -0.543536
   -0.204612    -0.534361    -0.820117
   -0.971336     0.214412     0.102636
    0.120998      0.81761    -0.562915
    0.187173     0.598349    -0.779066
    0.978747    -0.181238    0.0959501
  -0.0837844    -0.780468    -0.619556
    0.180521     0.687703     0.703191
    0.980254    -0.184459   -0.0712525
  -0.0807091    -0.702168     0.707422
    0.215236     0.633035      -0.7436
    0.969547    -0.229624    0.0851554
   -0.116842    -0.739283     -0.66318
   -0.202686    -0.780532     0.591344
   -0.976231     0.208395   -0.0595421
   0.0767587     0.589357     0.804218
    0.205709     0.679588     0.704161
     0.97606     -0.19442   -0.0975043
  -0.0706405    -0.707361     0.703313
    -0.21202    -0.847764     0.486152
   -0.971707     0.235858   -0.0124859
    0.104077     0.475044     0.873785
    -0.22339    -0.435994    -0.871783
   -0.963634     0.233348     0.130224
    0.146652     0.869171    -0.472266
   -0.212022    -0.596975    -0.773736
   -0.968562      0.23379    0.0850285
    0.130132     0.767439    -0.627776
   -0.220946    -0.528542     -0.81965
   -0.961701     0.257857    0.0929611
    0.162219     0.808797    -0.565272
    0.234337     0.591752    -0.771308
    0.956325    -0.282917    0.0734933
   -0.174726    -0.754843    -0.632205
   -0.200645    -0.763078     0.614372
   -0.969293     0.245644   -0.0114558
    0.142175     0.597805     0.788933
     -0.1781    -0.909791     0.374914
   -0.983128     0.148374    -0.106975
   0.0416974    -0.387641    -0.920867
   -0.176114      -0.8981      0.40299
   -0.982828     0.137522    -0.123032
   0.0550751    -0.417738    -0.906897
   -0.185432    -0.904467    -0.384128
   -0.979521     0.138927      0.14573
   0.0784426    -0.403285     0.911706
   -0.165856    -0.863799     0.475756
   -0.984482     0.116984    -0.130807
    0.057335    -0.490068    -0.869797
   -0.164803    -0.936558     0.309353
   -0.982861     0.129669    -0.131033
   0.0826066    -0.325646    -0.941876
    -0.13182    -0.947625     0.290912
   -0.988295     0.102905    -0.112618
   0.0767835    -0.302352    -0.950099
   -0.136017    -0.894863     0.425111
   -0.989363     0.100353    -0.105308
   0.0515755    -0.434913    -0.898994
   -0.178092    -0.503679    -0.845335
   -0.976503     0.196403    0.0887031
    0.121348     0.841269    -0.526822
    0.142119     0.145136    -0.979152
    0.983481     -0.13273     0.123074
     -0.1121    -0.980468    -0.161602
   -0.202493    -0.815003     0.542924
   -0.973174     0.229308    -0.018739
    0.109224     0.532154     0.839573
   -0.207648    -0.735007     0.645482
   -0.974052     0.216095   -0.0672801
   0.0900339     0.642703     0.760807
   -0.199169    -0.390658    -0.898731
   -0.977646     0.142275     0.154813
   0.0673877     0.909475    -0.410262
     0.19939     0.142245    -0.969541
    0.979035    -0.070953     0.190933
  -0.0416326    -0.987285     -0.15341
   -0.205476      -0.5534    -0.807173
   -0.976819     0.166559     0.134469
   0.0600264     0.816092    -0.574796
   -0.182387    -0.909438     0.373709
   -0.982803     0.157467    -0.096451
   0.0288695    -0.384873    -0.922518
   -0.100206    -0.880093     0.464106
   -0.994141    0.0695674   -0.0827254
   0.0405195    -0.469677    -0.881908
  -0.0618609    -0.897124     0.437427
   -0.997371    0.0389908   -0.0610814
   0.0377419    -0.440056    -0.897177
  -0.0663185    -0.916335     0.394883
   -0.995955    0.0367466   -0.0819941
   0.0606234    -0.398724    -0.915065
  -0.0225817    -0.881043     0.472497
   -0.998791 -0.000765342   -0.0491615
    0.043675    -0.473036     -0.87996
  -0.0328642     -0.81757      0.57489
      -0.998  -0.00423162   -0.0630696
   0.0539965    -0.575813    -0.815796
 0.000144507    -0.718767     0.695251
    -0.99875    -0.034853   -0.0358242
   0.0499809    -0.694377    -0.717873
  0.00225151    -0.897373     0.441267
    -0.99899   -0.0218223   -0.0392813
   0.0448795    -0.440733    -0.896516
  -0.0272695    -0.986717    -0.160143
   -0.997696    0.0169093     0.065704
   0.0621234    -0.161565     0.984905
  0.00405034    -0.969315     -0.24579
   -0.998949   -0.0151458    0.0432685
   0.0456635    -0.245357     0.968357
  -0.0620086    -0.920362     -0.38612
   -0.994984    0.0265768    0.0964396
   0.0784975    -0.390164     0.917393
    0.107831     0.967177    -0.230091
    0.989624   -0.0823174     0.117764
  -0.0949581     0.240402     0.966018
   -0.111329    -0.921488     0.372111
   -0.991108    0.0754915    -0.109576
   0.0728816    -0.381001    -0.921698
   -0.150115     -0.52448    -0.838085
   -0.988062     0.109268     0.108598
   0.0346179     0.844383    -0.534621
   -0.157405    -0.380183    -0.911419
   -0.986884     0.094034     0.131213
   0.0358193     0.920119    -0.389998
    0.120722     0.214055    -0.969333
    0.992608    -0.013776     0.120578
   0.0124569    -0.976724    -0.214136
    0.116588     0.285456    -0.951274
    0.993112   -0.0222571     0.115037
   0.0116653    -0.958133    -0.286085
    0.126818     0.162075    -0.978595
    0.991841   -0.0078016     0.127243
   0.0129883    -0.986748    -0.161742
  -0.0956463    -0.590492    -0.801356
   -0.993769    0.0103566      0.11098
  -0.0572337     0.806977    -0.587803
   -0.101388    -0.900322      0.42325
   -0.992806    0.0643306    -0.100982
  -0.0636884     0.430444     0.900368
   0.0765425     -0.71688     0.692982
    0.991133   -0.0210041    -0.131203
    0.108612      0.69688     0.708916
  -0.0941378     0.371649    -0.923588
   -0.993963   -0.0875913    0.0660644
  -0.0563455     0.924232     0.377651
   0.0785801    -0.819377     0.567843
     0.99139   0.00438209    -0.130869
    0.104743     0.573238     0.812667
  -0.0816331    0.0271568    -0.996292
   -0.992361   -0.0949906    0.0787217
  -0.0925006     0.995108    0.0347037
   -0.108523    -0.840048     0.531547
   -0.991995    0.0567802    -0.112795
  -0.0645716     0.539533     0.839485
  -0.0787288    -0.586609    -0.806035
   -0.990805   -0.0432018     0.128217
   -0.110035     0.808717    -0.577813
  -0.0867966    -0.441959    -0.892826
   -0.990206   -0.0601024     0.126015
   -0.109354     0.895019    -0.432414
    0.118282     0.990526    0.0697635
    0.990445    -0.112671   -0.0795245
   0.0709109   -0.0785032     0.994389
    0.139921     0.984914     0.101814
    0.989864    -0.136612   -0.0388136
   0.0243191    -0.106213     0.994046
    0.150136      0.98194      0.11512
     0.98834     -0.14608   -0.0429427
   0.0253504    -0.120225     0.992423
   -0.175494    -0.694235     0.698025
   -0.984014     0.145512    -0.102674
   0.0302908     0.704886     0.708674
    0.164662     0.286431    -0.943845
    0.985639   -0.0841144     0.146427
  -0.0374496    -0.954401    -0.296168
   -0.177335    -0.434639    -0.882973
    -0.98379     0.102575     0.147091
   0.0266397     0.894744    -0.445784
   0.0738165     0.218837    -0.972965
    0.988925     0.109903    0.0997464
     0.12876    -0.969552    -0.208301
  -0.0600253     -0.62521    -0.778145
    -0.98683   -0.0801384     0.140511
   -0.150208     0.776331    -0.612166
   0.0581864    -0.141237    -0.988264
    0.982435     0.183918    0.0315587
    0.177302    -0.972742     0.149458
   0.0655104    -0.232098    -0.970484
    0.984103     0.175918    0.0243577
    0.165072    -0.956652     0.239933
   0.0451684     0.704522    -0.708243
    0.981415    -0.163657    -0.100207
    0.186507     0.690555      0.69882
   0.0546023     0.980832    -0.187048
    0.976874   -0.0912573    -0.193365
    0.206728     0.172165     0.963132
  -0.0419218    -0.998998   -0.0156638
   -0.976251    0.0442923    -0.212069
    -0.21255  -0.00640152     0.977129
   0.0448468     0.989091     -0.14031
    0.969448    -0.076995    -0.232901
    0.241164     0.125579     0.962325
   0.0610709    -0.253968    -0.965283
    0.978221     0.207436   0.00731256
    0.198377    -0.944707     0.261106
  -0.0538795    -0.583354     0.810429
   -0.970838     0.220473    0.0941546
   -0.233603    -0.781722    -0.578221
  -0.0537651    -0.789358    -0.611574
   -0.972581     0.180175    -0.147049
   -0.226265    -0.586899     0.777402
   0.0281806     0.994436    -0.101507
    0.975467   -0.0495383      -0.2145
    0.218335    0.0929723     0.971435
  -0.0309409    -0.984952    -0.170038
   -0.970467    0.0703226    -0.230755
    -0.23924    -0.157877     0.958039
   0.0136819    -0.998882   -0.0452488
    0.970077   0.00228919     0.242788
    0.242413    0.0472167    -0.969024
   0.0140694    -0.919484    -0.392876
     0.97464   -0.0751492     0.210782
    0.223335     0.385878    -0.895109
   0.0360478    -0.556951     0.829763
    0.982115    -0.133794    -0.132471
    0.184797     0.819698     0.542167
   0.0303224    -0.773435      0.63315
    0.981265   -0.0975409    -0.166147
    0.190262     0.626326     0.755987
   0.0495131      0.21233    -0.975943
    0.985609      0.14774    0.0821464
    0.161628    -0.965965    -0.201959
   0.0521825     0.290908    -0.955327
    0.986103     0.136083    0.0953024
    0.157728    -0.947024    -0.279765
  -0.0470766    -0.871785     0.487621
   -0.986681   -0.0355108    -0.158745
   -0.155707       0.4886     0.858502
  0.00314406    -0.748526     0.663098
   -0.976402     0.140893     0.163674
    -0.21594    -0.647965    -0.730419
  -0.0304315    -0.978314    -0.204877
   -0.979677    0.0698499    -0.188025
   -0.198259    -0.194992     0.960558
   0.0180981     0.996747    0.0785414
    0.977746  -0.00122229    -0.209788
     0.20901   -0.0805903     0.974587
   0.0507019     -0.92294    -0.381591
    0.982564   -0.0223373     0.184579
    0.178879     0.384296    -0.905715
   0.0640467     0.976549     0.205547
    0.983207   -0.0264779    -0.180564
    0.170887    -0.213659     0.961846
   0.0378409    -0.904232    -0.425362
    0.982114   -0.0449145      0.18285
    0.184443     0.424673     -0.88636
   0.0933823    -0.805354     0.585393
    0.985857  -0.00738418    -0.167424
    0.139158     0.592748     0.793275
   0.0735534     -0.82791     0.556017
    0.985585   -0.0248295    -0.167351
    0.152357     0.560311     0.814149
   -0.116879     0.478793    -0.870113
   -0.985994    -0.160899    0.0439078
   -0.118978     0.863058     0.490892
   0.0846247     0.955986    -0.280942
    0.985842    -0.121291    -0.115776
    0.144756     0.267167     0.952716
   -0.120347    -0.911882    -0.392412
   -0.986219     0.155024   -0.0577849
   -0.113526     -0.38005     0.917973
   -0.118044    -0.938259     0.325171
   -0.987302      0.14595    0.0627197
   -0.106306    -0.313638    -0.943573
    0.059433    -0.586026      0.80811
     0.98681   -0.0876248    -0.136119
     0.15058     0.805541     0.573088
    0.101618     0.987353    -0.121684
    0.987775    -0.114675    -0.105596
    0.118215     0.109466     0.986936
   0.0333956    -0.716925      0.69635
    0.981382    -0.108334      -0.1586
    0.189143     0.688682     0.699959
  0.00692141    -0.957392    -0.288709
    0.974862   -0.0578386      0.21517
    0.222701     0.282941    -0.932925
  0.00888577    -0.972659    -0.232067
    0.976305   -0.0417414     0.212333
    0.216214     0.228455    -0.949242
  0.00792735    -0.962815    -0.270045
   -0.971614    0.0564374    -0.229743
   -0.236441    -0.264201     0.935037
 3.14024e-05    -0.995483   -0.0949442
   -0.970496    0.0228623     -0.24003
   -0.241116   -0.0921505     0.966111
  0.00935784    -0.907146    -0.420712
   -0.973578    0.0877345     -0.21083
   -0.228164    -0.411569     0.882356
   -0.143914    -0.917684      0.37033
   -0.987462     0.157702   0.00705116
  -0.0648724    -0.364672    -0.928873
   -0.153945    -0.892252    -0.424485
   -0.985406     0.170221 -0.000427633
  -0.0726378    -0.418224     0.905435
   -0.169338     -0.78494    -0.595982
   -0.984986     0.155385    0.0752164
  -0.0335664    -0.599771     0.799468
    -0.15885    -0.827634      0.53832
   -0.986732     0.151616    -0.058069
  -0.0335583    -0.540402    -0.840738
   -0.167882    -0.833937     0.525703
    -0.98511     0.121872    -0.121264
   -0.037058     0.538234      0.84198
   -0.181975    -0.803445     0.566887
   -0.983287     0.145367    -0.109616
  0.00566416     -0.57736     -0.81647
    0.190801    -0.126458    -0.973449
    0.981618    0.0199084     0.189816
 -0.00462403    -0.991772     0.127932
   -0.157575    -0.870235     0.466756
   -0.987492     0.141515   -0.0695266
  -0.0055486    -0.471873    -0.881649
   -0.190189    -0.848864     0.493212
   -0.981635     0.172041   -0.0824332
    0.014878     0.499832     0.865995
   -0.167327    -0.927659     0.333841
   -0.985585     0.148816   -0.0804731
  -0.0249708     0.342494     0.939188
    0.132924     0.990499   -0.0352502
     0.98846    -0.135089   -0.0685365
   0.0726472    0.0257333     0.997026
   -0.139587    -0.798429     0.585684
   -0.987014    0.0647079    -0.147024
  -0.0794902     0.598601     0.797093
   -0.157475    -0.831136     0.533305
   -0.987361     0.142296    -0.069787
  -0.0178845    -0.537554    -0.843039
   -0.149806    -0.904163     0.400059
   -0.987595     0.156101   -0.0170166
  -0.0470636    -0.397645    -0.916332
   -0.149869    -0.867508     -0.47431
   -0.987496     0.155059    0.0284194
  -0.0488921    -0.472639     0.879899
   -0.141806    -0.938989     0.313355
   -0.987903     0.154313    0.0153427
  -0.0627613    -0.307388    -0.949512
    -0.13566     -0.82243     0.552454
   -0.988352     0.151156   -0.0176744
  -0.0689709    -0.548417    -0.833356
   -0.116874    -0.905333     0.408305
   -0.989356     0.142018    0.0317008
  -0.0866865    -0.400255    -0.912295
   -0.113013    -0.908253     0.402872
   -0.989928     0.137721    0.0327923
  -0.0852676    -0.395108    -0.914669
   -0.118966    -0.938318    -0.324663
   -0.988453      0.14283   -0.0505997
  -0.0938504    -0.314895     0.944475
  -0.0871291    -0.878828     0.469117
   -0.987534     0.138163    0.0754162
   -0.131093    -0.456698     -0.87991
  -0.0614066    -0.938668    -0.339312
   -0.984565     0.112787    -0.133832
   -0.163894    -0.325856     0.931105
  -0.0612516    -0.902192     0.426964
   -0.986756     0.119106     0.110117
   -0.150201    -0.414564    -0.897539
  -0.0380112    -0.904414      0.42496
   -0.981777     0.113041     0.152761
   -0.186197    -0.411409    -0.892229
  -0.0343286    -0.964154     0.263112
   -0.985134    0.0769838      0.15357
    -0.16832    -0.253929    -0.952464
  -0.0163768    -0.923047     0.384339
   -0.983192    0.0847723     0.161699
   -0.181837    -0.375231    -0.908921
 -0.00530198    -0.877917     0.478784
    -0.97905     0.102017     0.176221
   -0.203552    -0.467819    -0.860065
  -0.0304361    -0.880515     0.473039
   -0.988022    0.0981322     0.119092
   -0.151283    -0.463748    -0.872955
 -0.00532222    -0.916608     0.399753
   -0.987452    0.0679108     0.142568
   -0.157827    -0.393978    -0.905468
  -0.0118966    -0.984493    -0.175018
   -0.989801     0.036443    -0.137715
   -0.141958    -0.171595     0.974886
  -0.0468972    -0.964489    -0.259925
   -0.987472    0.0840105    -0.133568
   -0.150661    -0.250405     0.956347
   -0.069628    -0.948383     0.309388
   -0.987658     0.109154     0.112324
   -0.140297    -0.297749    -0.944279
   -0.088017    -0.996031   -0.0132098
   -0.986967    0.0889941    -0.134078
   -0.134721  -0.00123651     0.990883
   -0.109443    -0.993888   -0.0144392
   -0.986948     0.110382    -0.117261
   -0.118138  -0.00141747     0.992996
  -0.0948081    -0.956807      0.27483
   -0.987544      0.12522    0.0952726
   -0.125572    -0.262374    -0.956761
   0.0608542    -0.929194    -0.364548
      0.9885   0.00544745     0.151126
    0.138439     0.369552    -0.918839
  -0.0149354    -0.884423     0.466447
   -0.990345    0.0773835     0.115015
   -0.137817    -0.460225     -0.87704
    0.458991     0.887843   -0.0325944
    0.877689    -0.447441     0.171632
   -0.137798     0.107385     0.984622
   -0.503872    -0.329811    -0.798334
   -0.857976     0.298047     0.418385
   0.0999534     0.895764    -0.433148
   -0.477146    -0.424905    -0.769277
   -0.875699     0.303629     0.375447
   0.0740459     0.852798    -0.516964
   -0.507556    -0.636636     0.580587
    -0.85807     0.434577    -0.273604
   0.0781238     0.637053     0.766851
    0.535294    -0.221388    -0.815136
    0.838633    0.0241715      0.54416
   -0.100767    -0.974886     0.198602
    -0.48033     -0.61118    -0.629081
   -0.875435     0.378092     0.301099
   0.0538246     0.695346    -0.716657
   -0.521823    -0.520919    -0.675532
   -0.848837     0.395722     0.350543
   0.0847181     0.756338    -0.648672
   -0.497001    -0.542383    -0.677355
   -0.865393     0.367298     0.340863
   0.0639135     0.755588    -0.651922
    0.499921    -0.305663    -0.810339
    0.861738     0.082079      0.50067
  -0.0865243    -0.948595     0.304434
     0.54338    -0.114057    -0.831703
     0.83273   -0.0522156     0.551212
   -0.106297    -0.992101    0.0666055
   -0.521695    -0.423024    -0.740867
    -0.84702     0.360594     0.390551
    0.101939     0.831278     -0.54643
    0.540269    -0.168474    -0.824455
    0.832408    -0.036579     0.552955
   -0.123316    -0.985027     0.120476
    0.477218     0.260261    -0.839361
     0.87749    -0.192953     0.439067
  -0.0476857    -0.946062    -0.320457
   -0.482121    -0.634218    -0.604423
   -0.873821     0.298328     0.383975
   0.0632079     -0.71328     0.698023
    0.461302     0.832324     0.307307
    0.885869    -0.451349    -0.107337
  -0.0493636    -0.321748     0.945538
   -0.452875    -0.579319    -0.677712
   -0.890842     0.324813     0.317642
   0.0361136     0.747586    -0.663182
   -0.458688    -0.313022    -0.831639
   -0.887603     0.205669     0.412143
    0.042032      0.92721    -0.372177
   -0.424506    -0.434614    -0.794296
   -0.904676     0.239266      0.35258
    0.036812     0.868253    -0.494754
   -0.409035    -0.235835    -0.881517
   -0.911475     0.151787     0.382328
   0.0436369     0.959866    -0.277044
   -0.445742     -0.45884    -0.768622
     -0.8936     0.278777       0.3518
    0.052854     0.843652    -0.534282
   -0.371138    -0.764361    -0.527265
   -0.925555      0.25873     0.276418
   0.0748637    -0.590602     0.803483
      0.3688     0.161592    -0.915355
    0.928642    -0.106577     0.355339
  -0.0401357    -0.981086    -0.189366
   -0.350098     0.407752    -0.843309
   -0.934334   -0.0878802     0.345395
   0.0667255     0.908854     0.411743
   -0.318078      0.37004    -0.872867
    -0.94672   -0.0749621     0.313212
   0.0504689     0.925987     0.374168
    0.426342     0.903942    0.0335061
    0.898255    -0.427445     0.102122
   -0.106634    0.0134419     0.994207
   -0.526058     0.282747     -0.80207
   -0.836934  -0.00465304     0.547284
    0.151011     0.959183     0.239088
    0.507023     0.307857    -0.805079
     0.85217    -0.319228     0.414609
   -0.129363     -0.89628    -0.424202
    0.485334    -0.298863    -0.821664
    0.858937   -0.0125809     0.511926
   -0.163333    -0.954213     0.250598
    0.509101     -0.34576    -0.788205
    0.840654   0.00322281     0.541564
   -0.184711    -0.938318     0.292305
   -0.465803    -0.536803    -0.703471
   -0.874577      0.40029     0.273649
    0.134697     0.742705    -0.655931
    0.465236    -0.221834     -0.85694
    0.863609   -0.0986984     0.494407
   -0.194255    -0.970077     0.145659
   -0.442613    -0.443962    -0.779097
   -0.881073     0.376877     0.285786
    0.166745     0.812934    -0.557974
    0.427166   -0.0851602    -0.900154
    0.884069    -0.169434     0.435562
   -0.189609    -0.981855   0.00291107
   -0.490572    -0.715195    -0.497829
   -0.843759     0.247111     0.476452
    0.217737    -0.653782     0.724679
    0.451945    -0.035712    -0.891331
    0.863424    -0.233567     0.447153
   -0.224154    -0.971685   -0.0747248
   -0.479884     0.366814    -0.796969
   -0.841602    0.0641332     0.536277
    0.247826     0.928081     0.277935
   -0.426969     0.310655     -0.84923
   -0.893364  0.000474774     0.449333
    0.139991     0.950523     0.277325
    -0.41047     0.496322     -0.76497
   -0.897336   -0.0706531     0.435655
    0.162178     0.865259     0.474369
   -0.396243     0.516879    -0.758833
   -0.908214   -0.0994184     0.406527
    0.134683     0.850266      0.50883
   -0.414097  0.000194346    -0.910233
   -0.902944     0.126206     0.410808
    0.114957     0.992004   -0.0520862
    0.444783    -0.291897    -0.846738
    0.887693    0.0180255     0.460082
   -0.119034     -0.95628     0.267132
   -0.431363    -0.570025    -0.699284
   -0.897376     0.350967     0.267466
   0.0929627     0.742896    -0.662921
    0.468505   -0.0391143    -0.882594
    0.878958   -0.0801013     0.470125
  -0.0890856    -0.996019  -0.00314805
   -0.482434    -0.484204    -0.729934
   -0.868654     0.371671     0.327569
    0.112685      0.79209    -0.599913
   -0.450255    -0.619576    -0.642959
   -0.889868      0.37066     0.265982
    0.073523     0.691908    -0.718232
   -0.384588    -0.522128    -0.761233
   -0.920383     0.279984     0.272953
   0.0706162       0.8056    -0.588236
    0.394088     0.875351     0.280099
    0.915742    -0.399904   -0.0386534
  -0.0781773    -0.271731     0.959193
   -0.393697     0.594474    -0.701145
   -0.915435    -0.184222     0.357827
   0.0835523     0.782728      0.61673
   -0.409165    -0.825705    -0.388325
   -0.909401     0.334201     0.247586
    0.074654    -0.454446      0.88764
    0.406214      0.37933    -0.831323
    0.910655    -0.243199     0.334008
  -0.0754782    -0.892728     -0.44423
    0.413358     0.906043     0.090665
    0.907335    -0.418227     0.042766
  -0.0766664   -0.0645858     0.994963
   -0.416381    -0.771102     0.481694
   -0.907034     0.388774    -0.161694
    0.062587     0.504239     0.861293
   -0.421529    -0.677321     0.602951
   -0.904541     0.361121    -0.226711
   0.0641818     0.640959     0.764887
   -0.432299    -0.585099    -0.686132
   -0.900472     0.320293     0.294214
   0.0476189     0.745031    -0.665328
    0.418662   -0.0605124    -0.906124
    0.905508    -0.048127     0.421592
  -0.0691205    -0.997007    0.0346455
   -0.426667     -0.69371     0.580278
   -0.902978     0.362823    -0.230196
   0.0508488     0.622195     0.781209
   -0.426881    -0.382876    -0.819255
    -0.90242      0.23886     0.358585
   0.0583941     0.892386     -0.44748
   -0.429527    -0.697928     0.573065
   -0.900358     0.379968    -0.212085
   0.0697265      0.60706     0.791591
   -0.444728    -0.698125     0.561104
    -0.89438     0.379693    -0.236467
    0.047964     0.607004      0.79325
   -0.421106     0.380327     -0.82342
   -0.903156   -0.0922082     0.419293
   0.0835425     0.920244     0.382324
    0.401509    -0.106378    -0.909656
    0.909844    -0.067277     0.409459
   -0.104756    -0.992047    0.0697749
    -0.39708     -0.77632    -0.489545
   -0.913104     0.280363     0.296038
   0.0925703    -0.564556     0.820187
   -0.379937    -0.854123     0.355136
    -0.91941     0.390884   -0.0435169
    0.101648     0.343049     0.933801
   -0.384624     0.473718    -0.792247
   -0.915447   -0.0856624     0.393215
    0.118407       0.8765     0.466612
   -0.378919    -0.782806     0.493594
   -0.921575      0.36782    -0.124131
   0.0843836     0.501919     0.860789
    0.420117     0.062766    -0.905297
    0.905458   -0.0953915     0.413578
  -0.0603989    -0.993459   -0.0969076
   -0.412587    -0.262588    -0.872249
   -0.909272     0.176264     0.377036
    0.054741     0.948672    -0.311488
    0.373719     0.176341    -0.910625
    0.925333    -0.138591     0.352917
  -0.0639709    -0.974524    -0.214969
   -0.374171     -0.59877    -0.708146
   -0.924092     0.304794     0.230555
    0.077789     0.740659    -0.667363
    -0.38125    -0.263712    -0.886061
   -0.923368     0.155446     0.351038
    0.045162     0.951994    -0.302767
   -0.336794    -0.424725    -0.840344
   -0.938723     0.220908     0.264572
   0.0732686     0.877957      -0.4731
   -0.334905    -0.354477    -0.873032
   -0.940667     0.179491     0.287972
   0.0546221     0.917676    -0.393557
    0.288062     0.223355      -0.9312
    0.955551    -0.130807      0.26422
  -0.0627924     -0.96592    -0.251108
   -0.337182    -0.504842    -0.794634
   -0.936577     0.265557       0.2287
   0.0955632     0.821349    -0.562364
   -0.281543    -0.375632    -0.882969
    -0.95588     0.190183     0.223884
   0.0838279     0.907045    -0.412604
   -0.293361    -0.443626    -0.846839
   -0.949348     0.239513     0.203401
    0.112595     0.863614    -0.491419
     0.35133     0.223676     -0.90914
      0.9352    -0.129856     0.329452
  -0.0443669    -0.965974    -0.254804
    0.289533    -0.136005    -0.947456
    0.955909   -0.0096586     0.293503
  -0.0490689    -0.990661     0.127212
    -0.40575    -0.493343    -0.769402
   -0.913167     0.254412     0.318436
   0.0386472     0.831798    -0.553732
   -0.432597    -0.617466     -0.65696
   -0.900879     0.324912     0.287835
   0.0357263     0.716358    -0.696818
   -0.424933    -0.638247     0.641929
   -0.904194     0.333093    -0.267361
   0.0431796     0.694039     0.718641
   -0.472868     0.589747     -0.65467
   -0.838443   -0.0726967      0.54012
    0.270942     0.804309     0.528845
    0.445689    -0.314608    -0.838083
    0.862032    -0.101603     0.496566
   -0.241376    -0.943768     0.225919
    -0.44651    -0.782137    -0.434615
   -0.858165     0.236806     0.455494
     0.25334    -0.576354      0.77694
   -0.478637    -0.651012    -0.589144
   -0.829584     0.115548     0.546295
     0.28757    -0.750221     0.595375
   -0.424825    -0.671564    -0.607063
   -0.879302     0.146628     0.453131
    0.215294    -0.726293     0.652799
   -0.457646    -0.665585    -0.589539
   -0.849048     0.130292     0.511998
    0.263966    -0.734861     0.624741
    0.433129     0.859462    -0.271524
    0.875817    -0.330147     0.352061
    -0.21294     0.390293     0.895728
    0.450718   -0.0642089    -0.890354
    0.869826    -0.192592     0.454215
    -0.20064    -0.979176   -0.0309541
   -0.489771     0.565349    -0.663706
   -0.818798   -0.0367624     0.572904
    0.299491     0.824032     0.480912
    0.478277    -0.181778     -0.85919
    0.838138    -0.197675     0.508379
   -0.262252    -0.963266    0.0578119
    0.508421    0.0805289    -0.857335
     0.80252    -0.405279     0.437847
   -0.312201    -0.910639    -0.270678
    0.405866     0.859394     -0.31099
    0.897289    -0.310051     0.314231
   -0.173625     0.406583     0.896964
    0.427522      0.88064     0.204202
    0.892676    -0.446901    0.0583763
   -0.142667    -0.157329     0.977187
    0.416679     0.902793     0.106505
    0.904522     -0.42343    0.0504675
  -0.0906593   -0.0753078     0.993031
   -0.390378     -0.59646    -0.701313
   -0.911669      0.35661     0.204177
    0.128312     0.719072    -0.682987
   -0.397058    -0.649604    -0.648351
    -0.90027     0.138285     0.412785
    0.178489     -0.74759     0.639727
   -0.382342    -0.464011    -0.799067
     -0.9134      0.32053      0.25092
    0.139695     0.825805     -0.54638
    0.398246   -0.0911764    -0.912736
     0.90052    -0.150475     0.407948
    -0.17454      -0.9844    0.0221799
    0.416665    -0.378287    -0.826613
    0.885681   -0.0359684       0.4629
   -0.204841    -0.924989     0.320055
   -0.382756    -0.725175      0.57238
   -0.912528     0.393458    -0.111726
    0.144186     0.565077     0.812341
   -0.527796    -0.483347    -0.698431
    -0.79219     0.576738     0.199519
    0.306375     0.658596    -0.687303
   -0.492711    -0.282123     -0.82319
   -0.835581     0.417532     0.357031
    0.242982     0.863755     -0.44146
   -0.504759    -0.380704    -0.774779
   -0.832815     0.451003     0.320959
    0.227237     0.807255    -0.544704
   -0.522868    -0.425328    -0.738719
   -0.798876     0.546796     0.250621
    0.297332     0.721186    -0.625687
    -0.48287    -0.322473    -0.814155
   -0.863589     0.329402     0.381719
     0.14509     0.887415    -0.437542
    0.489758     0.871128   -0.0356736
    0.842893    -0.462631      0.27478
   -0.222865     0.164645     0.960845
    0.480938     0.827849    -0.288729
    0.863205    -0.389421      0.32129
   -0.153543     0.403754     0.901891
   -0.461152    -0.748533    -0.476483
   -0.872803     0.285914     0.395561
    0.159858     -0.59829     0.785172
   -0.507622    -0.861398    -0.017712
   -0.809827     0.470013     0.351095
    0.294107    -0.192567     0.936172
   -0.477958    -0.832259    -0.280893
   -0.847067     0.352089     0.398135
    0.232452    -0.428226     0.873263
    0.471078     0.873032    -0.126094
    0.830431    -0.390732     0.397131
    -0.29744     0.291792     0.909058
   -0.469555    -0.704852    -0.531697
   -0.880575      0.33017     0.339963
    0.064073     -0.62783     0.775709
   -0.448585    -0.716289    -0.534511
   -0.890766      0.30957      0.33272
   0.0728554    -0.625377     0.776914
   -0.423154     0.574244    -0.700845
   -0.906058     -0.26819     0.327313
-2.43156e-06      0.77351     0.633784
   -0.448496     0.535265    -0.715781
   -0.893771    -0.273096     0.355799
 -0.00502995     0.799318     0.600887
    -0.46303    -0.450486    -0.763326
   -0.883036     0.308778     0.353416
   0.0764896     0.837686    -0.540769
   -0.450648    -0.349625    -0.821388
   -0.892657     0.185663     0.410722
   0.0089021     0.918309    -0.395764
   -0.450003    -0.664365     0.596755
    -0.88484     0.421985    -0.197449
    0.120643     0.616885     0.777752
   -0.465334    -0.427084    -0.775283
    -0.86843     0.389654     0.306591
    0.171152     0.815946    -0.552212
      0.4374     0.897936    0.0489036
    0.897594    -0.439256    0.0371362
  -0.0548272   -0.0276521     0.998113
   -0.427697     -0.73217    -0.530096
   -0.894345     0.427904     0.130562
   -0.131237    -0.529929     0.837826
   -0.440407     0.535635    -0.720512
   -0.886302    -0.387403     0.253746
   -0.143214     0.750343     0.645349
   -0.433822    -0.659157    -0.614256
   -0.891918     0.410728      0.18917
     -0.1276    -0.629932     0.766097
   -0.446512    -0.738232    -0.505609
   -0.886554     0.441441     0.138391
   -0.121031    -0.510043     0.851591
   -0.459125    -0.730919    -0.504937
   -0.876895     0.463939     0.125762
   -0.142338    -0.500517     0.853945
   -0.439554     0.456016    -0.773849
   -0.894321    -0.302337     0.329821
  -0.0835593     0.837043     0.540718
    0.446885     0.769945    -0.455498
    0.889591    -0.436228     0.135398
   0.0944521     0.465714      0.87988
    0.434788     0.839979     0.324644
    0.899126    -0.384775    -0.208618
     0.05032      -0.3826     0.922543
    0.418108     0.904998     0.078509
     0.90838    -0.416007   -0.0422314
  0.00555897   -0.0889733     0.996018
    0.464487     0.880418    0.0954773
    0.877151    -0.442546    -0.186438
    0.121891    -0.170346     0.977816
    0.427563     0.881457     0.200559
    0.902854    -0.405287    -0.143519
    0.045222    -0.242439     0.969112
    0.447676     0.865636     -0.22419
    0.890125    -0.455301    0.0194568
   0.0852313     0.208267     0.974351
    -0.43176    -0.663281     0.611262
   -0.901987     0.316377    -0.293811
  -0.0014904     0.678206      0.73487
    0.415637     0.908517   -0.0429145
    0.908345    -0.412225    0.0705729
  -0.0464262    0.0683139     0.996583
   -0.445799    -0.895118    0.0050803
   -0.894302     0.445134   -0.0455992
  -0.0385552    0.0248714     0.998947
   -0.437768     0.537935    -0.720406
   -0.897805    -0.304336     0.318316
  -0.0480123     0.786133      0.61619
   -0.430887    -0.758227    -0.489313
   -0.896397     0.422101     0.135286
   -0.103962    -0.496912     0.861551
    -0.42062    -0.660363    -0.622093
   -0.902495     0.374576     0.212591
  -0.0926342    -0.650856     0.753529
   -0.420263    -0.699368    -0.578156
   -0.905638     0.362991     0.219218
  -0.0565519    -0.615729     0.785926
   -0.414068     0.584281    -0.697971
   -0.901673    -0.368274     0.226626
   -0.124632      0.72318     0.679321
   -0.413975    -0.645653     0.641683
   -0.910084     0.278633    -0.306774
  -0.0192755     0.710983     0.702945
   -0.400268    -0.775964     0.487509
   -0.916398     0.339413    -0.212165
 0.000834538     0.531675     0.846948
   -0.381959    -0.619253    -0.686028
    -0.92306     0.292155     0.250213
   0.0454814     0.728815    -0.683198
   -0.389701    -0.189283     -0.90128
   -0.920422     0.112916     0.374263
   0.0309275     0.975409    -0.218224
   -0.375968    -0.428163    -0.821781
   -0.923583     0.245039     0.294873
   0.0751148     0.869846    -0.487571
   -0.371008    -0.788159     0.491079
   -0.925531     0.357004    -0.126259
   0.0758047     0.501352     0.861917
   -0.369466    -0.507234    -0.778594
   -0.924051     0.289005     0.250211
   0.0981022     0.811905    -0.575488
   -0.378827    -0.585172    -0.716982
   -0.923572     0.288595     0.252442
   0.0591949     0.757817    -0.649777
    -0.37209    -0.800957    -0.469059
   -0.919776     0.250254     0.302299
    0.124745    -0.543912     0.829818
   -0.378311    -0.574594    -0.725756
   -0.919086      0.32656     0.220544
    0.110279     0.750467    -0.651643
   -0.388588    -0.760314     0.520501
   -0.916866     0.375106    -0.136569
   0.0914079     0.530299     0.842868
   -0.392298    -0.709462     0.585462
   -0.919121     0.327463    -0.219052
   0.0363082     0.624044     0.780545
   -0.665992    0.0203078    -0.745683
   -0.571418     0.628692     0.527473
    0.479516     0.777389    -0.407099
   -0.679669     0.425154    -0.597741
   -0.576482     0.194277     0.793678
    0.453563     0.884025      0.11305
   -0.664511    -0.589735     0.458953
   -0.629859     0.772508    0.0806773
    0.402123     0.235465      0.88479
   -0.672716    -0.590315     0.446073
   -0.627252     0.774764    0.0793419
    0.392438     0.226426     0.891473
    0.683121     0.713345     0.156476
    0.580177    -0.660222     0.476971
   -0.443554     0.235045     0.864878
   -0.660777    -0.314444    -0.681542
   -0.668641     0.659147     0.344158
    0.341018     0.683118    -0.645799
    -0.67349    -0.500238    -0.544218
   -0.627214     0.776326    0.0626111
    0.391171     0.383509    -0.836604
   -0.657962   -0.0207989    -0.752763
   -0.673664     0.462994     0.576032
