  -0.0438035    -0.782766     0.620773
   -0.996191   -0.0126711   -0.0862717
   0.0753964    -0.622187    -0.779229
  -0.0602393    -0.897775     0.436315
   -0.996576    0.0292951   -0.0773126
   0.0566275    -0.439478    -0.896467
  -0.0962922    -0.877444     0.469914
    -0.99442    0.0643686   -0.0835792
   0.0430884     -0.47534    -0.878746
   -0.112077    -0.940999      0.31931
   -0.992853    0.0927781   -0.0750739
   0.0410195    -0.325442    -0.944672
    -0.13106    -0.908374      0.39709
   -0.990874     0.107297   -0.0815873
   0.0315052    -0.404158    -0.914146
    -0.13039    -0.892504     0.431782
   -0.991313      0.10978   -0.0724397
   0.0172518    -0.437476    -0.899065
   -0.138835    -0.859545     0.491841
   -0.990261     0.115288   -0.0780504
   0.0103846    -0.497887     -0.86718
   -0.133127    -0.899493      0.41616
   -0.990722     0.109194   -0.0809111
   0.0273366     -0.42307    -0.905684
   -0.131138    -0.834929     0.534505
   -0.991355      0.10807   -0.0744111
  0.00436379    -0.539642    -0.841883
   -0.131909    -0.927699     0.349248
   -0.990812     0.112786   -0.0746336
    0.029847    -0.355885    -0.934053
   -0.122856    -0.787141     0.604413
   -0.992424    0.0972314   -0.0750992
  0.00034577    -0.609061    -0.793124
   -0.111858    -0.862565     0.493426
   -0.993601    0.0892566   -0.0692159
   0.0156618     -0.49801     -0.86703
   -0.135478    -0.833446     0.535737
   -0.978628     0.196996    0.0589907
    0.154704     0.516295     0.842322
    0.169705     0.963522     0.206945
    0.969087    -0.201318     0.142626
   -0.179085    -0.176343     0.967901
   -0.144714    -0.883139     0.446232
   -0.975847     0.201971    0.0832538
    0.163651     0.423406     0.891037
   -0.170336    -0.681793    -0.711438
   -0.968946   -0.0154443      0.24679
    0.179247    -0.731382      0.65799
   -0.191883    -0.822494    -0.535429
    -0.96246    0.0509891     0.266592
    0.191969    -0.566483     0.801402
    0.144633     0.261429    -0.954325
    0.975782    -0.197641    0.0937432
   -0.164107    -0.944771    -0.283683
   -0.191982    -0.772811    -0.604902
   -0.963984    0.0328953     0.263919
    0.184061    -0.633784     0.751292
   -0.171105    -0.706982    -0.686221
   -0.970413  0.000499571     0.241452
    0.170359    -0.707231      0.68615
   -0.188569    -0.671846    -0.716285
   -0.966755  -0.00127489     0.255703
    0.172706     -0.74069      0.64927
    -0.20907    -0.806618    -0.552862
    -0.95822    0.0561259     0.280473
    0.195204    -0.588402     0.784652
   -0.205488    -0.764941    -0.610443
   -0.961066    0.0399842     0.273412
    0.184736    -0.642859     0.743374
   -0.217928    -0.798766    -0.560786
   -0.956612    0.0609646     0.284915
    0.193392    -0.598545     0.777395
   -0.151297     -0.87318    -0.463321
   -0.976163    0.0581961     0.209089
    0.155609    -0.483912     0.861171
   -0.170512    -0.887698    -0.427688
    -0.97296    0.0830493     0.215527
    0.155804    -0.452873     0.877856
   -0.154491    -0.875471     0.457911
   -0.979097    0.0736029     -0.18961
    0.132295    -0.477632    -0.868542
   -0.127128    -0.876503     0.464307
   -0.983779     0.051693    -0.171776
    0.126561    -0.478613    -0.868857
    0.125655     0.979949    -0.154629
    0.981275   -0.0998333     0.164719
   -0.145979     0.172431     0.974145
  -0.0966001     -0.91348      0.39525
   -0.988848     0.042855    -0.142633
    0.113354     -0.40462    -0.907432
  -0.0872096    -0.867365     0.489972
   -0.988136     0.137736    0.0679474
    0.126422     0.478233     0.869086
    -0.11621    -0.783344     0.610629
   -0.982191     0.182021    0.0465828
    0.147637     0.594341     0.790546
  -0.0791751    -0.850157     0.520542
   -0.989265     0.131346    0.0640485
    0.122823     0.509883     0.851431
  -0.0571515    -0.896041     0.440276
   -0.993912   0.00945877    -0.109768
    0.094192     -0.44387    -0.891127
  -0.0460905    -0.572595    -0.818542
   -0.993093     0.114773    -0.024368
    0.107899     0.811765     -0.57393
  -0.0194259    -0.856382     0.515976
   -0.997089    -0.021461   -0.0731588
   0.0737253    -0.515896    -0.853473
   -0.111135    -0.821176     0.559749
   -0.983549     0.171592    0.0564545
    0.142407     0.544266     0.826737
   -0.216123    -0.730029    -0.648343
   -0.959689    0.0366281     0.278666
    0.179686    -0.682434     0.708517
   -0.208932    -0.799174    -0.563621
   -0.962831    0.0672194     0.261606
    0.171182     -0.59733     0.783514
   -0.202527     -0.80083    -0.563608
   -0.968013    0.0766745     0.238899
    0.148103    -0.593963     0.790742
   -0.205045    -0.762744    -0.613333
   -0.966624    0.0594658     0.249203
    0.153606    -0.643961      0.74948
    -0.19722    -0.805585    -0.558692
   -0.969612    0.0761325     0.232499
    0.144763    -0.587568      0.79612
   -0.188408    -0.783961     -0.59153
   -0.974031    0.0721558     0.214609
    0.125563    -0.616603     0.777197
   -0.187407    -0.822718    -0.536669
   -0.975058    0.0896714     0.203028
    0.118911    -0.561332     0.819003
   -0.169994     -0.88848     0.426268
   -0.982645     0.185415  -0.00540984
   0.0742302      0.41979     0.904581
   -0.186605    -0.767962    -0.612709
   -0.974613    0.0661637     0.213897
    0.123726    -0.637068     0.760813
   -0.169503    -0.731879     0.660016
   -0.982007     0.182001   -0.0503787
   0.0832524      0.65668      0.74956
   -0.166575    -0.778625     0.604975
   -0.982636     0.181941   -0.0363963
   0.0817307     0.600533     0.795412
   -0.186622    -0.816823    -0.545868
   -0.976428    0.0928828     0.194835
    0.108444    -0.569361     0.814903
   -0.172968    -0.674056     0.718144
   -0.982476     0.169492   -0.0775472
   0.0694486     0.718972      0.69156
    0.175319     0.971051     0.162247
    0.982433     -0.18326    0.0352312
  -0.0639447     -0.15322     0.986121
   -0.179449    -0.730505    -0.658908
   -0.979066    0.0672106     0.192128
   0.0960651    -0.679592     0.727273
   -0.189956    -0.888452    -0.417815
   -0.972697     0.112513     0.202979
    0.133327    -0.444965     0.885568
   -0.179068    -0.903852    -0.388569
   -0.976701     0.115835      0.18066
     0.11828    -0.411866     0.903535
   -0.184421    -0.761998    -0.620764
   -0.971389    0.0451532     0.233161
    0.149639    -0.646003     0.748524
   -0.199079    -0.818796    -0.538461
   -0.966587      0.07352      0.24557
    0.161484    -0.569357     0.806074
    -0.17045    -0.836355    -0.521015
    -0.97703    0.0748166     0.199536
    0.127902    -0.543059     0.829897
   -0.134262     -0.90875     0.395154
   -0.989997     0.105562   -0.0936097
   0.0433547     -0.40377    -0.913833
    -0.14019    -0.898508     0.415968
   -0.988879      0.10599     -0.10433
   0.0496529    -0.425968    -0.903375
   -0.158729    -0.915135     0.370584
   -0.984732     0.119569    -0.126513
   0.0714662    -0.385007    -0.920142
   -0.140141    -0.885966     0.442068
   -0.988809     0.102158    -0.108725
   0.0511656    -0.452358    -0.890368
   -0.150503    -0.913733     0.377413
   -0.985926     0.110616    -0.125358
   0.0727958    -0.390968    -0.917521
   -0.127101    -0.890246     0.437388
   -0.989501     0.083218    -0.118161
   0.0687937    -0.447814    -0.891476
   -0.130632    -0.906175     0.402222
   -0.990101     0.098234    -0.100247
   0.0513298    -0.411336    -0.910037
    -0.15849    -0.925039     0.345229
   -0.981627     0.109997    -0.155916
    0.106254    -0.363598    -0.925477
   -0.139792    -0.929923     0.340148
   -0.984866    0.0950345     -0.14494
    0.102458    -0.355262    -0.929135
   -0.163771      -0.8896      0.42637
   -0.981973     0.105653     -0.15674
   0.0943885    -0.444353    -0.890866
   -0.164789    -0.867765     0.468858
   -0.983889     0.111208    -0.139981
   0.0693299    -0.484372    -0.872111
   -0.151161    -0.892927     0.424066
   -0.986721     0.110506    -0.119039
   0.0594311    -0.436429    -0.897774
   -0.136778    -0.877294     0.460052
   -0.989826     0.102661   -0.0985159
    0.039198    -0.468846     -0.88241
   -0.161628    -0.890277    -0.425774
   -0.985949     0.127229     0.108244
    0.042196    -0.437287     0.898332
   -0.122714    -0.928231      0.35118
    -0.99194     0.103462   -0.0731502
   0.0315666    -0.357326    -0.933446
   -0.114412    -0.898736       0.4233
   -0.992554    0.0854869   -0.0867699
   0.0417967    -0.430076    -0.901825
  -0.0874295    -0.870851     0.483709
   -0.995331    0.0564298   -0.0783101
   0.0409008    -0.488298    -0.871718
  -0.0900473    -0.861849     0.499107
   -0.994537    0.0512506   -0.0909327
   0.0527907    -0.504569    -0.861756
   -0.054771    -0.834883     0.547696
   -0.997054    0.0162339   -0.0749618
   0.0536931    -0.550189    -0.833312
   -0.058014    -0.869787     0.490005
   -0.996964     0.024938   -0.0737687
   0.0519433    -0.492797    -0.868593
  -0.0243867     -0.82618     0.562878
    -0.99809   -0.0118507   -0.0606365
   0.0567672    -0.563282    -0.824313
  -0.0295262    -0.807242     0.589482
   -0.997257    -0.016252   -0.0722066
   0.0678685    -0.589997    -0.804548
  -0.0522575    -0.883636      0.46525
   -0.996184    0.0135152   -0.0862237
   0.0699024     -0.46798     -0.88097
  -0.0258734    -0.847885     0.529549
   -0.998033  -0.00834599   -0.0621263
   0.0570956    -0.530115    -0.846001
   -0.089459    -0.866742     0.490668
   -0.992542     0.036623    -0.116268
   0.0828051     -0.49741    -0.863555
   -0.119618    -0.907574     0.402493
   -0.988664    0.0718324    -0.131849
   0.0907511    -0.413701    -0.905878
   -0.113511    -0.896214     0.428853
   -0.991551    0.0749109      -0.1059
   0.0627834    -0.437251    -0.897146
   -0.138803    -0.866442     0.479596
   -0.989533     0.140651   -0.0322856
   0.0394823     0.479057     0.876895
   -0.142073    -0.877743     0.457583
   -0.989175     0.143037   -0.0327488
    0.036706     0.457282     0.888564
   -0.114315    -0.774305     0.622401
   -0.993328    0.0794816   -0.0835615
  -0.0152327     0.627801     0.778225
   -0.107344    -0.738078     0.666122
    -0.99417    0.0728125   -0.0795299
  -0.0101972     0.670776      0.74159
    -0.11549    -0.785178     0.608406
   -0.993181    0.0814575   -0.0834038
  -0.0159276      0.61389     0.789231
  -0.0779381    -0.811382     0.579297
   -0.994883    0.0258244   -0.0976802
   -0.064296     0.583945     0.809243
   0.0852134    -0.743847     0.662895
    0.994593    0.0238649    -0.101073
    0.059363     0.667924     0.741859
  -0.0621109    -0.349884    -0.934732
   -0.993072   -0.0719401    0.0929157
  -0.0997544     0.934027    -0.342992
  -0.0821195    -0.773316      0.62868
   -0.995197     0.029904   -0.0932109
  -0.0532814     0.633315     0.772058
  -0.0634541    -0.684957    -0.725815
   -0.993473   -0.0257237      0.11113
  -0.0947898     0.728129    -0.678854
  -0.0663661    -0.571304    -0.818051
   -0.993532   -0.0378739     0.107052
  -0.0921423     0.819864    -0.565095
   0.0905776     0.606097    -0.790217
    0.993909  -0.00500446     0.110087
   0.0627689    -0.795375    -0.602858
  -0.0654902    -0.514442    -0.855021
   -0.993028   -0.0505602     0.106481
  -0.0980086     0.856033    -0.507544
  -0.0709097    -0.516034    -0.853628
   -0.991956   -0.0534799      0.11473
   -0.104857     0.854897    -0.508091
  -0.0907043    -0.498037    -0.862399
   -0.992778   -0.0230501     0.117729
  -0.0785116     0.866849     -0.49235
    0.120495    -0.735339     0.666901
    0.992584    0.0783871   -0.0929085
   0.0160428      0.67315     0.739332
    0.126304    -0.658877     0.741572
    0.991579       0.0623    -0.113532
   0.0286037     0.749667     0.661197
    0.151663     0.686123     0.711501
    0.987965    -0.127371   -0.0877652
  -0.0304069    -0.716249     0.697183
   -0.147834    -0.600183    -0.786083
    -0.98835     0.118739    0.0952144
   0.0361922        0.791    -0.610744
   -0.159027    -0.551122    -0.819131
   -0.987021     0.107536      0.11927
   0.0223536     0.827466     -0.56107
  -0.0571726    -0.804083     0.591761
   -0.991859   -0.0218072    -0.125459
   -0.113784     0.594117     0.796291
   0.0555686     0.956844      0.28524
    0.991101   -0.0182515    -0.131855
    0.120959    -0.290029     0.949343
  -0.0464906    -0.894322    -0.445002
   -0.986802     0.110292     -0.11856
   -0.155111    -0.433617     0.887647
  -0.0447947    -0.912601     -0.40639
   -0.987684     0.101502    -0.119068
   -0.149911    -0.396051     0.905908
   -0.041802    -0.348479    -0.936384
   -0.985147    -0.141848     0.096768
   -0.166545     0.926521    -0.337373
  -0.0312987     0.642148    -0.765941
   -0.980359    -0.169016    -0.101638
   -0.194723     0.747716     0.634826
   0.0287336     0.949417      -0.3127
    0.978771    -0.090232    -0.184024
    0.202931     0.300774     0.931855
  -0.0167492    -0.714589     0.699344
   -0.973112     0.172352     0.152803
   -0.229724    -0.677981    -0.698261
  -0.0280839    -0.677554     0.734937
   -0.981213     0.159074     0.109159
    -0.19087    -0.718064    -0.669293
   -0.016002    -0.625173     0.780322
   -0.972958     0.189589     0.131941
   -0.230426    -0.757109    -0.611301
  -0.0119706    -0.594112     0.804293
    -0.97452     0.187105     0.123706
   -0.223982    -0.782319    -0.581214
  -0.0237446    -0.534495     0.844838
   -0.977853     0.188192    0.0915784
    -0.20794    -0.823953    -0.527126
  -0.0129011    -0.480536      0.87688
   -0.972439     0.210203     0.100886
   -0.232802     -0.85141    -0.470004
 -0.00793792    -0.492373     0.870348
   -0.972435     0.206639     0.108031
   -0.233039    -0.845499    -0.480441
     0.02038    -0.102659    -0.994508
    0.978131     0.207985   -0.0014251
    0.206989     -0.97273     0.104653
  -0.0368998    -0.474937    -0.879246
   -0.984241    -0.134992     0.114224
   -0.172941     0.869604    -0.462471
   0.0331332    -0.589886     0.806807
    0.983997    -0.122156    -0.129723
    0.175078     0.798193     0.576398
   0.0530911    -0.653284     0.755249
    0.990266   -0.0630068    -0.124112
    0.128666     0.754487     0.643579
  -0.0524088    -0.832881     0.550965
   -0.990586   -0.0265109    -0.134302
   -0.126464     0.552816     0.823651
   0.0548075    -0.633444     0.771845
    0.989863   -0.0669639    -0.125245
    0.131021     0.770886     0.623353
  0.00447811    -0.897879    -0.440219
   -0.980558    0.0824197     -0.17808
   -0.196177    -0.432458     0.880054
 -0.00913101    -0.962142    -0.272394
   -0.984451    0.0564368    -0.166344
    -0.17542     -0.26664     0.947698
  -0.0199529    -0.823558      0.56688
   -0.981595     0.123845     0.145371
   -0.189927    -0.553547    -0.810872
  -0.0342058    -0.917204     0.396946
   -0.986781    0.0939476     0.132047
   -0.158406    -0.387182    -0.908294
  -0.0274221    -0.980036     0.196918
   -0.989266    0.0548906     0.135422
   -0.143527    -0.191091    -0.971022
  -0.0418544   -0.0237457    -0.998842
   -0.984439     -0.16979    0.0452874
   -0.170669     0.985194   -0.0162697
  -0.0464154    -0.921243     0.386209
   -0.990446    0.0927029     0.102095
   -0.129857    -0.377781    -0.916744
   0.0624914    -0.648947     0.758263
    0.988826   -0.0627723    -0.135216
    0.135346      0.75824     0.637773
  -0.0733829    -0.997098    0.0202803
   -0.991304    0.0706992    -0.110982
   -0.109227    0.0282482     0.993615
  -0.0366311    -0.939828     0.339679
   -0.992014    0.0752504     0.101225
   -0.120695    -0.333258    -0.935079
   -0.060504    -0.920767     0.385393
   -0.993642    0.0922839    0.0644864
  -0.0949424    -0.379041    -0.920497
  -0.0536179    -0.917454     0.394213
   -0.996044    0.0771561    0.0440913
  -0.0708676    -0.390289    -0.917961
   0.0590097    -0.543464     0.837356
    0.989495   -0.0790499    -0.121037
    0.131972     0.835702     0.533091
    0.077556     0.952226     0.295382
    0.990498   -0.0398416    -0.131629
    0.113572    -0.302784     0.946268
  -0.0359623    -0.424711    -0.904614
   -0.984467    -0.140599     0.105147
   -0.171846     0.894344    -0.413058
  -0.0181138    -0.200877     0.979449
   -0.978096     0.206729    0.0243096
   -0.207364    -0.957555    -0.200221
   0.0128921     0.996611    0.0812443
    0.978578   0.00412108    -0.205837
    0.205474   -0.0821575     0.975208
  -0.0019536    -0.328961     0.944342
   -0.974597     0.212119    0.0718751
   -0.223957    -0.920212    -0.321018
 -0.00290212    -0.403696     0.914889
   -0.972608      0.21379      0.09125
   -0.232431    -0.889564    -0.393258
   0.0005911    -0.522265     0.852783
   -0.976171     0.184752     0.113823
      -0.217     -0.83253    -0.509711
  -0.0730094    -0.921944      0.38038
   -0.995895    0.0878554    0.0217889
  -0.0535066    -0.377227    -0.924574
  -0.0816195    -0.917988     0.388118
    -0.99525    0.0958053    0.0173049
  -0.0530695    -0.384862    -0.921447
   -0.101813    -0.889651     0.445146
   -0.994445     0.103024   -0.0215494
  -0.0266891    -0.444868    -0.895199
  -0.0923013     -0.91327     0.396761
   -0.995192     0.097726  -0.00657143
  -0.0327723    -0.395459    -0.917899
   -0.129685    -0.923864     0.360079
   -0.991476      0.12541   -0.0353175
   -0.012529     -0.36159    -0.932253
   -0.116188    -0.889317     0.442284
   -0.993219     0.102224   -0.0553731
  0.00403204    -0.445719    -0.895164
   -0.133625     -0.92303     0.360777
   -0.990949     0.119735   -0.0606926
   0.0128234    -0.365621    -0.930675
   -0.106346    -0.885485     0.452335
   -0.994311    0.0974535   -0.0429923
 -0.00601265    -0.454334    -0.890811
   -0.158938     -0.89138    -0.424476
   -0.987111     0.135325    0.0854295
   0.0187078    -0.432583       0.9014
    0.136664     0.957788     0.252912
    0.990266    -0.125287   -0.0606352
   0.0263891    -0.258737     0.965587
   -0.106192    -0.715017     0.690994
   -0.992191    0.0304673    -0.120953
  -0.0654305     0.698442     0.712669
    0.098748     0.975853    -0.194833
    0.992951    -0.109524   -0.0453089
   0.0655538     0.188985     0.979789
   -0.106943    -0.850039     0.515749
   -0.994061     0.101928   -0.0381293
   -0.020158    -0.516763    -0.855891
  -0.0956537    -0.854604     0.510394
   -0.994611      0.10266   -0.0145069
  -0.0399996    -0.509031    -0.859818
   -0.106431     -0.91313     -0.39353
   -0.993074      0.11743  -0.00389888
  -0.0497722    -0.390389     0.919304
  -0.0756942    -0.905987     0.416482
   -0.995372    0.0934528    0.0223855
  -0.0592025    -0.412861    -0.908868
   0.0888101     0.968156    -0.234067
    0.993789    -0.101946   -0.0446085
   0.0670503     0.228652     0.971196
  -0.0602031    -0.841844     0.536352
   -0.994833    0.0946112    0.0368338
  -0.0817532    -0.531363     -0.84319
  -0.0488671      -0.9351        0.351
   -0.995462    0.0743284    0.0594277
    -0.08166    -0.346502    -0.934488
  -0.0775459    -0.807936    -0.584146
   -0.993335     0.112726    -0.024046
  -0.0852762    -0.578388     0.811292
   -0.035661    -0.936757      0.34816
   -0.993857    0.0697652    0.0859118
   -0.104768    -0.342958     -0.93349
  -0.0182584    -0.933717     0.357546
   -0.990682    0.0651686     0.119595
   -0.134969     -0.35203    -0.926206
  -0.0200418    -0.922362     0.385807
   -0.991864    0.0668631     0.108327
   -0.125713    -0.380497    -0.916198
 -0.00515184    -0.972076    -0.234609
   -0.987304    0.0421916    -0.153136
   -0.158758    -0.230841     0.959952
 -0.00456487    -0.918195     0.396101
   -0.989486    0.0614084     0.130946
   -0.144558    -0.391339    -0.908822
   0.0138425    -0.909722     0.414987
   -0.986801    0.0545395     0.152476
   -0.161344     -0.41162     -0.89696
   0.0136416    -0.930905    -0.365006
   -0.983112    0.0541368    -0.174812
   -0.182494    -0.361227     0.914446
 -0.00466595    -0.945635     0.325195
   -0.990295    0.0495411     0.129852
   -0.138903    -0.321433    -0.936689
    0.015814    -0.957442    -0.288193
   -0.988438    0.0285006    -0.148924
   -0.150799    -0.287216     0.945921
   0.0127466    -0.963337    -0.267992
   -0.990069    0.0253673    -0.138278
   -0.140006    -0.267093     0.953446
   0.0206418     0.998031    0.0592253
     0.99091    -0.012546    -0.133943
    0.132936   -0.0614517     0.989218
  -0.0348573    -0.983846    -0.175589
   -0.992287    0.0549852    -0.111103
   -0.118963    -0.170362     0.978174
   0.0581574    -0.922565    -0.381434
    0.990558     0.005813     0.136971
    0.124148     0.385798    -0.914192
    0.064521     0.991896    -0.109447
    0.992301   -0.0753899   -0.0982646
     0.10572     0.102264     0.989124
  -0.0475333      -0.9358     0.349313
   -0.993713     0.079791    0.0785368
   -0.101367    -0.343384    -0.933709
   0.0336271    -0.801921     0.596483
    0.990875   -0.0511935    -0.124686
    0.130525     0.595233     0.792881
 0.000510081    -0.983682    -0.179917
    0.990838    -0.023802     0.132945
    0.135058     0.178336    -0.974657
   -0.440823    -0.653036    -0.615808
   -0.885385     0.203584     0.417907
     0.14754     -0.72945     0.667933
   -0.478894     0.353174    -0.803697
   -0.867764   -0.0519125     0.494258
    0.132837     0.934116     0.331332
   -0.452003    0.0173702    -0.891847
    -0.88561     0.110876     0.451001
    0.106718     0.993682   -0.0347329
    0.484777   -0.0269421    -0.874223
    0.868829    -0.100167     0.484873
   -0.100631    -0.994606   -0.0251504
    0.512209       0.2527    -0.820844
    0.849255     -0.29156      0.44018
   -0.128092     -0.92257    -0.363946
   -0.456251    -0.322607    -0.829313
   -0.885955     0.251797     0.389463
   0.0831745     0.912427    -0.400698
   -0.504258     -0.45952     -0.73114
   -0.856461     0.374413     0.355373
    0.110448     0.805392    -0.582361
    -0.48149    -0.223991    -0.847346
   -0.871737     0.222533     0.436524
   0.0907845     0.948845    -0.302409
    0.490308    0.0937778    -0.866489
    0.864684    -0.176883     0.470143
   -0.109178    -0.979754    -0.167815
   -0.530394    -0.493466    -0.689328
   -0.837128     0.433191      0.33401
    0.133788     0.754213    -0.642856
   -0.506663    -0.330021    -0.796479
   -0.852136     0.332049     0.404483
    0.130982     0.883646     -0.44946
   -0.530386    -0.346621    -0.773657
   -0.834196     0.375964     0.403446
    0.151024     0.859363    -0.488555
   -0.458455     -0.34771    -0.817873
   -0.885572     0.256092     0.387529
   0.0747033     0.901951    -0.425329
    0.470496     0.115293    -0.874838
    0.877227    -0.168333     0.449596
  -0.0954288    -0.978964    -0.180339
   -0.452689    -0.377483    -0.807824
   -0.887738     0.275772     0.368608
   0.0836318        0.884    -0.459944
   -0.436345    -0.408177     -0.80187
   -0.897293     0.263604     0.354088
   0.0668459     0.874016    -0.481276
   -0.435564    -0.339511    -0.833676
   -0.897368     0.236633     0.372472
    0.070817      0.91035    -0.407735
   -0.407843    -0.300501    -0.862185
   -0.910697     0.201661     0.360505
   0.0655375     0.932219    -0.355911
    0.388824    -0.107923    -0.914969
    0.918652   -0.0299971     0.393928
  -0.0699602    -0.993707    0.0874799
    0.427206    -0.309509    -0.849529
    0.900396     0.060053     0.430907
  -0.0823527    -0.948998     0.304335
   -0.379541    -0.697615    -0.607686
   -0.921007     0.222624     0.319662
   0.0877152    -0.681008     0.727003
    0.354938      0.14932    -0.922888
    0.932842    -0.121871     0.339048
   -0.061847     -0.98125    -0.182548
   -0.343173     0.588675    -0.731911
   -0.936182    -0.151216     0.317327
   0.0761264       0.7941     0.603001
   -0.309294     0.473733    -0.824569
   -0.948535   -0.0917239     0.303096
    0.067954     0.875879     0.477722
   -0.418045    -0.766222    -0.487998
   -0.900549     0.278957     0.333458
    0.119372    -0.578866     0.806638
    0.516495     0.172831    -0.838667
    0.836743    -0.309942     0.451439
   -0.181915    -0.934915    -0.304698
    0.498562    0.0425146    -0.865811
    0.852541    -0.204801     0.480865
   -0.156875     -0.97788    -0.138352
   -0.476296     0.334424    -0.813205
   -0.857409    0.0283703     0.513853
    0.194916     0.941996     0.273226
    0.502157    0.0814662    -0.860931
    0.838186    -0.290829     0.461371
   -0.212798      -0.9533    -0.214326
   -0.458299    -0.627873    -0.629077
   -0.873301     0.186514     0.450064
    0.165251    -0.755638     0.633801
   -0.455768     0.393764    -0.798264
   -0.860483    0.0345008      0.50831
    0.227695     0.918564     0.323103
   -0.433149     0.361505    -0.825649
   -0.879943    0.0287256      0.47421
    0.195147     0.931928     0.305661
    0.411879    -0.326976    -0.850554
    0.883367   -0.0858144     0.460758
   -0.223647    -0.941129     0.253494
   -0.478545     0.375403    -0.793768
   -0.840353    0.0662729     0.537973
    0.254562     0.924489     0.283756
   -0.428148     0.376662    -0.821471
   -0.866848    0.0857928     0.491136
    0.255468     0.922369     0.289777
    0.454981    -0.213935    -0.864421
    0.840276    -0.218252     0.496288
   -0.294835    -0.952154     0.080464
    0.415552     0.214956    -0.883804
    0.893454    -0.278566     0.352337
   -0.170461    -0.936053    -0.307812
    0.391564    -0.156775    -0.906697
    0.900243    -0.138593      0.41274
    -0.19037    -0.977862    0.0868674
   -0.383402    -0.792935     0.473558
   -0.909448     0.413488   -0.0439557
    0.160956     0.447529     0.879665
   -0.407759     0.536045    -0.739181
   -0.901118    -0.105584     0.420521
    0.147373      0.83756     0.526093
   -0.444857     0.431499      -0.7848
    -0.88387   -0.0701557     0.462441
    0.144485     0.899382     0.412598
    0.428289    -0.316924    -0.846243
    0.894438    0.0153658     0.446927
   -0.128639    -0.948326      0.29005
     0.46243    -0.075725    -0.883416
    0.878274   -0.0975511     0.468101
   -0.121625    -0.992345    0.0213967
    0.483062   -0.0471278    -0.874317
    0.865638    -0.124392     0.484971
   -0.131614    -0.991113   -0.0192934
    0.449839    -0.100888    -0.887393
    0.887214   -0.0634971     0.456968
    -0.10245    -0.992869     0.060946
   -0.387929    -0.716071     0.580304
    -0.92002     0.338716    -0.197066
   0.0554453     0.610339     0.790198
   -0.394244    -0.762401     0.513144
   -0.916105     0.370358    -0.153578
   0.0729587     0.530641     0.844451
   -0.392095    -0.632176    -0.668293
   -0.915508     0.339258     0.216216
   0.0900368     0.696604    -0.711783
   -0.406128    -0.714567     0.569609
   -0.909838     0.374296    -0.179159
   0.0851808     0.591013     0.802152
   -0.402285    -0.423722    -0.811558
   -0.912172     0.261184     0.315792
   0.0781576     0.867319    -0.491578
     0.41408     0.872755     0.258527
    0.905123    -0.424871   -0.0154133
  -0.0963883    -0.240381     0.965881
   -0.414422    -0.514911    -0.750414
   -0.906711     0.304537     0.291775
    0.078291     0.801326    -0.593082
   -0.426978    -0.665602     0.612097
   -0.900267     0.376457    -0.218631
   0.0849073     0.644402     0.759959
    0.425954     0.129143    -0.895481
    0.901606    -0.142966     0.408249
  -0.0753011    -0.981266    -0.177333
   -0.409557     -0.46826    -0.782941
   -0.909092     0.281223     0.307353
   0.0762602     0.837643    -0.540868
    -0.41329    -0.332639    -0.847669
   -0.907212     0.230637     0.351815
   0.0784766     0.914417    -0.397094
   -0.407665    -0.404068    -0.818864
   -0.909608     0.258403     0.325333
   0.0801401     0.877472    -0.472885
    0.435301     0.241823      -0.8672
    0.895546    -0.215018     0.389571
  -0.0922564    -0.946197    -0.310161
   -0.434619    -0.364137    -0.823718
   -0.897361     0.252758      0.36174
   0.0764786     0.896391    -0.436616
   -0.417968    -0.579804    -0.699378
   -0.901587     0.359269      0.24097
     0.11155     0.731268    -0.672907
     -0.3999    -0.632141    -0.663685
   -0.908233     0.370679      0.19419
    0.123259     0.680437    -0.722366
    -0.39293    -0.724334     0.566522
   -0.913409     0.378618    -0.149439
    0.106252     0.576186     0.810383
   -0.373529    -0.760327     0.531394
    -0.92167     0.368972    -0.119932
    0.104882     0.534568     0.838592
   -0.376681    -0.695925     0.611391
   -0.917018     0.373548    -0.139783
    0.131106      0.61331     0.778885
   -0.378406    -0.664193     0.644715
   -0.922275     0.329871     -0.20148
   0.0788511     0.670845     0.737393
   -0.387591    -0.487731    -0.782235
   -0.917797     0.283473     0.278013
    0.086147     0.825688     -0.55751
   -0.390841    -0.454655    -0.800333
   -0.916877     0.268925     0.294984
   0.0811136     0.849099     -0.52197
   -0.365715    -0.382348    -0.848565
   -0.926766     0.233626      0.29415
    0.085779     0.893996    -0.439787
   -0.359369    -0.473002     -0.80444
    -0.92829     0.269467     0.256253
   0.0955622     0.838843    -0.535921
   -0.369386    -0.374306    -0.850558
   -0.926202     0.222684      0.30424
    0.075527      0.90017    -0.428939
   -0.335475    -0.387001    -0.858887
   -0.937451     0.227112     0.263828
   0.0929622     0.893672    -0.438985
   -0.341738    -0.372799    -0.862691
   -0.936613     0.210584      0.28002
   0.0772775     0.903701    -0.421133
    0.295023    -0.251697    -0.921743
    0.951546   -0.0101692     0.307339
  -0.0867296    -0.967753     0.236501
    -0.33245    -0.460188    -0.823228
   -0.937292     0.258111     0.234228
    0.104696     0.849473     -0.51714
   -0.300454    -0.380088    -0.874792
   -0.948717     0.213623     0.233027
   0.0983048     0.899944    -0.424779
   -0.301387    -0.529467    -0.792988
   -0.947288     0.261056     0.185728
    0.108677     0.807165    -0.580237
   -0.343587    -0.259965    -0.902422
   -0.936669     0.164249     0.309311
   0.0678121     0.951546    -0.299935
    0.303694    -0.284085    -0.909431
    0.950086    0.0187089     0.311426
  -0.0714572    -0.958616     0.275587
   -0.382534     -0.36042    -0.850744
   -0.921468      0.21615     0.322763
   0.0675577     0.907401      -0.4148
    -0.41474     -0.38069    -0.826478
   -0.907482     0.239763      0.34495
   0.0668397     0.893078    -0.444908
   -0.398975    -0.274251    -0.874989
   -0.913776     0.198391     0.354479
   0.0763737     0.940972    -0.329757
    0.448166    -0.148408    -0.881546
    0.837913     -0.27391     0.472096
   -0.311527    -0.950236   0.00159599
    0.423454      0.26257    -0.867031
    0.863684    -0.405828      0.29892
   -0.273378     -0.87542    -0.398627
    0.424469     0.184578    -0.886429
    0.860919    -0.385495     0.331983
   -0.280437     -0.90406    -0.322538
    0.451431     0.190047    -0.871833
    0.831212    -0.444878     0.333421
   -0.324493    -0.875195    -0.358801
    0.400409     0.156339    -0.902901
    0.885428    -0.319766     0.337292
   -0.235985    -0.934509    -0.266465
   -0.440305    -0.324559    -0.837134
   -0.854903      0.43646     0.280435
    0.274357     0.839145    -0.469642
    0.413097     0.163707    -0.895852
    0.883587    -0.310241     0.350749
    -0.22051    -0.936457    -0.272809
    0.437431     0.123927    -0.890672
    0.874954    -0.287341     0.389731
   -0.207628    -0.949778    -0.234122
    0.456113     0.246277    -0.855166
    0.829619    -0.465384     0.308463
   -0.322013    -0.850156    -0.416584
   -0.448279     -0.32316    -0.833434
   -0.850822     0.440181     0.286954
     0.27413      0.83774    -0.472276
    0.462703     0.354827    -0.812406
    0.825468    -0.506624     0.248868
   -0.323279    -0.785767    -0.527314
   -0.395145    -0.229933    -0.889377
   -0.904504     0.266452     0.332979
    0.160414      0.93602    -0.313262
   -0.419991  0.000225236    -0.907528
   -0.896066     0.158328     0.414726
    0.143781     0.987387   -0.0662945
    0.396093    0.0766902    -0.915002
    0.914916    -0.117306     0.386223
  -0.0777155     -0.99013    -0.116629
   -0.379714    -0.436716    -0.815535
   -0.919369     0.276148     0.280183
    0.102848     0.856167     -0.50636
    0.378465    -0.231093    -0.896304
    0.904631    -0.112675     0.411032
   -0.195978    -0.966385      0.16641
    0.367489    0.0334349    -0.929427
    0.916837    -0.180739      0.35601
    -0.15608    -0.982963   -0.0970739
    0.378853     0.267597    -0.885924
     0.90273    -0.317703     0.290076
   -0.203837    -0.909646     -0.36193
      0.3969    -0.266644    -0.878278
    0.886637    -0.136081     0.441991
   -0.237371     -0.95414     0.182406
    0.364923     0.251733     -0.89636
    0.917552    -0.260508     0.300389
   -0.157891    -0.932076    -0.326043
   -0.457971    -0.811023     0.364011
   -0.831573     0.535588     0.147079
    0.314244     0.235344     0.919708
     0.44314    -0.198054    -0.874301
    0.859131    -0.184655     0.477281
   -0.255971    -0.962641    0.0883264
   -0.436929    -0.899465  -0.00746682
   -0.864837     0.417796     0.278395
    0.247287    -0.128096     0.960438
    0.427147      0.86805     0.253049
    0.846888    -0.482132     0.224341
   -0.316742    -0.118478     0.941083
   -0.424298    -0.662344    -0.617471
   -0.889522     0.177249     0.421109
    0.169473     -0.72793     0.664377
    0.406434     0.902681     0.141345
    0.882198    -0.427964       0.1964
   -0.237777    -0.044871     0.970283
   -0.404564     0.623325    -0.669174
   -0.900294    -0.142948      0.41114
    0.160617     0.768786     0.619008
     0.38669     0.893833    -0.227011
    0.910558     -0.33105     0.247567
   -0.146131     0.302438     0.941901
   -0.404928     -0.91429    0.0103152
   -0.858954     0.384239     0.338465
    0.313418    -0.128194     0.940923
    -0.37614    -0.926529  -0.00792942
   -0.897154     0.362049     0.253051
    0.231588    -0.102297      0.96742
    0.390658     0.917012   -0.0804682
    0.866231    -0.336625     0.369225
   -0.311496     0.213945      0.92585
   -0.406607    -0.708853    -0.576367
   -0.910015     0.258381     0.324211
   0.0808958    -0.656329     0.750126
   -0.380408    -0.756228    -0.532361
   -0.922237     0.267213     0.279421
   0.0690521    -0.597257     0.799072
   -0.377405    -0.653786    -0.655843
   -0.926039     0.263345     0.270371
  0.00405149    -0.709375     0.704819
   -0.404545    -0.655798    -0.637394
   -0.914467     0.282721     0.289515
   0.0096582    -0.699998      0.71408
   -0.424174    -0.661832    -0.618106
   -0.899465     0.228719     0.372357
    0.105065    -0.713909     0.692311
   -0.415568     0.622841    -0.662851
   -0.909086    -0.260846     0.324841
   0.0294226     0.737583     0.674616
    0.427663    -0.269459    -0.862842
    0.896021  0.000312151     0.444011
   -0.119373    -0.963012     0.241574
   -0.426707     0.440513    -0.789854
   -0.884294   -0.0201359     0.466497
    0.189593      0.89752     0.398135
   -0.406232      0.44926    -0.795702
   -0.912126    -0.147151     0.382588
   0.0547933     0.881199     0.469559
    -0.42403    -0.695754    -0.579763
   -0.897792     0.407068     0.168122
   -0.119031    -0.591796     0.797251
   -0.423096     0.495284    -0.758738
   -0.898666    -0.336317     0.281586
   -0.115711      0.80099     0.587389
   -0.411315     0.547019    -0.729102
   -0.905437    -0.337258     0.257761
   -0.104895     0.766177     0.634011
    -0.41456     0.427941    -0.803123
   -0.903758     -0.29698     0.308261
   -0.106594     0.853621     0.509871
   -0.425169     0.577158    -0.697223
   -0.897705    -0.367258     0.243409
   -0.115575     0.729391     0.674264
   -0.403416     0.521069    -0.752159
   -0.912263     -0.29276     0.286473
  -0.0709299     0.801735     0.593457
   -0.407153      0.22833    -0.884359
   -0.909525    -0.189994     0.369685
  -0.0836129     0.954865     0.285029
    0.403917    -0.197691     -0.89318
    0.913064     0.147181     0.380332
   0.0562712    -0.969152     0.239953
    0.394589     0.214309    -0.893516
    0.918293   -0.0578986     0.391644
   0.0321998    -0.975048    -0.219645
    -0.41998     0.537813    -0.731009
   -0.902165    -0.334899     0.271922
  -0.0985709     0.773692     0.625847
   -0.397607    -0.480428    -0.781727
   -0.915476     0.150379     0.373216
  -0.0617482     0.864046    -0.499612
    0.412173    0.0830073    -0.907317
    0.908145    0.0427813     0.416463
   0.0733857     -0.99563   -0.0577494
   -0.406219     0.544299    -0.733979
   -0.913764    -0.245999     0.323295
 -0.00458937     0.802012      0.59729
   -0.392385     -0.27354    -0.878185
   -0.919673     0.132622     0.369612
   0.0153633     0.952674    -0.303607
   -0.409861    -0.650278    -0.639651
   -0.911293     0.322272     0.256291
  -0.0394812    -0.687953     0.724681
   -0.398955     0.429736    -0.810039
   -0.915862    -0.230169     0.328967
  -0.0450773     0.873126     0.485406
   -0.401205     0.371621    -0.837217
   -0.912361    -0.243384     0.329183
  -0.0814338     0.895914     0.436699
   -0.387623     0.482389    -0.785525
   -0.917469    -0.284565     0.277981
  -0.0894377     0.828447     0.552881
   -0.383522     0.477751    -0.790357
   -0.922151    -0.244879     0.299452
  -0.0504782     0.843675     0.534475
   -0.405416    -0.690867    -0.598615
   -0.908087     0.379558     0.176957
   -0.104955    -0.615336     0.781246
   -0.394836    -0.335868    -0.855159
   -0.918056     0.108012     0.381454
  -0.0357504     0.935695    -0.350993
   -0.379561    -0.270816    -0.884643
   -0.924971    0.0913906     0.368886
  -0.0190521     0.958283    -0.285185
    0.372299    0.0651748    -0.925822
    0.927649   -0.0576714     0.368974
  -0.0293456    -0.996206   -0.0819304
   -0.386483    -0.526832     -0.75702
   -0.922291     0.223548     0.315286
  0.00312789     0.820045     -0.57229
     0.35973    0.0731704    -0.930183
     0.93094   -0.0952543      0.35253
  -0.0628092     -0.99276    -0.102383
   -0.372296    -0.451913     -0.81066
   -0.926383     0.234262      0.29485
     0.05666     0.860753     -0.50586
    -0.36366    -0.703828     0.610228
   -0.927241     0.336302    -0.164697
   0.0893027     0.625722     0.774917
   -0.384489     -0.67132     0.633639
   -0.922527     0.304229    -0.237464
   0.0333574     0.675851     0.736283
   -0.360531    -0.505355    -0.783986
   -0.924607     0.304429     0.228964
     0.12296     0.807427    -0.577011
   -0.361117    -0.575079    -0.734083
   -0.927241     0.305083     0.217135
   0.0990868     0.759084    -0.643408
   -0.372795    -0.603007     -0.70527
   -0.926278     0.286946     0.244277
   0.0550736     0.744341    -0.665524
   -0.379496    -0.444825    -0.811242
   -0.925175      0.18803     0.329691
  0.00588293     0.875657    -0.482897
    0.654243    -0.104656    -0.749008
    0.590408    -0.548253     0.592315
   -0.472635    -0.829738    -0.296901
    0.670392    0.0212239    -0.741703
    0.583808    -0.632049     0.509591
   -0.457977    -0.774638    -0.436111
    0.660699     0.132687    -0.738831
    0.627645    -0.637537     0.446775
   -0.411751    -0.758907      -0.5045
    0.663256     0.138138    -0.735533
    0.625631    -0.641693     0.443639
   -0.410703    -0.754419     -0.51203
    0.667441    0.0756038    -0.740815
     0.58816    -0.663674     0.462174
   -0.456718    -0.744191     -0.48743
   -0.654743    -0.271845    -0.705274
   -0.660863     0.658745     0.359604
     0.36684     0.701538    -0.610961
   -0.661932    -0.251102    -0.706253
   -0.620832     0.711633     0.328857
    0.420016     0.656146    -0.626944
   -0.654898     -0.38083    -0.652746
   -0.656817     0.714027     0.242399
