   0.0231767    -0.907497     0.419419
    -0.99841   -0.0425701   -0.0369375
   0.0513754    -0.417896    -0.907041
  -0.0174057    -0.888645     0.458265
   -0.998562  -0.00779754   -0.0530478
    0.050714    -0.458529    -0.887231
   -0.071253    -0.872491     0.483408
   -0.996701    0.0433948   -0.0685888
   0.0388658      -0.4867    -0.872704
  -0.0960371    -0.913777     0.394701
   -0.994549    0.0719098   -0.0755104
   0.0406167    -0.399802    -0.915701
   -0.146167    -0.947544     0.284245
   -0.987719     0.123754   -0.0953711
   0.0551918    -0.294694    -0.953996
   -0.138029     -0.89605     -0.42195
   -0.990061     0.113228    0.0834192
   0.0269711    -0.429271     0.902773
   -0.166323     0.541131    -0.824326
   -0.985711   -0.0686477     0.153821
   0.0266493     0.838132     0.544817
   -0.165167    -0.895291     0.413731
   -0.985303     0.131256    -0.109316
   0.0435648    -0.425706    -0.903812
   -0.167814    -0.842074    -0.512592
   -0.985621     0.132908     0.104338
   0.0197325     -0.52273      0.85227
    -0.16542      -0.8727     0.459381
   -0.985469      0.12806    -0.111583
   0.0385498    -0.471164    -0.881203
   -0.160793    -0.883498     0.439974
   -0.986988     0.143663   -0.0722199
 0.000597978    -0.445861    -0.895102
   -0.160363    -0.877645     0.451688
   -0.986678     0.129827   -0.0980421
   0.0274048    -0.461393    -0.886772
      0.1711     0.977506    -0.123314
    0.967856     -0.14334     0.206658
   -0.184333      0.15471     0.970611
    0.219728      0.96798    -0.121388
    0.950369    -0.184296     0.250666
   -0.220268     0.170441     0.960433
   -0.176255    -0.913553    -0.366545
   -0.964604    0.0860976     0.249252
    0.196146    -0.397503     0.896392
    -0.22018    -0.697361    -0.682062
   -0.949708  -0.00634965     0.313072
    0.222655    -0.716692     0.660891
    0.251877     0.964203    0.0828918
    0.938238     -0.26429     0.223295
    -0.23721   -0.0215293      0.97122
   -0.190579    -0.856093    -0.480399
   -0.961239     0.063414     0.268326
    0.199248    -0.512916     0.834995
    0.247414     0.930711    -0.269377
    0.940277    -0.163548     0.298548
   -0.233806     0.327154      0.91559
   -0.223522    -0.865862    -0.447573
   -0.950253    0.0913855     0.297772
    0.216928    -0.491866     0.843214
   -0.239199     0.539724    -0.807144
   -0.945591    0.0593302     0.319902
    0.220546     0.839749     0.496166
   -0.264559    -0.795035    -0.545828
   -0.933527    0.0691308      0.35178
    0.241944    -0.602611     0.760476
   -0.254015    -0.676716    -0.691037
    -0.93932   0.00229301     0.343035
    0.230553    -0.736241     0.636235
    0.264192     0.633847    -0.726939
    0.936025    -0.350206    0.0348215
   -0.232507    -0.689633    -0.685819
   -0.192519      -0.8732    -0.447726
   -0.961447     0.076551     0.264119
    0.196355    -0.481313     0.854273
    0.216721     0.720668    -0.658535
     0.95471   -0.0155901      0.29713
   -0.203866     0.693105     0.691408
   -0.183511    -0.857175    -0.481222
   -0.965981    0.0665019     0.249915
    0.182219    -0.510713     0.840219
   -0.142838    -0.871326    -0.469456
   -0.975377    0.0433926     0.216233
    0.168038    -0.488782     0.856069
    0.143881      0.94738    -0.285952
    0.974027   -0.0845225     0.210066
   -0.174843      0.30875     0.934935
   0.0986845     0.982665    -0.156945
    0.983899   -0.0727346     0.163254
   -0.149009     0.170529     0.974021
  -0.0880766    -0.886293    -0.454673
   -0.985445    0.0109024     0.169643
    0.145396    -0.462997     0.874353
   -0.136441    -0.936958    -0.321705
   -0.975074    0.0696614     0.210661
     0.17497    -0.342429     0.923108
   0.0894251     0.988346     0.123186
    0.985936    -0.105375     0.129719
   -0.141188    -0.109854     0.983869
   0.0409586     0.969846     -0.24025
    0.991622  -0.00997424     0.128791
   -0.122511     0.243513     0.962129
   0.0389452     0.996229    0.0775296
    0.992709   -0.0474314     0.110813
   -0.114072   -0.0726487     0.990813
 -0.00665325    -0.990917     -0.13431
    0.995543    0.0060712   -0.0941083
   -0.094069     0.134337    -0.986461
    0.134526     0.989878   -0.0452168
    0.977433    -0.125057     0.170252
   -0.162874    0.0670996     0.984363
    -0.24768    -0.531137    -0.810277
    -0.94633      0.31187    0.0848371
    0.207641     0.787801    -0.579874
   -0.249017    -0.454101    -0.855443
    -0.94538     0.305808     0.112863
     0.21035     0.836824     -0.50545
    0.227167     0.235287    -0.945005
    0.957352    -0.231846      0.17241
    -0.17853    -0.943868     -0.27792
   -0.219479    -0.315596    -0.923162
   -0.960189     0.237486     0.147095
    0.172815     0.918695    -0.355155
     -0.2318    -0.345602    -0.909301
   -0.955944     0.254003      0.14715
     0.18011      0.90335    -0.389254
   -0.202484    -0.453697    -0.867848
   -0.968709     0.222689     0.109598
    0.143535     0.862884    -0.484592
    0.206179     0.102428    -0.973138
    0.967886     -0.16753     0.187433
   -0.143832    -0.980531     -0.13368
    -0.18069    -0.472214    -0.862766
   -0.978478     0.175192     0.109036
   0.0996616     0.863899    -0.493707
    0.184813     0.206516    -0.960831
    0.973817    -0.170178     0.150733
   -0.132384     -0.96353     -0.23256
   -0.167052     -0.56429    -0.808499
    -0.98138     0.174011    0.0813224
   0.0947984      0.80703    -0.582852
   -0.152572    -0.366296    -0.917905
   -0.984087     0.141897     0.106947
   0.0910738     0.919615    -0.382117
   -0.213584    -0.525948    -0.823262
   -0.967034     0.233432     0.101754
    0.138659     0.817856    -0.558467
   -0.191934      -0.6431     0.741339
   -0.976966      0.19699   -0.0820525
   0.0932685     0.740012     0.666095
   -0.202255    -0.383185    -0.901256
   -0.975431     0.160891     0.150495
   0.0873367     0.909551    -0.406312
   -0.215585      -0.3471    -0.912713
   -0.967951     0.199268     0.152852
     0.12882     0.916413    -0.378935
   -0.231232    -0.288759    -0.929059
   -0.957019     0.239338     0.163803
    0.175059     0.927003    -0.331691
    0.223413     0.194606      -0.9551
    0.961515    -0.204771      0.18319
   -0.159927    -0.959269    -0.232865
    0.233931     0.058571    -0.970487
    0.951907    -0.216938      0.21636
   -0.197863    -0.974427    -0.106503
   -0.245438    -0.544368    -0.802137
    -0.94707      0.31127    0.0785421
    0.206925     0.778957    -0.591953
    0.215805     0.190985    -0.957577
     0.95975    -0.222014     0.172016
   -0.179743    -0.956156    -0.231209
   -0.182932    -0.918759     0.349882
   -0.981532     0.150426    -0.118179
   0.0559467    -0.365039     -0.92931
    -0.18333    -0.910008     0.371854
   -0.980114     0.139979    -0.140653
   0.0759433    -0.390245    -0.917574
   -0.194647    -0.842179    -0.502838
   -0.975099     0.110596     0.192227
    0.106278    -0.527733     0.842735
   -0.167346     -0.90106     0.400107
   -0.983092     0.121912    -0.136631
   0.0743354    -0.416206    -0.906227
   -0.165599    -0.930167     0.327667
   -0.980285     0.118941    -0.157781
     0.10779    -0.347336    -0.931525
    0.138572     0.970447    -0.197564
     0.98465    -0.113628     0.132487
   -0.106122      0.21289     0.971296
   -0.130192    -0.918298      0.37387
   -0.989263    0.0950587    -0.111007
   0.0663978    -0.384308    -0.920814
   -0.190775    -0.283761    -0.939726
   -0.969542     0.204263     0.135148
    0.153602     0.936887    -0.314086
    0.143345     0.731318    -0.666803
    0.978849   -0.0053926     0.204512
   -0.145968     0.682015     0.716623
    0.210532     0.256246    -0.943406
    0.967396    -0.193592     0.163302
    -0.14079    -0.947027    -0.288648
   -0.216567    -0.416486    -0.882971
   -0.969793     0.195767     0.145521
    0.112249     0.887815    -0.446302
   -0.209412    -0.440369    -0.873053
   -0.974006     0.172798     0.146467
   0.0863624     0.881031    -0.465108
   -0.208455    -0.292526    -0.933261
   -0.976516     0.115364     0.181956
    0.054438     0.949273    -0.309704
   -0.208463    -0.280754    -0.936868
   -0.975081     0.134002     0.176809
   0.0759026     0.950379    -0.301692
   -0.188631    -0.851905     0.488545
   -0.981602     0.148567    -0.119938
   0.0295937    -0.502181    -0.864256
  -0.0922171    -0.892903     0.440704
   -0.993995    0.0563619   -0.0937988
   0.0589143    -0.446707    -0.892738
  -0.0384181     -0.91459     0.402552
   -0.997896    0.0140603   -0.0632908
   0.0522252    -0.404137    -0.913206
  -0.0526063    -0.946264     0.319089
   -0.994751     0.021571    -0.100029
   0.0877712    -0.322676    -0.942431
   0.0180213    -0.884237     0.466691
   -0.998748   -0.0377101   -0.0328824
   0.0466747    -0.465514    -0.883809
-0.000460994    -0.719553     0.694437
   -0.997281   -0.0508421    -0.053343
   0.0736897    -0.692573    -0.717574
   0.0498679    -0.697393     0.714951
    -0.99699   -0.0773105  -0.00587171
   0.0593681    -0.712507    -0.699149
   0.0607688    -0.910158     0.409779
   -0.997185   -0.0734214   -0.0151967
   0.0439179    -0.407702    -0.912058
  0.00455786    -0.975602      -0.2195
    0.995612     0.024943   -0.0901898
  -0.0934643     0.218125    -0.971435
  -0.0457817    -0.998811    -0.016773
    0.996756   -0.0445621   -0.0670219
  -0.0661947     0.019787    -0.997611
    0.053038      0.99274    -0.107954
    0.991826   -0.0398058     0.121232
   -0.116055     0.113502     0.986736
    0.118094     0.975254    -0.186908
    0.984034   -0.0896945      0.15373
   -0.133161     0.202078     0.970275
  -0.0939144    -0.951338      0.29349
   -0.990909     0.060796    -0.120014
   0.0963311    -0.302093    -0.948399
   -0.118478    -0.429579    -0.895223
   -0.992191    0.0866136    0.0897491
   0.0389842     0.898866    -0.436486
   -0.123408    -0.494861    -0.860164
   -0.991421    0.0990934    0.0852306
   0.0430593     0.863304    -0.502845
   0.0850058       0.1998    -0.976142
    0.996334  -0.00761392    0.0852057
  0.00959181    -0.979807    -0.199714
   0.0797582     0.237339    -0.968147
    0.996755  -0.00842611    0.0800493
   0.0108411     -0.97139    -0.237241
  -0.0864257     -0.53094    -0.842991
   -0.995993     0.026535    0.0853995
  -0.0229733     0.846994    -0.531106
   0.0568263     0.966951      0.24855
    0.996108   -0.0381115   -0.0794735
   0.0673743    -0.252099     0.965353
   0.0533368    -0.917108     0.395055
    0.995462    0.0176096    -0.093518
   0.0788093     0.398251     0.913885
   0.0304462    -0.960272    -0.277401
    0.991707  -0.00564762     0.128395
    0.124861      0.27901    -0.952136
  -0.0492853    -0.604789    -0.794859
   -0.996889   -0.0192231    0.0764386
  -0.0615089     0.796154     -0.60196
   0.0362923     -0.72896     0.683594
    0.992976    -0.050778    -0.106865
    0.112612     0.682671     0.721997
   0.0430066    -0.278501    -0.959473
     0.99418     0.106878    0.0135395
   0.0987754    -0.954471     0.281476
   0.0659247    -0.881915     0.466777
     0.99468    0.0209722    -0.100858
   0.0791589     0.470943     0.878605
   0.0342104     -0.90665    -0.420494
    0.991462    -0.022183     0.128493
    0.125826       0.4213    -0.898151
   0.0307562    -0.811241    -0.583903
    0.990151   -0.0551001     0.128708
    0.136586     0.582111    -0.801556
   0.0951467     0.953802     0.284973
    0.992849   -0.0701903   -0.0965659
   0.0721024    -0.292123     0.953659
    0.116462     0.970791     0.209766
    0.992996    -0.109585   -0.0441582
   0.0198812     -0.21344     0.976754
    -0.13571    -0.807016     0.574724
   -0.990528    0.0982693   -0.0959053
  -0.0209194     0.582295     0.812708
   -0.153608    -0.577816    -0.801581
   -0.987299     0.123051     0.100496
   0.0405675     0.806837    -0.589379
   -0.137199    -0.831516     0.538292
   -0.989786     0.136327   -0.0416873
   0.0387199     0.538513     0.841727
   -0.169212    -0.853327     0.493153
   -0.985002     0.163545   -0.0549874
   0.0337302     0.495061     0.868203
   0.0425313    -0.246952    -0.968094
    0.989063     0.147377     0.005858
    0.141228    -0.957755     0.250519
  -0.0255892    -0.555888     0.830863
   -0.986621     0.147908    0.0685711
   -0.161009    -0.817993    -0.552236
  -0.0284012     0.305779    -0.951679
   -0.982497    -0.183883   -0.0297616
   -0.184098     0.934177     0.305649
   0.0414025    -0.187874     -0.98132
    0.984266     0.176522   0.00773142
    0.171772      -0.9662     0.192227
  0.00712648    -0.673596     0.739065
     0.98096    -0.138733    -0.135903
    0.194077     0.725962     0.659782
   0.0347354     0.997468    0.0620641
    0.976993   -0.0208157    -0.212252
    0.210423   -0.0680089     0.975242
     0.01117    -0.993533    -0.112994
     0.97437   -0.0145753      0.22448
    0.224675     0.112605    -0.967906
   0.0336842     0.998807   -0.0353487
    0.970276   -0.0411618    -0.238473
    0.239644    0.0262652     0.970505
   0.0549168    -0.270403     -0.96118
    0.978302     0.207168  -0.00238624
    0.199771    -0.940193     0.275913
   0.0498735     0.983704    -0.172741
    0.971641   -0.0878158    -0.219552
    0.231143     0.156893     0.960186
  -0.0573568    -0.387233     0.920196
   -0.973705     0.225247    0.0340953
   -0.220474    -0.894044     -0.38997
    -0.01168     -0.97437    -0.224647
    0.972157   -0.0636489     0.225523
    0.234041     0.215758    -0.947984
 -0.00695659    -0.996871   -0.0787355
   -0.968376    0.0263533      -0.2481
   -0.249399   -0.0745196     0.965529
  -0.0230103    -0.987171    -0.158001
    0.965896   -0.0627233      0.25122
    0.257907     0.146832    -0.954947
  -0.0300786    -0.943236    -0.330759
    0.970149    -0.107214     0.217523
    0.240637     0.314343    -0.918304
 -0.00854475    -0.487933     0.872839
    0.979559    -0.179514   -0.0907625
    0.200973     0.854222     0.479494
  -0.0180048    -0.862609     0.505551
    0.978612    -0.118837    -0.167917
    0.204925     0.491715     0.846299
-0.000112665    -0.798841    -0.601543
    0.985714    -0.101405      0.13448
    0.168427     0.592934     -0.78744
   0.0100273    -0.992015    -0.125724
    0.986315   -0.0108796      0.16451
    0.164564     0.125653     -0.97833
-0.000454973    -0.192382      0.98132
    0.985783     -0.16497   -0.0318843
    0.168022     0.967354     0.189722
   0.0357547     -0.72336     0.689545
   -0.969603     0.142012     0.199253
   -0.242055    -0.675709    -0.696295
  0.00744444    -0.557673     0.830027
    0.974723    -0.181301    -0.130554
    0.223291     0.810019     0.542227
   0.0194649    -0.611004     0.791388
   -0.971797     0.174495     0.158624
   -0.235013    -0.772157    -0.590375
   0.0269665    -0.650494     0.759032
    0.979547    -0.134266    -0.149868
      0.1994     0.747549     0.633569
   0.0498566    -0.647815     0.760164
    0.980108    -0.114658    -0.161994
    0.192102     0.753119     0.629213
 -0.00444618     -0.95664    -0.291239
    0.977945   -0.0649762     0.198499
    0.208816     0.283933     -0.93583
  -0.0625251    -0.882944     0.465296
   -0.984169   -0.0229218    -0.175746
   -0.165839     0.468918     0.867533
   0.0344152     0.970846      0.23722
    0.983221   0.00965601    -0.182161
    0.179141    -0.239509     0.954224
  -0.0720372    -0.926762     0.368677
   -0.988879    0.0181432    -0.147613
   -0.130113     0.375211     0.917762
   0.0780199     0.983085      -0.1657
    0.982748    -0.103795    -0.153081
    0.167691     0.150898     0.974223
   -0.109759    -0.809422     0.576878
   -0.985542    0.0132548    -0.168915
   -0.129077     0.587077     0.799174
   -0.116817     -0.93691     0.329475
    -0.98616     0.148724    0.0732703
   -0.117649    -0.316356    -0.941317
  -0.0055755    -0.993185    -0.116416
   -0.983976    0.0261968    -0.176369
   -0.178216    -0.113567     0.977416
   0.0449288    -0.952147     -0.30232
    0.990665   0.00347754     0.136274
    0.128701     0.305621    -0.943415
  -0.0153913    -0.804665     0.593529
    0.978268    -0.134872    -0.157482
    0.206771     0.578207     0.789254
  -0.0391125     -0.95513    -0.293594
    0.969425    -0.107504     0.220588
    0.242252     0.275989    -0.930131
   0.0354595     0.994706   -0.0964541
   -0.970037    0.0574705     0.236062
   -0.240355   -0.0851934    -0.966939
   0.0513089     0.976427     0.209662
    -0.96463   -0.0058997     0.263541
   -0.258566     0.215769    -0.941588
   0.0424728     0.998423   -0.0367037
   -0.964601    0.0505488     0.258824
   -0.260271   -0.0244114    -0.965227
   0.0489951    -0.869763    -0.491032
   -0.966339    0.0830362    -0.243503
   -0.252563    -0.486433     0.836418
   -0.155164    -0.911024     0.382045
   -0.985582     0.169171   0.00311867
  -0.0674721    -0.376053    -0.924138
   -0.154726     0.635503    -0.756436
    -0.98489    -0.159507    0.0674492
  -0.0777927     0.755442     0.650581
   -0.173368    -0.886948    -0.428096
   -0.984081     0.173261    0.0395593
  -0.0390854     -0.42814     0.902867
   -0.161273    -0.844506     0.510687
   -0.986152     0.158165   -0.0498718
  -0.0386557    -0.511658    -0.858319
    0.168843     0.603318    -0.779423
    0.984956   -0.0737597     0.156272
   0.0367919    -0.794082    -0.606695
    0.194048     0.937091    -0.290184
    0.980954    -0.182749    0.0658195
 -0.00864809     0.297429     0.954705
    0.196585     0.215382    -0.956538
    0.980425   -0.0540878     0.189316
  -0.0109619    -0.975031    -0.221799
   -0.163837    -0.854243     0.493383
   -0.986393     0.148777   -0.0699564
  -0.0136443    -0.498131    -0.866995
    -0.18646    -0.438843    -0.879005
    -0.98217     0.105087      0.15588
   0.0239653     0.892398    -0.450613
    0.148879     0.752918     0.641054
    0.988469    -0.095197    -0.117754
   0.0276324    -0.651193     0.758409
     0.10903    -0.698713     0.707045
    0.990906    0.0199749    -0.133063
   0.0788499     0.715123     0.694537
   -0.119043    -0.527554     -0.84114
   -0.988925   -0.0126291     0.147879
  -0.0886369     0.849428    -0.520207
   -0.159059    -0.854578     0.494365
   -0.987094     0.147093   -0.0633212
  -0.0186047    -0.498057    -0.866945
   -0.158411    -0.913662     0.374336
   -0.986463     0.162722    -0.020287
  -0.0423772    -0.372483    -0.927071
   -0.154232    -0.850312     0.503172
   -0.986576     0.160203    -0.031677
  -0.0536745    -0.501303    -0.863606
   -0.142679    -0.919567     0.366114
   -0.987069       0.1595    0.0159438
  -0.0730567    -0.359105    -0.930433
    -0.14444    -0.851804     0.503555
   -0.986271     0.165093  -0.00363411
  -0.0800378    -0.497166    -0.863956
   -0.119488    -0.882246     0.455372
    -0.98757     0.152791    0.0368847
   -0.102118    -0.445304    -0.889537
   -0.115887    -0.932449     0.342211
   -0.988287     0.142687    0.0541142
  -0.0992878    -0.331932    -0.938063
   -0.122797    -0.897091     -0.42444
   -0.986855      0.15565   -0.0434678
   -0.105059    -0.413523     0.904412
    -0.08207    -0.889665     0.449178
    -0.98528     0.140244    0.0977517
   -0.149961    -0.434544    -0.888079
  -0.0598372    -0.945676     0.319555
    -0.98156     0.113966     0.153467
   -0.181548    -0.304479    -0.935057
  -0.0582221    -0.923189      0.37991
   -0.985015      0.11501      0.12852
   -0.162341    -0.366734    -0.916052
  -0.0202806    -0.705173     0.708745
   -0.977664     0.162313     0.133519
   -0.209193    -0.690207    -0.692714
  -0.0311313    -0.986969    -0.157869
   -0.982685    0.0590861    -0.175613
   -0.182653    -0.149669     0.971719
  0.00207136    -0.912135     0.409885
   -0.978843    0.0820145     0.187457
   -0.204603    -0.401601    -0.892667
   0.0190927    -0.703949     0.709994
    -0.97291     0.150558     0.175439
   -0.230396    -0.694109    -0.682005
  -0.0180495    -0.893787     0.448127
   -0.986217    0.0896432      0.13907
   -0.164471    -0.439441    -0.883086
   0.0153961    -0.889236      0.45719
   -0.983969    0.0677741     0.164957
   -0.177671      -0.4524    -0.873938
  0.00117583    -0.991537     -0.12982
   -0.986787    0.0198827    -0.160798
   -0.162018    -0.128294     0.978412
   -0.041749    -0.943955    -0.327423
   -0.985667    0.0925244    -0.141066
   -0.163455    -0.316841     0.934288
  -0.0720648    -0.918046     0.389868
   -0.986529     0.123163     0.107666
   -0.146859    -0.376857    -0.914555
   0.0917571     0.279582    -0.955727
    0.983737     0.123374     0.130537
    0.154408    -0.952162    -0.263715
   -0.109071    -0.835405     0.538704
    -0.98436     0.166196    0.0584286
   -0.138342    -0.523906    -0.840467
  -0.0932367    -0.967624     0.234545
   -0.986328     0.121915     0.110879
   -0.135883       -0.221    -0.965761
   0.0602444    -0.790623     0.609333
    0.985252   -0.0508413    -0.163379
     0.16015     0.610189       0.7759
 -0.00241072    -0.840977     0.541066
   -0.988337    0.0843878      0.12676
   -0.152262     -0.53445    -0.831372
   -0.476335    -0.616507    -0.626916
    -0.86739      0.44626     0.220198
    0.144014     0.648669    -0.747321
    0.534377     0.247911    -0.808073
    0.841121    -0.250301     0.479441
  -0.0834031     -0.93589    -0.342278
   -0.517902    -0.498728    -0.695017
    -0.85252     0.367981     0.371213
   0.0706185     0.784768    -0.615753
   -0.557683    -0.337164    -0.758492
   -0.828161     0.287689     0.481025
   0.0560251     0.896413    -0.439665
   -0.580596    -0.429032    -0.691983
   -0.811265      0.37684     0.447035
   0.0689743     0.820928     -0.56685
    0.536847     0.767974     0.349301
     0.84257    -0.509257    -0.175308
  -0.0432517    -0.388424     0.920465
   -0.577958    -0.742575    -0.338446
   -0.813476     0.491226     0.311373
   0.0649642    -0.455279     0.887976
   -0.557778    -0.589735     0.584035
   -0.828301     0.440383     -0.34638
   0.0529267      0.67696     0.734114
   -0.541629   -0.0100179    -0.840558
   -0.836204     0.108752     0.537527
   0.0860275     0.994018   -0.0672803
    0.589564     0.758873     0.276632
    0.803692    -0.585313    -0.107183
  -0.0805777    -0.285518      0.95498
    0.562506     0.768915    -0.303901
    0.821425    -0.477919     0.311214
   -0.094057     0.424691     0.900439
   -0.572179     0.503067    -0.647715
   -0.812393    -0.239448     0.531678
    0.112376     0.830415     0.545695
   -0.537046      0.39673    -0.744437
   -0.842862    -0.216664     0.492585
   0.0341305     0.891999     0.450747
    0.525149    0.0803966    -0.847204
    0.848495     -0.12596     0.513995
  -0.0653903    -0.988772    -0.134364
   -0.518822     0.378657    -0.766448
   -0.853919    -0.187002     0.485646
   0.0405664     0.906449     0.420363
   -0.516208    -0.609562    -0.601634
   -0.856101     0.346791     0.383182
   0.0249321     -0.71286     0.700863
    0.500139     0.206318    -0.841008
    0.865348    -0.155154     0.476551
  -0.0321646    -0.966106    -0.256135
    0.467537   -0.0211824    -0.883719
    0.883324   -0.0271097     0.467978
  -0.0338703    -0.999408   0.00603613
   -0.439182    -0.489836    -0.753113
   -0.897669     0.273031     0.345897
   0.0361905     0.827958    -0.559621
    0.475235    -0.129053    -0.870343
    0.878587    0.0164289       0.4773
  -0.0472984    -0.991502     0.121192
    0.404779     0.066262    -0.912011
    0.911705    -0.105966     0.396944
  -0.0703397     -0.99216    -0.103304
    0.400296     0.205144    -0.893129
    0.915488    -0.132651     0.379848
  -0.0405513    -0.969701    -0.240906
   -0.362557    -0.608637    -0.705772
   -0.930348     0.280908     0.235675
   0.0548168     0.742059    -0.668089
    0.321109     0.644776     0.693652
    0.945129    -0.264709    -0.191466
   -0.060163    -0.717072     0.694397
    0.432057     0.281609    -0.856751
    0.896317    -0.239124     0.373412
  -0.0997134    -0.929256    -0.355726
    -0.52497     0.470688    -0.709126
   -0.834571     -0.12117      0.53741
    0.167028      0.87394     0.456433
    0.513754   -0.0493593    -0.856516
    0.844052    -0.149808     0.514911
   -0.153728    -0.987482   -0.0353025
    0.461926     0.840474     0.283246
    0.862827    -0.499775    0.0758545
   -0.205313    -0.209353     0.956043
   -0.481896     0.510298    -0.712301
   -0.846823   -0.0624001     0.528201
    0.225092     0.857731     0.462202
   -0.443109     -0.24444    -0.862498
   -0.877484     0.315212     0.361474
    0.183511     0.917001    -0.354166
   -0.417528    0.0167299     -0.90851
   -0.871862     0.274288     0.405736
    0.255981     0.961502   -0.0999366
   -0.396013    -0.248221    -0.884059
   -0.888703     0.345851     0.300988
    0.231041     0.904861    -0.357556
   -0.356859    0.0137146    -0.934058
   -0.893762     0.285845     0.345661
    0.271736     0.958178   -0.0897486
   -0.442916    -0.755386     0.482925
    -0.84912     0.526322    0.0444939
    0.287784     0.390354      0.87453
     0.38729    -0.093891    -0.917165
    0.868034    -0.298095      0.39706
   -0.310683    -0.949907   -0.0339488
    0.412697       -0.134    -0.900958
     0.84635    -0.309223     0.433674
    -0.33671    -0.941501   -0.0142044
    0.382111    -0.172651    -0.907845
    0.903366    -0.137226     0.406323
   -0.194732    -0.975377     0.103531
    0.332828   -0.0945859    -0.938232
    0.912698    -0.217836     0.345731
   -0.237082    -0.971391    0.0138262
   -0.321373     -0.40848     -0.85432
   -0.925984     0.324363     0.193242
    0.198174      0.85319    -0.482488
   -0.375442     0.375541    -0.847356
   -0.912302    0.0115927     0.409355
    0.163553     0.926733     0.338254
     0.43705    -0.136218    -0.889062
    0.887297   -0.0965603     0.450977
   -0.147279    -0.985962    0.0786641
   -0.435251     0.333362    -0.836317
   -0.892423   -0.0370676     0.449675
    0.118905      0.94207     0.313634
    0.492112    -0.124126    -0.861637
    0.864993   -0.0417542     0.500043
  -0.0980454    -0.991388    0.0868205
    0.495252      0.23621     -0.83602
    0.858688    -0.279135     0.429813
   -0.131836    -0.930746    -0.341073
     0.48937    -0.304613    -0.817146
    0.868934    0.0908445     0.486519
  -0.0739671    -0.948134     0.309145
     0.33238     0.404581    -0.851961
    0.937601    -0.239549     0.252033
   -0.102119     -0.88257    -0.458957
   -0.366614     -0.56396    -0.739962
   -0.924436     0.310523     0.221347
    0.104944     0.765196    -0.635187
    -0.36248    -0.831203    -0.421555
   -0.925233     0.266563     0.269979
    0.112036    -0.487899      0.86568
   -0.419841    -0.750507    -0.510365
   -0.903489     0.292154     0.313614
   0.0862644    -0.592777     0.800733
    0.412566     0.370633    -0.832118
    0.906604    -0.255963     0.335488
  -0.0886483    -0.892812    -0.441619
    0.420542     0.860882    -0.286403
    0.902173    -0.363372     0.232474
  -0.0960623      0.35615     0.929478
   -0.455165    -0.711842     0.534888
   -0.888293      0.40439    -0.217725
   0.0613174     0.574238     0.816389
    0.470371     0.786959     0.399307
    0.880501    -0.448731    -0.152838
  -0.0589035    -0.423481     0.903988
    0.487098   -0.0857728    -0.869125
    0.872226   -0.0026363     0.489096
  -0.0442424    -0.996311    0.0735292
   -0.444692    -0.489986    -0.749776
   -0.893251     0.304263     0.330948
   0.0659691     0.816908    -0.572983
    -0.48048    -0.637303     0.602482
   -0.876018     0.381358    -0.295226
   0.0416128     0.669635     0.741524
   -0.468419    -0.416725    -0.779053
   -0.882253     0.267592     0.387331
   0.0470576     0.868755    -0.493002
    0.478128     0.851866     0.213819
    0.876029    -0.480005   -0.0465553
  -0.0629755    -0.209571     0.975763
   -0.505463    -0.862499    0.0245373
   -0.862096     0.506005    0.0273694
   0.0360221   0.00731931     0.999324
     0.42679     0.887044      0.17608
    0.898539     -0.43797    0.0284599
   -0.102363    -0.146068     0.983964
    0.367916     0.915519     0.162672
    0.918924    -0.384733    0.0869466
   -0.142187    -0.117494     0.982842
    0.362976     0.891939    -0.269615
     0.92262    -0.303515     0.238015
   -0.130463     0.335146      0.93309
   -0.314439    -0.861711     0.398224
   -0.937569     0.347597    0.0118499
    0.148632     0.369636     0.917212
    0.313522     0.154649    -0.936903
    0.933406    -0.231522     0.274136
   -0.174519    -0.960459    -0.216938
   -0.323376    -0.754837     0.570657
   -0.938194      0.33438   -0.0893483
    0.123373      0.56428     0.816313
   -0.464708    -0.469785    -0.750565
   -0.884327     0.289182     0.366524
   0.0448625     0.834072    -0.549829
    -0.46065    -0.474765    -0.749933
   -0.886481     0.288157       0.3621
   0.0441866     0.831603     -0.55361
    0.419091     0.208093    -0.883776
    0.905625     -0.16533     0.390523
  -0.0648497    -0.964035    -0.257742
   -0.415801    -0.397387    -0.818043
   -0.906742     0.250583     0.339158
   0.0702107     0.882775     -0.46452
   -0.416369     -0.61246     -0.67196
   -0.907795      0.32106     0.269869
   0.0504551     0.722367    -0.689667
   -0.335929    -0.360355    -0.870228
   -0.937456     0.217438     0.271841
   0.0912617     0.907119    -0.410861
   -0.337566    -0.454238    -0.824449
   -0.939402     0.218186     0.264421
   0.0597732     0.863749    -0.500364
    0.253548     0.186801    -0.949115
    0.963503    -0.135884     0.230647
  -0.0858842    -0.972955    -0.214436
   -0.344481    -0.507335    -0.789901
   -0.931989     0.285935     0.222797
    0.112828     0.812928     -0.57133
     0.25803     0.549103    -0.794925
    0.958789    -0.246821     0.140725
   -0.118931    -0.798477    -0.590161
    0.262958     0.601003    -0.754751
    0.954644    -0.275324     0.113364
   -0.139669    -0.750328    -0.646142
   -0.366161    -0.462011    -0.807757
   -0.929207      0.22818     0.290703
   0.0500063     0.857018    -0.512855
   -0.270256    -0.296746    -0.915917
   -0.960173     0.153147     0.233697
    0.070921     0.942597    -0.326316
   -0.439461    -0.341142    -0.830961
   -0.897317     0.209146     0.388691
   0.0411932      0.91645    -0.398024
    0.493532    -0.218883    -0.841734
    0.869159    0.0891396     0.486432
  -0.0314398    -0.971671     0.234237
   -0.479479    -0.703786     0.524199
    -0.87677     0.409427    -0.252279
   0.0370709     0.580565      0.81337
   -0.401526     0.294177    -0.867316
   -0.835907     0.269231     0.478303
    0.374214     0.917047     0.137801
   -0.366898     -0.31273     -0.87612
   -0.865263     0.460583     0.197947
    0.341621     0.830701    -0.439581
   -0.370391      0.55039    -0.748252
   -0.856004     0.110512     0.505018
    0.360648     0.827561     0.430204
    -0.40088    -0.717817     -0.56924
   -0.827157    0.0164829     0.561729
    0.393836    -0.696037     0.600355
   -0.341923    -0.616396    -0.709327
   -0.887983     0.458947     0.029223
     0.30753     0.639862    -0.704274
   -0.388387    -0.763651    -0.515745
   -0.846812    0.0750539      0.52657
    0.363407    -0.641252     0.675819
    0.361913     0.923203    -0.129286
    0.883861    -0.295742     0.362389
   -0.296324     0.245424     0.923016
   -0.398323     -0.77278    -0.494114
   -0.879356     0.168496     0.445357
    0.260906    -0.611898     0.746665
   -0.423042     0.458979    -0.781265
   -0.809704     0.195525     0.553308
    0.406713     0.866665     0.288922
    0.428103     0.147427    -0.891624
    0.839055    -0.431355      0.33154
   -0.335729    -0.890055    -0.308364
    0.455126     0.169069    -0.874229
    0.802157    -0.504048     0.320126
    -0.38653    -0.846966    -0.365025
    0.334574     0.926635      0.17149
    0.917274    -0.361943     0.166152
   -0.216031    -0.101713     0.971074
   -0.380231    -0.924782   -0.0142009
   -0.906954     0.369804     0.201694
    0.181272     -0.08957     0.979346
    0.372101     0.877954    -0.301228
    0.922457    -0.313766     0.224997
   -0.103022     0.361592     0.926627
   -0.321935     -0.83013    -0.455238
   -0.932314     0.194286      0.30503
    0.164769    -0.522624      0.83649
    0.308273    -0.520792     -0.79608
    0.917372   -0.0587426     0.393672
   -0.251785     -0.85166     0.459651
   -0.295895    -0.672995    -0.677881
   -0.931464    0.0460032     0.360913
    0.211708    -0.738215     0.640483
   -0.308147    -0.746967     0.589139
   -0.917643     0.396737    0.0230519
    0.250952     0.533516     0.807703
    -0.33894    -0.286815    -0.896023
   -0.891505     0.402182     0.208493
    0.300565     0.869475    -0.392012
    0.294811     0.219266    -0.930059
    0.930728    -0.286321     0.227521
   -0.216407    -0.932707    -0.288488
    0.476682   -0.0773406    -0.875667
    0.796972    -0.382328     0.467612
   -0.370957    -0.920784    -0.120611
   -0.467371    -0.277712    -0.839309
   -0.834435     0.452183     0.315038
    0.292032     0.847589     -0.44307
    0.495617     0.226853    -0.838392
    0.834331    -0.392597     0.386987
   -0.241361    -0.891295    -0.383848
   -0.483606  -0.00774843    -0.875251
   -0.807852     0.388837     0.442923
    0.336898     0.921274    -0.194304
   -0.499113    -0.204179    -0.842139
    -0.85544     0.271132     0.441259
    0.138235     0.940637    -0.309988
     0.48996     0.868988    0.0692768
    0.843419    -0.492634     0.214373
   -0.220416    0.0466049     0.974292
    0.485453    -0.275199     -0.82982
    0.867386    0.0327897     0.496555
   -0.109442    -0.960828     0.254622
   -0.493216    -0.731361    -0.471009
   -0.862151     0.338823      0.37669
    0.115908     -0.59187     0.797656
    0.481676      0.87326    0.0735208
    0.819626    -0.478603     0.314885
   -0.310164    0.0914131     0.946278
   -0.469644     -0.79099    -0.392134
   -0.859401     0.307893     0.408206
    0.202152    -0.528712     0.824378
    0.451546     0.882699     0.130185
    0.837359    -0.469618     0.279799
   -0.308116    0.0173307     0.951191
   -0.497935    -0.676752     -0.54228
    -0.86705     0.376317     0.326512
   0.0168987    -0.632765     0.774159
    0.474754      0.82575    -0.304542
    0.880071    -0.448999     0.154517
  0.00914673     0.341376     0.939882
   -0.473077     -0.67743    -0.563282
   -0.877445     0.419823      0.23203
  -0.0792943    -0.604017     0.793017
   -0.481438    -0.688938    -0.541831
    -0.87432     0.420863      0.24174
  -0.0614926    -0.590117     0.804972
     0.48312     0.118402    -0.867512
     0.87405    -0.123278     0.469935
  -0.0513039    -0.985283    -0.163047
   -0.461478    -0.887083    0.0110465
   -0.886697     0.460806   -0.0377699
  -0.0284148    0.0272248     0.999225
    0.433596       0.8358     0.336798
    0.894509    -0.444376   -0.0488302
   -0.108853    -0.322441      0.94031
   -0.443813    -0.300922    -0.844083
   -0.870942     0.366559     0.327254
    0.210928     0.880386     -0.42477
    0.411704     0.864708    -0.287715
    0.910926    -0.381224     0.157739
  -0.0267141     0.327029     0.944637
     0.45861    -0.603283    -0.652477
    0.853543     0.503354     0.134531
    0.247267    -0.618614     0.745772
   -0.465171     0.537792    -0.703132
   -0.849413    -0.494798       0.1835
   -0.249224     0.682609     0.686974
   -0.445885     0.615455    -0.649924
   -0.860826    -0.493827     0.122939
   -0.245287     0.614288      0.74999
   -0.448498    -0.658089    -0.604788
     -0.8638     0.492946     0.104185
   -0.229564    -0.569142     0.789542
   -0.470049     0.427021    -0.772468
   -0.849608    -0.456086     0.264864
   -0.239209     0.780794     0.577183
   -0.446627     0.589911    -0.672703
   -0.874311    -0.447427      0.18812
   -0.190011     0.672172     0.715598
    0.433019     0.852641    -0.292401
    0.884736    -0.464097   -0.0430947
    0.172447     0.240036     0.955324
   -0.418967    -0.792731    -0.442769
   -0.899705     0.428205    0.0846839
   -0.122464    -0.433841     0.892628
     0.38091     0.851468    -0.360431
    0.923217    -0.371653    0.0976938
   0.0507723     0.369969     0.927656
    0.445568    -0.171791    -0.878611
    0.875224     0.289999     0.387148
    0.188288    -0.941482      0.27957
     0.39542     0.888122     -0.23427
    0.912419    -0.409112   -0.0108944
    0.105518     0.209445     0.972111
    0.411983     0.873142    -0.260562
    0.902677    -0.430091   -0.0139825
    0.124274     0.229442     0.965356
   -0.422211    -0.725981    -0.542853
   -0.904835     0.373767     0.203893
  -0.0548784    -0.577278     0.814702
    0.366806     0.906606    -0.208614
    0.929839    -0.350252     0.112793
  -0.0291913      0.23535     0.971472
    0.436312     0.888972    -0.139142
    0.892717    -0.447031   -0.0567403
    0.112641     0.099458     0.988646
   -0.454301     0.453756    -0.766626
   -0.876314    -0.382438     0.292941
   -0.160263     0.804889     0.571375
    -0.44328    -0.708721    -0.548834
   -0.869721     0.488273    0.0719357
   -0.216998     -0.50922     0.832831
   -0.438695    -0.647857    -0.622758
   -0.873534     0.470088     0.126317
   -0.210915    -0.599415      0.77215
   -0.453568    -0.725796      -0.5172
   -0.877388     0.465495     0.116205
   -0.156413    -0.506492     0.847939
   -0.436787     0.483335    -0.758686
   -0.864938    -0.457399     0.206563
   -0.247183     0.746441      0.61784
    0.379791       0.8481      0.36944
    0.923422     -0.32372     -0.20615
   0.0552403    -0.419443     0.906099
   -0.348187    -0.543071    -0.764094
   -0.937238     0.185393      0.29532
  -0.0187221     0.818965    -0.573538
   -0.314605     -0.47629    -0.821079
   -0.947282     0.212812     0.239514
   0.0606577     0.853146    -0.518133
   -0.341796    -0.622662    -0.703895
   -0.939374     0.248223     0.236563
   0.0274238     0.742077    -0.669754
    0.296456     0.229273    -0.927118
     0.94949    -0.175318     0.260254
   -0.102871    -0.957443    -0.269666
   -0.304553    -0.449342    -0.839845
   -0.946959     0.237769     0.216182
     0.10255     0.861137    -0.497922
   -0.291619    -0.628166    -0.721364
   -0.946511     0.298393     0.122795
    0.138114     0.718589    -0.681583
   -0.324945    -0.667734     0.669733
   -0.942696     0.285395    -0.172839
    0.075728     0.687518     0.722208
    0.288479     0.244261    -0.925806
    0.941567    -0.247953     0.227971
   -0.173872    -0.937473    -0.301518
   -0.290449    -0.368728    -0.882995
   -0.943948     0.261663     0.201231
    0.156847     0.891949     -0.42406
    0.331713     0.941916     0.052537
    0.939282    -0.334944    0.0745708
  -0.0878364    -0.024611     0.995831
    0.326166    -0.179077    -0.928196
    0.944785    0.0289622     0.326408
  -0.0315695    -0.983409     0.178636
    0.677713    -0.101309    -0.728314
    0.556623    -0.576534     0.598147
   -0.480495    -0.810768    -0.334334
     0.68511     0.101489    -0.721335
    0.557421    -0.710526     0.429459
   -0.468942    -0.696314     -0.54336
    0.685945     0.324739    -0.651171
    0.613739    -0.738944     0.278002
   -0.390901    -0.590343    -0.706181
    0.690151     0.260672    -0.675087
    0.621234    -0.691872     0.367943
   -0.371161    -0.673323    -0.639434
    0.700231    -0.147342    -0.698547
    0.564579    -0.484586     0.668152
   -0.436953    -0.862245    -0.256135
   -0.676222    -0.603159     0.422993
   -0.661972     0.749457    0.0104057
    0.323291     0.272973     0.906073
   -0.686591    -0.553197     0.471769
   -0.624502     0.780993   0.00692228
    0.372277     0.289867     0.881695
   -0.672506    -0.583454      0.45532
   -0.665895     0.745512   -0.0282142
