   0.0475546    -0.934078     0.353889
   -0.997121   -0.0653399    -0.038472
   0.0590589    -0.351041    -0.934496
 -0.00235271    -0.876351     0.481667
   -0.998526   -0.0240585   -0.0486497
   0.0542224    -0.481072    -0.875003
  -0.0556881    -0.854571     0.516341
   -0.997654    0.0270002   -0.0629117
   0.0398212    -0.518633    -0.854069
   -0.083723    -0.916654     0.390815
   -0.995577    0.0601721    -0.072146
   0.0426167    -0.395127    -0.917637
   -0.131316    -0.907243     0.399582
   -0.990471     0.103189   -0.0912115
   0.0415184    -0.407752    -0.912148
    -0.11369    -0.892978     0.435505
    -0.99322    0.0914575   -0.0717545
    0.024245     -0.44071    -0.897322
   -0.143918    -0.918266    -0.368883
   -0.989384     0.125927    0.0725332
   0.0201526    -0.375406     0.926642
   -0.155052    -0.853829     0.496926
   -0.987126     0.113914    -0.112275
   0.0392568    -0.507937    -0.860499
    0.156198     0.977754    -0.139997
    0.987607    -0.152406    0.0374769
  -0.0153069     0.144116     0.989442
   -0.157598    -0.863233     0.479574
   -0.986891     0.120584    -0.107262
   0.0347629    -0.490191    -0.870921
    -0.15382    -0.853966    -0.497073
   -0.988097     0.134049    0.0754724
 -0.00218138    -0.502765      0.86442
   -0.154758     -0.91219     0.379419
   -0.987623     0.132929   -0.0832491
   0.0255031    -0.387607    -0.921472
    0.199946     0.742671      0.63911
    0.957617    -0.286155    0.0329332
   -0.207343    -0.605438      0.76841
     0.22966       0.9524    -0.200476
    0.947203    -0.171362     0.270999
   -0.223746     0.252129     0.941472
   -0.190195    -0.894789    -0.403953
   -0.960793    0.0850927     0.263887
     0.20175    -0.438306     0.875891
   -0.228109     0.595801    -0.770057
   -0.947566    0.0459447     0.316239
    0.223796     0.801817      0.55408
   -0.256776    -0.966227    0.0217021
   -0.937192      0.25442     0.238626
    0.236089   -0.0409346     0.970869
   -0.193775    -0.906145     -0.37597
   -0.960307    0.0968138     0.261606
    0.200654    -0.411739     0.888937
   -0.250339    -0.852577     -0.45874
    -0.94011      0.10084     0.325614
    0.231352     -0.51278     0.826761
   -0.227919    -0.807328    -0.544312
   -0.949092    0.0593688     0.309355
    0.217436    -0.587109     0.779759
    0.239058     0.724407    -0.646595
    0.945964   -0.0234935     0.323419
   -0.219096     0.688972      0.69088
     -0.2653    -0.887887    -0.375863
   -0.934385     0.140625     0.327336
    0.237782    -0.438043     0.866936
    0.253668    -0.631296    -0.732883
    0.940652   -0.0155952     0.339015
   -0.225449    -0.775385     0.589874
   -0.260639    -0.601401    -0.755238
   -0.938684     0.340741    0.0526127
    0.225699     0.722642    -0.653336
   -0.187109    -0.818508    -0.543171
   -0.962481    0.0421345     0.268059
    0.196522    -0.572948     0.795682
    0.212333     0.739053    -0.639309
     0.95623   -0.0223445     0.291762
   -0.201342     0.673277     0.711449
    0.180384      0.69208    -0.698918
    0.967095   0.00482116     0.254371
   -0.179415     0.721804     0.668438
   -0.145805    -0.819146    -0.554744
   -0.973809    0.0199496     0.226492
    0.174463    -0.573238       0.8006
    0.153102     0.946598    -0.283747
    0.971222   -0.0911218     0.220057
    -0.18245     0.309273     0.933307
    0.104456     0.989794    0.0969415
     0.98171    -0.118219     0.149232
    -0.15917   -0.0795801     0.984039
  -0.0999377    -0.814694    -0.571215
   -0.982572  -0.00962216     0.185631
    0.156729    -0.579811     0.799534
    -0.15095    -0.920654    -0.360014
    -0.97159    0.0710196     0.225761
     0.18228    -0.383864     0.905219
    0.107045     0.971776     0.210221
    0.982578    -0.135704     0.126983
   -0.151927    -0.192965     0.969372
  -0.0476045    -0.620865     -0.78247
   -0.989625      0.13563   -0.0474102
    0.135561     0.772095     -0.62088
   0.0597546    -0.530422     0.845625
    0.989391     0.143849    0.0203164
   -0.132419      0.83544     0.533391
 0.000469804      -0.9393    -0.343097
    0.993983    0.0380183    -0.102722
   -0.109531     0.340985    -0.933666
    0.152683     0.987031    -0.049571
     0.97322    -0.141446     0.181208
   -0.171846    0.0759109     0.982195
   -0.243719    -0.438194    -0.865209
   -0.949209     0.290829     0.120087
    0.199006     0.850532    -0.486819
   -0.245804    -0.574032    -0.781068
   -0.947911     0.310768    0.0699166
    0.202597     0.757569    -0.620519
    0.222953     0.222409    -0.949119
    0.959656     -0.22119     0.173596
   -0.171326    -0.949531    -0.262751
    0.215099     0.121577    -0.968995
    0.962581    -0.193865     0.189352
   -0.164834    -0.973466    -0.158728
    0.228913      0.19388    -0.953944
     0.95777     -0.22002     0.185114
   -0.173997    -0.956034    -0.236058
    0.192363   -0.0662229    -0.979087
    0.972086    -0.123715     0.199355
    -0.13433    -0.990106    0.0405762
   -0.201954    -0.620699    -0.757593
   -0.969874     0.234342    0.0665454
    0.136231     0.748209    -0.649327
   -0.175659    -0.307539    -0.935181
   -0.979533     0.149436     0.134847
   0.0982788     0.939728    -0.327495
   -0.178358    -0.547496     -0.81758
   -0.975863     0.204835    0.0757195
    0.126013     0.811351    -0.570815
   -0.164516    -0.496452    -0.852332
   -0.982086     0.162928    0.0946619
   0.0918736     0.852637    -0.514363
    0.150694     0.284094     -0.94688
    0.984655    -0.128405     0.118181
  -0.0880092    -0.950159    -0.299085
    0.209807     0.944524     0.252696
    0.969071    -0.235227    0.0746352
   -0.129936    -0.229222     0.964663
    0.185202     0.667238     0.721452
    0.978441    -0.193483   -0.0722288
  -0.0913949    -0.719276     0.688687
   -0.196358    -0.450753    -0.870784
   -0.976887     0.166438     0.134129
    0.084473     0.876995    -0.473016
   -0.213946    -0.379032    -0.900312
   -0.969255     0.197042     0.147375
    0.121539     0.904162    -0.409535
    -0.22744    0.0235902    -0.973506
   -0.959521     0.165094     0.228173
    0.166103     0.985996   -0.0149137
   -0.219627     0.418301    -0.881356
    -0.96293     0.052087     0.264675
    0.156621     0.906814     0.391355
     0.23187     0.653247    -0.720767
    0.952621  -0.00254599      0.30415
    -0.19685     0.757141     0.622887
   -0.243123     0.410377     -0.87891
   -0.948366    0.0897134     0.304224
    0.203697     0.907492     0.367376
   -0.213504     0.441201    -0.871641
   -0.960439    0.0685093     0.269932
     0.17881     0.894789      0.40912
   -0.175399    -0.905336     0.386785
   -0.982659     0.136994    -0.124958
   0.0601418    -0.401995    -0.913665
   -0.170703    -0.931099     0.322359
   -0.983004     0.138496     -0.12051
   0.0675609    -0.337451    -0.938915
     0.17932     0.753211    -0.632865
    0.978528   -0.0701095     0.193821
   -0.101618     0.654033      0.74961
   -0.142225    -0.939899     0.310423
   -0.987748     0.114411    -0.106135
   0.0642406    -0.321715    -0.944655
   -0.160716    -0.934549     0.317473
   -0.981273     0.116689    -0.153257
     0.10618    -0.336159    -0.935801
   -0.120666    -0.951066     0.284453
   -0.987166    0.0847668    -0.135342
    0.104607    -0.297134    -0.949088
   -0.123845    -0.920864     0.369691
   -0.989944    0.0889916    -0.109958
   0.0683566    -0.379591    -0.922626
    0.186372    -0.036189    -0.981813
    0.970574    -0.148317     0.189705
   -0.152484    -0.988278   0.00748206
   -0.141688     0.587624    -0.796632
   -0.978569      0.03833     0.202321
    0.149424     0.808226     0.569599
    0.204022      -0.1745    -0.963289
    0.969432    -0.100979     0.223616
   -0.136293    -0.979466     0.148564
   -0.213737    -0.337247    -0.916832
   -0.970962     0.176587       0.1614
    0.107469     0.924706    -0.365197
   -0.202231     0.592317    -0.779912
   -0.975251    -0.049121     0.215577
   0.0893797     0.804206     0.587592
    0.204728     0.611314    -0.764449
    0.977381    -0.169992     0.125814
  -0.0530388    -0.772915    -0.632289
    0.201116     0.121269    -0.972032
    0.977205   -0.0937202     0.190494
  -0.0679981    -0.988185    -0.137353
   -0.183971    -0.871059     0.455425
   -0.982744      0.15395    -0.102534
   0.0192008    -0.466429     -0.88435
  -0.0852701    -0.891152      0.44562
   -0.994294    0.0473355   -0.0955982
   0.0640989    -0.451229    -0.890103
  -0.0264678    -0.865528     0.500161
   -0.998239  -0.00368736   -0.0592063
    0.053089    -0.500847    -0.863906
  -0.0372438    -0.976708     0.211317
   -0.995709    0.0183445   -0.0907016
   0.0847124    -0.213788      -0.9732
   0.0305202     -0.89299     0.449041
   -0.998025   -0.0519032   -0.0353845
   0.0549047    -0.447074     -0.89281
   0.0186912    -0.758889     0.650952
   -0.996858   -0.0642653    -0.046298
   0.0769686    -0.648041    -0.757706
   0.0600845    -0.772876     0.631706
   -0.995684   -0.0912513   -0.0169395
   0.0707361    -0.627962    -0.775023
   0.0756148    -0.889696     0.450248
   -0.995661   -0.0919276   -0.0144384
    0.054236    -0.447202    -0.892787
  -0.0038397    -0.993732    -0.111723
    0.994766   0.00761206    -0.101894
   -0.102106     0.111529    -0.988502
   0.0455481     0.997965    0.0446254
   -0.995257     0.049178   -0.0839396
   0.0859633    0.0405904    -0.995471
  -0.0551897    -0.871633     0.487042
   -0.990415     0.109646    0.0839985
    0.126618     0.477738      0.86933
    -0.11276    -0.938362     0.326745
   -0.983267     0.152731    0.0992932
    0.143077     0.310081     0.939882
   -0.084329    -0.972469    -0.217237
   -0.992349    0.0622324     0.106634
   0.0901787    -0.224567     0.970277
   -0.111485    -0.586066    -0.802557
   -0.993024    0.0969106     0.067174
   0.0384079     0.804447    -0.592781
   -0.122202    -0.443154    -0.888077
   -0.991596    0.0928078     0.090135
   0.0424768     0.891628    -0.450771
   0.0756652     0.648092    -0.757794
    0.996866    -0.031568    0.0725384
   0.0230895    -0.760908    -0.648449
  -0.0715063    -0.804767     0.589268
   -0.997136    0.0430978   -0.0621412
   -0.024613     0.592025     0.805544
  -0.0854639    -0.491063    -0.866922
   -0.996101    0.0230118    0.0851639
  -0.0218714      0.87082    -0.491115
   0.0441997    -0.888111    -0.457498
    0.996295   0.00536661    0.0858359
   0.0737767     0.459597    -0.885058
   0.0389621    -0.894973     0.444416
    0.995835  -0.00191187   -0.0911555
   0.0824314     0.446116     0.891171
   0.0124919    -0.944317    -0.328799
    0.990637   -0.0330189     0.132468
    0.135948     0.327375    -0.935064
    0.048183    -0.578573     0.814206
    0.996878   -0.0231972    -0.075477
   0.0625562     0.815301     0.575649
   0.0258837    -0.585466     0.810283
    0.992445   -0.0821896   -0.0910884
    0.119926      0.80652     0.578916
   0.0379212     -0.80876    -0.586915
    0.992937   -0.0355786     0.113182
    0.112418     0.587062    -0.801699
   0.0505285    -0.842213     0.536772
    0.995266  -0.00221695   -0.0971669
   0.0830252      0.53914     0.838114
  0.00169471      -0.8615    -0.507754
    0.989907   -0.0705079     0.122934
    0.141708     0.502838    -0.852686
    0.013181    -0.630954     0.775708
    0.989949    -0.101009   -0.0989812
    0.140806     0.769217     0.623281
    0.069391    -0.731271     0.678548
    0.994369  -0.00391282    -0.105905
   0.0801001     0.682076     0.726881
  -0.0999505     -0.62765    -0.772053
   -0.994755    0.0460694    0.0913289
  -0.0217546     0.777131    -0.628963
    0.133003     0.938888     0.317488
    0.991008    -0.121264     -0.05655
   0.0145942    -0.322155     0.946574
    0.149654     0.258148    -0.954444
    0.987827   -0.0804683     0.133124
  -0.0424368    -0.962748    -0.267048
    0.128172     0.653265    -0.746201
    0.991169    -0.110175    0.0737961
  -0.0340047     -0.74907    -0.661618
   -0.170034    -0.650372     0.740341
   -0.984886     0.137306    -0.105579
   0.0329877     0.747103     0.663889
   0.0420747    -0.162638    -0.985788
    0.988434     0.150656     0.017332
    0.145696    -0.975116     0.167096
   0.0217617     0.996888     0.075765
    0.986806  -0.00925679     -0.16164
    0.160435   -0.0782829     0.983937
    0.026537    -0.163985    -0.986106
    0.981644     0.190648  -0.00528716
    0.188866    -0.967865     0.166035
   0.0419767    -0.161809    -0.985929
    0.983539     0.180279    0.0122878
    0.175754    -0.970215     0.166713
  0.00963214    -0.513174     0.858231
    0.979658    -0.167201    -0.110972
    0.200445     0.841841     0.501124
  -0.0347621    -0.915271    -0.401336
   -0.976494     0.116582    -0.181293
   -0.212721      -0.3856      0.89781
  -0.0134759    -0.733079      0.68001
   -0.973748     0.164168     0.157683
   -0.227231    -0.660033    -0.716047
  -0.0321225    -0.953577    -0.299432
   -0.970229     0.101703    -0.219802
   -0.240051    -0.283457     0.928454
    -0.05866    -0.490101      0.86969
    -0.97814     0.202324     0.048042
   -0.199505     -0.84786    -0.491256
    0.056592     0.980934    -0.185919
    0.971579   -0.0969796    -0.215937
    0.229851     0.168415     0.958543
  -0.0625098    -0.447675     0.892009
   -0.974206     0.221541    0.0429152
   -0.216828    -0.866318    -0.449976
   0.0128455    -0.283038     0.959023
   -0.971358     0.224057    0.0791369
   -0.237274    -0.932571    -0.272053
  -0.0060667     0.999898   -0.0129487
   -0.968435  -0.00910166    -0.249101
   -0.249193    0.0110287     0.968391
  -0.0296178    -0.965408    -0.259057
    0.965527   -0.0946856     0.242469
    0.258611     0.242946    -0.934932
  -0.0386838    -0.884528      0.46488
    0.969041    -0.146739    -0.198564
    0.243851     0.442807      0.86282
  -0.0159509     0.598924    -0.800647
    0.978145     0.175374     0.111701
    0.207313    -0.781367    -0.588632
  -0.0259077    -0.804173     0.593831
    0.977823    -0.143883    -0.152187
    0.207827     0.576719     0.790066
 -0.00658472    -0.588897     0.808181
    0.985291    -0.141831   -0.0953202
    0.170759     0.795666     0.581169
  0.00477806     -0.91194    -0.410296
    0.985749   -0.0646984     0.155281
    0.168152     0.405191    -0.898635
  -0.0169961    -0.898228    -0.439202
    0.983636   -0.0938212     0.153813
    0.179365       0.4294    -0.885123
   0.0383091    -0.458504     0.887866
   -0.969533     0.198076     0.144122
   -0.241946    -0.866337    -0.436947
 -0.00177127   -0.0916743     0.995787
    0.974844    -0.222101   -0.0187131
    0.222881     0.970704    0.0897616
  -0.0256385    -0.507834     0.861073
    0.971742    -0.214843   -0.0977743
    0.234649     0.834234     0.498992
    0.019072    -0.642705     0.765876
     0.97899    -0.143536    -0.144831
    0.203015     0.752547     0.626464
   0.0484821    -0.331325      0.94227
    0.979765    -0.167634    -0.109356
    0.194189     0.928505     0.316494
 -0.00657509    -0.826235     0.563288
    0.977801    -0.123287    -0.169425
    0.209431      0.54967     0.808704
  -0.0639498    -0.354476    -0.932876
   -0.983381    -0.136781     0.119386
   -0.169919     0.925007    -0.339837
   0.0329604    -0.901126    -0.432303
    0.984802   -0.0445175     0.167881
    0.170527     0.431266    -0.885963
   0.0795542     0.988045     0.132055
    0.987349   -0.0598746    -0.146825
    0.137163    -0.142065     0.980308
   -0.083896    -0.907963     0.410567
   -0.982701   0.00712041     -0.18506
   -0.165104     0.418991     0.892854
   -0.108087    -0.994043    0.0139959
   -0.984498     0.105072    -0.140437
    -0.13813    0.0289584     0.989991
   -0.124356    -0.946774     0.296907
   -0.984854     0.154212    0.0792536
   -0.120822    -0.282555    -0.951612
     0.00336    -0.599236     0.800566
    0.983982    -0.140708    -0.109452
    0.178234      0.78811     0.589165
   0.0387667    -0.385314     0.921971
    0.989497     -0.11378   -0.0891575
    0.139256     0.915744     0.376856
  -0.0281012    -0.885652     0.463498
    0.976606    -0.123217    -0.176232
    0.213191     0.447702     0.868396
  -0.0475357    -0.833076     0.551113
    0.968311    -0.173861    -0.179291
     0.24518     0.525126     0.814941
  -0.0415052    -0.645228     0.762862
    0.969219    -0.211449    -0.126111
    0.242676     0.734146     0.634143
  -0.0593484    -0.998234  -0.00275412
    0.963797    -0.058019      0.26025
     0.25995    -0.012791    -0.965537
    0.050898     0.975677    -0.213222
   -0.963851     0.103899      0.24535
   -0.261536    -0.193026    -0.945696
  -0.0550244    -0.747811     0.661628
    0.965764     0.128384     0.225425
    0.253518    -0.651381    -0.715145
   -0.159446     -0.90417     0.396299
     -0.9848      0.17369  5.77054e-05
  -0.0688854    -0.390266    -0.918121
   -0.142224    -0.841123     0.521808
   -0.985956    0.0737631     -0.14983
  -0.0875354      0.53579     0.839802
   -0.174933    -0.764813    -0.620048
   -0.983731     0.161919    0.0778151
  -0.0408836    -0.623573     0.780695
   -0.160723    -0.840036     0.518177
   -0.985958     0.160757   -0.0452055
  -0.0453265    -0.518167    -0.854078
    -0.15938    -0.474035    -0.865961
   -0.986539    0.0439596     0.157509
  -0.0365972     0.879408     -0.47466
   -0.189545    -0.910965    -0.366353
   -0.981871     0.176478    0.0691756
 -0.00163682    -0.372823     0.927901
   -0.196822    -0.577935    -0.791993
   -0.980371     0.125544     0.152024
   0.0115704     0.806368    -0.591301
   -0.164317    -0.836647     0.522515
   -0.986251     0.148776   -0.0719305
  -0.0175574     -0.52715    -0.849591
    0.180876     0.671786    -0.718322
    0.983252    -0.140125     0.116538
  -0.0223662    -0.727371     -0.68588
    0.135944    -0.610258     0.780451
    0.990354    0.0623874    -0.123724
   0.0268131     0.789742     0.612853
    0.097232     -0.60541     0.789952
    0.991884  -0.00639329    -0.126987
   0.0819294     0.795888     0.599875
    0.119643     0.644509    -0.755178
    0.988653  -0.00775084     0.150018
   0.0908348    -0.764557    -0.638123
   -0.157857    -0.866701     0.473192
   -0.987164      0.15028   -0.0540645
  -0.0242533    -0.475652    -0.879299
   -0.162236    -0.910131     0.381237
   -0.985675     0.167518    -0.019539
   -0.046081    -0.378946    -0.924271
   -0.156082    -0.795767    -0.585144
   -0.986187     0.158797    0.0471005
  -0.0554379    -0.584413     0.809561
   -0.143891    -0.870044     0.471508
    -0.98615     0.165782   0.00496196
  -0.0824845    -0.464263    -0.881848
   -0.152433    -0.791162    -0.592306
   -0.984911     0.171298    0.0246628
  -0.0819486    -0.587128     0.805335
   -0.133637    -0.910165     0.392097
   -0.985304     0.164496    0.0460218
   -0.106386    -0.380184    -0.918772
   -0.115548     -0.86692     0.484869
   -0.988231     0.149592    0.0319587
   -0.100238     -0.47547    -0.874003
    -0.13376    -0.802222    -0.581848
   -0.985851     0.167569  -0.00440045
    -0.10103    -0.573027     0.813285
  -0.0785028    -0.822373     0.563506
   -0.986518     0.145501    0.0749086
   -0.143593    -0.550029    -0.822708
  -0.0590077    -0.866545     0.495598
   -0.981608     0.140662     0.129072
   -0.181558    -0.478867    -0.858908
  -0.0627921    -0.906506     0.417498
   -0.985314     0.122862     0.118576
   -0.158785    -0.403921    -0.900908
   0.0238188    0.0868708    -0.995935
     0.97831     0.203026    0.0411063
    0.205771    -0.975312   -0.0801507
  -0.0391775    -0.980542     0.192362
   -0.983683     0.071676     0.165018
   -0.175595    -0.182758     -0.96735
-0.000255096    -0.891485     -0.45305
   -0.979729    0.0909803    -0.178474
   -0.200325    -0.443821     0.873437
   0.0187983    0.0928442    -0.995503
   -0.973271    -0.226242   -0.0394787
    -0.22889     0.969636    0.0861096
  -0.0287877    -0.943445     0.330277
   -0.987152    0.0787859     0.139011
   -0.157171    -0.322032    -0.933591
  0.00873293    -0.901692      0.43229
   -0.985801    0.0647329     0.154938
    -0.16769    -0.427505    -0.888324
  0.00322976    -0.970498    -0.241088
   -0.988341    0.0336012    -0.148502
   -0.152222    -0.238756     0.959075
  -0.0507819    -0.946932     0.317397
   -0.987655    0.0947718     0.124725
   -0.148186    -0.307145    -0.940055
  -0.0801113    -0.910155     0.406447
    -0.98652     0.130766    0.0983793
    -0.14269    -0.393087    -0.908362
   0.0977858    -0.150407    -0.983776
    0.983629     0.164954    0.0725517
    0.151366    -0.974765     0.164075
   -0.120727    -0.806989     0.578095
   -0.984037     0.173991      0.03738
   -0.130749    -0.564355    -0.815113
    0.103829     0.980214    -0.168526
    0.985589    -0.124152    -0.114893
    0.133543     0.154168     0.978978
   0.0619153    -0.558848     0.826956
    0.987564   -0.0856635    -0.131831
    0.144513     0.824834     0.546594
 -0.00139187    -0.710479     0.703717
   -0.989542     0.102484     0.101511
   -0.144241    -0.696216    -0.703192
   -0.457224    -0.362839    -0.811969
   -0.875397      0.34471     0.338903
    0.156926      0.86575    -0.475238
   -0.543961    -0.560353    -0.624589
   -0.832706     0.452274     0.319452
    0.103479     0.693869    -0.712628
   -0.514023    -0.428856    -0.742875
    -0.85432     0.333621      0.39854
   0.0769219     0.839512    -0.537869
   -0.575814    -0.237526    -0.782317
    -0.81657     0.214648     0.535855
   0.0406431     0.947369    -0.317553
   -0.593121    -0.526607    -0.609009
   -0.802934     0.442517     0.399345
   0.0591991     0.725854    -0.685296
    0.550791     0.201006    -0.810078
    0.833935    -0.172505     0.524208
  -0.0343731    -0.964281     -0.26264
    0.600329     0.167594    -0.781996
    0.798749    -0.174633     0.575763
  -0.0400681    -0.970266    -0.238703
    0.586922     0.147524     -0.79609
    0.809235    -0.138095     0.571023
  -0.0256964     -0.97937    -0.200433
     0.58381      0.79978     0.139707
    0.810254    -0.584862   -0.0377421
  -0.0515241    -0.135233     0.989473
     0.60852     0.160331    -0.777173
    0.791649    -0.190203     0.580616
  -0.0547304    -0.968564    -0.242668
   -0.590659    -0.595103     0.544954
   -0.804695     0.484544     -0.34305
   0.0599034     0.641147     0.765076
   -0.592192    -0.692947    -0.411257
   -0.801328     0.452759     0.391001
   0.0847428      -0.5611     0.823399
    0.561941   -0.0303276    -0.826621
    0.826787   -0.0100761     0.562424
  -0.0253861    -0.999489    0.0194123
   -0.572276     0.387692    -0.722631
   -0.819132    -0.228305     0.526213
   0.0390281     0.893069     0.448224
    0.554158   -0.0475973     -0.83105
    0.831789  -0.00695175     0.555049
  -0.0321961    -0.998842    0.0357386
    0.537691     0.219349    -0.814109
    0.842825    -0.166278     0.511857
  -0.0230929    -0.961373    -0.274279
   -0.516603    -0.337116    -0.787067
   -0.855794     0.232454     0.462148
   0.0271594     0.912315    -0.408589
   -0.474984    -0.308845    -0.824018
   -0.879512     0.197605     0.432909
   0.0291285     0.930359    -0.365492
   -0.446435    -0.400803    -0.800033
   -0.893476     0.248581     0.374043
   0.0489556     0.881796    -0.469083
   -0.486803    -0.372695    -0.790013
    -0.87148     0.268862     0.410166
   0.0595377     0.888151    -0.455679
   -0.399075    -0.480543    -0.780908
   -0.912576     0.290944     0.287327
   0.0891276     0.827303     -0.55464
    0.382771     0.187637    -0.904588
    0.920754    -0.157488     0.356944
  -0.0754858    -0.969531     -0.23305
   -0.361199    -0.418112    -0.833497
   -0.929649     0.231163     0.286907
   0.0727147     0.878491    -0.472194
   -0.303184    -0.312616    -0.900195
   -0.948142     0.193558     0.252114
   0.0954249      0.92995    -0.355088
   -0.445501    -0.270106    -0.853564
   -0.888095     0.253888     0.383183
     0.11321     0.928754    -0.352987
    0.555752     0.766504    -0.321887
    0.820083    -0.441937     0.363531
   -0.136394     0.466007     0.874205
     0.54111     0.810121    -0.225621
    0.831925     -0.47647      0.28439
   -0.122889     0.341586     0.931782
    0.469624    -0.404887     -0.78455
    0.861096    0.0139351     0.508252
   -0.194852     -0.91426     0.355191
    0.484225    0.0696931    -0.872163
    0.844829    -0.296519     0.445355
   -0.227575    -0.952481    -0.202461
   -0.458845     0.443148    -0.770118
   -0.872019   -0.0583538     0.485981
    0.170422     0.894547     0.413209
    0.406774     0.142463    -0.902352
    0.873768    -0.348916     0.338802
   -0.266579    -0.926262    -0.266409
   -0.400176     0.335587    -0.852784
   -0.885105    0.0997154     0.454583
    0.237588     0.936717     0.257126
   -0.349196    -0.227167    -0.909097
   -0.889622     0.385113     0.245483
    0.294339     0.894474    -0.336573
    0.441092   -0.0565374    -0.895679
    0.849258    -0.296388     0.436939
   -0.290172    -0.953393   -0.0827195
    0.377469    0.0273562    -0.925618
    0.866624    -0.362664     0.342693
   -0.326313    -0.931519    -0.160602
   -0.407391     0.257329     -0.87625
   -0.840769     0.268937     0.469873
    0.356568     0.928146     0.106792
   -0.380282     0.305847    -0.872836
   -0.902234    0.0848417     0.422819
    0.203371     0.948293     0.243682
    0.314992     0.180404    -0.931791
    0.914639    -0.319831     0.247271
   -0.253407    -0.930141    -0.265749
   -0.302269    -0.459672    -0.835066
   -0.929271     0.337248     0.150726
     0.21234     0.821563      -0.5291
   -0.363311     0.353449     -0.86202
   -0.915072    0.0384844      0.40145
    0.175066     0.934662      0.30945
   -0.446126     0.343209    -0.826547
   -0.882872   -0.0174278     0.469291
     0.14666     0.939097     0.310784
   -0.433758     0.486712    -0.758265
   -0.892149    -0.114136     0.437084
    0.126188     0.866074     0.483727
   -0.528452     0.367761    -0.765173
   -0.845102    -0.142016     0.515397
   0.0808764     0.919012     0.385844
    0.537112     0.782704     -0.31446
    0.837548     -0.45062     0.308959
   -0.100122      0.42932     0.897586
   -0.516462     0.534141    -0.669299
   -0.853248    -0.254962      0.45493
    0.072351     0.806032     0.587433
     0.31238     0.373815    -0.873316
    0.943916    -0.225657     0.241043
   -0.106965    -0.899634     -0.42334
   -0.355045    -0.756172     0.549679
   -0.928846     0.351871      -0.1159
    0.105776     0.551717     0.827297
    0.350966     0.872997    -0.338671
    0.929273    -0.280218     0.240686
   -0.115217     0.399191       0.9096
   -0.421966    -0.818526     -0.38982
   -0.902769     0.339805     0.263707
   0.0833879    -0.463193     0.882326
   -0.424092     -0.90561  -0.00397913
   -0.902885     0.422467     0.079504
   0.0703186   -0.0373097     0.996827
   -0.429241     0.404873     -0.80736
   -0.897865    -0.094359      0.43004
   0.0979301     0.909491     0.404024
     0.48512     0.816797    -0.312254
    0.873387    -0.435005     0.219011
   -0.043056     0.378965     0.924409
    0.492445     0.783483     0.379014
     0.86896    -0.467134    -0.163381
  -0.0490443    -0.409804     0.910854
    0.519917     0.228289    -0.823147
    0.853867     -0.16646     0.493155
  -0.0244396    -0.959258    -0.281474
    0.470291     0.836084      0.28247
     0.88146    -0.460641    -0.104108
  -0.0430742    -0.297947      0.95361
   -0.512179    -0.570254    -0.642249
   -0.858654     0.357088     0.367698
    0.019658     0.739797    -0.672543
   -0.510609    -0.724437     0.463109
   -0.859703     0.438773    -0.261512
   0.0137507     0.531666     0.846842
    0.497082    -0.187836    -0.847129
    0.865838    0.0433864      0.49844
  -0.0568711    -0.981242     0.184202
    -0.53523   -0.0141193    -0.844588
   -0.844149    0.0452406     0.534196
   0.0306672     0.998876   -0.0361329
     0.42725     0.897094    -0.112607
      0.8979    -0.406399     0.169163
   -0.105991     0.173384     0.979134
    0.356249     0.925087     0.131533
    0.922034    -0.370855     0.110994
   -0.151459   -0.0817361     0.985078
    0.351586     0.907024    -0.231722
    0.925974    -0.300534     0.228585
   -0.137692     0.294935     0.945544
   -0.296637    -0.622599    -0.724139
   -0.942329     0.313889     0.116142
     0.15499      0.71683    -0.679804
    0.293984     0.343182    -0.892076
    0.937331    -0.286154     0.198814
   -0.187042    -0.894618      -0.4058
   -0.305113     -0.51513    -0.800966
   -0.943431     0.278128     0.180508
    0.129786     0.810732     -0.57085
   -0.484504    -0.391248     -0.78242
   -0.874244     0.248139     0.417283
   0.0308884     0.886201     -0.46227
   -0.485351    -0.428832     -0.76193
    -0.87388     0.265566     0.407196
   0.0277237     0.863468    -0.503641
    -0.39611    -0.469675    -0.788988
   -0.914622     0.277645     0.293906
    0.081018     0.838044    -0.539553
   -0.405473    -0.547612    -0.731924
   -0.910295     0.314936     0.268659
   0.0833883     0.775201    -0.626187
   -0.413582    -0.439335    -0.797455
   -0.908706     0.253634     0.331548
   0.0566014     0.861774    -0.504124
   -0.283079    -0.313838     0.906296
   -0.951388     0.211449    -0.223942
    0.121354     0.925632     0.358438
   -0.303081    -0.364783    -0.880383
   -0.947008      0.21842     0.235516
    0.106381     0.905111    -0.411652
    0.217662    -0.389405     0.894979
    0.968908     0.196735    -0.150043
   -0.117646     0.899811     0.420119
    0.294682    -0.582941     0.757193
    0.944628     0.297408    -0.138662
   -0.144363     0.756127     0.638303
    0.193059    -0.453531     0.870079
    0.970539     0.218554    -0.101428
   -0.144158     0.864028     0.482363
    0.210275    -0.520784     0.827386
    0.962017     0.260925   -0.0802555
    -0.17409     0.812836      0.55587
   -0.347859    -0.340398    -0.873569
   -0.933301     0.214297     0.288141
   0.0891209     0.915536    -0.392239
    -0.24842    -0.302684     0.920147
   -0.962128     0.187172    -0.198184
    0.112239     0.934531     0.337718
   -0.428829      -0.3307     -0.84068
   -0.902281     0.202787     0.380481
   0.0446537     0.921691    -0.385346
    0.517173    -0.134949    -0.845175
    0.855447    0.0500649     0.515465
  -0.0272479    -0.989587     0.141334
   -0.488293    -0.385905    -0.782718
   -0.872147     0.247139     0.422235
   0.0304981     0.888819    -0.457242
   -0.402319     0.477594    -0.781053
   -0.826655     0.177113     0.534109
    0.393422     0.860543      0.32355
    0.357999     0.133364    -0.924149
    0.859116    -0.434721     0.270071
   -0.365729    -0.890636    -0.270205
    0.361906     0.913504    -0.185835
    0.849993    -0.241503     0.468175
     -0.3828     0.327394     0.863874
   -0.402862    -0.853658    -0.330106
   -0.814626     0.170015     0.554509
    0.417238    -0.492303     0.763904
    -0.32042    -0.825912    -0.463896
    -0.88849    0.0922024     0.449538
    0.328507    -0.556209     0.763358
    0.388841     0.874754    -0.289152
     0.84205    -0.210083     0.496807
   -0.373837     0.436659     0.818275
    0.358426     0.881643    -0.306979
    0.876359    -0.204423     0.436126
   -0.321754     0.425343     0.845906
   -0.408971    -0.810168    -0.419965
   -0.869604     0.206487       0.4485
    0.276643    -0.548626     0.788972
    -0.41797    -0.784839    -0.457524
   -0.799043    0.0779807     0.596196
     0.43224    -0.614773     0.659714
    0.431678    -0.261034    -0.863432
    0.830241    -0.259233     0.493455
   -0.352638    -0.929871     0.104816
     0.45472     0.219444    -0.863177
    0.788675     -0.54949     0.275776
   -0.413789    -0.806167    -0.422934
   -0.340911    -0.684081    -0.644836
   -0.910184    0.0685291     0.408495
    0.235254     -0.72618     0.646002
   -0.384424    -0.837989    -0.387289
   -0.901729     0.250993     0.351977
    0.197746    -0.484538     0.852127
    -0.37646    -0.769464    -0.515949
   -0.921708     0.254908     0.292362
   0.0934425    -0.585617     0.805184
    0.322352     0.910631    -0.258536
    0.932122    -0.257729     0.254411
   -0.165042     0.322997     0.931898
   -0.294339    -0.865577     0.405144
    -0.91829     0.373596     0.131032
    0.264778     0.333472     0.904815
   -0.277835    -0.356506    -0.892027
   -0.937594     0.302769     0.171023
    0.209108     0.883874    -0.418378
    0.292116    -0.154485    -0.943823
    0.915526    -0.240195     0.322673
    -0.27655    -0.958353      0.07127
   -0.323487     -0.40103    -0.857048
   -0.889936     0.436699      0.13156
    0.321512     0.805276    -0.498157
   -0.273192    -0.362042     -0.89123
   -0.933455     0.323638     0.154664
    0.232441     0.874176    -0.426365
    0.476979    -0.241965    -0.844952
    0.791526    -0.299653      0.53263
   -0.382071    -0.922855    0.0485936
    0.467995     0.159004    -0.869309
    0.832107    -0.410569      0.37287
   -0.297623    -0.897859    -0.324452
    0.516935     0.100116     -0.85015
    0.818049    -0.350302     0.456163
    -0.25214    -0.931271    -0.262983
     0.48856   -0.0868884    -0.868193
    0.803833    -0.342176     0.486588
   -0.339354     -0.93561   -0.0973297
    0.513444    -0.105959    -0.851556
    0.847217   -0.0951181     0.522663
   -0.136379    -0.989811    0.0409325
   -0.507553    -0.700164    -0.502157
   -0.837071     0.262561     0.479973
    0.204213    -0.663952      0.71935
   -0.522485    -0.733719    -0.434357
   -0.845844     0.381792     0.372535
    0.107502    -0.562042     0.820092
   -0.527689     -0.70499    -0.473849
    -0.84378     0.370761     0.388035
   0.0978758    -0.604586     0.790503
    0.491153      0.87005   -0.0422205
    0.814794     -0.44174     0.375469
   -0.308026     0.218814     0.925873
   -0.496942    -0.765353    -0.409004
   -0.846499     0.323784     0.422616
    0.191021    -0.556237     0.808772
    0.464326     0.882413    0.0758222
     0.83064    -0.463585     0.308426
   -0.307309    0.0802291     0.948222
   -0.508403    -0.696628    -0.506197
    -0.86064     0.391455     0.325671
    0.028718    -0.601225     0.798563
   -0.517539    -0.773905    -0.364999
   -0.855535     0.475293     0.205318
  -0.0145847     -0.41853     0.908086
   -0.486173    -0.747819    -0.452109
   -0.866389     0.480011     0.137695
   -0.114046    -0.458645     0.881271
    -0.49688     0.577756     -0.64754
     -0.8622     -0.41343     0.292721
  -0.0985915     0.703757     0.703567
   -0.505586     0.561167    -0.655343
   -0.861224    -0.282706     0.422339
   0.0517335     0.777926     0.626223
   -0.474962    -0.711843    -0.517389
   -0.878827     0.414118     0.237003
  -0.0455513    -0.567262     0.822277
   -0.434856    -0.675096    -0.595941
   -0.892707      0.23631     0.383707
    0.118212    -0.698858     0.705424
   -0.445118    -0.401574     -0.80038
   -0.872918     0.393923     0.287816
    0.199709     0.826779    -0.525883
    0.436196     0.850167    -0.294873
    0.899447      -0.4021     0.171204
   -0.026984     0.339901     0.940074
   -0.464125    -0.638757    -0.613658
   -0.839022     0.539124    0.0733994
   -0.283953    -0.548939     0.786153
    0.461465    -0.115847    -0.879562
    0.839434     0.377813     0.390651
    0.287054    -0.918606     0.271593
   -0.445666     0.395622    -0.803035
   -0.847927    -0.474204     0.236959
   -0.287056      0.78652     0.546795
    -0.44961    -0.664275    -0.597152
   -0.854324     0.514949    0.0704082
   -0.260732    -0.541817     0.799032
   -0.466593     0.486237    -0.738826
   -0.840203    -0.504633     0.198507
   -0.276315     0.713386     0.643996
   -0.452905     0.617227    -0.643357
   -0.864633     -0.48008     0.148096
   -0.217454     0.623341     0.751105
   -0.430044     0.604577    -0.670484
   -0.879263    -0.448976     0.159112
   -0.204836     0.657957     0.724662
   -0.414403    -0.782223    -0.465186
   -0.895463     0.441736    0.0549158
   -0.162533    -0.439314     0.883508
   -0.371633    -0.784977    -0.495682
   -0.925042     0.358333     0.126076
  -0.0786524     -0.50538     0.859305
   -0.460068     0.471994    -0.752037
   -0.859374    -0.449629     0.243536
    -0.22319     0.758324     0.612479
     0.39921     0.892509    -0.209902
    0.906186    -0.418914   -0.0577733
    0.139494     0.167146     0.976014
   -0.415086     0.297652    -0.859713
   -0.898035    -0.285411     0.334773
   -0.145726     0.911012     0.385773
    -0.42792    -0.795098    -0.429772
   -0.900367     0.416517     0.125911
  -0.0788956    -0.440832     0.894116
   -0.371113     -0.81745    -0.440512
   -0.928557     0.322817     0.183226
  0.00757342    -0.477038      0.87885
   -0.465515    -0.763267    -0.448016
   -0.875007     0.472918     0.103492
   -0.132883    -0.440195     0.888015
   -0.467752     0.384267    -0.795956
   -0.865052     -0.38382     0.323059
   -0.181363     0.839655     0.511944
   -0.452365    -0.791692    -0.410596
   -0.858404     0.511389   -0.0403079
   -0.241886    -0.334224     0.910926
   -0.444596    -0.673805    -0.590187
   -0.858514     0.508501    0.0661852
   -0.255515    -0.536109     0.804549
   -0.469279    -0.733943    -0.491024
   -0.860014     0.506045    0.0655329
   -0.200383     -0.45304     0.868678
    -0.43987     0.490733    -0.752127
   -0.851117    -0.495028     0.174777
   -0.286555     0.717028     0.635419
   -0.384869    -0.753124    -0.533554
   -0.919343     0.364019     0.149329
  -0.0817604    -0.547991     0.832479
    0.336959    -0.157023    -0.928333
    0.940763    0.0956559     0.325292
   0.0377223    -0.982952     0.179954
   -0.306801    -0.501634    -0.808849
   -0.951071     0.194235     0.240286
   0.0365718     0.842992    -0.536681
    0.333903      0.01944    -0.942407
    0.942502   -0.0218217     0.333487
   -0.014082    -0.999573   -0.0256085
     0.28359     0.161843     -0.94519
    0.955101    -0.135846     0.263303
  -0.0857864    -0.977422    -0.193101
   -0.285149    -0.373763    -0.882605
   -0.952682      0.21168     0.218147
    0.105295     0.903046    -0.416437
   -0.273418    -0.304205    -0.912525
   -0.951459     0.224901      0.21011
    0.141311     0.925677    -0.350931
   -0.308091    -0.618775    -0.722633
   -0.948334     0.260256     0.181466
   0.0757832     0.741205    -0.666987
    0.266317     0.271047    -0.924991
    0.945841    -0.258305      0.19663
   -0.185634    -0.927261    -0.325158
   -0.274292    -0.455017    -0.847186
   -0.949606     0.267133     0.163977
    0.151699      0.84947    -0.505359
    0.313729     0.947554    0.0609531
    0.945675    -0.317583    0.0695706
  -0.0852796   -0.0358155     0.995713
   -0.325793    -0.665484    -0.671558
    -0.94544     0.228142     0.232582
  0.00156898    -0.710692     0.703502
    0.668323     0.121028    -0.733959
    0.562393    -0.728018     0.392052
   -0.486886    -0.674791    -0.554616
    0.677791     0.205994    -0.705808
    0.551836    -0.776885     0.303193
   -0.485876    -0.594992    -0.640241
   -0.681441    -0.295564    -0.669537
   -0.602347     0.746125     0.283683
    0.415712     0.596607    -0.686472
    0.686011     0.145789    -0.712835
      0.6073    -0.654309     0.450629
   -0.400718    -0.742041    -0.537401
   -0.688303    -0.217542    -0.692037
   -0.549945     0.778602     0.302224
    0.473075     0.588604     -0.65555
   -0.675392    -0.559943     0.479905
   -0.659515     0.749799   -0.0533157
    0.329978     0.352513     0.875699
   -0.690903    -0.429087    -0.581839
   -0.611715      0.77591      0.15417
    0.385303     0.462436    -0.798558
   -0.674275    -0.542237     0.501331
   -0.665965     0.739846   -0.0954899
