   0.0215893    -0.906031     0.422659
   -0.998514   -0.0407024   -0.0362476
   0.0500447    -0.421249    -0.905563
  -0.0185857    -0.888001     0.459466
   -0.998605  -0.00622715   -0.0524292
   0.0494183      -0.4598    -0.886646
  -0.0720625    -0.872415     0.483423
   -0.996686    0.0446523   -0.0679908
   0.0377303    -0.486721    -0.872742
   -0.104028    -0.867951     0.485633
   -0.993598    0.0690621   -0.0894074
   0.0440624    -0.491824    -0.869579
   -0.146743    -0.946717     0.286694
   -0.987675     0.124276   -0.0951529
   0.0544538    -0.297123    -0.953285
   -0.139068     -0.89609    -0.421525
   -0.989937     0.114557    0.0830697
   0.0261494    -0.428836     0.903004
   -0.166475    -0.471194    -0.866177
   -0.985449     0.110055      0.12953
   0.0342932     0.875137    -0.482659
   -0.165649    -0.895083     0.413989
   -0.985242      0.13185    -0.109153
   0.0431163     -0.42596    -0.903714
   -0.168379    -0.845642    -0.506495
   -0.985532     0.134319     0.103371
   0.0193833    -0.516573     0.856024
   -0.165832    -0.873007     0.458648
   -0.985413     0.128668    -0.111383
   0.0382252    -0.470428     -0.88161
   -0.161102    -0.884251     0.438345
   -0.986938     0.144137   -0.0719634
 0.000452138    -0.444212    -0.895921
   -0.160581    -0.877913     0.451091
   -0.986646     0.130145   -0.0979413
   0.0272764    -0.460795    -0.887087
    0.168832      0.97851    -0.118379
    0.968797    -0.142633     0.202703
   -0.181462     0.148908     0.972058
     0.21794     0.970472    -0.103371
    0.951309    -0.187584      0.24459
   -0.217977     0.151643     0.964101
   -0.174181    -0.915405    -0.362898
   -0.965489    0.0862939     0.245733
    0.193629    -0.393175     0.898844
   -0.218718    -0.701315    -0.678469
   -0.950479  -0.00421278     0.310761
      0.2208    -0.712839     0.665664
    0.250717     0.963378    0.0950964
    0.938952    -0.265911     0.218315
   -0.235607   -0.0345554     0.971234
      -0.189    -0.861177    -0.471861
   -0.961988    0.0659148     0.265017
    0.197124    -0.504013       0.8409
    0.246583     0.936478    -0.249412
    0.940803    -0.169554     0.293499
   -0.232566      0.30702      0.92285
   -0.222507    -0.869129    -0.441708
   -0.950851    0.0933864     0.295232
    0.215345    -0.485689     0.847191
   -0.238704     0.538958    -0.807803
   -0.945941     0.059046     0.318918
    0.219581     0.840261     0.495728
   -0.263918    -0.800474    -0.538134
   -0.933959    0.0726951     0.349909
    0.240974    -0.594942     0.766796
   -0.253716    -0.677313    -0.690561
   -0.939578   0.00293987     0.342323
     0.22983    -0.735689     0.637134
    0.264268     0.634916    -0.725978
    0.936073    -0.350104    0.0345577
   -0.232226    -0.688701    -0.686849
   -0.191465    -0.877364    -0.439969
   -0.962024    0.0789005     0.261313
    0.194553    -0.473293     0.859152
     -0.2161    -0.724255    -0.654794
   -0.955122    0.0176565     0.295687
    0.202592    -0.689306     0.695567
   -0.182866    -0.860326    -0.475815
   -0.966362    0.0682667     0.247959
    0.180843    -0.505153      0.84387
    -0.14197    -0.872234     -0.46803
   -0.975844    0.0440105     0.213988
    0.166049    -0.487104     0.857413
    0.142405     0.947526    -0.286207
    0.974669   -0.0838561     0.207338
   -0.172458     0.308483     0.935466
   0.0976716     0.981031    -0.167446
    0.984367   -0.0704509     0.161426
   -0.146567     0.180595     0.972576
  -0.0963455    -0.995269   -0.0125126
   -0.984613    0.0934576     0.147656
    0.145788   -0.0265461      0.98896
    -0.13445    -0.938081     -0.31926
   -0.975816       0.0693      0.20732
    0.172358    -0.339413     0.924712
   0.0872845     0.988971     0.119655
    0.986547     -0.10248     0.127365
   -0.138223    -0.106929     0.984612
   0.0401153     0.961227    -0.272826
    0.991997  -0.00559665     0.126141
   -0.119723     0.275703     0.953758
   0.0374677     0.997306    0.0630686
    0.993117   -0.0441702     0.108475
   -0.110968   -0.0585702     0.992097
 -0.00727892    -0.992962    -0.118211
     0.99581   0.00357796   -0.0913725
  -0.0911524      0.11838    -0.988776
    0.132122     0.990338    -0.042118
    0.978241    -0.123415     0.166775
   -0.159966    0.0632362     0.985095
   -0.248181    -0.535394    -0.807316
   -0.946185     0.312664    0.0835203
    0.207702     0.784598    -0.584179
   -0.249272    -0.460383    -0.852004
   -0.945347      0.30663     0.110893
    0.210197     0.833082    -0.511656
    0.227788     0.247775    -0.941658
    0.957191    -0.234363     0.169879
   -0.178598    -0.940043    -0.290553
   -0.220326    -0.328251    -0.918536
   -0.959951     0.240044     0.144477
    0.173065     0.913581    -0.367993
   -0.232179    -0.354895    -0.905617
   -0.955878     0.255524     0.144929
    0.179972     0.899309    -0.398564
   -0.203343     -0.45728    -0.865763
   -0.968513     0.223671     0.109337
    0.143649     0.860736    -0.488364
    0.206804     0.114256    -0.971688
    0.967761    -0.169834     0.185999
   -0.143775    -0.978827    -0.145695
   -0.181457    -0.476084    -0.860475
   -0.978343     0.176008     0.108931
   0.0995902     0.861606    -0.497711
     0.18582     0.227837    -0.955804
    0.973591    -0.173996     0.147802
   -0.132631    -0.958027    -0.254152
   -0.168053    -0.566639    -0.806646
   -0.981207     0.174865    0.0815836
   0.0948257     0.805197    -0.585377
   -0.153658    -0.371553    -0.915608
   -0.983906     0.143062     0.107066
   0.0912079     0.917323    -0.387555
   -0.214014    -0.529671     -0.82076
    -0.96696     0.234018     0.101114
    0.138515     0.815282    -0.562254
   -0.192434    -0.648626     0.736379
   -0.976884     0.197812   -0.0810447
   0.0930973     0.734952     0.671698
   -0.202532    -0.391055    -0.897806
   -0.975388     0.162169     0.149398
   0.0871732     0.905967    -0.414275
   -0.215834    -0.355252    -0.909512
   -0.967923     0.200529     0.151369
     0.12861     0.913008    -0.387137
   -0.231412     -0.29522    -0.926981
   -0.957027     0.240263     0.162396
    0.174777     0.924726    -0.338134
    0.223447       0.2003    -0.953914
    0.961572    -0.205479     0.182095
   -0.159535    -0.957945    -0.238517
   -0.235323    -0.483751    -0.842976
   -0.951811      0.29021    0.0991648
    0.196669      0.82569    -0.528732
   -0.245473    -0.547913    -0.799709
   -0.947143     0.311331    0.0774226
    0.206553     0.776444    -0.595375
     0.21552     0.194926    -0.956846
    0.959969    -0.221825     0.171034
   -0.178914    -0.955404     -0.23493
   -0.183127    -0.918428     0.350648
   -0.981507     0.150581     -0.11819
   0.0557479    -0.365807     -0.92902
   -0.183561    -0.909669     0.372568
   -0.980107     0.140268     -0.14041
   0.0754669     -0.39093    -0.917321
   -0.194678      -0.8437     -0.50027
   -0.975155     0.111514     0.191411
    0.105706    -0.525104     0.844447
   -0.167511     -0.90078     0.400668
   -0.983122     0.122304    -0.136059
   0.0735562    -0.416697    -0.906064
    -0.16549    -0.929494     0.329628
   -0.980392     0.118796    -0.157221
    0.106978    -0.349183    -0.930928
    0.138279     0.969422    -0.202733
    0.984814     -0.11289       0.1319
    -0.10498     0.217893      0.97031
   -0.130224    -0.917726      0.37526
   -0.989332    0.0953476    -0.110142
   0.0653004      -0.3856    -0.920352
   -0.190538    -0.282449    -0.940169
   -0.969735     0.203101     0.135513
    0.152674     0.937535    -0.312599
     0.14293     0.735236     -0.66257
    0.979133  -0.00732589      0.20309
   -0.144465     0.677772      0.72094
    0.210522      0.25652    -0.943333
    0.967468    -0.193164     0.163382
   -0.140307     -0.94704     -0.28884
   -0.216661    -0.422323    -0.880171
     -0.9698     0.196555     0.144413
    0.112013     0.884878    -0.452154
    -0.20955    -0.445199    -0.870567
   -0.973995     0.173485     0.145728
   0.0861522     0.878465    -0.469975
   -0.208565    -0.292783    -0.933155
   -0.976496     0.115388     0.182048
    0.054374     0.949191    -0.309967
   -0.208581    -0.283439    -0.936032
   -0.975064     0.134442     0.176569
   0.0757951      0.94952    -0.304413
   -0.188713    -0.853075     0.486467
   -0.981587     0.148951     -0.11958
   0.0295511    -0.500076    -0.865477
  -0.0924132    -0.892449     0.441582
   -0.994058    0.0570716   -0.0926908
     0.05752    -0.447524     -0.89242
  -0.0390039    -0.913581     0.404782
   -0.997953    0.0150698   -0.0621484
   0.0506777    -0.406377    -0.912299
  -0.0525049    -0.944508     0.324266
   -0.994909    0.0215043   -0.0984579
   0.0860211    -0.327785    -0.940828
   0.0168179    -0.883515     0.468101
    -0.99884   -0.0359688   -0.0320027
   0.0451119     -0.46702    -0.883095
-0.000935833    -0.722449     0.691423
   -0.997425   -0.0489114   -0.0524562
   0.0717154    -0.689692    -0.720543
   0.0487259     -0.70054     0.711948
   -0.997162   -0.0750711  -0.00562215
   0.0573852    -0.709653     -0.70221
   0.0589964    -0.908526     0.413643
   -0.997359   -0.0712258   -0.0141906
   0.0423546    -0.411714    -0.910328
  0.00429699     -0.98133    -0.192285
     0.99584    0.0217009    -0.088497
  -0.0910175     0.191105    -0.977341
   -0.045497    -0.998932   0.00801792
     0.99693   -0.0459149   -0.0634256
  -0.0637261  -0.00510763    -0.997954
   0.0525225     0.989189    -0.136917
    0.992118   -0.0360675     0.120006
    -0.11377     0.142141     0.983286
    0.117438     0.971335     -0.20668
    0.984372    -0.086359      0.15347
   -0.131222     0.221474     0.966297
   -0.093591     -0.94989     0.298243
   -0.991084    0.0603543    -0.118784
   0.0948315    -0.306701     -0.94707
    -0.11967    -0.437445    -0.891247
   -0.992048    0.0879432    0.0900399
   0.0389916     0.894935    -0.444491
   -0.124527    -0.497451    -0.858508
   -0.991285    0.0998515     0.085929
   0.0429777     0.861726     -0.50555
   0.0862806     0.201415    -0.975698
    0.996224  -0.00790361     0.086464
  0.00970364    -0.979474    -0.201337
   0.0810207     0.240553    -0.967249
    0.996653  -0.00899084    0.0812478
    0.010848    -0.970594    -0.240476
   0.0961577     0.163668    -0.981818
    0.995328  -0.00716789     0.096286
  0.00872141    -0.986489    -0.163593
   0.0582223     0.967887     0.244549
    0.996029   -0.0397909   -0.0796486
     0.06736    -0.248215      0.96636
   0.0547356    -0.918709     0.391123
    0.995383    0.0192751   -0.0940233
   0.0788411     0.394464     0.915523
   0.0320146    -0.963075    -0.267322
    0.991675  -0.00276723     0.128733
    0.124719     0.269218     -0.95497
  -0.0577252     0.298052    -0.952803
   -0.996591   -0.0735558    0.0373687
  -0.0589464     0.951711     0.301282
   0.0377445    -0.735886     0.676052
    0.992944   -0.0484878    -0.108216
    0.112415     0.675367     0.728864
   0.0442215    -0.287139    -0.956868
    0.994147      0.10715    0.0137906
   0.0985685    -0.951877     0.290197
   0.0670644    -0.885011     0.460715
    0.994596    0.0226178    -0.101331
   0.0792589     0.465021     0.881744
   0.0356517     -0.91517    -0.401489
    0.991418   -0.0181741     0.129463
    0.125778     0.402659    -0.906668
   0.0495799     0.710361     0.702089
    0.991031    0.0523521    -0.122953
    0.124097    -0.701888     0.701394
   0.0958519     0.958836     0.267294
    0.992766     -0.07258    -0.095648
   0.0723106    -0.274528     0.958856
    0.117326     0.972067     0.203275
    0.992889    -0.110669   -0.0438531
   0.0201319    -0.206974     0.978139
   -0.136225    -0.828826     0.542669
   -0.990452     0.102239   -0.0924803
  -0.0211681     0.550085      0.83484
   -0.154285    -0.585803    -0.795633
   -0.987202      0.12428    0.0999287
   0.0403429     0.800868     -0.59748
   -0.138149    -0.830802     0.539151
   -0.989661     0.136991   -0.0424897
   0.0385584     0.539446     0.841137
   -0.169627    -0.861851     0.477953
   -0.984938     0.164751   -0.0524774
   0.0335154     0.479655     0.876817
   0.0436244    -0.255315    -0.965873
     0.98906     0.147404   0.00570739
    0.140917    -0.955555     0.258952
  -0.0268898    -0.568309     0.822376
    -0.98664     0.147325     0.069549
   -0.160682    -0.809518    -0.564678
   -0.029568     0.318606    -0.947426
    -0.98253    -0.183496   -0.0310434
   -0.183739     0.929957     0.318465
   0.0422797     -0.19045    -0.980786
    0.984268     0.176495   0.00815768
     0.17155    -0.965701     0.194916
  0.00863463    -0.680524     0.732675
    0.981031    -0.136134    -0.138005
    0.193658     0.719969     0.666439
   0.0354682     0.997563    0.0600781
    0.976999   -0.0219628     -0.21211
    0.210274   -0.0662194     0.975397
   0.0123703    -0.994404    -0.104916
    0.974416   -0.0115595     0.224453
     0.22441     0.105008    -0.968821
   0.0340864     0.998756   -0.0364051
    0.970233   -0.0418078    -0.238539
    0.239764    0.0271905      0.97045
   0.0550957    -0.265869    -0.962433
    0.978277     0.207299  -0.00126293
    0.199847    -0.941457     0.271515
   0.0499524     0.983998    -0.171035
    0.971575   -0.0875521    -0.219947
    0.231402     0.155186     0.960401
  -0.0570041    -0.382566     0.922168
   -0.973651     0.225583    0.0333977
   -0.220802    -0.895966    -0.385345
  -0.0100741    -0.980262    -0.197446
    0.972258   -0.0557485     0.227169
    0.233692      0.18968     -0.95363
 -0.00786607    -0.996508   -0.0831248
   -0.968371     0.028323    -0.247902
   -0.249391   -0.0785456     0.965212
  -0.0215136    -0.988411    -0.150267
    0.965981   -0.0592945     0.251723
    0.257715      0.13974    -0.956063
  -0.0282831    -0.947453    -0.318643
    0.970301    -0.102634     0.219047
     0.24024     0.302984    -0.922218
 -0.00680738    -0.489651     0.871892
    0.979658    -0.178139   -0.0923936
    0.200559     0.853527     0.480904
  -0.0144656    -0.684628     0.728749
    0.977996    -0.161387    -0.132203
    0.208121     0.710801     0.671898
   0.0016469    -0.843847    -0.536581
    0.985756   -0.0888701     0.142786
    0.168175     0.529173    -0.831681
   0.0116538     0.994565     0.103465
     0.98635   0.00556249    -0.164568
    0.164249     -0.10397     0.980924
  0.00118264    -0.169543     0.985522
    0.985809    -0.165241     -0.02961
    0.167869     0.971571     0.166941
   0.0347016    -0.735595     0.676532
   -0.969779     0.138797     0.200658
   -0.241503     -0.66305    -0.708548
  0.00801607    -0.613081     0.789979
    0.974823    -0.171257    -0.142799
    0.222837     0.771235     0.596273
    0.018358    -0.678132      0.73471
   -0.971936     0.160265     0.172209
   -0.234528    -0.717253    -0.656159
   0.0275609    -0.665178     0.746176
    0.979593    -0.130697    -0.152692
     0.19909     0.735157     0.648002
   0.0500405    -0.668415     0.742103
    0.980153    -0.109842    -0.165028
    0.191821     0.735633     0.649653
 -0.00324145    -0.963502    -0.267681
    0.978023   -0.0588586     0.200015
     0.20847      0.26115    -0.942518
  -0.0627886    -0.908185     0.413834
   -0.984184   -0.0124787     -0.17671
   -0.165649     0.418384     0.893037
   0.0351682     0.980448     0.193609
    0.983238  0.000735382    -0.182325
    0.178902    -0.196775     0.963988
    0.083525      -0.8844     0.459194
    0.988407    0.0148961    -0.151096
     0.12679     0.466491     0.875392
    0.078021     0.981063    -0.177279
    0.982786    -0.105556    -0.151623
    0.167465     0.162397     0.972411
    -0.10969    -0.827444      0.55073
    -0.98556     0.018635    -0.168299
   -0.128995     0.561239      0.81754
   -0.116602    -0.937117     0.328961
   -0.986199     0.148446     0.073317
    -0.11754    -0.315872    -0.941493
 -0.00688007    -0.987507    -0.157423
   -0.984001    0.0347131    -0.174749
    -0.17803    -0.153702     0.971947
  -0.0651434    -0.934147     0.350893
   -0.991064    0.0195495    -0.131947
   -0.116398     0.356353     0.927073
  -0.0138256    -0.810947     0.584956
     0.97837    -0.131728    -0.159496
    0.206398     0.570099     0.795228
  -0.0373046    -0.962084    -0.270189
    0.969608    -0.100271     0.223173
    0.241803     0.253652    -0.936585
   0.0338977     0.998547   -0.0418817
   -0.970214    0.0429357     0.238416
   -0.239868   -0.0325524     -0.97026
   0.0496123     0.974966     0.216748
   -0.964834  -0.00930376     0.262694
   -0.258134     0.222159    -0.940219
   0.0407593     0.998843   -0.0255299
   -0.964763    0.0459903     0.259072
   -0.259946   -0.0140707    -0.965521
    0.047528    -0.873597    -0.484324
   -0.966544    0.0821322    -0.242995
   -0.252058     -0.47967     0.840466
   -0.154949    -0.911541     0.380899
   -0.985624     0.168922   0.00330261
  -0.0673526    -0.374911    -0.924611
   -0.154649    -0.700826    -0.696367
   -0.984905      0.16483    0.0528421
   -0.077749    -0.694028     0.715738
    -0.17333    -0.890114     -0.42149
    -0.98409     0.173493    0.0383007
  -0.0390337    -0.421422     0.906024
   -0.161105    -0.846043     0.508189
   -0.986184     0.158109   -0.0494164
  -0.0385407    -0.509129    -0.859827
    0.168891     0.615819    -0.769574
    0.984946   -0.0762581     0.155134
   0.0368484    -0.784189    -0.619427
     0.19408     0.936724    -0.291343
    0.980947    -0.182686    0.0660913
  -0.0086851     0.298619     0.954333
    0.196654     0.212463    -0.957176
    0.980412   -0.0535037     0.189552
  -0.0109397    -0.975703    -0.218823
   -0.163817    -0.855327     0.491507
   -0.986397     0.148901   -0.0696416
  -0.0136196     -0.49623    -0.868084
   -0.186633    -0.453618    -0.871435
    -0.98214      0.10769     0.154286
   0.0238579     0.884666    -0.465615
    0.149113     0.761915     0.630278
    0.988429     -0.09693    -0.116671
   0.0278002    -0.640383     0.767553
    0.109405     0.709046     0.696623
    0.990851   -0.0220816    -0.133139
   0.0790188    -0.704816     0.704975
   -0.119201     -0.53782     -0.83459
   -0.988903   -0.0107574     0.148173
  -0.0886685     0.842991    -0.530569
   -0.163281    -0.778564     0.605952
   -0.986469     0.138036   -0.0884584
  -0.0147727    -0.612196    -0.790568
   -0.158528    -0.920117     0.358126
   -0.986207     0.165046   -0.0125088
  -0.0475976    -0.355169     -0.93359
    0.156112     0.765877    -0.623747
    0.986188    -0.156236    0.0549875
   0.0553379     0.623716     0.779689
   -0.142216    -0.919923       0.3654
   -0.987154     0.158966    0.0160026
  -0.0728072     -0.35843    -0.930713
   -0.143833     -0.85501     0.498267
   -0.986382     0.164452  -0.00254197
  -0.0797675    -0.491847     -0.86702
   -0.118768    -0.884006     0.452136
   -0.987697     0.151838    0.0374199
   -0.101731    -0.442129    -0.891164
   -0.115457    -0.932565     0.342041
   -0.988358     0.142206    0.0540981
  -0.0990902    -0.331813    -0.938127
   -0.121961    -0.899293    -0.419997
   -0.986997     0.154524   -0.0442552
   -0.104698    -0.409138     0.906446
  -0.0819659    -0.891606     0.445332
   -0.985311     0.139663    0.0982688
   -0.149813    -0.430736    -0.889956
  -0.0486654    -0.928743    -0.367516
   -0.981069       0.1135    -0.156915
   -0.187446    -0.352922     0.916684
  -0.0582705    -0.923962     0.378019
   -0.985037     0.114737     0.128601
   -0.162195    -0.364869    -0.916822
  -0.0206125    -0.743517     0.668399
   -0.977727     0.154657     0.141886
   -0.208867    -0.650587    -0.730145
  -0.0313937    -0.986279     0.162076
     -0.9827    0.0600691     0.175191
   -0.182523    -0.153772    -0.971102
  0.00163791    -0.913598     0.406615
   -0.978919    0.0815829     0.187247
   -0.204241     -0.39835    -0.894205
    0.018408    -0.728812     0.684466
   -0.973055     0.144311      0.17983
   -0.229838    -0.669334    -0.706517
  -0.0183599    -0.895671     0.444339
    -0.98623    0.0892795     0.139214
    -0.16436    -0.435664    -0.884976
   0.0147918     -0.89124     0.453291
   -0.984012    0.0674948     0.164816
   -0.177485    -0.448481    -0.875993
  0.00475692    -0.994365    -0.105907
   -0.986787    0.0124846    -0.161541
   -0.161953    -0.105276     0.981167
  -0.0418597    -0.944292    -0.326436
   -0.985698    0.0924108    -0.140921
   -0.163237    -0.315868     0.934655
  -0.0718288    -0.918783     0.388172
   -0.986577     0.122668     0.107789
   -0.146651    -0.375219    -0.915262
   0.0912827      0.92515    -0.368463
    0.983836    -0.141025    -0.110355
    0.154057     0.352434     0.923069
   -0.108272    -0.840039     0.531612
   -0.984504      0.16481    0.0599169
   -0.137948    -0.516887    -0.844866
  -0.0927752     -0.96702     0.237203
   -0.986402     0.121723     0.110431
   -0.135662    -0.223732    -0.965163
   0.0603302     -0.80508      0.59009
    0.985282   -0.0466925    -0.164438
    0.159939     0.591325     0.790414
 -0.00299407    -0.846773     0.531946
   -0.988359    0.0834214      0.12723
   -0.152111    -0.525373    -0.837165
    0.471289   -0.0853616    -0.877838
    0.871626    -0.106973     0.478356
   -0.134738    -0.990591    0.0239881
   -0.529996    -0.295907    -0.794697
   -0.843586     0.279474     0.458538
   0.0864127     0.913419    -0.397743
   -0.513377    -0.499673     -0.69769
   -0.855043     0.367093     0.366256
   0.0731093     0.784583    -0.615699
   -0.553544    -0.355415    -0.753173
   -0.830769     0.299083     0.469439
   0.0584155     0.885568    -0.460823
   -0.576886    -0.437809    -0.689584
   -0.813666     0.382186     0.438044
   0.0717696     0.813792    -0.576708
    -0.53652    -0.760749     0.365249
   -0.842686     0.506065     -0.18379
   0.0450218     0.406397     0.912587
    0.574945     0.749568    -0.328003
    0.815478     -0.49235     0.304282
  -0.0665873     0.442425      0.89433
    0.555172     0.757968     0.342446
    0.830118    -0.530619    -0.171313
  -0.0518593    -0.379379     0.923787
   -0.538676    -0.697873     0.472018
   -0.837892     0.502347    -0.213504
   0.0881187      0.51051     0.855345
    0.587062     0.744234     0.318549
    0.805314    -0.577049    -0.135959
  -0.0826326    -0.336348     0.938105
    0.560573     0.776003    -0.289097
    0.822654    -0.481853      0.30176
  -0.0948643     0.406985     0.908495
    0.563671     -0.16409    -0.809536
    0.817454   -0.0297903     0.575223
   -0.118504    -0.985995     0.117344
   -0.534223     0.460771    -0.708728
   -0.844464    -0.252654     0.472278
   0.0385486     0.850798     0.524078
    0.522589     0.116287    -0.844617
    0.850043    -0.147505     0.505638
  -0.0657862    -0.982201    -0.175933
    0.515441    -0.336721    -0.787997
    0.855924     0.157859     0.492417
  -0.0414147    -0.928278     0.369575
   -0.511615     0.590609    -0.624044
   -0.858811     -0.32925     0.392477
    0.026334     0.736733      0.67567
    0.495359     0.285558    -0.820412
    0.868036    -0.199311     0.454741
  -0.0336624    -0.937407    -0.346605
    0.462822    0.0500497    -0.885037
    0.885755   -0.0656681     0.459484
  -0.0351216    -0.996586   -0.0747245
    0.439124    -0.194818     -0.87705
    0.897532    0.0515863     0.437921
   -0.040071    -0.979482     0.197508
    0.470753   -0.0342943    -0.881598
    0.880899    -0.037303     0.471831
  -0.0490674    -0.998715    0.0126493
    0.400889     0.185335    -0.897184
    0.913306    -0.157635      0.37553
  -0.0718289    -0.969949    -0.232462
    0.403599    -0.387408    -0.828868
    0.914133     0.132811     0.383042
  -0.0383111    -0.912292     0.407745
   -0.359212    -0.583364     -0.72846
   -0.931593     0.270722      0.24258
   0.0556974     0.765765    -0.640704
    -0.32286    -0.668102     0.670373
    -0.94458     0.271923    -0.183919
   0.0594132     0.692602     0.718869
    -0.43758    -0.692404     0.573673
   -0.894549      0.39988    -0.199693
   0.0911317      0.60056     0.794369
   -0.524756     0.469629    -0.709986
   -0.834709    -0.120245     0.537402
    0.167007     0.874637     0.455103
    0.513216   -0.0476322    -0.856937
    0.844466    -0.150263     0.514099
   -0.153254    -0.987498   -0.0368935
    0.462485     0.849066     0.255334
    0.862811    -0.497295    0.0908596
   -0.204122    -0.178284     0.962574
   -0.482352     0.514951    -0.708634
   -0.846777   -0.0669731     0.527715
    0.224288     0.854599     0.468353
   -0.443537    -0.239657     -0.86362
   -0.877561     0.311911     0.364141
    0.182103     0.919389    -0.348657
    0.418713   -0.0402378    -0.907227
     0.87182    -0.261817     0.413984
   -0.254185    -0.964278    -0.074546
   -0.397345    -0.239103    -0.885972
    -0.88863     0.341211     0.306452
     0.22903     0.909068    -0.348052
    0.358869   -0.0455662    -0.932275
    0.893737    -0.271249     0.357292
    -0.26916     -0.96143   -0.0566189
   -0.443889    -0.770775     0.457022
   -0.849178     0.524676    0.0601004
    0.286112     0.361415     0.887423
    0.384028     0.224406    -0.895636
    0.869689    -0.413699     0.269248
   -0.310102    -0.882324    -0.354036
    0.413954    -0.167369    -0.894779
    0.846654    -0.290294     0.445989
   -0.334394    -0.942187    0.0215349
    0.383417    -0.184272    -0.905006
    0.903187     -0.12995     0.409105
   -0.192992    -0.974247     0.116607
    0.335111    -0.137539    -0.932086
    0.912482    -0.199044     0.357434
   -0.234687    -0.970291    0.0587996
    -0.32364    -0.397979    -0.858411
   -0.925623     0.321258     0.200038
    0.196161     0.859305    -0.472351
    -0.37642     0.383436    -0.843377
   -0.912165   0.00585015     0.409782
    0.162059     0.923549     0.347555
    0.437175    -0.138502    -0.888648
    0.887414   -0.0941887     0.451248
   -0.146199    -0.985873    0.0817316
    0.434731    -0.325579    -0.839647
    0.892782    0.0335386     0.449238
   -0.118102     -0.94492     0.305251
    -0.49158    -0.636738     0.594066
   -0.864234     0.440533    -0.242963
    0.107002     0.632847     0.766847
    0.494496     0.236693    -0.836331
    0.859221    -0.278357     0.429251
   -0.131198    -0.930857    -0.341018
    0.487312    -0.279985    -0.827125
    0.870088    0.0754412     0.487088
  -0.0739782    -0.957035     0.280375
    0.334087     0.420654    -0.843467
     0.93706    -0.244616     0.249163
   -0.101514    -0.873621    -0.475901
   -0.367262    -0.546546    -0.752599
   -0.924212     0.305471      0.22917
    0.104645     0.779727    -0.617313
   -0.363149      -0.8268    -0.429564
   -0.925028     0.264732     0.272469
    0.111558    -0.496306      0.86095
     -0.4188    -0.739776    -0.526629
   -0.903947     0.284369     0.319396
   0.0865251    -0.609808     0.787812
    0.411797     0.350862    -0.841022
    0.906915    -0.247969     0.340612
  -0.0890393    -0.902999    -0.420315
     0.41955     0.859871    -0.290861
    0.902653    -0.361353     0.233757
  -0.0958968     0.360619      0.92777
    -0.45283     -0.69021     0.564407
   -0.889418     0.393917    -0.231871
   0.0622903     0.606992     0.792263
   -0.457056     -0.78594     0.416411
    -0.88698     0.437539     -0.14774
   0.0660809     0.436873     0.897092
   -0.483521    0.0252349    -0.874969
   -0.874154    0.0379326     0.484164
   0.0454077     0.998962   0.00371799
   -0.442658    -0.481882    -0.756203
   -0.894172     0.300375      0.33201
   0.0671547     0.823143    -0.563849
   -0.476809     -0.60329    -0.639292
   -0.877942     0.362647     0.312579
   0.0432616     0.710302    -0.702566
   -0.465083    -0.410783    -0.784191
   -0.883907     0.264566     0.385634
   0.0490579     0.872504    -0.486139
    0.475744     0.832972     0.282532
    0.877296    -0.472514     -0.08416
  -0.0633973    -0.287903     0.955559
   -0.493768    -0.321334    -0.808046
   -0.868362     0.231628     0.438515
   0.0462562     0.918201    -0.393404
    0.426018     0.881975     0.201567
    0.898953     -0.43777    0.0155362
   -0.101943    -0.174581     0.979351
    0.368758     0.916664     0.154091
    0.918768    -0.384595    0.0891711
   -0.141003    -0.108692     0.984025
    0.363703     0.889734    -0.275849
    0.922469    -0.302847     0.239447
   -0.129505      0.34155     0.930899
   -0.316513    -0.864186     0.391155
   -0.937095     0.348853    0.0124552
    0.147219     0.362607     0.920241
    0.315731     0.103003    -0.943241
    0.932992     -0.21468     0.288857
   -0.172742    -0.971238    -0.163882
   -0.325263    -0.756161     0.567825
   -0.937667     0.335637   -0.0901569
     0.12241     0.561755     0.818197
   -0.460043    -0.458341     -0.76045
   -0.886627     0.282919     0.365854
   0.0474599     0.842544    -0.536532
   -0.455953    -0.469647    -0.756002
   -0.888808     0.284299     0.359436
   0.0461228     0.835826    -0.547053
    0.414587     0.260044    -0.872064
    0.907604    -0.187792     0.375485
  -0.0661238     -0.94716    -0.313873
   -0.411335    -0.404948    -0.816591
   -0.908613     0.253218     0.332119
   0.0722845     0.878577    -0.472098
   -0.411989    -0.587677    -0.696349
   -0.909738       0.3084     0.277967
   0.0513988     0.748014    -0.661689
    0.342513     0.108564    -0.933219
    0.935154     -0.13497     0.327522
  -0.0903994    -0.984884    -0.147753
   -0.344412    -0.759874     0.551336
   -0.936885     0.315864    -0.149922
   0.0602257     0.568173     0.820702
    0.253007     0.228506    -0.940092
    0.963733    -0.144793     0.224175
  -0.0848931    -0.962715    -0.256852
   -0.341779    -0.500858    -0.795191
   -0.932939     0.282737       0.2229
    0.113188     0.818047    -0.563904
   -0.257671    -0.464054    -0.847502
   -0.959358     0.227314     0.167212
    0.115054     0.856144    -0.503766
    0.262693     0.585465    -0.766957
    0.954921    -0.271658       0.1197
    -0.13827    -0.763828    -0.630435
   -0.369821     -0.78643     0.494733
   -0.927877     0.339971    -0.153184
   0.0477265     0.515702     0.855438
    0.271018     0.176538    -0.946247
    0.960053    -0.120678     0.252458
  -0.0696226    -0.976868    -0.202192
   -0.434888    -0.365573    -0.822939
   -0.899496     0.219161     0.377988
   0.0421737     0.904613    -0.424142
    0.488909    -0.142645    -0.860593
    0.871716    0.0427416     0.488144
   -0.032848    -0.988851     0.145242
   -0.474766    -0.665132     0.576365
   -0.879261     0.387234    -0.277397
   0.0386833     0.638474      0.76867
   -0.403052     0.311637    -0.860483
   -0.836559     0.255807     0.484491
    0.371103      0.91512       0.1576
    0.368904      0.29143    -0.882598
    0.865689    -0.453419     0.212119
   -0.338368    -0.842306    -0.419556
   -0.372503     0.555248    -0.743601
   -0.856668     0.102396     0.505603
    0.356877     0.825358      0.43752
   -0.402575    -0.708488    -0.579636
   -0.828073    0.0119693     0.560492
    0.390164    -0.705621     0.591498
   -0.341514    -0.473462    -0.811912
   -0.887937     0.445723     0.113572
    0.308116     0.759713    -0.572626
   -0.390366    -0.751675      -0.5316
   -0.847659    0.0681072     0.526152
    0.359289    -0.656007     0.663751
    0.364244     0.919504     -0.14778
    0.884136    -0.291555     0.365103
   -0.292627     0.263644     0.919163
   -0.399865    -0.771192    -0.495349
   -0.879629     0.170988     0.443866
    0.257607    -0.613209     0.746735
   -0.424735     0.452306    -0.784232
   -0.810811     0.195295     0.551766
    0.402724     0.870218     0.283786
    0.429235     0.146396    -0.891249
    0.840048    -0.427191     0.334405
   -0.331778    -0.892231    -0.306345
    0.456381     0.168583    -0.873668
     0.80336    -0.500196     0.323136
    -0.38253    -0.849343    -0.363713
    0.337267     0.938567     0.073091
    0.916918    -0.345096     0.200424
   -0.213335  0.000577891     0.976979
   -0.381948    -0.923722   -0.0292051
   -0.906642     0.368383     0.205656
     0.17921    -0.105028     0.978189
    0.374027     0.878267     -0.29791
    0.921737    -0.316534     0.224071
   -0.102496     0.358403     0.927923
   -0.324777    -0.836684    -0.440999
    -0.93164     0.202657     0.301623
    0.162992    -0.508812     0.845307
    0.311254     0.818783    -0.482405
    0.917181    -0.125921     0.378052
   -0.248797     0.560123     0.790166
   -0.299039    -0.712136    -0.635167
   -0.931015     0.071772     0.357855
    0.209254    -0.698363     0.684472
   -0.310933    -0.762319     0.567618
   -0.917439     0.396725    0.0302479
    0.248247     0.511349     0.822737
   -0.341329    -0.269508    -0.900478
    -0.89164     0.395999     0.219459
    0.297442      0.87781     -0.37547
    0.297718     0.180897    -0.937358
    0.930348    -0.275131     0.242395
   -0.214048    -0.944235    -0.250209
    0.477478   -0.0658868     -0.87617
    0.798153    -0.384418     0.463869
   -0.367378    -0.920805    -0.130963
   -0.467405    -0.282573    -0.837666
   -0.835502     0.450857     0.314109
    0.288909     0.846688    -0.446823
    0.494618     0.240366    -0.835211
    0.835399    -0.396543     0.380608
   -0.239712     -0.88599    -0.396938
    -0.48387   -0.0196123     -0.87492
   -0.808792     0.391868     0.438514
    0.334253     0.919812    -0.205475
   -0.497196    -0.209249    -0.842028
   -0.856569     0.272907     0.437964
    0.138152     0.939008    -0.314924
    0.488484     0.868674    0.0823936
    0.844405    -0.494402     0.206268
   -0.219915    0.0311849      0.97502
    0.483416    -0.294886    -0.824227
    0.868398    0.0427718      0.49402
   -0.110426    -0.954575     0.276755
   -0.490718     -0.73454    -0.468665
   -0.863364     0.337395      0.37519
    0.117467    -0.588741     0.799741
    0.485815     0.869436     0.089807
     0.81154    -0.486839     0.323096
   -0.324633     0.084083     0.942095
   -0.467963    -0.793999    -0.388042
   -0.860143     0.308404     0.406251
    0.202889    -0.523882     0.827275
     0.45857     0.884403   -0.0868623
    0.832273    -0.393154     0.390834
   -0.311505     0.251518     0.916353
   -0.495391    -0.680499    -0.539915
   -0.868456     0.374187      0.32522
   0.0192823    -0.630004     0.776353
    0.472032     0.827679    -0.303534
    0.881561    -0.445518      0.15609
  0.00603729     0.341263     0.939948
   -0.462151    -0.631679    -0.622413
   -0.883033      0.39243     0.257393
   -0.081664    -0.668566     0.739155
    0.471162     0.851191    -0.231259
    0.878131    -0.477339      0.03215
    0.083023     0.218223     0.972361
    0.481382     0.118242    -0.868499
    0.874926    -0.124378     0.468011
  -0.0526836    -0.985164    -0.163327
    0.461652     0.871402     0.165941
    0.886326     -0.44551    -0.126283
   0.0361144    -0.205377     0.978016
    0.433728     0.844666      0.31372
    0.894485    -0.445564   -0.0370073
   -0.108524    -0.296668     0.948794
   -0.443813    -0.305295    -0.842511
   -0.871476     0.366012     0.326442
    0.208707     0.879108    -0.428499
    0.412479      0.86834    -0.275403
    0.910538    -0.383708     0.153914
  -0.0279751     0.314251     0.948928
    0.458077    -0.601627    -0.654379
    0.854885     0.499896     0.138837
    0.243593    -0.623016     0.743312
   -0.464757     0.536235    -0.704594
    -0.85072    -0.491076     0.187406
   -0.245515      0.68651     0.684416
   -0.445801     0.613831    -0.651516
   -0.862149    -0.490198     0.128083
   -0.240751     0.618804     0.747744
   -0.448636    -0.656754    -0.606135
   -0.864937     0.489789     0.109498
   -0.224965    -0.573393     0.787788
   -0.469785     0.426179    -0.773093
   -0.850872    -0.451925     0.267918
   -0.235199     0.783668     0.574932
   -0.446663     0.590903    -0.671808
   -0.875321     -0.44405     0.191398
   -0.185219     0.673538      0.71557
     0.43351     0.854329     -0.28669
    0.885282    -0.463187   -0.0416325
    0.168359     0.235753     0.957118
   -0.419722    -0.795848    -0.436416
   -0.899857     0.427742    0.0854052
   -0.118704    -0.428559     0.895682
     0.38236      0.85922    -0.339915
    0.922744    -0.374339    0.0917306
   0.0484267     0.348728     0.935972
    0.445607    -0.170461     -0.87885
     0.87602     0.285301     0.388835
    0.184456    -0.943158     0.276459
    0.396425     0.891575    -0.218953
    0.912329    -0.409203   -0.0144583
    0.102487     0.194026     0.975628
    0.412477     0.880485    -0.233686
    0.902849    -0.429294   -0.0238856
    0.121351     0.201131     0.972019
    -0.42284    -0.729642    -0.537428
   -0.904711     0.373924     0.204152
  -0.0519988    -0.572541     0.818226
    0.368665     0.907174    -0.202785
    0.929073    -0.352518     0.112045
  -0.0301588     0.229709     0.972792
    0.436298     0.888795    -0.140312
    0.893238    -0.446618   -0.0515554
    0.108488     0.102839     0.988764
   -0.453391     0.458832     -0.76414
   -0.877691    -0.379138     0.293109
   -0.155227     0.803572      0.57461
   -0.442876     -0.70389    -0.555338
   -0.871163      0.48428     0.080919
   -0.211981    -0.519627     0.827679
   -0.438183    -0.647777    -0.623201
   -0.874905     0.466426     0.130341
   -0.206246    -0.602355     0.771124
   -0.452275    -0.726357    -0.517544
   -0.878852     0.461775     0.119929
   -0.151878    -0.509086      0.84721
   -0.436387      0.48399    -0.758498
   -0.866368    -0.453549     0.209043
   -0.242841     0.748363     0.617237
   -0.380877    -0.845555     0.374125
    -0.92307     0.324259    -0.206877
  -0.0536125     0.424138     0.904009
   -0.349973    -0.614432    -0.707101
   -0.936599     0.215525     0.276282
  -0.0173589     0.758961    -0.650904
   -0.316923    -0.486609    -0.814108
   -0.946518      0.21704     0.238739
   0.0605213      0.84623    -0.529369
   -0.343552    -0.628518    -0.697809
   -0.938728     0.251662     0.235492
    0.027601     0.735956    -0.676466
    0.299248      0.23517    -0.924741
    0.948693    -0.177072     0.261968
   -0.102139    -0.955689    -0.276092
   -0.306932    -0.459327    -0.833553
   -0.946274     0.240944     0.215666
    0.101779     0.854964    -0.508603
   -0.294291    -0.635148    -0.714129
   -0.945872     0.300536     0.122494
     0.13682     0.711523    -0.689213
   -0.326956    -0.672585     0.663874
   -0.942038     0.287897    -0.172276
   0.0752578     0.681722     0.727731
    0.291336     0.240676     -0.92585
    0.941017    -0.246193     0.232111
   -0.172075    -0.938863    -0.298205
   -0.293513    -0.374101    -0.879715
   -0.943268     0.262769     0.202974
    0.155229     0.889382    -0.430003
    0.334246     0.941191    0.0493982
    0.938416     -0.33721    0.0752574
  -0.0874892   -0.0212016      0.99594
    0.328567    -0.179868    -0.927195
    0.943932    0.0290877     0.328855
  -0.0321805    -0.983261      0.17934
    0.675867   -0.0341569    -0.736232
    0.557617    -0.629502     0.541102
   -0.481942    -0.776248    -0.406413
   -0.692438    -0.226395    -0.685037
   -0.555618     0.773021     0.306149
    0.460237     0.592608    -0.661058
    0.684562     0.343176    -0.643122
    0.614421    -0.746383     0.255734
   -0.392253    -0.570213    -0.721799
    0.688931     0.275113    -0.670587
    0.621789    -0.699768     0.351714
   -0.372495     -0.65927    -0.653154
    0.698848   -0.0808722    -0.710683
    0.565415    -0.546084     0.618141
   -0.438084    -0.833817    -0.335904
   -0.676076    -0.645412     0.355477
   -0.664264     0.742648    0.0850136
    0.318863     0.178655     0.930811
   -0.685349    -0.551869     0.475117
   -0.625089     0.780538    0.0049478
    0.373578     0.293599     0.879909
   -0.671391    -0.580567     0.460626
   -0.666346     0.744942   -0.0323267
