  -0.0566725    -0.791728     0.608239
   -0.995555  -0.00108702   -0.0941755
   0.0752226    -0.610873    -0.788147
  -0.0753334    -0.917048     0.391597
   -0.995696    0.0479156   -0.0793373
   0.0539925    -0.395888     -0.91671
   -0.102788    -0.894225     0.435656
   -0.993877     0.074477   -0.0816222
   0.0405423    -0.441378    -0.896405
   -0.119377      -0.8981     0.423279
   -0.992316    0.0939583    -0.080505
    0.032531    -0.429637    -0.902416
   -0.135441    -0.885988     0.443488
   -0.990433     0.109131   -0.0844587
    0.026431    -0.450684    -0.892292
   -0.137656    -0.866292     0.480197
   -0.990411     0.114652   -0.0770816
   0.0117197    -0.486203    -0.873767
   -0.142663    -0.887249     0.438676
   -0.989749     0.124895   -0.0692712
  0.00667245    -0.444062    -0.895971
   -0.140799    -0.883029       0.4477
   -0.989789       0.1154   -0.0836698
   0.0222181     -0.45491     -0.89026
   -0.136906     -0.79338     0.593132
   -0.990576     0.112125   -0.0786634
 -0.00409518    -0.598312    -0.801253
   -0.136848    -0.899625     0.414666
   -0.990416     0.116366   -0.0743989
   0.0186782    -0.420873    -0.906927
   -0.125215    -0.823783     0.552905
   -0.992117     0.106824   -0.0655228
 -0.00508702     -0.55675    -0.830664
   -0.116626    -0.872168     0.475101
   -0.993145    0.0986376   -0.0627194
  0.00783914    -0.479158    -0.877693
    0.136837     0.982346     0.127563
     0.98198    -0.151463     0.113022
   -0.130348    -0.109799      0.98537
    0.161221     0.975707     0.148337
    0.975593    -0.180265     0.125387
   -0.149081    -0.124502     0.980956
    0.140148     0.976217     0.165404
    0.980328    -0.160258      0.11521
   -0.138977    -0.146004     0.979473
   -0.163114     -0.69897    -0.696301
   -0.975066   0.00657629     0.221815
    0.150463    -0.715121     0.682615
   -0.183696    -0.870951    -0.455742
   -0.969154     0.082973     0.232071
    0.164308    -0.484314     0.859327
     0.13992     0.197121    -0.970343
    0.980908     -0.16127     0.108682
   -0.135064    -0.967024    -0.215922
   -0.189091    -0.896181    -0.401378
   -0.969258     0.104811     0.222605
    0.157425    -0.431132      0.88845
   -0.169865    -0.887038    -0.429312
   -0.974931    0.0877291     0.204484
    0.143722    -0.453284     0.879703
    0.187849     0.947416    -0.259068
    0.971151    -0.139712     0.193251
   -0.146894     0.287896     0.946329
   -0.203709    -0.842963    -0.497911
   -0.964134    0.0843463     0.251656
    0.170139    -0.531318     0.829912
   -0.201777     -0.75781    -0.620492
   -0.966076    0.0497263     0.253426
    0.161193    -0.650578     0.742135
   -0.214473    -0.823693    -0.524911
   -0.961717    0.0842246     0.260781
    0.170593    -0.560746     0.810223
   -0.147808    -0.872705    -0.465337
    -0.98068    0.0683685     0.183281
    0.128135    -0.483437      0.86595
    0.168993     0.948016    -0.269643
    0.976686    -0.124327     0.175005
   -0.132384     0.292932     0.946924
   -0.154237    -0.904678     0.397202
   -0.981872    0.0955152    -0.163721
    0.110176    -0.415253    -0.903009
   -0.130145    -0.907568     0.399227
   -0.985999     0.076129    -0.148362
    0.104256    -0.412946    -0.904769
    0.118527     0.985818     0.118807
     0.98612    -0.130876     0.102167
   -0.116267    -0.105048     0.987647
   -0.101157    -0.903713     0.416016
    -0.99083    0.0538669    -0.123912
   0.0895711    -0.424736    -0.900875
  -0.0906861    -0.903666     0.418526
    -0.99079     0.124302    0.0537041
    0.100554     0.409801     0.906616
   -0.113982    -0.792274     0.599425
   -0.986205     0.163131    0.0280847
    0.120036     0.587955     0.799938
  -0.0831813    -0.864127     0.496351
   -0.991452        0.122    0.0462434
    0.100515     0.488262     0.866889
  -0.0695857    -0.886149     0.458146
   -0.994764    0.0271818    -0.098515
   0.0748458    -0.462602    -0.883401
  -0.0587787    -0.949107    -0.309421
   -0.995067    0.0308909     0.094273
   0.0799168    -0.313436     0.946241
  -0.0408363    -0.848161     0.528162
   -0.997256   0.00193283   -0.0740017
   0.0617445    -0.529735    -0.845913
    0.108361     0.980884     0.161628
    0.987385    -0.125077    0.0970861
   -0.115446    -0.149069     0.982065
   -0.216513    -0.842512    -0.493251
   -0.963309     0.102279     0.248145
    0.158616    -0.528879     0.833743
   -0.208115    -0.865707    -0.455235
   -0.966618     0.110919     0.230968
    0.149456    -0.488106     0.859893
   -0.205859    -0.862885    -0.461575
   -0.969958     0.117438     0.213051
    0.129632    -0.491566     0.861138
   -0.212808      -0.8933    -0.395888
   -0.966239     0.132169     0.221165
    0.145243    -0.429588     0.891268
   -0.199552    -0.825411    -0.528088
    -0.97213    0.0990845     0.212474
    0.123053    -0.555769     0.822179
   -0.197231    -0.810067    -0.552169
   -0.973796    0.0968297     0.205778
    0.113227    -0.578286     0.807938
   -0.192647    -0.765165    -0.614336
   -0.975759    0.0831287     0.202446
    0.103836    -0.638445     0.762631
   -0.182735    -0.908057     0.376883
   -0.980414     0.196946 -0.000843416
   0.0734596     0.369655     0.926261
   -0.197656    -0.701008    -0.685215
     -0.9739     0.060864     0.218663
     0.11158    -0.710551     0.694742
   -0.181818    -0.718205     0.671658
   -0.980664     0.182723   -0.0700792
   0.0723962     0.671412     0.737539
   -0.179886    -0.801768      0.56992
   -0.980923     0.189608   -0.0428702
   0.0736896      0.56676     0.820581
   -0.189236    -0.863889    -0.466783
   -0.977638     0.121354     0.171746
   0.0917233    -0.488845     0.867535
   -0.183605    -0.775194     0.604453
    -0.98115     0.182225   -0.0643302
   0.0602784     0.604871     0.794039
    -0.18159    -0.890505     0.417165
   -0.981836       0.1879   -0.0262865
   0.0549768     0.414361     0.908451
   -0.184446     -0.89686    -0.402022
   -0.979504     0.134052      0.15034
   0.0809421    -0.421511     0.903203
   -0.188811    -0.896225    -0.401411
    -0.97525     0.123239     0.183572
    0.115052    -0.426137     0.897313
   -0.176964    -0.825614    -0.535766
   -0.979076    0.0921036     0.181458
    0.100468    -0.556667     0.824638
    -0.18355    -0.789422    -0.585766
   -0.974563    0.0681828     0.213491
    0.128595    -0.610052     0.781857
   -0.197432    -0.834306    -0.514737
   -0.970192    0.0910206     0.224596
     0.14053    -0.543736     0.827407
   -0.172537    -0.898234    -0.404237
   -0.979104     0.111548      0.17004
    0.107644    -0.425128      0.89871
   -0.138837     -0.90711     0.397336
   -0.989826     0.114501   -0.0844611
   0.0311202    -0.405019    -0.913778
   -0.150175    -0.878195     0.454116
   -0.987887     0.115134    -0.104038
   0.0390811    -0.464239    -0.884848
   -0.160008    -0.911601     0.378656
   -0.985542     0.125879    -0.113409
   0.0557193    -0.391328    -0.918563
   -0.147465    -0.880918     0.449708
   -0.988283     0.113131    -0.102463
   0.0393854    -0.459549    -0.887279
   -0.151221    -0.909191     0.387948
    -0.98687     0.116331    -0.112047
   0.0567422    -0.399798    -0.914845
   -0.140271    -0.887648     0.438639
   -0.988351    0.0991089    -0.115501
    0.059051    -0.449731     -0.89121
   -0.133511    -0.903242     0.407835
   -0.990243     0.105003   -0.0916192
   0.0399304    -0.416088    -0.908447
   -0.160658    -0.916369     0.366684
   -0.983647     0.118009    -0.136062
   0.0814108    -0.382547    -0.920342
   -0.148372    -0.900062     0.409725
   -0.985473    0.0999457     -0.13731
   0.0826374    -0.424145    -0.901816
   -0.164668    -0.877767     0.449899
   -0.983672     0.112558    -0.140432
   0.0726267    -0.465677    -0.881969
   -0.166367    -0.869867     0.464385
   -0.984454     0.119623    -0.128609
   0.0563214    -0.478562    -0.876246
   -0.153966    -0.916616      0.36893
   -0.986912     0.124545    -0.102434
   0.0479443    -0.379873    -0.923795
   -0.140578    -0.904365     0.402942
   -0.989641     0.116381   -0.0840585
   0.0291246    -0.410585    -0.911357
   -0.164174    -0.892612     -0.41987
   -0.985902     0.134537    0.0994838
   0.0323121    -0.430284     0.902115
   -0.128377    -0.924803     0.358133
   -0.991501      0.11201   -0.0661735
    0.021083    -0.363584    -0.931323
   -0.119579    -0.908614     0.400151
   -0.992089    0.0938421   -0.0833863
    0.038215    -0.406957    -0.912648
  -0.0999271     -0.86976     0.483251
   -0.994237    0.0683369   -0.0825959
   0.0388148     -0.48872    -0.871577
  -0.0998485    -0.877754     0.468591
   -0.993919    0.0660154   -0.0881279
   0.0464204    -0.474541    -0.879008
  -0.0727156    -0.866544     0.493775
   -0.995883    0.0362197    -0.083095
   0.0541211    -0.497785     -0.86561
  -0.0743067    -0.866624     0.493398
   -0.996121     0.041114   -0.0778035
   0.0471408    -0.497265    -0.866317
  -0.0496369    -0.853858     0.518133
   -0.997232    0.0136168   -0.0730945
    0.055357    -0.520327    -0.852171
  -0.0542626    -0.828196     0.557806
    -0.99606   0.00564969    -0.088507
   0.0701497    -0.560411    -0.825239
  -0.0708195    -0.895168     0.440067
   -0.995832    0.0380277   -0.0829034
   0.0574777    -0.444104     -0.89413
  -0.0501286    -0.845282     0.531964
   -0.997449     0.015264   -0.0697383
   0.0508285    -0.534103     -0.84389
  -0.0972236    -0.862646     0.496377
   -0.993135    0.0514945     -0.10503
   0.0650432    -0.503181     -0.86173
   -0.124399     -0.87181     0.473785
   -0.989623    0.0744094     -0.12292
   0.0719087    -0.484159     -0.87202
    -0.12697    -0.873524      0.46993
   -0.990461     0.086082    -0.107599
   0.0535374    -0.479109    -0.876121
   -0.156739    -0.870809     0.465966
   -0.987035      0.15462   -0.0430546
   0.0345553     0.466673     0.883755
    -0.16199    -0.797797     0.580758
   -0.986249     0.150419   -0.0684603
   0.0327398     0.583862     0.811193
   -0.136324    -0.820405     0.555294
     -0.9906       0.1065    -0.085845
   -0.011289     0.561777     0.827212
    0.132611     0.973392     0.186876
    0.991131    -0.128593   -0.0335154
  0.00859271    -0.189663     0.981812
   -0.138007    -0.803821     0.578641
   -0.990272     0.101513   -0.0951646
   -0.017756     0.586145     0.810011
    0.107804    -0.611757     0.783666
    0.992607    0.0220147    -0.119361
   0.0557678      0.79074     0.609607
   -0.115768     -0.67803      0.72586
   -0.992056    0.0427181    -0.118321
  -0.0492178     0.733792     0.677589
  -0.0958136    -0.363833    -0.926523
   -0.991434   -0.0481209     0.121423
  -0.0887627      0.93022    -0.356106
    0.108479     0.635365    -0.764554
    0.993095   -0.0347161     0.112056
   0.0446543    -0.771431    -0.634744
  -0.0958155     -0.65709    -0.747698
   -0.991759  -0.00116605     0.128116
  -0.0850555     0.753812    -0.651562
  -0.0993781    -0.356747      -0.9289
    -0.99196   -0.0379931     0.120716
  -0.0783569     0.933428    -0.350103
   -0.114156     -0.81971     0.561288
   -0.991709    0.0604681    -0.113388
  -0.0590049     0.569578     0.819816
   0.0910101     0.979905     0.177494
    0.991535   -0.0725918    -0.107647
   0.0925991    -0.185789     0.978217
  -0.0977185    -0.548823    -0.830207
   -0.990971   -0.0232868     0.132035
  -0.0917968     0.835614    -0.541592
   -0.114562    -0.535957    -0.836436
   -0.991247   0.00606402      0.13188
  -0.0656097     0.844223    -0.531961
   -0.139834    -0.819616     0.555587
    -0.99004     0.106476   -0.0921044
  -0.0163337     0.562933     0.826341
    -0.14391    -0.654316    -0.742402
   -0.989396    0.0802637     0.121048
  -0.0196153      0.75195    -0.658928
   -0.166167    -0.616301     -0.76978
   -0.985856     0.121101     0.115854
   0.0218205     0.778144    -0.627707
   -0.160759    -0.681244     0.714187
   -0.986569     0.132134   -0.0960318
   0.0289469     0.720032     0.693336
    0.167519     0.200342    -0.965298
    0.985752   -0.0491025     0.160878
  -0.0151679    -0.978495    -0.205713
   0.0767786     0.716303     0.693552
    0.990711    0.0234906    -0.133936
    0.112231    -0.697394     0.707846
  -0.0775317    -0.800865     0.593805
   -0.990123  -0.00793027    -0.139974
   -0.116809     0.598793      0.79234
  -0.0632266    -0.910897    -0.407762
     -0.9861     0.119926       -0.115
   -0.153655    -0.394823     0.905818
  -0.0575512    -0.596994    -0.800179
   -0.986706   -0.0880066     0.136626
   -0.151986     0.797404    -0.583992
    0.061843     0.954436    -0.291939
     0.98518    -0.105259    -0.135426
    0.159985     0.279237     0.946801
  -0.0442621  0.000401146     -0.99902
     -0.9793    -0.197725     0.043309
   -0.197514     0.980257   0.00914458
  -0.0444598    -0.935706    -0.349969
   -0.978589     0.111261    -0.173159
   -0.200964    -0.334777     0.920618
  -0.0293761    -0.729367     0.683492
   -0.973169     0.176983     0.147035
   -0.228209    -0.660834    -0.714996
   0.0422158     0.969055     0.243207
      0.9806   0.00645028    -0.195913
     0.19142     -0.24676     0.949983
  -0.0251961    -0.625351     0.779937
   -0.972727     0.195287     0.125157
   -0.230578    -0.755512    -0.613217
   -0.020413    -0.521612     0.852939
   -0.972846     0.207091     0.103363
   -0.230551    -0.827668    -0.511675
   0.0422487     0.249396    -0.967479
    0.978286     0.186333    0.0907536
    0.202907    -0.950306    -0.236109
  -0.0277579    -0.543418     0.839003
   -0.972912     0.207389     0.102137
   -0.229503    -0.813441    -0.534455
  -0.0251014    -0.388893     0.920941
   -0.973224      0.22006       0.0664
   -0.228484    -0.894615    -0.384004
  -0.0380708    -0.445794    -0.894325
   -0.978351    -0.165559     0.124174
    -0.20342     0.879692    -0.429841
  -0.0572699    -0.576588    -0.815026
   -0.984025    -0.105237     0.143595
   -0.168566      0.81023     -0.56135
   0.0568396     0.952745     0.298407
    0.984557  -0.00392024    -0.175019
    0.165579    -0.303746     0.938255
   0.0755555    -0.683573     0.725961
    0.988943   -0.0418012    -0.142286
    0.127609     0.728684     0.672856
  -0.0735034    -0.899394     0.430915
   -0.989519     0.011918    -0.143913
   -0.124298     0.436976     0.890843
   0.0760519     0.652087     -0.75432
    0.988676    0.0488353     0.141897
    0.129366     -0.75657    -0.640988
  -0.0132726    -0.896408      0.44303
   -0.982522    0.0939646     0.160689
   -0.185672    -0.433154    -0.881988
  -0.0275998    -0.959489     0.280392
   -0.985794    0.0726147      0.15145
   -0.165675    -0.272229    -0.947862
   -0.041125    -0.862609     0.504197
   -0.983067      0.12512     0.133879
   -0.178571    -0.490153    -0.853148
  -0.0526614    -0.928002     0.368834
   -0.986608     0.105447     0.124444
   -0.154377    -0.357341    -0.921127
  -0.0459762    -0.975481     0.215226
   -0.989595    0.0738825     0.123467
   -0.136341     -0.20731    -0.968728
  -0.0625628     0.422581    -0.904163
    -0.98463    -0.174146   -0.0132606
    -0.16306     0.889437     0.426981
  -0.0638081     -0.92271     0.380178
   -0.990132     0.106161    0.0914773
   -0.124767    -0.370589    -0.920379
  -0.0790739    -0.805027     0.587944
   -0.988481   -0.0130282    -0.150781
   -0.129043     0.593095     0.794724
   0.0963821     0.992794   -0.0712129
    0.990431     -0.10276   -0.0921199
   0.0987739    0.0616527     0.993198
  -0.0547249    -0.934588     0.351497
   -0.991767    0.0916917    0.0893881
    -0.11577    -0.343711    -0.931912
  -0.0756708    -0.920796     0.382634
   -0.992802       0.1053    0.0570626
  -0.0928345    -0.375562    -0.922136
  -0.0657488    -0.935845     0.346223
   -0.995129    0.0870399     0.046292
  -0.0734574    -0.341493    -0.937009
   0.0817242    -0.614659     0.784548
    0.988525   -0.0503487    -0.142418
    0.127039     0.787184     0.603491
   -0.102229    -0.803008     0.587135
   -0.989413     0.020958    -0.143608
   -0.103013     0.595599     0.796649
  -0.0549178    -0.380288    -0.923236
   -0.984113    -0.135732     0.114448
   -0.168835     0.914854    -0.366792
  -0.0379672    0.0241551    -0.998987
   -0.979663    -0.198011    0.0324449
   -0.197027     0.979902    0.0311818
  -0.0351121    -0.774574    -0.631508
   -0.980004     0.150524    -0.130136
   -0.195857    -0.614311     0.764371
   0.0179959     0.084358    -0.996273
    0.976255     0.213657    0.0357255
    0.215875     -0.97326     -0.07851
  -0.0223589     -0.30499     0.952093
   -0.974336     0.220011    0.0475964
   -0.223987    -0.926594    -0.302082
   -0.016491    -0.931158    -0.364242
   -0.978791    0.0894304    -0.184308
   -0.204194    -0.353477     0.912885
  -0.0843119    -0.920205     0.382249
    -0.99493    0.0988526    0.0185228
   -0.054831    -0.378749    -0.923874
  -0.0977801    -0.929674     0.355168
   -0.993729     0.110654    0.0160628
  -0.0542339     -0.35137    -0.934664
   -0.109319    -0.911306     0.396952
   -0.993609     0.111482   -0.0177006
  -0.0281223     -0.39635    -0.917669
    -0.10117    -0.912181     0.397103
   -0.994208     0.107245  -0.00694266
  -0.0362544    -0.395506    -0.917748
   -0.137337    -0.921384      0.36358
   -0.990355     0.134515   -0.0332031
  -0.0183143    -0.364634    -0.930971
   -0.123725    -0.889713     0.439434
    -0.99231      0.11256   -0.0514915
 -0.00365025    -0.442426    -0.896798
   -0.139931    -0.920706     0.364308
   -0.990149     0.128273   -0.0561363
  0.00495405    -0.368574    -0.929585
   -0.113536    -0.898587     0.423852
   -0.993527     0.104296   -0.0450221
 -0.00374962     -0.42622    -0.904612
   -0.164836    -0.910425    -0.379413
   -0.986297     0.149451    0.0698807
   0.0069176    -0.385733     0.922584
    0.145577     0.983293     0.109279
    0.989118    -0.142279   -0.0374344
   0.0212608     -0.11354     0.993306
   -0.118676    -0.914816     0.386041
    -0.99074    0.0832717    -0.107239
  -0.0659582     0.395193     0.916227
    0.113192     0.965647    -0.233909
    0.991941    -0.123317   -0.0290742
   0.0569205     0.228733     0.971824
   -0.110904    -0.891644     0.438944
   -0.993581     0.109385   -0.0288392
  -0.0222997    -0.439324    -0.898052
   -0.103046    -0.904947     0.412859
   -0.993954     0.109501   -0.0080671
  -0.0379081    -0.411195    -0.910759
   -0.109479    -0.842036    -0.528196
   -0.992692     0.119764    0.0148297
  -0.0507719    -0.525959     0.848993
  -0.0843978    -0.907286     0.411958
   -0.994691     0.101145    0.0189779
   -0.058886    -0.408169    -0.911005
    0.095769     0.966039    -0.239995
    0.993384    -0.108107   -0.0387511
   0.0633802     0.234696         0.97
  -0.0721227    -0.912698     0.402219
   -0.994072    0.0986733    0.0456563
  -0.0813587    -0.396541    -0.914405
  -0.0606839     -0.93245     0.356167
   -0.995034    0.0847166    0.0522549
  -0.0788983    -0.351227     -0.93296
    0.081337    -0.202538    -0.975891
    0.993704    0.0921714    0.0636923
   0.0770491    -0.974927      0.20876
  -0.0512615    -0.935083     0.350703
   -0.993633    0.0830337    0.0761561
   -0.100332    -0.344566    -0.933385
  -0.0371963    -0.946895     0.319385
   -0.991435    0.0750076     0.106913
   -0.125192    -0.312673    -0.941575
  -0.0365279    -0.924136     0.380313
    -0.99225    0.0787684    0.0960996
   -0.118766    -0.373855    -0.919852
  -0.0248263    -0.969535     0.243693
   -0.988324    0.0604609     0.139859
   -0.150332    -0.237375    -0.959715
   -0.022972     -0.92276      0.38469
   -0.990356    0.0735907     0.117383
   -0.136626    -0.378283    -0.915552
 -0.00459016    -0.926531     0.376191
   -0.987778    0.0628133     0.142652
   -0.155801    -0.370938    -0.915495
 -0.00494863    -0.934432     0.356108
   -0.985054    0.0658686     0.159151
   -0.172172    -0.349998    -0.920792
  -0.0186094     -0.95218     0.304972
   -0.990813     0.058428     0.121964
    -0.13395      -0.2999     -0.94452
-0.000558191     -0.94125     0.337709
   -0.989502    0.0493255     0.135843
    -0.14452    -0.334088    -0.931397
 -0.00439375    -0.961439    -0.274983
   -0.991317    0.0403277    -0.125161
   -0.131424    -0.272045     0.953268
  -0.0343072    -0.999214   -0.0198446
   -0.991412    0.0365331    -0.125567
   -0.126193   -0.0153663     0.991887
   -0.050126    -0.987663    -0.148355
    -0.99253    0.0658039     -0.10273
   -0.111225    -0.142098     0.983584
   0.0627748     0.957436     0.281738
    0.991156   -0.0267378    -0.129979
    0.116913    -0.287406     0.950647
   0.0688824     0.957494    -0.280107
    0.992711   -0.0936184   -0.0758951
   0.0988923     0.272838     0.956964
  -0.0603198    -0.936048     0.346663
   -0.993735    0.0890475     0.067532
  -0.0940828    -0.340418    -0.935555
  -0.0410838    -0.890426     0.453271
   -0.991537   -0.0195824     -0.12834
   -0.123153     0.454707     0.882085
   0.0114431    -0.981069    -0.193318
      0.9917   -0.0136252     0.127849
    0.128062     0.193176    -0.972771
   -0.419052    -0.664214    -0.619044
   -0.895854     0.191492      0.40097
    0.147787      -0.7226     0.675284
   -0.460164    -0.610382    -0.644735
   -0.875918     0.430693     0.217421
    0.144973     0.664784    -0.732834
   -0.426209    -0.361996    -0.829039
   -0.898487     0.275965     0.341414
    0.105195     0.890395    -0.442867
    -0.46616    -0.460947    -0.755131
   -0.878048     0.345527     0.331122
    0.108288     0.817397    -0.565805
   -0.488093     -0.51076    -0.707735
   -0.862022     0.409102     0.299256
    0.136688     0.756148    -0.639966
   -0.438566     -0.45799    -0.773243
   -0.894619     0.304375     0.327127
    0.085535     0.835225    -0.543215
   -0.482404    -0.269846    -0.833349
    -0.86869     0.269606     0.415561
    0.112539     0.924389    -0.364471
     0.46423    -0.136662    -0.875108
    0.880555   -0.0352771     0.472629
  -0.0954615    -0.989989     0.103962
    0.469962   -0.0645262    -0.880325
    0.875677   -0.0913549     0.474177
   -0.111019    -0.993726    0.0135708
   -0.504838    -0.383158    -0.773517
   -0.852333     0.363088     0.376425
    0.136624     0.849328    -0.509879
    0.489844   -0.0522859    -0.870241
    0.861887    -0.121133     0.492419
   -0.131161    -0.991258   -0.0142716
    0.512198     0.192323    -0.837058
    0.845799    -0.282319     0.452681
   -0.149256    -0.939845    -0.307269
    0.436709     0.185939    -0.880178
    0.896058    -0.176678     0.407265
  -0.0797819    -0.966546    -0.243769
    0.450149      0.21309    -0.867155
     0.88789    -0.210076      0.40929
   -0.094953    -0.954181    -0.283766
    0.431303      0.29105    -0.853972
     0.89848     -0.22451     0.377265
  -0.0819219    -0.929992    -0.358334
   -0.418132    -0.456781    -0.785186
   -0.905577     0.277537     0.320787
   0.0713887     0.845177    -0.529698
   -0.409139    -0.249543    -0.877686
   -0.909804     0.185071     0.371492
   0.0697315     0.950514    -0.302755
    0.383851     0.214018    -0.898251
    0.921132    -0.156802      0.35627
  -0.0645996    -0.964163    -0.257327
    0.375104     0.118442    -0.919385
    0.924171    -0.124975     0.360957
  -0.0721474    -0.985065     -0.15634
   -0.404167     -0.24801     -0.88042
   -0.910148     0.204794     0.360125
   0.0909899     0.946863    -0.308497
    0.358552    -0.230903    -0.904502
    0.928966  -0.00722559     0.370094
  -0.0919913     -0.97295      0.21191
    0.348663     0.135824    -0.927354
    0.935049    -0.118156      0.33425
  -0.0641733    -0.983662    -0.168199
    0.337801    -0.241094    -0.909815
    0.938056   0.00708119      0.34641
  -0.0770749    -0.970476     0.228552
    0.300322    0.0571867    -0.952122
    0.951458   -0.0884302     0.294801
  -0.0673376    -0.994439   -0.0809683
   -0.385531     0.471096    -0.793369
   -0.916847   -0.0989404     0.386785
    0.103716     0.876516     0.470067
   -0.511476  -0.00864339    -0.859254
   -0.842483      0.20189     0.499462
    0.169158      0.97937    -0.110544
     0.49259    -0.231309    -0.838958
    0.857632    -0.034614     0.513097
   -0.147724    -0.972264     0.181328
   -0.485288     0.424285    -0.764512
   -0.858156   -0.0635986     0.509434
    0.167524     0.903292     0.394967
   -0.507625     0.344111    -0.789876
   -0.838933    0.0113919     0.544116
    0.196234      0.93886     0.282903
   -0.463686     0.343216    -0.816822
   -0.874301    -0.027931      0.48458
    0.143501     0.938841     0.313025
   -0.473118    -0.662629    -0.580588
   -0.859329     0.201828     0.469915
      0.1942    -0.721241     0.664905
   -0.452561     0.463847      -0.7616
   -0.876411   -0.0737182     0.475888
    0.164595     0.882843     0.439883
   -0.443368     0.362683    -0.819686
   -0.877359    0.0115944     0.479694
     0.18348      0.93184     0.313063
   -0.494909     0.579043      -0.6479
   -0.840037    -0.128103     0.527187
    0.222266      0.80517     0.549817
   -0.462469     0.596091    -0.656352
   -0.859934    -0.121252     0.495794
    0.215955     0.793708     0.568674
    0.487922    -0.298279    -0.820343
    0.836393    -0.109146     0.537154
   -0.249758    -0.948218     0.196224
   -0.435726     0.491353    -0.754132
   -0.888689    -0.101977     0.447027
    0.142744      0.86497     0.481094
    0.422689     -0.36499    -0.829528
     0.89279    0.0103861     0.450354
   -0.155759    -0.930954     0.330249
    0.409885     0.850664     0.329188
    0.902641    -0.430223   -0.0121623
   -0.131278    -0.302123     0.944186
   -0.421278     0.464859    -0.778737
   -0.898693   -0.0984936     0.427376
    0.121969     0.879889     0.459258
    0.445645    -0.290841    -0.846648
    0.886267   0.00999095     0.463067
    -0.12622    -0.956719     0.262215
     0.43028     0.193454    -0.881723
    0.896181    -0.208687     0.391548
   -0.108257    -0.958658    -0.263164
    0.451169   -0.0591778    -0.890474
    0.885767   -0.0920846     0.454904
   -0.108919    -0.993991     0.010872
    0.469359    -0.101702    -0.877131
     0.87373   -0.0901217     0.477989
   -0.127661    -0.990724     0.046561
    0.434051     0.257109     -0.86342
     0.89592    -0.223712     0.383772
  -0.0944858    -0.940132    -0.327452
    0.399209     0.879503     0.259049
    0.915539    -0.397555   -0.0611487
  -0.0492059    -0.261581     0.963926
   -0.400361     -0.82631     0.396136
   -0.914328     0.388973    -0.112712
   0.0609508     0.407324     0.911248
   -0.399059     -0.82046     0.409386
   -0.913855     0.392387    -0.104411
   0.0749725     0.415786     0.906367
   -0.404152    -0.765363      0.50088
   -0.911526     0.382518    -0.150996
   0.0760289      0.51759     0.852244
    0.402356     0.859491     0.315252
    0.912914    -0.402469   -0.0678747
  -0.0685415    -0.315108     0.946578
   -0.407286    -0.547608    -0.730919
   -0.909356      0.31745      0.26888
   0.0847893     0.774177    -0.627264
   -0.402491    -0.729406     0.553143
   -0.912218     0.370104    -0.175729
   0.0765431     0.575317     0.814341
   -0.409681    -0.440555    -0.798794
   -0.908753     0.273469     0.315251
   0.0795604     0.855059    -0.512391
   -0.404625    -0.552019    -0.729077
   -0.911459     0.308216     0.272478
      0.0743     0.774776    -0.627855
   -0.399531    -0.649882     0.646551
   -0.913619     0.340239    -0.222572
   0.0753361     0.679626      0.72968
    -0.39623    -0.587996    -0.705168
   -0.914872     0.317696     0.249154
   0.0775273     0.743861    -0.663822
   -0.394757    -0.585143     -0.70836
   -0.915368     0.316903      0.24834
   0.0791672     0.746445    -0.660721
     0.41908     0.261614    -0.869443
    0.903762    -0.212058     0.371814
  -0.0871009    -0.941589    -0.325306
   -0.416501    -0.527606    -0.740377
   -0.905897     0.309523     0.289043
   0.0766631     0.791092    -0.606874
   -0.415728    -0.564751      -0.7129
   -0.904457      0.33906     0.258835
   0.0955387     0.752392     -0.65175
   -0.409161    -0.736661      0.53844
   -0.906466     0.395696    -0.147457
    0.104433     0.548411     0.829662
   -0.399706    -0.519948     -0.75491
   -0.912334     0.305421     0.272698
   0.0887765      0.79773    -0.596445
   -0.395289     -0.78343     0.479567
    -0.91456     0.384324    -0.125999
   0.0855974     0.488398     0.868412
    0.399493     0.913393   -0.0782169
    0.910206    -0.385036     0.152553
   -0.109224     0.132137     0.985195
    0.395816     0.881158     0.258632
    0.915815    -0.399582   -0.0402089
  -0.0679146    -0.252775     0.965139
   -0.384828    -0.498316     -0.77691
   -0.919155     0.283536     0.273424
   0.0840304     0.819322    -0.567142
   -0.384212    -0.585645    -0.713723
   -0.920077     0.306865     0.243499
   0.0764125     0.750236     -0.65674
   -0.352319    -0.475516    -0.806074
      -0.932     0.256611      0.25598
   0.0851253     0.841448     -0.53359
   -0.353067    -0.452764    -0.818748
   -0.930841     0.258128     0.258661
   0.0942297     0.853448    -0.512588
   -0.354509    -0.350013    -0.867072
   -0.932056     0.206455     0.297737
   0.0747995     0.913711    -0.399422
   -0.320189    -0.436165    -0.840975
   -0.942947     0.232256     0.238556
   0.0912718     0.869377    -0.485646
   -0.324364    -0.435803    -0.839562
   -0.942666     0.222613     0.248643
   0.0785382     0.872077    -0.483025
    0.287923    0.0308234    -0.957158
    0.953775   -0.0990956     0.283714
  -0.0861051      -0.9946   -0.0579304
   -0.321299    -0.430089    -0.843677
   -0.940916     0.245635     0.233111
    0.106978     0.868727      -0.4836
     0.28254      0.25164    -0.925661
    0.953632    -0.178023     0.242682
   -0.103721    -0.951307    -0.290271
   -0.290798    -0.325856    -0.899586
   -0.949347      0.21527     0.228907
    0.119063     0.920585     -0.37195
    0.332214     0.161337    -0.929303
    0.940715    -0.128208     0.314035
  -0.0684783    -0.978536    -0.194365
    0.291855    0.0226022    -0.956196
      0.9538    -0.081417     0.289199
  -0.0713141    -0.996424   -0.0453199
   -0.373238    -0.302925    -0.876886
   -0.925406     0.188502     0.328771
    0.065702     0.934186    -0.350685
   -0.401419    -0.503799    -0.764885
   -0.913444     0.281271     0.294122
   0.0669616     0.816746    -0.573099
   -0.391499    -0.708192     0.587531
   -0.917435     0.349679    -0.189837
   0.0710063     0.613343     0.786619
    -0.48598     0.339001    -0.805544
   -0.832551      0.10081     0.544698
     0.26586     0.935369     0.233244
     -0.4577     0.323665    -0.828101
   -0.858991    0.0793801     0.505799
    0.229444     0.942836     0.241693
    0.462055      0.21134    -0.861302
    0.854873    -0.364585     0.369147
   -0.236002     -0.90687    -0.349127
    0.490236     0.133912    -0.861241
    0.826625    -0.384715     0.410713
   -0.276333     -0.91327    -0.299296
     0.43247   -0.0327343    -0.901054
    0.878828    -0.208111     0.429362
   -0.201574    -0.977557   -0.0612338
   -0.472351    -0.280208    -0.835684
   -0.849028     0.399284     0.346011
     0.23672     0.872958    -0.426507
    0.447267     0.186598    -0.874719
    0.875204    -0.292845     0.385045
   -0.184308    -0.937776    -0.294291
   -0.461883    -0.227938    -0.857151
   -0.867531     0.317177      0.38313
    0.184539     0.920566    -0.344242
   -0.496731    -0.327667    -0.803674
   -0.819798     0.481148     0.310527
    0.284937     0.813099    -0.507622
   -0.475509     -0.27471    -0.835719
   -0.846823     0.400266     0.350255
    0.238292     0.874255     -0.42296
    0.496612     0.331154    -0.802318
     0.81746    -0.489178     0.304078
   -0.291779    -0.806872    -0.513637
    -0.42449    -0.353382    -0.833624
   -0.894966     0.303344     0.327136
    0.137271     0.884931    -0.445031
    0.439048     0.125122    -0.889709
    0.889322    -0.201427     0.410529
   -0.127845    -0.971479     -0.19971
   -0.421482     -0.30608    -0.853621
   -0.903271     0.225091     0.365287
   0.0803348     0.925013    -0.371345
   -0.413539    -0.526229    -0.743013
   -0.906041     0.318386     0.278783
   0.0898614     0.788488     -0.60845
    -0.41688     0.474385    -0.775351
   -0.893634   -0.0579125     0.445044
     0.16622      0.87841     0.448069
    0.406671   -0.0880987    -0.909317
    0.904667   -0.0998213     0.414263
   -0.127265    -0.991098    0.0391055
    0.416901    -0.368481    -0.830913
    0.893626  -0.00100384     0.448812
   -0.166213    -0.929635     0.328865
     0.43289    -0.312297    -0.845622
    0.880042   -0.0568001     0.471487
   -0.195275    -0.948285     0.250246
     0.40076     0.909775     0.108172
    0.906765    -0.410752    0.0951816
   -0.131026   -0.0599417     0.989565
    -0.49085    -0.769098     0.409334
   -0.824685     0.561678    0.0664228
       0.281     0.304968     0.909963
   -0.471008    -0.540624    -0.697049
   -0.850509     0.487986     0.196226
    0.234066     0.685271     -0.68965
    0.457608     0.885719    0.0780841
    0.858929    -0.463047     0.218698
   -0.229861    0.0330089     0.972663
    0.463774     0.823196      0.32751
    0.834939     -0.52974     0.149176
   -0.296296    -0.204267     0.932997
   -0.440795    -0.756194    -0.483601
    -0.88243     0.266412      0.38774
     0.16437    -0.597658     0.784721
     0.43017     0.874204     0.225216
    0.870854    -0.467578     0.151603
   -0.237838    -0.130915     0.962442
   -0.414496    -0.700425    -0.581031
   -0.894227     0.194927     0.402941
    0.168971    -0.686592     0.707136
    0.396521     0.891226    -0.220199
    0.904382    -0.338023     0.260451
   -0.157688     0.302418     0.940041
    0.439532     0.881894     0.170513
    0.845712    -0.470267     0.252228
   -0.302625   -0.0333423     0.952526
    0.402998     0.910246   -0.0951006
    0.887533    -0.363342     0.283316
   -0.223333     0.198581       0.9543
   -0.418271    -0.908312   -0.0042729
   -0.856363     0.392771     0.335222
    0.302808    -0.143873      0.94213
    -0.41905    -0.791385    -0.445093
   -0.902529     0.309505     0.299413
   0.0991927    -0.527178     0.843946
   -0.385836    -0.834505    -0.393359
   -0.917869     0.304251      0.25485
   0.0929935    -0.459382     0.883357
   -0.378092    -0.722029    -0.579414
   -0.925129     0.271422     0.265456
   0.0344012      -0.6364     0.770592
   -0.408395    -0.731343    -0.546215
    -0.91189     0.300086      0.28001
   0.0408719    -0.612442     0.789458
   -0.442297    -0.741205    -0.504964
   -0.890931     0.298433     0.342315
    0.103028    -0.601293     0.792358
   -0.427922    -0.680312    -0.595028
   -0.903033     0.294423     0.312805
   0.0376153    -0.671186     0.740334
    0.444465    -0.271496    -0.853663
    0.888275    0.0103449     0.459195
   -0.115839    -0.962384     0.245761
   -0.451565     0.480482    -0.751815
   -0.875915   -0.0782863     0.476071
    0.169887     0.873504     0.456212
   -0.426264     0.549402    -0.718649
   -0.902465    -0.203751     0.379529
   0.0620887     0.810335     0.582668
    0.404169    -0.628541    -0.664517
    0.911673     0.335721     0.236947
   0.0741617    -0.701589     0.708712
   -0.416091      0.56563     -0.71199
   -0.905353    -0.330778     0.266312
   -0.084876     0.755413     0.649729
   -0.409095     0.583961    -0.701164
   -0.909689    -0.321182     0.263264
  -0.0714651     0.745541     0.662617
   -0.417079     0.613589    -0.670488
   -0.905942    -0.339845     0.252538
  -0.0729073     0.712751     0.697618
   -0.423336     0.541295    -0.726489
   -0.901989    -0.326935     0.282008
  -0.0848652      0.77467     0.626646
   -0.415386    -0.683317    -0.600443
   -0.908294      0.34754     0.232848
  -0.0495688    -0.642101     0.765016
    0.419498    -0.105688    -0.901583
     0.90586     0.112908     0.408252
   0.0586486    -0.987969     0.143103
   -0.419603     0.358595    -0.833872
   -0.907115    -0.198861     0.370941
  -0.0328067     0.912066     0.408729
   -0.413624     -0.60904    -0.676747
   -0.910275     0.262131     0.320449
  -0.0177697     0.748571    -0.662817
    0.423988     0.888972     0.173099
    0.902377    -0.398382     -0.16434
   0.0771343    -0.225879     0.971097
   -0.416834    -0.531369    -0.737494
   -0.908112      0.20794     0.363446
  -0.0397699     0.821224    -0.569219
   -0.422452    -0.632781    -0.648939
   -0.904346     0.246261      0.34859
  -0.0607728     0.734128    -0.676286
    0.419753     0.152539    -0.894729
    0.907638   -0.0716063     0.413601
-0.000977901      -0.9857    -0.168507
   -0.414611    -0.397993    -0.818351
   -0.909611       0.2075     0.359933
   0.0265574     0.893613    -0.448051
   -0.419583    -0.666047     -0.61671
   -0.907642     0.316591     0.275602
  -0.0116809     -0.67539     0.737368
   -0.403444       0.5905    -0.698958
   -0.914908    -0.271405     0.298802
  -0.0132582     0.760033      0.64975
    -0.40363     0.504748    -0.763094
   -0.913475    -0.269228     0.305091
   -0.051452     0.820211     0.569742
   -0.382781     0.501023     -0.77618
   -0.922716    -0.248755     0.294476
  -0.0455391     0.828913      0.55752
    0.380111    -0.619606    -0.686734
    0.924873     0.263606     0.274084
   0.0112028    -0.739325     0.673256
    0.395895     0.647664    -0.650998
     0.91592    -0.329454     0.229237
   0.0660049     0.687016     0.723638
   -0.412645    -0.519082    -0.748517
    -0.91044     0.209146     0.356872
  -0.0286965     0.828741    -0.558896
   -0.407325     -0.57772    -0.707337
   -0.913039     0.239688     0.330014
  -0.0211162     0.780249    -0.625112
    0.399217     0.298592    -0.866873
    0.916534    -0.155028     0.368689
  -0.0243024    -0.941705     -0.33556
   -0.407995    -0.408785    -0.816355
   -0.912981     0.184842     0.363728
  0.00221028     0.893716    -0.448628
   -0.388335    -0.416344    -0.822103
   -0.920203     0.222845     0.321817
   0.0492155     0.881475     -0.46966
   -0.396475    -0.781033     0.482488
   -0.916747     0.364766     -0.16285
   0.0488046     0.506885     0.860631
   -0.393343    -0.763155     0.512714
   -0.916509     0.369605    -0.152983
   0.0727518     0.530082      0.84482
   -0.404072    -0.476239    -0.780975
   -0.914359     0.234518     0.330074
   0.0259586     0.847466    -0.530215
   -0.393567    -0.548163    -0.737985
   -0.913852     0.320521     0.249279
   0.0998939     0.772518    -0.627087
     0.39459     0.199794    -0.896873
    0.914758    -0.177514     0.362914
  -0.0866996    -0.963624    -0.252809
   -0.404552    -0.655993      0.63719
   -0.913073     0.328847     -0.24116
   0.0513388     0.679363     0.732005
   -0.405538    -0.497587    -0.766777
   -0.914046     0.227772     0.335618
  0.00765146     0.836975    -0.547187
    0.647053    0.0756846    -0.758679
     0.60612    -0.654716     0.451627
   -0.462538    -0.752077     -0.46951
    0.654774     0.123375    -0.745687
    0.603329    -0.679578     0.417334
   -0.455264    -0.723154    -0.519406
    0.644253     0.148351    -0.750287
    0.640978     -0.63991     0.423866
   -0.417235    -0.753995    -0.507353
     0.65179     0.265094     -0.71056
    0.631568    -0.708433     0.315031
   -0.419871    -0.654101    -0.629174
   -0.657482    -0.239105    -0.714525
   -0.606471     0.730673     0.313545
    0.447114     0.639489    -0.625414
   -0.642635     -0.34242    -0.685397
   -0.667773     0.688906     0.281937
    0.375633     0.638872    -0.671374
    0.656109     0.637531     0.403826
    0.631453    -0.756807     0.168851
   -0.413266    -0.144212     0.899118
    0.646035     0.244953    -0.722936
    0.668102    -0.639512     0.380347
