  -0.0138727    -0.796021     0.605109
   -0.996932   -0.0356139   -0.0697057
   0.0770375     -0.60422    -0.793085
  -0.0406104    -0.846862      0.53026
   -0.997327   0.00209708    -0.073032
    0.060736    -0.531808    -0.844684
  -0.0743872    -0.877204      0.47432
   -0.996077    0.0424949   -0.0776242
   0.0479361    -0.478233    -0.876924
  -0.0901654     -0.94135     0.325162
   -0.995097    0.0718254   -0.0679983
   0.0406554    -0.329698    -0.943211
   -0.112192    -0.921902     0.370822
   -0.993034    0.0905014   -0.0754461
   0.0359941    -0.376703    -0.925634
   -0.103961    -0.944829      0.31063
   -0.994354    0.0920602   -0.0527727
   0.0212644    -0.314363    -0.949065
    -0.12253    -0.917916    -0.377382
   -0.992346     0.107429    0.0608977
   0.0153571    -0.381955     0.924053
   -0.121366    -0.898663     0.421515
     -0.9921    0.0962439   -0.0804623
   0.0317402    -0.427951    -0.903245
   -0.120044    -0.875323     0.468401
   -0.992765     0.104544   -0.0590652
  0.00273268    -0.472102    -0.881539
   -0.120823    -0.887029     0.445624
   -0.992229    0.0944766   -0.0809655
   0.0297177    -0.451944    -0.891551
   -0.114951    -0.894086     0.432894
    -0.99337     0.104087   -0.0488016
 -0.00142593    -0.435634    -0.900123
   -0.106739    -0.832978     0.542913
   -0.994205    0.0824089   -0.0690271
   0.0127572    -0.547135    -0.836947
    0.155028     0.986424    0.0541632
    0.971743     -0.16214     0.171543
   -0.177996   -0.0260387     0.983687
   -0.179781       -0.844     0.505314
   -0.964454     0.252361    0.0783711
    0.193667     0.473262      0.85937
   -0.159601    -0.906447     0.390999
   -0.970369      0.21684     0.106603
    0.181414       0.3624     0.914197
   -0.181023      0.55899    -0.809173
   -0.964581    0.0596042     0.256966
    0.191871     0.827029     0.528402
    0.203518    -0.353178    -0.913151
    0.958085    -0.120233     0.260035
   -0.201629    -0.927798     0.313905
    0.154313      0.24921    -0.956076
    0.971553    -0.214215     0.100974
   -0.179642    -0.944461    -0.275177
   -0.199887     0.524803    -0.827422
   -0.960901    0.0601471     0.270282
    0.191612     0.849096     0.492261
   -0.177452     0.572068     -0.80078
   -0.967334    0.0482948     0.248862
    0.181039     0.818783     0.544811
   -0.193939    -0.823215    -0.533577
   -0.965037     0.062333     0.254594
    0.176326    -0.564297     0.806522
   -0.215778    -0.775288    -0.593606
    -0.95567    0.0429523     0.291291
    0.200338    -0.630146     0.750187
   -0.208309    -0.734151    -0.646242
   -0.959992    0.0270469     0.278717
    0.187142    -0.678447     0.710414
    0.219958     0.696238     -0.68328
     0.95636   -0.0158041     0.291763
   -0.192338     0.717637      0.66933
    0.150789    -0.151234    -0.976929
    0.974257    -0.144798     0.172792
   -0.167589    -0.977835     0.125507
   -0.172794     0.643826    -0.745406
   -0.971346     0.013994     0.237256
    0.163183     0.765044      0.62296
   -0.151391    -0.934844    -0.321165
   -0.978492    0.0956733     0.182758
    0.140124    -0.341925     0.929221
   -0.122462    -0.828811     0.545963
   -0.982598    0.0238415    -0.184208
    0.139657    -0.559021    -0.817308
   -0.125906    -0.810212     0.572455
    -0.97913     0.194289    0.0596329
    0.159537        0.553     0.817765
  -0.0996986    -0.914803     0.391401
   -0.985973    0.0379109    -0.162542
    0.133856    -0.402116    -0.905751
  -0.0928048    -0.577736    -0.810931
   -0.983904     0.178124   -0.0143014
    0.152709     0.796551    -0.584967
   -0.129149     -0.74356     0.656078
   -0.977352     0.207297    0.0425465
    0.167639     0.635725     0.753493
   -0.098835    -0.411466    -0.906051
   -0.983375     0.179768    0.0256315
    0.152333     0.893521    -0.422392
  -0.0576462    -0.891132     0.450067
   -0.991751 -0.000581899    -0.128179
    0.114486    -0.453743    -0.883748
  -0.0639195     -0.51825    -0.852837
   -0.988385     0.150942   -0.0176452
    0.137873     0.841804    -0.521879
  -0.0276213    -0.663305     0.747839
   -0.993984   -0.0610937   -0.0909004
    0.105983    -0.745851    -0.657627
   -0.127951    -0.768805     0.626552
    -0.97791     0.203083    0.0494886
    0.165289      0.60638     0.777807
    -0.21287    -0.711062    -0.670132
   -0.961887    0.0320279     0.271564
    0.171636    -0.702399      0.69078
    -0.20955     0.436109    -0.875156
   -0.962555    0.0654173     0.263075
     0.17198     0.897513     0.406071
    -0.19811    -0.902002    -0.383596
   -0.969421     0.122484     0.212649
    0.144825    -0.413994     0.898685
   -0.200608    -0.767571    -0.608763
   -0.968041    0.0598435     0.243547
    0.150509    -0.638165     0.755045
    -0.19645    -0.885133    -0.421837
    -0.96985     0.112133     0.216373
    0.144217    -0.451625     0.880475
   -0.179668    -0.865749    -0.467117
   -0.977114     0.102091     0.186615
    0.113873    -0.489956     0.864278
   -0.179109     -0.81566    -0.550107
   -0.977371    0.0835536     0.194334
    0.112547    -0.572466     0.812168
   -0.157478    -0.796352    -0.583973
   -0.985228    0.0864092     0.147848
   0.0672784     -0.59863     0.798195
    0.174298     0.952305    -0.250471
    0.978289    -0.138506     0.154164
   -0.112119     0.271904     0.955771
   -0.155499    -0.880868    -0.447092
   -0.984943     0.103641     0.138367
   0.0755462    -0.461876     0.883721
   -0.152647    -0.893618     0.422072
   -0.985115      0.17174   0.00733412
   0.0790407      0.41467     0.906532
   -0.183721    -0.898864    -0.397857
   -0.976904     0.122035     0.175403
    0.109111    -0.420893     0.900524
   -0.160552     0.530548    -0.832311
   -0.984887    -0.030615     0.170469
   0.0649608     0.847102     0.527446
   -0.160493     0.583902    -0.795802
   -0.985109   -0.0443902     0.166101
   0.0616605      0.81061     0.582331
   -0.177631    -0.715297    -0.675868
   -0.979324    0.0609259     0.192905
   0.0968065     -0.69616      0.71133
    0.190541     0.950498    -0.245455
    0.972254    -0.148153     0.181034
   -0.135707     0.273139     0.952354
    0.179775     0.981692   -0.0629447
    0.976409    -0.170295     0.132761
   -0.119611    0.0853269     0.989147
    0.185465    -0.064006    -0.980564
    0.970005    -0.147649     0.193106
   -0.157139    -0.986967    0.0347024
   -0.200776     0.523235    -0.828199
   -0.964872    0.0406047     0.259562
    0.169441      0.85122     0.496703
    0.169822     0.957526    -0.233033
    0.976158    -0.131008     0.173065
   -0.135185     0.256867     0.956945
   -0.131678    -0.903586     0.407667
   -0.990444      0.10291   -0.0918196
   0.0410139    -0.415862    -0.908502
   -0.135351    -0.885435     0.444618
   -0.989652    0.0992459    -0.103627
   0.0476288    -0.454043    -0.889706
   -0.150659    -0.900217     0.408547
   -0.985857     0.106127    -0.129706
   0.0734055     -0.42231    -0.903474
   -0.129908    -0.914843     0.382344
   -0.990016    0.0984061    -0.100916
    0.054697    -0.391636    -0.918493
   -0.141321    -0.891859      0.42967
   -0.987004    0.0934005    -0.130762
   0.0764895    -0.442565    -0.893468
   -0.120444    -0.874464     0.469901
   -0.989978    0.0706459    -0.122281
    0.073734    -0.479919    -0.874209
   -0.112594    -0.889169      0.44351
   -0.992353    0.0779101   -0.0957324
   0.0505683    -0.450898    -0.891142
   -0.154983    -0.897513     0.412856
   -0.981755    0.0933185    -0.165677
    0.110171    -0.431001    -0.895601
   -0.136311     -0.90206     0.409521
   -0.984595    0.0776637    -0.156656
    0.109509    -0.424566     -0.89875
   -0.163836    -0.889054     0.427482
   -0.981208      0.10209    -0.163734
    0.101927    -0.446275    -0.889073
   -0.160243    -0.831109     0.532522
   -0.984123    0.0928056    -0.151293
   0.0763203     -0.54831    -0.832785
   -0.148213    -0.902164     0.405134
   -0.986976     0.109027    -0.118289
   0.0625459     -0.41739    -0.906573
   -0.137871    -0.881996     0.450637
   -0.989602     0.103842   -0.0995237
   0.0409844    -0.459673    -0.887142
   -0.160468    -0.847552    -0.505871
   -0.986167     0.116108     0.118293
   0.0415245    -0.517855      0.85446
   -0.119543    -0.889633     0.440751
   -0.992631     0.098238   -0.0709387
   0.0198109    -0.445984    -0.894822
  -0.0987495    -0.896235     0.432448
   -0.993929    0.0676415   -0.0867789
   0.0485229    -0.438391    -0.897473
  -0.0659934    -0.870208     0.488245
    -0.99661    0.0333979   -0.0751806
   0.0491164    -0.491552    -0.869462
  -0.0781274    -0.873761      0.48004
   -0.994667    0.0357988   -0.0967236
   0.0673285    -0.485036    -0.871898
  -0.0339532    -0.798595      0.60091
   -0.997335   -0.0117797   -0.0720072
   0.0645832    -0.601754    -0.796066
   -0.043376    -0.837799     0.544253
   -0.996735 -0.000844438   -0.0807379
   0.0681017    -0.545978    -0.835027
 -0.00807094    -0.774882     0.632055
   -0.997544   -0.0377436   -0.0590106
   0.0695822    -0.630978    -0.772674
 -0.00613461    -0.754559     0.656203
   -0.997527   -0.0413259   -0.0568456
   0.0700116    -0.654929     -0.75244
  -0.0439947    -0.831849     0.553255
   -0.995371   -0.0108657   -0.0954888
   0.0854438    -0.554895    -0.827521
  -0.0199578    -0.791345     0.611044
   -0.996797   -0.0315946   -0.0734743
   0.0774492    -0.610553    -0.788179
  -0.0809171    -0.848698     0.522651
    -0.99224    0.0189273    -0.122884
   0.0943994    -0.528539    -0.843644
   -0.110129    -0.898386     0.425175
   -0.988384    0.0539136    -0.142093
    0.104731    -0.435884    -0.893888
    -0.10239    -0.896415     0.431226
   -0.992281    0.0615483    -0.107662
   0.0699688    -0.438921    -0.895797
   -0.125603    -0.816283     0.563832
   -0.991614     0.120722   -0.0461239
   0.0304168     0.564897     0.824601
    0.126791     0.703996     0.698795
    0.991499    -0.110699   -0.0683765
  -0.0292193    -0.701524     0.712047
   0.0970976    -0.753311     0.650457
     0.99509     0.060875    -0.078042
   0.0191934     0.654841     0.755523
   0.0919523    -0.825421     0.556979
    0.995602    0.0661475   -0.0663372
   0.0179134     0.560629     0.827873
   0.0997998    -0.648258     0.754852
    0.994737    0.0473217    -0.090876
   0.0231902     0.759949     0.649569
   0.0715455    -0.748649     0.659095
     0.99532    0.0105516   -0.0960578
    0.064959     0.662883       0.7459
   0.0736216    -0.571013     0.817633
    0.994924   -0.0143469   -0.0996047
   0.0686061     0.820816     0.567058
  -0.0505995    -0.532993    -0.844605
   -0.992814   -0.0649812     0.100485
   -0.108442     0.843621    -0.525875
   -0.071401    -0.895912     0.438456
   -0.995566    0.0370228   -0.0864744
  -0.0612406     0.442686     0.894583
  -0.0548124    -0.834952     0.547586
   -0.993973  -0.00651805    -0.109434
   -0.094941     0.550284     0.829563
     0.05813     0.959448     0.275826
    0.994278   -0.0308384    -0.102273
   0.0896198    -0.280193     0.955751
   0.0757383    -0.693977     0.716002
    0.994456   3.7072e-05    -0.105157
   0.0729501     0.719997     0.690132
   0.0441282    -0.701774     0.711031
    0.992013   -0.0534011    -0.114273
    0.118163     0.710395     0.693813
   0.0513694    -0.807696     0.587356
    0.992957   -0.0215666      -0.1165
    0.106764     0.589204       0.8009
  -0.0788452     -0.78217     0.618057
   -0.994114    0.0154811    -0.107227
  -0.0743014     0.622873     0.778786
   -0.107059    -0.819195     0.563435
   -0.993742    0.0700054     -0.08704
  -0.0318592     0.569227     0.821563
    0.115396     0.660706    -0.741722
    0.992756    -0.051562     0.108521
   0.0334558    -0.748872     -0.66187
   -0.138058    -0.888673     0.437263
   -0.990204     0.133155   -0.0420216
   0.0208804     0.438781     0.898351
   -0.139857    -0.788552     0.598854
    -0.98959     0.132041   -0.0572417
   0.0339354     0.600625      0.79881
   -0.150341    -0.765123     0.626086
    -0.98825      0.13397   -0.0735849
   0.0275755     0.629792     0.776274
    0.054775    -0.871718    -0.486937
    0.992187  -0.00722989     0.124553
    0.112096     0.489955    -0.864511
   0.0489862    -0.688516     0.723565
    0.990815   -0.0579217    -0.122195
    0.126044     0.722905     0.679354
  -0.0436561    -0.832928    -0.551657
   -0.986934     0.121679    -0.105616
   -0.155095    -0.539839     0.827357
   -0.044321    -0.881241    -0.470585
   -0.987804     0.109034    -0.111149
   -0.149259    -0.459919     0.875326
   0.0366531    -0.415457     0.908874
    0.985401    -0.136282    -0.102036
    0.166255     0.899346     0.404397
  -0.0342276    -0.819351     0.572269
   -0.981134     0.136563     0.136844
   -0.190274    -0.556789    -0.808568
    0.027562    -0.210147    -0.977281
     0.97946     0.201033   -0.0156051
    0.199745    -0.956778     0.211371
  -0.0195763    -0.586152     0.809964
   -0.973812     0.194715     0.117375
   -0.226512    -0.786455    -0.574614
  -0.0302433    -0.681939     0.730784
    -0.98249     0.154757     0.103753
   -0.183847     -0.71485    -0.674678
  -0.0184123    -0.672604     0.739774
   -0.974612     0.177205     0.136858
   -0.223143    -0.718472     -0.65879
  -0.0155675    -0.406692     0.913433
   -0.974534     0.210557    0.0771384
   -0.223701     -0.88897    -0.399613
  -0.0216533     -0.80643    -0.590933
   -0.978887     0.137265    -0.151453
   -0.203251    -0.575178     0.792376
  -0.0121394    -0.684877     0.728558
   -0.973566     0.174291     0.147619
   -0.228082    -0.707508    -0.668888
 -0.00617329    -0.648122     0.761512
   -0.973511     0.177951     0.143562
   -0.228558    -0.740454    -0.632052
  -0.0171018    -0.535931     0.844089
   -0.978817     0.181238    0.0952402
   -0.204023     -0.82458    -0.527677
   0.0322172     0.715268     0.698107
    0.985019    0.0956664    -0.143476
    0.169409    -0.692271      0.70147
   0.0272214    -0.289677     0.956737
    0.984788    -0.156541   -0.0754165
    0.171615     0.944236     0.281009
   0.0398728    -0.607049     0.793663
    0.989326   -0.0874318    -0.116577
    0.140159      0.78984     0.597083
  -0.0420779    -0.556796    -0.829583
   -0.989939   -0.0890363      0.10997
   -0.135094     0.825863    -0.547448
   0.0307191    -0.723067     0.690095
    0.987485   -0.0848994    -0.132913
    0.154694     0.685541     0.711409
   0.0184941    -0.967521    -0.252112
   -0.979757     0.032734    -0.197494
   -0.199333    -0.250661     0.947331
  0.00310453    -0.960597    -0.277929
   -0.984912    0.0451525    -0.167061
   -0.173027    -0.274254     0.945963
  -0.0107533    -0.547516     0.836726
   -0.982235      0.16256    0.0937485
   -0.187347    -0.820854    -0.539537
  -0.0297235    -0.892313    -0.450437
   -0.987236    0.0967486    -0.126512
   -0.156468    -0.440927     0.883799
  -0.0198777    -0.974975    -0.221423
   -0.989472    0.0509387    -0.135467
   -0.143356    -0.216399     0.965723
   0.0215652     -0.78462     0.619602
    0.984086    -0.092677     -0.15161
    0.176379     0.613012     0.770135
  -0.0422453     -0.88854     0.456849
   -0.989906    0.0991395     0.101282
   -0.135285    -0.447959    -0.883759
   0.0460267     -0.62309     0.780794
    0.987845   -0.0877831    -0.128285
    0.148474     0.777208     0.611476
   0.0652524     0.970551     0.231891
    0.992162   -0.0382861    -0.118946
    0.106565    -0.237835     0.965442
  -0.0251539    -0.929267     0.368551
   -0.991908    0.0690927     0.106512
   -0.124443     -0.36289    -0.923485
  -0.0597218    -0.900439     0.430863
   -0.993146    0.0970421    0.0651437
    -0.10047    -0.424019    -0.900063
  -0.0490271    -0.889027     0.455223
    -0.99562    0.0798282     0.048673
  -0.0796112    -0.450843    -0.889046
   0.0320551     0.970452     0.239154
    0.987784   0.00574891    -0.155726
      0.1525    -0.241224     0.958413
  -0.0585943    -0.564383    -0.823431
   -0.992299   -0.0572457     0.109847
   -0.109134     0.823526    -0.556682
   0.0263963    -0.271242     0.962149
    0.985157    -0.156247   -0.0710754
    0.169611     0.949745     0.263092
  -0.0100509   0.00674203     0.999927
   -0.978492    -0.206111  -0.00844571
   -0.206039     0.978505  -0.00866861
  0.00854872      0.98262    -0.185431
    0.979923   -0.0451715    -0.194193
    0.199194     0.180048     0.963278
  0.00314133    -0.606034     0.795433
   -0.975418     0.173409     0.135971
   -0.220338    -0.776307    -0.590592
 0.000637673    -0.375087     0.926989
   -0.973505     0.211737    0.0863449
   -0.228665    -0.902484    -0.365014
  0.00891099    -0.760538    -0.649232
    -0.97734     0.130693    -0.166513
    -0.21149    -0.636004      0.74214
  -0.0700211    -0.886246     0.457892
   -0.995923    0.0882733    0.0185551
   -0.056864    -0.454726    -0.888814
  -0.0795866    -0.886009     0.456787
   -0.994969    0.0985761    0.0178487
  -0.0608424    -0.453068    -0.889397
   -0.104793    -0.875867     0.471036
   -0.994049     0.106417   -0.0232713
  -0.0297438    -0.470672    -0.881807
  -0.0960786    -0.909458     0.404543
   -0.994974    0.0992637   -0.0131496
  -0.0281975    -0.403773    -0.914424
   -0.119101    -0.899694     -0.41996
   -0.992483     0.119874    0.0246596
  -0.0281562     -0.41974     0.907208
   -0.117418    -0.877493     0.464993
   -0.993073     0.101722   -0.0588047
  0.00430054    -0.468677    -0.883359
   -0.133118      -0.8905     0.435074
    -0.99107     0.116187   -0.0654267
  0.00771279    -0.439898    -0.898015
   -0.102003    -0.834217      0.54192
   -0.994729    0.0912565    -0.046756
   -0.010449    -0.543832    -0.839129
   -0.157343    -0.823573      0.54495
   -0.987422     0.139894   -0.0736779
    0.015556     0.549688     0.835225
   -0.126804    -0.589701    -0.797605
   -0.991436    0.0500372     0.120625
   -0.031223      0.80607    -0.590996
  -0.0907144       -0.516    -0.851771
   -0.992943   -0.0187382     0.117101
  -0.0763848     0.856383    -0.510659
   0.0970108     0.994253   -0.0452649
    0.993294   -0.0995906   -0.0587213
   0.0628918    0.0392648     0.997248
   -0.105558    -0.878802     0.465366
   -0.994289      0.10066   -0.0354446
   -0.015695     -0.46645    -0.884408
  -0.0982333    -0.850091     0.517393
   -0.994267     0.105903   -0.0147724
  -0.0422355    -0.515878     -0.85562
   -0.105224    -0.810385    -0.576372
   -0.993385     0.112455    0.0232416
  -0.0459814    -0.575005     0.816857
  -0.0838832    -0.929131      0.36011
   -0.994744     0.099371    0.0246768
  -0.0587124    -0.356147    -0.932584
  -0.0933145    -0.832813    -0.545633
   -0.993298      0.11541  -0.00627789
  -0.0681995     -0.54139     0.838001
  -0.0673773    -0.841693     0.535736
   -0.994536    0.0995719    0.0313584
  -0.0797384    -0.530696    -0.843803
  -0.0552697    -0.927759     0.369065
   -0.995095     0.081552    0.0559845
  -0.0820381    -0.364161    -0.927716
  -0.0864919    -0.352587    -0.931773
   -0.992095   -0.0548746     0.112856
  -0.0909223     0.934169    -0.345053
  -0.0375608    -0.949874     0.310369
   -0.993696    0.0683321    0.0888708
   -0.105624    -0.305075    -0.946453
  -0.0160488     -0.95695     0.289807
   -0.991134    0.0534584     0.121634
   -0.131891    -0.285286    -0.949324
  -0.0190479    -0.934563     0.355286
   -0.992353    0.0610152     0.107295
   -0.121952    -0.350526    -0.928579
 -0.00180636    -0.971227    -0.238149
   -0.988251    0.0381299    -0.148007
   -0.152829    -0.235083     0.959885
  0.00527665    -0.891201     0.453578
   -0.990201    0.0586407     0.126738
   -0.139547    -0.449802    -0.882159
   0.0199148    -0.894825     0.445973
   -0.987026    0.0534851     0.151391
   -0.159321    -0.443201     -0.88215
   0.0177077     -0.95128      0.30782
   -0.983072    0.0395872     0.178892
   -0.182362    -0.305777    -0.934476
 -0.00332335    -0.900045     0.435785
   -0.991416    0.0599259     0.116207
   -0.130706    -0.431657    -0.892518
   0.0234965    -0.967119    -0.253238
   -0.988759    0.0149336    -0.148773
   -0.147663    -0.253887     0.955896
   0.0196751    -0.978465    -0.205472
   -0.990713    0.0085752    -0.135701
   -0.134541    -0.206234     0.969209
   0.0223486    -0.945698    -0.324278
    0.991534   -0.0205315     0.128211
    0.127906     0.324399    -0.937233
   0.0423124     0.997509   -0.0564389
    0.992237   -0.0485663    -0.114485
    0.116941    0.0511567      0.99182
   0.0624749    -0.762512      0.64395
    0.990585   -0.0313743    -0.133256
    0.121812     0.646213     0.753373
   0.0724051     0.995839   -0.0553318
    0.991329   -0.0779547    -0.105781
    0.109655    0.0471929     0.992849
  -0.0459933     -0.88587     0.461649
   -0.993918    0.0868705    0.0676755
   -0.100055    -0.455729    -0.884477
   0.0318998    -0.700644     0.712798
    0.991224    -0.069358    -0.112536
    0.128286     0.710132     0.692283
 -0.00356203    -0.972029    -0.234833
    0.991772   -0.0334858     0.123562
    0.127969     0.232461     -0.96415
    0.436685     0.843998    -0.311406
    0.887134    -0.346546     0.304793
   -0.149328     0.409357     0.900071
   -0.493467    -0.542556    -0.679796
    -0.86103     0.415221     0.293631
    0.122954     0.730222    -0.672055
   -0.461808    -0.421494    -0.780433
   -0.880902     0.320775     0.348016
    0.103657     0.848202    -0.519431
    -0.50806    -0.492399    -0.706695
   -0.856483     0.375666     0.353995
   0.0911746     0.785123    -0.612592
   -0.530568    -0.460599     -0.71158
    -0.84059     0.393972     0.371746
    0.109116     0.795384    -0.596204
   -0.483875    -0.402076    -0.777303
   -0.871801     0.298944     0.388066
   0.0763378     0.865429    -0.495182
   -0.538103    -0.449472    -0.713035
   -0.837911     0.376972     0.394712
   0.0913825     0.809856    -0.579468
   -0.512775    -0.246986    -0.822229
     -0.8554     0.228606     0.464791
   0.0731695     0.941667    -0.328495
   -0.528203    -0.300731     -0.79408
   -0.844918     0.279054     0.456336
   0.0843572      0.91197     -0.40149
   -0.557192     -0.49817    -0.664352
   -0.822707     0.439723     0.360275
    0.112653     0.747309    -0.654857
   -0.544633    -0.280395    -0.790413
   -0.832217     0.297414     0.467932
    0.103874     0.912647    -0.395331
    -0.56212    -0.389318    -0.729694
   -0.818107     0.391181     0.421519
    0.121338     0.833912    -0.538394
   -0.483519    -0.363796    -0.796154
   -0.873094     0.265466     0.408943
   0.0625799     0.892849    -0.445986
   -0.503642    -0.331967    -0.797585
   -0.860999     0.268636     0.431875
   0.0708917      0.90423     -0.42112
   -0.478716      -0.3841    -0.789493
    -0.87546     0.276787     0.396181
   0.0663476     0.880827    -0.468766
   -0.454618    -0.369207    -0.810561
   -0.888962     0.244679     0.387141
   0.0553922     0.896559    -0.439446
   -0.450714    -0.319771    -0.833429
   -0.890425     0.227197     0.394366
   0.0632462     0.919852    -0.387133
    -0.40837    -0.291831    -0.864909
   -0.911119     0.188067     0.366732
   0.0556367     0.937798    -0.342694
     0.39099     0.207146    -0.896782
    0.918239    -0.154437     0.364673
  -0.0629561    -0.966043    -0.250593
   -0.435399    -0.283055     -0.85458
   -0.896155     0.226586     0.381531
   0.0856415     0.931954    -0.352316
   -0.384631     0.258516    -0.886131
   -0.918859   -0.0156353     0.394275
   0.0880716      0.96588     0.243554
    0.356287    0.0999067     -0.92902
    0.932132     -0.10688     0.345986
  -0.0647275     -0.98924    -0.131206
    0.337636    -0.075015    -0.938283
    0.939145   -0.0401999     0.341161
   -0.063311    -0.996372     0.056877
   -0.302045     0.500238    -0.811499
   -0.950693   -0.0952363     0.295147
   0.0703598     0.860635     0.504339
   -0.427174    -0.738635    -0.521479
   -0.896896     0.273149     0.347805
    0.114459    -0.616286     0.779161
    -0.55114    -0.398709    -0.732991
   -0.820683     0.417723     0.389856
    0.150748     0.816418    -0.557437
   -0.537332    -0.392236    -0.746609
   -0.833941     0.379119     0.401012
    0.125762     0.838105    -0.530815
    0.496161   -0.0223254    -0.867944
    0.849084    -0.196302     0.490429
   -0.181328    -0.980289   -0.0784414
    -0.51182    -0.209519    -0.833152
   -0.835443     0.347374     0.425871
    0.200187      0.91402    -0.352834
    0.485064     -0.14031    -0.863149
    0.861005    -0.095967      0.49946
   -0.152913    -0.985446    0.0742572
    0.456423     0.035064    -0.889072
    0.860072    -0.273363     0.430754
   -0.227936    -0.961272    -0.154927
    0.436455       0.1672    -0.884054
    0.877203    -0.297553     0.376798
   -0.200053     -0.93995    -0.276537
    0.393758   -0.0287257    -0.918765
     0.88586    -0.254945     0.387627
    -0.24537    -0.966529   -0.0749398
   -0.479414  -0.00166069    -0.877587
   -0.838432     0.296241     0.457463
    0.259218     0.955112    -0.143414
    0.421213     0.205586    -0.883354
    0.862565    -0.391802     0.320114
   -0.280289    -0.896786    -0.342363
    0.443907     0.194217    -0.874772
     0.83991    -0.430359     0.330668
   -0.312245    -0.881516    -0.354165
   -0.427273    -0.715484     0.552739
   -0.888155     0.446544    -0.108531
     0.16917     0.537291     0.826257
    0.378089    -0.288816    -0.879564
    0.900082    -0.107573     0.422232
   -0.216565    -0.951322     0.219286
   -0.368536    -0.741453     0.560739
   -0.912282     0.404394   -0.0648603
    0.178669     0.535456     0.825448
   -0.421172    -0.343116    -0.839575
   -0.894833     0.308196      0.32294
    0.147948     0.887292    -0.436834
    0.467031    0.0968802    -0.878918
    0.873683      -0.2037     0.441796
   -0.136234    -0.974228    -0.179777
   -0.460705    -0.345333    -0.817616
   -0.881002     0.289651     0.374082
     0.10764     0.892663    -0.437683
    0.501565     0.201767    -0.841262
    0.859911    -0.222824     0.459242
  -0.0947934     -0.95375    -0.285262
    0.516862     0.176663    -0.837642
    0.848103    -0.238843     0.472943
   -0.116513    -0.954853    -0.273277
   -0.479747    -0.243905    -0.842824
   -0.873501     0.223299     0.432588
   0.0826917     0.943741    -0.320178
   -0.380768    -0.727789     0.570385
   -0.923291     0.332929    -0.191552
    0.050488     0.599568      0.79873
   -0.393559    -0.733732     0.553849
   -0.916974     0.356144    -0.179777
   0.0653424     0.578618     0.812977
   -0.400651     -0.76475     0.504616
   -0.912578     0.382207    -0.145323
   0.0817317     0.518725     0.851025
   -0.431186    -0.666531     0.608124
   -0.899487     0.370386    -0.231815
   0.0707286     0.646955     0.759241
   -0.437228    -0.635283      0.63659
   -0.897407     0.354694    -0.262399
   0.0590973     0.686008      0.72519
   -0.433737    -0.312141    -0.845246
   -0.897149     0.236692     0.372962
   0.0836463     0.920079    -0.382699
   -0.439883    -0.541315    -0.716576
   -0.895533     0.324161     0.304861
   0.0672596     0.775821    -0.627358
   -0.447327    -0.514658    -0.731454
   -0.891605     0.320876     0.319497
   0.0702747     0.795088    -0.602409
    0.439382     0.437816    -0.784385
    0.895916    -0.277157     0.347158
  -0.0654067    -0.855278    -0.514025
    0.440114     0.574607    -0.690019
    0.895914    -0.332614     0.294459
  -0.0603119    -0.747793    -0.661187
    0.426114     0.440948    -0.789931
     0.90229    -0.270441     0.335761
  -0.0655762    -0.855819    -0.513102
    0.422125     0.522878    -0.740547
    0.904099    -0.302701     0.301624
  -0.0664518     -0.79685    -0.600511
   -0.461523    -0.384391    -0.799525
   -0.883971      0.27524      0.37794
    0.074785     0.881185     -0.46682
    0.455574     0.408276    -0.791052
    0.888082    -0.269681     0.372267
  -0.0613439    -0.872114    -0.485442
    0.438626     0.104178    -0.892611
    0.892873    -0.163154     0.419712
   -0.101908    -0.981085    -0.164581
   -0.407592      -0.3863     -0.82743
   -0.904731     0.293691     0.308556
    0.123813     0.874367    -0.469204
   -0.403939    -0.723403      0.55993
   -0.909286     0.384531    -0.159171
    0.100166     0.573431     0.813107
   -0.364483    -0.810089     0.459247
   -0.924919     0.372162   -0.0775886
     0.10806     0.453046     0.884914
   -0.361452     -0.77452     0.519106
   -0.922012     0.379748   -0.0753995
    0.138731     0.505875     0.851378
   -0.373569    -0.539584    -0.754517
   -0.924373     0.284361     0.254308
   0.0773344     0.792457    -0.605006
    0.393652    -0.471439     0.789166
    0.915594     0.277668    -0.290841
  -0.0820128     0.837046     0.540951
   -0.398581    -0.409878     0.820447
   -0.913651     0.255334      -0.3163
   0.0798438     0.875674     0.476257
   -0.334613    -0.427127    -0.839998
   -0.937242     0.243574     0.249496
   0.0980357     0.870767    -0.481824
   -0.345793    -0.472907    -0.810423
   -0.932441     0.269648     0.240508
    0.104791     0.838838      -0.5342
   -0.352827    -0.297999    -0.886967
   -0.931716      0.19915     0.303718
    0.086132     0.933561    -0.347916
   -0.294363    -0.409714    -0.863414
   -0.949375     0.229079     0.214966
    0.109715     0.882982    -0.456405
   -0.304781    -0.386962    -0.870269
   -0.946497     0.224824      0.23151
    0.106071     0.894268    -0.434781
   -0.272175     0.491903    -0.827014
   -0.956396   -0.0436508     0.288792
    0.105958     0.869555     0.482335
   -0.295839    -0.529409    -0.795113
    -0.94664     0.273908     0.169842
    0.127872     0.802932    -0.582193
    0.246354    0.0471416    -0.968033
     0.96073    -0.143488     0.237507
   -0.127705    -0.988529   -0.0806391
   -0.268838    -0.456473     -0.84815
   -0.953152     0.252851     0.166036
    0.138664     0.853053    -0.503064
    0.330374     0.246306    -0.911146
    0.940104    -0.171792     0.294435
  -0.0840063    -0.953845    -0.288309
    0.273734      -0.5474    -0.790837
    0.957751    0.0797166      0.27633
  -0.0882203    -0.833066     0.546094
   -0.380454    -0.297499    -0.875642
   -0.922064     0.194805     0.334439
   0.0710838     0.934636    -0.348428
   -0.425299    -0.343734     0.837238
   -0.902918     0.224645    -0.366433
   0.0621256     0.911801     0.405905
    0.407902     0.447102    -0.796063
    0.910286    -0.266646     0.316671
  -0.0706828    -0.853815    -0.515756
   -0.434243    -0.315175    -0.843859
   -0.837644     0.485864     0.249578
     0.33134     0.815231    -0.474987
   -0.407137    -0.266938     -0.87349
   -0.865159     0.419298     0.275117
    0.292813     0.867717    -0.401655
   -0.413164    -0.255314    -0.874134
    -0.86005     0.424934     0.282393
     0.29935     0.868473     -0.39515
   -0.436695    -0.278831    -0.855307
   -0.829962     0.491679     0.263467
    0.347074     0.824928    -0.446133
   -0.392715    -0.376572    -0.839028
   -0.883698     0.407148     0.230887
    0.254664      0.83212    -0.492669
     -0.4323    -0.296342    -0.851644
   -0.853914     0.438001     0.281043
    0.289737     0.848726    -0.442398
   -0.412863     -0.33178    -0.848214
   -0.879294     0.387995     0.276227
    0.237457     0.859873    -0.451921
    -0.44477     0.597327    -0.667367
    -0.87195    -0.118521     0.475033
    0.204653     0.793191     0.573554
   -0.447894    -0.501193    -0.740403
   -0.823829     0.553121     0.123943
    0.347414     0.665479    -0.660637
   -0.446794    -0.699246     -0.55806
   -0.851024     0.139804     0.506174
    0.275921    -0.701078     0.657539
    0.457523     0.855635     0.241994
    0.822947    -0.510532      0.24923
   -0.336795   -0.0851198     0.937723
   -0.387098    -0.329593    -0.861118
   -0.906809     0.305133     0.290847
    0.166894     0.893455    -0.416994
   -0.423238     0.350993    -0.835269
   -0.896893   -0.0317968     0.441102
    0.128265     0.935838     0.328261
   -0.409618      0.34758    -0.843446
   -0.910263   -0.0946262     0.403073
   0.0602881     0.932863      0.35515
    0.361689     0.351749    -0.863397
    0.923969    -0.258767     0.281641
   -0.124351    -0.899618    -0.418598
    0.362814   -0.0270735    -0.931468
    0.907963    -0.214657     0.359898
    -0.20969    -0.976314   -0.0532987
    0.344623     0.173413    -0.922585
    0.924254    -0.234676     0.301135
   -0.164288    -0.956481    -0.241152
    0.358977     0.174438    -0.916901
    0.907303    -0.295666      0.29897
   -0.218944     -0.93923    -0.264405
   -0.381547   -0.0159245    -0.924212
   -0.885045     0.294754     0.360299
    0.266677     0.955441    -0.126556
   -0.347631    -0.310562    -0.884706
    -0.92063     0.291922     0.259272
    0.177744     0.904618    -0.387394
    0.452348     0.870588    -0.193541
    0.827456    -0.328729     0.455251
   -0.332713     0.366079     0.869073
   -0.447951    -0.729963     -0.51623
   -0.856315     0.184298     0.482451
    0.257031     -0.65817     0.707635
   -0.439164    -0.781223     -0.44365
   -0.863508     0.230748     0.448453
    0.247971     -0.58004     0.775928
    0.426489     0.887038    -0.176836
    0.842694    -0.318655     0.433965
   -0.328593       0.3341     0.883405
   -0.435408      0.61099    -0.661144
   -0.884039     -0.15152     0.442173
    0.169987     0.777002     0.606112
   -0.408697    -0.751382    -0.518065
   -0.882947      0.18183     0.432831
    0.231022    -0.634321     0.737744
   -0.422655     0.574331    -0.701075
   -0.894422    -0.139557     0.424891
    0.146189      0.80664     0.572679
   -0.396005    -0.826704    -0.399676
   -0.907702     0.286654     0.306441
    0.138767    -0.484139     0.863917
     0.40979     0.897923    -0.160643
    0.853367    -0.315165     0.415253
   -0.322236     0.307254      0.89541
    0.382052     0.899683    -0.211201
    0.895142    -0.303468     0.326539
   -0.229689      0.31381     0.921285
    0.384354     0.872318    -0.302214
    0.870366    -0.233256     0.433652
   -0.307789     0.429713     0.848889
   -0.425543    -0.658329    -0.620899
    -0.90263     0.259813     0.343156
   0.0645923     -0.70647     0.704789
   -0.395232    -0.720387    -0.569943
    -0.91781     0.284268     0.277159
   0.0376451    -0.632641      0.77353
   -0.394579     0.427605    -0.813303
   -0.918588    -0.205173     0.337786
  -0.0224284     0.880374      0.47375
   -0.423304     0.621088    -0.659593
   -0.905953    -0.296523     0.302197
 -0.00789359     0.725481     0.688196
   -0.427852     0.567514     -0.70347
   -0.898047    -0.178878     0.401888
    0.102242     0.803698     0.586188
   -0.423661     0.575053    -0.699875
   -0.905821     -0.26901     0.327295
-6.09337e-05     0.772624     0.634864
   -0.436116     0.455625    -0.776021
   -0.893454    -0.116276     0.433843
    0.107437     0.882545      0.45779
    -0.44054    -0.695602    -0.567506
   -0.875937      0.19461     0.441431
    0.196618    -0.691567     0.695037
   -0.413115     0.494555     -0.76469
   -0.909885     -0.18911      0.36925
   0.0380043     0.848323     0.528113
    -0.44117    -0.690911    -0.572722
   -0.884117     0.444102     0.145291
   -0.153964    -0.570452     0.806771
   -0.438653     0.503221    -0.744548
   -0.886848    -0.376277     0.268174
   -0.145205     0.777936     0.611336
   -0.420615    -0.752152    -0.507297
   -0.896653     0.429814     0.106172
   -0.138186    -0.499527     0.855206
   -0.422763     0.548025    -0.721761
   -0.896461    -0.369585      0.24447
   -0.132776     0.750383      0.64753
    -0.43425     0.539264    -0.721541
   -0.888841    -0.386566     0.246026
   -0.146251     0.748172     0.647186
   -0.418172     -0.66317    -0.620756
    -0.90312     0.376879     0.205756
  -0.0974986    -0.646659     0.756522
   -0.413054     0.547822    -0.727514
   -0.903547    -0.346487     0.252092
   -0.113973     0.761471     0.638101
   -0.406922     0.572409    -0.711872
   -0.910352    -0.318387     0.264365
  -0.0753258     0.755631     0.650652
   -0.391974     0.377299    -0.839048
   -0.918728    -0.208021     0.335657
  -0.0478962     0.902426     0.428174
   -0.423102    -0.677203    -0.601981
   -0.897077     0.406519     0.173194
   -0.127429    -0.613302     0.779501
    -0.40085     0.318249    -0.859091
   -0.912939    -0.217127     0.345541
   -0.076564     0.922807     0.377577
   -0.405067     0.462197    -0.788857
   -0.909671    -0.290327     0.296998
  -0.0917549     0.837905     0.538049
   -0.401664     0.486604    -0.775811
    -0.91509    -0.246308     0.319284
  -0.0357243     0.838182     0.544219
    -0.39716     0.373769    -0.838189
   -0.917749    -0.162181     0.362537
-0.000433674     0.913233     0.407438
   -0.411335     0.608157    -0.678932
   -0.909395    -0.324222     0.260539
  -0.0616767     0.724586     0.686419
   -0.406955      0.61257    -0.677603
   -0.910601    -0.330586     0.248032
  -0.0720692     0.717963      0.69234
   -0.409159     0.433046    -0.803157
    -0.90467    -0.307322     0.295171
   -0.119005     0.847363     0.517507
    0.405074    -0.632665    -0.660038
    0.906761     0.370418     0.201434
     0.11705    -0.680092     0.723722
   -0.393425     0.527779    -0.752773
   -0.915277    -0.301906     0.266685
  -0.0865157     0.793916     0.601841
    0.422423    -0.606445    -0.673634
    0.894761     0.397715      0.20304
    0.144782     -0.68851     0.710628
    0.377492    -0.356642     -0.85458
    0.925015     0.188066      0.33012
   0.0429827    -0.915116     0.400892
   -0.358072     0.287061    -0.888471
   -0.933553    -0.126622      0.33533
  -0.0162396     0.949507     0.313326
   -0.352393    0.0163204     -0.93571
   -0.935596    0.0172466     0.352651
   0.0218932     0.999718   0.00919174
     0.37141      0.33723    -0.865061
    0.928458    -0.130289     0.347838
  0.00459327    -0.932363    -0.361494
   -0.344016   0.00619982    -0.938943
   -0.937513    0.0532888     0.343844
   0.0521669      0.99856   -0.0125198
   -0.356372    -0.375006    -0.855786
   -0.932795     0.195517     0.302764
   0.0537822      0.90617     -0.41948
   -0.345118    -0.352234    -0.869957
   -0.934325     0.216881     0.282841
   0.0890508     0.910436    -0.403951
   -0.371912    -0.637039    -0.675176
    -0.92784     0.277196     0.249551
   0.0281824     0.719266    -0.694163
   -0.341266    -0.651008     -0.67803
   -0.930059     0.338319     0.143281
    0.136114     0.679506    -0.720934
    -0.34091    -0.630794    -0.697051
   -0.934901     0.305324     0.180934
   0.0986943     0.713356    -0.693817
   -0.361399    -0.470727    -0.804865
   -0.930943     0.230587     0.283151
   0.0523049     0.851613    -0.521554
    0.363599    -0.345157    -0.865253
    0.931549     0.131296     0.339084
 -0.00343337    -0.929316      0.36927
    0.654296   -0.0188387    -0.756004
    0.574473    -0.637754      0.51308
    -0.49181     -0.77001    -0.406458
    0.664397     0.147744    -0.732631
    0.578381    -0.722478     0.378816
   -0.473342    -0.675424    -0.565464
   -0.664931    -0.284584    -0.690565
   -0.617424     0.729709      0.29379
    0.420303     0.621721    -0.660914
   -0.667686    -0.301507    -0.680653
   -0.621186     0.729536     0.286191
    0.410273     0.613898    -0.674393
   -0.669028    -0.190947     -0.71829
   -0.583692     0.733273     0.348732
    0.460114     0.652572    -0.602034
   -0.665783    -0.205628    -0.717252
   -0.656562     0.618143     0.432233
    0.354485     0.758694    -0.546556
   -0.669723     -0.24106    -0.702397
   -0.617428     0.706296     0.346307
     0.41262     0.665609     -0.62186
   -0.666111    -0.278165    -0.692041
   -0.651317     0.669051     0.357989
