  -0.0456611    -0.784389     0.618586
   -0.996152   -0.0106158   -0.0869923
   0.0748026    -0.620178    -0.780886
  -0.0617147    -0.897315     0.437055
   -0.996538    0.0309535   -0.0771663
   0.0557141    -0.440304    -0.896119
  -0.0971631    -0.877582     0.469477
   -0.994391    0.0657957   -0.0828091
   0.0417821     -0.47489    -0.879053
   -0.117006    -0.909439     0.399037
    -0.99241    0.0917606   -0.0818664
   0.0378366    -0.405588    -0.913273
   -0.131614    -0.907884     0.398026
   -0.990846     0.108316   -0.0805754
   0.0300404    -0.404988    -0.913829
   -0.131236    -0.892647      0.43123
   -0.991224     0.111187      -0.0715
    0.015877    -0.436829    -0.899405
   -0.140248    -0.877797     0.458042
   -0.990065     0.119609   -0.0739263
   0.0101062    -0.463859    -0.885851
   -0.133699    -0.899139     0.416742
   -0.990682     0.110243   -0.0799758
   0.0259665    -0.423551      -0.9055
   -0.131825    -0.837113     0.530909
   -0.991268     0.109571   -0.0733653
  0.00324272    -0.535945    -0.844247
   -0.132488    -0.926987     0.350916
   -0.990774     0.113663   -0.0738124
    0.028537    -0.357457    -0.933493
   -0.123443    -0.794024      0.59522
   -0.992352    0.0991142   -0.0735858
-0.000565925    -0.599752    -0.800186
   -0.112594    -0.863562     0.491511
   -0.993533    0.0905482   -0.0685061
   0.0146539    -0.496046    -0.868173
   -0.134163    -0.824408     0.549865
   -0.979354      0.19498    0.0533765
    0.151217     0.531351     0.833546
    0.168438     0.958736     0.229029
    0.969943    -0.202601      0.13477
   -0.175611    -0.199445     0.964045
   -0.143526    -0.878074     0.456494
   -0.976619     0.200267    0.0781591
     0.16005     0.434603     0.886287
   -0.169312     0.671394    -0.721501
    -0.96973    0.0172057     0.243573
    0.175948       0.7409     0.648158
   -0.190853    -0.824912    -0.532067
    -0.96328     0.053106     0.263195
    0.188857    -0.562761     0.804757
    0.143751     0.261673    -0.954391
    0.976481    -0.194101      0.09386
   -0.160688    -0.945438    -0.283421
   -0.191265    -0.774024    -0.603577
   -0.964673    0.0347328      0.26115
    0.181173    -0.632203     0.753323
   -0.170404    -0.708606    -0.684719
   -0.971062   0.00275771     0.238811
    0.167334    -0.705599      0.68857
   -0.188108    -0.674727    -0.713694
   -0.967295   0.00137414      0.25365
    0.170164    -0.738066     0.652918
   -0.208413    -0.807965    -0.551142
   -0.958911    0.0578951     0.277737
    0.192493     -0.58638     0.786832
   -0.205097    -0.767141    -0.607807
   -0.961607    0.0422494     0.271158
    0.182337    -0.640086     0.746353
   -0.217778    -0.800818     -0.55791
   -0.957077    0.0632121     0.282858
    0.191251    -0.595563      0.78021
   -0.150737    -0.873263    -0.463347
    -0.97673    0.0592256     0.206131
    0.152565    -0.483637      0.86187
   -0.170068     -0.88825    -0.426718
   -0.973445    0.0840956     0.212914
    0.153236    -0.451597     0.878965
   -0.154222    -0.875307     0.458316
   -0.979474    0.0745051    -0.187297
    0.129796    -0.477794     -0.86883
    -0.12997    -0.915576     0.380564
   -0.983419    0.0700769    -0.167263
    0.126473    -0.395993    -0.909502
    0.125038     0.978613    -0.163347
    0.981859   -0.0983982     0.162083
   -0.142543      0.18065     0.973163
  -0.0964813    -0.912407      0.39775
    -0.98922    0.0436722    -0.139772
    0.110159    -0.406948    -0.906785
   -0.086787    -0.869194     0.486795
    -0.98863     0.135372    0.0654581
    0.122794     0.475579      0.87106
   -0.115299    -0.781533     0.613117
   -0.982838     0.179234    0.0436411
    0.143998     0.597563     0.788786
  -0.0786238    -0.844601     0.529593
   -0.989735      0.12973    0.0599588
    0.119345     0.519442      0.84613
  -0.0576042    -0.894747     0.442843
   -0.994178    0.0109522    -0.107192
   0.0910598    -0.446439    -0.890168
  -0.0462839    -0.562306    -0.825633
   -0.993453      0.11233    -0.020812
    0.104446     0.819264    -0.563824
  -0.0206357    -0.854699     0.518714
   -0.997261   -0.0192611   -0.0714105
   0.0710255    -0.518767     -0.85196
   -0.110066     -0.80876     0.577748
    -0.98417     0.169918    0.0503669
    0.138904     0.563058      0.81466
   -0.216488    -0.731507    -0.646553
   -0.959915    0.0387202     0.277605
    0.178035    -0.680734     0.710566
    -0.20916     -0.80142    -0.560337
   -0.963097    0.0695601     0.260012
    0.169402    -0.594043     0.786394
   -0.203147    -0.802652    -0.560787
   -0.968095    0.0788343      0.23786
     0.14671    -0.591215     0.793058
   -0.205885    -0.765825      -0.6092
   -0.966631    0.0621825     0.248513
    0.152436    -0.640036     0.753072
   -0.199185    -0.813283    -0.546714
   -0.970018    0.0843531     0.227925
    0.139251    -0.575721     0.805701
   -0.189497    -0.790096    -0.582957
   -0.973958    0.0759799     0.213619
    0.124487    -0.608256     0.783918
   -0.188202    -0.824745    -0.533269
   -0.975057    0.0918579     0.202052
    0.117656    -0.557995     0.821461
   -0.171176    -0.890507     0.421541
   -0.982504     0.186156  -0.00571236
   0.0733852     0.415143     0.906791
   -0.187918    -0.771592    -0.607728
   -0.974471    0.0690709     0.213625
    0.122855    -0.632357     0.764873
   -0.170942    -0.734326     0.656921
   -0.981821     0.182786   -0.0511634
   0.0825053     0.653724     0.752222
   -0.168258    -0.780631     0.601917
   -0.982397     0.183063   -0.0371996
   0.0811498     0.597581     0.797692
   -0.187068    -0.819389    -0.541855
   -0.976489    0.0949569     0.193526
     0.10712    -0.565318     0.817888
   -0.173819    -0.684645     0.707847
   -0.982391     0.170561   -0.0762662
   0.0685156     0.708639     0.702236
   -0.180131     -0.78887     0.587569
   -0.981478     0.183754   -0.0541831
   0.0652249     0.586446     0.807358
   -0.182245    -0.888696    -0.420722
    -0.97885     0.123532     0.163073
   0.0929497    -0.441543     0.892413
    -0.19009    -0.889575    -0.415357
    -0.97289     0.113921     0.201262
     0.13172    -0.442355     0.887114
   -0.179103    -0.904119    -0.387932
   -0.976895     0.116694     0.179051
    0.116614    -0.411037     0.904129
   -0.184287    -0.764315    -0.617949
   -0.971728    0.0472704     0.231325
    0.147594    -0.643108     0.751417
   -0.199139     -0.82052    -0.535808
   -0.966888    0.0754667     0.243787
    0.159596    -0.566614     0.808379
   -0.170321    -0.836859    -0.520248
   -0.977315    0.0760164     0.197679
    0.125882    -0.542115     0.830822
   -0.134952     -0.90863     0.395195
   -0.989961     0.106727    -0.092667
   0.0420219    -0.403733    -0.913911
   -0.140681    -0.898281     0.416293
   -0.988888     0.107083    -0.103118
   0.0480509    -0.426174    -0.903364
   -0.159046    -0.914777     0.371331
   -0.984803     0.120419     -0.12515
   0.0697687    -0.385593    -0.920027
   -0.140569    -0.885813     0.442239
   -0.988837     0.103318    -0.107361
   0.0494103    -0.452394    -0.890448
   -0.150648     -0.91327     0.378475
   -0.986041     0.111352    -0.123787
   0.0709071     -0.39184    -0.917297
    -0.12724    -0.890029     0.437788
   -0.989623    0.0842119    -0.116422
   0.0667522    -0.448058    -0.891509
   -0.130982    -0.905932     0.402655
   -0.990148    0.0992619    -0.098761
   0.0495025    -0.411624    -0.910008
   -0.158444    -0.924704     0.346146
   -0.981863     0.110592    -0.153996
     0.10412    -0.364268    -0.925456
   -0.147941    -0.934038     0.325093
   -0.983779     0.105265     -0.14525
    0.101449    -0.341309    -0.934461
   -0.163977    -0.889498     0.426504
   -0.982093     0.106545    -0.155378
   0.0927665    -0.444344     -0.89104
   -0.165174    -0.868179     0.467956
   -0.983909     0.112279    -0.138982
   0.0681192    -0.483382    -0.872755
   -0.151451    -0.919477       0.3628
   -0.986623     0.118224    -0.112242
    0.060312    -0.374946    -0.925083
   -0.137489    -0.877589     0.459277
   -0.989769     0.103867   -0.0978256
   0.0381468    -0.468028     -0.88289
   -0.162123     -0.89087    -0.424344
   -0.985906     0.128246     0.107431
   0.0412862     -0.43578     0.899106
   -0.123452    -0.927829     0.351984
   -0.991883     0.104483   -0.0724667
   0.0304602    -0.358073    -0.933197
   -0.114995    -0.898463     0.423722
   -0.992556    0.0866987   -0.0855363
    0.040115    -0.430404    -0.901744
  -0.0885244    -0.870713     0.483759
    -0.99529    0.0580525   -0.0776428
   0.0395212    -0.488354     -0.87175
  -0.0907168    -0.861539      0.49952
    -0.99458    0.0527855   -0.0895826
   0.0508115    -0.504939    -0.861658
  -0.0564977    -0.835169     0.547083
    -0.99701    0.0182606   -0.0750856
   0.0527192     -0.54969    -0.833704
   -0.059189    -0.869283     0.490759
   -0.996985    0.0267644   -0.0728355
   0.0501798     -0.49359    -0.868246
  -0.0265774    -0.826109     0.562883
   -0.998103  -0.00935658   -0.0608591
   0.0555429    -0.563433    -0.824293
  -0.0318605    -0.807903     0.588454
   -0.997227   -0.0139217   -0.0731061
   0.0672549    -0.589151    -0.805219
  -0.0532336    -0.882715     0.466883
   -0.996306    0.0154024   -0.0844774
   0.0673784    -0.469655    -0.880275
  -0.0275816    -0.847148     0.530641
   -0.998105  -0.00587524   -0.0612589
    0.055013    -0.531325     -0.84538
  -0.0897177    -0.866197     0.491583
   -0.992739    0.0380701    -0.114101
   0.0801194     -0.49825    -0.863323
   -0.119549    -0.907082     0.403621
   -0.988914    0.0727281     -0.12946
   0.0880764    -0.414623    -0.905721
   -0.113766    -0.895881     0.429482
   -0.991654    0.0759999    -0.104147
   0.0606625    -0.437746     -0.89705
   -0.140891    -0.866581     0.478735
   -0.989252     0.142336   -0.0334852
   0.0391236     0.478307     0.877321
   -0.143945    -0.879451     0.453703
   -0.988923     0.144615   -0.0334334
   0.0362091      0.45349     0.890526
   -0.116492     -0.77831     0.616979
   -0.993071    0.0815823   -0.0845865
     -0.0155     0.622557     0.782421
   -0.109644    -0.742072     0.661292
   -0.993917    0.0749015   -0.0807435
  -0.0103857     0.666122      0.74577
   -0.117502    -0.788179     0.604125
    -0.99294     0.083297   -0.0844526
  -0.0162419     0.609783     0.792402
   0.0870499     0.718571     0.689984
    0.994372   -0.0206954    -0.103899
   0.0603797    -0.695146     0.716329
      0.0875     0.748355     0.657502
    0.994385   -0.0261773    -0.102538
   0.0595231    -0.662782     0.746443
  -0.0644334    -0.351473    -0.933978
   -0.992916   -0.0710502    0.0952369
  -0.0998325     0.933498    -0.344405
  -0.0904611    -0.797023     0.597136
   -0.994812    0.0442995   -0.0915772
  -0.0465363     0.602322     0.796896
  -0.0657588    -0.696955     0.714094
   -0.993315   -0.0223222    -0.113258
  -0.0948758     0.716768     0.690828
  -0.0685653    -0.583171    -0.809451
   -0.993371   -0.0351277     0.109452
  -0.0922634      0.81159    -0.576896
   0.0926118     0.611431    -0.785859
     0.99371  -0.00685981     0.111769
   0.0629485    -0.791268    -0.608221
  -0.0677056    -0.520016    -0.851469
   -0.992874    -0.048766     0.108732
  -0.0980654     0.852763    -0.513009
  -0.0728466    -0.529409    -0.845233
   -0.991813   -0.0506665     0.117214
   -0.104879     0.846852    -0.521384
  -0.0924712    -0.504825    -0.858254
   -0.992605   -0.0213367     0.119497
  -0.0786374     0.862958    -0.499119
    0.122211    -0.739573     0.661889
    0.992368    0.0800122   -0.0938283
   0.0164337     0.668304     0.743707
    0.129829     0.638396     -0.75868
    0.991353   -0.0688488     0.111712
   0.0190822    -0.766623    -0.641814
    0.152949     0.692291     0.705223
    0.987787    -0.128559   -0.0880297
  -0.0297204    -0.710075     0.703499
   -0.149417    -0.609127    -0.778871
   -0.988134     0.120336    0.0954506
   0.0355847      0.78389    -0.619879
   -0.159931    -0.557972    -0.814303
    -0.98689     0.108517      0.11947
   0.0217045     0.822734    -0.568012
  -0.0591541    -0.809019     0.584798
   -0.991732   -0.0192023    -0.126882
   -0.113879     0.587469     0.801194
   0.0577681      0.95841     0.279486
    0.990972   -0.0211222    -0.132396
    0.120987    -0.284611     0.950978
  -0.0484065    -0.896729    -0.439924
   -0.986699     0.111359    -0.118421
   -0.155181     -0.42834     0.890193
  -0.0464246    -0.914019    -0.403007
   -0.987574     0.102634     -0.11901
   -0.150139    -0.392474     0.907426
   0.0447536     0.960089    -0.276092
    0.985645   -0.0874709    -0.144403
     0.16279     0.265666     0.950222
  -0.0328705     0.647823    -0.761081
   -0.980258    -0.169446    -0.101894
   -0.194971     0.742706     0.640604
   0.0305502     0.948158    -0.316328
    0.978693   -0.0926641     -0.18323
    0.203043     0.303991     0.930786
  -0.0182907    -0.717515     0.696302
   -0.973041     0.172912      0.15262
   -0.229906    -0.674739    -0.701335
   -0.029393    -0.678108     0.734374
   -0.981095     0.160164     0.108624
   -0.191279    -0.717299    -0.669996
   -0.017227    -0.625414     0.780103
   -0.972866     0.190528     0.131264
   -0.230726    -0.756674    -0.611727
  -0.0130507    -0.593475     0.804747
   -0.974414     0.188151     0.122953
   -0.224383    -0.782552    -0.580745
  -0.0257302    -0.554883     0.831531
   -0.977815     0.186945    0.0944924
   -0.207883    -0.810652    -0.547383
  -0.0146268    -0.488688     0.872336
   -0.972408     0.210101     0.101395
    -0.23283    -0.846783    -0.478277
 -0.00983136     -0.51039     0.859887
   -0.972464     0.205119     0.110631
   -0.232844    -0.835122    -0.498352
   0.0225327    -0.162144     -0.98651
    0.978147     0.207579   -0.0117763
    0.206688    -0.964687     0.163278
  -0.0391152    -0.483001    -0.874746
   -0.984181     -0.13276     0.117314
   -0.172794     0.865497    -0.470168
    0.035379    -0.599062     0.799921
    0.983968    -0.119122    -0.132729
    0.174801     0.791792     0.585243
   0.0553805    -0.659244     0.749887
    0.990148    -0.060479    -0.126293
     0.12861     0.749493     0.649399
  -0.0546986    -0.841199     0.537951
   -0.990463   -0.0225203    -0.135925
   -0.126455     0.540256     0.831945
   0.0569332      -0.6416     0.764924
    0.989755   -0.0642088    -0.127524
    0.130934     0.764348     0.631371
  0.00271512      -0.8992    -0.437529
   -0.980745     0.083044    -0.176756
   -0.195273    -0.429585     0.881661
  -0.0110272    -0.961827    -0.273436
   -0.984559    0.0582206    -0.165089
   -0.174707    -0.267393     0.947617
  -0.0217419     -0.83166     0.554859
   -0.981694     0.122801     0.145595
   -0.189222    -0.541536    -0.819106
  -0.0369391    -0.925662    -0.376544
   -0.986093    0.0948601     -0.13646
   -0.162035    -0.366266     0.916293
  -0.0293108    -0.979528     0.199165
   -0.989282    0.0569422      0.13446
   -0.143048    -0.193089    -0.970698
  -0.0436673   0.00432016    -0.999037
   -0.984439    -0.170561    0.0422917
   -0.170214     0.985338    0.0117009
  -0.0482047    -0.921666     0.384979
   -0.990395    0.0941104     0.101296
   -0.129591    -0.376398     -0.91735
   0.0641731     0.667621    -0.741731
    0.988751    0.0580909     0.137831
    0.135107    -0.742232    -0.656382
  -0.0749427    -0.997157    0.0078279
     -0.9912    0.0736314    -0.110004
   -0.109115     0.016003       0.9939
    -0.03893    -0.934922     0.352713
   -0.991933    0.0787737    0.0993197
   -0.120641    -0.346001    -0.930446
  -0.0620556    -0.920986     0.384622
   -0.993549    0.0936535    0.0639546
  -0.0949225    -0.378171    -0.920856
  -0.0549778    -0.917562     0.393774
   -0.995964    0.0784156    0.0436678
  -0.0709459    -0.389784    -0.918169
   0.0608851    -0.550567     0.832568
    0.989398   -0.0768966    -0.123205
    0.131854     0.831242     0.540048
   0.0879205     0.771842     0.629707
    0.991081  -0.00423067    -0.133191
    0.100138    -0.635801      0.76533
  -0.0380681    -0.436656    -0.898823
    -0.98445    -0.137975     0.108724
   -0.171491     0.888985    -0.424614
  -0.0202244    -0.227829     0.973491
   -0.978155     0.205999    0.0278892
   -0.206892    -0.951661    -0.227018
   0.0159705    -0.313285     0.949525
    0.978647    -0.189737   -0.0790619
    0.204929     0.930512     0.303565
 -0.00388124     -0.34721      0.93778
   -0.974734     0.210755     0.073997
   -0.223334    -0.913799    -0.339255
 -0.00484534    -0.419282     0.907843
   -0.972696     0.212628    0.0930098
   -0.232031    -0.882605    -0.408865
 -0.00119335    -0.559154     0.829063
    -0.97636     0.179851     0.119893
   -0.216147    -0.809321    -0.546151
  -0.0741333     -0.92187     0.380343
     -0.9958    0.0889784    0.0215715
  -0.0537284    -0.377146    -0.924594
  -0.0828989    -0.917987      0.38785
   -0.995129    0.0970844    0.0170867
  -0.0533396    -0.384544    -0.921564
   -0.100409    -0.912469     0.396633
    -0.99466     0.101619   -0.0180237
  -0.0238592    -0.396324      -0.9178
  -0.0932317    -0.913285     0.396507
   -0.995091    0.0987517  -0.00652068
  -0.0332005    -0.395168    -0.918009
   -0.130622     -0.92387     0.359726
   -0.991345      0.12652   -0.0350369
  -0.0131431    -0.361189      -0.9324
   -0.117057    -0.889472     0.441744
    -0.99312     0.103395   -0.0549743
  0.00322382     -0.44514    -0.895455
   -0.134426    -0.922936     0.360718
    -0.99085     0.120766   -0.0602597
   0.0120532    -0.365518    -0.930726
   -0.107149     -0.88594     0.451254
    -0.99422    0.0985454   -0.0426019
 -0.00672635    -0.453211    -0.891378
   -0.159636    -0.896291    -0.413738
   -0.987012     0.137282    0.0834297
   0.0179783    -0.421683     0.906565
     0.13773     0.964388     0.225803
    0.990106    -0.127873   -0.0577847
   0.0268528    -0.231528     0.972458
   -0.107573    -0.737078     0.667192
   -0.992027    0.0352658    -0.120987
  -0.0656478     0.674887     0.734995
    0.100113     0.974718    -0.199757
    0.992799    -0.111134   -0.0447172
   0.0657865     0.193842     0.978825
   -0.107606    -0.852597      0.51137
   -0.993977     0.102989   -0.0374488
  -0.0207365     -0.51232    -0.858544
   -0.097115    -0.901854     0.420984
   -0.994625      0.10321  -0.00834482
  -0.0359238    -0.419532     -0.90703
   -0.106876    -0.914225    -0.390859
   -0.993019      0.11788  -0.00419331
   -0.049908    -0.387682     0.920441
  -0.0765195    -0.906315     0.415618
   -0.995306    0.0942011    0.0221731
  -0.0592474     -0.41197    -0.909269
   0.0892945     0.964061    -0.250225
    0.993755    -0.103114   -0.0426476
   0.0669166     0.244855     0.967248
  -0.0608902    -0.845675     0.530213
    -0.99482    0.0947361    0.0368553
  -0.0813979    -0.525222    -0.847063
  -0.0499747    -0.934883      0.35142
   -0.995422    0.0753269    0.0588354
  -0.0814756    -0.346871    -0.934367
  -0.0768502   0.00452829    -0.997032
   -0.993518    -0.084362    0.0761961
  -0.0837666     0.996425    0.0109822
   -0.037196    -0.936686     0.348189
   -0.993833    0.0710956    0.0850907
   -0.104458    -0.342877    -0.933554
   -0.020584    -0.948503     0.316097
   -0.991173    0.0607767     0.117826
    -0.13097    -0.310881    -0.941382
  -0.0217232    -0.922734     0.384824
   -0.991899    0.0680769     0.107243
   -0.125154    -0.379377    -0.916739
 -0.00718234    -0.971786    -0.235755
   -0.987391    0.0441758    -0.152012
   -0.158138     -0.23169      0.95985
 -0.00650131     -0.91889     0.394461
   -0.989566    0.0626902     0.129726
   -0.143933    -0.389502     -0.90971
   0.0119021    -0.910612     0.413091
   -0.986948    0.0556528     0.151116
   -0.160598    -0.409498    -0.898064
   0.0117001    -0.931397     0.363816
   -0.983289    0.0553887     0.173422
   -0.181676    -0.359765    -0.915185
 -0.00643829    -0.945852     0.324534
   -0.990391     0.050866       0.1286
   -0.138145    -0.320588    -0.937091
   0.0156855     -0.93796      0.34639
   -0.988133    0.0383985     0.148722
   -0.152796    -0.344612    -0.926227
   0.0109079    -0.963049    -0.269104
    -0.99021    0.0270497    -0.136941
    -0.13916    -0.267963     0.953326
   0.0231745    -0.966027    -0.257401
    0.990578   -0.0125739     0.136374
    0.134978     0.258136    -0.956633
  -0.0361148     -0.98188    -0.186033
   -0.992323    0.0572671    -0.109615
   -0.118282    -0.180646      0.97641
   0.0589625    -0.936527    -0.345603
    0.990624    0.0121522     0.136077
     0.12324     0.350386    -0.928462
    0.065171     0.989384    -0.129891
    0.992333   -0.0779564   -0.0959073
    0.105015     0.122645     0.986879
  -0.0486777    -0.935588     0.349721
   -0.993702    0.0807437    0.0776952
   -0.100929    -0.343737    -0.933626
   0.0347891    -0.831972     0.553726
    0.990963   -0.0431011    -0.127019
    0.129542     0.553141     0.822954
 -0.00147247    -0.941766    -0.336265
     0.99052   -0.0475637     0.128873
    0.137362     0.332888    -0.932908
   -0.440733    -0.730005    -0.522348
   -0.885578     0.258541     0.385886
     0.14665    -0.632653     0.760424
    0.472313    -0.231034    -0.850614
    0.870696    -0.027861     0.491032
   -0.137144    -0.972547     0.188001
    0.450421    -0.238049    -0.860496
    0.885866 -0.000863349      0.46394
   -0.111184    -0.971253     0.210491
     0.47946     0.030375    -0.877038
    0.871486    -0.133896     0.471787
   -0.103102     -0.99053   -0.0906693
    0.507099     0.295268    -0.809733
    0.851842    -0.314717     0.418709
   -0.131206    -0.902092    -0.411115
   -0.450739    -0.342308    -0.824415
    -0.88858     0.260206      0.37778
   0.0852004     0.902839    -0.421453
   -0.500493    -0.584912    -0.638267
    -0.85841     0.431016     0.278131
    0.112421     0.687097    -0.717815
    0.479099     0.181799    -0.858728
     0.87302    -0.200238     0.444681
  -0.0911075    -0.962733    -0.254648
   -0.485876    -0.250452    -0.837376
   -0.866676     0.262059     0.424497
    0.113126     0.931987    -0.344389
   -0.526926    -0.489221    -0.694991
   -0.839081     0.429569     0.333788
     0.13525     0.759035    -0.636846
    -0.50438    -0.332183     -0.79703
    -0.85355     0.331398     0.402029
    0.130587      0.88308    -0.450685
   -0.527994    -0.350602    -0.773499
    -0.83567      0.37671     0.399682
    0.151255     0.857419    -0.491888
   -0.454481    -0.251404    -0.854542
   -0.887383     0.211199     0.409813
   0.0774494     0.944559    -0.319077
    0.467516     0.132584    -0.873985
    0.878833     -0.17629     0.443366
  -0.0952921    -0.975368    -0.198937
   -0.449395    -0.377724    -0.809549
   -0.889401     0.274112     0.365825
   0.0837261     0.884413    -0.459133
   -0.432722    -0.361858    -0.825718
   -0.898911     0.242918     0.364624
   0.0686398     0.900028    -0.430394
   -0.430789    -0.322746    -0.842767
   -0.899708     0.226374     0.373203
   0.0703306     0.919016    -0.387896
   -0.402416    -0.315619    -0.859329
   -0.913004     0.207035     0.351511
   0.0669675     0.926024    -0.371476
   -0.388152     -0.41606    -0.822333
   -0.919211     0.238923     0.312997
   0.0662489     0.877388    -0.475186
    0.420653    0.0565121     -0.90546
    0.903204    -0.119907     0.412121
  -0.0852815    -0.991175    -0.101481
   -0.379569    -0.721702    -0.578855
   -0.920197     0.229766      0.31693
   0.0957277    -0.652958     0.751321
     0.35408    0.0324109    -0.934653
    0.932901   -0.0825078     0.350555
  -0.0657544    -0.996063   -0.0594505
   -0.335735     0.503233    -0.796266
   -0.938935    -0.111137     0.325652
   0.0753843     0.856975     0.509815
    -0.31468      0.45757    -0.831629
   -0.946727   -0.0881173     0.309749
   0.0684507     0.884797     0.460922
   -0.410123    -0.771219    -0.486847
   -0.903551     0.270959     0.331929
    0.124075    -0.576023     0.807963
    0.515462     0.174753    -0.838904
    0.837635    -0.309244     0.450262
   -0.180742    -0.934788    -0.305783
    0.495854   -0.0714154    -0.865464
    0.853482    -0.143889     0.500863
     -0.1603    -0.987014   -0.0103963
   -0.476615     0.333051    -0.813582
   -0.857715    0.0267728     0.513428
     0.19278     0.942529     0.272903
    0.502219    0.0754484    -0.861443
    0.838607    -0.285551     0.463896
   -0.210986    -0.955389    -0.206681
   -0.458381     0.619307    -0.637453
   -0.873615    -0.182141     0.451245
    0.163353      0.76373     0.624526
   -0.456985     0.397391    -0.795767
   -0.860573    0.0286727     0.508519
    0.224897     0.917202     0.328881
   -0.434398     0.367598    -0.822295
   -0.879902    0.0219581     0.474647
    0.192535     0.929725     0.313912
   -0.414156     0.347767     -0.84115
   -0.883133    0.0701818     0.463843
    0.220343     0.934951     0.278058
   -0.479808     0.382411    -0.789649
    -0.84052    0.0577651     0.538693
    0.251616     0.922185     0.293708
   -0.430555     0.391593    -0.813189
   -0.866696    0.0720892       0.4936
    0.251913      0.91731     0.308354
    0.457422    -0.243263    -0.855329
    0.840263    -0.196599     0.505279
   -0.291073    -0.949827     0.114476
    -0.41613    -0.647887    -0.638027
    -0.89314     0.159507     0.420546
    0.170697    -0.744849     0.645029
    0.393913    -0.220767    -0.892241
     0.89983    -0.105346     0.423329
   -0.187452    -0.969621     0.157156
   -0.385472    -0.800524     0.458882
   -0.909012     0.414859    -0.039868
    0.158456     0.432498     0.887602
   -0.408524     0.527149    -0.745132
   -0.901115    -0.103015     0.421164
    0.145256     0.843506     0.517106
   -0.444524     0.419005    -0.791728
   -0.884317   -0.0644057     0.462424
    0.142766     0.905697     0.399163
    0.427716    -0.278068     -0.86008
    0.894956  -0.00334706     0.446142
   -0.126936    -0.960556     0.247427
    0.460801   -0.0604824     -0.88544
    0.879283    -0.104365     0.464726
   -0.120517    -0.992698   0.00508968
    0.481693   -0.0274773    -0.875909
    0.866526    -0.134235     0.480743
   -0.130787    -0.990568   -0.0408504
     0.44465    0.0487791    -0.894375
    0.889634    -0.140101     0.434652
   -0.104101    -0.988935    -0.105692
   -0.388222    -0.801041     0.455651
   -0.919749     0.367819    -0.137009
    0.057847     0.472274     0.879551
    -0.39434    -0.759575     0.517245
   -0.916109     0.369271    -0.156153
   0.0723937      0.53543     0.841471
   -0.391229    -0.595516    -0.701641
   -0.916078     0.324886     0.235052
   0.0879763     0.734717    -0.672644
   -0.405208     -0.69204       0.5974
   -0.910282     0.366031    -0.193414
   0.0848163     0.622175      0.77827
   -0.401523    -0.422658     -0.81249
   -0.912518     0.260219      0.31559
   0.0780387     0.868128    -0.490167
    0.413013     0.865506     0.283406
    0.905691     -0.42301   -0.0280316
  -0.0956224    -0.268256      0.95859
   -0.410359     -0.60059    -0.686219
   -0.908404     0.335271     0.249791
   0.0800478     0.725868     -0.68316
   -0.424438    -0.618804     -0.66101
   -0.901475     0.357184     0.244464
   0.0848267     0.699644    -0.709438
    0.422347     0.166122    -0.891082
    0.903257    -0.159373     0.398406
  -0.0758305    -0.973141    -0.217362
   -0.406302    -0.423349    -0.809749
   -0.910464      0.26253     0.319583
   0.0772885     0.867095    -0.492111
   -0.410059    -0.295132    -0.862989
    -0.90864     0.214048     0.358548
   0.0789022     0.931172    -0.355941
   -0.404691    -0.404521    -0.820115
   -0.910834      0.25803     0.322184
   0.0812839     0.877373    -0.472874
    0.432902     0.262279    -0.862442
    0.896758    -0.222698     0.382401
  -0.0917681    -0.938944    -0.331607
    -0.43371    -0.318037    -0.843059
   -0.897752     0.232539     0.374123
   0.0770592     0.919118    -0.386372
   -0.417205    -0.554883    -0.719753
   -0.902107     0.348876     0.253946
    0.110194     0.755242    -0.646117
   -0.400337    -0.618854    -0.675832
   -0.908273     0.365785      0.20308
    0.121533     0.695141    -0.708526
   -0.393265    -0.720063      0.57171
   -0.913422     0.376925    -0.153587
      0.1049     0.582613     0.805952
   -0.375126     -0.76235     0.527354
   -0.921188     0.370043    -0.120334
    0.103407     0.530933     0.841081
    -0.37849    -0.701971      0.60331
    -0.91656      0.37514    -0.138522
    0.129087     0.605398     0.785385
   -0.378357    -0.754822     0.535808
    -0.92223     0.357167    -0.148066
   0.0796095      0.55016     0.831256
   -0.387151    -0.441664     -0.80935
   -0.917931     0.267169     0.293296
   0.0866947     0.856477    -0.508852
   -0.388683    -0.379026    -0.839801
   -0.917561     0.242043     0.315432
   0.0837113     0.893171    -0.441858
    -0.36112    -0.387242    -0.848314
   -0.928421     0.234492     0.288179
   0.0873281      0.89166    -0.444203
   -0.361267    -0.510197    -0.780503
   -0.927579     0.282184     0.244886
   0.0953056     0.812447    -0.575192
   -0.365001    -0.330354    -0.870426
   -0.927829      0.20626      0.31079
   0.0768631     0.921045    -0.381797
   -0.332999    -0.396011    -0.855738
   -0.938559     0.226458      0.26043
   0.0906556     0.889883     -0.44709
   -0.336797    -0.286845    -0.896821
   -0.938229     0.182487     0.293979
    0.079332     0.940435    -0.330588
    0.296822     0.054268     -0.95339
    0.951225    -0.104703     0.290188
  -0.0840751    -0.993022   -0.0826993
   -0.328148    -0.431659    -0.840232
    -0.93887     0.247089     0.239731
     0.10413     0.867535    -0.486353
    0.295494     0.246047    -0.923116
    0.950433     -0.17357     0.257975
  -0.0967517     -0.95359     -0.28514
   -0.299646    -0.487042    -0.820367
   -0.947581     0.251902     0.196561
    0.110919     0.836263    -0.536993
    0.343539     0.162733    -0.924932
    0.936535    -0.132644     0.324511
  -0.0698782    -0.977713    -0.197974
   -0.306313     0.341054    -0.888738
   -0.949349   -0.0407301     0.311573
   0.0700648     0.939161     0.336256
   -0.377665    -0.374556    -0.846804
    -0.92348     0.219012     0.314989
   0.0674789     0.900967    -0.428608
   -0.415041     -0.33251    -0.846864
   -0.907235     0.221141     0.357801
   0.0683042     0.916806    -0.393447
   -0.397968     -0.35185    -0.847244
   -0.914307     0.227875     0.334836
    0.075254     0.907896    -0.412386
    0.451063    -0.327281    -0.830319
     0.83625    -0.170051     0.521314
   -0.311813      -0.9295     0.196985
      0.4264     0.248398    -0.869759
    0.863542    -0.397979     0.309691
   -0.269219    -0.883126    -0.384201
    0.427089     0.256183    -0.867159
    0.859828    -0.411832     0.301812
   -0.279805    -0.874508    -0.396162
    0.454626     0.185366     -0.87118
    0.831314    -0.439429     0.340322
   -0.319738    -0.878943    -0.353873
   -0.402229    -0.230386    -0.886078
   -0.884735     0.346751     0.311462
    0.235492     0.909223    -0.343304
   -0.443241    -0.316469     -0.83868
   -0.853525       0.4349      0.28698
    0.273922     0.843036     -0.46288
    0.416101      0.16314    -0.894565
    0.883099    -0.307036     0.354774
   -0.216786    -0.937611    -0.271826
    0.439639     0.127058    -0.889142
     0.87457    -0.286021     0.391561
   -0.204562    -0.949762    -0.236867
    0.459219     0.244435    -0.854031
    0.829721    -0.461429      0.31408
   -0.317303    -0.852839     -0.41471
   -0.450767    -0.329184    -0.829727
   -0.850784     0.439736     0.287747
    0.270139     0.835625    -0.478283
    0.465151     0.288305    -0.836968
    0.825563    -0.482526       0.2926
   -0.319501    -0.827072    -0.462461
   -0.396974    -0.259983    -0.880239
   -0.904577     0.273211     0.327256
     0.15541     0.926156    -0.343632
   -0.422115   0.00018998    -0.906542
   -0.895364     0.156465     0.416943
    0.141921     0.987683   -0.0658761
    0.398618    0.0825842    -0.913391
    0.913859    -0.119647     0.388004
  -0.0772415    -0.989376    -0.123164
   -0.382875    -0.444978    -0.809569
   -0.918211     0.279564     0.280594
    0.101468     0.850787    -0.515621
     0.38201    -0.266341    -0.884947
    0.903875   -0.0918427     0.417822
   -0.192559    -0.959493     0.205654
   -0.370967   0.00013233    -0.928646
   -0.915889     0.165132     0.365894
    0.153398     0.986271   -0.0611373
    0.381987     0.206066    -0.900901
    0.902152    -0.294656     0.315119
   -0.200521    -0.933121    -0.298457
    0.399988    -0.287107     -0.87039
    0.886262    -0.120842     0.447142
   -0.233557    -0.950246     0.206117
    0.367878     0.243906    -0.897316
    0.916816    -0.256294     0.306207
   -0.155291     -0.93532    -0.317901
   -0.460556    -0.813372     0.355407
   -0.831508     0.535458     0.147918
    0.310618     0.227399     0.922934
    0.445415    -0.205906    -0.871325
    0.858924    -0.176403     0.480762
   -0.252696    -0.962541    0.0982852
   -0.438587    -0.898673  -0.00535235
   -0.864601     0.420318     0.275313
    0.245167    -0.125376      0.96134
    0.429911     0.868493     0.246771
     0.84668     -0.48272     0.223862
   -0.313544    -0.112695     0.942863
     -0.4256    -0.677619    -0.599748
    -0.88908      0.18969     0.416599
    0.168529    -0.710528     0.683189
    0.407834     0.902451     0.138759
    0.881806    -0.428719     0.196513
   -0.236832   -0.0422139     0.970633
   -0.405224     0.638013    -0.654777
   -0.899923    -0.152219     0.408617
    0.161033     0.754831     0.635845
      0.3875     0.895186    -0.220197
    0.910014     -0.33326       0.2466
    -0.14737      0.29594      0.94377
   -0.407515    -0.913082    0.0145559
   -0.858527     0.388502     0.334662
    0.311229    -0.123883     0.942226
   -0.377986    -0.925807  -0.00293372
   -0.896481     0.365218     0.250874
    0.231189    -0.097457     0.968015
    0.393081     0.916294   -0.0767661
    0.865533    -0.340536     0.367271
   -0.310386     0.210811     0.926941
   -0.407361    -0.713889    -0.569578
   -0.909561     0.261002     0.323385
      0.0822      -0.6498     0.755648
   -0.380598    -0.761083     -0.52526
   -0.921984     0.268484     0.279037
   0.0713465    -0.590482     0.803891
   -0.377436    -0.664957    -0.644496
   -0.926009     0.265723     0.268139
  0.00704355    -0.698014     0.716049
    -0.40481    -0.666845    -0.625657
   -0.914318      0.28599     0.286761
   0.0122929    -0.688134      0.72548
   -0.425415    -0.671424    -0.606804
   -0.898867     0.235567     0.369521
    0.105163    -0.702636     0.703735
   -0.419318    -0.643026    -0.640851
   -0.907324     0.273065     0.319685
   0.0305718    -0.715509     0.697934
    0.429138    -0.278197    -0.859329
    0.895415   0.00608043      0.44519
   -0.118626    -0.960505     0.251711
   -0.428876     0.453018    -0.781562
   -0.883754   -0.0311192     0.466916
      0.1872     0.890958     0.413703
    -0.40813     0.463944    -0.786248
    -0.91125    -0.154902     0.381613
   0.0552553     0.872216     0.485989
   -0.423771    -0.704254      -0.5696
   -0.898591     0.405897     0.166681
   -0.113813    -0.582472     0.804844
   -0.422578     0.497484    -0.757587
   -0.899198    -0.334763     0.281739
   -0.113452     0.800277       0.5888
    -0.41126     0.551188    -0.725987
   -0.905788     -0.33629     0.257794
   -0.102049      0.76361     0.637562
   -0.414977     0.430388    -0.801599
   -0.903903    -0.295444     0.309311
   -0.103704     0.852924     0.511631
   -0.425049     0.563224    -0.708599
   -0.897975    -0.360889     0.251795
   -0.113909     0.743329     0.659156
    -0.40851     0.631393    -0.659138
   -0.909657    -0.341056     0.237074
  -0.0751167     0.696437     0.713676
   -0.408222     0.227798    -0.884004
   -0.909265    -0.187591     0.371547
  -0.0811935     0.955467     0.283707
    0.405277    -0.198745    -0.892329
    0.912614     0.145318     0.382123
   0.0537267    -0.969218     0.240272
    0.396546     0.226304    -0.889684
    0.917509   -0.0655234     0.392281
   0.0304796     -0.97185    -0.233619
   -0.420597     0.542357    -0.727288
   -0.902096    -0.335314     0.271638
  -0.0965455     0.770334      0.63029
   -0.399229    -0.489436    -0.775286
   -0.914893     0.157428     0.371735
  -0.0598889     0.857712    -0.510631
   -0.413625    -0.574539    -0.706272
   -0.906994     0.192523     0.374563
  -0.0792273     0.795513    -0.600735
   -0.404901     0.354639    -0.842785
   -0.914343    -0.162693      0.37082
 -0.00560784      0.92074     0.390136
   -0.394558    -0.282727    -0.874293
   -0.918726     0.138279     0.369894
   0.0163169     0.949181    -0.314308
   -0.410672    -0.662034    -0.626944
    -0.91105     0.325518     0.253034
  -0.0365648    -0.675091     0.736827
   -0.399184     0.435765    -0.806697
   -0.915914    -0.229697      0.32915
  -0.0418636     0.870257     0.490815
   -0.401349      0.37648    -0.834974
   -0.912585     -0.24215     0.329472
  -0.0781491     0.894218     0.440756
   -0.387388     0.486567     -0.78306
   -0.917893    -0.282834     0.278347
   -0.086042     0.826594     0.556183
   -0.383553     0.483082    -0.787095
    -0.92232    -0.243787     0.299824
  -0.0470436     0.840951     0.539062
   -0.404973    -0.692252    -0.597314
   -0.908624     0.377561     0.178468
   -0.101977    -0.615009     0.781898
   -0.396579    -0.358913     -0.84493
   -0.917323     0.119584     0.379761
  -0.0352613     0.925679    -0.376663
   -0.381864    -0.285162    -0.879126
   -0.924035    0.0988571     0.369305
   -0.018404     0.953368     -0.30125
    0.374709    0.0793671    -0.923739
    0.926692   -0.0631137     0.370484
  -0.0288963    -0.994845   -0.0971981
   -0.388354     -0.54807    -0.740811
   -0.921506     0.233401     0.310403
  0.00278362     0.803208    -0.595692
    0.362654     0.078228    -0.928635
    0.929867   -0.0965448     0.355002
  -0.0618838     -0.99225    -0.107754
   -0.374242    -0.462428    -0.803806
   -0.925649     0.238475     0.293775
   0.0558378     0.853984    -0.517294
   -0.366067    -0.711172     0.600191
   -0.926423     0.339461     -0.16281
   0.0879554      0.61563     0.783111
   -0.386017    -0.680671     0.622638
   -0.921913     0.308564    -0.234234
   0.0326877     0.664436      0.74663
   -0.363288     -0.51721     -0.77493
   -0.923787     0.307983     0.227516
    0.120992     0.798524    -0.589678
    0.361794      0.22515    -0.904662
    0.926422    -0.195244     0.321905
   -0.104152    -0.954561    -0.279222
   -0.375821    -0.610222    -0.697416
    -0.92508     0.291427     0.243512
     0.05465     0.736682    -0.674028
   -0.382027    -0.456627     -0.80346
   -0.924129     0.194794     0.328696
  0.00641753     0.868071    -0.496399
     0.65295   -0.0853024    -0.752582
    0.590645     -0.56466     0.576453
   -0.474126    -0.820903    -0.318311
    0.666753    0.0387662     -0.74427
    0.585089    -0.645808     0.490513
    -0.46164    -0.762515    -0.453276
    0.658096     0.169591    -0.733586
    0.625114    -0.666153     0.406784
   -0.419694    -0.726278    -0.544406
    0.660455     0.147201    -0.736295
     0.62674    -0.648106     0.432615
   -0.413516    -0.747188    -0.520302
    0.666583      0.15921     -0.72823
    0.589616    -0.710343     0.384404
   -0.456092    -0.685613    -0.567375
   -0.651745    -0.277565    -0.705823
   -0.662215     0.661927     0.351175
    0.369729     0.696283    -0.615216
   -0.659387    -0.277191    -0.698838
   -0.625064     0.718631     0.304736
    0.417736     0.637757    -0.647118
   -0.651416     -0.31618    -0.689701
   -0.663646     0.678037     0.315974
