  -0.0272371    -0.816893     0.576145
   -0.996561   -0.0229319   -0.0796264
   0.0782584    -0.576333    -0.813459
  -0.0523386     -0.85587     0.514537
   -0.996713    0.0128693    -0.079979
   0.0618298    -0.517032     -0.85373
  -0.0849571     -0.88509       0.4576
    -0.99523     0.053276    -0.081726
   0.0479558     -0.46236    -0.885394
   -0.104838    -0.905759      0.41062
   -0.993465    0.0766497   -0.0845722
   0.0451282    -0.416803    -0.907876
   -0.121705    -0.929597     0.347903
   -0.991758    0.0997504   -0.0804088
   0.0400443    -0.354822    -0.934076
   -0.120124    -0.903937     0.410449
   -0.992472    0.0994139   -0.0715224
   0.0238474    -0.415951    -0.909074
   -0.131606    -0.889745     0.437073
   -0.991169     0.110873    -0.072745
   0.0162648    -0.442787    -0.896479
   -0.127909    -0.889878       0.4379
   -0.991348     0.101596   -0.0831096
   0.0294684    -0.444742    -0.895174
   -0.127663    -0.844027     0.520884
   -0.991786     0.104431   -0.0738601
  0.00794372    -0.526035    -0.850426
   -0.126939    -0.900777     0.415316
   -0.991467     0.102702    -0.080286
   0.0296662    -0.421963    -0.906127
   -0.120495     -0.88166    -0.456241
   -0.992711     0.105975    0.0573894
  0.00224801    -0.459831     0.888004
   -0.110227    -0.848004       0.5184
   -0.993726    0.0840982   -0.0737261
   0.0189236    -0.523274    -0.851954
    0.149631     0.967585     0.203443
    0.972566      -0.1811     0.146006
   -0.178116    -0.176015     0.968139
   -0.175923    -0.807301     0.563308
   -0.964989     0.254515    0.0633877
    0.194544     0.532435     0.823812
     -0.1554    -0.917225      0.36681
   -0.971033     0.210059     0.113882
    0.181507     0.338488     0.923299
   -0.178752    -0.685412    -0.705874
   -0.964636   -0.0191652     0.262889
    0.193716    -0.727903     0.657747
   -0.200313    -0.805347    -0.557935
   -0.958064    0.0419121     0.283471
    0.204909    -0.591321      0.77997
    0.152243     0.215653    -0.964529
    0.971805    -0.210443      0.10634
   -0.180046    -0.953524    -0.241611
   -0.197916    -0.755627    -0.624386
   -0.960564    0.0225891      0.27714
     0.19531    -0.654613     0.730299
    0.176727     0.669706    -0.721292
    0.967103    0.0180824     0.253743
   -0.182976     0.742406     0.644479
   -0.192257     0.621141    -0.759751
   -0.964365     0.023809     0.263501
     0.18176     0.783337     0.594429
   -0.214923    -0.797069    -0.564349
   -0.954957    0.0504514     0.292424
     0.20461    -0.601777      0.77201
   -0.209082    -0.738614    -0.640886
   -0.958752    0.0257784     0.283073
    0.192561    -0.673636     0.713537
    0.219403     0.682674    -0.697007
    0.955426  -0.00568771     0.295176
   -0.197545     0.730701     0.653492
   -0.150947     0.403942    -0.902245
   -0.974172    0.0942731     0.205188
    0.167941     0.909914     0.379279
   -0.173736    -0.850075     -0.49718
   -0.970776    0.0629589     0.231583
    0.165561    -0.522885      0.83617
   -0.155538    -0.923172    -0.351513
   -0.977268    0.0919071      0.19105
    0.144066    -0.373239     0.916481
   -0.129304    -0.873466     0.469402
   -0.981381    0.0449218    -0.186745
    0.142029    -0.484809    -0.863011
    0.124415     0.988221   -0.0891086
    0.979575    -0.108035     0.169592
   -0.157967     0.108388     0.981478
  -0.0950119     -0.86438     0.493782
   -0.987347    0.0185633    -0.157486
    0.126962    -0.502497    -0.855206
   -0.090462    -0.718525     0.689593
   -0.984576     0.168649    0.0465667
    0.149759     0.674744     0.722699
   -0.125372    -0.782458     0.609952
   -0.978043     0.200641    0.0563561
    0.166478     0.589493     0.790432
  -0.0824254    -0.353185    -0.931915
   -0.985885     0.165633    0.0244257
    0.145729     0.920775    -0.361852
  -0.0572527      -0.8916      0.44919
   -0.992201  0.000916529    -0.124645
    0.110721    -0.452823    -0.884699
   0.0500649    -0.609659     0.791081
    0.990457     0.132142    0.0391548
   -0.128406     0.781572     0.610457
  -0.0187047    -0.906069    -0.422715
   -0.995318    -0.023226    0.0938254
   0.0948303    -0.422491     0.901393
   -0.122008    -0.760558     0.637703
   -0.978805     0.198675    0.0496818
    0.164482     0.618126     0.768678
     -0.2132    -0.742332    -0.635208
   -0.960924    0.0418354     0.273632
    0.176551    -0.668725     0.722244
   -0.209216    -0.775994    -0.595031
    -0.96199    0.0541163     0.267667
    0.175507    -0.628414     0.757821
   -0.202711    -0.807395    -0.554095
   -0.967156    0.0764611     0.242411
    0.153355    -0.585035     0.796377
   -0.200841    -0.812833    -0.546777
   -0.967256    0.0761294     0.242117
    0.155175    -0.577501     0.801507
   -0.197171    -0.854097    -0.481292
   -0.969099    0.0955764     0.227401
    0.148223    -0.511256      0.84655
     0.17922      0.95685    -0.228731
    0.976801    -0.145366     0.157254
   -0.117219     0.251607     0.960705
   -0.179054    -0.689877    -0.701434
   -0.977536    0.0441743     0.206087
    0.111189    -0.722578     0.682289
    0.159555     0.912532    -0.376599
    0.984422    -0.118531     0.129861
  -0.0738636     0.391452     0.917229
    0.179338       0.9453    -0.272482
    0.976245    -0.136769      0.16805
    -0.12159     0.296147     0.947372
    0.158472     0.944722     0.287031
    0.984329    -0.173935    0.0290253
  -0.0773456    -0.277933     0.957481
   -0.151802    -0.889954     0.430043
   -0.985057     0.172027   0.00828454
   0.0813519      0.42236      0.90277
   -0.185252     -0.85831    -0.478524
   -0.976311     0.105357     0.188987
    0.111793    -0.502199     0.857496
    0.163328    -0.207039    -0.964603
    0.984038   -0.0358375     0.174311
  -0.0706582    -0.977676     0.197881
    0.169731     0.100871    -0.980314
    0.982891   -0.0895322     0.160964
   -0.071533    -0.990863    -0.114342
   -0.179494    -0.810173    -0.558034
   -0.978681    0.0894999     0.184858
    0.099823    -0.579318     0.808966
   -0.189743    -0.790322    -0.582571
   -0.971855    0.0668007     0.225909
    0.139625    -0.609039     0.780754
   -0.179205    -0.882459    -0.434915
   -0.976092      0.10421     0.190747
    0.123004      -0.4587     0.880037
    -0.18616      -0.6888    -0.700642
   -0.969949    0.0151338     0.242837
    0.156663    -0.724793     0.670918
   -0.202311    -0.721217    -0.662507
   -0.964499    0.0294823     0.262436
    0.169741    -0.692082     0.701578
   -0.171172    -0.880701    -0.441663
   -0.975441    0.0884159     0.201738
    0.138621    -0.465348     0.874206
   -0.132305    -0.926073     0.353389
   -0.990105     0.106647   -0.0912115
   0.0467807     -0.36196    -0.931019
   -0.139067    -0.913215     0.383013
   -0.988815     0.107003    -0.103899
   0.0538986    -0.393178    -0.917881
   -0.152655    -0.905373     0.396227
   -0.985342     0.108543    -0.131606
   0.0761452    -0.410509    -0.908672
   -0.136569    -0.905019     0.402851
   -0.988964     0.100977    -0.108417
   0.0574403    -0.413211    -0.908822
   -0.146966     -0.91652     0.372012
   -0.985955     0.105571    -0.129416
   0.0793385    -0.385806    -0.919162
    -0.12627    -0.896653     0.424345
   -0.989006    0.0806039    -0.123975
   0.0769587    -0.435334    -0.896974
   -0.127666      -0.8831     0.451482
   -0.990316      0.08846    -0.107004
   0.0545573     -0.46077    -0.885841
   -0.157714    -0.896628     0.413746
   -0.981358    0.0957145    -0.166656
    0.109827    -0.432317    -0.895009
   -0.137568    -0.906913     0.398225
    -0.98432    0.0803622    -0.157019
    0.110401    -0.413582    -0.903749
   -0.163184    -0.883883     0.438316
   -0.981597     0.100788    -0.162203
   0.0991916    -0.456718    -0.884064
   -0.161686    -0.842559    -0.513763
   -0.983921    0.0976071     0.149576
   0.0758793    -0.529686     0.844793
   -0.149626    -0.889458     0.431829
   -0.986693     0.106217    -0.123102
   0.0636262    -0.444502    -0.893515
   -0.135345    -0.870329     0.473508
   -0.989911    0.0985601    -0.101793
   0.0419248    -0.482508    -0.874888
   -0.160708     -0.87694    -0.452934
    -0.98601     0.122078     0.113492
   0.0442327    -0.464837     0.884291
   -0.118402    -0.913166      0.39001
   -0.992535    0.0972784    -0.073555
   0.0292284    -0.395808    -0.917868
   -0.105658    -0.900231     0.422398
   -0.993235     0.074959   -0.0886905
   0.0481795    -0.428911    -0.902061
  -0.0751018    -0.873599     0.480817
   -0.995988    0.0421911   -0.0789124
   0.0486516    -0.484815    -0.873263
  -0.0869068    -0.859341     0.503965
   -0.994173    0.0424241   -0.0991014
   0.0637817     -0.50964     -0.85802
  -0.0434116    -0.830066     0.555972
   -0.997244   0.00249249   -0.0741458
   0.0601602    -0.557659    -0.827887
  -0.0520879    -0.870981     0.488547
   -0.996667    0.0145812   -0.0802672
   0.0627877      -0.4911    -0.868838
   -0.012257     -0.82544     0.564356
   -0.997814   -0.0265595   -0.0605176
   0.0649427    -0.563864     -0.82331
  -0.0157462    -0.799642     0.600271
    -0.99737     -0.02992   -0.0660203
   0.0707527    -0.599731    -0.797068
   -0.046401    -0.839054     0.542066
   -0.995468  -0.00625283    -0.094891
   0.0830081    -0.544013    -0.834961
  -0.0186401    -0.852003     0.523205
   -0.997335   -0.0210769   -0.0698541
   0.0705434    -0.523113    -0.849339
  -0.0869016    -0.895345     0.436813
   -0.991677    0.0359326    -0.123637
   0.0950018    -0.443922    -0.891015
    -0.11696    -0.931027     0.345702
   -0.987625    0.0724139    -0.139119
     0.10449    -0.357695    -0.927974
   -0.105334    -0.901022      0.42079
   -0.991973    0.0654361      -0.1082
   0.0699555     -0.42881    -0.900682
    -0.12461    -0.830549     0.542827
   -0.991692     0.121849   -0.0412175
   0.0319097     0.543453     0.838833
   -0.135761    -0.868075     0.477508
   -0.990045     0.136939   -0.0325344
   0.0371473     0.477171     0.878025
   0.0956913    -0.768828     0.632256
    0.995241     0.062139   -0.0750672
    0.018426      0.63643     0.771115
   0.0906373    -0.833916     0.544398
    0.995742    0.0666687   -0.0636581
   0.0167912      0.54785     0.836408
    0.106637     0.729228      0.67591
    0.994195   -0.0684307   -0.0830229
   0.0142897     -0.68084     0.732293
    0.069958    -0.780996     0.620606
    0.995468    0.0144827   -0.0939888
   0.0644168     0.624368     0.778469
   0.0718599    -0.603042     0.794466
    0.995067   -0.0112795    -0.098566
   0.0684006      0.79763     0.599256
  -0.0500794    -0.638506    -0.767986
    -0.99316   -0.0493718     0.105811
   -0.105478     0.768032    -0.631666
  -0.0696059    -0.907692     0.413825
   -0.995756    0.0381844    -0.083733
  -0.0602021     0.417897     0.906497
   0.0540105     0.700263    -0.711839
    0.993913    0.0308509     0.105762
    0.096022    -0.713218    -0.694334
   0.0554729    -0.822632     0.565862
    0.994216  -0.00669009    -0.107191
   0.0919647     0.568535     0.817502
    0.077698    -0.468548     0.880015
    0.994325   -0.0279231    -0.102658
   0.0726728     0.882997     0.463719
   0.0515182    -0.634396     0.771289
    0.992944   -0.0500636    -0.107502
    0.106812     0.771385     0.627341
  -0.0567643    -0.920333     0.386994
   -0.992666    0.0105864    -0.120428
   -0.106737     0.390992     0.914184
   0.0814254    -0.526031     0.846559
    0.993676   -0.0230478    -0.109897
   0.0773205     0.850153     0.520827
    0.109581    -0.686394     0.718927
    0.993652    0.0571144   -0.0969253
   0.0254679     0.724984     0.688295
   -0.120847    -0.830939      0.54308
   -0.992384    0.0879706   -0.0862278
  -0.0238749     0.549365     0.835242
   -0.144252    -0.778134     0.611309
   -0.989219     0.129161   -0.0690197
   0.0252505     0.614674     0.788377
   -0.142878     -0.51017    -0.848123
    -0.98904     0.105826      0.10296
   0.0372261     0.853538    -0.519699
    0.151349      0.64941    -0.745225
    0.988284    -0.114425     0.100999
  -0.0196822    -0.751781    -0.659119
   0.0495504    -0.773546       0.6318
    0.992066   -0.0350621    -0.120733
    0.115545      0.63277     0.765671
  -0.0487241    -0.942375     0.330992
   -0.991413   0.00536843    -0.130658
   -0.121352     0.334516     0.934544
  -0.0412337    -0.861838    -0.505505
    -0.98707      0.11357    -0.113111
   -0.154893    -0.494305     0.855377
  -0.0411454    -0.894443    -0.445286
   -0.987972     0.102907    -0.115417
   -0.149057    -0.435181     0.887919
  -0.0348312     -0.42415    -0.904922
   -0.985474    -0.136016     0.101684
   -0.166213     0.895319    -0.413252
   -0.027988     0.597699    -0.801232
   -0.980811    -0.171134   -0.0934004
   -0.192943     0.783243     0.591019
  -0.0249505      0.29807    -0.954218
   -0.979306    -0.199055   -0.0365725
   -0.200843     0.933558     0.296868
  -0.0134848    -0.667721     0.744289
   -0.973682     0.178135     0.142169
   -0.227513    -0.722784     -0.65255
   -0.026379    -0.677773     0.734798
   -0.982534     0.153028     0.105879
   -0.184206    -0.719171    -0.669971
  -0.0142576    -0.674934     0.737741
   -0.974412     0.174901     0.141179
   -0.224318     -0.71685    -0.660157
  -0.0112084    -0.376866       0.9262
    -0.97439     0.212151    0.0745317
   -0.224583    -0.901645    -0.369592
  -0.0179382     0.318385    -0.947792
   -0.978141    -0.202002   -0.0493445
   -0.207166     0.926189     0.315049
 -0.00857275    -0.402871     0.915216
   -0.972903      0.21484    0.0854578
   -0.231054    -0.889685    -0.393797
   -0.004293    -0.744683     0.667404
   -0.973103     0.156837     0.168738
    -0.23033    -0.648729    -0.725327
   -0.015772    -0.682481     0.730733
   -0.978681     0.160214     0.128511
    -0.20478    -0.713128    -0.670458
   0.0297295    -0.427938     0.903319
    0.984419    -0.144157    -0.100692
     0.17331     0.892238     0.416984
   0.0260575      0.21217    -0.976885
    0.984761      0.16264    0.0615915
    0.171949    -0.963604    -0.204699
    0.040975    -0.573181     0.818404
    0.989723   -0.0890281    -0.111904
    0.137002     0.814578     0.563642
   0.0449461     0.760043     0.648317
     0.99092    0.0483993    -0.125438
    0.126716    -0.648068     0.750966
    0.033243    -0.610225      0.79153
    0.988218   -0.0983154    -0.117299
    0.149398     0.786104     0.599767
   0.0131146    -0.954133    -0.299095
   -0.979728    0.0475385     -0.19461
   -0.199902    -0.295584     0.934168
 -0.00354314    -0.953484    -0.301424
   -0.984879    0.0555362    -0.164099
   -0.173206    -0.296285     0.939263
  -0.0143301      -0.7465     0.665231
   -0.981906     0.136144     0.131624
   -0.188825    -0.651309    -0.734944
  -0.0284004    -0.907448    -0.419203
   -0.986876    0.0921455    -0.132608
   -0.158962    -0.409935     0.898156
  -0.0213933    -0.985489    -0.168385
   -0.989371    0.0450985    -0.138244
   -0.143832    -0.163637     0.975979
   0.0304217    -0.788896     0.613773
    0.984751   -0.0815759     -0.15366
    0.171291     0.609088     0.774384
  -0.0411062    -0.917491     0.395628
   -0.990681    0.0888863     0.103201
   -0.129852    -0.387699    -0.912594
   0.0486339     0.987843     0.147651
    0.988167   -0.0260571    -0.151154
    0.145469    -0.153255     0.977421
   0.0693361     0.983402     0.167668
    0.991655   -0.0496318    -0.118982
    0.108685    -0.174519     0.978637
   -0.027901    -0.907838     0.418391
   -0.992081    0.0764244    0.0996696
   -0.122459    -0.412297    -0.902782
  -0.0567411    -0.918384       0.3916
   -0.993933    0.0889754    0.0646497
   -0.094216    -0.385556    -0.917862
  -0.0514845    -0.917234     0.395009
   -0.996061    0.0757546    0.0460825
  -0.0721921     -0.39108    -0.917521
   0.0391437    -0.584202     0.810664
     0.98733    -0.102239    -0.121352
    0.153776     0.805143     0.572798
   0.0629335     0.717062     0.694162
    0.991947    0.0316563    -0.122632
    0.109909     -0.69629     0.709296
   0.0274658    0.0272582    -0.999251
    0.984586     0.171997    0.0317545
    0.172733     -0.98472    -0.022114
  -0.0112163    -0.679766     0.733344
   -0.978904     0.157096     0.130646
   -0.204014    -0.716407    -0.667187
  0.00620883    -0.579065     0.815258
     0.97827    -0.165447    -0.124964
    0.207244     0.798318     0.565454
  0.00454648    -0.395364     0.918513
   -0.974921     0.202624    0.0920429
   -0.222503    -0.895897    -0.384527
  0.00206791    -0.528545     0.848903
   -0.973087     0.194551     0.123502
   -0.230431    -0.826311    -0.513917
  0.00690198    -0.764035     0.645138
   -0.976594     0.133547     0.168608
   -0.214979    -0.631202    -0.745231
  -0.0696842    -0.913369     0.401125
   -0.996042    0.0859441    0.0226617
  -0.0551728    -0.397958    -0.915743
  -0.0793514    -0.917088     0.390708
   -0.995499    0.0932788     0.016766
  -0.0518206    -0.387619    -0.920362
   -0.100564    -0.885173     0.454265
   -0.994612     0.100998   -0.0233806
   -0.025184    -0.454168     -0.89056
    -0.09208    -0.911173     0.401604
   -0.995391    0.0950808   -0.0125013
   -0.026794    -0.400904    -0.915728
    -0.12074    -0.916977     -0.38023
   -0.992597     0.116586    0.0340302
  -0.0131246    -0.381524     0.924266
   -0.115159    -0.885677     0.449794
   -0.993328    0.0998302   -0.0577442
  0.00623975    -0.453442    -0.891264
   -0.131766    -0.900078     0.415328
   -0.991237     0.115704   -0.0637308
  0.00930766    -0.420086    -0.907437
   -0.102244    -0.875421     0.472423
   -0.994739    0.0930013   -0.0429501
 -0.00633659    -0.474329    -0.880325
    0.156947     0.963963     0.214809
    0.987463    -0.156876   -0.0174886
    -0.01684    -0.214861     0.976499
   -0.125248    -0.752119     0.647016
   -0.991615    0.0739894    -0.105946
  -0.0318116     0.654861      0.75508
  -0.0911887    -0.726974     0.680583
    -0.99265    0.0117504     -0.12045
  -0.0795668     0.686565     0.722702
   0.0954935     0.986109    -0.135903
    0.993369    -0.103185    -0.050712
   0.0640308     0.130159     0.989423
   -0.105057    -0.851794     0.513235
   -0.994319    0.0988619   -0.0394569
  -0.0171302    -0.514464    -0.857341
  -0.0908863    -0.857359     0.506631
   -0.994913     0.100372  -0.00862447
  -0.0434571    -0.504837     -0.86212
    0.106302     0.958943    -0.262923
    0.993269    -0.114642   -0.0165418
   0.0460047     0.259395     0.964675
   -0.079483    -0.924119     0.373747
   -0.995219    0.0949107    0.0230255
  -0.0567509     -0.37013    -0.927245
  -0.0882877    -0.907689    -0.410251
   -0.993882      0.10771    -0.024424
  -0.0663577    -0.405584     0.911646
   -0.060893    -0.840461      0.53844
   -0.994843    0.0949444    0.0356921
  -0.0811197     -0.53349    -0.841907
  -0.0466874    -0.929284     0.366404
   -0.995372    0.0741236    0.0611636
  -0.0839975    -0.361852    -0.928444
  -0.0806249    0.0120293    -0.996672
    -0.99267   -0.0912909    0.0791993
  -0.0900344     0.995752    0.0193015
   -0.030052    -0.925942     0.376468
   -0.993816    0.0679601    0.0878187
     -0.1069    -0.371501    -0.922258
   -0.014092    -0.953469     0.301162
   -0.990871    0.0537035     0.123658
   -0.134078     -0.29667    -0.945521
  -0.0161236    -0.932904     0.359764
   -0.992224    0.0593418     0.109411
   -0.123419    -0.355202    -0.926606
  0.00166788    -0.976336    -0.216253
   -0.987188    0.0328963    -0.156133
   -0.159553    -0.213743     0.963772
  0.00395173    -0.895734     0.444573
    -0.98932    0.0612748     0.132251
   -0.145703    -0.440348    -0.885926
    0.020448    -0.902553     0.430094
   -0.986501    0.0516939     0.155381
   -0.162473    -0.427465    -0.889312
   0.0197153    -0.905307     0.424299
   -0.982253    0.0616327     0.177144
    -0.18652    -0.420262    -0.888026
 -0.00168641    -0.910211     0.414142
   -0.990554    0.0583038     0.124108
   -0.137111     -0.41002    -0.901712
   0.0232556    -0.959237     0.281644
   -0.988127    0.0207407      0.15223
   -0.151866     -0.28184    -0.947366
   0.0183822    -0.969489    -0.244443
   -0.990214     0.016175    -0.138616
   -0.138341    -0.244599     0.959705
   0.0178817    -0.986773    -0.161117
    0.991049  -0.00382938     0.133446
    0.132298     0.162061    -0.977872
   0.0374925     0.996088   -0.0800157
    0.992479   -0.0464549    -0.113262
    0.116536    0.0751674     0.990338
   0.0580447    -0.879887    -0.471624
    0.990307  -0.00896304     0.138603
    0.126182     0.475098    -0.870839
   0.0676128     0.992395    -0.102862
    0.991967   -0.0779129   -0.0996547
    0.106911    0.0952974     0.989691
  -0.0416674    -0.887235     0.459431
   -0.993663    0.0848419    0.0737245
    -0.10439    -0.453448    -0.885148
   0.0311409    -0.767199     0.640653
    0.990774   -0.0608891    -0.121076
    0.131898     0.638513     0.758224
 -0.00368819    -0.973967    -0.226661
    0.990879   -0.0340927     0.130373
    0.134707     0.224113    -0.965208
    0.452976     0.868649    -0.200653
    0.879784     -0.39914     0.258201
   -0.144197      0.29349     0.945024
   -0.493133    -0.431933    -0.755152
    -0.86084     0.367597     0.351891
    0.125598     0.823594    -0.553099
    0.468364       0.2502     -0.84737
    0.877266    -0.245739      0.41233
   -0.105067    -0.936489    -0.334587
   -0.502436    -0.353353    -0.789114
   -0.859602     0.302283     0.411958
    0.092969     0.885306    -0.455621
   -0.528277    -0.390325    -0.754035
   -0.840999      0.36272     0.401442
     0.11681     0.846216    -0.519879
   -0.479746    -0.226234    -0.847739
   -0.873836     0.210283     0.438397
   0.0790844     0.951104    -0.298574
   -0.529709    -0.310076    -0.789469
    -0.84264     0.298594     0.448107
   0.0967836     0.902604     -0.41945
   -0.504584    -0.318654    -0.802405
   -0.859415     0.274158     0.431559
   0.0824674     0.907357    -0.412192
    0.517023      0.16478    -0.839961
    0.850661    -0.208054     0.482794
  -0.0952021    -0.964137    -0.247741
   -0.548345    -0.344631    -0.761937
   -0.828215     0.349827     0.437813
    0.115663      0.87112    -0.477254
   -0.538231    -0.279578    -0.795074
   -0.836067     0.296104      0.46186
    0.106298     0.913323    -0.393118
    0.553628        0.228    -0.800945
    0.822239    -0.302093     0.482351
   -0.131984    -0.925611    -0.354718
   -0.473942    -0.337591    -0.813272
   -0.877978     0.251792      0.40713
   0.0673323     0.906991    -0.415732
   -0.494303    -0.333631    -0.802717
   -0.865194     0.278348     0.417086
    0.084282     0.900674    -0.426244
    -0.47313    -0.342741    -0.811589
   -0.878102     0.258027     0.402938
   0.0713081       0.9033    -0.423042
   -0.448322    -0.356208    -0.819831
   -0.891705     0.242045      0.38246
   0.0622006     0.902513    -0.426147
   -0.447678    -0.287075     -0.84686
   -0.891862      0.21171     0.399701
   0.0645448      0.93422    -0.350809
   -0.412868    -0.361162    -0.836123
     -0.9091     0.219328     0.354165
   0.0554745     0.906343    -0.418886
   -0.404591    -0.248018    -0.880223
    -0.91221     0.177495     0.369281
    0.064647     0.952356    -0.298058
    0.439739       0.1421    -0.886813
    0.894041    -0.163323     0.417153
  -0.0855597    -0.976285    -0.198863
   -0.388782      0.49693    -0.775828
    -0.91654    -0.122851     0.380607
   0.0938236      0.85905     0.503219
    0.369634    0.0837984    -0.925391
    0.927372   -0.0953316     0.361793
  -0.0579013    -0.991912     -0.11295
   -0.354573     0.364654    -0.860991
   -0.932248   -0.0669092      0.35558
   0.0720557     0.928736     0.363672
   -0.321891     0.441237    -0.837673
   -0.944231   -0.0847721     0.318185
   0.0693835     0.893378     0.443917
   -0.424941     0.478603    -0.768352
   -0.897943    -0.115445     0.424701
    0.114561     0.870409     0.478816
    0.536916     0.106389    -0.836901
    0.826861    -0.263206     0.497015
     -0.1674    -0.958856    -0.229288
    0.514151    0.0199192    -0.857469
    0.845198    -0.181835     0.502569
   -0.145907    -0.983127    -0.110326
     0.49595   -0.0388767     -0.86748
    0.849425    -0.185714     0.493951
   -0.180306    -0.981835   -0.0590819
     0.50433   -0.0201774    -0.863275
     0.83635    -0.237352     0.494148
    -0.21487    -0.971214    -0.102828
    0.472913     0.069298     -0.87838
    0.866129    -0.219606     0.448992
   -0.161783    -0.973124    -0.163876
    0.454321    -0.190626    -0.870204
    0.859226    -0.164146     0.484547
   -0.235207    -0.967842    0.0892162
   -0.429982     0.454943    -0.779835
   -0.878092  -0.00988744      0.47839
     0.20993     0.890465     0.403734
    0.401695    -0.215032     -0.89017
    0.884046    -0.162592     0.438208
   -0.238963    -0.962977     0.124786
    0.482264   -0.0672461    -0.873441
    0.837283    -0.257851     0.482152
   -0.257641    -0.963842   -0.0680485
    0.426197    -0.288985     -0.85723
    0.862061    -0.157522     0.481702
   -0.274237    -0.944285     0.181987
   -0.446338    0.0168974    -0.894705
   -0.839051     0.339672     0.424989
    0.311087     0.940392    -0.137431
   -0.418766    -0.800738    -0.428316
   -0.890805     0.270628     0.365002
    0.176357    -0.534396     0.826631
    0.383777     0.400333    -0.832135
    0.899739    -0.364904     0.239404
   -0.207808    -0.840582    -0.500238
    -0.37565     -0.72996     0.571004
   -0.910326     0.406153   -0.0796646
    0.173763     0.549726     0.817073
   -0.404116      0.63893    -0.654568
   -0.901135    -0.155269     0.404781
    0.156992     0.753432     0.638508
    0.465008    0.0431583    -0.884254
    0.875027    -0.174169     0.451655
   -0.134517     -0.98377    -0.118755
    0.447744     0.159295    -0.879858
    0.885568    -0.215098     0.411707
   -0.123673    -0.963513    -0.237376
   -0.483622   -0.0171881    -0.875108
   -0.868247     0.135883     0.477162
    0.110711     0.990576   -0.0806396
    0.505663    -0.108685    -0.855858
    0.854184   -0.0762202     0.514354
   -0.121136     -0.99115    0.0542956
    0.467187     0.190092    -0.863482
    0.879237     -0.20279     0.431068
   -0.093163    -0.960594    -0.261877
   -0.383997    -0.721546     0.576123
   -0.921779     0.335775    -0.193853
   0.0535738     0.605497     0.794042
   -0.394262    -0.791724     0.466616
   -0.916246     0.377905    -0.132968
   0.0710627      0.47996     0.874408
    0.399065     0.874318     0.276253
    0.912718    -0.407596   -0.0284713
  -0.0877066    -0.263503     0.960663
   -0.428372    -0.742067      0.51559
   -0.900243     0.399645    -0.172763
   0.0778511     0.538163     0.839237
   -0.418557    -0.575074    -0.702923
   -0.905684     0.321764     0.276051
   0.0674254     0.752169    -0.655512
    0.428763     0.278064     -0.85956
    0.898934    -0.225985     0.375298
  -0.0898912    -0.933601    -0.346855
    -0.43486    -0.444807    -0.782971
   -0.897458     0.285461     0.336275
   0.0739302     0.848916    -0.523331
   -0.443031    -0.250825    -0.860703
   -0.893271     0.204994     0.400056
   0.0760948     0.946078    -0.314873
   -0.435673      -0.2739    -0.857419
   -0.897252     0.207938     0.389488
   0.0716091     0.939011     -0.33635
   -0.426976    -0.456207    -0.780748
   -0.901912     0.277068     0.331341
   0.0651601     0.845641     -0.52976
   -0.427626    -0.489321    -0.760066
   -0.901153     0.296921     0.315849
   0.0711282     0.820001    -0.567925
    -0.41779    -0.482605    -0.769769
   -0.905703     0.288177     0.310896
   0.0717899     0.827071    -0.557494
   -0.448979    -0.358684    -0.818391
   -0.889563     0.265767     0.371545
   0.0842339     0.894826    -0.438396
     -0.4533     -0.29646    -0.840613
    -0.88873     0.222684     0.400713
   0.0683955     0.928721    -0.364415
   -0.434609    -0.344773    -0.832013
   -0.894597     0.271922      0.35462
    0.103979     0.898438    -0.426612
   -0.398006    -0.766106     0.504651
   -0.908079     0.407152   -0.0980857
    0.130325     0.497301     0.857733
   -0.396766    -0.827823     0.396592
   -0.911765     0.405372   -0.0660148
    0.106119     0.387791     0.915618
   -0.370046    -0.803373     0.466537
   -0.922778     0.375937   -0.0845644
    0.107452     0.461803      0.88045
   -0.368186    -0.768303     0.523593
   -0.919743     0.383386   -0.0841875
    0.136057     0.512568     0.847799
   -0.372372    -0.547563    -0.749343
   -0.924799     0.286793     0.249995
   0.0780179     0.786082    -0.613179
    0.395272     0.465364    -0.791957
    0.915106    -0.274242     0.295589
  -0.0796312    -0.841563    -0.534257
   -0.395404    -0.418455      0.81765
   -0.915485     0.251698    -0.313903
   0.0744464     0.872665     0.482611
    0.365871     0.436968    -0.821704
    0.926703    -0.252445     0.278377
  -0.0857934    -0.863325    -0.497302
    0.363174     0.497739     -0.78763
    0.927161    -0.276602     0.252714
  -0.0920737    -0.822038    -0.561939
   -0.373081     -0.41028    -0.832154
    -0.92509     0.232989     0.299876
   0.0708497     0.881695    -0.466469
    -0.33821    -0.409525    -0.847292
   -0.936762     0.232561     0.261519
   0.0899486     0.882159    -0.462282
   -0.339287    -0.372939    -0.863597
   -0.937336     0.211408     0.276962
   0.0792812     0.903451    -0.421297
   -0.301493     0.654206    -0.693625
   -0.949775    -0.142091     0.278816
   0.0838454     0.742849     0.664188
   -0.326899    -0.497371    -0.803591
   -0.939034     0.266812     0.216858
    0.106549      0.82549    -0.554269
   -0.298182      0.52192    -0.799179
    -0.94927   -0.0745479     0.305498
   0.0998683     0.849731     0.517672
   -0.301361    -0.775237     0.555147
   -0.947009     0.311219   -0.0794806
    0.111156     0.549682     0.827946
   -0.342582    -0.325448    -0.881318
   -0.937379     0.181229      0.29745
   0.0629155      0.92803    -0.367154
   -0.299177     0.613862    -0.730525
     -0.9515    -0.134396     0.276741
   0.0717015     0.777889     0.624298
   -0.387775    -0.393222    -0.833671
   -0.919648      0.22615     0.321097
   0.0622725     0.891197    -0.449321
   -0.426837    -0.341432    -0.837398
   -0.902062     0.226269     0.367541
   0.0639873     0.912265    -0.404573
   -0.406339    -0.374429    -0.833482
    -0.91109     0.235222     0.338504
    0.069308     0.896925    -0.436718
    -0.43675    -0.309044    -0.844832
   -0.837925     0.481458      0.25706
    0.327308     0.820177    -0.469233
   -0.410486    -0.345273    -0.843972
   -0.863371     0.444976      0.23788
    0.293414     0.826307    -0.480755
    -0.41164    -0.386795    -0.825192
   -0.864372     0.452653     0.219012
    0.288813     0.803427    -0.520665
    0.436989     0.194375    -0.878214
    0.834546    -0.451824     0.315258
    -0.33552    -0.870674    -0.359657
    0.389241     0.181001    -0.903178
    0.887257    -0.337144     0.314815
   -0.247519     -0.92389    -0.291824
   -0.432296    -0.334219    -0.837507
   -0.851963     0.455676     0.257913
    0.295432      0.82502    -0.481728
    0.410412     0.110975    -0.905122
    0.880929    -0.304734     0.362079
    -0.23564     -0.94595    -0.222828
   -0.439502    -0.333494    -0.834038
     -0.8722     0.380403     0.307506
     0.21472     0.862598    -0.458062
   -0.448124    -0.388887    -0.804954
   -0.827245     0.521731     0.208477
    0.338896     0.759318    -0.555505
     0.44463    -0.409637    -0.796556
    0.854648   -0.0721655     0.514168
   -0.268106     -0.90939     0.318008
    0.457065     0.883039     0.106458
    0.822576    -0.465198     0.327048
    -0.33832    0.0619126     0.938992
    0.387965     0.173323     -0.90523
    0.905663    -0.253966     0.339524
   -0.171051    -0.951557    -0.255502
     0.41714      -0.1576    -0.895074
    0.897979    -0.080348     0.432641
   -0.140102    -0.984229     0.108005
    0.394246    -0.168796     -0.90337
    0.916201  -0.00453222     0.400693
  -0.0717296    -0.985641     0.152864
    -0.36425    -0.368193    -0.855428
    -0.92384     0.258891     0.281948
    0.117651     0.892978    -0.434452
   -0.365682     0.336145    -0.867919
    -0.90569    0.0863725     0.415048
     0.21448     0.937841     0.272858
    0.354296     0.100452    -0.929722
    0.921372    -0.207437     0.328701
    -0.15984    -0.973077    -0.166048
     0.36742     0.125557    -0.921541
    0.905578    -0.274121     0.323708
    -0.21197    -0.953464    -0.214419
    0.383348    -0.142553    -0.912536
    0.887548    -0.216508     0.406673
   -0.255544    -0.965817    0.0435245
    0.353646     0.293765    -0.888052
    0.919611    -0.282785     0.272669
   -0.171027    -0.913091    -0.370155
    0.448091     0.871592    -0.198849
    0.832053     -0.32525     0.449334
    -0.32696     0.366796     0.870953
   -0.443172    -0.705262    -0.553357
   -0.860383     0.161338     0.483436
    0.251672    -0.690345     0.678296
    0.437774     0.863275    -0.251218
    0.865898    -0.329607      0.37627
   -0.242021     0.382251     0.891802
    0.421834     0.893355    -0.154832
    0.846678    -0.327048     0.419733
   -0.324333      0.30815     0.894344
   -0.427438     0.582408    -0.691446
   -0.887668    -0.125462     0.443062
    0.171293     0.803156     0.570613
   -0.402208    -0.849496    -0.341446
   -0.883787     0.262866     0.387068
    0.239058    -0.457448       0.8565
   -0.411541     0.548547    -0.727826
   -0.898316    -0.109358     0.425522
    0.153826     0.828937     0.537774
    0.388528      0.87884    -0.276924
    0.909721    -0.318082     0.266891
    -0.14647     0.355619     0.923083
   -0.401495     -0.91574   -0.0149135
   -0.857544     0.370162      0.35721
    0.321591    -0.156207     0.933905
    0.379834     0.900527    -0.211608
     0.89764    -0.303527     0.319551
   -0.223536     0.311324     0.923639
    0.382699     0.912615    -0.143789
    0.872269    -0.305632     0.381754
   -0.304448     0.271519     0.913011
   -0.411913    -0.680415    -0.606104
   -0.908656     0.256817     0.329226
   0.0683521    -0.686353      0.72405
   -0.385609    -0.721617    -0.574957
   -0.921243     0.266574     0.283282
   0.0511526    -0.638911     0.767578
   -0.386722     0.621926    -0.680922
   -0.922194    -0.262415      0.28407
 -0.00201367     0.737798     0.675018
    -0.41342     0.615688     -0.67083
   -0.910516    -0.274099     0.309565
  0.00672154     0.738781     0.673912
   -0.426545     0.611018     -0.66687
     -0.8989    -0.204706     0.387395
    0.100193     0.764691      0.63656
   -0.417953     0.574918     -0.70341
   -0.908363    -0.252635     0.333245
   0.0138825     0.778232     0.627823
    0.429713     -0.29375    -0.853849
    0.895904    0.0206736     0.443766
   -0.112704    -0.955659     0.272055
   -0.436223    -0.680418    -0.588847
   -0.879023     0.182282     0.440559
    0.192428    -0.709792     0.677619
   -0.412115     0.489984    -0.768165
   -0.909931    -0.178066      0.37459
   0.0467589     0.853351     0.519235
   -0.432779    -0.691368    -0.578544
   -0.890835     0.426398     0.156836
   -0.138259    -0.583263     0.800431
   -0.430774     0.495811    -0.754059
   -0.892696    -0.356685     0.275445
   -0.132393       0.7918     0.596259
   -0.416588     0.534399     -0.73544
   -0.900373    -0.354332     0.252543
   -0.125631     0.767377     0.628768
   -0.418748     0.444381    -0.791945
    -0.90014    -0.318353     0.297321
   -0.119995     0.837363     0.533314
   -0.429449     0.535649    -0.727086
   -0.893363    -0.369828     0.255205
   -0.132197     0.759149     0.637351
   -0.408374     0.575171    -0.708808
   -0.909107    -0.326191     0.259082
  -0.0821904     0.750185       0.6561
   -0.412709      0.54285    -0.731426
   -0.905567    -0.331002     0.265305
  -0.0980825     0.771849     0.628195
   -0.404593     0.518414     -0.75336
   -0.912291     -0.28599     0.293147
   -0.063482     0.805889     0.588654
    0.389234   -0.0748235    -0.918095
    0.920369    0.0723501     0.384301
   0.0376695    -0.994569    0.0970263
   -0.422146    -0.677157    -0.602704
   -0.899329     0.396451     0.184484
   -0.114018    -0.619908     0.776347
    0.397261    0.0908974    -0.913193
    0.915127    0.0353053     0.401617
   0.0687465    -0.995234   -0.0691573
   -0.407323     0.447916    -0.795902
   -0.909746    -0.275632     0.310466
  -0.0803137     0.850528     0.519761
   -0.402402     0.475852    -0.782073
   -0.915217     -0.22891     0.331629
  -0.0212182     0.849214     0.527622
    0.385637     0.118188     -0.91505
     0.92263    -0.056043     0.381593
 -0.00618227    -0.991408    -0.130656
    -0.40792     0.515965    -0.753248
   -0.912023    -0.268786     0.309789
   -0.042622     0.813348     0.580214
   -0.400795     0.610297    -0.683302
   -0.914519    -0.311235     0.258435
  -0.0549452     0.728471     0.682869
   -0.406239     0.344529    -0.846327
   -0.907639    -0.259229     0.330139
    -0.10565     0.902275     0.418017
   -0.398316      0.62782     -0.66872
   -0.911761    -0.350623     0.213903
   -0.100176     0.694914     0.712081
   -0.386324     0.515207    -0.765059
   -0.919718    -0.277946     0.277246
  -0.0698062     0.810745     0.581223
    -0.41261    -0.693651    -0.590425
   -0.902306       0.4001     0.160512
    -0.12489    -0.598973      0.79097
    0.383382    -0.322333    -0.865517
    0.922885     0.170293     0.345374
   0.0360659    -0.931183     0.362763
    -0.36578     0.279831    -0.887637
   -0.930659    -0.119099     0.345962
 -0.00890604     0.952633     0.303991
   -0.360196   -0.0123287    -0.932795
   -0.932508    0.0328698      0.35965
   0.0262267     0.999384   -0.0233362
   -0.377225    -0.416665    -0.827098
   -0.926122     0.169146     0.337177
 -0.00059012     0.893185    -0.449689
    0.348664    -0.129068    -0.928318
    0.935146   -0.0183939     0.353785
  -0.0627379    -0.991465     0.114284
   -0.362637    -0.404381    -0.839625
   -0.930237     0.211367     0.299973
   0.0561653     0.889832    -0.452819
   -0.351534    -0.667254     0.656655
   -0.931603     0.318571    -0.175012
   0.0924139     0.673264     0.733604
   -0.377058    -0.627757     -0.68099
   -0.925643     0.280659     0.253801
   0.0318003     0.726052    -0.686904
   -0.349736    -0.688258     0.635598
   -0.927254     0.351152    -0.129973
    0.133736     0.634817        0.761
   -0.346652    -0.486524    -0.801952
   -0.932101     0.274355     0.236466
    0.104974     0.829472    -0.548595
   -0.362884    -0.674121     0.643332
   -0.929489      0.31081    -0.198612
   0.0660652     0.670044     0.739376
    0.365801     0.314649    -0.875892
    0.930666    -0.130803     0.341688
 -0.00705816    -0.940152    -0.340681
   -0.660428  -0.00929476    -0.750832
    -0.57793     0.644696     0.500363
    0.479408     0.764382    -0.431147
   -0.673557    -0.274827    -0.686142
   -0.579965     0.771999     0.260111
    0.458216     0.573138    -0.679376
    0.670833     0.174236     -0.72085
     0.62203    -0.661458     0.418989
   -0.403809    -0.729462    -0.552108
    0.676572     0.132993    -0.724267
    0.620119    -0.633319     0.462989
   -0.397118    -0.762378    -0.510957
   -0.676288     -0.19995    -0.708981
   -0.579043     0.739236     0.343859
     0.45535     0.643078    -0.615716
   -0.664309    -0.289228    -0.689232
   -0.658043     0.663636     0.355761
    0.354503      0.68988    -0.631184
   -0.670673    -0.215902    -0.709636
   -0.619269     0.689588     0.375465
    0.408293      0.69127     -0.59619
   -0.662645    -0.343973    -0.665269
   -0.656226     0.694755      0.29442
