   0.0435788    -0.929287     0.366778
   -0.997338   -0.0619525   -0.0384672
   0.0584699    -0.364125    -0.929513
  -0.0061351    -0.876291     0.481743
   -0.998537     -0.02051   -0.0500242
   0.0537163    -0.481345    -0.874884
  -0.0608641    -0.867785     0.493199
   -0.997204    0.0314037    -0.067807
   0.0433537    -0.495947     -0.86727
  -0.0870284    -0.916309       0.3909
   -0.995281    0.0630732   -0.0737355
   0.0429092    -0.395473    -0.917475
   -0.133009    -0.931955     0.337295
   -0.989838     0.107637   -0.0929289
   0.0503002    -0.346228    -0.936801
     -0.1245    -0.872068    -0.473284
   -0.991797    0.0954539    0.0850161
    0.028963    -0.479986     0.876798
   -0.147712    -0.917875    -0.368357
    -0.98881     0.129194    0.0745881
   0.0208731    -0.375253     0.926687
    -0.15777    -0.893734     0.419939
   -0.986599     0.124749    -0.105168
   0.0416052    -0.430903    -0.901438
    0.159244     0.970685    -0.180033
    0.987105     -0.15355    0.0452258
   -0.016256     0.184913      0.98262
   -0.159825    -0.866191     0.473465
   -0.986486     0.122625    -0.108664
   0.0360651    -0.484434    -0.874084
   -0.156051    -0.865553    -0.475884
   -0.987748     0.137435      0.07393
 -0.00141272     -0.48159     0.876395
   -0.156205    -0.912636     0.377751
   -0.987355     0.133813   -0.0849959
   0.0270223    -0.386251    -0.921998
    0.196593     0.947953     0.250472
    0.959935    -0.238114      0.14774
   -0.199692    -0.211392     0.956784
    0.229391     0.952698    -0.199365
     0.94688    -0.170996     0.272359
   -0.225386     0.251251     0.941315
   -0.189034    -0.897793    -0.397786
   -0.960742    0.0853182     0.263999
    0.203078    -0.432075     0.878676
   -0.227948     0.626366    -0.745457
    -0.94721    0.0346298     0.318738
    0.225462      0.77876     0.585406
   -0.257209    -0.966073    0.0233787
   -0.936561     0.255167     0.240297
     0.23811   -0.0399109     0.970418
   -0.193173    -0.909315    -0.368552
   -0.960185    0.0979368     0.261635
    0.201814    -0.404419     0.892029
   -0.250873    -0.873214    -0.417804
   -0.939503     0.115646     0.322429
    0.233233    -0.473416     0.849399
   -0.228188    -0.823746    -0.519011
   -0.948692    0.0682727     0.308743
    0.218891    -0.562834      0.79706
     0.23976     0.737554    -0.631291
    0.945401   -0.0295199     0.324568
   -0.220751     0.674642     0.704363
   -0.267581    -0.387812    -0.882045
   -0.932994     0.332939     0.136652
    0.240672     0.859508    -0.450914
    0.254482     0.646547    -0.719177
    0.939955   0.00952191     0.341165
   -0.227427     0.762815     0.605302
    0.261651     0.613457    -0.745124
    0.937857    -0.343937    0.0461676
   -0.227954      -0.7109    -0.665326
   -0.187213    -0.830865    -0.524036
   -0.962288     0.047937     0.267774
    0.197363    -0.554405     0.808507
    0.212888     0.751828    -0.624045
     0.95584   -0.0278153     0.292567
   -0.202602     0.658772     0.724549
    0.181188     0.713587    -0.676731
    0.966787  -0.00311493     0.255563
   -0.180258      0.70056     0.690451
   -0.146298    -0.838386    -0.525078
   -0.973709    0.0283548     0.226022
    0.174605     -0.54434     0.820492
    0.152524     0.945614    -0.287317
    0.971236   -0.0896268     0.220606
   -0.182857     0.312701     0.932085
   -0.104316    -0.994534   0.00461413
   -0.981783     0.103717     0.159203
    0.158811   -0.0120773     0.987235
   -0.098722    -0.844795    -0.525904
   -0.982697 -0.000465782     0.185219
    0.156717     -0.53509     0.830132
   -0.149429    -0.922998    -0.354607
   -0.971647    0.0706145     0.225646
     0.18323    -0.378271      0.90738
    0.104853      0.97739     0.183616
    0.982738    -0.130131     0.131497
   -0.152418    -0.166659     0.974163
  -0.0470432    -0.699342    -0.713237
   -0.989742     0.129061   -0.0612664
    0.134898     0.703039     -0.69824
      0.0507     0.966798     0.250463
    0.990471   -0.0808291     0.111508
    -0.12805    -0.242423     0.961683
-0.000500574    -0.954625    -0.297809
    0.994105    0.0318128    -0.103647
   -0.108418     0.296106    -0.948982
     0.15074     0.987046   -0.0549401
    0.973346    -0.138472     0.182817
   -0.172842    0.0810336     0.981611
    -0.24463    -0.465852    -0.850375
   -0.948554     0.296787     0.110288
    0.201003     0.833607    -0.514488
   -0.246701     -0.59693    -0.763422
   -0.947263     0.314796    0.0599665
    0.204526     0.737955    -0.643111
    0.223587     0.273689     -0.93547
     0.95922    -0.232074     0.161366
   -0.172934      -0.9334    -0.314416
    0.215732     0.160547    -0.963164
    0.962165    -0.203074     0.181658
   -0.166429    -0.965912    -0.198282
    0.229601     0.225816    -0.946726
    0.957319    -0.227862     0.177819
   -0.175568    -0.947146    -0.268496
    0.192612   -0.0371385    -0.980572
    0.971888    -0.130667     0.195856
   -0.135402    -0.990731    0.0109265
   -0.202199    -0.640464     0.740893
   -0.969672     0.236988   -0.0597723
      0.1373     0.730509     0.668959
   -0.175515    -0.326716    -0.928683
   -0.979498     0.152709     0.131395
   0.0988892     0.932704     -0.34682
   -0.178469    -0.568531     -0.80307
   -0.975722     0.207561     0.069896
    0.126948     0.796047    -0.591771
   -0.164452    -0.514788    -0.841397
   -0.982055     0.165292    0.0908142
   0.0923263     0.841232    -0.532733
   -0.150397    -0.300276    -0.941921
   -0.984669     0.130652     0.115571
    0.088361     0.944862    -0.315322
   -0.211784    -0.454883    -0.865002
   -0.967925     0.220029     0.121276
    0.135159     0.862942    -0.486891
   -0.185045    -0.684333     0.705299
   -0.978416     0.195464   -0.0670469
   0.0919782     0.702482     0.705733
   -0.196486    -0.471331    -0.859791
    -0.97678     0.170474     0.129769
   0.0854082     0.865324    -0.493882
   -0.214599    -0.427748    -0.878054
   -0.968939     0.206359     0.136283
    0.122899     0.880027    -0.458746
   -0.228294   0.00465442    -0.973581
   -0.959049      0.17112     0.225704
    0.167649     0.985239   -0.0346018
    -0.22067      0.44349     -0.86869
   -0.962437     0.045427     0.267676
    0.158174     0.895127     0.416807
    0.232805     0.680765    -0.694522
    0.952071   -0.0138466     0.305563
     -0.1984     0.732371      0.65136
   -0.243974      0.43115    -0.868669
   -0.947767      0.08377     0.307767
    0.205462     0.898383     0.388192
   -0.214564     0.494541    -0.842254
   -0.959949    0.0522921     0.275251
    0.180166      0.86758     0.463514
   -0.177279    -0.906169     0.383967
   -0.982222     0.138435    -0.126788
   0.0617373    -0.399618    -0.914601
   -0.172955    -0.930332     0.323371
   -0.982508     0.139958    -0.122839
    0.069023     -0.33896    -0.938265
    0.181265     0.768812    -0.613246
    0.978029   -0.0756384     0.194262
   -0.102966     0.634986     0.765631
   -0.156081    -0.932156     0.326685
   -0.985183     0.123113    -0.119405
   0.0710852    -0.340482     -0.93756
   -0.162574    -0.933421     0.319836
    -0.98084     0.117619    -0.155303
    0.107344    -0.338957    -0.934658
    0.137166     0.979096    -0.150192
    0.984633    -0.118225     0.128533
    -0.10809     0.165514     0.980266
   -0.126003    -0.920371      0.37019
   -0.989639    0.0907262    -0.111282
   0.0688349    -0.380377    -0.922266
    0.187825   -0.0930764    -0.977783
    0.970116    -0.138114     0.199499
   -0.153614    -0.986033    0.0643537
    0.142972    -0.636939    -0.757541
    0.978315   -0.0249474     0.205615
   -0.149863    -0.770511      0.61956
    0.205465    -0.205227    -0.956904
    0.968919   -0.0949828     0.228416
   -0.137767    -0.974094     0.179333
   -0.214752    -0.351556    -0.911202
   -0.970581     0.180822     0.158982
    0.108874     0.918538    -0.380046
    0.203944   -0.0763078    -0.976004
    0.975034   -0.0736191     0.209498
  -0.0878388    -0.994363    0.0593884
   -0.206058    -0.285036    -0.936106
   -0.977217     0.109662     0.181716
   0.0508598     0.952223    -0.301139
    0.201425     0.116765    -0.972519
    0.977065   -0.0939762     0.191084
  -0.0690818    -0.988703    -0.133016
   -0.186836    -0.834952     0.517636
   -0.982055     0.144959    -0.120643
   0.0256955    -0.530888    -0.847053
  -0.0874602    -0.891865     0.443765
   -0.994111    0.0495251   -0.0963922
   0.0639914    -0.449582    -0.890944
  -0.0289938    -0.865885     0.499402
   -0.998191  -0.00124412   -0.0601091
   0.0526689    -0.500241    -0.864283
  -0.0381988    -0.972619     0.229245
   -0.995705    0.0176845   -0.0908826
     0.08434    -0.231732    -0.969117
   0.0277867    -0.890247      0.45463
   -0.998143   -0.0493709   -0.0356713
   0.0542017    -0.452794    -0.889966
   0.0173202    -0.767395     0.640941
   -0.996918   -0.0623111    -0.047665
   0.0765156     -0.63814    -0.766109
    0.057141    -0.783091     0.619276
   -0.996138   -0.0861391   -0.0170109
    0.066665    -0.615912    -0.784989
   0.0724502    -0.885123     0.459683
   -0.995946   -0.0888424   -0.0140965
   0.0533165    -0.456798    -0.887971
 -0.00379374     0.999975   0.00588668
    0.994846   0.00437063    -0.101303
   -0.101326   0.00547202    -0.994838
   0.0452943     0.994913     0.089981
   -0.995368    0.0525938   -0.0804806
   0.0848037    0.0859188    -0.992686
  -0.0555056    -0.938663      0.34034
   -0.990479    0.0947718    0.0998462
    0.125977     0.331558     0.934986
    0.113379     0.965251     0.235447
    0.983225    -0.143083     0.113121
   -0.142878    -0.218672     0.965282
  -0.0854007    -0.968474    -0.234021
   -0.992268    0.0614405      0.10784
    0.090062    -0.241421     0.966232
   -0.110834    -0.593699    -0.797018
   -0.993101    0.0970624    0.0658002
    0.038295     0.798812     -0.60036
   -0.121687     -0.45385     -0.88273
   -0.991662    0.0935864    0.0885864
   0.0424067      0.88615    -0.461454
   0.0750504     0.653753    -0.752977
    0.996904    -0.031433     0.072072
    0.023449    -0.756055    -0.654088
   0.0782693     0.197446    -0.977184
    0.996869  -0.00448756    0.0789392
   0.0112011    -0.980303    -0.197179
  -0.0848231     -0.49722    -0.863468
   -0.996147    0.0229255    0.0846553
  -0.0222969     0.867322    -0.497248
   0.0438147    -0.895019    -0.443872
    0.996304   0.00628571    0.0856709
    0.073887     0.445985    -0.891986
   0.0385837    -0.900264     0.433632
    0.995827  -0.00127285   -0.0912493
   0.0827004     0.435343     0.896458
   0.0125973    -0.953267    -0.301866
    0.990672   -0.0290674     0.133134
    0.135687     0.300728    -0.944008
   0.0476379    -0.579794     0.813369
    0.996905   -0.0233857   -0.0750573
    0.062539     0.814427     0.576886
   0.0257724    -0.585435      0.81031
    0.992495   -0.0819404   -0.0907675
    0.119536     0.806568      0.57893
   0.0416867    -0.216146    -0.975471
    0.993992     0.107865    0.0185773
    0.101204    -0.970384     0.219344
   0.0498117    -0.851213      0.52245
    0.995274  -0.00135641   -0.0971018
    0.083363     0.524818     0.847123
   0.0145956    -0.878102    -0.478251
    0.990363   -0.0531843     0.127874
    0.137722     0.475509    -0.868864
   0.0127354    -0.654102     0.756299
    0.989929   -0.0984003    -0.101773
     0.14099     0.749979     0.646261
    0.068249    -0.745159     0.663385
    0.994403   -0.0029428     -0.10561
   0.0806482      0.66688     0.740788
   0.0991076     0.645528    -0.757279
    0.994828   -0.0472638    0.0899073
   0.0222458    -0.762272    -0.646874
    0.132117     0.951553     0.277656
    0.991122    -0.122595   -0.0514631
   0.0149307     -0.28199     0.959301
    0.149057     0.284069    -0.947147
    0.987916   -0.0839277     0.130301
  -0.0424773    -0.955123    -0.293147
    0.127564     0.660011    -0.740347
    0.991251    -0.110341    0.0724272
  -0.0338881    -0.743109    -0.668312
   -0.169577    -0.709566     0.683929
   -0.984957     0.145417   -0.0933476
   0.0332186      0.68947     0.723552
   0.0416636    -0.182813    -0.982265
    0.988587         0.15    0.0140147
    0.144778    -0.971638     0.186976
   0.0217833      0.99847    0.0508301
    0.986954   -0.0133638     -0.16045
    0.159525   -0.0536621     0.985734
   0.0264924    -0.196896    -0.980066
    0.981843     0.189345    -0.011499
    0.187835    -0.961967     0.198337
   0.0415279    -0.168691    -0.984794
    0.983726     0.179355    0.0107602
    0.174812    -0.969214     0.173394
  0.00999296    -0.508767     0.860846
    0.979869    -0.166682    -0.109885
    0.199393     0.844614     0.496859
  -0.0343202     -0.91318    -0.406108
   -0.976693     0.116793    -0.180082
   -0.211878    -0.390463     0.895905
  -0.0135364    -0.737943     0.674728
   -0.973944     0.162508     0.158194
   -0.226386    -0.655005    -0.720914
  -0.0313806    -0.952047    -0.304338
   -0.970287     0.102104    -0.219359
   -0.239915    -0.288411     0.926963
  -0.0575636    -0.487921     0.870988
   -0.978325     0.201395    0.0481628
   -0.198913    -0.849337    -0.488938
   0.0552278     0.981063    -0.185651
    0.971665   -0.0956046    -0.216165
    0.229821     0.168452     0.958544
  -0.0605071    -0.436371      0.89773
   -0.974163      0.22187    0.0421885
    -0.21759    -0.871983    -0.438521
   0.0120882    -0.328829     0.944312
   -0.971571     0.219443    0.0888519
    -0.23644     -0.91854    -0.316828
 -0.00603663    -0.999559   -0.0290607
   -0.968462    0.0130828    -0.248817
   -0.249088   -0.0266421     0.968114
  -0.0286048    -0.970921    -0.237684
    0.965613   -0.0883091     0.244527
    0.258406     0.222516     -0.94006
  -0.0374381    -0.897457     0.439511
    0.969265    -0.139631    -0.202555
    0.243154     0.418419     0.875101
  -0.0147961    -0.483166     0.875404
    0.978782    -0.185944   -0.0860856
     0.20437     0.855556     0.475665
  -0.0250188    -0.815516     0.578193
    0.977962    -0.139888    -0.154989
    0.207278     0.561574     0.801044
 -0.00602512    -0.601133     0.799126
    0.985364    -0.139712   -0.0976675
    0.170359     0.786841     0.593177
  0.00516534    -0.935437    -0.353456
    0.985863   -0.0544319     0.158464
    0.167472     0.349277    -0.921932
 -0.00566221    -0.986831    -0.161656
    0.984218   -0.0340928     0.173646
    0.176871     0.158121     -0.97145
    0.038217    -0.540023     0.840782
   -0.969441     0.184008     0.162251
    -0.24233    -0.821289    -0.516488
 -0.00237935   0.00251928     0.999994
    0.974696     0.223526   0.00175602
    0.223521    -0.974695   0.00298738
   -0.025603    -0.561562     0.827038
    0.971718    -0.208256    -0.111325
    0.234752     0.800798     0.551012
    0.018199    -0.699468     0.714432
    0.978902    -0.132983    -0.155133
    0.203518     0.702183      0.68229
   0.0534889    -0.534339     0.843576
    0.980267      -0.1329    -0.146338
    0.190305     0.834757     0.516686
  -0.0068424    -0.858588     -0.51262
    0.977784    -0.113146     0.176457
    0.209504     0.500025    -0.840288
  -0.0624993    -0.360501    -0.930663
   -0.983389    -0.136975     0.119099
   -0.170413     0.922647    -0.345952
   0.0319027    -0.946954     -0.31978
    0.984755    -0.024956     0.172145
    0.170994     0.320397    -0.931722
   0.0753811      0.66895    -0.739475
     0.98873    0.0460512     0.142449
    0.129345    -0.741879     -0.65794
   0.0825162     0.981281     0.174008
    0.982655   -0.0510164    -0.178288
    0.166073    -0.185702      0.96847
    0.104322     0.281973    -0.953734
    0.985791    0.0976277     0.136693
    0.131654    -0.954442    -0.267782
   -0.123095    -0.946023     0.299812
   -0.984911     0.153491    0.0799454
   -0.121649    -0.285447    -0.950643
  0.00298831    -0.669416     0.742882
    0.983951    -0.130573    -0.121618
    0.178413     0.731323     0.658282
   0.0377061    -0.383189       0.9229
    0.989472     -0.11482   -0.0880994
    0.139726     0.916506     0.374826
  -0.0275943    -0.901088     0.432758
    0.976702    -0.116473    -0.180242
    0.212818     0.417702     0.883308
  -0.0464248    -0.861188    -0.506161
    0.968512    -0.162879     0.188293
    0.244599     0.481482    -0.841633
   0.0409047      0.70866    -0.704364
   -0.969339     0.199098      0.14402
   -0.242298    -0.676876    -0.695076
   0.0582351      0.99592    0.0689288
   -0.963915    0.0381288     0.263466
   -0.259763    0.0817844    -0.962203
   0.0496247     0.983885    -0.171777
   -0.963986    0.0921759     0.249468
   -0.261282    -0.153211    -0.953026
  -0.0543126    -0.802818     0.593746
    0.965799     0.108747     0.235385
    0.253539    -0.586224    -0.769454
   -0.158784    -0.906139     0.392046
    -0.98492     0.173006  0.000963634
  -0.0686994    -0.385981    -0.919945
   -0.141007    -0.907172     0.396428
   -0.986093    0.0931198    -0.137655
  -0.0879616     0.410326     0.907687
   -0.174846    -0.822147     -0.54176
   -0.983761     0.168532    0.0617416
  -0.0405431    -0.543757     0.838263
    -0.16387    -0.828059     0.536157
   -0.985619     0.160157   -0.0538912
  -0.0412441    -0.537278    -0.842396
   -0.158548    -0.487326    -0.858706
   -0.986673    0.0459691     0.156088
  -0.0365917     0.872009     -0.48812
   -0.190242     -0.91297    -0.360963
   -0.981737     0.177152    0.0693512
-0.000629824    -0.367564     0.929998
    0.197284     0.607725    -0.769253
    0.980269    -0.132173     0.146983
  -0.0123492    -0.783072    -0.621809
   -0.164588    -0.841706      0.51424
   -0.986223      0.14919   -0.0714572
  -0.0165735    -0.518916    -0.854664
    0.180572     0.691381     0.699561
    0.983296     -0.14342    -0.112067
  -0.0228502    -0.708112      0.70573
    0.145556      0.63152    -0.761575
    0.989041   -0.0736322     0.127973
   0.0247412    -0.771855    -0.635316
   0.0958426    -0.622718     0.776554
    0.991977  -0.00485684    -0.126325
   0.0824364     0.782431     0.617257
   -0.122392    -0.464727    -0.876954
   -0.988594   -0.0210447     0.149125
  -0.0877576     0.885204    -0.456851
   -0.158696    -0.872498     0.462128
   -0.987047     0.151346   -0.0532123
  -0.0235138    -0.464587    -0.885215
   -0.161904    -0.911112     0.379028
   -0.985765     0.166967   -0.0197185
  -0.0453196    -0.376825    -0.925175
   -0.156365    -0.814121     0.559247
   -0.986154      0.16034   -0.0423131
  -0.0552217    -0.558121     -0.82792
   -0.142358    -0.873439     0.465659
   -0.986387     0.164305   0.00663822
  -0.0823083    -0.458375     -0.88494
   -0.151215    -0.811618    -0.564278
   -0.985111     0.170968    0.0180804
  -0.0817993     -0.55861     0.825387
   -0.131381    -0.910716     0.391581
   -0.985606     0.162395    0.0470033
   -0.106397    -0.379769    -0.918942
   -0.113683    -0.871319     0.477367
   -0.988427     0.147767    0.0343234
   -0.100445     -0.46794    -0.878033
   -0.131726    -0.853214    -0.504652
   -0.985641     0.166988   -0.0250495
   -0.105643    -0.494106     0.862959
  -0.0769317    -0.830319     0.551953
   -0.986492      0.14369    0.0786592
   -0.144623    -0.538446    -0.830157
  -0.0637361    -0.948785    -0.309426
   -0.981824     0.115158    -0.150868
   -0.178774    -0.294186     0.938879
  -0.0614948    -0.908929     0.412391
   -0.985151      0.12163     0.121175
   -0.160299    -0.398816    -0.902912
  -0.0228336    0.0143688    -0.999636
   -0.978082    -0.207319    0.0193612
   -0.206966     0.978168    0.0187877
  -0.0364368    -0.972485     0.230099
    -0.98376    0.0753987     0.162882
    -0.17575    -0.220428    -0.959439
 0.000442703    -0.898283    -0.439418
   -0.979427    0.0882833     -0.18146
   -0.201796    -0.430458     0.879764
   0.0191708    -0.235462     0.971695
   -0.973065     0.218916    0.0722457
    -0.22973    -0.946907    -0.224923
  -0.0279128     -0.94335     0.330624
   -0.986848    0.0786898     0.141206
   -0.159224    -0.322334    -0.933139
  0.00900001    -0.904491     0.426398
   -0.985416     0.064439      0.15749
   -0.169924    -0.421597     -0.89072
   0.0031722    -0.968428    -0.249272
   -0.987966    0.0355124    -0.150539
   -0.154638     -0.24675     0.956662
  -0.0499914    -0.946112     0.319956
   -0.987392    0.0949945     0.126624
   -0.150195    -0.309592    -0.938932
  -0.0785008    -0.912344     0.401827
   -0.986438     0.129368     0.101017
   -0.144146    -0.388448    -0.910127
   0.0977478     0.701048     0.706383
    0.983714     0.039518    -0.175344
    0.150839    -0.712019     0.685768
     -0.1181    -0.819546      0.56071
   -0.984281     0.171284     0.043036
    -0.13131    -0.546814    -0.826893
   -0.101608    -0.976884    -0.188079
   -0.985694     0.124415    -0.113702
   -0.134474    -0.173835      0.97555
   0.0618238      0.64199    -0.764216
    0.987251    0.0731855     0.141347
    0.146673    -0.763212    -0.629281
 -0.00168986    -0.756849     0.653588
   -0.989177    0.0971561     0.109948
   -0.146714    -0.646328    -0.748822
   -0.455049    -0.415622    -0.787521
    -0.87747     0.359841     0.317114
    0.151583     0.835328    -0.528441
   -0.550557    -0.374471    -0.746095
   -0.830027     0.340968     0.441357
   0.0891194     0.862271    -0.498544
   -0.516247    -0.475695    -0.712182
   -0.853733       0.3519     0.383805
   0.0680427     0.806151    -0.587784
   -0.573355    -0.349013    -0.741252
   -0.818258     0.289688     0.496522
   0.0414395     0.891219    -0.451677
   -0.589705    -0.416603    -0.691874
   -0.805441     0.366245     0.465972
   0.0592697      0.83205    -0.551526
   -0.542731    -0.399722    -0.738692
   -0.839272     0.292261     0.458481
   0.0326261     0.868796    -0.494095
    0.595918     0.243701    -0.765174
    0.801852    -0.232489     0.550438
  -0.0437522    -0.941572    -0.333957
    0.580851    -0.119988    -0.805118
    0.813532      0.05168      0.57922
   -0.027891    -0.991429     0.127633
    0.580616     0.745566     0.327132
    0.812433    -0.556833    -0.172885
   -0.053261    -0.366153     0.929029
    0.608342    -0.228077    -0.760198
    0.791455     0.102749     0.602529
  -0.0593132    -0.968206     0.243019
    0.584259     0.746015    -0.319535
    0.808331    -0.499797     0.311135
  -0.0724087     0.440073     0.895038
    -0.59142    -0.703943    -0.393301
   -0.801651     0.460626     0.381025
   0.0870555    -0.540636      0.83674
    0.559754    -0.120681    -0.819824
    0.828261    0.0508154     0.558034
  -0.0256844     -0.99139       0.1284
    0.567772    -0.228148    -0.790938
    0.822173     0.109533       0.5586
  -0.0408099    -0.967446     0.249767
    0.549763     0.759945    -0.346763
    0.834651    -0.483132     0.264465
  -0.0334464     0.434819     0.899897
   -0.530468    -0.314222    -0.787317
   -0.847313      0.22477     0.481185
   0.0257666     0.922357    -0.385478
   -0.515963    -0.439692    -0.735155
   -0.856216     0.290757     0.427029
   0.0259897     0.849783    -0.526492
    0.475923     0.193784    -0.857872
    0.878959     -0.13861      0.45631
  -0.0304837    -0.971203    -0.236296
    0.441359     0.148612    -0.884939
    0.896528    -0.114736     0.427871
  -0.0379479    -0.982217    -0.183874
   -0.491723    -0.488577    -0.720764
   -0.868711     0.331896     0.367677
   0.0595802     0.806931    -0.587633
   -0.399326    -0.302445    -0.865486
   -0.913551     0.210777     0.347846
   0.0772197      0.92957    -0.360468
    0.389077     0.111373    -0.914448
    0.919676    -0.104127     0.378619
  -0.0530511    -0.988308    -0.142941
   -0.361948    -0.458144    -0.811848
   -0.929486     0.243757     0.276837
   0.0710623     0.854802    -0.514066
   -0.306642    -0.377733    -0.873664
   -0.947476     0.208775     0.242284
   0.0908805      0.90207    -0.421912
    0.444355     0.195864    -0.874177
     0.88905    -0.216423     0.403425
   -0.110175    -0.956451    -0.270302
    0.544131   -0.0516497    -0.837409
    0.825062    -0.148238     0.545251
   -0.152297    -0.987602   -0.0380465
    0.525871     0.783928    -0.330024
    0.838735    -0.413446     0.354381
   -0.141362     0.463162     0.874927
    0.463173     0.176089    -0.868599
    0.862168    -0.316521     0.395576
   -0.205273    -0.932098    -0.298423
    0.486077    0.0407121    -0.872967
    0.843916    -0.281352     0.456779
   -0.227014    -0.958741    -0.171116
   -0.460831     0.432437    -0.775005
   -0.871261    -0.054214     0.487816
    0.168933     0.900033     0.401749
     0.40899      0.10665    -0.906285
    0.873225    -0.334109     0.354753
   -0.264964    -0.936481    -0.229777
    0.394822    -0.126283    -0.910037
    0.886904    -0.206171     0.413395
   -0.239828    -0.970333    0.0305997
    0.351565     0.182318    -0.918239
    0.889563    -0.370669     0.266989
   -0.291685    -0.910695    -0.292497
    0.442605    -0.130069    -0.887233
    0.848815    -0.258284     0.461304
    -0.28916    -0.957273  -0.00391367
   -0.379185  0.000214072    -0.925321
   -0.866714     0.350149      0.35525
    0.324076     0.936694    -0.132586
   -0.408458     0.275109    -0.870332
   -0.840947     0.257338     0.476011
    0.354924     0.926333     0.126241
   -0.382865     0.316038    -0.868064
   -0.901634    0.0767899     0.425628
    0.201173     0.945634      0.25555
    0.318077     0.132838    -0.938712
     0.91429     -0.30491     0.266653
   -0.250801    -0.943072    -0.218438
   -0.305682    -0.452148    -0.837927
   -0.928696     0.335653     0.157677
    0.209959     0.826378    -0.522511
   -0.365996     0.365248    -0.855944
   -0.914413    0.0297403     0.403688
    0.172902     0.930435     0.323103
   -0.447598     0.335541    -0.828896
   -0.882433   -0.0156351     0.470178
    0.144804     0.941896      0.30309
   -0.434852     0.458712    -0.774911
   -0.891863    -0.100472     0.441006
    0.124438     0.882886     0.452799
   -0.512168     0.355606    -0.781811
   -0.854401    -0.118051     0.506026
   0.0876528     0.927151     0.364292
   -0.521794     0.514568    -0.680405
   -0.846347    -0.212316     0.488486
    0.106898     0.830748     0.546288
   -0.509038     0.410609    -0.756492
    -0.85753    -0.166049     0.486898
   0.0743097     0.896565     0.436635
    0.315871     0.378877    -0.869872
    0.942841    -0.227954     0.243081
   -0.106193    -0.896933    -0.429224
   -0.357869    -0.741935     0.566976
   -0.927826     0.350951    -0.126384
    0.105212     0.571284     0.813981
    0.353767     0.865991    -0.353424
    0.928334    -0.278947     0.245734
   -0.114217     0.415027     0.902611
   -0.422512    -0.809911    -0.406852
   -0.902503     0.334592     0.271176
   0.0834991     -0.48176     0.872316
    0.413051     0.792321     0.449016
    0.906762    -0.403649    -0.121864
  -0.0846892    -0.457487     0.885174
   -0.429309      0.35465    -0.830612
   -0.897893   -0.0684431      0.43486
   0.0973738     0.932491     0.347821
    0.482272     0.818533    -0.312119
    0.874863    -0.431704     0.219652
  -0.0450492     0.378993     0.924302
   -0.489595     -0.68157     0.543838
   -0.870498     0.418037    -0.259766
   0.0502959      0.60059     0.797974
    0.514138     0.278022    -0.811397
    0.857267    -0.196874     0.475745
  -0.0274757    -0.940183    -0.339559
    0.468346     0.823727     0.319573
    0.882384    -0.454605    -0.121384
  -0.0452923    -0.338835     0.939755
    0.509899     0.793155     0.333028
    0.859973    -0.479539     -0.17461
   -0.021207    -0.375429     0.926609
   -0.504838    -0.664739     0.550691
   -0.863017     0.402291    -0.305554
   0.0184247     0.629511     0.776773
    0.494709    -0.144469    -0.856966
    0.866857    0.0118834     0.498416
  -0.0618219    -0.989438     0.131113
    -0.52558   0.00170427    -0.850743
    -0.85013    0.0369433     0.525275
   0.0323244     0.999316   -0.0179678
    0.428017     0.900664   -0.0748702
    0.897659    -0.414043     0.150917
   -0.104926     0.131803     0.985707
     0.35893     0.924495     0.128371
    0.921302    -0.372965     0.110001
   -0.149574   -0.0787856     0.985607
    0.354294     0.903946    -0.239495
    0.925177    -0.301557     0.230459
   -0.136101     0.303226     0.943149
   -0.300133    -0.626643    -0.719193
   -0.941496     0.315781     0.117759
    0.153314     0.712461    -0.684759
    0.297562       0.3189    -0.899867
    0.936638    -0.280006     0.210491
   -0.184842    -0.905483    -0.382012
   -0.308663    -0.518544    -0.797395
    -0.94243     0.280119     0.182644
    0.128657     0.807865    -0.575154
   -0.476355    -0.390157    -0.787949
   -0.878481     0.248739     0.407922
   0.0368399     0.886514    -0.461233
   -0.480955    -0.242451    -0.842555
   -0.875894     0.175214     0.449566
   0.0386299      0.95421    -0.296632
   -0.390761    -0.464702    -0.794581
   -0.916831     0.273403     0.290985
   0.0820197     0.842201    -0.532888
    0.421089     0.190697    -0.886746
    0.903566    -0.173427      0.39178
  -0.0790746    -0.966208    -0.245336
   -0.419848    -0.549107     -0.72264
   -0.905537     0.307022     0.292815
   0.0610792     0.777315    -0.626139
   -0.298567    -0.282009    -0.911772
   -0.947556     0.201702     0.247898
    0.113997      0.93797    -0.327441
   -0.310485    -0.410776    -0.857241
   -0.945484     0.226688      0.23382
   0.0982782     0.883106    -0.458766
     0.22676    -0.411033     0.882968
     0.96781     0.196738    -0.156964
   -0.109196     0.890138     0.442414
   -0.300774    -0.476582    -0.826078
   -0.944002     0.271962     0.186809
    0.135632     0.836006    -0.531693
    0.217992    -0.361968     0.906343
     0.96495     0.218978    -0.144635
   -0.146116     0.906106     0.397017
    0.237653    -0.511471     0.825784
    0.955747     0.274891    -0.104794
   -0.173402     0.814145     0.554166
    -0.34757    -0.306639    -0.886097
   -0.935267     0.180764     0.304302
   0.0668635     0.934503    -0.349618
   -0.251702    -0.309056     0.917132
   -0.962625     0.177856    -0.204254
   0.0999911     0.934265     0.342272
   -0.442236    -0.366748    -0.818488
   -0.895437     0.232619      0.37958
    0.051186     0.900768    -0.431273
    0.509584     0.200782    -0.836666
    0.859888    -0.153062     0.486996
  -0.0302817    -0.967605    -0.250648
   -0.487229    -0.521579    -0.700402
   -0.872792     0.317495     0.370717
   0.0290157      0.79193    -0.609922
   -0.403345     0.469185    -0.785607
   -0.827338     0.179798      0.53215
    0.390927     0.864603     0.315654
    0.359942    0.0379312    -0.932203
     0.85966    -0.401736     0.315585
   -0.362529     -0.91497    -0.177209
    0.364043     0.895016     -0.25772
    0.850926    -0.207106     0.482734
   -0.378679     0.395037     0.836987
    -0.40402    -0.835033    -0.373482
   -0.815755     0.144159     0.560144
    0.413898    -0.530979     0.739425
   -0.328725    -0.638731    -0.695674
   -0.885392     0.464771  -0.00835631
    0.328666     0.613197    -0.718309
    0.383368     0.900259    -0.206306
    0.842483    -0.249327     0.477554
   -0.378485     0.356889     0.854037
    0.361286     0.871326    -0.332061
    0.876979    -0.196515     0.438508
   -0.316828     0.449637     0.835133
   -0.410371    -0.800037    -0.437648
   -0.870385     0.200438     0.449727
    0.272077    -0.565477     0.778595
   -0.419156     -0.69907    -0.579318
   -0.800599   -0.0163396     0.598978
    0.428194    -0.714866     0.552826
    0.427853     0.169582    -0.887797
     0.82906    -0.464858     0.310751
   -0.360002    -0.868993    -0.339484
    0.455149     0.199007    -0.867891
    0.790836     -0.53825     0.291318
   -0.409168    -0.818953    -0.402366
     0.32467     0.940389    -0.101279
    0.914938    -0.285119     0.285648
   -0.239744     0.185405     0.952968
   -0.386769     -0.83555    -0.390213
   -0.901352     0.253107     0.351427
     0.19487     -0.48764     0.851019
    -0.37904    -0.771856    -0.510458
   -0.920638     0.258763     0.292348
   0.0935629    -0.580759     0.808681
     0.32607     0.910937    -0.252728
    0.931128    -0.263285     0.252354
   -0.163339     0.317607     0.934048
    -0.29135     -0.51225    -0.807908
   -0.917988     0.387284    0.0854918
    0.269097     0.766558    -0.583074
   -0.281793    -0.356177    -0.890916
   -0.936997     0.301968     0.175646
    0.206467     0.884281    -0.418829
   -0.295316     0.602919    -0.741132
   -0.915442    0.0434259       0.4001
    0.273412      0.79662     0.539113
   -0.326119      -0.3827      -0.8644
   -0.890162     0.432115     0.144526
     0.31821     0.816589    -0.481586
   -0.276841    -0.346928    -0.896103
   -0.933046     0.320018     0.164358
    0.229748     0.881606    -0.412294
    0.476426    -0.157774    -0.864943
    0.793997    -0.345302     0.500334
   -0.377606    -0.925134   -0.0392391
    0.466793     0.168962    -0.868076
    0.834276    -0.409792     0.368856
   -0.293408    -0.896394    -0.332249
    0.512992     0.136786    -0.847425
     0.82117    -0.365764      0.43806
   -0.250037    -0.920601    -0.299959
    0.486858   -0.0375787    -0.872672
    0.806274     -0.36497     0.465531
   -0.335993    -0.930261     -0.14739
    0.508976   -0.0870801    -0.856365
    0.849836    -0.107305     0.516007
   -0.136826    -0.990405     0.019388
   -0.502687    -0.686713      -0.5251
   -0.839929     0.244286     0.484607
    0.204511    -0.684653      0.69959
   -0.515323    -0.768471    -0.379335
   -0.849668     0.400376     0.343168
    0.111838    -0.499151     0.859267
   -0.520988     -0.70877    -0.475621
   -0.847525     0.363384     0.386852
    0.101356    -0.604646     0.790019
    0.494236     0.868729    0.0322554
    0.809372    -0.473373     0.347614
   -0.317251     0.145697     0.937083
   -0.491554    -0.769134    -0.408421
   -0.849139     0.319256     0.420759
    0.193229    -0.553632     0.810033
    0.461705     0.881803    0.0961821
     0.83201    -0.468107     0.297717
   -0.307551    0.0574329     0.949797
    -0.50317     -0.69679    -0.511178
   -0.863572     0.383095     0.327845
   0.0326092    -0.606401      0.79449
   -0.510748    -0.778085    -0.365676
   -0.859681     0.466765     0.207554
 -0.00918993    -0.420373     0.907305
   -0.481705    -0.748042      -0.4565
   -0.869774     0.471723      0.14481
   -0.107017    -0.466808     0.877859
   -0.492751     0.573321    -0.654599
   -0.865381    -0.401686     0.299607
  -0.0911719     0.714109     0.694072
   -0.501661     0.538121     -0.67732
   -0.863342    -0.262064     0.431234
   0.0545548     0.801092      0.59605
   -0.472982    -0.709384    -0.522554
   -0.880165     0.407327      0.24371
  -0.0399663    -0.575204     0.817033
    0.430129      0.87737    -0.212627
    0.893312    -0.379652     0.240537
   -0.130316     0.293404     0.947065
   -0.444307    -0.399823    -0.801706
   -0.873935     0.390268     0.289704
     0.19705     0.829357    -0.522818
    0.436708     0.851977    -0.288827
    0.899117    -0.402802     0.171288
  -0.0295934     0.334492     0.941934
   -0.463646     -0.63121    -0.621777
   -0.841482       0.5334    0.0859825
   -0.277383    -0.563079     0.778461
     0.46114    -0.111709    -0.880268
    0.841953     0.368261     0.394334
    0.280118    -0.922987     0.263873
   -0.445941     0.375826    -0.812337
   -0.850437    -0.460906     0.253619
   -0.279094      0.80394     0.525154
   -0.450145    -0.659311    -0.602227
   -0.856458     0.509623    0.0822454
   -0.252684    -0.552805     0.794077
   -0.473422      0.46891     -0.74565
   -0.837976    -0.500608     0.217228
   -0.271418     0.727677     0.629935
   -0.453156     0.610039    -0.650002
   -0.866607    -0.472355      0.16085
   -0.208906     0.636187     0.742714
   -0.430749     0.601859    -0.672474
   -0.880668    -0.443129      0.16751
   -0.197175     0.664381     0.720916
   -0.415707    -0.786201    -0.457248
   -0.896162     0.439862    0.0584379
   -0.155182    -0.434061     0.887417
   -0.373548    -0.802784    -0.464758
   -0.924692     0.361976     0.117972
  -0.0735257    -0.473826     0.877544
   -0.459512     0.467468    -0.755197
   -0.861474    -0.441491     0.250895
   -0.216127     0.765872     0.605582
    0.399989     0.899693    -0.174819
    0.906786      -0.4162   -0.0672014
     0.13322     0.131644     0.982305
    0.414789    -0.282654    -0.864903
    0.899115     0.273353     0.341863
    0.139795    -0.919448     0.367522
   -0.428764    -0.797685    -0.424099
   -0.900455     0.415322     0.129183
  -0.0730905    -0.437271     0.896355
    -0.37333    -0.824046    -0.426114
    -0.92764     0.326439     0.181443
   0.0104173    -0.463018     0.886288
   -0.464509    -0.763065    -0.449403
   -0.876694     0.467904     0.111685
   -0.125055    -0.445868      0.88632
   -0.465628     0.367409     -0.80511
   -0.868022    -0.366853     0.334601
   -0.172421     0.854652     0.489736
   -0.449035     0.546384    -0.706988
   -0.859846    -0.479396     0.175627
   -0.242967     0.686763     0.685072
   -0.444173    -0.667741    -0.597354
    -0.86107     0.502358    0.0787125
   -0.247526    -0.549325     0.798106
   -0.466855    -0.731977    -0.496242
   -0.863183     0.499174    0.0757647
   -0.192253    -0.463719     0.864872
   -0.440788     0.496333    -0.747903
   -0.852385    -0.492597     0.175462
   -0.281327     0.714843     0.640198
    0.375641     0.891062     0.254759
    0.923897    -0.338444    -0.178519
   0.0728494     -0.30243     0.950384
    0.338842   -0.0816792    -0.937291
    0.940218    0.0657014     0.334175
   0.0342862    -0.994491    0.0990587
   -0.309346    -0.538334    -0.783902
   -0.950198     0.207761     0.232293
   0.0378134      0.81672    -0.575794
    0.335606     0.048227    -0.940767
    0.941878   -0.0333883      0.33429
  -0.0152888    -0.998278   -0.0566293
    0.286922     0.179084    -0.941066
    0.954087    -0.141596     0.263946
   -0.085983    -0.973591    -0.211489
   -0.288559    -0.389509    -0.874652
   -0.951727     0.216524     0.217562
    0.104641      0.89521    -0.433186
    -0.27409    -0.585025    -0.763296
    -0.95082     0.283921     0.123817
     0.14428     0.759693    -0.634074
   -0.311065    -0.633175    -0.708751
   -0.947387     0.265812     0.178332
   0.0754793     0.726934    -0.682547
    0.270117     0.266045    -0.925342
    0.945166    -0.256505     0.202156
   -0.183572    -0.929207    -0.320743
   -0.278025    -0.479069    -0.832583
   -0.948737       0.2726     0.159958
    0.150332     0.834375      -0.5303
    0.317128     0.946002    0.0671583
    0.944502    -0.321437    0.0677764
  -0.0857038   -0.0419373     0.995438
   -0.328419    -0.757899    -0.563676
   -0.944523     0.260833     0.199608
  0.00425774    -0.597959     0.801515
   -0.675831    -0.459914    -0.575962
   -0.551849     0.833745   -0.0182207
    0.488585      0.30553    -0.817274
    0.685051    0.0230167    -0.728131
    0.550444    -0.671071     0.496664
   -0.477196    -0.741036    -0.472387
   -0.682962    -0.232878    -0.692337
   -0.604281     0.712618     0.356399
    0.410374     0.661773    -0.627415
    0.687598    0.0812528    -0.721531
    0.612435    -0.598706     0.516211
   -0.390042    -0.796837    -0.461431
    0.698148     0.229714    -0.678101
    0.557631    -0.768499     0.313779
   -0.449041    -0.597194    -0.664622
   -0.674843    -0.661735     0.326639
    -0.66379     0.737715     0.123125
    0.322443      0.13373     0.937095
   -0.691369    -0.422901    -0.585802
   -0.611265     0.774625     0.162205
    0.385181     0.470224    -0.794056
    -0.67523    -0.523115     0.520015
   -0.664919     0.736862    -0.122131
