  -0.0890036    -0.804784     0.586857
   -0.987116  -0.00738477    -0.159835
    0.132966    -0.593522    -0.793758
  -0.0971518    -0.906446     0.410996
   -0.989456     0.043396     -0.13818
    0.107417    -0.420087    -0.901104
    -0.11111    -0.877653      0.46624
   -0.990019    0.0568215    -0.128971
   0.0866994    -0.475916    -0.875207
   -0.116032    -0.895195     0.430306
   -0.990646    0.0729829    -0.115297
   0.0718083    -0.439659     -0.89529
   -0.125123    -0.885199      0.44807
   -0.990387    0.0845959    -0.109437
   0.0589689    -0.457456    -0.887275
   -0.128412    -0.850075    -0.510768
   -0.990557    0.0849959     0.107577
   0.0480354    -0.519759     0.852962
   -0.127712    -0.904005     0.408001
   -0.991236     0.102328   -0.0835477
   0.0337776    -0.415095    -0.909151
   -0.126973    -0.865535     0.484487
   -0.990827    0.0878931    -0.102652
    0.046266    -0.493077    -0.868755
   -0.119842    -0.824028      0.55373
   -0.992548    0.0870583   -0.0852592
   0.0220492    -0.559821     -0.82832
   -0.114676    -0.900611     0.419225
   -0.992811    0.0893311   -0.0796691
    0.034301    -0.425347     -0.90438
   -0.104545    -0.804565      0.58459
   -0.994462    0.0782164    -0.070196
   0.0107527    -0.588691    -0.808287
  -0.0965966    -0.862998     0.495887
   -0.995125    0.0737926   -0.0654238
   0.0198678     -0.49979    -0.865919
    0.136949     0.960678    -0.241542
    0.976456   -0.0898947     0.196094
    -0.16667      0.26271     0.950371
    0.153902     0.967918    -0.198618
      0.9731    -0.113598      0.20043
   -0.171437     0.224121     0.959364
    0.139371     0.973996    -0.178628
    0.977267    -0.106185     0.183503
   -0.159763     0.200142     0.966653
       0.155     0.947823    -0.278579
    0.974572    -0.100512     0.200268
   -0.161818     0.302537     0.939301
    0.168201     0.951249    -0.258521
    0.970521    -0.113881     0.212416
    -0.17262     0.286629     0.942362
    0.141175     0.940847    -0.308021
    0.978561   -0.0854894     0.187375
   -0.149959      0.32787     0.932745
   -0.165322    -0.898318    -0.407055
   -0.973196    0.0816885     0.214979
    0.159868    -0.431685     0.887744
   -0.152871    -0.838808    -0.522524
   -0.977029    0.0488425     0.207436
    0.148477    -0.542232     0.827006
   -0.162904    -0.782422    -0.601064
   -0.976043     0.038742     0.214101
    0.144231    -0.621542     0.769989
   -0.176053    -0.807617    -0.562815
   -0.969738    0.0440416     0.240144
    0.169157    -0.588061      0.79093
   -0.172421    -0.798632    -0.576592
   -0.972944    0.0466877     0.226277
    0.153792    -0.600006     0.785074
   -0.181693    -0.879085    -0.440677
   -0.969532    0.0852688     0.229644
      0.1643    -0.468976     0.867794
   -0.141419    -0.913676    -0.381046
   -0.980617    0.0765648     0.180353
     0.13561    -0.399166     0.906795
   -0.150938    -0.879912    -0.450524
    -0.97971    0.0723612     0.186903
    0.131857    -0.469593     0.872981
   -0.143406    -0.905176     0.400115
   -0.983032     0.083558    -0.163297
     0.11438    -0.416743      -0.9018
   -0.132326    -0.915845     0.379101
   -0.984104    0.0756854    -0.160659
    0.118446    -0.394334    -0.911302
   -0.126679      -0.8484    -0.513975
   -0.982457     0.035823     0.183014
    0.136857    -0.528143     0.838055
   -0.119411    -0.933466     0.338205
   -0.985828    0.0710485     -0.15197
     0.11783    -0.351559    -0.928721
   -0.110703    -0.816312    -0.566904
   -0.984558     0.012245     0.174628
    0.135609    -0.577482     0.805062
    0.125135     0.981898     -0.14219
    0.981068    -0.101111     0.165171
   -0.147804     0.160167     0.975961
    -0.10829    -0.917691     0.382251
   -0.983656     0.154553    0.0923796
    0.143854        0.366     0.919429
   -0.104072    -0.921263     0.374758
   -0.987513    0.0509099    -0.149086
    0.118268    -0.385594    -0.915057
  -0.0959217    -0.878252    -0.468479
   -0.986625    0.0215709     0.161574
    0.131797    -0.477711     0.868574
  -0.0900367    -0.838727     0.537056
   -0.988518    0.0095567    -0.150799
    0.121347    -0.544468    -0.829958
    0.122131     0.970592    -0.207449
    0.980372    -0.085379      0.17771
   -0.154772     0.225081     0.961969
    -0.18074     -0.88476    -0.429574
   -0.972084    0.0942548     0.214867
    0.149616    -0.456417     0.877097
   -0.174397    -0.815494    -0.551866
   -0.974723    0.0634909     0.214206
    0.139645    -0.575273     0.805953
   -0.174999    -0.880424    -0.440715
   -0.976279    0.0972074     0.193468
    0.127493    -0.464117      0.87655
    0.176298     0.950429    -0.256132
    0.974991    -0.132836     0.178177
   -0.135321     0.281138     0.950079
    -0.16678    -0.755838    -0.633162
   -0.979544    0.0536805     0.193939
    0.112598    -0.652555     0.749329
   -0.164569     0.563934    -0.809256
   -0.981456   -0.0118661     0.191318
   0.0982882     0.825734      0.55543
    0.164813      0.95208    -0.257646
    0.981356    -0.132101     0.139607
  -0.0988818     0.275851     0.956101
   -0.151888    -0.718622     0.678611
   -0.986359     0.154273   -0.0573999
   0.0634427     0.678073     0.732251
   -0.164423    -0.753376    -0.636702
   -0.981187    0.0587068     0.183918
    0.101181    -0.654964     0.748856
   -0.150921    -0.903642     0.400816
    -0.98632      0.16484  0.000247984
   0.0662944     0.395295     0.916159
   -0.148026    -0.878239     0.454736
   -0.986548     0.163374   -0.0056158
     0.06936      0.44945     0.890608
     0.16389     0.986064    -0.028598
    0.982349    -0.160486    0.0960976
  -0.0901688    0.0438427     0.994961
   -0.151669    -0.902009     0.404199
   -0.986827     0.161471  -0.00995235
   0.0562895     0.400384     0.914617
    0.151353      0.97627    -0.154887
    0.987124    -0.141077    0.0753835
  -0.0517437     0.164302     0.985052
   -0.156311    -0.912719    -0.377507
   -0.984718     0.114288     0.131412
   0.0767973    -0.392279     0.916635
   -0.160817    -0.829358    -0.535073
   -0.981233    0.0759068     0.177257
    0.106394    -0.553537        0.826
   -0.155195    -0.847468    -0.507654
   -0.983504    0.0842089     0.160091
   0.0929234    -0.524125     0.846557
   -0.159232     -0.86374    -0.478119
   -0.979753    0.0787205     0.184084
    0.121363    -0.497751     0.858787
   -0.167173    -0.754863     -0.63422
   -0.977049    0.0407087     0.209087
    0.132014    -0.654618     0.744344
   -0.151852    -0.903786      0.40014
    -0.98276    0.0948589    -0.158699
    0.105473     -0.41734    -0.902609
   -0.119849    -0.879573      0.46042
   -0.991975    0.0872861   -0.0914662
    0.040263    -0.467687    -0.882976
   -0.129058    -0.874073     0.468337
   -0.990165     0.087864    -0.108873
   0.0540132    -0.477782    -0.876816
   -0.138814    -0.920885     0.364283
   -0.988106     0.104216    -0.113075
   0.0661651    -0.375646    -0.924398
   -0.132965    -0.884314      0.44756
   -0.989011     0.088934    -0.118104
   0.0646374    -0.458345    -0.886421
   -0.140873    -0.884348     0.445065
    -0.98721    0.0915876    -0.130488
   0.0746348    -0.457755     -0.88594
   -0.133652    -0.872083     0.470752
   -0.987398    0.0765606    -0.138503
   0.0847451    -0.483331    -0.871326
   -0.126765    -0.886969     0.444092
   -0.989027     0.078774    -0.124983
   0.0758728    -0.455062    -0.887222
   -0.146559    -0.907674     0.393254
    -0.98526     0.098488    -0.139869
   0.0882246    -0.407957    -0.908729
   -0.140136    -0.897488     0.418184
   -0.985377    0.0850696    -0.147633
   0.0969242    -0.432757    -0.896285
   -0.145485    -0.865689     0.478975
   -0.986422    0.0896342    -0.137616
   0.0762001    -0.492492    -0.866974
   -0.144436    -0.894196     0.423736
   -0.987805     0.105141    -0.114832
   0.0581304    -0.435155    -0.898477
   -0.132945    -0.906029     0.401792
    -0.98961    0.0989514     -0.10431
   0.0547498    -0.411485    -0.909771
   -0.116718    -0.907189     0.404209
   -0.992652    0.0934812    -0.076829
   0.0319126    -0.410206    -0.911434
   -0.140445    -0.935073     0.325443
   -0.989506     0.121287   -0.0785342
   0.0339631    -0.333057    -0.942295
   -0.109322    -0.923813     0.366904
   -0.993545    0.0903096   -0.0686465
   0.0302816    -0.372041    -0.927722
   -0.126392    -0.883544     0.450972
   -0.988449    0.0738496    -0.132341
   0.0836253     -0.46249    -0.882672
   -0.118576    -0.838885     0.531236
   -0.988252    0.0477479    -0.145186
   0.0964288     -0.54221    -0.834691
   -0.120852    -0.852041     0.509334
   -0.988052    0.0538091    -0.144424
   0.0956484    -0.520703    -0.848363
   -0.101965    -0.864317     0.492503
   -0.988101    0.0306878    -0.150716
    0.115152     -0.50201    -0.857162
   -0.104816    -0.870865     0.480216
   -0.988667    0.0390629    -0.144954
    0.107477    -0.489967     -0.86509
  -0.0900351    -0.862109      0.49866
   -0.988367    0.0157234     -0.15127
    0.122571    -0.506479    -0.853496
  -0.0896218    -0.858201     0.505429
   -0.986655   0.00723524    -0.162667
    0.135944    -0.513263    -0.847396
   -0.107065    -0.859793     0.499293
   -0.988462    0.0379271    -0.146647
    0.107149    -0.509233    -0.853933
  -0.0966701    -0.864365     0.493485
   -0.988719     0.026402    -0.147438
    0.114411    -0.502171    -0.857166
   -0.116866    -0.867159     0.484126
   -0.987842    0.0511774    -0.146794
    0.102517    -0.495395    -0.862597
   -0.130579    -0.873387     0.469195
   -0.986344    0.0665274    -0.150665
    0.100375    -0.482461    -0.870147
   -0.130604    -0.877537      0.46138
   -0.987442    0.0734106    -0.139892
   0.0888903    -0.473857    -0.876104
   -0.129454    -0.876102     0.464421
   -0.990967     0.130848   -0.0293891
   0.0350207     0.464031     0.885127
   -0.131697    -0.848447     0.512633
   -0.990724     0.130126   -0.0391523
    0.033488     0.513034     0.857715
    0.109277     0.972427     0.206019
    0.993998     -0.10584    -0.027663
  0.00509517    -0.207805     0.978157
    -0.10689    -0.771593     0.627071
   -0.994269    0.0839934   -0.0661316
  0.00164316     0.630546      0.77615
    0.112754      0.27538      -0.9547
    0.993591   -0.0235946     0.110541
  0.00791505    -0.961046    -0.276275
   0.0837375    -0.638214     0.765291
    0.995497    0.0193366   -0.0928006
   0.0444285     0.769616      0.63696
  -0.0901201    -0.552825     -0.82841
   -0.994983    0.0136922    0.0991037
  -0.0434442     0.833185    -0.551285
  -0.0756314    -0.289449    -0.954201
   -0.994744   -0.0443404    0.0922952
  -0.0690244     0.956166    -0.284574
  -0.0835988    -0.566978     -0.81948
   -0.995804    0.0168202    0.0899489
  -0.0372152     0.823561    -0.566005
   -0.070715    -0.345912    -0.935598
   -0.994536   -0.0477622    0.0928285
  -0.0767968      0.93705    -0.340645
  -0.0677925    -0.316612     -0.94613
   -0.995184   -0.0458354    0.0866456
  -0.0707992     0.947447     -0.31198
  -0.0922636    -0.650387    -0.753979
   -0.994814    0.0276588    0.0978757
  -0.0428029     0.759099    -0.649566
   -0.075117     0.458256    -0.885641
   -0.994562   -0.0986836    0.0332937
  -0.0721412     0.883325     0.463176
   0.0799668    -0.646889     0.758379
    0.993765  -0.00755897    -0.111235
   0.0776891     0.762546     0.642252
   0.0951491     0.975607     0.197831
    0.994232   -0.0832544   -0.0676167
    0.049497    -0.203124     0.977901
    0.111566     0.740921     0.662261
    0.993638   -0.0728404   -0.0858989
   0.0154049    -0.667631     0.744333
   -0.117311    -0.922109     0.368719
   -0.992989     0.103485   -0.0571269
  -0.0145202     0.372836     0.927784
    -0.13772    -0.827987     0.543573
   -0.990137      0.12934   -0.0538476
   0.0257208     0.545627     0.837633
   -0.134226    -0.767817      0.62645
   -0.990452     0.124001   -0.0602342
   0.0314318     0.628554      0.77713
   -0.139576    -0.713244     0.686878
    -0.99001     0.114491   -0.0822886
   0.0199493     0.691502     0.722099
    0.045496     0.117542    -0.992025
    0.993088      0.10223    0.0576577
    0.108192    -0.987792    -0.112079
   0.0518443    -0.838151    -0.542969
    0.993657   -0.0110349     0.111911
     0.09979     0.545327    -0.832262
    0.029775    -0.364044     0.930906
    0.989506    -0.121003   -0.0789693
    0.141391     0.923488     0.356621
   0.0234223    -0.236733     0.971292
    0.989716    -0.131651   -0.0559538
    0.141118     0.962614     0.231215
   0.0348123     0.966215     0.255377
    0.989004   0.00344313    -0.147845
     0.14373    -0.257716     0.955471
  -0.0109256    0.0107442    -0.999883
   -0.983899    -0.178509   0.00883276
   -0.178393      0.98388    0.0125215
  -0.0163962    -0.947592     0.319062
   -0.983893   -0.0415184    -0.173868
   -0.178002     0.316774     0.931649
  0.00366778    -0.317935     0.948105
   -0.977829     0.197371    0.0699686
   -0.209374    -0.927341    -0.310162
   0.0061436    -0.898859    -0.438196
    0.984557   -0.0712298     0.159915
    0.174954     0.432411     -0.88454
   0.0104536    -0.605941     0.795441
    -0.97755      0.16122     0.135659
   -0.210442    -0.779002    -0.590653
   0.0176707     -0.47659     0.878948
    -0.97715     0.177999     0.116161
   -0.211813    -0.860917    -0.462555
  -0.0171168     0.379545    -0.925015
   -0.983557    -0.172745   -0.0526791
   -0.179786     0.908903     0.376261
-0.000414305    -0.483207     0.875506
    -0.97851     0.180723     0.099281
   -0.206197    -0.856651    -0.472898
-0.000362407    -0.468267     0.883587
   -0.978723     0.181464    0.0957675
   -0.205184    -0.864752     -0.45837
  -0.0170819    -0.335234     -0.94198
   -0.983679    -0.163142    0.0758975
    -0.17912     0.927902    -0.326976
   0.0320459     -0.47865     0.877421
    0.987824    -0.118549    -0.100749
    0.152241     0.869966     0.469022
   0.0340873    -0.702305      0.71106
    0.988153   -0.0828432    -0.129194
     0.14964      0.70704      0.69116
   0.0550854    -0.635053     0.770502
    0.992351   -0.0505644    -0.112622
    0.110481     0.770811      0.62741
   0.0528044    -0.684439     0.727156
    0.993313   -0.0388673    -0.108716
    0.102672     0.728034     0.677809
   0.0561077     0.757091     0.650895
    0.992435    0.0290136    -0.119296
    0.109203    -0.652665     0.749736
 0.000935727    -0.897634     0.440741
    -0.98555    0.0738261      0.15245
   -0.169383    -0.434515    -0.884594
  -0.0141995    -0.952962     0.302758
   -0.988812    0.0583492     0.137285
   -0.148493    -0.297421    -0.943128
  -0.0185854    -0.967259    -0.253109
   -0.986145    0.0594719    -0.154862
   -0.164844    -0.246724     0.954963
  -0.0375047    -0.920595     0.388714
    -0.99017    0.0866885      0.10977
    -0.13475    -0.380776    -0.914796
  -0.0330722    -0.973574     0.225965
   -0.992183    0.0592009     0.109852
   -0.120327    -0.220565    -0.967922
  -0.0431386     0.574415    -0.817427
   -0.988574    -0.142826   -0.0481946
   -0.144433     0.806008     0.574013
  -0.0569789    -0.933595      0.35377
   -0.993061    0.0895099     0.076271
   -0.102872     -0.34697    -0.932217
   0.0604621       0.9901     0.126673
    0.992085   -0.0456154    -0.116991
    0.110055    -0.132744     0.985021
   0.0807322     0.975877    -0.202847
    0.993591   -0.0949466   -0.0613336
   0.0791137     0.196596     0.977288
  -0.0413262    -0.942802     0.330782
   -0.994172    0.0717951     0.080425
  -0.0995734    -0.325531    -0.940274
  -0.0654652     -0.91683     0.393874
    -0.99499    0.0898648    0.0438046
  -0.0755568    -0.389033     -0.91812
   -0.048026    -0.930369     0.363465
   -0.996893    0.0673917    0.0407807
  -0.0624357    -0.360377    -0.930715
  -0.0633064    -0.828156     0.556911
   -0.992075  -0.00846579    -0.125363
   -0.108534     0.560433     0.821057
  -0.0809378    -0.829513     0.552592
   -0.993163    0.0203276    -0.114953
  -0.0841225     0.558118     0.825486
   0.0362914     -0.36008     0.932215
    0.988107    -0.126548   -0.0873481
    0.149422     0.924299     0.351205
  -0.0177263    -0.268049     0.963242
   -0.983912     0.175966    0.0308608
    -0.17777    -0.947199    -0.266856
  -0.0177924    -0.652264    -0.757783
   -0.984297    -0.121697     0.127862
    -0.17562     0.748158    -0.639857
 0.000788501   -0.0901712     0.995926
    -0.98079     0.194202    0.0183596
   -0.195066    -0.976808   -0.0882859
  0.00096812    -0.158316     0.987388
   -0.979542     0.198551    0.0327958
   -0.201239    -0.967219    -0.154885
-0.000293019    -0.974514    -0.224327
   -0.982259    0.0423486    -0.182686
    -0.18753    -0.220294     0.957237
  -0.0677901    -0.923687     0.377104
   -0.996774    0.0789823     0.014276
   -0.042971    -0.374919    -0.926061
  -0.0750383    -0.899534     0.430358
   -0.996278    0.0859856   0.00601357
   -0.042414    -0.428305    -0.902638
  -0.0936278    -0.911213     0.401153
   -0.995529     0.090747   -0.0262226
  -0.0125091    -0.401815    -0.915635
  -0.0798826    -0.920726     0.381946
   -0.996512    0.0830366  -0.00824747
  -0.0241219    -0.381273    -0.924148
   -0.111376    -0.954815     0.275542
    -0.99364     0.111615   -0.0148678
  -0.0165586    -0.275446    -0.961174
   -0.100966    -0.900795     0.422344
   -0.994849    0.0875677   -0.0510623
  0.00901293    -0.425324    -0.904996
   -0.117007    -0.916167     0.383337
   -0.993065     0.103472     -0.05582
   0.0114759     -0.38721     -0.92192
   -0.092403    -0.907983     0.408692
   -0.995713    0.0825836   -0.0416508
  0.00406696    -0.410789    -0.911722
   -0.135272    -0.925907    -0.352701
   -0.990708     0.121317    0.0614879
   0.0141436    -0.357741     0.933714
    0.117791     0.988378   -0.0960964
    0.992919    -0.118726   -0.0040454
   0.0154075    0.0949394     0.995364
   0.0945643     0.989119    -0.112699
    0.994053   -0.0999586   -0.0432042
   0.0539993     0.107943     0.992689
   0.0971462     0.969837    -0.223557
    0.994011    -0.105839   -0.0272047
   0.0500451     0.219576     0.974311
  -0.0887271    -0.860937     0.500914
   -0.996028     0.080434   -0.0381824
 -0.00741789    -0.502313    -0.864654
  -0.0817618    -0.930486     0.357087
   -0.996404    0.0843025  -0.00847282
  -0.0222195    -0.356495    -0.934033
   0.0839014    -0.700834    -0.708373
    0.995711    0.0867738    0.0320841
   0.0389826    -0.708027     0.705109
  -0.0603502    -0.896577     0.438758
    -0.99695    0.0759295    0.0180292
  -0.0494793    -0.436332    -0.898424
    0.074113      0.97291    -0.218984
    0.996012   -0.0831519   -0.0323395
   0.0496724     0.215714     0.975192
  -0.0487955    -0.909408     0.413032
   -0.996432    0.0728321    0.0426426
  -0.0688615    -0.409477    -0.909718
  -0.0412045    -0.927709     0.371024
   -0.996854    0.0633334    0.0476522
  -0.0677056    -0.367893      -0.9274
  -0.0560928     0.527385    -0.847773
   -0.996233   -0.0858023    0.0125395
  -0.0661277     0.845283     0.530211
  -0.0350931    -0.931294     0.362574
   -0.995503    0.0645179    0.0693647
  -0.0879915     -0.35851     -0.92937
  -0.0220886    -0.946426     0.322164
   -0.993098    0.0578978     0.101997
   -0.115185    -0.317688    -0.941173
  -0.0217006    -0.918629     0.394526
   -0.993702    0.0632112    0.0925255
   -0.109935    -0.390033    -0.914215
 -0.00991355    -0.953301     0.301859
   -0.990353    0.0510858     0.128809
   -0.138215     -0.29767    -0.944611
 -0.00466031    -0.931515     0.363673
   -0.991851    0.0506103     0.116924
   -0.127322    -0.360164    -0.924159
   0.0140238    -0.968044    -0.250387
   -0.988419    0.0244197    -0.149772
     -0.1511    -0.249587     0.956491
  0.00753334    -0.948453     0.316829
    -0.98729    0.0432459     0.152935
   -0.158753    -0.313954    -0.936072
-0.000267764    -0.932514     0.361133
   -0.992279    0.0450383     0.115562
   -0.124028    -0.358314    -0.925326
   0.0172686    -0.942804     0.332899
   -0.990586    0.0290875     0.133764
   -0.135796    -0.332075    -0.933427
   0.0205069    -0.976752     -0.21339
   -0.990871   0.00858986    -0.134542
   -0.133247      -0.2142     0.967659
  -0.0127881    -0.987913     -0.15448
   -0.993016    0.0306684    -0.113924
   -0.117284    -0.151944     0.981406
   -0.028272    -0.947654     0.318046
   -0.994468    0.0588655    0.0869952
   -0.101163    -0.313827    -0.944075
   0.0376134      0.98473     0.169977
     0.99324   -0.0181484     -0.11465
    0.109815     -0.17314     0.978756
  -0.0442686    -0.941559     0.333927
   -0.995282     0.070453    0.0667088
  -0.0863364    -0.329398    -0.940236
  -0.0364361    -0.944754     0.325749
    -0.99544    0.0630678    0.0715693
  -0.0881597    -0.321656    -0.942744
   0.0165678     -0.97346    -0.228259
    0.992557   -0.0115333      0.12123
    0.120645     0.228568    -0.966023
  -0.0122741     0.999893   0.00798223
    0.992259     0.011193     0.123682
     0.12358   0.00943853     -0.99229
    0.447903      0.88658      0.11558
    0.884823    -0.458102    0.0850381
   -0.128341   -0.0641793     0.989651
    -0.47213    -0.574766    -0.668384
   -0.872797     0.411242     0.262881
    0.123773     0.707477    -0.695813
    0.458638     0.235432    -0.856868
    0.883778    -0.221409     0.412207
  -0.0926715    -0.946335    -0.309616
    0.491529    0.0508802    -0.869374
    0.866333    -0.130246     0.482186
  -0.0886983    -0.990175    -0.108099
    0.508697     0.184644    -0.840913
    0.852477    -0.244688     0.461965
   -0.120462    -0.951859    -0.281876
    0.466132     0.223313    -0.856068
    0.881444    -0.200351     0.427686
   -0.076006    -0.953935    -0.290227
    0.507816     0.169468    -0.844632
    0.855739    -0.212096     0.471939
  -0.0991648    -0.962443    -0.252727
    0.485163     0.175159    -0.856701
    0.871108    -0.182054       0.4561
  -0.0760759    -0.967562    -0.240908
   -0.494595     0.588847    -0.639246
   -0.864825    -0.260376     0.429282
   0.0863368     0.765156      0.63803
   -0.528548      0.33168    -0.781426
   -0.840258   -0.0733698     0.537199
    0.120845     0.940535     0.317476
    0.516763    -0.041828    -0.855106
    0.849191    -0.101848     0.518171
   -0.108765     -0.99392   -0.0171116
    -0.54118     0.434706     -0.71983
   -0.829785    -0.137301      0.54093
    0.136312     0.890044     0.435017
   -0.463577    -0.376124    -0.802263
   -0.883817     0.260624     0.388514
   0.0629601      0.88916    -0.453245
   -0.477679    0.0166801    -0.878376
   -0.875426    0.0749979     0.477499
   0.0738411     0.997044   -0.0212227
   -0.459513    -0.682035     0.568926
   -0.886073     0.396034    -0.240897
   0.0610134     0.614805     0.786316
    0.447125     0.204701    -0.870733
    0.892797    -0.161662      0.42045
  -0.0546985    -0.965382     -0.25504
   -0.444268    -0.285882    -0.849057
   -0.893753     0.206906     0.397989
   0.0618967     0.935661    -0.347429
    0.426456     0.239547    -0.872211
    0.902856       -0.171     0.394475
  -0.0546531    -0.955707    -0.289201
   -0.416152     0.381534    -0.825378
   -0.906884    -0.108091     0.407281
   0.0661757     0.918013     0.390989
    0.436967     0.140925    -0.888369
    0.896074    -0.154034     0.416322
  -0.0781686    -0.977964    -0.193587
    0.403312   -0.0440638    -0.914001
    0.911372   -0.0702739      0.40554
     -0.0821    -0.996554    0.0118162
    0.387934    -0.243525    -0.888934
    0.919824    0.0410004     0.390182
  -0.0585724    -0.969028     0.239905
   -0.370652      0.26474    -0.890241
   -0.926236   -0.0345825     0.375355
   0.0685848     0.963699      0.25803
    0.347463    -0.146189    -0.926228
    0.935352   -0.0157243     0.353368
  -0.0662227    -0.989132     0.131274
    0.426543    0.0818204    -0.900759
    0.899464    -0.142978     0.412943
  -0.0950015    -0.986338    -0.134581
   -0.546621     0.435935    -0.714959
   -0.824031    -0.128187     0.551852
    0.148923     0.890802     0.429294
     0.52164     0.156447    -0.838699
    0.844647    -0.233266     0.481828
   -0.120259    -0.959745    -0.253824
    0.519657      0.04228    -0.853328
    0.843694    -0.182828     0.504731
   -0.134673    -0.982235    -0.130679
   -0.543006      0.55453    -0.630587
   -0.823847    -0.206446     0.527879
    0.162543     0.806149      0.56895
   -0.498863     0.498848    -0.708722
   -0.859512    -0.179801     0.478446
    0.111243     0.847834     0.518461
    0.512419     0.768169    -0.383853
    0.845276    -0.372364     0.383214
    -0.15144     0.520829     0.840121
   -0.494296     0.529504    -0.689418
   -0.860072    -0.182679     0.476345
    0.126285     0.828404     0.545709
   -0.487337    -0.649853    -0.583261
   -0.860886     0.245716     0.445532
    0.146214    -0.719246     0.679196
   -0.534097     0.499004    -0.682448
   -0.825751    -0.134785     0.547694
    0.181318     0.856054     0.484041
    0.503654     0.807485    -0.307085
    0.847019    -0.391622     0.359431
   -0.169973     0.441136     0.881197
   -0.526226    -0.641982    -0.557625
   -0.825875     0.229666     0.514961
    0.202528    -0.731514     0.651052
    0.476833    -0.392425    -0.786532
    0.872318     0.101197     0.478351
   -0.108123      -0.9142     0.390574
   -0.468935     0.377805     -0.79835
    -0.87447   -0.0715903     0.479768
    0.124105     0.923113     0.363951
    0.453664     -0.10726    -0.884694
    0.885107   -0.0613952     0.461319
   -0.103797    -0.992334    0.0670834
   -0.460531    -0.474436    -0.750214
   -0.882963      0.33153     0.332361
   0.0910339     0.815474    -0.571589
     0.48099   -0.0891932    -0.872177
    0.871501   -0.0598129     0.486733
  -0.0955807    -0.994217    0.0489626
     0.46617    -0.235817    -0.852687
    0.880972    0.0354068     0.471842
  -0.0810773    -0.971152     0.224253
    0.483065    -0.294661    -0.824514
    0.871523    0.0712166     0.485156
  -0.0842376    -0.952944     0.291206
   -0.499686     0.542576    -0.675223
   -0.860645    -0.222791     0.457881
   0.0980014     0.809923     0.578291
   -0.466434  0.000799512    -0.884556
   -0.881844    0.0778253     0.465074
   0.0692126     0.996967   -0.0355953
    0.430008     0.876593     0.216049
    0.901556    -0.429611   -0.0512948
  -0.0478523    -0.216837     0.975034
   -0.434386    -0.724081     0.535738
   -0.899264     0.382516    -0.212147
   0.0513169     0.573924     0.817299
    0.436706     0.248938    -0.864476
    0.897513    -0.186052     0.399819
  -0.0613077    -0.950481    -0.304675
   -0.440562    -0.582675    -0.682932
   -0.895818     0.334874     0.292182
   0.0584488     0.740506    -0.669503
   -0.437578     -0.59687    -0.672511
   -0.897601     0.334267     0.287365
   0.0532785     0.729391    -0.682019
    0.444688     0.332208    -0.831799
    0.893575    -0.228258     0.386551
  -0.0614491     -0.91517    -0.398357
    -0.43943     -0.44086    -0.782652
   -0.896495     0.270088     0.351211
   0.0565504     0.855976    -0.513913
     0.44434     0.221124    -0.868139
     0.89402    -0.171502     0.413903
  -0.0573638    -0.960047    -0.273894
   -0.438332    -0.335306    -0.833928
   -0.897109     0.220311     0.382959
   0.0553146     0.915988    -0.397375
   -0.438114    -0.664933     0.604913
   -0.897337     0.363412    -0.250436
   0.0533094     0.652531     0.755885
    -0.43211    -0.530206    -0.729495
   -0.899963      0.30542     0.311102
   0.0578548     0.790949    -0.609141
   -0.428848    -0.550531    -0.716244
   -0.901369       0.3136     0.298646
      0.0602     0.773673    -0.630718
    0.451765     0.129983    -0.882617
    0.890144    -0.131762     0.436214
  -0.0595949    -0.982722    -0.175229
    -0.44697    -0.524397    -0.724724
   -0.892982     0.309488     0.326803
   0.0529187     0.793237    -0.606609
    0.452571    -0.194769    -0.870198
     0.88905    0.0229666     0.457235
  -0.0690698     -0.98058     0.183553
    0.449192    -0.140851    -0.882263
    0.889926   -0.0169044     0.455792
  -0.0791131    -0.989886     0.117754
   -0.441281     -0.71523     0.541957
   -0.894819     0.396215    -0.205702
   0.0676071     0.575725     0.814843
   -0.433427    -0.900745   -0.0282556
   -0.898196     0.429222    0.0949357
    0.073385   -0.0665268     0.995082
   -0.442284    -0.896797      0.01185
   -0.892552      0.44141    0.0922378
   0.0879492   -0.0302186     0.995666
   -0.430488    -0.407091    -0.805578
   -0.900508     0.254388     0.352665
    0.061363     0.877248      -0.4761
   -0.417955    -0.530535     -0.73746
   -0.906107     0.301937     0.296319
   0.0654586     0.792065    -0.606917
   -0.419645    -0.396337    -0.816587
    -0.90569     0.242494     0.347739
    0.060196     0.885502     -0.46072
   -0.401651    -0.484065    -0.777404
   -0.913444     0.272515      0.30225
   0.0655454     0.831515    -0.551622
   -0.401284     -0.51231    -0.759283
    -0.91298     0.290459     0.286532
   0.0737479     0.808191    -0.584285
   -0.399761    -0.517804    -0.756353
   -0.914844     0.276715      0.29409
   0.0570134     0.809511     -0.58433
   -0.367295    -0.415142    -0.832317
   -0.926995     0.236498     0.291116
   0.0759865     0.878479    -0.471699
    -0.36393    -0.433142    -0.824587
   -0.929237     0.229506     0.289562
   0.0638258     0.871617    -0.486015
   -0.328478    -0.416466    -0.847737
   -0.941598     0.214839     0.259304
   0.0741357     0.883403    -0.462713
   -0.371707    -0.536711    -0.757479
   -0.924203     0.290977     0.247349
   0.0876539     0.792006    -0.604188
   -0.330661    -0.394269    -0.857447
   -0.939667     0.221956     0.260309
    0.087684     0.891789    -0.443874
   -0.338483    -0.383019    -0.859491
   -0.935132     0.238533     0.261974
    0.104676     0.892412    -0.438913
    0.374272     0.292775    -0.879888
    0.925389    -0.179103     0.334032
  -0.0597943    -0.939258    -0.337963
   -0.335012    -0.233742    -0.912761
   -0.939715     0.153401     0.305622
   0.0685819     0.960121    -0.271042
   -0.410882    -0.582107     -0.70166
   -0.910223     0.305547     0.279528
    0.051675      0.75352    -0.655391
   -0.430696    -0.480829    -0.763744
   -0.901067     0.276724     0.333919
   0.0507881     0.832002    -0.552442
   -0.424233     -0.39675    -0.814012
   -0.903992     0.238315     0.354972
   0.0531565     0.886451     -0.45976
      0.5206     0.143045    -0.841732
    0.825157    -0.337514     0.452991
   -0.219298    -0.930388    -0.293744
     0.49872    -0.244821    -0.831469
    0.845933   -0.0715591     0.528466
   -0.188879    -0.966924     0.171415
   -0.492952    -0.869758    0.0227883
   -0.845687     0.485135     0.222391
    0.204482   -0.0903564     0.974691
   -0.514096   -0.0266951    -0.857317
   -0.824625     0.290401     0.485449
    0.236006     0.956533    -0.171307
   -0.469035     0.622019    -0.626976
   -0.866392    -0.186305     0.463309
    0.171378     0.760515     0.626296
   -0.488432    -0.389112    -0.781042
    -0.84532     0.433059      0.31288
    0.216491     0.813051    -0.540444
    0.469009     0.260638    -0.843859
     0.86342    -0.336358     0.375991
   -0.185842    -0.904948    -0.382795
   -0.456507    -0.334325    -0.824517
   -0.870095      0.36132     0.335234
    0.185837     0.870445     -0.45584
    0.511012     0.379801    -0.771115
      0.8204    -0.483232     0.305664
   -0.256536    -0.788821    -0.558526
   -0.484297    -0.750286      0.45003
   -0.842541      0.53856  -0.00881432
    0.235755     0.383438      0.89297
    0.502339     0.860783   -0.0819017
    0.821001    -0.445103     0.357548
   -0.271316     0.246852     0.930297
    0.445614     0.248821    -0.859951
    0.883759    -0.275518     0.378232
    -0.14282    -0.928535    -0.342673
    -0.43746    -0.248807    -0.864132
   -0.886799     0.278645     0.368706
    0.149049     0.927606    -0.342538
   -0.422971     -0.45163    -0.785574
   -0.899542     0.313732     0.303968
    0.109179     0.835226     -0.53896
   -0.431615    -0.531852    -0.728589
   -0.895282     0.351379     0.273866
    0.110355     0.770497    -0.627819
   -0.454724      0.49221    -0.742263
   -0.878825    -0.112719     0.463638
     0.14454     0.863147     0.483823
    0.441397    -0.108678    -0.890706
     0.88952   -0.0775358      0.45027
   -0.117996    -0.991049    0.0624469
   -0.460787     0.590247    -0.662785
    -0.87681    -0.187139     0.442926
    0.137403     0.785231     0.603766
   -0.478503     0.548197    -0.685941
   -0.863227    -0.150575     0.481837
    0.160856     0.822683     0.545269
   -0.446982      0.58827    -0.673903
   -0.887389    -0.196513     0.417041
    0.112902     0.784424     0.609862
    0.491348     0.860672    -0.133498
    0.823964     -0.40967     0.391477
   -0.282243     0.302349     0.910453
    0.466785     0.868518     0.166697
    0.852444    -0.492058     0.176686
   -0.235479   -0.0596256     0.970049
    0.449711     0.891912   -0.0474548
    0.857105    -0.415995     0.303842
    -0.25126     0.177315      0.95154
    0.466846     0.879331    -0.093982
    0.834493    -0.402862      0.37593
   -0.292705     0.253929      0.92187
   -0.435963    -0.820507    -0.369735
   -0.877508      0.29635     0.377036
     0.19979     -0.48882     0.849199
   -0.424915    -0.847861    -0.317142
   -0.865981     0.278679     0.415229
    0.263675    -0.451076     0.852646
   -0.408502    -0.850132    -0.332268
   -0.887682     0.285282     0.361434
    0.212477    -0.442595     0.871185
   -0.377895    -0.866101    -0.327206
   -0.896276     0.253608     0.363831
    0.232132    -0.430757     0.872103
     0.44896      0.85888    -0.246495
    0.837432    -0.308214     0.451344
   -0.311677     0.409058      0.85763
    0.401608      0.88678    -0.228761
    0.873119    -0.295371     0.387839
   -0.276358     0.355495     0.892888
    0.420685     0.888212    -0.184672
     0.84592    -0.310503     0.433597
   -0.327785     0.338625     0.881981
   -0.390638     -0.79114    -0.470637
   -0.906756      0.24254     0.344917
     0.15873    -0.561491     0.812117
   -0.368301    -0.858652    -0.356471
   -0.912485     0.260394     0.315541
    0.178117    -0.441488      0.87941
   -0.360811    -0.851808    -0.379787
   -0.922666     0.266623     0.278569
    0.136027    -0.450927     0.882135
    0.383539     0.885936    -0.260796
     0.91622    -0.329571      0.22787
   -0.115927     0.326343     0.938116
   -0.417558    -0.761195    -0.496213
   -0.896018     0.254188     0.364062
     0.15099    -0.596633     0.788182
   -0.403543     0.589203    -0.699995
   -0.908441     -0.16685      0.38327
     0.10903      0.79057     0.602587
   -0.432596    -0.725855    -0.534785
    -0.89012     0.249541     0.381334
    0.143342    -0.640986     0.754049
     0.44837    -0.284822    -0.847255
    0.872808   -0.0649424     0.483724
   -0.192798    -0.956378     0.219476
   -0.417587    -0.691421     -0.58954
   -0.902379     0.239553     0.358228
     0.10646     -0.68158     0.723958
   -0.355734    -0.715791    -0.600913
   -0.934136     0.252338      0.25242
   0.0290468    -0.651128     0.758411
    0.366279    -0.611186    -0.701635
    0.930262     0.223296     0.291121
  -0.0212566    -0.759336     0.650351
    0.372623     0.660294    -0.652046
    0.927348    -0.238972     0.287955
  -0.0343139     0.711972     0.701369
   -0.385808    -0.773429    -0.502952
   -0.922182     0.307309     0.234821
   0.0270553    -0.554409     0.831804
   -0.386627    -0.723304    -0.572146
   -0.922169      0.29575     0.249269
    0.011085     -0.62399     0.781354
   -0.387251     0.636744    -0.666779
   -0.920833    -0.231135     0.314076
   0.0458699     0.735618     0.675842
   -0.398302     0.515587    -0.758634
   -0.916891    -0.200526     0.345109
   0.0258077     0.833042     0.552607
   -0.401334     0.531189     -0.74617
   -0.914909       -0.194     0.353985
   0.0432761     0.824744     0.563848
   -0.408845    -0.672989     0.616386
   -0.911173     0.338831    -0.234429
    0.051082      0.65748     0.751739
   -0.400898    -0.820385    -0.407737
   -0.916067     0.354061     0.188315
   0.0101267    -0.449009      0.89347
   -0.407421    -0.782662     0.470583
   -0.912781     0.365331    -0.182657
   0.0289599     0.503957     0.863243
    0.409124     0.833147     0.372134
    0.912392    -0.379146    -0.154238
  -0.0125901    -0.402634     0.915274
    0.408252    -0.224439    -0.884849
    0.909964    0.0227896      0.41406
  -0.0727659    -0.974222     0.213536
   -0.412541    -0.563554    -0.715693
   -0.907877     0.318727     0.272346
   0.0746287     0.762115    -0.643126
    0.393708     0.867622    -0.303689
    0.916396    -0.344507     0.203796
  -0.0721952     0.358535      0.93072
   -0.378273    -0.722816    -0.578314
   -0.922214     0.240141     0.303072
   0.0801886    -0.647973      0.75743
   -0.371439     0.487904    -0.789926
   -0.927092    -0.148788     0.344038
   0.0503259     0.860123     0.507597
   -0.356072    -0.726241    -0.588037
   -0.932075     0.231108     0.278972
   0.0667012    -0.647428     0.759202
   -0.349552    -0.702267    -0.620189
   -0.931657     0.190496     0.309396
   0.0991356    -0.685954      0.72086
   -0.351962    -0.753914     -0.55474
    -0.93483     0.253322     0.248839
   0.0470755    -0.606169     0.793941
   -0.417239    -0.701736     0.577476
    -0.90854     0.337203    -0.246679
   0.0216232     0.627584     0.778249
   -0.415207    -0.688262     0.594894
   -0.909021     0.339635    -0.241511
   0.0358239     0.641048     0.766664
   -0.421522    -0.755651     0.501308
   -0.905409      0.38152    -0.186221
   0.0505408     0.532385     0.844992
   -0.422548    -0.709227     0.564315
   -0.905825     0.351458    -0.236554
   0.0305623     0.611126     0.790943
   -0.422388     -0.82677     0.371538
   -0.903621     0.416249    -0.101029
   0.0711247     0.378402     0.922905
   -0.426726    -0.793914     0.433135
   -0.902565     0.404188    -0.148355
   0.0572866     0.454239     0.889036
    0.429913     0.893868     0.127182
    0.899901    -0.435642    0.0198714
  -0.0731681    -0.105908      0.99168
   -0.427301    -0.762578     0.485684
   -0.903226     0.383799    -0.192044
   0.0399568     0.520743     0.852778
    -0.43522    -0.568562    -0.698084
    -0.89586     0.350601     0.272972
   0.0895472     0.744189     -0.66194
    0.428483     0.844714    -0.320719
    0.898778    -0.362032     0.247249
  -0.0927443     0.394197     0.914334
   -0.422077     -0.71551     0.556683
   -0.902552     0.389331    -0.183904
   0.0851488     0.580057     0.810113
     -0.4164    -0.634237    -0.651425
   -0.907304     0.335898     0.252927
   0.0583965      0.69636    -0.715313
    0.666768    0.0900392    -0.739806
    0.599159    -0.655099     0.460276
   -0.443203    -0.750159    -0.490747
   -0.680834   0.00860459    -0.732388
   -0.581627     0.601398     0.547751
     0.44517     0.798903    -0.404447
    0.667016    -0.268061    -0.695149
    0.617232    -0.323737     0.717091
    -0.41727     -0.90738   -0.0504816
    0.671529    -0.328197    -0.664331
     0.61734    -0.248044     0.746569
   -0.409805    -0.911461     0.036041
    0.680472   -0.0628223    -0.730076
    0.576527    -0.569071     0.586324
   -0.452299    -0.819885    -0.351018
    0.658484   -0.0522051    -0.750782
    0.657484    -0.445528     0.607635
   -0.366216    -0.893745    -0.259049
    0.675567     0.660035    -0.328578
    0.612133    -0.253695     0.748954
   -0.410977     0.707102     0.575417
    0.661969   -0.0278469    -0.749014
    0.654604    -0.465276     0.595829
