  -0.0669057    -0.834373     0.547124
   -0.990658  -0.00975684    -0.136023
    0.118832    -0.551113    -0.825926
  -0.0823454    -0.890624     0.447222
   -0.991288    0.0269103    -0.128932
    0.102795    -0.453943    -0.885082
   -0.102781    -0.885192      0.45373
   -0.990848    0.0509837    -0.124986
   0.0875038    -0.462423    -0.882331
   -0.114065    -0.859551     0.498157
    -0.99022    0.0578225    -0.126965
   0.0803281    -0.507768    -0.857741
   -0.129446    -0.936097     0.327057
   -0.989391    0.0999949    -0.105388
   0.0659494    -0.337229     -0.93911
   -0.140489    -0.887918    -0.438023
   -0.988671     0.102197     0.109935
    0.052849    -0.448505     0.892216
   -0.148139    -0.853286    -0.499958
    -0.98804     0.105816     0.112161
   0.0428021    -0.510594     0.858756
   -0.138641    -0.886555      0.44136
   -0.988885    0.0997584    -0.110246
   0.0537101    -0.451739    -0.890532
   -0.142806     0.461844    -0.875389
    -0.98943     -0.04411     0.138138
   0.0251847     0.885863     0.463262
   -0.136007    -0.858245     0.494892
   -0.989555    0.0935972    -0.109634
   0.0477726    -0.504634     -0.86201
   -0.126457    -0.876041     0.465361
   -0.991904     0.106167   -0.0696816
    0.011638    -0.470405    -0.882374
   -0.121602    -0.872726     0.472824
   -0.992195    0.0936284   -0.0823574
   0.0276058    -0.479148      -0.8773
    0.141441     0.985173   -0.0970996
    0.973947    -0.120921      0.19185
   -0.177264     0.121705     0.976609
    0.165969     0.984189    0.0618519
    0.968145    -0.174546     0.179523
   -0.187481   -0.0300862     0.981807
    0.146272     0.984399    0.0977868
    0.973676    -0.160733      0.16162
   -0.174816   -0.0715723     0.981996
    -0.16882    -0.926171     0.337204
   -0.968314      0.21972     0.118703
    0.184029      0.30648     0.933918
    0.185914     0.943519     0.274239
    0.963001    -0.230392     0.139819
   -0.195105    -0.238098     0.951443
   -0.150637     -0.89074     0.428825
   -0.973757     0.208548    0.0911286
    0.170602     0.403844     0.898779
    0.184603     0.628789    -0.755345
    0.964394    -0.263991    0.0159331
   -0.189386    -0.731391    -0.655134
   -0.169616    -0.578902    -0.797561
    -0.96942      0.24365    0.0293144
    0.177355     0.778144    -0.602526
    0.179924     0.658175    -0.731049
     0.96837    -0.249123    0.0140434
   -0.172878    -0.710452    -0.682181
    0.197699     0.679489     0.706548
    0.960025    -0.279912    0.0005681
   -0.198157    -0.678192     0.707665
    0.193288     0.673158    -0.713791
    0.963814    -0.266398   0.00975846
   -0.183583    -0.689848    -0.700291
    0.200827     0.704788     0.680399
    0.961147    -0.276029   0.00223061
   -0.189382    -0.653515     0.732838
   -0.153421    -0.538934    -0.828258
   -0.974696     0.220432    0.0371145
    0.162573     0.812994    -0.559116
   -0.167292    -0.587022    -0.792097
   -0.972921     0.228266    0.0363148
    0.159491     0.776724    -0.609314
   -0.153052    -0.518409    -0.841324
   -0.977773     0.202893    0.0528554
    0.143298     0.830714     -0.53794
   -0.132945    -0.880432     0.455154
   -0.980552     0.183733    0.0689987
    0.144375     0.437128     0.887736
   -0.132695    -0.837743     0.529697
   -0.978858     0.194693    0.0627019
    0.155656     0.510178     0.845866
   -0.112167    -0.878435     0.464511
   -0.983696     0.164291    0.0731534
    0.140575     0.448732     0.882541
   -0.104032    -0.947911    -0.301069
    -0.98391    0.0538777      0.17035
    0.145256    -0.313947     0.938263
    -0.12181    -0.943217    -0.309038
   -0.979705    0.0643207     0.189847
    0.159189    -0.325891     0.931909
       0.102     0.993157   -0.0568849
    0.983174   -0.0919335     0.157851
   -0.151541    0.0720286     0.985823
   0.0893672      0.95352    -0.287772
    0.987245   -0.0465826     0.152238
   -0.131757     0.297707     0.945521
  -0.0849863    -0.996248   -0.0163424
   -0.986554    0.0818387     0.141471
    0.139602   -0.0281457     0.989808
   0.0725904     0.994757   -0.0720349
    0.989022   -0.0624745     0.133914
   -0.128711    0.0809649     0.988371
    0.120837     0.989096   -0.0841926
    0.978946    -0.104681     0.175232
   -0.164508     0.103594     0.980921
    0.194024     0.648786     -0.73582
    0.966073    -0.256703    0.0283979
   -0.170463    -0.716366    -0.676581
    0.191169     0.600494    -0.776441
    0.967179    -0.250136    0.0446773
   -0.167387    -0.759499    -0.628604
    0.179238     0.663679    -0.726226
    0.973173    -0.227843    0.0319662
    -0.14425    -0.712473    -0.686712
   -0.178105     -0.52832    -0.830155
   -0.973236     0.219085    0.0693735
    0.145223     0.820292    -0.553201
    0.178953     0.596348    -0.782525
    0.973742    -0.221112    0.0541773
   -0.140717    -0.771673    -0.620258
    0.161348     0.230779    -0.959535
    0.980266    -0.150001     0.128757
   -0.114217    -0.961374    -0.250427
   -0.165604    -0.453686     -0.87564
   -0.979974     0.175251    0.0945355
    0.110568      0.87376    -0.473623
   -0.147505    -0.564232    -0.812333
   -0.985871     0.149789    0.0749759
    0.079375     0.811915    -0.578355
    0.157441     0.288644    -0.944403
    0.981004    -0.155461     0.116029
   -0.113326    -0.944731    -0.307637
    0.142263     0.636844    -0.757754
    0.986613    -0.152892    0.0567341
  -0.0797237    -0.755681     -0.65007
    0.137342     0.716516     0.683916
    0.987414    -0.153708   -0.0372541
  -0.0784303    -0.680425     0.728609
   -0.168044    -0.317055    -0.933401
    -0.98013     0.154962      0.12382
    0.105383     0.935662    -0.336796
   -0.154983    -0.840783     0.518714
   -0.985362     0.169301   -0.0199891
   0.0710125     0.514219     0.854714
   -0.158893    -0.779205     0.606294
   -0.985121     0.165865   -0.0450042
   0.0654954     0.604424     0.793966
    0.168049     0.203722    -0.964498
    0.980931    -0.131474     0.143142
  -0.0976451    -0.970161    -0.221931
   -0.176321     -0.51216    -0.840597
   -0.975217     0.206847    0.0785307
    0.133655     0.833611    -0.535938
   -0.171284    -0.428307    -0.887251
   -0.977498     0.186422    0.0987143
    0.123123     0.884195      -0.4506
   -0.178841    -0.486653    -0.855093
   -0.972346     0.220099    0.0781008
    0.150197     0.845414    -0.512558
   -0.186241    -0.544405    -0.817886
   -0.969256     0.238049    0.0622585
    0.160803     0.804335    -0.572003
   -0.168917    -0.431773    -0.886024
   -0.976179      0.19748    0.0898701
    0.136169     0.880099    -0.454846
   -0.152273      -0.9257     0.346255
   -0.986745     0.122508    -0.106422
   0.0560954    -0.357871    -0.932085
   -0.150398    -0.901688     0.405388
   -0.986399     0.109355    -0.122717
    0.066321     -0.41833     -0.90587
   -0.158715    -0.910717     -0.38132
   -0.983988     0.114182     0.136856
   0.0810973    -0.396935     0.914257
   -0.146116    -0.871584     0.467965
   -0.986388    0.0922908    -0.136096
   0.0754299    -0.481481    -0.873205
   -0.148414    -0.935487     0.320682
   -0.984637     0.109621    -0.135912
   0.0919906    -0.335927    -0.937385
   -0.131305    -0.943387     0.304598
   -0.986558       0.0942    -0.133529
   0.0972763    -0.318036    -0.943075
    -0.12825     -0.91763     0.376173
   -0.987854    0.0846485    -0.130304
   0.0877281    -0.388316    -0.917341
   -0.156518    -0.554277    -0.817484
   -0.980488     0.186868    0.0610248
    0.118937     0.811084     -0.57271
   -0.138467    -0.818731    -0.557232
   -0.982859    0.0444509      0.17892
    0.121718    -0.572455     0.810852
   -0.166971     -0.39174    -0.904799
   -0.980375     0.163516     0.110123
     0.10481     0.905429    -0.411354
   -0.167955    -0.880527     0.443242
   -0.982253     0.187561  0.000400996
    0.083488     0.435308     0.896402
    0.163931     0.932668    -0.321337
     0.98423     -0.13269     0.116981
  -0.0664659     0.335447     0.939712
   -0.160517    -0.692817    -0.703021
   -0.986133    0.0821614     0.144189
   0.0421354    -0.716417     0.696398
    0.161742     0.679978     0.715171
    0.985199    -0.152957   -0.0773808
  -0.0567731    -0.717101     0.694653
   -0.145915    -0.902055     0.406209
   -0.988662     0.118255   -0.0925335
    0.035434    -0.415106    -0.909083
   -0.119769    -0.846471     0.518789
   -0.988903    0.0554526    -0.137823
   0.0878948    -0.529539     -0.84372
   -0.101549    -0.864584      0.49212
    -0.99035    0.0409601    -0.132399
   0.0943124    -0.500816      -0.8604
   -0.104383     -0.92827     0.356958
   -0.989192    0.0597434      -0.1339
    0.102969    -0.367077    -0.924474
  -0.0790992    -0.884772     0.459262
   -0.991135    0.0204657    -0.131277
    0.106751    -0.465575    -0.878547
  -0.0829313    -0.837916     0.539461
    -0.99048   0.00962033    -0.137324
    0.109876    -0.545714    -0.830737
  -0.0696446     -0.76729     0.637507
   -0.990276   -0.0239713    -0.137034
    0.120427    -0.640852     -0.75816
   -0.064877     -0.90859      0.41262
   -0.990498   0.00838771    -0.137268
    0.121259    -0.417605    -0.900501
  -0.0792895    -0.968193    -0.237309
   -0.990013    0.0486452     0.132316
    0.116563     -0.24543     0.962381
   0.0653166     0.996088   -0.0595194
    0.990814   -0.0576615     0.122324
   -0.118413    0.0669624     0.990704
  -0.0986623    -0.839806    -0.533846
    -0.98801    0.0186518     0.153257
    0.118749    -0.542566     0.831577
    0.121612     0.971349    -0.204186
    0.985007   -0.0927435     0.145467
   -0.122362     0.218815     0.968064
   -0.122232    -0.919362     0.373942
   -0.987252    0.0739257    -0.140957
    0.101946    -0.386404    -0.916678
   -0.112083     -0.56439    -0.817864
   -0.992954     0.095468    0.0701981
   0.0384607     0.819969    -0.571114
    -0.11793    -0.394272    -0.911396
   -0.992269    0.0825277    0.0926931
   0.0386691     0.915281    -0.400957
    0.087293     0.164436    -0.982518
     0.99618   -0.0119351    0.0865093
  0.00249886    -0.986316     -0.16485
   0.0830753     0.270444    -0.959145
    0.996542   -0.0209695    0.0804018
  0.00163142    -0.962507    -0.271251
   0.0926202    0.0976705      -0.9909
    0.995695  -0.00560399    0.0925161
   0.0034831    -0.995203   -0.0977691
   0.0685466    -0.726652     0.683577
    0.996815    0.0218912   -0.0766863
   0.0407599     0.686656     0.725838
  -0.0722956    -0.585505    -0.807439
   -0.996482   0.00798976    0.0834283
  -0.0423964      0.81063    -0.584022
   0.0499718    -0.758891     0.649297
    0.995208   -0.0168693   -0.0963108
   0.0840426     0.650999     0.754412
  -0.0615026       0.4099    -0.910054
   -0.997275   -0.0624494    0.0392691
  -0.0407359      0.90999     0.412624
   0.0494177    -0.852082    -0.521071
    0.995456 -0.000495982    0.0952188
   0.0813926     0.523409    -0.848185
   0.0482279   -0.0669424    -0.996591
    0.996197    0.0757143     0.043123
   0.0725694     -0.99488    0.0703394
  -0.0779202    -0.920897      0.38194
    -0.99584    0.0537407   -0.0735887
  -0.0472419     0.386085     0.921253
    0.058287     0.285655    -0.956558
    0.994621     0.065564    0.0801856
   0.0856212    -0.956087    -0.280297
    0.065903    0.0490323    -0.996621
    0.994117     0.082813    0.0698117
   0.0859562    -0.995358   -0.0432862
    0.085455     0.993251   -0.0784203
    0.994914   -0.0892798    -0.046631
   0.0533177    0.0740366     0.995829
    0.111228     0.983555     0.142295
    0.993718    -0.108298   -0.0281989
    0.012325    -0.144537     0.989423
    0.119339     0.988656    0.0912027
    0.992754    -0.117525   -0.0250303
   0.0140278    -0.093529     0.995518
    -0.13216    -0.846335     0.515995
   -0.990725     0.129374   -0.0415505
    0.031591     0.516701     0.855583
    0.123668     0.277525    -0.952726
    0.991561   -0.0721838     0.107683
  -0.0388867    -0.958003     -0.28411
   -0.138968    -0.548077    -0.824803
   -0.989896     0.100572    0.0999541
   0.0281696      0.83036    -0.556515
   0.0315928    -0.339557     0.940055
     0.99325   -0.0943531   -0.0674618
    0.111604     0.935841     0.334284
  -0.0277315    -0.644508    -0.764094
   -0.991998   -0.0764437     0.100483
   -0.123172     0.760766    -0.637231
   0.0192599    0.0523726     0.998442
    0.988486     0.148907   -0.0268787
    0.150083    -0.987463    0.0489016
   0.0203488    0.0724158     0.997167
    0.989614     0.140496   -0.0303977
      0.1423    -0.987429    0.0688048
  -0.0137138    -0.733382     0.679678
   -0.987833     0.115249     0.104424
   -0.154915    -0.669976    -0.726039
  0.00797303     0.984432    -0.175583
     0.98382   -0.0391502    -0.174828
     0.17898     0.171348     0.968817
 -0.00466413    -0.998136   -0.0608578
   -0.983516    0.0155798    -0.180149
   -0.180762   -0.0590143     0.981755
 -0.00236407    -0.998084   -0.0618254
    0.977574   -0.0153258     0.210033
    0.210578    0.0599424    -0.975738
 -0.00763449    -0.162216     0.986726
   -0.984589     0.173627     0.020926
   -0.174717     -0.97136    -0.161042
 0.000637832    -0.993612    -0.112851
    0.978387   -0.0227153      0.20553
     0.20678     0.110543    -0.972123
  0.00555226    -0.767223    -0.641356
   -0.979007     0.126511    -0.159814
   -0.203751     -0.62878     0.750414
 0.000945706    -0.976159    -0.217056
   -0.982905    0.0390556    -0.179926
   -0.184113    -0.213516     0.959434
   0.0092906     0.999569    0.0278356
   -0.977012   0.00314494      0.21316
   -0.212981    0.0291761    -0.976621
  -0.0158717     0.999829   0.00947327
    0.977615    0.0135296     0.209967
    0.209803    0.0125937    -0.977663
 -0.00830589    -0.959387    -0.281972
     0.98196   -0.0610958     0.178948
    0.188908     0.275399    -0.942586
   0.0135199    -0.399047     0.916831
    0.988047    -0.135482    -0.073538
    0.153559     0.906866     0.392446
   0.0111845    -0.823658    -0.566977
    0.987703   -0.0793261     0.134722
    0.155941     0.561512    -0.812642
   0.0272039    0.0343943    -0.999038
    0.991126     0.129155     0.031435
    0.130112    -0.991028   -0.0305756
    0.030223    -0.240797     0.970105
    0.991907    -0.112516   -0.0588307
    0.123319     0.964032     0.235448
   0.0386861    -0.556273     0.830099
    0.992654    -0.073908   -0.0957897
    0.114636     0.827707     0.549327
   0.0212728    -0.909233     0.415743
   -0.980599    0.0620769     0.185938
   -0.194869    -0.411633    -0.890272
   -0.013545    -0.979316    -0.201882
   -0.984196    0.0487092    -0.170252
   -0.176564    -0.196386     0.964499
 -0.00289797    -0.993372    -0.114909
   -0.983898    0.0233679    -0.177198
   -0.178709    -0.112546     0.977444
   0.0315839    -0.916934    -0.397788
    0.987686   -0.0323798     0.153059
    0.153226     0.397724     -0.90462
   0.0411749     0.993842    -0.102877
    0.988461   -0.0555399    -0.140926
    0.145772    0.0958873      0.98466
   0.0208562    -0.865463     0.500539
     0.98753   -0.0603058    -0.145421
    0.156042      0.49733     0.853413
   0.0703512    -0.684123     0.725966
    0.990671   -0.0372306    -0.131088
    0.116708     0.728416     0.675122
   0.0489884    -0.909043    -0.413813
     0.99101  -0.00740207     0.133579
    0.124492     0.416637    -0.900509
   0.0873372    0.0636113    -0.994146
    0.991953    0.0862687    0.0926645
   0.0916582    -0.994239    -0.055565
  -0.0683698    -0.912541      0.40323
   -0.991017     0.108686    0.0779316
   -0.114941     -0.39428    -0.911774
   0.0906542     0.992115     0.086545
    0.991891   -0.0821765   -0.0969506
   0.0890742   -0.0946322     0.991519
  -0.0858792    -0.939798     0.330765
   -0.992709     0.108901    0.0516741
  -0.0845838    -0.323915    -0.942297
   0.0421449    -0.759865     0.648714
    0.991649   -0.0473952     -0.11994
    0.121884     0.648351     0.751522
  -0.0746247    -0.709548     0.700694
   -0.993208   -0.0100123    -0.115917
  -0.0892639     0.704586     0.703982
   0.0118429     -0.84408     0.536086
    0.987468   -0.0745054    -0.139125
    0.157374     0.531016      0.83262
  -0.0111604     -0.95391    -0.299886
    0.981708   -0.0674572     0.178041
    0.190064     0.292413    -0.937214
 -0.00545511    -0.996281   -0.0859863
    0.983112   -0.0210728      0.18179
    0.182926    0.0835424    -0.979571
   0.0245595    -0.947333    -0.319306
   -0.978412     0.042784    -0.202188
   -0.205201    -0.317379     0.925831
   0.0219619    -0.986557    -0.161936
   -0.977774    0.0125856    -0.209282
   -0.208507    -0.162933     0.964354
   0.0231065    -0.866034     0.499452
   -0.979788    0.0796761     0.183484
   -0.198698    -0.493596    -0.846689
   -0.107392    -0.917624     0.382666
   -0.992888     0.118879   0.00642305
  -0.0513851    -0.379255    -0.923864
   -0.116134    -0.896545     0.427457
   -0.991582     0.129464   0.00213619
  -0.0572553     -0.42361    -0.904033
   -0.130526    -0.836486     0.532216
   -0.991165     0.122851   -0.0499985
  -0.0235601     -0.53404    -0.845131
   -0.121958    -0.842869     0.524117
   -0.992289      0.11531   -0.0454605
  -0.0221186     -0.52562    -0.850432
   -0.135734    -0.990616    0.0159989
   -0.990479     0.135306   -0.0253671
  -0.0229643    0.0192898      0.99955
   -0.143645    -0.834274      0.53231
   -0.989562     0.114811   -0.0870963
   0.0115473    -0.539264    -0.842057
   -0.149015    -0.785849    -0.600196
   -0.988793     0.112801    0.0978021
   0.0091551    -0.608043     0.793851
   -0.123223    -0.863077     0.489811
   -0.992376     0.108456   -0.0585487
 -0.00259083    -0.493291    -0.869861
    0.145772     0.964487     0.220264
     0.98916    -0.146078    -0.014989
   -0.017719    -0.220061     0.975325
    0.125597     0.980581      0.15062
    0.991954     -0.12169   -0.0349203
   0.0159132    -0.153794     0.987975
   0.0972616     0.970432     -0.22091
    0.993705    -0.107084   -0.0329032
   0.0555863     0.216319     0.974739
   -0.106511    -0.475078    -0.873474
   -0.992596 -0.000773841     0.121458
  -0.0583778     0.879944    -0.471478
   -0.126756    -0.878676     0.460285
   -0.991926     0.114128   -0.0552959
   -0.003944    -0.463578    -0.886048
   -0.112778    -0.906721     0.406371
   -0.993015     0.117125   -0.0142492
  -0.0346763    -0.405139    -0.913597
   -0.117985    -0.864082    -0.489327
   -0.992596     0.116943    0.0328272
   -0.028858    -0.489577     0.871482
   -0.105043    -0.934606     0.339819
   -0.993294     0.115199   0.00979069
  -0.0482974    -0.336512     -0.94044
  -0.0966655    -0.862838     0.496152
   -0.993788     0.111285 -8.83989e-05
  -0.0551381    -0.493078    -0.868236
  -0.0832697    -0.898839     0.430296
   -0.994306     0.103755    0.0243163
  -0.0665017    -0.425821     -0.90236
  -0.0785971    -0.908396     0.410657
   -0.994517    0.0999504    0.0307518
  -0.0689801    -0.405989    -0.911271
  -0.0822793    -0.902695    -0.422341
   -0.992932     0.110624   -0.0430026
  -0.0855392    -0.415818     0.905416
  -0.0584038    -0.883353     0.465055
   -0.991991     0.103614    0.0722318
   -0.111992    -0.457112     -0.88233
  -0.0411455    -0.991346    -0.124659
   -0.989362    0.0578476    -0.133478
   -0.139534    -0.117841     0.983181
  -0.0301783    -0.947029     0.319726
   -0.990214    0.0719296     0.119591
   -0.136254    -0.312989    -0.939932
     -0.0181      -0.9012     0.433026
   -0.986223     0.087317     0.140498
   -0.164427    -0.424518    -0.890364
  -0.0139159    -0.964714    -0.262933
   -0.987876    0.0539273    -0.145578
    -0.15462     -0.25772     0.953768
  0.00711656    -0.977866    -0.209113
   -0.985354    0.0287709    -0.168074
    -0.17037    -0.207247     0.963339
   0.0106661    -0.883333    -0.468624
   -0.983047    0.0765265    -0.166623
   -0.183046    -0.462457     0.867541
 -0.00733076    -0.888464     0.458888
   -0.989971    0.0711927     0.122023
   -0.141083    -0.453391    -0.880075
   0.0177473    -0.928221     0.371605
   -0.987831    0.0411582     0.149985
   -0.154514    -0.369745    -0.916196
   0.0107403    -0.976759    -0.214071
   -0.990541    0.0188949     -0.13591
   -0.136796    -0.213506     0.967317
  -0.0188142    -0.951074    -0.308391
   -0.989758    0.0613719    -0.128888
   -0.141508    -0.302807     0.942488
  -0.0396182    -0.944731     0.325444
    -0.99097    0.0789035     0.108412
   -0.128099    -0.318211    -0.939326
   0.0557769     0.992027      0.11301
    0.990998   -0.0412082    -0.127379
    0.121707    -0.119097     0.985395
  -0.0740106    -0.979179    -0.189027
   -0.991971     0.091775   -0.0870129
   -0.102549    -0.181069     0.978109
  -0.0623787    -0.950593      0.30411
   -0.992011    0.0925296    0.0857508
   -0.109653    -0.296331     -0.94877
   0.0289897    -0.550864     0.834091
    0.989936   -0.0998069    -0.100322
    0.138512     0.828605     0.542427
   0.0121132    -0.902299     0.430941
   -0.990364    0.0486352      0.12967
    -0.13796    -0.428359    -0.893015
    -0.48548    -0.706988    -0.514273
   -0.866236     0.309548     0.392192
    0.118083    -0.635884     0.762698
       0.519     0.104476    -0.848365
    0.848216    -0.185662     0.496044
   -0.105685    -0.977044    -0.184977
    -0.48612    -0.537471    -0.689067
   -0.870437     0.367845     0.327154
   0.0776339     0.758825    -0.646651
     0.52194     0.730876     0.439771
    0.850052    -0.488383    -0.197214
  -0.0706383    -0.476762      0.87619
    0.542873     0.351411    -0.762758
    0.834463    -0.328081     0.442757
  -0.0946573    -0.876854    -0.471346
    0.500737    -0.141557    -0.853946
    0.864458    0.0311246     0.501741
  -0.0444464    -0.989441     0.137955
    0.537465     0.674121     0.506648
    0.840256    -0.478989    -0.254045
  -0.0714214    -0.562255     0.823874
    0.518402     0.207238    -0.829646
    0.853657    -0.182473     0.487825
  -0.0502915    -0.961122    -0.271505
    0.523684    0.0461937    -0.850659
    0.849603    -0.101803     0.517505
  -0.0626943    -0.993731    -0.092559
     0.55553     0.173586    -0.813176
    0.826242     -0.22501     0.516424
  -0.0933289    -0.958769    -0.268424
    0.544023    0.0431315    -0.837961
    0.834826    -0.128142     0.535392
  -0.0842854    -0.990818    -0.105719
    0.559422   -0.0825889    -0.824758
    0.822661   -0.0663593     0.564645
   -0.101364    -0.994372    0.0308198
   -0.493379    -0.445519    -0.747054
   -0.869382     0.279648     0.407395
   0.0274103     0.850476    -0.525299
   -0.502235    -0.569702    -0.650538
   -0.863677     0.367622     0.344843
   0.0426941     0.735047    -0.676671
   -0.486095    -0.670702     0.560242
   -0.873463     0.393282     -0.28704
    0.027815     0.628879     0.777005
   -0.472492    -0.763426     0.440378
   -0.881181     0.418541    -0.219869
   0.0164625     0.491939     0.870474
   -0.473533    -0.538735    -0.696801
   -0.880429     0.311729     0.357309
   0.0247182     0.782681    -0.621931
    0.454797     0.799157     0.393076
    0.890449    -0.416043    -0.184418
  -0.0161576    -0.433886     0.900823
    -0.43666     -0.60005    -0.670274
   -0.898956     0.319793     0.299349
   0.0347242     0.733261     -0.67906
   -0.462773    -0.453159    -0.761897
   -0.884871     0.287844     0.366264
   0.0533314     0.843678    -0.534194
   -0.424366    -0.808613    -0.407503
   -0.903254     0.346418     0.253232
   0.0635998    -0.475542     0.877391
     0.41154    -0.461812    -0.785725
    0.911039     0.184465     0.368756
  -0.0253575    -0.867584     0.496643
    0.393071     0.919108    0.0271303
    0.918583    -0.393827    0.0332399
  -0.0412357   -0.0118559     0.999079
    0.353584    0.0627704    -0.933294
    0.934722   -0.0617687      0.34997
  -0.0356806    -0.996115   -0.0805133
    0.447712     0.891378   -0.0707047
    0.889728    -0.436209     0.134559
  -0.0891009     0.123152      0.98838
    0.555401    0.0593289    -0.829464
    0.822347    -0.187427      0.53723
   -0.123591    -0.980485    -0.152886
    0.537782    -0.134581    -0.832273
    0.836797     -0.03513     0.546386
   -0.102771     -0.99028    0.0937246
    0.525866     0.241406    -0.815591
    0.841781    -0.285181     0.458341
   -0.121945    -0.927575    -0.353178
   -0.544624   -0.0194423    -0.838455
   -0.826118     0.184819     0.532325
    0.144613      0.98258    -0.116719
    0.506212     0.349328    -0.788492
    0.856152    -0.313495     0.410761
   -0.103698    -0.883001    -0.457773
    0.513598    0.0335703    -0.857374
     0.84551    -0.189886     0.499056
    -0.14605    -0.981232    -0.125909
   -0.496462     0.477603     -0.72486
   -0.858934    -0.149525      0.48977
    0.125531     0.865759     0.484463
   -0.486645     0.324381    -0.811144
   -0.861369   -0.0233394     0.507444
    0.145673     0.945639     0.290769
    0.534876     0.829672     0.159851
    0.827463    -0.552629    0.0995279
   -0.170914   -0.0790359     0.982111
    0.502459    0.0234626    -0.864283
    0.846901    -0.214592     0.486528
   -0.174053    -0.976422    -0.127694
   -0.523935    -0.722738    -0.450712
   -0.828641      0.31006     0.466066
    0.197096    -0.617667     0.761341
    0.478812    0.0749879    -0.874709
    0.872109    -0.155045     0.464097
   -0.100818    -0.985057    -0.139635
    0.466735    -0.227572    -0.854616
    0.876141   -0.0127521     0.481886
   -0.120562    -0.973678     0.193433
    0.447422     0.284916    -0.847724
    0.888597    -0.248725     0.385398
   -0.101044    -0.925721     -0.36446
    -0.46139    -0.652685     0.600933
   -0.883261      0.40166    -0.241907
   0.0834815     0.642395     0.761814
    0.488788     0.702809      0.51686
     0.86867    -0.446832    -0.213903
  -0.0806165    -0.553534     0.828915
   -0.471573    -0.814644     0.337601
   -0.879432     0.462658     -0.11201
   0.0649459     0.349718     0.934601
   -0.496692    -0.654676     0.569822
   -0.865651     0.421191    -0.270642
   0.0628211     0.627692     0.775923
    0.516852    -0.174417    -0.838119
    0.852006   0.00946299     0.523446
  -0.0833667    -0.984626     0.153495
    0.482887     0.872914    0.0695812
    0.874459    -0.484886     0.014356
  -0.0462705   -0.0539136     0.997473
    -0.42673    -0.429656      -0.7958
   -0.902178     0.263589      0.34146
   0.0630542     0.863664    -0.500108
    0.439371     0.895601    0.0696469
    0.896398    -0.442169    0.0309512
  -0.0585157   -0.0488322     0.997091
   -0.439193    -0.792139    -0.423823
   -0.896212     0.353458     0.268089
   0.0625597    -0.497578      0.86516
   -0.445045    -0.757274     0.477988
   -0.893835      0.40826    -0.185427
   0.0547246     0.509765     0.858571
   -0.448645    -0.752202     0.482607
   -0.892118     0.409159    -0.191612
   0.0533319     0.516508      0.85462
   -0.452127     0.369657    -0.811748
   -0.890236    -0.130567     0.436385
   0.0553252     0.919949     0.388115
   -0.454108    -0.598294    -0.660175
   -0.889881     0.340811     0.303249
   0.0435631     0.725185    -0.687175
   -0.457192    -0.709143     0.536742
   -0.888362     0.392838     -0.23768
   0.0423036     0.585487     0.809577
   -0.460111    -0.644508     0.610662
   -0.887398     0.356044    -0.292843
   0.0286826      0.67664     0.735755
   -0.452443     -0.33272    -0.827401
    -0.89037     0.220924     0.398037
   0.0503582     0.916782      -0.3962
   -0.456418    -0.533931    -0.711758
   -0.888984     0.307177     0.339633
   0.0372954     0.787756    -0.614857
   -0.457582    -0.336832    -0.822899
    -0.88799     0.220723      0.40343
   0.0457443     0.915328    -0.400102
   -0.467559    -0.538533    -0.700979
   -0.882896     0.323434     0.340419
   0.0433935     0.778057    -0.626693
   -0.470288    -0.518595    -0.714065
   -0.882121     0.300352     0.362837
   0.0263053      0.80053    -0.598715
   -0.455243    -0.581733    -0.674048
   -0.888329     0.347956     0.299663
   0.0602155     0.735196    -0.675175
    0.448307    -0.141832    -0.882556
    0.890762   -0.0115046     0.454324
  -0.0745912    -0.989824     0.121181
   -0.443428       0.5101       -0.737
   -0.893779    -0.189901      0.40632
   0.0673069     0.838889     0.540125
    0.428773    -0.437449    -0.790438
    0.899944     0.130232     0.416101
  -0.0790825    -0.889763      0.44952
   -0.436049    -0.629457    -0.643153
   -0.895595     0.373542     0.241613
   0.0881596     0.681359    -0.726621
    0.425568     0.846974     0.318634
    0.902301    -0.423962   -0.0781614
  -0.0688881    -0.320766      0.94465
   -0.448698     -0.34923    -0.822623
   -0.892404     0.224336     0.391522
   0.0478129     0.909787    -0.412313
   -0.446849    -0.649979     0.614697
   -0.893866     0.352397    -0.277166
   0.0364654     0.673308     0.738462
    0.419483     0.051239    -0.906316
    0.906456   -0.0772182     0.415182
  -0.0487106    -0.995697   -0.0788376
    0.424413     0.827626     0.367299
    0.903482    -0.413932    -0.111268
  -0.0599486    -0.379071     0.923424
    0.421024    -0.278872    -0.863116
    0.906357    0.0921842     0.412333
  -0.0354224    -0.955894     0.291569
   -0.383709    -0.538291     -0.75034
   -0.921549     0.275378     0.273706
   0.0592938     0.796498    -0.601727
    0.389919    -0.217863    -0.894706
    0.919887    0.0477391     0.389268
  -0.0420947    -0.974811     0.219024
   -0.347493    -0.388499    -0.853415
   -0.936246     0.194109     0.292857
   0.0518811     0.900772    -0.431182
   -0.389073    -0.765805      0.51202
   -0.918011     0.368577    -0.146313
   0.0766711     0.526966     0.846421
    0.342747     0.572707    -0.744668
    0.936536    -0.270453     0.223059
    -0.07365    -0.773862    -0.629058
    0.346818     0.505945    -0.789771
    0.933302    -0.269728     0.237054
  -0.0930873    -0.819309    -0.565746
   -0.403049    -0.649647    -0.644601
   -0.914607     0.261049     0.308784
   0.0323283    -0.714012     0.699387
   -0.335693     -0.29149    -0.895737
   -0.941167     0.143076     0.306159
   0.0389158     0.945813     -0.32237
   -0.436088     0.328176    -0.837931
    -0.89966    -0.137307     0.414438
   0.0209549     0.934584     0.355124
   -0.460868    -0.670739     0.581128
   -0.887254     0.362621    -0.285106
   0.0194973     0.647005     0.762237
    -0.45089    -0.743748     0.493494
   -0.892206     0.391537    -0.225093
   0.0258092     0.541791     0.840117
    0.515939    0.0264853    -0.856216
    0.828247    -0.270564     0.490716
   -0.218664    -0.962338    -0.161531
    0.491783     0.259127    -0.831266
    0.849002    -0.354592     0.391741
   -0.193249    -0.898398    -0.394381
    0.485588    -0.218797    -0.846364
    0.848152    -0.116611     0.516759
   -0.211761    -0.968777     0.128948
    0.505869     0.820352    -0.266681
    0.828688    -0.376325     0.414313
   -0.239524     0.430584     0.870187
    -0.45825     0.381377    -0.802844
   -0.870487   -0.0100439     0.492089
    0.179607     0.924365     0.336586
    -0.47678     0.516782    -0.711067
   -0.849133   -0.0616166     0.524573
    0.227277     0.853897     0.468194
    0.454604     0.851822      0.26026
    0.869747    -0.487536    0.0764745
   -0.192028    -0.191595     0.962505
    0.446484     0.893937   -0.0391037
    0.871451    -0.424505     0.245701
   -0.203041     0.143778     0.968557
   -0.497331    -0.620692    -0.606138
   -0.828582     0.132757       0.5439
    0.257125    -0.772733     0.580319
    0.470741     0.837693    -0.276901
    0.848096    -0.343137     0.403719
   -0.243178     0.424886     0.871973
    0.494776     0.126805    -0.859719
    0.822396    -0.388013     0.416066
   -0.280823    -0.912889    -0.296263
    0.431228     0.896913   -0.0979272
    0.888213    -0.402947     0.220708
   -0.158496     0.182156     0.970411
    0.430637     0.901372    0.0456201
    0.887488    -0.432109     0.160145
   -0.164063     0.028477     0.986039
    0.415876     0.905519   -0.0841629
    0.900058    -0.396581     0.180611
   -0.130169     0.150863     0.979947
    0.419458     0.880552    -0.220641
    0.897597    -0.366022     0.245658
   -0.135555      0.30109     0.943912
   -0.440793     0.442042    -0.781217
   -0.884337   -0.0647573     0.462335
    0.153782     0.894654     0.419459
    0.426474     0.903429    0.0439969
    0.895398    -0.428566     0.120802
   -0.127991    0.0121239     0.991701
    0.455072    -0.299309    -0.838644
    0.879949   0.00691764     0.475017
   -0.136376    -0.954131     0.266525
    0.472675    -0.138917    -0.870219
    0.866523    -0.106431     0.487658
   -0.160363    -0.984568    0.0700672
    -0.43929     -0.78939     0.428822
   -0.891054     0.443571   -0.0962638
    0.114223     0.424391     0.898246
     0.49191   -0.0553156    -0.868887
    0.820729    -0.303601     0.483974
   -0.290567    -0.951192    -0.103946
   -0.468642    -0.354028    -0.809345
   -0.845868     0.444013     0.295568
    0.254721     0.823114    -0.507544
   -0.458028    -0.388273    -0.799659
     -0.8506     0.452763     0.267367
    0.258245     0.802652    -0.537643
    0.482294     0.859515     0.169194
    0.821967    -0.510808     0.251884
   -0.302924   -0.0175899     0.952852
    0.433204     0.202853    -0.878171
    0.876717    -0.320833     0.358376
   -0.209049    -0.925158    -0.316831
    0.444484     0.863002    -0.240128
    0.855061    -0.328839     0.400919
   -0.267031     0.383526     0.884083
   -0.424749    -0.816835    -0.390345
   -0.880817     0.273252     0.386645
    0.209162     -0.50805     0.835546
   -0.401837    -0.815594    -0.416333
   -0.885159       0.2295     0.404752
    0.234565    -0.531165     0.814152
    0.461979     0.883484   -0.0776654
    0.828432    -0.398603     0.393467
   -0.316664     0.246114     0.916052
   -0.425828    -0.847596    -0.316626
   -0.858488     0.267958      0.43726
    0.285777    -0.458017     0.841755
    0.428339     0.895076    -0.123952
    0.842206    -0.345748       0.4137
   -0.327437     0.281597     0.901936
   -0.409747    -0.763804    -0.498708
    -0.89703     0.238097     0.372354
    0.165665    -0.599927     0.782715
   -0.385795    -0.769684    -0.508673
   -0.905633     0.210737     0.367993
    0.176043    -0.602641     0.778353
    -0.37439    -0.828605    -0.416228
   -0.917687     0.266722     0.294466
    0.132979    -0.492212     0.860258
   -0.391518    -0.703383    -0.593267
   -0.912871     0.215859     0.346512
    0.115669    -0.677242     0.726611
    0.415771     0.869523     0.266579
    0.895806    -0.442154    0.0450645
   -0.157054    -0.220067     0.962759
    0.402561     0.760293     0.509803
    0.908332    -0.400815    -0.119503
   -0.113479    -0.511177     0.851951
    0.424468     0.896942     0.123783
    0.890915    -0.438127     0.119644
   -0.161547   -0.0594953      0.98507
    0.442932     0.855057    -0.269607
    0.873119    -0.343081     0.346351
   -0.203652     0.388809     0.898528
     0.41096     0.908385    0.0771235
    0.903171     -0.41719     0.101169
   -0.124076   -0.0280792     0.991875
   -0.355784    -0.764837    -0.537068
   -0.934518     0.285223     0.212893
  0.00964449    -0.577644     0.816232
    0.369231    -0.559866    -0.741768
    0.929333     0.219877     0.296639
 -0.00298018    -0.798877     0.601487
   -0.370684    -0.719788     -0.58694
   -0.928639      0.27707     0.246703
   0.0149501    -0.636504     0.771129
   -0.383786    -0.749361    -0.539599
   -0.923261     0.300488     0.239364
   0.0172268    -0.590055     0.807179
     -0.3901    -0.728242    -0.563459
   -0.920768     0.310504     0.236164
 -0.00297177    -0.610942      0.79167
   -0.385857    -0.775054    -0.500406
   -0.921394     0.296505     0.251234
   0.0463475    -0.558011     0.828538
   -0.398473    -0.917114   -0.0110304
   -0.916775      0.39791    0.0345104
   0.0272609   -0.0238639     0.999343
    0.397401     0.905781    -0.147081
    0.915858    -0.381502     0.125141
  -0.0572384     0.184436     0.981176
    0.400658     0.878224     0.261143
    0.913692    -0.404165   -0.0426232
  -0.0681121    -0.255682     0.964359
   -0.407592    -0.703998    -0.581598
   -0.913164     0.313499     0.260482
  0.00104863    -0.637264     0.770644
    0.403822     0.905248    -0.132111
    0.913961    -0.392886     0.101569
  -0.0400408      0.16176     0.986017
    0.411672      0.91095   -0.0263735
    0.911162    -0.410863    0.0312407
  -0.0176228    0.0368914     0.999164
   -0.404311    -0.838896    -0.364398
   -0.910093     0.329402     0.251445
   0.0909028    -0.433298     0.896654
    0.406356     0.910755    0.0734903
    0.908116    -0.411448    0.0776897
   -0.100994    -0.035168     0.994265
   -0.395178    -0.789755    -0.469172
   -0.915012     0.293292     0.277008
   0.0811642    -0.538765     0.838537
    0.381637     0.639184     -0.66768
    0.920657    -0.198693     0.336022
  -0.0821162     0.742943     0.664298
    0.368096      0.66188    -0.653009
    0.928542    -0.225342     0.295008
  -0.0481096     0.714938     0.697531
    0.355378     0.688393    -0.632314
    0.933308    -0.224127      0.28054
  -0.0514034     0.689842     0.722133
   -0.362099    -0.764672    -0.533067
   -0.928181     0.243137     0.281716
    0.085812    -0.596792     0.797794
    0.347203    -0.619565    -0.703981
    0.937418     0.208151     0.279143
  -0.0264129    -0.756844     0.653062
    0.412535     0.868034     0.276284
    0.910322     -0.40402   -0.0898954
   -0.033592    -0.288592     0.956863
    0.408037     0.899007     0.159038
     0.91137    -0.411389   -0.0127686
  -0.0539474    -0.150152      0.98719
   -0.410668    -0.290247    -0.864354
   -0.909301     0.200297     0.364764
   0.0672557     0.935755    -0.346178
   -0.413994    -0.499178    -0.761203
   -0.908939     0.272054     0.315937
   0.0493797     0.822683    -0.566352
   -0.409812    -0.478563    -0.776551
    -0.90811     0.294281     0.297884
    0.085968      0.82727    -0.555188
   -0.417608    -0.300737    -0.857415
   -0.905842     0.211619      0.36697
   0.0710843     0.929933    -0.360794
   -0.419686    -0.422223    -0.803487
   -0.903756     0.276495     0.326766
    0.084192     0.863295    -0.497627
   -0.419219    -0.733834     0.534549
   -0.906019     0.375885    -0.194525
   0.0581797      0.56586     0.822446
   -0.425811    -0.723329     0.543581
   -0.899229     0.404939    -0.165564
     0.10036     0.559303     0.822866
   -0.416621    -0.826545     0.378483
   -0.902688     0.425419   -0.0646017
    0.107618     0.368567     0.923351
   -0.410919    -0.846649     0.338129
   -0.905646      0.42166   -0.0448033
    0.104643     0.324636     0.940033
    0.405593     0.857538     0.316422
    0.910667    -0.408879   -0.0591966
   -0.078615    -0.312165      0.94677
     0.67986    -0.133945    -0.721006
    0.568819    -0.524223     0.633747
   -0.462855    -0.840981    -0.280207
   -0.696991      0.41373    -0.585689
    -0.56537     0.185351     0.803742
     0.44109     0.891332     0.104722
    0.679004    0.0413496    -0.732969
    0.611983    -0.583355     0.534016
     -0.4055    -0.811164    -0.421406
    0.683947     0.339049    -0.645959
    0.612801    -0.747442     0.256524
   -0.395843    -0.571293     -0.71898
    0.690892      0.33979    -0.638131
    0.567517    -0.801719     0.187542
   -0.447877    -0.491721    -0.746737
    0.668769     0.716697     0.197719
    0.656806    -0.694146     0.294564
   -0.348359    0.0671322     0.934954
    0.682288     0.198202    -0.703703
    0.618586    -0.669537     0.411183
   -0.389658    -0.715847    -0.579423
    -0.67116    -0.293763    -0.680623
   -0.659836       0.6552     0.367872
