   0.0246825    -0.908845     0.416402
   -0.998312   -0.0443151    -0.037547
   0.0525774    -0.414773    -0.908405
  -0.0162449    -0.889121     0.457384
   -0.998522  -0.00930442   -0.0535516
   0.0518696    -0.457578    -0.887655
  -0.0704016    -0.872414      0.48367
   -0.996722    0.0421491    -0.069054
   0.0398575    -0.486946    -0.872522
  -0.0953664    -0.914398     0.393423
   -0.994582    0.0710975   -0.0758427
   0.0413791    -0.398524    -0.916224
   -0.145509    -0.948309     0.282022
   -0.987785     0.123188    -0.095424
   0.0557498    -0.292462    -0.954651
   -0.136909    -0.895645    -0.423173
   -0.990198     0.111815       0.0837
   0.0276483    -0.430484     0.902175
    -0.16551     0.509633    -0.844323
   -0.985837   -0.0620188     0.155816
   0.0270452     0.858154      0.51268
   -0.164625    -0.895358     0.413802
   -0.985381     0.130642    -0.109345
   0.0438434    -0.425754    -0.903776
   -0.167217    -0.837514      -0.5202
   -0.985719     0.131348     0.105387
   0.0199363    -0.530393     0.847517
   -0.164984    -0.872293     0.460309
   -0.985536     0.127482    -0.111655
   0.0387151    -0.472072    -0.880709
   -0.160474    -0.882458     0.442172
    -0.98704     0.143184   -0.0724621
 0.000632869     -0.44807    -0.893998
    -0.16016    -0.877264     0.452501
   -0.986711      0.12957   -0.0980435
   0.0273797     -0.46219    -0.886358
    0.185442     0.938889     0.289998
    0.963479    -0.231743      0.13418
   -0.193185    -0.254524     0.947574
    0.221392     0.965312    -0.138415
    0.949551     -0.18106     0.256067
   -0.222123     0.188123     0.956698
   -0.178215    -0.911652    -0.370312
   -0.963817    0.0859121      0.25234
    0.198232    -0.401884     0.893976
   -0.221536    -0.693228    -0.685825
   -0.949049  -0.00836383     0.315016
    0.224114     -0.72067     0.656055
    0.252944     0.964868    0.0710613
    0.937643    -0.262581     0.227763
   -0.238421  -0.00901879      0.97112
   -0.192055    -0.850677     -0.48935
   -0.960584    0.0608308     0.271252
     0.20098    -0.522157      0.82883
    0.248176     0.924923    -0.287969
    0.939853    -0.157875     0.302905
     -0.2347     0.345822     0.908473
   -0.224451    -0.862496    -0.453567
   -0.949753    0.0894176     0.299957
    0.218155    -0.498102     0.839227
   -0.238485    -0.644096    -0.726819
   -0.945373   -0.0173033     0.325531
     0.22225    -0.764749     0.604784
   -0.266153    -0.473959     -0.83936
   -0.932415     0.347426    0.0994799
    0.244467     0.809109    -0.534395
   -0.254291    -0.675864    -0.691769
   -0.939139   0.00173135     0.343532
    0.230983    -0.737024     0.635171
     0.26413     0.632801    -0.727872
    0.936038    -0.350128    0.0352729
   -0.232527    -0.690632    -0.684805
   -0.182803    -0.858657    -0.478845
   -0.963751    0.0602306     0.259915
    0.194337       -0.509     0.838542
    0.217273     0.716563     -0.66282
    0.954377   -0.0134545       0.2983
   -0.204833     0.697393     0.686795
   -0.184071    -0.853206    -0.488014
    -0.96567    0.0643866     0.251667
    0.183302    -0.517585     0.835767
    -0.14362    -0.869974    -0.471719
   -0.974973     0.042644     0.218195
    0.169708    -0.491251     0.854325
    0.145269     0.947134    -0.286066
    0.973457   -0.0851399     0.212447
    -0.17686     0.309335     0.934362
   0.0996473     0.984194    -0.146396
     0.98348   -0.0750745     0.164712
   -0.151118     0.160391     0.975417
  -0.0895941    -0.884857    -0.457167
   -0.984943    0.0105753     0.172557
    0.147854    -0.465744     0.872481
   -0.138346    -0.935622    -0.324764
   -0.974408    0.0699271     0.213632
    0.177169    -0.346008     0.921352
   0.0915187     0.987768     0.126252
    0.985374    -0.108131     0.131705
   -0.143746    -0.112352     0.983216
   0.0418033     0.978638    -0.201297
    0.991279   -0.0154243     0.130872
   -0.124971     0.205012     0.970748
    0.040437     0.994985    0.0914887
     0.99233   -0.0506961     0.112746
   -0.116819   -0.0862279     0.989403
 -0.00596035    -0.988652    -0.150109
    0.995297   0.00864842   -0.0964806
  -0.0966839     0.149978    -0.983951
    0.136833     0.989401   -0.0486032
    0.976695    -0.126561     0.173345
   -0.165356    0.0711898     0.983661
   -0.247255    -0.526794    -0.813236
   -0.946499      0.31094    0.0863521
    0.207378     0.791078    -0.575491
   -0.248801    -0.447515    -0.858969
   -0.945452     0.304759     0.115074
    0.210282     0.840745    -0.498929
    0.226645     0.222385    -0.948249
     0.95752    -0.229091     0.175134
   -0.178289    -0.947661    -0.264861
   -0.218772    -0.302344    -0.927754
   -0.960423     0.234718     0.149984
    0.172414     0.923848    -0.341728
   -0.231484    -0.335739    -0.913069
    -0.95603     0.252223     0.149632
     0.18006     0.907559    -0.379362
   -0.201771    -0.449854    -0.870011
   -0.968894     0.221634     0.110104
    0.143293     0.865165     -0.48058
    0.203966     0.669117     0.714619
    0.968788    -0.243005   -0.0489779
   -0.140884    -0.702304     0.697797
   -0.180077    -0.467835    -0.865276
   -0.978594     0.174301     0.109419
   0.0996285     0.866458    -0.489208
    0.183999     0.183883    -0.965573
    0.974018    -0.166063     0.153984
   -0.132031    -0.968819    -0.209661
   -0.166249    -0.561518    -0.810591
   -0.981528     0.173161    0.0813549
   0.0946803     0.809143    -0.579933
   -0.151722    -0.360733    -0.920246
   -0.984238     0.140724     0.107109
   0.0908632     0.921992    -0.376398
   -0.213236    -0.521569    -0.826133
   -0.967113     0.232682     0.102725
    0.138648     0.820869    -0.554032
   -0.191547    -0.636099     0.747454
   -0.977035        0.196   -0.0835813
   0.0933347     0.746299     0.659035
   -0.202047    -0.374728    -0.904851
   -0.975471     0.159417     0.151796
   0.0873669     0.913326    -0.397746
   -0.215376    -0.338303    -0.916059
   -0.967991      0.19775     0.154556
    0.128864     0.920025    -0.370065
   -0.231072    -0.282087    -0.931146
   -0.957043     0.238184     0.165342
    0.175143     0.929352    -0.325007
    0.223361     0.188745    -0.956287
    0.961495    -0.203818      0.18435
   -0.160113    -0.960642    -0.227003
    0.234085    0.0443203    -0.971205
    0.951778    -0.214204     0.219627
   -0.198302    -0.975783   -0.0923248
   -0.245411    -0.540406    -0.804819
   -0.947047     0.310977    0.0799703
    0.207064     0.781827    -0.588108
   -0.215159     0.622787    -0.752225
    -0.95958   0.00827026     0.281316
    0.181421     0.782348     0.595834
   -0.182696    -0.918979     0.349429
   -0.981575     0.150256    -0.118045
   0.0559772    -0.364557    -0.929497
   -0.183032      -0.9102     0.371531
   -0.980147     0.139646    -0.140749
   0.0762273    -0.389916     -0.91769
   -0.194542    -0.840033    -0.506457
    -0.97508     0.109483     0.192958
    0.106643    -0.531374     0.840398
   -0.167098    -0.901183     0.399935
    -0.98309     0.121473    -0.137032
   0.0749093     -0.41607    -0.906242
   -0.165616    -0.930696     0.326153
   -0.980217     0.119005    -0.158152
    0.108378    -0.345893    -0.931994
     0.13878     0.971385    -0.192746
    0.984523    -0.114294     0.132861
   -0.107029     0.208202     0.972212
   -0.130082    -0.918756     0.372783
   -0.989217     0.094741    -0.111688
   0.0672958    -0.383291    -0.921173
    0.190108     0.284499    -0.939638
     0.96997    -0.202329     0.134985
   -0.151713    -0.937082     -0.31442
    0.143673      0.72645    -0.672033
    0.978617  -0.00328849     0.205663
   -0.147194     0.687211     0.711389
    0.210487     0.255456     -0.94363
    0.967365    -0.193711     0.163341
   -0.141065    -0.947216    -0.287893
   -0.216466    -0.409991     -0.88603
   -0.969808     0.194709     0.146836
    0.112316     0.891064    -0.439761
   -0.209234    -0.434839    -0.875863
   -0.974041     0.171822     0.147383
   0.0864047     0.883964    -0.459502
   -0.208326    -0.291624    -0.933571
   -0.976547     0.115078     0.181969
   0.0543671     0.949585    -0.308759
    0.208361     0.277727    -0.937792
    0.975104    -0.133379     0.177151
   -0.075882    -0.951356    -0.298604
   -0.188547    -0.850559     0.490917
   -0.981621     0.148209    -0.120226
   0.0295009    -0.504563    -0.862871
  -0.0919719    -0.893198     0.440157
   -0.993945    0.0556609   -0.0947362
   0.0601187    -0.446205    -0.892909
  -0.0378466    -0.915507     0.400518
   -0.997846    0.0131304    -0.064277
   0.0535871    -0.402087    -0.914032
  -0.0527025    -0.947881     0.314234
   -0.994611    0.0216902    -0.101385
   0.0892853    -0.317884    -0.943916
   0.0191321    -0.884891     0.465405
    -0.99866   -0.0392986   -0.0336664
   0.0480809    -0.464138    -0.884457
-6.07887e-05    -0.716239     0.697855
   -0.997151   -0.0526012   -0.0540738
   0.0754378    -0.695869    -0.714195
   0.0508609     -0.69404     0.718138
   -0.996831   -0.0793136  -0.00605315
   0.0611592    -0.715554    -0.695875
   0.0623803     -0.91178     0.405914
   -0.997022   -0.0754094   -0.0161669
   0.0453504    -0.403696    -0.913768
  0.00486609    -0.969196    -0.246244
    0.995404    0.0282451   -0.0914996
  -0.0956362     0.244668    -0.964879
   0.0459358      0.99807    -0.041788
   -0.996598    0.0429223   -0.0703568
   0.0684274   -0.0448777    -0.996646
   0.0535338     0.995555   -0.0774844
    0.991562   -0.0438238     0.121999
   -0.118061    0.0833617     0.989501
    0.118678     0.978918    -0.166239
    0.983738   -0.0931877     0.153544
   -0.134816     0.181757     0.974058
  -0.0941791    -0.952641     0.289146
    -0.99076    0.0612123    -0.121031
   0.0975995    -0.297872    -0.949603
   -0.117561    -0.420894     -0.89946
   -0.992302    0.0852896    0.0897857
   0.0389244     0.903092     -0.42768
   -0.122545    -0.491823    -0.862028
   -0.991528      0.09837    0.0848302
   0.0430763      0.86512    -0.499711
   0.0840258     0.197584    -0.976678
    0.996418  -0.00729194    0.0842489
  0.00952441    -0.980259    -0.197489
   0.0788086     0.233251    -0.969218
     0.99683  -0.00783525    0.0791682
    0.010872    -0.972385     -0.23313
  -0.0855291    -0.527669    -0.845133
   -0.996073    0.0258254    0.0846801
  -0.0228572     0.849057    -0.527806
   0.0557513     0.966066     0.252208
    0.996166   -0.0367653   -0.0793783
   0.0674122    -0.255667     0.964412
   0.0522473    -0.915496      0.39892
    0.995521    0.0162308   -0.0931368
   0.0787916     0.401999     0.912244
   0.0292062    -0.957406    -0.287263
    0.991726  -0.00818632     0.128113
    0.125008     0.288628    -0.949245
  -0.0483134    -0.601113    -0.797702
    -0.99693   -0.0202506    0.0756397
   -0.061622     0.798907    -0.598289
   0.0351719    -0.722085      0.69091
    0.992992    -0.052798     -0.10573
    0.112825     0.689787     0.715168
   0.0421165    -0.270918    -0.961681
    0.994195     0.106751    0.0134672
   0.0990121    -0.956665     0.273841
   0.0650631    -0.878751     0.472824
    0.994744    0.0195705     -0.10051
   0.0790698     0.476878     0.875406
   0.0330786    -0.897834     -0.43909
    0.991495   -0.0258501     0.127551
     0.12587     0.439574    -0.889343
   0.0298483    -0.789554    -0.612955
    0.990177   -0.0604471      0.12608
    0.136598     0.610697    -0.779994
   0.0946647     0.948331     0.302832
    0.992909   -0.0679712   -0.0975267
   0.0719037    -0.309917     0.948041
    0.115816     0.969488     0.216054
    0.993076    -0.108713   -0.0445172
   0.0196711    -0.219714     0.975366
   -0.135364    -0.783908     0.605941
   -0.990579    0.0942845   -0.0993131
  -0.0207215     0.613676     0.789286
   -0.153102     -0.56864    -0.808213
   -0.987371     0.121721     0.101401
   0.0407158     0.813531    -0.580094
   -0.136465    -0.831889     0.537902
   -0.989884     0.135781   -0.0411405
   0.0388125     0.538075     0.842003
   -0.168928    -0.843857     0.509283
   -0.985047     0.162296    -0.057821
   0.0338617     0.511435     0.858655
   0.0417472    -0.239567    -0.969982
    0.989049     0.147463   0.00614736
    0.141563    -0.959616     0.243099
   -0.024606    -0.543517     0.839037
    -0.98659     0.148663    0.0673689
    -0.16135    -0.826128    -0.539887
  -0.0275349      0.29393     -0.95543
   -0.982454    -0.184333   -0.0283948
   -0.184464     0.937884     0.293848
   0.0408063    -0.185735    -0.981752
    0.984248     0.176635   0.00749293
     0.17202    -0.966593     0.190017
  0.00593483    -0.666938      0.74509
    0.980887    -0.141032    -0.134052
    0.194486     0.731645     0.653354
   0.0342665     0.997381    0.0636967
    0.976975   -0.0199997    -0.212415
    0.210585   -0.0695088     0.975101
   0.0102578    -0.992639    -0.120672
    0.974321   -0.0172236     0.224503
    0.224929     0.119876    -0.966973
   0.0335169     0.998841   -0.0345455
    0.970312   -0.0408044    -0.238388
    0.239521    0.0255299     0.970555
   0.0549578    -0.275529    -0.959721
    0.978308     0.207126  -0.00344204
    0.199731    -0.938713     0.280935
   0.0500086     0.983335    -0.174788
     0.97169   -0.0883637    -0.219113
    0.230906     0.158882     0.959916
  -0.0578829    -0.392144     0.918081
   -0.973738      0.22501    0.0347178
   -0.220192     -0.89196     -0.39487
  -0.0129804    -0.967741    -0.251611
    0.972064   -0.0711897      0.22366
    0.234358     0.241679     -0.94163
 -0.00630729    -0.997197   -0.0745555
   -0.968386    0.0246841    -0.248232
   -0.249376   -0.0706328     0.965827
  -0.0242212     -0.98587    -0.165752
     0.96583   -0.0658724     0.250664
    0.258041     0.154017    -0.953779
  -0.0315612    -0.938926     -0.34267
    0.970017    -0.111433     0.215987
    0.240981     0.325579     -0.91429
 -0.00995757    -0.485997     0.873903
    0.979466    -0.180731   -0.0893482
    0.201364     0.855069     0.477818
  -0.0195216    -0.857454      0.51419
    0.978514    -0.121966    -0.166237
    0.205254     0.499897     0.841412
 -0.00154089    -0.758297    -0.651907
    0.985673    -0.111104     0.126906
    0.168662     0.642372    -0.747604
  0.00873237    -0.988989    -0.147731
    0.986276   -0.0158407     0.164345
    0.164876     0.147138    -0.975278
 -0.00177498    -0.210606     0.977569
    0.985761     -0.16474   -0.0337016
    0.168143      0.96359       0.2079
   0.0365616     -0.71044     0.702808
   -0.969475     0.145409     0.197422
   -0.242451    -0.688572    -0.683437
  0.00708814    -0.521501     0.853221
    0.974657    -0.187182    -0.122505
    0.223594     0.832466     0.506958
   0.0203059    -0.525261     0.850699
   -0.971691     0.189953      0.14048
   -0.235382    -0.829469    -0.506534
   0.0169937    -0.947018     -0.32073
    0.978808   -0.0497141     0.198652
    0.204072     0.317309    -0.926104
   0.0498647    -0.629818      0.77514
    0.980078    -0.118538    -0.159363
    0.192253     0.767644      0.61136
 -0.00536793    -0.949142    -0.314802
    0.977884   -0.0708034     0.196801
    0.209081     0.306783    -0.928531
  -0.0624673     -0.85614     0.512955
   -0.984151   -0.0326258    -0.174303
   -0.165963     0.515713     0.840533
   0.0339175     0.958664     0.282512
    0.983207    0.0187105    -0.181533
    0.179315    -0.283925     0.941931
   -0.071898    -0.902548     0.424545
   -0.988886   0.00896802    -0.148406
   -0.130136     0.430496     0.893161
   0.0781759     0.985239    -0.152291
    0.982714    -0.101869     -0.15458
    0.167812     0.137574     0.976172
   -0.107101    -0.835942     0.538267
     -0.9869    0.0236862    -0.159583
   -0.120653     0.548307     0.827528
   -0.117141    -0.936727     0.329881
   -0.986116     0.149079    0.0731527
   -0.117702    -0.316731    -0.941184
  0.00457023     0.997994   -0.0631426
    0.983957   -0.0157497    -0.177711
    0.178349    0.0613174     0.982055
  -0.0367837    -0.371506    -0.927701
   -0.989401    -0.116952    0.0860647
    -0.14047     0.921035    -0.363267
  -0.0166488    -0.798494     0.601772
    0.978181     -0.13766    -0.155599
    0.207085     0.586052     0.783364
  -0.0406082    -0.947565    -0.316972
    0.969269    -0.114392      0.21779
     0.24263     0.298387     -0.92309
   0.0367255     0.986406    -0.160168
   -0.969892    0.0737955     0.232086
   -0.240751    -0.146822    -0.959418
   0.0527113     0.978009     0.201793
   -0.964466  -0.00253031     0.264196
   -0.258897     0.208549    -0.943123
   0.0438891      0.99787   -0.0482522
   -0.964471     0.054916     0.258418
   -0.260518   -0.0351961    -0.964827
   0.0501851    -0.865725    -0.497997
   -0.966178    0.0842004     -0.24374
   -0.252944    -0.493387     0.832219
   -0.155454     -0.91049       0.3832
   -0.985527     0.169494   0.00291957
  -0.0676085      -0.3772    -0.923661
   -0.154887     0.554124    -0.817897
   -0.984861    -0.151837    0.0836361
  -0.0778426     0.818469     0.569253
   -0.173464    -0.883337    -0.435461
    -0.98406     0.173054    0.0409558
  -0.0391805    -0.435625     0.899275
   -0.161495     -0.84291     0.513247
   -0.986109     0.158292   -0.0503188
  -0.0388286    -0.514244    -0.856765
    0.168873     0.591519    -0.788408
    0.984952   -0.0714361     0.157375
   0.0367694     -0.80312    -0.594682
     0.19403     0.937328    -0.289428
    0.980959    -0.182828    0.0655292
 -0.00850699     0.296631     0.954954
    0.196548     0.217411    -0.956087
    0.980434    -0.054417     0.189179
  -0.0108978    -0.974562    -0.223853
   -0.163905    -0.853104     0.495327
    -0.98638     0.148735   -0.0702281
  -0.0137605    -0.500091    -0.865863
    -0.18636    -0.424535    -0.886025
   -0.982189      0.10252     0.157465
   0.0239862     0.899589    -0.436079
    0.148772     0.743963     0.651449
    0.988489    -0.093564     -0.11889
   0.0274979    -0.661638     0.749319
    0.108843     -0.68868      0.71685
    0.990939    0.0180835    -0.133087
   0.0786909      0.72484     0.684408
   -0.119038    -0.518171    -0.846952
   -0.988929   -0.0142432     0.147706
  -0.0886004     0.855158    -0.510739
   -0.159117    -0.884219     0.439134
   -0.987033     0.152014   -0.0515565
  -0.0211672    -0.441643    -0.896941
   -0.158754    -0.913375     0.374891
   -0.986399     0.163106   -0.0203195
  -0.0425877    -0.373018    -0.926846
   -0.154556    -0.847371      0.50801
   -0.986516     0.160381   -0.0326174
   -0.053836    -0.506201    -0.860733
   -0.143235    -0.919167     0.366901
   -0.986969     0.160128     0.015851
  -0.0733208    -0.359849    -0.930125
   -0.145114    -0.848432     0.509024
   -0.986151     0.165783  -0.00481131
  -0.0803054    -0.502672    -0.860739
   -0.122752    -0.912789      0.38955
   -0.986836     0.153909    0.0496731
   -0.105296    -0.378324    -0.919665
   -0.116437    -0.932335     0.342335
   -0.988206     0.143268    0.0540686
  -0.0994556    -0.332002    -0.938021
   -0.123705    -0.894712     -0.42917
    -0.98671     0.156826   -0.0425314
   -0.105358    -0.418205     0.902222
  -0.0797737    -0.904756     0.418392
    -0.98627     0.132525    0.0985311
   -0.144594    -0.404787    -0.902906
  -0.0599063    -0.945639     0.319653
   -0.981545     0.114064     0.153486
   -0.181604    -0.304559    -0.935021
  -0.0583435    -0.922457     0.381665
   -0.985005     0.115373     0.128274
   -0.162361    -0.368458    -0.915356
  -0.0201495    -0.658184     0.752587
   -0.977632     0.170592     0.123018
   -0.209354    -0.733275    -0.646899
  -0.0310428    -0.987683    -0.153356
   -0.982695    0.0581904    -0.175854
   -0.182611    -0.145243     0.972398
  0.00230489    -0.910732     0.412992
   -0.978806    0.0825176     0.187431
   -0.204778    -0.404671    -0.891239
   0.0195638    -0.675822     0.736805
   -0.972812      0.15723     0.170047
    -0.23077      -0.7201    -0.654371
  -0.0239791    -0.952644      0.30314
   -0.986236    0.0721627     0.148764
   -0.163595      -0.2954    -0.941263
  0.00973588    -0.911066     0.412145
   -0.984525    0.0633871     0.163377
   -0.174972    -0.407358     -0.89635
  0.00159447    -0.992336    -0.123559
   -0.986803    0.0184453    -0.160874
    -0.16192    -0.122185      0.97921
  -0.0418078      -0.9437     -0.32815
   -0.985656    0.0927054    -0.141027
   -0.163508    -0.317547     0.934039
  -0.0724553    -0.917337     0.391462
   -0.986488      0.12374     0.107379
   -0.146942    -0.378392    -0.913908
    0.092366     0.322809    -0.941946
    0.983648     0.117311     0.136658
    0.154615    -0.939166    -0.306695
   -0.109997    -0.830594     0.545908
   -0.984216      0.16763    0.0567351
   -0.138634     -0.53105    -0.835922
  -0.0938387    -0.968252     0.231694
   -0.986253       0.1222      0.11123
   -0.136012    -0.218072    -0.966409
   0.0595664    -0.754168     0.653974
    0.985587   -0.0594839    -0.158368
    0.158337     0.653982     0.739755
 -0.00197859     -0.83495     0.550322
   -0.988346    0.0853989     0.126014
   -0.152212    -0.543659    -0.825389
   -0.480276    -0.665536     0.571311
   -0.865668     0.464565    -0.186544
    0.141259     0.584158     0.799253
   -0.539202    -0.523106    -0.660017
   -0.837482     0.415683     0.354727
   0.0887982     0.744022    -0.662229
   -0.513309    -0.434668    -0.739985
   -0.855496     0.327609     0.400999
   0.0681241      0.83889    -0.540021
   -0.561388    -0.312907    -0.766115
   -0.825805     0.271949     0.494054
   0.0537511     0.910018    -0.411069
   -0.583909    -0.417133    -0.696455
   -0.809103     0.369137     0.457264
   0.0663472     0.830505    -0.553046
    0.540954     0.838879    -0.060414
    0.840031    -0.535364    0.0879328
  -0.0414215    0.0983173     0.994293
    -0.58544    -0.689741    -0.426049
   -0.808636     0.459189     0.367767
    0.058027    -0.559824     0.826577
    0.567026     0.787507     0.241483
    0.822522    -0.557006    -0.114895
  -0.0440266    -0.263774     0.963579
     0.54349   -0.0352582    -0.838675
     0.83504   -0.0791753     0.544463
  -0.0855991    -0.996237    -0.013589
    0.591765     0.773079     0.228391
    0.802266    -0.592447   -0.0733173
  -0.0786293    -0.226617     0.970805
    0.564172      0.76212    -0.317622
    0.820376    -0.473982     0.319883
  -0.0932426     0.441038     0.892632
    0.576274    -0.230078    -0.784202
    0.810016    0.0333538     0.585458
   -0.108545    -0.972601     0.205588
    0.535376      0.17154    -0.827011
    0.843993    -0.146201     0.516044
  -0.0323875    -0.974269    -0.223051
    0.527431    0.0345686    -0.848894
     0.84711   -0.0978078     0.522339
   -0.064972    -0.994605   -0.0808702
   -0.525997     0.399846    -0.750633
   -0.849571    -0.206096     0.485544
   0.0394404     0.893111     0.448103
    0.517916    -0.261577    -0.814457
    0.854903     0.124806     0.503552
  -0.0300691    -0.957079     0.288262
    0.504456    0.0459846    -0.862212
    0.862891   -0.0623893     0.501525
  -0.0307304    -0.996992   -0.0711523
   -0.465494    -0.412968    -0.782798
   -0.884494     0.248444     0.394901
   0.0313997     0.876204    -0.480917
   -0.432669    -0.242117    -0.868434
   -0.900545     0.161601     0.403614
   0.0426177     0.956695    -0.287957
    0.479243     0.138766    -0.866643
    0.876182    -0.133352     0.463166
  -0.0512968    -0.981306    -0.185493
    0.407997   -0.0986708    -0.907636
    0.910366   -0.0312606     0.412623
   -0.069087    -0.994629    0.0770722
    0.403783     0.116263    -0.907437
    0.913987   -0.0944746     0.394592
  -0.0398532    -0.988715     -0.14441
   -0.362931    -0.539108    -0.760029
   -0.929868     0.262256     0.258008
   0.0602281     0.800366    -0.596479
   -0.311614    -0.425986    -0.849372
     -0.9476     0.205502     0.244587
   0.0703568     0.881082    -0.467702
     0.43564     0.186135    -0.880665
    0.894791    -0.195873     0.401228
  -0.0978156    -0.962802    -0.251882
   -0.525066     0.473209    -0.707375
   -0.834525    -0.123225     0.537013
    0.166953     0.872289     0.459606
    0.525984      0.82141    -0.220514
    0.838702    -0.457928     0.294756
   -0.141136     0.339983     0.929781
    0.461335     0.834204     0.302116
    0.862905    -0.501057    0.0658541
   -0.206313    -0.230317     0.950994
    -0.48143     0.506804    -0.715104
   -0.846926   -0.0588924     0.528439
    0.225701     0.860047     0.457578
   -0.442634    -0.248044    -0.861713
   -0.877466     0.317794     0.359249
    0.184737      0.91514    -0.358316
   -0.416454  -0.00301987    -0.909152
   -0.871928     0.284558     0.398458
    0.257503     0.958654    -0.121139
   -0.394773    -0.255685    -0.882485
   -0.888799     0.349634     0.296298
    0.232788     0.901322    -0.365278
   -0.361319   -0.0021225     -0.93244
   -0.889647      0.30026     0.344053
    0.279244     0.953855    -0.110378
   -0.442068    -0.744104     0.500885
   -0.849098     0.527156    0.0337404
    0.289151     0.410385     0.864856
    0.385958   -0.0806958     -0.91898
    0.867826    -0.306137     0.391355
   -0.312915    -0.948561    -0.048126
    0.411711    -0.103678    -0.905398
    0.846062    -0.325691     0.422025
   -0.338635    -0.939774   -0.0463724
    0.380881    -0.163099    -0.910125
    0.903553    -0.143284     0.403808
   -0.196267     -0.97615     0.092795
    0.330785    -0.058039     -0.94192
    0.912892    -0.233294     0.334966
   -0.239186    -0.970673    -0.024187
   -0.319312    -0.415448    -0.851729
   -0.926315     0.326472     0.188031
    0.199949     0.849011    -0.489082
   -0.374491     0.369933    -0.850239
   -0.912452    0.0160309     0.408869
    0.164884      0.92892     0.331543
    0.436847    -0.136311    -0.889148
    0.887238   -0.0975935     0.450871
   -0.148234    -0.985847    0.0783069
   -0.435645     0.343363    -0.832055
   -0.892135   -0.0418686     0.449824
    0.119616     0.938269     0.324566
    0.493179    -0.137258    -0.859031
    0.864363   -0.0342012     0.501704
  -0.0982427    -0.989945     0.101773
    0.502813    0.0740981    -0.861213
    0.854117    -0.195776     0.481826
   -0.132903    -0.977845    -0.161727
    0.491186    -0.330128    -0.806072
    0.867913     0.106957     0.485064
  -0.0739183    -0.937857     0.339058
    0.330759      0.39255    -0.858198
    0.938127    -0.235587     0.253804
    -0.10255    -0.889046    -0.446184
   -0.365929    -0.582894    -0.725486
   -0.924687     0.315778     0.212692
    0.105116     0.748678    -0.654547
   -0.361782    -0.835138    -0.414318
   -0.925462     0.268143     0.267618
    0.112402    -0.480255     0.869897
   -0.420711    -0.759625    -0.495955
   -0.903113     0.298892     0.308302
   0.0859573     -0.57761     0.811775
    0.413178      0.39392    -0.821043
    0.906369    -0.265211     0.328875
   -0.088199    -0.880051    -0.466616
    0.421371      0.86122    -0.284159
    0.901775     -0.36467     0.231984
  -0.0961649     0.353999     0.930289
   -0.457245     -0.73349     0.502912
   -0.887291     0.414619    -0.202004
   0.0603496     0.538594     0.840401
    0.472816     0.824189       0.3117
    0.879237    -0.464643    -0.105112
  -0.0581973    -0.323757     0.944349
   -0.490485    -0.628542     0.603623
   -0.870497     0.385758    -0.305656
   0.0407347     0.675371     0.736352
    -0.44649    -0.498534    -0.743041
   -0.892441     0.308228     0.329462
   0.0647783     0.810222    -0.582533
   -0.483823    -0.676233      0.55554
   -0.874251     0.402475    -0.271477
    0.040009     0.617028     0.785923
    -0.47926    -0.744829     0.464262
   -0.876812     0.429744    -0.215687
   0.0388636     0.510441     0.859034
    0.480252      0.86508     0.144896
    0.874898    -0.484227  -0.00881045
  -0.0625408    -0.131001     0.989408
    0.506951    0.0247253     -0.86162
    0.861104   -0.0594496     0.504941
  -0.0387381    -0.997925   -0.0514291
    0.427419     0.891914     0.147653
      0.8982    -0.437506    0.0427338
   -0.102714    -0.114357     0.988116
    0.367082      0.91534     0.165537
    0.919095    -0.384317     0.086978
   -0.143233    -0.120217     0.982361
    0.362236       0.8936    -0.265073
    0.922794     -0.30376     0.237027
   -0.131289     0.330467     0.934641
    -0.31252    -0.859856     0.403707
   -0.938017     0.346394    0.0116433
    0.149853     0.375045     0.914814
    0.311497     0.188792    -0.931304
    0.933791    -0.242421     0.263186
    -0.17608    -0.951625    -0.251806
   -0.321599    -0.754212     0.572485
   -0.938701     0.333227   -0.0883204
    0.124155     0.565796     0.815145
    -0.46174    -0.617077    -0.637191
   -0.885853     0.357561     0.295658
   0.0453909     0.700975     -0.71174
   -0.464981    -0.480188    -0.743783
   -0.884309     0.292074     0.364268
   0.0423231     0.827111    -0.560443
    0.415362     0.168528    -0.893908
    0.906991    -0.151892     0.392805
   -0.069579    -0.973924    -0.215943
    0.411454     0.156173    -0.897951
     0.90828    -0.152111     0.389731
  -0.0757228    -0.975947    -0.204435
   -0.420335    -0.643065     0.640145
   -0.906013     0.336002    -0.257376
   0.0495804     0.688164     0.723859
    0.328257     0.178159    -0.927635
    0.939173    -0.166567     0.300349
   -0.101004    -0.969801    -0.221999
    -0.32894    -0.258179    -0.908373
   -0.941596     0.163091     0.294616
   0.0720837     0.952232    -0.296748
    0.253474     0.135459    -0.957811
    0.963412    -0.124513     0.237347
  -0.0871094    -0.982928    -0.162064
   -0.340908    -0.417317    -0.842394
   -0.931723     0.269314     0.243642
    0.125192     0.867938    -0.480635
    0.257757     0.559833    -0.787495
    0.958662    -0.249856     0.136158
   -0.120534    -0.790037    -0.601093
    0.262727     0.619682    -0.739574
    0.954469    -0.279162     0.105159
   -0.141295    -0.733528     -0.66481
   -0.360122    -0.327207    -0.873641
   -0.930839     0.188321     0.313167
   0.0620547     0.925997    -0.372396
   -0.270939    -0.261743    -0.926327
   -0.959916      0.14523     0.239727
   0.0717836     0.954148      -0.2906
    0.443602      0.29462    -0.846413
    0.895318    -0.188127      0.40375
  -0.0402805    -0.936914    -0.347233
    0.497756    -0.292156    -0.816629
    0.866795     0.134923     0.480064
  -0.0300713    -0.946805     0.320399
    -0.47675    -0.353607    -0.804781
   -0.878099       0.2339     0.417412
   0.0406384     0.905678    -0.422013
    0.400354    -0.277884    -0.873211
    0.835281    -0.281227     0.472459
   -0.376859    -0.918527      0.11952
   -0.365249    -0.330058    -0.870434
   -0.864846     0.466271     0.186099
    0.344435     0.820763    -0.455755
   -0.368698     0.546123    -0.752204
   -0.855343     0.117501     0.504562
    0.363938     0.829423       0.4238
   -0.399611    -0.727643    -0.557536
    -0.82626    0.0225106     0.562839
    0.396995    -0.685587     0.610218
   -0.339771    -0.608011     -0.71755
   -0.887713     0.459345     0.031123
     0.31068     0.647553    -0.695811
   -0.386606    -0.752325    -0.533426
   -0.851963    0.0698774     0.518918
     0.35312    -0.655076     0.667968
    0.360004     0.926319    -0.111047
    0.883538     -0.30029     0.359425
   -0.299596     0.227508     0.926543
   -0.397179    -0.774841    -0.491802
   -0.878997     0.167117     0.446582
    0.263841    -0.609666     0.747459
   -0.421812      0.46771    -0.776738
   -0.808601     0.193498     0.555629
     0.41017     0.862442     0.296571
    0.427388     0.148559    -0.891779
     0.83801    -0.435226     0.329116
   -0.339232     -0.88798    -0.310504
    0.454332      0.16959    -0.874541
    0.800913    -0.507578     0.317653
   -0.390026    -0.844751    -0.366436
    0.332285     0.902027     0.275563
    0.917547      -0.3768        0.127
   -0.218389    -0.210642     0.952857
   -0.378872    -0.925447   0.00192859
   -0.907165     0.371797     0.197026
    0.183054    -0.072898     0.980396
    0.370502      0.87771    -0.303898
    0.923063    -0.311528      0.22562
   -0.103356     0.364109     0.925604
   -0.319482    -0.823488    -0.468827
   -0.932892     0.186525     0.308092
    0.166262    -0.535795     0.827817
    0.305702     0.418494    -0.855225
    0.917511    -0.369479     0.147167
   -0.254399    -0.829668    -0.496923
   -0.293151     0.623254    -0.724994
   -0.931843   -0.0166483     0.362479
    0.213846     0.781842     0.585656
   -0.305711    -0.734207     0.606202
   -0.917808     0.396637    0.0175353
    0.253317     0.551017     0.795117
   -0.336906    -0.301023    -0.892121
   -0.891352     0.407189      0.19922
    0.303293     0.862312    -0.405502
    0.292238     0.245631    -0.924263
    0.931058     -0.29385     0.216293
   -0.218466    -0.923752    -0.314571
    0.476313   -0.0886468    -0.874796
    0.795725    -0.379834      0.47175
   -0.374097    -0.920797    -0.110382
   -0.467703    -0.273471    -0.840516
   -0.833274     0.453583     0.316096
    0.294801     0.848219    -0.440019
    0.496935     0.214636    -0.840826
    0.833138    -0.389068     0.393075
    -0.24277    -0.895856    -0.372162
   -0.483743   0.00342378    -0.875204
   -0.806798     0.385838     0.447443
    0.339219      0.92256    -0.183884
    -0.50126    -0.199797    -0.841914
   -0.854189     0.269655     0.444576
    0.138202     0.942002    -0.305831
    0.491731     0.868968    0.0556404
    0.842294    -0.490892     0.222634
   -0.220775    0.0626103     0.973313
    0.487731    -0.260047    -0.833363
    0.866235    0.0256013     0.498981
   -0.108423    -0.965257     0.237748
   -0.495895    -0.728298    -0.472938
   -0.860818     0.340549     0.378178
    0.114368     -0.59465     0.795809
    0.482388     0.873123    0.0704132
    0.818725     -0.47799     0.318142
   -0.311434    0.0958185     0.945425
    -0.47157    -0.788068    -0.395689
   -0.858532     0.307838     0.410071
    0.201356    -0.533089     0.821749
    0.452013     0.882696     0.128576
    0.836997    -0.469544     0.281007
   -0.308416     0.019401     0.951054
   -0.500646    -0.673238    -0.544154
    -0.86553     0.378735     0.327747
   0.0145619    -0.635067      0.77232
    0.477601     0.824007     -0.30481
    0.878493     -0.45268     0.152745
   0.0121179     0.340725     0.940085
   -0.475449    -0.675181    -0.563985
   -0.875821     0.423735     0.231053
  -0.0829777    -0.603804     0.792802
   -0.483564    -0.683365    -0.546971
   -0.872894     0.422871     0.243386
   -0.064976    -0.595141     0.800991
    0.485043     0.119286    -0.866316
    0.873066    -0.122563     0.471946
   -0.049882    -0.985266    -0.163593
    0.462574     0.880431     0.104238
    0.886029    -0.454934   -0.0893691
   0.0312617    -0.133698     0.990529
    0.433738     0.827104     0.357449
    0.894419    -0.443221   -0.0597377
    -0.10902     -0.34562      0.93202
   -0.437352    -0.401091    -0.804891
   -0.879389     0.377999     0.289468
    0.188145     0.834411    -0.518034
    0.411189     0.861683    -0.297364
    0.911197    -0.379459     0.160411
  -0.0253861     0.336917     0.941192
   -0.459178     0.605158    -0.650338
   -0.852208    -0.506754     0.130163
   -0.250792     0.613991      0.74841
   -0.465635     0.539671    -0.701384
   -0.848112    -0.498487     0.179491
   -0.252765     0.678429     0.689814
   -0.446048     0.617552     -0.64782
     -0.8595    -0.497419     0.117619
   -0.249602     0.609265     0.752659
   -0.448461    -0.660158    -0.602556
    -0.86264     0.496143    0.0984598
   -0.233955    -0.563944      0.79198
   -0.470379     0.428409    -0.771499
   -0.848335    -0.460307     0.261619
   -0.243046     0.777549     0.579953
   -0.446714     0.589696    -0.672833
   -0.873256    -0.450964      0.18454
   -0.194601     0.669992     0.716408
    0.432684     0.851268    -0.296863
    0.884117    -0.465089    -0.045045
    0.176413     0.242971     0.953857
   -0.418402    -0.790262    -0.447689
    -0.89946     0.428971     0.083399
   -0.126138    -0.437573     0.890292
   -0.379717    -0.844249     -0.37823
   -0.923574     0.369449     0.102557
  -0.0531526    -0.388266     0.920013
    0.445652    -0.172951    -0.878341
    0.874367     0.294566     0.385634
    0.192033     -0.93985     0.282497
     0.39464     0.884795    -0.247783
    0.912401    -0.409217  -0.00808271
    0.108548     0.222888     0.968782
    0.411669     0.866183    -0.283294
     0.90241    -0.430836   -0.0059601
    0.127216     0.253194     0.959015
     -0.4218    -0.722999    -0.547136
   -0.904849     0.374084     0.203246
  -0.0577279    -0.580804     0.811994
    0.365255     0.906032    -0.213763
    0.930483    -0.348397      0.11323
  -0.0281157     0.240261     0.970301
    0.436497     0.889198    -0.137101
    0.892111    -0.447516   -0.0621901
    0.116654    0.0951634     0.988603
   -0.459656    -0.696442    -0.551076
   -0.874733     0.462278     0.145401
   -0.153487    -0.548879     0.821689
   -0.443768    -0.714712    -0.540609
   -0.868269     0.492201    0.0620187
   -0.221763    -0.496916     0.838985
   -0.439282    -0.648308    -0.621875
   -0.872159     0.473705     0.122238
   -0.215337    -0.596071     0.773517
   -0.454943     -0.72548    -0.516435
     -0.8759     0.469198     0.112484
   -0.160706    -0.503519     0.848906
   -0.437244      0.48299    -0.758642
   -0.863517    -0.461185     0.204075
   -0.251308     0.744331     0.618721
    0.378917     0.851194     0.363167
    0.923675    -0.323696    -0.205051
   0.0569828    -0.413145     0.908881
    0.346677     0.463375    -0.815536
    0.937767    -0.152493     0.311992
   0.0202057    -0.872943    -0.487404
   -0.312565    -0.467013    -0.827165
   -0.947961     0.208916     0.240259
    0.060604     0.859217     -0.50801
   -0.340262    -0.617431    -0.709225
   -0.939941     0.245032     0.237633
   0.0270605     0.747488    -0.663724
    0.293989     0.224063    -0.929175
      0.9502    -0.173673     0.258761
   -0.103393    -0.958975    -0.263963
     -0.3024     -0.44045    -0.845315
   -0.947587     0.234853     0.216617
    0.103116     0.866515    -0.488384
   -0.289214    -0.621998    -0.727649
   -0.947091      0.29645     0.123027
    0.139189     0.724731    -0.674827
   -0.323112    -0.663505     0.674804
   -0.943304     0.283069    -0.173348
   0.0759986     0.692556      0.71735
     0.28592     0.247053    -0.925859
     0.94206    -0.249345     0.224389
   -0.175422    -0.936372    -0.304031
   -0.287752    -0.364305    -0.885709
   -0.944546     0.260738     0.199622
    0.158215     0.894034    -0.419131
    0.329536     0.942508    0.0555395
    0.940034    -0.333016    0.0737362
  -0.0879925   -0.0279103      0.99573
    0.338567     0.931736    -0.131301
    0.940818    -0.332945    0.0633151
  -0.0152769     0.144967     0.989319
    0.679076    -0.174636    -0.712993
    0.555785    -0.512191       0.6548
    -0.47954    -0.840929    -0.250757
    0.686144     0.081342    -0.722904
    0.556699    -0.698399     0.449805
   -0.468288    -0.711071    -0.524485
   -0.687025    -0.288583    -0.666871
   -0.607632     0.731445     0.309468
    0.398472     0.617825    -0.677873
   -0.692721    -0.412355    -0.591692
   -0.610838     0.771631      0.17738
    0.383425     0.484303    -0.786407
    0.701392    -0.209676    -0.681238
    0.563817    -0.421518     0.710235
   -0.436073    -0.882246     -0.17743
   -0.677028    -0.573167     0.461641
   -0.661915     0.748428    -0.041507
    0.321715     0.333669     0.886095
   -0.686145    -0.537993     0.489662
   -0.618854     0.785495  -0.00415297
    0.382393     0.305879     0.871903
   -0.673434    -0.587314     0.448942
   -0.665563     0.746004   -0.0224415
