   0.0407716    -0.926507     0.374062
   -0.997485   -0.0594655    -0.038566
   0.0579755    -0.371549    -0.926601
 -0.00873047      -0.8763     0.481687
    -0.99854   -0.0180394   -0.0509162
   0.0533073    -0.481428    -0.874863
  -0.0632548    -0.868912     0.490908
   -0.997065    0.0337651   -0.0687098
   0.0431272    -0.493813    -0.868498
  -0.0891803    -0.916042     0.391043
   -0.995083    0.0649596   -0.0747644
   0.0430853    -0.395788    -0.917331
   -0.135131    -0.931469     0.337793
   -0.989522      0.10937   -0.0942604
   0.0508563    -0.346991    -0.936489
   -0.127517    -0.882493     -0.45271
   -0.991409     0.100013    0.0842949
   0.0291127     -0.45957     0.887665
   -0.150066    -0.917375     -0.36865
   -0.988444     0.131136    0.0760386
   0.0214128    -0.375801     0.926453
   -0.159495    -0.894201     0.418289
   -0.986282     0.126083    -0.106536
   0.0425252    -0.429543    -0.902045
    -0.16184    -0.773746    -0.612475
   -0.986637     0.115018     0.115405
   0.0188489    -0.622968      0.78202
   -0.161133    -0.867845     0.469981
   -0.986239     0.123739     -0.10964
   0.0369956     -0.48118    -0.875841
   -0.157233    -0.871051    -0.465348
   -0.987561     0.139059    0.0733857
-0.000788315    -0.471098      0.88208
   -0.155951    -0.871293     0.465326
   -0.987452      0.12567   -0.0956303
   0.0248444    -0.474401    -0.879958
    0.195298     0.947687     0.252485
    0.960139    -0.237245     0.147813
   -0.199981    -0.213553     0.956244
    0.228654     0.953866    -0.194571
    0.946889    -0.171496     0.272012
   -0.226095     0.246434     0.942418
   -0.187665    -0.900626    -0.391988
   -0.960915    0.0856464     0.263261
    0.203528    -0.426072     0.881498
   -0.227383      -0.6466    -0.728152
   -0.947139   -0.0269401      0.31969
    0.226328    -0.762354     0.606294
   -0.257074    -0.966027    0.0265533
   -0.936306     0.255779     0.240642
    0.239258   -0.0370007     0.970251
   -0.192322    -0.911771    -0.362886
   -0.960261    0.0986348     0.261093
    0.202264    -0.398679     0.894508
   -0.250903     -0.88602    -0.389893
   -0.939205     0.125288     0.319682
    0.234395    -0.446399      0.86359
   -0.228038    -0.834073    -0.502315
   -0.948543    0.0739015     0.307904
    0.219692    -0.546681     0.808007
   -0.239991    -0.746087    -0.621095
   -0.945097    0.0333865      0.32508
    0.221801    -0.665011     0.713137
   -0.267803    -0.407566    -0.873024
   -0.932538     0.337419     0.128537
    0.242188     0.848551    -0.470432
    0.254812     0.656035    -0.710414
    0.939538   0.00584745     0.342394
   -0.228776     0.754708      0.61488
    0.262184     0.620302    -0.739246
    0.937307    -0.345947     0.042145
   -0.229597     -0.70395    -0.672115
   -0.186941    -0.838495    -0.511839
   -0.962269    0.0514326     0.267196
    0.197717    -0.542477     0.816472
   -0.212996    -0.759899     0.614155
   -0.955661     0.031216    -0.292811
    0.203335    -0.649291    -0.732854
    0.181474     0.726382      -0.6629
    0.966651  -0.00789572     0.255976
   -0.180702     0.687246     0.703591
   -0.146336    -0.848451    -0.508642
   -0.973722    0.0328403     0.225359
    0.174502    -0.528254     0.830962
    0.151709      0.94565     -0.28763
    0.971376   -0.0888257     0.220313
    -0.18279     0.312821     0.932057
    0.103899     0.993664   -0.0428562
    0.981915   -0.0956233     0.163399
   -0.158265    0.0590581     0.985629
  -0.0974552    -0.859258    -0.502173
   -0.982898   0.00387953      0.18411
     0.15625    -0.511527     0.844941
   -0.147921     -0.92597    -0.347417
   -0.971845    0.0709497     0.224684
    0.183401    -0.370871     0.910395
     0.10284     0.980615     0.166788
    0.982988    -0.125844     0.133783
   -0.152179    -0.150192     0.976875
  -0.0463653    -0.809281     0.585589
    -0.98989     0.115887    0.0817787
    0.134044     0.575877     0.806473
   0.0490797     0.976292     0.210818
    0.990666   -0.0744578     0.114179
   -0.127169    -0.203246     0.970834
 -0.00137525    -0.964231    -0.265058
    0.994237    0.0270945    -0.103723
   -0.107195     0.263674    -0.958637
    0.148765     0.987246   -0.0566876
    0.973634    -0.136207      0.18299
   -0.172935    0.0824154     0.981479
   -0.245175    -0.482891    -0.840658
   -0.948084     0.300591      0.10384
    0.202551     0.822473    -0.531519
   -0.247199    -0.609879    -0.752955
   -0.946821     0.317211    0.0539109
    0.205967      0.72624     -0.65586
    0.224556     0.124306      -0.9665
     0.95877    -0.205455     0.196336
   -0.174166     -0.97074    -0.165317
    0.216152     0.190247    -0.957645
    0.961844    -0.209994     0.175382
   -0.167734    -0.959015    -0.228378
    0.229986     0.249354    -0.940707
    0.957009      -0.2335     0.172077
   -0.176747    -0.939841    -0.292336
   -0.192787    0.0123315    -0.981163
   -0.971727     0.136503     0.192648
    0.136308     0.990563   -0.0143332
   -0.202347     -0.65137     0.731281
   -0.969519     0.238589   -0.0557498
    0.138162     0.720272     0.679794
    -0.17873     -0.42362    -0.888032
   -0.979018     0.166356     0.117685
   0.0978758     0.890433    -0.444464
   -0.178558    -0.579936    -0.794853
   -0.975595     0.209278    0.0664678
    0.127798     0.787322    -0.603151
   -0.164431    -0.526612    -0.834052
   -0.982014     0.166943     0.088195
   0.0927946     0.833552    -0.544591
    -0.15021    -0.312532    -0.937955
   -0.984659     0.132499      0.11354
   0.0887937     0.940621    -0.327641
   -0.212014    -0.471428    -0.856041
   -0.967746     0.223252     0.116733
    0.136081     0.853179    -0.503555
   -0.184916    -0.694565     0.695259
   -0.978394     0.196675   -0.0637421
   0.0924675     0.692025     0.715927
   -0.196472    -0.485024    -0.852145
   -0.976722     0.173132     0.126651
   0.0861044     0.857191    -0.507749
   -0.214919    -0.462351    -0.860257
   -0.968742     0.212661     0.127727
    0.123888     0.860818    -0.493604
   -0.228748    -0.012752    -0.973402
   -0.958745     0.176301     0.222994
    0.168769     0.984254   -0.0525545
   -0.221212     0.459663    -0.860102
   -0.962134    0.0411591     0.269451
    0.159258     0.887139     0.433153
   -0.233245    -0.698107    -0.676936
   -0.951748    0.0211193     0.306154
    0.199432    -0.715682     0.669348
   -0.244675    -0.494693    -0.833914
   -0.947884     0.303062    0.0983322
    0.204083     0.814514    -0.543063
    -0.21508     0.528975     -0.82093
   -0.959668    0.0413557     0.278077
    0.181046     0.847629     0.498745
   -0.178369     -0.90655     0.382558
   -0.981954     0.139162    -0.128067
   0.0628611    -0.398498    -0.915013
   -0.174287     -0.92977     0.324272
     -0.9822     0.140722    -0.124421
   0.0700508    -0.340185    -0.937746
    0.182396     0.777556     -0.60178
    0.977719   -0.0787491     0.194589
   -0.103914     0.623863     0.774594
   -0.157484    -0.931633     0.327503
   -0.984909     0.124069    -0.120671
   0.0717886    -0.341564    -0.937113
   -0.163645    -0.932695     0.321403
   -0.980575     0.118074    -0.156623
    0.108132     -0.34079      -0.9339
    0.137986     0.977236    -0.161153
    0.984473    -0.117502     0.130411
   -0.108506     0.176646     0.978275
   -0.127316    -0.920033     0.370581
   -0.989452    0.0917765    -0.112083
   0.0691093    -0.380942    -0.922013
    0.188609     -0.13759    -0.972366
    0.969849    -0.129511     0.206447
   -0.154337    -0.981986     0.109014
    0.143631       -0.664    -0.733808
    0.978191   -0.0171654     0.206998
   -0.150043    -0.747535     0.647054
    0.206271    -0.226324    -0.951961
    0.968601   -0.0907739     0.231457
   -0.138798    -0.969813     0.200494
    -0.21528    -0.361887    -0.907024
   -0.970349     0.183797     0.156978
      0.1099     0.913924    -0.390724
    0.204921    -0.101257    -0.973527
    0.974734   -0.0692119     0.212374
  -0.0888841     -0.99245    0.0845161
   -0.206733     -0.28543    -0.935837
   -0.977025     0.110873     0.182016
   0.0518061     0.951965    -0.301793
    0.201498     0.112981    -0.972951
    0.976993   -0.0940557     0.191413
  -0.0698855    -0.989135    -0.129334
   -0.187395    -0.839073     0.510724
   -0.981921     0.145862    -0.120648
   0.0267373      -0.5241    -0.851237
  -0.0888184    -0.892316     0.442588
   -0.994001    0.0509335   -0.0967872
   0.0638222    -0.448529    -0.891486
  -0.0306772     -0.86615     0.498841
   -0.998162  0.000450293    -0.060602
   0.0522658    -0.499783    -0.864572
  -0.0489792    -0.913553      0.40376
   -0.994844   0.00867881    -0.101045
   0.0888061    -0.406627    -0.909268
   0.0258847    -0.888757     0.457646
   -0.998228    -0.047517   -0.0358186
     0.05358    -0.455908    -0.888412
   0.0164252    -0.772707      0.63455
   -0.996974   -0.0608851    -0.048335
   0.0759835    -0.631836    -0.771369
   0.0559369    -0.663794     0.745821
   -0.996075    -0.088419  -0.00398834
   0.0685921    -0.742671    -0.666135
   0.0701923    -0.882772     0.464529
   -0.996148    -0.086569   -0.0139898
   0.0525636    -0.461757    -0.885447
  0.00388032    -0.997411    -0.071811
   -0.994933   -0.0110655    0.0999312
    0.100467   -0.0710594       0.9924
   0.0451584    -0.992038    -0.117566
   -0.995471   -0.0545416    0.0778582
   0.0836504    -0.113517     0.990008
   0.0555125     0.972035     0.228179
    0.990568   -0.0822898     0.109561
   -0.125274    -0.219945     0.967435
    0.113561     0.977325     0.178717
    0.983248    -0.136366     0.120944
   -0.142573    -0.161989     0.976439
   0.0898077     0.989591     -0.11245
     0.99134   -0.0779576     0.105681
  -0.0958143     0.120967     0.988022
    -0.11042    -0.598756    -0.793283
   -0.993144    0.0972818    0.0648129
   0.0383649     0.795001    -0.605393
   -0.121362    -0.461731    -0.878678
   -0.991698    0.0942963    0.0874208
   0.0424912     0.881993    -0.469342
   0.0746552     0.658386    -0.748969
     0.99693   -0.0315135    0.0716692
   0.0235834     -0.75202    -0.658718
   0.0778046     0.201723    -0.976347
    0.996905  -0.00470397     0.078471
   0.0112367    -0.979431    -0.201465
  -0.0844169    -0.502682     -0.86034
   -0.996177    0.0230942    0.0842517
   -0.022483     0.864163     -0.50271
   0.0435431    -0.899509    -0.434728
    0.996316   0.00692046    0.0854735
   0.0738756     0.436848    -0.896497
   0.0504656    -0.903795      0.42498
    0.995617    0.0119804   -0.0927494
    0.078735     0.427798     0.900438
   0.0126684    -0.958906    -0.283441
    0.990702   -0.0263648     0.133474
    0.135461     0.282497    -0.949656
   0.0472267    -0.582468     0.811481
    0.996931   -0.0232955   -0.0747407
   0.0624379      0.81252      0.57958
   0.0331682    -0.685322     0.727484
    0.992891   -0.0606572    -0.102411
    0.114311      0.72571     0.678438
    0.041288    -0.226921    -0.973038
    0.994051      0.10757    0.0170933
    0.100791    -0.967954     0.230012
   0.0493748    -0.857671     0.511823
     0.99528 -0.000612754   -0.0970399
    0.083542     0.514198     0.853593
   0.0145254    -0.893511    -0.448806
    0.990375   -0.0489341     0.129474
    0.137649     0.446366      -0.8842
   0.0124748    -0.675002      0.73771
    0.989916   -0.0957722    -0.104371
    0.141103     0.731573     0.667001
    0.067507    -0.755386     0.651794
    0.994426  -0.00209269    -0.105419
   0.0809961     0.655277     0.751034
    0.102775     0.733284      0.67211
    0.994403   -0.0591012   -0.0875782
   0.0244972    -0.677349     0.735254
    0.131501     0.958509      0.25292
    0.991201    -0.123243   -0.0482957
   0.0151213    -0.257046     0.966281
    0.148647     0.303704    -0.941099
    0.987973   -0.0865816      0.12811
  -0.0425744    -0.948824    -0.312921
   -0.135494    -0.822947     0.551724
   -0.990027     0.134134   -0.0430617
   0.0385671     0.552056     0.832914
   -0.169222    -0.747216     0.642676
   -0.985011     0.150331   -0.0845772
   0.0334164     0.647355     0.761456
   0.0412548    -0.193677    -0.980198
    0.988701     0.149415    0.0120898
    0.144115    -0.969621     0.197652
   0.0216977     0.999096    0.0365612
     0.98706   -0.0155962    -0.159592
    0.158877   -0.0395508     0.986506
    0.026323    -0.216297    -0.975973
    0.981983     0.188353   -0.0152579
    0.187127    -0.957987     0.217358
   0.0410477    -0.171732    -0.984288
    0.983858     0.178678   0.00985528
    0.174178    -0.968805     0.176294
   0.0101239    -0.508549     0.860974
    0.980014    -0.166022    -0.109587
    0.198671     0.844876     0.496704
  -0.0376835    -0.911592    -0.409364
   -0.976855     0.119921    -0.177123
   -0.210556    -0.393215     0.895013
  -0.0134075    -0.742862      0.66931
   -0.974068     0.160899     0.159068
   -0.225857    -0.649821    -0.725756
  -0.0306428    -0.951465    -0.306228
   -0.970309     0.101855    -0.219374
   -0.239918    -0.290414     0.926336
  -0.0565537    -0.485985     0.872136
   -0.978454     0.200713    0.0483964
   -0.198569    -0.850607    -0.486865
   0.0540155     0.981549    -0.183422
    0.971712   -0.0939638    -0.216674
    0.229911     0.166529     0.958858
  -0.0590116    -0.431771     0.900051
   -0.974251     0.221451    0.0423577
   -0.217606    -0.874376    -0.433721
   0.0116901    -0.358893     0.933306
   -0.971702      0.21614    0.0952854
   -0.235922    -0.908009     -0.34621
 -0.00584061    -0.999217   -0.0391262
   -0.968456    0.0153994    -0.248708
   -0.249116   -0.0364394     0.967788
   -0.028023    -0.974507      -0.2226
    0.965642   -0.0839474     0.245945
    0.258362     0.208059    -0.943377
  -0.0366469    -0.906476    -0.420664
    0.969397    -0.134499     0.205377
    0.242748     0.400264    -0.883664
  -0.0142784    -0.482455     0.875804
     0.97891    -0.185265   -0.0860975
    0.203794     0.856104     0.474925
   -0.024413    -0.823924     0.566174
    0.978049    -0.136919    -0.157079
    0.206941     0.549911     0.809181
 -0.00565166    -0.616432     0.787388
    0.985414    -0.137355     -0.10046
    0.170079     0.775335     0.608217
  0.00538454    -0.950317    -0.311236
    0.985945   -0.0469269     0.160342
    0.166982     0.307725    -0.936708
  -0.0055207     -0.99439    -0.105636
    0.984232     -0.02408     0.175236
    0.176797     0.103003    -0.978843
   0.0382202     -0.58752     0.808306
   -0.969362     0.174621     0.172759
   -0.242646    -0.790144    -0.562845
  0.00288632   -0.0866673     0.996233
   -0.974587     0.222905    0.0222152
   -0.223991     -0.97098   -0.0838214
   0.0218853   -0.0764397    -0.996834
   -0.971493    -0.237045  -0.00315171
   -0.236054     0.968487   -0.0794485
   0.0175093    -0.747688     0.663819
    0.978838    -0.122565    -0.163869
    0.203884     0.652641      0.72972
   0.0524639    -0.549116     0.834098
     0.98018    -0.131466    -0.148201
    0.191035     0.825341     0.531335
 -0.00704405    -0.880437    -0.474111
    0.977764    -0.105438     0.181273
    0.209589     0.462292    -0.861602
  -0.0613828    -0.381915    -0.922157
     -0.9834    -0.134915     0.121335
   -0.170753     0.914297    -0.367294
   0.0311459     0.969295     0.243919
    0.984724    0.0120697    -0.173702
    0.171312    -0.245603     0.954113
   0.0742922     0.711342     0.698908
    0.988772    0.0385777    -0.144368
    0.129657    -0.701786     0.700489
   0.0813893     0.995164     0.054991
    0.982638   -0.0708903    -0.171458
    0.166731   -0.0679911     0.983655
    0.103119     0.271779    -0.956819
    0.985868    0.0997587     0.134585
    0.132029    -0.957175    -0.257651
      -0.122    -0.945573     0.301676
   -0.984979     0.152766    0.0804966
   -0.122201    -0.287324    -0.950006
  0.00275963     -0.75211    -0.659031
    0.983928    -0.115624     0.136074
    0.178543     0.648815    -0.739704
   0.0369978    -0.381532     0.923615
    0.989454    -0.115534   -0.0873606
     0.14004     0.917107     0.373234
   -0.027237    -0.911498     0.410403
    0.976758    -0.111588     -0.18301
    0.212609     0.395879     0.893352
  -0.0456885    -0.881062    -0.470789
    0.968627    -0.154319     0.194799
    0.244281     0.447119    -0.860471
    -0.04051    -0.768152    -0.638985
      0.9694    -0.185181     0.161157
    0.242121     0.612904    -0.752148
   0.0575045     0.992473     0.108119
   -0.963968    0.0270233     0.264641
   -0.259727     0.119441    -0.958267
   0.0488158      0.98842    -0.143679
   -0.964048    0.0842464      0.25202
   -0.261206    -0.126211    -0.956996
  -0.0538555    -0.824702     0.562997
    0.965801     0.100188     0.239146
     0.25363    -0.556622    -0.791103
   -0.158076    -0.907266     0.389718
   -0.985045      0.17229    0.0015398
  -0.0685414    -0.383646    -0.920933
    0.139984     0.940652     0.309159
    0.986214    -0.104629      -0.1282
   0.0882446    -0.322843      0.94233
   -0.174589    -0.844281    -0.506664
   -0.983817     0.170629    0.0546822
  -0.0402843    -0.508012     0.860407
   -0.163419    -0.831726     0.530591
   -0.985717     0.159845   -0.0530307
  -0.0407054    -0.531679    -0.845968
    -0.15785     -0.49694    -0.853307
   -0.986785    0.0473748     0.154952
  -0.0365767     0.866491    -0.497852
    0.193618     0.939362    -0.283041
    0.981059    -0.183614    0.0617248
 -0.00601173     0.289631      0.95712
    0.197427     0.629189    -0.751761
    0.980232    -0.136809     0.142926
  -0.0129203    -0.765117    -0.643761
   -0.164538    -0.844683     0.509351
   -0.986243      0.14919   -0.0711826
  -0.0158632    -0.514056     -0.85761
   -0.186875    -0.350971    -0.917549
   -0.982118    0.0884566      0.16619
   0.0228354     0.932199    -0.361226
    0.144905     0.646802    -0.748766
    0.989133    -0.075677     0.126051
   0.0248656    -0.758894    -0.650739
   0.0948881    -0.635531     0.766223
     0.99204  -0.00363511    -0.125868
   0.0827784     0.772067     0.630127
   -0.121457    -0.473962    -0.872128
   -0.988685   -0.0201647     0.148648
  -0.0880398     0.880314     -0.46615
   -0.158948    -0.875778     0.455795
   -0.987021     0.151676   -0.0527659
  -0.0229218    -0.458266     -0.88852
   -0.161335    -0.911727      0.37779
   -0.985886     0.166236    -0.019842
  -0.0447119     -0.37566    -0.925678
   -0.156167    -0.823706     0.545087
     -0.9862     0.160743   -0.0396387
  -0.0549685    -0.543755    -0.837442
   -0.140498    -0.844133     0.517398
   -0.986726     0.162367  -0.00304171
  -0.0814408    -0.510957     -0.85574
   -0.149983    -0.822023     0.549348
   -0.985315     0.170134   -0.0144284
  -0.0816023    -0.543445    -0.835469
   -0.129521    -0.911028     0.391474
   -0.985856      0.16066    0.0477094
   -0.106359    -0.379758    -0.918951
   -0.112142    -0.873853     0.473081
    -0.98859     0.146292    0.0358832
   -0.100565    -0.463659    -0.880288
   -0.130106    -0.871247    -0.473288
   -0.985835     0.164628   -0.0320502
    -0.10584    -0.462414     0.880325
  -0.0756494    -0.835089     0.544888
   -0.986488     0.142319    0.0811576
   -0.145322    -0.531386    -0.834572
  -0.0626948    -0.947894    -0.312355
   -0.981721     0.114924    -0.151709
   -0.179701    -0.297134     0.937773
  -0.0603798    -0.910274     0.409579
   -0.985051     0.120659     0.122944
   -0.161332    -0.396033    -0.903952
   0.0220053     -0.12261    -0.992211
    0.977922     0.208931  -0.00412974
     0.20781    -0.970214       0.1245
  -0.0356198    -0.970867     0.236956
   -0.983567      0.07605     0.163743
   -0.176993     -0.22723    -0.957622
  0.00108235    -0.901486    -0.432806
   -0.979215    0.0868265    -0.183299
    -0.20282    -0.424009     0.882655
    0.019541    -0.348769     0.937005
    -0.97292     0.209257     0.098179
   -0.230316    -0.913549    -0.335236
  -0.0259405    -0.954315     0.297675
    -0.98672    0.0722054     0.145497
   -0.160343    -0.289948    -0.943515
  0.00937122    -0.905939     0.423304
   -0.985149     0.064215      0.15924
   -0.171444     -0.41851    -0.891884
  0.00167626    -0.997974   -0.0636004
   -0.987455   0.00839023    -0.157679
   -0.157893   -0.0630668      0.98544
  -0.0506059    -0.968103    -0.245389
   -0.986348    0.0869999    -0.139818
   -0.156707    -0.234963     0.959289
  -0.0771017    -0.913477     0.399518
   -0.986407     0.128208     0.102778
   -0.145107    -0.386163    -0.910946
  -0.0962685    -0.805638     0.584534
   -0.983716     -0.01254    -0.179294
   -0.151776     0.592276     0.791311
   -0.115938    -0.826404     0.551013
   -0.984496      0.16913    0.0465131
   -0.131631    -0.537077      -0.8332
  -0.0998098    -0.974766    -0.199675
   -0.985794     0.124119     -0.11316
   -0.135088    -0.185544     0.973306
   0.0614514    -0.609101     0.790708
    0.985955   -0.0862156    -0.143039
    0.155297     0.788392     0.595248
 -0.00165077    -0.779641     0.626225
   -0.988929    0.0941943     0.114664
   -0.148383    -0.619102    -0.771164
   -0.471488     0.609826    -0.637034
   -0.870108     -0.20409      0.44862
    0.143568     0.765807      0.62684
   -0.547142    -0.432232    -0.716806
   -0.831935      0.37524     0.408753
    0.092298     0.819982    -0.564899
   -0.518072    -0.578786    -0.629769
   -0.853425     0.398988     0.335372
   0.0571611     0.711207    -0.700655
   -0.575105    -0.418802    -0.702751
   -0.816981     0.338517     0.466849
   0.0423755     0.842622    -0.536836
   -0.586344    -0.430387    -0.686271
   -0.807652     0.375898     0.454311
   0.0624389     0.820651    -0.568009
   -0.544205    -0.328698     -0.77188
   -0.838263     0.250339     0.484403
     0.03401     0.910652    -0.411771
   -0.595271    -0.518629     -0.61374
   -0.802306     0.425677     0.418454
   0.0442324     0.741501    -0.669492
    0.583868     0.791858    -0.179052
    0.811111    -0.559575      0.17022
  -0.0345974     0.244617     0.969002
   -0.566307    -0.730001     0.382615
   -0.821421     0.537952    -0.189408
   0.0675603     0.421551     0.904285
    0.606152   -0.0980211    -0.789285
    0.792936  -0.00275839     0.609299
  -0.0619013    -0.995181    0.0760524
   -0.570312    -0.726638    -0.383069
   -0.816634     0.451247      0.35984
   0.0886144    -0.518048     0.850749
   -0.590797    -0.713013    -0.377586
   -0.801914     0.467403     0.372113
   0.0888367    -0.522635     0.847916
   -0.555393     0.452574     -0.69765
   -0.831236    -0.277707     0.481587
   0.0242116     0.847382     0.530432
    0.564637   -0.0815613    -0.821299
    0.824263   0.00492363     0.566186
  -0.0421351    -0.996656     0.070008
    0.545984     0.789728    -0.279698
    0.837075     -0.50037     0.221215
  -0.0347475     0.354908     0.934255
    0.528868    -0.043912    -0.847567
    0.848229  -0.00606949     0.529595
  -0.0283999    -0.999017    0.0340375
    0.519062     -0.25685    -0.815232
    0.854323     0.126248     0.504176
  -0.0265764     -0.95817     0.284963
    0.485423    -0.380927     -0.78693
     0.87391     0.185263     0.449398
  -0.0253991    -0.905855     0.422827
   -0.438794    -0.235612    -0.867149
    -0.89776     0.156356       0.4118
   0.0385585     0.959187    -0.280131
    0.484893     0.206084    -0.849946
    0.872968    -0.172903     0.456104
  -0.0529623    -0.963138    -0.263744
   -0.398516    -0.371422    -0.838588
   -0.913903     0.237818     0.328975
   0.0772431      0.89749    -0.434218
   -0.400424    -0.414942    -0.816997
   -0.915353     0.222286     0.335734
   0.0422969     0.882277    -0.468827
   -0.363598    -0.397799     -0.84235
   -0.929111     0.220326     0.296999
   0.0674459     0.890625    -0.449709
   -0.306701    -0.302938     -0.90231
   -0.946987     0.192397     0.257293
   0.0956584     0.933387    -0.345887
   -0.442778    -0.272904    -0.854091
   -0.889669     0.252199     0.380638
    0.111523     0.928396    -0.354463
    -0.54486   -0.0135185    -0.838418
   -0.824511     0.190689     0.532747
    0.152675     0.981557    -0.115045
     0.52648      0.78645     -0.32298
    0.838393    -0.417192     0.350783
   -0.141128     0.455464     0.878997
     0.46467     0.169161    -0.869175
     0.86156    -0.312998     0.399683
    -0.20444    -0.934568    -0.291183
   -0.477701     0.517151     -0.71018
   -0.848592    -0.062415     0.525353
    0.227361     0.853615     0.468666
   -0.462127     0.419002    -0.781586
   -0.870759   -0.0474479     0.489416
    0.167982     0.906745     0.386776
    0.410552    0.0840328    -0.907957
    0.872851    -0.324268     0.364666
   -0.263777    -0.942225    -0.206477
   -0.387455    -0.289006    -0.875417
   -0.889938     0.365087     0.273354
    0.240602     0.884979    -0.398652
    0.353329     0.148857     -0.92358
    0.889523    -0.359153     0.282414
   -0.289667    -0.921331    -0.259311
    0.443577    -0.164232     -0.88106
    0.848554    -0.239422     0.471841
   -0.288436    -0.956925    0.0331572
   -0.380381    0.0172375    -0.924669
    -0.86683     0.341855     0.362961
    0.322359     0.939595    -0.115093
   -0.409088     0.283066     -0.86748
   -0.841171     0.251476      0.47874
    0.353665     0.925545     0.135231
    -0.38471     0.320462    -0.865623
     -0.9012    0.0723791     0.427317
    0.199592     0.944492     0.260955
    0.320416    0.0974827    -0.942248
    0.914005    -0.293126     0.280486
   -0.248854    -0.951091    -0.183022
   -0.308265    -0.444232    -0.841208
   -0.928232     0.334016     0.163766
    0.208226     0.831319    -0.515316
   -0.367918     0.367683    -0.854076
   -0.913927    0.0263032     0.405025
    0.171385     0.929579     0.326358
   -0.448531     0.328637    -0.831154
   -0.882152   -0.0133427     0.470776
    0.143625     0.944362     0.295892
   -0.435515     0.436015    -0.787539
   -0.891692   -0.0890859      0.44379
    0.123341     0.895519     0.427589
   -0.511529     0.339734    -0.789252
   -0.854814    -0.107818      0.50761
   0.0873562     0.934321     0.345561
    0.519087     0.839531    -0.160428
    0.846557     -0.47911     0.231936
   -0.117855     0.256206      0.95941
    -0.49866     0.480432    -0.721472
   -0.863662     -0.20466     0.460654
   0.0736561     0.852818     0.516987
    0.318403      0.37845    -0.869135
    0.942022    -0.228746     0.245501
   -0.105901    -0.896912    -0.429341
   -0.359801    -0.722726     0.590094
   -0.927095     0.348147    -0.138884
    0.105064     0.597044     0.795299
   -0.355697    -0.860863     -0.36386
   -0.927658      0.27783     0.249523
    0.113714    -0.426292      0.89741
   -0.422741    -0.803091    -0.419923
   -0.902372     0.330189     0.276949
   0.0837609    -0.496005     0.864271
   -0.413667    -0.722569     0.553871
   -0.906437     0.383775    -0.176321
   0.0851577     0.574987     0.813718
    0.423355     0.860811    -0.282445
    0.900835    -0.366849     0.232205
  -0.0962698     0.352741     0.930756
    0.480206     0.822699    -0.304249
    0.875919    -0.431343     0.216124
  -0.0465689     0.370282     0.927752
   -0.487523    -0.626431     0.608199
   -0.871604      0.39008    -0.296891
   0.0512643      0.67485     0.736172
   -0.510185    -0.303114    -0.804881
   -0.859557     0.211836     0.465066
   0.0295343     0.929111     -0.36862
   -0.466909    -0.813713      0.34622
   -0.883054      0.44985    -0.133605
   0.0470305     0.368112     0.928591
   -0.505859    -0.764038     0.400441
   -0.862287     0.460712    -0.210252
   0.0238471     0.451653     0.891875
   -0.500888    -0.629454     0.594053
    -0.86524     0.381368     -0.32545
   0.0216971     0.677012     0.735652
    0.489385      0.85368     -0.17814
    0.870011    -0.463914     0.166927
  -0.0598607     0.236675     0.969743
     0.52367    -0.285853    -0.802532
    0.851296      0.13949     0.505804
  -0.0326404    -0.948067     0.316392
    0.428428     0.902752   -0.0385658
    0.897532    -0.420246     0.133529
   -0.104337    0.0918218     0.990294
    0.360825     0.923064      0.13326
    0.920765    -0.375301     0.106497
   -0.148316   -0.0842738     0.985343
    0.356179     0.902075    -0.243716
    0.924599    -0.302527     0.231503
   -0.135102     0.307796     0.941812
   -0.302731    -0.627929     -0.71698
    -0.94084     0.317049     0.119581
    0.152229     0.710764    -0.686761
     0.30025     0.297135      -0.9064
    0.936083    -0.274393     0.220131
   -0.183301     -0.91456    -0.360529
   -0.311255    -0.519215     -0.79595
   -0.941662     0.281346     0.184707
    0.128034     0.807007    -0.576495
   -0.477338    -0.579419    -0.660622
   -0.878027     0.344353       0.3324
    0.034888     0.738711    -0.673119
   -0.483351    -0.377159    -0.790015
   -0.874687     0.245168      0.41811
   0.0359928     0.893109    -0.448398
   -0.396609    -0.591313    -0.702176
   -0.915353     0.312645     0.253735
   0.0694954     0.743372    -0.665258
    0.416258     0.275312    -0.866564
    0.905584    -0.210985     0.367971
  -0.0815249    -0.937917    -0.337142
   -0.417648    -0.582451    -0.697367
   -0.906886     0.314459     0.280487
   0.0559238     0.749577     -0.65955
   -0.308171    -0.397073    -0.864502
      -0.945      0.23243      0.23011
    0.109565     0.887868    -0.446863
   -0.316189    -0.343814    -0.884204
    -0.94539     0.191931     0.263439
   0.0791319     0.919214    -0.385725
    0.232308    -0.443901     0.865439
    0.967944     0.192864    -0.160899
  -0.0954886     0.875075     0.474474
   -0.305486       -0.492    -0.815239
   -0.943484     0.271954     0.189417
    0.128514     0.827029    -0.547272
    0.224431    -0.376811      0.89869
    0.964415     0.218153    -0.149375
   -0.139766     0.900235     0.412363
    0.239801    -0.413638     0.878294
    0.956367     0.256188    -0.140464
   -0.166907     0.873654     0.457023
   -0.356431    -0.324287    -0.876239
   -0.932031     0.189034     0.309166
   0.0653806     0.926879    -0.369623
    0.257577     0.238824     0.936278
    0.961406    -0.160323    -0.223595
   -0.096707    -0.957737     0.270902
   -0.448924    -0.456358    -0.768248
   -0.892688     0.267234     0.362897
   0.0396907     0.848719    -0.527353
     0.50458      0.29639    -0.810895
    0.862764    -0.208138     0.460779
  -0.0322073    -0.932111    -0.360737
    0.498485     0.123462    -0.858062
    0.866308    -0.107456     0.487815
  -0.0319778    -0.986514    -0.160521
    0.396973    -0.204159    -0.894836
    0.831953    -0.331726     0.444761
   -0.387642     -0.92102    0.0381641
   -0.361211    0.0212879    -0.932241
   -0.860138     0.378492     0.341916
    0.360124      0.92536    -0.118405
    0.365279     0.878297    -0.308489
    0.851732    -0.181598     0.491502
   -0.375664     0.442286     0.814408
   -0.404499     -0.82044    -0.404053
   -0.816765     0.125322     0.563196
    0.411432    -0.557829     0.720799
   -0.330694    -0.629035    -0.703531
   -0.885809     0.464048   0.00146218
    0.325553     0.623678    -0.710663
    0.384357      0.89618    -0.221654
    0.843592    -0.243418     0.478645
   -0.374997     0.370956      0.84957
   -0.352458    -0.935817  -0.00455604
   -0.881025     0.330172     0.338793
    0.315544    -0.123424      0.94085
   -0.410668    -0.792197    -0.451414
   -0.871198     0.194855     0.450606
    0.269009    -0.578321     0.770181
   -0.419486     0.630124    -0.653434
   -0.801973    0.0799896      0.59198
    0.425289     0.772363     0.471788
    0.427688     0.164935    -0.888751
     0.83075    -0.459253     0.314548
   -0.356282    -0.872859    -0.333437
    0.454816     0.189691    -0.870149
    0.792697     -0.53156     0.298453
   -0.405923    -0.825506     -0.39213
    0.327023     0.938634    -0.109644
    0.914751    -0.285284     0.286085
   -0.237249     0.193853     0.951911
   -0.387843    -0.833257    -0.394032
   -0.901289     0.253321     0.351435
    0.193019    -0.491438     0.849254
   -0.380419    -0.772727    -0.508109
    -0.92003     0.260401     0.292807
   0.0939476    -0.578864     0.809994
     0.32232     0.932251    -0.164374
     0.93357      -0.2843     0.218222
   -0.156706     0.223792     0.961957
   -0.293922    -0.502141    -0.813305
   -0.917913     0.385566    0.0936749
    0.266545     0.774076    -0.574248
   -0.284613    -0.350191    -0.892391
   -0.936534     0.300338     0.180833
    0.204693     0.887222    -0.413446
   -0.297695     -0.67111    -0.678961
   -0.915354  -0.00132015     0.402648
    0.271117    -0.741356     0.613911
   -0.327992    -0.367414    -0.870304
   -0.890353     0.428145     0.154799
    0.315741     0.825651    -0.467556
   -0.279586    -0.331529    -0.901066
   -0.932696     0.316487     0.172955
    0.227837     0.888777    -0.397701
    0.475429    -0.114625    -0.872255
    0.796033    -0.366081     0.481992
   -0.374564    -0.923497   -0.0828005
    0.465209     0.174788    -0.867773
    0.836154    -0.408553     0.365967
   -0.290564    -0.895842    -0.336212
     0.50964     0.156958     -0.84595
     0.82365    -0.373244     0.426954
   -0.248732    -0.914359    -0.319498
   -0.485133    0.0104129    -0.874378
   -0.808243     0.376306     0.452921
     0.33375     0.926437    -0.174143
    0.505186   -0.0772189    -0.859549
    0.852014    -0.113865     0.510987
   -0.137331    -0.990491   0.00826837
   -0.498771    -0.680867    -0.536328
   -0.842181     0.234471     0.485546
     0.20484    -0.693861      0.69036
   -0.510817    -0.771725    -0.378824
   -0.852152     0.396304     0.341732
    0.113594    -0.497378     0.860065
    -0.51584    -0.712118    -0.476232
   -0.850353      0.35816     0.385515
    0.103965     -0.60383     0.790305
    0.491671     0.869657    0.0442209
    0.811306    -0.475945     0.339498
   -0.316294     0.131045     0.939567
   -0.487399    -0.772385    -0.407263
   -0.851147     0.316145     0.419048
    0.194912    -0.550884     0.811502
    0.459554     0.881572     0.107895
    0.833089     -0.46998     0.291687
   -0.307851    0.0441595     0.950409
   -0.498941    -0.697721    -0.514046
    -0.86591     0.377091     0.328636
   0.0354537    -0.609088      0.79231
   -0.505495    -0.781223    -0.366285
   -0.862814     0.460247     0.209106
 -0.00522331    -0.421738     0.906703
   -0.478031    -0.748309    -0.459913
   -0.872426     0.465192     0.149898
   -0.101778    -0.472896     0.875221
    0.499095     0.744845    -0.442844
    0.862188    -0.478036     0.167668
   0.0868086     0.465497     0.880782
   -0.498251     0.526157    -0.689133
   -0.865177    -0.249741     0.434854
   0.0566968     0.812889     0.579653
   -0.470972    -0.707375    -0.527073
   -0.881423     0.401566     0.248671
  -0.0357509    -0.581692     0.812623
    0.429706     0.878003    -0.210864
    0.893569    -0.379869     0.239236
   -0.129949     0.291222     0.947788
   -0.442978    -0.398714    -0.802993
   -0.874984     0.387461     0.290304
    0.195381     0.831205    -0.520505
    0.436451     0.852746    -0.286942
    0.899169    -0.402162     0.172513
  -0.0317125     0.333303     0.942286
    0.462955    -0.625623    -0.627908
    0.843513     0.528597    0.0952453
    0.272323    -0.573742     0.772438
    0.460626    -0.110077    -0.880742
    0.843999     0.361478     0.396231
    0.274753     -0.92586     0.259411
   -0.445805     0.362894     -0.81827
   -0.852487    -0.450911     0.264473
   -0.272991     0.815468     0.510381
   -0.450224    -0.654634     -0.60725
   -0.858214     0.505001    0.0918862
    -0.24651     -0.56252     0.789179
   -0.472921     0.458485    -0.752421
   -0.839955    -0.492515     0.227826
   -0.266123     0.739743     0.618028
   -0.452946     0.604227    -0.655554
   -0.868255    -0.465909     0.170478
    -0.20242     0.646405     0.735654
    0.431751      0.84717    -0.309668
    0.879273    -0.471864   -0.0649788
     0.20117     0.244229     0.948622
   -0.416343    -0.787423    -0.454558
   -0.896828     0.437887    0.0628871
   -0.149526    -0.433843     0.888494
    -0.37473    -0.812054    -0.447376
   -0.924526      0.36346     0.114665
  -0.0694891    -0.456579     0.886965
   -0.458948     0.463339    -0.758079
   -0.863124    -0.434843     0.256766
   -0.210676     0.772159     0.599489
    0.392046     0.865521    -0.311726
     0.91091    -0.412606 -2.40418e-06
    0.128622     0.283953     0.950172
   -0.408849     0.540163    -0.735572
   -0.902626    -0.358205     0.238656
   -0.134572      0.76152     0.634016
   -0.428938    -0.798762    -0.421891
   -0.900723     0.413671     0.132568
   -0.068634     -0.43687     0.896902
   -0.374601    -0.827239    -0.418749
   -0.927098     0.327949     0.181491
    0.012808    -0.456208     0.889781
   -0.463329    -0.762233    -0.452025
   -0.878128     0.463529     0.118456
   -0.119235     -0.45182     0.884105
   -0.463678     0.360157      -0.8095
   -0.870348    -0.356153     0.340074
   -0.165825     0.862231     0.478602
   -0.453928     0.533236    -0.713868
    -0.85852      -0.4762     0.190202
   -0.238521     0.699209     0.673955
   -0.443425    -0.663236    -0.602904
   -0.863183     0.497175    0.0879285
   -0.241432    -0.559406     0.792954
   -0.464645    -0.730573    -0.500367
   -0.865701     0.493598    0.0832068
   -0.186192     -0.47183     0.861806
    -0.44032     0.492112    -0.750962
   -0.854461    -0.486524     0.182182
   -0.275707     0.721886     0.634718
    0.376067     0.880573     0.288383
    0.923966     -0.33296    -0.188214
   0.0697163    -0.337237     0.938835
   -0.340183   0.00245138    -0.940356
   -0.939832   -0.0343624     0.339904
  -0.0314797     0.999406    0.0139934
   -0.311227    -0.558495    -0.768909
   -0.949535     0.215956     0.227479
   0.0390045     0.800904    -0.597521
    0.336898    0.0703287    -0.938911
    0.941396   -0.0426506     0.334595
  -0.0165135    -0.996612   -0.0805761
    0.289375     0.190332    -0.938102
    0.953311    -0.145742     0.264496
  -0.0863789    -0.970841    -0.223619
   -0.291105    -0.399072    -0.869482
   -0.950977     0.219888     0.217466
    0.104405     0.890163    -0.443519
   -0.276862    -0.592146    -0.756776
   -0.950147     0.286247     0.123629
    0.143418     0.753277    -0.641877
    -0.31329    -0.640604    -0.701053
   -0.946646     0.269408     0.176864
    0.075569     0.719059    -0.690828
    0.272976     0.261598     -0.92577
    0.944612    -0.255129     0.206439
   -0.182187    -0.930847    -0.316753
   -0.280743    -0.493323    -0.823296
   -0.948062     0.276185     0.157797
    0.149537     0.824836    -0.545238
     0.31944     0.945084     0.069103
    0.943669    -0.323906    0.0676253
  -0.0862944   -0.0436082     0.995315
    0.330257     0.814268    -0.477387
    0.943869    -0.281409     0.172976
 -0.00650834     0.507717     0.861499
   -0.677428    -0.419033    -0.604568
   -0.551925     0.832877    0.0411649
    0.486281     0.361563    -0.795489
    0.686713    0.0613418    -0.724336
    0.550431    -0.694731     0.463006
   -0.474817    -0.716649    -0.510845
   -0.684428     -0.24526     -0.68659
   -0.603893     0.718346     0.345388
    0.408499      0.65102    -0.639766
   -0.691333    -0.525109     0.496305
   -0.610885     0.791606   -0.0133904
    0.385846     0.312443     0.868045
   -0.698568    -0.356342    -0.620502
   -0.564855     0.806958     0.172501
     0.43925     0.470998    -0.764997
   -0.675915    -0.645071     0.356401
   -0.663003     0.743408    0.0881501
    0.321815     0.176713     0.930165
   -0.691462    -0.419451    -0.588168
    -0.61118     0.773731      0.16673
    0.385149     0.474764    -0.791366
   -0.675714    -0.512123    -0.530227
   -0.664337     0.734785     0.136924
