  -0.0769663    -0.849634     0.521726
   -0.991387   0.00960261    -0.130614
    0.105964    -0.527285    -0.843055
  -0.0897543    -0.901995     0.422314
    -0.99243    0.0453101    -0.114146
   0.0838239    -0.429363    -0.899234
   -0.108491     -0.89629     0.429992
   -0.991952    0.0692036    -0.106029
   0.0652759    -0.438035    -0.896585
   -0.117862    -0.903292     0.412519
   -0.991578    0.0845968   -0.0980645
   0.0536832    -0.420603    -0.905655
   -0.131973    -0.863091     0.487501
   -0.990336    0.0936514    -0.102293
    0.042633     -0.49629    -0.867109
   -0.132672    -0.877608    -0.460655
   -0.990619      0.10205    0.0908873
   0.0327536    -0.468392     0.882914
   -0.135565    -0.905562     0.401969
   -0.990562     0.115599   -0.0736471
    0.020225     -0.40816    -0.912687
   -0.133694    -0.893551     0.428594
    -0.99037     0.104775   -0.0904924
   0.0359536    -0.436566    -0.898954
   -0.129789    -0.816769     0.562177
   -0.991484     0.100782    -0.082479
   0.0107089    -0.568094    -0.822894
   -0.126239    -0.899013     0.419332
    -0.99168     0.103631   -0.0763665
   0.0251985    -0.425484    -0.904615
   -0.115987    -0.791035     0.600675
   -0.993249    0.0912232   -0.0716584
  0.00188884    -0.604931    -0.796275
   -0.106167    -0.887494     0.448424
   -0.994227    0.0877057   -0.0618073
   0.0155243    -0.452397    -0.891682
     0.13512     0.974458    -0.179373
    0.979843     -0.10453     0.170241
   -0.147143      0.19876     0.968939
    0.156486     0.983571    0.0900032
    0.975309     -0.16826     0.143039
   -0.155833   -0.0653974     0.985616
    0.139677     0.986684   -0.0833358
    0.979442    -0.125299     0.158095
   -0.145548     0.103705     0.983901
    0.160658      0.94849    -0.273049
    0.975176    -0.109826     0.192278
   -0.152386     0.297161     0.942589
    0.176791     0.949074    -0.260776
    0.970411    -0.123805     0.207304
   -0.164461     0.289709     0.942879
     0.14327      0.94593    -0.291015
     0.97985   -0.0942264     0.176112
   -0.139169     0.310382      0.94037
   -0.174562      -0.8787    -0.444313
   -0.972508    0.0832232     0.217492
    0.154133    -0.470064      0.86907
   -0.161294    -0.925721    -0.342088
   -0.976772     0.100193     0.189414
     0.14107    -0.364693     0.920379
    -0.17319    -0.910617     -0.37521
   -0.974879     0.104325     0.196793
     0.14006    -0.399867     0.905809
   -0.188657    -0.873712     -0.44837
    -0.96808     0.088743     0.234403
    0.165011    -0.478281     0.862565
    -0.18555    -0.772514    -0.607284
   -0.970885    0.0488405     0.234516
    0.151507    -0.633117     0.759084
   -0.196794    -0.860785    -0.469384
   -0.966908    0.0911109     0.238302
    0.162361    -0.500748      0.85023
   -0.144431    -0.910796    -0.386768
   -0.981267    0.0814718     0.174578
    0.127494    -0.404737     0.905501
   -0.157863    -0.859213    -0.486653
   -0.979209     0.072631     0.189406
    0.127394    -0.506436     0.852815
   -0.148493    -0.903123     0.402888
   -0.983041    0.0904734    -0.159515
    0.107611    -0.419742    -0.901242
   -0.132677    -0.915685     0.379364
   -0.985192    0.0799003    -0.151697
    0.108596    -0.393873    -0.912727
    -0.12453    -0.824272     -0.55233
   -0.984384    0.0328327     0.172943
    0.124418    -0.565242     0.815489
   -0.114348    -0.935123     0.335364
     -0.9882    0.0724391    -0.134954
    0.101906    -0.346838    -0.932373
    0.105389     0.992141   -0.0674487
    0.987566   -0.0964646     0.124131
   -0.116649    0.0796922     0.989971
    0.121618     0.987632    0.0989555
    0.983729    -0.133215     0.120541
   -0.132232   -0.0826854     0.987764
  -0.0963711     0.494646    -0.863735
   -0.987993    0.0577445     0.143304
    0.120761     0.867174     0.483142
  -0.0928605    -0.922876     0.373733
   -0.990984    0.0492558    -0.124597
   0.0965795    -0.381934     -0.91913
  -0.0819116    -0.859394    -0.504711
   -0.990878     0.015847      0.13383
    0.107015    -0.511069     0.852852
  -0.0729644    -0.853731     0.515577
   -0.992955    0.0137928    -0.117684
   0.0933589    -0.520532    -0.848723
    0.116812     0.988026    -0.100795
    0.984106    -0.101482     0.145729
   -0.133755     0.116215     0.984177
   -0.197975    -0.869959    -0.451638
   -0.968727     0.103337     0.225589
    0.149582    -0.482175     0.863211
   -0.190118    -0.796027    -0.574627
   -0.971823     0.069518     0.225229
    0.139341    -0.601256     0.786814
   -0.190591    -0.851249    -0.488928
   -0.973769      0.10088     0.203953
    0.124291    -0.514975     0.848147
    0.194584     0.933556    -0.301014
    0.971385    -0.140793     0.191281
   -0.136191     0.329621     0.934239
   -0.182724    -0.845226    -0.502199
   -0.976481    0.0965616     0.192773
    0.114444    -0.525612     0.842991
    -0.18263    -0.831585    -0.524511
   -0.977889    0.0983602     0.184547
    0.101875    -0.546618     0.831162
    0.181916     0.943579    -0.276704
      0.9783    -0.145294     0.147711
  -0.0991738     0.297571     0.949535
   -0.169587    -0.627314    -0.760077
   -0.983502        0.157    0.0898611
   0.0629608     0.762777     -0.64359
   -0.183159    -0.715277    -0.674412
    -0.97781     0.061586     0.200238
    0.101692    -0.696122     0.710685
   -0.169295    -0.872234     0.458853
   -0.983366      0.18058   -0.0195486
    0.065809      0.45453     0.888297
   -0.166581    -0.854696     0.491676
   -0.983616     0.178896   -0.0222709
   0.0689241      0.48733     0.870494
    -0.17935    -0.983784  -0.00160989
   -0.979685     0.178453    0.0915002
   0.0897291   -0.0179878     0.995804
   -0.168342    -0.834111     0.525281
   -0.984173     0.172155   -0.0420367
   0.0553664     0.524044      0.84989
     0.16663     0.983543   -0.0698361
    0.984736    -0.162382    0.0626608
  -0.0502894    0.0792113     0.995589
   -0.169469    -0.905078    -0.390017
   -0.982662     0.124982     0.136949
    0.075204    -0.406463     0.910567
   -0.174178    -0.801633     -0.57188
   -0.979074    0.0789147     0.187579
     0.10524    -0.592585     0.798603
   -0.166382    -0.835143    -0.524264
   -0.981891    0.0914765     0.165896
   0.0905888    -0.542372      0.83524
   -0.171512    -0.925393    -0.337981
   -0.977867     0.118178     0.172657
    0.119834    -0.360113      0.92518
   -0.180772    -0.729214    -0.659976
   -0.974753    0.0434143     0.219023
    0.131063    -0.682907     0.718652
   -0.161411    -0.900229     0.404393
   -0.981601     0.104093    -0.160075
     0.10201    -0.422791    -0.900468
   -0.131665    -0.877173      0.46177
   -0.990731     0.100736   -0.0911327
   0.0334224    -0.469489    -0.882305
    -0.13957    -0.871457     0.470195
   -0.989208     0.101332    -0.105823
   0.0445748     -0.47989    -0.876195
   -0.148469    -0.919743     0.363358
   -0.987173     0.116028    -0.109668
   0.0587066     -0.37498    -0.925172
    -0.14031    -0.882087     0.449707
   -0.988825     0.101725    -0.108986
   0.0503884    -0.459973    -0.886502
   -0.147563     -0.90451     0.400108
   -0.986983     0.108513    -0.118697
   0.0639457    -0.412415    -0.908749
   -0.138337    -0.868695     0.475639
   -0.987906     0.087077    -0.128292
   0.0700295    -0.487634    -0.870235
   -0.130911    -0.884384     0.448026
   -0.989689    0.0900883    -0.111351
   0.0581154    -0.457983    -0.887059
   -0.154742    -0.905673      0.39473
   -0.984562      0.10828    -0.137528
    0.081814    -0.409918    -0.908446
   -0.143616    -0.901636     0.407954
   -0.985902    0.0945876    -0.138024
   0.0858604    -0.422025    -0.902509
    -0.15651    -0.895699     0.416207
   -0.985186     0.111673    -0.130141
   0.0700879     -0.43041    -0.899908
   -0.156817    -0.889731     0.428704
   -0.986103     0.116944    -0.118006
   0.0548591    -0.441251    -0.895705
   -0.144398    -0.903934     0.402558
   -0.988285     0.111428     -0.10429
   0.0494147    -0.412901    -0.909434
   -0.129295    -0.905308     0.404599
   -0.991209     0.106446   -0.0785758
   0.0280672    -0.411202    -0.911112
   -0.153994    -0.933797    -0.322968
   -0.987591      0.13527    0.0797864
   0.0308164    -0.331246     0.943041
    -0.12142    -0.923153     0.364755
   -0.992295     0.103764   -0.0676996
   0.0246485    -0.370165    -0.928639
   -0.125287    -0.899518     0.418534
   -0.990167    0.0869088    -0.109619
   0.0622299    -0.428153    -0.901561
   -0.112929    -0.865097     0.488727
   -0.991047    0.0628117    -0.117816
   0.0712245    -0.497656    -0.864445
   -0.113902     -0.86261      0.49288
   -0.990786    0.0620345    -0.120396
   0.0732789    -0.502052    -0.861727
  -0.0944251    -0.840814     0.533024
   -0.991596    0.0318719    -0.125385
   0.0884369    -0.540384    -0.836758
  -0.0964696    -0.861258     0.498927
   -0.992155    0.0431616    -0.117331
   0.0795175    -0.506331    -0.858665
   -0.075194    -0.865145     0.495853
   -0.992632    0.0175617    -0.119888
   0.0950121    -0.501214    -0.860091
  -0.0804145    -0.847084      0.52534
   -0.990975    0.0112326    -0.133578
    0.107251    -0.531341    -0.840342
  -0.0960999    -0.855922     0.508097
   -0.991899    0.0397437    -0.120654
   0.0830767    -0.515575    -0.852807
  -0.0818139    -0.851007     0.518742
   -0.992933    0.0246996    -0.116081
   0.0859732    -0.524573    -0.847013
   -0.110139    -0.864188     0.490966
   -0.990483    0.0544131    -0.126419
   0.0825348    -0.500217    -0.861957
   -0.130522    -0.870265     0.474976
   -0.987805    0.0731284    -0.137457
   0.0848897    -0.487125    -0.869197
   -0.129389    -0.875537     0.465504
   -0.989128    0.0808761    -0.122819
   0.0698841    -0.476334    -0.876483
    -0.14726    -0.861958     0.485122
   -0.988543     0.144681   -0.0430089
   0.0331158     0.485897     0.873388
   -0.149428    -0.830576     0.536484
    -0.98827     0.142757   -0.0542507
   0.0315274     0.538298     0.842165
    0.126274     0.938465     0.321463
    0.991955    -0.116536   -0.0494383
  0.00893405    -0.325119     0.945631
   -0.124042    -0.749049     0.650798
   -0.992276    0.0925745   -0.0825764
 -0.00160652     0.656014     0.754747
   -0.127485    -0.872129     0.472376
   -0.991727     0.104878   -0.0740148
  -0.0150085     0.477903     0.878284
    0.099927    -0.630704     0.769563
    0.993734    0.0243392    -0.109088
   0.0500717     0.775642     0.629184
   -0.106062    -0.543307    -0.832807
    -0.99314    0.0164092     0.115775
  -0.0492359     0.839374     -0.54132
  -0.0882925    -0.348795    -0.933031
   -0.992834   -0.0449159     0.110743
  -0.0805344     0.936122     -0.34233
    0.100033     0.666154    -0.739075
    0.994171   -0.0369047     0.101297
    0.040204    -0.744901    -0.665963
  -0.0868198    -0.416579    -0.904944
   -0.992838   -0.0386503     0.113044
  -0.0820683     0.908277     -0.41024
  -0.0901795     -0.37638    -0.922066
   -0.993333   -0.0327736     0.110527
  -0.0718197     0.925886    -0.370915
   -0.107803    -0.620053    -0.777119
   -0.992985    0.0289641     0.114639
  -0.0485734     0.784025    -0.618825
   0.0902446   -0.0349187    -0.995307
    0.992749    0.0828369    0.0871064
   0.0794065    -0.995951    0.0421411
  -0.0933415    -0.662701    -0.743044
   -0.992114 -0.000795028     0.125339
  -0.0836529     0.748883    -0.657401
   -0.110219     -0.87174      0.47741
   -0.992362    0.0697425    -0.101758
  -0.0554104     0.484979     0.872769
   -0.128512    -0.897998     0.420813
   -0.991606     0.110259   -0.0675372
  -0.0142499      0.42596      0.90463
   -0.133158    -0.815534     0.563181
    -0.99092     0.098888   -0.0910937
  -0.0185982     0.570198     0.821297
   -0.154678    -0.782869     0.602653
   -0.987684     0.137067   -0.0754457
     0.02354     0.606901     0.794429
   -0.151677    -0.738441     0.657038
   -0.987991     0.133076   -0.0785148
   0.0294573     0.661056     0.749758
   -0.155599    -0.640108    -0.752364
   -0.987667     0.114219     0.107086
   0.0173872     0.759747    -0.649986
   0.0639118     0.254714    -0.964902
    0.991612    0.0926389    0.0901357
    0.112346    -0.962569    -0.246657
  -0.0685354    -0.829897     0.553691
   -0.991826  -0.00319692    -0.127559
   -0.107631     0.557907     0.822895
   -0.047169    -0.364847    -0.929872
   -0.987544    -0.122859    0.0982997
   -0.150107     0.922926    -0.354507
  -0.0461866    -0.357243    -0.932869
   -0.988521    -0.118133     0.094181
   -0.143848     0.926511    -0.347686
   0.0524297     0.947683    -0.314879
    0.987543   -0.0960465    -0.124636
    0.148358     0.304421     0.940913
  -0.0295133    0.0262916    -0.999219
   -0.981811    -0.188332    0.0240437
   -0.187553     0.981753    0.0313717
     -0.0337    -0.938675     0.343153
   -0.981643   -0.0334051    -0.187782
   -0.187729     0.343182     0.920317
  -0.0144255    -0.317891     0.948018
   -0.975573     0.212326    0.0563526
   -0.219202    -0.924047    -0.313188
   0.0253163     0.948595      0.31548
     0.98273    0.0342501    -0.181846
    0.183303    -0.314635     0.931346
 -0.00851924    -0.619396     0.785032
   -0.975438     0.177955     0.129822
   -0.220111    -0.764644    -0.605698
  -0.0016417    -0.503785     0.863827
   -0.975234     0.191861      0.11004
   -0.221171    -0.842253    -0.491623
   0.0331316    -0.155493    -0.987281
    0.981259     0.192677    0.0025835
    0.189825    -0.968864     0.158963
  -0.0172784    -0.471506     0.881693
   -0.976204     0.198602    0.0870765
   -0.216163    -0.859208    -0.463718
  -0.0159324    -0.450434     0.892668
   -0.976488     0.198966    0.0829683
   -0.214982    -0.870357    -0.443013
  -0.0315058    -0.417698     -0.90804
   -0.981432    -0.159049     0.107215
   -0.189206     0.894557    -0.404931
   0.0474427    -0.671762     0.739246
    0.986134   -0.0863261    -0.141733
    0.159027     0.735719     0.658352
   0.0472923    -0.576504     0.815725
    0.986067    -0.103443    -0.130275
    0.159485      0.81052      0.56358
    0.069097     0.731897     0.677902
    0.990798    0.0289298    -0.132224
    0.116386      -0.6808     0.723163
   0.0686044     0.671178    -0.738115
     0.99144    0.0365171     0.125355
    0.111089    -0.740396    -0.662927
   0.0700232     0.719594     0.690856
     0.99056    0.0316575    -0.133375
    0.117846    -0.693673     0.710584
 -0.00969429    -0.899037     0.437766
   -0.984593    0.0850192       0.1528
   -0.174591     -0.42954     -0.88601
  -0.0247739    -0.955681     0.293359
   -0.987686     0.068743     0.140536
   -0.154474    -0.286265    -0.945616
  -0.0358888     -0.89204      0.45053
   -0.985049     0.107585     0.134549
   -0.168494    -0.438965    -0.882564
  -0.0487105    -0.924036     0.379189
   -0.988643    0.0986429      0.11338
   -0.142172    -0.369359    -0.918347
  -0.0437409     -0.97627     0.212095
   -0.991038    0.0692221     0.114244
   -0.126214    -0.205197    -0.970548
  -0.0550826   -0.0207873    -0.998265
   -0.986641    -0.152383    0.0576143
   -0.153316     0.988103   -0.0121159
  -0.0685832    -0.936007     0.345236
   -0.991613     0.101956    0.0794329
   -0.109548    -0.336893    -0.935148
   0.0729454     0.950615     0.301678
    0.990351   -0.0333039    -0.134522
    0.117831     -0.30858     0.943872
   0.0916842     0.988721    -0.118429
    0.992421    -0.100498   -0.0707219
   0.0818261     0.111047     0.990441
  -0.0522931    -0.944896     0.323167
   -0.993058    0.0833455    0.0829997
   -0.105361    -0.316583    -0.942695
  -0.0738183    -0.939955     0.333219
   -0.994146    0.0957926    0.0499808
  -0.0788997    -0.327579    -0.941524
  -0.0598433    -0.931984     0.357526
   -0.995913    0.0800185     0.041891
  -0.0676505    -0.353558    -0.932963
  -0.0766393    -0.784071     0.615921
   -0.990192   -0.0125242    -0.139153
    -0.11682     0.620545     0.775421
  -0.0930781    -0.880391     0.465025
   -0.991854    0.0411957    -0.120535
  -0.0869605     0.472456     0.877054
  -0.0515587    -0.621351    -0.781834
   -0.986542   -0.0899482     0.136543
   -0.155166     0.778352    -0.608351
   0.0307931    -0.142257    -0.989351
    0.981779     0.189996   0.00323817
    0.187512    -0.971424     0.145516
  -0.0318843     0.599053    -0.800074
    -0.98261     -0.16529   -0.0846015
   -0.182925     0.783463     0.593905
   0.0113085    0.0393023    -0.999163
    0.979031     0.202817    0.0190585
    0.203396    -0.978428   -0.0361846
  -0.0155145     -0.41607       0.9092
   -0.977649     0.196993    0.0734656
   -0.209673    -0.887739    -0.409826
  -0.0109973    -0.985934    -0.166771
   -0.980957    0.0429807    -0.189412
   -0.193916    -0.161512     0.967632
  -0.0799057     -0.92484     0.371869
   -0.995642    0.0920467     0.014981
  -0.0480843    -0.369052    -0.928164
  -0.0871424    -0.899674     0.427777
   -0.995073     0.098991   0.00548528
  -0.0472811    -0.425192    -0.903867
   -0.101662    -0.899289     0.425376
   -0.994568     0.101476   -0.0231635
  -0.0223349     -0.42542     -0.90472
  -0.0922427    -0.921529     0.377195
   -0.995301    0.0965297   -0.0075674
   -0.029437    -0.376121    -0.926103
   -0.125121    -0.956294     0.264284
   -0.991927     0.126112   -0.0132868
  -0.0206232    -0.263813    -0.964353
   -0.113103    -0.899605     0.421804
   -0.993574     0.100589   -0.0518862
  0.00424826    -0.424962    -0.905201
   -0.130159    -0.915126     0.381579
   -0.991462     0.117094   -0.0573728
  0.00782291    -0.385788    -0.922554
   -0.104951    -0.908653     0.404147
   -0.994476    0.0965424   -0.0411916
 -0.00158845    -0.406238    -0.913766
   -0.150604    -0.909458    -0.387562
   -0.988572     0.135914    0.0652146
  0.00663474    -0.392954     0.919534
    0.132849     0.990278   -0.0412494
    0.990946    -0.133524   -0.0140344
   0.0194058    0.0390115      0.99905
   -0.108868       -0.994    0.0105782
   -0.992252     0.108023   -0.0613791
  -0.0598681    0.0171784     0.998058
     0.11063     0.974269    -0.196369
    0.992317    -0.119293   -0.0328169
    0.055398      0.19123     0.979981
   -0.101341    -0.856792     0.505607
   -0.994753    0.0944155   -0.0393874
  -0.0139903    -0.506946    -0.861865
  -0.0927707    -0.904696     0.415834
   -0.995137    0.0981262  -0.00852558
  -0.0330911    -0.414603    -0.909401
   0.0961532     0.775551    -0.623919
    0.994429    -0.102048    0.0264038
   0.0431924     0.622982     0.781043
  -0.0756489    -0.906792     0.414736
   -0.995716    0.0908777    0.0170768
  -0.0531754    -0.411667    -0.909782
   0.0856551     0.991165     -0.10127
     0.99484    -0.090631    -0.045592
   0.0543674    0.0968425     0.993814
  -0.0620081     -0.91071     0.408365
   -0.995325    0.0867803    0.0423971
  -0.0740495    -0.403827    -0.911834
  -0.0534708    -0.929209     0.365667
   -0.995926    0.0762501    0.0481292
  -0.0726042    -0.361604    -0.929501
   0.0694788    -0.223707    -0.972177
    0.995023    0.0853223    0.0514781
   0.0714324    -0.970915     0.228522
  -0.0465101    -0.932596     0.357913
   -0.994578    0.0765971    0.0703418
  -0.0930155      -0.3527    -0.931102
    -0.03406    -0.944362      0.32714
   -0.992569    0.0702246    0.0993782
   -0.116822    -0.321324    -0.939736
  -0.0334846    -0.919309      0.39211
   -0.992884    0.0754585    0.0921258
    -0.11428    -0.386235    -0.915294
  -0.0222403    -0.966727      0.25484
   -0.989771    0.0572212     0.130688
   -0.140922    -0.249327    -0.958111
  -0.0190235    -0.924236     0.381347
   -0.991481    0.0665963     0.111943
   -0.128858    -0.375969    -0.917629
  0.00111767    -0.948052     0.318113
   -0.988548    0.0469567     0.143415
   -0.150903     -0.31463    -0.937143
 -0.00351646     -0.94995     0.312382
   -0.986633    0.0541889     0.153682
   -0.162917    -0.307666    -0.937443
  -0.0127172    -0.932388     0.361235
   -0.991884    0.0574684     0.113413
   -0.126505    -0.356862    -0.925552
  0.00489969    -0.943128     0.332393
   -0.990412    0.0413146     0.131825
    -0.13806    -0.329852    -0.933883
  0.00465894    -0.977383    -0.211427
   -0.991527    0.0229325    -0.127861
   -0.129818    -0.210231     0.968994
  -0.0257641    -0.992005    -0.123541
   -0.992488    0.0401683    -0.115562
     -0.1196    -0.119636     0.985588
  -0.0407501    -0.950848    -0.306964
   -0.993598    0.0709603   -0.0879037
   -0.105365    -0.301417     0.947653
   0.0517102       0.9591     0.278304
    0.992263   -0.0178461    -0.122866
    0.112874    -0.282504     0.952602
   -0.057922    -0.945712    -0.319804
   -0.994171    0.0838221   -0.0678139
   -0.090939    -0.314012     0.945054
  -0.0488231      -0.9483     0.313597
   -0.994479    0.0753522    0.0730333
  -0.0928877      -0.3083    -0.946743
   0.0304432    -0.919656    -0.391543
    0.992108   -0.0198679     0.123804
    0.121636     0.392222    -0.911793
 0.000893637     -0.99895   -0.0457963
    0.992345  -0.00476976     0.123406
    0.123495     0.045556    -0.991299
   -0.432879    -0.763064    -0.479947
   -0.890901     0.280914     0.356907
    0.137519    -0.582083     0.801416
   -0.463642    -0.497112    -0.733427
   -0.876747     0.376875     0.298799
    0.127873     0.781566    -0.610576
   -0.438676    -0.463056    -0.770158
   -0.892929     0.321114     0.315537
    0.101197     0.826115    -0.554341
    0.473504     0.272061    -0.837721
    0.875669    -0.247837     0.414465
  -0.0948582    -0.929817    -0.355587
   -0.491597    -0.381663     -0.78273
   -0.862059     0.340487     0.375396
    0.123235     0.859303    -0.496399
    0.452829     0.170959    -0.875054
     0.88811    -0.173206     0.425746
  -0.0787791    -0.969934    -0.230263
    0.498917     0.151476    -0.853309
    0.859992    -0.208338     0.465842
   -0.107213    -0.966256    -0.234212
    0.472086     0.132246    -0.871577
    0.877318    -0.167269     0.449816
  -0.0863017    -0.977002    -0.194987
    0.484736    0.0559776    -0.872867
    0.869433    -0.139784     0.473864
  -0.0954872    -0.988598    -0.116427
    0.516474      0.20885    -0.830444
    0.846158    -0.273317     0.457509
   -0.131424    -0.938978    -0.317881
    0.505844   -0.0778561    -0.859104
     0.85491   -0.0876524     0.511318
   -0.115112    -0.993104    0.0222214
    0.529961    -0.257976     -0.80783
    0.835702  -0.00291013     0.549175
   -0.144025    -0.966147     0.214048
   -0.449245    -0.402481    -0.797614
   -0.890699     0.271254     0.364798
   0.0695317     0.874317    -0.480349
   -0.461707    -0.498878    -0.733449
   -0.883457     0.332791     0.329779
   0.0795662     0.800232    -0.594389
   -0.446378    -0.435964    -0.781461
   -0.892178     0.284189     0.351077
    0.069026     0.853915    -0.515814
   -0.432015    -0.246981    -0.867389
   -0.899696     0.184712     0.395511
   0.0625333     0.951253    -0.302006
    0.428623     0.242817    -0.870243
    0.901099    -0.184822     0.392251
  -0.0655945    -0.952303    -0.298021
    0.410439     0.160743    -0.897609
    0.910058    -0.134541     0.392037
  -0.0577481    -0.977783    -0.201506
    0.396698   -0.0555894    -0.916265
    0.915428   -0.0499795     0.399367
  -0.0679951    -0.997202    0.0310613
   -0.425421    -0.323148    -0.845335
   -0.901165     0.237116     0.362875
     0.08318     0.916161    -0.392084
    0.383974    0.0534407    -0.921796
    0.919786      -0.1097     0.376776
  -0.0809859    -0.992527    -0.091276
    0.372217    -0.150114    -0.915926
    0.926057  -0.00611146     0.377335
  -0.0622408     -0.98865     0.136739
   -0.353193      0.34884    -0.868081
    -0.93273   -0.0593002     0.355666
   0.0725932     0.935304     0.346318
    0.327315    -0.218711    -0.919255
    0.942467   0.00557955     0.334252
  -0.0679757    -0.975774     0.207954
     0.40826      0.24057    -0.880596
    0.906173    -0.223398     0.359088
   -0.110337    -0.944574    -0.309203
    0.530915    -0.260657    -0.806342
    0.833408   -0.0117507     0.552534
   -0.153497     -0.96536     0.210995
    0.510409    -0.103495    -0.853681
    0.849991   -0.0897884     0.519088
   -0.130374    -0.990569    0.0421409
    0.507545    -0.328139    -0.796695
    0.849296    0.0346675     0.526777
   -0.145236    -0.943993     0.296282
   -0.529503     0.333531     -0.77999
   -0.830947   -0.0188595     0.556031
    0.170743     0.942551     0.287133
    -0.48577    -0.873717    0.0254234
   -0.866031     0.485029       0.1214
      0.1184    -0.036955     0.992278
   -0.500802     0.577393    -0.644837
    -0.85009    -0.187874     0.491985
    0.162921     0.794557     0.584923
   -0.481133    -0.644427    -0.594327
   -0.865894     0.243482     0.436971
    0.136888    -0.724866     0.675152
    -0.47499     0.442661     -0.76055
   -0.866177   -0.0826454     0.492856
    0.155312     0.892872     0.422679
   -0.522109     0.456226    -0.720597
   -0.831732   -0.0853865     0.548572
    0.188744     0.885758     0.424039
    -0.49369     0.448989    -0.744768
    -0.85053   -0.0707469     0.521146
    0.181299     0.890732     0.416806
    -0.51767    -0.721653    -0.459603
   -0.828179     0.287793     0.480932
    0.214795    -0.629597     0.746639
   -0.463266     0.590501    -0.660828
   -0.878329    -0.206651     0.431084
    0.117995     0.780131     0.614389
   -0.455815     0.506458    -0.731938
   -0.880078    -0.133547     0.455663
    0.133026      0.85186     0.506595
    0.441592   -0.0771872    -0.893889
    0.890439   -0.0845205     0.447186
   -0.110069    -0.993428    0.0314069
    0.447468     0.194077    -0.872987
    0.888732    -0.205262     0.409906
  -0.0996374    -0.959271    -0.264331
    0.468895    -0.336676     -0.81657
    0.877104    0.0685771      0.47538
   -0.104051     -0.93912     0.327455
   -0.451782    -0.500332    -0.738621
   -0.887817     0.333447     0.317166
   0.0876029      0.79905    -0.594848
   -0.467322    -0.509342    -0.722621
   -0.879437      0.35154     0.320951
   0.0905563     0.785488    -0.612216
    0.488932    -0.157146     -0.85805
    0.865781   -0.0328128     0.499346
   -0.106625     -0.98703      0.12001
   -0.453081    -0.417079    -0.787885
   -0.888067     0.288305     0.358074
   0.0778066     0.861931     -0.50102
    -0.42185    -0.816203     0.394785
   -0.905561     0.400782    -0.139042
   0.0447366     0.416157     0.908192
   -0.423615    -0.831157     0.360178
   -0.904343     0.410912    -0.115391
   0.0520937     0.374606      0.92572
    -0.42356    -0.579037    -0.696644
    -0.90364     0.323979     0.280129
   0.0634922     0.748167    -0.660466
   -0.426408    -0.418509    -0.801889
   -0.902212     0.260226     0.343942
   0.0647296     0.870133    -0.488547
    -0.42478    -0.737856     0.524529
   -0.903497     0.382037    -0.194269
    0.057047     0.556432     0.828932
   -0.429608    -0.428623    -0.794808
   -0.900383     0.270476     0.340812
   0.0688962     0.862047    -0.502123
   -0.424491    -0.364235    -0.828939
   -0.903113     0.235812     0.358859
   0.0647651     0.900958    -0.429045
   -0.427359    -0.401212    -0.810181
   -0.901753     0.253449     0.350151
    0.064855     0.880223    -0.470108
   -0.420962    -0.377082    -0.824985
   -0.904908     0.237461     0.353206
   0.0627137     0.895222    -0.441186
   -0.422287    -0.645029     0.636876
   -0.904371     0.347497    -0.247707
    0.061534     0.680576     0.730089
   -0.415639    -0.436078    -0.798173
   -0.907164     0.262018     0.329243
   0.0655602      0.86092    -0.504499
   -0.412845    -0.603607    -0.682068
   -0.908358     0.327682     0.259828
   0.0666671     0.726831    -0.683573
    0.437348     0.221645     -0.87155
    0.896695    -0.181084     0.403914
  -0.0682985    -0.958166    -0.277945
   -0.431006    -0.301581     -0.85046
   -0.900216      0.20848     0.382293
   0.0620116     0.930368    -0.361344
    0.438481     0.202156     -0.87571
    0.895416    -0.181998     0.406334
  -0.0772348    -0.962294    -0.260816
   -0.435143    -0.504503    -0.745739
   -0.896498      0.31943     0.307012
   0.0833231     0.802148    -0.591284
   -0.427851    -0.494167    -0.756798
   -0.900895     0.300798     0.312903
   0.0730166     0.815672    -0.573889
   -0.424087    -0.739357     0.522973
   -0.902575     0.392391    -0.177165
   0.0742217     0.547156     0.833733
   -0.430089    -0.713123     0.553605
    -0.89831      0.39904    -0.183865
   0.0897918     0.576387     0.812229
    -0.42171    -0.808691     0.410096
   -0.904793     0.404864    -0.132042
   0.0592524     0.426736     0.902433
   -0.402279    -0.570894    -0.715717
   -0.912671     0.311663     0.264381
   0.0721291      0.75957    -0.646414
   -0.404854    -0.376158    -0.833426
   -0.911889     0.233348      0.33765
   0.0674682     0.896691    -0.437486
   -0.383207    -0.521342    -0.762466
    -0.92098     0.278534     0.272424
   0.0703469     0.806611    -0.586882
   -0.382727    -0.521765    -0.762418
   -0.920339     0.287321     0.265372
   0.0805969     0.803249    -0.590166
   -0.379279    -0.510325    -0.771826
   -0.923401     0.261928     0.280579
   0.0589761     0.819123    -0.570578
   -0.349874    -0.564224    -0.747823
   -0.933346       0.2784     0.226623
   0.0803284     0.777268    -0.624021
    -0.34758    -0.597073    -0.722974
   -0.935232     0.276106     0.221601
   0.0673056     0.753172    -0.654371
   -0.306963    -0.312351    -0.899005
   -0.948419     0.179021     0.261636
   0.0792189     0.932946    -0.351193
   -0.354384    -0.363327    -0.861629
   -0.930487     0.228426     0.286383
   0.0927681     0.903225    -0.419022
   -0.307182    -0.308191    -0.900365
   -0.947028      0.19214     0.257333
   0.0936885     0.931719    -0.350887
   -0.319402    -0.514381    -0.795861
   -0.941275     0.269238     0.203747
    0.109473     0.814201    -0.570169
     0.35267     0.144132    -0.924581
    0.933827    -0.117485     0.337882
  -0.0599246     -0.98256    -0.176027
    0.315277     0.187226    -0.930348
    0.946464    -0.133654     0.293842
  -0.0693295    -0.973182    -0.219341
   -0.392838    -0.436731    -0.809286
   -0.917952     0.239012     0.316603
   0.0551592      0.86726    -0.494791
   -0.414728    -0.487304    -0.768463
   -0.908128     0.275001     0.315717
   0.0574778       0.8288    -0.556585
   -0.409516    -0.522029    -0.748186
   -0.910454     0.286038     0.298756
   0.0580504     0.803535    -0.592421
    0.513481    -0.221552    -0.829007
    0.827227     -0.12901     0.546857
   -0.228107    -0.966577     0.117029
   -0.489467      0.49933    -0.714907
   -0.849275   -0.0869343     0.520744
    0.197873     0.862039      0.46662
   -0.486076    -0.383594     -0.78523
    -0.84828     0.423134       0.3184
    0.210122     0.820861     -0.53107
    0.510837    -0.394377     -0.76388
    0.824904   -0.0252974     0.564707
   -0.242031    -0.918601       0.3124
    0.461093    -0.263964    -0.847181
    0.869836   -0.0543059     0.490343
    -0.17544    -0.963002     0.204565
   -0.489458    -0.346462    -0.800247
   -0.844265     0.417985     0.335417
    0.218282     0.839793    -0.497092
    -0.46694      -0.3535    -0.810558
    -0.86606     0.367973     0.338432
    0.178628     0.860019    -0.477974
   -0.463057    -0.321343    -0.826024
   -0.868558     0.350203     0.350664
    0.176593     0.879828    -0.441269
    0.510975     0.266239    -0.817326
    0.820627    -0.434128     0.371624
   -0.255883     -0.86061    -0.440311
    -0.48793    -0.673694     0.555033
   -0.842213     0.530428   -0.0965617
    0.229352     0.514571     0.826205
    0.508607     0.818353    -0.267613
    0.816489    -0.359784     0.451554
   -0.273248     0.448167     0.851165
   -0.444334    -0.243264      -0.8622
   -0.885621     0.264376     0.381812
    0.135064     0.933235    -0.332911
    0.443458     0.222643    -0.868202
    0.885895    -0.256016     0.386842
   -0.136146    -0.940684     -0.31077
   -0.428258     -0.47747    -0.767214
   -0.898898     0.312103     0.307529
   0.0926138     0.821349    -0.562858
   -0.429693    -0.525703    -0.734166
   -0.897837     0.335353     0.285355
   0.0961929     0.781777    -0.616094
    0.446186    -0.305247    -0.841274
    0.882987  -0.00297528     0.469389
   -0.145782    -0.952269     0.268201
    0.433325     0.364839    -0.824089
    0.893994    -0.289712     0.341822
   -0.114038     -0.88485    -0.451703
   -0.447629     0.535157    -0.716404
   -0.883414    -0.140483      0.44704
    0.138594     0.832989      0.53565
   -0.466114      0.41102    -0.783454
   -0.868849    -0.045654     0.492968
    0.166852     0.910482     0.378394
   -0.436628    -0.736862     -0.51613
   -0.892127     0.280636     0.354052
    0.116043    -0.615043     0.779908
    0.499496     0.859305     0.109993
    0.817745    -0.509591     0.267601
   -0.286002    0.0437201     0.957231
    0.476758     0.843752     0.246545
    0.848344     -0.51511     0.122371
   -0.230248    -0.150813     0.961375
    0.457911     0.886792    0.0625878
    0.855833    -0.458785     0.238885
   -0.240555     0.055823     0.969029
    0.474206     0.870937    -0.128831
    0.830258    -0.393693     0.394561
   -0.292918     0.294065     0.909794
   -0.437442    -0.825515    -0.356608
   -0.881663     0.315684     0.350733
     0.17696    -0.467833      0.86592
   -0.435349    -0.845549     -0.30906
   -0.867217     0.301725     0.396102
    0.241673    -0.440464      0.86463
    0.421835     0.862563    -0.279358
    0.888111     -0.33107      0.31883
   -0.182524     0.382595     0.905708
   -0.393503    -0.860647    -0.323176
    -0.89588     0.280112      0.34487
    0.206286    -0.425234     0.881262
    0.455019      0.88973   -0.0365768
    0.836646    -0.413084     0.359701
   -0.304927     0.194273      0.93235
    0.413545     0.891507    -0.184921
    0.875013    -0.333012     0.351362
   -0.251661     0.307112     0.917796
     0.42607      0.90125   -0.0788258
    0.846434    -0.366357     0.386434
   -0.319395     0.231369     0.918942
   -0.404887    -0.799494    -0.443707
   -0.904853      0.28052     0.320234
    0.131556    -0.531148     0.837003
   -0.375665    -0.844793    -0.381052
   -0.915799     0.275354     0.292391
    0.142086    -0.458808     0.877101
    0.366422     0.877292    -0.309989
     0.92545    -0.309143     0.219029
  -0.0963222     0.367136     0.925167
   -0.394839    -0.835287    -0.382619
   -0.915069     0.320286     0.245084
   0.0821676    -0.446892     0.890807
   -0.432081    -0.737558    -0.518955
   -0.892566      0.26745     0.363038
    0.128967    -0.620063     0.773879
   -0.417203    -0.655879    -0.629098
   -0.905232     0.238513     0.351662
   0.0805999    -0.716194     0.693231
     0.44165    -0.201625    -0.874238
    0.887572   -0.0440917     0.458554
   -0.131003     -0.97847     0.159483
    0.453161    -0.111288    -0.884454
    0.873719    -0.141337     0.465445
   -0.176804    -0.983686    0.0331861
   -0.426225    -0.758858     -0.49241
   -0.900645     0.305025     0.309513
   0.0846788    -0.575408     0.813471
   -0.371511    -0.762769    -0.529304
   -0.928426     0.306438     0.210048
 -0.00198043    -0.569455      0.82202
   -0.387827     0.553297    -0.737193
   -0.921468    -0.251878     0.295725
  -0.0220589      0.79399     0.607531
   -0.387792     0.594607    -0.704315
    -0.92173    -0.254744     0.292436
 -0.00553568     0.762593     0.646855
   -0.401592     0.583374    -0.705973
   -0.915713    -0.267467     0.299884
  -0.0138802       0.7669     0.641617
    -0.40227    -0.756268    -0.515982
   -0.915193     0.347264     0.204523
  -0.0245078    -0.554496     0.831825
   -0.402846    -0.659884    -0.634247
    -0.91522     0.283361     0.286493
  0.00933115    -0.695888      0.71809
    0.408758     0.273745    -0.870621
    0.912612    -0.114757     0.392391
  0.00750488    -0.954932     -0.29673
    0.411809    -0.208828     -0.88702
    0.911136    0.0776169     0.404732
  -0.0156714    -0.974867     0.222234
   -0.414012      -0.5922    -0.691298
   -0.910003     0.287716     0.298521
   0.0221137     0.752674    -0.658022
   -0.412432    -0.767685    -0.490469
   -0.910623      0.36266     0.198099
  -0.0257962    -0.528335     0.848644
   -0.415514    -0.622305    -0.663389
   -0.909585       0.2827     0.304526
 -0.00196763     0.729943    -0.683505
    0.420411     0.862198      0.28261
    0.907196    -0.394015     -0.14747
   0.0157955    -0.318381     0.947831
   -0.418776     0.561664    -0.713555
   -0.906958    -0.219479     0.359523
   0.0453203     0.797723     0.601318
   -0.418181     -0.59584    -0.685638
   -0.906861     0.317254     0.277405
   0.0522322     0.737784    -0.673013
    0.407385      0.85553    -0.319539
    0.912392    -0.366054     0.183154
  -0.0397256     0.366159     0.929704
   -0.389585     -0.69329    -0.606278
   -0.920002     0.262459     0.291052
   0.0426602    -0.671166     0.740078
   -0.388933     0.506933    -0.769253
   -0.921198    -0.203878     0.331402
   0.0111649     0.837528     0.546281
    0.371354     0.673535    -0.639098
    0.928201    -0.252096      0.27366
  -0.0232059     0.694837     0.718793
   -0.364228      0.56542    -0.740026
   -0.929843    -0.176205     0.323023
   0.0522477     0.805762      0.58993
   -0.368582    -0.704462    -0.606532
    -0.92958     0.275499     0.244913
  0.00543238     -0.65409     0.756397
   -0.421075    -0.611704    -0.669712
   -0.907023     0.282027     0.312683
 -0.00239205     0.739107    -0.673584
   -0.419418    -0.716045     0.558004
    -0.90768     0.340514    -0.245292
   0.0143685     0.609369     0.792757
   -0.417299     -0.63076     -0.65422
   -0.907999     0.319036     0.271578
   0.0374194      0.70736    -0.705863
   -0.422352    -0.415254    -0.805719
   -0.906252     0.211154     0.366226
   0.0180538      0.88486    -0.465506
   -0.417157    -0.702544     0.576552
   -0.906795     0.364223    -0.212285
   0.0608538      0.61137     0.789001
    0.420661     0.858594      0.29302
    0.905774    -0.415698   -0.0822737
  -0.0511682    -0.300019      0.95256
   -0.420262    -0.810706     0.407598
   -0.904766     0.408604    -0.120171
   0.0691228     0.419284      0.90522
   -0.423051    -0.655529     0.625547
   -0.905507     0.330947    -0.265577
   0.0329298      0.67879     0.733594
   -0.426117     -0.74354     0.515337
   -0.900192     0.405085    -0.159877
   0.0898803     0.532028     0.841943
   -0.421424    -0.698506     0.578353
   -0.902815     0.383348    -0.194858
   0.0856006     0.604264     0.792173
   -0.419365    -0.637206     0.646608
   -0.905464     0.344848    -0.247415
   0.0653269     0.689237     0.721585
   -0.417923     -0.56063    -0.714867
   -0.907751     0.289265     0.303832
    0.036449       0.7759    -0.629803
    0.659559   -0.0585928    -0.749366
    0.603987    -0.552119     0.574773
   -0.447417    -0.831704    -0.328765
   -0.664905   -0.0179376    -0.746713
   -0.597988     0.611815     0.517777
    0.447563     0.790797    -0.417525
    0.655391   -0.0603718    -0.752873
    0.631097    -0.503854     0.589786
   -0.414945    -0.861676    -0.292121
   -0.663042    -0.421002    -0.618977
   -0.622127     0.769775     0.142848
    0.416334     0.479796    -0.772309
    0.671224    0.0851939    -0.736343
    0.592476    -0.658628     0.463877
   -0.445456    -0.747631    -0.492562
    0.651135      0.18929    -0.734978
    0.662341    -0.614562     0.428507
   -0.370577    -0.765822    -0.525537
   -0.669271    -0.639366    -0.378533
   -0.620656     0.200985     0.757886
    0.408487     -0.74217      0.53134
      0.6559   -0.0718304    -0.751423
    0.659086    -0.430766     0.616479
