  -0.0765655    -0.891119     0.447264
    -0.98826   0.00834423    -0.152552
     0.13221    -0.453693    -0.881296
  -0.0915076    -0.894437     0.437732
   -0.988783     0.029504    -0.146418
    0.118046     -0.44622    -0.887103
   -0.107232    -0.888441     0.446289
   -0.989093    0.0497371    -0.138641
    0.100977    -0.456288    -0.884084
   -0.113864    -0.896354     0.428468
   -0.989312    0.0627559    -0.131621
   0.0910901    -0.438875    -0.893919
    -0.12781    -0.934537     0.332121
   -0.988787    0.0939876    -0.116048
   0.0772358    -0.343229    -0.936071
   -0.138317    -0.889959    -0.434559
   -0.988379    0.0961061     0.117773
   0.0630495    -0.445799      0.89291
   -0.142712    -0.857597    -0.494126
   -0.988458    0.0978559     0.115647
   0.0508251    -0.504927     0.861664
   -0.132958    -0.944348      0.30088
   -0.988949     0.106316    -0.103328
   0.0655894    -0.311293    -0.948048
   -0.134928     0.497142    -0.857114
    -0.99039   -0.0411632     0.132033
   0.0303577     0.866692     0.497919
   -0.127746    -0.862074     0.490417
   -0.990375     0.084317    -0.109761
   0.0532717    -0.499719    -0.864548
   -0.117674    -0.879417     0.461279
   -0.992914    0.0964533   -0.0694094
    0.016548    -0.466178    -0.884536
   -0.111749     -0.87524     0.470602
   -0.993234    0.0833167   -0.0808973
   0.0315956    -0.476458    -0.878629
    0.143999     0.953944    -0.263162
    0.970997   -0.0849154     0.223505
   -0.190865     0.287714     0.938505
     0.16133     0.985723    0.0482033
     0.96709    -0.167641       0.1914
   -0.196749   -0.0157382     0.980328
    0.144327     0.986712    0.0746329
    0.971974    -0.155507     0.176308
   -0.185571   -0.0470952     0.981502
    0.162406     0.933348     0.320135
    0.968141    -0.213397     0.131013
   -0.190597    -0.288659     0.938269
    0.177053     0.946762     0.268875
    0.963571    -0.222389      0.14857
   -0.200455    -0.232776     0.951648
   -0.147263    -0.907901     0.392467
   -0.972869     0.204539     0.108119
    0.178436     0.365897     0.913389
    0.174519     0.642157    -0.746443
    0.965745    -0.259479   0.00256488
   -0.192039    -0.721322    -0.665444
    0.162196     0.595619    -0.786721
    0.970007    -0.242526    0.0163691
    -0.18105     -0.76578    -0.617091
    0.169597     0.676414     0.716729
    0.970039    -0.242948 -0.000254443
   -0.173956    -0.695299     0.697351
     0.18557     0.689119     0.700484
    0.962076    -0.272464    0.0131731
   -0.199935    -0.671474     0.713546
   -0.178338    -0.736484     0.652524
   -0.966774     0.254586    0.0231195
     0.18315      0.62672     0.757415
     0.18608     0.710622     0.678521
    0.964213    -0.264813    0.0129113
   -0.188856    -0.651837     0.734467
   -0.149206    -0.556598    -0.817274
   -0.974516     0.222786    0.0261866
    0.167502     0.800353    -0.575654
    -0.15977    -0.611011    -0.775332
   -0.973835     0.226145    0.0224585
    0.161615     0.758633    -0.631155
   -0.148781    -0.543207    -0.826312
   -0.977923     0.204816    0.0414359
    0.146734     0.814234    -0.561687
   -0.136105     -0.52018    -0.843142
   -0.978925     0.201411    0.0337621
    0.152256     0.829967     -0.53663
   -0.130323    -0.907092     0.400249
   -0.977558     0.184951     0.100859
    0.165515     0.378123     0.910839
   -0.116576     -0.89989     0.420249
   -0.981692     0.168581    0.0886687
    0.150638     0.402218     0.903066
     -0.1099    -0.948218    -0.298002
   -0.981123    0.0554946     0.185249
    0.159119    -0.312735     0.936417
    0.128611     0.982016      0.13822
    0.976451    -0.149741     0.155308
   -0.173212     -0.11499     0.978149
    0.108465     0.991551   -0.0711457
    0.979685   -0.0944751     0.176893
   -0.168677    0.0888872     0.981655
   0.0986715     0.952398    -0.288449
    0.984247   -0.0506715     0.169381
   -0.146702     0.300618     0.942394
   0.0948738     0.994738   -0.0386717
     0.98292   -0.0874516     0.161926
   -0.157692    0.0533738     0.986045
   0.0861799      0.99084    -0.103967
    0.985313   -0.0693251     0.156051
   -0.147414     0.115888     0.982262
    0.124083     0.987748   -0.0946403
    0.975744    -0.104125     0.192566
   -0.180352     0.116239      0.97671
    0.178266     0.656066    -0.733348
    0.969358    -0.245109    0.0163581
   -0.169018    -0.713792    -0.679657
    0.176314      0.61021    -0.772371
    0.970211    -0.240173    0.0317283
   -0.166142    -0.754958    -0.634378
    0.163751     0.671722    -0.722478
    0.976118    -0.216305    0.0201301
   -0.142754     -0.70852    -0.691101
   -0.162158    -0.536715    -0.828035
   -0.976235     0.209523    0.0553724
    0.143773     0.817335    -0.557936
    0.164396     0.608604    -0.776257
      0.9765    -0.211599    0.0409057
    -0.13936     -0.76474    -0.629088
    0.145943      0.23586    -0.960766
    0.982788     -0.14575     0.113507
    -0.11326    -0.960795    -0.253072
    -0.15065    -0.466965    -0.871349
   -0.982496     0.168412    0.0796129
    0.109569     0.868091    -0.484163
   -0.132736     -0.57033     -0.81062
   -0.987976     0.141552    0.0621854
   0.0792786     0.809127    -0.582261
   -0.141934    -0.295492    -0.944743
   -0.983457     0.150607     0.100644
    0.112546     0.943399     -0.31198
    0.127326     0.641488    -0.756492
    0.988645    -0.143452    0.0447559
  -0.0798103    -0.753601    -0.652469
    0.122421     0.719365      0.68376
    0.989353    -0.143086   -0.0265981
  -0.0787024    -0.679736     0.729222
   -0.153974    -0.326588    -0.932541
   -0.982527     0.150478     0.109528
    0.104557     0.933111    -0.344052
    -0.14063    -0.852838     0.502883
   -0.987506     0.157302  -0.00938596
   0.0710999      0.49792     0.864304
   -0.145403     -0.80144     0.580131
    -0.98718     0.156535   -0.0311752
   0.0658259     0.577227     0.813927
    0.155348     0.204269     -0.96651
    0.983058    -0.128311      0.13089
  -0.0972775    -0.970469    -0.220741
   -0.163248    -0.528101    -0.833342
   -0.977617     0.200224    0.0646255
    0.132726     0.825239    -0.548967
   -0.160206    -0.444117    -0.881529
   -0.979395     0.182767    0.0859135
    0.122959     0.877129    -0.464247
   -0.167523    -0.500934    -0.849118
   -0.974366      0.21531    0.0652122
    0.150156     0.838276    -0.524163
   -0.172863    -0.556966    -0.812347
   -0.971862      0.23044    0.0488114
    0.160011     0.797926    -0.581128
   -0.160192    -0.445313    -0.880928
   -0.977501     0.195638     0.078858
    0.137226      0.87374    -0.466634
   -0.143914    -0.927291     0.345571
   -0.987768     0.113425    -0.106999
   0.0600229    -0.356743    -0.932272
    -0.14469    -0.855582     0.497035
   -0.986646    0.0867835    -0.137832
   0.0747925    -0.510341    -0.856714
   -0.151876    -0.914365    -0.375328
   -0.984805     0.107634     0.136285
   0.0842166    -0.390323     0.916818
   -0.141034    -0.874495     0.464077
   -0.986554    0.0850414    -0.139566
   0.0825837    -0.477521    -0.874731
   -0.144469    -0.936905     0.318336
   -0.984728     0.104541    -0.139217
   0.0971538    -0.333587      -0.9377
   -0.131462    -0.943976     0.302701
   -0.985703    0.0920117    -0.141147
    0.105388    -0.316929    -0.942576
   -0.126795    -0.918979     0.373363
   -0.987098    0.0797928    -0.138822
    0.097783    -0.386147     -0.91724
   -0.151228    -0.572255    -0.806011
   -0.981017     0.187021    0.0512817
    0.121394     0.798466    -0.589674
   -0.137845     -0.86623    -0.480254
   -0.982201    0.0570884     0.178946
    0.127592    -0.496373     0.858682
   -0.158484    -0.407524    -0.899337
   -0.981681     0.162605    0.0993126
    0.105764     0.898601    -0.425829
   -0.156129    -0.533374    -0.831345
   -0.983885     0.158241    0.0832527
    0.087148     0.830946    -0.549485
    0.154541     0.937517    -0.311736
    0.985627    -0.124501     0.114192
  -0.0682459     0.324903     0.943282
   -0.149938    -0.788938    -0.595899
   -0.987723    0.0928024     0.125662
   0.0438383    -0.607424     0.793167
   -0.149623    -0.719241     0.678458
   -0.987064     0.148628   -0.0601184
   0.0575985     0.678677     0.732175
   -0.136159    -0.904412      0.40435
   -0.989939      0.10835   -0.0909993
   0.0384895    -0.412673    -0.910066
   -0.123082    -0.849765     0.512592
   -0.987173    0.0519129    -0.150978
    0.101685      -0.5246    -0.845255
   -0.109575    -0.867088     0.485955
    -0.98785    0.0407925    -0.149959
    0.110204    -0.496483    -0.861023
   -0.111157    -0.928659     0.353888
   -0.986995    0.0615502    -0.148499
    0.116124    -0.365792    -0.923424
    -0.09148     -0.88658     0.453439
   -0.987982    0.0238343    -0.152721
    0.124592    -0.461961    -0.878106
  -0.0945086    -0.842149     0.530899
   -0.987474    0.0116223     -0.15735
    0.126342     -0.53912    -0.832699
   -0.085143    -0.775307     0.625819
   -0.986516   -0.0225158     -0.16211
    0.139776    -0.631183    -0.762935
  -0.0803156    -0.909562     0.407732
     -0.9867    0.0145526    -0.161898
    0.141323    -0.415313    -0.898634
   0.0924005     0.967351    -0.235995
     0.98676   -0.0572328     0.151753
   -0.133292     0.246892     0.959832
   0.0809939     0.993517   -0.0797691
    0.987051   -0.0688337     0.144888
   -0.138457    0.0904712     0.986227
   -0.106392    -0.853058    -0.510855
   -0.985584    0.0225042     0.167681
    0.131546     -0.52133     0.843155
    0.124685     0.964741    -0.231796
    0.983472    -0.089256     0.157533
    -0.13129     0.247607     0.959924
   -0.125176    -0.920378     0.370454
   -0.985756    0.0731032    -0.151465
    0.112323    -0.384137    -0.916418
  -0.0980514    -0.564302    -0.819725
   -0.994372    0.0887754    0.0578284
   0.0401388     0.820782     -0.56983
   -0.103859     -0.39028    -0.914819
   -0.993776    0.0779779    0.0795564
   0.0402864     0.917388     -0.39595
   0.0742751     0.149009    -0.986042
    0.997237   -0.0118695    0.0733247
-0.000777804    -0.988765    -0.149478
   0.0698928     0.259917    -0.963098
    0.997553   -0.0196875    0.0670801
 -0.00152573     -0.96543    -0.260657
   0.0797453    0.0796259     -0.99363
    0.996815  -0.00616198    0.0795072
   0.0002081    -0.996806   -0.0798637
   0.0561636    -0.727452     0.683856
    0.997774    0.0162337   -0.0646765
   0.0359475     0.685967     0.726745
   0.0602708    -0.581667     0.811191
     0.99748   0.00461593   -0.0708021
   0.0374389     0.813414      0.58048
   0.0384689    -0.764524     0.643446
    0.996263   -0.0204852   -0.0839023
   0.0773265     0.644269      0.76088
  -0.0485254    -0.411118      0.91029
   -0.998166    0.0529824   -0.0292813
  -0.0361913    -0.910041    -0.412935
   0.0372048    -0.855831    -0.515916
    0.996491  -0.00695865    0.0834044
   0.0749701     0.517209    -0.852569
   0.0351586    -0.070529     -0.99689
    0.997137    0.0692916     0.030265
   0.0669415      -0.9951    0.0727633
  -0.0660536    -0.935915     0.345977
   -0.996925    0.0472518   -0.0625094
  -0.0421555     0.349042     0.936158
   0.0471865     0.209103    -0.976754
    0.995766    0.0673746    0.0625285
   0.0788834     -0.97557    -0.205039
   -0.054955    0.0198076    -0.998292
   -0.995324   -0.0806265    0.0531918
  -0.0794352     0.996548    0.0241458
   0.0736978     0.991741    -0.104965
    0.996115    -0.078291   -0.0403279
   0.0482127     0.101585     0.993658
     0.09808     0.989147     0.109402
    0.995139   -0.0965018   -0.0196413
   0.0088707    -0.110797     0.993804
     0.10634     0.993821     0.031804
    0.994272    -0.105934   -0.0141829
   0.0107262     -0.03313     0.999393
    0.116613      0.17599     -0.97746
    0.992426   -0.0589312     0.107788
  -0.0386332    -0.982626    -0.181529
    0.109693     0.269264    -0.956799
    0.993147   -0.0687604     0.094509
   -0.040342    -0.960609    -0.274961
   -0.125529    -0.595063    -0.793815
   -0.991644    0.0992592    0.0824053
   0.0297571     0.797526     -0.60255
   0.0179749     -0.33741     0.941186
    0.994304   -0.0928764   -0.0522851
    0.105055     0.936765     0.333819
  -0.0149727    -0.617138    -0.786713
   -0.993167    -0.081894    0.0831437
   -0.115738     0.782582    -0.611694
   0.0054771   -0.0515228     0.998657
    0.989848    -0.141558   -0.0127321
    0.142024     0.988588    0.0502244
  0.00556657   -0.0785288     0.996896
    0.990799     -0.13438   -0.0161181
    0.135229     0.987813    0.0770582
   -0.001231    -0.729661     0.683808
   -0.989223     0.101005     0.105997
   -0.146409    -0.676309    -0.721922
  0.00723718     0.988287     0.152436
   -0.985247   -0.0190187     0.170081
   -0.170988     0.151418    -0.973569
  0.00886156    -0.997842   -0.0650656
   -0.985043    0.0024864    -0.172289
   -0.172078   -0.0656192     0.982895
  -0.0179296    -0.997711   -0.0652067
    0.979118   -0.0307293     0.200958
    0.202501    0.0602419    -0.977427
  0.00858266    -0.126885      0.99188
   -0.985837     0.165063    0.0296458
   -0.167485    -0.978087    -0.123671
  -0.0161176    -0.992504    -0.121142
    0.979844   -0.0398053     0.195756
     0.19911     0.115545    -0.973141
   0.0225162    -0.751317     0.659558
   -0.980251     0.113058     0.162251
    -0.19647    -0.650185    -0.733934
    0.012797    -0.972056      -0.2344
   -0.984474    0.0287938    -0.173155
   -0.175066    -0.232977     0.956595
   0.0231948     0.999201    0.0325573
   -0.978543    0.0160221     0.205417
   -0.204731    0.0366233    -0.978133
  -0.0275764     0.999466     0.017531
    0.979135     0.023475      0.20185
    0.201331    0.0227315    -0.979259
  -0.0185669    -0.964731    -0.262583
    0.983471   -0.0649324     0.169022
    0.180111     0.255104     -0.94999
  0.00289558    -0.380189     0.924904
    0.989471    -0.132749   -0.0576652
    0.144704     0.915333     0.375801
  0.00140356    -0.629003     0.777402
    0.988389    -0.117245   -0.0966485
    0.151939     0.768511     0.621535
  -0.0167811   0.00907836    -0.999818
   -0.992406     -0.12202    0.0155488
   -0.121857     0.992486    0.0110571
   0.0136188    0.0861412     -0.99619
    0.992706     0.118187    0.0237909
    0.119786    -0.989248   -0.0839034
    0.028683    -0.552635      0.83293
    0.993841    -0.073463   -0.0829657
    0.107039     0.830179     0.547124
   0.0281481    -0.904625     0.425277
   -0.981401    0.0558118     0.183676
   -0.189894    -0.422537    -0.886229
 -0.00621179    -0.958797    -0.284023
   -0.985248    0.0544432     -0.16224
   -0.171018    -0.278825     0.944992
  0.00454432    -0.989273    -0.146009
   -0.985122    0.0206551    -0.170608
   -0.171794    -0.144612     0.974461
   0.0233032    -0.952278     -0.30434
    0.988934   -0.0226561     0.146613
    0.146511     0.304389    -0.941213
  -0.0328629    -0.988825    -0.145414
    -0.98958    0.0525985    -0.134032
   -0.140183    -0.139495      0.98025
   0.0124842     -0.88282    -0.469545
    0.988849   -0.0587891     0.136824
    0.148395     0.466018    -0.872242
   0.0578482    -0.805924     0.589185
    0.991859   -0.0206665    -0.125653
    0.113443     0.591658     0.798168
    0.044718    -0.797107      0.60218
      0.9926   -0.0326678    -0.116953
    0.112896     0.602954     0.789748
   0.0764547    -0.301478    -0.950403
    0.993373     0.105077    0.0465798
   0.0858229    -0.947665     0.307514
  -0.0589959     -0.90854     0.413611
   -0.992201    0.0989424    0.0758138
   -0.109804    -0.405912    -0.907292
    0.080027     0.995549   -0.0497879
     0.99326   -0.0838451   -0.0800243
   0.0838426    0.0430483     0.995549
  -0.0755072    -0.938322     0.337418
    -0.99392    0.0980167    0.0501545
  -0.0801336    -0.331579    -0.940018
   0.0324559    -0.778046     0.627368
    0.992896    -0.046792    -0.109396
    0.114471     0.626462     0.771001
  -0.0637417    -0.752787     0.655171
   -0.994504   -0.0067239    -0.104481
  -0.0830574      0.65823     0.748221
  0.00315802    -0.852013     0.523511
    0.988821   -0.0753803    -0.128646
    0.149071     0.518065     0.842251
  -0.0200297    -0.963576    -0.266683
    0.983177     -0.06742     0.169758
    0.181555     0.258796    -0.948716
  -0.0132892    -0.998163   -0.0591023
     0.98448   -0.0234056      0.17393
    0.174994    0.0558736    -0.982983
   0.0334143    -0.953609    -0.299187
   -0.979083    0.0288812    -0.201402
     -0.2007    -0.299658     0.932697
   0.0318816     -0.98429    -0.173656
     -0.9792   0.00407255    -0.202855
   -0.200375    -0.176512     0.963687
    0.030433    -0.860891     0.507878
   -0.980898    0.0719454      0.18073
   -0.192129    -0.503676    -0.842257
  -0.0966175    -0.917738     0.385257
   -0.994183     0.107489   0.00672633
   -0.047584    -0.382366    -0.922785
    -0.10492    -0.896834     0.429746
    -0.99307     0.117492   0.00274205
  -0.0529509     -0.42648    -0.902946
   -0.119297    -0.842848     0.524763
   -0.992652     0.112021   -0.0457413
  -0.0202316    -0.526364    -0.850019
   -0.111359    -0.846025     0.521383
    -0.99361     0.104482   -0.0426805
  -0.0183666    -0.522804    -0.852255
     0.12369     0.991786   -0.0325764
    0.992126     -0.12425   -0.0157568
    0.019675     0.030371     0.999345
   -0.132906    -0.840273      0.52562
   -0.991025     0.104999   -0.0827309
    0.014327    -0.531898    -0.846687
   -0.137232    -0.815851    -0.561742
   -0.990473     0.106469    0.0873376
   0.0114463    -0.568376     0.822689
   -0.112886    -0.865622     0.487806
   -0.993607    0.0977754   -0.0564309
  0.00115236    -0.491058    -0.871126
   -0.131302    -0.381682     -0.91492
   -0.991042    0.0732539     0.111666
   0.0244004     0.921386    -0.387881
    0.112928     0.986816     0.115939
    0.993522    -0.110656   -0.0258711
   0.0127007    -0.118109     0.992919
    0.088495     0.892791     0.441693
    0.994979   -0.0584226    -0.081259
   0.0467424    -0.446666     0.893479
  -0.0950002    -0.471911    -0.876513
   -0.994026  -0.00256515     0.109118
  -0.0537423     0.881642    -0.468848
   -0.116721     -0.88152     0.457493
   -0.993165     0.103297   -0.0543496
  0.00065273    -0.460709    -0.887551
   -0.102137    -0.907531     0.407377
    -0.99429     0.105865    -0.013446
  -0.0309245    -0.406424    -0.913161
   -0.107871    -0.873977    -0.473843
   -0.993858     0.106651     0.029541
  -0.0247179    -0.474119     0.880114
  -0.0943296    -0.934184     0.344097
   -0.994558     0.103784   0.00911659
  -0.0442283    -0.341364     -0.93889
  -0.0861515    -0.865079     0.494183
   -0.994966     0.100197   0.00194284
  -0.0511962    -0.491528    -0.869356
  -0.0728542    -0.898767     0.432331
   -0.995387    0.0926591    0.0248903
  -0.0624299    -0.428523    -0.901372
  -0.0676666     -0.92204     0.381134
   -0.995285    0.0889921    0.0385867
  -0.0694964    -0.376726    -0.923714
  -0.0714703    -0.899784    -0.430442
   -0.994042    0.0998575   -0.0436893
  -0.0822939    -0.424755      0.90156
   -0.048913    -0.882934     0.466942
   -0.992999    0.0933147    0.0724291
   -0.107523     -0.46013    -0.881317
  -0.0326194    -0.987837     -0.15203
   -0.990316    0.0524826    -0.128532
   -0.134948    -0.146365     0.979983
   -0.021276    -0.945129     0.326002
   -0.990932    0.0632064     0.118573
   -0.132672    -0.320523    -0.937903
   -0.010406    -0.898149     0.439568
   -0.987072    0.0795394     0.139152
   -0.159942    -0.432437    -0.887365
 -0.00630959    -0.961369     -0.27519
   -0.988314    0.0479093     -0.14471
   -0.152304    -0.271061     0.950437
   0.0141361    -0.975235    -0.220721
   -0.985584    0.0236302     -0.16753
   -0.168597    -0.219907     0.960841
   0.0176282    -0.878649     0.477143
   -0.983677    0.0702315     0.165672
   -0.179078    -0.472276    -0.863068
 0.000943812    -0.888171     0.459512
   -0.990202    0.0633352     0.124452
   -0.139638    -0.455128    -0.879409
   0.0251986    -0.926167     0.376271
   -0.987729    0.0349666     0.152216
   -0.154134    -0.375489     -0.91392
   0.0188548    -0.974456     0.223788
   -0.990427    0.0124083     0.137477
   -0.136742    -0.224237    -0.964893
 -0.00961979    -0.947606    -0.319296
   -0.990035    0.0538876      -0.1301
    -0.14049    -0.314863     0.938682
  -0.0299715    -0.943401     0.330296
   -0.991584    0.0697005     0.109103
    -0.12595    -0.324246     -0.93755
   0.0458823     0.996652    0.0676657
     0.99179   -0.0373551    -0.122301
    0.119364   -0.0727216     0.990184
  -0.0635441    -0.975223    -0.211903
   -0.993041    0.0828853   -0.0836692
  -0.0991597    -0.205112     0.973702
  -0.0522543    -0.949139     0.310492
   -0.992977    0.0824309    0.0848689
   -0.106146    -0.303876     -0.94678
   0.0196946    -0.588602     0.808183
    0.990235    -0.100098   -0.0970327
    0.138011     0.802202     0.580882
   0.0211262    -0.902208     0.430783
   -0.990003    0.0412244     0.134889
   -0.139457    -0.429326    -0.892318
   -0.491431    -0.697486    -0.521544
   -0.862885     0.308802     0.400087
    0.118001    -0.646648     0.753606
    -0.51855     0.586146    -0.622527
   -0.848864      -0.2655     0.457099
    0.102646     0.765469     0.635233
    -0.48707    -0.791393     0.369404
   -0.870157     0.475945    -0.127685
   0.0747671     0.383631     0.920455
   -0.526979    -0.614541    -0.587054
   -0.847577     0.329225     0.416201
   0.0624995    -0.716903     0.694366
   -0.547604     -0.41588    -0.726067
   -0.831471     0.367663     0.416508
   0.0937303     0.831786    -0.547126
   -0.506077    0.0123436      -0.8624
   -0.861434    0.0421932     0.506114
   0.0426346     0.999033   -0.0107198
   -0.542043     0.578218    -0.609798
   -0.837898     -0.31647     0.444718
   0.0641615     0.752005     0.656028
    -0.52397    -0.273891    -0.806498
   -0.850417     0.220924     0.477477
   0.0473987     0.936043    -0.348679
    0.530001     0.153425    -0.834002
    0.845972    -0.163589     0.507513
  -0.0585682    -0.974525    -0.216495
    0.560535     0.309546    -0.768103
    0.823067    -0.310655     0.475451
  -0.0914412    -0.898707     -0.42891
    0.548377    -0.252459    -0.797212
    0.832619    0.0763311      0.54856
  -0.0776372    -0.964592     0.252061
    0.565146     0.138276     -0.81332
    0.819119    -0.211461     0.533224
  -0.0982535    -0.967556     -0.23277
   -0.499189    -0.489434    -0.715028
   -0.866151     0.305051     0.395887
   0.0243594     0.816944    -0.576202
    0.509211     0.171112     -0.84346
    0.859951    -0.140407     0.490683
  -0.0344658    -0.975196    -0.218644
   -0.492779    -0.625644     0.604763
    -0.86983      0.37315    -0.322729
    0.023754     0.685075     0.728085
    0.481568     0.855496     0.190314
    0.876283    -0.473692   -0.0880042
  -0.0148626    -0.209148     0.977771
   -0.479495    -0.539035    -0.692478
   -0.877255      0.31469     0.362482
   0.0225252     0.781288    -0.623764
    0.460002     0.864818    -0.201215
    0.887801    -0.444295     0.120046
  -0.0144189     0.233861     0.972163
     0.44677      0.89132    0.0771061
    0.894195    -0.447626   -0.0067699
  -0.0284805   -0.0719725        0.997
   -0.474913     0.581531    -0.660515
   -0.878636    -0.271053     0.393103
    0.049567     0.767041      0.63968
    0.431818     0.853333    -0.292158
    0.899797    -0.385137     0.205021
  -0.0624303     0.351415     0.934136
   -0.427417     0.563096    -0.707275
   -0.903764    -0.246297      0.35007
   0.0229236     0.788835     0.614177
    0.401532      0.89879      0.17592
    0.914987       -0.402   -0.0345784
  -0.0396411    -0.174849     0.983797
   -0.368816      0.55169    -0.748073
   -0.929152    -0.196724     0.313012
   0.0255217     0.810517     0.585159
   -0.455987    -0.777282    -0.433484
   -0.884746     0.343123     0.315421
   0.0964322    -0.527352     0.844157
     0.56215     0.340433     -0.75372
    0.818364    -0.360597     0.447493
   -0.119448    -0.868375    -0.481307
   -0.544937  -0.00130639    -0.838476
    -0.83275     0.117518     0.541033
   0.0978291      0.99307   -0.0651277
    0.534242    -0.231486    -0.813019
    0.836578   0.00673369     0.547806
   -0.121335    -0.972815     0.197253
    0.551825    -0.175326    -0.815322
    0.821916    -0.051219     0.567302
   -0.141223    -0.983177     0.115839
    0.513685    -0.293691    -0.806147
    0.852062    0.0644656     0.519457
   -0.100591    -0.953724     0.283358
    0.521713     0.256959    -0.813503
     0.84154    -0.311595     0.441271
   -0.140095    -0.914812    -0.378804
   -0.504953      0.41077    -0.759138
   -0.854842    -0.116279     0.505693
    0.119451     0.904294     0.409859
   -0.489261      0.35543    -0.796425
   -0.859829   -0.0437017     0.508708
    0.146005     0.933681     0.326991
   -0.539285    -0.691283    -0.480937
   -0.825864     0.322458     0.462569
    0.164684    -0.646645     0.744802
    0.507949    -0.216365    -0.833771
    0.843588   -0.0708034     0.532303
   -0.174205    -0.973742     0.146558
    0.530559     0.772636    -0.348627
    0.825718    -0.378146     0.418563
   -0.191565      0.50994     0.838608
    0.487364     0.189939     -0.85229
    0.867998    -0.211753     0.449156
  -0.0951624    -0.958689    -0.268067
   -0.474919   -0.0103404    -0.879968
   -0.872375     0.137126      0.46921
    0.115814       0.9905   -0.0741443
    -0.45529     -0.31723    -0.831911
   -0.885052     0.262975     0.384093
   0.0969258     0.911158    -0.400495
   -0.469958    -0.616392    -0.631823
   -0.879193     0.390521     0.272972
   0.0784827     0.683779    -0.725456
   -0.497074    -0.553624    -0.668145
   -0.864474      0.38239     0.326287
   0.0748515     0.739782     -0.66867
   -0.479937    -0.777539     0.406318
   -0.875277     0.455838    -0.161563
    0.059593     0.433181     0.899335
   -0.504263    -0.608737    -0.612502
   -0.861637     0.401861     0.309981
   0.0574436     0.684067    -0.727154
    0.524353   -0.0263369    -0.851093
    0.847926   -0.0753432     0.524733
   -0.077944     -0.99681   -0.0171747
    0.490537     0.783096     0.382275
    0.870442    -0.461103     -0.17238
  -0.0412778    -0.417307     0.907828
     0.43335     0.322857     -0.84141
    0.898985    -0.220653     0.378336
  -0.0635112    -0.920367    -0.385864
    0.447748     0.882625      0.14316
    0.892373    -0.451205  -0.00918058
  -0.0564915    -0.131863     0.989657
   -0.447803    -0.727192    -0.520253
   -0.892144     0.324606     0.314182
   0.0595938    -0.604833      0.79412
   -0.453674    -0.692279     0.561186
   -0.889693     0.388051    -0.240547
   0.0512433     0.608413     0.791964
   -0.452942     -0.61635    -0.644171
   -0.890136      0.35318     0.287963
   0.0500224      0.70383    -0.708605
    0.458413     0.236936    -0.856574
    0.887217    -0.178383      0.42547
  -0.0519892    -0.955008    -0.291987
   -0.462489     -0.56664    -0.681925
   -0.885719     0.330035     0.326464
   0.0400716      0.75498    -0.654522
   -0.465423    -0.680029     0.566518
   -0.884261     0.384922    -0.264418
   0.0382528     0.624016     0.780475
   -0.467831    -0.626957     0.622943
   -0.883462     0.351746    -0.309468
   0.0250942     0.695125      0.71845
   -0.461105    -0.330886    -0.823345
   -0.886083     0.221177     0.407354
   0.0473169     0.917385    -0.395179
   -0.464404    -0.694216     0.549903
   -0.884934     0.388238     -0.25722
   0.0349273     0.606082     0.794635
   -0.466153    -0.340036    -0.816748
   -0.883668     0.223619     0.411248
   0.0428017     0.913439    -0.404719
    -0.47558    -0.523908    -0.706643
   -0.878815     0.318429      0.35537
   0.0388338     0.790015    -0.611856
   -0.478801    -0.744805     0.464775
   -0.877634     0.419658    -0.231616
   0.0225377       0.5188     0.854599
   -0.466406    -0.598572    -0.651289
   -0.882734     0.362382     0.299099
   0.0569833     0.714417    -0.697397
   -0.455375    -0.768564    -0.449381
   -0.887197     0.349637     0.301056
   0.0742609    -0.535783     0.841084
   -0.448962     0.547301    -0.706325
   -0.891091    -0.215615     0.399334
   0.0662617     0.808686     0.584497
    0.436446    -0.174002    -0.882745
    0.896457   0.00048487      0.44313
  -0.0766776    -0.984745     0.156197
    0.441698     0.157822    -0.883173
    0.892805    -0.174242     0.415379
  -0.0883296    -0.971973    -0.217867
   -0.432723    -0.794756     0.425574
   -0.898981      0.41585    -0.137486
   0.0677069     0.442077     0.894418
    0.458463     0.168216    -0.872648
    0.887456    -0.138886     0.439469
   -0.047273    -0.975917    -0.212959
   -0.456205    -0.689861    -0.562111
   -0.889153     0.327945     0.319154
   0.0358309    -0.645402     0.763002
    0.433373     0.321782     -0.84181
    0.900172    -0.199469     0.387172
  -0.0433304    -0.925564    -0.376103
     0.43397     0.830406    -0.349422
    0.899345    -0.376322     0.222622
  -0.0533719     0.410862     0.910134
   -0.434361    -0.695096    -0.572863
   -0.900197     0.312935     0.302848
   0.0312392    -0.647235     0.761651
    0.400052     0.312837    -0.861447
    0.914696    -0.195117     0.353923
  -0.0573627     -0.92955    -0.364208
    0.400454   -0.0367425     -0.91558
     0.91547   -0.0269176     0.401486
  -0.0393968    -0.998962    0.0228574
    0.365824    -0.142887     -0.91965
    0.929505   0.00636593     0.368755
   -0.046836    -0.989718     0.135143
   -0.401513    -0.687788     0.604761
   -0.912932     0.353271    -0.204342
   0.0731001     0.634151     0.769746
    0.367258     0.201272    -0.908081
    0.927654    -0.150299      0.34186
  -0.0676768    -0.967936     -0.24191
   -0.370909    -0.692537     0.618724
    -0.92462     0.337538    -0.176479
    0.086625     0.637543      0.76553
   -0.412295     0.588678    -0.695321
   -0.910682    -0.244598     0.332912
   0.0259039     0.770474     0.636945
   -0.376533    -0.657803    -0.652317
   -0.925702     0.239762     0.292559
   0.0360451     -0.71401     0.699208
   -0.442747      0.53368    -0.720528
   -0.896461     -0.24713      0.36781
    0.018229     0.808772      0.58784
    0.467624     0.837277     0.283364
    0.883771    -0.448907    -0.132031
  -0.0166575    -0.312169      0.94988
   -0.458166    -0.833064     0.309982
   -0.888549     0.438566    -0.134686
   0.0237452     0.337143     0.941154
    0.517426    0.0832089    -0.851673
    0.828062    -0.299713     0.473799
   -0.215833    -0.950394    -0.223981
   -0.497123    -0.309878    -0.810459
   -0.846785     0.377013     0.375255
     0.18927     0.872833    -0.449822
    0.488121    -0.118079    -0.864752
    0.847234    -0.173842      0.50197
   -0.209602    -0.977669    0.0151849
    0.507126   -0.0618077    -0.859653
    0.828263    -0.240873     0.505926
   -0.238337    -0.968587   -0.0709599
    0.461123    -0.291243    -0.838178
    0.869122   -0.0421639     0.492797
   -0.178865     -0.95572     0.233683
   -0.475886     0.408943    -0.778652
   -0.849429    0.0158485     0.527465
    0.228043     0.912423     0.339825
    0.451946     0.807003      0.38012
    0.869986    -0.492927    0.0121214
   -0.197153     -0.32522     0.924858
     0.44161     0.896763    0.0282237
    0.872342    -0.436513     0.220171
   -0.209761    0.0726089     0.975053
   -0.496485     0.595328    -0.631734
    -0.82831    -0.107247      0.54991
    0.259625     0.796293     0.546362
    0.465932     0.850967      0.24241
    0.849563    -0.506816      0.14622
   -0.247286    -0.137814     0.959092
    0.490806     0.812273    -0.315155
    0.825418    -0.317697      0.46664
   -0.278915     0.489164     0.826392
   -0.430607    -0.902481    0.0102926
   -0.887766     0.425586     0.175352
    0.162632   -0.0663703     0.984452
    0.425576     0.896947     0.119875
    0.888202    -0.439379     0.134323
   -0.173151    -0.049309      0.98366
    0.409669     0.910247     -0.06018
    0.901122    -0.393531     0.181969
   -0.141954     0.128777     0.981461
    0.418587     0.889092    -0.185202
    0.897233     -0.37329     0.235855
   -0.140563     0.264896     0.953977
   -0.443878     0.366612     -0.81766
   -0.882844   -0.0226217     0.469121
    0.153489     0.930099     0.333703
   -0.429241    -0.586734    -0.686655
   -0.893901     0.384731      0.23005
    0.129199     0.712548    -0.689625
    0.457659    -0.151609    -0.876107
     0.87861   -0.0739946     0.471772
   -0.136352    -0.985667    0.0993406
   -0.479176      0.40934    -0.776422
    -0.86261   -0.0561992     0.502739
    0.162157      0.91065      0.38003
    0.442425     0.325335    -0.835714
    0.889471    -0.278126     0.362612
   -0.114464    -0.903772    -0.412426
    0.482312    0.0395537    -0.875106
    0.824117    -0.359177     0.437975
   -0.296995    -0.932431    -0.205832
    0.458093     -0.30405    -0.835287
    0.850782    -0.122271     0.511097
    -0.25753    -0.944777     0.202668
    0.446249     0.116221     -0.88733
     0.85163    -0.359768     0.381174
   -0.274933    -0.925775    -0.259524
    0.469969     0.816918     0.334326
    0.825665     -0.54078      0.16073
     -0.3121    -0.200503     0.928651
     0.42357     0.894561     -0.14265
    0.876643    -0.365119     0.313345
   -0.228222     0.257777     0.938864
    0.438464     0.861288    -0.256774
     0.85291    -0.308679     0.421024
   -0.283362     0.403609     0.869946
   -0.411469    -0.809469     -0.41887
   -0.880226      0.23372     0.413009
     0.23642    -0.538641     0.808685
   -0.386865     -0.81302    -0.435124
    -0.88683      0.19871     0.417188
    0.252719    -0.547277     0.797885
   -0.451817    -0.821776    -0.347198
   -0.832725     0.248866     0.494606
    0.320049    -0.512592     0.796755
   -0.411303    -0.849271     -0.33101
   -0.860587     0.242149     0.448056
    0.300367     -0.46915     0.830469
    0.422277     0.900345    -0.105176
      0.8403    -0.345293     0.417934
   -0.339968     0.264863     0.902368
   -0.395122    -0.757895    -0.519108
   -0.899694     0.205128     0.385322
     0.18555    -0.619288     0.762924
   -0.376133    -0.840661    -0.389633
    -0.90438     0.241619     0.351736
    0.201548    -0.484675     0.851157
   -0.359095    -0.822838     -0.44044
   -0.920399     0.234021     0.313208
    0.154647    -0.517853     0.841376
   -0.376274    -0.687378    -0.621232
   -0.915849     0.174531     0.361607
    0.140136    -0.705018     0.695206
   -0.403146    -0.828463     0.388744
   -0.898284      0.43939   0.00483194
    0.174813     0.347254     0.921333
   -0.390577    -0.920213    -0.025638
   -0.910463     0.382023      0.15848
    0.136041   -0.0852409     0.987029
    0.418863     0.905146    -0.072558
    0.890465     -0.39379     0.228038
   -0.177835     0.160127     0.970945
    0.433856       0.8668    -0.245818
     0.87507     -0.34043     0.344034
   -0.214525     0.364369     0.906209
    0.401768     0.908793     0.112597
    0.904994    -0.412822      0.10278
   -0.139888   -0.0606058     0.988311
   -0.336984    -0.777543    -0.530913
    -0.94058     0.252967     0.226532
   0.0418347    -0.575704     0.816587
     0.35071    -0.567248    -0.745139
    0.935852     0.183059     0.301115
  -0.0344024    -0.802944     0.595061
    0.354232     0.642191    -0.679787
    0.933974    -0.206385     0.291716
  -0.0470394     0.738239     0.672898
   -0.366881    -0.755448     -0.54286
   -0.929091     0.268218     0.254654
   0.0467729    -0.597794     0.800284
   -0.371701    -0.735634    -0.566287
   -0.927955     0.276566     0.249821
   0.0271608    -0.618348     0.785435
   -0.370767    -0.766463    -0.524468
   -0.925809     0.260307     0.274075
   0.0735454    -0.587175     0.806112
   -0.384388    -0.848673    -0.363318
   -0.921754     0.331026     0.201967
   0.0511362    -0.412524      0.90951
    0.385413      0.91198     -0.14053
    0.919303    -0.366355     0.143758
  -0.0796204     0.184596     0.979584
    0.392341     0.871221      0.29503
    0.915813    -0.399897   -0.0369887
  -0.0857561    -0.284704     0.954772
   -0.391618    -0.704934    -0.591357
   -0.919709     0.280495     0.274697
   0.0277707    -0.651453     0.758181
    0.392999     0.908862    -0.139723
    0.917557    -0.377627     0.124447
   -0.060342     0.177112     0.982339
    0.398965     0.916411   -0.0318903
    0.916118    -0.396859    0.0568407
  -0.0394335    0.0518928     0.997874
    0.394036     0.914761    -0.089154
    0.912242     -0.37743     0.159253
   -0.112029     0.144081     0.983204
    0.399667     0.911685    0.0953714
    0.909373    -0.407431    0.0839108
   -0.115358   -0.0531918     0.991899
   -0.382608    -0.813652      -0.4377
   -0.917405     0.278453     0.284309
     0.10945    -0.510327     0.852987
    0.366086    -0.633552     -0.68161
    0.924178     0.161742     0.346028
   -0.108981    -0.756605     0.644726
    0.351419     0.663736    -0.660272
    0.932943    -0.189332     0.306218
  -0.0782374     0.723607     0.685763
   -0.342862    -0.719851      0.60354
   -0.935943     0.206818    -0.285021
   0.0803498    -0.662602    -0.744649
   -0.346212    -0.771183    -0.534242
   -0.931068     0.212574     0.296519
    0.115105    -0.600074      0.79162
    0.329898    -0.625009    -0.707482
    0.942186     0.171338     0.287975
   -0.058768    -0.761582     0.645399
    0.406273      0.86768     0.286485
    0.912427    -0.402104   -0.0760845
  -0.0491795    -0.292308     0.955059
    0.403422     0.899199     0.169385
    0.912502    -0.409069  -0.00170663
  -0.0677555    -0.155253     0.985549
    0.411034     0.251346    -0.876285
    0.908524    -0.192094     0.371058
  -0.0750656    -0.948644    -0.307312
   -0.412976    -0.453553    -0.789773
   -0.908831     0.261378     0.325127
   0.0589673      0.85204    -0.520145
   -0.411952    -0.598074    -0.687461
   -0.906712     0.343884     0.244165
   0.0903779     0.723914    -0.683945
   -0.422431     -0.27754    -0.862858
   -0.903405     0.206183     0.375963
   0.0735622     0.938328    -0.337829
   -0.423793    -0.538304    -0.728442
   -0.901699     0.326798     0.283094
   0.0856631     0.776809    -0.623883
   -0.422414    -0.451881    -0.785729
   -0.904229     0.270085     0.330792
   0.0627357      0.85021    -0.522692
   -0.431196    -0.686751     0.585187
   -0.896735      0.39785    -0.193861
    0.099682     0.608349     0.787385
   -0.418921    -0.798765     0.431833
   -0.901294     0.423573   -0.0908598
    0.110337     0.427271     0.897366
   -0.409283      -0.8304     0.378053
   -0.905394     0.420909   -0.0556539
    0.112911     0.365065      0.92411
    0.404423     0.909654    0.0947152
    0.910057    -0.410541    0.0570347
  -0.0907663     -0.06313     0.993869
    0.683346   -0.0332795    -0.729336
    0.565429    -0.607842      0.55751
   -0.461875     -0.79336    -0.396549
    0.699981    -0.123932    -0.703326
    0.562053    -0.511981     0.649594
   -0.440595     -0.85001     -0.28872
    0.682262    0.0949617    -0.724915
    0.608562    -0.623269     0.491109
    -0.40518    -0.776221    -0.483022
    0.687101     0.289357    -0.666457
     0.60942    -0.728962     0.311803
   -0.395599    -0.620392    -0.677211
    0.694091     0.252178    -0.674273
     0.56406    -0.772483      0.29173
   -0.447297    -0.582818    -0.678416
   -0.672232    -0.644281     0.364699
   -0.653349     0.747953     0.117056
    0.348194     0.159587     0.923739
    0.689774     0.202773     -0.69505
    0.609458    -0.680853     0.406202
    -0.39086    -0.703791    -0.593217
     0.67858     0.719816    -0.146271
    0.647095    -0.491608     0.582743
