  -0.0525136    -0.806425     0.589001
   -0.995883  -0.00135085   -0.0906396
   0.0738896    -0.591335    -0.803034
  -0.0713666    -0.912146     0.403603
   -0.996044    0.0436945   -0.0773742
   0.0529414    -0.407529    -0.911656
   -0.100464    -0.895295     0.433998
   -0.994168    0.0731424   -0.0792504
   0.0392088    -0.439428    -0.897422
   -0.118501    -0.899241     0.421097
   -0.992432    0.0935102   -0.0795921
   0.0321957    -0.427342    -0.903517
    -0.13372    -0.910518      0.39125
   -0.990696     0.112731    -0.076248
   0.0253192    -0.397805     -0.91712
   -0.136807    -0.865204     0.482397
   -0.990532     0.113859   -0.0767009
   0.0114365    -0.488323    -0.872588
   -0.142187    -0.888229     0.436843
   -0.989813     0.124329   -0.0693738
  0.00730747    -0.442257    -0.896859
   -0.139156    -0.901064     0.410755
   -0.990023     0.117312   -0.0780558
   0.0221466    -0.417519    -0.908398
   -0.136745    -0.786883     0.601761
   -0.990601     0.110663   -0.0803987
 -0.00332851    -0.607099     -0.79462
   -0.133501    -0.893664     0.428418
   -0.990848     0.111652   -0.0758599
   0.0199593    -0.434625    -0.900391
   -0.126565    -0.818542      0.56033
   -0.991944     0.107482   -0.0670441
 -0.00534694    -0.564302    -0.825551
   -0.116127     -0.87082      0.47769
   -0.993189    0.0972134   -0.0642266
  0.00949198    -0.481894    -0.876178
   -0.137005    -0.936683     0.322264
   -0.980955     0.173514    0.0872948
    0.137685     0.304166     0.942616
    0.163156     0.934377     0.316734
    0.974052    -0.203593    0.0988539
   -0.156852    -0.292387     0.943349
   -0.139217    -0.862537     0.486465
    -0.98018     0.189948    0.0562807
    0.140947     0.468988     0.871885
   -0.164788     0.641156    -0.749509
   -0.973771    0.0151177     0.227027
    0.156891     0.767261     0.621848
   -0.185944    -0.850767    -0.491549
   -0.967635    0.0716916     0.241956
    0.170608    -0.520631     0.836562
    0.140533     0.238743     -0.96086
    0.979934    -0.172094     0.100563
   -0.141349    -0.955712    -0.258138
    0.191341     0.941285    -0.278156
    0.967685     -0.13349     0.213928
   -0.164237     0.310101      0.93641
   -0.171519    -0.883818    -0.435255
   -0.973639    0.0846407     0.211808
    0.150359    -0.460111     0.875037
   -0.187544    -0.903351    -0.385726
   -0.970369     0.109482     0.215402
    0.152354    -0.414694     0.897116
   -0.206121    -0.833749    -0.512228
   -0.962459    0.0782676     0.259898
    0.176599    -0.546569     0.818582
   -0.203793    -0.747418    -0.632325
   -0.964553    0.0426819     0.260416
    0.167651    -0.662982     0.729622
   -0.216507    -0.814463    -0.538307
   -0.960146    0.0778044     0.268452
    0.176761    -0.574975     0.798848
   -0.148539    -0.872585    -0.465329
   -0.979713     0.065834     0.189285
    0.134533    -0.484005     0.864662
   -0.167812    -0.889423    -0.425166
   -0.976254    0.0899995     0.197051
    0.136997    -0.448137     0.883405
   -0.154956    -0.906504    -0.392733
   -0.981109    0.0945991     0.168751
    0.115821    -0.411463     0.904038
   -0.129636    -0.910019     0.393775
    -0.98547    0.0742933    -0.152737
    0.109739    -0.407854    -0.906428
    0.123633     0.968278    -0.217148
    0.984594   -0.0924294      0.14843
    -0.12365     0.232154     0.964788
  -0.0986227    -0.906293     0.410983
   -0.990706    0.0505446    -0.126277
   0.0936713    -0.419618    -0.902855
  -0.0880163     -0.88793     0.451478
   -0.990604      0.12565    0.0539981
    0.104675     0.442484     0.890647
   -0.113216    -0.782077     0.612811
   -0.985674     0.166014    0.0297679
    0.125016     0.600662     0.789668
  -0.0799793    -0.839313     0.537734
    -0.99145     0.122782    0.0441793
    0.103104     0.529603     0.841956
  -0.0642371    -0.888339     0.454674
   -0.994979    0.0219713   -0.0976448
   0.0767518    -0.458663    -0.885289
   0.0533176     0.997038    0.0554324
    0.995004    -0.057737    0.0814461
  -0.0844053   -0.0508129     0.995135
  -0.0325039    -0.848737     0.527815
   -0.997619  -0.00458725   -0.0688118
   0.0608244    -0.528795    -0.846568
   -0.107701    -0.765063     0.634885
    -0.98667     0.160614    0.0261706
    0.121994     0.623604     0.772163
   -0.216325    -0.799498    -0.560363
   -0.962666    0.0790084     0.258907
    0.162722     -0.59545     0.786741
   -0.209523    -0.861147    -0.463169
   -0.965423      0.10705     0.237693
    0.155107    -0.496956     0.853801
   -0.206099    -0.812375      -0.5455
   -0.968992    0.0917824     0.229415
    0.136304    -0.575867       0.8061
   -0.213214    -0.880918    -0.422519
   -0.965413     0.123542     0.229597
    0.150058    -0.456859     0.876791
   -0.200652    -0.821327    -0.534005
   -0.971239    0.0954466      0.21814
    0.128196    -0.562416     0.816856
   -0.196979    -0.803933    -0.561151
   -0.973338    0.0917444     0.210229
    0.117527    -0.587601      0.80057
   -0.192939     -0.76025    -0.620318
   -0.975215    0.0787939     0.206755
    0.108308    -0.644835     0.756609
   -0.182072    -0.901663     0.392241
   -0.980271     0.197658  -0.00065988
   0.0769347     0.384622     0.919862
   -0.195083    -0.792017    -0.578491
   -0.973943      0.08688     0.209493
    0.115663    -0.604285     0.788328
     0.18081     0.967172     0.178569
    0.980223    -0.192058    0.0477119
  -0.0804413    -0.166411      0.98277
    -0.17786    -0.791961     0.584092
   -0.981103     0.188654   -0.0429601
   0.0761687     0.580695      0.81055
   -0.190255     -0.86043    -0.472719
   -0.977022     0.118823     0.176943
   0.0960768    -0.495522     0.863266
   -0.183824    -0.760588     0.622667
   -0.980906     0.182862   -0.0662177
   0.0634981     0.622951      0.77968
   -0.182368    -0.858087     0.480029
   -0.981505     0.187791   -0.0371935
   0.0582298     0.477934     0.876464
    -0.18188    -0.800841     -0.57059
   -0.979755    0.0982191     0.174451
    0.083665    -0.590768     0.802492
   -0.190211    -0.894401    -0.404805
   -0.974349     0.121472     0.189442
    0.120265    -0.430455     0.894564
   -0.177474     -0.89534    -0.408496
   -0.978759     0.117294     0.168144
    0.102632     -0.42966     0.897139
   -0.185004    -0.783911     -0.59267
   -0.973494    0.0636655     0.219672
     0.13447    -0.617601     0.774911
   -0.198962    -0.829643    -0.521639
    -0.96901    0.0870294     0.231181
      0.1464     -0.55147     0.821248
   -0.171612    -0.859587    -0.481309
   -0.978674    0.0927626     0.183281
    0.112899    -0.502498     0.857175
    -0.13859    -0.907642     0.396206
    -0.98977     0.113254   -0.0867673
   0.0338817    -0.404178    -0.914052
   -0.148113    -0.893615     0.423691
   -0.988137      0.11614    -0.100479
   0.0405819    -0.433547    -0.900217
   -0.160467    -0.912611      0.37602
   -0.985257     0.125204    -0.116587
   0.0593193    -0.389184    -0.919248
   -0.147526    -0.881297     0.448945
    -0.98819     0.112325    -0.104227
   0.0414268     -0.45902     -0.88746
   -0.151466    -0.910416     0.384968
   -0.986642     0.115626    -0.114749
   0.0599566    -0.397206    -0.915769
   -0.140341    -0.888187     0.437524
   -0.988173    0.0980709    -0.117882
   0.0617927    -0.448893    -0.891446
   -0.133016    -0.904044     0.406215
   -0.990274     0.104355   -0.0920238
   0.0408032    -0.414505    -0.909132
   -0.159159    -0.931839     0.326104
   -0.983283     0.120027    -0.136927
   0.0884526    -0.342446    -0.935365
    -0.14884    -0.900915     0.407675
   -0.985034    0.0988404    -0.141204
   0.0869178    -0.422591    -0.902143
   -0.165342    -0.878247     0.448715
   -0.983244     0.111377    -0.144312
   0.0767649    -0.465057    -0.881946
   -0.166936    -0.869431     0.464996
   -0.984151     0.118315    -0.132093
   0.0598298    -0.479678    -0.875403
   -0.154072     -0.91755     0.366557
   -0.986723     0.123592    -0.105372
   0.0513805    -0.377925     -0.92441
   -0.140104    -0.904744     0.402256
   -0.989624     0.114885    -0.086286
   0.0318536    -0.410171    -0.911452
   -0.164578    -0.892394    -0.420175
   -0.985743     0.133691     0.102165
   0.0349985    -0.430998     0.901674
   -0.127768    -0.925737      0.35593
   -0.991524     0.110702    -0.068004
   0.0235519    -0.361602    -0.932035
   -0.117796    -0.909565     0.398516
    -0.99232    0.0925553   -0.0820688
   0.0377622    -0.405122    -0.913482
  -0.0959131    -0.869723      0.48413
   -0.994742    0.0662051   -0.0781375
   0.0359061    -0.489079      -0.8715
  -0.0964298    -0.878583     0.467753
   -0.994272    0.0632642   -0.0861449
   0.0460935     -0.47338    -0.879651
  -0.0665411    -0.866022     0.495558
   -0.996542    0.0329129   -0.0762932
   0.0497614    -0.498921    -0.865217
  -0.0685258    -0.866915     0.493723
   -0.996647    0.0373107    -0.072816
   0.0447042    -0.497057    -0.866566
  -0.0409109    -0.853372     0.519694
   -0.997876   0.00850662   -0.0645855
   0.0506947    -0.521232    -0.851908
  -0.0454613     -0.81205     0.581815
   -0.996779  -0.00164496   -0.0801813
   0.0660683    -0.583586    -0.809359
  -0.0651576    -0.897278     0.436631
   -0.996202     0.033166   -0.0805053
   0.0577543    -0.440219    -0.896031
  -0.0414235    -0.844975     0.533199
   -0.997969   0.00914494   -0.0630386
     0.04839    -0.534727    -0.843638
  -0.0938732    -0.863411     0.495691
   -0.993316    0.0476341    -0.105142
   0.0671688    -0.502248    -0.862111
   -0.123193    -0.872407     0.473001
   -0.989527     0.071854    -0.125194
   0.0752333    -0.483471    -0.872122
   -0.121468    -0.863414     0.489654
   -0.991384    0.0811716    -0.102801
   0.0490143    -0.497922    -0.865835
   -0.153325    -0.868078     0.472157
    -0.98752     0.152007   -0.0412101
   0.0359975     0.472583     0.880551
   -0.159276    -0.791319     0.590293
    -0.98663     0.148504   -0.0671402
   0.0345318     0.593094     0.804392
   -0.132535    -0.783672     0.606871
   -0.991122    0.0982805   -0.0895392
  -0.0105258     0.613351     0.789741
    0.128434     0.971531     0.199077
    0.991686     -0.12419   -0.0337154
  0.00803228    -0.201752     0.979404
   -0.134701    -0.786529     0.602684
    -0.99074    0.0964576   -0.0955513
  -0.0170203     0.609974     0.792238
    0.103209    -0.605822     0.788877
    0.993084    0.0181419    -0.115994
   0.0559599     0.795393     0.603505
   -0.106307    -0.797757     0.593534
   -0.992564    0.0495439    -0.111186
  -0.0592935     0.600941     0.797091
  -0.0912593    -0.362294    -0.927586
   -0.991794   -0.0506782      0.11737
  -0.0895309     0.930685    -0.354696
   -0.104818    -0.813124     0.572575
   -0.993362    0.0581758   -0.0992324
  -0.0473782     0.579176     0.813824
  -0.0912877    -0.632171    -0.769433
   -0.992128  -0.00877356     0.124917
  -0.0857198     0.774779    -0.626394
  -0.0950955    -0.349913    -0.931943
   -0.992341    -0.040827     0.116588
   -0.078844     0.935892    -0.343351
    0.105352     0.640577    -0.760632
    0.992394   -0.0187452     0.121666
   0.0636784    -0.767665     -0.63768
   -0.086617    -0.763982     0.639397
   -0.991843    0.0058855    -0.127329
  -0.0935141     0.645211      0.75826
   0.0898296     0.708084     0.700391
    0.990765   0.00818262    -0.135344
    0.101566    -0.706081     0.700809
    -0.11149    -0.524756     -0.84392
   -0.991573   0.00236547     0.129526
  -0.0659733     0.851249    -0.520598
    -0.13723    -0.798853     0.585663
    -0.99042     0.101495   -0.0936295
  -0.0153542     0.592902     0.805128
   -0.142235    -0.626275    -0.766518
   -0.989659    0.0754546     0.121992
  -0.0185631     0.775942     -0.63053
   -0.162099      -0.7522     0.638686
   -0.986491     0.139053   -0.0866056
   0.0236664     0.644096     0.764578
   -0.158669    -0.656561     0.737396
   -0.986845     0.128912   -0.0975636
   0.0310029     0.743175     0.668378
    0.167303     0.230593     -0.95856
    0.985757   -0.0560061     0.158577
  -0.0171185    -0.971437    -0.236679
   0.0731661     0.706619     0.703801
    0.990905    0.0284022    -0.131529
     0.11293    -0.707024     0.698115
   0.0713671     0.965197     0.251596
    0.990128   -0.0380463      -0.1349
    0.120633     -0.25874     0.958385
  -0.0600681    -0.907183    -0.416426
   -0.986113      0.11864    -0.116214
   -0.154833    -0.403662     0.901712
  -0.0549592    -0.588275    -0.806791
   -0.986789   -0.0913297     0.133814
   -0.152403     0.803487    -0.575484
   0.0578788     0.956965    -0.284372
    0.985152    -0.100868    -0.138929
    0.161634     0.272109     0.948594
   0.0422239    -0.673658    -0.737836
    0.979799     0.172407     -0.10134
    0.195476    -0.718652     0.667329
  -0.0415662    -0.939466    -0.340113
   -0.978408     0.107251    -0.176678
    -0.20246    -0.325425     0.923639
  -0.0274296     -0.72601     0.687136
   -0.972894     0.177288     0.148481
   -0.229619    -0.664438    -0.711194
   0.0410454     0.961466     0.271843
    0.980605    0.0134228    -0.195535
    0.191649    -0.274596     0.942267
   -0.024007    -0.623979     0.781072
   -0.972558     0.195435     0.126235
   -0.231417    -0.756608    -0.611548
  -0.0189013    -0.590635     0.806718
    -0.97394     0.193273     0.118685
   -0.226017    -0.783451    -0.578896
   0.0384368     0.291814    -0.955703
    0.977998     0.185264    0.0959018
    0.205043    -0.938361    -0.278272
  -0.0250768    -0.527712     0.849053
   -0.972526     0.209505      0.10149
   -0.231438    -0.823182    -0.518467
   -0.021582    -0.362613      0.93169
   -0.972715     0.222935    0.0642337
   -0.230998    -0.904882     -0.35753
  -0.0359307     0.537462    -0.842522
   -0.978441    -0.190489   -0.0797895
   -0.203375     0.821491      0.53272
  -0.0528617    -0.540385    -0.839756
   -0.983902    -0.115575     0.136308
   -0.170714     0.833443    -0.525576
  -0.0520925    -0.924121     0.378532
   -0.984394   -0.0162847    -0.175225
   -0.168094     0.381753     0.908851
   0.0695151    -0.656954     0.750719
    0.989531   -0.0499969    -0.135381
    0.126473     0.752271     0.646601
  -0.0689359    -0.881448     0.467223
   -0.989677   0.00143657     -0.14331
   -0.125649     0.472279     0.872447
   0.0703328    -0.687554     0.722719
     0.98911   -0.0458343    -0.139861
    0.129287     0.724685     0.676843
 -0.00936658    -0.893687     0.448593
   -0.981857    0.0931868     0.165146
   -0.189392    -0.438907    -0.878346
  -0.0232839     -0.96024     0.278202
   -0.985341    0.0690845     0.155984
   -0.169002    -0.270492    -0.947772
  -0.0333237    -0.859809     0.509528
   -0.982468     0.121747     0.141189
   -0.183429     -0.49589    -0.848792
  -0.0486468    -0.927864    -0.369732
   -0.986332     0.102969    -0.128632
   -0.157424    -0.358421     0.920191
  -0.0416286    -0.976763     0.210241
   -0.989428    0.0695592     0.127256
   -0.138923    -0.202721    -0.969332
     0.05883    -0.279418    -0.958366
    0.984348     0.175999   0.00911128
    0.166125    -0.943901     0.285399
  -0.0598483     -0.92274     0.380747
   -0.990113     0.103352    0.0948404
   -0.126864    -0.371307    -0.919803
  -0.0750034    -0.781626     0.619222
   -0.988359   -0.0241592    -0.150211
   -0.132368      0.62328     0.770715
   0.0850666     0.995184    -0.048709
    0.990573   -0.0897383    -0.103502
    0.107374    0.0394452     0.993436
   -0.050635    -0.934872     0.351356
   -0.991752    0.0885453    0.0926728
   -0.117748    -0.343766    -0.931644
  -0.0722974     -0.92118     0.382362
   -0.992948     0.102591    0.0594136
  -0.0939576     -0.37537    -0.922101
  -0.0625777    -0.936991     0.343703
   -0.995289     0.084141     0.048171
  -0.0740553     -0.33907    -0.937842
  -0.0762189    -0.516198    -0.853071
   -0.988557   -0.0725742     0.132239
   -0.130173     0.853389     -0.50476
  -0.0993973    -0.770416     0.629746
   -0.989549    0.0100892    -0.143845
   -0.104467     0.637462     0.763367
  -0.0504194    -0.378528    -0.924216
    -0.98385    -0.140313      0.11114
   -0.171749     0.914893     -0.36534
  -0.0335129   -0.0205106    -0.999228
   -0.979175    -0.199629    0.0369381
   -0.200232     0.979657   -0.0133933
  -0.0307962   -0.0233826    -0.999252
    -0.97942    -0.198803     0.034837
   -0.199469      0.97976    -0.016779
   0.0129949   -0.0318893    -0.999407
    0.975591     0.219523   0.00568063
    0.219212    -0.975086    0.0339636
  -0.0183872    -0.262587     0.964733
   -0.973693     0.223887    0.0423807
   -0.227119    -0.938575    -0.259795
  -0.0127011    -0.695266      0.71864
   -0.977731     0.159198      0.13674
   -0.209477      -0.7009    -0.681806
  -0.0819431    -0.920903     0.381081
   -0.995127    0.0966389     0.019553
  -0.0548337    -0.377622    -0.924335
  -0.0952661    -0.930853     0.352757
   -0.993981     0.108206    0.0170966
  -0.0540847    -0.349005    -0.935559
   -0.107411    -0.911895      0.39612
   -0.993846     0.109331   -0.0178029
  -0.0270738    -0.395594    -0.918026
  -0.0995436     -0.91273     0.396252
   -0.994394     0.105528  -0.00673006
   -0.035673      -0.3947    -0.918117
   -0.136294    -0.922529     0.361059
   -0.990524     0.133129   -0.0337546
  -0.0169277    -0.362238    -0.931932
   -0.122556      -0.8898     0.439586
    -0.99246     0.110707   -0.0526061
 -0.00185638    -0.442719    -0.896659
   -0.139212    -0.921622     0.362261
   -0.990238     0.126981   -0.0574847
  0.00697882    -0.366727    -0.930302
   -0.113376    -0.881563      0.45825
   -0.993551       0.1013   -0.0509387
 -0.00151489    -0.461069    -0.887363
   -0.164916    -0.911636    -0.376462
   -0.986268     0.149017    0.0711951
  0.00880499    -0.383034     0.923692
    0.144497     0.975957     0.163182
      0.9893    -0.139126   -0.0439318
   0.0201725    -0.167784     0.985617
   -0.116311    -0.860282     0.496373
   -0.990998    0.0671622    -0.115811
  -0.0662929     0.505375      0.86035
    0.110847     0.968783    -0.221748
     0.99221    -0.120638   -0.0310661
   0.0568476     0.216578     0.974609
   -0.110444    -0.889964     0.442455
   -0.993647     0.108556   -0.0296778
   -0.021619    -0.442922      -0.8963
   -0.102034    -0.904624     0.413817
   -0.994067     0.108474  -0.00797565
  -0.0376733    -0.412175    -0.910325
   -0.107846     -0.80521      -0.5831
   -0.992827     0.117679     0.021122
   -0.051611    -0.581195     0.812126
  -0.0827069    -0.907251     0.412377
   -0.994806    0.0998002    0.0200459
   -0.059342    -0.408577    -0.910793
    0.095677     0.980443     -0.17198
    0.993344    -0.105174   -0.0469616
   0.0641309     0.166342      0.98398
  -0.0708341    -0.896858      0.43661
   -0.994362    0.0981166    0.0402235
  -0.0789135    -0.431299    -0.898751
  -0.0581156    -0.933353     0.354223
   -0.995099    0.0825948    0.0543706
  -0.0800039    -0.349327    -0.933579
   0.0811092     0.115857    -0.989949
    0.993573    0.0692798    0.0895142
   0.0789543    -0.990847    -0.109493
  -0.0476869    -0.935687     0.349595
   -0.993644    0.0801673    0.0790279
   -0.101971    -0.343604    -0.933562
  -0.0328777    -0.947454     0.318198
   -0.991307    0.0714944     0.110452
   -0.127398    -0.311801    -0.941568
  -0.0328142    -0.923727     0.381643
   -0.992104     0.076351    0.0994973
   -0.121047    -0.375365    -0.918939
  -0.0202253    -0.970225     0.241358
   -0.987991     0.056382     0.143856
   -0.153181    -0.235551    -0.959714
  -0.0187996    -0.921614     0.387652
   -0.990087    0.0711368     0.121107
    -0.13919    -0.381532    -0.913816
-0.000411774    -0.924933     0.380131
   -0.987319    0.0607218     0.146678
    -0.15875     -0.37525    -0.913228
-0.000680914    -0.933612     0.358286
   -0.984482    0.0634986     0.163592
   -0.175482    -0.352614    -0.919168
  -0.0161902    -0.956828    -0.290202
   -0.990548    0.0548863    -0.125704
   -0.136205    -0.285424     0.948673
  0.00337336    -0.940111     0.340852
   -0.989095     0.047051     0.139561
    -0.14724    -0.337606      -0.9297
 4.52462e-05    -0.959213    -0.282683
   -0.991154    0.0374728    -0.127313
   -0.132713    -0.280188     0.950727
   0.0319027     0.998829     0.036365
    0.991131    -0.026919    -0.130133
    0.129002   -0.0401941     0.990829
   0.0475709     0.990934    -0.125643
    0.992383   -0.0611961    -0.106913
    0.113632       0.1196     0.986298
   0.0644672     0.982473       0.1749
    0.990993   -0.0424146    -0.127017
    0.117373    -0.181513     0.976359
   0.0703218     0.976206    -0.205127
    0.992446   -0.0891911   -0.0842323
    0.100524     0.197654     0.975104
  -0.0596698    -0.962999     0.262817
   -0.993514    0.0828245     0.077914
  -0.0967988    -0.256463    -0.961695
  -0.0395513    -0.753303     0.656483
   -0.991238   -0.0532865    -0.120865
   -0.126029     0.655511     0.744595
  0.00776777    -0.981318    -0.192237
     0.99136    -0.017616     0.129983
    0.130941     0.191585    -0.972702
    -0.41767     -0.66144    -0.622936
   -0.896289     0.187462       0.4019
    0.149056    -0.726192     0.671139
     0.46384     0.880282   -0.0997758
    0.875493    -0.438239     0.203613
   -0.135511     0.181797     0.973954
   -0.431008    -0.459021    -0.776873
   -0.895557     0.323026     0.305992
    0.110494     0.827619    -0.550307
   -0.461845     -0.48845    -0.740349
   -0.880535      0.35279      0.31654
    0.106574     0.798095    -0.593031
   -0.489025    -0.484625    -0.725254
   -0.862005     0.395681     0.316834
    0.133423     0.780112    -0.611247
   -0.438019    -0.311219    -0.843375
   -0.894593     0.243325     0.374828
   0.0885609      0.91866    -0.384996
   -0.487881    -0.303053    -0.818615
   -0.865438     0.290367     0.408293
    0.113965     0.907659    -0.403939
   -0.463052    -0.359831    -0.810002
   -0.881092     0.286095     0.376598
   0.0962258     0.888071    -0.449522
    0.470895    -0.170682     -0.86552
    0.874509   -0.0388601     0.483449
    -0.11615     -0.98456     0.130964
   -0.507196     -0.39251     -0.76726
   -0.850365      0.37266     0.371489
    0.140114     0.840869    -0.522789
    0.490954     0.182165    -0.851928
    0.860731    -0.252469     0.442042
   -0.134561    -0.950303    -0.280745
    0.514389     0.196726    -0.834687
    0.843762    -0.289984     0.451636
   -0.153197    -0.936594    -0.315155
    0.437593     0.101788    -0.893394
    0.895449    -0.139675     0.422685
  -0.0817604    -0.984952    -0.152266
    0.453238    0.0823577    -0.887577
    0.885993    -0.151021     0.438416
  -0.0979361    -0.985094    -0.141417
   -0.435552     -0.39982    -0.806498
   -0.896146     0.277144     0.346573
    0.084949     0.873691    -0.479008
   -0.415938    -0.312604    -0.853976
   -0.906631     0.215676     0.362635
   0.0708213     0.925074    -0.373124
   -0.416333    -0.231358    -0.879284
   -0.906378     0.181905     0.381299
   0.0717298     0.955711    -0.285431
    0.387473     0.177987    -0.904536
    0.919806    -0.140445     0.366378
  -0.0618269    -0.973959    -0.218131
    0.376016   -0.0463714    -0.925452
    0.923675   -0.0607064     0.378336
  -0.0737249    -0.997078    0.0200055
   -0.403288  -0.00118596    -0.915072
   -0.911143    0.0930987     0.401436
    0.084716     0.995656   -0.0386262
   -0.364271     0.572156    -0.734809
   -0.926505    -0.142741     0.348156
   0.0943122     0.807628     0.582102
    0.349184    0.0879939    -0.932914
    0.935082    -0.097275      0.34082
  -0.0607591     -0.99136    -0.116248
   -0.329961     0.402881    -0.853705
   -0.940977   -0.0681211     0.331545
   0.0754178     0.912714     0.401579
   -0.308769     0.317018     -0.89675
   -0.948645   -0.0344339     0.314464
   0.0688123     0.947794      0.31137
   -0.386016     0.535523    -0.751137
   -0.914395    -0.114475     0.388301
    0.121958     0.836726     0.533868
    0.510332      0.20653    -0.834809
    0.842722    -0.313585     0.437589
   -0.171408    -0.926828     -0.33408
    0.490285    -0.176702    -0.853462
    0.858093   -0.0736239     0.508189
   -0.152633    -0.981507      0.11553
    -0.47997     0.483483    -0.732033
   -0.859278   -0.0908924     0.503369
    0.176834     0.870622     0.459072
    0.501443    -0.247668    -0.828984
     0.84114   -0.0847925     0.534129
   -0.202578    -0.965127     0.165805
   -0.458747     0.388168    -0.799298
   -0.875411   -0.0432143     0.481445
     0.15234     0.920575     0.359631
   -0.467765     0.570262    -0.675276
   -0.860124    -0.117853     0.496284
    0.203428     0.812965     0.545623
    -0.44464     0.490057    -0.749759
    -0.87835   -0.0745594     0.472167
    0.175487     0.868496     0.463594
   -0.432917     0.377971    -0.818364
   -0.879949    0.0198312     0.474655
    0.195635     0.925605      0.32401
   -0.489961     0.561152    -0.667119
   -0.839695   -0.0982027     0.534105
    0.234201     0.821867     0.519312
   -0.449723     0.430905    -0.782349
   -0.863961    0.0122935     0.503408
    0.226539     0.902313     0.366757
     0.47702    -0.320814    -0.818248
    0.838317    -0.113527     0.533231
   -0.263961    -0.940314     0.214789
   -0.427854     0.572078    -0.699763
   -0.890867    -0.136176     0.433373
    0.152633     0.808816     0.567909
    0.412112    -0.398675    -0.819281
    0.895756    0.0127758     0.444363
   -0.166689    -0.917003      0.36238
    0.401811     0.913669   -0.0612875
    0.904729    -0.385757     0.180713
    -0.14147     0.128061     0.981624
     0.41474    -0.185348    -0.890863
    0.900531   -0.0568217     0.431063
   -0.130517    -0.981029     0.143345
   -0.440744     0.417207    -0.794785
   -0.887452   -0.0695496     0.455623
    0.134812     0.906146     0.400905
    0.426117     0.142527     -0.89337
    0.897243    -0.192847     0.397197
   -0.115672    -0.970822    -0.210057
   -0.449205  -0.00237025    -0.893426
   -0.885919     0.130567     0.445084
    0.115597     0.991437   -0.0607512
    0.467283    -0.172821    -0.867052
    0.873688   -0.0598568      0.48279
   -0.135335    -0.983133     0.123021
     0.43555    -0.155306    -0.886666
    0.894702   -0.0336604     0.445393
   -0.099018    -0.987293     0.124292
   -0.394502    -0.845402     0.360088
   -0.917515     0.383876    -0.103951
   0.0503485     0.371395     0.927109
   -0.396846    -0.618546     -0.67817
   -0.915616     0.318686     0.245126
   0.0645015     0.718221    -0.692819
   -0.393722    -0.680109     0.618413
   -0.915712      0.34899    -0.199194
    0.080346     0.644715     0.760189
   -0.400378     -0.61871     -0.67594
   -0.912884     0.333403     0.235552
   0.0796223     0.711365    -0.698298
   -0.399313    -0.668946     0.626945
   -0.914038     0.343651    -0.215494
   0.0712962     0.659102     0.748667
   -0.407643    -0.558952    -0.722081
   -0.908751     0.325776     0.260848
   0.0894353     0.762524    -0.640748
   -0.402928    -0.731139     0.550532
   -0.911841     0.372422    -0.172767
   0.0787142      0.57161     0.816741
    0.409338     0.398974    -0.820526
    0.908577    -0.260313     0.326689
  -0.0832529    -0.879237    -0.469054
   -0.406713    -0.550442    -0.729108
   -0.910354     0.310958     0.273057
   0.0764204     0.774802    -0.627568
   -0.399084    -0.690574     0.603191
   -0.913783     0.353863    -0.199451
   0.0757114     0.630784     0.772256
   -0.398843    -0.716453      0.57238
    -0.91377     0.363005    -0.182351
   0.0771308     0.595753     0.799455
   -0.395814    -0.330863    -0.856657
   -0.914804     0.223734     0.336269
   0.0804041     0.916773    -0.391232
    -0.42183    -0.531626    -0.734461
   -0.902208     0.326431     0.281893
   0.0898893     0.781548    -0.617336
   -0.418653    -0.580274    -0.698578
    -0.90461     0.334282     0.264455
   0.0800655     0.742655     -0.66487
    0.412558     0.253401    -0.874976
    0.905143    -0.222149     0.362445
   -0.102531    -0.941508    -0.321014
   -0.402597      -0.8024     0.440533
   -0.908486     0.409195   -0.0849305
    0.112116     0.434411      0.89371
   -0.395785    -0.684683     0.612016
   -0.913552     0.361529    -0.186331
    0.093684     0.632855     0.768582
   -0.386456    -0.803979     0.451961
   -0.917738     0.383928    -0.101767
   0.0917023      0.45411     0.886214
    0.390762     0.121857     -0.91239
    0.913214    -0.175717     0.367647
   -0.115522     -0.97687    -0.179945
    0.388023     0.893323     0.226743
    0.918779     -0.39433    -0.018716
   -0.072692    -0.215589     0.973775
   -0.381346    -0.496339    -0.779886
   -0.920274     0.283754     0.269404
   0.0875807     0.820445    -0.564977
   -0.382461    -0.530077    -0.756797
   -0.920386     0.290652     0.261555
   0.0813201      0.79658    -0.599039
   -0.353888    -0.509333    -0.784438
   -0.931488     0.267465     0.246564
   0.0842265      0.81795     -0.56909
   -0.350817    -0.420581    -0.836683
     -0.9315     0.248415     0.265701
   0.0960958     0.872583    -0.478919
   -0.361362    -0.307383    -0.880303
   -0.929498     0.193509     0.313987
   0.0738324     0.931703    -0.355639
    -0.32472    -0.433692    -0.840517
    -0.94113      0.23646      0.24158
   0.0939777     0.869482    -0.484943
    0.329366      0.24041    -0.913083
     0.94082    -0.165339     0.295839
  -0.0798461    -0.956486     -0.28064
   -0.290775    0.0113885    -0.956724
   -0.952705    0.0888685     0.290612
   0.0883323     0.995978   -0.0149909
   -0.322891    -0.575955    -0.751011
    -0.94052      0.28385     0.186683
    0.105653      0.76662     -0.63335
    0.288168    0.0989086    -0.952458
    0.952161    -0.135261     0.274032
   -0.101726    -0.985861    -0.133155
   -0.292713    -0.557101    -0.777147
   -0.949065     0.268368     0.165086
    0.116592     0.785886     -0.60728
    0.331396     0.234549    -0.913873
    0.941306    -0.148089     0.303336
  -0.0641872    -0.960758    -0.269858
     0.29663     0.219853    -0.929341
    0.952432    -0.139319     0.271042
  -0.0698852    -0.965533    -0.250722
   -0.373792    -0.250554     -0.89303
   -0.925131     0.169674     0.339623
   0.0664305     0.953118    -0.295218
    -0.40204    -0.322137    -0.857083
   -0.913001     0.211822     0.348656
   0.0692337     0.922691    -0.379272
   -0.389636    -0.396495    -0.831249
   -0.917933     0.240423     0.315589
    0.074722     0.885996    -0.457633
   -0.474101      0.36522     -0.80115
   -0.834352     0.104265     0.541281
    0.281218     0.925064      0.25529
    0.448634   -0.0703319    -0.890944
    0.859828    -0.237944      0.45175
   -0.243767    -0.968729   -0.0462764
    0.450568     0.209593     -0.86779
    0.857026    -0.373746     0.354711
   -0.249988     -0.90354    -0.348025
    0.478225     0.172347    -0.861161
    0.829755    -0.409956     0.378739
   -0.287763    -0.895675    -0.339057
      0.4241     0.202463    -0.882694
    0.880263    -0.321173     0.349264
   -0.212785    -0.925125     -0.31443
   -0.462721    -0.271954     -0.84376
   -0.850822     0.403553     0.336523
    0.248982     0.873605    -0.418117
    0.437563     0.173101    -0.882369
    0.878066    -0.293696     0.377813
   -0.193748    -0.940095    -0.280504
   -0.455009    -0.207819    -0.865897
   -0.869696     0.312604     0.381979
      0.1913     0.926871    -0.322977
   -0.486439    -0.323596     -0.81158
   -0.820983     0.487103     0.297855
    0.298938     0.811182    -0.502613
   -0.469146    -0.339505    -0.815254
   -0.847004     0.434284     0.306564
    0.249971     0.834346    -0.491305
   -0.487821    -0.400773    -0.775507
   -0.821097     0.512262     0.251768
    0.296361     0.759584    -0.578966
   -0.418111    -0.333221    -0.845072
   -0.896653     0.300487     0.325147
    0.145587     0.893684    -0.424421
    0.432493    0.0913955    -0.896993
    0.892122    -0.187528     0.411037
   -0.130645    -0.977998    -0.162641
     0.41438      0.26276    -0.871348
    0.906564     -0.20354     0.369749
  -0.0801986    -0.943148    -0.322551
   -0.404116    -0.504647    -0.762904
   -0.910015     0.306187     0.279505
   0.0925399     0.807206    -0.582971
    0.404094     0.123422    -0.906353
    0.899101    -0.235906     0.368736
   -0.168304    -0.963906    -0.206297
    0.394982    -0.168059    -0.903186
    0.908657   -0.0734223     0.411036
   -0.135392    -0.983039     0.123708
    0.404824    -0.376897    -0.833106
    0.896974   -0.0133178     0.441884
    -0.17764    -0.926159     0.332675
    0.420606    -0.317473    -0.849883
    0.883006   -0.0718322     0.463832
   -0.208303    -0.945543     0.250118
    0.389063     0.917578    0.0817346
    0.910477    -0.396518     0.117492
   -0.140218   -0.0287056     0.989705
   -0.482739    -0.783125     0.392017
   -0.826342     0.555561     0.092256
    0.290037     0.279405      0.91532
   -0.464073    -0.541618    -0.700918
   -0.852245     0.488725     0.186615
    0.241482     0.683957    -0.688396
    0.452345     0.891214    0.0334922
    0.860838    -0.446127     0.244804
   -0.233115    0.0819048     0.968994
   -0.453255    -0.736623     0.501943
   -0.839911     0.541511    0.0362505
    0.298511     0.405157     0.864141
   -0.436819    -0.742565    -0.507727
   -0.884496     0.251727     0.392811
    0.163879     -0.62067     0.766755
    0.425822     0.886259     0.182265
    0.872934    -0.455395     0.174934
   -0.238039   -0.0846142     0.967563
   -0.412411    -0.697368    -0.586169
   -0.895993     0.194198     0.399355
    0.164664    -0.689902     0.704926
    0.394714     0.888003    -0.235907
    0.906512     -0.33452     0.257551
   -0.149791     0.315511     0.937025
    0.427084      0.90086    0.0777814
    0.853707    -0.430081     0.293622
   -0.297965    0.0589989     0.952752
   -0.392962    -0.919493   -0.0106513
   -0.891698     0.378203     0.248673
    0.224625    -0.107217     0.968529
    0.411172     0.910688   -0.0398046
    0.859405    -0.372719     0.350004
   -0.303909      0.17812     0.935902
   -0.416484     -0.77361    -0.477565
   -0.904327     0.298523     0.305083
    0.093451    -0.558937     0.823927
   -0.383972    -0.782204    -0.490635
   -0.919202     0.273537     0.283276
   0.0873729    -0.559763     0.824034
   -0.379428    -0.717948    -0.583596
   -0.925007     0.280782     0.255976
   0.0199147    -0.636955     0.770644
   -0.408384    -0.718552    -0.562944
   -0.912328      0.30126     0.277309
   0.0296682    -0.626838     0.778585
    -0.43661     0.614699    -0.656899
   -0.893656    -0.212183      0.39542
    0.103681     0.759687     0.641971
   -0.425995    -0.668971    -0.609103
   -0.904274     0.293559     0.310019
   0.0285861    -0.682863     0.729987
    0.440552    -0.298663     -0.84659
    0.890336     0.024596     0.454639
   -0.114961    -0.954042     0.276746
    0.448856    -0.292565    -0.844354
    0.875934   -0.0429246     0.480517
   -0.176826    -0.955282     0.237001
   -0.421456     0.535917    -0.731552
   -0.904972     -0.19668     0.377283
    0.058311     0.821042     0.567882
    0.409377    -0.628725    -0.661147
    0.908093      0.35083     0.228659
   0.0881863    -0.693991     0.714562
   -0.418846     0.500972     -0.75736
   -0.902977     -0.31788     0.289109
  -0.0959141     0.804972     0.585509
   -0.411487      0.58705    -0.697173
   -0.907369    -0.335865     0.252737
  -0.0857871     0.736591     0.670876
   -0.417694     0.431956    -0.799341
   -0.904716    -0.278868      0.32206
  -0.0837947     0.857699     0.507279
    -0.42304     0.490176    -0.762079
   -0.900922    -0.317422     0.295945
  -0.0968357      0.81177     0.575893
   -0.415635     0.498901     -0.76049
   -0.907564    -0.282457     0.310717
  -0.0597883     0.819339     0.570184
      0.4184    -0.281309    -0.863601
    0.905578     0.202262     0.372852
   0.0697873    -0.938059     0.339374
   -0.417371     0.374589     -0.82794
   -0.907692    -0.215504     0.360073
  -0.0435449     0.901799     0.429957
   -0.408866    -0.410403    -0.815106
    -0.91236     0.163585     0.375285
  -0.0206793     0.897112    -0.441319
   -0.424221    -0.905403   -0.0167632
   -0.901308     0.423949   -0.0889376
  -0.0876312    0.0226204     0.995896
   -0.409549      -0.5409     -0.73464
   -0.911015      0.19995     0.360656
  -0.0481873     0.816974    -0.574657
   -0.420476    -0.628034    -0.654808
   -0.904697     0.235547     0.355023
  -0.0687281     0.741681    -0.667222
    0.414154      0.90627   -0.0845659
    0.910204    -0.412613    0.0357739
  0.00247214    0.0917881     0.995775
   -0.408993     -0.36161    -0.837832
   -0.912276     0.184013     0.365913
   0.0218547      0.91399    -0.405148
   -0.416817    -0.724088    -0.549509
   -0.908808     0.344053     0.235997
  -0.0181777    -0.597766     0.801464
   -0.401807      0.46101    -0.791215
   -0.915488     -0.22188     0.335636
  -0.0208239     0.859208     0.511202
   -0.403309      0.43856    -0.803123
   -0.912902    -0.253127     0.320213
  -0.0628595     0.862318     0.502451
   -0.385787     0.501945    -0.774093
   -0.920527    -0.265481      0.28662
   -0.061639     0.823147     0.564473
    0.382066    -0.617597    -0.687459
    0.923743     0.276885     0.264638
   0.0269071    -0.736145     0.676289
    0.400039     0.646457    -0.649663
    0.912879    -0.343985     0.219831
   0.0813632     0.681005     0.727745
   -0.407869    -0.487331    -0.772108
   -0.912467     0.187612       0.3636
  -0.0323368     0.852825    -0.521195
     -0.4014    -0.567888    -0.718597
   -0.915533     0.226488     0.332419
  -0.0260232     0.791332    -0.610832
   -0.388537    -0.436316    -0.811583
   -0.921124     0.206719     0.329844
   0.0238531     0.875726     -0.48222
   -0.401189    -0.631933    -0.663104
   -0.915995      0.27662     0.290576
-0.000196744     0.723976    -0.689825
   -0.378206     -0.39477    -0.837327
   -0.924284     0.211424     0.317804
    0.051572     0.894123    -0.444841
   -0.388476    -0.599025    -0.700183
   -0.919901     0.296281     0.256904
   0.0535593       0.7439    -0.666141
   -0.383468    -0.770669     0.508941
   -0.920292     0.365135    -0.140495
    0.077557      0.52225     0.849258
   -0.397699    -0.706526     0.585368
   -0.917123     0.324783    -0.231088
   0.0268481     0.628758     0.777137
   -0.383189    -0.593113    -0.708084
   -0.917481     0.333003     0.217574
    0.106748     0.733026    -0.671773
    0.383583     0.129954    -0.914317
    0.918929    -0.152155     0.363892
  -0.0918288    -0.979776    -0.177783
   -0.395767    -0.647943     0.650798
   -0.916914     0.318419    -0.240576
    0.051347     0.691938     0.720128
   -0.394566    -0.544908     -0.73986
   -0.918839     0.240374     0.312979
  0.00729853     0.803303    -0.595526
   -0.646253    0.0129357    -0.763013
   -0.599493     0.610068     0.518098
    0.472192     0.792244    -0.386503
    0.655618    0.0430287    -0.753866
    0.600518    -0.634956     0.486014
   -0.457759    -0.771349    -0.442128
   -0.643825    -0.233706    -0.728609
   -0.640528     0.685515      0.34611
    0.418585     0.689529    -0.591047
   -0.652596    -0.289596    -0.700181
   -0.634638     0.713752     0.296298
    0.413948     0.637724     -0.64958
    0.657078     0.217546     -0.72175
    0.600846    -0.729344     0.327172
   -0.455229    -0.648638    -0.609947
   -0.639735     -0.40405    -0.653822
   -0.671882     0.707095     0.220434
    0.373248      0.58031    -0.723828
    0.655894     0.338044    -0.674929
    0.630685    -0.736713     0.243908
   -0.414777    -0.585645    -0.696405
    0.644208     0.275772    -0.713404
    0.669065    -0.655139     0.350921
