  -0.0232479     -0.81071     0.584986
   -0.996616   -0.0273511   -0.0775114
   0.0788393    -0.584809    -0.807331
  -0.0488393    -0.852583     0.520305
   -0.996895   0.00939795   -0.0781755
   0.0617613    -0.522507    -0.850395
  -0.0818984    -0.882468     0.463188
   -0.995472    0.0499355   -0.0808768
   0.0482417    -0.467714    -0.882562
   -0.102382    -0.903978     0.415141
   -0.993706    0.0738751   -0.0842033
   0.0454494    -0.421149    -0.905852
   -0.119909    -0.929376     0.349115
   -0.991968    0.0978959   -0.0801001
   0.0402662    -0.355916     -0.93365
   -0.116604     -0.92658    -0.357564
   -0.992912     0.100412    0.0635901
   0.0230175    -0.362444     0.931721
   -0.129737    -0.885393    -0.446371
    -0.99141     0.108299    0.0733373
   0.0165911    -0.452051     0.891838
   -0.126753    -0.888141     0.441746
   -0.991498     0.100226   -0.0829892
   0.0294316    -0.448509    -0.893293
   -0.126481    -0.803792     0.581309
    -0.99196     0.100034   -0.0775099
   0.0041509    -0.586439    -0.809983
    -0.12644    -0.898897      0.41952
   -0.991538     0.101987   -0.0803149
   0.0294092    -0.426125    -0.904186
   -0.116904    -0.878062     0.464049
   -0.993143     0.103107   -0.0550975
 0.000532162    -0.467308    -0.884095
   -0.107143    -0.847849       0.5193
   -0.994099    0.0824385   -0.0705085
   0.0169703     -0.52379    -0.851679
    0.152255     0.979824      0.12947
    0.971945    -0.172202     0.160219
   -0.179282    -0.101443     0.978554
   -0.178082    -0.828265     0.531284
   -0.964417     0.254131     0.072922
    0.195414     0.499394     0.844049
   -0.157573      -0.9182     0.363427
   -0.970473     0.212047     0.114966
    0.182626     0.334581     0.924502
   -0.180259    -0.656487    -0.732483
   -0.964291   -0.0289557     0.263256
    0.194034    -0.753781     0.627825
   -0.201779    -0.798335    -0.567403
   -0.957773    0.0396801     0.284773
    0.204829    -0.600904     0.772631
    0.153597     0.214942    -0.964473
    0.971447    -0.211466     0.107581
    -0.18083    -0.953458    -0.241285
   -0.198884    -0.746019    -0.635531
   -0.960426    0.0193316     0.277864
    0.195006    -0.665643     0.720341
    0.177586    -0.644842    -0.743399
    0.966927   -0.0261947     0.253705
   -0.183072    -0.763867     0.618863
   -0.192692     0.589775    -0.784242
   -0.964384    0.0337613     0.262343
    0.181201     0.806861     0.562264
    -0.21589    -0.790913     -0.57258
   -0.954902    0.0485944     0.292919
    0.203849    -0.609996     0.765735
   -0.208835    -0.758057    -0.617849
   -0.959222    0.0357269     0.280386
    0.190475    -0.651209     0.734606
    0.219903     0.677994    -0.701403
     0.95556  -0.00499675     0.294756
   -0.196338      0.73505     0.648963
   -0.151485      0.32929    -0.931998
   -0.973988     0.111027     0.197537
    0.168524     0.937679     0.303905
   -0.173964    -0.817668    -0.548777
   -0.970779    0.0488527      0.23495
    0.165302    -0.573614     0.802273
   -0.152772     -0.93477    -0.320728
   -0.978096    0.0965869      0.18439
    0.141384    -0.341872      0.92905
   -0.129554      -0.8691     0.477369
   -0.981204    0.0429248    -0.188141
    0.143023    -0.492771    -0.858325
   -0.125515    -0.992055   0.00850524
   -0.979208     0.125257     0.159571
    0.159368   -0.0117001      0.98715
  -0.0955837    -0.861183     0.499228
    -0.98707    0.0171694     -0.15937
    0.128675    -0.508006    -0.851688
  -0.0917859    -0.651575    -0.753011
   -0.984146     0.174607   -0.0311265
    0.151762     0.738216    -0.657271
   -0.127277    -0.771617     0.623223
   -0.977538        0.204    0.0529372
    0.167985     0.602487      0.78025
  -0.0846434    -0.358292    -0.929765
    -0.98541     0.168378    0.0248234
    0.147658       0.9183    -0.367317
  -0.0577159    -0.890914     0.450491
   -0.991937  0.000179193     -0.12673
    0.112825    -0.454173    -0.883741
  -0.0620176    -0.594568     -0.80165
   -0.989489     0.141757   -0.0285891
    0.130638     0.791451     -0.59711
  -0.0246228    -0.772307     0.634772
   -0.994681   -0.0445978   -0.0928443
    0.100014    -0.633682    -0.767101
   -0.124685    -0.767392     0.628938
   -0.978219       0.2011    0.0514411
    0.165955     0.608825     0.775752
   -0.213372    -0.734244    -0.644483
   -0.961154    0.0395421     0.273164
    0.175085    -0.677733     0.714159
    0.210104    -0.657963    -0.723147
    0.961404   0.00464577     0.275101
   -0.177646    -0.753036     0.633544
    0.202154     0.954319     -0.22002
    0.967496    -0.159747     0.196042
   -0.151939     0.252499     0.955593
   -0.200901    -0.799801    -0.565648
   -0.967484    0.0714168     0.242641
    0.153667    -0.596002     0.788142
   -0.197281    -0.842878    -0.500636
   -0.969252    0.0910861     0.228591
    0.147073    -0.530339     0.834931
    0.179401      0.93429    -0.308087
    0.976904    -0.132234     0.167849
    -0.11608     0.331083     0.936434
   -0.179266    -0.668001    -0.722246
   -0.977604    0.0386856     0.206867
    0.110247    -0.743155     0.659975
    -0.15665    -0.833224    -0.530281
   -0.985271    0.0945601     0.142476
   0.0685715    -0.544789     0.835765
    -0.17705    -0.815837    -0.550513
   -0.977519    0.0806926     0.194796
      0.1145    -0.572625     0.811782
    0.158732     0.947547     0.277413
    0.984355    -0.173644    0.0298714
  -0.0764757    -0.268332     0.960286
   -0.152014    -0.895169     0.419005
   -0.985101     0.171718   0.00946932
   0.0804274     0.411322     0.907935
   -0.185288    -0.840771    -0.508697
   -0.976409    0.0991085     0.191842
    0.110879    -0.532243       0.8393
   -0.160085     0.624432    -0.764498
   -0.984882   -0.0491164     0.166115
   0.0661783     0.779534     0.622855
   -0.165968     0.390685    -0.905439
    -0.98381   -0.0026325     0.179197
    0.067626     0.920521     0.384796
   -0.179348    -0.770931    -0.611146
   -0.978799    0.0773608     0.189654
   0.0989312    -0.632203     0.768461
   -0.189699    -0.766401    -0.613713
   -0.972006    0.0583337     0.227601
    0.138634    -0.639708     0.756012
    0.181403     0.976715    -0.114543
    0.975788      -0.1643     0.144373
   -0.122192      0.13796     0.982871
    0.186182    -0.649134    -0.737538
    0.970061   0.00230752     0.242849
    -0.15594    -0.760671     0.630129
   -0.201639     0.622757    -0.755987
   -0.964133   0.00981058     0.265238
    0.172595     0.782354     0.598442
   -0.170972    -0.869554    -0.463298
   -0.975553    0.0835051     0.203282
    0.138077    -0.486727     0.862573
   -0.132239     -0.92545     0.355043
   -0.990137     0.106604   -0.0909128
   0.0462863    -0.363564    -0.930419
   -0.138475    -0.912426     0.385102
   -0.988916     0.106359    -0.103597
   0.0535654    -0.395179    -0.917041
    -0.15229    -0.903849     0.399832
   -0.985442     0.107927    -0.131364
   0.0755806    -0.414016    -0.907126
   -0.135535    -0.903603     0.406364
   -0.989106    0.0996233    -0.108373
   0.0574431    -0.416625    -0.907262
   -0.145844    -0.913141     0.380661
   -0.986206     0.103747    -0.128977
    0.078282    -0.394221    -0.915676
   -0.125841     -0.89469     0.428596
   -0.989055    0.0795988    -0.124236
   0.0770368    -0.439539    -0.894914
   -0.116601    -0.892892     0.434912
   -0.991851    0.0820472    -0.097471
   0.0513477    -0.442733    -0.895182
   -0.157538    -0.894303     0.418813
   -0.981419     0.094744    -0.166856
    0.109539    -0.437317    -0.892611
   -0.137559    -0.905315     0.401848
   -0.984296     0.079629    -0.157545
    0.110629    -0.417209    -0.902052
   -0.162905    -0.879938     0.446287
   -0.981724    0.0994558    -0.162256
   0.0983891    -0.464563    -0.880057
   -0.161279    -0.849557     0.502237
   -0.983771    0.0978418    -0.150406
   0.0786388    -0.518344    -0.851549
   -0.149233    -0.906466     0.395031
   -0.986676      0.11033    -0.119569
   0.0648016    -0.407612    -0.910853
   -0.135701    -0.866498     0.480382
   -0.989894    0.0984272    -0.102091
   0.0411794    -0.489381    -0.871098
   -0.160866    -0.869605    -0.466807
   -0.986019     0.120777     0.114798
   0.0434497    -0.478748     0.876876
   -0.118915    -0.912112     0.392316
   -0.992491    0.0977894   -0.0734799
   0.0286576    -0.398108    -0.916891
   -0.103759     -0.89886     0.425776
    -0.99341    0.0726995   -0.0886104
   0.0486947    -0.432164    -0.900479
  -0.0724409    -0.872241     0.483682
   -0.996159    0.0393567   -0.0782212
   0.0491917     -0.48749    -0.871742
  -0.0858824    -0.856833     0.508391
   -0.994207    0.0406058    -0.099515
   0.0646242    -0.513992    -0.855357
  -0.0398363    -0.812663     0.581371
   -0.997272  -0.00384479   -0.0737089
   0.0621358    -0.582721    -0.810293
  -0.0461102    -0.863667     0.501949
   -0.996902   0.00772888   -0.0782792
   0.0637277    -0.504003    -0.861348
  -0.0140074    -0.780821     0.624598
   -0.997445   -0.0328525   -0.0634384
   0.0700536    -0.623891    -0.778365
  -0.0117221    -0.796733     0.604217
   -0.997423   -0.0334531   -0.0634623
   0.0707755    -0.603404    -0.794288
  -0.0458339    -0.836644     0.545826
    -0.99537  -0.00796247   -0.0957878
   0.0844864    -0.547689    -0.832405
  -0.0172937    -0.851855     0.523491
   -0.997241   -0.0231063   -0.0705441
   0.0721893    -0.523267    -0.849106
  -0.0870606    -0.893648     0.440242
    -0.99154     0.035025    -0.124986
   0.0962739    -0.447399    -0.889137
   -0.117205    -0.930372     0.347376
   -0.987505    0.0720789    -0.140138
    0.105342     -0.35946    -0.927195
   -0.104726     -0.89948     0.424226
   -0.992002    0.0642615    -0.108636
   0.0704544     -0.43221    -0.899017
   -0.124814    -0.828478     0.545936
   -0.991688     0.121506   -0.0423344
   0.0312613     0.546681     0.836757
   -0.131617    -0.758911     0.637754
   -0.990766     0.121827   -0.0594997
   0.0325406     0.639697     0.767938
   0.0960107    -0.764563     0.637358
    0.995202    0.0616234   -0.0759935
   0.0188257     0.641596     0.766812
    0.090942    -0.832022     0.547237
    0.995706    0.0664223   -0.0644814
   0.0173012     0.550752      0.83449
    0.104832    -0.763759     0.636932
    0.994392    0.0715247   -0.0778986
   0.0139394     0.641526     0.766975
   0.0703733    -0.771362     0.632494
    0.995421    0.0131852   -0.0946736
    0.064688      0.63626     0.768758
   0.0722963    -0.591712     0.802901
    0.995024   -0.0125474   -0.0988428
   0.0685608     0.806052     0.587861
  -0.0505233    -0.598389    -0.799611
    -0.99313   -0.0545078     0.103542
   -0.105543     0.799349    -0.591525
  -0.0701157    -0.905114     0.419348
   -0.995695    0.0379542   -0.0845622
  -0.0606225     0.423472     0.903879
  -0.0535395     -0.85799     0.510869
   -0.994071  -0.00269038    -0.108698
  -0.0946363     0.513659     0.852759
   0.0561796    -0.817885     0.572632
     0.99414  -0.00722702    -0.107855
   0.0923515     0.575336     0.812687
   0.0765496    -0.641908     0.762951
    0.994156  -0.00927721    -0.107553
    0.076117     0.766725     0.637447
   0.0520486    -0.617832     0.784586
    0.992918   -0.0520032     -0.10682
    0.106798     0.784589     0.610749
    0.053205    -0.674878     0.736008
    0.992241   -0.0472126    -0.115019
    0.112373     0.736417      0.66713
   0.0822022     -0.51418     0.853734
    0.993627   -0.0240132    -0.110134
   0.0771297     0.857346     0.508929
    0.103805     0.714461     0.691932
    0.994193   -0.0547019   -0.0926683
   0.0283579    -0.697533     0.715991
    0.113772     0.715559     0.689225
    0.992934   -0.0583331    -0.103345
   0.0337445    -0.696112     0.717139
   -0.142361    -0.827562     0.543023
   -0.989466     0.133545   -0.0558804
   0.0262737     0.545258     0.837856
    0.138936     0.726429     0.673051
     0.98964    -0.126691   -0.0675492
     -0.0362    -0.675463     0.736505
    0.152901     0.639128    -0.753748
    0.988009    -0.115408     0.102564
  -0.0214367    -0.760392     -0.64911
    0.050382    -0.768844     0.637448
    0.991987   -0.0355184    -0.121243
    0.115858     0.638449     0.760894
   -0.049363    -0.936942     0.345981
   -0.991351   0.00378695    -0.131186
   -0.121604     0.349464     0.929025
  -0.0421248    -0.850259    -0.524676
   -0.987024     0.116856    -0.110125
   -0.154946    -0.513229     0.844149
  -0.0423349     -0.88845    -0.457016
   -0.987919     0.105478    -0.113537
   -0.149077    -0.446689     0.882182
  -0.0354753    -0.417427    -0.908018
   -0.985452    -0.136498     0.101251
   -0.166208       0.8984    -0.406512
  -0.0292312     0.586659    -0.809306
    -0.98085    -0.172806   -0.0898382
   -0.192557     0.791182     0.580476
   0.0259533    -0.270467    -0.962379
    0.979369     0.199877   -0.0297619
    0.200407    -0.941752     0.270074
  -0.0174058     -0.60772     0.793961
   -0.973587     0.191103     0.124932
   -0.227652    -0.770815    -0.594994
  -0.0278552     -0.67846     0.734109
   -0.982535     0.153751     0.104814
   -0.183982    -0.718368    -0.670893
  -0.0158519    -0.673562     0.738961
   -0.974502     0.175842     0.139375
   -0.223818    -0.717909    -0.659175
  -0.0128732    -0.387574     0.921749
   -0.974466     0.211521    0.0753303
   -0.224165    -0.897243    -0.380401
   0.0186275     -0.24815    -0.968543
    0.978222     0.204813   -0.0336615
    0.206723    -0.946823     0.246561
  -0.0104466    -0.748293    -0.663286
   -0.973292     0.159739    -0.164882
   -0.229332    -0.643849     0.729977
 -0.00501585    -0.719344     0.694636
   -0.973248     0.163076     0.161848
   -0.229703    -0.675241    -0.700918
  -0.0162425    -0.644798      0.76418
   -0.978733     0.166566     0.119742
   -0.204496    -0.745983     -0.63379
   0.0301892    -0.422375     0.905918
    0.984411    -0.144548    -0.100199
     0.17327     0.894821     0.411427
   0.0263925     0.244187    -0.969369
    0.984772     0.160336     0.067201
    0.171834    -0.956381    -0.236237
   0.0361836    -0.593487      0.80403
    0.988694   -0.0958903    -0.115275
    0.145513     0.799111     0.583308
   0.0419135     -0.74044     0.670815
    0.990033   -0.0595732    -0.127615
    0.134454     0.669477     0.730563
   0.0327899    -0.638088     0.769265
     0.98786   -0.0962473    -0.121942
     0.15185     0.763924     0.627185
   0.0148434    -0.890779    -0.454193
   -0.979564    0.0781687     -0.18532
   -0.200583    -0.447663     0.871415
 -0.00374969    -0.955586    -0.294688
   -0.985031    0.0543153    -0.163595
   -0.172335    -0.289663     0.941486
  -0.0147088    -0.697017     0.716903
   -0.982023     0.145012     0.120841
   -0.188188    -0.702238     -0.68662
  -0.0287645    -0.904814    -0.424833
   -0.986982    0.0929881    -0.131221
   -0.158235    -0.415529     0.895711
  -0.0189287    -0.969755    -0.243346
   -0.989201    0.0535446    -0.136435
   -0.145338    -0.238136     0.960296
   0.0252058    -0.716327     0.697309
    0.984671    -0.102635    -0.141028
    0.172591     0.690175      0.70276
  -0.0415956    -0.916716     0.397368
   -0.990735    0.0893065     0.102319
   -0.129285    -0.389431    -0.911937
   0.0492032     0.958617     0.280415
    0.988223  -0.00599501    -0.152905
    0.144896    -0.284636     0.947622
   0.0700218     0.970781     0.229525
    0.991663   -0.0427902    -0.121547
    0.108174    -0.236122     0.965683
  -0.0285972     -0.90718      0.41977
   -0.992134    0.0769592    0.0987292
    -0.12187    -0.413645    -0.902245
  -0.0575592    -0.917769      0.39292
   -0.993929    0.0896461    0.0637907
   -0.093769    -0.386863    -0.917357
   -0.052807    -0.917256     0.394781
   -0.996009    0.0768672    0.0453686
  -0.0719604     -0.39081    -0.917654
   0.0400007    -0.719398     0.693445
    0.988366   -0.0734305    -0.133192
    0.146738     0.690706     0.708092
   0.0638267    -0.674174      0.73581
    0.991944   -0.0379852    -0.120848
    0.109422     0.737596     0.666318
   0.0278569    0.0702847    -0.997138
    0.984617     0.170202     0.039504
    0.172491      -0.9829   -0.0644623
 -0.00932614    -0.194088      0.98094
   -0.978375      0.20448    0.0311565
   -0.206629    -0.959436    -0.191798
 -0.00931417    -0.490975     0.871124
   -0.979051     0.181683    0.0919305
   -0.203404    -0.852018    -0.482381
  0.00364012    -0.456447     0.889743
   -0.974761     0.196994     0.105048
   -0.223223    -0.867669    -0.444209
  0.00152746    -0.483332     0.875436
    -0.97323     0.200482     0.112385
   -0.229829    -0.852172    -0.470087
  0.00895905    -0.713885     0.700205
   -0.976651     0.144062     0.159373
   -0.214647    -0.685284    -0.695926
  -0.0670371    -0.886166     0.458493
   -0.996124    0.0856716    0.0199393
  -0.0569494    -0.455379    -0.888474
  -0.0804033    -0.916718     0.391362
   -0.995421    0.0942099    0.0161711
  -0.0516945    -0.388269    -0.920095
   -0.102119    -0.868866       0.4844
   -0.994207     0.105562   -0.0202477
  -0.0335417    -0.483661    -0.874612
  -0.0935019    -0.910812     0.402093
   -0.995248    0.0965304   -0.0127743
  -0.0271792    -0.401376     -0.91551
   -0.121383    -0.914083    -0.386934
   -0.992517     0.116971    0.0350291
  -0.0132404    -0.388291     0.921442
   -0.116025     -0.88363     0.453581
    -0.99323     0.100582   -0.0581202
  0.00573457    -0.457253    -0.889318
   -0.132357    -0.897512     0.420658
   -0.991162     0.116048   -0.0642635
  0.00886072    -0.425446     -0.90494
   -0.103207    -0.872282     0.477988
   -0.994637    0.0937954   -0.0435947
 -0.00680613    -0.479923    -0.877284
    0.157251     0.941806      0.29711
    0.987422    -0.154958   -0.0314138
  -0.0164538    -0.298313     0.954326
    0.125781      0.69431     0.708599
    0.991553   -0.0651978    -0.112125
   0.0316501    -0.716717     0.696646
   0.0919859       0.6728    -0.734084
      0.9926  -0.00326949     0.121383
   0.0792665    -0.739817    -0.668122
   0.0961742     0.989642     -0.10658
    0.993325    -0.102277   -0.0533433
   0.0636914     0.100739     0.992872
   -0.105822    -0.843739     0.526219
   -0.994232    0.0990639   -0.0410991
  -0.0174524    -0.527533    -0.849355
  -0.0925949    -0.851144     0.516701
   -0.994742     0.101875   -0.0104474
  -0.0437465    -0.514952    -0.856102
   -0.103579    -0.876838    -0.469497
   -0.993487     0.113749   0.00674169
  -0.0474935    -0.467137     0.882908
  -0.0816224    -0.924685     0.371882
   -0.995022    0.0970089    0.0228204
  -0.0571775    -0.368168    -0.927999
  -0.0903456    -0.907672     -0.40984
   -0.993671     0.109741   -0.0239968
  -0.0667574    -0.405078     0.911842
  -0.0634303    -0.829517     0.554868
   -0.994646    0.0979969    0.0327996
  -0.0815832    -0.549817    -0.831291
  -0.0509247    -0.926792     0.372108
   -0.995342      0.07764    0.0571569
   -0.081863    -0.367464    -0.926428
   0.0827811     0.251648    -0.964272
    0.992458    0.0669623     0.102676
   0.0904081      -0.9655    -0.244207
   -0.034722    -0.947326     0.318383
   -0.993715    0.0666499    0.0899404
   -0.106423    -0.313259    -0.943686
  -0.0146489    -0.954613     0.297488
    -0.99095    0.0535625     0.123081
   -0.133429    -0.292993    -0.946759
  -0.0170374    -0.933595     0.357925
   -0.992259    0.0598288     0.108823
   -0.123011      -0.3533    -0.927387
 -0.00111452    -0.967926    -0.251234
   -0.987941    0.0399632    -0.149583
   -0.154825    -0.248038     0.956298
   0.0038113    -0.893801     0.448447
   -0.989442    0.0616025     0.131189
   -0.144883    -0.444212    -0.884129
   0.0203261    -0.900727     0.433909
    -0.98666    0.0520416      0.15425
   -0.161518    -0.431256    -0.887654
    0.018143    -0.949155     0.314286
   -0.982703    0.0410134     0.180591
   -0.184299    -0.312126    -0.931993
 -0.00198985    -0.908348     0.418211
    -0.99065    0.0588413     0.123089
   -0.136416    -0.414056    -0.899972
   0.0234832    -0.960759     -0.27639
   -0.988292    0.0193801    -0.151337
   -0.150754    -0.276708     0.949055
   0.0187193     -0.97217    -0.233528
    -0.99036    0.0140337    -0.137808
    -0.13725    -0.233856     0.962535
   0.0184773    -0.961881    -0.272842
    0.991108    -0.018344     0.131789
    0.131771     0.272851    -0.952989
   0.0388465     0.998247   -0.0446631
    0.992444   -0.0437496    -0.114634
    0.116387    0.0398725     0.992403
   0.0595345    -0.823395     0.564337
    0.990227   -0.0227144    -0.137605
    0.126122     0.567014     0.813995
  -0.0699945    -0.997495   -0.0102283
   -0.991756    0.0706877     -0.10688
   -0.107335  -0.00266299     0.994219
  -0.0446723    -0.908244      0.41605
   -0.993406    0.0844034    0.0775897
   -0.105586     -0.40984    -0.906026
   0.0315002    -0.720668     0.692564
     0.99084    -0.068517    -0.116364
    0.131312     0.689886     0.711909
 -0.00393835    -0.955205    -0.295918
    0.991015   -0.0432901     0.126548
     0.13369     0.292761    -0.946793
    0.444725     0.836786    -0.319388
    0.883362    -0.350874     0.310741
   -0.147958     0.420329     0.895227
   -0.482323    -0.537388    -0.691793
   -0.867766     0.401086     0.293448
    0.119773     0.741852    -0.659781
   -0.471005     -0.48582    -0.736297
   -0.876092     0.355122     0.326117
    0.103041     0.798666    -0.592887
   -0.506727    -0.305319    -0.806231
   -0.857126     0.278799     0.433134
   0.0925326     0.910523    -0.402972
    -0.53083     -0.45012    -0.718061
   -0.839382     0.396084      0.37223
    0.116865     0.800318    -0.588076
   -0.478994    -0.348097    -0.805849
   -0.874377     0.270402     0.402923
   0.0776468     0.897614    -0.433889
   -0.530698    -0.357571    -0.768442
   -0.842274     0.323607     0.431107
   0.0945217     0.876026     -0.47291
   -0.505696    -0.280096    -0.815977
    -0.85893      0.25193     0.445837
   0.0806922     0.926325    -0.367983
   -0.520445    -0.283338    -0.805516
    -0.84872     0.275345     0.451508
   0.0938652     0.918643    -0.383776
   -0.553026    -0.516985    -0.653367
   -0.825433     0.446556     0.345323
    0.113238     0.730283    -0.673694
   -0.540133    -0.303329    -0.785015
   -0.834842     0.310912     0.454281
    0.106274     0.900736    -0.421166
   -0.559532    -0.317514    -0.765577
   -0.819138     0.352548     0.452463
     0.12624     0.880281     -0.45735
   -0.477355    -0.304864     -0.82413
   -0.876215     0.235782     0.420303
     0.06618     0.922748    -0.379678
    0.496163     0.178241    -0.849737
    0.864686    -0.189768     0.465086
  -0.0783558    -0.965514    -0.248279
   -0.472005    -0.240526     -0.84815
   -0.879083     0.200989     0.432222
   0.0665085     0.949606     -0.30631
   -0.449382    -0.403949    -0.796794
    -0.89135      0.26225     0.369758
   0.0595957     0.876385     -0.47791
   -0.447097    -0.312232    -0.838222
   -0.892166     0.223111     0.392762
    0.064384     0.923435    -0.378315
    -0.40745    -0.261511    -0.874984
   -0.911554     0.174449     0.372341
   0.0552685     0.949305     -0.30946
    0.405578      0.17075     -0.89797
    0.911645    -0.146938     0.383814
  -0.0664099    -0.974297    -0.215258
    0.435675    0.0823674    -0.896327
    0.895993    -0.134752     0.423129
  -0.0859301     -0.98745    -0.132509
   -0.387071     0.449109    -0.805281
   -0.918185    -0.107865     0.381184
   0.0843311     0.886942     0.454117
    0.358491      0.11199    -0.926791
    0.931507    -0.108288      0.34723
  -0.0614742    -0.987791     -0.14314
    -0.36042     0.476267    -0.802039
   -0.930084    -0.118043     0.347865
   0.0710008     0.871341     0.485513
   -0.322578     0.598948    -0.732942
   -0.944302    -0.150391     0.292704
   0.0650865     0.786539     0.614101
     0.42041    -0.174544    -0.890387
    0.901406   -0.0316467     0.431817
   -0.103549    -0.984141      0.14403
    0.541579     0.212958    -0.813229
    0.825831    -0.315615     0.467323
   -0.157147    -0.924682    -0.346797
    0.528178      0.11357    -0.841504
    0.838702    -0.224638     0.496102
   -0.132692    -0.967801      -0.2139
    0.495701   -0.0675979    -0.865859
    0.849381    -0.170266      0.49956
   -0.181196    -0.983077   -0.0269848
    0.507084    0.0820906    -0.857979
    0.835419    -0.291658     0.465845
   -0.211995    -0.952993    -0.216475
   -0.485876   0.00164224    -0.874026
   -0.860902     0.171753     0.478903
    0.150904     0.985139   -0.0820371
    0.456772    -0.161503      -0.8748
    0.859214     -0.17466     0.480879
   -0.230456    -0.971293    0.0589859
    0.430802    0.0813761     -0.89877
    0.878502    -0.265708      0.39703
   -0.206502    -0.960613    -0.185957
    0.399707    -0.215504     -0.89095
    0.884336    -0.165116     0.436677
   -0.241216    -0.962442      0.12458
    0.481507   -0.0847767    -0.872333
    0.837312    -0.249585     0.486432
   -0.258959    -0.964635   -0.0491924
    0.424766    -0.295728    -0.855639
    0.862064    -0.156477     0.482038
    -0.27644    -0.942369      0.18847
    0.448545     0.095058    -0.888691
    0.837963    -0.390552     0.381166
   -0.310847     -0.91566    -0.254835
    -0.41906      -0.7552     0.504046
    -0.89129     0.448041   -0.0697228
    0.173179      0.47847     0.860858
    0.383159      -0.2986    -0.874087
     0.89894    -0.097015     0.427195
    -0.21236    -0.949435     0.231251
     -0.3734    -0.736101      0.56456
   -0.910947     0.405985   -0.0731564
    0.175352     0.541601     0.822144
   -0.406096    0.0165598     -0.91368
   -0.900426     0.163369     0.403167
    0.155943     0.986426   -0.0514327
    0.465329     0.142219    -0.873638
    0.874929    -0.223376     0.429653
   -0.134044    -0.964301    -0.228375
    0.449057     0.141195    -0.882276
    0.885582    -0.201524     0.418489
   -0.118711    -0.969253    -0.215536
    0.490762    0.0315009    -0.870724
    0.864412    -0.142955     0.482033
    -0.10929    -0.989228   -0.0973867
    0.507852    0.0969173    -0.855975
    0.853194    -0.193784      0.48426
   -0.118941    -0.976245    -0.181103
    0.474986     0.262401    -0.839961
    0.875499    -0.237256     0.420965
  -0.0888245    -0.935337    -0.342425
   -0.382906    -0.724635     0.572963
   -0.922318      0.33485    -0.192887
   0.0520841     0.602312      0.79656
   -0.396929    -0.647202     0.650828
   -0.915259     0.332335    -0.227717
   0.0689138     0.686064      0.72427
    0.398613     0.879672     0.259392
    0.912987    -0.407433   -0.0212862
  -0.0869601    -0.245307     0.965537
   -0.429592    -0.769541     0.472501
   -0.899781     0.409076    -0.151826
    0.076452     0.490371     0.868154
    -0.42456    -0.616573    -0.663013
   -0.903045      0.34115     0.261009
   0.0652555     0.709545    -0.701632
     0.42983     0.240099    -0.870402
    0.898495    -0.208953     0.386064
  -0.0891794    -0.947993    -0.305542
   -0.437317    -0.453167    -0.776784
   -0.896416      0.28886     0.336151
    0.072049     0.843327    -0.532549
   -0.441523    -0.404327    -0.800985
   -0.894254     0.271191     0.356041
   0.0732622     0.873484    -0.481308
   -0.438001    -0.394649    -0.807717
   -0.896261     0.261465     0.358264
   0.0698013     0.880845     -0.46823
   -0.433201    -0.547798     -0.71572
   -0.899085     0.318249     0.300604
   0.0631072     0.773715    -0.630383
   -0.428242    -0.450124     -0.78358
   -0.900892     0.280517     0.331214
   0.0707201     0.847761    -0.525642
     0.42193     0.552715    -0.718666
    0.903853    -0.318416     0.285764
  -0.0708888    -0.770141    -0.633923
   -0.452772    -0.337136    -0.825431
   -0.888146      0.25225     0.384145
   0.0787062     0.907033    -0.413638
   -0.456936    -0.393955    -0.797501
   -0.887285      0.26509     0.377428
   0.0627197     0.880072     -0.47068
   -0.435301    -0.329572    -0.837792
   -0.894237     0.265965     0.360004
    0.104176     0.905895     -0.41049
    -0.39976    -0.456631    -0.794783
   -0.907558     0.318799     0.273322
    0.128568     0.830576    -0.541862
   -0.398051    -0.713062     0.577147
   -0.911413     0.378936    -0.160417
    0.104314     0.589873      0.80073
   -0.368233    -0.806419     0.462701
   -0.923508     0.374752   -0.0818221
    0.107415     0.457437     0.882731
   -0.366013    -0.771499     0.520407
   -0.920498      0.38235   -0.0805744
    0.136814     0.508525     0.850109
   -0.372769    -0.466512    -0.802128
   -0.924756     0.258145     0.279622
   0.0766181     0.846007    -0.527638
    0.390225    -0.463173     0.795736
    0.917134     0.271739    -0.291587
   -0.081177     0.843581     0.530831
    0.396652     0.440604     0.805317
    0.914869    -0.261783    -0.307384
  -0.0753842    -0.858684     0.506931
   -0.354875    -0.401019     -0.84454
   -0.930574     0.238452       0.2778
   0.0899793     0.884491    -0.457799
    0.363747     0.469781     -0.80436
     0.92622    -0.274205     0.258706
  -0.0990241    -0.839117    -0.534862
   -0.368486    -0.399767    -0.839288
   -0.926571     0.231152     0.296706
   0.0753893     0.886992    -0.455589
   -0.319864    -0.290218     -0.90192
   -0.941819     0.201142     0.269291
    0.103261     0.935583    -0.337671
   -0.325901    -0.470016    -0.820289
   -0.942153     0.233361     0.240604
   0.0783357      0.85125     -0.51888
   -0.292769     0.335119    -0.895534
   -0.952241   -0.0172224     0.304863
    0.086742     0.942019     0.324156
   -0.325177    -0.428139    -0.843182
   -0.938816     0.253183     0.233501
    0.113508     0.867523    -0.484273
    0.293062    -0.304874    -0.906182
    0.950363    -0.010722     0.310958
   -0.104519    -0.952332     0.286598
   -0.292573    0.0130149    -0.956155
   -0.948114     0.126153      0.29183
     0.12442     0.991925   -0.0245693
   -0.338107    -0.256178     -0.90557
   -0.938629     0.161587     0.304738
   0.0682616     0.953028    -0.295089
   -0.296265     0.476311    -0.827862
   -0.952117   -0.0787702     0.295412
   0.0754971     0.875742     0.476841
     -0.3831    -0.373739    -0.844721
   -0.921568     0.216848      0.32201
   0.0628285     0.901829      -0.4275
   -0.423414    -0.385869     -0.81965
   -0.903768     0.242477     0.352716
   0.0626445     0.890118    -0.451404
   -0.409829    -0.369711    -0.833879
   -0.909655     0.233384     0.343597
   0.0675828     0.899358    -0.431957
   -0.435957    -0.339608    -0.833431
   -0.837288     0.492609     0.237246
    0.329985     0.801251    -0.499106
   -0.409413    -0.328692    -0.851083
   -0.864439     0.438073     0.246652
    0.291764     0.836692    -0.463487
   -0.414738    -0.428389    -0.802792
   -0.861664     0.468446     0.195178
    0.292452     0.772685    -0.563409
    0.436663     0.208995    -0.875012
    0.833511    -0.459964     0.306091
   -0.338503    -0.862992    -0.375049
   -0.390898    -0.267879    -0.880591
   -0.885194     0.371604     0.279898
    0.252252     0.888905    -0.382384
   -0.431934    -0.289522    -0.854172
   -0.853596      0.43703     0.283511
    0.291216     0.851576    -0.435903
    0.410054      0.11879    -0.904292
    0.880331    -0.310795     0.358362
    -0.23848    -0.943025    -0.232017
     0.44194     0.170843    -0.880626
    0.872998     -0.30769      0.37842
   -0.206309    -0.936023    -0.285126
   -0.448662    -0.417797    -0.790031
   -0.825775      0.53185       0.1877
    0.341757     0.736601    -0.583627
    0.446103    -0.476411    -0.757644
    0.853114   -0.0295344     0.520887
   -0.270533    -0.878727     0.393258
    0.458553     0.885872    0.0704224
    0.820759    -0.452562     0.348629
   -0.340712     0.102065     0.934611
    0.386791     0.179843    -0.904461
    0.905909     -0.25746     0.336218
   -0.172396    -0.949405    -0.262505
   -0.423506     0.324139    -0.845918
   -0.896838   -0.0183184      0.44198
    0.127767     0.945832     0.298458
    0.393729    -0.167017    -0.903926
    0.916585  -0.00316326     0.399827
  -0.0696372    -0.985949      0.15184
   -0.361889    -0.372792    -0.854437
   -0.924792     0.259048     0.278664
    0.117456     0.891022    -0.438501
    0.365408   -0.0938719    -0.926102
    0.907642    -0.184835     0.376859
   -0.206553    -0.978276    0.0176619
     0.35145     0.130601    -0.927052
    0.922248    -0.218651     0.318826
   -0.161062    -0.967024    -0.197291
    0.364871     0.140827    -0.920346
    0.906076    -0.281158     0.316192
   -0.214234    -0.949272    -0.230186
    0.381096    -0.125417    -0.915989
    0.887714    -0.227184     0.400438
    -0.25832    -0.965742    0.0247556
   -0.353606    -0.295838     -0.88738
    -0.91901      0.28666     0.270643
    0.174309     0.911211    -0.373242
    0.450147     0.871431    -0.194872
    0.830205    -0.328063     0.450704
   -0.328827     0.364667     0.871144
   -0.445548    -0.710417    -0.544788
   -0.858695     0.166985      0.48452
     0.25324    -0.683684     0.684431
   -0.434574    -0.774746    -0.459255
   -0.866204      0.21989     0.448707
    0.246648    -0.592805     0.766647
     0.42398      0.89172    -0.158355
    0.845076    -0.326637     0.423268
   -0.325712     0.313279     0.892058
   -0.430816     0.584123    -0.687894
   -0.886175    -0.129758     0.444811
    0.170564     0.801226     0.573537
   -0.405301    -0.847717    -0.342209
   -0.882541     0.265192     0.388322
    0.238436    -0.459401     0.855628
   -0.415781     0.549681    -0.724553
   -0.896823    -0.115435     0.427063
    0.151109     0.827361     0.540962
    0.390883     0.875375     -0.28448
     0.90992    -0.320901     0.262808
   -0.138766     0.361581     0.921956
    0.406644     0.904119    -0.131184
    0.855191    -0.326193     0.402797
   -0.321386     0.275982     0.905839
    0.382417     0.897913    -0.217968
    0.896954    -0.304103     0.320929
   -0.221882     0.318236      0.92168
    0.384751     0.910491    -0.151569
    0.871711    -0.304444     0.383971
   -0.303458     0.279857      0.91082
   -0.415487    -0.678295    -0.606042
   -0.907326     0.261981     0.328825
   0.0642686      -0.6865     0.724284
   -0.389283    -0.719786    -0.574775
   -0.919949     0.272385     0.281958
   0.0463894    -0.638525     0.768202
   -0.388712     0.373448    -0.842282
   -0.921268    -0.170394     0.349616
  -0.0129566     0.911868      0.41028
   -0.417179     0.613556    -0.670456
   -0.908823    -0.280394     0.308902
  0.00153711     0.738193     0.674588
   -0.429353      0.61024     -0.66578
   -0.897817    -0.208501     0.387882
   0.0978852     0.764287     0.637404
   -0.420429     0.572242    -0.704115
   -0.907282    -0.257588     0.332396
  0.00883989      0.77858     0.627483
   -0.424283     0.427295    -0.798375
   -0.898412   -0.0883094     0.430183
    0.113311     0.899789     0.421355
     -0.4385    -0.682612    -0.584601
   -0.877659     0.185212     0.442054
    0.193476    -0.706921     0.680316
   -0.413152     0.487969     -0.76889
   -0.909629    -0.180931      0.37395
   0.0433605     0.853903     0.518623
   -0.435936    -0.691293    -0.576258
   -0.888404     0.432906     0.152748
   -0.143872    -0.578538     0.802867
   -0.434161     0.599559    -0.672334
    -0.89024    -0.399693     0.218445
   -0.137756     0.693379     0.707283
   -0.418986     0.540969    -0.729248
   -0.898446    -0.363159       0.2468
   -0.131322     0.758596      0.63819
   -0.420292     0.444687    -0.790954
   -0.898572    -0.325194     0.294648
   -0.126187     0.834567      0.53626
   -0.431244      0.53686    -0.725127
   -0.891705    -0.376044       0.2519
   -0.137444      0.75523     0.640887
   -0.409651     0.575726     -0.70762
   -0.907927    -0.332675     0.254944
  -0.0886293     0.746905     0.658998
   -0.413144     0.544679     -0.72982
   -0.904709    -0.337003     0.260635
   -0.103989     0.767954     0.632007
    -0.40489      0.51865    -0.753038
   -0.911723    -0.291568     0.289396
  -0.0694666     0.803736     0.590917
    0.388288   -0.0782505     -0.91821
    0.920551    0.0790314     0.382544
   0.0426332    -0.993796     0.102721
   -0.422703    -0.678655    -0.600624
   -0.898406     0.400904     0.179286
   -0.119119    -0.615388     0.779171
    0.396149    -0.248748     -0.88385
    0.915913     0.174748     0.361339
   0.0645689    -0.952674     0.297058
   -0.406801      0.45353    -0.792984
    -0.90957     -0.28169     0.305504
  -0.0848203     0.845554     0.527109
   -0.402703     0.475999    -0.781828
   -0.914944    -0.234146     0.328713
  -0.0265941     0.847703     0.529804
    0.384786     0.117519    -0.915494
    0.923004   -0.0511973      0.38137
 -0.00205277     -0.99175     -0.12817
   -0.409838     0.514229    -0.753393
   -0.910847    -0.274987     0.307799
  -0.0488941     0.812373     0.581084
   -0.403202     0.609607      -0.6825
   -0.913073    -0.317737     0.255617
  -0.0610297     0.726238     0.684729
   -0.407368     0.438958    -0.800854
   -0.907052    -0.296576      0.29883
    -0.10634      0.84815     0.518973
   -0.400987     0.628992    -0.666017
   -0.909901     -0.35779     0.209922
   -0.106255     0.690185      0.71579
   -0.389145     0.516914    -0.762474
   -0.918054    -0.285716     0.274849
   -0.075778     0.806949      0.58574
   -0.415519    -0.694266    -0.587655
   -0.900138     0.406733     0.155947
    -0.13075     -0.59377     0.793941
     0.38162    -0.340479    -0.859325
    0.923495     0.179692     0.338921
   0.0390184    -0.922922     0.383005
   -0.363463     0.282766    -0.887659
   -0.931532    -0.122554     0.342388
  -0.0119704     0.951328     0.307949
   -0.357777  -0.00331982    -0.933801
   -0.933492    0.0272521     0.357562
    0.024261     0.999623   -0.0128492
   -0.375393     -0.39717    -0.837458
   -0.926862     0.158362     0.340364
 -0.00256118     0.903979     -0.42757
    0.346358    0.0576877    -0.936327
    0.935966    -0.088567     0.340768
  -0.0632695    -0.994398   -0.0846696
   -0.360608    -0.396643    -0.844178
   -0.931098     0.206393     0.300762
   0.0549376      0.89447    -0.443741
   -0.349009    -0.662596     0.662691
    -0.93259     0.315016    -0.176183
   0.0920203     0.679508     0.727874
   -0.375052    -0.646069     0.664779
   -0.926533     0.284095    -0.246629
   0.0295205     0.708439     0.705155
   -0.347048    -0.679565     0.646335
   -0.928179     0.347579    -0.132934
    0.134315     0.646049     0.751385
   -0.345076    -0.707637     0.616581
   -0.932045     0.335714    -0.136337
    0.110518     0.621728     0.775396
   -0.360478    -0.666198     0.652867
   -0.930542     0.305168    -0.202396
   0.0643981      0.68048     0.729931
    0.363489     0.302355    -0.881168
    0.931591    -0.121901      0.34246
 -0.00387013    -0.945368    -0.325981
    -0.66112   -0.0159741     -0.75011
   -0.582737      0.64067      0.49996
    0.472587      0.76765    -0.432869
   -0.674271    -0.300703     -0.67449
   -0.570932     0.791568     0.217847
    0.468397     0.531975    -0.705412
   -0.671109    -0.235119    -0.703088
   -0.616821     0.703201     0.353609
    0.411272      0.67099    -0.616951
    0.675861     0.151706    -0.721246
    0.620896    -0.644462      0.44627
   -0.397114    -0.749436    -0.529761
   -0.674372    -0.195311    -0.712092
   -0.581584     0.734692     0.349267
    0.454952     0.649678    -0.609046
   -0.665639    -0.281642    -0.691088
     -0.6575     0.659382     0.364567
    0.353013      0.69706     -0.62409
   -0.672716    -0.257574     -0.69362
   -0.614683      0.71636     0.330141
    0.411846     0.648448    -0.640233
    -0.66553    -0.338099    -0.665401
   -0.652937     0.695639       0.2996
