   0.0181636    -0.902762     0.429756
   -0.998728   -0.0366046   -0.0346819
   0.0470406    -0.428579    -0.902279
  -0.0210507    -0.886206     0.462812
   -0.998701  -0.00284143   -0.0508662
    0.046393    -0.463282    -0.884996
  -0.0704342    -0.863957     0.498615
   -0.996648    0.0400979   -0.0713079
   0.0416136    -0.501966    -0.863886
    -0.10506    -0.867163     0.486817
   -0.993592    0.0710149   -0.0879299
   0.0416783    -0.492936    -0.869067
   -0.147745    -0.944696     0.292781
    -0.98764     0.125259   -0.0942242
   0.0523397    -0.303083    -0.951526
    0.139087     0.989049   -0.0493641
    0.989844    -0.137373    0.0365848
  -0.0294028    0.0539512     0.998111
   -0.167868    -0.485095    -0.858198
   -0.985273     0.111275     0.129826
   0.0325185     0.867353     -0.49663
    -0.16653    -0.894368     0.415179
   -0.985157     0.133137    -0.108351
   0.0416296     -0.42706    -0.903264
   -0.169469    -0.851068    -0.496953
   -0.985367     0.136998     0.101407
   0.0182228    -0.506867     0.861832
   -0.166633     -0.87346     0.457494
   -0.985322     0.130067    -0.110557
   0.0370626    -0.469201    -0.882313
   -0.164256    -0.786835    -0.594904
   -0.986407     0.133814    0.0953659
 -0.00456935    -0.602482      0.79812
   -0.161058    -0.878306     0.450154
   -0.986587     0.130989   -0.0974096
   0.0265902    -0.459805    -0.887622
    0.164001     0.980543    -0.107884
    0.970922    -0.141114     0.193383
   -0.174396     0.136462     0.975174
    0.214003     0.974817   -0.0627215
    0.953542    -0.194531     0.230033
   -0.212039     0.109035     0.971159
   -0.169749    -0.918871    -0.356175
   -0.967533    0.0867155     0.237403
    0.187257     -0.38491     0.903758
   -0.215479    -0.707288    -0.673284
   -0.952364 -0.000157866     0.304962
    0.215803    -0.706925     0.673562
    0.247735     0.957994     0.144481
    0.940784    -0.273495     0.200315
   -0.231415   -0.0863001      0.96902
   -0.185544    -0.869338    -0.458066
   -0.963772    0.0700961     0.257354
    0.191619    -0.489221     0.850849
    0.244679     0.889144    -0.386724
    0.942193    -0.123865     0.311336
   -0.228921     0.440546     0.868052
   -0.220192    -0.874783     -0.43159
   -0.952365    0.0970923     0.289091
    0.210987    -0.474687     0.854492
   -0.237542     0.534472    -0.811119
   -0.946921     0.058785     0.316047
      0.2166      0.84314     0.492138
   -0.262468    -0.812927    -0.519866
   -0.935153    0.0814633      0.34475
    0.237907     -0.57664     0.781592
   -0.256014    -0.553128    -0.792784
   -0.939319     0.336061    0.0688639
    0.228334     0.762307      -0.6056
    0.264456     0.637019    -0.724064
    0.936385    -0.349251    0.0347387
   -0.230751     -0.68719    -0.688857
   -0.189067     -0.88287    -0.429877
   -0.963448    0.0821699     0.254983
    0.189794    -0.462373     0.866135
   -0.212627    -0.830788    -0.514375
   -0.956567    0.0695425     0.283096
    0.199422    -0.552228     0.809491
    0.185499    -0.662787    -0.725468
     0.96692  -0.00843279     0.254941
   -0.175089    -0.748761     0.639297
   -0.139997    -0.872117    -0.468841
   -0.976975    0.0446765     0.208622
    0.160997    -0.487253     0.858292
     0.13923     0.947169    -0.288938
    0.976164     -0.08222     0.200858
    -0.16649     0.310017      0.93604
   0.0955366     0.977134    -0.189955
    0.985446   -0.0658861     0.156704
   -0.140605     0.202161     0.969206
   0.0930136     0.995335   -0.0256326
    0.985912   -0.0884775      0.14195
   -0.139019    0.0384748     0.989542
    -0.13028    -0.939393    -0.317124
   -0.977508    0.0681947      0.19957
    0.165848    -0.335991     0.927149
   0.0830379     0.990109     0.113086
    0.987885   -0.0967132     0.121365
   -0.131102    -0.101638     0.986145
  -0.0385717    -0.943618    -0.328781
    -0.99283  -0.00106429     0.119531
    0.113141    -0.331034     0.936811
   0.0347535      0.99879    0.0347949
    0.993998   -0.0381586     0.102531
   -0.103734   -0.0310227     0.994121
 -0.00812682    -0.996247   -0.0861764
    0.996393 -0.000788175   -0.0848526
  -0.0844662    0.0865552     -0.99266
    0.127173     0.991238    -0.035693
    0.980028    -0.120025     0.158553
    -0.15288    0.0551437     0.986705
   -0.249427    -0.543599    -0.801428
   -0.945993     0.313748    0.0816078
    0.207085       0.7785    -0.592498
   -0.249903    -0.471622    -0.845648
   -0.945428     0.307437      0.10793
    0.209081     0.826471    -0.522714
    0.229375     0.270855    -0.934893
    0.956904    -0.238508     0.165675
   -0.178106    -0.932604    -0.313891
   -0.222492    -0.351623    -0.909318
   -0.959461     0.244483     0.140222
    0.173007     0.903653    -0.391764
    -0.23314    -0.371042    -0.898873
   -0.955825      0.25759     0.141582
    0.179008     0.892174    -0.414706
   -0.205589    -0.463727    -0.861795
   -0.968076     0.225396     0.109659
    0.143393     0.856828    -0.495262
    0.208481      0.13623    -0.968492
    0.967496    -0.173648     0.183841
   -0.143132     -0.97534    -0.168004
   -0.183577    -0.482631    -0.856369
   -0.978001     0.177462     0.109637
   0.0990587     0.857657    -0.504591
    0.188522     0.266296    -0.945276
    0.973058    -0.180739     0.143146
   -0.132728    -0.946795    -0.293195
   -0.170763    -0.570702    -0.803206
   -0.980766      0.17667    0.0829838
   0.0945432     0.801927    -0.589893
   -0.156668    -0.381394     -0.91104
   -0.983432     0.145416     0.108241
   0.0911974     0.912904    -0.397857
   -0.215161    -0.535474    -0.816684
   -0.966826     0.234687     0.100841
    0.137667     0.811289    -0.568206
   -0.193882    -0.657121     0.728424
   -0.976669     0.199187   -0.0802678
   0.0923467     0.726991     0.680408
   -0.203364    -0.405234    -0.891307
   -0.975283     0.164182     0.147878
   0.0864117      0.89935    -0.428606
   -0.216481    -0.369066     -0.90384
   -0.967912      0.20214     0.149287
    0.127605     0.907155    -0.400983
   -0.231836    -0.306518      -0.9232
   -0.957161     0.241133     0.160304
    0.173478     0.920816     -0.34929
    0.223463     0.209305    -0.951975
    0.961821    -0.205668     0.180555
      -0.158    -0.955977    -0.247273
   -0.234945    -0.490059     -0.83943
   -0.952322     0.288982    0.0978344
    0.194635     0.822394    -0.534589
   -0.245552    -0.553522    -0.795813
   -0.947469     0.310612    0.0763022
    0.204954     0.772744    -0.600716
     0.21475     0.199385      -0.9561
    0.960619    -0.219863     0.169915
   -0.176333    -0.954938    -0.238749
   -0.183414     -0.91755     0.352792
   -0.981506     0.150919    -0.117765
    0.054812    -0.367867    -0.928262
   -0.183882    -0.908668     0.374845
    -0.98017     0.140857    -0.139374
   0.0738457    -0.393041    -0.916551
   -0.194539    -0.845294    -0.497628
   -0.975383        0.113     0.189362
    0.103835    -0.522216     0.846468
   -0.167659    -0.899672     0.403089
   -0.983265     0.123042    -0.134351
   0.0712753    -0.418868    -0.905245
   -0.168936     -0.92062    -0.352022
   -0.980106     0.119161     0.158722
    0.104175    -0.371833     0.922436
   -0.137481    -0.966985     0.214569
   -0.985252     0.111227    -0.130024
    0.101865     -0.22928    -0.968016
   -0.130108     -0.91617     0.379083
   -0.989534    0.0959233    -0.107798
   0.0623989    -0.389141    -0.919062
    0.189805     0.276025    -0.942223
    0.970307    -0.199282     0.137082
    -0.14993    -0.940264    -0.305654
   -0.147949    -0.761023    -0.631629
   -0.978296    0.0189256     0.206348
    0.145082    -0.648449     0.747306
    0.210345     0.254704    -0.943865
    0.967753    -0.191118     0.164095
   -0.138594    -0.947945    -0.286691
   -0.216863     -0.43204    -0.875392
   -0.969876     0.197279     0.142905
    0.110956     0.880013    -0.461808
   -0.209718    -0.453221    -0.866377
   -0.974045      0.17403     0.144742
   0.0851751     0.874245    -0.477955
   -0.208777    -0.291759    -0.933428
    -0.97648     0.114731     0.182545
   0.0538337     0.949586    -0.308851
   -0.208945    -0.287966    -0.934568
   -0.975036     0.134783     0.176462
   0.0751491     0.948108     -0.30894
   -0.188905    -0.855153      0.48273
   -0.981565     0.149877    -0.118606
   0.0290759    -0.496236      -0.8677
  -0.0927564    -0.890953     0.444521
    -0.99422    0.0586351   -0.0899377
   0.0540658    -0.450293    -0.891242
  -0.0403187    -0.911086     0.410239
   -0.998081    0.0174138   -0.0594186
   0.0469916    -0.411848     -0.91004
  -0.0523998    -0.940368     0.336099
   -0.995275    0.0216298   -0.0946515
   0.0817375    -0.339471    -0.937059
     0.01403    -0.881642     0.471711
    -0.99904   -0.0319442   -0.0299905
   0.0415092    -0.470837    -0.881243
 -0.00222133    -0.726713     0.686938
   -0.997746   -0.0444561   -0.0502566
   0.0670607    -0.685501    -0.724976
   0.0458633    -0.705852     0.706873
   -0.997547    -0.069815  -0.00499125
   0.0528734    -0.704911    -0.707323
    0.054891    -0.905098     0.421645
   -0.997735   -0.0661654   -0.0121418
   0.0388879    -0.420024     -0.90668
  0.00407176    -0.990633     -0.13649
    0.996347    0.0156621   -0.0839512
  -0.0853025     0.135649    -0.987078
    0.044358     0.997437    0.0561333
   -0.997323    0.0474822    -0.055606
   0.0581288    0.0535164    -0.996874
   0.0515498     0.979855    -0.192942
    0.992783   -0.0293332     0.116281
   -0.108279     0.197544     0.974296
     0.11595     0.961968    -0.247331
     0.98518   -0.0796985      0.15188
   -0.126392     0.261276     0.956953
   -0.103486    -0.971915     0.211356
   -0.989837     0.079797    -0.117707
   0.0975355    -0.221389    -0.970296
   -0.123031    -0.451865    -0.883562
   -0.991643    0.0908063    0.0916414
   0.0388234     0.887453    -0.459261
   -0.127687    -0.502005    -0.855387
     -0.9909     0.101601    0.0882881
    0.042587     0.858876     -0.51041
   0.0898697     0.203636    -0.974913
    0.995903   -0.0084763    0.0900341
   0.0100705     -0.97901    -0.203563
   0.0846297     0.245868    -0.965602
    0.996352   -0.0102031    0.0847268
   0.0109795     -0.96925    -0.245835
   0.0994313     0.164524    -0.981349
    0.995001  -0.00727601    0.0995947
  0.00924541    -0.986346    -0.164425
   0.0621182     0.969802      0.23585
     0.99579   -0.0442624   -0.0802669
   0.0674038    -0.239843     0.968469
   0.0586153    -0.921897     0.382975
    0.995154    0.0236212   -0.0954499
   0.0789486     0.386714     0.918814
   0.0427805     -0.54475     0.837506
    0.992442   -0.0733338   -0.0983943
    0.115018     0.835386     0.537496
  -0.0613863      0.30867    -0.949186
   -0.996376   -0.0750546    0.0400308
  -0.0588844     0.948203     0.312159
   0.0417621    -0.750703     0.659319
    0.992825   -0.0428248    -0.111647
    0.112049     0.659251     0.743528
  -0.0477286     0.306905    -0.950543
   -0.994018    -0.108181    0.0149829
  -0.0982324     0.945572     0.310232
   0.0703548    -0.891067     0.448386
    0.994349     0.026825    -0.102712
    0.079495     0.453078     0.887919
   0.0396233    -0.931143    -0.362495
    0.991279  -0.00899957     0.131471
    0.125681     0.364543    -0.922666
  -0.0527347    -0.754462     0.654222
   -0.990855    -0.041947    -0.128244
   -0.124198     0.655002     0.745351
   0.0981119     0.967459     0.233233
    0.992511   -0.0779869   -0.0940175
   0.0727689    -0.240711     0.967865
    0.119886     0.974451      0.18993
     0.99257    -0.113643   -0.0434666
   0.0207718     -0.19373     0.980835
   -0.137926     -0.86859     0.475949
   -0.990203     0.110352   -0.0855648
  -0.0217988     0.483088       0.8753
   -0.156303    -0.599966    -0.784608
   -0.986914     0.126737    0.0996924
   0.0396269     0.789923    -0.611924
    0.146218     0.239295    -0.959874
    0.988177   -0.0805657     0.130445
  -0.0461182    -0.967599    -0.248246
   -0.171841    -0.371617    -0.912344
   -0.984452    0.0989948       0.1451
   0.0363957     0.923093    -0.382851
    0.045383    -0.228411     0.972506
    0.989589    -0.122816   -0.0750259
    0.136577     0.965787     0.220459
  -0.0305331    -0.593285     0.804413
   -0.986635     0.146763    0.0707938
   -0.160059    -0.791501    -0.589837
  -0.0328864     0.347833    -0.936979
   -0.982556    -0.182941   -0.0334267
   -0.183038     0.919535     0.347782
   0.0449475    -0.197272    -0.979318
    0.984212     0.176732   0.00957146
    0.171189    -0.964287     0.202102
   0.0126998    -0.695646     0.718273
    0.981158    -0.129827    -0.143085
    0.192787     0.706557      0.68089
   0.0377953     0.997817    0.0541478
    0.976966   -0.0255083    -0.211867
    0.210023   -0.0609081     0.975797
   0.0157268     0.996134    0.0864222
    0.974496   0.00408034    -0.224367
    0.223853   -0.0877467     0.970665
   0.0356698     0.998539   -0.0405986
    0.970116   -0.0443535    -0.238552
    0.240004    0.0308762     0.970281
   0.0561534    -0.260952    -0.963717
     0.97816     0.207852  0.000713418
    0.200124     -0.94271     0.266925
   0.0508094     0.984001    -0.170764
    0.971389   -0.0884106    -0.220424
    0.231995     0.154678      0.96034
  -0.0568522     -0.37523     0.925186
   -0.973477     0.226529    0.0320543
   -0.221609    -0.898825    -0.378157
 -0.00583762    -0.989892      -0.1417
    0.972484   -0.0386224     0.229747
    0.232897      0.13646     -0.96288
  -0.0105597    -0.995519   -0.0939753
   -0.968372    0.0336107    -0.247239
   -0.249289   -0.0883922     0.964387
  -0.0175557    -0.990789    -0.134275
    0.966214   -0.0513502     0.252576
    0.257144     0.125304    -0.958215
  -0.0236368    -0.955565     -0.29383
    0.970665   -0.0922811     0.222024
    0.239273     0.279962    -0.929715
 -0.00224432     -0.49272     0.870185
    0.979866    -0.174812   -0.0964556
    0.199644     0.852448     0.483192
 -0.00978383    -0.695847     0.718124
    0.978256     -0.15545      -0.1373
    0.207172     0.701165     0.682237
   0.0062906    -0.935244    -0.353947
    0.985831   -0.0535324     0.158971
    0.167625     0.349932    -0.921656
   0.0160163     0.998136    0.0588822
    0.986398  -0.00613792     -0.16426
    0.163592   -0.0607122     0.984658
  0.00555563    -0.108395     0.994092
     0.98586    -0.165902   -0.0235995
     0.16748     0.980167     0.105941
   0.0317853    -0.757945     0.651543
   -0.970284     0.133047      0.20211
   -0.239874    -0.638606    -0.731193
   0.0098767    -0.815235    -0.579046
    0.975129     -0.12037     0.186101
    0.221416     0.566483    -0.793771
  -0.0108362     -0.88139    -0.472265
    0.972765    -0.118653     0.199122
     0.23154     0.457245    -0.858671
   0.0295154    -0.698874     0.714636
    0.979735    -0.121473    -0.159258
     0.19811     0.704855     0.681126
   0.0510198    -0.717201     0.694996
    0.980304   -0.0969815    -0.172044
    0.190792     0.690085     0.698127
 9.89527e-05    -0.974811    -0.223034
    0.978238   -0.0461821     0.202281
    0.207486     0.218201    -0.953592
    -0.06401    -0.948478      0.31031
   -0.984219   0.00859698    -0.176745
   -0.164971     0.316726      0.93406
   0.0412773    -0.873431     0.485195
    0.984003   -0.0486931    -0.171368
    0.173304     0.484507     0.857449
  -0.0920207    -0.932126     0.350247
    -0.98871    0.0437583    -0.143309
   -0.118256      0.35948     0.925629
    0.078596     0.977954    -0.193467
    0.982887     -0.10845    -0.148904
    0.166602     0.178453     0.969741
   -0.110092    -0.862812     0.493392
   -0.985568     0.030542    -0.166503
   -0.128591     0.504602     0.853722
   -0.116613    -0.937926     0.326643
   -0.986256      0.14812    0.0732155
   -0.117053    -0.313616    -0.942308
  -0.0105218    -0.977416    -0.211062
   -0.984066    0.0475868    -0.171315
    -0.17749    -0.205896     0.962343
  -0.0749769    -0.334378    -0.939452
   -0.989519   -0.0916445     0.111592
   -0.123409     0.937973    -0.324002
 -0.00965025    -0.823729     0.566901
    0.978621    -0.124257    -0.163891
    0.205443       0.5532     0.807318
  -0.0326348    -0.973929    -0.224495
     0.97006   -0.0849506     0.227524
    0.240663     0.210349    -0.947541
   0.0297845     0.998798     0.038918
   -0.970667    0.0196085     0.239628
   -0.238577    0.0449137    -0.970084
   0.0452303     -0.97251    -0.228425
   -0.965372    0.0162577    -0.260369
   -0.256926    -0.232292     0.938099
  -0.0363296     0.999331  -0.00410645
    0.965186    0.0361528     0.259055
     0.25903   0.00544789    -0.965854
   0.0436771    -0.880938     0.471212
   -0.967101    0.0810366      0.24114
   -0.250615    -0.466242    -0.848416
    -0.14614    -0.915495     0.374849
   -0.986798     0.161643    0.0100648
  -0.0698058    -0.368429    -0.927031
    -0.15486    -0.787837    -0.596097
   -0.984884     0.170503    0.0305168
  -0.0775941    -0.591813     0.802332
   -0.172725     0.532326    -0.828731
    -0.98441    -0.121672     0.127017
  -0.0332188      0.83775     0.545043
   -0.160977    -0.849206     0.502927
   -0.986211     0.158224   -0.0485021
  -0.0383865      -0.5038    -0.862967
    0.169306      0.64326    -0.746694
    0.984869   -0.0819798     0.152686
   0.0370029    -0.761246    -0.647406
   -0.194243    -0.935998     -0.29356
   -0.980917     0.182745    0.0663847
  0.00848937    -0.300853     0.953633
    0.196949     0.204917     -0.95876
    0.980356   -0.0518124     0.190311
  -0.0106776    -0.977407    -0.211096
   -0.163944    -0.857536       0.4876
   -0.986374     0.149402   -0.0688937
  -0.0137694    -0.492251    -0.870345
   -0.187315    -0.486974    -0.853094
   -0.982021     0.113518     0.150824
    0.023394     0.866008    -0.499483
   -0.150101    -0.780002     0.607509
   -0.988268      0.10083    -0.114718
  -0.0282254     0.617601     0.785985
     0.11087     0.730794     0.673534
    0.990663   -0.0271597    -0.133604
   0.0793441    -0.682057     0.726982
   -0.135244    -0.621475    -0.771672
   -0.987429    0.0202333     0.156763
   -0.081811     0.783172    -0.616399
    -0.16342    -0.792141     0.588053
   -0.986444     0.140221   -0.0852478
  -0.0149292    -0.594013    -0.804317
   -0.158201    -0.920622     0.356971
   -0.986271     0.164668   -0.0124148
  -0.0473524    -0.354034    -0.934033
   -0.155683    -0.786716     0.597361
   -0.986268     0.157539   -0.0495628
  -0.0551158    -0.596874    -0.800439
   -0.141631    -0.920934     0.363071
    -0.98728     0.158174    0.0160799
  -0.0722368    -0.356175    -0.931623
   -0.142859    -0.861321     0.487563
   -0.986578     0.163291 -0.000605986
  -0.0790928    -0.481105    -0.873088
   -0.117701    -0.887755     0.445014
   -0.987927     0.150135    0.0382071
   -0.100731    -0.435144    -0.894708
    -0.11502    -0.933102     0.340722
   -0.988469     0.141515     0.053869
  -0.0984824    -0.330597     -0.93862
   -0.120543    -0.904074    -0.410024
   -0.987281     0.152309   -0.0455787
   -0.103657    -0.399315     0.910935
  -0.0822937    -0.895647     0.437087
   -0.985386     0.138755     0.098801
   -0.149139    -0.422569    -0.893976
  -0.0556322    -0.929408     0.364837
   -0.982755     0.115508     0.144396
   -0.176344    -0.350512    -0.919806
  -0.0589224    -0.925823     0.373336
   -0.985125     0.114403     0.128224
   -0.161424    -0.360227    -0.918792
  -0.0219153     -0.79962     0.600106
   -0.977954     0.141828     0.153267
   -0.207667    -0.583517      -0.7851
  -0.0325044    -0.985167      0.16849
   -0.982822    0.0621477     0.173777
   -0.181671    -0.159948    -0.970264
  0.00169976    -0.889358    -0.457208
   -0.979178    0.0913318    -0.181299
   -0.202997    -0.447996     0.870685
   0.0163354    -0.769793     0.638084
   -0.973498     0.133348     0.185795
   -0.228112    -0.624209    -0.747214
  -0.0195698    -0.899725     0.436018
   -0.986342    0.0887101     0.138784
   -0.163546    -0.427347    -0.889172
   0.0129491    -0.895542     0.444789
   -0.984223    0.0670835      0.16372
   -0.176456    -0.439892    -0.880544
  0.00302436    -0.992703     -0.12055
   -0.986921    0.0164666     -0.16036
   -0.161174    -0.119458      0.97967
  -0.0425522    -0.945805     0.321934
   -0.985845    0.0920508     0.140129
   -0.162169    -0.311415    -0.936334
  -0.0718369    -0.920554     0.383954
   -0.986713     0.121834     0.107493
   -0.145731     -0.37113    -0.917074
  -0.0897016    -0.879817     0.466771
   -0.984104    0.0061724    -0.177486
   -0.153274     0.475272     0.866385
   -0.107093    -0.849039     0.517362
   -0.984804     0.162139    0.0622325
   -0.136723    -0.502835    -0.853501
  -0.0923681     -0.96611      0.24104
   -0.986553     0.121577     0.109239
   -0.134842    -0.227708    -0.964348
   0.0608658    -0.834314     0.547919
    0.985425   -0.0371331    -0.166009
    0.158849     0.550037     0.819894
 -0.00706345    -0.917632    -0.397368
   -0.988769    0.0657327    -0.134219
   -0.149284    -0.391957     0.907791
   -0.469166     0.585747    -0.660896
   -0.875177    -0.208307     0.436661
    0.118104     0.783268     0.610363
   -0.525866    -0.630168     0.571274
   -0.845859     0.458016    -0.273392
   0.0893696     0.626985     0.773888
    -0.50273    0.0164629    -0.864287
   -0.861699    0.0700655     0.502559
   0.0688302     0.997407    -0.021038
   -0.551165    -0.539587    -0.636446
   -0.832026     0.412869     0.370503
   0.0628501     0.733747    -0.676509
   -0.576019    -0.630482     0.520283
   -0.813621     0.503624    -0.290488
   0.0788791      0.59064     0.803071
   -0.526291    -0.703956     0.476932
   -0.848902     0.467194    -0.247174
   0.0488198     0.534954      0.84347
    0.567882     0.764882    -0.304083
    0.820128    -0.494377     0.288066
  -0.0700053     0.412974     0.908048
    -0.54547    -0.837748   -0.0252988
   -0.836289     0.542024    0.0826515
   0.0555286   -0.0662411     0.996257
   -0.533455    -0.672753     0.512668
     -0.8412       0.4853    -0.238469
   0.0883671     0.558469     0.824805
   -0.581062    -0.715134     0.388523
   -0.809188     0.558723    -0.181781
   0.0870783     0.420014      0.90333
    0.546317   -0.0940833    -0.832277
    0.830822   -0.0650891      0.55272
   -0.106174    -0.993434    0.0426072
    0.560673    -0.122387    -0.818942
    0.819233   -0.0618478     0.570116
   -0.120425    -0.990553    0.0655875
   -0.524995     0.393177    -0.754846
   -0.850109    -0.199343     0.487418
   0.0411677     0.897594     0.438897
    0.516648     0.166418    -0.839869
    0.853615    -0.176255     0.490179
  -0.0664563    -0.970175    -0.233119
    0.507712    -0.241844    -0.826886
     0.86045    0.0943725     0.500718
  -0.0430603    -0.965715     0.256009
    0.500122    -0.168123    -0.849478
    0.865332    0.0598128     0.497617
  -0.0328512     -0.98395     0.175396
    -0.48546     -0.28748    -0.825642
   -0.873567     0.197069     0.445021
   0.0347736     0.937294    -0.346802
    0.457441     0.168094    -0.873208
    0.888591    -0.123923     0.441644
  -0.0339727    -0.977951    -0.206055
    0.428865    0.0600245    -0.901372
    0.902348   -0.0758897     0.424275
  -0.0429379    -0.995308   -0.0867094
    0.467382     0.281865    -0.837918
    0.882147    -0.210935     0.421097
  -0.0580534     -0.93598    -0.347234
    -0.39137    -0.310318    -0.866333
   -0.917153       0.2085     0.339644
   0.0752328     0.927486     -0.36621
   -0.393927    -0.392651    -0.831051
   -0.918257     0.207781     0.337092
   0.0403171     0.895909    -0.442405
    0.347789     0.249824    -0.903676
    0.936269    -0.143357     0.320701
  -0.0494297     -0.95762    -0.283761
   -0.319253    -0.381343    -0.867557
   -0.945804     0.185633     0.266451
    0.059438     0.905604    -0.419939
   -0.442193    -0.491661    -0.750156
   -0.891606     0.331867     0.308064
    0.097489     0.805068    -0.585117
   -0.524052     0.469819     -0.71038
   -0.835245    -0.120404     0.536534
    0.166541     0.874513     0.455512
    0.511763   -0.0521184    -0.857544
    0.845604    -0.145847     0.513501
   -0.151833    -0.987933   -0.0305675
    0.463662     0.870058      0.16738
    0.862912    -0.486299     0.137465
   -0.200999   -0.0806965     0.976262
   -0.480815     -0.64442     0.594592
   -0.845967      0.51925    -0.121325
    0.230557      0.56134     0.794821
    0.444424     0.225685    -0.866922
    0.877834    -0.302649      0.37123
   -0.178592    -0.925997    -0.332619
    0.421624   -0.0986367     -0.90139
    0.871752    -0.229495     0.432874
   -0.249562    -0.968299   -0.0107741
   -0.400494    -0.214439    -0.890854
    -0.88849     0.328588     0.320337
    0.224031     0.919808    -0.322125
     0.36386    -0.123138    -0.923278
    0.893611    -0.233517     0.383313
   -0.262801    -0.964524    0.0250699
    0.446401      0.81715     0.364681
    0.849362    -0.515194     0.114716
   -0.281621    -0.258537     0.924039
    0.388439     0.189002    -0.901883
    0.870082     -0.39752     0.291437
   -0.303435    -0.897918    -0.318859
    0.417514    -0.238836    -0.876721
    0.847275     -0.24631     0.470591
   -0.328339    -0.939302    0.0995223
     0.38646    -0.212775    -0.897427
    0.902789    -0.111845     0.415287
   -0.188735    -0.970679     0.148868
    0.340635    -0.238333    -0.909486
    0.911919    -0.151705       0.3813
    -0.22885    -0.959262     0.165664
    0.329015     0.354723    -0.875169
     0.92475    -0.308748     0.222513
   -0.191276    -0.882522    -0.429613
   -0.378644     0.403676    -0.832871
   -0.911881  -0.00866809     0.410363
    0.158434     0.914861     0.371387
    0.437358    -0.149041    -0.886851
    0.887761   -0.0858353     0.452231
   -0.143524    -0.985099    0.0947719
    0.433463    -0.315252    -0.844231
    0.893663    0.0296912     0.447756
    -0.11609    -0.948543     0.294599
   -0.472966    -0.700039     0.535022
   -0.873759     0.450782    -0.182597
    0.113353     0.553842      0.82487
    0.492589     0.234076    -0.838191
    0.860574    -0.274331     0.429132
   -0.129492    -0.932712    -0.336572
     0.48255    -0.233796    -0.844088
    0.872753    0.0471439      0.48588
  -0.0738031    -0.971142     0.226796
     0.33788     0.459663    -0.821308
    0.935892    -0.256542     0.241439
  -0.0997189    -0.850233    -0.516875
   -0.368556    -0.511429    -0.776277
   -0.923817     0.294542     0.244554
    0.103574      0.80727    -0.581022
   -0.364518    -0.815698    -0.449181
   -0.924657     0.259994     0.278232
    0.110169    -0.516759     0.849013
   -0.416305    -0.711584    -0.565985
   -0.905075     0.264913     0.332657
   0.0867761    -0.650745     0.754321
    0.409885     0.315977     -0.85566
    0.907732    -0.233384     0.348645
  -0.0895336    -0.919614    -0.382483
    0.417188     0.855087    -0.307864
    0.903816    -0.354862     0.239143
  -0.0952389      0.37802     0.920886
   -0.447461    -0.646719     0.617684
   -0.892002     0.372274    -0.256409
   0.0641234     0.665708     0.743452
   -0.451846    -0.759508     0.467956
   -0.889585     0.422936    -0.172522
   0.0668833      0.49424     0.866749
    0.475402    0.0640088    -0.877437
    0.878474   -0.0886225     0.469499
  -0.0477086    -0.994007   -0.0983614
   -0.437966    -0.466284    -0.768613
   -0.896308     0.292493     0.333286
   0.0694083     0.834882    -0.546036
   -0.468514    -0.548042    -0.692925
   -0.882226     0.331602      0.33424
   0.0465976     0.767913    -0.638858
   -0.457564    -0.400224    -0.794012
   -0.887587     0.258946     0.380966
   0.0531347     0.879072    -0.473718
     0.45783     0.218421    -0.861791
    0.885832    -0.194349     0.421344
  -0.0754577    -0.956306    -0.282463
   -0.485956    -0.329997    -0.809289
   -0.872676     0.233832     0.428671
   0.0477771     0.914563    -0.401613
    0.424168     0.870988     0.247913
    0.899961    -0.435891   -0.0083842
   -0.100761    -0.226669     0.968746
    0.370623        0.921     0.119992
    0.918461     -0.38264     0.100083
    -0.13809   -0.0731146     0.987717
    0.365248     0.883255    -0.294031
    0.922195    -0.300186     0.243813
   -0.127086     0.360206     0.924176
   -0.321275    -0.870367     0.373153
   -0.936016     0.351665    0.0143606
    0.143724     0.344663     0.927659
    0.320883   -0.0796405    -0.943765
    0.932025    -0.150635     0.329603
   -0.168414    -0.985376    0.0258907
     -0.3295     -0.75993       0.5603
   -0.936515     0.338407   -0.0917649
    0.119874     0.554966     0.823191
   -0.449694    -0.442832    -0.775677
   -0.891617     0.273964     0.360504
   0.0528649     0.853723    -0.518036
   -0.451012    -0.638044     0.624089
   -0.891414     0.356789    -0.279433
   0.0443771      0.68235     0.729678
   -0.404467    -0.317964    -0.857499
   -0.911958     0.210804     0.351987
   0.0688453      0.92437    -0.375233
   -0.401443    -0.414082    -0.816933
   -0.912668     0.255545     0.318958
   0.0766886     0.873632    -0.480506
    0.424641     0.166983     -0.88983
    0.903954    -0.132994     0.406424
  -0.0504767    -0.976949    -0.207419
   -0.349438    -0.324468    -0.878984
   -0.932423     0.212629     0.292193
   0.0920899     0.921688    -0.376842
    -0.34431    -0.579993    -0.738281
   -0.936843     0.263709     0.229743
   0.0614421     0.770756     -0.63416
   -0.255306    -0.309434    -0.916007
   -0.963223     0.163496     0.213236
   0.0837807      0.93676    -0.339795
    -0.33679     -0.50717    -0.793316
   -0.935439     0.276296     0.220488
    0.107365     0.816357    -0.567481
   -0.255359     -0.46836    -0.845831
   -0.960208     0.225192     0.165195
    0.113104     0.854358    -0.507228
     0.26634     0.596244    -0.757335
    0.953919    -0.275714     0.118406
   -0.138209    -0.753972    -0.642203
    0.363873     0.890056     0.274586
    0.930438    -0.361057   -0.0626374
  -0.0433904    -0.278277      0.95952
   -0.285566    -0.499075    -0.818154
   -0.956255     0.204924     0.208764
   0.0634711      0.84198    -0.535763
   -0.427263    -0.498973    -0.753971
   -0.903283     0.271604      0.33213
   0.0390573     0.822957     -0.56676
   -0.478458   0.00646742    -0.878087
   -0.877385    0.0371254     0.478349
    0.035693      0.99929   -0.0120885
   -0.464175    -0.603611    -0.648225
   -0.884748     0.350651     0.307025
   0.0419774     0.716029    -0.696807
    0.411487     0.885322    -0.216527
    0.837429    -0.273496     0.473193
   -0.359709     0.376039     0.853935
    0.374226      0.23179    -0.897902
    0.866514    -0.432295     0.249549
   -0.330316    -0.871432    -0.362625
   -0.378236     0.564662     -0.73355
   -0.857939    0.0837917     0.506873
    0.347677     0.821058     0.452752
    0.413804     0.909952    0.0274589
    0.826935    -0.388324     0.406673
   -0.380716     0.145576     0.913161
    0.348125     0.375408    -0.858998
    0.888318    -0.424851     0.174335
     -0.2995    -0.823754    -0.481383
   -0.395887     -0.72986    -0.557295
   -0.849234    0.0600818     0.524587
    0.349392    -0.680951     0.643608
     0.37039     0.910462    -0.184037
     0.88445    -0.285143     0.369379
   -0.283829     0.299586     0.910873
   -0.404281    -0.768962    -0.495232
   -0.879847     0.179055     0.440236
    0.249851    -0.613708     0.748958
   -0.429755     0.442186    -0.787263
   -0.812972     0.189919     0.550461
    0.392922     0.876586     0.277866
    0.432932     0.145199    -0.889655
    0.841802    -0.418104     0.341407
   -0.322397     -0.89672    -0.303239
    0.460477     0.168509    -0.871531
    0.805566    -0.491732     0.330549
   -0.372859    -0.854286    -0.362176
    0.344117     0.936427   -0.0684753
    0.915858    -0.318701       0.2442
   -0.206852     0.146747     0.967304
    0.386624     0.920648   -0.0541153
    0.905631    -0.367923     0.210869
   -0.174226     0.130536     0.976015
    0.366554     0.929528    0.0401867
     0.92497    -0.368734    0.0920071
   -0.100341  -0.00344588     0.994947
   -0.331881     -0.84813    -0.412954
     -0.9299     0.220562     0.294345
    0.158561    -0.481693     0.861876
    0.318714     0.829931    -0.457861
    0.916549    -0.146732     0.372033
   -0.241579     0.538224     0.807437
   -0.306775    -0.763231    -0.568654
   -0.929819     0.112716     0.350331
    0.203287    -0.636218     0.744245
   -0.317805    -0.800927      0.50746
   -0.916844     0.395998    0.0508192
    0.241656     0.449111     0.860176
    0.347422     0.221946    -0.911064
    0.891798    -0.378493      0.24787
   -0.289818    -0.898601    -0.329427
     0.30477    0.0324763    -0.951872
    0.929367    -0.228725     0.289761
   -0.208306    -0.972949   -0.0998909
    0.485576     0.184507    -0.854502
     0.79477    -0.500271     0.343612
   -0.364084    -0.845982     -0.38956
   -0.468719     -0.29447     -0.83282
   -0.837294      0.44855     0.312638
    0.281499     0.843855    -0.456802
    0.493718     0.271847     -0.82604
    0.837105    -0.405887     0.366756
   -0.235577    -0.872556    -0.427959
     0.49033     0.142903    -0.859741
    0.801346    -0.461777     0.380271
   -0.342667    -0.875409    -0.340938
   -0.494184    -0.221606    -0.840638
   -0.858399     0.277431      0.43149
    0.137598     0.934838    -0.327329
    0.486511      0.86726     0.105676
    0.845941    -0.497843     0.191142
    -0.21838   0.00359742     0.975857
    0.480145    -0.362356    -0.798848
    0.869987    0.0802593     0.486498
    -0.11217    -0.928578     0.353781
   -0.481373     -0.78627    -0.387375
   -0.868956     0.370168     0.328467
     0.11487    -0.494727     0.861423
    0.482251     0.864058    -0.144352
    0.818261    -0.385442     0.426478
   -0.312862     0.323787     0.892905
   -0.472847    -0.800273    -0.368754
   -0.854993     0.315502     0.411637
    0.213079    -0.509923     0.833412
    0.459161     0.884765   -0.0797612
    0.832423     -0.39716     0.386441
   -0.310231     0.243834     0.918859
   -0.490928    -0.688567    -0.533728
   -0.870866     0.370898     0.322533
   0.0241267    -0.623146     0.781733
   -0.476501    -0.763836    -0.435318
   -0.879171      0.41271     0.238178
  0.00226946    -0.496211     0.868199
   -0.457878    -0.640975    -0.616035
   -0.886022     0.385827     0.257104
  -0.0728853    -0.663543     0.744579
     0.46812     0.845906    -0.255553
    0.880534    -0.470853    0.0543836
   0.0743247     0.250481     0.965264
    0.478609     0.120314    -0.869746
    0.876286    -0.127833     0.464524
  -0.0552932    -0.984471    -0.166611
    0.469603     0.378891    -0.797442
    0.882761    -0.186826     0.431079
   0.0143494    -0.906387    -0.422204
    0.434934     0.860223     0.266175
    0.894036    -0.447785   -0.0137202
   -0.107387    -0.243937     0.963827
   -0.444908    -0.316983    -0.837603
   -0.872169     0.365788     0.324839
    0.203416     0.875055    -0.439205
    0.414959     0.876019    -0.245762
    0.909335    -0.390314       0.1441
  -0.0303102     0.283276     0.958559
    0.457119    -0.599258    -0.657216
    0.857613     0.492789     0.147171
    0.235676    -0.630911     0.739194
   -0.456611     0.548876    -0.700173
   -0.857782    -0.480414     0.182791
   -0.236043      0.68406     0.690178
   -0.445922     0.612141    -0.653022
   -0.864762    -0.482893     0.137848
   -0.230957     0.626178     0.744688
   -0.449264    -0.656478    -0.605969
   -0.867114     0.483728     0.118829
   -0.215115     -0.57883     0.786563
   -0.469521    -0.742034    -0.478472
    -0.85259     0.521866    0.0273093
   -0.229434    -0.420762     0.877678
   -0.447169     0.595011    -0.667834
    -0.87716    -0.437814     0.197256
   -0.175017     0.674004     0.717696
    0.435007     0.858754    -0.270759
    0.886128    -0.461662   -0.0405627
    0.159832     0.222282     0.961792
    -0.42189    -0.803763    -0.419493
    -0.89984     0.427797    0.0853086
    -0.11089    -0.413468     0.903741
    0.386161     0.875161    -0.291502
     0.92139    -0.380974     0.076815
   0.0438291      0.29825     0.953481
    0.458396    -0.259487    -0.850024
    0.868514     0.333717     0.366493
    0.188567    -0.906256     0.378342
    0.399192     0.898573    -0.182241
    0.911783     -0.40996   -0.0241584
   0.0964196      0.15652     0.982957
    0.414056      0.89496    -0.166143
    0.902883    -0.426982    -0.049885
    0.115585     0.129352     0.984839
    0.416796     0.883687     -0.21302
    0.908239     -0.41444    0.0578121
   0.0371963     0.217569     0.975336
    0.373466     0.908138    -0.189234
    0.927099    -0.358405     0.109696
  -0.0317968     0.216406     0.975785
    0.436887     0.888556    -0.139989
    0.893959     -0.44617     -0.04206
   0.0998318     0.106769     0.989259
   -0.452021     0.471253    -0.757362
   -0.880216    -0.373245     0.293101
   -0.144557      0.79913     0.583519
   -0.442428    -0.698005    -0.563069
   -0.873946     0.476429    0.0960948
   -0.201188    -0.534606     0.820804
   -0.436193     0.474499    -0.764583
   -0.876658    -0.415753     0.242116
   -0.202994     0.775887     0.597322
   -0.448437    -0.638958     -0.62501
   -0.881271     0.432812      0.18983
   -0.149219     -0.63593     0.757184
    -0.43583     0.486262    -0.757365
   -0.869238    -0.445637     0.214089
   -0.233406     0.751636     0.616899
   -0.383785    -0.841124     0.381077
   -0.922028     0.326383    -0.208178
  -0.0507268     0.431259     0.900801
    -0.35451    -0.716838     0.600388
   -0.934931     0.261417    -0.239927
   -0.015037     0.646378     0.762869
   -0.322558    -0.510146    -0.797313
   -0.944671     0.226548      0.23722
    0.059613     0.829715    -0.554995
   -0.347866    -0.641656     0.683569
   -0.937146     0.259232    -0.233573
   0.0273296     0.721856     0.691503
    0.306002     0.249828    -0.918667
    0.946768    -0.181181      0.26609
  -0.0999688    -0.951188     -0.29197
   -0.312514    -0.482282    -0.818376
   -0.944683     0.248071     0.214555
   0.0995394     0.840158    -0.533129
   -0.300627    -0.650957      0.69705
   -0.944354     0.305459    -0.122026
    0.133487     0.694946     0.706563
   -0.328885    -0.489687    -0.807491
   -0.941082     0.241231     0.237006
   0.0787331     0.837863    -0.540173
     0.29817      0.23072    -0.926209
    0.939679    -0.241358     0.242384
   -0.167626     -0.94261    -0.288768
   -0.300971    -0.388217    -0.871036
   -0.941577     0.265755     0.206899
    0.151161     0.882418    -0.445521
    0.340568     0.939187    0.0440554
    0.936261    -0.343057    0.0756832
  -0.0861942    -0.015472     0.996158
    0.334514    -0.180217    -0.924999
    0.941815    0.0296118     0.334826
  -0.0329505    -0.983181     0.179637
    0.674895    -0.181104    -0.715345
    0.556499    -0.511699     0.654579
   -0.484588    -0.839861    -0.244559
    -0.68843    -0.248569    -0.681379
   -0.557634     0.782121     0.278084
    0.463798     0.571402    -0.677046
   -0.682937    -0.257901    -0.683436
   -0.610009     0.716051     0.339354
    0.401855     0.648659    -0.646339
     0.68717     0.130111    -0.714751
    0.622407    -0.612872     0.486823
    -0.37471    -0.779396    -0.502129
    0.698047     0.707615       0.1096
    0.569982    -0.641749     0.513107
   -0.433418     0.295703     0.851298
   -0.672953    -0.639578     0.371582
   -0.665667     0.742691    0.0727864
    0.322523     0.198368     0.925542
   -0.682131    -0.498991    -0.534514
   -0.626747     0.775521    0.0758556
    0.376676     0.386749    -0.841749
    -0.67254    -0.339061     -0.65782
   -0.665857     0.665171     0.337907
