  0.00416214     -0.89384     0.448367
   -0.999195   -0.0216102   -0.0338055
    0.039906    -0.447865     -0.89321
   -0.027714    -0.871323     0.489926
     -0.9987   0.00315829   -0.0508773
   0.0427832      -0.4907    -0.870278
  -0.0754092    -0.858999     0.506393
   -0.996633    0.0485416   -0.0660715
   0.0321742    -0.509671    -0.859768
   -0.115413    -0.835284     0.537569
    -0.99262     0.076704   -0.0939261
   0.0372212    -0.544442    -0.837972
   -0.146972    -0.930715     0.334916
   -0.988272     0.123979   -0.0891533
   0.0414539    -0.344091    -0.938021
    -0.14249    -0.917185    -0.372113
   -0.989549     0.123609    0.0742471
   0.0221018    -0.378804     0.925213
   -0.170213    -0.827521    -0.535011
   -0.985129     0.129986     0.112363
   0.0234382     -0.54618      0.83734
   -0.164899    -0.895125     0.414197
   -0.985648     0.134164     -0.10246
   0.0361445    -0.425148    -0.904402
    0.170951     0.941117    -0.291676
    0.985078    -0.157264    0.0699304
  -0.0199427     0.299278     0.953958
   -0.168824    -0.875933     0.451929
   -0.985051     0.134012    -0.108235
   0.0342423    -0.463446    -0.885463
   -0.165146    -0.815272      0.55503
   -0.986235     0.141186    -0.086063
 -0.00819763    -0.561603    -0.827366
   -0.162374    -0.816704     0.553741
   -0.986617     0.125899     -0.10362
   0.0149111    -0.563155    -0.826216
    0.149759     0.985952    -0.073969
    0.977805    -0.136603     0.158863
   -0.146526    0.0961183     0.984526
    0.200425     0.976871    0.0745155
    0.962046    -0.210619     0.173516
   -0.185197   -0.0369103     0.982008
   -0.156115    -0.929063    -0.335365
   -0.974699    0.0899135     0.204641
    0.159971    -0.358828     0.919593
   -0.206046    -0.892803    -0.400558
   -0.960648      0.10663     0.256486
     0.18628    -0.437644     0.879641
    0.237326     0.940134      0.24459
    0.948776    -0.278383     0.149425
    -0.20857    -0.196599     0.958044
    -0.17385    -0.888427    -0.424823
   -0.970621    0.0817175     0.226313
    0.166347    -0.451686     0.876532
    0.236586     0.957446    -0.165303
    0.948978    -0.191199     0.250765
   -0.208488     0.216196      0.95383
    -0.21103    -0.889979    -0.404233
   -0.959137     0.108795     0.261191
    0.188476    -0.442834      0.87657
    0.230853     0.921746    -0.311595
    0.952599    -0.148895     0.265301
   -0.198145     0.358071     0.912428
   -0.256026    -0.870955    -0.419391
   -0.941464     0.126232     0.312588
    0.219309    -0.474872     0.852291
    0.254289     0.603103    -0.756045
    0.943355    -0.326941    0.0564862
   -0.213115    -0.727583    -0.652078
    0.263923     0.643793    -0.718245
     0.93961    -0.339822    0.0406689
   -0.217893    -0.685604    -0.694601
    -0.18012    -0.890248    -0.418348
   -0.969406    0.0885553     0.228932
     0.16676    -0.446784     0.878963
    0.207152     0.910482    -0.357925
    0.961562    -0.122086     0.245953
   -0.180239     0.395117     0.900776
   -0.176012    -0.809786    -0.559702
   -0.971926    0.0527727     0.229294
    0.156142    -0.584347      0.79634
   -0.144889     -0.89176    -0.428686
   -0.979194    0.0670167     0.191543
    0.142081    -0.447519     0.882915
   -0.129871    -0.943641    -0.304426
   -0.981459    0.0786933      0.17477
    0.140964     -0.32148     0.936365
   0.0906068     0.961681    -0.258768
    0.989052   -0.0565036     0.136324
   -0.116479     0.268286     0.956271
   0.0775191     0.977735    -0.195001
    0.990052   -0.0524573     0.130556
    -0.11742     0.203181     0.972075
   -0.118832    -0.940709    -0.317718
   -0.983142    0.0666923     0.170248
    0.138965    -0.332593     0.932776
   0.0738456     0.993285    0.0890552
    0.991749   -0.0825265    0.0980971
   -0.104788   -0.0810764     0.991184
  -0.0352088    -0.969321    -0.243262
   -0.995205    0.0117808    0.0970995
   0.0912548    -0.245514     0.965088
  -0.0303872    -0.994977   -0.0953828
   -0.996249    0.0224134    0.0835831
   0.0810254   -0.0975649     0.991925
 -0.00379816     0.999972   0.00645221
    0.998048   0.00419287   -0.0623049
  -0.0623302   0.00620297    -0.998036
   -0.113997    -0.993301   -0.0189299
   -0.985502     0.110651     0.128618
    0.125661   -0.0333175     0.991514
   -0.253612    -0.565269    -0.784953
   -0.946823     0.311179    0.0818215
     0.19801     0.763963    -0.614128
   -0.251374     -0.50162    -0.827761
   -0.947443     0.302386     0.104474
    0.197897     0.810518    -0.551269
   -0.235428    -0.332064    -0.913404
   -0.956888     0.243697     0.158041
    0.170114     0.911233    -0.375122
   -0.231368     -0.41029    -0.882117
   -0.958421     0.251799     0.134264
    0.167029     0.876504    -0.451489
   -0.236288    -0.412364    -0.879843
   -0.956863     0.256291     0.136855
    0.169062     0.874226    -0.455134
   -0.210237    -0.366205    -0.906474
   -0.968541     0.204293       0.1421
    0.133149     0.907832    -0.397634
   -0.217055    -0.569122    -0.793087
   -0.967028     0.236231    0.0951396
    0.133205     0.787588    -0.601632
   -0.193537    -0.503671    -0.841938
   -0.976633     0.180639     0.116437
   0.0934408     0.844799    -0.526862
   -0.202354    -0.497787    -0.843363
   -0.970891     0.214665     0.106249
    0.128151     0.840314    -0.526736
   -0.183653    -0.585243    -0.789786
   -0.978842     0.182626    0.0922861
   0.0902257     0.790024      -0.6064
    0.174516      0.68268     0.709572
    0.980939    -0.183079   -0.0651171
  -0.0854537    -0.707411     0.701618
   -0.219721    -0.552595    -0.803966
   -0.966942     0.232673     0.104338
    0.129405     0.800314    -0.585451
   -0.206319    -0.765362     0.609633
   -0.974741      0.21521    -0.059698
   0.0855089     0.606552     0.790432
    0.212208     0.649249    -0.730372
    0.973984    -0.201332     0.104019
  -0.0795127    -0.733445    -0.675083
   -0.219924    -0.821053     0.526788
   -0.968619     0.247897   -0.0180077
    0.115804     0.514218     0.849806
   -0.232356    -0.336296    -0.912642
   -0.959014     0.235673      0.15732
    0.162179     0.911791    -0.377272
    -0.22205    -0.563155    -0.795959
   -0.964173     0.248336    0.0932743
    0.145138     0.788153    -0.598122
   -0.231885    -0.505583    -0.831033
   -0.955933     0.276576    0.0984727
    0.180058     0.817246    -0.547438
   -0.244592     -0.56844    -0.785526
   -0.950455     0.300855    0.0782348
    0.191858     0.765743    -0.613864
    -0.21298     -0.47071    -0.856196
   -0.963517     0.246564     0.104123
    0.162095     0.847135     -0.50605
   -0.182473    -0.912777     0.365433
   -0.982067     0.151281    -0.112509
   0.0474127    -0.379409    -0.924013
   -0.182772    -0.902935     0.388976
     -0.9811     0.141937    -0.131519
   0.0635426    -0.405663    -0.911812
   -0.193622     -0.91936    -0.342474
    -0.97697     0.148775     0.152959
   0.0896725    -0.364203     0.926993
   -0.171565    -0.867099     0.467658
   -0.982996     0.119131    -0.139737
   0.0654534     -0.48368    -0.872794
   -0.171126    -0.945766     -0.27612
   -0.980733     0.136712     0.139545
   0.0942284     -0.29468     0.950939
   -0.133954    -0.956968     0.257428
   -0.987191     0.106144     -0.11911
   0.0866597    -0.270086    -0.958928
   -0.138619    -0.899399     0.414567
   -0.988741      0.10186    -0.109621
   0.0563653    -0.425094    -0.903392
    0.186375     0.692732     0.696697
    0.973209    -0.227353   -0.0342852
   -0.134646    -0.684421     0.716546
   -0.145669    -0.389841    -0.909288
    -0.98107     0.175463    0.0819417
    0.127602     0.904012     -0.40802
   -0.207294    -0.562802    -0.800177
   -0.970347     0.222234    0.0950703
    0.124321     0.796157    -0.592181
   -0.216964    -0.679698     0.700669
   -0.970918     0.224675   -0.0826976
    0.101213     0.698235     0.708677
   -0.208095    -0.447107    -0.869938
   -0.975071     0.164867      0.14851
   0.0770245     0.879155    -0.470269
    0.208024     0.255081    -0.944277
    0.976925    -0.101961     0.187673
  -0.0484081    -0.961529    -0.270405
   -0.209746    -0.292016    -0.933131
   -0.975319     0.129831     0.178599
   0.0689954      0.94756     -0.31204
   -0.190132    -0.913625     0.359359
   -0.981151      0.16395    -0.102293
   0.0345403    -0.372035    -0.927576
  -0.0944311    -0.884055     0.457743
   -0.994684    0.0648233    -0.080005
   0.0410564    -0.462865    -0.885477
  -0.0471511    -0.902315      0.42849
   -0.998285    0.0276713   -0.0515812
   0.0346856    -0.430188    -0.902073
  -0.0549886    -0.926172     0.373069
   -0.996358    0.0265113   -0.0810419
   0.0651683    -0.376167    -0.924257
  0.00242118    -0.882669     0.469989
    -0.99932    -0.019424   -0.0313314
   0.0367843    -0.469594    -0.882116
  -0.0134077    -0.811294     0.584485
   -0.998455   -0.0206644    -0.051587
   0.0539302    -0.584274    -0.809763
    0.030214    -0.684217     0.728653
   -0.998585   -0.0525795  -0.00796609
   0.0437627    -0.727381    -0.684837
   0.0350896    -0.898071     0.438449
   -0.998903   -0.0451319   -0.0124999
   0.0310138    -0.437529    -0.898669
  0.00892108     0.999453   -0.0318459
    0.997829  -0.00681938    0.0655049
  -0.0652519    0.0323611     0.997344
   0.0326011    -0.984256    -0.173715
   -0.998628    -0.039206    0.0347258
   0.0409897    -0.172345     0.984184
  -0.0517685    -0.944059    -0.325687
   -0.994854    0.0203101    0.0992616
   0.0870941     -0.32915     0.940253
   -0.111581    -0.927179    -0.357616
   -0.988104    0.0651882     0.139289
    0.105834    -0.368904     0.923423
   -0.101331    -0.962775     0.250593
    -0.99155    0.0772309    -0.104228
   0.0809949    -0.259038    -0.962465
   -0.140383    -0.500384    -0.854346
   -0.989417     0.102889     0.102317
    0.036705     0.859668    -0.509533
   -0.149633    -0.359961     -0.92089
   -0.987966    0.0913197     0.124837
   0.0391589     0.928487    -0.369294
    0.108618        0.222    -0.968978
     0.99401   -0.0123975     0.108583
   0.0120926    -0.974968    -0.222017
    0.103833      0.28009    -0.954342
    0.994521   -0.0175702     0.103048
   0.0120947    -0.959813     -0.28038
    0.116534     0.174637    -0.977713
    0.993115  -0.00867811     0.116819
   0.0119163    -0.984595    -0.174446
  -0.0814072    -0.565394    -0.820794
    -0.99489  -0.00324274     0.100908
  -0.0597144     0.824815    -0.562241
  -0.0879306    -0.879107     0.468444
   -0.993921    0.0461512   -0.0999569
  -0.0662535     0.474386      0.87782
  -0.0636348    -0.586782    -0.807241
   -0.991461   -0.0550813     0.118195
   -0.113819     0.807869    -0.578267
  -0.0808922     0.337929    -0.937689
   -0.994981   -0.0829726    0.0559325
  -0.0589013     0.937507     0.342945
   0.0636139     -0.79496     0.603317
    0.991853   -0.0164969    -0.126318
    0.110371     0.606437     0.787434
  -0.0662944     0.360262    -0.930493
    -0.99305    -0.114704     0.026341
   -0.097242     0.925772     0.365362
  -0.0975187    -0.796814     0.596303
   -0.992986    0.0376535    -0.112077
  -0.0668515      0.60305     0.794897
   0.0644271     -0.56044     0.825686
    0.991168   -0.0601688    -0.118179
    0.115913     0.826007     0.551613
  -0.0697718    -0.894341     0.441912
    -0.98994   0.00741358    -0.141294
   -0.123089     0.447325     0.885861
    0.111183     0.981933     0.153122
    0.991071   -0.0981421   -0.0902619
   0.0736034     -0.16179     0.984076
    0.133504       0.9779     0.160895
    0.990771    -0.127856   -0.0450126
   0.0234465     -0.16542     0.985944
     0.14768     0.943901     0.295367
    0.988736    -0.133554   -0.0675592
   0.0243219    -0.302017     0.952992
   -0.166835    -0.646232    -0.744681
   -0.985363       0.1361     0.102649
    0.035016     0.750907     -0.65948
    0.159601     0.273509    -0.948536
    0.986286   -0.0850935     0.141416
  -0.0420356    -0.958098    -0.283339
   -0.178774     -0.40878    -0.894952
   -0.983374     0.103704     0.149069
   0.0318741     0.906722    -0.420523
   0.0631662      0.22225    -0.972941
    0.988906      0.11739    0.0910181
    0.134442    -0.967897    -0.212369
   -0.053192    -0.752763     0.656139
   -0.986443     0.141761    0.0826679
   -0.155244    -0.642847    -0.750098
  -0.0499676     0.427926    -0.902432
   -0.982366    -0.184055    -0.032884
   -0.180169     0.884875     0.429577
   0.0592989    -0.217814    -0.974187
     0.98365     0.178991    0.0198553
    0.170046    -0.959437     0.224867
   0.0327349     -0.74967     0.661002
    0.981451    -0.100886    -0.163023
    0.188899     0.654078     0.732461
   0.0515812     0.993323     -0.10319
    0.975847   -0.0720961    -0.206215
    0.212278     0.090061      0.97305
   0.0326611     0.999006    0.0303445
    0.974744   -0.0251276    -0.221905
    0.220922   -0.0368258     0.974596
   0.0414938     0.982816    -0.179865
     0.96919   -0.0833376    -0.231786
    0.242793     0.164705     0.955994
   0.0634014     -0.25925    -0.963727
    0.977478     0.210901   0.00757205
    0.201288    -0.942502     0.266783
     0.05749     0.980389    -0.188499
    0.970639   -0.0990626    -0.219194
    0.233569     0.170363     0.957299
   -0.060388    -0.402481     0.913434
   -0.972506     0.229917    0.0370136
   -0.224912    -0.886085    -0.405299
  -0.0145251    -0.999894 -0.000563853
    -0.97341    0.0142693    -0.228626
    -0.22861   0.00277194     0.973514
  -0.0247287    -0.990599    -0.134543
   -0.968639    0.0570269    -0.241839
   -0.247238    -0.124343     0.960943
  0.00145417    -0.996223    -0.086819
    0.967503   -0.0205511     0.252023
    0.252856    0.0843641    -0.963819
 -0.00165049    -0.974774    -0.223188
    0.972276   -0.0537527     0.227575
    0.233831     0.216625    -0.947838
   0.0197518    -0.509631     0.860166
    0.980583    -0.158016    -0.116138
    0.195107     0.845759     0.496614
   0.0126652    -0.734033     0.678995
    0.979332     -0.12798    -0.156621
    0.201863     0.666946     0.717241
   0.0324733      0.99417     0.102816
     0.98588   -0.0149538    -0.166784
    0.164275    -0.106781     0.980618
   -0.039372    0.0139937    -0.999127
   -0.985274    -0.167045    0.0364865
   -0.166389      0.98585    0.0203646
  -0.0362264    -0.800652     0.598033
   -0.986426     0.124554     0.107001
   -0.160158    -0.586039    -0.794297
   0.0154939    -0.641615      0.76687
   -0.972998     0.166974      0.15936
   -0.230295    -0.748632    -0.621703
   0.0214603     0.994744    -0.100117
    0.976959   -0.0421344    -0.209226
    0.212344    0.0933206     0.972729
  0.00507936    -0.970512    -0.240998
    0.974773   -0.0489722     0.217759
     0.22314     0.236024    -0.945781
   0.0416723    -0.818301     0.573278
    0.980631   -0.0764068    -0.180347
     0.19138     0.569689     0.799267
   0.0590826    -0.882514    -0.466559
    0.981267   -0.0345084     0.189536
    0.183369     0.469018    -0.863943
   0.0246889     -0.84715      0.53078
    0.980136   -0.0839996    -0.179658
    0.196782     0.524673     0.828248
   0.0811665    -0.897597      0.43328
    0.984583    0.0046281    -0.174855
    0.154944     0.440793     0.884135
   0.0548698    -0.936057    -0.347544
    0.984205   -0.0079716     0.176855
    0.168317     0.351759    -0.920834
    0.101101     0.991714    0.0792565
    0.988041   -0.0907652    -0.124642
    0.116416   -0.0909101     0.989031
  -0.0848738    -0.971904    -0.219544
   -0.983416     0.117153    -0.138448
   -0.160278    -0.204153     0.965729
   -0.115408    -0.941314      0.31719
    -0.98543    0.0683348    -0.155749
   -0.124934     0.330543     0.935485
   -0.119848    -0.939167     0.321873
   -0.986306     0.149634    0.0693559
     -0.1133    -0.309153    -0.944239
   0.0392829    -0.268909    -0.962364
    0.985628     0.168787  -0.00693102
    0.164299    -0.948261     0.271675
   0.0912613     0.987179    -0.130957
    0.989173    -0.105041    -0.102486
    0.114928     0.120187     0.986076
   0.0110305    -0.860941     0.508585
    0.979792   -0.0922776    -0.177459
    0.199713     0.500265     0.842526
  -0.0105414    -0.894542    -0.446859
    0.971786    -0.114469     0.206223
    0.235627     0.432078    -0.870511
 -0.00760254    -0.943352    -0.331708
    0.973148   -0.0832957     0.214583
    0.230057     0.321169    -0.918654
   0.0243466    -0.967448    -0.251895
   -0.968051     0.040087    -0.247528
   -0.249568    -0.249873     0.935564
   0.0153842     0.998579    0.0510175
   -0.967313   0.00194726     0.253576
   -0.253117     0.053251    -0.965969
   0.0247459    -0.898371     0.438541
   -0.969965    0.0846079     0.228056
   -0.241983    -0.431012    -0.869294
   -0.147963    -0.917694     0.368706
   -0.986635     0.162699   0.00901215
  -0.0682586    -0.362445    -0.929502
   -0.157661    -0.874643    -0.458413
   -0.984541     0.175097   0.00452881
  -0.0763059    -0.452041     0.888728
   -0.174568    -0.713258    -0.678814
   -0.984065      0.15004    0.0954145
  -0.0337939    -0.684653     0.728085
   -0.161748    -0.855851     0.491281
    -0.98607     0.159729    -0.046391
   -0.038768    -0.491941    -0.869765
   -0.172311    -0.732502     0.658597
   -0.984322     0.102467    -0.143566
  -0.0376782      0.67301     0.738673
    -0.19437    -0.930702     -0.30986
   -0.980914      0.18268    0.0666096
  0.00538857    -0.316893     0.948446
    0.197932     0.136714    -0.970635
    0.980184   -0.0355272     0.194876
 -0.00784176    -0.989973    -0.141037
   -0.164762    -0.861572     0.480153
   -0.986205     0.151767   -0.0660859
  -0.0159335    -0.484418    -0.874692
    0.191528     0.250869    -0.948885
    0.981211   -0.0718527     0.179056
  -0.0232603    -0.965351    -0.259917
   -0.169693     -0.88895     0.425409
   -0.985207     0.142551   -0.0951117
  -0.0239069     0.435256      0.89999
    0.130317     0.983652     0.124282
    0.988586    -0.119355   -0.0919379
   0.0756013    -0.134844     0.987978
   -0.141245    -0.780979     0.608376
    -0.98665     0.060726    -0.151113
  -0.0810717     0.621598      0.77913
   -0.163859     -0.81794     0.551475
   -0.986333     0.145619   -0.0770874
  -0.0172522    -0.556569    -0.830622
    -0.15837    -0.920373     0.357535
   -0.986254      0.16474   -0.0127863
  -0.0471321    -0.354646    -0.933812
   -0.157195    -0.847085    -0.507678
   -0.986225     0.161448    0.0359855
  -0.0514811    -0.506342     0.860795
   -0.142255    -0.922139     0.359755
   -0.987346     0.157927    0.0143859
  -0.0700807    -0.353156    -0.932936
   -0.142014    -0.798124     0.585517
   -0.987114     0.158251   -0.0237063
   -0.073738    -0.581339    -0.810314
   -0.117443    -0.895556      0.42917
   -0.988427     0.147198    0.0366756
  -0.0960178    -0.419896    -0.902479
   -0.115569    -0.905826     0.407581
   -0.989123     0.142537    0.0363159
  -0.0909912    -0.398951    -0.912447
    0.124993     0.981119    -0.147588
    0.987363    -0.137611   -0.0785976
   0.0974233     0.135899     0.985921
  -0.0874447    -0.925461     0.368614
   -0.986774     0.131173    0.0952428
   -0.136496     -0.35541    -0.924691
  -0.0560845    -0.935732    -0.348225
   -0.982952     0.112914    -0.145105
   -0.175099     -0.33415     0.926112
  -0.0632216    -0.927239     0.369095
   -0.986204     0.114737     0.119316
   -0.152984     -0.35646    -0.921701
  -0.0313384    -0.879378     0.475092
   -0.979477     0.121706     0.160665
   -0.199107    -0.460307    -0.865144
  -0.0276884    -0.965166     -0.26017
   -0.983344    0.0730698    -0.166419
   -0.179632    -0.251229     0.951113
 -0.00874791    -0.911119    -0.412051
   -0.981009    0.0876668     -0.17302
   -0.193765    -0.402713     0.894582
  0.00421262     -0.84543      0.53407
   -0.976045       0.1127     0.186102
   -0.217526     -0.52206    -0.824703
  -0.0253003    -0.865767     0.499807
   -0.986581     0.102294     0.127254
     -0.1613     -0.48988    -0.856738
  0.00210317    -0.907766     0.419472
   -0.985791     0.068574     0.153341
   -0.167963    -0.413834    -0.894723
 -0.00675951    -0.989023    -0.147604
   -0.988133    0.0292576    -0.150789
   -0.153453    -0.144833     0.977484
  -0.0486039    -0.949922     0.308684
   -0.986891    0.0932906     0.131695
   -0.153897    -0.298237    -0.942003
   -0.077021    -0.946172     0.314367
   -0.986292     0.118454     0.114874
   -0.145929     -0.30121    -0.942325
   0.0910943     0.983797     0.154421
    0.985226   -0.0664511    -0.157842
    0.145023    -0.166518     0.975315
   -0.109763     -0.89339     0.435667
   -0.985299     0.155527      0.07069
   -0.130912    -0.421503    -0.897328
  -0.0952929    -0.963528     0.250067
   -0.987032     0.124057     0.101874
   -0.129181    -0.237117    -0.962854
   0.0608988     -0.80829     0.585627
    0.987051   -0.0384633     -0.15573
      0.1484     0.587527      0.79548
  -0.0113943    -0.847997     0.529878
   -0.989142    0.0872061     0.118291
   -0.146519    -0.522777    -0.839784
   -0.449923    -0.727252     0.518338
   -0.883649     0.446593    -0.140426
    0.129361     0.521209     0.843568
   -0.512849    -0.447753    -0.732463
   -0.852159     0.368852     0.371178
    0.103974     0.814534    -0.570723
    0.484471     0.810671     0.328785
    0.871328    -0.480655   -0.0987881
  -0.0779475     -0.33434     0.939224
   -0.526291     0.528023    -0.666491
   -0.847256    -0.259335     0.463576
   0.0719343     0.808664     0.583856
   -0.547354    -0.518447    -0.656976
   -0.831528     0.425713     0.356832
   0.0946844     0.741607    -0.664119
   -0.498112    -0.336999    -0.798947
   -0.865388     0.251289     0.433541
   0.0546638     0.907351    -0.416805
    0.537053   -0.0337875    -0.842872
    0.839493     -0.07646     0.537965
  -0.0826224      -0.9965   -0.0126988
   -0.513057    -0.309547    -0.800595
   -0.855987     0.253738     0.450448
   0.0637063     0.916405     -0.39515
   -0.503165    -0.568955    -0.650474
   -0.858683     0.414002     0.302103
   0.0974143     0.710558    -0.696863
   -0.553222     -0.52621    -0.645792
   -0.826456     0.443926     0.346265
    0.104476     0.725281     -0.68048
   -0.525779    -0.499903    -0.688225
   -0.843149     0.413285     0.343939
    0.112497     0.761113     -0.63879
   -0.541904     0.319879    -0.777186
    -0.83003   -0.0586025     0.554631
     0.13187     0.945644     0.297266
    0.494812     0.035089    -0.868291
    0.867508   -0.0784714     0.491195
  -0.0509005    -0.996299   -0.0692686
   -0.489429    0.0214671    -0.871779
   -0.868992    0.0715508     0.489626
   0.0728874     0.997206   -0.0163643
   -0.469383    -0.296219    -0.831826
   -0.881133     0.218278     0.419476
   0.0573126     0.929844    -0.363464
    -0.46999    -0.407475     -0.78299
   -0.881846     0.255114     0.396565
   0.0381615     0.876859    -0.479231
   -0.472545    -0.401737    -0.784416
   -0.880414     0.255234     0.399659
   0.0396518     0.879468    -0.474304
    0.435173   -0.0712221    -0.897526
    0.899595  -0.00634586      0.43668
  -0.0367968     -0.99744    0.0613095
   -0.404244    -0.317282    -0.857857
   -0.913577     0.185499     0.361893
   0.0443096     0.930012    -0.364849
   -0.455975    -0.489654    -0.743186
   -0.888166     0.303818     0.344754
   0.0569831     0.817272    -0.573428
     0.37107     -0.20771    -0.905077
    0.924805  -0.00542576     0.380403
  -0.0839242    -0.978175     0.190077
    -0.36919    0.0180818    -0.929178
   -0.928441    0.0371324      0.36962
    0.041186     0.999147   0.00307894
   -0.335737     0.277799     -0.90006
   -0.939969   -0.0367778     0.339272
   0.0611473     0.959935     0.273471
    0.299347   -0.0816614    -0.950643
    0.952873   -0.0258338     0.302268
  -0.0492423    -0.996325    0.0700796
   -0.413828    -0.355155    -0.838219
   -0.905537     0.255197     0.338935
   0.0935366     0.899299    -0.427214
    0.519862     0.428705    -0.738888
    0.837696     -0.42529     0.342627
   -0.167356    -0.797083    -0.580216
    0.498835     0.362119    -0.787422
    0.853554     -0.36288      0.37385
   -0.150361    -0.858597    -0.490105
    0.464849     0.660334    -0.589808
    0.863778     -0.19194     0.465883
   -0.194431     0.726029     0.659605
    0.489573     0.717126    -0.496033
     0.84557    -0.251549     0.470888
   -0.212909     0.649964     0.729532
   -0.445774    -0.693275     0.566264
   -0.880086     0.454984    -0.135785
    0.163505     0.558891     0.812962
   -0.438594    -0.390634    -0.809346
   -0.868753     0.414788     0.270588
    0.230006       0.8218    -0.521288
    0.417918    0.0867796    -0.904331
     0.88654    -0.256422      0.38509
   -0.198472    -0.962661    -0.184097
   -0.390858     0.372001     -0.84193
   -0.890957    0.0767896     0.447547
     0.23114      0.92505     0.301423
    0.462366     0.821842    -0.332857
     0.84904    -0.302127     0.433418
   -0.255636     0.483007     0.837469
    0.413932    0.0167664    -0.910153
    0.869558    -0.303081     0.389887
   -0.269313    -0.952817    -0.140034
   -0.445636     0.372982    -0.813814
   -0.846015     0.121754     0.519071
     0.29269     0.919815     0.261291
   -0.394489     0.323555    -0.860053
   -0.902549     0.039352     0.428785
     0.17258     0.945391       0.2765
   -0.369162     0.493078    -0.787778
   -0.907556  -0.00870686     0.419841
    0.200156     0.869941      0.45071
   -0.356212     0.550627    -0.754932
   -0.919343   -0.0620458     0.388534
    0.167097     0.832442     0.528317
   -0.385095    0.0215711    -0.922625
    -0.91182     0.145393     0.383985
    0.142426     0.989139   -0.0363211
    0.429591    -0.161788    -0.888412
     0.89283   -0.0713053     0.444713
   -0.135298    -0.984246     0.113817
    0.422787     0.198301    -0.884267
    0.899668    -0.209048     0.383271
   -0.108852    -0.957589    -0.266788
    0.461731    -0.184759    -0.867565
    0.880369   -0.0240974     0.473677
   -0.108422    -0.982488     0.151529
   -0.482898    -0.555229    -0.677148
   -0.867161      0.41079     0.281574
    0.121828     0.723168    -0.679843
    0.450013     0.233959     -0.86183
    0.888877    -0.210228     0.407066
   -0.085944    -0.949246    -0.302566
    -0.35579    -0.592757    -0.722532
   -0.930454     0.297111     0.214428
   0.0875686     0.748575    -0.657242
   -0.377144    -0.497779    -0.781011
   -0.921904     0.282478     0.265141
   0.0886365     0.820014    -0.565439
   -0.372742    -0.759457    -0.533187
   -0.922527     0.241341     0.301163
     0.10004    -0.604136     0.790577
   -0.401366    -0.643628      0.65165
   -0.911921     0.347209    -0.218738
    0.085473     0.682048     0.726296
    0.404545     0.257974    -0.877378
    0.910468    -0.203804     0.359878
  -0.0859743    -0.944412    -0.317325
   -0.410815    -0.794661    -0.446928
   -0.907436     0.308931     0.284818
   0.0882638    -0.522566     0.848018
   -0.429146    -0.516365    -0.741081
   -0.900808     0.304791      0.30927
   0.0661791     0.800293    -0.595946
   -0.434087    -0.647579     0.626266
   -0.898478     0.361841    -0.248612
   0.0656125     0.670606     0.738906
   -0.444013    -0.508257    -0.737921
   -0.894275     0.302747      0.32957
   0.0558971     0.806237    -0.588945
   -0.422155    -0.423412    -0.801565
   -0.903615     0.267325     0.334691
   0.0725657     0.865598    -0.495454
   -0.434439    -0.360444    -0.825435
   -0.898602     0.235982     0.369901
   0.0614587     0.902437    -0.426415
   -0.431557     -0.37793    -0.819101
   -0.899875     0.243885     0.361587
   0.0631119     0.893134     -0.44534
    0.442383     0.208165    -0.872333
    0.893993    -0.179622     0.410504
  -0.0712375    -0.961459     -0.26556
    -0.45459    -0.585893    -0.670878
   -0.889107     0.343532     0.302449
   0.0532655     0.733973    -0.677087
     0.41052    0.0510574    -0.910421
     0.90621    -0.133736     0.401121
   -0.101276    -0.989701     -0.10117
    0.374914    -0.256972    -0.890733
     0.91793   -0.0316094     0.395481
   -0.129783    -0.965902     0.224032
   -0.374642    -0.845835    -0.379747
   -0.920222     0.289169     0.263767
    0.113292    -0.448269      0.88669
     0.34458      0.88681      0.30795
    0.930326    -0.366455    0.0143026
   -0.125533    -0.281565     0.951295
   -0.346481     0.591287    -0.728238
   -0.926497   -0.0942053      0.36432
    0.146814      0.80094     0.580466
   -0.349731    -0.764952     0.540867
   -0.930935     0.348531    -0.109024
    0.105111     0.541641     0.834012
   -0.420694    -0.541411    -0.727936
   -0.904983     0.306541     0.295021
   0.0634147     0.782883    -0.618928
   -0.425041    -0.403463    -0.810282
   -0.903493     0.243628     0.352626
    0.055136     0.881965    -0.468079
   -0.380028    -0.511002    -0.771009
   -0.922816     0.266379     0.278305
   0.0631664     0.817263    -0.572792
   -0.387678    -0.662065     0.641386
    -0.91846     0.336572    -0.207728
   0.0783432     0.669618     0.738562
   -0.391449    -0.353299    -0.849675
   -0.918748     0.201895     0.339323
   0.0516628     0.913465    -0.403625
   -0.339516    -0.670605     0.659558
    -0.93742     0.298856    -0.178688
   0.0772836     0.678951     0.730105
    0.323804      0.65991     0.677989
    0.944175    -0.271362    -0.186807
  -0.0607046    -0.700629     0.710938
    0.257746    -0.142876    -0.955591
    0.963023   -0.0423046     0.266076
  -0.0784417    -0.988836     0.126689
   -0.342311    -0.775802     0.530051
    -0.93437     0.340434    -0.105152
   0.0988707     0.531258     0.841421
   -0.258047    -0.471789    -0.843106
   -0.960717      0.21757     0.172294
    0.102148     0.854446    -0.509399
   -0.271486     -0.27949    -0.920967
   -0.954067     0.204117       0.2193
    0.126693     0.938201    -0.322067
   -0.342935    -0.572702    -0.744586
   -0.938013     0.251199     0.238812
   0.0502711     0.780328    -0.623347
   -0.271952    -0.453524    -0.848739
   -0.960743     0.178283     0.212575
   0.0549079      0.87323    -0.484204
    0.410638     0.108784    -0.905286
    0.910811    -0.095133     0.401713
  -0.0424226    -0.989503    -0.138147
   -0.450844    -0.654143     0.607319
   -0.891666     0.361211    -0.272869
   0.0408756     0.664547     0.746127
   -0.432316    -0.575835    -0.693914
   -0.900709     0.312239     0.302044
   0.0427397     0.755593    -0.653646
   -0.440144     0.502085    -0.744435
   -0.838304    0.0673002     0.541034
    0.321746     0.862195     0.391278
    0.404532    -0.114628    -0.907312
    0.867059    -0.267395     0.420367
   -0.290797    -0.956745  -0.00878079
    0.406285     0.848465    -0.339174
    0.862096    -0.232904     0.450051
   -0.302857      0.47525     0.826084
    0.441593     0.838971    -0.317999
    0.830569    -0.248204     0.498547
   -0.339338     0.484275     0.806429
   -0.382979    -0.713752    -0.586417
   -0.886465     0.105415      0.45063
    0.259821     -0.69242     0.673088
   -0.426984    -0.677761    -0.598602
   -0.851296    0.0780618     0.518847
    0.304926    -0.731127     0.610306
     0.39702     0.875762    -0.274621
    0.882262     -0.28169     0.377181
   -0.252963     0.392035     0.884488
   -0.427255     0.628698    -0.649763
   -0.874505    -0.104899     0.473538
    0.229553     0.770542     0.594618
   -0.456209    -0.712561    -0.533039
   -0.818261     0.100483     0.565997
    0.349746    -0.694378     0.628902
     0.45736   -0.0913464    -0.884578
    0.838667    -0.286489     0.463207
   -0.295734    -0.953719   -0.0544193
   -0.484683    -0.274818    -0.830396
   -0.801087     0.520649     0.295268
      0.3512     0.808331    -0.472503
    0.370293     0.912555    -0.173571
    0.909436    -0.318079     0.267864
   -0.189231      0.25704     0.947693
    0.402555     0.898238     0.176403
    0.901575    -0.422406    0.0934675
    -0.15847    -0.121415      0.97987
    0.393243     0.918418    0.0432212
    0.914843    -0.395539    0.0813066
  -0.0917691  -0.00756738     0.995752
   -0.357272    -0.715778     0.600016
    -0.92423     0.363609     -0.11656
     0.13474     0.596196     0.791451
   -0.352554     0.583109    -0.731908
   -0.910335   -0.0325194     0.412593
    0.216785     0.811743     0.542289
    -0.33778     -0.42517    -0.839723
   -0.926009     0.309888     0.215585
     0.16856     0.850412    -0.498385
   -0.352738   0.00288518    -0.935718
   -0.910893     0.227774     0.344083
    0.214125      0.97371   -0.0777166
    0.372531    -0.276554    -0.885855
    0.893945    -0.149351     0.422559
   -0.249164    -0.949322     0.191587
   -0.337059    -0.712699     0.615184
   -0.924662     0.373558     -0.07385
    0.177174     0.593729     0.784917
   -0.505377    -0.242124    -0.828233
   -0.798523     0.495002     0.342541
    0.327039     0.834475    -0.443504
    0.482625      0.20391    -0.851759
    0.833661    -0.405077     0.375395
   -0.268481    -0.891254    -0.365493
   -0.505333    -0.333646    -0.795813
   -0.830159     0.439685     0.342803
    0.235532     0.833881    -0.499167
    0.506741      0.26828    -0.819292
    0.802833    -0.493132     0.335083
   -0.314123    -0.827555    -0.465274
   -0.491365    -0.283402    -0.823556
   -0.860407     0.304662     0.408511
    0.135133     0.909321    -0.393541
     0.49169     0.259025    -0.831352
    0.842252    -0.383808     0.378554
   -0.221024     -0.88634    -0.406879
    0.489705     0.831807     0.261316
    0.861956    -0.506981  -0.00150399
   -0.131231    -0.225979     0.965252
   -0.471931    -0.811371    -0.344902
   -0.872203     0.372599     0.316911
    0.128622    -0.450385     0.883521
   -0.493914    -0.869508   0.00207655
   -0.817323     0.465083     0.340119
    0.296702    -0.166292      0.94038
   -0.472468    -0.817821    -0.328546
   -0.854212     0.333125     0.399187
    0.217016    -0.469251     0.855983
    0.469705      0.86788    -0.161741
    0.833184    -0.375224     0.406216
   -0.291858     0.325562     0.899349
   -0.481758    -0.714681     -0.50709
   -0.875302     0.364782      0.31746
    0.041905    -0.596796     0.801298
   -0.465015    -0.749512    -0.471162
   -0.884887     0.377188     0.273322
   0.0271415    -0.544024     0.838631
   -0.444145     0.577516    -0.684989
   -0.894015    -0.335956      0.29643
   -0.058933     0.744049     0.665521
   -0.462243     0.524307    -0.715146
   -0.884961    -0.324002     0.334464
  -0.0563472      0.78748     0.613759
    -0.47327    -0.430602    -0.768503
   -0.879411     0.281931     0.383602
   0.0514856     0.857378    -0.512106
    0.459274      0.22292    -0.859869
    0.887402   -0.0717546     0.455378
   0.0398133    -0.972192    -0.230775
   -0.442807    -0.660709     0.606123
   -0.888484     0.414185    -0.197601
     0.12049      0.62603     0.770434
   -0.457396    -0.384592    -0.801797
   -0.870378     0.378448     0.314992
    0.182295     0.841942    -0.507841
     0.42932     0.896608    -0.108527
     0.90238    -0.420877    0.0925876
  -0.0373384     0.137682     0.989772
    0.452375    -0.594848    -0.664464
    0.868637     0.462689     0.177166
    0.202053    -0.657323     0.726017
   -0.457082     0.533121    -0.711939
   -0.866122    -0.448823      0.21998
   -0.202259     0.717175     0.666897
   -0.446125      0.61612    -0.649129
   -0.874288    -0.455056     0.168953
   -0.191294       0.6429     0.741678
   -0.457984      -0.7256    -0.513571
   -0.870306     0.483708    0.0926999
   -0.181155    -0.489419     0.853025
   -0.474288    -0.734365    -0.485551
   -0.857396     0.510479    0.0654405
   -0.199806    -0.447347     0.871756
   -0.448169     0.448688    -0.773191
   -0.882847    -0.358038     0.303958
   -0.140449     0.818834     0.556584
   -0.440902    -0.682479    -0.582947
    -0.88709     0.430234     0.167242
   -0.136665    -0.590864     0.795112
   -0.422707     0.524622    -0.738979
   -0.901892    -0.323539     0.286206
  -0.0889386     0.787461     0.609914
    0.404444      0.90967   -0.0944747
    0.914084    -0.405411   0.00958308
   0.0295836    0.0902336     0.995481
    0.463446      0.86968    -0.169926
    0.870749     -0.48252   -0.0947079
    0.164358     0.104071     0.980895
    0.413425     0.910169   -0.0259302
    0.907312    -0.414188   -0.0723439
   0.0765851  -0.00638197     0.997043
    0.437117     0.897219    0.0626658
    0.892819    -0.424444    -0.150737
    0.108646    -0.121839     0.986586
   -0.414967    -0.501256    -0.759306
   -0.909359     0.201476     0.363968
  -0.0294595     0.841517    -0.539428
    0.396493     0.909528    -0.124705
     0.91737    -0.387352    0.0916019
  -0.0350097      0.15072     0.987956
   -0.448884    -0.631364    -0.632362
     -0.8901     0.378403     0.254034
  -0.0788997    -0.676898     0.731836
   -0.449811     0.515969    -0.729004
   -0.886973    -0.353702     0.296941
   -0.104638     0.780174     0.616749
   -0.441426    -0.704443     -0.55579
    -0.88317     0.450576     0.130354
   -0.158599    -0.548399     0.821039
   -0.429724    -0.656858    -0.619577
   -0.889018     0.427888     0.162969
   -0.158062    -0.620846     0.767832
   -0.441267    -0.655271    -0.613109
     -0.8909      0.40182     0.211747
   -0.107608    -0.639656     0.761092
    0.433103    -0.497236    -0.751783
    0.880239     0.412766       0.2341
    0.193908    -0.763139     0.616457
    0.395242     0.104937    -0.912564
    0.917949  -0.00837318     0.396611
    0.033978    -0.994444    -0.099636
   -0.376995      -0.8028     0.461938
   -0.926154     0.321026     -0.19794
  -0.0106123     0.502449     0.864542
   -0.349775    -0.593327    -0.724997
   -0.935429     0.263552     0.235612
   0.0512795     0.760595    -0.647199
   -0.369218    -0.679933     0.633537
   -0.929097      0.28575     -0.23479
   0.0213912     0.675306     0.737228
   -0.338122    -0.339822    -0.877607
   -0.937074     0.207761     0.280585
   0.0869838     0.917255    -0.388687
   -0.334081    -0.833968     0.439189
   -0.937986     0.339939   -0.0679998
   0.0925875      0.43467     0.895818
   -0.328642    -0.482624     -0.81183
   -0.936863     0.275358      0.21556
    0.119509     0.831416    -0.542646
    0.347271     0.858651     -0.37699
    0.935378    -0.288499      0.20454
  -0.0668675     0.423659      0.90335
    0.331302     0.194055    -0.923353
    0.932239     -0.21823     0.288627
   -0.145494    -0.956409    -0.253206
    -0.33656    -0.493258    -0.802137
   -0.932498     0.293128     0.211004
    0.131049     0.819007    -0.558618
    0.360126     0.927979    0.0957322
    0.928498    -0.366494     0.059783
  -0.0905626   -0.0673577      0.99361
    0.362765     0.186583     -0.91301
    0.931339    -0.105985     0.348389
  -0.0317621    -0.976706     -0.21222
    0.664927     0.155866    -0.730464
    0.565087    -0.744498     0.355527
   -0.488414    -0.649175    -0.583115
   -0.679041     0.500118    -0.537387
    -0.57379    0.0950225     0.813472
    0.457896     0.860728     0.222438
    0.671787     0.177722    -0.719109
    0.622695    -0.661276     0.418289
    -0.40119    -0.728786    -0.554903
    0.676152      0.42338    -0.602965
    0.629552    -0.757149     0.174324
   -0.382729    -0.497468    -0.778488
    0.683865     0.672128    -0.283854
    0.588014    -0.277405     0.759793
   -0.431936     0.686506     0.584929
   -0.665202    -0.449693    -0.596056
   -0.669603     0.712488     0.209746
    0.330361     0.538644    -0.775064
   -0.674479    -0.527089     0.516968
   -0.630299     0.775715   -0.0314386
    0.384449     0.347049     0.855427
   -0.660178    -0.363052    -0.657539
   -0.673457     0.673756     0.304153
