   -0.015624    -0.847609     0.530391
   -0.996955   -0.0273233   -0.0730328
   0.0763953    -0.529917    -0.844601
   -0.045269    -0.849874     0.525039
   -0.997088   0.00615594   -0.0760047
   0.0613623     -0.52695    -0.847678
  -0.0786869    -0.880197     0.468041
   -0.995736    0.0467155   -0.0795498
   0.0481547    -0.472305    -0.880119
  -0.0965854    -0.919555     0.380906
   -0.994409    0.0727427   -0.0765398
   0.0426744    -0.386169     -0.92144
   -0.113782    -0.928317      0.35395
   -0.992752    0.0923611   -0.0768944
   0.0386911    -0.360134    -0.932098
   -0.111073    -0.947869    -0.298675
   -0.993575    0.0993499    0.0542015
   0.0217027    -0.302776     0.952815
   -0.127715    -0.879792     -0.45788
   -0.991672     0.105536    0.0738219
   0.0166251    -0.463495     0.885944
   -0.125495     -0.88629     0.445804
   -0.991669     0.098905   -0.0825263
     0.02905    -0.452447    -0.891318
    -0.12431    -0.861731     0.491902
   -0.992235     0.105964   -0.0651203
  0.00399231    -0.496177    -0.868212
   -0.122858    -0.883265     0.452491
   -0.992035    0.0965365   -0.0809115
   0.0277844    -0.458828    -0.888091
   -0.116186    -0.899265     0.421691
   -0.993227     0.105692   -0.0482677
 -0.00116375    -0.424442    -0.905454
   -0.106837    -0.842611     0.527818
   -0.994185    0.0833428   -0.0681869
   0.0134652    -0.532034    -0.846616
    0.153933     0.984574    0.0831777
    0.971708    -0.166106     0.167908
   -0.179135   -0.0549778     0.982287
   -0.179287    -0.839607     0.512754
   -0.964272     0.253294    0.0775929
    0.195025     0.480523     0.855022
   -0.158894    -0.914945     0.370984
   -0.970284     0.214167     0.112616
     0.18249     0.342065     0.921786
   -0.180982      0.61823    -0.764877
   -0.964294    0.0413457     0.261585
    0.193344     0.784909     0.588673
    0.203658    -0.367542    -0.907434
    0.957666    -0.117838      0.26266
   -0.203469    -0.922511     0.327984
    0.154259     0.225888    -0.961862
    0.971388    -0.212603     0.105858
   -0.180583    -0.950671    -0.252221
   -0.199195    -0.735193     -0.64793
   -0.960581    0.0156478     0.277559
     0.19392    -0.677678     0.709329
   -0.177832     0.615495    -0.767816
   -0.967017    0.0352887     0.252257
    0.182358      0.78735     0.588919
   -0.192624     0.553276    -0.810421
    -0.96461    0.0447886      0.25985
    0.180066     0.831793     0.525068
   -0.216181    -0.784197    -0.581636
   -0.955141    0.0463573     0.292502
    0.202416    -0.618777      0.75904
   -0.208865    -0.747987    -0.629992
   -0.959496    0.0321995     0.279877
    0.189059    -0.662931     0.724416
    0.220513     0.706942    -0.672017
    0.955817   -0.0193053     0.293329
   -0.194393     0.707008     0.679964
    0.151463    -0.250399    -0.956221
    0.974031    -0.126893     0.187513
   -0.168291    -0.959791     0.224676
   -0.173707    -0.767895    -0.616573
   -0.970968    0.0289885     0.237447
    0.164461    -0.639919     0.750637
   -0.152414    -0.934578    -0.321455
   -0.978218    0.0962754     0.183905
    0.140925    -0.342483     0.928895
   -0.129834     -0.89607    -0.424502
    -0.98147    0.0552929     0.183467
    0.140928    -0.440456     0.886644
    0.126005     0.967854     0.217674
    0.979085    -0.156661     0.129805
   -0.159733    -0.196766     0.967351
   -0.099994    -0.914414     0.392235
   -0.985989    0.0381672    -0.162383
    0.133515    -0.402977    -0.905419
   -0.092549    -0.607558    -0.788865
   -0.983951     0.177193   -0.0210322
     0.15256     0.774259    -0.614206
   -0.128454     -0.75908     0.638199
    -0.97734     0.206071     0.048388
    0.168244     0.617521      0.76835
  -0.0862249    -0.366874    -0.926266
   -0.985177     0.169786    0.0244602
    0.148294     0.914645    -0.376076
  -0.0578911    -0.890626     0.451036
   -0.991808 -0.000223175    -0.127741
     0.11387    -0.454736    -0.883317
  -0.0634475     -0.50974    -0.857986
    -0.98847     0.150536   -0.0163386
    0.137486     0.847056    -0.513414
  -0.0280264    -0.678352     0.734202
   -0.994036   -0.0585266   -0.0920194
    0.105392    -0.732402    -0.672666
   -0.126532    -0.769266     0.626274
   -0.977957     0.202457    0.0510958
      0.1661     0.606004     0.777926
   -0.213322    -0.724791    -0.655112
   -0.961458    0.0366809     0.272494
    0.173471    -0.687992     0.704681
   -0.210996     0.616726    -0.758373
   -0.961478   0.00889455     0.274738
    0.176183     0.787128     0.591091
    0.202175     0.936319    -0.287109
    0.967718    -0.145948     0.205477
   -0.150489     0.319383       0.9356
   -0.200885    -0.786297     -0.58428
   -0.967729    0.0666562     0.243019
    0.152139    -0.614243     0.774312
    -0.19722    -0.831025    -0.520098
   -0.969463    0.0864444     0.229495
    0.145756    -0.549477     0.822697
    0.179593     0.907742    -0.379144
    0.976999    -0.119539     0.176586
   -0.114972     0.402137     0.908332
    0.179441    -0.643621    -0.744011
    0.977681     0.032663     0.207542
   -0.109277    -0.764647     0.635117
   -0.157083     -0.81797    -0.553399
   -0.985249    0.0912767      0.14475
   0.0678886    -0.567974     0.820242
   -0.177195    -0.802674    -0.569487
   -0.977625    0.0769014     0.195796
    0.113366    -0.591439     0.798341
    0.159079     0.947968     0.275773
    0.984361     -0.17371    0.0293017
  -0.0756818    -0.266799     0.960776
    -0.15234    -0.896688     0.415624
   -0.985114     0.171653   0.00925692
   0.0796438     0.408027     0.909489
   -0.184164    -0.913166    -0.363608
   -0.976686     0.128501     0.171964
    0.110308    -0.386801     0.915542
   -0.160381     0.586396    -0.793988
   -0.984875   -0.0416404     0.168186
   0.0655618     0.808954     0.584205
   -0.165971     0.331416    -0.928772
   -0.983863   0.00817974     0.178735
   0.0668327     0.943449      0.32471
   -0.178981    -0.718528    -0.672074
   -0.978971    0.0621017     0.194317
   0.0978855     -0.69272     0.714533
   -0.189654    -0.855268    -0.482232
   -0.972211    0.0949283     0.213995
    0.137245    -0.509417     0.849505
    0.180892     0.978417   -0.0998941
    0.976027    -0.166088     0.140666
   -0.121038     0.122944     0.985005
   -0.185814     0.601691    -0.776815
   -0.970312    0.0122035      0.24155
    0.154819     0.798635     0.581561
   -0.201477     0.581872    -0.787929
   -0.964415    0.0227607     0.263413
    0.171207     0.812962      0.55658
    0.171068     0.954616    -0.243812
    0.975765    -0.129879     0.176107
   -0.136449      0.26803     0.953699
   -0.132042    -0.924766     0.356892
     -0.9902     0.106532   -0.0903093
   0.0454947    -0.365319     -0.92977
   -0.137757     -0.91163     0.387239
   -0.989055      0.10575    -0.102894
   0.0528505    -0.397175     -0.91622
   -0.151748    -0.902354     0.403398
   -0.985597     0.107321    -0.130693
   0.0746387     -0.41742    -0.905643
   -0.134374    -0.902192      0.40987
   -0.989292    0.0983598    -0.107828
   0.0569668     -0.41997    -0.905748
   -0.145205    -0.912347     0.382802
    -0.98636     0.103168    -0.128263
   0.0775274    -0.396205    -0.914883
   -0.121692    -0.878064     0.462811
   -0.989768    0.0723521    -0.122981
   0.0744997    -0.473042    -0.877885
   -0.114969    -0.891304     0.438588
   -0.992055    0.0803218   -0.0968218
   0.0510695    -0.446235    -0.893457
   -0.156062    -0.899807     0.407421
   -0.981459    0.0947952    -0.166588
    0.111276    -0.425865    -0.897918
   -0.137206    -0.903872     0.405204
   -0.984388    0.0788932     -0.15734
    0.110248    -0.420466    -0.900585
   -0.165501    -0.897248     0.409336
   -0.981354     0.108692    -0.158527
    0.097746    -0.427939    -0.898506
   -0.160991    -0.842336     0.514347
   -0.983902    0.0960071    -0.150733
   0.0775868    -0.530333    -0.844232
   -0.148946    -0.904704     0.399157
   -0.986784     0.109939    -0.119038
   0.0638114    -0.411612    -0.909122
   -0.135933    -0.862204     0.487981
     -0.9899    0.0981893     -0.10226
   0.0402548    -0.496953    -0.866843
   -0.160849    -0.861264     -0.48203
   -0.986061     0.119171      0.11611
   0.0425571    -0.493987     0.868427
   -0.119307    -0.910763     0.395317
   -0.992466    0.0982123   -0.0732568
   0.0278946    -0.401079    -0.915619
   -0.101668    -0.897675      0.42877
   -0.993625    0.0705272   -0.0879478
   0.0487086    -0.434978    -0.899123
  -0.0696581    -0.871178     0.486001
   -0.996354    0.0366991   -0.0770217
   0.0492638    -0.489594    -0.870558
  -0.0845988     -0.85444     0.512617
   -0.994302    0.0389027    -0.099249
   0.0648601    -0.518092    -0.852862
  -0.0379735    -0.801878      0.59628
   -0.997148  -0.00854223   -0.0749899
   0.0652263    -0.597427    -0.799266
  -0.0441851    -0.863188     0.502945
   -0.996969   0.00582663   -0.0775863
   0.0640411    -0.504849    -0.860829
  -0.0114027     -0.77783     0.628372
   -0.997481   -0.0351515   -0.0616129
   0.0700125    -0.627492    -0.775469
  -0.0109974    -0.757962     0.652206
   -0.997435   -0.0378231   -0.0607746
   0.0707333    -0.651201    -0.755601
  -0.0451167    -0.834363     0.549366
   -0.995346  -0.00933145    -0.095915
   0.0851543    -0.551137    -0.830058
  -0.0217718    -0.793879     0.607686
   -0.996786    -0.029637   -0.0744301
   0.0770985    -0.607353    -0.790682
  -0.0868668    -0.892326     0.442954
    -0.99151    0.0342556    -0.125436
   0.0967559    -0.450089    -0.887726
   -0.110864    -0.900151     0.421233
   -0.988288    0.0551303    -0.142297
    0.104866    -0.432075     -0.89572
   -0.103845    -0.898132     0.427289
   -0.992102    0.0631485    -0.108378
   0.0703549    -0.435169    -0.897596
   -0.125186    -0.824312     0.552121
   -0.991657     0.121207   -0.0438841
   0.0307467     0.553009     0.832608
   -0.132056    -0.750146     0.647952
   -0.990724     0.121023   -0.0618034
   0.0320557     0.650103     0.759169
   0.0965252     -0.75979     0.642964
    0.995147    0.0612721   -0.0769917
   0.0191018     0.647275     0.762017
   0.0914379    -0.829474     0.551011
    0.995654    0.0663269   -0.0653782
   0.0176826     0.554594     0.831933
    0.105411    -0.754999     0.647198
    0.994328     0.070743    -0.079423
   0.0141795     0.651899     0.758173
   0.0709681     -0.76134     0.644458
    0.995366      0.01203   -0.0953985
   0.0648778     0.648242     0.758666
   0.0729226    -0.581357     0.810374
    0.994972   -0.0135266   -0.0992378
   0.0686542     0.813536     0.577447
  -0.0511423    -0.567647    -0.821682
   -0.993097   -0.0580603     0.101921
   -0.105562     0.821222    -0.560759
  -0.0707763    -0.901836     0.426242
   -0.995628    0.0377544    -0.085441
  -0.0609613     0.430426     0.900565
  -0.0542241    -0.848455     0.526482
   -0.994017  -0.00419931    -0.109145
  -0.0948152      0.52925     0.843151
   0.0574384     0.962381     0.265562
    0.994351   -0.0313657    -0.101401
   0.0892568    -0.269886     0.958746
  -0.0786349    -0.765167     0.639012
   -0.994544    0.0161417    -0.103057
  -0.0685411      0.64363     0.762261
   0.0527801    -0.603152     0.795878
    0.992886   -0.0534886    -0.106381
    0.106734     0.795831     0.596038
   0.0541019    -0.652701     0.755681
    0.992229   -0.0497827    -0.114036
    0.112051     0.755978     0.644936
   0.0795348    -0.657673     0.749093
     0.99349  -0.00918437    -0.113547
   0.0815568     0.753247     0.652661
    0.104579     0.699308    -0.707129
     0.99411   -0.0531653    0.0944441
   0.0284508    -0.712841    -0.700749
     0.11454     0.691145    -0.713582
    0.992847   -0.0552827     0.105821
    0.033689    -0.720599    -0.692533
   -0.142999    -0.817046     0.558558
   -0.989383       0.1328   -0.0590389
    0.025939      0.56107     0.827362
   -0.139298    -0.806967     0.573934
   -0.989657     0.133514   -0.0524727
   0.0342844     0.575307     0.817218
   -0.153482    -0.761105     0.630208
   -0.987744     0.136476   -0.0757349
   0.0283659     0.634108     0.772724
   0.0512422    -0.764186     0.642958
    0.991912   -0.0359175    -0.121743
    0.116127     0.643996     0.756164
   0.0484504    -0.697144     0.715292
     0.99087   -0.0566606     -0.12234
    0.125817     0.714688     0.688034
  -0.0430177    -0.838766     -0.54279
   -0.986979     0.119962    -0.107156
   -0.154993    -0.531112     0.833005
  -0.0434661    -0.882867    -0.467608
   -0.987862     0.107846    -0.111792
   -0.149127    -0.457073     0.876838
  -0.0361775    -0.412157    -0.910394
   -0.985429    -0.136789     0.101087
   -0.166196     0.900786    -0.401203
  -0.0333162    -0.820802      0.57024
   -0.981136     0.135569     0.137814
   -0.190425    -0.554892    -0.809835
   0.0269034    -0.247041    -0.968631
    0.979419     0.200416   -0.0239113
    0.200036    -0.948053     0.247349
  -0.0186389    -0.597252     0.801837
   -0.973705     0.192964     0.121096
    -0.22705    -0.778495    -0.585144
  -0.0292035    -0.679099     0.733466
    -0.98252     0.154468     0.103898
   -0.183854    -0.717611    -0.671739
  -0.0172863    -0.672464     0.739928
   -0.974567     0.176703     0.137824
   -0.223429    -0.718727    -0.658416
  -0.0143782    -0.397308     0.917573
   -0.974513     0.211026    0.0761036
   -0.223868    -0.893093    -0.390216
   0.0193364    -0.187722    -0.982032
    0.978293     0.206244   -0.0201623
    0.206323    -0.960325     0.187635
  -0.0114353    -0.720506     0.693354
   -0.973436     0.166595     0.157064
   -0.228675     -0.67314    -0.703272
 -0.00573657    -0.690619     0.723196
   -0.973387     0.169544     0.154186
   -0.229097    -0.703064    -0.673212
  -0.0167936    -0.602065      0.79827
   -0.978783     0.172959     0.109857
   -0.204209    -0.779489    -0.592196
   0.0307656    -0.417982     0.907934
    0.984403    -0.144749   -0.0999946
    0.173219     0.896849      0.40701
   0.0268842      0.26419    -0.964096
    0.984783      0.15865    0.0709357
    0.171694    -0.951333    -0.255905
   0.0367524    -0.583682      0.81115
    0.988679   -0.0969224    -0.114539
    0.145473     0.806177     0.573512
    0.041551     0.931181     0.362181
    0.989967    0.0106278    -0.140898
    0.135051    -0.364402     0.921397
   0.0333979    -0.622475     0.781927
    0.987869   -0.0981543    -0.120333
    0.151653     0.776461     0.611645
   0.0185883    -0.960587    -0.277358
   -0.979547    0.0380921    -0.197575
   -0.200353    -0.275357     0.940232
  0.00330567    -0.957341    -0.288942
   -0.984722    0.0471904     -0.16762
   -0.174105    -0.285082     0.942558
  -0.0104457    -0.656488     0.754264
   -0.982095     0.148624     0.115757
   -0.188095     -0.73955    -0.646286
  -0.0293158    -0.900491    -0.433885
   -0.987097    0.0944402    -0.129308
   -0.157417    -0.424496     0.891641
  -0.0194608    -0.971845    -0.234818
   -0.989326    0.0526419    -0.135879
   -0.144414    -0.229667     0.962496
   0.0211157     -0.82729     0.561378
    0.983992   -0.0821876     -0.15813
    0.176958     0.555731     0.812311
  -0.0390076    -0.841242      0.53925
    -0.99024     0.104808    0.0918721
   -0.133804    -0.530403    -0.837119
  -0.0499159    -0.906072      0.42017
   -0.988284   -0.0159436    -0.151789
   -0.144231     0.422824     0.894661
   -0.070771    -0.952946     0.294762
   -0.991673    0.0353435    -0.123833
   -0.107588     0.301072     0.947513
  -0.0250796    -0.942619     0.332927
   -0.992024    0.0646196     0.108228
   -0.123532    -0.327557    -0.936721
  -0.0588792    -0.903168      0.42523
   -0.993131    0.0961446    0.0666933
   -0.101119    -0.418382    -0.902625
  -0.0527598     -0.92194     0.383722
   -0.995454     0.079066    0.0530963
  -0.0792909    -0.379176    -0.921921
  -0.0322533    -0.522787    -0.851853
   -0.986844    -0.118436      0.11005
   -0.158423     0.844196     -0.51209
   0.0648629    -0.638387     0.766978
    0.991938   -0.0426019    -0.119347
    0.108864     0.768536     0.630477
    0.025998     0.238963     -0.97068
    0.985115     0.158923    0.0655084
    0.169917    -0.957935    -0.231275
  0.00980322    -0.104646    -0.994461
    0.978442     0.206169   -0.0120496
    0.206288    -0.972905     0.104411
 -0.00833326     -0.96154    -0.274537
   -0.979845    0.0626487    -0.189679
   -0.199584    -0.267423     0.942683
  0.00318806    -0.402602      0.91537
   -0.974897     0.202541    0.0924778
   -0.222631    -0.892686     -0.39185
 0.000942684    -0.438091      0.89893
   -0.973375     0.205647     0.101242
   -0.229216    -0.875092    -0.426233
  0.00854656    -0.627814     0.778317
   -0.976809     0.161287     0.140825
   -0.213944     -0.76147    -0.611875
  -0.0682847    -0.888299     0.454161
    -0.99605    0.0865984     0.019619
  -0.0567572    -0.451028    -0.890703
  -0.0785424    -0.889113     0.450899
   -0.995038    0.0976309    0.0191889
  -0.0610827    -0.447154    -0.892369
   -0.103071    -0.865969      0.48936
   -0.994103     0.106357   -0.0211729
  -0.0337116    -0.488657    -0.871825
  -0.0948484    -0.910262     0.403023
   -0.995108     0.097937   -0.0129921
  -0.0276446    -0.402284    -0.915098
   -0.118571    -0.905115    -0.408298
   -0.992547     0.119687     0.022918
  -0.0281244    -0.407972     0.912561
   -0.116796    -0.881161     0.458164
   -0.993143     0.101258    -0.058429
  0.00509252    -0.461846    -0.886945
   -0.132825    -0.894673     0.426517
   -0.991104     0.116276   -0.0647451
  0.00833204    -0.431323    -0.902159
   -0.101246    -0.841955     0.529963
   -0.994814    0.0908828   -0.0456666
  -0.0097153    -0.531838     -0.84679
   -0.157435    -0.904275     0.396865
     -0.9874     0.150659   -0.0484145
   0.0160112     0.399486     0.916599
    0.126307     0.643969    -0.754553
    0.991491   -0.0577972     0.116642
   0.0315028    -0.762865    -0.645789
  -0.0928845    -0.628468     -0.77227
   -0.992543  -0.00304233     0.121854
  -0.0789306      0.77783    -0.623499
   0.0963245      0.99009    -0.102195
    0.993332    -0.102155   -0.0534324
   0.0633426    0.0963666     0.993328
   -0.105357     -0.88529     0.452948
   -0.994318     0.100743   -0.0343781
  -0.0151969    -0.453996    -0.890874
  -0.0942191    -0.843165     0.529336
   -0.994575      0.10326   -0.0125491
  -0.0440784    -0.527647     -0.84832
   -0.104537    -0.844221    -0.525702
   -0.993377     0.113985    0.0144882
  -0.0476909    -0.523735     0.850545
  -0.0837361    -0.925262     0.369972
    -0.99482     0.099092    0.0226603
   -0.057628    -0.366158    -0.928766
  -0.0897797    -0.802179     0.590296
   -0.993591     0.113013   0.00245991
  -0.0686841    -0.586291    -0.807183
  -0.0656221    -0.805313     0.589206
   -0.994672    0.0998441    0.0256844
  -0.0795128    -0.584381    -0.807574
   -0.053048    -0.927277     0.370598
   -0.995225    0.0795424    0.0565658
  -0.0819304    -0.365828    -0.927069
  -0.0848061     -0.31748    -0.944465
   -0.992261    -0.059375     0.109057
  -0.0907009     0.946404    -0.309988
  -0.0361324    -0.948374     0.315089
   -0.993705    0.0675514    0.0893682
   -0.106039    -0.309877    -0.944845
  -0.0154093    -0.955594     0.294284
   -0.991036    0.0536577     0.122344
   -0.132701    -0.289761    -0.947855
  -0.0180938    -0.934085     0.356593
   -0.992303    0.0604751     0.108063
   -0.122505    -0.351893    -0.927989
 -0.00154398    -0.969296     -0.24589
    -0.98809     0.039314    -0.148771
    -0.15387    -0.242732     0.957813
  0.00348308    -0.891469     0.453067
   -0.989577    0.0621519       0.1299
   -0.143961    -0.448798    -0.881961
   0.0200197    -0.898513      0.43849
    -0.98684    0.0526284     0.152896
   -0.160456    -0.435781    -0.885635
   0.0178251    -0.950051     0.311586
   -0.982886    0.0404981     0.179711
   -0.183353    -0.309457    -0.933069
 -0.00241825    -0.906094      0.42307
   -0.990762     0.059536     0.121846
   -0.135591    -0.418867    -0.897867
   0.0230704    -0.965028    -0.261131
   -0.988555    0.0169318    -0.149909
   -0.149088    -0.261601     0.953592
   0.0189694    -0.974715    -0.222647
   -0.990528    0.0119686    -0.136789
   -0.135995    -0.223132     0.965255
   0.0221032    -0.976595    -0.213949
    0.991429  -0.00615044     0.130499
    0.128761        0.215    -0.968089
   -0.040229     0.999172  -0.00601593
   -0.992421   -0.0406553    -0.115962
    -0.11611   0.00130532     0.993235
   0.0609541    -0.772077     0.632599
    0.990169   -0.0331676    -0.135888
    0.125898     0.634663     0.762465
   0.0723406     0.990842     0.114013
    0.991552   -0.0591069     -0.11546
    0.107664    -0.121402     0.986747
     -0.0449    -0.890194     0.453365
   -0.993422    0.0876424    0.0737023
   -0.105343    -0.447073    -0.888273
   0.0322859    -0.771417      0.63551
    0.991075   -0.0575692     -0.12023
    0.129334      0.63372     0.762674
 -0.00274358    -0.988521    -0.151056
    0.991589   -0.0222353     0.127499
    0.129395     0.149436    -0.980268
   -0.440989    -0.798932    -0.408945
   -0.885916      0.31447     0.340972
    0.143812    -0.512656     0.846464
     -0.4883    -0.539885    -0.685629
   -0.863998     0.409609     0.292794
    0.122765     0.735353    -0.666472
     0.46769     0.143294      -0.8722
    0.878187    -0.187266     0.440135
   -0.100265    -0.971802    -0.213421
   -0.508996    -0.271205    -0.816928
   -0.855938      0.25988     0.447026
   0.0910678     0.926774    -0.364413
   -0.531012    -0.506022    -0.679682
   -0.839779     0.421347     0.342399
    0.113121     0.752601    -0.648687
   -0.481395    -0.263715     -0.83589
   -0.873101     0.228222     0.430824
   0.0771535     0.937213    -0.340115
   -0.531686    -0.437878    -0.724965
   -0.841683      0.36842     0.394761
   0.0942345     0.820079    -0.564438
    -0.51189    -0.317899    -0.798065
   -0.855639     0.271391     0.440714
   0.0764851     0.908453     -0.41093
   -0.523025    -0.401835    -0.751647
   -0.847515     0.338681     0.408673
   0.0903496     0.850779    -0.517699
   -0.553823     -0.49851    -0.666909
   -0.824877     0.437575     0.357921
    0.113395     0.748342    -0.653548
    -0.54291    -0.395669    -0.740739
   -0.833347     0.362891     0.416945
    0.103835     0.843657    -0.526746
   -0.561163    -0.321521    -0.762706
    -0.81825     0.354382     0.452638
    0.124757     0.878088     -0.46195
   -0.477755    -0.334425    -0.812348
   -0.876143     0.248981     0.412774
   0.0642172     0.908938    -0.411956
   -0.497587    -0.214357    -0.840511
   -0.863958     0.208885     0.458195
   0.0773529     0.954158    -0.289134
   -0.472306    -0.318676    -0.821811
   -0.878951     0.240215     0.411997
   0.0661178      0.91692    -0.393555
   -0.450698    -0.398277    -0.798904
   -0.890931     0.256626     0.374679
    0.055793     0.880635    -0.470498
   -0.452062    -0.364053    -0.814313
   -0.889602     0.250712     0.381773
   0.0651727        0.897      -0.4372
    0.408387     0.187962    -0.893247
    0.911001    -0.145491     0.385889
  -0.0574265    -0.971341     -0.23065
      0.4032     0.209718    -0.890757
     0.91227    -0.168771     0.373203
  -0.0720666    -0.963086    -0.259368
   -0.432042    -0.318583    -0.843709
   -0.897786     0.240687      0.36885
   0.0855604     0.916828    -0.390007
    0.382709   -0.0910724    -0.919369
    0.920072   -0.0525506     0.388208
  -0.0836684    -0.994457    0.0636816
    0.360797     0.180545    -0.915002
    0.930553     -0.13535     0.340223
  -0.0624198    -0.974209    -0.216841
    0.350216    -0.207492    -0.913398
     0.93443    0.0100062     0.356006
  -0.0647288    -0.978186     0.197391
   -0.310025      0.59658    -0.740255
   -0.947516    -0.129925     0.292119
   0.0780939     0.791967     0.605549
    0.424287     0.861739    -0.278183
    0.898323    -0.361883     0.249111
      -0.114     0.355593     0.927662
   -0.544302    -0.417801    -0.727446
   -0.824355     0.427108     0.371507
    0.155482     0.801886    -0.576892
    0.533684     0.245298    -0.809327
    0.836059    -0.297012      0.46129
   -0.127226    -0.922829    -0.363594
   -0.496916 -0.000250466    -0.867799
   -0.848945     0.207458      0.48606
     0.17991     0.978244    -0.103302
     0.51019    0.0802788    -0.856307
     0.83516     -0.28409     0.470957
   -0.205461    -0.955431    -0.211986
    0.485551   -0.0626793    -0.871958
     0.86094     -0.13883     0.489396
   -0.151729    -0.988331   -0.0134462
    0.455466    -0.174997    -0.872884
    0.859521    -0.168956     0.482366
   -0.231892    -0.969964    0.0734602
    0.429128     0.067955    -0.900684
    0.878945    -0.261154     0.399067
   -0.208099    -0.962902    -0.171797
    0.396359   -0.0428165    -0.917097
    0.885385    -0.246439     0.394159
   -0.242885    -0.968212   -0.0597692
   -0.480916   -0.0030776    -0.876761
   -0.838076     0.295397      0.45866
    0.257581      0.95537     -0.14464
    0.421943   -0.0634479      -0.9044
    0.862861    -0.278078     0.422071
   -0.278273    -0.958461   -0.0625863
    0.445677     0.174703    -0.877981
    0.839825    -0.421172     0.342502
   -0.309945    -0.889996    -0.334427
   -0.421729    -0.634603    -0.647629
   -0.890011     0.426219     0.161919
    0.173278     0.644683    -0.744553
    0.380909    -0.299893    -0.874627
    0.899454   -0.0989772     0.425659
    -0.21422    -0.948825     0.232038
   -0.371193    -0.742461     0.557645
   -0.911573     0.405706   -0.0666171
    0.176779     0.533062     0.827402
    0.418882     0.176534    -0.890715
     0.89607     -0.23911     0.374011
   -0.146954     -0.95481    -0.258346
    0.467007     0.141975    -0.872782
    0.873916    -0.224588      0.43108
   -0.134814    -0.964056    -0.228958
    0.453032     0.214955    -0.865192
    0.884542     -0.22935     0.406182
   -0.111121    -0.949312     -0.29404
    0.498129     0.235399    -0.834539
    0.861457    -0.244003      0.44537
  -0.0987899    -0.940771    -0.324331
    0.513927     0.100339    -0.851945
     0.84966    -0.196314     0.489427
    -0.11814    -0.975394    -0.186145
   -0.477796     -0.28424    -0.831215
    -0.87464     0.242193     0.419937
   0.0819515     0.927659    -0.364326
   -0.381882    -0.727016     0.570626
   -0.922799     0.334055     -0.19196
   0.0510622     0.599879     0.798459
   -0.396427     -0.65649     0.641768
   -0.915551     0.334415    -0.223459
    0.067918     0.676156     0.733621
     0.39806     0.884421     0.243615
    0.913266    -0.407113   -0.0142675
  -0.0865604    -0.228165     0.969767
   -0.429779    -0.742148     0.514301
    -0.90005     0.397611    -0.178371
   0.0721144     0.539557     0.838855
   -0.428369    -0.635073     0.642793
   -0.901495     0.348933    -0.256032
   0.0616926     0.689151     0.721987
   -0.431579    -0.488031     -0.75866
   -0.897908     0.313156     0.309346
   0.0866084     0.814714    -0.573358
    -0.43761    -0.464866    -0.769674
   -0.896416     0.292434     0.333047
   0.0702562     0.835692    -0.544685
   -0.443395    -0.400083    -0.802081
   -0.893394     0.269598     0.359395
   0.0724517     0.875928     -0.47697
   -0.437386    -0.402111    -0.804363
   -0.896544      0.26463     0.355219
   0.0700211     0.876514    -0.476256
    -0.43845    -0.606007    -0.663715
   -0.896567     0.346419     0.275973
   0.0626819     0.716065    -0.695213
    0.425609     0.443603    -0.788716
    0.902298    -0.274179     0.332692
  -0.0686666    -0.853254    -0.516955
    0.424422     0.549649     -0.71955
    0.902824     -0.31753      0.28997
  -0.0690967    -0.772697    -0.631003
   -0.455052     -0.32781     -0.82793
   -0.887049     0.248242     0.389256
   0.0779251     0.911546    -0.403746
   -0.453375    -0.393547    -0.799733
   -0.889216     0.261326     0.375506
   0.0612119     0.881379    -0.468427
    0.437767      0.15129    -0.886268
    0.893348     -0.18441     0.409785
    -0.10144    -0.971136    -0.215883
   -0.402658    -0.353025    -0.844535
    -0.90649     0.281853     0.314379
    0.127051      0.89215    -0.433504
   -0.397313    -0.724886     0.562746
   -0.911719     0.381603    -0.152144
    0.104459     0.573515     0.812508
   -0.366489    -0.809374     0.458912
   -0.924187     0.373678   -0.0790117
    0.107535     0.453077     0.884962
   -0.363911    -0.774742     0.517053
   -0.921219     0.381358   -0.0769505
    0.137565     0.504322     0.852488
    -0.37137     -0.46503    -0.803637
   -0.925368     0.256233     0.279353
   0.0760109     0.847403    -0.525481
    0.393101    -0.500277     0.771489
    0.915914     0.287028    -0.280565
  -0.0810792     0.816907     0.571042
   -0.394952    -0.412188     0.821044
   -0.915277      0.25364    -0.312947
   0.0792565     0.875082     0.477442
   -0.349229    -0.338221    -0.873868
   -0.932094     0.221051     0.286943
   0.0961189     0.914737    -0.392451
    -0.35617    -0.416351    -0.836537
   -0.928942     0.254581     0.268805
    0.101049     0.872834     -0.47744
    0.362492     0.472301     -0.80345
    0.929012    -0.251942      0.27104
  -0.0744104    -0.844664      -0.5301
   -0.312635    -0.362949    -0.877797
   -0.944226     0.219369      0.24559
    0.103425     0.905619    -0.411288
   -0.321693     -0.46527    -0.824644
   -0.942807     0.237741     0.233654
   0.0873395     0.852645    -0.515139
    0.282756     0.886601    -0.366044
    0.954979     -0.22448     0.193969
  -0.0898034      0.40441     0.910158
   -0.310902    -0.427022    -0.849113
   -0.942344     0.254866     0.216865
    0.123804      0.86758     -0.48164
    0.273083      0.14473    -0.951041
    0.954874    -0.160815      0.24971
   -0.116801    -0.976316    -0.182114
    0.282429    -0.206169    -0.936871
    0.949837   -0.0766514     0.303206
   -0.134324    -0.975509     0.174179
   -0.336875     -0.29674    -0.893566
   -0.938292     0.184671      0.29241
   0.0782465     0.936932     -0.34064
   -0.294558     0.480177    -0.826236
   -0.952772   -0.0806974      0.29277
   0.0739062     0.873452     0.481269
   -0.381253     -0.33965    -0.859816
   -0.922267     0.203918     0.328392
    0.063794     0.918181    -0.390992
   -0.422345    -0.384728     0.820737
   -0.904416     0.239258    -0.353252
   0.0604623     0.891482     0.449004
   -0.406078      -0.4199     0.811655
   -0.911117     0.254524    -0.324165
   0.0704692     0.871149     0.485935
   -0.436061     -0.29329    -0.850783
   -0.837865     0.477292     0.264904
    0.328378     0.828356    -0.453866
   -0.407515    -0.389605    -0.825917
   -0.866607     0.450187     0.215228
    0.287964     0.803455    -0.521093
   -0.413692    -0.447156    -0.793039
   -0.861194     0.474742     0.181561
    0.295303     0.758071    -0.581485
   -0.438331    -0.263556    -0.859305
   -0.830443     0.484493      0.27501
    0.343847     0.834149    -0.431237
   -0.395546     -0.36089    -0.844572
   -0.883478      0.40083     0.242491
    0.251017     0.842077    -0.477385
   -0.433565    -0.285626    -0.854657
   -0.854515     0.431388     0.289323
    0.286051     0.855758    -0.431107
   -0.414723    -0.318733    -0.852299
   -0.879368     0.381164     0.285351
    0.233915     0.867827    -0.438361
   -0.444834     0.556642    -0.701622
   -0.872474   -0.0924045     0.479845
    0.202268     0.825598      0.52676
   -0.448833    -0.452893    -0.770349
   -0.824666     0.541967     0.161855
    0.344201     0.707927    -0.616738
   -0.447051     0.587643    -0.674405
     -0.8519   -0.0497794     0.521333
    0.272786     0.807588     0.522867
    0.457532     0.844905     0.277129
    0.824032    -0.519995     0.224893
   -0.334119    -0.125467     0.934143
    0.385297     0.184585    -0.904143
    0.906259    -0.260328     0.333052
   -0.173897    -0.947712    -0.267585
   -0.423984     0.334072    -0.841804
   -0.896627   -0.0238156     0.442145
     0.12766     0.942247     0.309635
     0.40199    -0.209685    -0.891312
    0.913425    0.0241033     0.406293
  -0.0637098    -0.977472     0.201221
    -0.35937    -0.375801    -0.854182
   -0.925764     0.258855     0.275601
    0.117538     0.889813    -0.440928
    0.362863   -0.0791092    -0.928478
    0.908144    -0.193259     0.371382
   -0.208817    -0.977953   0.00171595
    0.348589     0.154914    -0.924385
    0.923113    -0.227546     0.309976
   -0.162321    -0.961366    -0.222323
     0.36235     0.156957    -0.918731
    0.906602    -0.288086      0.30835
   -0.216276    -0.944654    -0.246686
    0.380837    -0.191458    -0.904603
    0.886928    -0.200921      0.41592
   -0.261385    -0.960716    0.0932912
   -0.350986    -0.304447    -0.885506
   -0.919742     0.289569     0.264999
    0.175737     0.907448    -0.381648
    0.451676     0.870873    -0.193827
    0.828731    -0.329068     0.452679
   -0.330444     0.365095     0.870352
   -0.447267    -0.718787    -0.532257
   -0.857345     0.175036     0.484068
    0.254778    -0.672835     0.694537
   -0.437164    -0.777303    -0.452425
   -0.864779     0.225095     0.448876
    0.247074     -0.58748     0.770598
      0.4256     0.889464    -0.166486
    0.843803    -0.323623     0.428094
   -0.326896     0.322678     0.888267
   -0.433457       0.5945    -0.677263
   -0.884977    -0.138964     0.444415
    0.170089     0.791997     0.586354
   -0.406831    -0.744718    -0.529041
   -0.883672     0.174039      0.43455
    0.231543    -0.644287     0.728891
   -0.419346     0.558941    -0.715356
   -0.895556    -0.125581     0.426858
    0.148754     0.819643     0.553225
    0.393669     0.871049    -0.293768
    0.909124    -0.321606     0.264696
   -0.136086     0.371274     0.918497
    0.408513     0.901261    -0.144383
    0.854205    -0.321754     0.408422
   -0.321638     0.290178     0.901302
    0.384533     0.894731    -0.227136
    0.896406    -0.303172      0.32333
   -0.220432     0.327937     0.918622
    0.383512     0.874453     -0.29707
    0.870551     -0.23491     0.432387
   -0.308317      0.42444     0.851346
   -0.418447    -0.677803    -0.604554
    -0.90621     0.267084     0.327795
   0.0607134    -0.685018     0.725992
   -0.392395    -0.719366    -0.573183
   -0.918825     0.277932     0.280203
    0.042263    -0.636605     0.770031
   -0.391768     0.395415    -0.830762
   -0.919898    -0.185512     0.345504
  -0.0174988     0.899573      0.43642
   -0.420363     0.615621    -0.666563
   -0.907351    -0.287603     0.306591
 -0.00296122     0.733686     0.679482
   -0.426633     0.561212    -0.709242
    -0.89845       -0.173     0.403557
    0.103782      0.80939     0.578029
   -0.422405     0.572662     -0.70259
   -0.906396    -0.263011     0.330562
  0.00451133     0.776456     0.630156
   -0.435417     0.440085    -0.785326
   -0.893721    -0.106614      0.43577
     0.10805     0.891604     0.439735
   -0.440084    -0.687779     -0.57731
   -0.876605     0.189695     0.442244
    0.194653    -0.700697     0.686392
   -0.413694     0.490106    -0.767238
   -0.909509     -0.18488     0.372306
   0.0406225     0.851831      0.52224
   -0.438575    -0.690967    -0.574645
   -0.886295       0.4384     0.149286
   -0.148773    -0.574779     0.804671
   -0.436512     0.601157    -0.669379
   -0.888434    -0.405379     0.215298
   -0.141924     0.688679     0.711041
   -0.418802    -0.750885    -0.510662
   -0.898261     0.425026     0.111712
   -0.133162    -0.505493     0.852493
   -0.421827     0.547719    -0.722541
   -0.897692    -0.364206     0.247998
    -0.12732     0.753231     0.645316
   -0.432763     0.538145    -0.723267
   -0.890282    -0.381329     0.248969
   -0.141821     0.751657     0.644126
   -0.410612     0.577303    -0.705775
   -0.906936    -0.338512     0.250752
  -0.0941534     0.743055     0.662574
   -0.413333     0.546782    -0.728138
   -0.904043    -0.342057     0.256326
    -0.10891     0.764216     0.635698
   -0.404915     0.520202    -0.751953
   -0.911314    -0.296609     0.285534
  -0.0745005     0.800883     0.594169
   -0.393709      0.37259    -0.840339
   -0.918185    -0.203082     0.340138
  -0.0439255     0.905502     0.422062
    -0.42305    -0.678937    -0.600061
    -0.89768     0.404145     0.175606
   -0.123287    -0.612953     0.780441
    0.395276    -0.256798    -0.881936
    0.915999     0.181876     0.357585
   0.0685764    -0.949198     0.307118
   -0.406161     0.459359    -0.789951
   -0.909516    -0.286841     0.300837
  -0.0883984     0.840661     0.534298
   -0.402655      0.48054     -0.77907
   -0.914823    -0.240183     0.324669
  -0.0311031     0.843441      0.53632
    -0.39874     0.367181    -0.840348
    -0.91706    -0.157044     0.366521
  0.00260833     0.916796     0.399347
   -0.410658     0.606333     -0.68097
   -0.910081    -0.318275     0.265431
  -0.0557964      0.72874     0.682514
   -0.405261     0.610499    -0.680481
   -0.911793    -0.323908     0.252422
  -0.0663093     0.722755     0.687916
   -0.409457     0.444118    -0.796934
   -0.905439    -0.304968     0.295253
   -0.111912     0.842469     0.526993
    0.403168    -0.630365    -0.663397
     0.90831     0.363955     0.206177
     0.11148    -0.685695     0.719302
   -0.391457      0.52096    -0.758526
   -0.916631    -0.293255     0.271642
  -0.0809273     0.801625     0.592325
   -0.417923    -0.694509     -0.58566
   -0.898277     0.412257     0.152127
   -0.135788    -0.589662     0.796153
    0.379836    -0.355443    -0.854041
    0.924133      0.18698     0.333191
   0.0412581    -0.915805     0.399498
   -0.361147     0.286532    -0.887396
   -0.932399    -0.125567     0.338918
  -0.0143166     0.949806     0.312511
   -0.355398   0.00637634    -0.934693
   -0.934437    0.0219774      0.35545
   0.0228086     0.999738  -0.00185243
   -0.373613    -0.374173    -0.848769
   -0.927576     0.146846     0.343567
 -0.00391507     0.915659    -0.401937
    0.343659    0.0540174     -0.93754
    0.937015   -0.0861246     0.338504
  -0.0624601    -0.994819   -0.0802126
   -0.358669    -0.388369    -0.848838
   -0.931896     0.201675     0.301492
   0.0540991     0.899164    -0.434254
   -0.346584     -0.65805     0.668469
   -0.933512     0.311746    -0.177115
   0.0918414     0.685409     0.722343
   -0.373585    -0.643802     0.667798
   -0.927157     0.281317    -0.247469
   0.0285417     0.711604     0.702001
   -0.344458    -0.672418     0.655136
   -0.929052     0.344467    -0.134924
    0.134947     0.655131     0.743366
   -0.342218    -0.701595     0.625022
   -0.933076     0.332117    -0.138081
    0.110704     0.630447     0.768298
   -0.364796    -0.488757     -0.79249
   -0.929558     0.239953     0.279902
   0.0533563     0.838772    -0.541862
    0.361116     0.286076    -0.887556
     0.93252    -0.112182     0.343252
 -0.00137152    -0.951617    -0.307282
   -0.659902    0.0069535     -0.75132
   -0.578573     0.633263     0.514035
    0.479357     0.773905    -0.413868
    -0.67009    -0.283364    -0.686065
   -0.571496     0.786761     0.233234
    0.473679     0.548371    -0.689142
   -0.671335    -0.251822    -0.697062
    -0.61593     0.712681     0.335733
    0.412237      0.65473    -0.633552
   -0.672648    -0.255536     -0.69444
    -0.61852     0.709309     0.338102
    0.406175     0.656949    -0.635169
    -0.67051    -0.207923    -0.712169
   -0.579592     0.746035     0.327879
    0.463129     0.632613    -0.620735
   -0.665415    -0.213295    -0.715352
   -0.657558     0.621082     0.426469
    0.353328     0.754164    -0.553531
   -0.673456    -0.282873    -0.682964
   -0.613986     0.728561     0.303679
    0.411679     0.623844    -0.664333
   -0.665219    -0.285842    -0.689767
   -0.652639     0.671358     0.351199
