  -0.0448221    -0.800915     0.597098
   -0.996361  -0.00753289   -0.0848976
   0.0724936    -0.598731    -0.797663
   -0.065406    -0.915268     0.397501
   -0.996435    0.0386382   -0.0749899
   0.0532771    -0.400989    -0.914532
  -0.0990876    -0.877498     0.469232
   -0.994302     0.068684   -0.0815225
   0.0393071    -0.474636    -0.879304
   -0.118273    -0.908158     0.401573
   -0.992373    0.0939482   -0.0798146
   0.0347571     -0.40795    -0.912342
   -0.132791    -0.906621     0.400506
   -0.990777     0.110429   -0.0785243
   0.0269645    -0.407239    -0.912923
   -0.132967    -0.892347      0.43132
   -0.991034     0.113948   -0.0697722
   0.0131131     -0.43673    -0.899497
   -0.141815    -0.878024     0.457124
   -0.989866     0.122373   -0.0720401
  0.00731354    -0.462708    -0.886481
   -0.136947    -0.872524     0.468986
    -0.99032     0.109779    -0.084942
   0.0226291    -0.476078    -0.879112
   -0.133357    -0.840728     0.524778
   -0.991068     0.112695   -0.0713062
 0.000809103      -0.5296    -0.848247
   -0.131869    -0.894249     0.427703
   -0.990973     0.108408    -0.078873
   0.0241655    -0.434242    -0.900472
   -0.124845    -0.805527     0.579258
   -0.992173     0.102889   -0.0707593
  -0.0026006    -0.583558    -0.812067
   -0.114346    -0.865509     0.487666
   -0.993364    0.0935128   -0.0669538
   0.0123461    -0.492086    -0.870459
   -0.131958    -0.808598     0.573373
   -0.980748     0.190498    0.0429369
    0.143945     0.556668     0.818169
    0.166104     0.948634     0.269265
    0.971684    -0.203987     0.119244
   -0.168046    -0.241833     0.955655
   -0.141437    -0.869884     0.472544
   -0.978166     0.196229     0.068453
    0.152273     0.452544     0.878645
   -0.167388      0.65402    -0.737725
   -0.971376    0.0185243     0.236825
    0.168554      0.75625     0.632199
    -0.18888    -0.832037    -0.521573
   -0.965021    0.0589271     0.255464
    0.181821    -0.551581     0.814064
    0.142206     0.259395    -0.955244
    0.977923    -0.186096     0.095048
   -0.153112    -0.947672    -0.280132
   -0.189882    -0.777078    -0.600079
   -0.966175    0.0392621     0.254882
    0.174503    -0.628179     0.758248
   -0.173499    -0.879538    -0.443069
   -0.971495    0.0790546      0.22349
    0.161541    -0.469215     0.868183
   -0.187207    -0.682013    -0.706974
   -0.968509   0.00788567     0.248855
    0.164147    -0.731298     0.662012
   -0.207135    -0.811079    -0.547033
   -0.960434      0.06218     0.271476
    0.186174    -0.581622     0.791868
   -0.204327    -0.772257    -0.601556
   -0.962843    0.0476932     0.265817
    0.176589    -0.633518     0.753307
   -0.217514    -0.805302    -0.551522
   -0.958162    0.0684675     0.277917
    0.186045    -0.588898     0.786502
   -0.149752    -0.873456    -0.463302
   -0.977932    0.0618077      0.19957
     0.14568    -0.482964     0.863437
   -0.169224    -0.889251    -0.424965
    -0.97452    0.0865637     0.206924
    0.147221    -0.449154     0.881242
   -0.155632    -0.909046    -0.386541
   -0.979844    0.0924554      0.17708
    0.125236    -0.406309     0.905113
   -0.129563    -0.913573     0.385483
   -0.984287    0.0714603    -0.161467
    0.119965    -0.400347    -0.908477
    0.124108      0.97532    -0.182615
    0.983038    -0.095809     0.156386
    -0.13503     0.198926     0.970667
  -0.0967205    -0.910178     0.402766
   -0.989931     0.045949    -0.133886
    0.103354     -0.41166    -0.905458
  -0.0865235    -0.874748     0.476792
   -0.989571     0.130788    0.0603722
    0.115169     0.466596     0.876941
   -0.113908    -0.780055     0.615255
   -0.984111     0.173491    0.0377639
    0.136199     0.601178     0.787423
  -0.0782259    -0.837784     0.540369
   -0.990601     0.126325    0.0524506
    0.112205     0.531187     0.839792
  -0.0592818    -0.892284     0.447566
   -0.994643    0.0147647    -0.102309
   0.0846803    -0.451233    -0.888379
   0.0485432     0.976436     0.210277
     0.99454    -0.066723    0.0802399
  -0.0923794    -0.205234     0.974343
  -0.0240748    -0.851995     0.522996
   -0.997539    -0.013989   -0.0687082
   0.0658553    -0.523363    -0.849561
   -0.108438    -0.787778     0.606339
   -0.985354     0.165919    0.0393465
      0.1316     0.593192     0.794232
    -0.21733    -0.734653    -0.642692
   -0.960488      0.04367     0.274876
    0.173872    -0.677036     0.715116
   -0.209356    -0.855598    -0.473416
   -0.964125    0.0998129      0.24597
    0.163198    -0.507927     0.845799
    -0.20456     -0.80638    -0.554894
   -0.968331    0.0838046     0.235186
    0.143147     -0.58543     0.797985
   -0.211106    -0.865216    -0.454792
   -0.964838     0.109909     0.238764
    0.156596    -0.489205     0.857995
   -0.200018    -0.816564    -0.541494
   -0.970388    0.0887089     0.224672
    0.135423    -0.570398     0.810128
    -0.19198    -0.803636    -0.563306
   -0.973828     0.084834     0.210862
    0.121669    -0.589044     0.798889
   -0.190022    -0.828964    -0.526033
   -0.975084    0.0968835     0.199559
    0.114463    -0.550847      0.82672
   -0.178469    -0.896855     0.404722
   -0.980549     0.196258   0.00251402
   0.0816846     0.396401     0.914436
   -0.190908    -0.778998    -0.597257
   -0.974185    0.0756708     0.212693
    0.120492    -0.622443     0.773334
    -0.17425    -0.739624     0.650072
   -0.981404     0.184424   -0.0532333
    0.080516     0.647259     0.758006
   -0.172126    -0.784768      0.59541
    -0.98186     0.185474   -0.0393835
    0.079526     0.591388     0.802456
   -0.188068    -0.824599    -0.533543
   -0.976654    0.0995925     0.190339
    0.103816    -0.556883     0.824077
   -0.175788    -0.707564     0.684435
   -0.982202     0.172795   -0.0736305
    0.066169     0.685197     0.725346
   -0.181268    -0.816785     0.547726
   -0.981426     0.185818   -0.0477017
   0.0628152     0.546199     0.835297
   -0.181807    -0.792118    -0.582663
   -0.979242    0.0918428     0.180693
   0.0896168    -0.603419     0.792373
   -0.190386     -0.89174    -0.410551
   -0.973366     0.117062     0.197117
    0.127717    -0.437145     0.890277
   -0.179181    -0.904463    -0.387093
   -0.977358      0.11864     0.175199
    0.112536    -0.409721     0.905242
   -0.184028    -0.769241    -0.611884
   -0.972517    0.0521615     0.226916
    0.142636    -0.636826     0.757699
   -0.199303    -0.824158    -0.530134
   -0.967611    0.0799755     0.239441
    0.154939    -0.560685     0.813404
   -0.170096    -0.837843    -0.518736
   -0.977965    0.0788635     0.193301
    0.121047    -0.540186     0.832795
   -0.136529    -0.908354     0.395287
   -0.989871     0.109415   -0.0904616
   0.0389206    -0.403634    -0.914092
   -0.141797    -0.897717      0.41713
   -0.988898     0.109552    -0.100392
    0.044426    -0.426734    -0.903285
   -0.159758    -0.914007     0.372918
    -0.98496     0.122408     -0.12194
   0.0658063     -0.38679    -0.919817
   -0.145163     -0.85583      0.49647
    -0.98848     0.103717    -0.110231
   0.0428462    -0.506752    -0.861026
   -0.151024    -0.912213     0.380866
   -0.986283     0.113086    -0.120236
   0.0666102      -0.3938    -0.916779
   -0.136267    -0.904827     0.403386
   -0.988523    0.0973825    -0.115494
   0.0652195    -0.414494    -0.907712
   -0.131793    -0.905243     0.403939
   -0.990226     0.101461   -0.0957022
   0.0456498    -0.412603    -0.909766
   -0.158422    -0.923921     0.348242
    -0.98238     0.112074     -0.14956
   0.0991529      -0.3658    -0.925397
   -0.147667    -0.933094     0.327917
   -0.984372     0.106494    -0.140251
   0.0959461    -0.343503    -0.934238
   -0.164464    -0.889199     0.426938
   -0.982373      0.10867    -0.152098
   0.0888507    -0.444427    -0.891398
   -0.166056    -0.868948     0.466213
   -0.983961     0.114766    -0.136562
   0.0651604    -0.481412    -0.874069
    -0.15263    -0.918826     0.363955
   -0.986637     0.120417    -0.109762
   0.0570253    -0.375844    -0.924927
   -0.137667     -0.90519     0.402092
   -0.989818     0.110909   -0.0892127
   0.0361588     -0.41028    -0.911243
   -0.163279    -0.891849    -0.421835
   -0.985806     0.130558     0.105547
   0.0390584    -0.433082     0.900508
   -0.125222    -0.927044     0.353426
   -0.991737     0.106956   -0.0708335
   0.0278649    -0.359375    -0.932777
   -0.116376    -0.897763     0.424827
   -0.992523    0.0892736   -0.0832328
   0.0367976    -0.431337     -0.90144
  -0.0910649    -0.870323     0.483989
   -0.995154    0.0614325   -0.0767735
    0.037085    -0.488635      -0.8717
  -0.0925039    -0.860877     0.500333
   -0.994606    0.0562094   -0.0871732
   0.0469221    -0.505698    -0.861434
  -0.0592227    -0.866376     0.495868
   -0.997025    0.0267907   -0.0722686
   0.0493272    -0.498673    -0.865386
  -0.0621606    -0.868284     0.492158
   -0.996961    0.0308196   -0.0715451
   0.0469533     -0.49511    -0.867561
  -0.0318222    -0.826301     0.562329
   -0.998056  -0.00389653   -0.0622056
   0.0535917    -0.563215    -0.824571
   -0.037233    -0.809628     0.585761
   -0.997082  -0.00899438   -0.0758098
   0.0666463    -0.586874     -0.80693
  -0.0594789    -0.901029     0.429661
   -0.996211    0.0262173   -0.0829282
   0.0634562    -0.432965    -0.899174
  -0.0319511    -0.846009     0.532211
   -0.998177 -0.000267764   -0.0603509
   0.0511999    -0.533169    -0.844458
  -0.0907418    -0.865124     0.493281
   -0.993083    0.0415446    -0.109821
   0.0745159    -0.499835    -0.862909
   -0.122182    -0.873512     0.471219
   -0.988998    0.0672578    -0.131758
    0.083399    -0.482133    -0.872119
   -0.119663    -0.863846     0.489338
   -0.991316    0.0768932    -0.106676
   0.0545245    -0.497853    -0.865546
   -0.145748    -0.866898     0.476702
   -0.988588     0.146175   -0.0364282
   0.0381025     0.476572      0.87831
   -0.148304    -0.883161     0.445009
   -0.988327     0.148227   -0.0352002
   0.0348752     0.445035     0.894834
   -0.121589    -0.786332     0.605721
   -0.992448    0.0863442   -0.0871277
  -0.0162109      0.61174     0.790893
    0.119904     0.971633     0.203845
    0.992762    -0.115927   -0.0313849
  0.00686344    -0.206133       0.9785
    -0.12222    -0.794347     0.595042
   -0.992357    0.0875079   -0.0870098
  -0.0170452     0.601128     0.798971
  -0.0978509     -0.62081     -0.77783
   -0.993922    0.0213415     0.108002
  -0.0504485      0.78367    -0.619125
   0.0928875     0.757509     0.646183
    0.993873   -0.0314961    -0.105945
    0.059902    -0.652065     0.755793
  -0.0721037    -0.752863     0.654216
   -0.992914  -0.00793984     -0.11857
  -0.0944612      0.65813     0.746955
  -0.0959356    -0.803455     0.587585
   -0.994283    0.0495544   -0.0945777
  -0.0468716     0.593299     0.803616
  -0.0712029    -0.721941     0.688281
   -0.992921   -0.0144683    -0.117894
  -0.0950707     0.691803       0.7158
   0.0785477     0.266227    -0.960705
    0.993297    0.0610709    0.0981363
   0.0847976    -0.961974    -0.259646
   0.0974445     0.622751    -0.776328
    0.993224   -0.0112162     0.115672
   0.0633273     -0.78234    -0.619624
  -0.0781724    -0.546406    -0.833864
   -0.992523   -0.0359894     0.116629
  -0.0937371     0.836747    -0.539508
   0.0823193    -0.677632     0.730779
    0.991345   -0.0195664    -0.129814
    0.102265     0.735141     0.670156
    0.103467     0.669519    -0.735553
    0.992267   -0.0185032     0.122736
   0.0685638    -0.742564    -0.666256
    0.126265     0.748365     0.651158
    0.991845     -0.08376   -0.0960628
    0.017349    -0.657977     0.752838
    0.133049     0.650346    -0.747896
    0.990907   -0.0720173     0.113656
   0.0200542    -0.756217    -0.654014
   -0.157916     -0.73083     0.664041
   -0.987091     0.135028   -0.0861324
   0.0267158      0.66907     0.742719
   -0.153107    -0.628239    -0.762807
   -0.987624     0.123852    0.0962276
   0.0340211     0.768099    -0.639427
   -0.162055    -0.572736    -0.803562
   -0.986577      0.11064     0.120105
   0.0201177     0.812239    -0.582978
   0.0654192     0.694301    -0.716705
    0.991441    0.0360999     0.125468
    0.112985    -0.718779    -0.685997
   0.0629596     0.961107     0.268903
    0.990652   -0.0275131     -0.13361
    0.121015    -0.274801     0.953855
   -0.052927    -0.901257    -0.430039
   -0.986455     0.114141    -0.117805
   -0.155258    -0.417979     0.895091
  -0.0502777    -0.916757     -0.39627
   -0.987313     0.105458    -0.118705
   -0.150614    -0.385274     0.910428
   0.0497778     0.959261    -0.278103
    0.985434   -0.0925058    -0.142697
    0.162609     0.266949     0.949893
  -0.0365821     0.658138    -0.752008
   -0.980041    -0.170769    -0.101777
   -0.195403     0.733275     0.651249
  -0.0348349    -0.945099    -0.324923
   -0.978534    0.0983333    -0.181112
    -0.20312    -0.311639     0.928237
   -0.021925    -0.721282     0.692294
   -0.972917     0.174775     0.151281
   -0.230113    -0.670228     -0.70558
    0.036483     0.949575      0.31141
    0.980958    0.0254558    -0.192545
    0.190763    -0.312505     0.930564
  -0.0201133    -0.625383     0.780059
   -0.972685     0.192705     0.129414
   -0.231255    -0.756149    -0.612177
  -0.0155654    -0.592355     0.805527
   -0.974189     0.190432     0.121212
   -0.225198    -0.782848     -0.58003
  -0.0304152     0.590823    -0.806228
   -0.977751    -0.185077   -0.0987425
   -0.207553     0.785287     0.583306
  -0.0187024     -0.50384     0.863595
   -0.972379     0.210156     0.101552
   -0.232656    -0.837842    -0.493854
  -0.0143151    -0.542777     0.839755
   -0.972572     0.202557     0.114344
   -0.232161    -0.815085    -0.530789
   0.0276092    -0.301983    -0.952913
    0.978205      0.20442   -0.0364397
    0.205799    -0.931138     0.301045
  -0.0443313    -0.501866    -0.863808
   -0.984045      -0.1272     0.124404
   -0.172311     0.855541     -0.48822
    0.040674    -0.618734     0.784547
    0.983907    -0.111929    -0.139283
    0.173993     0.777586     0.604224
   0.0607831    -0.671642     0.738378
    0.989863   -0.0545729    -0.131126
    0.128365     0.738863     0.661517
   -0.060098    -0.857046     0.511723
   -0.990163   -0.0137087    -0.139247
   -0.126356     0.515058     0.847791
   0.0619733    -0.658712     0.749838
    0.989499   -0.0577413    -0.132505
    0.130579     0.750176     0.648217
 -0.00228573    -0.889031     0.457841
   -0.981004    0.0908039     0.171425
   -0.193976    -0.448752     -0.87235
  -0.0155874    -0.961179    -0.275485
   -0.984823    0.0623903    -0.161959
    -0.17286    -0.268779     0.947564
  -0.0260612    -0.844712     0.534586
    -0.98194     0.121874     0.144706
   -0.187387    -0.521161    -0.832633
  -0.0413029    -0.926799     -0.37328
   -0.986153     0.097871    -0.133882
   -0.160615    -0.362582     0.918007
  -0.0338776    -0.978465     0.203614
   -0.989321    0.0617295     0.132036
   -0.141762    -0.196966    -0.970107
   0.0480343    -0.074194    -0.996086
    0.984451     0.172209    0.0346461
    0.168965    -0.982262    0.0813123
  -0.0525337    -0.922298     0.382892
   -0.990277    0.0975711    0.0991579
   -0.128812     -0.37396    -0.918456
   0.0682408     0.708385     0.702519
    0.988579    0.0468257    -0.143245
    0.134368    -0.704271     0.697099
  -0.0787401    -0.996776   -0.0154041
   -0.990953     0.079946    -0.107797
   -0.108681  -0.00677679     0.994054
  -0.0432558    -0.935004      0.35199
   -0.991859    0.0824256    0.0970613
   -0.119766    -0.344926    -0.930958
  -0.0658606     -0.92127     0.383307
   -0.993322    0.0970013    0.0624655
  -0.0947289    -0.376634    -0.921506
  -0.0564901    -0.938305     0.341164
   -0.995638    0.0783562    0.0506451
  -0.0742528    -0.336815    -0.938639
    0.065391    -0.565633     0.822061
     0.98917   -0.0717425    -0.128047
    0.131404     0.821531     0.554816
  -0.0916095    -0.800133     0.592786
   -0.990758    0.0134353    -0.134978
   -0.100036     0.599672     0.793969
  -0.0421609    -0.371685    -0.927401
   -0.983765    -0.146621     0.103486
    -0.17444     0.916707    -0.359469
  -0.0252248     -0.28397     0.958501
    -0.97831      0.20421    0.0347541
   -0.205605    -0.936835    -0.282962
   0.0229619     0.249323    -0.968148
    0.978855     0.191283    0.0724763
    0.203261    -0.949341    -0.239659
 -0.00665062    -0.100439     0.994921
    -0.97459     0.223421    0.0160399
   -0.223897    -0.969534   -0.0993723
  -0.0117498    -0.532333     0.846454
   -0.973654     0.198877     0.111558
   -0.227726    -0.822842    -0.520645
 -0.00549816    -0.621951     0.783037
   -0.976824     0.170894     0.128879
   -0.213973     -0.76418    -0.608477
  -0.0770352    -0.921637     0.380331
   -0.995553    0.0918501    0.0209287
  -0.0542221    -0.377027    -0.924614
  -0.0860975    -0.917907     0.387343
   -0.994829     0.100235    0.0164049
  -0.0538836    -0.383928     -0.92179
    -0.10307    -0.912432     0.396037
   -0.994358     0.104554   -0.0179008
   -0.025074    -0.395647     -0.91806
  -0.0956334    -0.913254     0.396007
   -0.994829     0.101352  -0.00651135
  -0.0341897    -0.394582    -0.918224
   -0.132892    -0.923683     0.359374
   -0.991024     0.129152   -0.0345151
  -0.0145331    -0.360735    -0.932555
   -0.119223     -0.88976     0.440582
   -0.992867     0.106253   -0.0540952
  0.00131872    -0.443889    -0.896081
   -0.136373     -0.92264     0.360745
   -0.990605     0.123246   -0.0592638
   0.0102186    -0.365438     -0.93078
   -0.108107    -0.893593     0.435665
   -0.994138    0.0978587     -0.04597
 -0.00155513    -0.438081    -0.898934
   -0.161269     -0.90233    -0.399741
   -0.986777      0.14077    0.0803409
   0.0162227    -0.407412     0.913101
    0.140276     0.974717     0.173923
    0.989721      -0.1331   -0.0523216
   0.0278496    -0.179475     0.983368
   -0.110932    -0.784319     0.610358
   -0.991633    0.0465606    -0.120397
  -0.0660109     0.618607     0.782922
    0.103427     0.972404    -0.209125
    0.992433    -0.114881   -0.0433526
   0.0661807     0.203059     0.976927
   -0.110706    -0.907172     0.405936
   -0.993684     0.108564    -0.028381
  -0.0183237    -0.406514    -0.913461
  -0.0990152    -0.903365     0.417286
   -0.994411     0.105275  -0.00805144
  -0.0366565     -0.41575     -0.90874
   -0.108156    -0.915031    -0.388615
   -0.992865     0.119167  -0.00426301
  -0.0502108    -0.385381     0.921391
  -0.0788161    -0.906879     0.413954
    -0.99512    0.0963032    0.0215093
  -0.0593714    -0.410239    -0.910043
   0.0933036     0.994359   -0.0504347
    0.993527   -0.0962827   -0.0602765
   0.0647925    0.0444842     0.996907
  -0.0629676    -0.852176     0.519453
   -0.994753    0.0956435    0.0363227
  -0.0806356     -0.51444    -0.853727
  -0.0529566    -0.934363     0.352364
   -0.995303    0.0780215    0.0573061
  -0.0810367    -0.347674    -0.934107
  -0.0780872     0.358458    -0.930274
   -0.993515    -0.105334    0.0428078
  -0.0826449     0.927584     0.364358
  -0.0410629    -0.936399     0.348526
   -0.993762    0.0744729    0.0830054
   -0.103682    -0.342944    -0.933616
  -0.0251429     -0.94814     0.316856
   -0.991216     0.064812     0.115285
   -0.129843    -0.311174    -0.941441
  -0.0258738    -0.923178       0.3835
   -0.991971    0.0712168      0.10451
   -0.123793    -0.377717    -0.917608
  -0.0120421    -0.971169    -0.238089
   -0.987599    0.0488257     -0.14921
   -0.156533     -0.23334     0.959714
  -0.0111394        -0.92      0.39176
   -0.989752    0.0659235      0.12667
   -0.142363    -0.386334    -0.911306
  0.00728271    -0.912201     0.409679
   -0.987297     0.058468     0.147737
   -0.158719    -0.405551    -0.900187
  0.00705969    -0.932271     0.361693
   -0.983714    0.0584902      0.16996
   -0.179605    -0.357002    -0.916674
  -0.0107052    -0.946042     0.323868
   -0.990608    0.0541852     0.125535
    -0.13631    -0.319483    -0.937737
   0.0109613    -0.938726      0.34449
   -0.988489    0.0418159       0.1454
   -0.150896    -0.342119    -0.927462
   0.0066204    -0.962338    -0.271774
   -0.990536    0.0309487    -0.133717
   -0.137092    -0.270087     0.953026
   0.0265835     0.987948     0.152484
    0.990775    -0.005762    -0.135396
    0.132885    -0.154677     0.978987
   0.0422482     0.995427   -0.0856737
    0.992273   -0.0518173    -0.112737
    0.116661    0.0802487     0.989924
   0.0611528    -0.959808    -0.273914
    0.990747     0.025056     0.133392
    0.121168     0.279537    -0.952459
   0.0671224     0.983986    -0.165127
    0.992368   -0.0829979   -0.0911938
    0.103439     0.157745     0.982047
  -0.0517034    -0.934888     0.351156
   -0.993651    0.0833398    0.0755739
  -0.0999184    -0.345019    -0.933262
    0.037647     -0.88987    -0.454658
    0.991155   -0.0246884     0.130391
    0.127256     0.455546     -0.88107
  0.00220902    -0.961801    -0.273739
    0.990834   -0.0348688      0.13051
    0.135069     0.271519    -0.952908
   -0.429552    -0.791579    -0.434613
   -0.888822     0.285528     0.358427
    0.159629    -0.540256     0.826221
   -0.466619      0.28253    -0.838119
    -0.87378 -0.000449849     0.486321
    0.137023     0.959258     0.247079
     0.43646    -0.188435     -0.87977
    0.892503   -0.0329613     0.449836
   -0.113763    -0.981532     0.153792
    0.471487     0.162858    -0.866705
    0.875635    -0.203146     0.438172
   -0.104708     -0.96551    -0.238385
   -0.502843    -0.672867     0.542586
   -0.854759     0.480463    -0.196322
    0.128594     0.562499     0.816737
    0.448473     0.164428    -0.878541
    0.889416    -0.179299     0.420466
  -0.0883849    -0.969956    -0.226656
   -0.492935    -0.562756    -0.663567
   -0.862603     0.415774     0.288181
    0.113719     0.714449    -0.690384
   -0.469398    -0.253122    -0.845928
   -0.877797     0.237481     0.416022
   0.0955879     0.937834    -0.333663
   -0.479664     0.012688     -0.87736
   -0.870089     0.122385     0.477459
    0.113434     0.992402    -0.047664
    0.517684     0.269783    -0.811924
    0.844648    -0.312314     0.434775
    -0.13628    -0.910866    -0.389551
   -0.501063    -0.282942    -0.817851
   -0.855522     0.304404     0.418832
    0.130452     0.909551    -0.394589
     0.51978     0.264883    -0.812198
    0.840029    -0.331518     0.429472
   -0.155498    -0.905501    -0.394826
    0.447056     0.197229    -0.872492
    0.891163    -0.182455     0.415378
  -0.0772662    -0.963229    -0.257331
    0.462778    0.0795053    -0.882902
    0.880978     -0.15198     0.448084
  -0.0985581    -0.985181    -0.140375
   -0.444282    -0.321196    -0.836329
   -0.891976     0.245724     0.379471
   0.0836217     0.914578     -0.39567
    -0.42799    -0.212122    -0.878538
   -0.901069     0.175429      0.39661
   0.0699913     0.961368    -0.266219
   -0.425076     -0.29356    -0.856232
   -0.902154     0.214406     0.374364
    0.073683     0.931586    -0.355975
   -0.396465     -0.36631    -0.841803
   -0.915926      0.22016     0.335572
   0.0624079     0.904072    -0.422799
   -0.382075    -0.429772    -0.818117
   -0.921342     0.245876     0.301121
   0.0717418     0.868816     -0.48991
    0.407919    -0.200783    -0.890667
    0.908607   -0.0065026     0.417601
  -0.0896389    -0.979614     0.179781
   -0.365874     -0.72097    -0.588505
   -0.925491     0.215277     0.311645
   0.0979952    -0.658679     0.746016
    0.350958     0.191008    -0.916703
    0.933717    -0.145318     0.327192
  -0.0707173    -0.970772    -0.229348
   -0.337474     0.369067    -0.865968
   -0.938915   -0.0660583     0.337748
   0.0674473     0.927052     0.368816
   -0.313453     0.414855    -0.854191
   -0.947124   -0.0716132     0.312775
   0.0685847     0.907065     0.415366
    0.401037     0.649538    -0.645964
    0.907875    -0.187752      0.37485
   -0.122199     0.736783     0.664994
    0.513547      0.17828    -0.839336
    0.839471    -0.306899     0.448443
   -0.177643    -0.934895    -0.307268
    0.494026   -0.0332732     -0.86881
    0.855141    -0.161931     0.492455
   -0.157072    -0.986241   -0.0515447
   -0.477861     0.328991    -0.814502
     -0.8582    0.0230292     0.512799
    0.187464     0.944052     0.271335
    0.496692    -0.194019    -0.845963
    0.841249    -0.132184      0.52424
   -0.213536    -0.972051    0.0975632
   -0.459059     0.598816    -0.656265
   -0.874128    -0.172545     0.454015
    0.158636     0.782079      0.60265
    -0.45922     0.586799    -0.666921
   -0.861327    -0.110452     0.495899
    0.217331     0.802164     0.556148
   -0.437805     0.377134    -0.816148
   -0.879589   0.00827753     0.475662
    0.186144     0.926122     0.328099
   -0.419977     0.383265    -0.822634
   -0.882338    0.0396718     0.468941
    0.212364     0.922786     0.321508
   -0.481091     0.579177    -0.658108
   -0.840561   -0.0915143      0.53393
    0.249014     0.810049      0.53086
   -0.436755     0.416363    -0.797425
   -0.866059    0.0451146     0.497902
    0.243284     0.908078     0.340891
    0.463775     -0.29135    -0.836677
    0.839916    -0.155876      0.51985
   -0.281877    -0.943831     0.172418
   -0.419651     0.624645    -0.658568
   -0.892627    -0.152392     0.424256
    0.164649     0.765895     0.621527
    0.399818    -0.327775    -0.855984
    0.898667   -0.0436186     0.436457
   -0.180397    -0.943748     0.277121
   -0.390688    -0.814951     0.428038
   -0.907826     0.418077   -0.0326245
    0.152366      0.40133     0.903171
    0.407357     0.200136     -0.89107
     0.90237    -0.238489     0.358958
    -0.14067    -0.950299    -0.277747
    0.441811    -0.383258    -0.811121
    0.885968    0.0443567     0.461621
   -0.140941    -0.922576     0.359151
    0.426942    -0.201034    -0.881649
    0.895912   -0.0382857     0.442579
   -0.122728    -0.978836     0.163763
    -0.45724     0.399204    -0.794712
   -0.881525   -0.0852089     0.464385
    0.117668     0.912894     0.390869
    0.473519    -0.280059    -0.835073
      0.8706   0.00506826     0.491965
   -0.133547    -0.959969     0.246219
    0.436842    -0.159712    -0.885246
    0.893452   -0.0372494     0.447612
   -0.104464    -0.986461     0.126423
   -0.390946    -0.813091     0.431328
   -0.918702     0.373287    -0.129013
   0.0561104     0.446699     0.892923
   -0.392864    -0.628685    -0.671128
   -0.916946     0.323174     0.234025
   0.0697633     0.707328    -0.703434
   -0.391131    -0.395134    -0.831196
   -0.916257     0.252106     0.311311
   0.0865401     0.883353    -0.460651
   -0.403691    -0.645859     0.647996
   -0.911083     0.348386    -0.220352
   0.0834363     0.679332     0.729072
    -0.40096    -0.490411    -0.773775
   -0.913054     0.282706     0.293957
   0.0745908     0.824363    -0.561126
   -0.408548    -0.804243     0.431604
   -0.907611     0.408009   -0.0988502
   0.0965987     0.432113     0.896631
   -0.406392    -0.710016     0.575084
   -0.910119     0.370218    -0.186068
   0.0807953     0.599012     0.796653
   -0.420282    -0.825798     0.376061
   -0.903424     0.419541   -0.0883801
   0.0847889     0.376887     0.922371
   -0.416022    -0.652786     0.633085
    -0.90611     0.356338     -0.22801
   0.0767508     0.668502      0.73974
   -0.403363    -0.464514    -0.788368
   -0.911745     0.277076     0.303233
   0.0775815     0.841104    -0.535281
    -0.40302    -0.359285    -0.841718
   -0.911689     0.237999     0.334933
   0.0799911      0.90237    -0.423474
   -0.401452    -0.359346    -0.842441
   -0.912255     0.238647     0.332925
   0.0814103     0.902174     -0.42362
    0.427227    -0.403102    -0.809312
    0.899345    0.0973585     0.426263
  -0.0930341    -0.909961     0.404122
   -0.428451    -0.528593    -0.732816
   -0.900258     0.319057     0.296207
   0.0772367     0.786634     -0.61257
   -0.416023    -0.507423    -0.754617
   -0.903067     0.327946     0.277346
    0.106742     0.796852     -0.59467
    0.397617      0.21858    -0.891136
    0.909542    -0.221942     0.351391
   -0.120973    -0.950244    -0.287056
   -0.394554    -0.709191     0.584273
   -0.913266     0.372798    -0.164218
    0.101354     0.598389     0.794769
   -0.379229    -0.764576     0.521161
   -0.919928     0.372153    -0.123424
   0.0995848     0.526236     0.844487
    -0.38081    -0.663308      0.64421
   -0.916323     0.364026    -0.166845
     0.12384     0.653841     0.746429
    0.380491     0.862708     0.333109
    0.921353    -0.384637   -0.0562489
  -0.0795995    -0.328313     0.941209
   -0.383659    -0.465563    -0.797531
   -0.919463     0.272989     0.282956
   0.0859835      0.84186    -0.532803
   -0.385495    -0.353014    -0.852511
   -0.919005     0.229606     0.320486
   0.0826059     0.907007    -0.412934
   -0.356473    -0.392291    -0.847959
   -0.930134     0.234671     0.282453
   0.0881877     0.889403    -0.448537
    -0.35438    -0.486302    -0.798702
   -0.930267     0.270088     0.248307
    0.094968     0.831001    -0.548104
   -0.363473    -0.273008    -0.890704
   -0.927984     0.190308     0.320356
   0.0820484        0.943    -0.322519
   -0.326552    -0.421072    -0.846205
   -0.940677     0.232066     0.247533
   0.0921462     0.876838    -0.471874
   -0.328773    -0.391957    -0.859231
   -0.940811     0.215274     0.261786
   0.0823611     0.894442    -0.439534
   -0.293359   0.00320213    -0.955997
   -0.952335    0.0865315     0.292525
   0.0836605     0.996244   -0.0223353
     0.32546     0.539474    -0.776559
    0.939707    -0.275744     0.202277
   -0.105009    -0.795571    -0.596691
     0.28947     0.112793    -0.950518
    0.951899    -0.138158     0.273496
   -0.100473    -0.983967     -0.14736
   -0.293941    -0.331426    -0.896524
   -0.949043     0.212724     0.232521
    0.113649     0.919187    -0.377066
   -0.334075    -0.291677    -0.896281
   -0.939689     0.177054     0.292636
   0.0733353     0.939988    -0.333235
    0.297351    -0.261641    -0.918219
    0.951906   0.00682901     0.306314
  -0.0738738    -0.965141     0.251089
   -0.373491     -0.26983    -0.887522
   -0.925396       0.1748     0.336286
   0.0643984     0.946909    -0.314986
   -0.412655    -0.434421    -0.800621
     -0.9084     0.261185     0.326485
   0.0672778      0.86201    -0.502407
   -0.396573    -0.374333    -0.838215
    -0.91512     0.233509     0.328676
   0.0726968     0.897412    -0.435163
   -0.458756     0.354923    -0.814599
   -0.835934     0.138428     0.531085
    0.301258      0.92459     0.233188
    0.433826     0.217345    -0.874389
    0.862875    -0.379527     0.333775
    -0.25931    -0.899289     -0.35219
    0.435096     0.234274    -0.869372
    0.859192    -0.396738     0.323091
   -0.269221    -0.887533    -0.373906
    0.462672     0.177067    -0.868667
    0.831136    -0.427566     0.355529
    -0.30846    -0.886473    -0.344989
    0.410422     0.216557    -0.885809
    0.883433    -0.335228     0.327366
   -0.226055    -0.916911    -0.328898
   -0.450314    -0.301691    -0.840357
   -0.852806       0.4241     0.304732
     0.26446     0.853887    -0.448262
    0.423576     0.163952      -0.8909
    0.881597     -0.30071     0.363813
   -0.208254    -0.939518    -0.271913
     0.44537     0.138342    -0.884595
    0.873267    -0.285179     0.395067
   -0.197613    -0.948438    -0.247819
   -0.468774    -0.319753    -0.823413
   -0.827253     0.485735     0.282337
    0.309682     0.813523    -0.492217
   -0.456862    -0.322581    -0.828986
   -0.848911     0.436533     0.297976
    0.265758     0.839869    -0.473278
   -0.473879    -0.391297    -0.788876
   -0.822705     0.516169     0.238171
    0.313998     0.761877    -0.566523
   -0.404347    -0.318313    -0.857427
   -0.901182      0.29869     0.314095
    0.156125     0.899701    -0.407632
    0.422037    0.0642427      -0.9043
    0.896159    -0.180361     0.405424
   -0.137054      -0.9815     -0.13369
    0.404802     0.115469    -0.907084
    0.911245     -0.13333     0.389686
  -0.0759447    -0.984322    -0.159193
   -0.390469    -0.465955     -0.79399
   -0.915374      0.28841     0.280909
   0.0981036     0.836484    -0.539138
     0.39062    -0.333105    -0.858171
    0.901865   -0.0484046     0.429297
   -0.184541    -0.941646     0.281508
    0.379341   -0.0770579    -0.922043
    0.913504     -0.12714     0.386453
   -0.147008    -0.988887    0.0221632
   -0.389693    0.0175924    -0.920777
   -0.900581     0.201811     0.385002
    0.192596     0.979266   -0.0628011
   -0.406986     0.300976    -0.862424
    -0.88493     0.104107     0.453939
    0.226409     0.947932     0.223973
    0.375089     0.228909    -0.898281
    0.914936    -0.247176     0.319055
      -0.149    -0.941544     -0.30215
   -0.468736    -0.768313     0.435869
   -0.829185     0.552816     0.082745
    0.304529     0.322631     0.896198
   -0.452738    -0.479594    -0.751677
   -0.854659     0.473697     0.212531
    0.254138     0.738648     -0.62435
   -0.443276     -0.89638   0.00315025
   -0.863562     0.427984     0.266628
    0.240348    -0.115469     0.963794
   -0.440292    -0.741625     0.506098
   -0.842501     0.536115    0.0526582
    0.310379     0.403203     0.860867
   -0.429429    -0.707511    -0.561266
   -0.887647     0.216189     0.406626
    0.166353    -0.672823     0.720858
    0.417949     0.894117     0.160853
    0.875902    -0.443582     0.189816
   -0.241069   -0.0615581     0.968554
   -0.407593    -0.666877    -0.623814
   -0.898698     0.171833     0.403504
    0.161896    -0.725086     0.669358
    0.390122     0.897675    -0.204901
    0.908439    -0.338962     0.244628
   -0.150143     0.281575      0.94772
    0.414299     0.909686    0.0287792
    0.857113    -0.400601     0.323846
   -0.306127     0.109502     0.945672
   -0.383039     -0.92367     0.010709
   -0.894591     0.373819     0.244881
    0.230192   -0.0842188     0.969494
    0.399406     0.914354   -0.0665688
    0.863586    -0.350868     0.362091
   -0.307723     0.202109     0.929763
   -0.409128    -0.708201    -0.575383
   -0.908155      0.25473     0.332217
   0.0887094    -0.658456     0.747373
   -0.381734    -0.770718    -0.510169
   -0.921097     0.271509     0.279038
   0.0765439    -0.576434     0.813551
   -0.378045    -0.687128    -0.620433
   -0.925683     0.270489     0.264476
   0.0139085    -0.674308      0.73832
   -0.406089    -0.689294    -0.599972
   -0.913654     0.293238     0.281509
   0.0181073    -0.662484     0.748857
   -0.431181     0.590279    -0.682388
    -0.89659    -0.195616     0.397317
    0.101042     0.783138     0.613584
   -0.421165    -0.644711     -0.63794
    -0.90677     0.284038     0.311592
   0.0196876    -0.709697     0.704232
    0.433198    -0.293448     -0.85219
    0.893693    0.0172765     0.448346
   -0.116843    -0.955819     0.269736
   -0.438524     0.300976    -0.846823
   -0.879421    0.0505118     0.473358
    0.185244     0.952293     0.242534
   -0.412975     0.494203    -0.764993
   -0.909016    -0.171975     0.379625
   0.0560517     0.852167      0.52026
   -0.418315    -0.697203    -0.582169
   -0.902584     0.390876     0.180437
   -0.101754    -0.600936     0.792794
   -0.421546     0.500573    -0.756125
   -0.900342    -0.330429     0.283197
   -0.108085     0.800152     0.589979
   -0.412206     0.583632    -0.699614
    -0.90558    -0.346783     0.244265
   -0.100053     0.734245     0.671472
   -0.416151     0.433524    -0.799297
   -0.904087    -0.291219     0.312758
  -0.0971826     0.852788     0.513135
   -0.423497     0.497839     -0.75684
   -0.899407    -0.330898     0.285611
   -0.108249     0.801662     0.587895
   -0.410604    -0.650363    -0.639087
   -0.909263     0.344444     0.233667
   -0.068161    -0.677042     0.732781
   -0.414064     0.433127    -0.800595
   -0.906668    -0.274175     0.320594
  -0.0806455      0.85862     0.506229
   -0.412376     0.372009    -0.831598
    -0.90937    -0.222893     0.351233
  -0.0546963     0.901071     0.430209
   -0.401163    -0.355431    -0.844238
   -0.915583      0.12756     0.381361
  -0.0278561     0.925957    -0.376599
    0.421224    -0.134847    -0.896876
    0.901955     0.165996     0.398652
   0.0951208    -0.976863     0.191547
   -0.403079    -0.510291    -0.759691
   -0.913451     0.173556     0.368083
  -0.0559799     0.842307    -0.536083
   -0.416258    -0.600679    -0.682579
   -0.906075     0.211384     0.366531
  -0.0758813     0.771039     -0.63225
   -0.409235     0.377273    -0.830778
   -0.912427    -0.171158     0.371729
   -0.001951     0.910148     0.414278
   -0.399845    -0.308374    -0.863151
   -0.916404     0.153128     0.369806
   0.0181339      0.93886    -0.343822
   -0.412987    -0.686914    -0.597989
   -0.910234     0.333143     0.245948
  -0.0302704    -0.645883     0.762836
    -0.40022     0.447504    -0.799728
    -0.91576    -0.228391     0.330487
  -0.0347566     0.864626     0.501213
   -0.401993      0.38529    -0.830634
   -0.912906    -0.238729     0.331075
  -0.0707362     0.891381     0.447701
   -0.387096     0.494341    -0.778321
   -0.918722    -0.278331     0.280145
  -0.0781441     0.823504     0.561903
   -0.383964     0.493388    -0.780474
   -0.922518    -0.240814     0.301611
  -0.0391376     0.835809     0.547624
   -0.404119    -0.695037    -0.594652
   -0.909765     0.372892     0.182425
  -0.0949487    -0.614715     0.783013
   -0.400673    -0.412199    -0.818262
   -0.915572     0.146532     0.374507
  -0.0344702     0.899233     -0.43611
   -0.388479    -0.401449    -0.829411
   -0.921125     0.145002     0.361252
  -0.0247583      0.90433    -0.426115
    0.380446     0.122354    -0.916674
    0.924395   -0.0797566     0.373005
  -0.0274721    -0.989277    -0.143447
   -0.392825    -0.589112    -0.706141
   -0.919612     0.252997      0.30051
  0.00161781     0.767424    -0.641138
    0.369604    0.0957497    -0.924243
    0.927289    -0.101588     0.360298
  -0.0593934    -0.990208    -0.126335
   -0.379038    -0.486139      -0.7874
   -0.923833     0.247983      0.29161
   0.0534995     0.837958    -0.543106
   -0.371934    -0.724734     0.580022
   -0.924409     0.346035    -0.160401
   0.0844603     0.595836     0.798652
   -0.389837    -0.696307     0.602647
   -0.920372     0.316419    -0.229771
   0.0306975     0.644233     0.764213
   -0.369996    -0.546451    -0.751328
   -0.921749     0.316999     0.223363
    0.116114     0.775179    -0.620979
    0.368943    0.0847857    -0.925577
     0.92409    -0.140278     0.355501
  -0.0996966    -0.986475    -0.130104
   -0.382998    -0.625872    -0.679409
   -0.922207      0.30155      0.24208
   0.0533647     0.719272    -0.692676
   -0.383497    -0.518319    -0.764379
   -0.923527     0.219995     0.314166
  0.00532135     0.826407    -0.563049
    0.648851   -0.0451211    -0.759577
    0.594036    -0.593786     0.542714
   -0.475514    -0.803357    -0.358475
     0.66195    0.0751676    -0.745769
    0.590993    -0.664318     0.457612
    -0.46103    -0.743661    -0.484169
   -0.654895    -0.230727    -0.719637
   -0.629292     0.693774     0.350243
    0.418455     0.682234    -0.599544
    0.659638      0.19926    -0.724688
    0.629758    -0.672816     0.388232
   -0.410223     -0.71247    -0.569301
    0.661119     0.181955    -0.727883
    0.591328    -0.723484     0.356234
   -0.461794     -0.66593    -0.585904
   -0.647135    -0.262993    -0.715577
   -0.666408     0.651033     0.363397
    0.370293     0.712033    -0.596567
   -0.657102    -0.382881    -0.649322
   -0.630074     0.751836     0.194294
    0.413792     0.536791    -0.735276
   -0.646531    -0.321499    -0.691835
   -0.668409     0.675853     0.310566
