  0.00981752     -0.89654     0.442855
   -0.999099    -0.027079   -0.0326715
   0.0412833    -0.442135    -0.895998
  -0.0267984    -0.881755     0.470946
   -0.998845   0.00482932   -0.0477956
   0.0398697    -0.471683    -0.880866
  -0.0734043    -0.860713     0.503771
   -0.996688    0.0455902   -0.0673344
   0.0349886    -0.507045    -0.861209
   -0.115038    -0.836545     0.535685
    -0.99253    0.0747437    -0.096422
   0.0406223    -0.542776    -0.838895
   -0.148701    -0.939124     0.309733
   -0.987823     0.126575    -0.090468
   0.0457562    -0.319414     -0.94651
    0.141824     0.980886    -0.133221
    0.989622    -0.137354    0.0422154
  -0.0231101     0.137826     0.990187
    0.169818     0.784499    -0.596425
    0.985111    -0.118686     0.124376
  -0.0267854     0.608667     0.792974
   -0.167518    -0.891248     0.421443
   -0.985201     0.135599    -0.104845
    0.036296    -0.432769    -0.900774
   -0.169405    -0.840847     -0.51408
   -0.985444     0.136984     0.100678
   0.0142338    -0.523653     0.851813
   -0.169072    -0.876999     0.449763
   -0.984899     0.133085    -0.110733
    0.037256    -0.461694    -0.886257
   -0.165261    -0.809072    -0.563995
   -0.986226     0.139512    0.0888477
 -0.00680005     -0.57091     0.820984
    -0.16246    -0.815486     0.555508
    -0.98657     0.124606    -0.105604
   0.0168992    -0.565204    -0.824778
    0.154206     0.984342   -0.0853924
    0.975631    -0.138046     0.170551
   -0.156093     0.109611     0.981642
    -0.20518    -0.978307    0.0285668
   -0.959084     0.206795     0.193373
    0.195086   -0.0122783     0.980709
   -0.160547    -0.925631    -0.342682
   -0.972314    0.0885911     0.216234
    0.169795     -0.36791     0.914227
   -0.210322    -0.885186    -0.414981
   -0.957853     0.101629      0.26868
    0.195658    -0.454001     0.869253
    0.241282     0.946791        0.213
    0.945785    -0.278589     0.166971
   -0.217426    -0.161165     0.962679
   -0.177879     -0.88214    -0.436107
   -0.968227     0.077734     0.237683
    0.175769    -0.464529     0.867939
    0.239806     0.935344    -0.260047
    0.946335    -0.165435     0.277635
   -0.216663      0.31267     0.924821
   -0.214506    -0.884496    -0.414312
   -0.956597     0.104582     0.272001
    0.197254    -0.454675      0.86854
   -0.234339     0.520426    -0.821122
   -0.950108    0.0562564     0.306806
    0.205863     0.852051     0.481278
   -0.258718    -0.845929    -0.466336
   -0.938933     0.106847      0.32709
    0.226868    -0.522482     0.821914
     0.25582     0.598944    -0.758829
    0.941481    -0.332566    0.0549011
   -0.219478    -0.728468    -0.648971
    0.264606     0.641053    -0.720441
    0.938094    -0.344267    0.0382148
   -0.223526    -0.685953    -0.692463
   -0.183343    -0.887919    -0.421883
   -0.967244    0.0862924     0.238732
    0.175569    -0.451834     0.874655
    0.211656    -0.268084    -0.939858
     0.95909    -0.128019     0.252503
   -0.188012    -0.954852     0.230021
   -0.178437    -0.809248    -0.559712
   -0.970202    0.0499397     0.237097
    0.163918     -0.58534     0.794045
   -0.147202    -0.900795    -0.408535
   -0.977578    0.0696187     0.198733
    0.150576    -0.428628     0.890845
   -0.132752    -0.945053    -0.298751
   -0.979697    0.0794269     0.184079
    0.150236    -0.317123     0.936409
   0.0916817     0.967399     -0.23608
    0.987908   -0.0585964      0.14354
   -0.125027     0.246386     0.961074
   0.0872447     0.994842   -0.0517464
    0.988704   -0.0801176     0.126673
   -0.121873    0.0622134     0.990594
   -0.122197      -0.9406    -0.316764
   -0.981333    0.0667496      0.18036
    0.148503     -0.33289     0.931199
   0.0759137     0.992138    0.0994923
    0.990628   -0.0864062     0.105783
   -0.113548   -0.0905295     0.989399
   0.0448112     0.997869    0.0474237
    0.994062   -0.0492514    0.0970265
  -0.0991555   -0.0427943     0.994151
  -0.0315714    -0.999376   -0.0158386
   -0.995727    0.0300725    0.0873067
   0.0867759   -0.0185273     0.996056
 -0.00689078    -0.999635   -0.0261259
    0.997581  -0.00506461   -0.0693315
  -0.0691739    0.0265404    -0.997252
   -0.117812    -0.992761   -0.0233568
   -0.983834     0.113493     0.138528
    0.134874   -0.0392994     0.990083
   -0.252541    -0.558244    -0.790308
   -0.946214     0.313205     0.081124
    0.202241     0.768288    -0.607315
    -0.25131     -0.49148    -0.833841
   -0.946397      0.30538     0.105237
    0.202916     0.815592    -0.541881
   -0.233611     -0.31229    -0.920815
   -0.956656      0.24318     0.160231
    0.173885     0.918335    -0.355564
   -0.228458    -0.392604    -0.890881
   -0.958593     0.250524     0.135418
    0.170021     0.884929    -0.433581
    -0.23557    -0.398639    -0.886337
   -0.956232     0.257954     0.138129
    0.173571     0.880083    -0.441958
   -0.206894    -0.344353     -0.91576
   -0.968884     0.202098     0.142901
    0.135864      0.91683    -0.375451
    0.213313     0.177826    -0.960664
    0.967026    -0.178461     0.181691
   -0.139131    -0.967745    -0.210031
   -0.190059    -0.496885    -0.846748
   -0.977064     0.180095     0.113627
   0.0960351     0.848923    -0.519718
   -0.198019    -0.481895    -0.853561
   -0.971516     0.212133      0.10562
    0.130171     0.850163    -0.510175
   -0.179006    -0.580993    -0.793979
    -0.97951     0.180939     0.088433
    0.092283     0.793541    -0.601478
   -0.166113    -0.402388    -0.900272
   -0.982017     0.150562     0.113901
   0.0897141     0.903003    -0.420162
   -0.218414    -0.546654    -0.808371
    -0.96673     0.234235     0.102801
    0.133152      0.80393    -0.579627
   -0.204431    -0.763448     0.612663
   -0.974889     0.215255   -0.0570645
   0.0883129     0.608944     0.788282
    0.211577     0.640838    -0.737944
    0.973885    -0.201861     0.103926
  -0.0823625    -0.740661    -0.666811
   -0.219898    -0.815894     0.534754
   -0.968172     0.249698   -0.0171521
    0.119533     0.521506     0.844833
   -0.232627      -0.3257    -0.916408
   -0.958089     0.238715     0.158366
     0.16718     0.914841    -0.367581
    -0.22329      -0.5559    -0.800697
   -0.963113     0.252383    0.0933607
    0.150183     0.792009    -0.591749
   -0.233449    -0.499806    -0.834084
   -0.954361     0.282092    0.0980756
    0.186269     0.818913     -0.54285
   -0.245412    -0.562951    -0.789215
   -0.949072     0.305442    0.0772472
    0.197573     0.767979     -0.60924
    0.212181     0.196067    -0.957359
    0.962879    -0.209226     0.170555
   -0.166864     -0.95801    -0.233182
   -0.183241     -0.91462     0.360408
   -0.981771     0.151427    -0.114876
    0.050492    -0.374888    -0.925694
   -0.183605    -0.905062     0.383604
   -0.980668     0.141783    -0.134861
   0.0676686    -0.400949    -0.913598
   -0.193165    -0.843588    -0.501045
   -0.976383     0.114907     0.182954
   0.0967646    -0.524552     0.845861
   -0.172493    -0.868903     0.463955
   -0.982514     0.118259     -0.14381
   0.0700907    -0.480648    -0.874108
    0.172688     0.949454    -0.262137
    0.979927    -0.138692     0.143207
  -0.0996119     0.281605     0.954346
    -0.13516    -0.960595     0.242875
   -0.986508     0.107612    -0.123376
   0.0923784    -0.256274     -0.96218
   -0.139387     -0.90157     0.409564
   -0.988355      0.10117    -0.113662
   0.0610392    -0.420637    -0.905173
    0.188374     0.688631     0.700216
    0.971955    -0.232921   -0.0324107
   -0.140776    -0.686684     0.713195
   -0.145061    -0.765195    -0.627243
   -0.980408     0.025783     0.195283
    0.133258    -0.643282     0.753944
   -0.208954    -0.561122    -0.800925
   -0.969333     0.227172    0.0937354
     0.12935     0.795949    -0.591383
   -0.217867    -0.666302     0.713145
   -0.970317     0.226465   -0.0848437
    0.104971     0.710461     0.695863
   -0.209201    -0.454858    -0.865644
    -0.97455     0.169891      0.14625
   0.0805422     0.874209    -0.478824
    0.208774     0.274336    -0.938698
    0.976643    -0.108357     0.185546
  -0.0508127     -0.95551    -0.290551
   -0.209858    -0.291976    -0.933118
   -0.975096     0.132535     0.177828
   0.0717493     0.947198    -0.312518
   -0.190755    -0.915373     0.354548
   -0.980944     0.164175    -0.103905
   0.0369036    -0.367612    -0.929247
  -0.0935152    -0.886329     0.453515
   -0.994587    0.0624387   -0.0830574
   0.0452993    -0.458827     -0.88737
  -0.0440255    -0.905167      0.42277
   -0.998293    0.0236012   -0.0534271
   0.0383826      -0.4244    -0.904661
  -0.0532841    -0.930901     0.361364
   -0.996067    0.0238955   -0.0853163
   0.0707861    -0.364489    -0.928513
   0.0061393    -0.877911     0.478785
   -0.999407   -0.0216077   -0.0268053
   0.0338781    -0.478336    -0.877523
 -0.00949994    -0.811527     0.584238
   -0.998213   -0.0267716    -0.053418
   0.0589911    -0.583702    -0.809822
   0.0371738     -0.67333     0.738407
   -0.998171   -0.0602665    -0.004704
   0.0476685    -0.736882    -0.674339
   0.0433823    -0.899894     0.433947
   -0.998533   -0.0531489   -0.0103923
   0.0324157    -0.432859    -0.900879
  0.00591563    -0.999649    0.0258214
    0.997407   0.00775052    0.0715498
  -0.0717248    0.0253312     0.997103
   0.0384417    -0.989832    -0.136946
   -0.998206   -0.0443345    0.0402424
   0.0459047    -0.135153     0.989761
  -0.0507872    -0.956386    -0.287658
   -0.994239    0.0211938     0.105073
   0.0943942    -0.291337     0.951952
   -0.112769    -0.938887     -0.32523
   -0.987142    0.0685436     0.144403
    0.113285    -0.337333     0.934544
   -0.101721    -0.966088     0.237333
   -0.991004    0.0775487    -0.109074
     0.08697    -0.246293    -0.965285
   -0.133806    -0.486705    -0.863258
   -0.990291    0.0987863    0.0978006
    0.037678     0.867963    -0.495198
   -0.137823    -0.515184    -0.845926
   -0.989617     0.106787     0.096199
   0.0407738     0.850401    -0.524553
    0.101428     0.216201    -0.971066
    0.994779   -0.0109428     0.101468
   0.0113114    -0.976287    -0.216183
   0.0964216     0.269173    -0.958253
    0.995272   -0.0148103    0.0959863
   0.0116449    -0.962978    -0.269329
    0.110016     0.171447    -0.979031
     0.99387  -0.00818288      0.11025
   0.0108908    -0.985159    -0.171296
  -0.0725939    -0.567758    -0.819989
   -0.995523  -0.00864527      0.09412
  -0.0605264      0.82315    -0.564589
   0.0804646    -0.873267    -0.480551
    0.994564    0.0383721    0.0968015
   0.0660938     0.485728    -0.871608
  -0.0556007    -0.570979    -0.819079
   -0.991866   -0.0624899     0.110891
   -0.114501     0.818583     -0.56286
   -0.073346     0.328402    -0.941686
   -0.995563   -0.0799243    0.0496697
  -0.0589519     0.941151     0.332807
  -0.0544298     -0.78343     0.619092
   -0.992306   -0.0266078    -0.120913
     -0.1112     0.620911     0.775954
  -0.0591433     0.343363    -0.937339
   -0.993458    -0.112135    0.0216073
  -0.0976894     0.932485     0.347749
    0.081135    -0.901747     0.424581
      0.9935    0.0390452    -0.106926
   0.0798422     0.430497     0.899054
   0.0568855    -0.549768     0.833378
     0.99155   -0.0663691    -0.111465
     0.11659     0.832676     0.541347
  -0.0631548    -0.850316      0.52247
    -0.99029    -0.011569    -0.138532
    -0.12384     0.526146     0.841329
    0.106145      0.97832     0.177827
    0.991629   -0.0909257   -0.0916747
   0.0735181     -0.18607     0.979782
    0.128385     0.976977     0.170392
     0.99147    -0.122549   -0.0443791
   0.0224759    -0.174636     0.984376
    0.144058     0.925394     0.350562
    0.989293    -0.126302   -0.0731299
   0.0233973    -0.357343      0.93368
   -0.163006    -0.631456    -0.758085
   -0.985932     0.133045     0.101177
   0.0369707     0.763912     -0.64426
    0.154666     0.262259    -0.952522
    0.986995   -0.0837694     0.137199
  -0.0438104    -0.961355    -0.271805
   -0.176364    -0.396394    -0.900982
   -0.983744     0.102415     0.147506
   0.0338036      0.91235    -0.408012
   0.0563583     0.223617    -0.973046
    0.989196     0.119602    0.0847795
    0.135337    -0.967311     -0.21446
   -0.045804    -0.741014     0.669926
   -0.986629     0.138562    0.0858081
   -0.156412    -0.657038    -0.737453
   -0.043486     0.402029    -0.914594
   -0.982443    -0.183452   -0.0339283
   -0.181425     0.897061     0.402948
   0.0538778    -0.211323     -0.97593
    0.983869     0.178198      0.01573
    0.170585    -0.961035     0.217515
   0.0251224    -0.729397     0.683629
    0.981347    -0.112387    -0.155974
    0.190598     0.674796     0.712968
   0.0472037     0.997317   -0.0559451
    0.975958   -0.0579789    -0.210108
    0.212788    0.0446822     0.976076
   0.0262751      0.99844    0.0492757
    0.974624   -0.0146245    -0.223368
    0.222299   -0.0538943     0.973488
   0.0374237     0.988242    -0.148249
    0.969281   -0.0719865    -0.235185
    0.243091     0.134894     0.960578
    0.060773    -0.259155    -0.963922
    0.977705     0.209919    0.0052045
    0.200996    -0.942748     0.266134
   0.0550446     0.982025    -0.180547
    0.970859   -0.0948792    -0.220071
    0.233245     0.163172      0.95863
  -0.0583329    -0.365676     0.928913
   -0.972915     0.229316    0.0291764
   -0.223684    -0.902051    -0.369148
  0.00683195     0.999008    0.0440134
    0.973034   0.00350683    -0.230636
    0.230561   -0.0444023     0.972044
  -0.0194042    -0.992593    -0.119925
   -0.968464    0.0484604    -0.244397
   -0.248398      -0.1114     0.962231
 -0.00569815    -0.994636     -0.10328
    0.966951   -0.0318074     0.252971
      0.2549    0.0984256    -0.961945
 -0.00998011    -0.968877    -0.247341
    0.971635   -0.0678429     0.226547
    0.236277     0.238064    -0.942072
   0.0113767    -0.502092     0.864739
    0.980312    -0.164886    -0.108635
    0.197128      0.84895     0.490331
  0.00408258    -0.720024     0.693937
    0.978908    -0.138868    -0.149848
     0.20426     0.679912     0.704271
   0.0239559     0.972478     0.231758
    0.985863    0.0154741    -0.166835
     0.16583    -0.232479      0.95836
   -0.029322    -0.999539  -0.00790166
   -0.986376    0.0302142    -0.161708
   -0.161872   -0.0030524     0.986807
   0.0220497    -0.911458    -0.410802
    0.985611   -0.0490595     0.161752
    0.167584     0.408458    -0.897261
    0.022389    -0.794433     0.606939
   -0.971924     0.124936     0.199384
   -0.234226    -0.594362    -0.769332
  -0.0167841    -0.999805   -0.0104227
   -0.976197    0.0186404    -0.216082
   -0.216234  -0.00654791      0.97632
 -0.00118166    -0.949673    -0.313242
    0.973946   -0.0721289     0.215003
    0.226776     0.304827    -0.925015
   0.0367896    -0.777055     0.628357
    0.980235   -0.0942473    -0.173942
    0.194384     0.622337      0.75823
   0.0557502    -0.829961     0.555029
    0.980845   -0.0583893    -0.185834
    0.186642     0.554757     0.810808
   0.0182022    -0.825142     0.564632
    0.979718   -0.0979907    -0.174785
    0.199551     0.556362     0.806623
   0.0777004    -0.878335     0.471689
    0.984501  -0.00701544    -0.175239
    0.157227     0.477994     0.864177
   0.0494846    -0.917875    -0.393773
    0.984094   -0.0225413     0.176212
    0.170617     0.396229     -0.90216
   0.0974762     0.983746     0.150805
    0.988288   -0.0778023    -0.131274
    0.117408    -0.161835     0.979809
   0.0822818     0.973722    -0.212356
    0.983177    -0.114174    -0.142574
    0.163073     0.197052     0.966736
   -0.113254    -0.920262     0.374556
   -0.985464    0.0559967    -0.160393
    -0.12663     0.387276     0.913226
    -0.11851    -0.939145      0.32243
   -0.986274     0.148932    0.0712883
    -0.11497    -0.309557    -0.943905
   0.0261666     -0.78514     0.618766
    0.985051    -0.085175    -0.149733
    0.170265     0.613434     0.771174
   0.0864929     0.989399    -0.116653
    0.989521   -0.0989063    -0.105196
    0.115618     0.106332     0.987586
  0.00304927    -0.848416     0.529322
    0.979318    -0.104552    -0.173221
    0.202305     0.518903      0.83055
  -0.0189112    -0.989088    -0.146104
    0.971314   -0.0528207      0.23186
    0.237047     0.137528    -0.961714
  -0.0153429    -0.929328    -0.368937
    0.972257         -0.1     0.211461
    0.233411     0.355457     -0.90508
   0.0323054    -0.968907    -0.245307
   -0.966982    0.0317769    -0.252857
    -0.25279    -0.245376     0.935889
    0.023307     0.999177    0.0332037
   -0.966451     0.014021     0.256467
    -0.25579    0.0380673    -0.965983
   0.0320429    -0.893149     0.448619
   -0.968821    0.0825744     0.233595
   -0.245679    -0.442117    -0.862656
   -0.147296    -0.917458     0.369559
   -0.986688     0.162332   0.00973491
  -0.0689227    -0.363206    -0.929156
   -0.156702    -0.860515    -0.484725
   -0.984646     0.174338   0.00882076
  -0.0769156    -0.478665     0.874622
    0.174079      0.67063    -0.721077
    0.984162    -0.143399     0.104224
    0.033506     0.727799     0.684971
   -0.161615    -0.854235     0.494129
     -0.9861     0.159361   -0.0470258
  -0.0385737    -0.494861    -0.868116
    0.171367     0.702364     0.690882
    0.984496   -0.0954339    -0.147175
   0.0374371    -0.705391     0.707829
   -0.194692    -0.932919    -0.302913
   -0.980841     0.183037    0.0666964
  0.00677804    -0.310095     0.950681
    0.197922     0.171164    -0.965158
    0.980175   -0.0437101      0.19325
 -0.00910954    -0.984272    -0.176422
   -0.164709    -0.860687     0.481755
   -0.986228     0.151144   -0.0671561
  -0.0150139    -0.486182    -0.873729
     0.19055     0.251642    -0.948877
    0.981361    -0.073393     0.177609
  -0.0249471    -0.965034    -0.260936
    -0.16784    -0.875658     0.452827
   -0.985545     0.138304   -0.0978442
  -0.0230503     0.462703     0.886214
   -0.116842    -0.775593     0.620325
   -0.989955    0.0408869    -0.135344
  -0.0796084     0.629908     0.772579
   -0.138965    -0.723823     0.675846
   -0.986934    0.0450285    -0.154705
  -0.0815468     0.688514     0.720623
      -0.164    -0.811536     0.560816
   -0.986326     0.144299   -0.0796227
  -0.0163085    -0.566205    -0.824103
   -0.158438    -0.920802       0.3564
    -0.98624     0.164846   -0.0125339
  -0.0472098    -0.353482    -0.934249
   -0.155325    -0.815617     0.557354
   -0.986351     0.159256   -0.0418279
  -0.0546462    -0.556243    -0.829221
   -0.141973    -0.922145      0.35985
   -0.987325     0.157971    0.0152805
  -0.0709368     -0.35312    -0.932885
   -0.142094    -0.870809     0.470638
   -0.986828     0.161768   0.00137364
  -0.0773304    -0.464244    -0.882325
   -0.117309    -0.893685     0.433088
   -0.988258     0.148044    0.0378046
  -0.0979015    -0.423568    -0.900559
   -0.114588    -0.904225     0.411395
   -0.989107     0.142366    0.0374123
  -0.0923979    -0.402627    -0.910689
   -0.120528    -0.883054      0.45353
   -0.987543     0.153207    0.0358612
   -0.101151    -0.443558    -0.890519
  -0.0852189    -0.924269     0.372107
   -0.986658      0.13028     0.097639
   -0.138723    -0.358822     -0.92304
  -0.0601578    -0.934228     0.351568
   -0.983139     0.116383     0.141039
   -0.172679    -0.337155    -0.925477
  -0.0604323    -0.925643     0.373541
   -0.985947     0.113746     0.122356
   -0.155747    -0.360897    -0.919509
  -0.0274763    -0.861786     0.506527
   -0.978833     0.126001     0.161277
   -0.202809    -0.491374    -0.847006
  -0.0237595    -0.965266    -0.260188
   -0.982813    0.0702122    -0.170732
    -0.18307     -0.25166     0.950344
 -0.00454164    -0.904745    -0.425929
   -0.980256    0.0882269    -0.176957
   -0.197679    -0.416716     0.887283
  0.00906008    -0.825996     0.563604
   -0.975021     0.117792     0.188304
   -0.221926    -0.551232    -0.804296
  -0.0247072    -0.907324     0.419706
   -0.986905    0.0890791     0.134475
   -0.159399    -0.410887    -0.897643
  0.00638863    -0.903826     0.427852
   -0.985149    0.0677258     0.157779
   -0.171581    -0.422506    -0.889971
 -0.00298822    -0.990039    -0.140765
   -0.987624    0.0249959    -0.154837
   -0.156813     -0.13856      0.97786
  -0.0462075    -0.948772     0.312565
   -0.986451    0.0926473     0.135395
   -0.157417    -0.302073    -0.940198
  -0.0751978    -0.945809     0.315895
    -0.98598     0.117848     0.118135
   -0.148961    -0.302583    -0.941411
   0.0903874     0.965251     0.245197
    0.984779   -0.0499242    -0.166488
    0.148461    -0.256513     0.955071
    -0.10954    -0.888469     0.445672
   -0.984934     0.157383    0.0716688
   -0.133817    -0.431106    -0.892323
  -0.0939181    -0.964456     0.246989
   -0.986843     0.122978     0.104962
   -0.131605    -0.233882    -0.963317
    0.059039    -0.758728     0.648727
    0.986618   -0.0545919    -0.153638
    0.151985     0.649116     0.745352
 -0.00802439    -0.829031     0.559146
   -0.988638      0.09051     0.120009
   -0.150099     -0.55183    -0.820338
    -0.44212    -0.361972    -0.820674
   -0.886753     0.314002     0.339223
    0.134904     0.877712    -0.459807
   -0.518828    -0.501895     -0.69204
   -0.849246     0.395373     0.349946
   0.0979776     0.769274    -0.631362
   -0.486257     -0.40307    -0.775299
   -0.870478     0.300916      0.38951
   0.0762997     0.864283    -0.497186
    0.538777     0.791863    -0.287526
    0.839623    -0.476803     0.260176
  -0.0689308     0.381591     0.921758
   -0.556385    -0.664441     0.498952
   -0.826157     0.506588    -0.246643
   0.0888836     0.549442     0.830791
    0.510419     0.293028    -0.808459
    0.858399    -0.229624     0.458721
  -0.0512237     -0.92812    -0.368739
    0.545785    -0.183507    -0.817584
    0.834049    0.0252231     0.551114
  -0.0805114    -0.982695      0.16682
   -0.522572    -0.296427    -0.799406
   -0.850311     0.249781     0.463228
   0.0623627     0.921814    -0.382584
   -0.514601    -0.751501     0.412834
   -0.852089     0.501874    -0.148552
   0.0955539     0.428216      0.89861
    0.562771     0.666954    -0.488325
    0.820727    -0.380467     0.426207
  -0.0984689     0.640638     0.761503
   -0.529848    -0.571599    -0.626527
   -0.840322     0.453608     0.296813
     0.11454      0.68375    -0.720671
   -0.546726    -0.690321     0.473865
   -0.827041     0.533588    -0.176882
    0.130743     0.488612      0.86265
    0.506074     0.811716     0.291558
    0.861108    -0.494644    -0.117556
  -0.0487953    -0.310555     0.949302
    0.495152   -0.0750783    -0.865557
    0.865563   -0.0433718     0.498918
  -0.0749986    -0.996234    0.0435095
    0.476778     0.296422    -0.827537
    0.877067    -0.223204     0.425363
  -0.0586225    -0.928609      -0.3664
     0.48116    -0.202704    -0.852875
     0.87598    0.0736291     0.476695
  -0.0338317    -0.976468     0.212992
    0.480313     0.145028    -0.865024
    0.876375    -0.119374     0.466601
  -0.0355905      -0.9822    -0.184436
   -0.448977     0.181931    -0.874826
   -0.892879    -0.053604     0.447095
    0.034446     0.981849     0.186509
    0.407306    0.0337195    -0.912669
    0.912078   -0.0665337     0.404583
  -0.0470809    -0.997214   -0.0578544
    0.456057     0.862958     0.217523
    0.887815    -0.458087   -0.0440635
  -0.0616193    -0.213215      0.97506
    0.376558   -0.0546088    -0.924782
    0.923027   -0.0629086     0.379558
  -0.0789039    -0.996524    0.0267166
   -0.372978    -0.378334    -0.847202
   -0.927058     0.189452     0.323531
   0.0381007     0.906075    -0.421399
    0.343251    -0.164786    -0.924675
    0.937406  -0.00145889     0.348236
  -0.0587334    -0.986328      0.15397
    0.306294     0.190639    -0.932652
    0.950655    -0.112086     0.289296
  -0.0493863     -0.97524    -0.215563
    0.415176   -0.0994177    -0.904292
    0.905057   -0.0556034      0.42164
  -0.0922002    -0.993491    0.0668934
   -0.519101    -0.514625    -0.682419
    -0.83733     0.466402     0.285216
    0.171503     0.719466     -0.67302
    0.498613     0.464883     -0.73162
    0.852682    -0.414886     0.317494
   -0.155942    -0.782147    -0.603265
    0.460428     0.731729     0.502572
    0.864091    -0.499133   -0.0649086
   -0.203355    -0.464153     0.862095
    0.485377     0.772221     0.409981
    0.845999    -0.533177   0.00268783
   -0.220668    -0.345539      0.91209
   -0.441627    -0.687349     0.576643
   -0.880606      0.45511    -0.131935
    0.171751     0.566062     0.806273
     0.43113        -0.24    -0.869785
    0.871149     -0.14035     0.470533
   -0.235002    -0.960574     0.148567
    0.410282     0.135079    -0.901899
    0.887677    -0.285844     0.361001
   -0.209039    -0.948708    -0.237183
   -0.379424     0.303762    -0.873937
   -0.892456     0.128992       0.4323
    0.244047     0.943975     0.222152
    0.455168     0.879476    -0.139086
    0.849529    -0.382156     0.363672
   -0.266688     0.283689     0.921085
    0.402988    0.0811895    -0.911597
    0.870256    -0.342315     0.354225
   -0.283294    -0.936071    -0.208605
   -0.430511      0.36539    -0.825319
   -0.848039     0.149307     0.508465
    0.309013     0.918802     0.245587
    0.385959    -0.268871    -0.882465
    0.904352   -0.0786138     0.419484
   -0.182161    -0.959963     0.212813
   -0.357234     0.434633    -0.826727
   -0.909676    0.0388456     0.413499
    0.211835     0.899769     0.381498
    0.344856    -0.216319    -0.913389
     0.92182    -0.105425     0.373007
   -0.176983    -0.970614     0.163051
    0.377971     0.118987     -0.91814
    0.913526    -0.208996     0.348987
   -0.150363    -0.970651    -0.187692
    0.425685    -0.134718    -0.894787
    0.893629   -0.0928024     0.439106
   -0.142194    -0.986529    0.0808834
    0.420968       0.2421     -0.87417
    0.899851    -0.232853     0.368846
   -0.114256    -0.941895    -0.315878
   -0.468319    -0.666968     0.579509
   -0.877018     0.430562    -0.213204
    0.107315     0.608087     0.786583
   -0.483566     -0.58933    -0.647189
   -0.866049     0.429388     0.256094
    0.126972     0.684336    -0.718026
    0.462367     0.306707    -0.831954
    0.883293    -0.241351     0.401923
  -0.0775206    -0.920696    -0.382505
   -0.348277    -0.570053    -0.744139
   -0.932782     0.289383     0.214883
   0.0928462     0.768958    -0.632521
   -0.373653    -0.513353    -0.772562
   -0.922968     0.288618     0.254616
   0.0922679     0.808188    -0.581652
   -0.368748    -0.783765    -0.499737
   -0.923623     0.248436      0.29189
     0.10462    -0.569203     0.815514
   -0.402103    -0.687073     0.605181
   -0.911343     0.363965    -0.192311
   0.0881337     0.628856      0.77251
    0.405639     0.268373    -0.873747
    0.909764    -0.210834     0.357602
  -0.0882446     -0.93996    -0.329679
    0.412221      0.82628    -0.383843
    0.906462    -0.329572     0.264025
  -0.0916548     0.456776     0.884848
   -0.434978    -0.557846    -0.706825
   -0.897996     0.326562     0.294892
   0.0663179     0.762997    -0.642991
   -0.439747    -0.691547     0.573049
   -0.895628     0.385174    -0.222465
   0.0668782     0.611067     0.788748
    0.456358      0.15611    -0.875995
    0.888321    -0.136599     0.438436
  -0.0512153    -0.978249    -0.201014
   -0.427071    -0.436505     -0.79188
   -0.901317     0.275606     0.334171
   0.0723793     0.856449    -0.511133
   -0.442732    -0.225709    -0.867781
   -0.894757     0.174134     0.411202
   0.0582979     0.958506    -0.279049
   -0.440111    -0.383044    -0.812145
   -0.895907     0.248197     0.368442
   0.0604419     0.889762    -0.452406
    0.447206     0.210111    -0.869402
    0.891403    -0.184614     0.413906
  -0.0735371    -0.960089    -0.269854
    0.466301     0.259663    -0.845658
    0.883298    -0.189022     0.429016
  -0.0484488    -0.947019    -0.317501
    0.409884    0.0678414    -0.909611
    0.905927    -0.146449     0.397302
   -0.106258    -0.986889    -0.121486
   -0.373523     0.600299    -0.707193
   -0.917736    -0.128144     0.375952
    0.135061     0.789443     0.598781
    0.370151     0.861209    -0.348292
    0.921292    -0.292204      0.25659
   -0.119205     0.415855     0.901584
    0.334852     0.884027     0.326144
     0.93283     -0.35988    0.0177326
   -0.133049    -0.298299     0.945154
   -0.335809     0.522532    -0.783705
   -0.928982   -0.0462455     0.367225
    0.155644     0.851365     0.500952
   -0.341273    -0.767839     0.542176
   -0.933345     0.345151   -0.0986865
    0.111357     0.539716      0.83445
   -0.430748    -0.711531     0.555139
    -0.90039     0.380588    -0.210831
   0.0612664     0.590657     0.804593
    0.438054    -0.208142     -0.87452
    0.897453    0.0451666     0.438792
   -0.051832    -0.977055     0.206583
   -0.391972    -0.557273    -0.731987
   -0.917995     0.289123     0.271463
   0.0603553     0.778367    -0.624902
   -0.393215    -0.304046     -0.86772
   -0.916272     0.207942     0.342354
   0.0763438     0.929686    -0.360355
   -0.407669    -0.532018    -0.742134
   -0.911631     0.283679     0.297414
   0.0522983     0.797799    -0.600651
   -0.332923    -0.336099    -0.881022
   -0.938915     0.204547     0.276767
   0.0871894     0.919347    -0.383666
   -0.333376    -0.776166     0.535189
   -0.940866     0.310181    -0.136232
   0.0602664     0.548957     0.833675
    0.261689    -0.115402    -0.958228
    0.961669   -0.0530979     0.269024
  -0.0819257    -0.991899    0.0970832
    -0.33886    -0.581142    -0.739897
   -0.935484     0.291889     0.199174
     0.10022     0.759654    -0.642559
     0.27355    -0.105987    -0.956001
     0.95642   -0.0755697     0.282048
   -0.102138    -0.991492    0.0806958
   -0.275132    -0.606403    -0.746042
    -0.95302     0.274295      0.12851
    0.126707      0.74635    -0.653381
   -0.342481    -0.578085    -0.740625
   -0.938392     0.249179     0.239439
   0.0461324     0.776999    -0.627809
    0.280696     0.858349    -0.429473
    0.958247    -0.225201     0.176203
  -0.0545259     0.461001     0.885723
    0.424156     -0.02665    -0.905197
    0.904678   -0.0323589     0.424865
  -0.0406139    -0.999121    0.0103844
   -0.458074    -0.322032    -0.828531
   -0.887956     0.209032     0.409683
   0.0412584     0.923364    -0.381702
   -0.443479    -0.528749    -0.723706
   -0.895138     0.302118       0.3278
   0.0453209     0.793189    -0.607287
    0.428637    -0.389236    -0.815332
    0.837968    -0.166094      0.51983
   -0.337758     -0.90604     0.254973
    -0.39178   -0.0172978    -0.919896
   -0.867439     0.340221     0.363042
    0.306688     0.940187    -0.148296
   -0.397269     0.577478    -0.713229
   -0.859574    0.0380517     0.509593
    0.321418     0.815519     0.481268
    0.429102     0.892853    -0.136689
    0.829787    -0.329879     0.450148
   -0.356825     0.306582      0.88243
   -0.368774     -0.68799     -0.62504
   -0.887791     0.061484     0.456121
    0.275377    -0.723111     0.633465
   -0.414291    -0.695798     -0.58671
   -0.851253    0.0681129     0.520316
    0.322072    -0.715001     0.620519
    0.383588      0.88786    -0.254097
    0.883718    -0.273004     0.380146
   -0.268147      0.37037     0.889339
   -0.417058     0.607083    -0.676397
   -0.876005   -0.0701498     0.477173
    0.242235     0.791536     0.561064
   -0.443608    -0.750621    -0.489674
   -0.817314     0.114655      0.56467
     0.36771    -0.650709     0.664354
    0.447572    -0.107807    -0.887726
    0.838242    -0.295215     0.458475
   -0.311496    -0.949329   -0.0417616
   -0.477477    -0.266291     -0.83732
    -0.80256     0.520082     0.292255
     0.35765     0.811544    -0.462042
     0.35631     0.920855     -0.15833
    0.912521    -0.306518     0.270837
   -0.200871     0.240982     0.949515
    0.401532      0.91363   -0.0636543
    0.901603    -0.382122      0.20272
   -0.160887     0.138789     0.977166
    0.382978     0.923097    0.0349135
    0.918868    -0.384563    0.0882836
  -0.0949208   0.00172981     0.995483
   -0.343477    -0.635149    -0.691816
   -0.928295     0.341337     0.147507
    0.142454     0.692874    -0.706847
    0.337462    -0.382356    -0.860188
    0.912748   -0.0905947     0.398351
    -0.23024    -0.919563     0.318422
   -0.324214    -0.419581    -0.847843
   -0.928127     0.314405     0.199321
    0.182934     0.851529    -0.491359
    0.338689    0.0980574    -0.935775
    0.913116    -0.274154      0.30176
   -0.226957    -0.956674    -0.182391
    0.366511    0.0529978    -0.928903
    0.891027    -0.307404     0.334027
   -0.267846    -0.950102    -0.159889
    -0.32284    -0.687071     0.650929
   -0.927597     0.366297   -0.0734236
    0.187986     0.627503      0.75558
   -0.497272    -0.221331    -0.838888
   -0.797829     0.496542     0.341927
    0.340864      0.83932    -0.423501
   -0.476753    -0.332677    -0.813654
   -0.839009     0.448352     0.308293
    0.262242     0.829642    -0.492872
    0.502506     0.291302    -0.814021
    0.829975    -0.426222     0.359828
   -0.242135    -0.856433    -0.455953
    0.499905     0.226922    -0.835824
    0.802946    -0.483143      0.34907
   -0.324611    -0.845624    -0.423732
   -0.491589    -0.260524    -0.830944
    -0.86021     0.293827     0.416779
    0.135573      0.91967    -0.368548
    0.490047     0.144226    -0.859682
    0.842597    -0.331064     0.424766
   -0.223347    -0.932521    -0.283762
   -0.481068    -0.511008    -0.712351
   -0.868315     0.389736     0.306815
    0.120844     0.766144    -0.631205
   -0.474649    -0.803984    -0.358215
    -0.87154     0.372438     0.318917
    0.122992    -0.463572     0.877482
    0.488867     0.870811   -0.0519434
    0.818241     -0.43708      0.37342
   -0.302475     0.225055     0.926207
    -0.47187    -0.813015    -0.341094
   -0.855014     0.327565      0.40206
     0.21515    -0.481361     0.849707
    0.465239     0.883179    -0.059561
    0.830734    -0.412396     0.373912
   -0.305669     0.223438      0.92555
   -0.484455    -0.706481    -0.515935
   -0.874121     0.367423     0.317667
   0.0348596    -0.604885     0.795549
   -0.467262    -0.778129     -0.41974
   -0.883923     0.401153     0.240326
   0.0186239    -0.483313     0.875249
     -0.4483     0.558728    -0.697747
   -0.890768     -0.34435     0.296573
  -0.0745653     0.754484     0.652069
   -0.464014     0.506147    -0.726984
    -0.88305    -0.329246     0.334395
  -0.0701031     0.797128     0.599728
   -0.474115    -0.414162    -0.776972
   -0.879235     0.269296     0.392969
   0.0464829     0.869453    -0.491823
    0.474334     0.142325    -0.868764
    0.880177   -0.0573978     0.471162
   0.0171932    -0.988154    -0.152497
    0.441589     0.871246     0.214312
     0.89121     -0.45353   0.00740424
   -0.103648    -0.187728     0.976737
   -0.452025    -0.358958    -0.816592
   -0.871591      0.37247     0.318739
    0.189743     0.855813     -0.48123
    0.423744     0.891224    -0.161743
    0.905122    -0.409816     0.113159
  -0.0345649     0.194347     0.980324
    0.454783    -0.596035    -0.661751
    0.864047      0.47538     0.165638
    0.215857    -0.647114     0.731197
   -0.458883     0.533001     -0.71087
   -0.861841    -0.461527     0.210291
   -0.216001     0.709156     0.671149
   -0.446569     0.613401    -0.651395
   -0.870467    -0.466294     0.157659
   -0.207033     0.637424     0.742178
   -0.451281    -0.664915    -0.595175
   -0.871556     0.471652     0.133924
   -0.191668    -0.579166     0.792358
   -0.475668      -0.7345    -0.483993
   -0.853291     0.518924    0.0511028
   -0.213621    -0.437295     0.873579
   -0.447574     0.420842    -0.789031
   -0.880599    -0.360983      0.30698
   -0.155637     0.832216     0.532159
   -0.438398    -0.637645    -0.633416
   -0.886358     0.423495      0.18714
    -0.14892    -0.643475     0.750841
   -0.428615    -0.826389      -0.3652
   -0.898619     0.431831    0.0774937
  -0.0936652    -0.361391     0.927698
    0.397484     0.902464    -0.166028
    0.916948    -0.397507    0.0345547
   0.0348128     0.165974     0.985515
    0.459844      0.86097    -0.217426
    0.870193    -0.485694   -0.0828536
    0.176937     0.151103     0.972554
    0.407921     0.909168   -0.0837545
    0.909152    -0.412913   -0.0542695
   0.0839234    0.0540079     0.995008
   -0.434275    -0.900548    0.0204835
   -0.893206     0.427568    -0.139173
   -0.116574    0.0787352     0.990056
    0.414431     0.877512     0.241288
    0.909648    -0.391239    -0.139542
   0.0280479    -0.277318     0.960369
    0.387681     0.909372    -0.150818
    0.921171    -0.376186    0.0996402
  -0.0338745     0.177557     0.983527
   -0.447734     0.604335    -0.659024
   -0.889475    -0.376418      0.25912
  -0.0914733     0.702203     0.706076
   -0.450653     0.500817    -0.738982
   -0.884614    -0.361693     0.294339
   -0.119874     0.786358     0.606028
   -0.442198    -0.699221     -0.56174
   -0.879637     0.460435     0.119321
   -0.175213    -0.546891     0.818664
   -0.434417      0.48801    -0.757052
   -0.883081    -0.396247     0.251308
   -0.177339     0.777711     0.603089
   -0.444086    -0.649233    -0.617482
   -0.887362     0.414067     0.202823
      -0.124    -0.638001     0.759986
    0.434715     -0.49293    -0.753686
    0.875777     0.426409     0.226253
    0.209852    -0.758416     0.617063
    0.388804    -0.112501    -0.914426
    0.920631    0.0858417     0.380881
   0.0356463    -0.989937     0.136948
   -0.368113    -0.795476     0.481363
   -0.929704     0.308234      -0.2016
  -0.0119956     0.521737     0.853022
   -0.338893    -0.566553    -0.751112
   -0.939226      0.25025     0.235008
   0.0548213     0.785107    -0.616929
   -0.360628    -0.669516     0.649381
   -0.932401     0.276689    -0.232532
   0.0239923     0.689341     0.724039
   -0.325349     -0.30078    -0.896482
    -0.94108     0.195523     0.275934
   0.0922869     0.933436    -0.346671
   -0.326618    -0.234166    -0.915689
   -0.940353     0.178063      0.28988
   0.0951699     0.955751    -0.278357
   -0.318751    -0.688211     0.651739
   -0.939823     0.318717    -0.123093
    0.123006     0.651755     0.748388
   -0.337626     0.625558    -0.703339
   -0.938529    -0.166637     0.302315
   0.0719133     0.762174     0.643366
     0.31786     0.203571    -0.926026
    0.935478    -0.226407     0.271333
   -0.154424    -0.952522    -0.262402
   -0.322404    -0.445172    -0.835391
   -0.936336     0.279601     0.212365
    0.139037     0.850673    -0.506975
    0.347515     0.933153    0.0919757
    0.932837    -0.354005    0.0670401
  -0.0951186    -0.062501     0.993502
    0.351702     -0.11701     -0.92877
    0.935549   0.00951786      0.35307
  -0.0324729    -0.993085     0.112816
    0.673089     0.107577    -0.731695
    0.562536    -0.716747       0.4121
   -0.480108    -0.688986     -0.54295
   -0.679036    -0.483228    -0.552631
   -0.576081     0.817364  -0.00686284
    0.455017       0.3137    -0.833398
    0.677917     0.140145    -0.721656
    0.620421    -0.635652     0.459374
   -0.394343    -0.759148    -0.517868
    0.680397      0.34652    -0.645743
    0.628146    -0.729629     0.270321
   -0.377481    -0.589547    -0.714103
   -0.687838    -0.658134    -0.306167
   -0.587175     0.256521     0.767739
    0.426737    -0.707854     0.562884
   -0.669701    -0.448076    -0.592223
   -0.667741     0.712319     0.216158
    0.324996     0.540213    -0.776239
    0.677107      0.22193    -0.701622
    0.630014    -0.667524     0.396855
   -0.380275    -0.710745    -0.591804
   -0.663298    -0.360557     -0.65577
   -0.672141     0.672309     0.310206
