  -0.0497072     -0.80424     0.592222
   -0.996101  -0.00334878   -0.0881539
   0.0728801    -0.594295    -0.800938
  -0.0692054    -0.913088     0.401848
   -0.996217     0.042033   -0.0760581
   0.0525568    -0.405591    -0.912542
  -0.0993816    -0.895855      0.43309
   -0.994262    0.0720912   -0.0790323
   0.0395796    -0.438459    -0.897879
    -0.11795    -0.899789     0.420079
   -0.992473    0.0927899   -0.0799162
   0.0329287    -0.426344    -0.903962
   -0.133265    -0.911249     0.389698
    -0.99073      0.11203   -0.0768343
   0.0263572    -0.396325    -0.917732
   -0.136164     -0.86444     0.483944
   -0.990612     0.112828   -0.0771847
   0.0121192    -0.489911    -0.871688
   -0.143228    -0.878194     0.456357
   -0.989678     0.124839   -0.0703758
  0.00483247    -0.461726    -0.887009
   -0.138778    -0.901588     0.409731
   -0.990046     0.116519   -0.0789414
   0.0234312    -0.416608    -0.908784
   -0.136271    -0.783479     0.606293
   -0.990669      0.10929   -0.0814346
 -0.00245939    -0.611733    -0.791061
   -0.133094     -0.89391     0.428032
   -0.990875     0.110749   -0.0768163
   0.0212627     -0.43435    -0.900493
    -0.12613    -0.814598     0.566146
   -0.992003     0.106189   -0.0682143
 -0.00455158    -0.570223    -0.821477
   -0.115432    -0.870177     0.479028
   -0.993259    0.0959628   -0.0650252
   0.0106146    -0.483304    -0.875388
   -0.130449    -0.795279     0.592042
   -0.981925     0.186226    0.0337994
    0.137134     0.576932     0.805198
    0.164052     0.938457      0.30395
     0.97333    -0.204085      0.10478
   -0.160364    -0.278654     0.946908
    -0.13981    -0.863663     0.484293
   -0.979583     0.192001    0.0596096
    0.144467     0.466071     0.872873
   -0.165622     0.637627     -0.75233
   -0.973011     0.018642     0.230004
    0.160682     0.770119     0.617331
   -0.186939    -0.842919    -0.504521
    -0.96679    0.0667496     0.246701
    0.174272    -0.533884     0.827404
    0.140991     0.248404    -0.958341
    0.979314    -0.176909    0.0982214
    -0.14514    -0.952365    -0.268208
    0.192182     0.938938    -0.285413
    0.966889    -0.131403     0.218766
   -0.167904     0.318006     0.933103
   -0.172207    -0.882329    -0.437997
   -0.972936    0.0828015     0.215729
    0.154077    -0.463293     0.872708
   -0.186176    -0.689427    -0.700021
   -0.969846    0.0149007     0.243262
    0.157281    -0.724202     0.671412
   -0.206983    -0.830109    -0.517761
   -0.961618    0.0751782     0.263891
    0.180134     -0.55251     0.813809
    -0.20336    -0.778072    -0.594347
    -0.96424    0.0537806     0.259516
    0.169958    -0.625869     0.761185
   -0.217014    -0.810919     -0.54343
   -0.959438    0.0745621     0.271881
    0.179954    -0.580389     0.794207
    -0.14891    -0.872796    -0.464815
   -0.979146    0.0644486     0.192666
    0.138202    -0.483812     0.864191
   -0.168328    -0.889437    -0.424933
   -0.975675    0.0889173     0.200378
     0.14044    -0.448326     0.882769
   -0.155202    -0.907404    -0.390551
   -0.980693    0.0939108     0.171527
    0.118968    -0.409632      0.90446
   -0.129508    -0.911237     0.390993
   -0.985113    0.0732825    -0.155507
    0.113051    -0.405311    -0.907162
    0.123645     0.970906    -0.205068
    0.984131   -0.0934727     0.150825
   -0.127268     0.220463     0.967057
  -0.0977468    -0.907586     0.408331
   -0.990509    0.0488822     -0.12846
   0.0966288    -0.417012     -0.90375
  -0.0872157    -0.882418     0.462312
   -0.990337      0.12703    0.0556339
     0.10782     0.452993      0.88497
   -0.113219    -0.780111     0.615311
   -0.985231     0.168218    0.0319864
    0.128459     0.602602     0.787635
  -0.0790246    -0.835443     0.543866
   -0.991256     0.123688    0.0459688
    0.105674     0.535478     0.837912
  -0.0622102    -0.889565     0.452552
   -0.994936    0.0194084   -0.0986189
   0.0789447    -0.456396    -0.886268
   0.0512876      0.99172     0.117729
    0.994928   -0.0609533     0.080024
  -0.0865374    -0.113028     0.989816
  -0.0291942    -0.849499     0.526782
   -0.997656  -0.00786398   -0.0679716
   0.0618844    -0.527532    -0.847278
   -0.107666    -0.770168     0.628689
   -0.986326     0.162113    0.0296816
    0.124778     0.616896      0.77709
   -0.216301    -0.797314    -0.563475
   -0.962217    0.0763256     0.261366
    0.165383     -0.59872     0.783698
   -0.209658    -0.859183    -0.466741
   -0.964935     0.104705     0.240702
    0.157937     -0.50084     0.851008
    -0.20579    -0.810239    -0.548783
   -0.968713    0.0891689      0.23161
    0.138725    -0.579277      0.80324
   -0.212724    -0.875334    -0.434211
   -0.965157     0.118931     0.233084
    0.152386    -0.468664     0.870134
   -0.200633    -0.819694    -0.536515
   -0.970904    0.0932841     0.220555
    0.130739    -0.565155     0.814559
   -0.196165    -0.801545    -0.564841
    -0.97325    0.0888944     0.211856
    0.119601     -0.59129     0.797541
   -0.191723    -0.832952    -0.519069
    -0.97521     0.102141     0.196298
    0.110489    -0.543836     0.831886
   -0.181063    -0.899712     0.397158
   -0.980323     0.197399  0.000254641
   0.0786275     0.389297      0.91775
   -0.193885      -0.7872    -0.585427
   -0.973974    0.0830463     0.210898
    0.117401    -0.611081     0.782813
     0.17942     0.967895     0.176032
    0.980353    -0.190817    0.0499655
  -0.0819512    -0.163609     0.983116
   -0.176119    -0.788912     0.588728
   -0.981323     0.187724     -0.04201
   0.0773761     0.585131     0.807239
    -0.18885    -0.829211    -0.526066
   -0.976925     0.104214     0.186435
   0.0997703    -0.549135     0.829757
   -0.183311    -0.754874     0.629732
   -0.980898     0.182863   -0.0663304
   0.0650837     0.629862     0.773976
   -0.182194    -0.843931     0.504566
   -0.981439     0.187321   -0.0410786
   0.0598482     0.502685     0.862396
   -0.182028    -0.798132    -0.574327
   -0.979547    0.0962505     0.176701
   0.0857517    -0.594745     0.799328
    -0.19044    -0.893573    -0.406521
   -0.973979      0.12015     0.192171
    0.122875     -0.43254     0.893203
   -0.179033    -0.904288    -0.387571
    -0.97793     0.120444     0.170721
      0.1077    -0.409582     0.905894
   -0.185348    -0.781779    -0.595372
   -0.973006    0.0612339     0.222506
    0.137494    -0.620542     0.772026
   -0.199243    -0.827731    -0.524561
   -0.968499    0.0847335     0.234158
    0.149372    -0.554691     0.818539
   -0.169758    -0.838436    -0.517887
   -0.978696    0.0818506     0.188295
    0.115484    -0.538818     0.834469
   -0.138038    -0.907933      0.39573
   -0.989789     0.112124   -0.0880079
   0.0355346    -0.403838     -0.91414
   -0.144343    -0.890878     0.430698
   -0.988622     0.111216    -0.101279
   0.0423266    -0.440417    -0.896795
   -0.160346    -0.913124     0.374825
   -0.985146     0.124405    -0.118366
   0.0614523    -0.388237    -0.919508
   -0.147278    -0.881499     0.448629
   -0.988155     0.111367    -0.105576
    0.043103    -0.458864     -0.88746
   -0.151378     -0.91103     0.383547
   -0.986525     0.114877    -0.116497
    0.062071    -0.396014    -0.916144
   -0.140255    -0.888476     0.436966
   -0.988055    0.0971359    -0.119636
   0.0638489    -0.448526    -0.891486
   -0.132639    -0.904426     0.405487
   -0.990269     0.103537   -0.0929909
   0.0421206    -0.413876    -0.909358
   -0.161169     -0.92724      0.33801
   -0.982645     0.118897    -0.142381
   0.0918325    -0.355091     -0.93031
   -0.147469    -0.931982     0.331153
   -0.984952     0.107869    -0.135036
   0.0901298    -0.346083    -0.933865
   -0.165338    -0.878554     0.448115
   -0.983069     0.110421     -0.14623
   0.0789902    -0.464705    -0.881935
   -0.166788    -0.869332     0.465236
   -0.984062     0.117256    -0.133687
   0.0616671    -0.480118    -0.875033
   -0.153721     -0.91804     0.365477
   -0.986677     0.122665    -0.106877
    0.053286    -0.377037    -0.924664
    -0.13942    -0.904969     0.401986
   -0.989672     0.113681    -0.087323
   0.0333266    -0.410009    -0.911472
   -0.164304    -0.892318    -0.420443
   -0.985738       0.1328     0.103369
   0.0364034    -0.431431     0.901411
   -0.127038    -0.926217     0.354941
   -0.991583     0.109574   -0.0689674
   0.0249867    -0.360715    -0.932341
   -0.116942    -0.910082     0.397588
   -0.992388    0.0915154   -0.0824107
   0.0386151    -0.404198    -0.913856
  -0.0941436    -0.869837     0.484273
   -0.994916    0.0647272   -0.0771525
   0.0357645    -0.489075    -0.871508
  -0.0950258    -0.879127     0.467018
    -0.99436    0.0616264   -0.0863186
   0.0471043    -0.472587    -0.880024
   -0.063864    -0.865991     0.495964
   -0.996755    0.0309463   -0.0743147
   0.0490077      -0.4991    -0.865157
  -0.0661175    -0.867259     0.493448
   -0.996802    0.0351633   -0.0717611
   0.0448842    -0.496614     -0.86681
  -0.0372014    -0.853411     0.519909
   -0.998061   0.00574755   -0.0619806
   0.0499068    -0.521206     -0.85197
  -0.0402832    -0.834083     0.550165
   -0.997074  -0.00224156   -0.0764043
   0.0649608    -0.551634    -0.831553
   -0.062922    -0.898445     0.434555
   -0.996263    0.0307297   -0.0807215
   0.0591701     -0.43801    -0.897021
  -0.0378253    -0.845114     0.533246
   -0.998097   0.00594771   -0.0613728
   0.0486955    -0.534553    -0.843731
  -0.0925884    -0.863922     0.495042
   -0.993292    0.0455534     -0.10628
   0.0692664    -0.501562    -0.862344
   -0.122738    -0.872766     0.472456
   -0.989391    0.0703244     -0.12712
   0.0777212    -0.483046    -0.872139
    -0.12077    -0.863529     0.489625
   -0.991394    0.0798194    -0.103762
   0.0505201    -0.497943    -0.865737
   -0.150932    -0.867397     0.474174
   -0.987861     0.150173   -0.0397325
   0.0367444     0.474415     0.879534
   -0.157239    -0.789054      0.59386
   -0.986924     0.147142   -0.0658063
   0.0354571     0.596442     0.801873
   -0.127104    -0.794418     0.593922
   -0.991743    0.0914899   -0.0898662
  -0.0170535     0.600441     0.799488
    0.125694     0.971225     0.202293
     0.99204    -0.121478   -0.0331732
   0.0076444    -0.204852     0.978763
   -0.132416    -0.779433     0.612331
   -0.991057    0.0938116    -0.094902
   -0.016526     0.619422     0.784885
    0.100309    -0.603047     0.791374
    0.993387    0.0160504    -0.113684
   0.0558548     0.797545     0.600669
   -0.100521    -0.589709    -0.801336
   -0.992832   0.00711273     0.119308
  -0.0646575     0.807585    -0.586197
  -0.0883847    -0.360513    -0.928557
   -0.992044   -0.0520362     0.114631
  -0.0896445     0.931302    -0.353046
   -0.101946    -0.809661     0.577976
   -0.993667    0.0552869   -0.0978181
   -0.047245     0.584288      0.81017
  -0.0824244    -0.655248    -0.750904
   -0.992249   -0.0163501     0.123183
   -0.092993     0.755237    -0.648822
  -0.0923114     -0.34632    -0.933564
   -0.992601   -0.0422639     0.113828
  -0.0788769     0.937164    -0.339856
    0.102785     0.634417    -0.766127
    0.992666   -0.0161497     0.119805
   0.0636337    -0.772822    -0.631424
  -0.0838579    -0.665156      0.74198
   -0.992063   -0.0142816    -0.124925
  -0.0936912     0.746568      0.65868
   0.0873805     0.697274    -0.711459
    0.990948    0.0122272      0.13369
    0.101918    -0.716701    -0.689893
    0.107992     0.693614     0.712206
    0.991768   -0.0255833    -0.125467
   0.0688051    -0.719893     0.690666
    0.130618     0.757246     0.639936
    0.991262   -0.0877622   -0.0984775
   0.0184095    -0.647207     0.762092
   -0.140819    -0.615199    -0.775693
   -0.989873    0.0732997     0.121567
    -0.01793     0.784957    -0.619291
   -0.160874     -0.74469     0.647732
   -0.986665     0.137788   -0.0866399
   0.0247297     0.653033     0.756926
   -0.156968    -0.646834    -0.746302
   -0.987083     0.127281    0.0972949
   0.0320562     0.751935    -0.658458
    0.166607     0.240168    -0.956327
    0.985856   -0.0584164     0.157081
  -0.0181392    -0.968972    -0.246504
   0.0706971     0.702273    -0.708389
    0.991073    0.0310212     0.129662
    0.113033    -0.711232     -0.69381
    0.068656     0.963728     0.257905
    0.990292   -0.0345145     -0.13465
    0.120864    -0.264646     0.956742
  -0.0578134    -0.905378    -0.420653
   -0.986206     0.117255    -0.116829
   -0.155098    -0.408096     0.899668
   0.0517264     0.126836    -0.990574
    0.986723     0.146421    0.0702735
    0.153954    -0.981057    -0.117579
   0.0552727     0.958012    -0.281352
    0.985224   -0.0980774    -0.140405
    0.162104     0.269434     0.949277
  -0.0405055      0.66844    -0.742662
   -0.979851    -0.172063    -0.101425
   -0.195581      0.72359     0.661941
  -0.0394521     -0.94146    -0.334808
   -0.978418     0.104414    -0.178314
   -0.202834    -0.320548     0.925261
  -0.0257567    -0.724473     0.688822
   -0.972864     0.176659     0.149425
   -0.229941    -0.666282    -0.709363
   0.0397181     0.957234     0.286574
    0.980697    0.0176089    -0.194739
    0.191457    -0.288777     0.938057
  -0.0230386    -0.625304     0.780041
   -0.972561     0.194699     0.127352
   -0.231506    -0.755703    -0.612632
  -0.0180143    -0.591215     0.806313
   -0.973994     0.192546      0.11942
   -0.225855    -0.783193    -0.579308
   0.0359286     0.304922    -0.951699
    0.977951     0.185312    0.0962931
    0.205723    -0.934174    -0.291541
  -0.0230832    -0.519608     0.854093
   -0.972438     0.209939      0.10144
   -0.232016    -0.828211    -0.510133
  -0.0192132    -0.573888     0.818709
   -0.972778     0.199872     0.117275
    -0.23094    -0.794169    -0.562106
  -0.0332188     0.461506    -0.886515
    -0.97833    -0.196391   -0.0655791
   -0.204369     0.865126     0.458029
  -0.0500868    -0.525924    -0.849055
   -0.983926    -0.119919     0.132324
    -0.17141     0.842035    -0.511464
    0.046563    -0.641432     0.765766
    0.983874    -0.103083    -0.146171
    0.172696     0.760223     0.626288
   0.0666043    -0.650577     0.756514
    0.989671   -0.0533898    -0.133045
    0.126946     0.757561     0.640301
  -0.0660607    -0.873019     0.483192
   -0.989827  -0.00381714    -0.142223
   -0.126008     0.487671     0.863886
   0.0675931    -0.677314     0.732582
    0.989226   -0.0500745    -0.137569
    0.129861     0.733988     0.666632
 -0.00703674    -0.892126     0.451733
   -0.981553    0.0924752     0.167339
   -0.191062    -0.442222    -0.876319
   -0.020741    -0.960547     0.277342
    -0.98515    0.0669251     0.158114
   -0.170437    -0.269944    -0.947672
  -0.0309328    -0.855121     0.517505
   -0.982266     0.121798     0.142545
   -0.184924    -0.503918    -0.843724
  -0.0462299     -0.92756    -0.370804
   -0.986251     0.101337    -0.130533
   -0.158653    -0.359671     0.919492
  -0.0390616    -0.977349        0.208
   -0.989381    0.0669935     0.128987
       -0.14    -0.200752    -0.969587
   0.0565345    -0.217467    -0.974429
    0.984283     0.175689    0.0178972
    0.167304    -0.960126     0.223981
  -0.0574402    -0.922647     0.381344
   -0.990156     0.101486    0.0963978
   -0.127642    -0.372053    -0.919393
  -0.0728014    -0.754931     0.651751
   -0.988413    -0.032655    -0.148231
   -0.133187     0.654991     0.743806
   0.0830149     0.995844   -0.0374651
    0.990687   -0.0865397    -0.105118
    0.107924    0.0283898     0.993754
  -0.0481945    -0.934939     0.351521
    -0.99178    0.0865562    0.0942371
   -0.118532     -0.34409    -0.931425
  -0.0701897    -0.921274     0.382528
   -0.993066     0.100786    0.0605152
  -0.0943046    -0.375628     -0.92196
  -0.0605809    -0.937478     0.342731
   -0.995403    0.0822594    0.0490587
  -0.0741843    -0.338183    -0.938152
  -0.0738797    -0.507279    -0.858609
   -0.988648   -0.0756942      0.12979
   -0.130832     0.858451    -0.495928
  -0.0957111    -0.828675     0.551486
   -0.990408    0.0238101    -0.136109
  -0.0996591     0.559223     0.823005
  -0.0477013    -0.376262    -0.925285
   -0.983796    -0.142582     0.108698
   -0.172828     0.915477    -0.363364
   0.0308087     0.038246    -0.998793
    0.979014     0.200245    0.0378664
    0.201451    -0.978999   -0.0312741
   0.0282143     0.165508    -0.985805
      0.9792     0.193653     0.060538
    0.200924    -0.967008    -0.156602
  -0.0104656   0.00132312     0.999944
   -0.975297    -0.220676  -0.00991561
   -0.220651     0.975346  -0.00359994
  -0.0169571    -0.563511     0.825935
    -0.97401     0.195919     0.113672
   -0.225871    -0.802541    -0.552187
  -0.0103336    -0.672852     0.739705
     -0.9774     0.162997     0.134611
   -0.211143    -0.721597     -0.65933
  -0.0803555    -0.921199     0.380704
   -0.995266    0.0951013    0.0200476
  -0.0546732     -0.37729     -0.92448
  -0.0935734    -0.931374     0.351833
   -0.994155     0.106522    0.0175805
   -0.053852    -0.348131    -0.935898
   -0.106037    -0.912156     0.395889
   -0.994011     0.107812   -0.0178356
  -0.0264128    -0.395409    -0.918125
  -0.0983111    -0.912958     0.396033
   -0.994533     0.104215    -0.006639
  -0.0352116    -0.394521    -0.918212
   -0.135284     -0.92304     0.360132
   -0.990676     0.131928   -0.0340087
  -0.0161201    -0.361375    -0.932281
   -0.121544    -0.889845     0.439776
   -0.992586     0.109321   -0.0531281
   -0.000801    -0.442973    -0.896534
   -0.138392    -0.922052     0.361479
   -0.990345     0.125859   -0.0581128
  0.00808749    -0.366031    -0.930567
   -0.112445    -0.881263     0.459055
   -0.993658    0.0999726   -0.0514739
-0.000530857    -0.461931    -0.886916
   -0.164421     -0.91213    -0.375479
   -0.986342     0.148248    0.0717848
  0.00981325    -0.382153     0.924047
    0.143401     0.971635     0.188046
    0.989472    -0.137014   -0.0466059
    0.019519     -0.19275     0.981054
   -0.114608    -0.833957     0.539797
   -0.991198    0.0597531    -0.118133
  -0.0662632     0.548585     0.833465
    0.109186     0.970222    -0.216211
    0.992406    -0.118792   -0.0319026
   0.0566368     0.211086     0.975825
   -0.109759     -0.88895     0.444657
   -0.993735     0.107613   -0.0301561
  -0.0210436    -0.445181    -0.895193
    -0.10111     -0.90433     0.414686
   -0.994173     0.107502  -0.00796515
  -0.0373765    -0.413075     -0.90993
   -0.107355     -0.78736    -0.607075
   -0.992877     0.116643    0.0242971
  -0.0516806    -0.605359     0.794273
  -0.0814643    -0.907174     0.412793
   -0.994904    0.0987025      0.02057
  -0.0594043    -0.409014    -0.910593
   0.0949826     0.985637    -0.139634
    0.993392    -0.102923   -0.0507754
   0.0644178     0.133889       0.9889
  -0.0654116    -0.857476      0.51035
   -0.994672    0.0968663    0.0352648
  -0.0796744    -0.505324    -0.859244
  -0.0564327    -0.933721     0.353525
   -0.995163    0.0811233    0.0554043
  -0.0804113    -0.348688    -0.933783
    0.080573     0.182341    -0.979928
    0.993553    0.0639689    0.0935964
   0.0797514    -0.981152    -0.176011
  -0.0455035    -0.935937     0.349216
   -0.993678    0.0783206    0.0804297
   -0.102628    -0.343348    -0.933584
  -0.0303183    -0.947691     0.317746
   -0.991269    0.0693187     0.112162
   -0.128321    -0.311571    -0.941519
  -0.0305435    -0.923508     0.382361
   -0.992053    0.0747221     0.101228
   -0.122056    -0.376231    -0.918451
  -0.0175201    -0.970538    -0.240312
   -0.987849     0.053924    -0.145761
   -0.154425    -0.234838      0.95969
  -0.0162893    -0.921015     0.389185
   -0.989968    0.0694925     0.123021
   -0.140349    -0.383277    -0.912908
   0.0021165    -0.924135      0.38206
   -0.987097    0.0592412     0.148762
    -0.16011    -0.377445    -0.912085
  0.00186236    -0.933141     0.359506
   -0.984212     0.061916     0.165809
   -0.176982    -0.354139    -0.918293
  -0.0158469    -0.952847    -0.303038
   -0.990742    0.0558319    -0.123744
   -0.134828    -0.298272      0.94491
  0.00582322    -0.939556     0.342346
   -0.988889    0.0454438      0.14154
   -0.148542    -0.339366    -0.928852
  0.00214952     -0.95916    -0.282856
   -0.990976    0.0358656     -0.12915
   -0.134021    -0.280582     0.950428
   0.0302303       0.9971    0.0698381
    0.991005   -0.0207859    -0.132203
    0.130368   -0.0732065     0.988759
    0.045867     0.992494    -0.113363
    0.992338   -0.0583022    -0.108934
    0.114725     0.107498     0.987564
    0.063487     0.976349      0.20667
    0.990897   -0.0370363    -0.129427
    0.118712    -0.213006     0.969812
   0.0693519     0.978675    -0.193356
    0.992408   -0.0874168     -0.08651
    0.101568     0.185888     0.977307
  -0.0580459    -0.964171     0.258854
   -0.993538    0.0811262    0.0793836
  -0.0975392    -0.252574    -0.962649
   0.0382847    -0.693533     0.719407
    0.991101   -0.0654961    -0.115884
    0.127488     0.717441     0.684854
  0.00604967    -0.975959    -0.217869
    0.991182   -0.0229872     0.130495
    0.132366     0.216738    -0.967215
   -0.424227    -0.689472    -0.587078
   -0.892604     0.209122     0.399407
    0.152609    -0.693467      0.70414
   -0.457537     0.443751    -0.770548
   -0.878892   -0.0941822     0.467631
     0.13494     0.891187     0.433101
   -0.430422    -0.721649    -0.542181
   -0.895409     0.265553     0.357385
    0.113929      -0.6393     0.760471
   -0.466108    -0.608533    -0.642208
   -0.878206     0.406206     0.252488
    0.107221     0.681678    -0.723754
   -0.493833    -0.494902    -0.714984
   -0.859585     0.402004     0.315446
    0.131312     0.770367    -0.623933
   -0.442978    -0.293805    -0.847024
   -0.892252      0.23669     0.384531
   0.0875055     0.926097    -0.366996
   -0.488318    -0.346051    -0.801121
    -0.86513      0.31235     0.392413
    0.114436     0.884696    -0.451905
    -0.46321    -0.327502    -0.823516
   -0.881174     0.269492     0.388468
   0.0947068     0.905603    -0.413418
    0.473971    -0.244905    -0.845797
    0.872682   0.00260633     0.488282
   -0.117379    -0.969544      0.21496
   -0.510416    -0.390451    -0.766175
   -0.848496     0.373472     0.374931
    0.139753     0.841467    -0.521922
    0.497372     0.179032    -0.848863
    0.857527    -0.249674      0.44979
   -0.131413    -0.951636    -0.277706
    0.515902     0.184204    -0.836608
    0.842626     -0.28509     0.456842
   -0.154356    -0.940634    -0.302294
    0.439575     0.182404     -0.87949
    0.894613    -0.176407     0.410547
  -0.0802627    -0.967269    -0.240725
   -0.456955    0.0114865    -0.889416
   -0.884183     0.103196     0.455599
   0.0970173     0.994595   -0.0369997
    0.435697     0.173736    -0.883167
    0.895905    -0.178252     0.406916
  -0.0867298    -0.968526    -0.233315
    -0.41987    -0.302123    -0.855822
   -0.904802     0.213124     0.368662
   0.0710148     0.929139    -0.362846
    0.418374     0.159685    -0.894127
    0.905471    -0.150619     0.396782
  -0.0713123     -0.97561    -0.207605
    0.392599     0.136642    -0.909503
    0.917686    -0.123773     0.377536
  -0.0609847    -0.982858    -0.173987
    0.374264     0.217101    -0.901551
    0.924254     -0.16635      0.34363
    -0.07537     -0.96187    -0.262916
    0.399389    0.0356758    -0.916087
    0.912044    -0.116914     0.393074
    -0.09308    -0.992501    -0.079232
   -0.371992    -0.654208    -0.658509
   -0.923786     0.191534     0.331564
   0.0907852     -0.73166     0.675597
    0.351629     0.211253    -0.911992
    0.933806    -0.147899     0.325781
    -0.06606    -0.966177    -0.249275
   -0.337368     0.515634    -0.787594
   -0.938583    -0.119875     0.323563
   0.0724272     0.848382     0.524407
    -0.31346     0.350752    -0.882448
   -0.947197   -0.0494071     0.316822
   0.0675269     0.935164     0.347719
   -0.388584    -0.676054    -0.626062
    -0.91282     0.189873     0.361535
    0.125545    -0.711968     0.690898
    0.510265     0.202015    -0.835955
    0.842215    -0.314129     0.438174
    -0.17408    -0.927638    -0.330429
   -0.490201     0.344484    -0.800646
   -0.857296   -0.0247673     0.514228
    0.157314     0.938465     0.307466
    0.478696    -0.236801    -0.845444
    0.859437   -0.0704781      0.50636
   -0.179492    -0.968998     0.169778
    0.499543    -0.256228    -0.827529
    0.841251   -0.0845209     0.533997
   -0.206769    -0.962914      0.17333
   -0.457003     0.402561    -0.793154
   -0.875641    -0.047015     0.480669
    0.156208     0.914185     0.373985
   -0.464463     0.577483    -0.671407
   -0.860692    -0.115835     0.495774
    0.208529     0.808143     0.550836
   -0.442737     0.378048    -0.813058
    -0.87879  -0.00285982       0.4772
     0.17808     0.925781     0.333491
   -0.427662     0.404972    -0.808148
   -0.880962    0.0135681     0.472993
    0.202514     0.914228     0.350962
    -0.48655     0.568824    -0.663106
   -0.840146   -0.0964507     0.533715
    0.239633     0.816785     0.524823
   -0.444909     0.430089    -0.785544
    -0.86484    0.0214928     0.501587
    0.232611      0.90253     0.362396
    0.472129    -0.318111    -0.822131
    0.839016    -0.123972     0.529795
   -0.270455    -0.939913      0.20837
   -0.424671      0.59419    -0.683076
   -0.891624     -0.14362     0.429395
    0.157039     0.791398     0.590786
    0.407532     -0.38896    -0.826213
    0.896911  0.000410282     0.442211
   -0.171663    -0.921254      0.34903
   -0.397578    -0.824168     0.403335
   -0.906073     0.421996   -0.0308394
    0.144789     0.377712     0.914532
    0.411917     -0.23037     -0.88162
    0.901254    -0.039708     0.431467
   -0.134405    -0.972293     0.191266
    0.439537    -0.240774    -0.865352
    0.887795   -0.0299315     0.459265
   -0.136481    -0.970119     0.200602
    0.427697    -0.230775    -0.873967
    0.896232   -0.0175872     0.443237
   -0.117659    -0.972848     0.199306
    0.452158     -0.36329      -0.8146
    0.884209    0.0626008     0.462878
   -0.117164    -0.929571      0.34953
    0.471142    -0.376071    -0.797869
    0.872129     0.063281     0.485166
   -0.131967    -0.924427     0.357797
    0.436214    -0.237808     -0.86785
     0.89412    0.0059507     0.447788
   -0.101323    -0.971294     0.215225
   -0.394801    -0.806529     0.440049
   -0.917244      0.37356    -0.138261
   0.0528732     0.458218     0.887266
   -0.395174    -0.623445    -0.674651
    -0.91623     0.320301     0.240687
    0.066036     0.713249    -0.697793
   -0.392872    -0.596627    -0.699777
   -0.916006     0.321046     0.240546
   0.0811443     0.735504    -0.672644
   -0.403151    -0.601556    -0.689637
    -0.91154     0.330687     0.244421
   0.0810218      0.72717    -0.681659
   -0.398727    -0.683513     0.611414
   -0.914191     0.349032    -0.205989
   0.0726064     0.641083      0.76403
   -0.407203    -0.686327     0.602612
   -0.908733     0.370618    -0.191954
   0.0915958     0.625777     0.774605
   -0.403771    -0.755768     0.515541
    -0.91137     0.381458    -0.154578
   0.0798322     0.532263     0.842806
    0.412332     0.366984     -0.83385
    0.907084    -0.250508     0.338295
  -0.0847368    -0.895862    -0.436178
   -0.409754    -0.741802     0.530878
   -0.908964     0.380984    -0.169222
   0.0767268     0.551888     0.830381
   -0.401655     -0.43347    -0.806707
   -0.912569     0.263271     0.312899
   0.0767498     0.861854    -0.501315
   -0.399911    -0.658013     0.638036
   -0.913034     0.346951    -0.214462
   0.0802482     0.668314     0.739538
    0.397579     0.315648    -0.861567
    0.914026    -0.218665     0.341675
  -0.0805454    -0.923337    -0.375447
     0.42382    -0.130595    -0.896282
    0.901241   -0.0377735     0.431669
  -0.0902294    -0.990716     0.101688
   -0.423009    -0.548146    -0.721525
   -0.902629     0.324789     0.282442
   0.0795239     0.770745    -0.632161
    0.411733     0.250052    -0.876327
    0.905175    -0.223561     0.361496
    -0.10552    -0.942069    -0.318388
    0.400113     0.821888     0.405475
    0.909153    -0.411738   -0.0625471
   -0.115543    -0.393665     0.911964
   -0.393508    -0.693007     0.604063
   -0.914247     0.363937    -0.178049
   0.0964512     0.622327     0.776792
   -0.383656    -0.521611    -0.762056
   -0.918611     0.300156     0.257022
   0.0946703     0.798641    -0.594314
    0.386841     0.111317    -0.915403
     0.91442    -0.174545       0.3652
   -0.119126    -0.978337    -0.169311
   -0.385302    -0.800672     0.458767
   -0.919815     0.373127    -0.121314
   0.0740457     0.468723     0.880236
   -0.383181    -0.355153    -0.852666
   -0.919536     0.233946     0.315789
   0.0873241     0.905061    -0.416219
   -0.383597    -0.554451    -0.738537
   -0.919979     0.299196     0.253219
   0.0805696     0.776573    -0.624855
   -0.351425    -0.351773    -0.867615
   -0.931991     0.219396     0.288546
   0.0888484     0.910011    -0.404951
   -0.354521    -0.415136    -0.837841
   -0.930222     0.247503     0.270977
   0.0948755     0.875445    -0.473913
    -0.36579    -0.275551    -0.888971
   -0.927759     0.183799     0.324779
   0.0738987     0.943552    -0.322876
   -0.325453    -0.470001    -0.820475
   -0.940968     0.246384      0.23211
   0.0930598     0.847581    -0.522442
     0.33239     0.235207    -0.913343
    0.939803    -0.164019     0.299781
  -0.0792951    -0.958006    -0.275567
     0.29301   -0.0551211    -0.954519
    0.952199   -0.0733746     0.296535
  -0.0863828     -0.99578    0.0309868
    0.319939     0.592779    -0.739088
    0.941563    -0.285671     0.178467
   -0.105345    -0.752997    -0.649537
     0.29017   -0.0319212    -0.956443
    0.951656   -0.0956018     0.291909
   -0.100756    -0.994908   0.00263722
   -0.293234    -0.468629    -0.833307
   -0.949279     0.246202     0.195586
    0.113504     0.848394    -0.517054
    0.331607     0.208654    -0.920054
    0.941079    -0.141777     0.307032
  -0.0663787    -0.967658    -0.243375
    0.298815   -0.0329161    -0.953743
    0.951782   -0.0624339     0.300355
  -0.0694324    -0.997506    0.0126728
    0.378702     0.204418    -0.902662
    0.923189    -0.152588     0.352759
  -0.0656256    -0.966918    -0.246502
    -0.40599    -0.306141    -0.861075
    -0.91125     0.207008     0.356049
   0.0692485     0.929207    -0.363014
   -0.387858    -0.377873    -0.840701
   -0.918712     0.232107     0.319522
    0.074394     0.896291    -0.437181
   -0.468546     0.367217    -0.803503
    -0.83504     0.112822     0.538498
    0.288398     0.923267     0.253779
    0.442978   -0.0329748    -0.895926
    0.860629    -0.264332     0.435255
   -0.251175    -0.963868   -0.0887142
    0.445048     0.215459      -0.8692
     0.85791    -0.380873     0.344856
   -0.256752    -0.899174    -0.354351
    0.472696     0.172352    -0.864207
    0.830358    -0.415483      0.37132
   -0.295066    -0.893123    -0.339512
    0.418416     0.206009    -0.884584
    0.881486     -0.32682     0.340839
   -0.218883    -0.922361    -0.318341
   -0.457822     -0.26903    -0.847361
   -0.851639     0.406265     0.331148
    0.255165     0.873253    -0.415114
    0.432668       0.1688     -0.88561
     0.87939    -0.295488     0.373309
   -0.198673    -0.940316    -0.276289
    0.452364     0.158413    -0.877651
    0.871333    -0.288294     0.397071
    -0.19012    -0.944347    -0.268445
   -0.481238    -0.322735    -0.815017
     -0.8215      0.49045     0.290855
    0.305856     0.809507     -0.50115
   -0.464909     -0.33367    -0.820076
   -0.847747      0.43488     0.303653
    0.255314     0.836388    -0.485047
   -0.482981    -0.398075    -0.779914
   -0.821752     0.513671     0.246708
    0.302411     0.760051    -0.575213
   -0.413309    -0.327538    -0.849644
   -0.898299     0.299453     0.321538
    0.149112     0.896129    -0.417993
    0.428926    0.0795878    -0.899827
    0.893551     -0.18363     0.409692
   -0.132628    -0.979768    -0.149879
    0.411958     0.196855    -0.889685
    0.908138    -0.168716     0.383172
  -0.0746743    -0.965807    -0.248275
   -0.399376    -0.491648    -0.773809
   -0.911922     0.299875      0.28013
   0.0943207     0.817531    -0.568108
    0.398245     0.134826    -0.907316
     0.90076    -0.244358     0.359056
     -0.1733    -0.960266     -0.21876
    0.389423    -0.149652     -0.90882
    0.910442   -0.0868449     0.404418
   -0.139448    -0.984917      0.10243
    0.399328    -0.299485    -0.866514
     0.89836   -0.0608277     0.435027
   -0.182992     -0.95216     0.244756
   -0.416667     0.328649    -0.847572
    -0.88315    0.0746655     0.463109
    0.215485     0.941496     0.259136
    0.383769      0.91728     0.106389
     0.91204    -0.394551     0.111856
   -0.144579   -0.0541041     0.988013
   -0.473796     -0.73075     0.491448
    -0.82731     0.560593    0.0359702
    0.301788     0.389537     0.870164
   -0.460205    -0.528822    -0.713133
    -0.85315     0.485672     0.190414
    0.245654     0.696039    -0.674673
   -0.449265    -0.893171    0.0201503
   -0.861837     0.439226     0.253608
    0.235366   -0.0965708     0.967097
   -0.448782    -0.741373      0.49896
   -0.840896     0.539321    0.0450116
     0.30247     0.399373     0.865455
   -0.434337    -0.732644    -0.524008
   -0.885617      0.24115       0.3969
    0.164422    -0.636459     0.753582
    0.423157     0.889788     0.170924
    0.874012    -0.450588     0.181859
   -0.238833   -0.0724345     0.968355
    -0.41082    -0.689735    -0.596232
   -0.896955     0.188559     0.399897
    0.163398    -0.699079     0.696125
    0.393227     0.886804    -0.242799
    0.907634    -0.332212     0.256587
   -0.146882     0.321269     0.935528
     0.42269     0.904544    0.0559741
    0.854963    -0.418484     0.306446
   -0.300618    0.0816759     0.950241
    0.386484     0.908604    -0.158329
    0.893345    -0.326121     0.309159
   -0.229269     0.260928     0.937738
    0.407161     0.911932   -0.0509867
     0.86092    -0.364544     0.354858
   -0.305019      0.18838     0.933529
   -0.411909    -0.721305    -0.556821
   -0.906519     0.262355     0.330745
   0.0924836    -0.641006     0.761943
    -0.38333    -0.778956    -0.496272
   -0.919857     0.273579     0.281101
   0.0831958    -0.564254     0.821399
   -0.378838    -0.705636    -0.598798
   -0.925187      0.27296     0.263671
   0.0226082    -0.653889     0.756253
   -0.407739    -0.709841    -0.574347
   -0.912749     0.299453     0.277879
   0.0252603    -0.637537     0.770005
   -0.434845     0.607985    -0.664277
   -0.894661    -0.207777     0.395488
     0.10243     0.766279      0.63429
   -0.424469    -0.661528    -0.618229
   -0.905093     0.291047     0.309996
   0.0251369    -0.691139     0.722285
    0.438115    -0.300756    -0.847113
    0.891493    0.0244938     0.452371
   -0.115304    -0.953386     0.278853
    0.445349    -0.300057    -0.843582
    0.877187   -0.0426289     0.478253
   -0.179464    -0.952968     0.244221
   -0.418631     0.523436    -0.742134
   -0.906351    -0.189302     0.377747
   0.0572389      0.83077     0.553664
    0.411028    -0.628688    -0.660157
    0.906829     0.356135     0.225453
   0.0933657    -0.691317     0.716494
   -0.420034       0.5016    -0.756286
   -0.901899    -0.323242     0.286519
   -0.100746     0.802441     0.588165
   -0.411964     0.586737    -0.697155
   -0.906613    -0.340614      0.24907
  -0.0913221     0.734657     0.672264
   -0.417336     0.433678    -0.798595
    -0.90439    -0.284208     0.318284
  -0.0889348     0.855073     0.510824
     -0.4234     0.494811    -0.758877
   -0.900257    -0.323506     0.291345
   -0.101341     0.806539      0.58243
   -0.414785     0.496711    -0.762386
   -0.907578    -0.285909     0.307503
  -0.0652332     0.819472     0.569394
   -0.416684     0.433953    -0.798786
   -0.906045    -0.269658      0.32614
  -0.0738693     0.859633     0.505543
   -0.415788     0.375827    -0.828175
   -0.908206    -0.219416     0.356396
  -0.0477712     0.900339     0.432559
   -0.406295    -0.391896    -0.825435
   -0.913441     0.150999     0.377923
  -0.0234667     0.907534    -0.419323
    0.422612   -0.0924286    -0.901585
    0.901918     0.140716     0.408342
   0.0891253    -0.985726     0.142831
   -0.407398    -0.531597    -0.742584
   -0.911813     0.191166     0.363389
  -0.0512195     0.825142    -0.562598
   -0.419129     -0.62131    -0.662046
   -0.905101     0.228433     0.358624
  -0.0715834     0.749528    -0.658091
    0.411663      0.89461    -0.173801
    0.911319    -0.405264    0.0725122
  0.00556507     0.188238     0.982108
   -0.405907    -0.342748    -0.847209
   -0.913689     0.172798      0.36785
   0.0203163     0.923398    -0.383305
   -0.415649    -0.712227    -0.565658
   -0.909241     0.340937     0.238838
  -0.0227465    -0.613592     0.789296
   -0.401428     0.457443    -0.793474
   -0.915519    -0.225095     0.333404
  -0.0260936     0.860278     0.509157
   -0.404341       0.3299    -0.853038
   -0.912245    -0.212473     0.350234
  -0.0657052     0.919794     0.386861
   -0.386487     0.500272    -0.774826
   -0.919786    -0.270989     0.283828
   -0.067978      0.82237     0.564877
    0.382277    -0.614557    -0.690061
    0.923452     0.280891     0.261413
   0.0331783     -0.73717     0.674892
    0.401244     0.645376    -0.649995
    0.911806    -0.349021     0.216319
    0.087255     0.679466       0.7285
   -0.405392     -0.46502    -0.787028
   -0.913535     0.174683     0.367342
  -0.0333407     0.867895    -0.495627
   -0.394541    -0.425551    -0.814398
   -0.918593       0.1606     0.361101
  -0.0228748     0.890569    -0.454272
   -0.384669    -0.419399    -0.822274
   -0.922727     0.198445     0.330446
   0.0245874     0.885846    -0.463327
   -0.398212    -0.621074    -0.675051
   -0.917293     0.269839     0.292847
 0.000275374     0.735835    -0.677161
   -0.375404    -0.303943    -0.875609
   -0.925306      0.17761     0.335058
   0.0536788     0.935988    -0.347916
   -0.384902    -0.599451     -0.70179
   -0.921443     0.293121     0.254996
   0.0528515     0.744808    -0.665183
   -0.379021    -0.768781      0.51509
   -0.921925     0.361809    -0.138377
   0.0799825     0.527323     0.845892
   -0.394788    -0.705273      0.58884
   -0.918341     0.322535    -0.229392
   0.0281373     0.631317     0.775014
   -0.378378    -0.579126     -0.72211
   -0.919082     0.327821      0.21868
    0.110079     0.746423    -0.656305
    0.378376     0.107698    -0.919365
    0.920811    -0.145236     0.361958
  -0.0945425    -0.983518    -0.154123
   -0.391341    -0.641372     0.659919
   -0.918782     0.312748    -0.240892
   0.0518872     0.700593     0.711672
   -0.390728    -0.536453    -0.748031
   -0.920484     0.233358     0.313454
   0.0064056     0.811025    -0.584976
    0.647424   -0.0995094    -0.755605
    0.600335    -0.544188     0.586052
   -0.469509    -0.833041    -0.292582
    0.656639     0.103018    -0.747136
    0.592987    -0.682647     0.427035
   -0.466038     -0.72345    -0.509342
   -0.647611    -0.221921    -0.728938
   -0.639338     0.678715     0.361376
    0.414544     0.700069    -0.581426
   -0.654985    -0.279544    -0.702033
   -0.634002     0.708794     0.309277
     0.41114     0.647662    -0.641481
    0.658759     0.185269    -0.729186
    0.596993    -0.718553     0.356765
   -0.457861    -0.670341    -0.583957
   -0.640931    -0.348162    -0.684099
   -0.671001     0.686942     0.279049
    0.372782     0.637882    -0.673899
   -0.655667    -0.371647    -0.657251
   -0.628408     0.751159     0.202146
    0.418574     0.545563    -0.726056
   -0.643818    -0.417239    -0.641413
   -0.669679     0.712773     0.208531
