  -0.0673576     -0.83765     0.542039
   -0.993936   0.00901052    -0.109589
   0.0869131    -0.546134    -0.833177
  -0.0845936    -0.903914     0.419265
   -0.994269    0.0489687    -0.095036
   0.0653735    -0.424902    -0.902876
    -0.10633    -0.894265     0.434722
   -0.993034    0.0731852   -0.0923399
   0.0507612    -0.441512    -0.895818
   -0.119475    -0.897271     0.425006
   -0.992016    0.0904742     -0.08786
   0.0403821     -0.43211    -0.900916
   -0.135691    -0.842217     0.521784
   -0.990294    0.0992984   -0.0972496
   0.0300928    -0.529916    -0.847516
    -0.13645    -0.847863     0.512358
   -0.990448     0.106392   -0.0877138
   0.0198587    -0.519432    -0.854281
   -0.140499    -0.886285     0.441316
   -0.990017      0.12068   -0.0728261
   0.0112867    -0.447142    -0.894392
   -0.139769     -0.86889     0.474863
   -0.989843     0.110025    -0.090027
   0.0259769    -0.482623    -0.875443
   -0.135653    -0.763295     0.631647
   -0.990756     0.104285   -0.0867549
 0.000348143    -0.637577    -0.770386
   -0.132907    -0.898958     0.417384
   -0.990927     0.112037   -0.0742364
    0.019973    -0.423464    -0.905693
   -0.121363    -0.835272     0.536275
   -0.992604       0.1036   -0.0632714
 -0.00270952    -0.539988    -0.841668
   -0.113023    -0.874326     0.471995
   -0.993556    0.0953982   -0.0611992
  0.00848059    -0.475871    -0.879474
    0.137522     0.984731     0.106738
    0.981228    -0.150151     0.121019
   -0.135198   -0.0880917     0.986895
    0.158735     0.978427     0.132225
     0.97605    -0.175688     0.128299
   -0.148761    -0.108693     0.982881
    0.139766     0.989535    0.0358701
    0.980457    -0.143367      0.13472
   -0.138453   -0.0163399     0.990234
   -0.159887    -0.823981     -0.54359
   -0.976154     0.050065     0.211229
    0.146834    -0.564401     0.812337
    0.182303     0.980867   -0.0683016
    0.970167    -0.168153     0.174646
    -0.15982    0.0981025     0.982259
    0.144635     0.955171    -0.258318
    0.980256    -0.102743     0.168945
   -0.134831     0.277653     0.951173
   -0.180827     -0.82693    -0.532436
    -0.97162    0.0662589     0.227076
    0.152498    -0.558387     0.815444
   -0.165913    -0.923572     -0.34567
   -0.976207     0.104193     0.190168
    0.139618    -0.368997     0.918884
    -0.18013      -0.9009    -0.394883
   -0.973508     0.105797     0.202705
    0.140839    -0.420935      0.89609
   -0.196794     -0.86044    -0.470016
   -0.966567    0.0898882     0.240143
     0.16438    -0.501561     0.849362
   -0.194829    -0.784142    -0.589205
   -0.968624    0.0593181     0.241347
      0.1543     -0.61774     0.771096
   -0.206781    -0.843652    -0.495473
   -0.964584    0.0910227     0.247574
    0.163767    -0.529119     0.832595
   -0.146382    -0.911485    -0.384405
   -0.981294    0.0846777     0.172895
    0.125041    -0.402523      0.90683
    0.164795     0.945074    -0.282271
    0.978189    -0.119911      0.16961
   -0.126446     0.304065     0.944222
   -0.151772    -0.902865     0.402244
   -0.982739    0.0942877    -0.159165
    0.105778    -0.419457    -0.901591
   -0.132497     -0.91706     0.376092
   -0.985635    0.0818114     -0.14775
    0.104727    -0.390266    -0.914727
    0.120953     0.986762    -0.108029
    0.985981    -0.106823     0.128183
   -0.114946     0.122019     0.985849
   -0.109974    -0.937761     0.329409
   -0.989537    0.0721566    -0.124943
   0.0933977    -0.339703    -0.935884
   0.0993069     0.994082    0.0440429
    0.989316    -0.103385     0.102788
   -0.106733   -0.0333648     0.993728
   -0.118693    -0.897185     0.425408
   -0.985134      0.15999    0.0625582
    0.124187     0.411658     0.902837
   0.0879418    -0.279278    -0.956175
    0.990335    -0.078836      0.11411
   -0.107249    -0.956969     0.269646
  -0.0806099    -0.870228      0.48601
   -0.993274    0.0294695    -0.111978
    0.083124    -0.491767     -0.86675
  -0.0703531    -0.849255    -0.523274
   -0.993293    0.0113917     0.115058
   0.0917525     -0.52786     0.844361
  -0.0581233    -0.850132     0.523352
   -0.995522    0.0102115   -0.0939748
   0.0745468    -0.526471    -0.846919
   -0.112481    -0.993272    0.0275575
   -0.986258     0.114979     0.118642
    0.121012    0.0138337     0.992555
   -0.208957    -0.856845    -0.471332
   -0.966054     0.105994     0.235594
    0.151909    -0.504562     0.849907
   -0.200274    -0.779282    -0.593809
   -0.969455    0.0700328      0.23506
    0.141592    -0.622748     0.769504
   -0.201438    -0.837577    -0.507825
   -0.971266     0.103715     0.214209
    0.126747    -0.536383     0.834403
    0.205865     0.916126    -0.343996
    0.968678    -0.140894      0.20448
   -0.138862     0.375317     0.916436
   -0.192715    -0.835352    -0.514829
   -0.974299     0.100539     0.201577
    0.116627    -0.540444     0.833258
    -0.19208    -0.863516    -0.466311
   -0.975586     0.116462     0.186193
    0.106473     -0.49069     0.864804
   -0.189726    -0.880011    -0.435413
    -0.97696     0.125056     0.172946
   0.0977435    -0.458194     0.883462
    0.180211     0.975252     0.128092
    0.981256    -0.187284    0.0454041
    -0.06827    -0.117509     0.990722
   -0.192942    -0.807178    -0.557887
   -0.975487    0.0964751     0.197782
    0.105823    -0.582372     0.806005
   -0.180003    -0.839322      0.51297
   -0.981395     0.188647   -0.0357101
   0.0667981     0.509854     0.857663
   -0.177036    -0.829725     0.529353
   -0.981728     0.187004   -0.0352111
   0.0697755     0.525914     0.847671
    0.186235     0.930997    -0.313946
     0.97846     -0.14678      0.14516
  -0.0890623     0.334217     0.938279
     0.17893     0.953642     0.241973
     0.98203    -0.188111    0.0151939
  -0.0600073    -0.234906     0.970164
    0.175193     0.944597     0.277568
    0.983198    -0.182544  0.000651885
   -0.051284     -0.27279     0.960706
   -0.178089     -0.90003    -0.397782
   -0.981063     0.131115     0.142562
   0.0761544    -0.415638     0.906336
   -0.182956    -0.788889     -0.58667
   -0.977289    0.0810367     0.195804
    0.106926    -0.609169     0.785799
   -0.171592    -0.834047    -0.524329
   -0.980579    0.0932829     0.172521
   0.0949793    -0.543749     0.833856
   -0.178898    -0.922284    -0.342619
   -0.976401     0.123606     0.177097
    0.120984    -0.366215     0.922632
   -0.190736    -0.844908     -0.49975
   -0.972501     0.093329      0.21338
    0.133645    -0.526707     0.839475
   -0.167716    -0.898462     0.405754
   -0.980521     0.109351    -0.163156
     0.10222    -0.425215    -0.899302
   -0.136909    -0.892573     0.429614
   -0.990178     0.110901   -0.0851397
   0.0283487    -0.437051     -0.89899
   -0.146073    -0.870008     0.470903
   -0.988468     0.109146    -0.104969
   0.0399267    -0.480806    -0.875918
   -0.154516      -0.9198     0.360684
   -0.986422      0.12306    -0.108759
    0.055651    -0.372592    -0.926325
   -0.144808    -0.881082      0.45025
   -0.988556     0.109388    -0.103879
   0.0422739     -0.46014    -0.886839
   -0.152314    -0.904262     0.398888
   -0.986589      0.11515    -0.115685
   0.0586773    -0.411159    -0.909673
   -0.141208    -0.866763     0.478312
   -0.988046    0.0932067     -0.12279
   0.0618477    -0.489934    -0.869563
   -0.133233     -0.88306     0.449948
   -0.989957    0.0969219    -0.102916
   0.0472715    -0.459141    -0.887105
   -0.160027    -0.905402     0.393241
   -0.983882     0.114097    -0.137686
   0.0797939    -0.408937    -0.909068
   -0.146588    -0.901418     0.407379
     -0.9859    0.0995356    -0.134513
   0.0807036    -0.421353    -0.903299
   -0.163312    -0.894403     0.416381
    -0.98413     0.117993    -0.132538
   0.0694124    -0.431418    -0.899478
   -0.164622     -0.88719    -0.431038
   -0.984848     0.123686     0.121555
   0.0545287    -0.444518     0.894109
   -0.149882    -0.915889     0.372401
   -0.987657     0.121365   -0.0990194
   0.0454944    -0.382645    -0.922775
    -0.13675    -0.904464     0.404036
   -0.990238       0.1137     -0.08063
    0.026988    -0.411118    -0.911183
   -0.162492    -0.933895    -0.318491
   -0.986248      0.14385    0.0813726
   0.0301785    -0.327334     0.944427
   -0.126157    -0.916271     0.380174
    -0.99175     0.107709   -0.0695106
   0.0227424    -0.385807    -0.922299
   -0.124972    -0.898506     0.420796
   -0.990981    0.0923678   -0.0970822
   0.0483609    -0.429133    -0.901946
   -0.107207    -0.872979      0.47583
   -0.992722    0.0675781    -0.099684
   0.0548663    -0.483053     -0.87387
   -0.109355    -0.860226     0.498049
   -0.992262    0.0648357    -0.105885
   0.0587934    -0.505774     -0.86066
  -0.0856487    -0.849839     0.520036
   -0.993841    0.0360395    -0.104788
   0.0703109    -0.525809    -0.847692
  -0.0855427     -0.86787     0.489372
   -0.994442    0.0441162   -0.0955924
   0.0613725    -0.494829     -0.86682
  -0.0617855    -0.875646     0.478985
   -0.995357    0.0185727   -0.0944403
   0.0738002    -0.482597    -0.872728
  -0.0698135    -0.837655     0.541719
   -0.993428   0.00900374    -0.114105
   0.0907028    -0.546125    -0.832779
  -0.0862763    -0.873431     0.479243
   -0.993939    0.0425661    -0.101357
   0.0681291    -0.485083     -0.87181
  -0.0673936    -0.847722     0.526141
   -0.995552    0.0223407   -0.0915251
   0.0658335    -0.529969    -0.845458
   -0.104247    -0.862703      0.49485
   -0.992049    0.0549233    -0.113237
   0.0705115     -0.50272    -0.861569
   -0.129995    -0.868798     0.477799
   -0.988564    0.0764141    -0.130012
   0.0764432    -0.489236    -0.868795
   -0.128678    -0.873929     0.468712
   -0.989946    0.0852121    -0.112895
   0.0587223    -0.478527    -0.876107
   -0.156674    -0.848444     0.505566
   -0.987111     0.151426   -0.0517801
   0.0326232     0.507162     0.861233
    -0.15906    -0.814631     0.557742
   -0.986777     0.149009   -0.0637741
   0.0311565     0.560511     0.827561
   -0.134991    -0.891193     0.433073
   -0.990787     0.116597   -0.0688968
  -0.0109054     0.438384     0.898722
   -0.132695    -0.725718     0.675075
   -0.991152    0.0949321   -0.0927707
 -0.00323911     0.681411     0.731893
   -0.136203    -0.840549     0.524334
   -0.990531     0.106345   -0.0868251
  -0.0172202     0.531195     0.847075
    0.107791     0.622366    -0.775269
     0.99273   -0.0253705      0.11766
   0.0535585    -0.782315    -0.620576
    -0.11524    -0.744563      0.65753
   -0.992207    0.0547069    -0.111948
  -0.0473807     0.665307     0.745065
  -0.0958999     -0.36004    -0.927995
   -0.991733   -0.0452949      0.12006
  -0.0852599     0.931837     -0.35272
    0.108225     0.652814    -0.749747
    0.993194   -0.0383441      0.10998
   0.0430481    -0.756547    -0.652521
   -0.094796    -0.413798     -0.90542
   -0.991723   -0.0398651     0.122051
  -0.0865992     0.909495    -0.406594
   -0.098689    -0.368241    -0.924478
   -0.992236   -0.0342462     0.119563
   -0.075688     0.929099    -0.362002
   -0.115721    -0.597134     -0.79375
   -0.991915    0.0275684     0.123872
  -0.0520857     0.801668    -0.595496
   0.0976323     0.181294    -0.978571
    0.991657    0.0654338      0.11106
   0.0841662     -0.98125    -0.173393
  -0.0995412    -0.875176     0.473454
   -0.990966    0.0442141    -0.126616
   -0.089878      0.48178     0.871671
   -0.118226    -0.764814      0.63331
    -0.99123    0.0529814    -0.121059
  -0.0590341     0.642068     0.764371
   -0.137305    -0.862531     0.487019
   -0.990396     0.111498   -0.0817536
  -0.0162132     0.493567     0.869557
   -0.142197    -0.730326     0.668134
   -0.989624     0.090839    -0.111325
  -0.0206106     0.677032     0.735665
   -0.164651    -0.745884     0.645405
   -0.986078     0.139903   -0.0898771
   0.0232561     0.651218     0.758534
     0.16151     0.714206     0.681047
    0.986438    -0.137279   -0.0899713
  -0.0292354    -0.686342     0.726691
   -0.165344    -0.596038    -0.785748
   -0.986092     0.113522     0.121389
   0.0168476     0.794891    -0.606519
  -0.0769338    -0.396113    -0.914973
   -0.990791   -0.0721779     0.114556
   -0.111418      0.91536    -0.386913
  -0.0768941     -0.81841     0.569466
   -0.990639  -0.00189937    -0.136494
    -0.11279     0.574631     0.810603
  -0.0590592    0.0144806    -0.998149
   -0.986515    -0.153744    0.0561404
   -0.152646     0.988005    0.0233653
  -0.0562193    -0.341974    -0.938026
   -0.987299    -0.120787     0.103207
   -0.148595     0.931914     -0.33084
   0.0608676     0.950766    -0.303874
    0.986082    -0.104466    -0.129338
    0.154714     0.291773     0.943892
  -0.0400964    0.0220218    -0.998953
   -0.980305    -0.194354    0.0350634
   -0.193379     0.980684     0.029381
   -0.042965    -0.922163     0.384407
   -0.980014    -0.035902    -0.195662
   -0.194233     0.385131     0.902191
  -0.0246628    -0.306725     0.951479
    -0.97389     0.222229    0.0463955
   -0.225677    -0.925491    -0.304197
   0.0366992     0.965577     0.257514
    0.981416    0.0137435    -0.191398
    0.188349    -0.259752     0.947129
  -0.0197698      -0.6242     0.781014
   -0.973868     0.188799      0.12624
   -0.226254    -0.758109    -0.611621
  -0.0136037    -0.515962     0.856503
    -0.97382     0.201224     0.105751
   -0.226913    -0.832642    -0.505191
   0.0412775    0.0910101    -0.994994
    0.979576     0.192453    0.0582412
     0.19679    -0.977077   -0.0812073
  -0.0263386      -0.4494     0.892942
   -0.974459     0.210819     0.077358
   -0.223014    -0.868099    -0.443475
  -0.0239271    -0.426703     0.904075
   -0.974759     0.210754    0.0736733
   -0.221974    -0.879493    -0.420975
  -0.0383963    -0.443115    -0.895642
   -0.979754     -0.15955     0.120939
    -0.19649     0.882152    -0.428018
   0.0547855    -0.658081     0.750952
    0.984619   -0.0893535    -0.150136
    0.165902     0.747627     0.643064
   0.0556751    -0.778051     0.625729
    0.985108   -0.0593015    -0.161389
    0.162675     0.625395     0.763163
   0.0761218       0.7105     0.699568
    0.989555    0.0323059    -0.140487
    0.122416    -0.702955      0.70062
   0.0762478     0.655142    -0.751648
     0.99023    0.0385161     0.134021
    0.116753    -0.754523    -0.645804
   0.0765853      0.68854    -0.721143
    0.989332    0.0374147      0.14079
    0.123921    -0.724232     -0.67833
  -0.0144209    -0.898912     0.437891
    -0.98369    0.0912821      0.15499
   -0.179294    -0.428514    -0.885567
  -0.0292924    -0.957675     0.286357
   -0.986765    0.0734147     0.144584
   -0.159488    -0.278332    -0.947151
  -0.0408108    -0.892538     0.449121
    -0.98379      0.11445     0.138051
   -0.174618    -0.436207    -0.882741
  -0.0537535     -0.92648     0.372486
   -0.987529     0.104603     0.117666
   -0.147979    -0.361516    -0.920548
  -0.0482895     -0.97857     0.200171
   -0.990231    0.0731482     0.118713
   -0.130811    -0.192483    -0.972542
  -0.0659657    -0.659638    -0.748683
   -0.985709   -0.0734782     0.151589
   -0.155006     0.747983    -0.645364
  -0.0668186    -0.942254     0.328165
   -0.990756     0.101574    0.0899155
   -0.118056    -0.319124    -0.940331
  -0.0790247     -0.89138     0.446315
   -0.989191    0.0146429    -0.145901
   -0.123518     0.453021     0.882902
   0.0985555     0.991215   -0.0882029
    0.991406    -0.105462   -0.0774016
   0.0860237    0.0798165     0.993091
  -0.0560554    -0.933507     0.354151
   -0.992192    0.0916653    0.0845753
   -0.111415    -0.346645    -0.931356
  -0.0797162    -0.941531      0.32736
   -0.993379     0.102288    0.0522954
  -0.0827229    -0.321023    -0.943452
  -0.0656456    -0.933658     0.352098
   -0.995315    0.0863704    0.0434605
  -0.0709881    -0.347596    -0.934953
   0.0831817    -0.747434     0.659108
    0.988948   -0.0195424     -0.14697
    0.122731     0.664049     0.737547
   -0.100315    -0.837036     0.537873
   -0.990715    0.0341719    -0.131593
  -0.0917681     0.546079     0.832692
  -0.0573209    -0.581405    -0.811592
   -0.985087   -0.0991585     0.140609
   -0.162227     0.807549    -0.567051
   0.0367795   -0.0302805    -0.998865
    0.980152     0.195942    0.0301505
    0.194807    -0.980148    0.0368861
   -0.039823    -0.887375    -0.459325
   -0.981622     0.120607    -0.147896
   -0.186637    -0.444993      0.87587
   0.0192027   -0.0685716    -0.997461
    0.977822     0.209389   0.00442995
    0.208554    -0.975425    0.0710717
  -0.0223351    -0.371726     0.928074
   -0.975962     0.209406    0.0603867
   -0.216791    -0.904416    -0.367468
  -0.0177451    -0.928576    -0.370718
   -0.980207    0.0892776    -0.176704
    -0.19718    -0.360244     0.911781
   -0.083136    -0.918918     0.385588
    -0.99512    0.0971836    0.0170479
  -0.0531384    -0.382289    -0.922514
  -0.0933778    -0.900124     0.425507
   -0.994372     0.105801   0.00559664
  -0.0500566     -0.42259    -0.904938
   -0.108329    -0.899304     0.423695
   -0.993814     0.108449   -0.0239076
  -0.0244493    -0.423664    -0.905489
  -0.0990408     -0.92279     0.372357
   -0.994559     0.103944  -0.00693755
  -0.0323024    -0.371018    -0.928064
    0.133073     0.958381    -0.252582
    0.990851    -0.134432    0.0119524
      0.0225     0.251861     0.967502
    -0.12094     -0.88992     0.439791
   -0.992651     0.110303   -0.0497738
 -0.00421555    -0.442579     -0.89672
   -0.137852    -0.915151     0.378809
   -0.990431     0.124806   -0.0589116
  0.00663549    -0.383305    -0.923598
   -0.110616     -0.89785     0.426179
   -0.993857     0.101442   -0.0442481
 -0.00350406    -0.428456    -0.903556
   -0.159576    -0.909043    -0.384937
    -0.98717     0.144743    0.0674176
  0.00556859    -0.390757     0.920477
   -0.141594    -0.989739    0.0191989
   -0.989696     0.141118   -0.0242514
  -0.0212932    0.0224349     0.999522
    0.116573     0.979564     0.163905
    0.991148    -0.104182   -0.0822913
   0.0635336    -0.172047     0.983038
    0.118252     0.961314    -0.248781
     0.99163    -0.127404    -0.020955
   0.0518401     0.244221     0.968333
    -0.10849    -0.889611     0.443646
   -0.993904     0.105865   -0.0307674
  -0.0195954    -0.444279    -0.895674
  -0.0999792    -0.905009     0.413477
   -0.994326     0.106047  -0.00831569
  -0.0363223    -0.411962    -0.910477
    0.103956     0.736929    -0.667929
    0.993463    -0.108782    0.0346018
   0.0471596      0.66716      0.74342
  -0.0823362    -0.907072     0.412846
   -0.994999     0.098325    0.0175934
  -0.0565516    -0.409333    -0.910631
   0.0934387     0.995176   -0.0299153
    0.993929   -0.0949906   -0.0555212
    0.058095    0.0245458     0.998009
  -0.0693788    -0.911863      0.40459
   -0.994555    0.0948367     0.043197
  -0.0777597     -0.39939    -0.913478
  -0.0597551    -0.930657      0.36098
   -0.995319    0.0830643    0.0493905
  -0.0759502    -0.356339    -0.931265
   0.0774419    0.0386877    -0.996246
    0.994143      0.07255    0.0800958
   0.0753764    -0.996614   -0.0328427
  -0.0518443    -0.933762     0.354118
   -0.993965    0.0825735    0.0722147
  -0.0966721    -0.348237    -0.932408
  -0.0388128    -0.945619     0.322951
   -0.991921    0.0755243     0.101929
   -0.120777    -0.316386    -0.940911
  -0.0371185    -0.924314     0.379822
   -0.992719    0.0776893    0.0920459
   -0.114587    -0.373641    -0.920469
  -0.0267943    -0.968121     0.249045
   -0.989051     0.061842      0.13399
    -0.14512    -0.242728    -0.959178
  -0.0241538    -0.923976     0.381686
   -0.990927    0.0726207     0.113091
   -0.132211    -0.375492    -0.917347
 -0.00567083    -0.928555     0.371152
   -0.988516    0.0612549     0.138145
    -0.15101    -0.366106    -0.918239
  -0.0063862    -0.935002     0.354584
   -0.986006    0.0649599     0.153534
   -0.166589    -0.348642    -0.922333
   -0.018767     -0.95209     0.305242
    -0.99138     0.057314     0.117817
   -0.129667      -0.3004    -0.944958
-0.000993142    -0.942691     0.333665
   -0.990082    0.0478025     0.132108
   -0.140487    -0.330224    -0.933389
 -0.00211549    -0.978308    -0.207144
   -0.991361     0.029218    -0.127867
   -0.131146    -0.205084     0.969918
   0.0326744     0.995658   -0.0871661
    0.991983   -0.0429581    -0.118844
    0.122072    0.0825841     0.989079
  -0.0471959    -0.954335    -0.294988
   -0.992938    0.0770014   -0.0902495
   -0.108843    -0.288646     0.951229
   0.0592607     0.987064     0.148971
    0.991882   -0.0414045     -0.12023
    0.112507    -0.154886     0.981505
  -0.0656624    -0.950154    -0.304789
   -0.993348    0.0911989   -0.0703023
  -0.0945944    -0.298146     0.949822
  -0.0585379    -0.954906     0.291079
   -0.993841    0.0832267    0.0731634
  -0.0940898    -0.285004    -0.953897
   0.0382689    -0.836631    -0.546429
    0.991628    -0.035694     0.124099
    0.123329     0.546603     -0.82826
  0.00796635    -0.994108    -0.108102
    0.992196  -0.00559457     0.124565
    0.124436     0.108251    -0.986305
    0.436344     0.892307    -0.115724
    0.888426    -0.406893     0.212454
   -0.142487     0.195515     0.970294
   -0.461571    -0.576267    -0.674439
   -0.877051     0.410568     0.249429
    0.133165     0.706647    -0.694923
   -0.436076    -0.297633    -0.849266
   -0.893964     0.251578     0.370859
    0.103277     0.920936     -0.37578
   -0.464739    -0.341364    -0.816999
   -0.879418     0.285443      0.38098
    0.103154     0.895541    -0.432858
    0.487714     0.255693    -0.834719
    0.863633    -0.281026     0.418524
   -0.127564    -0.925011    -0.357886
     0.44568     0.233188    -0.864287
    0.891282    -0.205732     0.404093
  -0.0835816     -0.95042    -0.299527
     0.48702     0.272045    -0.829942
    0.866411    -0.270381     0.419793
   -0.110198    -0.923518    -0.367384
    0.464876      0.13223    -0.875446
    0.880835     -0.16908       0.4422
  -0.0895485    -0.976692    -0.195074
     0.47371     0.101082     -0.87486
    0.874852    -0.168115     0.454282
   -0.101157    -0.980571    -0.168069
   -0.507683    -0.389717    -0.768361
   -0.851032     0.365742       0.3768
    0.134177     0.845195    -0.517342
    0.499513   -0.0540438    -0.864619
    0.857328    -0.112477     0.502332
   -0.124398    -0.992184  -0.00985067
     0.51911   -0.0426426    -0.853643
    0.842247    -0.144398     0.519393
   -0.145413      -0.9886   -0.0390429
   -0.441721    -0.332213    -0.833377
   -0.893959     0.241289     0.377645
   0.0756257     0.911819    -0.403568
   -0.452971    -0.322542    -0.831134
   -0.887224     0.254557     0.384753
   0.0874716     0.911684    -0.401474
   -0.433463    -0.331022    -0.838173
   -0.898023     0.236341     0.371076
   0.0752604     0.913547     -0.39971
   -0.423597    -0.363444    -0.829744
   -0.903455     0.236083     0.357819
    0.065841     0.901207    -0.428359
   -0.418866    -0.316672    -0.851041
   -0.905531      0.21541     0.365531
   0.0675688     0.923752    -0.376984
    0.401669     0.266858    -0.876042
    0.913687    -0.181493     0.363643
  -0.0619542    -0.946492    -0.316724
    0.379264     0.147578    -0.913444
     0.92224    -0.140365     0.360238
  -0.0750525     -0.97904    -0.189337
    0.413328     0.144239    -0.899086
    0.907421    -0.147447     0.393505
  -0.0758082    -0.978496     -0.19183
    0.368307     0.180033    -0.912106
    0.925814    -0.160677     0.342128
  -0.0849605    -0.970449    -0.225855
    0.354336     0.136862    -0.925049
     0.93281    -0.121198     0.339377
  -0.0656668    -0.983148    -0.170611
    0.336311    0.0524527    -0.940289
    0.938747   -0.0983575     0.330272
  -0.0751609    -0.993768   -0.0823184
    0.316581   -0.0888813    -0.944392
       0.946   -0.0435827     0.321222
  -0.0697098    -0.995088    0.0702843
   -0.394275  -0.00620473    -0.918972
   -0.912383     0.122358     0.390622
     0.11002     0.992467   -0.0539039
    0.521805    -0.178426    -0.834196
    0.837901   -0.0763599     0.540455
   -0.160131    -0.980986     0.109659
   -0.501174     0.367802    -0.783292
   -0.853958   -0.0638412     0.516411
     0.13993      0.92771     0.346083
   -0.496541     0.505196     -0.70585
   -0.853711    -0.137224     0.502342
    0.156921     0.852025     0.499428
   -0.519189     0.430253    -0.738461
   -0.835018   -0.0711889     0.545598
    0.182175     0.899897      0.39623
    0.474572    -0.334674     -0.81411
    0.870706    0.0428976     0.489929
   -0.129043    -0.941357      0.31176
   -0.489162     0.603708    -0.629489
    -0.85452     -0.18717     0.484524
     0.17469     0.774922     0.607437
   -0.466895     0.552113    -0.690782
   -0.872001    -0.157546     0.463459
    0.147051     0.818749     0.555001
   -0.460741     0.490062    -0.739971
   -0.872283   -0.0961307      0.47946
    0.163831      0.86637     0.471764
   -0.510502     0.525972    -0.680251
   -0.835836     -0.11778     0.536195
    0.201904     0.842307     0.499753
   -0.480984     0.537319    -0.692779
    -0.85487     -0.11208     0.506591
    0.194555     0.835898     0.513247
   -0.504509     0.500014    -0.703887
   -0.833439   -0.0691084     0.548273
      0.2255     0.863255     0.451597
    0.450319     0.825848    -0.339395
    0.883918    -0.358655     0.300093
   -0.126105     0.435135     0.891491
   -0.442125    -0.636832    -0.631641
   -0.885791     0.199247     0.419136
    0.141066    -0.744812     0.652192
   -0.428273     0.470969    -0.771214
   -0.895785    -0.108914     0.430938
    0.118962       0.8754     0.468532
   -0.436577      -0.6117    -0.659715
   -0.893228     0.382289     0.236642
    0.107448     0.692588    -0.713286
    0.456533    -0.221539    -0.861683
    0.882623  -0.00920178     0.469992
   -0.112051    -0.975108     0.191335
    0.440506    -0.239631    -0.865177
    0.892557    0.0133974     0.450736
   -0.096419    -0.970772     0.219786
   -0.457658    -0.690178     0.560539
   -0.883462     0.424051    -0.199189
    0.100221     0.586375     0.803816
    0.477375    -0.129399     -0.86912
    0.871186   -0.0593731     0.487349
   -0.114665    -0.989814     0.084387
     0.44326    -0.141656    -0.885129
    0.892274   -0.0248212     0.450811
  -0.0858301    -0.989605     0.115394
   -0.412068    -0.848571     0.331855
   -0.910034     0.401337    -0.103761
   0.0451374     0.344756     0.937606
   -0.412677    -0.735133     0.537845
   -0.909176     0.368506    -0.193913
   0.0556473      0.56902     0.820439
   -0.412549    -0.768947     0.488388
    -0.90847     0.386722    -0.158521
   0.0669761     0.509084     0.858107
   -0.413022    -0.527706    -0.742253
   -0.908005     0.301506     0.290897
   0.0702855     0.794116    -0.603689
   -0.413034    -0.770327     0.485797
   -0.908614     0.384778    -0.162378
   0.0618402      0.50847     0.858856
   -0.417818    -0.442213    -0.793647
   -0.905338     0.275818     0.322936
   0.0760958     0.853447    -0.515594
    -0.41122    -0.511197    -0.754702
   -0.908739      0.29472     0.295523
   0.0713558     0.807352    -0.585739
   -0.416835    -0.398442    -0.817002
   -0.906139     0.253172     0.338844
    0.071833      0.88156    -0.466575
   -0.410783    -0.580577    -0.702985
   -0.909263     0.317591      0.26903
    0.067069     0.749711    -0.658358
   -0.410486    -0.655141     0.634264
   -0.909394     0.345311    -0.231869
   0.0671113     0.671975     0.737527
   -0.405876    -0.446328    -0.797531
   -0.911153     0.265563     0.315082
   0.0711645     0.854557    -0.514459
   -0.401879    -0.590079    -0.700215
   -0.912709     0.319808     0.254331
   0.0738591     0.741303    -0.667095
    0.427055     0.263561    -0.864962
    0.900973    -0.205098     0.382339
  -0.0766329    -0.942587    -0.325049
   -0.421514    -0.467086    -0.777275
   -0.904216     0.281426     0.321238
   0.0686994      0.83823    -0.540972
   -0.427499    -0.573892    -0.698494
   -0.900028     0.342685     0.269289
   0.0848201     0.743785    -0.663016
   -0.422461     -0.56936    -0.705235
    -0.90173      0.34274     0.263462
   0.0917075     0.747234    -0.658203
   -0.415356     -0.56084    -0.716197
    -0.90618     0.323897     0.271898
   0.0794825     0.761937    -0.642755
    0.411721     0.899698     0.145015
    0.907902    -0.418705    0.0200325
  -0.0787417    -0.123412     0.989227
    0.416836     0.872067     0.256411
    0.903811    -0.427679   -0.0147256
    -0.09682    -0.237885     0.966456
   -0.410561    -0.847161     0.337281
   -0.909751     0.405556   -0.0887587
   0.0615933     0.343282     0.937211
   -0.390781    -0.466023    -0.793797
   -0.917193     0.269992     0.293021
   0.0777644     0.842572    -0.532941
   -0.392765    -0.593113    -0.702818
   -0.916886     0.311645     0.249396
   0.0711095     0.742358     -0.66622
   -0.370568     -0.58515    -0.721303
   -0.925864      0.29447     0.236775
   0.0738537      0.75557    -0.650891
   -0.369615    -0.503025    -0.781249
   -0.924987     0.279026     0.257962
   0.0882275     0.817992    -0.568423
   -0.367326    -0.426267    -0.826661
   -0.927852     0.229588     0.293904
   0.0645102     0.874978    -0.479846
   -0.327365    -0.527953    -0.783644
   -0.941022     0.257201      0.21983
   0.0854939     0.809391    -0.581014
   -0.334306     -0.30421    -0.892018
   -0.939726     0.179693     0.290904
   0.0717935     0.935504    -0.345946
     0.29733    -0.125217    -0.946528
    0.951289   -0.0457831     0.304883
  -0.0815115    -0.991072     0.105505
   -0.334964    -0.442158    -0.832043
   -0.937011      0.24914     0.244826
   0.0990434     0.861641     -0.49776
    0.294751     0.307732    -0.904667
    0.950822    -0.188754     0.245582
  -0.0951858    -0.932563    -0.348233
    0.302952     0.270492    -0.913813
    0.946287    -0.199041     0.254801
   -0.112965    -0.941922    -0.316263
   -0.342406    -0.241025    -0.908111
   -0.937432      0.15253     0.312978
    0.063079     0.958458    -0.278172
    0.307009    0.0535369    -0.950199
    0.949096   -0.0911158     0.301519
  -0.0704358      -0.9944   -0.0787851
   -0.379252    -0.474049    -0.794635
   -0.923429     0.248398     0.292537
   0.0587089     0.844734    -0.531956
   -0.407809    -0.504724    -0.760884
   -0.910918     0.282038     0.301136
   0.0626074     0.815909     -0.57478
   -0.396575    -0.530475    -0.749216
   -0.915763     0.285571     0.282536
   0.0640764     0.798151     -0.59904
    0.503422    -0.219244    -0.835762
    0.829231    -0.149192     0.538625
   -0.242779    -0.964196     0.106697
    0.475983    -0.280687     -0.83346
    0.854684   -0.0757053       0.5136
   -0.207258    -0.956809     0.203864
    0.477911     0.248648    -0.842482
    0.851301    -0.367533     0.374441
   -0.216536    -0.896155    -0.387322
    0.504152    -0.213766    -0.836741
    0.824641    -0.168619     0.539939
   -0.256511    -0.962222     0.091271
    0.449186    -0.152622    -0.880306
    0.874877    -0.124656     0.468028
   -0.181167    -0.980391    0.0775321
   -0.486923    -0.280575    -0.827154
   -0.843077     0.398516     0.361118
    0.228314     0.873191    -0.430593
   -0.457406    -0.317227    -0.830751
   -0.871659     0.344883     0.348234
    0.176043     0.883415    -0.434265
    0.467725     0.256216    -0.845923
    0.866213    -0.323238      0.38104
   -0.175806    -0.910972    -0.373125
    0.508382     0.188254    -0.840302
    0.818594    -0.408551      0.40372
   -0.267305     -0.89311    -0.361804
   -0.485784     -0.51514    -0.706148
   -0.843718     0.487427     0.224842
    0.228371     0.705015    -0.671417
     0.50765     0.215365    -0.834212
    0.814755    -0.434809     0.383557
   -0.280118    -0.874391      -0.3962
   -0.436957    -0.373271    -0.818375
    -0.88974     0.312914     0.332337
     0.13203     0.873358    -0.468844
    0.444618     0.186713    -0.876044
    0.886346    -0.232836     0.400222
   -0.129248    -0.954424    -0.269016
   -0.428749    -0.485739     -0.76173
   -0.899696     0.306083     0.311223
   0.0819795     0.818762     -0.56825
   -0.425301    -0.535735    -0.729457
    -0.90051     0.331134     0.281837
    0.090558     0.776749    -0.623266
    0.435214    -0.351162     -0.82902
    0.887493    0.0124089     0.460655
   -0.151478    -0.936232     0.317055
    0.423822     0.273803    -0.863369
    0.898122    -0.250453     0.361455
   -0.117266    -0.928604    -0.352056
   -0.434569     -0.69363     -0.57448
   -0.888391     0.225297     0.400004
    0.148027    -0.684192     0.714122
   -0.453593     0.519942    -0.723819
   -0.873143   -0.0965657     0.477803
    0.178534     0.848726     0.497785
    0.423045     0.888631     0.177113
     0.89821    -0.437021    0.0472416
   -0.119382    -0.139099     0.983056
    0.499759     0.833622     0.235191
    0.818613    -0.543308     0.186251
   -0.283044   -0.0994499     0.953937
    0.479479     0.874561    0.0724134
     0.84737    -0.482864     0.220922
   -0.228175    0.0445665     0.972599
    0.459577      0.85906     0.225398
    0.857603    -0.495222     0.138826
   -0.230882      -0.1295     0.964325
   -0.471005    -0.727284     0.499212
   -0.833336     0.552453    0.0185983
    0.289317     0.407251     0.866281
   -0.440932    -0.735029    -0.515084
   -0.880964     0.244641     0.405035
    0.171702    -0.632364     0.755404
    0.432766     0.894143    -0.114987
    0.868351    -0.379172     0.319679
   -0.242239     0.238195     0.940523
    0.419531      0.87657    -0.235835
    0.891496    -0.348943     0.288919
   -0.170965     0.331457     0.927851
    0.393068     0.899644      -0.1901
    0.902275    -0.337528     0.268281
   -0.177194     0.276975     0.944398
    0.457487     0.887838    0.0494864
    0.834338    -0.447835      0.32144
   -0.307549     0.105766     0.945636
    0.407278     0.897061    -0.171483
    0.882341    -0.337996     0.327465
   -0.235795     0.284675     0.929172
    0.427581     0.903055   -0.0408159
    0.853699    -0.388539      0.34675
   -0.297276     0.183108     0.937069
   -0.413251       -0.739    -0.532073
   -0.903108      0.25772     0.343477
    0.116703    -0.622462       0.7739
   -0.379715    -0.838852    -0.390056
    -0.91749     0.287494     0.274882
    0.118446    -0.462249     0.878804
   -0.373102    -0.830105    -0.414391
   -0.925389     0.300837      0.23055
   0.0667167    -0.469492     0.880413
   -0.402858    -0.730587    -0.551315
   -0.913385     0.282345     0.293273
   0.0586003    -0.621711     0.781052
   -0.440231    -0.740997    -0.507071
   -0.890161     0.286267     0.354493
     0.11752    -0.607433      0.78563
   -0.425138    -0.679733    -0.597679
   -0.903204     0.275555     0.329078
   0.0589923     -0.67973     0.731087
   -0.446756     0.607782    -0.656514
   -0.886792    -0.203754      0.41483
    0.118359     0.767519     0.630004
    0.455998    -0.328727    -0.827046
    0.873558   -0.0123783     0.486563
   -0.170184    -0.944344     0.281518
   -0.429564      0.47614    -0.767311
   -0.900697    -0.164779     0.401987
   0.0649655     0.863793      0.49964
   -0.384028    -0.704082     -0.59732
   -0.922674     0.316864     0.219706
  -0.0345779    -0.635504     0.771323
   -0.403109     0.559094    -0.724511
   -0.913601    -0.291924     0.283043
  -0.0532543     0.776012     0.628466
   -0.399209     0.566209    -0.721137
   -0.916051    -0.279348     0.287777
  -0.0385065     0.775482     0.630195
   -0.409678     0.602126     -0.68528
    -0.91124     -0.30512     0.276667
  -0.0425045     0.737799     0.673681
   -0.414056    -0.644915    -0.642373
   -0.908594     0.335396     0.248931
  -0.0549107    -0.686727     0.724838
    -0.41244    -0.670946    -0.616218
   -0.910773      0.31827     0.263052
  -0.0196299    -0.669728     0.742347
    0.416253     0.233751    -0.878689
    0.908657   -0.0720818     0.411274
   0.0327983    -0.969621    -0.242404
    0.418115    -0.286093    -0.862166
    0.908356     0.140335     0.393948
  0.00828682     -0.94787      0.31855
   -0.416572    -0.607539    -0.676287
   -0.909101     0.279953     0.308484
   0.0019121     0.743319    -0.668935
     0.41872     0.793078     0.442382
    0.906642    -0.337344    -0.253375
   0.0517111    -0.507175      0.86029
   -0.416919    -0.689177     0.592632
    -0.90865     0.299455       -0.291
  -0.0230839     0.659819      0.75107
   -0.421578    -0.617681    -0.663884
   -0.905899      0.25439     0.338576
  -0.0402466     0.744148    -0.666801
    0.419909     0.849305     0.319934
    0.907212    -0.402649    -0.121819
  -0.0253597    -0.341401     0.939576
   -0.420364    -0.425011     -0.80166
   -0.906752     0.228988      0.35407
   0.0330868     0.875745    -0.481638
    0.415504     0.877182     -0.24064
    0.909392    -0.395067     0.130112
  -0.0190624     0.272898     0.961854
   -0.399883    -0.702018    -0.589292
    -0.91646     0.296462     0.268721
    0.013944    -0.647519     0.761921
   -0.394466      0.49307    -0.775421
   -0.918749    -0.227451     0.322749
  -0.0172323     0.839731     0.542729
   -0.371535      0.48393    -0.792321
    -0.92837    -0.202415     0.311701
 -0.00953649     0.851375     0.524471
    0.376783    -0.586182    -0.717235
    0.926083     0.221561     0.305419
  -0.0201194    -0.779295     0.626334
    0.383363    -0.636741    -0.669025
    0.923131     0.287189      0.25564
   0.0293601      -0.7156     0.697893
   -0.422472    -0.640074     0.641734
   -0.906198      0.28423    -0.313081
   -0.017995     0.713805     0.700113
   -0.413986    -0.577071    -0.703992
   -0.910258     0.256691     0.324869
  -0.0067638     0.775306     -0.63155
   -0.411059     -0.64194     0.647258
   -0.911121     0.312541    -0.268659
   0.0298317     0.700165     0.713358
   -0.418726    -0.426978    -0.801473
    -0.90807     0.205464     0.364957
  0.00884517      0.88061    -0.473759
   -0.407414    -0.466095    -0.785347
   -0.911601     0.259118     0.319127
   0.0547539      0.84594     -0.53046
   -0.411172     -0.74618     0.523597
   -0.910181     0.367627    -0.190843
   0.0500849     0.555037     0.830316
    0.409856     0.861866     0.298673
    0.909471    -0.411204    -0.061435
  -0.0698669    -0.296814     0.952376
   -0.416019    -0.709135      0.56926
     -0.9089     0.344087    -0.235596
   0.0288054     0.615412     0.787679
   -0.412355    -0.537671    -0.735441
   -0.906464     0.322808     0.272245
   0.0910286     0.778913    -0.620491
   -0.412601    -0.792489     0.449135
   -0.906903     0.403587    -0.121013
   0.0853634     0.457252     0.885231
   -0.415433    -0.651725     0.634563
   -0.907867     0.340408    -0.244744
   0.0565045     0.677774     0.733096
    -0.41361    -0.507277     -0.75604
   -0.910243     0.248281     0.331382
   0.0196081     0.825243    -0.564437
    0.644364    0.0614368    -0.762247
    0.614987    -0.634069     0.468772
   -0.454517    -0.770832    -0.446354
    -0.65373    -0.256748    -0.711841
   -0.602917     0.745193      0.28492
    0.457306     0.615442    -0.641952
    0.653128   -0.0333814    -0.756511
    0.638027     -0.51382     0.573508
   -0.407855    -0.857249    -0.314292
     0.65533     0.159657    -0.738276
    0.633519     -0.64844     0.422113
   -0.411335    -0.744335    -0.526088
    0.666233     0.181998    -0.723195
    0.595798    -0.713138     0.369403
   -0.448507    -0.676986     -0.58355
    0.645164     0.204935    -0.736047
      0.6693    -0.616233     0.415083
   -0.368512    -0.760433    -0.534735
    0.662691    0.0896853    -0.743503
    0.625338    -0.612534     0.483482
    -0.41206     -0.78534    -0.462005
    0.652347    -0.306764    -0.693065
    0.660486     -0.21843     0.718364
