   0.0261386    -0.910158     0.413437
   -0.998218   -0.0459569   -0.0380615
   0.0536422    -0.411705    -0.909737
  -0.0150889    -0.889487     0.456712
   -0.998488   -0.0107461   -0.0539171
   0.0528664    -0.456835    -0.887979
  -0.0694999    -0.872182     0.484219
   -0.996752    0.0409164   -0.0693644
   0.0406859    -0.487467    -0.872193
  -0.0946335    -0.914903     0.392425
   -0.994627    0.0702754   -0.0760142
   0.0419678     -0.39751    -0.916638
   -0.144782    -0.949037     0.279941
   -0.987871     0.122597   -0.0952964
   0.0561198    -0.290343    -0.955276
   -0.135708    -0.895048     -0.42482
   -0.990348     0.110359    0.0838514
   0.0281682    -0.432099     0.901386
    -0.16463     0.475583    -0.864128
   -0.985978   -0.0551086     0.157515
   0.0272903     0.877943     0.477987
   -0.164027    -0.895342     0.414074
   -0.985476     0.130025    -0.109226
   0.0439549    -0.425976    -0.903666
   -0.166564    -0.832136    -0.528967
   -0.985828     0.129652     0.106463
   0.0200103    -0.539203     0.841938
   -0.164509    -0.871812     0.461389
   -0.985615     0.126921      -0.1116
   0.0387338    -0.473111    -0.880151
   -0.160121    -0.881193    -0.444815
   -0.987097     0.142682    0.0726702
 0.000569088    -0.450712     0.892669
   -0.159947    -0.876822     0.453432
    -0.98675     0.129351   -0.0979409
   0.0272249    -0.463089    -0.885894
     0.18738     0.941321      0.28072
    0.962705    -0.232765     0.137914
   -0.195163    -0.244408      0.94983
    0.222906     0.962732    -0.153168
    0.948851    -0.178231     0.260605
   -0.223594     0.203425     0.953218
   -0.180025    -0.909876    -0.373787
   -0.963131    0.0858138     0.254979
    0.199923    -0.405908     0.891779
   -0.222759    -0.688873    -0.689806
   -0.948501   -0.0103213     0.316607
    0.225221    -0.724809     0.651097
    0.253896     0.965349    0.0603185
    0.937164    -0.260952     0.231574
    -0.23929   0.00226727     0.970946
   -0.193391    -0.845135    -0.498343
   -0.960029    0.0582501     0.273772
    0.202346    -0.531369      0.82262
    0.248846     0.919344    -0.304766
    0.939529    -0.152687     0.306549
    -0.23529      0.36262     0.901746
   -0.225271    -0.859103    -0.459559
    -0.94935    0.0874978     0.301793
     0.21906    -0.504268       0.8353
   -0.238865     -0.64032    -0.730023
   -0.945184   -0.0190581     0.325982
    0.222646    -0.767872     0.600667
   -0.266622    -0.464581    -0.844439
    -0.93222     0.346756     0.103565
      0.2447     0.814816    -0.525545
   -0.254524    -0.674552    -0.692963
   -0.939033   0.00110918     0.343826
     0.23116    -0.738227     0.633709
    0.264064      0.63165    -0.728895
    0.936105    -0.349881    0.0359298
   -0.232331     -0.69181    -0.683682
   -0.183716    -0.856533    -0.482286
   -0.963338     0.059293     0.261658
    0.195522    -0.512675     0.836024
    0.217738     0.711858    -0.667718
    0.954124   -0.0111915     0.299202
   -0.205517     0.702234     0.681638
   -0.184537    -0.848492    -0.495992
   -0.965429    0.0619613     0.253196
    0.184103    -0.525569     0.830592
   -0.144302    -0.868313    -0.474562
   -0.974636    0.0418121     0.219857
    0.171062    -0.494251     0.852322
    0.146541     0.946931    -0.286089
    0.972964   -0.0857831     0.214437
   -0.178516     0.309777       0.9339
    0.100531     0.985718    -0.135106
    0.983118   -0.0775508     0.165725
    -0.15288     0.149486     0.976873
  -0.0910254    -0.883184     -0.46011
   -0.984496     0.010243     0.175105
    0.149937    -0.468915     0.870424
   -0.140123    -0.934345    -0.327667
   -0.973823    0.0702299     0.216185
    0.178979    -0.349382     0.919728
   0.0935117     0.987131      0.12972
    0.984868    -0.110809     0.133256
   -0.145915    -0.115296     0.982556
   0.0426265     0.987813    -0.149694
    0.990977   -0.0227462     0.132089
   -0.127074     0.153974      0.97987
   0.0418982     0.993482     0.106012
    0.991986    -0.054023     0.114217
     -0.1192    -0.100377     0.987783
 -0.00524277    -0.986117    -0.165971
    0.995076    0.0112832   -0.0984718
  -0.0989773      0.16567    -0.981202
    0.139005     0.988947   -0.0515882
    0.976033    -0.128009      0.17599
   -0.167441    0.0748153     0.983039
   -0.246885     -0.52204    -0.816408
   -0.946689     0.309853    0.0881517
    0.206948     0.794648    -0.570708
   -0.248607    -0.440402    -0.862694
    -0.94556     0.303472     0.117566
    0.210027     0.844956    -0.491871
    0.226206     0.208834     -0.95143
    0.957695    -0.226075     0.178073
   -0.177906    -0.951461    -0.251139
    0.218182     0.287993    -0.932447
     0.96065    -0.231672     0.153228
   -0.171894    -0.929187    -0.327207
   -0.231209    -0.325032    -0.917004
   -0.956136      0.25015      0.15241
     0.17985     0.912019    -0.368612
   -0.201192    -0.445445    -0.872411
   -0.969066     0.220479     0.110908
    0.142945     0.867737    -0.476024
   -0.203532    -0.668602     0.715224
   -0.968909     0.242512   -0.0490192
    0.140676     0.702964     0.697174
   -0.179604    -0.462633    -0.868166
   -0.978693     0.173299     0.110121
   0.0995063     0.869447    -0.483901
   -0.180092    -0.602653    -0.777417
   -0.974912     0.214466    0.0595896
    0.130817     0.768644    -0.626157
   -0.165632    -0.557897    -0.813214
   -0.981651     0.172274    0.0817519
   0.0944865     0.811833    -0.576194
   -0.151089    -0.354467    -0.922781
    -0.98436     0.139505     0.107583
   0.0905981     0.924603    -0.370001
   -0.212949    -0.516215    -0.829563
   -0.967197     0.231728     0.104081
    0.138505     0.824515    -0.548627
   -0.185233    -0.714903     0.674242
   -0.978211      0.19961   -0.0570937
   0.0937689     0.670127       0.7363
   -0.201893     -0.36572    -0.908564
   -0.975511     0.157759     0.153267
   0.0872816     0.917257    -0.388614
   -0.215189    -0.328938    -0.919507
   -0.968046        0.196     0.156433
    0.128767     0.923788    -0.360604
    0.230918      0.27515    -0.933257
    0.957096    -0.236809     0.166999
   -0.175054     -0.93178    -0.318028
    0.223286     0.182873    -0.957445
    0.961513    -0.202667     0.185524
   -0.160115     -0.96202    -0.221088
    0.234192    0.0316262    -0.971676
    0.951707    -0.211541     0.222494
   -0.198512    -0.976857     -0.07964
   -0.245371     -0.53579    -0.807912
   -0.947071     0.310439    0.0817582
    0.207002     0.785211    -0.583604
   -0.215335     0.613106    -0.760087
    -0.95946    0.0121057     0.281583
    0.181842     0.789908     0.585644
   -0.182414    -0.919133     0.349171
   -0.981634     0.150074    -0.117782
   0.0558558    -0.364243    -0.929627
   -0.182673    -0.910284     0.371501
   -0.980206     0.139285    -0.140695
   0.0763281    -0.389849     -0.91771
   -0.194366    -0.837353    -0.510942
   -0.975096     0.108212     0.193592
    0.106815    -0.535845     0.837532
   -0.166774    -0.901179     0.400078
   -0.983117     0.121005    -0.137252
   0.0752775    -0.416214    -0.906145
   -0.165546    -0.931117     0.324984
   -0.980187     0.119007    -0.158336
    0.108754    -0.344757    -0.932371
    0.138894     0.972273    -0.188133
    0.984433    -0.114895     0.133005
   -0.107702     0.203678     0.973096
   -0.129893     -0.91913     0.371925
   -0.989195    0.0944085    -0.112162
    0.067979    -0.382475    -0.921462
    0.190183     0.285159    -0.939423
    0.969895    -0.202821     0.134787
   -0.152099    -0.936775    -0.315147
    0.143909     0.720701    -0.678144
    0.978438  -0.00103375     0.206536
    -0.14815     0.693245     0.705311
    0.210386      0.25438    -0.943943
    0.967375    -0.193579     0.163441
   -0.141152    -0.947532    -0.286808
   -0.216353    -0.403012    -0.889254
   -0.969843     0.193423       0.1483
    0.112235     0.894521    -0.432706
   -0.209014    -0.429008    -0.878786
   -0.974097     0.170639     0.148381
   0.0862984     0.887037    -0.453562
   -0.208178    -0.290381    -0.933992
   -0.976589     0.114609      0.18204
   0.0541823     0.950023    -0.307442
    0.201626     0.110293    -0.973233
    0.976816   -0.0956398     0.191529
  -0.0719555    -0.989287    -0.127019
    -0.18845    -0.849099     0.493476
   -0.981646     0.147873    -0.120437
   0.0292907    -0.507115    -0.861381
  -0.0916808    -0.893355     0.439899
   -0.993912    0.0549867   -0.0954763
   0.0611056    -0.445974    -0.892957
  -0.0372742    -0.916369     0.398595
   -0.997805    0.0122802   -0.0650767
   0.0547395    -0.400145    -0.914815
  -0.0528482    -0.943335     0.327606
   -0.994647    0.0205534     -0.10127
   0.0887978    -0.331204    -0.939371
   0.0201842    -0.885543     0.464118
    -0.99858   -0.0407504   -0.0343247
    0.049309    -0.462766    -0.885108
 0.000305098    -0.712602     0.701568
   -0.997036   -0.0541921   -0.0546108
   0.0769352    -0.699472    -0.710507
   0.0517584      -0.6906     0.721382
   -0.996687   -0.0811055  -0.00613346
   0.0627438    -0.718674     -0.69251
   0.0638767    -0.913474     0.401852
   -0.996867   -0.0772252   -0.0170876
   0.0466422    -0.399502    -0.915545
  0.00518459     -0.96211    -0.272612
    0.995221    0.0315474   -0.0924105
  -0.0975093      0.27083    -0.957676
   0.0460145     0.996677   -0.0672174
   -0.996457    0.0410536    -0.073407
   0.0704035    -0.070357    -0.995034
   0.0539855     0.997552   -0.0444409
    0.991334   -0.0482048     0.122202
   -0.119761    0.0506529      0.99151
    0.119174     0.982463    -0.143401
     0.98349   -0.0969998      0.15277
   -0.136181     0.159239     0.977802
  -0.0943852    -0.953854      0.28505
   -0.990639    0.0616238    -0.121809
    0.098622    -0.293878    -0.950741
   -0.110831    -0.613165    -0.782142
   -0.993073    0.0992149    0.0629405
   0.0390072       0.7837    -0.619914
   -0.121919    -0.488011    -0.864281
   -0.991606    0.0976481    0.0847439
   0.0430394     0.867358     -0.49582
   0.0833198     0.194569    -0.977344
    0.996478  -0.00692231    0.0835729
  0.00949521    -0.980864     -0.19446
   0.0781421     0.227956    -0.970531
    0.996882  -0.00719639    0.0785736
    0.010927    -0.973645    -0.227808
  -0.0848793    -0.523728    -0.847646
   -0.996131    0.0251528    0.0842069
  -0.0227808     0.851514    -0.523837
   0.0549749     0.965244     0.255502
    0.996206   -0.0357327   -0.0793555
   0.0674676    -0.258895     0.963546
   0.0514549    -0.913859     0.402758
    0.995562    0.0151208   -0.0928803
   0.0787895      0.40575     0.910582
   0.0282745    -0.954474    -0.296953
    0.991733   -0.0104117     0.127894
    0.125163     0.298114    -0.946289
   -0.047634    -0.597404    -0.800525
   -0.996954   -0.0211108    0.0750765
  -0.0617507     0.801663    -0.594579
   0.0343503    -0.715413     0.697857
    0.992996   -0.0545537    -0.104804
    0.113049     0.696569     0.708528
    0.041507    -0.264354    -0.963532
    0.994195     0.106739    0.0135429
   0.0992668    -0.958501      0.26725
   0.0644588    -0.875484     0.478929
    0.994789    0.0183815    -0.100287
   0.0789958     0.482898     0.872106
    0.016232    -0.937579    -0.347394
    0.990429    -0.032551     0.134129
    0.137065     0.346246    -0.928077
   0.0292078     -0.76831     0.639411
    0.990195    -0.065181    -0.123552
    0.136604      0.63675     0.758873
  -0.0943866    -0.942319     0.321132
   -0.992948    0.0658662   -0.0985698
  -0.0717325     0.328171     0.941891
    0.115369     0.968084     0.222495
    0.993131    -0.108017   -0.0449768
   0.0195081    -0.226156     0.973896
   -0.135179     -0.75927     0.636582
   -0.990608    0.0902243    -0.102744
  -0.0205751     0.644491     0.764335
   -0.152759    -0.557943    -0.815699
   -0.987421      0.12024     0.102673
   0.0407944     0.821123    -0.569292
   -0.135928    -0.831591     0.538498
   -0.989957     0.135321   -0.0409131
   0.0388471     0.538651     0.841633
   -0.168757    -0.833021     0.526875
   -0.985074     0.160932   -0.0610745
   0.0339146     0.529318     0.847745
   0.0412257    -0.233026    -0.971596
    0.989019      0.14764   0.00655528
    0.141919    -0.961198     0.236554
  -0.0238956    -0.531521     0.846708
   -0.986549     0.149534    0.0660279
   -0.161707    -0.833741    -0.527945
  -0.0269229     0.282981    -0.958748
     -0.9824    -0.184835   -0.0269681
   -0.184841     0.941147     0.282977
   0.0404464    -0.183911     -0.98211
    0.984215     0.176823   0.00742094
    0.172295    -0.966908      0.18816
  0.00501534    -0.660736     0.750602
    0.980811    -0.143044    -0.132471
    0.194897     0.736863     0.647339
   0.0340184     0.997293    0.0651866
    0.976944   -0.0194274    -0.212609
    0.210767   -0.0709163      0.97496
  0.00958898    -0.991699    -0.128221
    0.974268   -0.0196109     0.224536
    0.225187     0.127075    -0.965993
   0.0335472     0.998867   -0.0337468
    0.970339   -0.0406404    -0.238307
    0.239409    0.0247513     0.970603
   0.0551825    -0.281025    -0.958113
    0.978296     0.207165  -0.00441896
     0.19973    -0.937074     0.286358
   0.0503261     0.982973    -0.176722
    0.971724    -0.089065     -0.21868
    0.230696     0.160719     0.959661
  -0.0585552    -0.397222     0.915852
   -0.973751     0.224865    0.0352712
   -0.219954    -0.889747    -0.399963
  -0.0140177    -0.960296    -0.278631
    0.971976    -0.078483      0.22159
     0.23466     0.267717    -0.934485
 -0.00587732     -0.99751   -0.0702784
   -0.968397    0.0232017    -0.248332
   -0.249344   -0.0665979     0.966122
  -0.0251897    -0.984489    -0.173628
    0.965779   -0.0688141     0.250069
    0.258138     0.161388    -0.952533
  -0.0327692    -0.934484    -0.354494
      0.9699     -0.11536     0.214444
    0.241289     0.336796    -0.910136
  -0.0110823    -0.484072     0.874958
    0.979375    -0.181794   -0.0881732
    0.201745     0.855935     0.476103
  -0.0207411    -0.852291     0.522656
    0.978426    -0.124784    -0.164656
    0.205554     0.507965     0.836492
 -0.00266274    -0.722717     0.691139
    0.985631    -0.118626    -0.120248
    0.168893     0.680888     0.712648
  0.00773278    -0.985452    -0.169777
    0.986231   -0.0205315     0.164092
    0.165191     0.168708    -0.971725
 -0.00279102    -0.225443     0.974252
    0.985741    -0.164537   -0.0352501
    0.168247     0.960262     0.222688
   0.0371478    -0.696584     0.716513
   -0.969387     0.149026     0.195139
    -0.24271    -0.701828    -0.669723
  0.00692687     -0.49582     0.868398
    0.974618    -0.190981    -0.116817
    0.223768     0.847165     0.481912
  -0.0209107    -0.422989    -0.905894
    0.971613     0.204968    -0.118133
    0.235648    -0.882649     0.406695
   0.0167281    -0.924348    -0.381184
    0.978783   -0.0627266     0.195061
    0.204215      0.37636    -0.903687
   0.0500348    -0.613782     0.787889
    0.980061    -0.121713    -0.157056
    0.192294     0.780037     0.595454
 -0.00603382    -0.940984    -0.338397
    0.977839   -0.0763718     0.194932
    0.209272     0.329721    -0.920592
  -0.0625836    -0.828565     0.556384
   -0.984133   -0.0415056    -0.172508
   -0.166027     0.558352     0.812821
    0.033639    -0.943725    -0.329017
    0.983194   -0.0278566     0.180424
    0.179436     0.329556    -0.926928
  -0.0719445    -0.875311     0.478179
   -0.988882  4.46443e-05    -0.148701
   -0.130138     0.483561     0.865583
   0.0784693     0.987436    -0.137162
    0.982684   -0.0997788    -0.156126
    0.167851     0.122536     0.978167
   0.0999498     0.178664     -0.97882
    0.986121     0.113286     0.121373
    0.132571    -0.977367    -0.164862
    -0.11756    -0.936525     0.330305
   -0.986063     0.149514    0.0729689
   -0.117722    -0.317124    -0.941049
 -0.00383992    -0.999963   0.00771637
   -0.983942   0.00240118    -0.178473
   -0.178448   0.00827779     0.983915
  -0.0363953       -0.372    -0.927519
   -0.989415    -0.117053    0.0857704
   -0.140475     0.920823    -0.363803
  -0.0176213    -0.792358     0.609801
    0.978107    -0.140144    -0.153835
    0.207353      0.59374     0.777481
  -0.0418214    -0.939346    -0.340413
    0.969136    -0.120988     0.214796
    0.242954     0.320923    -0.915413
   0.0377195     0.971862    -0.232513
   -0.969775    0.0917324     0.226103
    -0.24107    -0.216956    -0.945947
   0.0538473     0.979676     0.193226
   -0.964336  0.000799879     0.264681
   -0.259147     0.200587    -0.944779
   0.0450437     0.997164   -0.0602932
   -0.964367    0.0591543     0.257871
   -0.260706   -0.0465293    -0.964296
   0.0511237    -0.861206    -0.505679
   -0.966057    0.0857381    -0.243685
   -0.253219    -0.500973     0.827591
   -0.155803    -0.909926     0.384397
   -0.985461      0.16988   0.00270669
  -0.0677641    -0.378387    -0.923164
   -0.155123     0.460951    -0.873763
   -0.984819    -0.141902    0.0999795
  -0.0779027     0.876007     0.475966
   -0.173607    -0.879229    -0.443641
    -0.98403     0.172856    0.0424993
  -0.0393193    -0.443934     0.895196
   -0.161763    -0.841257     0.515868
   -0.986056     0.158483   -0.0507544
  -0.0390586    -0.516885    -0.855163
   -0.168971    -0.580381    -0.796622
   -0.984934    0.0692646     0.158451
  -0.0367842     0.811394    -0.583341
     0.19402     0.937494    -0.288897
    0.980963    -0.182927    0.0651919
 -0.00827009     0.296045     0.955138
    0.196536     0.218847    -0.955761
    0.980438    -0.054557     0.189118
  -0.0107555    -0.974233    -0.225288
   -0.164009    -0.851924     0.497319
    -0.98636     0.148762   -0.0704524
  -0.0139622     -0.50209    -0.864702
   -0.186329    -0.410692    -0.892532
   -0.982196    0.0999904     0.159038
   0.0239291     0.906275    -0.422011
    0.148781     0.734987     0.661557
     0.98849   -0.0920003    -0.120095
   0.0274044    -0.671811     0.740216
    0.108832    -0.678821     0.726194
    0.990952    0.0163596    -0.133218
   0.0785509     0.734122     0.674459
   -0.119173    -0.509466    -0.852198
   -0.988916   -0.0156551     0.147651
  -0.0885645     0.860348    -0.501953
   -0.159159    -0.883003     0.441559
   -0.987022     0.151988   -0.0518344
  -0.0213416    -0.444079    -0.895734
   -0.159153    -0.913012     0.375606
   -0.986323     0.163563   -0.0203428
  -0.0428621    -0.373707    -0.926556
   -0.154903    -0.844265     0.513051
   -0.986451      0.16058   -0.0335874
  -0.0540288    -0.511302    -0.857701
   -0.143876    -0.918693     0.367836
   -0.986854     0.160846    0.0157219
  -0.0736084    -0.360739    -0.929758
    -0.14586    -0.844883     0.514682
   -0.986018     0.166526  -0.00607181
  -0.0805781    -0.508371     -0.85736
   -0.123703    -0.912217     0.390587
   -0.986686     0.154953    0.0493988
   -0.105585    -0.379276     -0.91924
   -0.117095    -0.932197     0.342486
   -0.988113     0.143945    0.0539655
  -0.0996058    -0.332096    -0.937972
   -0.124694    -0.891894    -0.434713
   -0.986558     0.158089   -0.0413611
   -0.105613    -0.423712     0.899619
  -0.0801949    -0.903731     0.420521
   -0.986237     0.133136    0.0980411
    -0.14459    -0.406871     -0.90197
  -0.0601368    -0.945576     0.319796
   -0.981541     0.114286     0.153347
   -0.181549    -0.304672    -0.934995
  -0.0507913    -0.875724     0.480133
   -0.985396     0.122179     0.118604
   -0.162526    -0.467097    -0.869141
  -0.0201968    -0.600814     0.799134
   -0.977627     0.179253     0.110061
   -0.209373    -0.779032    -0.590993
  -0.0311236    -0.988384    -0.148758
   -0.982728    0.0574232    -0.175924
   -0.182422    -0.140713     0.973099
  0.00235943    -0.909252     0.416239
   -0.978804    0.0831402     0.187164
   -0.204785    -0.407858    -0.889784
   0.0198406    -0.643838     0.764905
   -0.972756     0.164318     0.163542
   -0.230982     -0.74731    -0.623037
  -0.0240428    -0.952639     0.303152
   -0.986268    0.0721636      0.14855
   -0.163391    -0.295418    -0.941293
  0.00992338    -0.910161     0.414137
    -0.98456     0.063491     0.163128
   -0.174766    -0.409361    -0.895478
  0.00184601      -0.9931    -0.117252
   -0.986848    0.0171439    -0.160742
   -0.161643    -0.116007     0.980007
  -0.0420063    -0.943392     -0.32901
   -0.985665    0.0929858    -0.140779
   -0.163403     -0.31838     0.933774
   -0.072989    -0.916597     0.393093
   -0.986452     0.124409     0.106929
   -0.146915    -0.379963     -0.91326
   0.0930694     0.328884    -0.939773
    0.983571     0.116266     0.138096
    0.154682    -0.937186     -0.31266
   -0.111047    -0.825472     0.553412
   -0.984069     0.169129    0.0548114
   -0.138843    -0.538508    -0.831103
  -0.0945833    -0.968876     0.228764
   -0.986174     0.122597     0.111492
   -0.136068    -0.215056    -0.967076
   0.0597274    -0.726451     0.684618
    0.985595   -0.0657942      -0.1558
    0.158225     0.684062     0.712056
 -0.00170389    -0.828675     0.559727
   -0.988382    0.0864627     0.124999
   -0.151979    -0.553012    -0.819195
     0.48363     0.779855     0.397403
    0.864195    -0.497461   -0.0754977
   -0.138815    -0.379947     0.914533
   -0.542657    -0.526166    -0.654731
   -0.835518     0.418145     0.356461
   0.0862151     0.740475    -0.666531
   -0.516807    -0.420555    -0.745684
   -0.853552     0.320297     0.410925
   0.0660236     0.848849    -0.524497
    0.564685     0.279611    -0.776497
     0.82369    -0.249799     0.509054
  -0.0516313    -0.927048     -0.37137
    0.583041     0.191428    -0.789569
    0.809581    -0.218392      0.54487
  -0.0681317    -0.956901    -0.282308
     0.53434     0.301377    -0.789716
    0.844401     -0.23266     0.482552
   -0.038305    -0.924684    -0.378803
   -0.588107    -0.808549   -0.0194311
    -0.80682     0.584837    0.0837101
   0.0563197   -0.0649079     0.996301
    0.570213     0.802385     0.176169
    0.820398     -0.56729   -0.0716178
   -0.042474    -0.185366     0.981751
    0.555053     0.773823    -0.305146
    0.827837    -0.478056     0.293509
  -0.0812468     0.415525     0.905946
    0.598846     0.781383     0.175568
    0.797669     -0.60151   -0.0436941
  -0.0714638    -0.166211     0.983497
    0.565592     0.755815    -0.329924
    0.819487    -0.470246     0.327581
   -0.092445     0.455645     0.885348
    0.577299    -0.327386    -0.748027
    0.809443     0.109002     0.576992
   -0.107363    -0.938582     0.327927
     0.53909       0.0976    -0.836574
    0.841675   -0.0990594      0.53082
  -0.0310625    -0.990284    -0.135549
   -0.540459      0.33259    -0.772844
   -0.839391    -0.150159     0.522375
   0.0576872      0.93104     0.360328
   -0.529085     0.438234     -0.72665
   -0.847692    -0.234042      0.47607
   0.0385634     0.867857     0.495315
    0.516916     0.224391    -0.826103
    0.855472    -0.170424     0.489002
  -0.0310599    -0.959481    -0.280055
    0.508331    -0.208917    -0.835436
     0.86066    0.0901449     0.501136
  -0.0293853     -0.97377      0.22563
   -0.469253    -0.395778    -0.789405
   -0.882541     0.240945     0.403816
   0.0303822     0.886174    -0.462355
    0.435848     0.206115    -0.876101
    0.899054    -0.144795     0.413202
  -0.0416882    -0.967756    -0.248417
    -0.48098    -0.434841    -0.761296
   -0.874888     0.294335     0.384628
   0.0568239     0.851047    -0.522006
   -0.403611    0.0130113    -0.914838
    -0.91206    0.0734282     0.403429
    0.072424     0.997216   -0.0177694
   -0.398807    -0.374997    -0.836857
    -0.91616     0.202785     0.345731
   0.0400536     0.904575    -0.424429
   -0.363858    -0.428131    -0.827231
   -0.929602     0.222897     0.293526
   0.0587196     0.875797    -0.479094
   -0.312949    -0.396872    -0.862876
   -0.947139     0.197984     0.252449
   0.0706461     0.896267    -0.437852
    0.438642     0.029366    -0.898182
    0.893505    -0.121174     0.432396
  -0.0961383    -0.992197   -0.0793905
   -0.532201    0.0235241    -0.846291
    -0.83033     0.180632     0.527185
    0.165269     0.983269   -0.0765999
     0.52643      0.81634    -0.237612
    0.838419     -0.45204     0.304489
   -0.141157     0.359511     0.922403
     0.46835     0.158545    -0.869202
    0.860237    -0.306289     0.407651
   -0.201596    -0.938643    -0.279836
   -0.480964     0.504769    -0.716856
    -0.84707   -0.0566257     0.528456
    0.226156     0.861396     0.454809
   -0.442117    -0.250764    -0.861191
     -0.8775     0.319823     0.357362
    0.185816     0.913691    -0.361445
    -0.41548   -0.0195906    -0.909391
    -0.87201     0.293029     0.392088
    0.258797     0.955903    -0.138831
   -0.393612    -0.261986    -0.881154
   -0.888914     0.352789     0.292186
    0.234312     0.898278    -0.371745
    0.359841     0.031307    -0.932488
    0.889606     -0.31281     0.332792
   -0.281273      -0.9493    -0.140413
   -0.441329    -0.736368     0.512826
   -0.849101      0.52755    0.0267896
    0.290269     0.423619     0.858074
     0.38484    -0.069023    -0.920399
    0.867627    -0.313098     0.386255
   -0.314835    -0.947209   -0.0606065
    0.410944   -0.0769654    -0.908406
    0.845792    -0.339687     0.411399
   -0.340237    -0.937384   -0.0744958
    0.379713    -0.155301    -0.911976
    0.903748    -0.148323     0.401546
   -0.197627    -0.976669    0.0840328
    0.328945   -0.0268021    -0.943969
    0.913069    -0.246115     0.325165
    -0.24104     -0.96887   -0.0564861
   -0.317422    -0.421045    -0.849685
   -0.926625     0.328132     0.183565
     0.20152     0.845607    -0.494307
   -0.373561     0.366479    -0.852141
   -0.912618    0.0192658     0.408359
    0.166072     0.930227     0.327259
    0.436577    -0.138473    -0.888946
    0.887229    -0.097467     0.450916
   -0.149083    -0.985558     0.080305
   -0.435931     0.355188    -0.826926
   -0.891911   -0.0477376     0.449684
    0.120247     0.933575     0.337606
    0.494075    -0.152293    -0.855977
    0.863832   -0.0254487     0.503137
  -0.0984078    -0.988008     0.118982
    0.507282    -0.194368    -0.839575
    0.852461   -0.0297103     0.521946
   -0.126393    -0.980479     0.150619
   -0.492796     0.355754    -0.794098
   -0.867005    -0.123297     0.482804
   0.0738496     0.926411     0.369201
    0.329199     0.387145    -0.861247
    0.938641    -0.233525     0.253809
   -0.102862    -0.891955    -0.440267
   -0.365198    -0.604392    -0.708054
   -0.924966     0.321535     0.202615
    0.105205     0.728921    -0.676466
   -0.361042    -0.838972    -0.407155
   -0.925716     0.269673     0.265192
     0.11269    -0.472655     0.874013
   -0.421419    -0.767692    -0.482757
   -0.902815     0.304891     0.303261
   0.0856229     -0.56364     0.821571
    0.413638     0.423569    -0.805911
    0.906206    -0.276829      0.31962
  -0.0877182    -0.862528    -0.498347
    0.422047     0.861238      -0.2831
    0.901453    -0.365534     0.231876
  -0.0962177     0.353064     0.930638
   -0.459092    -0.754845     0.468447
   -0.886401     0.424461    -0.184733
    0.059393     0.500041     0.863962
    0.475007     0.851513     0.222024
    0.878102    -0.475142   -0.0563681
  -0.0574946    -0.221735     0.973411
    -0.49351    -0.642837     0.585841
   -0.868838     0.395048    -0.298424
   0.0395976     0.656276     0.753481
   -0.459841    -0.774589     0.434232
   -0.886363     0.430061    -0.171488
   0.0539136     0.463744     0.884327
   -0.486872    -0.719377     0.495432
   -0.872627     0.425559    -0.239629
   0.0384518     0.548996      0.83494
   -0.482249    -0.759298     0.436924
   -0.875259     0.438591    -0.203862
   0.0368386     0.480734     0.876093
    0.482138     0.872554    0.0786877
    0.873892    -0.485348    0.0273985
  -0.0620976   -0.0555546     0.996523
   -0.510082    0.0137954    -0.860015
   -0.859296    0.0357221     0.510229
   0.0377603     0.999267  -0.00636691
    0.427917     0.896134     0.117603
     0.89793    -0.436343    0.0576756
   -0.103001   -0.0809193     0.991384
    0.366244     0.915881     0.164401
    0.919284    -0.383501    0.0885615
    -0.14416    -0.118696      0.98241
     0.36147     0.895001    -0.261366
    0.922991    -0.303793     0.236213
    -0.13201     0.326622     0.935891
   -0.310719    -0.858516     0.407927
   -0.938444     0.345231    0.0117526
    0.150919     0.379165     0.912939
    0.309619     0.213871    -0.926496
    0.934154    -0.250264     0.254408
   -0.177458     -0.94426    -0.277275
   -0.320055    -0.518598    -0.792856
    -0.93899     0.284897     0.192698
    0.125949     0.806157    -0.578141
   -0.465658    -0.630423     0.621072
   -0.883918     0.365451    -0.291778
    0.043028     0.684845     0.727417
   -0.468986    -0.485813    -0.737589
   -0.882275     0.296016     0.366012
   0.0405246     0.822411    -0.567448
    0.419004     0.135102    -0.897877
    0.905396    -0.136779     0.401933
  -0.0685085    -0.981346    -0.179632
    0.415078     0.116493    -0.902297
    0.906767    -0.133697     0.399873
  -0.0740522    -0.984152    -0.161126
    -0.42594    -0.517368     -0.74223
   -0.903677     0.283239     0.321159
    0.044071     0.807531    -0.588177
    0.329517     0.139686    -0.933759
     0.93865    -0.155057     0.308047
   -0.101756     -0.97798     -0.18221
   -0.325628    -0.444382     -0.83456
    -0.94244      0.22348     0.248723
    0.075979     0.867514    -0.491575
   -0.250884    -0.332959    -0.908953
      -0.964     0.171394     0.203294
   0.0881004     0.927234    -0.363972
   -0.342633    -0.410428    -0.845075
   -0.931036     0.268599     0.247035
    0.125596     0.871437    -0.474155
   -0.248829    -0.379941    -0.890915
   -0.961123     0.210538     0.178651
    0.119694     0.900732    -0.417558
    0.256483      0.59318    -0.763121
    0.956203     -0.27093     0.110782
   -0.141039    -0.758113    -0.636689
   -0.362376    -0.279989    -0.888982
   -0.929948     0.172362     0.324789
   0.0622895     0.944403    -0.322835
    0.271159      0.21631    -0.937914
    0.959772    -0.134531     0.246452
  -0.0728685    -0.967012    -0.244088
   -0.435597     -0.46557     -0.77039
   -0.899339     0.261245     0.350629
   0.0380183     0.845574    -0.532502
     0.49567   -0.0384405     -0.86766
    0.867882   -0.0161066      0.49651
  -0.0330612    -0.999131    0.0253783
   -0.480669    -0.341381    -0.807723
   -0.876022      0.22819      0.42487
   0.0392721     0.911805    -0.408741
     0.39947    -0.263446    -0.878077
    0.834683    -0.291581      0.46721
   -0.379115    -0.919553     0.103416
    -0.36389    -0.344765    -0.865286
   -0.864441     0.470964     0.175883
    0.346881     0.811991    -0.469409
    -0.36993    -0.813829    -0.448145
   -0.855017      0.10952     0.506903
    0.363452    -0.570691     0.736352
   -0.398685    -0.738311     -0.54401
   -0.825391    0.0303232     0.563746
    0.399724    -0.673778     0.621485
    -0.33796    -0.605084    -0.720872
   -0.887425     0.459978    0.0299481
    0.313464     0.649841    -0.692421
   -0.385435    -0.763107    -0.518756
    -0.85116    0.0769345     0.519238
    0.356324    -0.641676      0.67918
    0.358444     0.928875   -0.0933293
    0.883177    -0.305007     0.356328
   -0.302518      0.21015     0.929688
   -0.411113    -0.769627    -0.488529
   -0.874349     0.181313     0.450154
    0.257874     -0.61221     0.747463
   -0.420959     0.479639    -0.769896
   -0.807518     0.188446      0.55893
    0.413169     0.856992     0.307989
    0.427009     0.149829    -0.891748
    0.836933    -0.438861     0.327025
   -0.342356    -0.885976    -0.312794
    0.453903     0.170258    -0.874634
    0.799656    -0.510862     0.315547
   -0.393093    -0.842634     -0.36803
    0.330327     0.868676     0.369168
    0.917758    -0.386961    0.0893445
   -0.220465    -0.309294     0.925058
   -0.377798      -0.9257    0.0186587
   -0.907295     0.374155     0.191895
    0.184618   -0.0555687     0.981238
   -0.384431    -0.775808    -0.500334
   -0.918232     0.265457      0.29391
   0.0952008    -0.572411     0.814422
   -0.317355     -0.81721    -0.481096
   -0.933392     0.179559     0.310706
    0.167527    -0.547655     0.819761
    0.303471      0.44555    -0.842253
    0.917612    -0.374794     0.132358
   -0.256699    -0.813028     -0.52258
   -0.290738     0.562686    -0.773858
   -0.932169    0.0157679      0.36168
    0.215714     0.826521     0.519934
   -0.303563     -0.72373      0.61973
   -0.917945     0.396483    0.0133797
    0.255395     0.564816     0.784701
   -0.335164    -0.313194     -0.88858
    -0.89119     0.411392     0.191146
    0.305689     0.855959    -0.416999
    0.289939     0.265635    -0.919442
    0.931351    -0.299434     0.207185
   -0.220277    -0.916394    -0.334216
    0.476295    -0.100214    -0.873556
    0.794439     -0.37674     0.476377
   -0.376843    -0.920882   -0.0998249
    0.459576     0.187322    -0.868159
    0.842719     -0.40057     0.359678
   -0.280383    -0.896914    -0.341952
    0.498508     0.203915    -0.842561
    0.831847    -0.386057     0.398736
   -0.243968    -0.899655    -0.362079
   -0.484199    0.0140839    -0.874844
   -0.805674     0.382773     0.452078
    0.341234     0.923735    -0.173992
    0.492128   -0.0652846    -0.868072
    0.859381    -0.122597     0.496421
   -0.138832    -0.990307  -0.00422917
     0.49372     0.868643    0.0412254
    0.841074    -0.489023     0.231196
   -0.220987    0.0794724     0.972033
    0.490191    -0.249333    -0.835192
     0.86498    0.0211488     0.501361
   -0.107343    -0.968187     0.226035
   -0.498715    -0.725457    -0.474337
   -0.859392     0.342625     0.379544
    0.112823    -0.596925     0.794324
    0.483388     0.872827    0.0671577
    0.817739    -0.477597     0.321254
   -0.312473     0.100373     0.944609
   -0.473689    -0.785354    -0.398545
   -0.857566     0.308295     0.411746
    0.200497    -0.536818     0.819529
    0.452759     0.882583     0.126714
    0.836542    -0.469653     0.282175
   -0.308555    0.0217555     0.950958
   -0.491282    -0.788331    -0.370375
   -0.870618     0.431857     0.235634
   0.0258089    -0.438218     0.898498
   -0.487652    -0.789566    -0.372534
   -0.872997     0.436852     0.216879
   0.0084977    -0.430982      0.90232
   -0.465121    -0.748769    -0.472236
   -0.881292     0.442023      0.16715
  -0.0835824    -0.493923     0.865479
   -0.485788    -0.681442    -0.547399
   -0.871401     0.426528      0.24235
  -0.0683335    -0.594735     0.801012
     0.48711     0.121009    -0.864916
    0.871996    -0.122326     0.473983
  -0.0484457    -0.985085    -0.165105
    0.463796     0.861406     0.207057
    0.885287    -0.441635    -0.145689
   0.0340534    -0.250875      0.96742
     0.43409     0.819703     0.373701
    0.894242    -0.442299   -0.0685784
   -0.109074    -0.363948     0.925011
    -0.43789    -0.398266       -0.806
    -0.87883     0.378599     0.290382
    0.189501     0.835492    -0.515793
    0.417202     0.907587    0.0472129
    0.907943    -0.418513    0.0220424
  -0.0397646   -0.0336705     0.998642
   -0.459761     0.607326      -0.6479
   -0.850888      -0.5101     0.125649
   -0.254184     0.609059     0.751291
   -0.461662     0.337572    -0.820313
   -0.849152    -0.435616      0.29863
   -0.256533     0.834436     0.487757
    -0.44626     0.620255    -0.645085
   -0.858186    -0.500975     0.111989
    -0.25371     0.603579     0.755859
   -0.448491    -0.663147    -0.599243
   -0.861475     0.499373    0.0921268
   -0.238152    -0.557551     0.795249
    -0.47075     0.430605    -0.770048
   -0.847066    -0.464671     0.257992
   -0.246727     0.773731     0.583494
   -0.446887     0.590453    -0.672054
   -0.872176    -0.454678     0.180489
   -0.198998     0.666808     0.718169
    0.432458     0.850231    -0.300145
    0.883452    -0.466111   -0.0474628
    0.180255     0.244638     0.952712
   -0.417985    -0.788556    -0.451075
   -0.899145     0.430001    0.0814696
   -0.129719    -0.439634      0.88876
   -0.378734    -0.837911    -0.393021
   -0.923838     0.367754     0.106212
   -0.055539    -0.403314     0.913375
    0.445813    -0.174196    -0.878013
    0.873477     0.299081     0.384173
    0.195676    -0.938193      0.28549
    0.394024      0.88169    -0.259554
    0.912306    -0.409465  -0.00597328
    0.111545      0.23444      0.96571
    0.411477     0.859839    -0.302263
    0.902081    -0.431566  0.000357343
    0.130139     0.272813     0.953224
   -0.421556    -0.720832    -0.550174
   -0.904779     0.374859     0.202127
  -0.0605383    -0.582994     0.810218
    0.363956     0.905515    -0.218125
    0.931026    -0.346906     0.113347
  -0.0269679     0.244333     0.969316
    0.436809     0.889505    -0.134087
    0.891441    -0.448008   -0.0679863
    0.120546    0.0898335     0.988635
   -0.460948    -0.696547    -0.549863
   -0.873263     0.466289     0.141374
   -0.157921    -0.545341     0.823204
   -0.444309    -0.722182    -0.530135
    -0.86682     0.496029    0.0507649
   -0.226301    -0.482087     0.846392
   -0.439911    -0.649275    -0.620419
   -0.870794     0.477288     0.117954
   -0.219534    -0.592147      0.77535
   -0.456372    -0.725529    -0.515105
   -0.874399     0.472892     0.108626
   -0.164778    -0.499981     0.850216
   -0.437731     0.483054    -0.758321
   -0.862119    -0.464924     0.201488
   -0.255232      0.74196     0.619961
    0.378202     0.855008     0.354858
    0.923855    -0.324264    -0.203337
    0.058787     -0.40474      0.91254
    0.345372     0.382143    -0.857138
    0.938214    -0.119421     0.324798
   0.0217589    -0.916354    -0.399776
    -0.31075    -0.458873    -0.832388
    -0.94857     0.205381     0.240903
   0.0604126     0.864439    -0.499096
   -0.338914    -0.612925    -0.713765
   -0.940442     0.242136     0.238619
   0.0265728     0.752126    -0.658484
    0.291786     0.219638    -0.930924
    0.950841    -0.172174     0.257407
   -0.103745    -0.960268    -0.259078
    -0.30043    -0.432884    -0.849913
   -0.948168     0.232267     0.216862
    0.103531     0.871013    -0.480227
   -0.287029    -0.616722    -0.732986
   -0.947623     0.294708     0.123117
    0.140088     0.729933     -0.66901
   -0.321424    -0.660015     0.679019
    -0.94387     0.280954    -0.173705
   0.0761249     0.696739     0.713274
    0.283607     0.249603    -0.925886
    0.942508    -0.250536     0.221158
   -0.176766    -0.935377    -0.306306
   -0.285358    -0.360967    -0.887848
   -0.945077     0.260019     0.198037
    0.159373     0.895597     -0.41534
     0.32765     0.942986    0.0585019
    0.940693    -0.331367    0.0727563
  -0.0879938   -0.0311937     0.995632
     0.33698     0.924936    -0.175894
    0.941406    -0.328205    0.0776943
   -0.014133     0.191769     0.981338
    0.679986    -0.248738    -0.689745
    0.555091    -0.439973     0.705902
   -0.479054    -0.862875    -0.161103
    0.686808    0.0597607    -0.724378
    0.556081    -0.684972      0.47073
   -0.468048    -0.726114    -0.503676
    0.687706     0.276447    -0.671295
    0.607234    -0.725827     0.323176
   -0.397903    -0.629883    -0.667024
   -0.693459    -0.412446    -0.590765
   -0.610423     0.771902     0.177626
    0.382752     0.483793    -0.787049
   -0.697115    -0.365786    -0.616629
   -0.567014     0.807634     0.161933
    0.438778     0.462523    -0.770419
   -0.677658    -0.578533     0.453959
   -0.661702     0.749032   -0.0331925
    0.320827     0.322879     0.890404
   -0.687018    -0.540022     0.486191
   -0.618388     0.785872 -0.000937079
    0.381578     0.301299     0.873852
   -0.673937    -0.462285    -0.576283
   -0.664263     0.720582     0.198786
