   -0.117853    -0.888662     0.443159
   -0.975663     0.020522    -0.218314
    0.184913    -0.458103    -0.869453
   -0.123122    -0.811054     0.571868
     -0.9784   0.00278314    -0.206701
    0.166054    -0.584965    -0.793878
   -0.122765    -0.815656     0.565362
   -0.981873    0.0169299    -0.188784
    0.144411    -0.578289    -0.802949
   -0.112963      -0.8253      0.55328
    -0.98533    0.0213573    -0.169317
    0.127921     -0.56429    -0.815606
   -0.116479    -0.931008     0.345914
    -0.98726     0.070521    -0.142635
      0.1084    -0.358121    -0.927361
   -0.131481    -0.790741    -0.597864
   -0.986069    0.0423369     0.160859
    0.101886    -0.610685     0.785292
   -0.123547     -0.87071     0.476025
   -0.989223    0.0700827    -0.128551
   0.0785696    -0.486777    -0.869985
    0.115665     0.965305    -0.234111
    0.988888    -0.089748     0.118514
  -0.0933908     0.245217     0.964959
    0.109439     0.747949    -0.654672
    0.992542   -0.0466456     0.112628
  -0.0537022     0.662115     0.747475
  -0.0992562    -0.866444     0.489308
   -0.992657    0.0520512    -0.109191
   0.0691386    -0.496553    -0.865249
  -0.0920774    -0.900912     0.424122
   -0.995105    0.0678989   -0.0718088
    0.035896    -0.428657    -0.902754
  -0.0798095    -0.859864     0.504246
   -0.995515    0.0429807   -0.0842722
   0.0507898    -0.508711    -0.859438
   -0.143633    -0.894072    -0.424271
   -0.960388    0.0224805     0.277758
    0.238797     -0.44736     0.861885
    0.144765     0.729974     0.667968
    0.962661    -0.259975    0.0754766
   -0.228751      -0.6321     0.740353
    0.137425     0.710701     0.689941
    0.965217    -0.252497     0.067839
   -0.222421     -0.65662      0.72068
      0.1409    -0.732782     0.665716
    0.966718     0.246878    0.0671414
    -0.21355     0.634099     0.743179
    0.146479     0.749711      0.64535
     0.96459    -0.252907    0.0748665
   -0.219342    -0.611532     0.760209
    0.136452    -0.717283     0.683291
    0.969076       0.2398    0.0582068
   -0.205604     0.654218     0.727823
    0.140052     0.669662    -0.729341
    0.969265    -0.243194   -0.0371701
   -0.202263     -0.70172    -0.683139
    0.137077      0.63966    -0.756337
    0.971181    -0.237082   -0.0244939
   -0.194982    -0.731182    -0.653724
    0.134236     0.717393     0.683614
    0.974677    -0.220089    0.0395744
   -0.178846     -0.66099      0.72877
    0.143756     0.702618     0.696895
    0.967725      -0.2471    0.0495062
   -0.206987    -0.667285     0.715463
    0.135123     0.753254       0.6437
    0.973379    -0.222302    0.0558089
   -0.185134    -0.619024      0.76324
   -0.135675    -0.584931    -0.799655
   -0.972442     0.233082  -0.00550317
    0.189604     0.776871    -0.600434
    0.135124     0.613334    -0.778179
    0.973267    -0.229374   -0.0117859
   -0.185723    -0.755783    -0.627932
    0.134181     0.680152    -0.720687
    0.976226    -0.215659   -0.0217715
   -0.170231    -0.700632    -0.692919
     0.13429     0.635836    -0.760052
    0.977958    -0.208793  -0.00187937
   -0.159889    -0.743047     -0.64986
   -0.133815    -0.585536    -0.799526
   -0.975424     0.220329   0.00189554
    0.175049      0.78013    -0.600629
    0.133574    -0.705919     0.695583
    0.971458     0.232097    0.0489955
   -0.196029     0.669185     0.716773
    0.131492     0.688507      0.71321
    0.973801    -0.224361    0.0370543
   -0.185529    -0.689652     0.699971
   -0.130427    -0.861349     0.490985
   -0.970154     0.212983     0.115927
    0.204425     0.461211      0.86342
   -0.133147    -0.515724    -0.846346
   -0.967929     0.251222 -0.000808558
    0.213037     0.819095    -0.532634
   -0.129895    -0.824454     0.550821
   -0.965824     0.230877      0.11781
    0.224301     0.516693     0.826267
   -0.130317    -0.881283     0.454267
   -0.972258     0.203354     0.115593
    0.194247     0.426601     0.883335
   -0.128917    -0.833105     0.537881
   -0.968101     0.223251     0.113754
    0.214852     0.506058     0.835311
    0.132132     0.971057    -0.198972
    0.969359     -0.08465     0.230603
   -0.207086     0.223346     0.952487
   -0.134934    -0.832236     0.537751
   -0.963176     0.237548     0.125952
    0.232563     0.500954     0.833642
    0.123174    -0.662358     0.738993
    0.978644     0.204564    0.0202314
   -0.164572     0.720719      0.67341
    0.124707    -0.624945     0.770644
    0.978766     0.204835    0.0077225
   -0.162681     0.753317     0.637219
    0.109741     -0.67981     0.725131
    0.984289     0.175848    0.0158965
    -0.13832     0.711994     0.688427
    -0.10615    -0.539572    -0.835221
   -0.984555     0.174644    0.0123049
    0.139227     0.823627    -0.549777
    0.113945     0.630826    -0.767513
    0.984183    -0.177153   0.00050765
   -0.135647    -0.755431    -0.641034
   0.0919137     0.233293    -0.968053
    0.989605    -0.129384    0.0627796
   -0.110604     -0.96376    -0.242761
  -0.0985972    -0.479092    -0.872209
   -0.989362     0.141408    0.0341672
    0.106968     0.866299    -0.487938
   0.0811026     -0.57344     0.815223
    0.993512     0.111942   -0.0200982
  -0.0797323     0.811564     0.578798
  -0.0872216    -0.295365    -0.951395
   -0.990072     0.131378    0.0499804
     0.11023     0.946308    -0.303892
   0.0747467    -0.640257     0.764516
    0.993934     0.109853  -0.00517893
  -0.0806683     0.760266     0.644584
   0.0695719    -0.713828     0.696856
    0.994366     0.105626   0.00892386
   -0.079976     0.692309     0.717155
   -0.105312    -0.336333    -0.935836
   -0.989123     0.132604    0.0636514
    0.102688     0.932361    -0.346639
   0.0931585    -0.592832      0.79992
     0.99269     0.117219    -0.028736
  -0.0767299     0.796749     0.599419
  -0.0989845    -0.866162     0.489862
   -0.992773     0.119529     0.010742
   0.0678569     0.485259     0.871734
    0.111662     0.191485    -0.975123
    0.988997    -0.117229    0.0902303
   -0.097035     -0.97447    -0.202468
   -0.118176    -0.567577    -0.814795
   -0.984359      0.17493    0.0209153
    0.130661     0.804522    -0.579372
   -0.122206    -0.494439    -0.860579
   -0.984782     0.168359    0.0431147
    0.123568     0.852752    -0.507489
   -0.128649    -0.539633    -0.832013
   -0.980088     0.197149     0.023676
    0.151254     0.818491    -0.554251
    0.126648     0.583718    -0.802018
    0.979226    -0.202644   0.00714403
   -0.158355    -0.786262    -0.597256
   -0.130354    -0.491135    -0.861275
   -0.981221     0.188469    0.0410354
     0.14217      0.85045     -0.50648
   -0.115246    -0.932847     0.341343
   -0.990569    0.0822906    -0.109551
   0.0741046    -0.350749    -0.933533
   -0.120047    -0.868161     0.481546
   -0.988327    0.0586781    -0.140596
   0.0938035    -0.492802     -0.86507
   -0.130934    -0.877163     0.461998
   -0.986473    0.0689139    -0.148733
   0.0986249    -0.475223    -0.874321
   -0.123586    -0.934888     0.332733
   -0.986142    0.0783062     -0.14626
    0.110681    -0.346197     -0.93161
   -0.130338    -0.971002    -0.200417
   -0.984107      0.10211     0.145282
    0.120605    -0.216167     0.968879
   -0.131203    -0.927308     0.350551
   -0.982115    0.0734148     -0.17338
    0.135041     -0.36703    -0.920355
   -0.121703    -0.913672     0.387805
   -0.983981    0.0597825    -0.167949
    0.130266    -0.402032    -0.906312
    0.133264     0.639909    -0.756807
    0.982372    -0.186295    0.0154639
   -0.131094    -0.745527    -0.653455
    -0.13634    -0.863269     0.485982
   -0.980018     0.189249    0.0612323
    0.144832     0.467922     0.871821
   -0.129515     -0.48105    -0.867073
    -0.98544     0.159583    0.0586592
    0.110152     0.862046    -0.494715
   -0.121132    -0.548774    -0.827148
   -0.988415      0.14345    0.0495768
   0.0914481     0.823571    -0.559793
    0.122395     0.947736    -0.294644
    0.989633   -0.0940637     0.108531
  -0.0751438     0.304873     0.949424
   -0.113719    -0.882644    -0.456078
   -0.992237     0.077642    0.0971459
   0.0503344    -0.463585     0.884621
   -0.108125    -0.855321      0.50669
   -0.992248     0.124261  -0.00198022
   0.0612681     0.502976     0.862126
   -0.106767    -0.937148     0.332195
   -0.992619     0.081135   -0.0901392
   0.0575212    -0.339367    -0.938894
   -0.131683    -0.902521     0.410018
   -0.980059    0.0564421    -0.190521
    0.148807     -0.42693    -0.891957
   -0.136141    -0.874937     0.464705
   -0.977192    0.0414293    -0.208279
    0.162979    -0.482461    -0.860621
   -0.133645    -0.870177      0.47427
   -0.977411    0.0366714    -0.208142
    0.163728    -0.491373    -0.855421
   -0.132262    -0.890643     0.435043
   -0.974246    0.0359447    -0.222603
    0.182622    -0.453281    -0.872459
   -0.130463     -0.85358     0.504362
    -0.97502    0.0182212    -0.221371
    0.179767    -0.520643    -0.834634
   -0.131267    -0.830058     0.542007
   -0.970583  -0.00370579    -0.240738
    0.201835    -0.557664    -0.805154
   -0.128662    -0.874888     0.466924
   -0.970819    0.0150355     -0.23934
    0.202375    -0.484093    -0.851292
    0.131173     0.955805    -0.263118
    0.973488   -0.0740207     0.216428
   -0.187387     0.284532     0.940174
    0.130525     0.989776   -0.0574954
    0.970589    -0.115732     0.211099
   -0.202287    0.0833582     0.975772
    0.131057     0.987231    0.0905511
    0.975662    -0.144638     0.164815
   -0.175808   -0.0667472     0.982159
    0.135143     0.967756    -0.212568
    0.977369   -0.0949658     0.189027
   -0.162745     0.233303     0.958689
   -0.135305      -0.9248     0.355581
   -0.979667    0.0712153    -0.187564
    0.148137     -0.37373    -0.915632
   -0.048038     -0.53166    -0.845595
   -0.997775    0.0647173    0.0159929
   0.0462219     0.844482    -0.533586
  -0.0539843    -0.352095    -0.934406
   -0.997467    0.0624232    0.0341058
   0.0463202      0.93388    -0.354573
   0.0277217    0.0942885    -0.995159
    0.999538    -0.015004    0.0264221
    -0.01244    -0.995432   -0.0946609
     0.02266     0.212726    -0.976849
    0.999663   -0.0171987    0.0194439
  -0.0126643    -0.976961    -0.213044
   0.0389505    0.0368771     -0.99856
    0.999171   -0.0132937    0.0384834
  -0.0118554    -0.999231   -0.0373643
   0.0116818    -0.714791      0.69924
     0.99975   -0.0050013   -0.0218148
   0.0190901      0.69932     0.714554
   0.0171651     -0.55054     0.834632
    0.999651  -0.00731059   -0.0253811
    0.020075     0.834777     0.550222
 -0.00305402    -0.774103    -0.633052
    0.998531     -0.03661      0.03995
   0.0541014        0.632    -0.773078
 -0.00203494    -0.395098     0.918637
   -0.999792    0.0194256   0.00614007
   -0.020271    -0.918433    -0.395056
  -0.0067562    -0.858242    -0.513201
    0.998589   -0.0328207    0.0417408
   0.0526673     0.512195    -0.857253
   0.0168601    -0.381334     0.924284
   -0.998682    0.0384037    0.0340615
  -0.0484847    -0.923639    -0.380184
   0.0238268     0.975825      0.21725
    0.999419   -0.0179525    -0.028973
   0.0243724    -0.217814     0.975686
  0.00737531    -0.138366    -0.990354
    0.998422    0.0561509 -0.000409638
   0.0556659    -0.988788     0.138562
  -0.0161426    -0.240332     0.970557
   -0.998244    0.0592015  -0.00194347
  -0.0569913    -0.968884    -0.240865
   0.0351483     0.989004     0.143653
    0.999029   -0.0309506   -0.0313529
    0.026562    -0.144615     0.989131
  -0.0514188    -0.621515    -0.781713
   -0.998639    0.0388004    0.0348387
  0.00867798     0.782441    -0.622664
   0.0611956      0.99029    -0.124822
    0.998125   -0.0605696    0.0088078
 -0.00116187     0.125127      0.99214
   0.0684509     0.116313    -0.990851
    0.996685   -0.0517422    0.0627801
  -0.0439666    -0.991864    -0.119469
   0.0604957     0.220537    -0.973501
    0.997109   -0.0582742    0.0487613
  -0.0459764    -0.973636    -0.223424
  -0.0790963    -0.996865    0.0021759
   -0.996219    0.0791234    0.0358881
   0.0359478 -0.000670943     0.999353
  -0.0303275    -0.330461     0.943332
    0.996167   -0.0874616   0.00138727
   0.0820469     0.939759     0.331847
  -0.0306586     0.466547    -0.883965
    0.995485    0.0937373    0.0149471
    0.089834    -0.879515    -0.467315
   0.0481227    -0.684477     0.727445
   -0.991428    0.0558365     0.118124
   -0.121471    -0.726893    -0.675922
   0.0479528     0.261732    -0.963948
   -0.992308    -0.097782   -0.0759135
   -0.114126     0.960174      0.25503
   0.0434405    -0.707528     0.705349
     -0.9922     0.052019     0.113287
   -0.116845    -0.704768    -0.699749
   0.0602989     0.986436    -0.152669
   -0.987919    0.0808512     0.132209
   -0.142759    -0.142853    -0.979394
   0.0567819     0.996636    0.0590996
   -0.988276    0.0477051     0.145036
   -0.141729    0.0666421     -0.98766
   0.0721454     0.992859   -0.0950027
   -0.982113    0.0873264     0.166815
    -0.17392   -0.0812685    -0.981401
   -0.064386    0.0121858    -0.997851
     0.98781      0.14279   -0.0619944
    0.141727    -0.989678   -0.0212309
  -0.0781117    -0.996877    0.0116114
    0.982347    -0.074977     0.171383
    0.169977   -0.0247935    -0.985136
   0.0853712    -0.255428    -0.963052
   -0.981701    -0.186699   -0.0375067
   -0.170221     0.948631    -0.266692
   0.0553238     0.961284     0.269949
   -0.988076    0.0138026     0.153347
   -0.143684     0.275214    -0.950585
   0.0722015     0.997014     0.027383
   -0.981779    0.0662062     0.178118
   -0.175774    0.0397445    -0.983628
   0.0723025     0.962998     0.259628
    -0.98158    0.0225495     0.189716
   -0.176842     0.268563     -0.94689
   0.0557679     0.975938    -0.210795
   -0.987131    0.0855847     0.135084
   -0.149875    -0.200549    -0.968152
  -0.0392852     0.281556     -0.95874
    0.992637     0.121022  -0.00513326
    0.114583    -0.951882    -0.284238
  -0.0331015    -0.619048     0.784655
    0.991971    -0.116225   -0.0498472
    0.122054     0.776706     0.617925
   0.0210673     0.127283    -0.991643
   -0.995395   -0.0901003   -0.0327119
   -0.093511     0.987766     0.124799
  -0.0283099   -0.0174241    -0.999447
    0.995347    0.0916351   -0.0297913
   0.0921035     -0.99564    0.0147488
 -0.00738484    -0.535538     0.844479
    0.996685   -0.0723628    -0.037174
   0.0810169     0.841405     0.534297
   0.0530315    -0.887509     0.457728
   -0.983435     0.033145     0.178205
    -0.17333    -0.459596     -0.87105
   0.0232497    -0.993597    -0.110562
   -0.988186  -0.00608306    -0.153136
   -0.151482    -0.112816     0.982001
    0.031462    -0.972169    -0.232157
   -0.988401   0.00426522    -0.151809
   -0.148575     -0.23424     0.960759
  0.00606853     0.999359    0.0352941
   -0.992262   0.00164085     0.124151
   -0.124013    0.0357744    -0.991636
 -0.00374852    -0.967709    -0.252043
    -0.99259     0.034212    -0.116593
   -0.121451    -0.249739     0.960667
  -0.0176724    -0.936031    -0.351474
    0.992296   -0.0595305     0.108646
    0.122619     0.346846    -0.929872
    0.027689     -0.54728     0.836492
    0.994971   -0.0654949   -0.0757853
   0.0962617     0.834383     0.542714
    0.010969    -0.826188     0.563288
    0.995852   -0.0418557   -0.0807831
   0.0903188     0.561838     0.822302
   0.0428451    -0.715898     0.696889
     0.99691   -0.0153278   -0.0770365
    0.065832     0.698037      0.71303
  -0.0304032    -0.963343    -0.266543
   -0.995374    0.0534945   -0.0798035
  -0.0911367    -0.262883     0.960514
   0.0489942    -0.967856    -0.246686
    0.996736    0.0315136    0.0743199
    0.064157     0.249522    -0.966241
  -0.0398387    -0.932953     0.357786
   -0.997104    0.0603345    0.0463014
  -0.0647838    -0.354905    -0.932655
  0.00244231    -0.660902     0.750468
    0.996423   -0.0617833   -0.0576523
   0.0844689     0.747925     0.658387
  -0.0256208    -0.999272    0.0282815
   -0.997763     0.023814   -0.0624731
  -0.0617541    0.0298188     0.997646
  -0.0284924    -0.875808     0.481818
    0.992254   -0.0830856   -0.0923487
    0.120912     0.475455     0.871391
   0.0524535     0.985443    -0.161711
   -0.986903    0.0758905     0.142349
   -0.152549    -0.152126    -0.976518
  -0.0419541     0.998903    0.0208089
    0.988071    0.0383923     0.149139
    0.148177    0.0268176    -0.988597
  -0.0637753    -0.925903     0.372339
     0.98228   0.00764616     0.187262
    0.176233    -0.377684    -0.909009
    0.067773    -0.976643    -0.203901
   -0.982684   -0.0300191    -0.182842
    -0.17245    -0.212762     0.961766
   0.0611248    -0.949093    -0.309007
   -0.982681  -0.00296427     -0.18528
   -0.174932    -0.314981     0.932838
  -0.0597453    -0.917335     0.393607
   -0.997624    0.0684212   0.00803285
  -0.0342999    -0.392192    -0.919244
  -0.0664429    -0.896124     0.438802
   -0.997067    0.0763699   0.00498844
  -0.0379815    -0.437184     -0.89857
  -0.0807713    -0.856713      0.50943
   -0.996697    0.0737481   -0.0340059
 -0.00843617    -0.510494     -0.85984
   -0.077494    -0.878809     0.470839
   -0.996992    0.0687185   -0.0358307
-0.000866981      -0.4722    -0.881491
   0.0817785     0.943422     0.321352
    0.996646   -0.0764144   -0.0292925
  0.00307929     -0.32267     0.946507
   -0.103112     -0.88078     0.462164
    -0.99425    0.0777701   -0.0736124
   0.0288938    -0.467097    -0.883734
   -0.101535    -0.865297    -0.490868
   -0.994634    0.0784557    0.0674369
   0.0198415    -0.495081      0.86862
  -0.0805719    -0.915113     0.395066
   -0.996608    0.0672907   -0.0473844
   0.0167778    -0.397543     -0.91743
  -0.0918003    -0.370535    -0.924271
   -0.995283    0.0633878    0.0734416
   0.0313748     0.926653    -0.374606
  -0.0717898    -0.889951      0.45037
   -0.997416    0.0652278   -0.0300969
   0.0025918     0.451367     0.892335
   0.0504009    -0.586245     0.808565
    0.998386   0.00836709   -0.0561667
   0.0261621     0.810091      0.58572
  -0.0635695    -0.325288    -0.943476
   -0.997486  -0.00894601     0.070293
  -0.0313058     0.945573    -0.323902
  -0.0825301     -0.88989     0.448648
    -0.99645     0.066188   -0.0520165
   0.0165938    -0.451349    -0.892193
  -0.0680047    -0.895938     0.438943
   -0.997577    0.0675391   -0.0166972
  -0.0146862    -0.439015     -0.89836
  -0.0735602     -0.88889    -0.452175
   -0.997236    0.0703106    0.0240138
  -0.0104471    -0.452692     0.891606
   -0.062733    -0.951818     0.300179
   -0.997681    0.0677612   0.00635874
  -0.0263929    -0.299084    -0.953862
  -0.0504793    -0.870248      0.49002
   -0.998016    0.0624422   0.00808338
  -0.0376325     -0.48864    -0.871674
  -0.0374594    -0.897683     0.439048
   -0.998122    0.0549238    0.0271384
  -0.0484758    -0.437206    -0.898054
  -0.0336615    -0.894823     0.445151
   -0.997881    0.0549038    0.0349071
  -0.0556762    -0.443033    -0.894775
  -0.0357691    -0.963039    -0.266977
   -0.997105    0.0523293    -0.055172
  -0.0671035     -0.26423     0.962122
 -0.00855427     -0.94452    -0.328343
   -0.994872    0.0411303   -0.0923972
   -0.100776    -0.325869     0.940028
  -0.0027667     -0.97382    -0.227304
   -0.992841    0.0298184    -0.115664
   -0.119414    -0.225357     0.966931
  0.00961182     -0.93775     0.347179
   -0.992667    0.0328904     0.116321
   -0.120499    -0.345751    -0.930557
   0.0166925    -0.885708     0.463943
   -0.989296    0.0526437     0.136096
   -0.144965    -0.461249    -0.875348
   0.0204244    -0.948848     0.315073
   -0.989296    0.0263623     0.143521
   -0.144485    -0.314632    -0.938153
   0.0390393    -0.965036     0.259194
   -0.985898   0.00504295      0.16727
   -0.162729    -0.262069     -0.95123
   0.0426362    -0.911637    -0.408778
   -0.984426    0.0315106    -0.172951
   -0.170549    -0.409786     0.896096
   0.0296773    -0.884175     0.466213
   -0.990441    0.0368451     0.132925
   -0.134706    -0.465701    -0.874629
   0.0514407     -0.91662     0.396436
   -0.986903    0.0141148     0.160694
   -0.152891     -0.39951    -0.903889
    0.050396    -0.946662     0.318262
    -0.98851  -0.00180928     0.151146
   -0.142509    -0.322222    -0.935876
   0.0219785    -0.934506     0.355269
   -0.990319    0.0283661      0.13588
   -0.137058    -0.354816    -0.924836
  0.00303093    -0.937651     0.347566
   -0.992942    0.0383855     0.112214
   -0.118559    -0.345453    -0.930917
  -0.0121925    -0.998538   -0.0526694
   -0.993704    0.0179665    -0.110587
   -0.111371   -0.0509894      0.99247
   -0.027261    -0.992031     -0.12301
    -0.99531    0.0383628    -0.088805
  -0.0928163    -0.120013     0.988424
   -0.017575    -0.943576     0.330689
   -0.995412    0.0476261    0.0829915
  -0.0940582    -0.327713    -0.940083
  -0.0100117    -0.740461     0.672025
    0.990757    -0.098263   -0.0935095
    0.135275     0.664878     0.734601
   0.0539652    -0.807871     0.586884
   -0.987562    0.0437424     0.151022
   -0.147678    -0.587734    -0.795462
     0.51694     0.800476    -0.303334
    0.849398    -0.435659     0.297868
   -0.106286     0.411631     0.905132
   -0.544359     0.507335    -0.668045
   -0.832697    -0.230515     0.503467
    0.101432     0.830346     0.547939
   -0.514989    -0.704501    -0.488329
   -0.854566      0.37735     0.356826
    0.067113     -0.60107     0.796373
     0.54126     0.448254    -0.711411
    0.838524    -0.350697        0.417
  -0.0625681    -0.822241     -0.56569
   -0.562531      0.44878    -0.694374
   -0.821655    -0.210125      0.52984
   0.0918758     0.868588     0.486944
    0.522254    -0.223596    -0.822956
    0.852051    0.0966553     0.514457
  -0.0354874    -0.969878     0.240994
     -0.5584    0.0169178    -0.829399
     -0.8276    0.0575348     0.558362
   0.0571656       0.9982   -0.0181263
   -0.539052     0.365219    -0.758972
   -0.841545    -0.196102     0.503334
   0.0349911     0.910033     0.413057
    0.547909    0.0499134    -0.835047
    0.835384   -0.0850635     0.543045
  -0.0439268    -0.995125   -0.0883039
   -0.576157     0.411522    -0.706182
   -0.812766    -0.197196     0.548202
   0.0863406     0.889811     0.448086
   -0.563394     0.409794    -0.717395
   -0.823598    -0.209861     0.526921
   0.0653759     0.887709      0.45574
   -0.586269    -0.247494    -0.771385
   -0.804216     0.292517     0.517369
   0.0975975     0.923678    -0.370533
    0.516737     0.818403     0.251397
    0.856016    -0.498964    -0.135171
  -0.0148134    -0.285048     0.958399
   -0.527622    -0.499214    -0.687314
   -0.849142     0.332733     0.410178
   0.0239252     0.800046    -0.599461
   -0.512516    -0.578269    -0.634769
   -0.858578     0.356345     0.368594
   0.0130507     0.733909    -0.679122
    0.501046      0.79738    -0.336362
    0.865402    -0.459094     0.200777
 -0.00567349     0.391686     0.920081
   -0.498181    -0.773318     0.392166
   -0.866941     0.452139    -0.209723
   0.0151313     0.444465     0.895668
    0.482366     0.870983     0.093334
    0.875942    -0.480448   -0.0435277
 -0.00693019    -0.102751     0.994683
    0.471695     0.841258    -0.264176
     0.88157     -0.44368      0.16119
  -0.0183926     0.308922      0.95091
   -0.496435     0.565573    -0.658543
   -0.867162    -0.288336      0.40607
     0.03978     0.772651     0.633584
   -0.469965     0.599764    -0.647623
   -0.881377    -0.278929     0.381279
   0.0480365     0.749988     0.659705
   -0.457074    -0.771711    -0.442206
   -0.889348     0.389871     0.238872
   0.0119366    -0.502457      0.86452
    0.443198     0.866165     -0.23094
    0.896095    -0.421107     0.140295
  -0.0242681     0.269122       0.9628
   -0.417444     -0.77244    -0.478621
    -0.90854     0.344826     0.235901
   0.0171783    -0.533322     0.845738
   -0.489311    -0.735545     -0.46856
   -0.868626     0.363071     0.337146
   0.0778658    -0.571973     0.816568
     0.58333     0.194416    -0.788624
    0.804679    -0.270452     0.528533
    -0.11053    -0.942899    -0.314205
    0.561343   -0.0881409    -0.822876
    0.823291   -0.0416611     0.566088
  -0.0841774    -0.995236    0.0491795
     0.55505    -0.103364     -0.82537
    0.824322   -0.0645503     0.562429
   -0.111413    -0.992547    0.0493763
   -0.571123    -0.491914    -0.657145
   -0.810453     0.465012     0.356272
    0.130325      0.73606    -0.664252
    0.534362     0.186965    -0.824319
    0.840729    -0.218357     0.495474
  -0.0873599    -0.957791    -0.273869
      0.5408    -0.249236    -0.803379
    0.829862   0.00213713     0.557964
   -0.137348    -0.968441     0.207987
    0.520428   -0.0656347    -0.851379
    0.846341   -0.0927722       0.5245
    -0.11341    -0.993522   0.00726798
    0.499301     -0.10007     -0.86063
    0.854546    -0.107068      0.50822
   -0.143004    -0.989203    0.0320554
    0.558649     0.140222    -0.817465
      0.8152    -0.274457     0.510022
   -0.152843    -0.951321    -0.267633
     0.52061    -0.175422    -0.835579
    0.836893    -0.088918     0.540096
   -0.169043     -0.98047     0.100518
    0.548888    -0.178708    -0.816569
     0.81519    -0.101639     0.570205
   -0.184895    -0.978638    0.0898923
    0.500713     0.283449    -0.817889
    0.861046    -0.260035     0.437015
  -0.0888082    -0.923059    -0.374266
     0.48245    -0.258698     -0.83685
    0.868206    0.0146871     0.495986
    -0.11602    -0.965847     0.231689
    0.466446    -0.110242    -0.877653
    0.879126    -0.051932     0.473752
  -0.0978059    -0.992547    0.0726934
    0.487181     0.871893    0.0495732
    0.870194    -0.489449    0.0565898
  -0.0736038   -0.0155688     0.997166
    0.514686     0.790373    -0.332277
    0.855173    -0.445464     0.265028
  -0.0614531     0.420561     0.905181
   -0.501828    -0.708797     0.495758
   -0.863506     0.443833     -0.23952
   0.0502625     0.548288     0.834778
    -0.52473    -0.496585     -0.69142
   -0.850323     0.344032     0.398237
   0.0401118     0.796897    -0.602782
   -0.544042    -0.282903    -0.789927
   -0.836497     0.256368     0.484301
   0.0655012     0.924252    -0.376123
   -0.510954    -0.603517    -0.612123
   -0.859117     0.382595      0.33991
   0.0290533     0.699563     -0.71398
   -0.442638    -0.544724    -0.712283
   -0.894043     0.329205     0.303828
   0.0689843     0.771297    -0.632726
    0.464091     0.421819    -0.778902
     0.88409    -0.274989     0.377843
  -0.0548078    -0.863973    -0.500546
   -0.460464    -0.641371     0.613691
   -0.885804     0.376903    -0.270732
   0.0576622     0.668272     0.741679
   -0.475614    -0.548727    -0.687524
   -0.878602     0.334546      0.34079
   0.0430079     0.766145    -0.641227
   -0.472471    -0.292205    -0.831497
   -0.880011     0.208324     0.426828
   0.0484993      0.93339     -0.35557
   -0.481666    -0.713185     0.509279
   -0.875291     0.420129    -0.239493
   0.0431595     0.561123     0.826606
   -0.484851    -0.513166    -0.708223
   -0.873917     0.316188     0.369181
   0.0344801     0.797926    -0.601769
   -0.490245    -0.776839     0.395197
   -0.871137     0.451255    -0.193621
   0.0279227     0.439193     0.897959
   -0.492336    -0.764657     0.415818
   -0.870219     0.442302    -0.216998
   0.0179881     0.468688      0.88318
   -0.485295    -0.325365    -0.811558
   -0.873468     0.222097     0.433274
   0.0392727     0.919136    -0.391979
    -0.48928    -0.625965     0.607267
   -0.871748     0.371529    -0.319407
   0.0256794     0.685664     0.727465
   -0.490513    -0.673154     0.553408
   -0.870792     0.402986    -0.281643
   0.0334261     0.620054     0.783847
   -0.498854    -0.699668     0.511477
   -0.866278      0.42063    -0.269504
   0.0265791     0.577525      0.81594
   -0.500028    -0.677166     0.539831
   -0.865925     0.399655    -0.300749
   0.0120894     0.617836     0.786214
   -0.487558    -0.515639    -0.704559
   -0.871892     0.329827     0.361966
   0.0457388     0.790778    -0.610391
   -0.472347    -0.569277    -0.672913
   -0.878911     0.361682     0.310968
   0.0663533     0.738315    -0.671184
   -0.463496    -0.732352      0.49883
   -0.883973     0.421132    -0.203078
   0.0613483     0.535078     0.842572
   -0.443937    -0.819623      0.36213
   -0.892489     0.440484   -0.0971409
   0.0798936     0.366321     0.927052
   -0.453368    -0.761893     0.462576
   -0.886955     0.436953    -0.149609
   0.0881383     0.478112     0.873865
    -0.44208    -0.697936     0.563428
   -0.894063     0.393443    -0.214135
   0.0722242     0.598405     0.797932
    0.485947     0.804488    -0.341546
    0.873336    -0.431874     0.225321
   -0.033763     0.407779     0.912456
    0.484281     0.361317     -0.79682
    0.874504    -0.227723     0.428234
  -0.0267262    -0.904208    -0.426255
   -0.463799    -0.660747    -0.590173
    -0.88538     0.321995     0.335294
   0.0315119    -0.678036     0.734353
   -0.469437    -0.735568    -0.488435
    -0.88177      0.36176     0.302673
   0.0459406    -0.572773     0.818426
    -0.46448    -0.706975    -0.533334
   -0.885321     0.356016     0.299098
   0.0215786    -0.611097     0.791262
   -0.440599     -0.81595    -0.374297
   -0.896635     0.379657     0.227829
   0.0437926    -0.435989     0.898886
   -0.438944     0.616091    -0.654034
   -0.897981    -0.275714     0.342946
   0.0309594     0.737844     0.674261
   -0.411056    -0.708191     -0.57402
   -0.910838     0.293155     0.290576
   0.0375067    -0.642282      0.76555
   -0.446749    -0.734204    -0.511235
   -0.892741     0.328435     0.308454
   0.0585605    -0.594201     0.802182
   -0.414536    -0.644816    -0.642162
   -0.908247     0.248959     0.336315
    0.056989    -0.722656     0.688854
   -0.421548    -0.732452    -0.534614
   -0.903923     0.292437     0.312096
   0.0722541    -0.614813     0.785356
   -0.442919       0.4844     -0.75444
   -0.896361    -0.221461     0.384046
   0.0189533     0.846352     0.532287
    0.416476     0.903822   -0.0982493
     0.90879    -0.410848    0.0728259
  -0.0254562     0.119618     0.992494
    0.471109     0.849263    -0.238346
    0.881985     -0.44967     0.141065
  -0.0126245     0.276674     0.960881
     0.49018     0.871164   -0.0282404
    0.871582    -0.489592    0.0254114
 -0.00831119      0.03707     0.999278
   -0.483804    -0.775773    -0.405105
   -0.875026     0.420179     0.240375
   0.0162595    -0.470771     0.882105
    0.529911    -0.422902    -0.735084
    0.821087    0.0390047     0.569469
   -0.212158    -0.905336     0.367908
   -0.503799     0.397841    -0.766752
   -0.841641   -0.0262194     0.539401
    0.194492      0.91708     0.348049
   -0.485454     0.368525    -0.792795
   -0.845809    0.0314919     0.532555
    0.221227     0.929084     0.296414
    0.506739   -0.0628565    -0.859805
     0.82746     -0.24441     0.505543
   -0.241921    -0.967633   -0.0718407
   -0.458897     0.552968    -0.695442
   -0.866944    -0.107351     0.486707
    0.194477     0.826258     0.528656
   -0.464807    -0.627859     0.624298
   -0.851906     0.509261    -0.122103
    0.241267     0.588598     0.771585
    0.443949     0.869501    -0.216513
    0.869158     -0.35911     0.340006
   -0.217884     0.339129      0.91516
    0.422652     0.881664    -0.209844
    0.873981    -0.335233     0.351818
   -0.239838     0.332096     0.912244
    0.485456    -0.364284    -0.794752
    0.831857   -0.0872126     0.548096
   -0.268975    -0.927195     0.260694
   -0.444361    -0.771619    -0.455135
    -0.85383      0.21102     0.475862
    0.271141    -0.600062       0.7526
   -0.465457     -0.78688    -0.405179
   -0.834639     0.237915     0.496764
    0.294495    -0.569401     0.767499
   -0.423844    -0.808616    -0.408041
   -0.886525     0.278077     0.369793
    0.185554    -0.518473     0.834719
    0.403353     0.914428    0.0335827
    0.891004    -0.400849     0.213146
   -0.208368    0.0560508     0.976443
   -0.387146    -0.921785    0.0207287
   -0.904056     0.383924     0.187847
    0.181113   -0.0539841      0.98198
    0.407522      0.91268   -0.0306724
    0.898613     -0.39481     0.191364
   -0.162545     0.105548      0.98104
   -0.444276      0.59997    -0.665323
   -0.881179    -0.158617     0.445381
    0.161684     0.784141     0.599151
    0.428336     0.864495     0.263016
    0.892628    -0.450067    0.0256098
   -0.140514    -0.223806     0.964452
    0.466313    0.0702458    -0.881826
    0.873994     -0.19062     0.446987
   -0.136695    -0.979147    -0.150283
   -0.480124     0.295528     -0.82592
    -0.86086    0.0221489      0.50836
    0.168528     0.955077     0.243774
   -0.449959    -0.664356     0.596798
   -0.885322     0.419556    -0.200443
    0.117225      0.61855     0.776952
   -0.452043    -0.732669    -0.508777
   -0.835514     0.148048     0.529148
    0.312367    -0.664288     0.679079
    0.430523     0.886853     0.167756
    0.857232     -0.45994     0.231535
   -0.282495   -0.0441242     0.958253
    0.413131     0.908408   -0.0641641
    0.859667    -0.365774     0.356626
   -0.300492     0.202493     0.932041
    0.433847     0.857744    -0.275775
    0.837595    -0.271186     0.474228
    -0.33198     0.436731     0.836096
    0.387496     0.901134    -0.194432
    0.882101    -0.301159     0.362216
   -0.267851     0.311866      0.91159
    0.391877     0.913071    -0.112846
    0.863011    -0.322314     0.389007
   -0.318819      0.24983     0.914297
    0.366544     0.902094    -0.227753
    0.885758    -0.263422     0.382154
   -0.284744     0.341811     0.895593
   -0.357401    -0.798209    -0.484898
    -0.88398     0.121561     0.451445
    0.301403    -0.589987     0.749047
    0.410526      0.88515    -0.219036
    0.839743    -0.273374     0.469146
   -0.355387     0.376531     0.855526
   -0.365005    -0.882691    -0.296021
   -0.865436     0.204477     0.457395
    0.343209    -0.423138     0.838547
    0.384465     0.921297    0.0582974
    0.842855    -0.376087     0.384907
   -0.376539    0.0988471     0.921112
   -0.351712    -0.858274    -0.373718
   -0.901957     0.203854     0.380679
    0.250543    -0.470967     0.845824
   -0.331515    -0.848539    -0.412407
   -0.904824     0.162161     0.393697
    0.267191    -0.503672     0.821537
   -0.317145    -0.823308    -0.470726
   -0.919538     0.145476     0.365085
    0.232098    -0.548635       0.8032
     0.33688     0.907359     -0.25142
    0.915607    -0.253454     0.312131
   -0.219491     0.335353     0.916167
    0.372589     0.922855   -0.0975534
    0.897516    -0.331633     0.290664
   -0.235888     0.195854     0.951839
    0.357427     0.933638    0.0238059
    0.910849    -0.354109     0.212041
   -0.206399    0.0541054     0.976971
    0.389917     0.918413    0.0669538
    0.893911    -0.394966     0.211956
   -0.221107    0.0227943     0.974983
    0.409672     0.872091    -0.267629
    0.876142    -0.294446     0.381676
   -0.254054     0.390843     0.884702
    0.375034     0.902054     0.213654
    0.906605    -0.404996     0.118514
   -0.193435    -0.149253     0.969694
   -0.277174    -0.824087     -0.49402
   -0.950973     0.161872     0.263528
    0.137202    -0.542842     0.828552
   -0.300926    -0.747257     0.592495
   -0.945652     0.153538     -0.28665
    0.123231    -0.646554    -0.752849
   -0.298362    -0.860364    -0.413224
   -0.943891     0.201745     0.261474
    0.141597    -0.468052     0.872283
    0.318779     0.918483     -0.23403
    0.938307    -0.270894     0.214934
   -0.134016     0.288108     0.948174
   -0.314683    -0.865446    -0.389844
   -0.941846     0.233681     0.241494
    0.117901    -0.443167     0.888652
   -0.325533    -0.880879    -0.343628
   -0.932438     0.238807     0.271164
    0.156802    -0.408685     0.899105
    0.339726     0.939402    0.0459456
     0.93201    -0.342807     0.117651
   -0.126272  -0.00285279     0.991992
    0.345029     0.928926    -0.134354
    0.926817    -0.314589     0.205045
   -0.148205     0.195268     0.969487
    0.363098     0.927657   -0.0872517
    0.920833    -0.342974     0.185568
   -0.142218     0.147724      0.97875
    0.338656     0.899551    -0.275898
    0.934395    -0.287081     0.210929
   -0.110537      0.32923     0.937758
    0.354731     0.912661    -0.203017
    0.926827     -0.31466     0.204894
   -0.123118     0.260843     0.957498
    0.354541     0.932437   -0.0697346
    0.928957    -0.342759      0.13984
    -0.10649      0.11436     0.987715
     0.35866     0.932126   -0.0500375
     0.91767    -0.342263     0.201836
    -0.17101     0.118308      0.97814
    0.374805     0.913074     0.160677
    0.912934    -0.393677     0.107567
   -0.161471    -0.106371     0.981128
    0.339506     0.922333    -0.184491
    0.922899    -0.288768     0.254698
   -0.181642     0.256738     0.949259
   -0.318104    -0.802877    -0.504181
    -0.92831     0.155807     0.337587
    0.192486    -0.575424     0.794882
   -0.309688    -0.826183    -0.470653
   -0.936645     0.179867     0.300571
    0.163672    -0.533918     0.829544
   -0.292128    -0.777845     0.556434
   -0.940114     0.126708    -0.316433
    0.175631     -0.61555    -0.768278
   -0.299593     -0.89622    -0.327162
   -0.931081     0.199828     0.305217
    0.208166    -0.396055      0.89432
    0.275813    -0.644154    -0.713438
    0.948688    0.0630068     0.309872
   -0.154654    -0.762297     0.628479
     0.37817     0.906764     0.186459
     0.92058    -0.389585    0.0274901
  -0.0975686    -0.161254     0.982078
   -0.380212    -0.660413    -0.647529
   -0.918196     0.185381     0.350072
    0.111152     -0.72766     0.676873
   -0.402198    -0.824748     0.397526
   -0.910116     0.407406   -0.0755654
   0.0996321     0.392187     0.914474
    0.399938     0.030421    -0.916037
    0.912038    -0.112173     0.394467
  -0.0907548    -0.993223   -0.0726076
   -0.408811    -0.798522     0.441855
   -0.905608     0.414851   -0.0881621
    0.112904     0.436189     0.892744
   -0.424897    -0.414582    -0.804726
   -0.901075     0.278896     0.332087
    0.086758     0.866221    -0.492071
   -0.429074    -0.725816     0.537667
   -0.898299      0.40524    -0.169821
   0.0946253     0.555852     0.825878
   -0.422894    -0.590844    -0.687069
   -0.902696     0.341088     0.262295
   0.0793758     0.731138    -0.677597
    -0.43585         -0.9  -0.00586376
   -0.893348     0.431818     0.124348
    0.109381   -0.0594355     0.992221
   -0.416145    -0.842026     0.343243
   -0.900447     0.434147   -0.0266676
    0.126563      0.32017     0.938868
    0.395461     0.908974      0.13182
    0.906865    -0.409171     0.100871
   -0.145626   -0.0796525     0.986128
    0.388163     0.915442     0.106282
     0.91286    -0.397757    0.0920649
   -0.126554   -0.0612841     0.990065
   -0.700021    -0.495422    -0.514323
   -0.559264     0.828183   -0.0365594
    0.444066      0.26205    -0.856817
   -0.703953     0.499723    -0.504704
   -0.561746    0.0430973     0.826186
    0.434616     0.865112     0.250379
    0.691966   -0.0821897    -0.717236
    0.602302     -0.48201     0.636316
   -0.398014    -0.872302    -0.284032
   -0.700176    -0.368371    -0.611602
   -0.592645     0.777569      0.21014
    0.398153     0.509598    -0.762748
    0.703096     0.176781     -0.68877
       0.555    -0.741969     0.376108
   -0.444557    -0.646708    -0.619789
    0.688175     0.686654    -0.234355
    0.632524    -0.409552     0.657404
   -0.355428     0.600644     0.716168
    0.699372     0.291835    -0.652465
    0.596007    -0.741983     0.306981
    -0.39453    -0.603568    -0.692858
   -0.688038     -0.52762     0.498218
   -0.637276     0.767712   -0.0670579
