   0.0449536    -0.930784     0.362796
   -0.997263   -0.0631512   -0.0384501
   0.0586997    -0.360075    -0.931075
 -0.00484548    -0.876316     0.481713
   -0.998534   -0.0217273   -0.0495697
    0.053905    -0.481247    -0.874926
  -0.0596558     -0.86728     0.494233
   -0.997273    0.0302311   -0.0673251
   0.0434485    -0.496901    -0.866719
  -0.0859291    -0.916485     0.390731
   -0.995381    0.0621205   -0.0731954
   0.0428101    -0.395216     -0.91759
   -0.131935    -0.932235     0.336944
   -0.989996     0.106773   -0.0922343
   0.0500075    -0.345742    -0.936996
   -0.116737    -0.896183     0.428052
   -0.992864    0.0947295   -0.0724411
   0.0243713    -0.433454    -0.900846
   -0.146449    -0.918151    -0.368173
   -0.989003     0.128137    0.0738488
   0.0206278    -0.374939      0.92682
   -0.156843    -0.893454      0.42088
   -0.986765     0.124004    -0.104485
   0.0411611    -0.431698    -0.901079
     0.15824     0.972975    -0.168165
    0.987272    -0.153161    0.0428434
  -0.0159294     0.172804     0.984827
   -0.159102    -0.865298     0.475338
   -0.986619     0.121986    -0.108174
   0.0356176    -0.486188    -0.873128
   -0.155344     -0.86218    -0.482196
   -0.987859     0.136415    0.0743348
 -0.00168881     -0.48789     0.872904
   -0.155747    -0.912526     0.378204
   -0.987441     0.133555   -0.0843954
    0.026502    -0.386599    -0.921867
    0.199489     0.742244     0.639748
    0.957491    -0.286475    0.0338039
   -0.208363    -0.605809     0.767841
    0.229579     0.952253    -0.201266
    0.946952    -0.170758     0.272255
   -0.224887     0.253094     0.940941
   -0.189534    -0.896521    -0.400409
   -0.960724    0.0851434     0.264123
    0.202699    -0.434743     0.877446
   -0.228087      0.61621    -0.753831
   -0.947302    0.0384167     0.318029
    0.224933     0.786644     0.574975
    -0.25714    -0.966121    0.0221372
   -0.936748      0.25482     0.239939
    0.237451   -0.0409608     0.970536
   -0.193461    -0.908147    -0.371269
   -0.960199      0.09755     0.261728
     0.20147    -0.407127     0.890875
   -0.250754    -0.866402    -0.431821
    -0.93969     0.110666      0.32363
    0.232605    -0.486929     0.841899
    -0.22816    -0.818359    -0.527477
   -0.948807    0.0653471     0.309023
    0.218422     -0.57098     0.791374
    0.239569     0.733225    -0.636386
     0.94558   -0.0275512     0.324223
   -0.220195     0.679427     0.699923
   -0.266693    -0.704198     0.658012
   -0.933316     0.359008    0.0059336
     0.24041     0.612551     0.752984
    0.254249     0.641612    -0.723666
    0.940182     0.011461      0.34048
    -0.22675     0.766944     0.600318
    0.261339     0.609661    -0.748341
    0.938135    -0.342887    0.0482759
   -0.227165    -0.714662    -0.661555
   -0.187243    -0.826892    -0.530274
   -0.962335    0.0460933     0.267931
    0.197108    -0.560469     0.804377
    0.212751     0.747696    -0.629037
    0.955958   -0.0260627     0.292343
   -0.202189     0.663529     0.720311
    0.180963     0.706856    -0.683818
     0.96688 -0.000619083     0.255232
   -0.179989     0.707357     0.683557
   -0.146184     -0.83274    -0.534017
    -0.97373    0.0258581     0.226231
    0.174583     -0.55306     0.814645
    0.152798     0.945762    -0.286684
     0.97121   -0.0900554     0.220549
   -0.182769      0.31213     0.932293
    0.104411     0.994009    0.0323262
    0.981746     -0.10821     0.156415
   -0.158975   -0.0154047     0.987162
  -0.0992185    -0.836195    -0.539383
   -0.982635  -0.00307641     0.185523
    0.156793    -0.548424     0.821369
   -0.150035    -0.921752    -0.357579
   -0.971599    0.0705215     0.225881
    0.182989    -0.381314     0.906154
    0.105694     0.975691     0.191981
    0.982659     -0.13206     0.130162
    -0.15235    -0.174895     0.972729
  -0.0472879    -0.665292    -0.745084
   -0.989692     0.132152   -0.0551876
     0.13518     0.734794    -0.664684
    0.051384     0.961586     0.269651
    0.990403   -0.0837546     0.109944
   -0.128305    -0.261413     0.956661
-0.000132831    -0.949614    -0.313423
    0.994055     0.033999    -0.103432
   -0.108876     0.311574    -0.943964
    0.151518     0.986981   -0.0539596
    0.973268    -0.139436       0.1825
     -0.1726    0.0801693     0.981724
    -0.24434    -0.456931    -0.855285
    -0.94878     0.294833     0.113537
    0.200288     0.839219    -0.505566
   -0.246422    -0.589763    -0.769062
   -0.947483     0.313504     0.063177
    0.203845     0.744241    -0.636044
    0.223384     0.256084    -0.940489
    0.959371    -0.228375     0.165685
   -0.172355     -0.93929    -0.296695
    0.215525     0.146851    -0.965393
    0.962312    -0.199844     0.184438
   -0.165843    -0.968761    -0.184388
    0.229384     0.214582    -0.949388
    0.957472     -0.22513     0.180453
   -0.175013    -0.950406    -0.257097
    0.192533   -0.0479109     -0.98012
     0.97196      -0.1281     0.197192
   -0.135001    -0.990603     0.021904
   -0.202124    -0.634289    -0.746206
   -0.969743     0.236138    0.0619516
    0.136912      0.73615    -0.662826
    -0.17557     -0.32002    -0.931001
   -0.979511     0.151556     0.132623
   0.0986564      0.93521    -0.340072
   -0.178435     -0.56199    -0.807668
   -0.975775      0.20667    0.0717694
    0.126587     0.800909    -0.585253
   -0.164477    -0.508661    -0.845111
   -0.982068     0.164481    0.0921328
   0.0921405      0.84511    -0.526593
   -0.150502    -0.294568    -0.943705
   -0.984667     0.129832     0.116509
   0.0882039      0.94677    -0.309591
   -0.211646    -0.446357    -0.869466
   -0.968015     0.218373     0.123529
     0.13473     0.867801    -0.478299
   -0.185107     -0.67885     0.710562
   -0.978425     0.194829   -0.0687531
   0.0917652     0.707958     0.700268
    -0.19646    -0.464328    -0.863599
   -0.976814      0.16911     0.131291
   0.0850807     0.869368    -0.486785
   -0.214399    -0.410839     -0.88614
   -0.969043     0.203187     0.140254
     0.12243     0.888778    -0.441684
    -0.22803    0.0121555    -0.973578
   -0.959206     0.168814     0.226771
     0.16711     0.985573    -0.026835
   -0.220348     0.435426     -0.87284
   -0.962599    0.0475468     0.266727
    0.157641     0.898968     0.408664
    0.232527     0.671912    -0.703183
    0.952249   -0.0101898     0.305152
    -0.19787     0.740561     0.642197
   -0.243717     0.424898    -0.871817
   -0.947965    0.0855058     0.306677
    0.204852     0.901194     0.381949
   -0.214245     0.477308    -0.852218
   -0.960106    0.0576129     0.273636
    0.179707     0.876845     0.445923
   -0.176673    -0.905937     0.384791
   -0.982366     0.137993    -0.126157
   0.0611915    -0.400294    -0.914341
   -0.172226    -0.930605     0.322975
   -0.982671     0.139504    -0.122048
   0.0685224    -0.338398    -0.938505
     0.18064     0.764061    -0.619338
    0.978193   -0.0739376     0.194091
   -0.102505     0.640893     0.760756
   -0.143739    -0.939103     0.312128
   -0.987481     0.115405    -0.107529
   0.0649595    -0.323677    -0.943935
   -0.161986    -0.933822     0.318961
    -0.98098     0.117355    -0.154614
    0.106951     -0.33794    -0.935071
   -0.121661    -0.949537     0.289098
   -0.986995    0.0849003    -0.136503
     0.10507    -0.301945    -0.947518
   -0.125305    -0.920577     0.369915
   -0.989738    0.0901811    -0.110838
   0.0686758    -0.380008     -0.92243
    0.187373   -0.0729349    -0.979577
    0.970263    -0.141828     0.196151
   -0.153237    -0.987201    0.0441914
    0.142575     -0.62201    -0.769919
    0.978393   -0.0291043     0.204694
    -0.14973    -0.782468     0.604421
     0.20501     -0.19501    -0.959136
    0.969087   -0.0969853     0.226856
   -0.137261    -0.975994     0.169099
   -0.214434    -0.346582    -0.913181
   -0.970706     0.179369     0.159866
    0.108389     0.920711    -0.374892
    0.203399   -0.0648024    -0.976949
    0.975193   -0.0756009     0.208048
  -0.0873402     -0.99503    0.0478177
   -0.205661    -0.284662    -0.936307
   -0.977324     0.109028     0.181523
   0.0504116     0.952408    -0.300629
    0.201342     0.118178    -0.972366
    0.977109   -0.0938601     0.190917
  -0.0687042    -0.988547    -0.134371
    -0.18648    -0.832636      0.52148
   -0.982136     0.144378    -0.120684
   0.0251952     -0.53467    -0.844686
  -0.0867393    -0.891697     0.444244
   -0.994171    0.0488127   -0.0961352
   0.0640388    -0.449993    -0.890733
  -0.0281331    -0.865807     0.499586
   -0.998207  -0.00208196   -0.0598201
   0.0528328    -0.500373    -0.864196
   -0.037887    -0.973962     0.223523
   -0.995703    0.0178798   -0.0908633
   0.0845009    -0.226005    -0.970454
   0.0287268    -0.891096     0.452906
   -0.998102   -0.0502621   -0.0355838
   0.0544726    -0.451024    -0.890848
   0.0177843    -0.764691     0.644152
   -0.996895   -0.0629888   -0.0472527
   0.0767081    -0.641311    -0.763437
   0.0588497    -0.775254     0.628902
   -0.995798   -0.0898717   -0.0176037
   0.0701679    -0.625224    -0.777285
   0.0735424    -0.886493     0.456861
   -0.995848    -0.089925   -0.0141856
   0.0536587    -0.453921    -0.889425
 -0.00379318    -0.999505   -0.0312407
    0.994814 -0.000596204    -0.101713
   -0.101644    0.0314645    -0.994323
   0.0453724     0.996127    0.0753108
   -0.995325    0.0515123   -0.0816948
   0.0852579     0.071252    -0.993808
  -0.0554252    -0.917775     0.393213
   -0.990452     0.100325     0.094553
    0.126227     0.384218     0.914573
    0.113208     0.957545     0.265126
    0.983232    -0.146363     0.108779
   -0.142966    -0.248366     0.958058
  -0.0850674    -0.969798    -0.228594
   -0.992292    0.0617087     0.107469
   0.0901166    -0.235974     0.967572
   -0.111057    -0.591045    -0.798957
   -0.993076    0.0969838    0.0662948
   0.0383026     0.800787    -0.597723
   -0.121863    -0.449992    -0.884679
   -0.991641    0.0932769    0.0891516
   0.0424026     0.888148    -0.457598
   0.0752637      0.65156    -0.754854
     0.99689   -0.0314342    0.0722634
   0.0233557    -0.757946      -0.6519
   0.0785098     0.196323    -0.977391
    0.996851  -0.00449534      0.07917
   0.0111492    -0.980529    -0.196057
    -0.08504    -0.494746    -0.864867
   -0.996131    0.0228919    0.0848515
  -0.0221815     0.868736    -0.494778
   0.0439589    -0.892751      -0.4484
    0.996299   0.00598747    0.0857513
   0.0738698      0.45051     -0.88971
   0.0387146    -0.898489     0.437286
    0.995828  -0.00149706   -0.0912402
    0.082633     0.438994     0.894682
   0.0125736    -0.950371    -0.310864
    0.990658   -0.0303781     0.132941
    0.135787     0.309632    -0.941111
   0.0478393    -0.578845     0.814033
    0.996894    -0.023375   -0.0752073
   0.0625614     0.815103     0.575929
   0.0258334    -0.585011     0.810614
    0.992476   -0.0820705   -0.0908585
    0.119681     0.806862     0.578489
   0.0376783    -0.814841    -0.578458
    0.992995   -0.0343418     0.113055
    0.111987     0.578666    -0.807839
   0.0500535    -0.848128     0.527422
    0.995269  -0.00167023   -0.0971391
   0.0832673     0.529789     0.844032
   0.0146504    -0.870618    -0.491741
    0.990358   -0.0551208     0.127096
    0.137757     0.488861    -0.861416
    0.012887    -0.645384     0.763749
    0.989934   -0.0994251     -0.10072
    0.140939      0.75736     0.637607
   0.0686365    -0.740335     0.668725
    0.994391   -0.0033033    -0.105719
   0.0804765      0.67223     0.735955
    0.099393     0.639105     -0.76267
    0.994803   -0.0468002    0.0904273
   0.0220995    -0.767694    -0.640435
    0.132422     0.947749     0.290235
    0.991083    -0.122223   -0.0530748
   0.0148283    -0.294675     0.955483
    0.149266     0.274589    -0.949906
    0.987885   -0.0826554     0.131341
  -0.0424501    -0.958003      -0.2836
    0.127774     0.657686    -0.742377
    0.991224    -0.110268    0.0729159
  -0.0339047    -0.745178    -0.666003
   -0.169744    -0.690012     0.703612
   -0.984931     0.142789   -0.0975813
   0.0331361     0.709573     0.703852
   0.0418357    -0.176832    -0.983352
    0.988533     0.150254    0.0150367
    0.145093    -0.972705      0.18109
    0.021806     0.998054      0.05842
    0.986902   -0.0121465     -0.16086
    0.159838   -0.0611626     0.985247
   0.0265425    -0.186836    -0.982032
    0.981775     0.189804  -0.00957557
    0.188183    -0.963881     0.188469
    0.041721    -0.166819    -0.985105
    0.983661     0.179679    0.0112328
    0.175129    -0.969478     0.171589
  0.00990302    -0.509514     0.860405
    0.979797    -0.166936    -0.110133
    0.199747     0.844114     0.497568
  -0.0345144    -0.913656     -0.40502
   -0.976626     0.116863    -0.180399
   -0.212155    -0.389327     0.896334
  -0.0135562    -0.735862     0.676996
   -0.973879     0.163194     0.157883
   -0.226662    -0.657172    -0.718853
  -0.0316817    -0.952409    -0.303172
    -0.97027     0.102123    -0.219424
   -0.239942    -0.287207      0.92733
  -0.0579916    -0.488738     0.870501
   -0.978262     0.201723    0.0480859
   -0.199101    -0.848789    -0.489812
   0.0557483       0.9809    -0.186355
    0.971638   -0.0962577    -0.215996
    0.229808     0.169028     0.958445
  -0.0611592    -0.438393       0.8967
   -0.974117     0.222081    0.0421353
   -0.217612    -0.870914    -0.440629
   0.0123114    -0.313886     0.949381
   -0.971503     0.221005    0.0856674
   -0.236708    -0.923381     -0.30222
  0.00608799     0.999692   -0.0240448
    0.968458   -0.0118842    -0.248894
    0.249103    0.0217711     0.968232
  -0.0289165    -0.969121    -0.244883
    0.965592    -0.090425     0.243836
    0.258451     0.229406     -0.93839
  -0.0378351    -0.893095     0.448274
    0.969195     -0.14205    -0.201203
    0.243371     0.426853     0.870958
   0.0157655     0.981542    -0.190596
   -0.977935    0.0548501     0.201578
   -0.208312    -0.183213    -0.960749
  -0.0253058    -0.811591     0.583678
    0.977917    -0.141261    -0.154022
    0.207454     0.566891     0.797243
 -0.00620007     -0.59567     0.803205
    0.985339    -0.140588    -0.096656
    0.170496      0.79083     0.587808
  0.00505484    -0.927739    -0.373195
    0.985824   -0.0579658     0.157452
    0.167707     0.368701    -0.914294
 -0.00571189    -0.981702     -0.19034
     0.98421   -0.0391942     0.172613
    0.176915     0.186349    -0.966424
   0.0382233    -0.514493     0.856642
   -0.969478     0.188672     0.156573
    -0.24218    -0.836481    -0.491578
 -0.00214631   -0.0366583     0.999326
    0.974751    -0.223213  -0.00609459
    0.223286      0.97408    0.0362118
  -0.0255937    -0.539355     0.841689
    0.971731    -0.211097    -0.105723
      0.2347     0.815189     0.529511
   0.0185179    -0.678854      0.73404
    0.978933       -0.137    -0.151396
     0.20334     0.721379     0.662016
  -0.0476709    -0.325798    -0.944237
   -0.979686    -0.169097     0.107806
    -0.19479     0.930194    -0.311119
 -0.00673886    -0.847824    -0.530236
    0.977792     -0.11666     0.174108
     0.20947     0.517287    -0.829781
   -0.063015    -0.357212    -0.931895
   -0.983384    -0.137062     0.119035
   -0.170248     0.923912     -0.34264
   0.0322699    -0.933343    -0.357532
    0.984771    -0.031452     0.170989
    0.170837     0.357605    -0.918114
   0.0785745     0.993156    0.0864116
    0.987382   -0.0655767    -0.144137
    0.137484   -0.0966468     0.985778
   0.0830288     0.965683     0.246093
    0.982668   -0.0382656    -0.181383
    0.165742    -0.256888     0.952123
    0.107141     0.983394    -0.146479
    0.984543    -0.125468    -0.122203
    0.138553     0.131122     0.981636
   -0.123576    -0.946232     0.298955
   -0.984885     0.153797    0.0796754
    -0.12137    -0.284591    -0.950935
  0.00311711    -0.640735     0.767756
    0.983961     -0.13497    -0.116635
    0.178356     0.755806     0.630037
   0.0380683    -0.383781     0.922639
     0.98948    -0.114486   -0.0884478
    0.139574       0.9163     0.375385
  -0.0277539    -0.895953     0.443282
    0.976673    -0.118767      -0.1789
    0.212933     0.427976     0.878349
  -0.0467819    -0.851617     0.522072
    0.968451    -0.166738    -0.185206
    0.244774     0.496937      0.83255
  -0.0410907    -0.684657     0.727706
    0.969304    -0.204014    -0.137212
    0.242406     0.699731     0.672024
   0.0585907     0.997167     0.047179
   -0.963883    0.0442092     0.262631
   -0.259802    0.0608628    -0.963742
   0.0500306      0.98136    -0.185549
   -0.963949    0.0960602     0.248143
   -0.261341    -0.166445    -0.950787
  -0.0545329    -0.788433     0.612699
    0.965794      0.11414     0.232837
     0.25351    -0.604439     -0.75524
   -0.159057    -0.905499     0.393411
   -0.984871     0.173286  0.000657972
  -0.0687683    -0.387355    -0.919362
   -0.141454    -0.887192     0.439182
   -0.986042    0.0869166     -0.14201
  -0.0878175      0.45314     0.887103
   -0.174912    -0.807165    -0.563819
   -0.983744     0.166923    0.0662157
  -0.0406675    -0.566235      0.82324
   -0.164012    -0.826118       0.5391
   -0.985585      0.16022   -0.0543257
  -0.0414953    -0.540239    -0.840488
   -0.158858    -0.482708    -0.861253
   -0.986623    0.0452777     0.156605
  -0.0365989      0.87461    -0.483444
   -0.190039    -0.912326    -0.362693
   -0.981776     0.176964    0.0692788
-0.000978839    -0.369249      0.92933
    0.197158     0.597487    -0.777263
    0.980297    -0.129914     0.148794
  -0.0120745    -0.791285    -0.611329
   -0.164529    -0.840062     0.516939
   -0.986227      0.14909   -0.0716106
  -0.0169132    -0.521602    -0.853022
    0.180698     0.684857    -0.705917
    0.983277    -0.142339     0.113602
  -0.0226785     -0.71464    -0.699125
    0.145865     0.624128    -0.767586
    0.988997   -0.0726426     0.128874
   0.0246745    -0.777938    -0.627856
   0.0963202    -0.616685     0.781295
    0.991944   -0.0054086    -0.126559
   0.0822726     0.787191     0.611196
   -0.122831    -0.460404    -0.879171
   -0.988553   -0.0214476     0.149345
  -0.0876151      0.88745    -0.452499
   -0.158457    -0.870629     0.465722
    -0.98708     0.151041   -0.0534844
  -0.0237781    -0.468179    -0.883313
   -0.162068     -0.91075     0.379827
   -0.985726     0.167206   -0.0196731
   -0.045592    -0.377593    -0.924848
   -0.156351    -0.808514     0.567326
   -0.986151     0.159957   -0.0438163
  -0.0553216     -0.56632    -0.822327
   -0.142937     -0.87235     0.467519
   -0.986298     0.164864   0.00607556
   -0.082377    -0.460245    -0.883962
   -0.151713    -0.805415    -0.572965
   -0.985028     0.171215    0.0201452
  -0.0818748    -0.567443     0.819332
    -0.13222    -0.910529     0.391734
   -0.985492      0.16318    0.0466605
   -0.106409    -0.379881    -0.918895
   -0.114375    -0.869944     0.479704
   -0.988353     0.148437    0.0335381
   -0.100382    -0.470281    -0.876789
   -0.132391    -0.835301    -0.533614
   -0.985565     0.168243   -0.0188407
   -0.105515    -0.523418     0.845518
  -0.0775167    -0.827792     0.555654
   -0.986497     0.144335    0.0774032
   -0.144274    -0.542151    -0.827803
   -0.058289    -0.871396     0.487104
    -0.98149     0.139186     0.131545
   -0.182426    -0.470421     -0.86338
  -0.0619906    -0.908158     0.414012
   -0.985204     0.122086     0.120287
   -0.159785    -0.400429    -0.902289
  -0.0232109   -0.0252348    -0.999412
   -0.978161    -0.205964    0.0279179
   -0.206547     0.978234   -0.0199031
  -0.0386142    -0.979123     0.199566
   -0.983501    0.0725628     0.165714
   -0.176735    -0.189875     -0.96577
 0.000160306    -0.896335    -0.443378
   -0.979533    0.0891038    -0.180487
   -0.201283    -0.434332     0.877975
   0.0190095     -0.18415     0.982714
   -0.973139     0.222139    0.0604506
   -0.229431    -0.957467    -0.174981
  -0.0282637    -0.943377     0.330517
    -0.98695    0.0787742     0.140443
   -0.158527    -0.322234    -0.933292
  0.00886168    -0.903662     0.428156
   -0.985549      0.06454     0.156616
   -0.169161    -0.423356     -0.89003
  0.00313702    -0.969102    -0.246639
   -0.988094    0.0349337     -0.14983
   -0.153816    -0.244173     0.957455
  -0.0503302    -0.946365     0.319154
   -0.987477     0.094995     0.125958
   -0.149521    -0.308818    -0.939295
  -0.0791134    -0.911682     0.403208
    -0.98646     0.129888     0.100132
    -0.14366    -0.389826    -0.909614
   0.0968236    -0.258868    -0.961048
    0.983572     0.172689    0.0525772
    0.152352     -0.95035     0.271336
   -0.119064    -0.815751     0.566016
   -0.984189     0.172257    0.0412313
   -0.131135    -0.552158    -0.823362
    0.102423     0.977947    -0.182016
    0.985652    -0.124453    -0.114027
    0.134165     0.167725     0.976662
   -0.061939    -0.609066    -0.790698
    -0.98735     -0.07846     0.137781
   -0.145955      0.78923    -0.596501
 -0.00164721    -0.743578     0.668647
   -0.989301    0.0987517     0.107381
   -0.145876    -0.661317    -0.735785
    0.455911     0.352434    -0.817273
    0.877152    -0.333537     0.345482
   -0.150831    -0.874382    -0.461201
    0.552285     0.311509    -0.773268
    0.829048    -0.302618     0.470215
  -0.0875289    -0.900769    -0.425387
   -0.517901    -0.450095    -0.727456
   -0.852817     0.338213     0.397889
   0.0669466     0.826454     -0.55901
   -0.575225    -0.332206      -0.7475
   -0.817016     0.278027     0.505159
   0.0400087     0.901299    -0.431346
   -0.589801     -0.52434    -0.614168
   -0.805131     0.440617     0.397014
   0.0624423     0.728645    -0.682039
   -0.544765    -0.385384    -0.744789
   -0.837999     0.283488     0.466254
   0.0314517     0.878131    -0.477385
    0.597398     0.221051    -0.770877
    0.800817    -0.215399     0.558834
  -0.0425151    -0.951178      -0.3057
    0.582685    -0.217808    -0.782968
    0.812262       0.1245     0.569852
  -0.0266391    -0.968018     0.249461
    0.581703     0.767376      0.26973
    0.811694    -0.569109    -0.131405
  -0.0526688    -0.295378     0.953928
     0.60941    -0.282273    -0.740906
    0.790726     0.147933     0.594027
  -0.0580733     -0.94786     0.313352
    0.586292     0.808826    0.0454003
    0.807126     -0.58802    0.0527355
  -0.0693501  -0.00572535     0.997576
   -0.591687     -0.70026    -0.399427
    -0.80154     0.457996     0.384412
   0.0862526    -0.547609     0.832277
    0.562031    -0.206209    -0.800999
    0.826746     0.111091     0.551498
  -0.0247398    -0.972181     0.232919
    0.569298    -0.291888    -0.768571
    0.821147     0.156154     0.548938
  -0.0402131    -0.943619     0.328581
    0.550439    0.0891455    -0.830102
    0.834203   -0.0986158     0.542568
  -0.0334936    -0.991125    -0.128647
    0.532868     0.288398    -0.795536
    0.845832    -0.209185     0.490724
  -0.0248902    -0.934381    -0.355405
   -0.518183    -0.423833    -0.742868
   -0.854902     0.282149     0.435355
   0.0250818     0.860673     -0.50854
    0.478051     0.156584    -0.864262
    0.877828    -0.118514     0.464083
  -0.0297592    -0.980528     -0.19411
   -0.437877    -0.247949    -0.864167
   -0.898056      0.16547     0.407571
   0.0419372     0.954537    -0.295128
   -0.487524    -0.284996    -0.825286
   -0.871262     0.220263      0.43862
   0.0567756     0.932878     -0.35569
   -0.399112    -0.414369    -0.817929
   -0.912796     0.263893     0.311713
   0.0866818      0.87101    -0.483557
   -0.387439    -0.255794    -0.885698
   -0.919901     0.170426     0.353181
   0.0606042     0.951591    -0.301335
    -0.36178    -0.446683    -0.818285
   -0.929512     0.240224     0.279823
   0.0715793     0.861839    -0.502105
   -0.305635    -0.358708    -0.881996
   -0.947662     0.204426      0.24525
   0.0923294      0.91079    -0.402413
    -0.44416    -0.319972    -0.836863
   -0.888616     0.276578     0.365878
    0.114388     0.906158    -0.407177
    0.556325     0.802893    -0.214161
    0.819618    -0.487747     0.300549
   -0.136852     0.342733     0.929412
    0.541496     0.815439    -0.204551
    0.831675    -0.484021     0.272103
   -0.122877     0.317463     0.940276
    0.462415     0.180968    -0.867999
    0.862474    -0.318912     0.392982
   -0.205698    -0.930347    -0.303549
    0.485454    0.0501898     -0.87282
    0.844228    -0.286343     0.453085
   -0.227186    -0.956812    -0.181378
   -0.460158     0.437473    -0.772575
   -0.871521   -0.0565107     0.487092
    0.169431     0.897454      0.40727
    0.408228     0.119354    -0.905044
    0.873414    -0.339421       0.3492
   -0.265513    -0.933031    -0.242807
    0.393933       -0.117    -0.911662
    0.887103    -0.211187     0.410424
   -0.240551    -0.970418    0.0205976
    0.350736      0.19904    -0.915078
    0.889587    -0.376132     0.259152
   -0.292609    -0.904935    -0.308986
    0.442106    -0.107282    -0.890524
     0.84896    -0.270387     0.454045
   -0.289497    -0.956756    -0.028462
   -0.378603  -0.00914998    -0.925514
   -0.866677      0.35447      0.35103
    0.324855     0.935023    -0.142133
   -0.408121     0.269818    -0.872144
    -0.84087     0.260901     0.474202
    0.355492     0.926892     0.120403
   -0.381965     0.313043    -0.869544
   -0.901846    0.0793262     0.424713
    0.201931      0.94642     0.252017
    0.316985     0.150579    -0.936401
    0.914421    -0.310544     0.259607
   -0.251702    -0.938557    -0.236131
   -0.304472    -0.456046    -0.836253
   -0.928908     0.336432     0.154736
    0.210776     0.823915    -0.526059
   -0.365058     0.362558    -0.857487
   -0.914647    0.0321216     0.402975
    0.173646     0.931407     0.319887
   -0.447099     0.338534    -0.827947
   -0.882583   -0.0164718     0.469868
    0.145429      0.94081     0.306149
   -0.434483     0.469124    -0.768861
   -0.891959    -0.105607     0.439609
    0.125034     0.876795     0.464324
   -0.512414     0.363094      -0.7782
   -0.854228    -0.122768     0.505195
   0.0878955     0.923629     0.373073
   -0.521687     0.523534    -0.673613
   -0.846394    -0.218529     0.485657
    0.107054     0.823503      0.55712
   -0.509785     0.437402    -0.740809
   -0.857072    -0.183671     0.481344
   0.0744762     0.880309     0.468518
     0.31466     0.377302    -0.870995
    0.943221    -0.227158     0.242351
   -0.106415    -0.897799    -0.427356
   -0.356912    -0.748772     0.558529
   -0.928177     0.351704    -0.121624
    0.105368     0.561822      0.82052
     0.35281     0.868283    -0.348725
    0.928659    -0.279312     0.244086
   -0.114533     0.409962     0.904883
   -0.422345    -0.812779    -0.401268
   -0.902587     0.336349     0.268712
   0.0834375    -0.475668     0.875659
   -0.424566    -0.905396   -0.0010335
   -0.902627     0.423177    0.0786511
   0.0707731   -0.0343255     0.996902
   -0.429305     0.372537    -0.822748
   -0.897876   -0.0776476     0.433347
   0.0975536     0.924763     0.367826
    0.483246     0.816914    -0.314842
     0.87436    -0.432115     0.220841
    -0.04436     0.382006     0.923094
   -0.490575    -0.714551     0.498751
    -0.86997     0.434373    -0.233392
   0.0498732     0.548395     0.834731
    0.516082     0.262659    -0.815272
     0.85613    -0.187593     0.481508
  -0.0264672    -0.946477    -0.321684
    0.469013     0.828256     0.306626
    0.882069    -0.456776    -0.115367
  -0.0445064    -0.324573     0.944813
   -0.508174    -0.549923     -0.66283
   -0.860966     0.344276     0.374448
   0.0222789     0.760959    -0.648418
   -0.506782    -0.683873      0.52487
    -0.86191     0.413838    -0.293002
   0.0168348     0.600879     0.799163
    0.495474    -0.117218    -0.860677
    0.866732   0.00137508     0.498773
  -0.0572818    -0.993105     0.102278
    0.527344   -0.0260937    -0.849251
    0.849064   -0.0209973     0.527873
  -0.0316061    -0.999439    0.0110824
    0.427768     0.899394   -0.0900325
    0.897736    -0.411141     0.158219
   -0.105285     0.148506     0.983291
       0.358      0.92494      0.12776
    0.921559    -0.372026     0.111019
   -0.150216   -0.0779937     0.985572
    0.353366     0.904898    -0.237259
    0.925453    -0.301104     0.229941
   -0.136633     0.300825     0.943841
   -0.298904    -0.625744    -0.720487
   -0.941797      0.31517     0.116992
    0.153869     0.713521    -0.683529
    0.296297     0.329247    -0.896551
    0.936891    -0.282597     0.205849
   -0.185588    -0.900964    -0.392201
   -0.307427     -0.51777    -0.798375
   -0.942785     0.279485     0.181781
    0.129014     0.808581    -0.574067
   -0.479061    -0.389975    -0.786397
   -0.877089     0.248244     0.411205
   0.0348587     0.886732    -0.460967
    0.483617     0.226255    -0.845531
    0.874493    -0.165851     0.455802
  -0.0371045    -0.959845    -0.278066
   -0.392501    -0.465715    -0.793128
    -0.91611      0.27461     0.292115
   0.0817588     0.841248    -0.534431
   -0.414689    -0.479078    -0.773639
   -0.906196       0.2947     0.303249
   0.0827118     0.826823    -0.556348
   -0.421805    -0.558326    -0.714389
    -0.90464     0.312066     0.290244
   0.0608859     0.768691    -0.636716
   -0.285274    -0.327165     0.900878
   -0.951094     0.212826    -0.223885
    0.118483     0.920689     0.371879
   -0.309866    -0.402595    -0.861336
   -0.945514     0.225701     0.234655
   0.0999333     0.887117    -0.450596
    0.223836    -0.404062     0.886923
    0.968172     0.196746    -0.154708
   -0.111987     0.893323      0.43524
    0.302215       0.5229    -0.797021
    0.942538    -0.288857     0.167882
    -0.14244    -0.801958     -0.58015
    0.200547    -0.459436     0.865274
      0.9699     0.217622    -0.109246
   -0.138111     0.861138     0.489251
    0.216705    -0.516449     0.828444
    0.961667     0.258995   -0.0900973
   -0.168032     0.816212     0.552778
   -0.355104    -0.541957    -0.761698
   -0.931881     0.269853      0.24244
   0.0741544     0.795904    -0.600865
   -0.249472     -0.29281     0.923052
   -0.962949     0.175837    -0.204476
    0.102434     0.939864     0.325828
    -0.43573    -0.281945    -0.854779
   -0.898968     0.183465     0.397741
   0.0446811     0.941726      -0.3334
    0.512106     0.119574    -0.850559
    0.858423    -0.105021     0.502076
  -0.0292913    -0.987255    -0.156427
   -0.489766    -0.526498    -0.694931
   -0.871407     0.321124     0.370849
   0.0279075     0.787197     -0.61607
    -0.40304     0.473072    -0.783429
   -0.827078      0.17819     0.533095
    0.391791     0.862816      0.31945
    0.359303    0.0708035    -0.930531
    0.859458    -0.413644     0.300385
    -0.36364    -0.907682    -0.209476
    0.363373     0.902177    -0.232458
     0.85058    -0.219465     0.477858
   -0.380096     0.371365     0.847122
     -0.4037    -0.841759    -0.358424
   -0.815331     0.153284     0.558337
    0.415045    -0.517634     0.748193
   -0.327734    -0.641992    -0.693135
    -0.88521     0.465033   -0.0121677
    0.330142     0.609582    -0.720705
    0.390189     0.860999    -0.326241
    0.842878     -0.19142     0.502907
   -0.370553      0.47121     0.800407
    0.360409     0.875108    -0.322941
    0.876736     -0.19959     0.437605
   -0.318496     0.440851     0.839173
   -0.410041    -0.803588    -0.431408
   -0.870067     0.202753     0.449304
    0.273586    -0.559587     0.782313
   -0.418861    -0.730868    -0.538876
   -0.800015     0.016281     0.599759
    0.429571    -0.682325     0.591525
   -0.428362     0.323737    -0.843624
     -0.8317      0.22372     0.508159
    0.353245     0.919317     0.173419
    0.455139     0.204913    -0.866521
    0.790031     -0.54183     0.286831
   -0.410732    -0.815127    -0.408495
   -0.335099     -0.86378    -0.376289
   -0.910071     0.193364     0.366579
    0.243883     -0.46529     0.850898
   -0.386093    -0.836485    -0.388877
   -0.901442     0.252653     0.351524
    0.195794    -0.486271      0.85159
   -0.378253    -0.771193    -0.512041
   -0.920975     0.257678     0.292246
    0.093436     -0.58212     0.807716
    0.324851     0.910991      -0.2541
    0.931461    -0.261623     0.252853
   -0.163868     0.318824     0.933541
     -0.2901     -0.51504    -0.806583
   -0.918024     0.387842    0.0825267
    0.270322     0.764403    -0.585332
   -0.280436    -0.358242    -0.890516
    -0.93721     0.302601     0.173409
    0.207348      0.88323    -0.420608
    0.294199    -0.523231    -0.799797
    0.915478   -0.0860663     0.393056
   -0.274495    -0.847834     0.453686
   -0.325219    -0.389869     -0.86153
    -0.89008     0.433883     0.139651
    0.319358     0.812248    -0.488122
   -0.275557    -0.353891    -0.893773
     -0.9332     0.321583     0.160381
    0.230665     0.878263    -0.418866
    0.476736    -0.183196    -0.859745
    0.793098    -0.332157     0.510556
   -0.379102    -0.925263   -0.0130587
    0.467357     0.165735    -0.868395
    0.833463    -0.410164     0.370276
   -0.294817    -0.896826    -0.329827
    0.514449     0.125227    -0.848328
     0.82005    -0.361087     0.443998
    -0.25072    -0.924086    -0.288453
    0.487538   -0.0531301    -0.871484
    0.805392    -0.358036     0.472392
    -0.33712    -0.932195    -0.131765
    0.510627   -0.0929056    -0.854768
    0.848877    -0.103502     0.518358
   -0.136628    -0.990281    0.0260145
   -0.504441    -0.690448    -0.518479
   -0.838906     0.249765     0.483585
    0.204392    -0.678895     0.705213
   -0.517338    -0.766946    -0.379678
   -0.848547     0.402151     0.343863
    0.111036    -0.500068     0.858838
   -0.523357    -0.707311    -0.475193
   -0.846207     0.365867     0.387395
    0.100151    -0.604858     0.790011
    0.495348     0.868314    0.0257123
    0.808492    -0.471644     0.351983
   -0.317759     0.153566     0.935653
   -0.493466    -0.767679    -0.408853
   -0.848207      0.32074     0.421511
    0.192449    -0.554793     0.809425
    0.462662     0.882013    0.0894243
    0.831521    -0.466718     0.301242
   -0.307436    0.0650152     0.949345
   -0.505063    -0.696411    -0.509827
   -0.862517     0.385879     0.327357
   0.0312441     -0.60507     0.795559
   -0.513164    -0.776461    -0.365748
   -0.858219     0.469701     0.206981
  -0.0110799    -0.420107     0.907407
    -0.48333     -0.74784    -0.455112
   -0.868563     0.474665     0.142447
   -0.109498    -0.464142     0.878967
    -0.49427     0.574409    -0.652496
   -0.864236    -0.405658     0.297553
  -0.0937733     0.710982     0.696929
   -0.503136     0.544858    -0.670809
   -0.862547    -0.268507     0.428855
   0.0535486     0.794376     0.605061
   -0.473787    -0.710144    -0.520789
   -0.879639     0.409805     0.241445
  -0.0419613      -0.5725      0.81883
     0.43014     0.876947    -0.214346
    0.893274    -0.379114     0.241527
   -0.130545      0.29536     0.946425
   -0.444741    -0.400243    -0.801256
   -0.873518     0.391512     0.289282
    0.197918     0.828567    -0.523742
    0.436669     0.851434    -0.290482
    0.899167    -0.402797     0.171036
  -0.0286208     0.335878     0.941471
   -0.463878    -0.633805    -0.618957
   -0.840578     0.535507     0.081619
   -0.279725    -0.558143     0.781173
    0.461306    -0.112947    -0.880022
    0.841034     0.371583     0.393177
    0.282593    -0.921504     0.266406
   -0.445908     0.382484    -0.809242
    -0.84952    -0.465613     0.248033
   -0.281925     0.798067     0.532548
   -0.450016    -0.661247    -0.600198
   -0.855677     0.511611    0.0779187
   -0.255545     -0.54864     0.796047
   -0.473603      0.47382    -0.742425
   -0.837083    -0.504261     0.212164
   -0.273849     0.721953     0.635445
   -0.453143     0.612631    -0.647568
   -0.865877    -0.475199     0.156346
   -0.211941     0.631561     0.745796
   -0.430553     0.603215    -0.671384
   -0.880152    -0.445349     0.164303
    -0.19989     0.661661     0.722667
   -0.415311     -0.78516    -0.459391
   -0.895887     0.440633    0.0568238
   -0.157807    -0.435162     0.886415
   -0.372923    -0.797456    -0.474334
   -0.924796     0.360975     0.120203
  -0.0753665    -0.483489       0.8721
   -0.459736     0.469284    -0.753933
   -0.860721    -0.444482     0.248186
    -0.21864     0.763026     0.608267
    0.399742     0.897538    -0.186099
    0.906563    -0.417122   -0.0644363
     0.13546     0.142953     0.980416
   -0.414899     0.288413    -0.862946
   -0.898731    -0.277841     0.339245
   -0.141919     0.916309     0.374482
   -0.428564    -0.796934     -0.42571
   -0.900378     0.415904     0.127839
  -0.0751755    -0.438087     0.895784
   -0.372625    -0.822118    -0.430434
   -0.927935     0.325425     0.181757
  0.00935127    -0.467141     0.884133
   -0.464953    -0.763215    -0.448688
    -0.87606     0.469788     0.108712
   -0.127818    -0.443624     0.887052
    -0.46645     0.372091    -0.802479
   -0.866949    -0.372378     0.331261
   -0.175566     0.850225      0.49628
   -0.449172      0.55443    -0.700608
   -0.858902    -0.483899     0.167721
   -0.246034     0.677089     0.693555
   -0.444404    -0.669789    -0.594884
   -0.860128     0.504625    0.0743883
   -0.250369    -0.544735     0.800362
   -0.467785    -0.732579    -0.494475
   -0.862036     0.501669    0.0722688
    -0.19512    -0.460061     0.866182
   -0.440899     0.498424    -0.746446
   -0.851464    -0.495344     0.172173
   -0.283932     0.711483     0.642787
    0.375434     0.896397     0.235629
     0.92387    -0.341566    -0.172617
   0.0742507    -0.282497      0.95639
    0.338189    -0.112469    -0.934333
    0.940407    0.0778825     0.331012
   0.0355397    -0.990598     0.132106
   -0.308451    -0.527181    -0.791794
   -0.950508     0.203471     0.234807
   0.0373217     0.825033    -0.563851
    0.334998    0.0377296    -0.941463
    0.942103   -0.0291044      0.33406
  -0.0147968    -0.998864   -0.0452951
    0.285755     0.173631    -0.942442
    0.954449    -0.139678     0.263662
  -0.0858581    -0.974855    -0.205636
   -0.287358     -0.38452    -0.877251
   -0.952071     0.214894     0.217673
    0.104817     0.897756    -0.427842
   -0.272786    -0.581278    -0.766619
   -0.951126     0.282814     0.123999
    0.144733     0.762976    -0.630016
   -0.310018     -0.62888     -0.71302
   -0.947726     0.263995     0.179225
    0.075523     0.731311     -0.67785
    0.268774     0.268346    -0.925068
    0.945416    -0.257216     0.200072
   -0.184254    -0.928348    -0.322831
   -0.276728    -0.471957    -0.837065
   -0.949048     0.270891     0.161014
    0.150761     0.838973    -0.522873
    0.315979     0.946479    0.0658316
    0.944906    -0.320188     0.068064
  -0.0854996   -0.0406978     0.995507
    -0.32752    -0.728098    -0.602166
   -0.944839     0.250183     0.211397
    0.003266    -0.638187     0.769875
   -0.674894    -0.491371    -0.550519
   -0.551872     0.831354   -0.0654809
    0.489852     0.259623     -0.83225
    0.679893      0.22262    -0.698703
    0.551549    -0.783151     0.287173
   -0.483259    -0.580616    -0.655245
   -0.682147    -0.225462    -0.695588
   -0.604526     0.709062     0.363016
    0.411368     0.668131    -0.619982
    0.687426     0.170882    -0.705864
    0.606611    -0.669518     0.428682
   -0.399335    -0.722873    -0.563903
    0.697797     0.223347    -0.680585
    0.557628     -0.76575     0.320434
    -0.44959    -0.603111    -0.658883
   -0.674261    -0.670004     0.310591
   -0.664213     0.734029     0.141501
    0.322789      0.11089     0.939953
   -0.691247    -0.424694    -0.584647
   -0.611371      0.77503     0.159854
     0.38523     0.467935    -0.795383
   -0.674932    -0.528951     0.514469
    -0.66525     0.737847    -0.114123
