  -0.0719646    -0.843325     0.532564
   -0.992822   0.00942749     -0.11923
   0.0955288    -0.537322     -0.83795
  -0.0876398    -0.904532     0.417301
   -0.993479    0.0486977     -0.10309
   0.0729268    -0.423615    -0.902902
   -0.107446    -0.895081     0.432764
   -0.992567    0.0715536   -0.0984401
    0.057146    -0.440125    -0.896116
   -0.118668    -0.902906     0.413132
   -0.991827    0.0881484   -0.0922437
   0.0468705    -0.420702    -0.905987
    -0.13417    -0.861642     0.489461
   -0.990266    0.0981238   -0.0987137
   0.0370281    -0.497941     -0.86642
   -0.134319    -0.876092    -0.463057
   -0.990573     0.106028    0.0867335
   0.0268897    -0.470342     0.882075
   -0.138275    -0.906784     0.398276
   -0.990272     0.120289   -0.0699352
   0.0155077    -0.404072    -0.914596
   -0.137252    -0.869454     0.474565
   -0.990118       0.1065   -0.0912371
    0.028785    -0.482398    -0.875479
    -0.13302    -0.768768     0.625541
   -0.991108     0.101125   -0.0864783
  0.00322377    -0.631482    -0.775384
   -0.130056    -0.898919     0.418367
   -0.991261     0.108492   -0.0750405
    0.022066     -0.42447    -0.905173
   -0.118477    -0.838439     0.531961
   -0.992957     0.100289   -0.0630804
-0.000460824    -0.535688    -0.844416
    -0.11019    -0.870341     0.479963
   -0.993878    0.0925649   -0.0603227
  0.00807362    -0.483671    -0.875212
    0.138009     0.986378    0.0895122
    0.980467    -0.148848     0.128561
   -0.140133   -0.0700213     0.987654
    0.157708     0.980871     0.114111
    0.975801    -0.172521     0.134342
   -0.151459    -0.090163     0.984343
   -0.139734    -0.989899   -0.0239794
   -0.980078     0.134814     0.145851
    0.141145   -0.0438819     0.989016
    0.162845     0.948866    -0.270433
     0.97519    -0.113132     0.190279
   -0.149954     0.294709     0.943748
    0.180094     0.947607    -0.263832
     0.97014    -0.126812     0.206755
   -0.162465     0.293189     0.942149
    0.144029     0.950217    -0.276303
    0.980151   -0.0985459     0.172023
   -0.136231     0.295596      0.94555
   -0.178089     -0.86758    -0.464316
   -0.972025    0.0816687     0.220222
     0.15314    -0.490546     0.857853
   -0.163838    -0.924591     -0.34393
   -0.976542     0.102629     0.189296
    0.139724    -0.366876     0.919717
   -0.177034    -0.905695    -0.385196
   -0.974199      0.10559     0.199468
    0.139985    -0.410571     0.901019
   -0.193155    -0.866996    -0.459358
   -0.967338     0.089944     0.236994
    0.164157    -0.490131     0.856051
   -0.190436    -0.760393    -0.620916
   -0.969903    0.0479755     0.238718
    0.151731    -0.647689     0.746644
   -0.202373    -0.851927    -0.482975
   -0.965703    0.0916823     0.242924
    0.162673    -0.515572     0.841263
   -0.145522    -0.910794    -0.386365
    -0.98135    0.0833063     0.173238
    0.125597    -0.404369     0.905931
   -0.160463    -0.848948    -0.503527
   -0.978857    0.0713071     0.191716
    0.126851    -0.523644      0.84244
   -0.150335    -0.902827     0.402868
   -0.982924    0.0927547    -0.158927
    0.106116    -0.419881    -0.901354
   -0.132639    -0.916235     0.378047
   -0.985485    0.0811362    -0.149118
    0.105954    -0.392338    -0.913698
    0.122063     0.979119    -0.162561
    0.985562    -0.100206     0.136481
   -0.117342     0.176873     0.977214
   -0.112064    -0.936366     0.332658
   -0.988979    0.0724974    -0.129095
   0.0967631    -0.343458     -0.93417
   -0.102178    -0.994668   -0.0139795
   -0.988584    0.0999684     0.112729
     0.11073   -0.0253382     0.993527
    0.120067      0.95421     0.273983
     0.98457    -0.149841     0.090388
   -0.127303    -0.258903     0.957478
  -0.0919187       0.3877    -0.917191
    -0.98934    0.0689241     0.128284
    0.112952     0.919205     0.377231
  -0.0854092    -0.870634      0.48446
   -0.992375    0.0309664    -0.119303
   0.0888672    -0.490956     -0.86664
  -0.0758322    -0.853966    -0.514774
   -0.992265    0.0137413     0.123376
   0.0982856    -0.520148     0.848402
  -0.0652121    -0.851731     0.519906
   -0.994429    0.0122321    -0.104693
   0.0828105    -0.523837    -0.847784
    0.114505     0.992762   -0.0362205
    0.985353    -0.108862     0.131261
   -0.126368    0.0507201     0.990686
   -0.204181    -0.863071    -0.461973
     -0.9673     0.105338     0.230727
     0.15047    -0.493976     0.856356
   -0.195833    -0.787209    -0.584767
   -0.970568    0.0703547     0.230324
    0.140172     -0.61266     0.777817
   -0.196746    -0.844039    -0.498889
   -0.972418     0.102967     0.209287
    0.125277    -0.526304     0.841017
    0.201027     0.924699    -0.323294
    0.969914    -0.141627     0.198014
   -0.137316     0.353374     0.925349
   -0.188372    -0.839991    -0.508853
   -0.975311    0.0991927     0.197307
    0.115262    -0.533457     0.837937
   -0.188943    -0.822142    -0.537014
   -0.976594     0.100077     0.190391
    0.102786    -0.560417     0.821807
   -0.184711    -0.790004    -0.584616
    -0.97769     0.087167     0.191114
    0.100021    -0.606874      0.78848
   -0.175721    -0.592589    -0.786104
   -0.982399      0.15695     0.101286
   0.0633582     0.790066    -0.609738
   -0.188296    -0.817526    -0.544239
   -0.976517    0.0967811     0.192476
    0.104682    -0.567701     0.816552
   -0.175529    -0.855757     0.486691
    -0.98225     0.185445   -0.0281861
   0.0661341        0.483     0.873119
   -0.172741    -0.842187     0.510766
   -0.982533     0.183769   -0.0292814
   0.0692024     0.506903     0.859221
    0.181925     0.932777    -0.311175
    0.979372     -0.14358     0.142182
  -0.0879459     0.330622     0.939657
    0.174467     0.960648      0.21614
    0.982879    -0.183113    0.0204791
  -0.0592512    -0.208867     0.976148
   -0.172121    -0.985065   0.00465757
   -0.983788     0.172136    0.0503138
    0.050364  -0.00407799     0.998723
     -0.1743    -0.902247    -0.394423
   -0.981802      0.12857     0.139765
   0.0753914    -0.411607     0.908238
   -0.179115     -0.79493    -0.579658
   -0.978126    0.0805429     0.191788
     0.10577    -0.601331     0.791969
   -0.170493    -0.830054    -0.530982
   -0.981185    0.0934641     0.168942
   0.0906029    -0.549795     0.830371
   -0.175627    -0.923631    -0.340677
   -0.977115     0.121361     0.174696
    0.120009    -0.363562     0.923807
   -0.186949    -0.858081    -0.478276
   -0.973307    0.0958097     0.208553
    0.133132    -0.504498     0.853087
   -0.164935    -0.899161     0.405347
   -0.981048     0.107189    -0.161416
     0.10169    -0.424288    -0.899799
   -0.133936    -0.892891     0.429891
   -0.990554     0.107755   -0.0848063
   0.0293998    -0.437188    -0.898889
    -0.14328    -0.870618     0.470632
   -0.988804     0.105898    -0.105134
   0.0416923    -0.480426    -0.876044
   -0.151905    -0.919656     0.362158
   -0.986769     0.120101    -0.108913
   0.0566665    -0.373911    -0.925732
   -0.142881    -0.881467     0.450113
   -0.988689     0.106159    -0.105949
   0.0456073    -0.460159    -0.886664
   -0.150251    -0.904261     0.399671
   -0.986784     0.112358    -0.116759
    0.060674    -0.411933    -0.909192
   -0.139976    -0.867588     0.477176
   -0.988008    0.0906681    -0.124975
   0.0651626    -0.488947    -0.869876
   -0.132274    -0.883603     0.449166
   -0.989855    0.0940394    -0.106505
   0.0518691    -0.458697    -0.887077
   -0.157714    -0.905363     0.394263
   -0.984215     0.111656    -0.137308
   0.0802924    -0.409695    -0.908682
   -0.145297    -0.901398     0.407885
   -0.985935    0.0974982    -0.135745
   0.0825924    -0.421871    -0.902886
   -0.160353    -0.894875     0.416517
    -0.98462     0.115369    -0.131197
   0.0693512    -0.431149    -0.899612
   -0.161244    -0.888258    -0.430115
   -0.985416     0.120899     0.119741
   0.0543606     -0.44315     0.894798
   -0.147767    -0.921207     0.359921
   -0.987959     0.120618   -0.0968937
   0.0458463    -0.369904    -0.927938
   -0.133615    -0.904773     0.404393
    -0.99066     0.110733   -0.0795721
   0.0272148    -0.411248    -0.911117
   -0.158828    -0.933694     -0.32092
   -0.986844     0.140185    0.0805449
   0.0302162     -0.32949     0.943675
   -0.123221    -0.916158     0.381406
   -0.992101     0.104624   -0.0692044
   0.0234978    -0.386921    -0.921814
    -0.12522    -0.898878     0.419927
   -0.990638    0.0900841    -0.102572
   0.0543709     -0.42884    -0.901743
   -0.109398    -0.874152      0.47317
   -0.992028    0.0660612    -0.107314
    0.062551    -0.481138     -0.87441
   -0.111569    -0.861253     0.495777
   -0.991625    0.0638233    -0.112281
   0.0650599    -0.504152    -0.861161
  -0.0902442    -0.837123      0.53952
   -0.992903    0.0334958    -0.114108
   0.0774509    -0.545989    -0.834205
  -0.0899856     -0.86893     0.486685
   -0.993493    0.0440588    -0.105029
   0.0698202    -0.492969    -0.867241
  -0.0682943    -0.876737     0.476097
   -0.994155    0.0198105    -0.106127
   0.0836134    -0.480562    -0.872966
  -0.0749919    -0.821081     0.565865
   -0.992335   0.00555258    -0.123454
   0.0982233    -0.570785    -0.815203
  -0.0911918     -0.85457     0.511267
   -0.993059    0.0397437    -0.110696
   0.0742777    -0.517813    -0.852263
  -0.0743138    -0.849199     0.522818
   -0.994427    0.0237912    -0.102705
   0.0747789    -0.527537    -0.846235
   -0.107077     -0.86329     0.493219
   -0.991375    0.0550026    -0.118955
   0.0755639    -0.501703    -0.861733
   -0.130303    -0.869374     0.476665
   -0.988256    0.0751774    -0.133039
    0.079826    -0.488402     -0.86896
   -0.129092    -0.874587     0.467368
   -0.989603    0.0834811     -0.11712
    0.063415    -0.477628     -0.87627
   -0.152934    -0.855034     0.495508
   -0.987695     0.148844   -0.0480024
   0.0327097     0.496751     0.867276
   -0.155177    -0.822293     0.547498
   -0.987395     0.146584   -0.0597015
    0.031162     0.549861     0.834675
    0.131589     0.916237     0.378409
    0.991253    -0.117717   -0.0596751
   0.0101315    -0.382952     0.923713
    -0.12935    -0.737163     0.663219
   -0.991596    0.0944024   -0.0884673
 -0.00260539     0.669088     0.743179
   -0.132759    -0.855942     0.499737
   -0.991014     0.106321   -0.0811654
  -0.0163404     0.506022     0.862366
     0.10482     0.626494    -0.772346
    0.993128   -0.0252871     0.114272
   0.0520603    -0.779016    -0.624839
   -0.110946    -0.538162    -0.835507
   -0.992504    0.0166362     0.121077
  -0.0512596     0.842677    -0.535974
  -0.0930363    -0.355594    -0.929998
   -0.992182   -0.0449234     0.116434
   -0.083182      0.93356    -0.348635
    0.105109     0.659499    -0.744321
     0.99358     -0.03815     0.106506
   0.0418448    -0.750737    -0.659275
  -0.0917731    -0.415476    -0.904963
   -0.992179   -0.0390698     0.118555
  -0.0846134     0.908765    -0.408641
  -0.0954158    -0.372366    -0.923168
   -0.992683   -0.0333563     0.116055
  -0.0740085     0.927486    -0.366458
   -0.112642    -0.607779    -0.786077
   -0.992347    0.0285369     0.120135
  -0.0505835     0.793594    -0.606342
   0.0948309     0.101857    -0.990269
    0.992105    0.0723355     0.102447
   0.0820665    -0.992166   -0.0941931
  -0.0967243     -0.89536     0.434713
   -0.991439    0.0481813     -0.12136
  -0.0877154      0.44273     0.892354
   -0.115049    -0.813953     0.569424
   -0.991695    0.0609428    -0.113252
  -0.0574798     0.577725     0.814205
    -0.13377    -0.879962     0.455821
   -0.990892     0.111589   -0.0753742
  -0.0154617     0.461752     0.886874
   -0.138469     -0.76883      0.62428
   -0.990168    0.0948501    -0.102813
   -0.019833     0.632379     0.774405
   -0.160472    -0.763292     0.625807
   -0.986768     0.138954     -0.08355
   0.0231853     0.630933      0.77549
   -0.157474    -0.725622     0.669832
   -0.987093     0.135682   -0.0850777
   0.0291501     0.674584     0.737622
     -0.1612     -0.61531    -0.771627
   -0.986777     0.113872     0.115343
   0.0168951     0.780017     -0.62553
   0.0694717      0.25162     -0.96533
    0.990946     0.094039    0.0958271
    0.114891    -0.963247    -0.242808
  -0.0736801    -0.824414     0.561171
    -0.99114  -0.00182125    -0.132809
   -0.110512     0.565984     0.816976
  -0.0553238    0.0249214    -0.998157
   -0.987118    -0.151674     0.050925
   -0.150126     0.988116    0.0329915
  -0.0521498    -0.349561    -0.935461
   -0.987828     -0.11941    0.0996898
   -0.146551     0.929273    -0.339079
   0.0575953     0.949299    -0.309055
     0.98672    -0.101224    -0.127035
    0.151878     0.297634     0.942522
  -0.0357418    0.0259765    -0.999023
    -0.98097    -0.191808    0.0301086
   -0.190839     0.981089    0.0323377
  -0.0392684    -0.931136     0.362552
   -0.980738   -0.0335631    -0.192424
   -0.191341     0.363125     0.911882
  -0.0204612    -0.313243     0.949452
   -0.974646     0.217891    0.0508824
   -0.222815    -0.924339     -0.30976
   0.0319263     0.959564     0.279674
    0.981994    0.0220126    -0.187625
    0.186195    -0.280629     0.941583
  -0.0150529    -0.622545     0.782439
    -0.97457     0.184111     0.127738
   -0.223578    -0.760619    -0.609485
 -0.00849661     -0.51122     0.859408
   -0.974449      0.19714     0.107635
   -0.224449    -0.836535    -0.499832
  -0.0381168    0.0190765    -0.999091
    -0.98033     -0.19447    0.0336878
   -0.193651     0.980723    0.0261138
  -0.0227157    -0.461419     0.886891
    -0.97525     0.205388    0.0818775
   -0.219937    -0.863081    -0.454665
  -0.0208072    -0.439096     0.898199
    -0.97555      0.20552    0.0778719
   -0.218791    -0.874618    -0.432636
   -0.035821    -0.434631    -0.899896
   -0.980513    -0.158763     0.115709
   -0.193161     0.886504    -0.420475
   0.0520222     -0.66522     0.744833
    0.985287   -0.0873957    -0.146871
    0.162797     0.741515     0.650887
   0.0540846     0.753215     0.655547
     0.98567    0.0647778     -0.15575
    0.159778    -0.654577     0.738919
    0.073514     0.721004     0.689021
    0.990084    0.0301646      -0.1372
    0.119706    -0.692275     0.711636
   0.0733679     0.663306    -0.744743
    0.990741    0.0370579     0.130608
    0.114232     -0.74743    -0.654445
   0.0741539     0.703363     0.706952
    0.989858    0.0342228    -0.137878
    0.121172    -0.710006     0.693692
   -0.012738    -0.899156     0.437443
    -0.98413    0.0887096     0.153684
   -0.176991    -0.428544    -0.886016
  -0.0277315    -0.956764     0.289539
   -0.987196    0.0717289     0.142472
    -0.15708    -0.281881    -0.946503
  -0.0390426    -0.892609     0.449138
   -0.984374     0.111597     0.136215
   -0.171709    -0.436802    -0.883018
  -0.0519495    -0.925386     0.375448
    -0.98803     0.102309     0.115456
   -0.145253    -0.364956    -0.919624
  -0.0467262    -0.977459     0.205888
   -0.990588    0.0718879     0.116476
   -0.128651    -0.198508    -0.971619
  -0.0638426    -0.859612     0.506944
   -0.986329   -0.0229785    -0.163179
   -0.151919     0.510431     0.846393
   -0.064895    -0.941209     0.331534
   -0.991156    0.0993335    0.0879925
   -0.115752    -0.322892    -0.939331
   -0.076732    -0.922153     0.379138
   -0.989693    0.0243305    -0.141122
   -0.120912     0.386059     0.914516
   0.0958619     0.990029    -0.103218
    0.991831    -0.103771   -0.0741864
   0.0841576     0.095263     0.991888
  -0.0554529    -0.945836     0.319875
    -0.99264    0.0867671    0.0844787
   -0.107658    -0.312836    -0.943686
  -0.0774821    -0.940742     0.330153
   -0.993696    0.0997798    0.0511079
  -0.0810219    -0.324112    -0.942543
  -0.0634477    -0.932819     0.354715
    -0.99556    0.0839225    0.0426214
  -0.0695266    -0.350436    -0.934003
   0.0806958     0.764902     0.639072
    0.989484    0.0157427    -0.143785
    0.120042    -0.643955     0.755587
   -0.097473    -0.858092      0.50416
   -0.991195    0.0380842    -0.126815
  -0.0896185     0.512081     0.854249
  -0.0552369    -0.599722      -0.7983
   -0.985737   -0.0945421     0.139231
   -0.158973     0.794604    -0.585946
   0.0346035     -0.08267    -0.995976
    0.980896     0.193699    0.0180017
    0.191431    -0.977572    0.0877933
  -0.0352781     0.528666    -0.848097
   -0.981787    -0.176853   -0.0694033
    -0.18668     0.830202     0.525276
   0.0173155     -0.14757      -0.9889
    0.978514     0.205733   -0.0135671
    0.205452    -0.967418     0.147961
  -0.0197573    -0.394507      0.91868
   -0.976743     0.203834    0.0665261
   -0.213503       -0.896    -0.389359
  -0.0140431    -0.990586    -0.136172
   -0.980351    0.0404388    -0.193071
    -0.19676    -0.130785      0.97169
  -0.0806883    -0.918461     0.387193
   -0.995389    0.0944649    0.0166483
   -0.051867    -0.384065    -0.921848
  -0.0909462    -0.899871     0.426569
   -0.994655     0.103114   0.00546047
  -0.0488989    -0.423792    -0.904439
   -0.105654     -0.89923     0.424526
   -0.994122      0.10567   -0.0235836
  -0.0236524    -0.424522    -0.905108
  -0.0962849    -0.922105     0.374768
   -0.994866     0.100937  -0.00724786
  -0.0311446    -0.373542     -0.92709
   -0.129775    -0.957268     0.258449
   -0.991304      0.13099   -0.0125897
  -0.0218027    -0.257835    -0.965943
   -0.118102    -0.890167     0.440062
   -0.992996     0.107406    -0.049232
 -0.00344072    -0.442794    -0.896617
   -0.134639    -0.915023     0.380271
    -0.99087     0.121633   -0.0581494
  0.00695457    -0.384628    -0.923045
   -0.107536    -0.924563     0.365539
   -0.994201      0.10001   -0.0395219
 -1.6928e-05    -0.367669    -0.929957
   -0.155749    -0.909036    -0.386519
   -0.987779     0.141008    0.0663981
  0.00585592    -0.392137     0.919888
   -0.137963    -0.990369   -0.0116099
   -0.990224     0.138167   -0.0191602
  -0.0205798  -0.00885296     0.999749
     0.11349     0.989944    0.0844409
    0.991606    -0.107561   -0.0717513
   0.0619472   -0.0918751     0.993842
    0.115253     0.959256    -0.257964
    0.992046    -0.124388   -0.0193184
   0.0506188     0.253686     0.965961
   -0.105647    -0.854679     0.508294
   -0.994273    0.0990835   -0.0400506
  -0.0161331    -0.509614    -0.860252
  -0.0970041    -0.904835     0.414565
   -0.994669     0.102771  -0.00843446
  -0.0349732    -0.413173    -0.909981
    0.100648      0.75846    -0.643901
    0.993884      -0.1062    0.0302592
    0.045432     0.643009      0.76451
  -0.0796455    -0.906922     0.413702
     -0.9953    0.0952868    0.0172746
   -0.055087    -0.410381    -0.910249
   0.0901767     0.993624   -0.0676778
    0.994325   -0.0936751   -0.0504281
   0.0564463    0.0627463     0.996432
  -0.0663713    -0.911314     0.406326
   -0.994891    0.0914867    0.0426773
  -0.0760658    -0.401418    -0.912731
  -0.0573105     -0.92994     0.363217
   -0.995577     0.080364    0.0486669
  -0.0744469    -0.358822    -0.930433
   0.0740849   -0.0728329    -0.994589
    0.994536    0.0789514    0.0682994
   0.0735497    -0.994214     0.078284
  -0.0498854     -0.93319     0.355904
   -0.994227     0.080292    0.0711718
   -0.094993    -0.350299    -0.931809
  -0.0371584    -0.945021     0.324892
   -0.992208    0.0735799     0.100543
   -0.118921    -0.318624    -0.940392
  -0.0351077    -0.924168     0.380368
   -0.992981    0.0752703    0.0912304
   -0.112943    -0.374496    -0.920324
  -0.0252397    -0.967471     0.251719
   -0.989386    0.0602194     0.132246
   -0.143102     -0.24571    -0.958722
  -0.0223096    -0.924161     0.381351
   -0.991187    0.0702682     0.112301
   -0.130581    -0.375485    -0.917584
 -0.00226446    -0.948148     0.317822
   -0.988287    0.0506192     0.143969
   -0.152592    -0.313774    -0.937156
 -0.00664525    -0.950394     0.310976
   -0.986293    0.0575025     0.154661
   -0.164871    -0.305686    -0.937749
  -0.0165162    -0.951851    -0.306114
   -0.991607    0.0548563    -0.117072
   -0.128228    -0.301612     0.944769
  0.00120594    -0.942978     0.332853
   -0.990258    0.0452203     0.131698
    -0.13924    -0.329769    -0.933737
 0.000526769     -0.97788    -0.209165
   -0.991464    0.0267595    -0.127602
   -0.130376    -0.207447     0.969519
   0.0299186     0.993896    -0.106183
    0.992226     -0.04237    -0.117018
    0.120803     0.101857     0.987437
  -0.0446702    -0.952539    -0.301122
   -0.993236    0.0746845   -0.0889069
   -0.107176    -0.295113     0.949432
   0.0582988     0.980808     0.186058
    0.992051   -0.0360999    -0.120545
    0.111515    -0.191607     0.975116
  -0.0624779    -0.947872    -0.312467
   -0.993717    0.0882106   -0.0688939
  -0.0928655    -0.306199     0.947427
  -0.0560533    -0.953396      0.29647
   -0.994143    0.0807767    0.0718022
  -0.0924038    -0.290709    -0.952339
   0.0350569      -0.8805    -0.472749
    0.991863    -0.027275     0.124352
    0.122386     0.473262    -0.872379
   0.0051404     -0.99712   -0.0756661
     0.99229   -0.0042839     0.123864
    0.123832    0.0757194     -0.98941
    0.436739     0.855112    -0.279361
    0.889284    -0.363522     0.277536
   -0.135771     0.369642     0.919202
   -0.462711     -0.53359    -0.707941
   -0.877299     0.390425     0.279132
    0.127456     0.750233    -0.648772
   -0.441973    -0.372615    -0.815976
   -0.891102     0.286769     0.351712
    0.102943     0.882565    -0.458782
   -0.468135    -0.464979    -0.751428
   -0.878005     0.340782     0.336117
   0.0997857     0.817106    -0.567786
   -0.488142    -0.301108    -0.819178
   -0.863455     0.303337     0.403028
    0.127132     0.904058    -0.408064
    0.447988       0.1629    -0.879074
    0.890245    -0.171773      0.42185
   -0.082282    -0.971575    -0.221973
    0.488086     0.118762    -0.864678
    0.866396    -0.185673     0.463555
   -0.105494    -0.975408     -0.19352
    0.466961     0.189051    -0.863833
    0.879991    -0.195429     0.432925
  -0.0869728    -0.962324    -0.257621
    -0.47897    0.0118083    -0.877752
   -0.872247     0.106198     0.477395
   0.0988524     0.994275   -0.0405658
    -0.51121    -0.318305     -0.79834
   -0.848915     0.332043     0.411207
    0.134194     0.887935    -0.439958
    0.501871    -0.173029    -0.847459
    0.856697    -0.035526     0.514595
   -0.119147    -0.984276     0.130404
    0.524933   -0.0977462    -0.845513
    0.838699    -0.109846     0.533402
   -0.145014    -0.989131    0.0243179
     -0.4457    -0.386859    -0.807274
   -0.892238     0.265059     0.365589
   0.0725438     0.883224    -0.463307
   -0.457345    -0.516462    -0.723949
   -0.885359     0.340884     0.316128
    0.083515     0.785534    -0.613156
   -0.440497    -0.295915    -0.847583
   -0.894763     0.221713     0.387611
   0.0732207     0.929127    -0.362438
    0.428332     0.198366     -0.88158
     0.90126    -0.164273      0.40093
  -0.0652889    -0.966264    -0.249142
   -0.425429    -0.373478    -0.824333
    -0.90234     0.244738     0.354805
   0.0692338     0.894772    -0.441123
   -0.403199    -0.317932    -0.858108
   -0.913109     0.201782     0.354282
   0.0605137     0.926393    -0.371665
    0.388537   -0.0919372    -0.916835
    0.919114   -0.0318856       0.3927
  -0.0653375    -0.995254     0.072112
    -0.41852    -0.222846    -0.880443
   -0.904676     0.187699     0.382531
   0.0800132     0.956613    -0.280159
    0.379115   -0.0962735    -0.920328
    0.921803   -0.0476945     0.384713
  -0.0809322    -0.994212    0.0706636
    0.365485    -0.137542    -0.920599
    0.928666   -0.0133178     0.370678
   -0.063244    -0.990406     0.122863
    0.344954    -0.211496    -0.914481
    0.935686  0.000519443     0.352832
  -0.0741477    -0.977379     0.198073
   -0.325137     0.434951    -0.839704
   -0.943236   -0.0855332      0.32092
   0.0677621     0.896382     0.438072
    0.404006    -0.167051    -0.899373
    0.907992   -0.0461111     0.416443
   -0.111038    -0.984869     0.133052
   -0.526327     0.368733    -0.766169
   -0.835453   -0.0567143     0.546628
    0.158107     0.927804     0.337909
    0.505492    -0.254435    -0.824464
    0.852181  -0.00245246     0.523242
   -0.135153    -0.967087     0.215585
   -0.501847     0.438105    -0.745797
   -0.851672   -0.0997481     0.514495
    0.151011     0.893372      0.42318
    -0.52417     0.389231    -0.757459
   -0.833146   -0.0501528     0.550775
     0.17639     0.919774     0.350575
    0.479823    -0.226792    -0.847546
    0.868627   -0.0132049     0.495291
    -0.12352    -0.973854     0.190662
   -0.495158     0.566498     -0.65871
   -0.852366    -0.169974     0.494552
    0.168199     0.806343     0.567027
   -0.473085     0.499187     -0.72595
   -0.869681    -0.132845     0.475402
    0.140876      0.85625     0.496981
    0.465867    -0.256225    -0.846946
    0.870392   -0.0396515     0.490759
   -0.159327    -0.965804     0.204544
    -0.51624     0.496551    -0.697807
   -0.833909    -0.105755     0.541675
    0.195173     0.861541     0.468673
   -0.487374     0.501417    -0.714876
    -0.85278   -0.0973336     0.513121
    0.187706     0.859714     0.475036
    0.510303     -0.34051    -0.789711
    0.831788   -0.0378287     0.553803
   -0.218449    -0.939479     0.263928
    0.456614     0.836553    -0.302791
    0.881472    -0.379316     0.281296
   -0.120465     0.395345     0.910599
   -0.448958     0.596544    -0.665261
   -0.883239    -0.183478     0.431537
     0.13537     0.781326     0.609265
    0.434905    -0.309561    -0.845595
    0.893192    0.0290989     0.448732
   -0.114304    -0.950434     0.289153
    0.440812     0.124766    -0.888886
    0.891501    -0.176096     0.417392
   -0.104454    -0.976434    -0.188854
    0.461502     0.866612    -0.189737
     0.88061    -0.421605     0.216277
   -0.107434     0.266897     0.957718
   -0.445742     -0.52232    -0.726977
   -0.890376      0.34256     0.299806
   0.0924392     0.780919    -0.617754
   -0.462111    -0.547273    -0.697814
   -0.881675     0.368171     0.295125
    0.095401     0.751626    -0.652654
    0.483911    -0.342186    -0.805443
    0.867989    0.0704428     0.491561
   -0.111468    -0.936988     0.331102
    0.447607    0.0437539    -0.893159
    0.890495    -0.113012     0.440735
  -0.0816535     -0.99263   -0.0895474
   -0.416902    -0.833749     0.362016
   -0.907855     0.401504    -0.120804
    0.044631     0.379022     0.924311
   -0.417915    -0.700339     0.578682
    -0.90688     0.359454    -0.219912
   0.0539967     0.616699     0.785345
    -0.41816     -0.74594     0.518379
   -0.906079     0.383056    -0.179693
   0.0645283     0.544832     0.836059
   -0.418482    -0.506108     -0.75414
   -0.905727     0.294094     0.305232
   0.0673083     0.810779    -0.581469
   -0.418246    -0.730575      0.53975
   -0.906382     0.374603    -0.195303
   0.0595088     0.570905     0.818857
   -0.423365    -0.434036     -0.79522
   -0.903056     0.272396       0.3321
   0.0724714     0.858728    -0.507282
   -0.418564    -0.357962    -0.834666
   -0.905648     0.233195     0.354149
   0.0678685     0.904148    -0.421794
   -0.421611    -0.399133    -0.814209
   -0.904194     0.252779     0.344292
   0.0683965      0.88136    -0.467468
   -0.415719    -0.364027    -0.833464
   -0.907097     0.232428     0.350929
   0.0659728     0.901921    -0.426832
   -0.416464    -0.678104     0.605585
   -0.906887     0.356844    -0.224094
   0.0641403     0.642524     0.763576
   -0.410138     -0.43984    -0.798954
   -0.909448      0.26302     0.322062
   0.0684846     0.858697    -0.507887
   -0.407193    -0.626851    -0.664268
    -0.91071      0.33384     0.243226
   0.0692928     0.703995    -0.706817
    0.431512     0.234266    -0.871158
    0.899169    -0.189576     0.394407
  -0.0727553     -0.95351    -0.292449
    0.426058     0.269852    -0.863513
    0.902325    -0.195804     0.384018
  -0.0654516    -0.942783    -0.326918
   -0.433557    -0.534476    -0.725509
   -0.897518     0.328097     0.294641
   0.0805588     0.778901    -0.621951
   -0.428641    -0.532131     -0.73014
   -0.899235     0.329482     0.287782
   0.0874303     0.779922     -0.61974
   -0.421398    -0.522461    -0.741255
   -0.903675     0.310527     0.294863
   0.0761253     0.794108    -0.602991
    0.417845      0.84374     0.336911
    0.905314    -0.417803   -0.0764716
  -0.0762403    -0.336964     0.938426
    0.423415     0.802142     0.421056
    0.901139    -0.420685    -0.104752
  -0.0931056    -0.423783     0.900966
   -0.416068    -0.829751     0.372021
   -0.907341     0.405888    -0.109483
   0.0601552     0.383103     0.921745
   -0.396967    -0.592203    -0.701222
   -0.914808      0.31726     0.249944
   0.0744524     0.740704    -0.667694
     -0.3962    -0.510541    -0.763134
   -0.915565     0.282183     0.286556
   0.0690449     0.812232    -0.579234
   -0.377027    -0.607109    -0.699478
   -0.923241     0.306689     0.231448
    0.074008     0.733049    -0.676138
   -0.376218    -0.611578    -0.696012
   -0.922705     0.315502     0.221525
   0.0841137     0.725556    -0.683004
   -0.374971    -0.527624     -0.76224
   -0.925046     0.266811     0.270373
    0.060719     0.806489    -0.588123
   -0.343299    -0.541492    -0.767419
     -0.9358     0.266925     0.230281
   0.0801478     0.797206    -0.598363
   -0.339884    -0.388915    -0.856285
   -0.937949     0.206759     0.278392
   0.0687736     0.897773    -0.435056
   -0.302957    0.0260368    -0.952648
   -0.949676    0.0752162     0.304068
   0.0795715     0.996827   0.00193927
   -0.346353    -0.584537    -0.733728
   -0.933202     0.294545      0.20586
   0.0957831     0.756016    -0.647507
    0.302384     0.104701    -0.947418
    0.948517    -0.131314     0.288223
  -0.0942324    -0.985796    -0.139018
    0.309332     0.154771    -0.938275
    0.944501    -0.164757     0.284207
     -0.1106    -0.974115    -0.197146
    -0.34766    -0.307143    -0.885887
   -0.935586     0.175845     0.306197
   0.0617323     0.935276    -0.348493
    0.312237   -0.0802745    -0.946607
    0.947463   -0.0465207     0.316465
  -0.0694409    -0.995687    0.0615317
    0.385887     0.215581    -0.897004
    0.920771    -0.150291     0.359991
  -0.0572042    -0.964851    -0.256496
   -0.410574    -0.493483    -0.766749
   -0.909839     0.277226     0.308771
   0.0601891     0.824391    -0.562812
   -0.401631    -0.480691    -0.779506
   -0.913687     0.268138     0.305416
   0.0622042     0.834888    -0.546893
    0.506852    -0.281323    -0.814836
    0.829209   -0.0992454     0.550057
   -0.235613    -0.954467     0.182973
   -0.483993     0.555316    -0.676295
   -0.851014     -0.11872     0.511548
    0.203781     0.823122     0.530041
    -0.48272    -0.370337     -0.79362
   -0.849125     0.419765       0.3206
    0.214404     0.828642    -0.517092
    0.508237    -0.135598    -0.850475
    0.824011    -0.210561     0.525994
   -0.250401    -0.968131   0.00471952
    0.454622   -0.0889528    -0.886232
    0.873059    -0.152459     0.463167
   -0.176314    -0.984299   0.00834995
    -0.48906    -0.292512     -0.82174
   -0.842896     0.400834     0.358968
    0.224379     0.868199    -0.442589
   -0.460003    -0.324327    -0.826565
   -0.870665     0.347374     0.348244
    0.174182     0.879854    -0.442173
   -0.467391    -0.269859    -0.841856
   -0.866235     0.330011      0.37514
    0.176587     0.904582    -0.388005
    0.510635     0.214944    -0.832497
    0.818637     -0.41754     0.394327
   -0.262843     -0.88287    -0.389172
   -0.488601    -0.720093     0.492682
   -0.841663     0.537809   -0.0486413
    0.229942     0.438438     0.868849
    0.512271    -0.364851    -0.777472
    0.812321   -0.0880058     0.576533
    -0.27877    -0.926898     0.251293
   -0.439804     -0.37761    -0.814851
   -0.888321     0.316394     0.332838
    0.132131     0.870233     -0.47459
    0.444622     0.205782     -0.87176
    0.885941     -0.24444     0.394154
   -0.131983    -0.947578    -0.290994
   -0.429072    -0.485277    -0.761842
   -0.899111     0.310303     0.308726
   0.0865848     0.817446     -0.56946
   -0.427934    -0.532121    -0.730561
   -0.899038     0.333571     0.283657
   0.0927543     0.778189    -0.621143
    0.440643    -0.253295    -0.861206
    0.885446   -0.0352199     0.463405
    -0.14771    -0.966748      0.20876
    0.428859     0.332935    -0.839783
    0.895996    -0.275311     0.348417
   -0.115201    -0.901864    -0.416378
   -0.441215    -0.652262    -0.616347
   -0.885933     0.207143     0.414987
    0.143009    -0.729141     0.669255
   -0.460011     0.476547    -0.749195
   -0.871017   -0.0783698     0.484961
    0.172392     0.875649     0.451131
    0.429359     0.844316     0.320595
    0.895686     -0.44358   -0.0313455
   -0.115744    -0.300611     0.946698
     0.49942     0.812026     0.301984
    0.819225    -0.556037     0.140336
    -0.28187    -0.177306     0.942927
    0.478838     0.865793     0.145316
    0.847656    -0.499038     0.180112
   -0.228458   -0.0369339     0.972853
    0.457684     0.832798     0.311405
    0.857872     -0.50566    0.0914513
   -0.233625     -0.22529     0.945867
   -0.478311    -0.877988    0.0188383
   -0.827003     0.457545     0.326678
    0.295439    -0.140675     0.944948
   -0.438557    -0.677077    -0.590961
   -0.881158     0.194653     0.430896
    0.176718    -0.709702     0.681978
    0.430163     0.899004   -0.0821739
    0.868412    -0.387215     0.309718
   -0.246619      0.20459     0.947271
    0.426319     0.874388    -0.231727
    0.886419    -0.352759     0.299702
   -0.180312     0.333177     0.925463
    0.392337     0.872283     -0.29188
    0.899982    -0.298485      0.31771
   -0.190011     0.387336     0.902146
    0.457538     0.886151   -0.0734573
    0.836284    -0.400773      0.37418
   -0.302141     0.232633     0.924442
    0.406123     0.883457    -0.233598
    0.879713     -0.30879       0.3616
   -0.247325     0.352353     0.902595
    0.425621     0.900845   -0.0855825
    0.851617    -0.366789     0.374452
   -0.305933     0.232258     0.923288
   -0.409703    -0.733303    -0.542595
   -0.903526      0.24429     0.352083
    0.125633    -0.634499     0.762645
   -0.375264    -0.839281    -0.393425
   -0.917768     0.276941     0.284613
    0.129915    -0.467879     0.874192
   -0.372083     -0.80089    -0.469179
   -0.924977      0.27785     0.259264
   0.0772812    -0.530448     0.844188
   -0.398172    -0.724017    -0.563257
   -0.914571     0.265912     0.304714
    0.070841    -0.636467     0.768044
   -0.437138    -0.733098    -0.521036
   -0.890656     0.272292     0.364127
    0.125067    -0.623237     0.771967
   -0.421876    -0.671226    -0.609489
   -0.904027     0.260292     0.339092
   0.0689623    -0.694049     0.716617
    0.444875    -0.487333    -0.751394
     0.88698     0.123676     0.444938
   -0.123903    -0.864414     0.487275
    0.455255    -0.225317     -0.86138
    0.873446   -0.0746635     0.481163
   -0.172728     -0.97142     0.162811
   -0.428207     0.406399    -0.807142
   -0.900769    -0.120305     0.417304
   0.0724883     0.905741     0.417587
   -0.381029    -0.758423    -0.528783
   -0.924355     0.324624     0.200467
  -0.0196171    -0.565167     0.824743
   -0.396238     0.556263    -0.730457
    -0.91733    -0.273423     0.289389
  -0.0387478     0.784736     0.618617
   -0.393464     0.555984    -0.732167
   -0.919034    -0.258404     0.297663
  -0.0236996     0.790006     0.612641
   -0.407434     0.591877     -0.69547
   -0.912759    -0.288496     0.289207
   -0.029465      0.75263     0.657784
   -0.408739    -0.638363    -0.652247
   -0.911701     0.318196     0.259907
  -0.0416277    -0.700888     0.712055
   -0.408352    -0.666786    -0.623414
   -0.912804     0.302838     0.274002
 -0.00609249    -0.680944      0.73231
    0.413145     0.266556    -0.870781
    0.910422   -0.0987965      0.40171
   0.0210479    -0.958743    -0.283495
    0.415598    -0.248753    -0.874872
    0.909544     0.110658     0.400605
 -0.00283976    -0.962225     0.272241
   -0.415844    -0.601227    -0.682349
   -0.909367     0.284151     0.303826
   0.0112218      0.74685    -0.664898
   -0.417835    -0.777237    -0.470444
   -0.907654     0.379751     0.178754
  -0.0397175     -0.50169     0.864135
   -0.415685     -0.68004     0.603947
   -0.909414      0.30117    -0.286816
  -0.0131557     0.668463     0.743629
   -0.421572    -0.431711    -0.797435
   -0.906229     0.169526      0.38731
  -0.0320198     0.885938    -0.462697
    0.418455     0.814549     0.401752
    0.907577    -0.391884    -0.150768
  -0.0346325     -0.42771     0.903252
   -0.420043    -0.427761    -0.800365
   -0.906579     0.237593     0.348803
   0.0409573     0.872107    -0.487598
   -0.412449    -0.839118    -0.354635
   -0.910672     0.369651     0.184484
   0.0237126    -0.399047     0.916624
   -0.395465    -0.698912    -0.595928
   -0.918073     0.281465      0.27914
   0.0273612    -0.657495     0.752962
   -0.395358     0.513903    -0.761312
   -0.918511    -0.226084     0.324381
 -0.00541998      0.82752      0.56141
   -0.369157     0.571078    -0.733208
   -0.929319    -0.218813     0.297467
  0.00944149     0.791196      0.61149
   -0.371238     0.577452    -0.727139
   -0.927871    -0.201029     0.314074
   0.0351867     0.791288     0.610431
   -0.377199    -0.704123    -0.601608
   -0.926045     0.295658     0.234577
  -0.0126991    -0.645598     0.763572
   -0.422225    -0.627736    -0.653968
   -0.906425     0.283661     0.312938
  -0.0109372     0.724903    -0.688765
   -0.417012    -0.648898     0.636422
   -0.908894     0.300589    -0.289066
  0.00372688     0.698983     0.715128
   -0.414344    -0.623758    -0.662756
   -0.909532     0.309978     0.276886
     0.03273     0.717523    -0.695765
   -0.420832    -0.426542    -0.800601
   -0.907048     0.210341      0.36472
   0.0128306     0.879669    -0.475413
    -0.41166    -0.465699    -0.783364
   -0.909601     0.263002     0.321647
    0.056236     0.844958    -0.531868
    -0.41536    -0.833824     0.363611
   -0.908331     0.401753    -0.116315
   0.0490954     0.378592     0.924261
    0.415182     0.839404     0.350748
     0.90711    -0.411261   -0.0895274
  -0.0690996    -0.355337     0.932181
   -0.419661    -0.684051     0.596623
   -0.907172     0.338095     -0.25046
   0.0303876     0.646348     0.762437
    0.420512     0.804188     0.420061
    0.902675    -0.417454    -0.104448
  -0.0913601      -0.4231     0.901465
   -0.417294    -0.747134     0.517355
   -0.904787     0.394818    -0.159621
   0.0850028     0.534705     0.840753
   -0.417826    -0.645553     0.639283
   -0.906525     0.342923    -0.246205
   0.0602863     0.682396     0.728492
    -0.41547    -0.596786    -0.686463
   -0.909171     0.295804     0.293099
   0.0281412     0.745887    -0.665478
    0.649293   -0.0204257    -0.760264
    0.612019     -0.57941     0.538253
   -0.451499     -0.81478    -0.363706
    0.654867      0.24863    -0.713675
    0.605085    -0.738278     0.298024
   -0.452793       -0.627    -0.633916
    0.654311     -0.17112    -0.736611
     0.63299    -0.409022     0.657286
   -0.413765    -0.896336    -0.159311
   -0.661284    -0.545752     0.514645
   -0.624321     0.780745    0.0257256
    0.415846     0.304291     0.857017
    0.666022     0.180757      -0.7237
    0.598036    -0.709266     0.373222
   -0.445833    -0.681372    -0.580486
    0.646121     0.236712      -0.7256
    0.667999    -0.635257      0.38759
   -0.369195     -0.73513    -0.568576
   -0.665643    -0.430726    -0.609421
   -0.622634     0.770719     0.135347
    0.411395     0.469539    -0.781209
     0.65353      0.64941      -0.3888
     0.66116    -0.239734     0.710911
