   0.0199189    -0.904418     0.426181
    -0.99862   -0.0387125   -0.0354799
   0.0485872    -0.424887    -0.903942
  -0.0198023    -0.887159     0.461039
   -0.998652  -0.00457346   -0.0516941
   0.0479694    -0.461442    -0.885873
   -0.072851    -0.872187     0.483717
   -0.996677    0.0459502   -0.0672536
   0.0364308    -0.487009    -0.872637
   -0.104569     -0.86762     0.486107
   -0.993589    0.0700253   -0.0887523
   0.0429635    -0.492272    -0.869381
   -0.147281    -0.945773     0.289521
   -0.987646      0.12479   -0.0947732
   0.0535046    -0.299903    -0.952468
     0.13817     0.990046    -0.026785
    0.989934    -0.137217    0.0346611
  -0.0306407    0.0313045      0.99904
   -0.167197    -0.478382    -0.862088
   -0.985354     0.110792     0.129624
   0.0335029     0.871135      -0.4899
   -0.166116    -0.894793     0.414428
   -0.985191     0.132492    -0.108832
   0.0424738     -0.42637    -0.903551
   -0.168948    -0.848663    -0.501225
   -0.985444     0.135704     0.102393
   0.0188793    -0.511229     0.859237
   -0.166251    -0.873281     0.457975
   -0.985361     0.129354    -0.111044
   0.0377319    -0.469732    -0.882002
   -0.163949    -0.778171    -0.606275
   -0.986459     0.131994    0.0973418
 -0.00427581    -0.614025     0.789275
   -0.160823    -0.878145     0.450551
   -0.986614     0.130543   -0.0977337
    0.027008    -0.460238    -0.887385
    0.166466     0.979524    -0.113231
    0.969821    -0.141897     0.198271
   -0.178144     0.142819     0.973585
    0.216034     0.972773   -0.0839139
    0.952366    -0.190994      0.23774
    -0.21524     0.131277     0.967697
   -0.172009    -0.917173    -0.359454
   -0.966468    0.0864966     0.241781
    0.190663    -0.388989     0.901296
   -0.217154     -0.70469    -0.675467
   -0.951363  -0.00212162     0.308064
    0.218523    -0.709512     0.669956
    0.249465     0.962361     0.107837
    0.939789    -0.267454     0.212758
   -0.233591   -0.0482685     0.971136
   -0.187322    -0.865608    -0.464364
   -0.962833    0.0681554     0.261356
    0.194583    -0.496063     0.846203
     0.24568     0.942012    -0.228593
    0.941437    -0.175691     0.287799
   -0.230948     0.285912     0.930009
     -0.2214    -0.872115    -0.436345
   -0.951553    0.0952984     0.292344
    0.213375    -0.479931     0.850963
   -0.238156     0.537303    -0.809066
   -0.946381    0.0588382      0.31765
    0.218278     0.841334     0.494481
   -0.263225    -0.806356    -0.529625
   -0.934498    0.0767497     0.347596
    0.239638    -0.586429     0.773741
   -0.256293    -0.536663    -0.803932
   -0.938919     0.335835    0.0751408
    0.229663     0.774085    -0.589955
    0.264359     0.635939    -0.725049
     0.93619    -0.349792    0.0345409
    -0.23165    -0.687915     -0.68783
   -0.190317    -0.880588    -0.433987
    -0.96269    0.0807769     0.258269
    0.192373    -0.466948     0.863106
   -0.213458    -0.828654    -0.517463
   -0.955968    0.0679755     0.285491
    0.201399    -0.555619     0.806676
   -0.182137    -0.862382     -0.47236
   -0.966818    0.0695506     0.245818
    0.179136    -0.501459     0.846434
   -0.141023    -0.872491    -0.467837
   -0.976377      0.04443     0.211456
    0.163707    -0.486605     0.858146
    0.140853      0.94745    -0.287226
    0.975383   -0.0830801     0.204269
   -0.169672     0.308927     0.935829
   0.0966159     0.979181    -0.178521
    0.984884   -0.0681456     0.159245
   -0.143765     0.191208     0.970964
    -0.09468    -0.995325   -0.0190994
   -0.985243    0.0909385     0.145006
    0.142592   -0.0325467     0.989246
   -0.132391    -0.938878    -0.317775
    -0.97663    0.0687972     0.203618
     0.16931    -0.337305     0.926045
   0.0851461     0.989576     0.116146
    0.987202   -0.0995636     0.124578
   -0.134844    -0.104052     0.985388
    0.039309     0.952362    -0.302426
    0.992401  -0.00189383     0.123027
   -0.116594     0.304964       0.9452
   0.0360618     0.998167    0.0485994
     0.99355   -0.0410417     0.105707
   -0.107508   -0.0444739     0.993209
 -0.00778171    -0.994752    -0.102022
    0.996095    0.0012613    -0.088275
  -0.0879404     0.102311    -0.990858
    0.129669      0.99079   -0.0389916
    0.979109     -0.12173      0.16287
   -0.156624    0.0592963     0.985877
   -0.248764    -0.539458    -0.804426
   -0.946071     0.313286    0.0824728
    0.207525      0.78156      -0.5883
   -0.249569    -0.466141     -0.84878
    -0.94536      0.30717     0.109272
    0.209784     0.829674    -0.517331
    0.228524     0.259509    -0.938313
     0.95704    -0.236568     0.167658
   -0.178466    -0.936318    -0.302422
   -0.221329    -0.340077    -0.913981
   -0.959707     0.242352     0.142227
    0.173137     0.908633    -0.380013
   -0.232627    -0.363291    -0.902167
   -0.955837     0.256713     0.143091
    0.179614     0.895611    -0.406965
   -0.204376    -0.460544    -0.863788
   -0.968301     0.224569     0.109371
     0.14361      0.85876    -0.491841
    0.207569     0.125443    -0.970144
     0.96763    -0.171863     0.184809
   -0.143549    -0.977102    -0.157056
   -0.182413    -0.479457    -0.858397
   -0.978185     0.176754     0.109143
   0.0993955     0.859581     -0.50124
    0.187051     0.247465     -0.95067
    0.973339    -0.177467     0.145316
   -0.132752    -0.952506    -0.274062
   -0.169284    -0.568653     -0.80497
   -0.981003     0.175739    0.0821569
   0.0947458     0.803585      -0.5876
   -0.155015    -0.376462    -0.913371
   -0.983689     0.144218     0.107507
   0.0912524     0.915138    -0.392677
   -0.214535    -0.532795    -0.818599
   -0.966891     0.234434     0.100814
    0.138194     0.813124    -0.565448
    -0.19308    -0.653202     0.732153
   -0.976785     0.198534   -0.0804683
    0.092795     0.730693     0.676371
   -0.202895    -0.398369    -0.894503
   -0.975339     0.163264     0.148521
   0.0868734     0.902578    -0.421671
   -0.216128    -0.362541    -0.906561
    -0.96791     0.201489     0.150177
    0.128216     0.909927    -0.394454
   -0.231614     -0.30112    -0.925031
   -0.957073     0.240869     0.161228
    0.174262     0.922664    -0.343982
    0.223465     0.205222    -0.952863
    0.961671    -0.205795     0.181208
   -0.158907    -0.956834    -0.243344
   -0.235155    -0.487187    -0.841041
   -0.952029     0.289781    0.0983264
    0.195814     0.823818     -0.53196
   -0.245514    -0.550937    -0.797616
   -0.947272      0.31112    0.0766795
    0.205909     0.774386    -0.598271
    0.215172     0.197762    -0.956343
    0.960256     -0.22113     0.170325
   -0.177792    -0.954983    -0.237483
   -0.183296    -0.918036     0.351585
   -0.981497     0.150754    -0.118056
   0.0553771    -0.366718    -0.928682
   -0.183754    -0.909239     0.373523
   -0.980124     0.140571    -0.139988
   0.0747761    -0.391822    -0.916997
   -0.194649    -0.844763    -0.498485
   -0.975247     0.112324     0.190463
    0.104904    -0.523219     0.845717
   -0.167623    -0.900329     0.401634
   -0.983179     0.122689    -0.135304
   0.0725419    -0.417558     -0.90575
   -0.165305    -0.928664     0.332051
   -0.980539     0.118597    -0.156456
    0.105915    -0.351452    -0.930195
    0.137919     0.968267    -0.208418
    0.985014    -0.112088     0.131089
   -0.103568     0.223374     0.969215
   -0.130199    -0.917013     0.377007
   -0.989422    0.0956357    -0.109076
    0.063969    -0.387221    -0.919765
    0.190219     0.279882    -0.941001
    0.969987    -0.201458     0.136159
   -0.151464    -0.938659    -0.309804
   -0.148505    -0.754447    -0.639341
   -0.977891    0.0157836     0.208518
    0.147225    -0.656172     0.740111
    0.210465     0.256022    -0.943481
    0.967584    -0.192357     0.163644
   -0.139589    -0.947339    -0.288207
   -0.216761    -0.427544    -0.877622
   -0.969825     0.197076     0.143526
    0.111594     0.882251    -0.457361
   -0.209659    -0.449603    -0.868274
   -0.974006     0.173928     0.145127
   0.0857679     0.876131    -0.474381
   -0.208678    -0.292585    -0.933192
   -0.976482     0.115196     0.182241
   0.0541792     0.949275    -0.309744
   -0.208743    -0.285843    -0.935265
   -0.975048     0.134711      0.17645
   0.0755537     0.948761     -0.30683
   -0.188812     -0.85419     0.484469
   -0.981573     0.149399    -0.119136
   0.0293855    -0.498036    -0.866658
   -0.092594    -0.891788     0.442878
   -0.994134    0.0578286   -0.0914022
   0.0559003    -0.448743    -0.891911
  -0.0396358    -0.912403      0.40737
   -0.998016    0.0161877   -0.0608475
    0.048923    -0.408973    -0.911234
  -0.0524328    -0.942524     0.329999
   -0.995085     0.021514   -0.0966597
   0.0840045    -0.333445    -0.939019
   0.0154922     -0.88262     0.469831
   -0.998939    -0.034048   -0.0310232
   0.0433785    -0.468852    -0.882211
 -0.00151352    -0.724796     0.688962
   -0.997581   -0.0467871    -0.051412
   0.0694977    -0.687374    -0.722971
   0.0474017     -0.70331     0.709301
   -0.997349   -0.0725716  -0.00530706
   0.0552076    -0.707169    -0.704886
    0.057043    -0.906788     0.417709
   -0.997543   -0.0688079   -0.0131464
   0.0406626    -0.415933    -0.908486
  0.00412358    -0.986376    -0.164453
    0.996086    0.0185711   -0.0864112
   -0.088288     0.163454    -0.982593
   0.0450378     0.998455    0.0325419
    -0.99712    0.0469198   -0.0595902
    0.061025    0.0297643    -0.997692
   0.0520164     0.984845    -0.165452
    0.992439    -0.032535     0.118349
   -0.111173     0.170358     0.979091
    0.116719     0.966896     -0.22691
    0.984756   -0.0830008     0.152862
   -0.128968     0.241293     0.961845
   -0.103927     -0.97312     0.205517
   -0.989588    0.0804864    -0.119321
    0.099572    -0.215778    -0.971352
   -0.121179    -0.444573    -0.887508
   -0.991867    0.0893042    0.0906933
   0.0389384      0.89128    -0.451779
   -0.125947    -0.499692    -0.856998
   -0.991112     0.100671    0.0869584
   0.0428225     0.860333     -0.50793
   0.0878934      0.20253    -0.975324
    0.996081  -0.00817487    0.0880664
  0.00986299    -0.979242    -0.202455
   0.0826336      0.24311    -0.966473
     0.99652   -0.0095541    0.0827994
   0.0108956    -0.969952    -0.243053
   0.0976231     0.164129    -0.981596
    0.995183  -0.00722114     0.097767
  0.00895812    -0.986413    -0.164043
   0.0599763     0.968848     0.240282
    0.995924   -0.0418336   -0.0799123
    0.067371    -0.244095     0.967408
    0.056487    -0.920305     0.387103
    0.995282    0.0212698   -0.0946667
   0.0788886     0.390624     0.917164
   0.0405303    -0.540402      0.84043
    0.992528    -0.075105   -0.0961584
    0.115085     0.838048      0.53332
  -0.0593622     0.303138    -0.951096
   -0.996497   -0.0742131    0.0385423
  -0.0589002     0.950052     0.306482
   0.0395589    -0.742987     0.668136
    0.992895   -0.0458719    -0.109798
    0.112227     0.667732     0.735893
   -0.045788     0.296634    -0.953893
   -0.994094    -0.107579    0.0142637
  -0.0983874     0.948912     0.299808
   0.0685318    -0.888052     0.454606
    0.994486    0.0245553    -0.101951
    0.079375     0.459086     0.884839
   0.0374527    -0.923357    -0.382113
    0.991356   -0.0137815      0.13047
    0.125736     0.383696    -0.914859
   0.0509839     0.731486     0.679947
    0.990951    0.0475899    -0.125501
    0.124161    -0.680193     0.722441
   0.0968336     0.963406     0.249946
    0.992654   -0.0751787   -0.0947993
   0.0725396    -0.257289     0.963608
     0.11846     0.973314     0.196537
    0.992749    -0.112019   -0.0436109
   0.0204312    -0.200278     0.979526
   -0.136956    -0.849446     0.509592
   -0.990345      0.10627   -0.0890178
  -0.0214613     0.516864     0.855799
   -0.155175    -0.592988    -0.790118
   -0.987076     0.125479     0.099683
   0.0400326     0.795374    -0.604795
   -0.139362    -0.830042     0.540008
     -0.9895      0.13783   -0.0435083
   0.0383153     0.540401     0.840535
   -0.171103    -0.366032    -0.914737
   -0.984566    0.0981911     0.144873
   0.0367907     0.925407    -0.377184
   0.0450469    -0.264576    -0.963312
    0.989037     0.147556   0.00572331
    0.140628    -0.953009     0.268322
  -0.0285287    -0.580774     0.813565
   -0.986645     0.146935    0.0702934
   -0.160366    -0.800695    -0.577209
  -0.0310535     0.332681    -0.942528
    -0.98255    -0.183175   -0.0322826
   -0.183387     0.925078     0.332564
   0.0434523    -0.193572    -0.980123
     0.98425     0.176562   0.00876467
    0.171356    -0.965068     0.198196
    0.010483    -0.687818     0.725807
    0.981097    -0.133188    -0.140387
     0.19323     0.713559     0.673421
   0.0364805     0.997682    0.0574398
     0.97699   -0.0235193    -0.211984
    0.210142   -0.0638514     0.975584
   0.0138798    -0.995283   -0.0960112
    0.974458  -0.00805985     0.224423
    0.224138    0.0966738    -0.969751
   0.0347419     0.998668   -0.0381438
    0.970179   -0.0428629    -0.238569
    0.239886    0.0287179     0.970376
   0.0555028    -0.262597    -0.963308
     0.97823     0.207524 -0.000208328
    0.199964    -0.942325     0.268399
   0.0502592     0.984111    -0.170294
    0.971492   -0.0877268    -0.220246
    0.231685      0.15437     0.960464
  -0.0568329    -0.378498     0.923856
   -0.973576     0.226009    0.0327028
   -0.221177    -0.897585    -0.381341
 -0.00813638    -0.985475    -0.169624
    0.972367   -0.0473755     0.228599
    0.233314     0.163077    -0.958629
 -0.00905934     -0.99606   -0.0882153
   -0.968369    0.0307379    -0.247621
   -0.249357   -0.0831817     0.964833
  -0.0197045    -0.989624    -0.142321
    0.966087    -0.055503     0.252182
    0.257465     0.132526    -0.957157
  -0.0261443    -0.951588    -0.306261
    0.970473   -0.0976492     0.220562
     0.23979     0.291452    -0.926043
  -0.0047154    -0.491156     0.871059
     0.97976    -0.176588   -0.0942675
    0.200119     0.852984     0.482048
  -0.0123117    -0.690122     0.723589
     0.97812    -0.158608     -0.13463
    0.207678     0.706099     0.676974
  0.00377536    -0.891144    -0.453704
    0.985795   -0.0728674     0.151326
    0.167913      0.44783     -0.87821
   0.0136418     0.996626    0.0809402
    0.986378 -0.000142344    -0.164493
    0.163927   -0.0820816     0.983052
  0.00318303    -0.141576     0.989922
    0.985834    -0.165563   -0.0268483
    0.167696     0.975984     0.139043
   0.0333801    -0.747113     0.663858
   -0.970005     0.135805     0.201611
   -0.240781    -0.650676    -0.720171
  0.00882785    -0.698644     0.715415
    0.974957    -0.152978    -0.161423
     0.22222     0.698923     0.679797
   0.0169637     -0.72863     0.684698
    -0.97211     0.148187     0.181779
   -0.233913    -0.668685    -0.705794
   0.0284106    -0.681322     0.731432
    0.979655     -0.12645    -0.155839
    0.198667     0.720979     0.663869
   0.0504295    -0.691609     0.720509
    0.980217    -0.103977    -0.168413
    0.191393     0.714748     0.672684
 -0.00173077    -0.969572    -0.244798
    0.978121   -0.0525674     0.201288
    0.208032     0.239094     -0.94845
  -0.0632795    -0.930301     0.361297
     -0.9842    -0.001814    -0.177049
   -0.165364     0.366792     0.915488
   0.0362023     0.987483     0.153513
    0.983258  -0.00774541    -0.182054
    0.178587    -0.157534     0.971231
   0.0840411    -0.892726     0.442693
     0.98837    0.0181771    -0.150977
    0.126734     0.450233     0.883871
   0.0782109     0.979341     -0.18648
    0.982831    -0.107098    -0.150244
    0.167112     0.171528     0.970903
   -0.109798    -0.845414     0.522705
   -0.985568    0.0244351    -0.167506
   -0.128839     0.533553     0.835896
   -0.116535    -0.937459     0.328009
    -0.98623     0.148247    0.0733066
   -0.117348    -0.314949    -0.941826
 -0.00852194    -0.982065    -0.188347
   -0.984031    0.0417257    -0.173039
   -0.177795    -0.183865     0.966738
   -0.073779    -0.332015    -0.940384
   -0.989616   -0.0922635     0.110216
   -0.123357     0.938751    -0.321761
  -0.0119138    -0.817313     0.576071
    0.978487    -0.128195    -0.161643
    0.205962     0.561753     0.801257
  -0.0351513    -0.968377    -0.247002
    0.969819   -0.0927233     0.225507
    0.241279      0.23162     -0.94241
  -0.0320096    -0.999483   0.00298428
    0.970422   -0.0303638     0.239496
    0.239282   -0.0105622    -0.970893
   0.0475924     0.973656     0.222999
   -0.965081   -0.0127513     0.261642
   -0.257593     0.227664     -0.93905
  -0.0387196     0.999143   -0.0146152
    0.964957    0.0411857     0.259157
    0.259537  -0.00406859    -0.965725
   0.0457595    -0.877321     0.477717
   -0.966797    0.0814627     0.242213
   -0.251415    -0.472939    -0.844464
   -0.146162    -0.914755     0.376643
   -0.986783     0.161746   0.00989782
  -0.0699747    -0.370218    -0.926306
   -0.154695    -0.750644    -0.642342
   -0.984903     0.168294    0.0405238
  -0.0776834    -0.638913     0.765346
   -0.172584     0.487767    -0.855744
   -0.984434    -0.114733      0.13314
  -0.0332406     0.865401     0.499976
   -0.161005    -0.847634     0.505563
   -0.986204     0.158128   -0.0489548
  -0.0384478    -0.506471      -0.8614
    0.169044     0.629153    -0.758677
    0.984917   -0.0790003      0.15394
   0.0369164    -0.773256    -0.633018
    0.194147     0.936376    -0.292417
    0.980934    -0.182689    0.0662752
  -0.0086371     0.299709     0.953992
    0.196777     0.208981    -0.957917
    0.980388   -0.0527518     0.189885
  -0.0108495    -0.976496    -0.215263
   -0.163853     -0.85645     0.489535
    -0.98639     0.149112   -0.0692827
  -0.0136582    -0.494225    -0.869227
   -0.186916    -0.469582    -0.862876
   -0.982091     0.110487     0.152612
   0.0236723     0.875948    -0.481824
   -0.149515    -0.770961     0.619083
   -0.988363    0.0988035    -0.115658
  -0.0280001     0.629172     0.776762
     0.11001     0.719731     0.685481
    0.990771   -0.0244612    -0.133322
   0.0791883    -0.693822      0.71578
   -0.119551    -0.549335    -0.827006
    -0.98886  -0.00851523     0.148605
  -0.0886759     0.835559    -0.542197
   -0.163328    -0.785603     0.596785
   -0.986461     0.139122   -0.0868351
  -0.0148081    -0.602887    -0.797689
   -0.158329    -0.920362     0.357584
   -0.986245      0.16482   -0.0124645
   -0.047465    -0.354639    -0.933798
    0.155878     0.776738     -0.61023
    0.986231    -0.156928    0.0521771
   0.0552344     0.609961     0.790504
   -0.141867    -0.920409     0.364309
   -0.987225     0.158523      0.01606
  -0.0725331    -0.357377     -0.93114
   -0.143314    -0.858225      0.49286
   -0.986482      0.16386   -0.0015173
  -0.0794578    -0.486415    -0.870107
   -0.118179    -0.885854     0.448661
   -0.987814      0.15096    0.0378677
   -0.101275    -0.438718      -0.8929
   -0.115172    -0.932789     0.341526
   -0.988417     0.141821    0.0540237
  -0.0988282    -0.331348    -0.938318
   -0.121217    -0.901661    -0.415108
   -0.987138     0.153416   -0.0449785
   -0.104239    -0.404316      0.90866
    -0.08204    -0.893604     0.441295
   -0.985345     0.139169     0.098628
   -0.149549    -0.426737    -0.891925
  -0.0550789    -0.927952     0.368607
   -0.982699     0.115758     0.144576
   -0.176828    -0.354267    -0.918274
  -0.0585021    -0.924841     0.375827
   -0.985072     0.114535     0.128511
   -0.161898    -0.362699    -0.917736
  -0.0211597    -0.774441     0.632292
   -0.977822     0.147838     0.148352
   -0.208366     -0.61513    -0.760393
  -0.0318522    -0.985674     0.165628
   -0.982744    0.0610945     0.174589
   -0.182206    -0.157209    -0.970611
 0.000992905    -0.915198     0.403003
   -0.979038    0.0811931     0.186797
   -0.203678    -0.394741    -0.895933
   0.0174847    -0.750586     0.660541
    -0.97325     0.138589     0.183244
   -0.229084    -0.646075    -0.728085
  -0.0188643    -0.897646     0.440312
    -0.98627    0.0889707     0.139126
   -0.164061    -0.431642       -0.887
   0.0139731    -0.893345     0.449154
   -0.984096    0.0672688     0.164409
   -0.177088    -0.444308    -0.878197
   0.0039784    -0.993483    -0.113907
   -0.986835    0.0145166    -0.161079
   -0.161683    -0.113048     0.980346
  -0.0421307    -0.944902    -0.324632
   -0.985756    0.0922619    -0.140614
   -0.162818    -0.314084      0.93533
  -0.0717524    -0.919619     0.386203
   -0.986637     0.122227     0.107739
   -0.146283    -0.373312      -0.9161
  -0.0899331    -0.849576     0.519743
   -0.983969  -0.00490271    -0.178274
   -0.154005     0.527443     0.835515
   -0.107613    -0.844598     0.524474
    -0.98465     0.163459     0.061195
   -0.137415    -0.509838    -0.849224
  -0.0924862    -0.966513      0.23937
   -0.986475     0.121613     0.109893
   -0.135323    -0.225969    -0.964689
   0.0605503    -0.819679     0.569614
    0.985336    -0.042114    -0.165344
    0.159518     0.571273      0.80511
  -0.0037463    -0.852331      0.52299
   -0.988414    0.0825145     0.127396
   -0.151738    -0.516453    -0.842765
    0.475968      0.86371     0.165709
    0.870755    -0.489263    0.0490599
   -0.123449    -0.120941     0.984954
   -0.531264    -0.648152      0.54558
   -0.842845     0.469612    -0.262826
   0.0858599     0.599469     0.795779
    0.508245    -0.131301    -0.851145
    0.858677    0.0014704     0.512515
  -0.0660423    -0.991341     0.113493
    0.552542     0.221055    -0.803636
    0.831419     -0.21402     0.512774
  -0.0586428    -0.951488    -0.302045
    -0.57274    -0.444269    -0.688908
   -0.816321     0.385754     0.429899
   0.0747583     0.808591    -0.583603
   -0.531615    -0.731654     0.426695
   -0.845688      0.48641    -0.219585
   0.0468885     0.477585     0.877334
    0.571578     0.756959    -0.316721
    0.817703    -0.493339     0.296613
  -0.0682732     0.428522     0.900948
   -0.551108    -0.740242     0.385125
   -0.832728     0.517393     -0.19715
    0.053322     0.429356      0.90156
   -0.536178    -0.685391     0.492699
   -0.839474     0.494027    -0.226318
   0.0882909     0.534955     0.840255
   -0.584223     -0.72972     0.355234
   -0.807151     0.568146     -0.16037
   0.0847992     0.380419     0.920918
     0.55837     0.783024    -0.274037
    0.824059    -0.485424     0.292046
  -0.0956548     0.388892     0.916304
    0.562267    -0.142208    -0.814637
    0.818278   -0.0466574     0.572925
   -0.119483    -0.988737     0.090132
   -0.529791     0.430344    -0.730839
   -0.847191    -0.228021     0.479868
   0.0398611      0.87339     0.485387
    0.519743     0.144198    -0.842066
    0.851758    -0.163786     0.497678
  -0.0661546      -0.9759    -0.207949
    0.511729    -0.290664    -0.808485
    0.858107     0.126629     0.497612
  -0.0422601    -0.948409     0.314221
     -0.5066     0.562299    -0.653588
   -0.861734    -0.305809     0.404839
   0.0277677      0.76831     0.639475
    0.491049      0.26025    -0.831349
    0.870496    -0.183055     0.456867
  -0.0332828     -0.94803    -0.316435
    0.457645     0.107812    -0.882574
    0.888389   -0.0961025      0.44892
  -0.0364184    -0.989515     -0.13976
    0.434246   -0.0554341    -0.899087
    0.899839   -0.0192628     0.435797
  -0.0414769    -0.998277    0.0415169
    0.465778    0.0496155     -0.88351
    0.883434   -0.0835506     0.461046
  -0.0509427    -0.995268    -0.082748
   -0.396431    -0.261519    -0.880029
   -0.915121     0.189269     0.355993
   0.0734631     0.946459    -0.314354
    0.399007       0.3207    -0.859038
    0.916106    -0.179569     0.358476
  -0.0392936    -0.930004    -0.365444
   -0.355278    -0.565382    -0.744393
   -0.933039     0.262799     0.245712
   0.0567046     0.781844     -0.62089
   -0.319479    -0.631408    -0.706581
   -0.945697     0.259605     0.195608
   0.0599237     0.730704    -0.680059
   -0.432667    -0.659488     0.614715
    -0.89668     0.385586    -0.217458
   0.0936148      0.64529     0.758181
   -0.524438     0.469534    -0.710284
   -0.834939    -0.120117     0.537074
    0.166857     0.874706     0.455026
    0.512538   -0.0488787    -0.857272
    0.844989    -0.148762     0.513677
   -0.152637    -0.987664   -0.0349443
    0.463046     0.859342     0.217069
    0.862845    -0.493056     0.111332
   -0.202699    -0.135745     0.969787
   -0.482832      0.52017    -0.704483
    -0.84678   -0.0722472     0.527013
     0.22324     0.851002     0.475353
    0.443954     0.233445    -0.865106
    0.877685    -0.307753     0.367364
    -0.18048    -0.922383     -0.34152
     0.42006   -0.0676368    -0.904972
    0.871788    -0.246906      0.42311
   -0.252061    -0.966676   -0.0447505
   -0.398816    -0.227961    -0.888245
   -0.888565     0.335524      0.31285
     0.22671     0.914034     -0.33637
    0.361181   -0.0821836    -0.928867
    0.893693    -0.253852     0.369963
   -0.266199    -0.963745   -0.0182394
   -0.445033    -0.791035     0.419773
   -0.849263     0.521505    0.0823744
    0.284075     0.319838     0.903883
    0.386045     0.208158    -0.898688
    0.869891    -0.406376     0.279548
   -0.307015    -0.889679    -0.337954
    0.415541     -0.20268    -0.886706
    0.846966    -0.269203     0.458451
   -0.331623    -0.941515    0.0597981
    0.384843    -0.197783    -0.901542
    0.903001    -0.121461     0.412112
   -0.191011    -0.972692     0.131854
    0.337689    -0.186056    -0.922686
    0.912228    -0.176884     0.369529
   -0.231962    -0.966486     0.109994
    0.326162     0.381566    -0.864885
    0.925218      -0.3165     0.209283
    -0.19388    -0.868467    -0.456262
   -0.377464     0.393085    -0.838454
   -0.912032  -0.00100209     0.410118
    0.160371     0.919502     0.358885
    0.437255     -0.14295    -0.887904
    0.887577   -0.0905499     0.451672
   -0.144966    -0.985579    0.0872855
    0.434114    -0.319741    -0.842205
    0.893204    0.0311631     0.448571
   -0.117181    -0.946992     0.299123
   -0.490041    -0.622539     0.610168
   -0.865181     0.432799    -0.253273
    0.106408      0.65202     0.750698
     0.49359     0.235915    -0.837086
    0.859858    -0.276728     0.429028
   -0.130431    -0.931539    -0.339444
    0.485025    -0.256432    -0.836058
    0.871369    0.0608846     0.486836
  -0.0739371    -0.964643     0.252977
    0.335908     0.439347    -0.833151
    0.936493    -0.250383     0.245538
    -0.10073    -0.862718    -0.495551
   -0.367903    -0.529163    -0.764614
   -0.924006     0.300199     0.236839
     0.10421     0.793642    -0.599394
   -0.363817    -0.821673    -0.438737
   -0.924838      0.26254     0.275222
    0.110957    -0.505891     0.855431
   -0.417616    -0.726854    -0.545234
   -0.904477     0.275281     0.325795
   0.0867123    -0.629209     0.772384
    0.410902      0.33273    -0.848794
     0.90729    -0.240493     0.344946
  -0.0893548    -0.911841    -0.400701
    0.418422      0.85801    -0.297895
    0.903203     -0.35854     0.235951
  -0.0956413     0.367787     0.924979
    -0.45026    -0.668372     0.592067
   -0.890655     0.383159    -0.244793
    0.063243     0.637548      0.76781
   -0.454562    -0.773144     0.442292
   -0.888227     0.430548    -0.160252
   0.0665296       0.4657     0.882438
   -0.479617   -0.0243341     -0.87714
   -0.876241    0.0663466     0.477285
    0.046581       0.9975   -0.0531435
   -0.440418     -0.47394    -0.762504
    -0.89519     0.296449     0.332796
   0.0683182     0.829155    -0.554828
   -0.472818    -0.573553     -0.66894
   -0.880013     0.346079     0.325278
   0.0449416     0.742473    -0.668366
   -0.461463    -0.405232    -0.789202
   -0.885687     0.261677     0.383516
   0.0511034     0.875964    -0.479662
    0.473115     0.808194     0.350691
    0.878688    -0.461697    -0.121417
  -0.0637842    -0.365593     0.928587
   -0.490016     -0.32669    -0.808182
   -0.870443     0.233412     0.433414
   0.0470472     0.915856     -0.39874
    0.425128     0.876686     0.225141
    0.899433    -0.437046   0.00345598
   -0.101427     -0.20103      0.97432
     0.36964     0.918581     0.139912
     0.91862    -0.383906    0.0935597
   -0.139655   -0.0939425     0.985734
    0.364444     0.886882    -0.283939
    0.922331    -0.301733     0.241377
   -0.128399     0.349854     0.927963
   -0.318769    -0.867115      0.38275
   -0.936582     0.350194    0.0133363
    0.145601     0.354226     0.923756
    -0.31816   -0.0267807    -0.947659
   -0.932538      0.18885     0.307747
    0.170724     0.981641   -0.0850586
   -0.327287    -0.757918     0.564309
   -0.937112     0.336983   -0.0909068
    0.121262     0.558573     0.820544
   -0.455036    -0.449503    -0.768693
    -0.88906     0.277946     0.363755
    0.050146     0.848936    -0.526111
   -0.456585    -0.717048     0.526662
   -0.888514     0.397803    -0.228681
   0.0455322     0.572359     0.818738
   -0.409714    -0.294241    -0.863456
   -0.909715     0.201809     0.362894
   0.0674749     0.934182     -0.35036
   -0.406552    -0.410152    -0.816389
   -0.910588     0.254731     0.325486
   0.0744607     0.875721    -0.477041
   -0.407207    -0.567112    -0.715938
   -0.911832     0.297392     0.283055
   0.0523901     0.768077    -0.638211
   -0.353328    -0.292641     -0.88855
   -0.930979     0.203258     0.303257
    0.091859      0.93437    -0.344259
   -0.341111    -0.715766     0.609362
   -0.938079     0.300865    -0.171721
   0.0604235     0.630206     0.774073
    0.257107     0.266105    -0.929023
    0.962688     -0.15451     0.222167
  -0.0844237     -0.95148    -0.295902
   -0.338737    -0.495706    -0.799708
   -0.933987     0.279859     0.222142
    0.113689     0.822165    -0.557781
   -0.256799     -0.46706    -0.846114
   -0.959719     0.226493     0.166254
    0.113989     0.854726     -0.50641
    0.268207     0.719611     0.640488
      0.9532     -0.29454   -0.0682302
    -0.13955    -0.628813     0.764931
   -0.368478    -0.929244    0.0270004
   -0.928657     0.369268     0.035182
    0.042663    0.0121103     0.999016
     0.27649     0.105686    -0.955188
    0.958306    -0.104916     0.265785
  -0.0721249    -0.988849    -0.130288
   -0.429882    -0.379243    -0.819375
   -0.901852     0.223766     0.369584
   0.0431862     0.897833    -0.438214
    0.483879    -0.070273    -0.872309
    0.874463 -0.000225095     0.485093
  -0.0342853    -0.997528    0.0613422
   -0.469663    -0.631797     0.616643
   -0.881924      0.36767    -0.295007
   0.0403364     0.682386     0.729878
   -0.404998     0.329435    -0.852906
   -0.837226     0.241285     0.490749
    0.367463     0.912828     0.178091
    0.371327     0.264819    -0.889936
    0.866109    -0.444208     0.229202
    -0.33462    -0.855891    -0.394309
   -0.375099     0.560019    -0.738702
   -0.857317    0.0935145     0.506224
    0.352574     0.823185     0.445036
     0.41121     0.909577    0.0598034
    0.826041    -0.399579     0.397484
   -0.385439      0.11405     0.915658
    0.344556     0.442563    -0.827901
    0.888158    -0.439328     0.134786
   -0.304068    -0.781748    -0.544438
   -0.392852    -0.740278    -0.545579
    -0.84847    0.0629919     0.525482
    0.354635    -0.669344      0.65285
    0.367057     0.915223    -0.166243
    0.884337    -0.287918     0.367492
   -0.288473     0.281905     0.915048
   -0.401838    -0.769862    -0.495821
   -0.879799     0.174438     0.442183
     0.25393    -0.613908      0.74742
   -0.426959     0.446678    -0.786247
   -0.811903     0.193469     0.550803
    0.398146     0.873526     0.280056
    0.430833     0.145568    -0.890614
    0.840968     -0.42275      0.33772
   -0.327346    -0.894479    -0.304553
    0.458157     0.168252    -0.872802
    0.804498    -0.496048     0.326679
   -0.377987    -0.851838    -0.362626
   -0.340435    -0.940236   -0.0077274
   -0.916452     0.329964      0.22636
    0.210282   -0.0841428     0.974013
    0.384064     0.922316   -0.0427615
    0.906208    -0.367675     0.208811
   -0.176868     0.118948     0.977021
    0.363558     0.930493    0.0448134
    0.926054    -0.366214    0.0911633
   -0.101238  -0.00835652     0.994827
   -0.328081    -0.842686      -0.4269
   -0.930841     0.211402     0.298068
     0.16093    -0.495166     0.853764
    0.314717     0.827367    -0.465206
    0.916912    -0.138282     0.374367
   -0.245409     0.544373     0.802143
    -0.30265    -0.741478    -0.598843
   -0.930471    0.0937559     0.354165
     0.20646    -0.664394     0.718299
   -0.314129    -0.780293     0.540801
   -0.917179     0.396526    0.0393741
    0.245165     0.483642     0.840229
   -0.344136    -0.248135    -0.905538
   -0.891744     0.388245     0.232507
    0.293878     0.887522    -0.354881
    0.301014     0.122737    -0.945688
    0.929901    -0.257579     0.262559
   -0.211364     -0.95843    -0.191668
    0.483924     0.178042    -0.856807
     0.79369    -0.501701     0.344023
    -0.36861    -0.846521    -0.384095
   -0.467837    -0.288061    -0.835554
   -0.836466     0.449597     0.313348
    0.285399     0.845508    -0.451291
     0.49397     0.255218    -0.831179
    0.836335     -0.40089     0.373939
   -0.237776    -0.879858    -0.411475
    0.489116     0.127089     -0.86291
    0.800568    -0.458098     0.386312
   -0.346201     -0.87977    -0.325806
   -0.495535    -0.214994     -0.84156
   -0.857565     0.274965     0.434714
    0.137939     0.937108    -0.320626
    0.487318       0.8681    0.0944675
    0.845257    -0.496102     0.198556
   -0.219232    0.0169105     0.975526
    0.481625    -0.322282    -0.814967
    0.869277    0.0575478     0.490964
   -0.111329    -0.944893     0.307869
   -0.483588    -0.782114    -0.392989
    -0.86796     0.370481     0.330741
    0.113082    -0.501041     0.858004
    0.485893     0.869041    0.0931433
    0.812265    -0.488337     0.318985
   -0.322697    0.0793355     0.943172
   -0.466581    -0.797033    -0.383459
    -0.86074     0.309399     0.404226
     0.20354    -0.518663     0.830398
    0.458662     0.884685   -0.0834367
    0.832424    -0.394904     0.388743
   -0.310966     0.247757      0.91756
   -0.493037    -0.684422    -0.537104
   -0.869738     0.372353     0.323897
   0.0216899    -0.626833     0.778852
     0.46945     0.829699    -0.302018
    0.882954    -0.442222      0.15758
  0.00281464     0.340645     0.940188
   -0.459937    -0.636089    -0.619555
   -0.884573     0.389029     0.257267
  -0.0773803    -0.666368     0.741597
    0.469543     0.847958     -0.24596
    0.879391    -0.474005    0.0446233
   0.0787476     0.237247     0.968252
    0.479863     0.118737    -0.869271
    0.875679    -0.125818     0.466215
   -0.054013    -0.984922     -0.16435
    0.460894     0.873393     0.157358
    0.886842    -0.446689    -0.118238
   0.0329783    -0.194047     0.980438
    0.434157     0.852931     0.289857
    0.894336     -0.44669   -0.0251376
   -0.108035    -0.270143      0.95674
   -0.444161    -0.310534     -0.84041
   -0.871895     0.365701     0.325673
    0.206206       0.8774    -0.433183
    0.413554     0.872122    -0.261489
    0.910012    -0.386724     0.149408
  -0.0291775     0.299746     0.953573
     0.45758    -0.600272    -0.655968
    0.856237     0.496383     0.143045
    0.239745    -0.627119      0.74111
   -0.464399     0.535046    -0.705733
   -0.852026    -0.487335     0.191196
    -0.24163     0.690095     0.682191
   -0.445817       0.6127    -0.652569
   -0.863456     -0.48656     0.133056
    -0.23599     0.622783     0.745955
   -0.448895    -0.656172    -0.606574
   -0.866038     0.486714     0.114401
   -0.220161     -0.57667     0.786753
   -0.469586    -0.743233    -0.476544
   -0.851384       0.5241    0.0215499
    -0.23374    -0.415841     0.878887
   -0.446846     0.592567    -0.670219
   -0.876268     -0.44084     0.194458
    -0.18023     0.674184     0.716235
    0.434179     0.856363    -0.279518
    0.885743    -0.462383   -0.0407718
     0.16416     0.229879     0.959274
   -0.420698    -0.799511    -0.428713
   -0.899902     0.427601    0.0856407
   -0.114847    -0.421828     0.899372
    0.384113     0.867182    -0.316942
    0.922134    -0.377466    0.0847837
   0.0461119     0.324829     0.944648
    0.445775    -0.168665    -0.879111
     0.87675     0.280343     0.390791
     0.18054    -0.944965     0.272847
    0.397688     0.895095    -0.201618
    0.912115    -0.409501   -0.0188728
   0.0994555     0.176393     0.979282
    0.413168     0.887943    -0.202113
    0.902917    -0.428312   -0.0359197
    0.118462     0.167651     0.978703
   -0.423711     -0.73379    -0.531057
   -0.904466     0.374519     0.204148
  -0.0490895    -0.566823     0.822376
    0.370881     0.907684    -0.196358
    0.928162    -0.355229     0.111034
  -0.0310313     0.223433     0.974225
    0.436488     0.888641    -0.140696
    0.893653    -0.446331   -0.0466168
    0.104222     0.105386     0.988955
   -0.452627     0.464643    -0.761076
   -0.878993    -0.376068     0.293162
       -0.15     0.801673     0.578636
   -0.442597    -0.700217    -0.560182
   -0.872567     0.480313    0.0890283
   -0.206724      -0.5282     0.823571
   -0.436668     0.471624    -0.766088
   -0.875164    -0.419916      0.24033
   -0.208348     0.775397     0.596113
   -0.449602    -0.637108     -0.62606
   -0.879759     0.437111      0.18697
   -0.154537    -0.634844     0.757028
   -0.436072     0.484956    -0.758063
   -0.867796    -0.449641     0.211546
   -0.238266     0.750094     0.616919
   -0.382203    -0.843292     0.377861
   -0.922608     0.325176    -0.207499
  -0.0521108     0.427924     0.902311
   -0.352079    -0.672781     0.650696
   -0.935831     0.241058    -0.257121
  -0.0161305     0.699469     0.714481
   -0.319562    -0.497938    -0.806187
   -0.945652     0.221622     0.237961
   0.0601794     0.838416    -0.541698
   -0.345568    -0.634906    -0.690997
   -0.937989     0.255345     0.234471
   0.0275753     0.729173    -0.683774
    0.302418     0.241957    -0.921955
     0.94779    -0.179007     0.263914
   -0.101181    -0.953632    -0.283459
   -0.309569    -0.470375    -0.826386
   -0.945521     0.244391     0.215091
    0.100788     0.847951    -0.520405
   -0.297273    -0.642815     0.705988
   -0.945159     0.302893    -0.122192
    0.135292     0.703595     0.697603
   -0.329175    -0.677902     0.657337
    -0.94132     0.290556    -0.171739
   0.0745713     0.675297     0.733767
    0.294546     0.236205    -0.925986
    0.940393    -0.244023     0.236882
   -0.170009    -0.940564    -0.294001
   -0.297009    -0.380528    -0.875776
   -0.942481     0.264116     0.204871
    0.153348     0.886251    -0.437086
    0.337195     0.940288    0.0464608
    0.937411    -0.339903    0.0756764
  -0.0869497   -0.0180351     0.996049
    0.331348    -0.180555    -0.926072
    0.942944    0.0294066     0.331651
  -0.0326487    -0.983125     0.179997
    0.677581    -0.164082    -0.716911
    0.559012    -0.518525     0.647022
   -0.477901    -0.839172    -0.259618
   -0.690595    -0.237772    -0.683039
   -0.556586     0.777788     0.291988
    0.461833     0.581816    -0.669478
   -0.682779    -0.356343    -0.637834
   -0.615272     0.751234     0.238931
    0.394021     0.555578    -0.732175
    0.688895     0.107137      -0.7169
    0.621603    -0.596072     0.508241
   -0.372872    -0.795751    -0.477228
     0.69988     0.709702    0.0805671
    0.569034    -0.622195     0.537657
   -0.431704      0.33045     0.839306
   -0.674641     -0.64226     0.363816
   -0.664896     0.742813    0.0783741
    0.320584     0.189025     0.928168
   -0.683704    -0.496998    -0.534361
   -0.626004     0.775763    0.0794387
    0.375057     0.388825    -0.841515
   -0.670108    -0.578603     0.464944
   -0.666895     0.744334   -0.0348812
