  -0.0420423    -0.781208     0.622854
   -0.996216   -0.0146868   -0.0856648
   0.0760697    -0.624098    -0.777634
  -0.0588395     -0.89821     0.435611
   -0.996606    0.0276905   -0.0775186
   0.0575657    -0.438693    -0.896791
   -0.096821     -0.84564     0.524899
   -0.994405    0.0598036   -0.0870777
   0.0422455    -0.530393    -0.846699
   -0.112305    -0.919049     0.377804
   -0.992892    0.0887136   -0.0793398
   0.0394009    -0.384029     -0.92248
   -0.130525    -0.908711     0.396494
   -0.990901     0.106317   -0.0825386
   0.0328498     -0.40366    -0.914319
    -0.12955    -0.892045      0.43298
   -0.991399     0.108357   -0.0733906
   0.0185513    -0.438764    -0.898411
   -0.138146    -0.858231     0.494323
   -0.990345     0.113883   -0.0790468
   0.0115454     -0.50047    -0.865677
   -0.132628    -0.899729     0.415809
   -0.990755     0.108259   -0.0817639
   0.0285504    -0.422809    -0.905769
   -0.130553    -0.832383     0.538604
   -0.991427     0.106671   -0.0754597
  0.00535793    -0.543838    -0.839173
   -0.131426    -0.928323     0.347768
   -0.990841     0.112046   -0.0753579
   0.0309904    -0.354487    -0.934547
   -0.122382    -0.779164     0.614757
   -0.992482    0.0953649   -0.0767086
   0.0011423    -0.619523    -0.784977
    -0.11128    -0.861465     0.495475
   -0.993652    0.0881585   -0.0698892
   0.0165268    -0.500107    -0.865806
   -0.136922    -0.842941     0.520292
   -0.977904     0.198787    0.0647112
    0.157975     0.499935     0.851533
     0.17103     0.967882     0.184265
    0.968263    -0.199708     0.150278
    -0.18225    -0.152715      0.97132
   -0.145991     -0.88844     0.435156
   -0.975095     0.203464    0.0882687
     0.16696     0.411432     0.896018
   -0.171395    -0.691125    -0.702119
   -0.968208   -0.0136382     0.249775
    0.182201    -0.722607     0.666815
   -0.192943    -0.820507    -0.538091
   -0.961691    0.0492937     0.269667
    0.194739    -0.569507     0.798585
    0.145575     0.260223    -0.954511
    0.975117    -0.200788    0.0939783
   -0.167199    -0.944441    -0.282977
   -0.192722    -0.771667    -0.606126
   -0.963348    0.0313278     0.266419
    0.186598    -0.635255     0.749421
    -0.17183    -0.705384    -0.687683
    -0.96981  -0.00149459     0.243858
    0.173041    -0.708824     0.683832
   -0.189042    -0.669049    -0.718775
   -0.966267  -0.00363309     0.257516
    0.174902     -0.74321     0.645793
   -0.209753    -0.805359    -0.554438
   -0.957585    0.0546243     0.282924
     0.19757    -0.590266     0.782657
     -0.2059    -0.762818    -0.612955
   -0.960581    0.0379897     0.275393
    0.186789    -0.645496      0.74057
    0.216851     0.685855    -0.694679
    0.956867  -0.00839966     0.290403
   -0.193339      0.72769     0.658094
   -0.147046      0.53313    -0.833156
    -0.97662    0.0552823     0.207741
    0.156812     0.844225     0.512537
   -0.170964    -0.886776    -0.429418
    -0.97252    0.0819713     0.217913
     0.15804    -0.454873     0.876421
   -0.154778    -0.875519     0.457723
   -0.978752    0.0728156    -0.191684
    0.134494    -0.477666    -0.868186
    -0.12747    -0.876876     0.463509
   -0.983387    0.0508444    -0.174254
    0.129232    -0.478021    -0.868789
    0.126346     0.981122    -0.146411
    0.980714    -0.101356     0.167113
   -0.149119     0.164702     0.975006
  -0.0968408    -0.914497     0.392831
    -0.98848     0.042245    -0.145335
    0.116314     -0.40238    -0.908054
   -0.087791     -0.86576     0.492698
   -0.987643     0.140112    0.0702197
    0.129826     0.480445     0.867362
   -0.117239    -0.785373      0.60782
   -0.981555     0.184704     0.049332
     0.15101     0.590825     0.792541
  -0.0799386     -0.85615     0.510507
   -0.988788     0.132911    0.0680689
    0.126129     0.499342     0.857175
  -0.0569121    -0.897342     0.437651
   -0.993639    0.0082431    -0.112311
    0.097174    -0.441259    -0.892103
   -0.046142     -0.58269    -0.811384
   -0.992726     0.117169   -0.0276897
    0.111204     0.804204    -0.583858
  -0.0185185    -0.858247     0.512903
   -0.996907   -0.0233348   -0.0750402
   0.0763715    -0.512706    -0.855161
   -0.112361    -0.834081     0.540078
   -0.982927     0.172995    0.0626749
    0.145707     0.523815     0.839278
   -0.214092    -0.701693    -0.679552
   -0.961038    0.0267834     0.275117
    0.174847    -0.711975     0.680088
   -0.208769     -0.79697    -0.566793
   -0.962604    0.0651397     0.262966
    0.172655    -0.600496     0.780765
   -0.203999    -0.867562    -0.453565
    -0.96661     0.105108     0.233704
    0.155079    -0.486096     0.860035
   -0.204333    -0.759793    -0.617221
    -0.96663    0.0570845     0.249735
    0.154513    -0.647654     0.746103
   -0.196922    -0.803723    -0.561472
   -0.969483    0.0743312      0.23362
    0.146031    -0.590343     0.793833
   -0.187483    -0.778245     -0.59932
   -0.974101    0.0687907     0.215396
    0.126403    -0.624181     0.770986
   -0.185055     -0.85197    -0.489797
   -0.975562    0.0991839     0.196062
    0.118459     -0.51411     0.849505
   -0.169001    -0.886573     0.430612
   -0.982765     0.184783  -0.00525923
    0.074907      0.42408     0.902522
   -0.185481    -0.764552    -0.617298
   -0.974744     0.063638     0.214066
    0.124381    -0.641412     0.757047
   -0.168274    -0.729587     0.662863
    -0.98217     0.181278   -0.0498071
   0.0838238     0.659425     0.747082
   -0.165131    -0.776859     0.607637
   -0.982844     0.180937   -0.0357707
   0.0821554     0.603119     0.793409
   -0.185995    -0.889055    -0.418315
   -0.976421     0.119767     0.179602
    0.109576    -0.441857     0.890368
   -0.172268    -0.663659     0.727929
   -0.982545     0.168436   -0.0789597
   0.0702068     0.728825     0.681091
    0.174887     0.915272     0.362892
    0.982458    -0.186459  -0.00319264
  -0.0647425    -0.357085     0.931826
   -0.179237    -0.725154     -0.66485
   -0.978995    0.0647166     0.193341
   0.0971751    -0.685539     0.721521
   -0.189868    -0.887169    -0.420572
   -0.972532     0.111193     0.204495
    0.134657    -0.447847     0.883912
   -0.179057    -0.903309    -0.389835
   -0.976533     0.114981     0.182106
    0.119675    -0.413295     0.902699
   -0.184574    -0.759508    -0.623763
   -0.971092    0.0431846     0.234768
    0.151371    -0.649063     0.745523
    -0.19921    -0.811563    -0.549255
   -0.966255    0.0692713     0.248099
    0.163301    -0.580144     0.797976
   -0.170594    -0.835666    -0.522073
   -0.976777    0.0737187     0.201175
    0.129629    -0.544268     0.828836
   -0.133691     -0.90883     0.395165
   -0.990023     0.104573   -0.0944368
   0.0445034    -0.403848    -0.913743
   -0.139775     -0.89866     0.415779
   -0.988866     0.105037    -0.105409
   0.0510544    -0.425884    -0.903336
   -0.158466    -0.915419     0.369996
   -0.984667      0.11884      -0.1277
    0.072929    -0.384559    -0.920215
   -0.139755    -0.886014     0.442094
   -0.988781     0.101096    -0.109965
   0.0527366    -0.452502    -0.890203
   -0.150387    -0.914099     0.376573
   -0.985819     0.109968    -0.126757
   0.0744572    -0.390296    -0.917674
   -0.126543    -0.898731     0.419844
   -0.989492    0.0845222    -0.117306
   0.0699407    -0.430277    -0.899983
   -0.130303    -0.906306     0.402033
   -0.990056    0.0972574    -0.101638
   0.0530143    -0.411279    -0.909966
   -0.158562    -0.925292     0.344518
   -0.981412     0.109496    -0.157608
     0.10811    -0.363104    -0.925455
    -0.13999     -0.93027     0.339118
    -0.98461    0.0945975    -0.146954
    0.104627     -0.35447    -0.929195
    -0.16361     -0.88958     0.426474
   -0.981867     0.104874     -0.15792
   0.0957567    -0.444578    -0.890607
   -0.164482    -0.867232     0.469951
   -0.983869      0.11027    -0.140863
   0.0703399     -0.48554     -0.87138
   -0.150745    -0.892971     0.424121
   -0.986712       0.1096    -0.119949
   0.0606271    -0.436567    -0.897627
    -0.13621    -0.876952     0.460872
   -0.989869     0.101648   -0.0991357
   0.0400904    -0.469706    -0.881912
   -0.161234    -0.889556    -0.427426
   -0.985981      0.12634     0.108994
   0.0429556    -0.439008     0.897456
   -0.122133    -0.928614      0.35037
   -0.991981     0.102643   -0.0737429
   0.0325155    -0.356567    -0.933704
   -0.113867    -0.898934     0.423027
   -0.992548    0.0843286   -0.0879666
   0.0434029    -0.429891    -0.901837
  -0.0864168    -0.870957     0.483701
   -0.995361    0.0548743   -0.0790216
   0.0422817    -0.488286    -0.871659
  -0.0894938      -0.8621     0.498772
   -0.994485    0.0498491   -0.0922771
   0.0546888     -0.50428    -0.861807
  -0.0531743     -0.83465     0.548208
   -0.997084    0.0142908   -0.0749561
   0.0547278    -0.550595    -0.832977
  -0.0569991    -0.870304     0.489206
   -0.996929    0.0232617   -0.0747729
   0.0536954    -0.491966    -0.868957
  -0.0224336    -0.826343     0.562719
   -0.998062   -0.0141676    -0.060594
   0.0580438    -0.562988    -0.824424
  -0.0273726    -0.806744     0.590267
    -0.99727   -0.0184761   -0.0714987
    0.068587    -0.590613    -0.804035
  -0.0515004    -0.884567     0.463562
   -0.996051    0.0118799   -0.0879893
   0.0723254    -0.466263    -0.881685
  -0.0244407    -0.848718      0.52828
   -0.997949   -0.0105626   -0.0631393
   0.0591675     -0.52874    -0.846719
  -0.0893353    -0.867221     0.489844
   -0.992341    0.0353697     -0.11836
   0.0853182    -0.496666    -0.863738
   -0.119754    -0.907982     0.401531
   -0.988419     0.071069    -0.134082
   0.0932076    -0.412938    -0.905977
   -0.113326    -0.896457     0.428395
   -0.991445    0.0739316    -0.107564
   0.0647549     -0.43692    -0.897166
   -0.130183    -0.833377     0.537155
   -0.990956     0.127147   -0.0429011
   0.0325449     0.537881     0.842392
   -0.140468    -0.876107     0.461201
    -0.98939     0.141662   -0.0322354
   0.0370927     0.460835      0.88671
    0.106865    -0.795238     0.596805
     0.99413    0.0752721   -0.0777111
    0.016876     0.601607     0.798614
   -0.105363    -0.734188     0.670721
   -0.994383     0.070956   -0.0785366
   -0.010069     0.675228      0.73754
    0.111633     0.753821     0.647527
    0.993643   -0.0751206   -0.0838514
   0.0145663    -0.652771     0.757415
  -0.0759008    -0.807621     0.584797
   -0.995047    0.0235928   -0.0965649
  -0.0641909      0.58923     0.805411
   0.0832532    -0.739389     0.668111
    0.994767    0.0218159   -0.0998144
   0.0592262     0.672925     0.737336
  -0.0595057    -0.730423     0.680398
   -0.993707   -0.0214514    -0.109935
  -0.0948948     0.682658      0.72455
  -0.0801343    -0.769309     0.633831
   -0.995364    0.0278233   -0.0920719
  -0.0531964     0.638271     0.767972
  -0.0614728    -0.673573     -0.73656
   -0.993604   -0.0287327     0.109201
  -0.0947182     0.738562    -0.667498
  -0.0644764    -0.560674    -0.825522
   -0.993664   -0.0402376     0.104937
  -0.0920527     0.827058    -0.554528
   0.0888451     0.600993    -0.794301
    0.994075  -0.00337058      0.10864
   0.0626148    -0.799247    -0.597732
   -0.063595    -0.509397    -0.858178
   -0.993158    -0.052091     0.104518
  -0.0979444     0.858953    -0.502599
  -0.0692755    -0.504411     -0.86068
   -0.992077   -0.0558067     0.112558
   -0.104807     0.861659    -0.496548
  -0.0892263    -0.491827    -0.866109
   -0.992923   -0.0245001     0.116203
  -0.0783716     0.870348     -0.48616
    0.119047    -0.731148     0.671752
    0.992764    0.0769465   -0.0921866
   0.0157131     0.677866     0.735018
    0.125173    -0.653881     0.746171
    0.991732    0.0610322    -0.112883
    0.028272     0.754131     0.656115
    0.150583      0.68006    -0.717526
    0.988112    -0.126276    0.0876873
  -0.0309736      -0.7222     -0.69099
   -0.146483    -0.591543    -0.792855
   -0.988533     0.117255    0.0951522
   0.0366796     0.797702    -0.601936
     0.15882     0.298295    -0.941168
    0.986994   -0.0719884     0.143737
  -0.0248773    -0.951755    -0.305848
   0.0534642    -0.787955     0.613407
    0.991903   -0.0289565     -0.12365
    0.115193     0.615051     0.780027
   0.0536793     0.955076      0.29146
    0.991208   -0.0156141    -0.131389
    0.120936     -0.29595     0.947517
  -0.0448595    -0.891854    -0.450093
   -0.986889     0.109485    -0.118584
   -0.155038    -0.438872     0.885073
  -0.0434209    -0.911147    -0.409788
   -0.987777     0.100616    -0.119052
   -0.149705    -0.399609     0.904379
  -0.0400018    -0.347778    -0.936723
   -0.985221    -0.142534    0.0949914
   -0.166551     0.926679    -0.336936
  -0.0299793     0.635763    -0.771302
    -0.98045    -0.168835    -0.101058
   -0.194471     0.753193     0.628395
   0.0271933     0.950613    -0.309184
    0.978845    -0.088068    -0.184682
     0.20279     0.297621     0.932898
  -0.0154558    -0.710531     0.703496
   -0.973183     0.172189      0.15253
   -0.229512    -0.682273    -0.694138
  -0.0269955    -0.676854     0.735622
   -0.981318     0.158172     0.109524
   -0.190487    -0.718923    -0.668479
  -0.0149937    -0.624531     0.780856
   -0.973047     0.188845     0.132355
    -0.23012    -0.757825    -0.610529
  -0.0110862    -0.594704     0.803868
   -0.974617     0.186195     0.124307
   -0.223602    -0.782086    -0.581673
   -0.022053     -0.51176     0.858846
   -0.977892     0.189723    0.0879402
   -0.207947    -0.837918    -0.504629
  -0.0114434    -0.471586     0.881746
   -0.972476     0.210476    0.0999485
   -0.232721    -0.856333    -0.461015
 -0.00633198    -0.472652     0.881226
   -0.972418     0.208383     0.104781
   -0.233158    -0.856257    -0.460935
   0.0185378   -0.0497373     -0.99859
    0.978119     0.207898    0.0078029
    0.207216    -0.976885     0.052503
  -0.0349994    -0.467839     -0.88312
   -0.984292    -0.136871     0.111518
   -0.173046     0.873151      -0.4557
   0.0312017    -0.581168     0.813185
    0.984022    -0.124825    -0.126966
    0.175294     0.804154     0.567987
   0.0511229    -0.647502     0.760347
    0.990365    -0.065241    -0.122147
    0.128696     0.759266     0.637928
  -0.0504406    -0.824261     0.563959
   -0.990688   -0.0302073    -0.132757
   -0.126462     0.565404     0.815062
   0.0529921    -0.625593     0.778348
    0.989956   -0.0693914    -0.123172
    0.131066     0.777057     0.615633
  0.00896047    -0.948332    -0.317152
   -0.980019    0.0546953    -0.191235
   -0.198701    -0.312529     0.928894
 -0.00751915     -0.96247    -0.271282
   -0.984362    0.0548724    -0.167396
   -0.175999    -0.265781     0.947832
   -0.018445     -0.81423     0.580249
   -0.981513     0.125323     0.144659
   -0.190504    -0.566853    -0.801489
    -0.03266    -0.916132     0.399545
   -0.986775    0.0930606      0.13272
   -0.158771    -0.389926    -0.907055
  -0.0258239    -0.980542     0.194603
   -0.989255    0.0530882      0.13622
   -0.143901    -0.188994    -0.971377
   0.0403266    0.0486192    -0.998003
    0.984439     0.169037    0.0480135
    0.171034     -0.98441   -0.0410459
  -0.0449184    -0.920789     0.387467
    -0.99049    0.0915402     0.102713
   -0.130046    -0.379169    -0.916144
   0.0610895    -0.631517     0.772952
     0.98889   -0.0668478    -0.132772
    0.135518     0.772475     0.620417
    0.072099      0.99683    0.0336474
    0.991392   -0.0679278    -0.111924
    0.109284   -0.0414274     0.993147
   -0.031274    -0.911172     0.410837
   -0.991987    0.0786358    0.0988895
   -0.122412    -0.404452     -0.90633
  -0.0592267    -0.920517     0.386187
   -0.993722    0.0911525    0.0648716
  -0.0949174     -0.37992    -0.920136
  -0.0525368    -0.917298      0.39472
   -0.996107    0.0761544    0.0443959
  -0.0707839    -0.390852    -0.917728
   0.0574315    -0.536745     0.841787
     0.98958   -0.0809046    -0.119102
    0.132032     0.839857     0.526506
  -0.0762198    -0.937849     0.338571
   -0.990598    0.0325363    -0.132879
   -0.113605     0.345516     0.931511
  -0.0341601    -0.415381    -0.909006
   -0.984483    -0.142659     0.102186
   -0.172125     0.898391    -0.404062
  -0.0163091    -0.174375     0.984544
   -0.978048     0.207368    0.0205259
   -0.207742    -0.962596    -0.173929
   0.0111596     0.983551     0.180284
    0.978484    0.0264053    -0.204624
    0.206019    -0.178689     0.962095
-0.000317199    -0.310324     0.950631
   -0.974484     0.213473    0.0693609
   -0.224458    -0.926352    -0.302474
  -0.0021248    -0.633228     0.773963
   -0.973091     0.179641     0.144304
   -0.230412    -0.752829     -0.61657
  0.00405546    -0.475638     0.879632
   -0.976026     0.189542      0.10699
   -0.217616    -0.858978    -0.463466
  -0.0721489    -0.922021     0.380358
   -0.995969    0.0869807    0.0219267
  -0.0533006    -0.377242    -0.924579
  -0.0805879    -0.917968     0.388382
   -0.995348    0.0947566    0.0174326
  -0.0528043     -0.38517    -0.921334
   -0.100999    -0.889303     0.446025
   -0.994541     0.102072   -0.0216919
  -0.0262358    -0.445781    -0.894757
  -0.0916054    -0.913263     0.396937
   -0.995268    0.0969379  -0.00665637
  -0.0323992    -0.395668    -0.917822
   -0.128928    -0.923784     0.360557
   -0.991581     0.124491   -0.0356115
  -0.0119887    -0.362112    -0.932057
   -0.115505    -0.889134     0.442832
   -0.993296     0.101269   -0.0557528
  0.00472667    -0.446303     -0.89487
   -0.132985    -0.923073     0.360905
   -0.991026      0.11889   -0.0610896
   0.0134821     -0.36579      -0.9306
   -0.105725    -0.885009     0.453411
   -0.994381    0.0965697   -0.0433728
 -0.00540036    -0.455448    -0.890246
   -0.158368    -0.884438    -0.438963
   -0.987191     0.133129    0.0879239
   0.0193247    -0.447265     0.894193
    0.135801     0.950015     0.281122
    0.990396     -0.12274   -0.0636442
   0.0259579    -0.287065     0.957559
    0.105065     0.694099     0.712171
    0.992326   -0.0262233    -0.120838
   0.0651979    -0.719401     0.691528
   0.0976319     0.977003    -0.189558
    0.993077    -0.108138   -0.0458728
   0.0653164     0.183767     0.980797
   -0.106445    -0.847241     0.520435
   -0.994124     0.101031    -0.038856
  -0.0196599    -0.521513    -0.853017
  -0.0937984    -0.909293     0.405449
   -0.994869     0.101113  -0.00339328
  -0.0379106    -0.403686    -0.914112
   -0.106144    -0.911454    -0.397473
    -0.99311     0.117136  -0.00340119
  -0.0496584    -0.394374     0.917607
  -0.0751261    -0.905657     0.417302
   -0.995417    0.0929451    0.0225127
   -0.059175    -0.413699    -0.908489
  -0.0875931    -0.943945    -0.318269
   -0.994061      0.10354   -0.0335042
  -0.0645798    -0.313444     0.947408
   -0.059775    -0.837652     0.542923
   -0.994831    0.0947156    0.0366031
  -0.0820839    -0.537929    -0.838984
  -0.0453901    -0.928254     0.369168
   -0.995493    0.0728313    0.0607322
  -0.0832618    -0.364748    -0.927376
   -0.077387    -0.709945    -0.699993
   -0.993307     0.115287  -0.00711207
  -0.0857493    -0.694757     0.714115
  -0.0344218    -0.936808     0.348146
   -0.993875    0.0686914    0.0865721
   -0.105016    -0.343033    -0.933434
   -0.016663    -0.933548     0.358064
   -0.990659    0.0638885     0.120469
    -0.13534    -0.352712    -0.925893
  -0.0186502    -0.921906     0.386964
   -0.991833    0.0659019     0.109203
   -0.126176    -0.381767    -0.915606
 -0.00342203    -0.972367    -0.233434
   -0.987232     0.040461    -0.154068
   -0.159255    -0.229926     0.960089
 -0.00291142    -0.917427     0.397894
   -0.989418    0.0603624     0.131939
   -0.145062    -0.393299    -0.907895
   0.0155024     -0.90879     0.416967
   -0.986677    0.0536392     0.153592
   -0.161948    -0.413793    -0.895851
   0.0153014    -0.930392    -0.366248
   -0.982964    0.0531003     -0.17596
   -0.183159    -0.362701     0.913729
  -0.0031629    -0.945357     0.326023
   -0.990212    0.0484523     0.130889
   -0.139533    -0.322418    -0.936257
   0.0175475    -0.957408     0.288204
   -0.988312     0.027047     0.150024
   -0.151429    -0.287468    -0.945744
   0.0143478    -0.963631    -0.266851
   -0.989948    0.0238638    -0.139401
     -0.1407    -0.266169     0.953602
   0.0194957     0.995498    0.0927555
    0.990833   -0.0068331    -0.134921
     0.13368   -0.0945356     0.986505
   -0.036457    -0.991467    -0.125155
   -0.992335    0.0507144    -0.112694
   -0.118079    -0.120087     0.985716
    0.057568    -0.907238     -0.41666
    0.990492 -0.000329891      0.13757
    0.124946     0.420618    -0.898593
   0.0641092     0.994214   -0.0861906
     0.99226   -0.0727102    -0.100667
    0.106352    0.0790697      0.99118
  -0.0466649    -0.935972     0.348968
   -0.993715    0.0790824     0.079226
   -0.101751    -0.343077     -0.93378
   0.0326619    -0.772404     0.634291
    0.990796   -0.0583906    -0.122124
    0.131366     0.632442     0.763388
-0.000850442    -0.979015    -0.203787
    0.990733   -0.0285035     0.132799
    0.135821     0.201786    -0.969967
   -0.432716     0.558647    -0.707581
   -0.890945    -0.145073     0.430314
    0.137743     0.816619     0.560499
   -0.480158     0.534686    -0.695385
   -0.867032    -0.169045     0.468699
    0.133056      0.82797     0.544758
    0.458193    -0.269202    -0.847106
    0.882836    0.0271317     0.468897
   -0.103244    -0.962701     0.250093
    0.489336     0.114244     -0.86458
     0.86628    -0.177971     0.466782
   -0.100543    -0.977382    -0.186055
    0.515165    0.0804047    -0.853311
    0.847825    -0.193805     0.493591
   -0.125689     -0.97774    -0.168011
    -0.46138    -0.294146    -0.837023
   -0.883474     0.238728     0.403091
   0.0812529     0.925466    -0.370015
   -0.509171    -0.280958    -0.813515
   -0.854354     0.279254     0.438287
    0.104037     0.918193    -0.382226
   -0.485326    -0.208966    -0.848994
   -0.869699     0.215217      0.44419
   0.0898974     0.953947    -0.286188
    0.492756     0.228893    -0.839524
    0.863645    -0.246552     0.439692
   -0.106344    -0.941711    -0.319172
    0.535332     0.341317    -0.772607
    0.834784    -0.353142     0.422405
   -0.128666    -0.871088    -0.473974
   -0.512984    -0.422715    -0.747101
   -0.848328     0.382579     0.366024
    0.131101     0.821551    -0.554857
    -0.53288    -0.258971    -0.805588
   -0.832676     0.329948      0.44473
     0.15063     0.907782    -0.391462
   -0.461703    -0.357503    -0.811802
   -0.883913     0.262135     0.387276
   0.0743496     0.896369     -0.43703
    0.477415    0.0957647    -0.873444
    0.874045    -0.153709      0.46089
  -0.0901189    -0.983465    -0.157085
    0.454203     0.245822    -0.856312
    0.887018    -0.214389     0.408945
  -0.0830565    -0.945309    -0.315425
    -0.43933    -0.422712    -0.792656
   -0.895849     0.271632     0.351667
   0.0666571     0.864598    -0.498023
   -0.440676    -0.322596    -0.837697
    -0.89499     0.229892     0.382285
   0.0692564     0.918195    -0.390028
    0.402916     0.207914    -0.891308
    0.912997    -0.159399     0.375538
  -0.0639943    -0.965072    -0.254049
    0.391982   -0.0919842    -0.915363
    0.917398   -0.0353033     0.396401
   -0.068778    -0.995134    0.0705479
    0.431686    -0.131159    -0.892438
     0.89807   -0.0300403     0.438825
  -0.0843648    -0.990906     0.104822
   -0.386793    -0.717966    -0.578719
   -0.918324      0.24266     0.312725
   0.0840933    -0.652412     0.753185
    0.360669    0.0653391    -0.930402
    0.930769   -0.0892696     0.354542
  -0.0598912    -0.993862   -0.0930124
   -0.350419    -0.657896    -0.666618
   -0.933429     0.186859     0.306258
   0.0769224    -0.729559     0.679578
   -0.315881      0.57521    -0.754555
    -0.94655    -0.136325     0.292334
   0.0652891     0.806567     0.587527
   -0.421428     -0.73003     -0.53801
     -0.8988     0.257307     0.354896
    0.120652    -0.633126     0.764588
    0.521586     0.118801    -0.844887
    0.834536    -0.277024     0.476243
   -0.177475     -0.95349    -0.243636
    0.503385     0.176311    -0.845883
    0.851028    -0.270565     0.450052
   -0.149517    -0.946419    -0.286244
    0.477463    -0.112338    -0.871441
    0.857515    -0.156656     0.490027
   -0.191565    -0.981244     0.021534
    0.502196    0.0862061    -0.860446
    0.837776    -0.295099     0.459399
   -0.214314     -0.95157    -0.220419
   -0.458316    -0.635944    -0.620904
   -0.872982     0.190929     0.448831
    0.166882    -0.747744     0.642673
   -0.454792     0.390525    -0.800409
    -0.86036    0.0395477     0.508151
      0.2301     0.919743     0.318006
   -0.432127     0.356164    -0.828501
   -0.879942    0.0345769     0.473822
    0.197405     0.933784     0.298462
     0.40995    -0.306059    -0.859226
    0.883531    -0.100706     0.457419
   -0.226526    -0.946671     0.229128
   -0.477542     0.368865    -0.797428
   -0.840157    0.0738536     0.537292
    0.257081     0.926544     0.274636
   -0.428337     0.509179    -0.746501
   -0.865197   0.00723572      0.50138
    0.260694      0.86063     0.437441
    0.452963    -0.183169     -0.87251
    0.840223    -0.239502     0.486481
   -0.298076    -0.953461    0.0454176
   -0.419394     0.620303    -0.662822
   -0.891071     -0.14175      0.43116
    0.173495     0.771448     0.612183
    0.389546   -0.0943972    -0.916157
    0.900577    -0.169314     0.400367
   -0.192912    -0.981031    0.0190563
   -0.381625     -0.78621     0.486041
   -0.909811     0.412306   -0.0474178
    0.163117     0.460301     0.872648
   -0.407166     0.545362    -0.732664
   -0.901086    -0.108816     0.419766
    0.149199     0.831108     0.535724
   -0.445255     0.444184    -0.777463
   -0.883427   -0.0763869       0.4623
    0.145958     0.892673     0.426416
    0.428913    -0.358868    -0.829004
    0.893928    0.0364471     0.446726
   -0.130101    -0.932676     0.336435
    0.469767   -0.0770276    -0.879424
    0.874914   -0.0921545     0.475429
   -0.117664    -0.992761    0.0241014
    0.484385   -0.0693147    -0.872105
    0.864796    -0.112797     0.489291
   -0.132286    -0.991197   0.00530577
    0.452669     0.176626     -0.87401
    0.885888    -0.200612     0.418279
   -0.101458    -0.963617    -0.247282
   -0.387236    -0.715331     0.581679
   -0.920289     0.338093    -0.196881
   0.0558265     0.611552     0.789233
   -0.394249     -0.76512     0.509076
   -0.916076     0.371367    -0.151298
   0.0732928     0.526002     0.847319
   -0.394517    -0.762068     0.513428
   -0.914691     0.379039    -0.140248
   0.0877308     0.524958     0.846594
    0.410887     0.872707     0.263732
    0.907597    -0.418924   -0.0277619
  -0.0862558    -0.250769     0.964196
    -0.40486    -0.300202    -0.863694
   -0.911094     0.212436     0.353241
   0.0774358     0.929919    -0.359519
    0.415157     0.878869     0.235017
     0.90457     -0.42631  -0.00369051
  -0.0969468    -0.214122     0.971984
   -0.416652    -0.536442    -0.733914
   -0.905734     0.314024     0.284666
   0.0777603     0.783338    -0.616713
   -0.430844    -0.487983    -0.759109
   -0.898659     0.308784     0.311551
   0.0823686      0.81641    -0.571568
    0.426166     0.258174    -0.867023
    0.901585    -0.199968      0.38361
  -0.0743386    -0.945177    -0.317986
   -0.410395    -0.496655    -0.764794
   -0.908779     0.292161      0.29793
    0.075475     0.817298    -0.571251
     -0.4164    -0.327044    -0.848324
   -0.905867     0.228837     0.356425
   0.0775618     0.916884    -0.391546
   -0.409069    -0.418611    -0.810819
   -0.909078     0.263877     0.322407
    0.078993     0.868984    -0.488494
    0.437603     0.201432    -0.876316
    0.894388    -0.197869     0.401145
  -0.0925921    -0.959309    -0.266746
   -0.437896    -0.361566    -0.823114
   -0.895797     0.253005     0.365427
   0.0761261     0.897362     -0.43468
   -0.418766    -0.605771    -0.676517
   -0.901076      0.36963     0.226793
    0.112676     0.704567    -0.700635
   -0.399604    -0.644682    -0.651691
   -0.908164      0.37514     0.185762
    0.124718     0.666074    -0.735385
    0.396048     0.876749     0.272867
    0.911944     -0.41028  -0.00535445
   -0.107257     -0.25096     0.962037
   -0.372172    -0.758383      0.53511
   -0.922081     0.367996    -0.119772
    0.106085     0.537991     0.836249
   -0.375138    -0.690492      0.61846
   -0.917404      0.37215    -0.140974
    0.132818     0.620263     0.773068
   -0.377331    -0.662331     0.647255
   -0.922652     0.328934    -0.201284
   0.0795877     0.673142     0.735218
   -0.389579    -0.541412    -0.745051
   -0.917187      0.30154     0.260465
   0.0836433     0.784823     -0.61405
   -0.394776    -0.457516    -0.796763
     -0.9153     0.271215     0.297771
   0.0798592      0.84683    -0.525834
   -0.363849    -0.333924    -0.869545
   -0.927261     0.218374     0.304138
    0.088327     0.916955     -0.38909
    0.361725     0.483024    -0.797397
    0.927469    -0.273273     0.255194
  -0.0946425    -0.831871    -0.546839
   -0.373918    -0.368181    -0.851251
   -0.924487     0.221414     0.310322
   0.0742247     0.903005    -0.423169
   -0.333178    -0.378495    -0.863559
   -0.938764      0.21849      0.26643
   0.0878361     0.899446    -0.428113
   -0.342049    -0.468521    -0.814549
   -0.936467      0.24161     0.254274
   0.0776702     0.849772    -0.521396
    0.302709    -0.152702    -0.940771
    0.949784   -0.0337251     0.311083
  -0.0792307    -0.987697     0.134825
    0.334906     0.520386    -0.785517
    0.936721    -0.274069     0.217808
   -0.101942    -0.808755    -0.579244
   -0.302257    -0.275463    -0.912557
   -0.948658      0.18054     0.259717
   0.0932109     0.944206     -0.31589
    -0.30589    -0.541697     -0.78294
   -0.946072     0.265087     0.186218
    0.106673      0.79768    -0.593572
    0.349047     0.216523    -0.911748
    0.934774    -0.149038     0.322468
  -0.0660634    -0.964835    -0.254421
    -0.30961     0.514804    -0.799449
   -0.948339     -0.10595     0.299045
   0.0692486     0.850736     0.521012
   -0.387419    -0.350542    -0.852658
   -0.919514     0.213479     0.330031
   0.0663348     0.911892    -0.405035
   -0.415453    -0.358703    -0.835901
   -0.907195     0.230386     0.352023
    0.066308     0.904574    -0.421128
   -0.403049    -0.262021    -0.876867
    -0.91207     0.193908     0.361287
   0.0753666     0.945381    -0.317136
    0.445649    -0.117943    -0.887404
    0.837806    -0.294302     0.459856
   -0.315402    -0.948407   -0.0323419
    0.420966     0.275711    -0.864159
    0.863738    -0.412798     0.289057
   -0.277027     -0.86809    -0.411916
   -0.421757    -0.192731    -0.885988
   -0.860956     0.391605     0.324654
    0.284386     0.899722    -0.331095
    0.448774     0.195066    -0.872096
    0.831016    -0.449996     0.326982
   -0.328656    -0.871466    -0.364049
    0.397278    0.0911132    -0.913164
    0.887377    -0.291811     0.356943
   -0.233949    -0.952126    -0.196782
   -0.437913    -0.324292    -0.838491
   -0.854881     0.438851     0.276744
    0.278227        0.838     -0.46941
    0.410577     0.164877    -0.896796
    0.883926      -0.3134     0.347066
   -0.223833    -0.935198    -0.274414
    0.435682     0.122419    -0.891737
    0.875171    -0.289167      0.38789
   -0.210376    -0.949419    -0.233122
    0.453564     0.248994    -0.855734
    0.829398     -0.46932     0.303046
   -0.326157    -0.847196    -0.419382
   -0.445274    -0.421284    -0.790096
   -0.852877     0.468236      0.23099
    0.272639     0.776708    -0.567796
    0.460376     0.352082    -0.814919
    0.825264    -0.507993     0.246744
   -0.327099    -0.786118    -0.524429
    0.396633     0.155805    -0.904659
    0.903565    -0.240204     0.354784
   -0.162026    -0.958137    -0.236053
   -0.418285  -0.00097056    -0.908315
     -0.8966     0.160533     0.412719
    0.145414      0.98703   -0.0680189
    0.393951    0.0748746    -0.916077
    0.915812    -0.116605     0.384307
  -0.0780439    -0.990352    -0.114508
   -0.376971    -0.429989    -0.820368
   -0.920369     0.273343     0.279652
    0.103995     0.860461     -0.49879
    0.375391    -0.196892    -0.905712
    0.905252    -0.131917     0.403877
   -0.198999     -0.97151     0.128717
    0.367397    -0.103074    -0.924335
    0.917689    -0.121413     0.378295
   -0.151218    -0.987236    0.0499835
   -0.377437    -0.445015    -0.812098
   -0.904185     0.366481     0.219411
    0.199977     0.817101    -0.540699
    0.394252    -0.246336    -0.885372
    0.886914    -0.150367     0.436775
   -0.240724    -0.957449     0.159196
    0.362347     0.259013    -0.895331
    0.918183    -0.264246     0.295151
    -0.16014    -0.929024     -0.33357
    -0.45592    -0.808184     0.372793
    -0.83149     0.536161     0.145452
     0.31743     0.243659     0.916444
   -0.442717    -0.745214    -0.498656
   -0.860529     0.196835     0.469836
    0.251975    -0.637112     0.728421
   -0.435711    -0.900051  -0.00794875
   -0.864915     0.416225     0.280498
    0.249154    -0.129091     0.959822
    0.424944     0.866917     0.260533
    0.846944    -0.482362     0.223636
   -0.319545    -0.125624     0.939207
   -0.423386     -0.64773    -0.633396
   -0.889803     0.165906     0.425118
    0.170277    -0.743587     0.646594
    0.405457     0.902578     0.144764
    0.882438    -0.427796     0.195689
   -0.238555   -0.0484018     0.969922
   -0.404239     0.609328    -0.682137
   -0.900524    -0.134556     0.413463
    0.160148     0.781418     0.603107
    0.386206     0.892524    -0.232908
    0.910957    -0.329381     0.248326
   -0.144922     0.308075     0.940259
   -0.402885    -0.915216   0.00796982
   -0.859223     0.381208     0.341199
    0.315309    -0.130616     0.939957
   -0.374745    -0.927056   -0.0115774
   -0.897668     0.359686     0.254595
     0.23186    -0.105801     0.966978
    0.388747     0.917581   -0.0831973
    0.866762    -0.333604     0.370719
   -0.312409     0.216228     0.925011
   -0.406159    -0.704047     -0.58254
   -0.910328     0.256205     0.325055
   0.0796042    -0.662327     0.744974
   -0.380458    -0.751588    -0.538857
   -0.922376      0.26625      0.27988
   0.0668835    -0.603511     0.794544
   -0.377558     0.643055    -0.666281
   -0.925985    -0.261217     0.272612
  0.00126095     0.719893     0.694084
   -0.404525    -0.645263    -0.648071
   -0.914499     0.279878     0.292164
  0.00714185    -0.710848      0.70331
   -0.423312    -0.652698    -0.628324
   -0.899891     0.222617     0.375018
    0.104898    -0.724173     0.681594
    -0.41488     0.614377     -0.67113
   -0.909452    -0.257481     0.326499
   0.0277908     0.745818      0.66557
    0.426584    -0.260566    -0.866101
    0.896454  -0.00522333     0.443106
   -0.119982    -0.965442     0.231357
   -0.430811     0.499303     -0.75173
   -0.882106   -0.0571473     0.467571
      0.1905     0.864541     0.465058
   -0.404692     0.435297    -0.804202
   -0.912842    -0.140124     0.383517
    0.054256     0.889315     0.454064
   -0.424794    -0.694626    -0.580555
   -0.897104     0.409043     0.166999
    -0.12147    -0.591759     0.796911
    -0.42367     0.492834    -0.760012
   -0.898122     -0.33768     0.281689
   -0.117815     0.801927      0.58569
   -0.411473     0.542798    -0.732161
   -0.905053    -0.338144      0.25795
   -0.107561     0.768784     0.630398
   -0.414283     0.425155    -0.804744
   -0.903556    -0.298344     0.307533
   -0.109342     0.854537      0.50775
   -0.425263     0.574586    -0.699287
    -0.89738    -0.368193     0.243196
   -0.117736     0.730948       0.6722
   -0.402698     0.510805    -0.759548
   -0.912356    -0.290862     0.288107
   -0.073757     0.808998     0.583166
   -0.406274     0.227876    -0.884881
   -0.909698    -0.191981     0.368229
  -0.0859697     0.954576     0.285295
    0.402793    -0.195833    -0.894096
    0.913402     0.148728     0.378915
   0.0587731    -0.969293     0.238781
    0.392907     0.205008    -0.896435
    0.918952   -0.0515556     0.390986
   0.0339387    -0.977402    -0.208649
   -0.419496     0.533271    -0.734605
   -0.902173    -0.334544     0.272331
   -0.100531     0.776983     0.621443
   -0.396212    -0.472549    -0.787219
   -0.915953     0.144028     0.374548
  -0.0636109     0.869456    -0.489898
   -0.411214   -0.0326069    -0.910956
   -0.908461   -0.0673981       0.4125
  -0.0748471     0.997193   -0.0019071
   -0.404894     0.530601    -0.744663
   -0.914342    -0.240583     0.325728
 -0.00632204     0.812762     0.582561
   -0.390534    -0.266472    -0.881178
   -0.920477     0.127931     0.369264
   0.0143314     0.955315    -0.295243
   -0.409297    -0.639151    -0.651124
   -0.911421     0.319489     0.259305
   -0.042292     -0.69958     0.713301
    -0.39971      0.54597    -0.736307
   -0.915697    -0.274286     0.293711
  -0.0416015     0.791633     0.609578
    -0.40121     0.366685    -0.839388
   -0.912077    -0.244495     0.329146
  -0.0845331     0.897644     0.432539
   -0.390081      0.46279    -0.796029
   -0.916634    -0.277124     0.288069
  -0.0872831     0.842038      0.53231
   -0.380531     0.541474    -0.749668
   -0.923417    -0.266295     0.276384
  -0.0499785     0.797429      0.60134
   -0.405631    -0.698015    -0.590117
   -0.907832     0.382764     0.171271
   -0.106326      -0.6052     0.788941
    0.393315      0.31583    -0.863455
    0.918685   -0.0978795     0.382671
   0.0363445    -0.943754    -0.328646
   -0.377537    -0.258831    -0.889085
   -0.925783    0.0849683     0.368384
  -0.0198053     0.962178      -0.2717
    0.370181    0.0544273    -0.927364
    0.928488   -0.0534892      0.36749
  -0.0296024    -0.997084   -0.0703357
    -0.38485    -0.506755    -0.771421
   -0.922973     0.214278     0.319695
  0.00329126     0.835035    -0.550186
    0.357151    0.0697215    -0.931441
    0.931885   -0.0943995     0.350256
  -0.0635072     -0.99309   -0.0986874
   -0.370614    -0.442748    -0.816468
   -0.927021     0.230521     0.295791
   0.0572519     0.866507    -0.495871
   -0.361564    -0.696825      0.61944
   -0.927956     0.333364    -0.166632
   0.0903856     0.635061     0.767155
   -0.383178    -0.662121     0.644027
   -0.923055     0.300013    -0.240751
   0.0338101     0.686723     0.726133
   -0.358124    -0.495581    -0.791294
    -0.92532     0.301505     0.229952
    0.124619     0.814552    -0.566547
   -0.358249    -0.553292    -0.752014
    -0.92821      0.29771     0.223147
    0.100416      0.77797    -0.620226
   -0.370147    -0.596456    -0.712202
   -0.927325     0.282888     0.245037
   0.0553201     0.751142    -0.657818
   -0.377279    -0.434578    -0.817803
   -0.926085      0.18203     0.330503
  0.00523547     0.882047    -0.471133
    0.654281   -0.0778039    -0.752239
    0.590766    -0.568415     0.572626
   -0.472136    -0.819055    -0.325939
    0.670558    0.0651893    -0.738987
    0.584352    -0.660104     0.472011
   -0.457039     -0.74834    -0.480732
   -0.660173    -0.172841    -0.730957
   -0.628191     0.660543     0.411168
    0.411762     0.730622     -0.54465
   -0.666704    -0.165162    -0.726793
   -0.621921     0.660688     0.420363
    0.410755     0.732266    -0.543201
    0.669942    0.0634089    -0.739701
     0.58721    -0.654907     0.475691
   -0.454272    -0.753045    -0.475983
   -0.657494    -0.266206    -0.704866
   -0.659596     0.655544     0.367688
    0.364191      0.70668    -0.606605
   -0.663736    -0.245594    -0.706497
   -0.620037     0.708956      0.33606
    0.418341     0.661109    -0.622836
   -0.656848    -0.378397    -0.652201
   -0.655911     0.713391     0.246686
