  -0.0246228    -0.812122     0.582969
   -0.996569    -0.026156   -0.0785293
   0.0790235    -0.582902    -0.808691
  -0.0500272    -0.853622     0.518486
   -0.996831    0.0105275   -0.0788493
   0.0618491    -0.520787    -0.851443
  -0.0829521    -0.883319     0.461374
   -0.995387    0.0510423   -0.0812414
   0.0482125    -0.465985    -0.883478
   -0.103229    -0.904596     0.413582
    -0.99362    0.0748001   -0.0844014
   0.0454131    -0.419656    -0.906546
   -0.120527    -0.929458     0.348684
   -0.991893    0.0985087   -0.0802742
   0.0402631    -0.355533    -0.933796
   -0.117627    -0.926903    -0.356391
   -0.992794      0.10149    0.0637158
   0.0228882    -0.361317     0.932162
   -0.130365    -0.887004     0.442977
   -0.991328     0.109158   -0.0731665
   0.0165444    -0.448674    -0.893542
   -0.127147    -0.888728      0.44045
   -0.991445     0.100663   -0.0830893
   0.0295067    -0.447246    -0.893924
   -0.126853    -0.808222     0.575052
   -0.991913      0.10091   -0.0769838
  0.00419157    -0.580167    -0.814487
   -0.126616    -0.899552     0.418061
   -0.991512     0.102217    -0.080351
   0.0295471    -0.424686    -0.904858
    -0.11699    -0.880054     0.460237
   -0.993133     0.103394   -0.0547412
 0.000589418    -0.463481    -0.886107
   -0.107027    -0.849934     0.515905
   -0.994108    0.0825295    -0.070268
   0.0171458    -0.520386    -0.853759
    0.151489     0.976926     0.150551
    0.972103    -0.174837     0.156357
   -0.179071    -0.122665     0.976159
   -0.177476    -0.822664     0.540117
   -0.964553     0.254319     0.070418
    0.195293     0.508474     0.838639
   -0.156954    -0.918533     0.362854
   -0.970611     0.211331     0.115123
    0.182426     0.334122     0.924707
   -0.179854    -0.667747    -0.722334
   -0.964359   -0.0251822     0.263395
    0.194071    -0.743962     0.639419
   -0.201391     -0.80081    -0.564043
    -0.95782    0.0404919       0.2845
    0.204991    -0.597548     0.775187
    0.153234     0.213388    -0.964876
    0.971525    -0.211095     0.107606
   -0.180718    -0.953889    -0.239658
   -0.198641     -0.74945    -0.631558
   -0.960432    0.0204944     0.277759
    0.195223    -0.661743     0.723867
    0.177379    -0.653879    -0.735513
    0.966948   -0.0233007     0.253907
   -0.183163     -0.75624     0.628134
   -0.192609     0.601131    -0.775592
   -0.964348     0.030221     0.262908
    0.181481     0.798579     0.573879
   -0.215646    -0.793053    -0.569705
   -0.954881    0.0492563     0.292876
    0.204205    -0.607157     0.767893
   -0.208722    -0.761264    -0.613932
    -0.95917    0.0368338     0.280422
    0.190861    -0.647395     0.737869
    0.219787     0.679815    -0.699675
    0.955489  -0.00531663     0.294979
   -0.196811     0.733364     0.650724
   -0.151379      0.35553    -0.922325
   -0.974016     0.105366     0.200478
    0.168458     0.928707     0.330341
    -0.17395    -0.829933     -0.53005
    -0.97075    0.0540644     0.233925
    0.165485    -0.555238     0.815062
   -0.152799    -0.934953     -0.32018
   -0.978084    0.0967013     0.184393
    0.141437    -0.341338     0.929239
   -0.129533    -0.870562     0.474702
   -0.981236    0.0435876    -0.187817
    0.142815    -0.490124    -0.859873
    0.125227     0.991547   -0.0339394
    0.979296     -0.11805     0.164452
   -0.159055    0.0538304     0.985801
  -0.0954475    -0.862263     0.497385
   -0.987139    0.0176149    -0.158894
    0.128247    -0.506154    -0.852855
  -0.0914173    -0.672203     0.734701
   -0.984257     0.173065    0.0358746
    0.151266     0.719855     0.677442
   -0.126738    -0.775731     0.618207
   -0.977665     0.203027    0.0543297
    0.167658     0.597513     0.784136
  -0.0839843    -0.356476    -0.930522
   -0.985535     0.167658    0.0247209
    0.147197     0.919139      -0.3654
  -0.0575929    -0.891127     0.450083
   -0.992006     0.000378    -0.126189
    0.112281    -0.453753    -0.884026
   0.0509893     -0.60669     0.793301
    0.990174     0.134276    0.0390464
    -0.13021     0.783516     0.607576
  -0.0187485    -0.908066    -0.418407
   -0.995158   -0.0234371    0.0954577
   0.0964881    -0.418171     0.903229
   -0.123891    -0.766009     0.630778
   -0.978371     0.200415     0.051219
    0.165651      0.61079     0.774271
   -0.213331    -0.737068    -0.641265
   -0.961067    0.0403392     0.273355
    0.175613    -0.674614     0.716977
    0.210056    -0.661425    -0.719995
    0.961326   0.00556014     0.275356
   -0.178124     -0.74999     0.637014
    0.202112     0.959264     -0.19739
    0.967428    -0.164183     0.192686
   -0.152429     0.229904     0.961202
   -0.200879    -0.804073    -0.559566
   -0.967405    0.0729188     0.242509
    0.154192    -0.590042     0.792512
    -0.19726    -0.846646    -0.494247
   -0.969192    0.0925651     0.228252
    0.147499    -0.524045     0.838821
    0.179325     0.942018    -0.283627
    0.976871     -0.13637     0.164701
   -0.116473     0.306602     0.944685
   -0.179187    -0.675624    -0.715139
    -0.97758    0.0405685     0.206618
    0.110584    -0.736129     0.667746
   -0.159786    -0.892732    -0.421306
    -0.98442     0.112374     0.135237
   0.0733867    -0.436351     0.896779
    0.179375     0.868225    -0.462612
    0.976342   -0.0993892     0.192039
   -0.120755     0.486114     0.865512
    0.158618     0.946955     0.279493
    0.984351     -0.17368    0.0298092
  -0.0767704    -0.270391     0.959685
    -0.15191    -0.893834     0.421881
   -0.985092     0.171781   0.00924142
   0.0807317     0.414188     0.906604
   -0.185293    -0.846824    -0.498553
    -0.97637     0.101231      0.19093
    0.111215     -0.52215     0.845571
     0.16355    -0.184031    -0.969218
    0.984031   -0.0395241     0.173555
  -0.0702469    -0.982126     0.174628
    0.169829     0.102149    -0.980165
     0.98291   -0.0892501     0.161003
  -0.0710335    -0.990757    -0.115561
   -0.179425    -0.785334    -0.592501
   -0.978751    0.0817311      0.18806
   0.0992645    -0.613653     0.783311
   -0.189744    -0.774808    -0.603051
   -0.971943    0.0612647     0.227098
    0.139012    -0.629221     0.764694
    0.181515     0.976326    -0.117644
    0.975723    -0.163899     0.145264
   -0.122543     0.141155     0.982374
   -0.186225    -0.663381    -0.724739
   -0.970003   0.00682602     0.242999
    0.156254    -0.748251     0.644752
   -0.201618    -0.635545    -0.745274
   -0.964063  -0.00563623     0.265613
    0.173009    -0.772043     0.611569
   -0.171084    -0.873432    -0.455902
   -0.975497    0.0851961     0.202849
    0.138334    -0.479435     0.866606
   -0.132267    -0.925659     0.354486
   -0.990123     0.106604   -0.0910647
   0.0465052     -0.36303    -0.930616
   -0.138684    -0.912681     0.384423
   -0.988877     0.106556    -0.103767
   0.0537439    -0.394538    -0.917307
   -0.152431    -0.904346     0.398653
     -0.9854     0.108117    -0.131518
    0.075837     -0.41288    -0.907623
   -0.135904    -0.904075      0.40519
   -0.989051     0.100063    -0.108472
   0.0575221    -0.415495    -0.907775
   -0.146016    -0.913404     0.379963
   -0.986166     0.103931    -0.129131
   0.0784591    -0.393562    -0.915944
   -0.126028    -0.895341     0.427179
   -0.989026    0.0799349    -0.124249
   0.0770983     -0.43815    -0.895589
   -0.126778    -0.881319     0.455198
   -0.990415    0.0871044    -0.107197
    0.054825    -0.464425    -0.883914
   -0.157636    -0.895046     0.417185
   -0.981383     0.095053     -0.16689
     0.10972    -0.435726    -0.893367
   -0.137613    -0.905823     0.400683
   -0.984286    0.0798694    -0.157489
    0.110655    -0.416059     -0.90258
   -0.163024     -0.88126     0.443626
   -0.981671     0.099897    -0.162302
   0.0987131    -0.461954    -0.881393
    -0.16133    -0.851807     0.498395
   -0.983736    0.0983938     -0.15027
   0.0789624    -0.514532    -0.853828
   -0.149286    -0.907019     0.393738
   -0.986649     0.110432    -0.119698
   0.0650877     -0.40635    -0.911396
   -0.135589    -0.867829     0.478006
   -0.989897    0.0984708    -0.102014
   0.0414608    -0.487008    -0.872413
   -0.160837    -0.872147    -0.462051
   -0.986012     0.121242     0.114373
   0.0437303    -0.473984     0.879447
   -0.118745    -0.912493      0.39148
   -0.992505    0.0976104    -0.073531
    0.028884    -0.397277    -0.917244
   -0.104432    -0.899297     0.424686
   -0.993344    0.0734491   -0.0887347
   0.0486061    -0.431126    -0.900982
  -0.0733521    -0.872682     0.482748
   -0.996097    0.0402797   -0.0785389
   0.0490946    -0.486624    -0.872231
  -0.0862665    -0.857669     0.506914
   -0.994186    0.0411966    -0.099488
   0.0644446     -0.51255    -0.856236
  -0.0412885    -0.828448     0.558543
   -0.997319   0.00036925    -0.073176
   0.0604162    -0.560067    -0.826242
  -0.0467411    -0.863934     0.501431
   -0.996886   0.00842656   -0.0784068
    0.063513    -0.503534    -0.861638
   -0.013392    -0.758071     0.652035
   -0.997356    -0.036451   -0.0628632
   0.0714221    -0.651153    -0.755579
  -0.0130558    -0.797653     0.602975
   -0.997402    -0.032334   -0.0643695
   0.0708411    -0.602249    -0.795159
   -0.046049     -0.83746     0.544555
   -0.995391  -0.00743709   -0.0956102
   0.0841196    -0.546448    -0.833258
   -0.017747    -0.851881     0.523434
   -0.997264   -0.0224932   -0.0704194
   0.0717627    -0.523252    -0.849151
  -0.0870581    -0.894179     0.439164
   -0.991569    0.0353073    -0.124676
   0.0959767    -0.446316    -0.889714
   -0.117181    -0.930551     0.346906
   -0.987526    0.0721887    -0.139934
    0.105173    -0.358976    -0.927402
   -0.104973    -0.899969     0.423127
   -0.991981    0.0646447    -0.108604
   0.0703871    -0.431135    -0.899538
   -0.124703    -0.829359     0.544622
   -0.991695     0.121592   -0.0419067
   0.0314661     0.545325     0.837634
   -0.131476     -0.76136     0.634858
   -0.990779     0.122072   -0.0587896
   0.0327383     0.636733     0.770389
   0.0958573    -0.766023     0.635626
    0.995219    0.0617584   -0.0756589
   0.0187012      0.63984     0.768281
    0.090792    -0.832701     0.546228
    0.995722    0.0664619   -0.0641868
    0.017145      0.54972     0.835173
    0.104655    -0.766538     0.633614
    0.994412    0.0717945   -0.0773923
   0.0138342     0.638173     0.769769
   0.0701887    -0.774569     0.628582
    0.995439    0.0135753   -0.0944246
   0.0646052     0.632343      0.77199
   0.0721027     -0.59533     0.800239
    0.995041   -0.0121791   -0.0987151
   0.0685142     0.803389       0.5915
  -0.0503297    -0.610478    -0.790433
   -0.993142   -0.0530324     0.104196
   -0.105528     0.790256    -0.603622
  -0.0699012    -0.906003      0.41746
   -0.995718    0.0379923   -0.0842733
  -0.0604915     0.421564     0.904779
  -0.0533148    -0.860999     0.505805
    -0.99409    -0.002203    -0.108533
  -0.0945611     0.508602     0.855793
   0.0559067    -0.819406     0.570481
    0.994167   -0.0070926    -0.107615
   0.0922265      0.57317      0.81423
   0.0763061    -0.647373     0.758344
    0.994176  -0.00864907    -0.107419
   0.0760995     0.762124     0.642943
   0.0518217    -0.623137     0.780394
    0.992928    -0.051428       -0.107
     0.10681      0.78042     0.616065
  -0.0572019    -0.900259      0.43158
    -0.99266   0.00514922    -0.120827
   -0.106553     0.435324     0.893946
   0.0819024    -0.517963     0.851473
    0.993646   -0.0237383    -0.110018
   0.0771978     0.855074     0.512727
    0.103569     0.719553      0.68667
    0.994219   -0.0552428   -0.0920682
   0.0283144    -0.692236     0.721115
    0.113529     0.724019     0.680373
    0.992961   -0.0594184    -0.102458
   0.0337548    -0.687216     0.725668
   -0.144569    -0.768659     0.623107
   -0.989178     0.128204   -0.0713506
   0.0250406     0.626679     0.778875
   -0.143107    -0.486421    -0.861925
   -0.989021     0.102722     0.106238
    0.036862     0.867665    -0.495781
    0.152761     0.650488    -0.743995
    0.988028    -0.116951     0.100614
  -0.0215625    -0.750458    -0.660566
   0.0500764    -0.770317     0.635692
    0.992014   -0.0354079    -0.121052
    0.115757     0.636677     0.762392
  -0.0491138     -0.93875     0.341081
   -0.991372   0.00426816    -0.131005
   -0.121525     0.344572     0.930861
  -0.0418016    -0.854173    -0.518306
   -0.987041     0.115747    -0.111147
   -0.154931    -0.506943     0.847942
  -0.0419196    -0.890474    -0.453099
   -0.987938     0.104603    -0.114175
   -0.149066    -0.442847     0.884119
  -0.0352289    -0.419562    -0.907043
    -0.98546    -0.136366     0.101352
   -0.166214     0.897425    -0.408658
  -0.0288014     0.589788    -0.807045
   -0.980839    -0.172304   -0.0909162
   -0.192678     0.788963     0.583449
   0.0255992    -0.278861     -0.95999
    0.979349     0.199648    -0.031879
     0.20055    -0.939349     0.278213
  -0.0169414    -0.611491      0.79107
   -0.973542     0.190408     0.126335
   -0.227878       -0.768    -0.598538
  -0.0273522    -0.678144      0.73442
   -0.982537     0.153507     0.105151
   -0.184046    -0.718719      -0.6705
  -0.0153132    -0.673952     0.738617
   -0.974474      0.17553      0.13996
   -0.223976     -0.71762    -0.659437
  -0.0123112     -0.38392     0.923284
   -0.974444     0.211723    0.0750452
   -0.224292    -0.898765    -0.376715
   0.0183714    -0.270478    -0.962551
    0.978195     0.204056   -0.0386699
    0.206873    -0.940852     0.268329
  -0.0100766    -0.756979    -0.653361
   -0.973239     0.157435    -0.167393
   -0.229575     -0.63419     0.738308
 -0.00475208    -0.728245     0.685301
   -0.973198     0.160935     0.164272
   -0.229919    -0.666153    -0.709491
  -0.0160536     -0.65806     0.752795
   -0.978714     0.164404     0.122843
     -0.2046    -0.734799    -0.646692
   0.0299988    -0.424115     0.905111
    0.984414    -0.144453    -0.100315
    0.173291     0.894013     0.413171
   0.0262395     0.235177    -0.971598
    0.984768     0.161035     0.065574
    0.171883    -0.958519    -0.227369
   0.0360086    -0.597076     0.801376
    0.988699   -0.0954861    -0.115569
    0.145524     0.796481      0.58689
   0.0417055    -0.747384     0.663082
    0.990045   -0.0583785    -0.128071
    0.134428     0.661823     0.737509
   0.0326044    -0.643852     0.764455
    0.987856    -0.095494    -0.122561
    0.151912     0.759168     0.632919
   0.0129662    -0.957238    -0.289012
   -0.979837    0.0454688    -0.194557
   -0.199378    -0.285707     0.937347
 -0.00363591    -0.954903    -0.296895
   -0.984976    0.0546801    -0.163805
   -0.172652    -0.291839     0.940756
  -0.0145439    -0.715767     0.698187
   -0.981981     0.141805      0.12492
    -0.18842     -0.68379    -0.704932
  -0.0285942    -0.905866    -0.422599
   -0.986945     0.092622    -0.131761
     -0.1585    -0.413314     0.896688
  -0.0187688    -0.969024     0.246253
    -0.98916    0.0538731     0.136603
   -0.145638    -0.241019    -0.959531
   0.0245196     -0.68658     0.726641
    0.984454    -0.109874    -0.137036
    0.173925     0.718704     0.673212
  -0.0413934    -0.917026     0.396675
   -0.990716    0.0891255     0.102657
   -0.129492    -0.388743    -0.912201
   0.0489727      0.97107     0.233719
    0.988204   -0.0131126    -0.152583
    0.145104    -0.238435     0.960257
    0.069772     0.975597      0.20819
    0.991661   -0.0451628    -0.120705
    0.108357    -0.214875     0.970612
  -0.0283292    -0.907449     0.419206
   -0.992115    0.0767454    0.0990844
   -0.122086    -0.413093    -0.902468
   -0.057265    -0.918027     0.392362
   -0.993931    0.0893986    0.0641062
  -0.0939278    -0.386309    -0.917574
  -0.0523426    -0.917291     0.394762
   -0.996027    0.0764713    0.0456271
  -0.0720413    -0.390805     -0.91765
    0.039763    -0.734332     0.677625
    0.988352   -0.0707973    -0.134718
    0.146902     0.675088     0.722963
   0.0634889    -0.687807     0.723112
    0.991947   -0.0360791     -0.12141
    0.109596     0.724996     0.679977
   0.0276822    0.0571516    -0.997982
    0.984606     0.170809    0.0370929
    0.172585    -0.983645   -0.0515434
 -0.00916974    -0.229257     0.973323
   -0.978352     0.203305    0.0386696
   -0.206747    -0.951897    -0.226159
 -0.00917696    -0.573193     0.819369
   -0.979022     0.171946     0.109321
   -0.203549    -0.801177    -0.562747
  0.00379209    -0.474628     0.880179
   -0.974715     0.194897     0.109296
   -0.223419    -0.858338    -0.461888
  0.00173382    -0.498623     0.866817
   -0.973179     0.198563     0.116167
   -0.230041     -0.84377    -0.484906
  0.00670343    -0.735168     0.677852
    -0.97668     0.140657     0.162209
   -0.214596    -0.663132    -0.717081
  -0.0664595    -0.886575     0.457785
   -0.996164    0.0851344    0.0202573
  -0.0569328    -0.454683    -0.888832
  -0.0800432    -0.916861     0.391099
   -0.995447    0.0938932    0.0163852
  -0.0517445    -0.388007    -0.920203
   -0.101775    -0.869769      0.48285
   -0.994243     0.105274   -0.0199349
  -0.0334928      -0.4821    -0.875476
  -0.0930209    -0.910952     0.401888
   -0.995297    0.0960358   -0.0126887
  -0.0270369    -0.401179    -0.915601
   -0.121175    -0.915112    -0.384561
   -0.992543     0.116853    0.0346839
  -0.0131973    -0.385896     0.922448
   -0.115735    -0.884365     0.452221
   -0.993262     0.100326   -0.0580038
  0.00592688    -0.455887    -0.890018
   -0.132174    -0.898396     0.418826
   -0.991185     0.115945   -0.0640952
   0.0090223    -0.423606    -0.905802
   -0.102879    -0.873435     0.475949
   -0.994672    0.0935219   -0.0433772
 -0.00662449    -0.477875    -0.878403
    0.157162     0.950821     0.266906
    0.987433    -0.155832   -0.0262954
  -0.0165903    -0.267685     0.963364
   -0.125601    -0.713123     0.689696
   -0.991574    0.0680199    -0.110246
   -0.031706     0.697731     0.715658
   0.0916952     0.689942    -0.718033
    0.992619  -0.00585359     0.121136
   0.0793738    -0.723841    -0.685386
   0.0959444     0.988454    -0.117274
    0.993339    -0.102633   -0.0523798
   0.0638113     0.111468     0.991717
   -0.105564    -0.846701     0.521491
   -0.994262    0.0990042   -0.0405213
  -0.0173204    -0.522776    -0.852294
  -0.0920159    -0.853428     0.513024
   -0.994801     0.101368  -0.00979877
  -0.0436418    -0.511258    -0.858318
   -0.103213    -0.882235    -0.459356
   -0.993528     0.113465   0.00531628
  -0.0474307    -0.456931     0.888237
  -0.0808991    -0.924468     0.372578
   -0.995089    0.0963013    0.0228831
  -0.0570344    -0.368897    -0.927719
  -0.0896531    -0.907649    -0.410044
   -0.993742      0.10906   -0.0241341
  -0.0666246    -0.405314     0.911747
  -0.0625737    -0.833524     0.548929
   -0.994712    0.0969648    0.0338472
  -0.0814392    -0.543908    -0.835184
  -0.0480804    -0.930023     0.364343
   -0.995304     0.075289    0.0608377
  -0.0840115    -0.359707    -0.929275
    0.082055     0.204577    -0.975405
    0.992529     0.071896    0.0985747
   0.0902939    -0.976207    -0.197149
  -0.0308839    -0.926276     0.375579
   -0.993807    0.0685855    0.0874289
   -0.106743    -0.370552    -0.922658
  -0.0144202    -0.954254     0.298648
   -0.990921    0.0535661     0.123311
   -0.133667    -0.294158    -0.946364
  -0.0166983    -0.933394     0.358464
   -0.992245    0.0596342     0.109058
   -0.123171    -0.353863    -0.927151
-0.000995785    -0.967436    -0.253112
   -0.987892    0.0402189    -0.149837
   -0.155137    -0.249898     0.955763
   0.0038967     -0.89451      0.44703
   -0.989397    0.0614535     0.131593
   -0.145183    -0.442803    -0.884786
   0.0204074    -0.901397     0.432512
   -0.986602    0.0518815     0.154677
   -0.161865    -0.429874    -0.888261
   0.0196507    -0.904271     0.426506
   -0.982356    0.0618917     0.176482
   -0.185985    -0.422449      -0.8871
 -0.00186078    -0.909036     0.416714
   -0.990614    0.0586319     0.123478
   -0.136679    -0.412573    -0.900612
   0.0234395    -0.960282     0.278047
   -0.988231    0.0197968      0.15168
    -0.15116     -0.27833    -0.948516
   0.0186296     -0.97129    -0.237167
   -0.990305    0.0147323    -0.138124
   -0.137652    -0.237441       0.9616
   0.0182616    -0.971885    -0.234749
    0.991084   -0.0133969     0.132563
    0.131981     0.235077    -0.962975
   0.0383803     0.997643   -0.0568833
    0.992453   -0.0446916    -0.114192
    0.116465    0.0520713     0.991829
   0.0590312    -0.842035     0.536183
     0.99025   -0.0184945    -0.138066
    0.126173     0.539106     0.832734
   0.0691904     0.996599   -0.0447527
    0.991826   -0.0735416    -0.104276
    0.107213     0.037172     0.993541
  -0.0439984    -0.908427     0.415722
   -0.993437    0.0837592    0.0778872
   -0.105575    -0.409567     -0.90615
   0.0313746       -0.735     0.677341
    0.990813    -0.066319    -0.117859
    0.131547     0.674816     0.726167
 -0.00386558    -0.962036    -0.272895
    0.990964   -0.0402735     0.127939
    0.134072     0.269935    -0.953499
    0.447431     0.887988     -0.10622
    0.882721    -0.419437      0.21184
   -0.143559     0.188546     0.971515
   -0.480069    -0.536061    -0.694386
   -0.868714      0.40055     0.291369
    0.121945       0.7431    -0.657975
   -0.468836    -0.369366    -0.802348
   -0.877562     0.298022     0.375589
    0.100387       0.8802    -0.463865
   -0.505498    -0.320364    -0.801148
   -0.858059      0.28414     0.427784
   0.0905921     0.903677    -0.418523
   -0.531212    -0.373666    -0.760386
   -0.839243     0.355083     0.411809
    0.116121     0.856907    -0.502221
   -0.479409    -0.220417     -0.84946
   -0.874141     0.205681     0.439968
   0.0777416     0.953473    -0.291282
   -0.531219    -0.321315    -0.783941
    -0.84181     0.304713     0.445539
   0.0957186     0.896608    -0.432356
   -0.506884    -0.299641    -0.808259
   -0.858166      0.26391     0.440344
   0.0813626     0.916824    -0.390914
   -0.519643    -0.294815    -0.801907
   -0.849203     0.281421     0.446829
   0.0939417     0.913174    -0.396597
   -0.550469    -0.413909    -0.725026
   -0.826929      0.38971     0.405357
    0.114769     0.822682    -0.556797
    -0.54021    -0.408958    -0.735477
   -0.834963     0.369447     0.407854
    0.104925     0.834423    -0.541044
   -0.558994    -0.329726    -0.760793
    -0.81942     0.359981     0.446055
    0.126795     0.872751    -0.471411
   -0.476444    -0.343961     -0.80913
    -0.87663     0.256225     0.407269
   0.0672348     0.903349    -0.423603
   -0.496683    -0.232423    -0.836233
   -0.864289     0.220635     0.452024
   0.0794417     0.947259    -0.310466
   -0.471084    -0.250874    -0.845661
   -0.879568     0.206017     0.428855
    0.066632     0.945843    -0.317712
   -0.450799    -0.339556    -0.825519
   -0.890496     0.234911     0.389657
    0.061613     0.910779    -0.408271
   -0.448518    -0.298284    -0.842531
   -0.891468      0.21697     0.397754
   0.0641602     0.929489    -0.363226
   -0.409302    -0.256062     -0.87573
   -0.910819      0.17112     0.375667
   0.0536611     0.951394    -0.303267
    0.401803    0.0184403     -0.91554
    0.913536   -0.0771769     0.399369
  -0.0632941    -0.996847   -0.0478558
     0.44203   -0.0476773    -0.895732
    0.892777   -0.0734064     0.444479
   -0.086944    -0.996162    0.0101173
   -0.384691     0.353575    -0.852641
   -0.918994   -0.0602602     0.389639
   0.0863865     0.933463     0.348115
    0.361174   -0.0643925    -0.930272
    0.930525   -0.0399858      0.36404
  -0.0606391    -0.997123     0.045477
   -0.358285     0.413666    -0.836966
   -0.930782   -0.0885113     0.354699
   0.0726459     0.906116     0.416745
    -0.32087     0.555446    -0.767152
   -0.944801     -0.13103     0.300304
    0.066283     0.821164     0.566829
    0.418614    -0.146515    -0.896268
    0.901742   -0.0501027     0.429362
   -0.107813    -0.987939     0.111145
    0.537388    0.0820071    -0.839339
    0.826565    -0.248711     0.504909
   -0.167347      -0.9651    -0.201438
   -0.520868   -0.0124477    -0.853546
   -0.841931     0.172512     0.511264
    0.140883     0.984929    -0.100336
    0.495832   -0.0580606    -0.866475
    0.849369    -0.175416     0.497797
   -0.180896    -0.982781   -0.0376621
    0.507203    0.0860264    -0.857523
    0.835418    -0.293507     0.464684
   -0.211714    -0.952078    -0.220735
   -0.485916   -0.0185216    -0.873809
   -0.860923     0.182476     0.474882
    0.150654     0.983036    -0.104614
    0.453549     -0.20229     -0.86797
    0.859302    -0.159093     0.486097
    -0.23642    -0.966317     0.101672
    0.431331    0.0881549    -0.897876
    0.878374    -0.268211     0.395629
   -0.205944    -0.959318    -0.193121
    0.400362    -0.214945    -0.890791
    0.884228    -0.164537     0.437114
   -0.240524    -0.962666     0.124186
    0.481782   -0.0788597    -0.872735
    0.837279    -0.252432     0.485018
   -0.258555    -0.964396   -0.0555897
    0.425241     -0.29308    -0.856314
    0.862045     -0.15712     0.481862
   -0.275768    -0.943089     0.185834
    0.448841    0.0891738    -0.889151
    0.838039    -0.387416     0.384185
   -0.310212    -0.917582    -0.248619
    -0.41958     -0.73314     0.535218
   -0.891141     0.444868   -0.0892238
    0.172688     0.514391     0.839989
    0.382189     0.454712    -0.804468
    0.900084    -0.380297     0.212658
   -0.209239    -0.805364    -0.554624
   -0.374139    -0.733718     0.567166
   -0.910738     0.406019   -0.0755334
     0.17486       0.5448     0.820132
   -0.406552  -0.00152867    -0.913626
   -0.900297     0.170871     0.400335
      0.1555     0.985292   -0.0708443
    0.465076   -0.0817111    -0.881491
    0.874901    -0.109534     0.471753
     -0.1351    -0.990619    0.0205476
    0.448105     0.131388    -0.884273
    0.885297    -0.202754     0.418498
   -0.124304    -0.970375    -0.207172
    0.484549   -0.0418635    -0.873762
    0.867678    -0.103874     0.486152
   -0.111113    -0.993709    -0.014008
    0.506435    -0.188085    -0.841515
    0.853718   -0.0278021     0.519992
   -0.121199    -0.981759     0.146492
    0.468414     0.159259    -0.869037
    0.878576    -0.187763     0.439146
  -0.0932352    -0.969217    -0.227872
   -0.383263    -0.723749     0.573844
   -0.922143     0.335179    -0.193151
   0.0525477     0.603194     0.795862
    -0.39709    -0.643918     0.653979
   -0.915155     0.331659    -0.229116
   0.0693656     0.689472     0.720983
    0.398784     0.877965     0.264857
    0.912891     -0.40752   -0.0236271
  -0.0871905    -0.251207     0.963998
   -0.429241    -0.760517     0.487203
   -0.899912     0.406044    -0.159021
    0.076888     0.506698     0.858688
   -0.424226    -0.610995    -0.668369
   -0.903153     0.339205     0.263161
    0.065924     0.715279    -0.695722
    0.429531      0.25499    -0.866304
    0.898617     -0.21565     0.382077
  -0.0893929    -0.942589    -0.321767
   -0.436572    -0.450136    -0.778963
   -0.896732     0.287626     0.336367
   0.0726391     0.845369    -0.529221
   -0.442639     -0.31467    -0.839675
   -0.893579     0.232848     0.383795
   0.0747477     0.920198     -0.38425
   -0.437068    -0.396804    -0.807167
    -0.89669     0.262213     0.356639
   0.0701333     0.879654    -0.470415
   -0.432427    -0.540801    -0.721485
   -0.899397     0.315469     0.302596
   0.0639621     0.779752    -0.622812
   -0.427291    -0.448258    -0.785167
   -0.901299     0.279667     0.330827
   0.0712895     0.849029    -0.523514
    0.420948     0.547096    -0.723525
    0.904248    -0.316123     0.287056
   -0.071675    -0.775082    -0.627782
   -0.450403    -0.348717    -0.821909
   -0.888867     0.261732     0.376049
   0.0839849     0.899941    -0.427847
   -0.454332    -0.408792      -0.7915
   -0.888565     0.271309     0.369924
   0.0635195     0.871367    -0.486502
   -0.435122    -0.335038    -0.835714
   -0.894334     0.268141     0.358145
    0.104097     0.903244     -0.41631
   -0.400078     -0.45547    -0.795289
   -0.907453      0.31837     0.274169
    0.128321     0.831377    -0.540691
   -0.398282    -0.709024     0.581942
    -0.91131     0.378029    -0.163121
    0.104334     0.595297     0.796703
   -0.368828    -0.805374     0.464046
   -0.923269     0.375135   -0.0827574
    0.107429     0.458963     0.881937
   -0.366725    -0.770325     0.521643
   -0.920249      0.38268   -0.0818374
    0.136581     0.510054      0.84923
   -0.371338    -0.546979    -0.750281
   -0.925268     0.285336     0.249925
   0.0773787     0.787018    -0.612058
    0.393302    -0.450011     0.801751
    0.915632     0.270684    -0.297235
  -0.0832617     0.851011     0.518505
    0.397383     0.452225    -0.798486
    0.914632    -0.265738     0.304684
  -0.0744021    -0.851397    -0.519219
    -0.36576      -0.4429    -0.818571
   -0.926497     0.256849     0.275013
   0.0884459     0.858993    -0.504291
    0.362801     0.469187    -0.805133
    0.926573    -0.273595     0.258086
  -0.0991896    -0.839648    -0.533997
   -0.373104    -0.366364    -0.852391
   -0.924776     0.220839      0.30987
   0.0747159     0.903885    -0.421201
   -0.323457    -0.432974    -0.841373
   -0.941007     0.240594     0.237949
   0.0994038     0.868704    -0.485254
   -0.325261    -0.473789     -0.81837
   -0.942383     0.233996      0.23908
   0.0782214     0.848982      -0.5226
   -0.301167     0.536605     -0.78826
    -0.94982   -0.0955555     0.297844
   0.0845022     0.838406     0.538456
   -0.324798    -0.433903    -0.840378
   -0.938989     0.254257     0.231632
    0.113166     0.864339    -0.490012
    0.292117    -0.221667    -0.930339
    0.950942   -0.0362937     0.307234
   -0.101869    -0.974447      0.20019
   -0.296157    -0.510101     -0.80752
   -0.947626     0.262758     0.181559
    0.119569     0.818997    -0.561202
   -0.337107    -0.294779    -0.894128
   -0.938978     0.174272     0.296562
    0.068401      0.93954    -0.335539
   -0.297623     0.514999    -0.803864
   -0.951938   -0.0962774     0.290765
   0.0723497     0.851767     0.518901
   -0.388314    -0.353161     -0.85117
   -0.919175     0.214392     0.330385
   0.0658048     0.910667    -0.407868
   -0.426728    -0.386747    -0.817514
   -0.902152     0.245443     0.354794
   0.0634378     0.888923    -0.453643
   -0.408856    -0.373835    -0.832516
   -0.910074     0.234825     0.341499
   0.0678315     0.897276    -0.436228
   -0.436214    -0.328926    -0.837571
   -0.837474     0.488896     0.244167
    0.329172     0.807953    -0.488731
   -0.409529    -0.359621    -0.838426
   -0.863148     0.450316     0.228453
    0.295401     0.817244    -0.494824
   -0.410998    -0.400332    -0.819033
   -0.863936     0.457847     0.209741
    0.291025     0.793795    -0.534036
    0.436764     0.203989    -0.876142
    0.833827    -0.457308     0.309196
   -0.337595    -0.865597    -0.369828
    0.388134     0.188287    -0.902164
    0.887166    -0.341428     0.310424
   -0.249575    -0.920856    -0.299562
   -0.431825    -0.286612    -0.855208
   -0.853982     0.435036     0.285409
    0.290244     0.853579    -0.432621
    0.410182     0.116485    -0.904534
    0.880515     -0.30895     0.359503
   -0.237579    -0.943918    -0.229293
    0.441439     0.169389    -0.881158
    0.873373    -0.306342     0.378649
   -0.205797     -0.93673    -0.283171
   -0.448478    -0.407436    -0.795527
   -0.826235     0.528447     0.195141
    0.340886     0.744809    -0.573634
     0.44562    -0.446376    -0.775997
    0.853605   -0.0493568     0.518577
   -0.269781    -0.893483     0.359034
    0.458056     0.884855    0.0849432
    0.821335     -0.45784     0.340281
    -0.33999    0.0861008     0.936479
    0.387194      0.17794    -0.904665
    0.905821    -0.256415     0.337254
   -0.171958    -0.950047    -0.260464
   -0.423188     0.322349     -0.84676
   -0.896968   -0.0171165     0.441765
    0.127909     0.946466     0.296381
    0.393928     -0.16644    -0.903946
    0.916449  -0.00409283      0.40013
  -0.0702973    -0.986043     0.150921
   -0.362679     -0.37131    -0.854748
   -0.924474     0.259017     0.279745
    0.117522      0.89165    -0.437206
    0.366228    -0.098737    -0.925272
    0.907481    -0.182023      0.37861
   -0.205804    -0.978324    0.0229398
    0.352388     0.121757      -0.9279
    0.921957    -0.215403     0.321866
   -0.160683    -0.968905     -0.18816
    0.365704     0.135867    -0.920761
    0.905906    -0.278926     0.318646
   -0.213531    -0.950653    -0.225087
    0.381833    -0.130834    -0.914924
    0.887648    -0.223848     0.402459
   -0.257459    -0.965803    0.0306622
   -0.354486    -0.293123    -0.887929
    -0.91876     0.285725     0.272472
    0.173836     0.912382    -0.370595
    0.449469     0.871572    -0.195805
    0.830794    -0.327306     0.450168
   -0.328266      0.36501     0.871211
   -0.444776    -0.708206    -0.548287
   -0.859238     0.164643     0.484358
    0.252754     -0.68654     0.681747
    -0.43352    -0.774173    -0.461211
   -0.866761     0.218201     0.448457
    0.246546    -0.594175     0.765618
    0.423278     0.892377    -0.156524
    0.845588    -0.327084     0.421896
   -0.325294     0.310934     0.893031
   -0.429727     0.582296     -0.69012
   -0.886658     -0.12755     0.444486
    0.170798     0.802908      0.57111
   -0.404302    -0.848303    -0.341939
   -0.882944     0.264449     0.387914
    0.238643    -0.458747     0.855921
   -0.414419     0.548179    -0.726469
   -0.897306    -0.112808     0.426751
    0.151984     0.828718     0.538634
    0.390856     0.876869    -0.279879
     0.90905    -0.320027     0.266854
   -0.144427     0.358725     0.922202
    0.405879     0.904958    -0.127725
    0.855588    -0.327111     0.401207
   -0.321295     0.272122     0.907039
    0.381581     0.898869    -0.215478
    0.897177    -0.304072     0.320334
   -0.222417     0.315555     0.922473
    0.384084     0.911267    -0.148566
     0.87189     -0.30503     0.383099
   -0.303789     0.276676     0.911681
   -0.414344    -0.678768    -0.606294
   -0.907755     0.260221     0.329037
   0.0655695    -0.686701     0.723977
   -0.388103    -0.720188     -0.57507
    -0.92037     0.270441     0.282454
   0.0478972    -0.638898     0.767799
   -0.387549     0.368173    -0.845136
    -0.92178    -0.165997      0.35038
   -0.011289     0.914819     0.403706
   -0.415979     0.613603    -0.671158
   -0.909369    -0.278098     0.309371
  0.00318307     0.739022     0.673674
    -0.42846     0.609844    -0.666718
   -0.898163    -0.206923     0.387925
   0.0986143     0.765032     0.636397
   -0.419634     0.572641    -0.704265
   -0.907633    -0.255785      0.33283
   0.0104512     0.778881     0.627084
   -0.423716     0.426784     -0.79895
   -0.898633   -0.0873654     0.429914
     0.11368     0.900124      0.42054
   -0.437774    -0.681423    -0.586529
   -0.878094     0.183903     0.441736
    0.193145    -0.708408     0.678861
   -0.412841     0.487923    -0.769086
   -0.909719    -0.179711      0.37432
   0.0444266     0.854187     0.518065
   -0.434926    -0.691374    -0.576924
   -0.889188     0.430839     0.154024
   -0.142073    -0.579983     0.802144
   -0.433275      0.59899    -0.673412
   -0.890913    -0.397561      0.21959
    -0.13619     0.695094     0.705901
   -0.418216     0.538665    -0.731392
   -0.899066    -0.360286     0.248745
    -0.12952     0.761599     0.634973
   -0.419799     0.444409    -0.791372
   -0.899076    -0.322958     0.295569
   -0.124226     0.835583     0.535135
    -0.43067     0.536445    -0.725775
   -0.892236    -0.374063     0.252965
   -0.135784     0.756507     0.639734
   -0.409248     0.575308    -0.708192
   -0.908306    -0.330531     0.256378
  -0.0865831     0.748177     0.657825
   -0.413022     0.543954    -0.730429
   -0.904977    -0.335068     0.262194
   -0.102122     0.769313     0.630657
   -0.404813     0.518271     -0.75334
   -0.911899    -0.289699     0.290713
  -0.0675739     0.804655     0.589885
    0.388619   -0.0762285     -0.91824
    0.920483     0.076532     0.383215
   0.0410628    -0.994149    0.0999089
    -0.42254     -0.67837     -0.60106
   -0.898694     0.399574     0.180805
   -0.117516    -0.616566     0.778483
    0.396402    -0.246461    -0.884377
    0.915912     0.172285     0.362524
   0.0630167    -0.953716      0.29403
   -0.406987     0.451622    -0.793977
   -0.909617    -0.279759     0.307133
  -0.0834142     0.847214     0.524662
   -0.402632     0.475093    -0.782416
   -0.915023    -0.232146      0.32991
  -0.0248971     0.848761     0.528191
    0.385094     0.118512    -0.915236
    0.922871   -0.0530659     0.381435
 -0.00336313    -0.991534    -0.129807
   -0.409237     0.514319    -0.753658
   -0.911222    -0.272824     0.308611
  -0.0468916     0.813045     0.580309
   -0.402431     0.609568     -0.68299
   -0.913541    -0.315568     0.256632
  -0.0590949     0.727216      0.68386
   -0.407927     0.344635    -0.845472
   -0.906343    -0.264595     0.329441
    -0.11017     0.900675     0.420293
   -0.400136     0.628528    -0.666967
   -0.910498    -0.355486      0.21124
   -0.104327     0.691797     0.714516
   -0.388246     0.515963    -0.763575
   -0.918589    -0.283108     0.275762
  -0.0738916     0.808475     0.583874
   -0.414589    -0.694121    -0.588482
   -0.900835     0.404637      0.15737
   -0.128888    -0.595369     0.793047
    0.382203    -0.334827    -0.861285
    0.923292     0.176809     0.340984
   0.0381126    -0.925543      0.37672
    -0.36423     0.281561    -0.887728
   -0.931244    -0.121385     0.343585
  -0.0110168     0.951835     0.306414
    -0.35857  -0.00649224     -0.93348
   -0.933172    0.0291319     0.358249
   0.0248683     0.999554   -0.0165042
   -0.375991    -0.404268    -0.833785
   -0.926621     0.162126     0.339246
 -0.00196846     0.900157    -0.435561
    0.346775    -0.128548    -0.929098
    0.935908   -0.0178792     0.351791
  -0.0618337    -0.991542     0.114109
   -0.361269    -0.399315    -0.842634
   -0.930819     0.208048     0.300486
   0.0553199     0.892896    -0.446851
   -0.349832    -0.664056     0.660793
    -0.93227     0.316154     -0.17584
   0.0921449     0.677552      0.72968
   -0.375561    -0.646709     0.663868
   -0.926313     0.285093    -0.246307
    0.029975     0.707453     0.706125
   -0.347924    -0.681908      0.64339
   -0.927877     0.348648    -0.132244
    0.134138     0.642998      0.75403
   -0.346028    -0.709667     0.613708
   -0.931692     0.336967    -0.135662
    0.110525     0.618729     0.777791
   -0.361279    -0.668137     0.650439
   -0.930195     0.306811    -0.201506
   0.0649282     0.677835     0.732342
    0.364262     0.306995    -0.879243
    0.931284    -0.125011     0.342173
 -0.00486963    -0.943465    -0.331436
   -0.660803  -0.00742776    -0.750523
   -0.581162     0.637845     0.505375
    0.474964     0.770129    -0.425807
    0.673561     0.212979    -0.707782
    0.573858    -0.754201     0.319166
   -0.465834    -0.621144    -0.630221
     0.67063     0.150136    -0.726439
     0.62112    -0.649045     0.439262
   -0.405542    -0.745788    -0.528522
     0.67561     0.157998    -0.720131
    0.620994     -0.64844     0.440333
    -0.39739     -0.74469    -0.536208
    0.676745     0.179812    -0.713921
    0.578829    -0.729184     0.365032
   -0.454943    -0.660272    -0.597552
   -0.665325    -0.284245    -0.690324
   -0.657618     0.660843     0.361697
    0.353386     0.694615      -0.6266
   -0.671231    -0.208577    -0.711298
   -0.618942     0.685728     0.382999
    0.407872     0.697333    -0.589379
   -0.665122    -0.354279    -0.657343
   -0.652867     0.703179     0.281611
