   -0.036425    -0.849516     0.526304
   -0.996141   -0.0112192   -0.0870511
    0.079856    -0.527444    -0.845828
  -0.0590142    -0.887772     0.456485
   -0.995955    0.0213232   -0.0872873
   0.0677575    -0.459789    -0.885439
  -0.0915821    -0.878397     0.469074
   -0.994162    0.0536678    -0.093601
   0.0570447    -0.474908    -0.878185
   -0.114619    -0.851301     0.512004
   -0.991879    0.0694759    -0.106529
   0.0551162    -0.520057    -0.852351
   -0.137979    -0.936822     0.321445
   -0.989264     0.114574   -0.0907211
   0.0481601    -0.330512    -0.942572
   -0.145067    -0.885223    -0.441969
   -0.988952     0.115965    0.0923359
   0.0304849    -0.450481     0.892266
   -0.160392    -0.839805    -0.518654
   -0.986716      0.12267     0.106511
   0.0258251    -0.528847     0.848324
   -0.153139    -0.882946     0.443796
   -0.987426     0.118894    -0.104184
   0.0392247     -0.45417    -0.890051
    0.159223     0.725055    -0.670033
    0.987126    -0.106489     0.119342
   -0.015178     0.680409     0.732676
   -0.155146    -0.849127     0.504889
   -0.987208     0.114253    -0.111203
   0.0367407    -0.515683    -0.855991
   -0.146613    -0.867955      0.47451
   -0.989193     0.127965    -0.071571
  0.00139968    -0.479875    -0.877336
   -0.144246    -0.866789     0.477358
   -0.989345       0.1167   -0.0870501
   0.0197462    -0.484828    -0.874386
    0.140835     0.987547   -0.0701168
    0.979194    -0.128492     0.157066
     -0.1461    0.0907784     0.985096
    0.177927     0.977804     0.110642
    0.969355    -0.193514     0.151338
   -0.169389    -0.080324     0.982271
    0.151894     0.969821     0.190721
    0.976464    -0.177134     0.123054
   -0.153124    -0.167541     0.973901
   -0.185837    -0.915744     0.356198
   -0.967366     0.234062    0.0970482
    0.172244     0.326539     0.929357
    0.207543     0.930953     0.300421
     0.96032    -0.252388     0.118681
   -0.186309    -0.263869     0.946394
    -0.15959    -0.823133     0.544962
    -0.97476     0.218699    0.0448769
    0.156122     0.524045     0.837259
    0.207564      0.97257     0.104999
      0.9609    -0.222821     0.164386
   -0.183273   -0.0667727     0.980792
    0.186028     0.532982    -0.825423
    0.967995    -0.243452     0.060962
   -0.168459    -0.810347    -0.561213
   -0.204477    -0.602004    -0.771868
   -0.963307     0.263808    0.0494401
    0.173862     0.753655    -0.633858
    0.225227     0.972971   -0.0509977
    0.954718    -0.209954     0.210792
   -0.194387    0.0961645       0.9762
    0.224265     0.646797    -0.728944
    0.956468    -0.289424    0.0374564
   -0.186747    -0.705611    -0.683548
    0.234566     0.682333     0.692388
    0.952679     -0.30302   -0.0241276
   -0.193344    -0.665283     0.721122
    0.162164     0.238664    -0.957467
    0.975239    -0.186631     0.118654
   -0.150374       -0.953    -0.263019
     -0.1855    -0.527698     -0.82893
   -0.969828      0.23412    0.0679892
    0.158191     0.816531    -0.555206
   -0.163609     -0.47052    -0.867089
   -0.976693     0.201037    0.0751991
    0.138934     0.859183    -0.492445
   -0.138032    -0.476067    -0.868509
   -0.981865     0.180835    0.0569249
    0.129956     0.860616    -0.492394
    0.134439      0.98663   -0.0921283
    0.981974    -0.120182     0.145885
   -0.132862      0.11008     0.985003
  -0.0998044    -0.943048    -0.317332
   -0.988821    0.0584969     0.137154
     0.11078    -0.327473     0.938344
  -0.0898401    -0.949913    -0.299322
   -0.989223     0.050221     0.137532
    0.115612    -0.308452     0.944188
   -0.116687    -0.941224    -0.316988
   -0.984277    0.0669809      0.16344
    0.132602    -0.331076     0.934241
  -0.0863343    -0.996236  -0.00773835
    -0.98979    0.0848863     0.114499
    0.113411   -0.0175445     0.993393
   0.0662568     0.961068    -0.268249
    0.992861   -0.0367774      0.11347
  -0.0991866     0.273852     0.956644
  -0.0594816    -0.984532    -0.164802
   -0.993574    0.0424657     0.104917
    0.096296    -0.169983     0.980731
  -0.0398647    -0.990532    -0.131364
   -0.995715    0.0284025    0.0880027
   0.0834385    -0.134309      0.98742
    0.113442     0.992258   -0.0505401
    0.985047    -0.105688     0.136061
   -0.129667    0.0652194      0.98941
    0.229284     0.618984    -0.751191
    0.957314    -0.282955    0.0590423
   -0.176007    -0.732663    -0.657439
   -0.224936    -0.565187    -0.793704
    -0.95891     0.272951    0.0773905
    0.172902     0.778499    -0.603361
    0.213758     0.632049    -0.744863
    0.965332    -0.253594     0.061842
   -0.149805     -0.73226    -0.664345
    0.213315     0.698941     0.682626
    0.965381    -0.258155    -0.037349
   -0.150118    -0.666962     0.729813
   -0.211963    -0.555308    -0.804179
   -0.966257     0.242314    0.0873587
    0.146353     0.795561    -0.587932
   -0.194477    -0.450903    -0.871129
   -0.973717     0.196075     0.115889
    0.118551     0.870771    -0.477184
   -0.198809    -0.406537    -0.891741
   -0.973283     0.188552     0.131029
    0.114872     0.893966    -0.433161
   -0.179612    -0.540753    -0.821782
   -0.980378     0.167373      0.10414
   0.0812299     0.824362    -0.560205
   -0.190463    -0.569582    -0.799563
   -0.974717     0.206657    0.0849708
    0.116838     0.795531    -0.594541
    0.174119     0.616326    -0.768001
    0.981404    -0.172606    0.0839838
  -0.0808001    -0.768342    -0.634918
    0.168655     0.701208     0.692721
    0.982526    -0.175734   -0.0613265
  -0.0787316    -0.690959     0.718594
    0.198562      0.66176    -0.722943
    0.973858    -0.216259    0.0695202
   -0.110337    -0.717848    -0.687401
    -0.18695    -0.806036     0.561566
   -0.979683      0.19522   -0.0459383
   0.0726008     0.558744     0.826156
    0.189526     0.719564     0.668063
    0.979614    -0.184731   -0.0789398
  -0.0666096    -0.669404     0.739906
    -0.19661    -0.558992    -0.805526
   -0.975166     0.196917     0.101366
    0.101959     0.805451    -0.583826
   -0.206433    -0.466984    -0.859832
   -0.968599     0.221982     0.111985
    0.138573      0.85595    -0.498145
   -0.196622    -0.663871     0.721536
   -0.972738     0.224371   -0.0586369
    0.122964     0.713395     0.689889
    0.203727      0.60468    -0.769972
    0.966771     -0.24831    0.0607932
   -0.154432    -0.756772    -0.635175
    0.215911     0.660824    -0.718815
    0.962149    -0.269366    0.0413662
   -0.166289    -0.700538     -0.69397
    0.188214     0.677722     0.710822
    0.972867    -0.227809   -0.0403992
   -0.134552    -0.699139     0.702211
   -0.169425    -0.885388     0.432877
   -0.984512     0.131957     -0.11543
   0.0450794    -0.445729    -0.894032
   -0.166407    -0.897855     0.407633
   -0.984443     0.127626    -0.120766
   0.0564061    -0.421387    -0.905125
   -0.175058     -0.90322    -0.391851
   -0.981594     0.129251     0.140598
   0.0763441    -0.409252     0.909222
   -0.158259    -0.865325      0.47557
   -0.985511     0.108669    -0.130226
   0.0610077    -0.489288    -0.869986
   -0.158146    -0.933776     0.321016
   -0.983952     0.121823    -0.130376
   0.0826354    -0.336483    -0.938057
   -0.131246    -0.943849     0.303188
   -0.988043    0.0995822    -0.117704
   0.0809032    -0.315011    -0.945634
   -0.131785    -0.915881     0.379204
   -0.989055    0.0958794    -0.112152
   0.0663602    -0.389833    -0.918491
   -0.169393    -0.517557    -0.838713
   -0.978642     0.188905    0.0810839
    0.116472     0.834535    -0.538503
   -0.140252     0.372869    -0.917223
   -0.983834    0.0517077     0.171457
    0.111359     0.926442     0.359589
    0.189656     0.629208    -0.753742
    0.976065     -0.20404    0.0752683
   -0.106434    -0.749977    -0.652845
   -0.193746    -0.826515     0.528521
   -0.977393     0.209103   -0.0312935
   0.0846511     0.522636     0.848343
    0.185955     0.175628    -0.966734
     0.98044   -0.0977435     0.170834
  -0.0644888    -0.979592    -0.190369
    0.185107   -0.0946223    -0.978152
     0.98191   -0.0225677     0.188001
  -0.0398638    -0.995257    0.0887331
   -0.189721    -0.595457    -0.780664
     -0.9802     0.160785     0.115573
   0.0567003     0.787133    -0.614171
   -0.169345    -0.909452     0.379761
    -0.98513     0.144858   -0.0923857
   0.0290087    -0.389759     -0.92046
   -0.106927     -0.88034     0.462134
    -0.99271     0.068528   -0.0991475
   0.0556144    -0.469366     -0.88125
  -0.0772673    -0.896529     0.436194
   -0.995381    0.0443666   -0.0851332
    0.056972    -0.440757    -0.895817
   -0.087836    -0.929221     0.358932
   -0.993368    0.0548718    -0.101037
   0.0741904    -0.365427    -0.927879
  -0.0477105    -0.880304     0.472004
   -0.996761    0.0113345   -0.0796139
   0.0647345    -0.474274    -0.877994
  -0.0536775    -0.826494     0.560381
   -0.995937   0.00367212   -0.0899824
   0.0723121    -0.562933    -0.823333
  -0.0296031    -0.742858     0.668794
   -0.996766   -0.0280652   -0.0752936
   0.0747023     -0.66886    -0.739625
  -0.0278203    -0.906904     0.420418
   -0.996734  -0.00672828   -0.0804705
   0.0758077    -0.421284    -0.903755
  -0.0485955    -0.976782    -0.208653
   -0.995669    0.0307983    0.0877141
   0.0792514    -0.212012     0.974048
   -0.026019    -0.962048    -0.271636
   -0.997155   0.00574907    0.0751525
   0.0707387    -0.272819     0.959461
  -0.0756066    -0.915316     0.395577
   -0.993135    0.0336158    -0.112035
   0.0892499    -0.401332    -0.911574
    0.120153     0.992161    0.0343531
    0.987424    -0.123018    0.0993039
   -0.102751   -0.0219894     0.994464
   -0.115342    -0.918643     0.377878
   -0.990087    0.0756254     -0.11836
   0.0801534    -0.387783    -0.918259
   -0.140812    -0.545745    -0.826035
   -0.989409     0.107268    0.0977921
   0.0352379     0.831057     -0.55507
   -0.147136    -0.390157    -0.908916
   -0.988467     0.091278     0.120832
   0.0358206     0.916213    -0.399088
    0.113436     0.196186    -0.973983
      0.9935   -0.0130353     0.113083
  0.00948918     -0.98048    -0.196389
     0.10945     0.282849    -0.952899
    0.993956   -0.0229528     0.107353
  0.00849295     -0.95889    -0.283651
    0.118807     0.137946    -0.983288
    0.992864  -0.00618845     0.119095
   0.0103437     -0.99042    -0.137697
   0.0929573     0.715209     0.692701
    0.994333   -0.0306456    -0.101794
   0.0515755    -0.698238     0.714005
  -0.0956216    -0.919352     0.381638
   -0.993748    0.0659712   -0.0900669
  -0.0576261     0.387865     0.919913
   0.0722236    -0.738007     0.670917
    0.992406   -0.0139822    -0.122212
    0.099574     0.674649     0.731392
  -0.0873854       0.3937    -0.915076
   -0.994871    -0.081466    0.0599557
   -0.050943     0.915622       0.3988
    0.073329    -0.836191     0.543514
    0.992658   0.00863293    -0.120644
   0.0961894     0.548371     0.830685
   0.0744671   -0.0473321      -0.9961
    0.993562    0.0890351    0.0700467
   0.0853723    -0.994903    0.0536576
   -0.101806     -0.87709     0.469413
   -0.993073    0.0617795   -0.0999428
  -0.0586588     0.476336     0.877304
  -0.0800276    -0.395636    -0.914914
   -0.991638   -0.0616243     0.113387
   -0.101241     0.916338    -0.387396
    0.087975     0.191957    -0.977452
    0.990978    0.0827389     0.105441
    0.101114    -0.977909    -0.182947
   -0.109884    -0.993944 -0.000355874
   -0.991827     0.109674   -0.0652002
  -0.0648444   0.00681151     0.997872
     0.13011     0.990725    0.0391866
    0.991269    -0.129126   -0.0266912
   0.0213837   -0.0423173     0.998875
    0.142893     0.955567     0.257823
    0.989572    -0.133161   -0.0549132
   0.0181412    -0.262981      0.96463
   -0.162257    -0.757455     0.632404
   -0.986314     0.143516   -0.0811658
   0.0292805     0.636919     0.770375
    0.153206     0.286796    -0.945662
    0.987514    -0.079935     0.135744
  -0.0366607    -0.954651    -0.295462
   -0.168828     -0.47477    -0.863766
   -0.985306     0.104281     0.135266
   0.0258538      0.87391    -0.485399
   0.0651736     0.219022    -0.973541
     0.99061     0.103306    0.0895575
    0.120187    -0.970236    -0.210232
  -0.0532672    -0.654049    -0.754575
   -0.988678   -0.0716108     0.131864
   -0.140281     0.753055    -0.642829
   0.0493584    -0.155579     -0.98659
    0.984799     0.172284    0.0221007
    0.166535    -0.972684     0.161718
   0.0519003    0.0605391    -0.996816
    0.986051     0.154959    0.0607508
    0.158143    -0.986064   -0.0516522
  -0.0405482   0.00974145     -0.99913
    -0.98447    -0.171326    0.0382829
   -0.170804     0.985166    0.0165371
   0.0408097     0.979973    -0.194902
    0.979566   -0.0776883    -0.185512
    0.196939     0.183349     0.963119
   0.0326198     0.998652   -0.0403733
    0.979094   -0.0400433    -0.199426
    0.200774     0.033024     0.979081
     0.03079      0.98109    -0.191089
    0.972404   -0.0736355    -0.221376
    0.231261        0.179     0.956283
   0.0437635    -0.228458     -0.97257
    0.980704     0.195488  -0.00179083
    0.190535    -0.953725     0.232605
  -0.0370819    -0.583957     0.810937
   -0.973702     0.203653     0.102126
   -0.224787    -0.785824    -0.576152
  -0.0332731    -0.786677     0.616468
   -0.975092     0.160888     0.152681
   -0.219293    -0.596032    -0.772435
   0.0225168     0.986892    -0.159805
    0.978441   -0.0545774    -0.199184
    0.205295     0.151875     0.966844
  -0.0198801    -0.981702    -0.189382
   -0.973517    0.0621559    -0.220005
    -0.22775    -0.179993     0.956939
  0.00752637     -0.99981    0.0179791
    0.973214   0.00319234     -0.22988
    0.229778    0.0192277     0.973053
   0.0111949     -0.94042    -0.339831
     0.97767   -0.0610272     0.201089
    0.209847     0.334494    -0.918737
   0.0330854    -0.559663     0.828059
    0.984582     -0.12414    -0.123242
    0.171769     0.819369     0.546927
   0.0288278    -0.798468     0.601347
    0.983825   -0.0837415    -0.158355
    0.176799     0.596185     0.783138
   0.0468536     0.145413    -0.988261
    0.987638     0.141411    0.0676314
    0.149585    -0.979213     -0.13699
   0.0526283    -0.271317      0.96105
    0.988466    -0.122698   -0.0887687
    0.142003     0.954637      0.26173
   0.0534268    -0.448923     0.891972
    0.987921    -0.106355    -0.112702
     0.14546     0.887218     0.437818
  0.00424021    -0.780615     0.624998
   -0.978827     0.124666     0.162347
   -0.204647    -0.612453    -0.763558
  -0.0273383    -0.964439    -0.262889
   -0.982041    0.0750236    -0.173109
   -0.186676    -0.253435      0.94917
  -0.0167469     0.999691   -0.0183809
   -0.980435   -0.0200248    -0.195821
   -0.196128    0.0147419     0.980467
   0.0467206     0.973114     0.225537
    0.984883  -0.00717296    -0.173073
    0.166802    -0.230213     0.958738
   0.0583181     0.997362    0.0432181
    0.985388     -0.05057    -0.162647
    0.160032   -0.0520718     0.985737
   0.0367565    -0.817945     0.574121
    0.983898   -0.0709339     -0.16405
    0.174909     0.570906     0.802168
   0.0856289    -0.844155     0.529217
    0.987897   0.00298696     -0.15508
    0.129331     0.536091     0.834194
   0.0681183    -0.866634     0.494272
    0.987636   -0.0115374    -0.156341
    0.141193      0.49881     0.855133
   -0.109299    -0.771406    -0.626887
   -0.989331     0.145539  -0.00659883
  -0.0963266    -0.619477     0.779082
   0.0825542     0.995163    -0.053243
    0.987758   -0.0888016    -0.128252
    0.132359    0.0420035     0.990311
   -0.113937    -0.849953     0.514391
   -0.988282    0.0440287    -0.146152
   -0.101574     0.525016      0.84501
   -0.107195    -0.936321     0.334384
   -0.989293     0.133949    0.0579322
  -0.0990335    -0.324593    -0.940655
   0.0611122    -0.716229     0.695184
    0.988319   -0.0539978    -0.142513
    0.139611     0.695773     0.704563
  -0.0939852    -0.925242    -0.367553
   -0.989578     0.127275   -0.0673495
   -0.109095    -0.357392     0.927561
   0.0277838    -0.820867     0.570443
     0.98372   -0.0789047    -0.161456
    0.177545     0.565642     0.805311
  0.00600383    -0.984978    -0.172573
    0.977919   -0.0302679      0.20678
    0.208897     0.170004    -0.963048
  0.00863959    -0.986619    -0.162816
    0.979247   -0.0246228      0.20117
    0.202487     0.161175    -0.965931
  0.00894818    -0.956694    -0.290958
   -0.974657    0.0566974      -0.2164
   -0.223525    -0.285521     0.931941
  0.00301277     -0.99195    -0.126591
    -0.97364    0.0259619    -0.226607
   -0.228069    -0.123936     0.965725
  0.00980096    -0.905578    -0.424066
   -0.976351    0.0829277    -0.199655
    -0.21597    -0.415994     0.883349
   -0.131605    -0.917377     0.375633
   -0.989483     0.144514    0.0062626
  -0.0600293    -0.370858    -0.926747
   -0.141285    -0.895112    -0.422863
   -0.987692     0.156411  -0.00108561
   -0.067112    -0.417505     0.906193
   -0.155975    -0.813566    -0.560163
   -0.987286     0.145988    0.0628765
  -0.0306229    -0.562848     0.825993
   -0.146043    -0.834194     0.531781
   -0.988819     0.139468   -0.0527783
   -0.030139    -0.533543    -0.845236
   -0.154126    -0.917657     0.366267
   -0.987471     0.130363    -0.088914
  -0.0338448     0.375382     0.926252
   -0.168305    -0.816919      0.55165
   -0.985715      0.13587   -0.0995297
  0.00635505     -0.56052    -0.828116
   -0.176014     0.560508    -0.809228
   -0.984375   -0.0960594     0.147575
  0.00498313     0.822559     0.568657
   -0.146826    -0.856816     0.494276
   -0.989109     0.132359   -0.0643757
  -0.0102638    -0.498345    -0.866918
    -0.17493    -0.909607     0.376847
   -0.984474     0.167229     -0.05334
   0.0145015     0.380327     0.924738
    0.153773     0.955886     0.250271
    0.987848    -0.142936   -0.0610322
   0.0225672    -0.256615      0.96625
    0.122549     0.983375    -0.133999
    0.990217    -0.130229   -0.0501014
   0.0667189     0.126548     0.989714
   -0.128252    -0.926317     0.354244
   -0.989035    0.0930915    -0.114647
  -0.0732224     0.365063     0.928099
    -0.14977    -0.871627     0.466729
   -0.988626     0.138557   -0.0584862
  -0.0136902     -0.47018    -0.882465
   -0.136962    -0.904871     0.403051
   -0.989644     0.142641   -0.0160591
  -0.0429601    -0.401077    -0.915036
    0.140167     0.949446      -0.2809
    0.989253    -0.146215   -0.0005824
   0.0416249     0.277799     0.959737
   -0.129254     -0.93632     0.326493
   -0.989939     0.140958      0.01234
  -0.0575761    -0.321613    -0.945119
   -0.122674    -0.833836     0.538208
    -0.99043     0.137417   -0.0128514
  -0.0632432    -0.534634    -0.842714
   -0.104658     -0.90563     0.410951
   -0.991271     0.128309    0.0303104
  -0.0801785    -0.404192    -0.911153
   -0.101811    -0.908458     0.405386
   -0.991664      0.12503    0.0311363
  -0.0789713    -0.398837    -0.913615
   -0.105336    -0.931375    -0.348489
   -0.990559      0.12919   -0.0458636
  -0.0877375    -0.340367      0.93619
  -0.0787963    -0.882647     0.463385
    -0.98926     0.126635    0.0729932
   -0.123108    -0.452656    -0.883146
   0.0587989     0.997527    -0.038513
    0.986739   -0.0639233    -0.149199
    0.151292    0.0292296     0.988057
  -0.0542925    -0.904459     0.423091
   -0.988294     0.109175     0.106566
   -0.142575    -0.412352    -0.899799
  -0.0336436    -0.906486     0.420893
   -0.983762     0.104321     0.146043
   -0.176294    -0.409145    -0.895277
  -0.0297393    -0.960472     0.276784
   -0.986558    0.0727186      0.14634
   -0.160683    -0.268711    -0.949724
 -0.00675062    -0.983557     -0.18047
   -0.984356    0.0383119    -0.171978
   -0.176064    -0.176486     0.968429
 -0.00275427    -0.889789    -0.456363
   -0.981023    0.0908817    -0.171275
   -0.193874    -0.447231     0.873154
  -0.0245855    -0.886254     0.462547
    -0.98902    0.0890057     0.117969
   -0.145719    -0.454568    -0.878711
  0.00279455    -0.930849     0.365394
   -0.987621    0.0547365     0.146996
   -0.156831    -0.361282    -0.919173
 -0.00624309    -0.981633    -0.190679
   -0.990384    0.0324239    -0.134495
   -0.138207    -0.188005     0.972395
  -0.0386972    -0.959031    -0.280646
   -0.988631    0.0775832    -0.128801
   -0.145297    -0.272472      0.95113
  -0.0605947    -0.947319     0.314508
   -0.989098    0.0993524     0.108691
   -0.134212    -0.304493    -0.943012
   0.0777391     0.963464     0.256309
    0.988688   -0.0414252    -0.144154
    0.128269    -0.264616     0.955785
   0.0975169     0.989167    -0.109727
       0.989    -0.108636    -0.100388
    0.111221      0.09873     0.988879
   -0.084658    -0.954128      0.28718
   -0.989327     0.114795    0.0897507
     -0.1186    -0.276517    -0.953663
    0.052524    -0.828278      0.55785
    0.989032    -0.034077    -0.143718
    0.138048      0.55928     0.817403
 -0.00732064    -0.897083     0.441801
   -0.990703    0.0665248     0.118664
   -0.135842    -0.436825     -0.88923
    0.461105     0.191447    -0.866447
    0.876171    -0.252709     0.410442
   -0.140381    -0.948413    -0.284265
    0.508109      0.20366    -0.836868
    0.855066    -0.235903     0.461749
    -0.10338    -0.950196    -0.294007
   -0.473358    -0.426193    -0.770903
   -0.876802     0.311979     0.365906
   0.0845595     0.849134    -0.521364
   -0.505446    -0.554664    -0.660963
   -0.859344     0.392649     0.327649
   0.0777912     0.733603    -0.675111
    0.533382     0.207359    -0.820065
     0.83965    -0.247194     0.483615
   -0.102433    -0.946518    -0.305958
   -0.482863    -0.346989    -0.804016
   -0.873917     0.249433     0.417195
   0.0557864     0.904091    -0.423682
    0.527356     0.314994    -0.789097
    0.845688    -0.284127     0.451757
  -0.0819031    -0.905567    -0.416222
    0.506509    -0.106574    -0.855623
    0.860224  -0.00526721     0.509889
  -0.0588478    -0.994291    0.0890099
    0.507649    -0.282717    -0.813857
    0.858202    0.0825586      0.50663
  -0.0760422    -0.955644     0.284539
     0.54519     0.142547    -0.826104
    0.831906    -0.213591     0.512164
   -0.103441    -0.966467    -0.235034
    0.527691     0.251405     -0.81138
    0.844388    -0.259239     0.468833
   -0.092474    -0.932519    -0.349081
     0.54716    0.0348565    -0.836302
    0.829124    -0.159547     0.535815
   -0.114753    -0.986575    -0.116198
   -0.480834    -0.505567     -0.71638
   -0.875926     0.313686     0.366544
   0.0394057     0.803743     -0.59367
   -0.486193    -0.700039     0.523031
   -0.872039     0.427207    -0.238835
   0.0562484     0.572223     0.818167
   -0.465825    -0.671506      0.57627
   -0.883996     0.382194    -0.269217
   0.0394667     0.634829     0.771644
     0.45937       0.8713      0.17267
    0.887882    -0.455978   -0.0612315
  -0.0253825    -0.181438     0.983075
   -0.461033    -0.555463    -0.692033
   -0.886685      0.31929     0.334431
   0.0351949     0.767799    -0.639724
   -0.432204    -0.556103    -0.709894
   -0.901392     0.289379     0.322106
   0.0263043     0.779108    -0.626337
   -0.425544    -0.521098    -0.739844
   -0.903818     0.285392     0.318848
   0.0449943     0.804368    -0.592425
   -0.441466     -0.57186    -0.691437
   -0.895309     0.331765     0.297244
   0.0594129     0.750272    -0.658454
    0.395521     0.910072      0.12382
    0.915611    -0.401301    0.0247899
  -0.0722496    -0.103566     0.991995
    -0.37695    -0.404174    -0.833398
   -0.925534      0.19933     0.321954
   0.0359961     0.892699    -0.449214
    0.360846     0.102179    -0.927011
    0.930658    -0.103974     0.350805
  -0.0605401    -0.989317    -0.132612
    0.330627     0.244739    -0.911476
    0.942616    -0.133209     0.306155
   -0.046489    -0.960395    -0.274737
    0.430679     0.875271     0.220038
    0.895972    -0.443941    0.0122331
   -0.108391    -0.191879     0.975415
    0.536901    -0.385424    -0.750457
    0.832583    0.0984884     0.545074
   -0.136173    -0.917469     0.373776
   -0.519817    -0.395296    -0.757319
   -0.846748     0.355856     0.395455
    0.113175     0.846822    -0.519696
    0.505037     0.313766    -0.804045
    0.851499     -0.33334     0.404763
   -0.141019    -0.889064    -0.435521
   -0.521978     0.586776    -0.619058
   -0.837037    -0.212805     0.504066
    0.164035     0.781286     0.602233
   -0.480789      -0.5249    -0.702369
   -0.868436      0.39567     0.298771
    0.121082     0.753608    -0.646076
    0.490231   -0.0943673    -0.866469
    0.855311    -0.139166     0.499075
   -0.167679    -0.985763    0.0124901
    0.471628   -0.0845114    -0.877739
     0.87073    -0.112579     0.478702
   -0.139271    -0.990042    0.0204911
    0.459777    -0.257594    -0.849853
    0.873131   -0.0434647     0.485544
   -0.162012    -0.965275     0.204929
    0.513466     -0.51263    -0.688159
    0.836457     0.119985     0.534737
   -0.191553    -0.850185     0.490401
    0.478901    0.0747129    -0.874684
    0.855927    -0.261112     0.446329
   -0.195044    -0.962413    -0.188996
     0.50448    -0.216141    -0.835932
    0.835341    -0.122732     0.535857
   -0.218416    -0.968618     0.118636
   -0.450674     0.343576    -0.823923
   -0.884316   -0.0457098     0.464647
     0.12198     0.938012      0.32443
    -0.44062      0.35844    -0.823028
   -0.887166   -0.0338683     0.460207
    0.137082     0.932938     0.332918
   -0.423114    -0.807111     0.411761
   -0.898774     0.431443   -0.0778633
    0.114807     0.403025     0.907959
   -0.435924    -0.612466    -0.659436
   -0.894707     0.374149     0.243951
   0.0973155     0.696346    -0.711078
    0.465904   -0.0633682    -0.882563
    0.879316    -0.078069     0.469796
  -0.0986709    -0.994932     0.019348
   -0.448353     -0.64534     0.618479
   -0.890127     0.385489    -0.243048
   0.0815685     0.659496     0.747269
    0.479885    -0.508761    -0.714753
    0.874132     0.207758     0.439009
  -0.0748551    -0.835463     0.544425
    0.496319    -0.211081    -0.842088
    0.862528   0.00977333     0.505916
  -0.0985592     -0.97742     0.186914
    0.461537     0.829906     0.313431
    0.885107    -0.454586   -0.0996895
  -0.0597484     -0.32343     0.944364
    0.406706     0.851102     0.331987
    0.911285    -0.403582   -0.0817384
  -0.0644163    -0.335778     0.939736
    0.413456     0.909885   -0.0341102
    0.908053    -0.409286     0.089023
  -0.0670399     0.067781     0.995445
    -0.41413     -0.77082     -0.48408
   -0.907303     0.307056     0.287259
   0.0727854     -0.55817     0.826528
   -0.426739       -0.781    -0.455997
   -0.902164     0.332388     0.274988
   0.0631971    -0.528732     0.846433
    0.424138     0.327932    -0.844137
    0.903227    -0.220591     0.368132
  -0.0654868    -0.918586    -0.389758
   -0.430287     0.517309     -0.73976
   -0.900236    -0.185505     0.393907
   0.0665425     0.835452      0.54552
   -0.431933    -0.740942     0.514237
    -0.90027     0.388525    -0.196372
   0.0542941     0.547771     0.834864
     0.43611     0.109849    -0.893164
    0.898283    -0.112498     0.424773
  -0.0538181    -0.987561    -0.147737
   -0.441751    -0.715579     0.541113
   -0.896287     0.378287    -0.231451
   0.0390746     0.587236     0.808472
    0.429313     0.335965    -0.838343
    0.901183    -0.220666     0.373062
  -0.0596584    -0.915661    -0.397501
    0.437191     0.109273    -0.892706
    0.898189    -0.103868     0.427163
  -0.0460463     -0.98857    -0.143558
   -0.437179    -0.318022    -0.841271
   -0.897789     0.209839     0.387225
   0.0533857      0.92457    -0.377254
   -0.445119    -0.672712      0.59104
   -0.893586     0.376492    -0.244453
   0.0580758     0.636955      0.76871
    -0.45272    -0.554642    -0.698152
   -0.890843     0.314715     0.327649
   0.0379907     0.770277    -0.636577
   -0.433607    -0.739086     0.515497
   -0.897996     0.401876     -0.17916
   0.0747514       0.5406     0.837952
   -0.424012     0.431252    -0.796389
   -0.901409    -0.115886     0.417173
   0.0876163     0.894758     0.437872
    0.417285      0.90728   -0.0521221
    0.905344    -0.410045     0.110522
  -0.0789015    0.0933074     0.992506
    -0.40781    -0.769878     0.490897
   -0.908949     0.393311    -0.138272
   0.0866225     0.502588     0.860175
   -0.409459   0.00905496    -0.912284
   -0.906646     0.107396     0.407995
     0.10167     0.994175   -0.0357647
   -0.404955    -0.674997     0.616758
   -0.911379     0.352197    -0.212945
   0.0734828     0.648334     0.757802
   -0.428978    -0.328196    -0.841585
   -0.901681     0.211593     0.377094
   0.0543129     0.920606    -0.386697
   -0.428386    -0.515164    -0.742355
   -0.902625     0.282046     0.325143
   0.0418763     0.809355    -0.585825
    -0.39193      -0.5361    -0.747655
   -0.918382     0.276089     0.283459
   0.0544566     0.797729    -0.600553
    0.387635     0.609461    -0.691589
    0.918888    -0.315194     0.237271
  -0.0733771    -0.727468    -0.682207
      -0.395    -0.522031    -0.755949
   -0.917465     0.266481     0.295374
   0.0472515     0.810229    -0.584205
    -0.34825    -0.466084    -0.813319
   -0.935133     0.233055     0.266853
   0.0651718     0.853493    -0.517012
   -0.352205    -0.471972    -0.808204
   -0.934601     0.223236     0.276923
   0.0497204     0.852882     -0.51973
    0.306867     0.536561    -0.786089
    0.949955    -0.223413     0.218342
  -0.0584685     -0.81375    -0.578266
    0.351464     0.530439    -0.771433
    0.932139    -0.274952     0.235624
  -0.0871231    -0.801895    -0.591078
   -0.305428    -0.401431    -0.863462
   -0.948835     0.204644     0.240485
   0.0801641     0.892734    -0.443396
   -0.311338    -0.468118    -0.827003
   -0.944268     0.250281     0.213815
    0.106893     0.847481    -0.519951
   -0.364734    -0.276249    -0.889188
   -0.930301     0.147957     0.335632
   0.0388434     0.949629     -0.31096
   -0.309884     0.282709    -0.907771
   -0.949727   -0.0472307     0.309497
   0.0446231     0.958042     0.283132
    0.406924     0.177611    -0.896029
    0.912974    -0.111146     0.392588
  -0.0298624    -0.977804    -0.207382
    0.446568     0.855683     0.261502
      0.8943    -0.436116    -0.100149
  -0.0283498    -0.278585     0.959993
    -0.43033    -0.676456     0.597682
   -0.901991     0.347948    -0.255626
   0.0350422     0.649107     0.759889
   -0.496598     0.459525    -0.736361
    -0.83394   -0.0173414     0.551583
    0.240697     0.887996     0.391828
   -0.470956   -0.0195471     -0.88194
    -0.85595     0.251999     0.451492
    0.213422      0.96753    -0.135412
    0.468506     0.754123    -0.460219
    0.853965    -0.253084     0.454634
   -0.226376     0.606009     0.762566
   -0.494131     0.529854    -0.689267
    -0.83055   -0.0533847     0.554379
    0.256944     0.846407      0.46645
    0.447634    -0.274238    -0.851127
    0.873312   -0.0705331     0.482028
   -0.192223    -0.959072     0.207922
   -0.472625     0.547013    -0.690943
   -0.847731   -0.0679834     0.526051
    0.240784     0.834359     0.495851
    0.448792      0.87202    -0.195361
    0.871871    -0.379316     0.309775
   -0.196027     0.309354     0.930523
    0.454303     0.883993     0.110294
    0.868515    -0.467055     0.165957
   -0.198219   -0.0203973     0.979946
    0.502265    -0.252791    -0.826938
    0.819753    -0.165154     0.548388
     -0.2752    -0.953321     0.124275
   -0.477584    -0.801206     -0.36053
   -0.844763     0.305992     0.439027
    0.241432    -0.514235     0.822966
    0.508115     0.794632     0.332234
    0.813137    -0.569753     0.119122
   -0.283949    -0.209624     0.935645
    0.423586     0.875186    -0.233719
    0.891474    -0.356954     0.279031
   -0.160777     0.326548     0.931406
    0.433593     0.858733     0.273085
    0.889457    -0.456436    0.0230497
   -0.144439    -0.232903     0.961714
    0.421471     0.889175     0.178131
    0.901073    -0.432753    0.0281641
    -0.10213    -0.148639     0.983604
    0.412812    -0.240214    -0.878569
    0.902184   -0.0246434     0.430646
   -0.125098    -0.970407     0.206544
    0.421967    -0.133915    -0.896666
    0.892556    -0.112116     0.436777
   -0.159022     -0.98463    0.0722178
   -0.408183    -0.782496     0.470198
   -0.903653     0.419457   -0.0864151
    0.129608     0.460169      0.87832
   -0.429888     0.594262    -0.679742
   -0.889685    -0.150556     0.431038
     0.15381     0.790054     0.593428
    0.444941   -0.0895942    -0.891067
    0.877548    -0.154929     0.453769
   -0.178707    -0.983855   0.00968904
    0.414458     0.810258    -0.414374
    0.901068    -0.301478     0.311747
   -0.127671     0.502586     0.855048
    -0.51725    -0.323667     -0.79227
   -0.805616     0.496582     0.323094
    0.288852     0.805386    -0.517609
    0.486847    0.0324772    -0.872883
    0.838029    -0.299201     0.456275
   -0.246349    -0.953637    -0.172882
   -0.495316    -0.336866    -0.800739
   -0.832823     0.446343     0.327388
    0.247118     0.829035    -0.501631
    0.510458     0.857756   -0.0607227
    0.811252     -0.45696     0.364772
   -0.285137     0.235462     0.929115
   -0.467546    -0.406579    -0.784917
   -0.866824     0.384909     0.316956
    0.173254     0.828576    -0.532395
    0.469671     0.876383     0.106596
    0.849619    -0.481501     0.215185
    -0.23991    0.0104998     0.970738
   -0.461547    -0.811966    -0.357332
   -0.871656     0.340213     0.352804
    0.164896    -0.474306     0.864779
   -0.438721    -0.752406    -0.491334
   -0.880104     0.249334     0.404042
    0.181497    -0.609687     0.771583
     0.49327     0.853334    -0.168839
     0.81895    -0.390123     0.420862
   -0.293268     0.345869     0.891274
   -0.462694    -0.836565    -0.293382
   -0.850758     0.325965      0.41226
     0.24925    -0.440347     0.862536
    0.461887     0.852057    -0.246292
     0.83346    -0.322001     0.449066
   -0.303323     0.412692     0.858883
    -0.44247    -0.725535    -0.527086
   -0.890099      0.28368      0.35672
    0.109289    -0.626997     0.771318
    -0.42073    -0.708797     -0.56621
   -0.899474     0.244718     0.362022
    0.118038    -0.661604     0.740504
   -0.411974    -0.718805    -0.559996
   -0.909177     0.283382     0.305111
   0.0606229    -0.634834     0.770267
   -0.430235    -0.722102    -0.541725
   -0.901315     0.310189     0.302348
    0.050289    -0.618346     0.784296
   -0.448243    -0.257673    -0.855969
   -0.887278     0.244684     0.390982
    0.108697     0.934737    -0.338306
    0.434508     0.856873    -0.277437
    0.898832    -0.392877     0.194292
  -0.0574846     0.333791     0.940893
   -0.446075    -0.760582     0.471733
   -0.884457     0.455267    -0.102317
    0.136944     0.462868     0.875785
    0.463832     0.755589    -0.462542
    0.865957     -0.27646     0.416759
   -0.187024     0.593847     0.782539
    0.430489     0.882839     0.187814
    0.899053    -0.437831  -0.00265314
  -0.0798887    -0.169997     0.982201
   -0.399565    -0.736141    -0.546301
     -0.9139     0.366461     0.174622
   -0.071651    -0.569037     0.819184
   -0.413728     0.543489    -0.730375
   -0.906774    -0.317538     0.277364
  -0.0811776     0.777039     0.624196
   -0.412118    -0.697578    -0.586126
   -0.908435      0.36404     0.205478
  -0.0700368    -0.617139     0.783731
   -0.423756    -0.742262    -0.519112
   -0.903664     0.385568     0.186357
  -0.0618275    -0.548073     0.834142
   -0.433637    -0.724434    -0.535867
   -0.897239     0.402038     0.182556
  -0.0831889    -0.559965      0.82433
   -0.421429    -0.786122    -0.452116
   -0.906481     0.379611     0.184901
  -0.0262733    -0.487757     0.872584
    0.429913     0.746481    -0.507879
    0.901776    -0.382701     0.200848
   0.0444362     0.544341     0.837686
   -0.422579    -0.777003     0.466576
   -0.906305     0.358762    -0.223384
 -0.00618016     0.517258     0.855807
    0.416133     0.893767      0.16737
    0.908993    -0.413692   -0.0508935
  -0.0237527    -0.173317      0.98458
    0.443493     0.874353      0.19703
    0.893559    -0.414222    -0.173129
   0.0697611     -0.25284      0.96499
    0.421983     0.868316     0.260687
    0.906543    -0.400808    -0.132411
   0.0104893      -0.2922       0.9563
    0.439313     0.897688   -0.0340642
    0.897493    -0.440227   -0.0265834
   0.0388595    0.0188939     0.999066
   -0.428218     0.597928    -0.677578
   -0.903018    -0.254539     0.346074
   0.0344576      0.76006     0.648938
   -0.417467    -0.908628    0.0108308
   -0.906254     0.417189    0.0682399
   0.0665232   -0.0186724      0.99761
   -0.425305    -0.718546      0.55028
   -0.904973     0.345587    -0.248181
   0.0118402     0.603541     0.797244
    -0.41598     0.523019    -0.743916
   -0.909353    -0.233695     0.344186
  0.00616696     0.819657     0.572821
   -0.406142     -0.76752    -0.495946
   -0.912898     0.365027     0.182682
  -0.0408214    -0.526943      0.84892
   -0.393024    -0.798172    -0.456567
   -0.918998     0.357816      0.16556
   -0.031222    -0.484653     0.874149
   -0.402459    -0.748857    -0.526536
   -0.915416     0.325219     0.237163
   0.0063617    -0.577448     0.816402
    0.388068    -0.587222    -0.710333
    0.919735     0.296158     0.257638
   0.0590798      -0.7533     0.655018
    -0.41755    -0.586285    -0.694206
   -0.908651     0.271366     0.317354
  0.00232415     0.763302    -0.646037
   -0.408363    -0.737995     0.537218
   -0.912593     0.343196     -0.22224
   0.0203589     0.581016     0.813638
   -0.399335    -0.595127    -0.697392
   -0.915417     0.300671     0.267598
   0.0504309     0.745265    -0.664858
   -0.404623    -0.595673    -0.693869
   -0.913875     0.291073     0.283037
    0.033369     0.748632    -0.662145
    -0.39703    -0.562552    -0.725192
   -0.914587     0.308614     0.261319
   0.0767989     0.767003    -0.637031
   -0.396791    -0.772893      0.49517
   -0.915255     0.374132    -0.149445
   0.0697537     0.512505     0.855846
   -0.396638    -0.476498    -0.784619
   -0.913759     0.286766     0.287768
   0.0878807     0.831093    -0.549147
   -0.400961    -0.517792    -0.755726
   -0.914391     0.276495     0.295701
   0.0558431     0.809594    -0.584328
   -0.402145    -0.698006    -0.592509
   -0.909077     0.227436     0.349074
    0.108898    -0.679014     0.726004
    -0.40173    -0.544614    -0.736212
   -0.909928     0.327967     0.253907
    0.103172     0.771902    -0.627314
   -0.404765    -0.684781     0.606004
   -0.909627     0.369298    -0.190258
    0.093511     0.628247     0.772374
   -0.404453    -0.640196    -0.653121
   -0.913169     0.322044     0.249819
   0.0504006      0.69745    -0.714859
    0.671355    0.0651595    -0.738266
    0.572521    -0.678162     0.460777
    -0.47064    -0.732018    -0.492592
   -0.682906    -0.622138    -0.382862
   -0.574261     0.133262     0.807754
    0.451513    -0.771483     0.448275
   -0.669886    -0.631908     0.389802
   -0.625262      0.76325     0.162775
    0.400375     0.134688     0.906399
    -0.67761    -0.410572    -0.610143
   -0.617474     0.768272     0.168773
    0.399463      0.49111    -0.774106
    0.682955     0.719915    -0.123675
    0.577426    -0.428381     0.695032
   -0.447383     0.546088     0.708262
   -0.661724    -0.430561    -0.613791
     -0.6675     0.711123      0.22079
    0.341417     0.555807    -0.757966
   -0.678136    -0.455216    -0.576983
   -0.620944     0.774849      0.11848
    0.393141      0.43862    -0.808117
    0.662578     0.289797    -0.690658
    0.668382    -0.644917     0.370603
