  -0.0051633    -0.874425     0.485134
   -0.998935   -0.0177338   -0.0425958
   0.0458501    -0.484837    -0.873402
  -0.0362391    -0.868812     0.493815
   -0.998414    0.0101681     -0.05538
   0.0430937    -0.495038    -0.867802
  -0.0798096    -0.857113     0.508909
   -0.996309    0.0524091   -0.0679779
   0.0315932    -0.512456    -0.858132
   -0.114563    -0.849486     0.515023
   -0.992503    0.0756562   -0.0959866
   0.0425745    -0.522159    -0.851785
   -0.145856    -0.925411     0.349772
   -0.988595     0.122937   -0.0869866
   0.0374984     -0.35847    -0.932788
   -0.143352    -0.905398     -0.39963
   -0.989486     0.123287    0.0756222
   0.0191992    -0.406268     0.913552
   -0.169311    -0.827238    -0.535735
   -0.985366     0.131232     0.108774
   0.0196764    -0.546311     0.837351
   -0.163135    -0.891444     0.422747
   -0.986081     0.133369   -0.0992867
   0.0321271     -0.43306    -0.900793
   -0.169302    -0.926886     -0.33499
   -0.985428     0.153556    0.0731544
    0.016366    -0.342494     0.939378
   -0.170137    -0.843888     0.508828
   -0.984793     0.127185     -0.11835
   0.0351588    -0.521226    -0.852694
   -0.162848    -0.822887      0.54437
   -0.986603      0.14126   -0.0816094
 -0.00974217    -0.550367    -0.834866
   -0.160338    -0.857019     0.489704
   -0.986868     0.129334    -0.096773
   0.0196007    -0.498789    -0.866502
    0.144545     0.987613   -0.0610453
    0.980106     -0.13442     0.146022
   -0.136008    0.0809377     0.987396
    0.195198     0.977141   -0.0842251
    0.966472    -0.177035     0.185983
   -0.166821     0.117705     0.978936
   -0.150272    -0.934432    -0.322884
   -0.977564    0.0916787     0.189643
    0.147607    -0.344138     0.927244
   -0.204082    -0.891439     0.404583
   -0.962249     0.258689    0.0846002
    0.180077     0.372044      0.91058
    0.229773     0.932758     0.277789
    0.953411    -0.273055     0.128248
   -0.195476    -0.235379     0.952043
   -0.167745    -0.899634    -0.403138
   -0.973817    0.0875672      0.20979
    0.153432    -0.427774     0.890768
   -0.229795    -0.973198  -0.00891998
   -0.953365      0.22325     0.203112
    0.195677   -0.0551782     0.979115
     -0.2045    -0.900158    -0.384571
   -0.963044     0.114664     0.243716
    0.175287    -0.420199     0.890341
   -0.228507    -0.449457    -0.863582
   -0.955219     0.274802     0.109732
    0.187994     0.849984    -0.492124
    0.249624     0.922438    -0.294613
    0.945909    -0.167172     0.278045
   -0.207228     0.348084     0.914273
    0.249204     0.613115    -0.749658
    0.947122    -0.315855    0.0565205
    -0.20213    -0.724103    -0.659407
    0.259903     0.651899    -0.712375
    0.942975    -0.330224    0.0418455
   -0.207964    -0.682627    -0.700551
   -0.174763    -0.895323    -0.409701
   -0.972493    0.0918783     0.214047
    0.153999    -0.435838     0.886752
    0.201567     0.932306    -0.300295
    0.964944      -0.1364     0.224228
   -0.168089     0.334964     0.927117
    0.173376     0.201344    -0.964055
    0.974049    -0.179668      0.13765
   -0.145495    -0.962902    -0.227269
   -0.141838    -0.884019    -0.445413
   -0.981279    0.0663457     0.180802
    0.130281    -0.462719     0.876879
   -0.126666    -0.941631    -0.311908
   -0.983528    0.0783452     0.162893
    0.128949    -0.327403     0.936044
   -0.091089    -0.953074    -0.288707
   -0.990175    0.0557938     0.128221
    0.106096     -0.29755     0.948793
   0.0782718     0.964917    -0.250617
    0.991172   -0.0483366     0.123456
    -0.10701     0.258067     0.960182
   -0.115552    -0.941133    -0.317673
   -0.985091    0.0675444     0.158217
    0.127446    -0.331219     0.934907
   0.0740144     0.995281    0.0627524
    0.992593   -0.0796011    0.0917775
  -0.0963395   -0.0554947       0.9938
  -0.0424718    -0.943528    -0.328559
    -0.99569     0.012835    0.0918512
   0.0824472    -0.331044     0.940007
   -0.035458    -0.991882    -0.122116
   -0.996602     0.026005    0.0781513
   0.0743412    -0.124473     0.989434
  -0.0057611    -0.998353   -0.0570874
   -0.998317   0.00244774     0.057941
   0.0577058   -0.0573251     0.996686
    -0.11056    -0.993674   -0.0197091
   -0.987064     0.107465     0.118976
    0.116105   -0.0326081     0.992702
    0.252125     0.578855    -0.775474
    0.948848    -0.305265    0.0806264
   -0.190054    -0.756135     -0.62621
   -0.249164    -0.517562    -0.818564
   -0.950082     0.294515     0.102982
     0.18778     0.803362    -0.565109
    0.235627     0.590974    -0.771511
    0.958189    -0.273879    0.0828502
   -0.162338    -0.758775    -0.630798
     0.23336     0.670268     0.704474
    0.958998    -0.278464   -0.0527284
   -0.160828    -0.687894     0.707768
   -0.234398    -0.433099    -0.870335
   -0.958773      0.25095     0.133338
    0.160662     0.865707    -0.474066
     -0.2125    -0.394376    -0.894042
   -0.968765     0.204711     0.139959
    0.127824     0.895858    -0.425559
   -0.217445    -0.582348    -0.783319
   -0.967796     0.232919    0.0954949
    0.126838     0.778858    -0.614241
   -0.196205    -0.512713     -0.83584
   -0.976552     0.179193     0.119317
   0.0886019     0.839652    -0.535849
   -0.206277    -0.517975    -0.830151
   -0.970599     0.215867     0.106485
    0.124045      0.82771    -0.547275
    0.188255     0.591346    -0.784136
    0.978314    -0.183139    0.0967613
  -0.0863862    -0.785347    -0.612999
    0.180607     0.683612     0.707146
    0.980082    -0.185457     -0.07103
  -0.0825886     -0.70589      0.70349
    0.219889     0.622402    -0.751175
    0.967894    -0.235323     0.088346
   -0.121782    -0.746484    -0.654164
   -0.206455    -0.770881     0.602594
   -0.975154     0.212664   -0.0620434
   0.0803221     0.600431     0.795633
    0.210449     0.663509    -0.717961
    0.974782    -0.198195     0.102564
   -0.074244    -0.721439    -0.688486
   -0.217244     -0.83225     0.510064
   -0.970024     0.242365   -0.0176907
    0.108898     0.498617     0.859955
   -0.229155    -0.352495    -0.907323
   -0.961277     0.228547     0.153991
    0.153085     0.907476    -0.391218
   -0.217745    -0.576646    -0.787443
   -0.966458     0.239962    0.0915211
    0.136181     0.780959    -0.609555
   -0.227063     -0.51683    -0.825426
   -0.959052     0.266006     0.097265
    0.169299     0.813712    -0.556067
    0.240525     0.579593    -0.778601
     0.95349     -0.29122    0.0777669
   -0.181671    -0.761093    -0.622682
    -0.20798    -0.474926    -0.855096
   -0.966353     0.235034     0.104501
    0.151347     0.848059    -0.507828
   -0.184506    -0.936626     0.297808
   -0.981667     0.160882    -0.102206
   0.0478171    -0.311206    -0.949139
   -0.179845    -0.899698     0.397744
   -0.982008     0.140538     -0.12613
   0.0575802    -0.413272    -0.908786
   -0.189739    -0.909371    -0.370194
   -0.978369     0.143464     0.149037
   0.0824208    -0.390465     0.916921
   -0.168912    -0.864619     0.473184
   -0.983846     0.119021    -0.133723
   0.0593011    -0.488128    -0.870755
   -0.167863    -0.940022     0.296952
   -0.982025      0.13308    -0.133853
   0.0863068    -0.314084    -0.945464
   -0.132476    -0.951265      0.27847
   -0.988018     0.104291    -0.113768
   0.0791814    -0.290205    -0.953683
   -0.137205    -0.896373     0.421533
   -0.989206     0.101892    -0.105309
   0.0514453    -0.431432    -0.900677
    0.182159     0.701721     0.688771
    0.975326    -0.217807   -0.0360428
   -0.124727    -0.678342     0.724083
    0.143438      0.28437    -0.947924
    0.982709    -0.154248     0.102428
   -0.117088    -0.946225    -0.301578
   -0.207925    -0.799954     0.562887
   -0.971404     0.236318   -0.0229814
    0.114636     0.551569     0.826215
   -0.213124    -0.704559     0.676887
   -0.972444     0.219983   -0.0772069
   0.0945066     0.674689     0.732027
   -0.204196    -0.418527    -0.884952
    -0.97635     0.152658     0.153088
   0.0710232     0.895283    -0.439801
    0.204491     0.204128    -0.957348
    0.977871   -0.0867417      0.19038
    -0.04418    -0.975094    -0.217349
   -0.210797    -0.538642    -0.815738
   -0.975477     0.169969     0.139843
   0.0633247     0.825212    -0.561262
   -0.186997    -0.910768     0.368149
   -0.981879     0.161558   -0.0990537
   0.0307373    -0.380001    -0.924475
  -0.0971593     -0.88131     0.462443
   -0.994543    0.0682274   -0.0789279
   0.0380086    -0.467588    -0.883129
  -0.0545772    -0.898789      0.43497
   -0.997953    0.0345624   -0.0537995
   0.0333208    -0.437016    -0.898836
  -0.0603177    -0.919802      0.38772
   -0.996388    0.0322242   -0.0785617
   0.0597672    -0.391058    -0.918423
  -0.0105346    -0.881069     0.472871
   -0.999247  -0.00838256   -0.0378798
   0.0373386    -0.472914    -0.880317
  -0.0128019    -0.815653       0.5784
   -0.998682   -0.0183212   -0.0479404
   0.0496997    -0.578252    -0.814343
   0.0147305    -0.703883     0.710163
   -0.998945   -0.0412621   -0.0201768
   0.0435049    -0.709116    -0.703748
   0.0178303    -0.897014     0.441642
   -0.999223   -0.0315154   -0.0236694
   0.0351503    -0.440877    -0.896879
  -0.0176813    -0.993342    -0.113839
   -0.998047    0.0107125    0.0615397
   0.0599105    -0.114705     0.991591
    0.018299    -0.975162    -0.220738
    -0.99905   -0.0265686    0.0345526
   0.0395591    -0.219896     0.974721
  -0.0562819    -0.928121    -0.368001
   -0.995271    0.0229293    0.0943875
    0.079165    -0.371573     0.925022
   -0.111166     -0.91233    -0.394075
    -0.98911    0.0630864      0.13297
   0.0964517    -0.404565     0.909409
   -0.109958    -0.925029     0.363634
   -0.991157    0.0747073    -0.109667
   0.0742792    -0.372477    -0.925064
   -0.148573    -0.515155    -0.844122
   -0.988275     0.107725     0.108202
   0.0351926     0.850301     -0.52512
   -0.156659     -0.37392    -0.914134
   -0.986963    0.0938502     0.130751
   0.0369013       0.9227    -0.383748
    0.118084     0.221078    -0.968081
    0.992921   -0.0136885     0.117988
    0.012833     -0.97516    -0.221129
    0.113702     0.286554    -0.951293
    0.993438   -0.0209128      0.11244
   0.0123259    -0.957836    -0.287052
    0.124883     0.171069    -0.977312
    0.992085    -0.008553     0.125274
   0.0130715    -0.985222    -0.170783
  -0.0920671    -0.581041     -0.80865
   -0.994005     0.005535     0.109193
  -0.0589699     0.813855    -0.578068
  -0.0980626    -0.890353     0.444585
   -0.993022    0.0581378    -0.102602
  -0.0655045     0.451544     0.889841
    0.072342    -0.704218     0.706288
    0.991076   -0.0287375    -0.130165
    0.111961     0.709402     0.695855
   -0.091024     0.357731    -0.929378
   -0.994156   -0.0870343    0.0638676
  -0.0580403      0.92976     0.363563
    0.074687    -0.809446     0.582425
     0.99135  -0.00293839    -0.131209
    0.107918     0.587187     0.802225
  -0.0787956    0.0146125    -0.996784
   -0.992353   -0.0964489    0.0770314
  -0.0950131     0.995231    0.0221005
   -0.106136    -0.820199     0.562147
   -0.992142    0.0496818    -0.114833
  -0.0662571     0.569917     0.819026
   0.0749046    -0.576481      0.81367
    0.990721   -0.0497753    -0.126469
    0.113408     0.815593     0.567403
   0.0788597     0.952606     0.293806
    0.989588   -0.0392081    -0.138488
    0.120405    -0.301668      0.94578
    0.117412     0.987194     0.107993
    0.990415    -0.108436   -0.0855524
   0.0727465    -0.117003     0.990464
    0.139512     0.981268     0.132848
    0.989917     -0.13489   -0.0432203
   0.0244908    -0.137539     0.990194
    0.151249     0.968588     0.197386
    0.988169     -0.14302   -0.0553864
   0.0254165    -0.203428      0.97876
   -0.170421    -0.669383     0.723107
    -0.98486     0.139351    -0.103113
   0.0317437     0.729731     0.682997
    0.164973     0.283525    -0.944668
    0.985523   -0.0853425     0.146494
  -0.0390855     -0.95516      -0.2935
   -0.180085    -0.423214    -0.887952
   -0.983236     0.103666         0.15
   0.0285687      0.90008    -0.434788
   0.0718621     0.219529    -0.972956
    0.988652      0.11334    0.0985945
    0.131919       -0.969    -0.208893
  -0.0629513    -0.768272     -0.63702
   -0.986365     0.145142    -0.077573
   -0.152056    -0.623451     0.766934
    0.056417    -0.131836    -0.989665
    0.981792     0.187413    0.0310023
    0.181389    -0.973394     0.140009
   0.0654742    -0.228441    -0.971354
    0.983607     0.178685    0.0242772
    0.168021    -0.957019     0.236396
   0.0421088    -0.678635    -0.733268
    0.980648     0.168521   -0.0996504
    0.191198    -0.714882     0.672598
   0.0559252     0.984326    -0.167256
     0.97609   -0.0891432    -0.198246
    0.210048      0.15217     0.965776
  -0.0405464    -0.999177   0.00126798
   -0.975307     0.039302    -0.217326
   -0.217098    0.0100485     0.976098
   0.0453499     0.972921    -0.226645
    0.969543   -0.0975291    -0.224666
    0.240687     0.209554     0.947712
   0.0646625    -0.260623    -0.963273
    0.977549     0.210528   0.00866029
    0.200539    -0.942207     0.268385
  -0.0571375       -0.582     0.811179
   -0.970037     0.224544     0.092777
   -0.236141    -0.781573    -0.577391
  -0.0595231    -0.791619    -0.608109
   -0.971928     0.184872    -0.145526
   -0.227623    -0.582376     0.780401
   0.0248214     0.997667   -0.0635989
     0.97434   -0.0383794    -0.221787
     0.22371    0.0564619     0.973019
  -0.0308223    -0.987175     -0.15664
   -0.969373    0.0677252    -0.236071
   -0.243652    -0.144567     0.959028
    0.010867    -0.998035   -0.0617106
    0.968751  -0.00478561      0.24799
    0.247798    0.0624771    -0.966795
  0.00940089     -0.90592    -0.423345
    0.973326   -0.0887641     0.211561
    0.229235     0.414041    -0.880921
   0.0311793    -0.547882     0.835974
     0.98124    -0.142421    -0.129938
    0.190251     0.824343     0.533163
   0.0249781     -0.75743     0.652438
    0.980253    -0.109506    -0.164656
    0.196162     0.643668     0.739738
   0.0445885     0.236559    -0.970593
    0.985018     0.151602    0.0822004
    0.166589    -0.959717    -0.226255
  -0.0479315    -0.311799    -0.948938
    -0.98559    -0.139526    0.0956278
   -0.162218     0.939848    -0.300618
  -0.0423439    -0.790539     0.610946
   -0.986114   -0.0652151    -0.152732
   -0.160584     0.608929       0.7768
  0.00690629    -0.713614     0.700505
   -0.974938     0.150973      0.16341
   -0.222368    -0.684078    -0.694687
   0.0280401     0.985416    -0.167836
    0.978431   -0.0614331    -0.197228
    0.204662     0.158685     0.965884
   0.0141564      -0.9898    -0.141761
    0.976371   -0.0168915     0.215441
    0.215638     0.141461    -0.966172
   0.0484388    -0.882392    -0.468015
    0.981568   -0.0446741     0.185819
    0.184873      0.46839    -0.863964
  -0.0633465    -0.947423      0.31365
   -0.982231   0.00355464     -0.18764
    -0.17666     0.319963     0.930814
    0.034008    -0.881299     0.471333
    0.981095   -0.0604608    -0.183838
    0.190514     0.468675     0.862582
   0.0854138    -0.925718     0.368444
    0.985013    0.0228416    -0.170959
    0.149844     0.377525     0.913795
    0.062264    -0.960227     -0.27219
    0.984666    0.0145719     0.173838
    0.162957      0.27884    -0.946411
   -0.112411    -0.993662 -0.000194903
   -0.986869     0.111665    -0.116711
   -0.115993    0.0129272     0.993166
   0.0848411     0.960971     -0.26332
    0.985089    -0.120594    -0.122709
    0.149674     0.248982     0.956873
   -0.122039    -0.901132    -0.416014
   -0.985589     0.159494   -0.0563555
   -0.117136    -0.403142      0.90761
   -0.120332    -0.938877     0.322537
   -0.986654      0.14901    0.0656541
   -0.109702    -0.310333    -0.944277
  -0.0491892     0.401142    -0.914694
   -0.985914    -0.166075   -0.0198135
   -0.159856     0.900835      0.40366
   -0.100765    -0.728007     0.678124
   -0.987423   -0.0102826    -0.157763
   -0.121825     0.685493     0.717815
   0.0225897    -0.880595     0.473332
      0.9808   -0.0722117    -0.181152
    0.193702     0.468336     0.862056
  0.00155303    -0.934768    -0.355257
    0.973406   -0.0799693     0.214674
     0.22908     0.346142    -0.909784
  0.00369027    -0.961944     -0.27322
    0.974839   -0.0574352     0.215383
    0.222879      0.26714    -0.937529
   0.0129455    -0.965229    -0.261087
   -0.970006     0.051263    -0.237613
   -0.242735    -0.256332     0.935614
  0.00436751    -0.997021   -0.0770072
   -0.968988     0.014807    -0.246665
   -0.247071   -0.0756963     0.966036
   0.0141674    -0.905105    -0.424951
   -0.971998    0.0872316      -0.2182
   -0.234563    -0.416143     0.878524
   -0.147169    -0.917742     0.368905
    -0.98686     0.161387   0.00779769
  -0.0666927     -0.36291    -0.929435
   -0.157167    -0.887225     -0.43374
   -0.984745        0.174  0.000904052
  -0.0746687    -0.427265     0.901038
   -0.173173    -0.760102    -0.626304
   -0.984303     0.155551     0.083378
  -0.0340461    -0.630911     0.775108
   -0.162649    -0.823837     0.542989
   -0.986093      0.15477   -0.0605563
  -0.0341499    -0.545287    -0.837553
   -0.171536    -0.786752     0.592956
   -0.984455     0.113839    -0.133747
  -0.0377241     0.606681      0.79405
   -0.191561    -0.927063    -0.322271
   -0.981476     0.179895    0.0659026
   0.0031209    -0.328925     0.944351
    0.195494    0.0318091    -0.980189
    0.980688   -0.0121292       0.1952
 -0.00567977     -0.99942    -0.033566
   -0.162762    -0.862662     0.478877
   -0.986516     0.150718   -0.0637926
  -0.0171437    -0.482803    -0.875561
   -0.194537    -0.816221     0.544003
   -0.980759     0.171111   -0.0939884
   0.0163694      0.55182     0.833803
   -0.170307    -0.910514     0.376776
   -0.985075     0.147626   -0.0885117
  -0.0249692     0.386226     0.922066
    0.133792     0.990576    0.0293205
    0.988202     -0.13113   -0.0791279
   0.0745374   -0.0395613     0.996433
   -0.141464    -0.729695     0.668979
   -0.986559    0.0480889    -0.156167
  -0.0817837     0.682079     0.726691
   -0.161557    -0.825978     0.540056
   -0.986695     0.145319   -0.0729124
  -0.0182564    -0.544649    -0.838465
   -0.153647    -0.903625     0.399817
   -0.986946     0.160104   -0.0174246
  -0.0482673    -0.397276    -0.916429
   -0.154351    -0.861285    -0.484111
   -0.986727     0.159398    0.0310145
  -0.0504541    -0.482472     0.874457
   -0.145358    -0.940725     0.306443
   -0.987261     0.158172    0.0172624
  -0.0647099     -0.30003    -0.951732
   -0.139737    -0.813496     0.564534
   -0.987613     0.155599   -0.0202416
  -0.0713745    -0.560369    -0.825162
   -0.116112    -0.897854     0.424707
   -0.988931     0.144277    0.0346426
  -0.0923794    -0.415983    -0.904668
    -0.11557    -0.907578     0.403666
   -0.989387     0.141212    0.0342306
  -0.0880694    -0.395426    -0.914266
    -0.12347    -0.942471    -0.310649
   -0.987573     0.147374   -0.0545939
  -0.0972347    -0.300048     0.948956
  -0.0878544    -0.874249     0.477462
   -0.986919     0.141435    0.0773761
   -0.135176    -0.464419    -0.875239
  -0.0605825    -0.939164    -0.338085
   -0.983758     0.113515    -0.139051
   -0.168969     -0.32417     0.930787
  -0.0664228    -0.929479     0.362844
   -0.986811     0.114995     0.113931
   -0.147622    -0.350491    -0.924859
  -0.0365447    -0.897929     0.438622
   -0.980725     0.116528      0.15684
   -0.191943    -0.424436     -0.88488
  -0.0329243    -0.965175    -0.259525
   -0.984339     0.076308    -0.158913
   -0.173182    -0.250229     0.952572
  -0.0145056    -0.919492     0.392842
   -0.982291    0.0865014     0.166196
   -0.186797    -0.383474    -0.904464
  -0.0026348    -0.868348     0.495949
   -0.977797     0.106159     0.180677
    -0.20954    -0.484461    -0.849347
  -0.0297254    -0.875221      0.48281
   -0.987407     0.100798      0.12193
   -0.155382    -0.473106    -0.867195
 -0.00360806    -0.913599     0.406599
   -0.986816    0.0690451     0.146383
   -0.161809    -0.400711    -0.901803
  -0.0110504    -0.985834    -0.167358
   -0.989302     0.035126     -0.14159
   -0.145463    -0.164003     0.975676
   0.0475584     0.966736    -0.251314
    0.986787   -0.0844853    -0.138253
    0.154887     0.241418     0.957981
    -0.07079    -0.948326       0.3093
   -0.986988     0.111471      0.11588
    -0.14437    -0.297072    -0.943878
   0.0907145     0.994809    0.0461003
    0.986131   -0.0832703    -0.143565
    0.138981   -0.0584844     0.988567
    0.112703     0.991884    0.0588564
    0.986095    -0.104372    -0.129319
    0.122126   -0.0726126     0.989855
  -0.0960684    -0.962194     0.254861
   -0.987556     0.124165    0.0965159
   -0.124512    -0.242417    -0.962149
   0.0623287    -0.884963    -0.461472
    0.987852   -0.0112449     0.154989
    0.142348     0.465526    -0.873511
   -0.015061    -0.872131     0.489041
   -0.989911    0.0819218     0.115609
   -0.140889    -0.482366    -0.864565
   -0.444463    -0.371016    -0.815353
   -0.887166     0.308355     0.343297
    0.124049     0.875936    -0.466205
    0.507759     0.267583    -0.818889
    0.855133    -0.271885     0.441391
   -0.104535     -0.92438    -0.366871
   -0.480757    -0.444705    -0.755718
   -0.873252     0.320854      0.36672
    0.079393     0.836236    -0.542592
   -0.509736    -0.357156    -0.782693
    -0.85702     0.290532     0.425567
   0.0754032     0.887711    -0.454185
     0.53487     0.131036    -0.834712
    0.839451    -0.194781     0.507329
  -0.0961079    -0.972055     -0.21418
   -0.481332    -0.413212     -0.77303
   -0.874881     0.280675      0.39472
   0.0538673     0.866301     -0.49661
   -0.525901    -0.571982    -0.629495
   -0.846175     0.426776     0.319139
   0.0861111     0.700499    -0.708439
   -0.501203     -0.58108    -0.641203
   -0.862766     0.392569      0.31863
   0.0665673     0.712906    -0.698093
   -0.498731    -0.509158    -0.701445
   -0.862033     0.375754      0.34016
   0.0903757     0.774317    -0.626311
    0.546445     -0.26665    -0.793911
    0.830671    0.0518008     0.554349
   -0.106692      -0.9624     0.249805
   -0.521709    -0.431616    -0.735885
   -0.846371     0.370167     0.382926
    0.107124     0.822608    -0.558427
    0.539387    -0.254593    -0.802648
    0.832318    0.0166385     0.554049
   -0.127702    -0.966905     0.220877
    0.482202     0.191108    -0.854962
    0.874637    -0.160636     0.457392
  -0.0499265    -0.968336    -0.244609
    0.483316    0.0754073    -0.872192
    0.872842    -0.118291     0.473449
  -0.0674708    -0.990112    -0.122991
     -0.4621     -0.61776    -0.636267
   -0.885142     0.365506     0.287976
   0.0546595     0.696261    -0.715705
   -0.458115    -0.622422    -0.634604
   -0.888051      0.35154     0.296284
   0.0386751     0.699293    -0.713788
   -0.464707    -0.339138    -0.817944
   -0.884391     0.223248     0.409894
   0.0435936     0.913863    -0.403676
   -0.431822    -0.428693    -0.793569
   -0.901177     0.241697     0.359809
   0.0375556      0.87052    -0.490698
    0.416613    0.0553122      -0.9074
    0.908067   -0.0725228     0.412499
   -0.042991    -0.995832   -0.0804411
   -0.453995    -0.464389    -0.760415
   -0.889551      0.28496     0.357067
   0.0508701     0.838535    -0.542468
   -0.370736     0.358293    -0.856843
   -0.925211   -0.0621483     0.374329
   0.0808684     0.931538     0.354538
    0.382429   -0.0568833    -0.922232
    0.923167     -0.01847     0.383955
  -0.0388743     -0.99821    0.0454493
    0.338053   -0.0386222    -0.940334
    0.938867   -0.0553641       0.3398
  -0.0651845    -0.997719    0.0175451
    0.298851     0.112554    -0.947639
    0.952775   -0.0913021     0.289627
  -0.0539227    -0.989442    -0.134525
    0.422305      0.87842     0.223687
    0.900703    -0.434402   0.00543702
   -0.101946     -0.19918     0.974646
   -0.520631     0.333776    -0.785836
   -0.838655    -0.027433     0.543972
    0.160007     0.942253     0.294205
    0.502021     0.272976    -0.820646
    0.853626    -0.308807     0.419476
   -0.138915     -0.91111    -0.388047
   -0.475268     0.532164    -0.700658
   -0.861826    -0.121253     0.492497
    0.177133     0.837913     0.516261
   -0.499537     0.562524    -0.658809
   -0.843511    -0.142585      0.51784
    0.197361     0.814393     0.545722
   -0.455841    -0.628303    -0.630432
    -0.87775      0.43473     0.201405
    0.147524      0.64517    -0.749661
    0.454935     0.334363     -0.82537
    0.865637    -0.383624     0.321721
    -0.20906    -0.860833    -0.463961
   -0.429742     -0.90285    0.0135914
   -0.885029     0.424148      0.19189
    0.179012   -0.0704342     0.981322
    0.409195   -0.0969233    -0.907285
    0.888518    -0.183899     0.420377
   -0.207593    -0.978155    0.0108676
    -0.47753    -0.752656    -0.453292
   -0.846771     0.256606     0.465975
    0.234401    -0.606352     0.759864
    0.435144   -0.0451941    -0.899226
    0.866787    -0.249163      0.43197
   -0.243576    -0.967407   -0.0692482
   -0.464652     0.397185    -0.791418
   -0.844204    0.0710357     0.531294
    0.267241     0.914985     0.302299
   -0.411941     0.347619    -0.842298
   -0.898041   0.00171159     0.439909
    0.154362     0.937634     0.311471
    -0.39208     0.519532    -0.759184
   -0.902426    -0.056988     0.427059
    0.178606     0.852549     0.491183
   -0.378249     0.602532    -0.702767
   -0.913675    -0.121012     0.388013
    0.148747     0.788867     0.596292
    0.400351   -0.0910622    -0.911826
    0.907496   -0.0986788     0.408305
   -0.127159    -0.990944    0.0431325
   -0.434161     0.358975    -0.826221
   -0.891197   -0.0373499     0.452076
    0.131425       0.9326     0.336133
   -0.421924    -0.618949    -0.662481
   -0.900749     0.369276     0.228662
    0.103108     0.693207    -0.713325
    0.463832    -0.124156     -0.87718
    0.880496   -0.0448237      0.47193
  -0.0979114     -0.99125    0.0885283
   -0.476997    -0.520855    -0.707944
   -0.870231     0.392771     0.297369
    0.123174     0.757919    -0.640615
   -0.446234     -0.68105     0.580557
    -0.89117     0.397467    -0.218713
    0.081798     0.614972     0.784295
   -0.371404    -0.550066    -0.747988
   -0.925286     0.285955      0.24915
   0.0768419     0.784638    -0.615173
     0.38373      0.91864    0.0940879
    0.919523    -0.389493    0.0526663
  -0.0850279   -0.0663063      0.99417
   -0.383008    -0.693306    -0.610435
    -0.91926     0.221023     0.325747
   0.0909221    -0.685912     0.721982
    0.403719    -0.283992     -0.86969
    0.911118    0.0386498     0.410329
  -0.0829167    -0.958047     0.274353
   -0.398974    -0.489947    -0.775094
   -0.913356     0.287236     0.288578
   0.0812472     0.823072    -0.562096
   -0.406875    -0.696611     0.590919
   -0.909731     0.367578    -0.193069
   0.0827146     0.616132     0.783288
   -0.412628     -0.56681    -0.713067
   -0.908196     0.316266     0.274146
   0.0701301     0.760725    -0.645275
    0.423567     0.855712     0.297235
    0.903282    -0.423735   -0.0673042
  -0.0683559    -0.296995     0.952429
   -0.433415    -0.638033     0.636447
   -0.899746     0.346375    -0.265482
   0.0510631     0.687705     0.724193
   -0.414106    -0.332865    -0.847182
   -0.907746     0.219722     0.357379
   0.0671854     0.917019    -0.393145
   -0.426819    -0.598134    -0.678278
    -0.90254     0.329003     0.277812
   0.0569867     0.730748    -0.680265
   -0.423384    -0.261085    -0.867514
   -0.903659      0.18977     0.383912
   0.0643945     0.946479    -0.316277
   -0.433542    -0.491166    -0.755512
   -0.898392     0.300931     0.319894
   0.0702358     0.817433    -0.571725
   -0.442198    -0.677871     0.587326
   -0.895397     0.371754    -0.245079
   0.0522093     0.634264     0.771352
    0.415389    0.0758665    -0.906474
    0.905073    -0.134241     0.403512
  -0.0910734     -0.98804    -0.124427
    0.388655    -0.219038    -0.894969
    0.914075   -0.0304381     0.404401
   -0.115821    -0.975241     0.188387
   -0.385785    -0.813385    -0.435402
   -0.916955     0.285971     0.278232
    0.101797    -0.506582     0.856161
    0.363808     0.877957     0.311184
    0.924736    -0.380535  -0.00749587
   -0.111835     -0.29049      0.95032
   -0.367356     0.580211    -0.726914
   -0.920863    -0.117137     0.371874
    0.130617     0.805999     0.577326
   -0.366747    -0.739011      0.56512
   -0.925572     0.351141     -0.14148
   0.0938819     0.574946     0.812787
   -0.413108    -0.499219    -0.761657
   -0.908298     0.286347     0.304961
    0.065856     0.817793    -0.571732
    0.417148     0.216446    -0.882688
    0.907166    -0.158067     0.389956
  -0.0551194    -0.963414    -0.262289
    0.377439    0.0707118    -0.923331
     0.92379   -0.0981215     0.370113
  -0.0644272    -0.992659    -0.102358
   -0.375079    -0.564171    -0.735545
   -0.923318     0.297953     0.242298
   0.0824603     0.770023    -0.632665
    0.386119     0.216262     -0.89674
    0.921289    -0.139148     0.363131
  -0.0462485    -0.966369    -0.252967
   -0.329354    -0.440304     -0.83526
   -0.941387     0.221444     0.254467
   0.0729206     0.870112     -0.48743
   -0.337367    -0.306081    -0.890223
   -0.939675     0.166274     0.298939
   0.0565217     0.937373    -0.343712
    0.288203   -0.0312454    -0.957059
    0.955376   -0.0582196     0.289597
  -0.0647682    -0.997815     0.013072
   -0.336831    -0.528292    -0.779392
    -0.93662     0.272716     0.219927
   0.0963675     0.804073    -0.586668
   -0.276295    -0.515933    -0.810848
   -0.956869     0.226497     0.181934
   0.0897888     0.826143    -0.556261
     0.28026     0.589171    -0.757847
    0.952656    -0.267678     0.144202
     -0.1179    -0.762382    -0.636297
    0.355985     0.114259     -0.92748
    0.933368   -0.0921362     0.346894
  -0.0458188    -0.989169    -0.139445
   -0.273608    -0.440115    -0.855241
   -0.960135     0.177909     0.215612
   0.0572607      0.88014    -0.471247
   -0.402745    -0.374431    -0.835223
   -0.914301     0.207455     0.347874
   0.0430167      0.90375    -0.425894
   -0.435817    -0.543318    -0.717543
   -0.899134       0.2985     0.320088
   0.0402768     0.784667    -0.618607
     -0.4208    -0.234577      -0.8763
   -0.905853     0.160368     0.392062
   0.0485611     0.958778    -0.279975
   -0.461611     0.482003    -0.744707
   -0.837352    0.0403765     0.545171
    0.292843     0.875239     0.384968
    0.428227    -0.358968    -0.829315
    0.864897    -0.103133      0.49124
   -0.261869    -0.927634     0.266306
   -0.430015    -0.805402     -0.40794
   -0.860338     0.228585     0.455595
    0.273687    -0.546879     0.791213
   -0.463667    -0.744347    -0.480583
   -0.830431     0.176011     0.528587
    0.308865    -0.644179      0.69974
   -0.407718    -0.704854    -0.580471
   -0.882789     0.141825     0.447849
    0.233343     -0.69503     0.680062
   -0.443949    -0.700739    -0.558458
    -0.85012     0.132404     0.509671
    0.283204    -0.701024     0.654493
    0.419156     0.862864    -0.282443
    0.878709    -0.307275     0.365313
   -0.228428     0.401308     0.887002
   -0.442717     0.578384    -0.685182
   -0.871534   -0.0979333     0.480456
    0.210786     0.809865     0.547438
   -0.477109    -0.643253    -0.598826
   -0.818685    0.0775429     0.568983
    0.319565    -0.761717     0.563618
    0.470557    -0.281317    -0.836323
     0.83766     -0.15546     0.523602
   -0.277313    -0.946939     0.162495
   -0.500193    -0.017891    -0.865729
   -0.800494     0.390776     0.454426
    0.330176     0.920312    -0.209785
    0.390704     0.857362    -0.335084
    0.901487    -0.282743     0.327686
   -0.186203     0.430102     0.883369
    0.418764     0.889624     0.182227
    0.896068    -0.437363    0.0759921
   -0.147304    -0.131465     0.980315
    0.408578     0.909705     0.074171
    0.908366    -0.413214    0.0642334
  -0.0890819     -0.04113     0.995175
   -0.374948    -0.582986    -0.720792
   -0.917017     0.347297     0.196123
    0.135992     0.734515    -0.664826
    -0.37876    -0.664858    -0.643821
   -0.904948     0.120281     0.408169
    0.193935    -0.737222     0.647219
   -0.363926    -0.451394     -0.81474
   -0.919093     0.315915     0.235511
     0.15108     0.834531    -0.529843
    0.378605    -0.111359    -0.918835
    0.905593    -0.160513     0.392603
   -0.191204    -0.980732    0.0400747
   -0.397792     0.406856    -0.822332
   -0.889855     0.047178     0.453797
    0.223426     0.912273     0.343276
   -0.363062    -0.734648      0.57313
   -0.918278      0.38639   -0.0864225
    0.157962      0.55767     0.814894
   -0.522476    -0.493681    -0.695196
   -0.790945      0.58515     0.178903
    0.318473     0.643334    -0.696201
    0.490908     0.255043    -0.833044
    0.834183    -0.413407     0.365012
   -0.251293    -0.874098    -0.415697
    -0.50758    -0.374534    -0.775943
    -0.83083     0.451304     0.325647
     0.22822     0.809968    -0.540247
    -0.52257     -0.48746    -0.699503
   -0.796779     0.571187     0.197201
    0.303419     0.660401    -0.686883
   -0.488783    -0.312312    -0.814587
   -0.861363     0.320853     0.393836
    0.138363     0.894156    -0.425841
    0.498375     0.829948    -0.250617
    0.836786    -0.384889     0.389423
   -0.226741     0.403791     0.886308
    0.490318       0.8175     -0.30213
    0.859816    -0.397047     0.321044
   -0.142494      0.41719     0.897579
   -0.471201    -0.748637    -0.466381
   -0.870037      0.30762     0.385235
    0.144933    -0.587292     0.796293
    0.509286     0.858421    -0.061162
    0.808503    -0.452896     0.375777
   -0.294875     0.240827      0.92469
   -0.470673    -0.823408    -0.316965
   -0.853469     0.333798     0.400212
    0.223736    -0.458888     0.859863
    0.473495     0.869179    -0.142582
     0.83065    -0.386807       0.4005
   -0.292954     0.308071     0.905136
   -0.474991    -0.724998    -0.498761
   -0.878102     0.353378     0.322584
   0.0576219    -0.591188     0.804473
   -0.460166    -0.714123    -0.527518
   -0.886372     0.335448     0.319091
   0.0509152    -0.614412     0.787341
   -0.434338     0.588183    -0.682196
   -0.900318     -0.30693     0.308579
  -0.0278857      0.74822     0.662864
   -0.456588     0.540632    -0.706572
   -0.889194    -0.303487     0.342387
  -0.0293294      0.78461     0.619296
   -0.469539     -0.44885    -0.760307
   -0.880624     0.300036     0.366715
   0.0635193     0.841731    -0.536147
     0.45637     0.243048    -0.855952
    0.889621    -0.105892     0.444253
   0.0173367    -0.964217    -0.264547
   -0.449071     -0.67248     0.588308
   -0.885636      0.42216    -0.193469
    0.118256     0.607908     0.785152
   -0.464203    -0.417308    -0.781262
    -0.86859     0.387157     0.309292
      0.1734      0.82217    -0.542188
   -0.436108    -0.899691   -0.0191189
    -0.89876     0.434394    0.0594343
   0.0451673   -0.0431031     0.998049
    0.442386    -0.591094    -0.674465
    0.881533     0.424892     0.205832
    0.164908     -0.68562     0.709035
   -0.450143     0.533779    -0.715857
   -0.876161    -0.418774     0.238686
   -0.172377     0.734648     0.656185
   -0.442213    -0.657115    -0.610449
   -0.882809     0.439104     0.166841
   -0.158417    -0.612689     0.774285
   -0.453982    -0.733636    -0.505647
   -0.878313     0.463938      0.11545
   -0.149891    -0.496528     0.854981
    -0.46816    -0.733134    -0.493296
   -0.867045     0.488817    0.0963875
   -0.170467    -0.472835     0.864505
    -0.44568     0.474385    -0.759163
   -0.888341    -0.339088     0.309628
    -0.11054      0.81239     0.572541
    0.444138     0.827416     0.343692
    0.888756    -0.358324     -0.28586
    0.113372     -0.43242     0.894517
     0.43653     0.867684     0.237834
    0.896851    -0.398691    -0.191582
   0.0714102    -0.296933     0.952224
   -0.414139    -0.910123    0.0128688
   -0.910036     0.413739   -0.0255782
   -0.017955     0.022304      0.99959
   -0.467556     0.596414    -0.652443
   -0.871832    -0.432994     0.228965
   -0.145946     0.675875     0.722422
   -0.421413    -0.670808     0.610269
   -0.904309      0.26031    -0.338325
  -0.0680925     0.694446     0.716315
    0.439478     0.895904    0.0649275
    0.892876    -0.427807    -0.140547
   0.0981404     -0.11974     0.987943
   -0.431804    -0.661493     0.613166
   -0.901788     0.303075    -0.308096
  -0.0179677     0.685983     0.727396
    0.409353     0.909104   -0.0772019
     0.91152    -0.403837    0.0777626
  -0.0395173     0.102203     0.993978
    0.452492     0.881633    -0.134069
    0.889514    -0.456902  -0.00239707
   0.0633696     0.118171     0.990969
   -0.445255     0.534041    -0.718713
   -0.892275     -0.33167     0.306332
  -0.0747813     0.777686      0.62419
   -0.436446    -0.710286    -0.552275
   -0.890929     0.426829     0.155125
   -0.125544    -0.559741     0.819102
   -0.422847    -0.660768     -0.62015
   -0.897708      0.39891      0.18706
   -0.123781    -0.635811     0.761855
   -0.430302    -0.696932    -0.573696
   -0.898446     0.392183     0.197452
  -0.0873833    -0.600399     0.794912
   -0.423563      0.58411    -0.692394
   -0.892324    -0.400708     0.207827
   -0.156054     0.705867      0.69094
   -0.408037    -0.630489    -0.660295
   -0.912564     0.260228      0.31545
  -0.0270605     0.731277    -0.681544
   -0.391456    -0.792361     0.467895
   -0.920177     0.333752    -0.204654
 -0.00599852      0.51066     0.859762
   -0.368732    -0.617985    -0.694357
    -0.92837     0.282237     0.241808
   0.0465395     0.733782    -0.677789
   -0.377082    -0.578457    -0.723324
   -0.925848     0.256335     0.277666
   0.0247955      0.77439    -0.632222
   -0.360339    -0.401822     -0.84184
   -0.929475      0.23104     0.287571
   0.0789466     0.886092    -0.456736
   -0.354867    -0.818406     0.451974
   -0.931292     0.351968   -0.0938811
   0.0822476     0.454235     0.887077
   -0.351798    -0.507797    -0.786372
   -0.929978     0.285332     0.231791
    0.106674     0.812852    -0.572619
    -0.36473    -0.603057    -0.709433
   -0.928909      0.28806     0.232699
   0.0640284     0.743871    -0.665249
   -0.352744    -0.810028     -0.46843
    -0.92572     0.229105     0.300921
    0.136435    -0.539783     0.830674
     -0.3611    -0.560231    -0.745485
    -0.92502     0.316421     0.210274
    0.118085     0.765519    -0.632484
   -0.374653    -0.775268     0.508522
   -0.922332     0.367569    -0.119149
   0.0945448     0.513666     0.852765
   -0.380877    -0.707265     0.595575
   -0.924052     0.313853    -0.218232
   0.0325753     0.633461     0.773088
   -0.656822    -0.359006    -0.663098
   -0.571529     0.810659     0.127224
    0.491872     0.462544    -0.737641
    -0.67677    -0.587281    -0.443941
   -0.580926     0.055593     0.812056
    0.452225    -0.807472      0.37879
    0.667149     0.693289     0.272513
    0.630592    -0.720358     0.288857
   -0.396568     0.020866     0.917768
   -0.671453      -0.4275    -0.605305
   -0.629917     0.759505     0.162349
    0.390328     0.490301    -0.779261
   -0.683333    -0.730074  -0.00686322
   -0.582923     0.539894     0.607219
     0.43961    -0.418934     0.794505
   -0.659905    -0.441996     -0.60759
   -0.670995     0.710545     0.211877
    0.338071     0.547508    -0.765469
   -0.672668    -0.518233    -0.528159
   -0.629473     0.775976    0.0403095
    0.388949     0.359577    -0.848188
    0.660297     0.228237    -0.715483
    0.670655    -0.607949     0.424993
