  -0.0631209    -0.832736      0.55006
   -0.994791   0.00829714    -0.101594
    0.080037    -0.553608    -0.828922
  -0.0817407    -0.903899     0.419864
   -0.994874    0.0488389   -0.0885438
    0.059529    -0.424949    -0.903258
   -0.105164    -0.893867     0.435823
   -0.993391    0.0741607   -0.0876028
   0.0459843    -0.442155    -0.895759
   -0.119677    -0.897253     0.424987
   -0.992141    0.0923426   -0.0844303
   0.0365109    -0.431752    -0.901253
   -0.136807    -0.840801     0.523773
   -0.990221     0.101496   -0.0957105
   0.0273124    -0.531745    -0.846464
   -0.137495    -0.867666     0.477755
   -0.990383     0.112947   -0.0798998
   0.0153656    -0.484147    -0.874852
   -0.141749    -0.886458     0.440568
   -0.989864     0.122988   -0.0710182
  0.00877006    -0.446169    -0.894906
   -0.139101    -0.882802     0.448677
   -0.990012     0.113472   -0.0836655
   0.0229478    -0.455834    -0.889769
    -0.13834    -0.787968     0.599974
   -0.990383      0.11125   -0.0822506
 -0.00193656    -0.605583     -0.79578
   -0.134913    -0.899061      0.41652
   -0.990679     0.114415   -0.0739206
   0.0188032     -0.42261    -0.906117
   -0.123369     -0.83169     0.541362
   -0.992352     0.105677   -0.0637927
 -0.00415385    -0.545092    -0.838366
   -0.115026    -0.873584     0.472884
   -0.993333    0.0974708    -0.061558
  0.00768371    -0.476812    -0.878972
    0.137139      0.98343     0.118572
    0.981712    -0.150894     0.116068
   -0.132037    -0.100486     0.986138
    0.159624     0.976656     0.143748
    0.976084    -0.177917      0.12492
   -0.147579     -0.12037     0.981698
    0.139823     0.986094    0.0898285
     0.98061    -0.150481     0.125539
    -0.13731   -0.0705335     0.988014
   -0.161122    -0.787406    -0.595006
   -0.975932    0.0373431     0.214855
    0.146958    -0.615303     0.774471
     0.18446     0.980335   -0.0701314
     0.96972    -0.169913     0.175423
   -0.160057     0.100366     0.981992
    0.145136     0.960475    -0.237538
    0.980186    -0.106869     0.166775
   -0.134798     0.257036     0.956955
    0.185721     0.948915    -0.255083
     0.97061    -0.136729     0.198046
   -0.153051     0.284367      0.94642
    0.167363     0.951105    -0.259595
    0.976045    -0.122716     0.179656
   -0.139015     0.283445     0.948859
   -0.182571    -0.896252    -0.404228
   -0.972812     0.105083     0.206385
    0.142495    -0.430917      0.89107
   -0.199685    -0.854167    -0.480129
   -0.965773    0.0887804     0.243721
    0.165552    -0.512363      0.84266
   -0.197835    -0.773712    -0.601857
   -0.967738    0.0564332     0.245557
    0.156025     -0.63102     0.759915
   -0.210162    -0.836103    -0.506718
    -0.96355    0.0893782     0.252156
    0.165539    -0.541242     0.824411
    -0.14684     -0.87393    -0.463341
   -0.981321    0.0698491      0.17925
    0.124288    -0.481008     0.867862
    0.166559     0.945809    -0.278755
    0.977726    -0.121802      0.17093
   -0.127714     0.301015     0.945028
   -0.152859    -0.903185     0.401113
   -0.982497    0.0951671    -0.160131
    0.106455     -0.41857    -0.901924
   -0.130838    -0.905363     0.403979
   -0.986182    0.0770847    -0.146641
    0.101623    -0.417583    -0.902938
    0.119977     0.991931   -0.0409773
    0.986198    -0.114337     0.119753
   -0.114101    0.0547794     0.991958
   -0.108091    -0.939273     0.325702
   -0.989907    0.0714866    -0.122366
   0.0916518    -0.335642    -0.937521
   0.0967832      0.98993     0.103308
    0.989803    -0.106627    0.0944466
   -0.104511   -0.0931138     0.990155
   -0.117524    -0.841951     0.526598
   -0.985459     0.164403    0.0429243
    0.122715     0.513896      0.84903
   0.0844559    -0.181006    -0.979849
    0.991037   -0.0868854      0.10147
   -0.103501    -0.979636     0.172046
  -0.0762785    -0.870195     0.486767
   -0.993928    0.0275304    -0.106537
   0.0793068    -0.491938    -0.867011
  -0.0667534    -0.935482    -0.347013
   -0.994201    0.0329755     0.102354
   0.0843078    -0.351834     0.932258
  -0.0517027    -0.848998     0.525861
   -0.996316   0.00777254    -0.085409
   0.0684248     -0.52834    -0.846271
     0.11077     0.990298    0.0839027
    0.986872    -0.119584     0.108553
   -0.117533   -0.0707768     0.990544
   -0.212474    -0.851327    -0.479684
   -0.964984     0.105531     0.240142
    0.153818    -0.513912      0.84394
   -0.204183    -0.871596    -0.445679
   -0.968207     0.112595     0.223376
    0.144513     -0.47712     0.866875
   -0.202286     -0.86792    -0.453647
   -0.971289     0.118577     0.206245
    0.125212    -0.482343     0.866987
   -0.209299    -0.907945    -0.363085
   -0.967668     0.138865     0.210558
    0.140755    -0.395415     0.907653
    -0.19591    -0.831321    -0.520119
   -0.973442     0.100798     0.205551
    0.118452    -0.546575      0.82899
   -0.195283    -0.858649    -0.473906
   -0.974769     0.116657     0.190309
    0.108124    -0.499113     0.859765
   -0.189483    -0.772705    -0.605825
   -0.976804    0.0856614     0.196255
   0.0997516    -0.628959     0.771012
    -0.18144    -0.923532     0.337887
   -0.980941     0.194262   0.00422085
   0.0695368     0.330681     0.941177
   -0.196052    -0.798104    -0.569731
   -0.974713    0.0950773     0.202223
    0.107226     -0.59497     0.796563
    -0.17985    -0.735966     0.652693
   -0.981214     0.181305   -0.0659384
   0.0698078     0.652291     0.754748
   -0.178458    -0.818177      0.54657
   -0.981345     0.188372   -0.0384351
    0.071512     0.543233     0.836531
    0.189429     0.929593    -0.316186
    0.977705    -0.148861     0.148097
  -0.0906021      0.33719     0.937067
    0.182089     0.946411     0.266738
    0.981381    -0.191783    0.0105233
  -0.0611151    -0.259855     0.963712
    0.178254     0.926959      0.33011
    0.982597    -0.185494  -0.00971571
  -0.0522272    -0.326097     0.943892
   -0.180956    -0.898331     -0.40032
   -0.980441     0.132739     0.145316
   0.0774037    -0.418786      0.90478
   -0.185833     -0.78354      -0.5929
    -0.97656    0.0805841     0.199589
    0.108608    -0.616093      0.78015
   -0.174012    -0.830521    -0.529108
   -0.980017    0.0934728     0.175585
   0.0963699    -0.549089     0.830189
   -0.181428     -0.92129    -0.343959
   -0.975727     0.125023     0.179795
    0.122641     -0.36823      0.92161
   -0.193742    -0.840681    -0.505688
   -0.971649    0.0932308     0.217272
     0.13551    -0.533445     0.834909
   -0.169846    -0.898071    -0.405734
   -0.980022     0.110694     0.165237
    0.103483    -0.425693     0.898931
   -0.137069    -0.906805     0.398644
   -0.990111     0.113282    -0.082754
   0.0298828    -0.406045    -0.913365
   -0.148049    -0.869549     0.471133
   -0.988205     0.111206    -0.105285
   0.0391577    -0.481163    -0.875756
   -0.156407    -0.920104      0.35909
    -0.98613     0.125032    -0.109153
   0.0555342    -0.371182    -0.926898
   -0.146157    -0.880875     0.450218
   -0.988442     0.111519    -0.102692
   0.0402507    -0.460024    -0.886994
   -0.153825    -0.904448     0.397884
   -0.986405     0.116999    -0.115395
    0.057817    -0.410225     -0.91015
   -0.139547    -0.887398     0.439377
   -0.988434    0.0982266    -0.115543
   0.0593743    -0.450419    -0.890841
   -0.133343    -0.902683     0.409124
   -0.990149     0.103546   -0.0942507
   0.0427156    -0.417661    -0.907598
   -0.161764     -0.90571     0.391819
   -0.983566     0.115712    -0.138595
   0.0801886    -0.407799    -0.909544
   -0.147248    -0.899418     0.411541
   -0.985772    0.0993445     -0.13559
   0.0810678    -0.425651    -0.901249
   -0.165494    -0.894193     0.415969
   -0.983712     0.119665    -0.134131
   0.0701619    -0.431391    -0.899433
   -0.163778    -0.870995     0.463189
   -0.985036     0.118839    -0.124829
   0.0536805    -0.476701    -0.877425
   -0.151951    -0.915992     0.371308
   -0.987328     0.123273   -0.0999409
   0.0457729    -0.381789    -0.923116
   -0.138859    -0.904308     0.403664
   -0.989936     0.115517   -0.0817484
   0.0272958    -0.410953    -0.911248
   -0.161524    -0.893283     0.419471
   -0.986401     0.133053   -0.0964883
   0.0303795    -0.429352    -0.902626
   -0.128105     -0.91649     0.378992
   -0.991502     0.109628   -0.0700367
   0.0226399    -0.384743    -0.922746
   -0.121322    -0.907925     0.401189
   -0.991683    0.0933763   -0.0885722
   0.0429553    -0.408598    -0.911703
   -0.106336    -0.862007     0.495617
   -0.993228    0.0686155    -0.093759
   0.0468139     -0.50223    -0.863466
   -0.104094    -0.877439     0.468258
   -0.993238    0.0673765   -0.0945446
   0.0514075    -0.474933    -0.878519
  -0.0800483    -0.868087     0.489916
   -0.994747    0.0381098   -0.0950065
   0.0638032    -0.494948    -0.866577
  -0.0814517    -0.867152     0.491338
   -0.995164    0.0436037   -0.0880183
   0.0549011    -0.496131     -0.86651
  -0.0557875    -0.874898     0.481083
   -0.996258    0.0169176    -0.084762
   0.0660194    -0.484012    -0.872568
  -0.0641847    -0.833937     0.548115
   -0.994556   0.00827558    -0.103872
    0.082087    -0.551798    -0.829928
  -0.0821316     -0.87331     0.480191
   -0.994604    0.0411812   -0.0952214
    0.063383    -0.485421     -0.87198
   -0.061059    -0.846585      0.52874
   -0.996389    0.0203892   -0.0824173
   0.0589926    -0.531864    -0.844773
   -0.101654    -0.862405     0.495907
   -0.992547    0.0542425    -0.109128
   0.0672137    -0.503304    -0.861491
   -0.129622    -0.868494     0.478452
   -0.988755    0.0769184     -0.12825
   0.0745824    -0.489695    -0.868698
   -0.128162    -0.873549     0.469559
   -0.990191    0.0861416     -0.11001
   0.0556507    -0.479052    -0.876021
   -0.156689    -0.875781     0.456571
   -0.987078      0.15457   -0.0422595
   0.0335621     0.457292     0.888683
    -0.16131    -0.807867      0.56686
   -0.986402     0.150285    -0.066519
   0.0314519     0.569882     0.821124
   -0.136728    -0.865637     0.481641
   -0.990544     0.113914    -0.076462
  -0.0113226     0.487541     0.873027
    0.133342     0.976505     0.169284
    0.991034    -0.129913   -0.0312277
   0.0085019     -0.17193     0.985073
   -0.138048    -0.826542     0.545685
   -0.990267     0.105334   -0.0909709
  -0.0177119     0.552932     0.833038
     0.10909     0.618504    -0.778172
    0.992529    -0.024747     0.119471
   0.0546361    -0.785392    -0.616583
   -0.116674    -0.718064     0.686127
   -0.991993    0.0506257    -0.115704
   -0.048347     0.694133     0.718221
  -0.0971332    -0.362586    -0.926874
   -0.991476   -0.0460048       0.1219
  -0.0868399     0.930814    -0.355027
    0.109635     0.646484    -0.755009
    0.993003    -0.037705     0.111909
   0.0438798    -0.761995    -0.646095
  -0.0961438     -0.41174    -0.906216
   -0.991461   -0.0409668     0.123801
  -0.0880986      0.91038    -0.404285
    -0.10025    -0.364187    -0.925915
   -0.991984   -0.0353685     0.121315
  -0.0769296     0.930654    -0.357722
   -0.117254    -0.587917    -0.800378
   -0.991679    0.0261895     0.126041
  -0.0531402     0.808497    -0.586096
   0.0988758     0.226879    -0.968891
    0.991396    0.0614649     0.115565
   0.0857721    -0.971982    -0.218849
   -0.100895    -0.856052     0.506947
   -0.990675     0.039555    -0.130376
  -0.0915559     0.515374      0.85206
   -0.114726    -0.549247    -0.827748
   -0.991317   0.00940254     0.131158
   -0.064255     0.835607    -0.545556
   -0.139326    -0.846392     0.514012
   -0.990108     0.110384   -0.0866119
  -0.0165689     0.520995     0.853399
   -0.144541    -0.699399     0.699963
   -0.989276    0.0871403    -0.117214
  -0.0209843     0.709399     0.704494
   -0.164145    -0.686736     0.708131
   -0.986227     0.129026     -0.10348
   0.0203039     0.715364     0.698457
    0.164005     0.704338     0.690659
    0.986014    -0.138093   -0.0933127
  -0.0296513    -0.696303     0.717135
    0.164975     0.141708    -0.976065
    0.986201   -0.0375589     0.161235
  -0.0138116    -0.989196    -0.145949
  -0.0788151    -0.390734    -0.917123
   -0.990476   -0.0734913     0.116429
   -0.112893     0.917565     -0.38122
  -0.0784199    -0.812403     0.577799
   -0.990318  -0.00311233    -0.138784
   -0.114547     0.583088     0.804293
  -0.0611162   0.00431899    -0.998121
   -0.986089    -0.155124    0.0597082
   -0.154575     0.987886    0.0137395
   -0.058622    -0.334744    -0.940484
   -0.986935    -0.122195      0.10501
   -0.150074     0.934353    -0.323207
    0.062481     0.952033     -0.29955
    0.985628    -0.106058    -0.131491
    0.156953     0.287029     0.944976
  -0.0427976    0.0167059    -0.998944
   -0.979815    -0.196124    0.0386982
    -0.19527     0.980437    0.0247623
  -0.0450179    -0.912803     0.405911
   -0.979471   -0.0395895    -0.197657
   -0.196492     0.406476     0.892282
  -0.0272456    -0.299617     0.953671
   -0.973309     0.225433    0.0430181
   -0.227878    -0.927044    -0.297762
   0.0398461     0.968978     0.243916
    0.981001   0.00844853    -0.193819
    0.189867    -0.247004     0.950231
  -0.0228743     -0.62508     0.780226
   -0.973336     0.192096     0.125362
   -0.228239    -0.756555    -0.612807
  -0.0171465    -0.519046     0.854574
   -0.973352     0.204142     0.104461
   -0.228674     -0.83001    -0.508715
   0.0428429     0.165327    -0.985308
    0.978997     0.189807    0.0744165
    0.199321    -0.967802    -0.153722
  -0.0283696    -0.436773     0.899124
   -0.973836     0.214968    0.0736994
   -0.225473    -0.873509    -0.431444
  -0.0255134    -0.414141     0.909855
   -0.974117     0.214784    0.0704485
   -0.224598    -0.884508    -0.408902
  -0.0394565    -0.446587     -0.89387
   -0.979153    -0.161107     0.123712
   -0.199257     0.880116     -0.43092
    0.055965    -0.650954     0.757051
    0.984126   -0.0919368    -0.151804
    0.168418     0.753529     0.635475
   0.0564397    -0.762399     0.644642
    0.984617    -0.064436    -0.162412
    0.165361     0.643892     0.747034
   0.0771453     0.700753    -0.709221
    0.989205    0.0350953     0.142277
    0.124591     -0.71254     -0.69048
  -0.0748167    -0.917415     0.390834
   -0.989745    0.0204915    -0.141365
   -0.121682     0.397403     0.909541
   0.0775349     0.675181    -0.733566
    0.988975    0.0410213     0.142287
    0.126161    -0.736511    -0.664557
  -0.0149306    -0.898362     0.439002
   -0.983276    0.0928911     0.156648
   -0.181506    -0.429322    -0.884725
  -0.0296381    -0.958423     0.283807
   -0.986393    0.0739785     0.146818
   -0.161709    -0.275594    -0.947575
  -0.0426637    -0.867667     0.495311
     -0.9838     0.122885     0.130525
   -0.174119    -0.481719    -0.858854
  -0.0543179    -0.927287     0.370391
   -0.987135     0.105732      0.11994
   -0.150381    -0.359111      -0.9211
  -0.0486132    -0.979591     0.195033
   -0.989962    0.0731993     0.120904
   -0.132712    -0.187197    -0.973316
   0.0614691      0.31473    -0.947189
    0.984731     0.135728     0.109005
    0.162867    -0.939427    -0.301581
   -0.067496    -0.943181     0.325352
   -0.990477     0.102565    0.0918509
   -0.120002    -0.316054    -0.941121
  -0.0800227    -0.860815     0.502587
   -0.988835   0.00496895    -0.148933
   -0.125706     0.508894     0.851601
   0.0999532     0.992254    -0.073772
     0.99114     -0.10581   -0.0802904
   0.0874742    0.0650931     0.994038
  -0.0565404    -0.933979     0.352827
   -0.991975    0.0925807    0.0861095
   -0.113089    -0.345127    -0.931718
  -0.0807129    -0.942292     0.324916
   -0.993188     0.103518    0.0534937
  -0.0840413    -0.318385    -0.944229
  -0.0666164    -0.934452     0.349803
   -0.995171    0.0875555    0.0443726
  -0.0720912    -0.345158    -0.935772
   0.0827827     0.637329    -0.766132
    0.988836    0.0430427     0.142653
    0.123893    -0.769389    -0.626651
   -0.102365    -0.841303     0.530782
   -0.989662    0.0322493    -0.139747
   -0.100452       0.5396     0.835907
   -0.056724    -0.371811    -0.926574
   -0.984729    -0.132167     0.113319
   -0.164596     0.918852    -0.358636
  -0.0375358   -0.0128775    -0.999212
   -0.979545    -0.197341    0.0393402
   -0.197692      0.98025  -0.00520678
  -0.0403756    -0.885314    -0.463237
   -0.981049     0.123055    -0.149668
   -0.189507    -0.448415     0.873505
  -0.0197915   0.00412431    -0.999796
   -0.977222    -0.211415    0.0184726
   -0.211296     0.977388   0.00821459
  -0.0234629    -0.348996      0.93683
    -0.97531     0.213823    0.0552286
   -0.219591    -0.912404    -0.345396
  -0.0182428    -0.929947    -0.367241
    -0.97969    0.0899827    -0.179193
   -0.199685    -0.356514     0.912702
  -0.0844305     -0.91938     0.384203
   -0.994964    0.0986885    0.0175085
  -0.0540134     -0.38079    -0.923083
  -0.0979537     -0.92837     0.358518
   -0.993747     0.110641     0.014992
   -0.053585    -0.354807    -0.933403
   -0.109861    -0.899448     0.422994
   -0.993638     0.110002   -0.0241632
  -0.0247966    -0.422958     -0.90581
   -0.100574     -0.91159     0.398608
   -0.994281     0.106556  -0.00718256
  -0.0359265     -0.39705    -0.917093
    0.135187     0.959565    -0.246898
    0.990558    -0.136618    0.0114088
   0.0227832     0.246109     0.968974
   -0.122717    -0.889787     0.439568
   -0.992432     0.112006   -0.0503374
 -0.00444485    -0.442419    -0.896797
    -0.13997    -0.915423     0.377372
   -0.990133     0.126792   -0.0596772
  0.00678211    -0.382002    -0.924137
   -0.112417    -0.898134      0.42511
   -0.993653     0.103354    -0.044406
 -0.00405435    -0.427403    -0.904052
   -0.162255    -0.909326    -0.383145
   -0.986732     0.147279    0.0683228
  0.00569849    -0.389148     0.921158
    0.143937     0.988311    0.0502453
    0.989351    -0.142608   -0.0291058
   0.0216002   -0.0538996     0.998313
    0.118309     0.962585     0.243788
    0.990868   -0.0984515   -0.0921319
   0.0646834    -0.252462     0.965442
    0.112969     0.962178    -0.247893
    0.992012    -0.123316   -0.0265687
   0.0561331     0.242911     0.968423
   -0.110594    -0.888973     0.444405
   -0.993654     0.108118   -0.0310045
   -0.020486    -0.445014    -0.895289
   -0.101866    -0.905089     0.412839
   -0.994102     0.108139  -0.00821027
  -0.0372132    -0.411241    -0.910767
    -0.10732    -0.857109    -0.503832
   -0.993001     0.117537    0.0115658
  -0.0493058    -0.501547     0.863724
  -0.0839015    -0.907202     0.412244
   -0.994806     0.100183    0.0180014
   -0.057631    -0.408592    -0.910896
   -0.095606    -0.995346    0.0120643
   -0.993647    0.0947059   -0.0607959
  -0.0593704    0.0178001     0.998077
  -0.0712046    -0.912268     0.403358
   -0.994314    0.0970164    0.0438944
  -0.0791758    -0.397939    -0.913989
   -0.060991    -0.931328     0.359037
   -0.995151    0.0845451    0.0502565
  -0.0771601    -0.354231    -0.931969
  -0.0793635     0.655735    -0.750808
   -0.994058    -0.108352    0.0104444
  -0.0745027     0.747175     0.660438
  -0.0525779    -0.934286     0.352627
   -0.993788    0.0836383    0.0734228
  -0.0980909    -0.346576    -0.932879
  -0.0392116    -0.946134     0.321391
   -0.991704    0.0762521     0.103483
   -0.122415    -0.314667    -0.941275
    -0.03787    -0.924355      0.37965
   -0.992517     0.078929    0.0931696
   -0.116087     -0.37328    -0.920427
  -0.0270818    -0.968679     0.246836
   -0.988769    0.0622644     0.135866
    -0.14698    -0.240384    -0.959485
  -0.0247205    -0.923681     0.382365
   -0.990707    0.0738073     0.114246
   -0.133748    -0.375987    -0.916922
 -0.00628792    -0.927983      0.37257
   -0.988263    0.0626346     0.139329
   -0.152631    -0.367321    -0.917485
 -0.00684617    -0.934952     0.354708
   -0.985676    0.0660842     0.155163
    -0.16851    -0.348565    -0.922012
  -0.0197095    -0.952228      0.30475
   -0.991174    0.0585767     0.118926
   -0.131096    -0.299716    -0.944978
 -0.00186402    -0.942292     0.334786
   -0.989896    0.0492064     0.132985
   -0.141785    -0.331155    -0.932863
 -0.00484132     -0.96164    -0.274271
   -0.991614    0.0400378    -0.122876
   -0.129144    -0.271376      0.95377
   0.0341844     0.997201   -0.0664878
    0.991768   -0.0420616    -0.120939
    0.123397    0.0618063     0.990431
  -0.0503064    -0.984242    -0.169521
   -0.992825    0.0677188   -0.0985494
   -0.108476    -0.163347     0.980587
   0.0613853     0.979462     0.192057
    0.991586   -0.0378724    -0.123787
    0.113971    -0.198039     0.973546
  -0.0676547    -0.952522    -0.296858
   -0.993064    0.0929656   -0.0719747
   -0.096155    -0.289929     0.952205
  -0.0598101    -0.956426     0.285782
   -0.993626    0.0844479    0.0746702
  -0.0955502    -0.279494    -0.955381
   0.0402463    -0.791876     0.609355
    0.991409   -0.0443099    -0.123062
     0.12445     0.609073      0.78329
  0.00954365    -0.989602    -0.143515
    0.992075  -0.00861173     0.125354
    0.125286     0.143574    -0.981677
    0.423219    -0.260445    -0.867787
    0.893972   -0.0356831     0.446699
   -0.147306    -0.964829     0.217729
   -0.463624    -0.626327     0.626712
   -0.875579     0.432195    -0.215799
    0.135701     0.648785     0.748774
    -0.42745    -0.307319    -0.850201
   -0.897603     0.256295      0.35864
    0.107685     0.916443    -0.385403
   -0.465241    -0.317262    -0.826375
   -0.879086     0.274995      0.38934
    0.103727     0.907592    -0.406839
   -0.484101    -0.498436    -0.719171
   -0.864805     0.397716     0.306487
    0.133262     0.770313    -0.623585
    0.446017     0.158326     -0.88091
    0.891031    -0.171424     0.420331
    -0.08446    -0.972392    -0.217531
    0.484597    0.0808264    -0.870995
    0.867472    -0.172477     0.466631
    -0.11251    -0.981692    -0.153696
    0.463885    0.0656176    -0.883462
    0.881121    -0.137564     0.452439
  -0.0918443    -0.988317    -0.121631
    0.471619    0.0475924    -0.880517
    0.875563    -0.143852      0.46119
   -0.104715    -0.988454    -0.109513
   -0.505584    -0.270936    -0.819133
    -0.85237     0.303873     0.425589
    0.133605     0.913375    -0.384571
   -0.494407  -0.00691065    -0.869203
   -0.860079     0.148608     0.488036
    0.125798     0.988872   -0.0794166
    0.514622     0.122058    -0.848685
    0.844705    -0.241985     0.477407
   -0.147098    -0.962572    -0.227633
    0.440735     0.299856    -0.846073
    0.894184     -0.22926     0.384545
  -0.0786624    -0.926027    -0.369169
    0.450691     0.294799    -0.842598
    0.888013    -0.244448     0.389458
  -0.0911594    -0.923763    -0.371956
   -0.431202    -0.315491    -0.845299
    -0.89883     0.231767     0.372006
   0.0785477      0.92019    -0.383511
     -0.4225    -0.344651    -0.838278
   -0.903813      0.22953     0.361161
   0.0679357     0.910237    -0.408476
   -0.415075    -0.306885    -0.856466
   -0.906998     0.213235      0.36316
   0.0711802     0.927552    -0.366853
   -0.392537    -0.260603    -0.882044
   -0.917736     0.174198     0.356954
   0.0606271     0.949601    -0.307543
    0.375353    0.0956323    -0.921935
    0.924076    -0.115944     0.364198
  -0.0720634    -0.988641    -0.131891
   -0.404617    -0.435534    -0.804112
   -0.910617     0.272688     0.310512
   0.0840335     0.857876    -0.506939
    0.362344   -0.0616824    -0.930001
    0.927386   -0.0757808     0.366351
  -0.0930737    -0.995215    0.0297447
    0.349283     0.173427    -0.920828
    0.934828    -0.131626     0.329804
  -0.0640079    -0.976011    -0.208099
    0.329267    0.0613252    -0.942243
    0.940751    -0.106971     0.321784
  -0.0810595    -0.992369   -0.0929138
    0.309023     0.182487    -0.933383
    0.948504     -0.13096     0.288425
  -0.0696022    -0.974448    -0.213559
    0.380768    -0.192417    -0.904429
    0.917647   -0.0416982     0.395204
   -0.113757    -0.980427     0.160693
    0.518544    -0.239103     -0.82094
    0.839044   -0.0426159     0.542392
   -0.164672    -0.970059      0.17852
    0.497352     -0.14399    -0.855516
    0.855689    -0.081084     0.511099
   -0.142962    -0.986252    0.0828832
    -0.49169     0.548963     -0.67593
    -0.85541     -0.15935     0.492831
    0.162836     0.820517     0.547939
   -0.514619     0.460966    -0.722964
   -0.836562   -0.0850962     0.541223
    0.187964     0.883328     0.429419
   -0.469866     0.412621    -0.780365
   -0.872426   -0.0823344     0.481762
    0.134534     0.907174     0.398668
   -0.483439    -0.629191     -0.60861
     -0.8564     0.195958     0.477682
    0.181291    -0.752143     0.633573
   -0.461056     0.587194    -0.665305
   -0.874025     -0.17096     0.454811
    0.153321     0.791187     0.592044
   -0.454217     0.550009     -0.70084
   -0.874451    -0.124816     0.468781
    0.170358     0.825779      0.53765
   -0.504985      0.54831    -0.666592
   -0.837498    -0.124466     0.532077
    0.208775     0.826961     0.522062
   -0.474632     0.563154    -0.676448
   -0.856769    -0.119508     0.501662
    0.201672     0.817664     0.539216
    0.499679    -0.227882    -0.835698
      0.8338    -0.134903      0.53533
    -0.23473    -0.964298       0.1226
    0.445724    -0.296149    -0.844764
    0.885415     0.006909      0.46475
   -0.131799    -0.955117     0.265294
    0.434979     -0.23375    -0.869571
    0.888839   -0.0430606     0.456192
   -0.144079    -0.971343     0.189036
    0.423606     0.904532    0.0487787
    0.897588     -0.42639     0.111924
   -0.122037   0.00362831     0.992519
    0.430887    -0.299012    -0.851427
    0.895413    0.0244387     0.444565
   -0.112122    -0.953936      0.27827
    0.451823    -0.377291    -0.808398
    0.884374    0.0703675     0.461445
   -0.117214    -0.923417      0.36546
     0.43708    0.0440428    -0.898344
    0.893899    -0.131798     0.428456
  -0.0995291    -0.990298   -0.0969759
    0.454286   -0.0621739    -0.888684
    0.884801   -0.0846231     0.458221
   -0.103693    -0.994471    0.0165684
   -0.473847   0.00938653    -0.880557
   -0.872556     0.129901     0.470926
    0.118806     0.991482   -0.0533632
    0.437125     0.177867    -0.881638
    0.895036    -0.182485     0.406952
  -0.0885019    -0.966986    -0.238966
    0.407457     0.860925      0.30461
    0.912058    -0.400486   -0.0880991
  -0.0461453    -0.313719     0.948394
   -0.407969    -0.766987      0.49527
   -0.911182      0.37622    -0.167944
   0.0575195     0.519797     0.852351
   -0.407466    -0.789098     0.459668
   -0.910564     0.389421    -0.138648
   0.0695977     0.475052     0.877201
   -0.409601    -0.710882     0.571729
   -0.909443     0.367454    -0.194658
   0.0717049     0.599686     0.797016
   -0.408656    -0.805978     0.428252
    -0.91043     0.392972    -0.129192
    0.064165     0.442689     0.894376
   -0.413033    -0.454302    -0.789312
   -0.907224     0.281074     0.312957
   0.0796779     0.845344    -0.528247
   -0.407281    -0.537948    -0.738061
   -0.910288     0.304707     0.280229
   0.0741437      0.78598     -0.61379
   -0.413062    -0.399809    -0.818249
   -0.907601     0.254813     0.333662
   0.0750996     0.880467    -0.468121
   -0.407726    -0.534424    -0.740372
   -0.910407      0.30021     0.284665
   0.0701352     0.790105    -0.608946
   -0.406801    -0.697007     0.590503
   -0.910874      0.35862    -0.204206
    0.069433     0.620945     0.780773
   -0.402861    -0.457072    -0.792961
     -0.9123     0.270162     0.307767
   0.0735565     0.847406    -0.525825
   -0.398777    -0.612064    -0.682901
   -0.913896     0.326925     0.240652
   0.0759625     0.720068    -0.689734
    0.423274     0.232855    -0.875567
    0.902442    -0.193939     0.384688
  -0.0802304    -0.952978    -0.292227
   -0.417474    -0.517206    -0.747137
   -0.905824     0.302107     0.297008
   0.0721011     0.800768    -0.594619
   -0.423965    -0.682912     0.594882
   -0.901292     0.382704    -0.203004
   0.0890291     0.622229     0.777756
   -0.416783    -0.621945     -0.66293
   -0.903915     0.360643     0.229943
   0.0960691     0.695069    -0.712496
   -0.409818    -0.612573    -0.675872
   -0.908385     0.341475      0.24131
   0.0829739     0.712846    -0.696395
   -0.405826    -0.913893     0.010247
     -0.9103     0.405181    0.0847439
   0.0815988   -0.0250635      0.99635
    0.410928     0.910613    0.0438385
    0.906065    -0.413253     0.090926
   -0.100915  -0.00235657     0.994892
    0.405292     0.861206     0.306697
    0.911983    -0.404165   -0.0702662
  -0.0634424     -0.30818      0.94921
   -0.388374    -0.493624     -0.77814
   -0.918129     0.279465     0.280961
   0.0787733      0.82355    -0.561747
   -0.389286    -0.638392     0.664012
   -0.918324     0.325078    -0.225843
   0.0716792     0.697696     0.712799
   -0.360006    -0.558039    -0.747655
   -0.929588     0.282536     0.236728
   0.0791359     0.780234    -0.620461
   -0.367925    -0.517414    -0.772602
   -0.925578     0.283393     0.250985
   0.0890873     0.807447    -0.583174
   -0.364835    -0.551921    -0.749853
   -0.928609     0.274242     0.249954
   0.0676863     0.787512    -0.612572
   -0.323906     -0.46976    -0.821225
   -0.941923     0.241496      0.23337
   0.0886948      0.84912      -0.5207
    -0.32789    -0.300805    -0.895547
   -0.941501      0.18219     0.283519
   0.0778756     0.936121    -0.342947
    0.289667     0.137327    -0.947224
    0.953461    -0.127939     0.273026
  -0.0836935    -0.982229    -0.167996
   -0.325659    -0.556518    -0.764352
   -0.940088     0.276861     0.198953
    0.100898     0.783349    -0.613339
    0.287365     0.130177    -0.948934
     0.95256    -0.142542     0.268909
   -0.100257    -0.981191    -0.164963
   -0.294532    -0.530809    -0.794665
   -0.948728     0.262255     0.176456
     0.11474     0.805893    -0.580836
    0.335852      0.23219    -0.912848
    0.939576    -0.150843     0.307318
  -0.0663402    -0.960903    -0.268821
      0.2985   -0.0746812    -0.951483
    0.951329   -0.0567577     0.302906
  -0.0766254    -0.995591    0.0541042
   -0.370867    -0.279553    -0.885612
   -0.926549     0.176043      0.33244
   0.0629716     0.943853    -0.324308
    -0.40669     -0.66261     0.628929
   -0.911259      0.34313    -0.227749
   0.0648954     0.665741     0.743356
   -0.394726    -0.544945    -0.739748
   -0.916422     0.291381     0.274349
   0.0660429     0.786214    -0.614415
    0.497892    -0.272261    -0.823394
    0.830363    -0.124257     0.543193
   -0.250202    -0.954167     0.164209
    0.470264    -0.273985    -0.838919
    0.856037    -0.089537     0.509101
     -0.2146    -0.957557     0.192435
    0.473055     0.232353    -0.849842
    0.852466    -0.364353     0.374898
   -0.222533    -0.901809    -0.370432
    0.501973   -0.0429867    -0.863814
    0.822935    -0.283536     0.492327
   -0.266086    -0.957998    -0.106952
    0.443296    -0.202781    -0.873137
    0.876714    -0.104814     0.469454
   -0.186714    -0.973598     0.131317
   -0.479304    -0.278573    -0.832265
   -0.848903     0.387863     0.359062
    0.222779     0.878612    -0.422386
   -0.457086    -0.308664    -0.834146
   -0.871216     0.344166     0.350046
    0.179038     0.886722    -0.426227
   -0.466622    -0.249195    -0.848626
   -0.865909     0.324182      0.38093
    0.180184     0.912583    -0.367051
   -0.506914    -0.288104    -0.812425
   -0.816576     0.462401     0.345526
    0.276119     0.838559    -0.469656
    -0.48614     -0.38539    -0.784311
   -0.841779     0.447545     0.301848
    0.234685     0.806956    -0.541982
    0.505625     0.156929    -0.848361
    0.814571    -0.410845     0.409488
   -0.284284    -0.898098    -0.335563
   -0.433362    -0.367728    -0.822784
   -0.891356     0.309596     0.331111
    0.132972     0.876885    -0.461944
    0.443597      0.16627    -0.880668
    0.887071     -0.22155     0.404994
   -0.127774    -0.960869    -0.245772
   -0.426825    -0.343557    -0.836534
   -0.900491     0.246648     0.358162
   0.0832803     0.906164    -0.414646
   -0.421921    -0.536124    -0.731132
   -0.902207     0.327859     0.280233
   0.0894686     0.777868    -0.622026
   -0.429347     0.415959    -0.801648
   -0.889574   -0.0415042     0.454902
    0.155949     0.908436     0.387846
    0.418343     0.171846    -0.891884
    0.900315    -0.208282     0.382166
    -0.12009    -0.962854    -0.241849
    0.429892   -0.0895655    -0.898427
    0.889542     -0.12839      0.43844
   -0.154619    -0.987671    0.0244783
    0.446069    -0.260229    -0.856331
    0.876334   -0.0673905     0.476967
   -0.181829    -0.963192     0.197987
    0.413506     0.874434     0.253727
     0.90229    -0.430885    0.0144948
   -0.122002    -0.222942     0.967167
    0.498848     0.807876     0.313826
    0.820979    -0.556513     0.127619
   -0.277749    -0.193982     0.940865
     0.47437     0.799385     0.368723
     0.85097    -0.523653    0.0404805
   -0.225442    -0.294569     0.928658
    0.460054     0.873309     0.160256
    0.857722    -0.483773     0.174002
   -0.229485    -0.057405     0.971618
   -0.469741    -0.769148     0.433306
   -0.833567     0.548067    0.0691968
    0.290703     0.328685     0.898586
   -0.441977    -0.753304     -0.48702
   -0.881133     0.262837     0.393093
    0.168111    -0.602867     0.779929
    0.431797     0.900967    0.0425493
    0.870984    -0.428757     0.239904
   -0.234389    0.0665303     0.969864
   -0.417119    -0.804303    -0.423213
    -0.89288     0.275734     0.355999
    0.169637    -0.526372      0.83316
    0.395339      0.89613    -0.201638
     0.90277     -0.33858     0.265273
   -0.169449     0.286906     0.942853
     0.44454     0.841562     0.306851
    0.843892    -0.508335     0.171587
   -0.300384    -0.182672     0.936163
    0.408044     0.894379    -0.183267
    0.883182    -0.335846     0.327408
   -0.231277     0.295455      0.92694
    0.427346     0.901453   -0.0689741
    0.854649    -0.377917     0.356025
   -0.294874     0.211095     0.931927
   -0.415447    -0.741964    -0.526207
   -0.903025     0.266899     0.336617
    0.109313    -0.615024     0.780894
    -0.38286    -0.837873    -0.389085
   -0.917404     0.295339     0.266731
    0.108575    -0.459068     0.881741
   -0.373636    -0.715002    -0.590904
   -0.926006     0.250482     0.282439
   0.0539342     -0.65271     0.755685
   -0.406212    -0.733344    -0.545159
   -0.912517     0.294207     0.284174
   0.0480073    -0.612902     0.788699
   -0.442016    -0.744131     -0.50089
   -0.890055     0.294452     0.347995
    0.111465    -0.599639      0.79247
   -0.427125    -0.683376    -0.592083
   -0.902778      0.28569     0.321518
   0.0505648    -0.671847     0.738962
   -0.447438     -0.64863    -0.615694
   -0.886988     0.233917     0.398164
    0.114239    -0.724267     0.679991
   -0.455521     0.405221    -0.792651
   -0.874035     -0.03454     0.484633
    0.169006     0.913566     0.369911
    -0.42978     0.515225    -0.741507
   -0.901013    -0.191187     0.389387
   0.0588558     0.835458     0.546393
   -0.390387    -0.702989    -0.594479
   -0.919413     0.331164     0.212155
  -0.0477271    -0.629394     0.775619
   -0.407768     0.587585    -0.698906
     -0.9108    -0.315878      0.26583
  -0.0645711      0.74496     0.663977
     -0.4036     0.574253    -0.712278
   -0.913496    -0.296569     0.278517
  -0.0513003     0.763073     0.644273
   -0.413156      0.60821    -0.677778
   -0.909041    -0.319816     0.267138
  -0.0542878     0.726497     0.685021
   -0.418108     0.528172    -0.739067
   -0.905898    -0.302749     0.296129
  -0.0673448     0.793333     0.605052
   -0.415268    -0.672789    -0.612297
   -0.909157     0.330161     0.253824
  -0.0313865    -0.662079     0.748776
    0.418228     0.159759    -0.894183
     0.90733   -0.0270048     0.419552
     0.04288    -0.986787    -0.156248
    0.419507    -0.317623     -0.85037
    0.907577      0.16515     0.386043
   0.0178219    -0.933724     0.357549
   -0.416332    -0.610957     -0.67335
   -0.909194     0.274936     0.312693
 -0.00591365     0.742389    -0.669943
    0.421362     0.833447     0.357519
    0.904789    -0.359505    -0.228283
    0.061732    -0.419669     0.905576
   -0.417193    -0.696242      0.58412
   -0.908273      0.29716    -0.294512
  -0.0314746     0.653409     0.756351
   -0.422589    -0.625877    -0.655512
   -0.905023     0.252707     0.342159
  -0.0484974     0.737846    -0.673225
    0.420915     0.307066    -0.853546
    0.906993    -0.156887     0.390832
  -0.0138989    -0.938668    -0.344543
   -0.419721     -0.41737       -0.806
   -0.907263      0.21895     0.359074
   0.0266074     0.881965    -0.470562
   -0.417539    -0.666569    -0.617533
   -0.908644     0.302381      0.28798
  0.00522848     -0.68136      0.73193
   -0.402971    -0.703109    -0.585877
    -0.91521     0.307973     0.259891
  0.00229697    -0.640929     0.767597
    -0.39863      0.49894    -0.769515
   -0.916609    -0.244524     0.316285
  -0.0303576     0.831425     0.554807
   -0.376428     0.492208    -0.784878
   -0.926151    -0.221316     0.305392
  -0.0233898     0.841873     0.539168
    0.380985    -0.592083    -0.710133
    0.924555     0.238185     0.297433
 -0.00696218    -0.769874     0.638158
    0.389061    -0.636898    -0.665576
    0.920192     0.302676     0.248262
   0.0433365    -0.709047     0.703828
   -0.418145    -0.545209    -0.726569
   -0.908134     0.232259     0.348352
  -0.0211724     0.805483    -0.592241
   -0.412251    -0.579714    -0.702838
   -0.910981     0.251512     0.326886
  -0.0127278     0.775031    -0.631794
   -0.407239    -0.353757    -0.842029
   -0.912954      0.18384     0.364305
    0.025923     0.917093     -0.39783
    -0.41413    -0.434258    -0.799948
   -0.910204     0.202401     0.361334
  0.00499815     0.877755    -0.479084
   -0.402755    -0.456659    -0.793254
   -0.913702     0.251905     0.318893
   0.0541989     0.853233    -0.518706
   -0.406495    -0.759982     0.507138
   -0.912257     0.368278    -0.179327
   0.0504824     0.535536     0.843002
    0.404403     0.878835     0.253194
    0.911799    -0.408993   -0.0367169
  -0.0712863     -0.24571     0.966719
   -0.412236    -0.730861     0.543971
   -0.910644     0.348937    -0.221291
   0.0280783     0.586588     0.809398
   -0.406262    -0.553871    -0.726758
   -0.908943     0.326486     0.259286
   0.0936649      0.76592    -0.636076
    0.405684     0.277152    -0.870981
    0.910242    -0.208985     0.357471
  -0.0829483    -0.937823    -0.337057
   -0.412321    -0.655542     0.632658
   -0.909445     0.337229    -0.243284
   0.0538678     0.675679     0.735225
   -0.411433    -0.506611    -0.757673
   -0.911324      0.24192     0.333111
   0.0145382     0.827539     -0.56122
    0.645341     0.108137    -0.756202
    0.607607    -0.672637     0.422343
   -0.462979    -0.732028    -0.499785
    0.654619     0.200932    -0.728766
    0.600505     -0.72381     0.339842
   -0.459203    -0.660095     -0.59448
    0.644497     0.132466    -0.753045
    0.636149    -0.639292     0.431996
    -0.42419    -0.757469     -0.49629
    0.654829      0.19465    -0.730281
    0.631626    -0.671561     0.387368
   -0.415027    -0.714924    -0.562704
    0.665417     0.168519    -0.727202
    0.597545    -0.704122     0.383605
   -0.447394    -0.689793    -0.569232
   -0.640966    -0.375354     -0.66953
   -0.670007     0.699193     0.249439
    0.374503     0.608472    -0.699649
    0.661168    -0.138349    -0.737371
    0.627045    -0.437722     0.644371
   -0.411912    -0.888402    -0.202657
   -0.648228    -0.504312    -0.570499
   -0.663856     0.741274    0.0990311
