   -0.046121     -0.85731     0.512731
   -0.994718  -0.00770298    -0.102356
   0.0917005    -0.514744    -0.852426
  -0.0694023    -0.838155     0.540998
   -0.994542    0.0157813    -0.103136
   0.0779063    -0.545203    -0.834676
  -0.0949189    -0.879973     0.465445
   -0.993334    0.0530021    -0.102366
   0.0654099    -0.472058    -0.879137
    -0.11451    -0.853364     0.508583
   -0.991492    0.0662801    -0.112027
   0.0618909    -0.517084    -0.853694
   -0.135573    -0.936194     0.324284
   -0.989362     0.110494   -0.0946304
   0.0527611    -0.333663    -0.941215
   -0.143851    -0.885095    -0.442622
   -0.988927      0.11209    0.0972562
   0.0364674    -0.451711     0.891419
   -0.156989    -0.844193    -0.512536
   -0.987138     0.118251     0.107588
   0.0302168    -0.522834     0.851899
   -0.149034    -0.883647     0.443798
   -0.987901     0.113585    -0.105593
   0.0428978    -0.454165    -0.889884
   -0.155786     0.389836    -0.907611
    -0.98764   -0.0453896     0.150026
   0.0172896     0.919765     0.392089
   -0.149728    -0.851687     0.502206
    -0.98794     0.108609    -0.110357
   0.0394457    -0.512673    -0.857677
   -0.140957    -0.870337     0.471853
   -0.990008     0.121981   -0.0707503
  0.00401925    -0.477111    -0.878834
     -0.1379    -0.868459     0.476195
    -0.99021     0.110386   -0.0854363
   0.0216327    -0.483315    -0.875179
     0.14084     0.986932   -0.0782937
    0.977936    -0.126358      0.16636
   -0.154293    0.0999962     0.982952
    0.174245      0.98015    0.0945757
    0.969271    -0.187658     0.159056
   -0.173646   -0.0639547     0.982729
    0.150019     0.976053     0.157528
    0.975908     -0.17172     0.134598
   -0.158426     -0.13354     0.978299
   -0.180095    -0.907014     0.380645
   -0.967981     0.232212    0.0953395
    0.174865     0.351287     0.919793
    0.201159      0.93526     0.291246
    0.961366    -0.245531      0.12446
   -0.187912    -0.254958     0.948518
    -0.15678    -0.846968     0.508001
   -0.974701     0.215655    0.0587385
    0.159302      0.48594     0.859352
    0.200645     0.973522     0.109525
    0.962312    -0.216804     0.164171
    -0.18357   -0.0724571     0.980333
    0.180805     0.885819     0.427357
    0.968816    -0.235262    0.0777632
   -0.169425     -0.39997     0.900732
    0.197378     0.619935    -0.759423
    0.964987    -0.259371    0.0390742
   -0.172749    -0.740545    -0.649423
    0.218082     0.655341    -0.723166
    0.955886    -0.292846    0.0228822
   -0.196781    -0.696254    -0.690295
    0.215467     0.655656    -0.723664
    0.958809    -0.282514     0.029515
   -0.185094    -0.700215    -0.689521
    0.225099     0.690121     0.687797
    0.955321    -0.295107   -0.0165486
   -0.191553    -0.660791     0.725715
    0.159104     0.255488    -0.953631
    0.975458    -0.189602     0.111949
   -0.152209    -0.948038    -0.279384
   -0.180159    -0.544558    -0.819145
   -0.970915     0.231956     0.059337
    0.157693      0.80601    -0.570509
   -0.160458    -0.482074    -0.861312
   -0.977162     0.200743    0.0696846
    0.139309     0.852823    -0.503275
    0.136495     0.178835    -0.974365
    0.981643    -0.156682     0.108757
   -0.133216    -0.971323    -0.196939
   -0.132954    -0.767251     0.627415
   -0.980866     0.192692    0.0277866
    0.142217     0.611716     0.778189
   -0.102964    -0.942337    -0.318432
   -0.987781    0.0592136     0.144164
    0.116996    -0.329385     0.936919
  -0.0939525    -0.948587     -0.30225
    -0.98791     0.051225      0.14632
    0.123315    -0.312343     0.941932
   -0.118029    -0.941519    -0.315612
   -0.983181    0.0661938     0.170214
    0.139369    -0.330394     0.933497
   0.0908609     0.995555   -0.0247851
    0.988153   -0.0870384     0.126404
   -0.123685    0.0359767     0.991669
    0.073107     0.957588    -0.278714
     0.99148   -0.0395734     0.124103
   -0.107809     0.285412     0.952322
  -0.0669972    -0.982752    -0.172364
   -0.991906    0.0469286     0.117981
    0.107857    -0.178874     0.977942
  -0.0499391    -0.988389    -0.143504
   -0.994149    0.0354141     0.102046
    0.095779     -0.14776     0.984375
     0.11545       0.9914   -0.0616197
    0.983546    -0.105417     0.146711
   -0.138954    0.0775435     0.987258
    0.219578     0.629515    -0.745316
    0.959971    -0.275594    0.0500427
   -0.173902     -0.72647     -0.66483
    0.215521     0.577241    -0.787619
    0.961462    -0.266443    0.0678166
   -0.170709    -0.771881    -0.612419
    0.204301     0.643031    -0.738087
    0.967696    -0.246458    0.0531389
   -0.147737      -0.7251     -0.67261
    0.203871     0.707002     0.677189
    0.967703    -0.250302   -0.0300107
   -0.148284    -0.661436     0.735197
   -0.202793    -0.568823    -0.797067
    -0.96855     0.236361    0.0777441
    0.144173     0.787765    -0.598866
   -0.185466    -0.464776    -0.865786
   -0.975651      0.19207     0.105893
    0.117075     0.864345    -0.489081
   -0.189752    -0.422163    -0.886438
   -0.975285     0.185132     0.120603
    0.113194     0.887415    -0.446858
   -0.171026    -0.548734    -0.818316
   -0.981986     0.162654    0.0961617
   0.0803356     0.820021    -0.566667
    0.181866     0.268775    -0.945878
    0.976549    -0.162088     0.141706
   -0.115228    -0.949467     -0.29195
    0.165745     0.623569    -0.763996
    0.982902    -0.167462    0.0765541
  -0.0802031    -0.763622    -0.640663
    0.160547     0.706818     0.688936
    0.983907    -0.170067   -0.0548045
  -0.0784285    -0.686648     0.722747
    0.189678     0.674379     0.713607
    0.975816    -0.209907    -0.061006
    -0.10865    -0.707921     0.697885
   -0.178216    -0.816895     0.548564
   -0.981372     0.188205   -0.0385601
   0.0717431     0.545217     0.835219
   -0.181024    -0.737589     0.650532
    -0.98127     0.179764   -0.0692371
   0.0658739     0.650882     0.756316
   -0.188262      -0.5738    -0.797064
   -0.976962     0.192474    0.0921925
    0.100514     0.796057    -0.596816
    -0.19796    -0.480855     -0.85416
   -0.970654     0.217549     0.102488
     0.13654     0.849382     -0.50981
   -0.189793    -0.401367    -0.896037
   -0.973858     0.192974     0.119837
    0.124814     0.895358      -0.4275
    0.196236       0.6168    -0.762266
    0.968592    -0.243002    0.0527226
   -0.152713    -0.748671    -0.645113
    -0.20841    -0.517617    -0.829842
   -0.964269     0.250636    0.0858352
    0.163558      0.81808    -0.551356
    0.182381     0.697486     0.693001
    0.974132    -0.223829   -0.0310895
   -0.133429    -0.680744     0.720266
   -0.163789    -0.886741     0.432277
     -0.9854     0.126415    -0.114048
   0.0464845    -0.444646      -0.8945
   -0.161817    -0.898686      0.40765
   -0.985074     0.122535    -0.120891
   0.0586916    -0.421127    -0.905101
    -0.17032    -0.904913     -0.39003
   -0.982368     0.124959     0.139065
   0.0771041    -0.406838      0.91024
   -0.154753    -0.866883     0.473883
   -0.985842      0.10416    -0.131398
   0.0645475    -0.487508    -0.870729
    -0.15526    -0.933832     0.322262
    -0.98424     0.118273    -0.131465
   0.0846509    -0.337595    -0.937478
   -0.131193    -0.943271     0.305006
   -0.987712    0.0980135    -0.121727
   0.0849267    -0.317228    -0.944539
   -0.130738    -0.916026     0.379215
   -0.988806     0.092736    -0.116888
   0.0719055    -0.390252    -0.917896
   -0.165601    -0.526831    -0.833682
   -0.979298     0.187631    0.0759551
    0.116409     0.829001    -0.546997
   -0.139655     0.593229    -0.792828
   -0.983673   0.00866329     0.179754
    0.113504     0.804987     0.582334
    0.183476     0.642744    -0.743785
    0.977337    -0.200539    0.0677928
   -0.105584    -0.739368    -0.664972
   -0.186401    -0.843773     0.503291
   -0.978894     0.203196   -0.0218871
   0.0837986     0.496748      0.86384
    0.179665     0.915037    -0.361147
    0.981608    -0.142669     0.126854
  -0.0645513     0.377296      0.92384
    0.178138    -0.276312    -0.944414
    0.983187    0.0108467     0.182278
  -0.0401219    -0.961007     0.273599
    0.181842     0.618232    -0.764672
    0.981714    -0.158666     0.105175
  -0.0563054    -0.769815    -0.635779
    -0.16295    -0.910375     0.380348
   -0.986172     0.138488   -0.0910259
   0.0301942    -0.389921    -0.920353
   -0.109843    -0.880955     0.460276
   -0.991864     0.067171     -0.10814
   0.0643497    -0.468409    -0.881165
  -0.0874103    -0.860468     0.501951
   -0.993849    0.0409332      -0.1029
   0.0679959    -0.507858    -0.858753
  -0.0926948    -0.928465     0.359666
   -0.992324    0.0564472     -0.11003
   0.0818567    -0.367104    -0.926571
  -0.0571936    -0.881541      0.46863
    -0.99542    0.0143373   -0.0945154
   0.0766004    -0.471889    -0.878324
  -0.0624755    -0.829975     0.554291
   -0.994617   0.00577429     -0.10346
   0.0826683    -0.557771    -0.825868
  -0.0418217    -0.750957     0.659025
   -0.995275   -0.0265362    -0.093398
   0.0876259    -0.659818    -0.746299
   -0.040436    -0.907579      0.41793
   -0.995137  -0.00102059   -0.0984988
    0.089822     -0.41988    -0.903124
   -0.057773     -0.97372    -0.220299
   -0.994318    0.0363586     0.100053
   0.0894138    -0.224828     0.970287
  -0.0385731    -0.959745     0.278211
   -0.995712    0.0134894    -0.091518
    0.084081    -0.280548     -0.95615
  -0.0816417    -0.914935     0.395258
   -0.991957    0.0361069    -0.121312
   0.0967213    -0.401983    -0.910524
   -0.121601    -0.992563   0.00562329
   -0.986757     0.121498     0.107466
     0.10735  -0.00751908     0.994193
   -0.117299    -0.918431     0.377791
   -0.989389    0.0752327    -0.124298
   0.0857366    -0.388362     -0.91751
   -0.133559    -0.553935    -0.821777
   -0.990387     0.104719    0.0903741
   0.0359946     0.825948    -0.562596
   -0.139663    -0.393358    -0.908715
   -0.989529    0.0892014      0.11347
   0.0364241     0.915048    -0.401697
    0.106975     0.188069    -0.976313
    0.994232   -0.0126816     0.106495
  0.00764722    -0.982074    -0.188341
    0.102956     0.281573       -0.954
    0.994664   -0.0227246     0.100637
  0.00665744    -0.959271    -0.282411
    0.112248     0.126955    -0.985537
    0.993643  -0.00578871     0.112426
  0.00856806    -0.991892    -0.126798
   0.0870481     0.719965      0.68853
    0.995019   -0.0291263   -0.0953403
   0.0485873    -0.693399     0.718914
  -0.0898429    -0.926401     0.365662
   -0.994467    0.0633741   -0.0837821
  -0.0544424     0.371166     0.926969
    0.066952    -0.745223     0.663446
    0.993206   -0.0136562    -0.115569
   0.0951851     0.666676     0.739245
  -0.0810372     0.400502    -0.912705
   -0.995548   -0.0767409    0.0547182
   -0.048127     0.913076     0.404939
   0.0675853    -0.841914     0.535363
    0.993461   0.00729987    -0.113937
   0.0920169     0.539562     0.836902
   0.0679916   -0.0542374    -0.996211
    0.994327     0.085555    0.0632051
   0.0818027    -0.994856    0.0597468
  -0.0958966    -0.890937     0.443885
   -0.993842    0.0608281   -0.0926184
  -0.0555165     0.450034     0.891284
  -0.0748042    -0.373124    -0.924761
   -0.992487   -0.0621847     0.105373
  -0.0968232     0.925695    -0.365669
   0.0825062     0.155412    -0.984398
    0.991876     0.083157    0.0962614
   0.0968198    -0.984343    -0.147289
    0.103646     0.994287   -0.0255108
    0.992701    -0.105003    -0.059318
   0.0616578    0.0191765     0.997913
   -0.123164    -0.992255     0.016165
   -0.992196     0.122805    -0.021603
  -0.0194506    0.0186996     0.999636
    0.140069     0.966627     0.214508
    0.989957    -0.132534   -0.0491889
   0.0191178    -0.219243     0.975483
   -0.154229    -0.784595     0.600521
   -0.987591      0.14065   -0.0698747
   0.0296401     0.603845      0.79655
    0.145515     0.285678    -0.947213
    0.988663   -0.0778239     0.128411
  -0.0370317     -0.95516    -0.293764
   -0.160701    -0.492608    -0.855285
   -0.986655     0.103182     0.125955
   0.0262035     0.864112    -0.502616
   -0.052488    -0.341548    -0.938398
   -0.991103   -0.0972737    0.0908407
   -0.122308     0.934817    -0.333404
  -0.0469875    -0.659402     -0.75032
   -0.989668   -0.0711314     0.124488
   -0.135459     0.748417    -0.649247
    0.042357    -0.160004    -0.986207
    0.985995     0.166064    0.0154055
    0.161308    -0.973048     0.164797
   0.0436298     0.063713    -0.997014
    0.987143     0.150853    0.0528379
    0.153769    -0.986501   -0.0563121
  -0.0346083    0.0229309     0.999138
   -0.985669    -0.165942   -0.0303333
   -0.165103     0.985869   -0.0283453
   0.0321092     0.980761    -0.192554
    0.980877   -0.0679225    -0.182393
    0.191963     0.183015     0.964186
   0.0255115     0.998526   -0.0479112
    0.980448   -0.0343465    -0.193757
    0.195117    0.0420314     0.979879
   0.0220571     0.978582    -0.204673
    0.973824   -0.0673554    -0.217093
    0.226229     0.194527     0.954453
   0.0339237    -0.212412    -0.976591
    0.981916     0.189186  -0.00704014
    0.186253    -0.958692     0.214989
   0.0288477     0.989333    -0.142788
    0.974589   -0.0595827    -0.215933
    0.222137      0.13293     0.965911
   -0.022462    -0.783298     0.621241
   -0.976317      0.15093     0.155002
   -0.215177    -0.603046    -0.768137
  -0.0168116     -0.98368    -0.179141
   -0.979808    0.0519091    -0.193086
   -0.199234    -0.172278      0.96469
  -0.0122465    -0.980645    -0.195412
   -0.974916    0.0551441    -0.215634
   -0.222236     -0.18787     0.956722
  0.00177529    -0.999962   -0.0085709
    0.974583  -0.00018996     0.224028
    0.224021   0.00875077    -0.974545
  0.00667356    -0.947065    -0.320973
    0.978995    -0.059222     0.195096
    0.203777     0.315532    -0.926776
   0.0283984    -0.553813     0.832157
    0.985757    -0.122533    -0.115188
    0.165759     0.823576     0.542445
   0.0248768    -0.806677     0.590468
    0.985001   -0.0811025    -0.152298
    0.170744     0.585401     0.792561
   0.0423359     0.113343    -0.992654
    0.988672     0.138442    0.0579737
    0.143996    -0.983863    -0.106198
   0.0473113    -0.262577      0.96375
    0.989486    -0.119695   -0.0811861
    0.136674     0.957458     0.254153
   0.0490681    -0.442433     0.895458
    0.988937    -0.104131     -0.10564
    0.139983     0.890735     0.432429
  0.00709021     -0.78627     0.617842
   -0.979694     0.118342     0.161846
   -0.200372    -0.606444    -0.769466
  -0.0238712    -0.958867    -0.282851
   -0.982975    0.0740724    -0.168148
   -0.182183    -0.274022      0.94431
   0.0136314     0.998616   -0.0507923
     0.98152   -0.0230601    -0.189966
    0.190874    0.0472642     0.980476
   0.0440207    -0.845371    -0.532363
    0.985305   -0.0512916     0.162923
    0.165036     0.531712     -0.83069
  -0.0539667    -0.998512  -0.00786281
   -0.986329    0.0545327    -0.155501
   -0.155698   0.00063652     0.987805
   0.0330762    -0.832926     0.552395
    0.985007   -0.0664637    -0.159197
    0.169313     0.549379      0.81824
   0.0803556     -0.85825     0.506903
    0.988888   0.00482969    -0.148584
    0.125074      0.51321     0.849101
   0.0633746    -0.880295     0.470174
    0.988639   -0.0089635    -0.150041
    0.136294     0.474341     0.869727
   -0.104572    -0.326127    -0.939524
    -0.98932   -0.0623397     0.131754
   -0.101538     0.943268    -0.316125
   0.0773982     0.993873   -0.0789086
    0.988674   -0.0867183    -0.122488
     0.12858    0.0685345     0.989328
   -0.107677    -0.911391     0.397204
   -0.989349    0.0588681    -0.133127
  -0.0979483     0.407308     0.908023
   -0.102588    -0.942583     0.317824
   -0.990446     0.126392    0.0551467
  -0.0921509    -0.309131    -0.946545
   0.0565581    -0.729334     0.681816
    0.989301   -0.0510466    -0.136669
    0.134482     0.682251     0.718644
   0.0914856     0.656718    -0.748566
    0.990805    0.0152163      0.13444
   0.0996796    -0.753982    -0.649288
   0.0242438    -0.828445     0.559545
    0.984863   -0.0762983    -0.155637
    0.171629     0.554849     0.814056
  0.00242949    -0.991446    -0.130495
    0.979202   -0.0241158     0.201451
    0.202875     0.128271    -0.970767
  0.00560063    -0.990406    -0.138072
    0.980453   -0.0217173     0.195551
    0.196674     0.136468    -0.970925
   0.0124114     -0.95389    -0.299899
   -0.975853    0.0538552    -0.211684
   -0.218074    -0.295285     0.930189
  0.00743024    -0.990374    -0.138219
    -0.97494     0.023559    -0.221216
   -0.222343    -0.136399      0.96538
   0.0127127     -0.87371    -0.486281
   -0.977562    0.0914033    -0.189782
   -0.210262    -0.477783     0.852944
   -0.124945    -0.917442     0.377742
   -0.990489     0.137449   0.00620745
  -0.0576151    -0.373374     -0.92589
   -0.134382    -0.895768    -0.423723
   -0.988838      0.14899  -0.00136461
   -0.064353     -0.41881     0.905791
   -0.148924    -0.821922    -0.549787
    -0.98843      0.13991    0.0585779
  -0.0287745     -0.55215     0.833248
   -0.139353    -0.836939     0.529257
   -0.989846     0.132858   -0.0505306
  -0.0280249    -0.530925    -0.846955
    0.146711      0.94363     0.296712
    0.988664    -0.130202   -0.0747711
   0.0319238    -0.304318     0.952035
    -0.16139     -0.82251     0.545371
   -0.986862     0.130284   -0.0955493
  0.00753726    -0.553627    -0.832731
   -0.168461    -0.669261    -0.723679
   -0.985691     0.109979     0.127744
  0.00590484    -0.734843     0.678212
   -0.140238    -0.858666     0.492977
   -0.990083     0.125803   -0.0625272
 -0.00832783    -0.496856    -0.867793
   -0.166853    -0.929902     0.327784
   -0.985866     0.162446   -0.0409891
   0.0151314      0.32999     0.943863
    0.146108     0.964801     0.218661
    0.989049      -0.1378   -0.0528577
   0.0208657    -0.223989     0.974368
    0.115889     0.979585    -0.164264
    0.991222    -0.124652   -0.0440518
   0.0636283     0.157717     0.985432
    0.121517        0.962     0.244517
     0.99011    -0.100077   -0.0983215
   0.0701149    -0.254047     0.964647
   -0.143323    -0.873747     0.464784
   -0.989613     0.131819   -0.0573566
   -0.011152    -0.468177    -0.883564
    -0.13024    -0.905438     0.404005
   -0.990646     0.135567   -0.0155319
  -0.0407066    -0.402249    -0.914625
   -0.134755    -0.794752    -0.591786
    -0.99024     0.129451     0.051638
   -0.035568    -0.592969      0.80444
   -0.122565    -0.935702     0.330817
   -0.990936     0.133844     0.011438
  -0.0549805    -0.326417    -0.943626
   -0.113959    -0.857933     0.500964
   -0.991566      0.12955  -0.00369946
  -0.0617258    -0.497161     -0.86546
   -0.100281    -0.899016      0.42628
   -0.992248     0.121973    0.0238159
  -0.0734056    -0.420587    -0.904278
  -0.0954947    -0.908514     0.406796
   -0.992517      0.11814    0.0308558
  -0.0760919    -0.400805    -0.912998
   -0.100127     -0.90888    -0.404861
   -0.990783     0.128387    -0.043187
  -0.0912308    -0.396805     0.913358
  -0.0734363    -0.883235     0.463145
   -0.990079     0.120348    0.0725208
   -0.119791    -0.453225    -0.883311
   0.0543164     0.996241   -0.0674846
    0.987539   -0.0635934    -0.143956
    0.147706    0.0588245      0.98728
  -0.0494686    -0.904583     0.423419
   -0.988951     0.103677     0.105953
   -0.139742    -0.413499    -0.899717
  -0.0297968    -0.905397     0.423519
   -0.984543    0.0997441     0.143965
   -0.172589    -0.412683    -0.894374
  -0.0258029     -0.95863     0.283484
   -0.987094    0.0692669     0.144387
   -0.158049      -0.2761    -0.948045
 -0.00342139    -0.981966    -0.189029
   -0.984729    0.0362113    -0.170287
   -0.174061    -0.185559     0.967094
 0.000384867    -0.888924    -0.458054
   -0.981704    0.0868837    -0.169436
   -0.190413    -0.449739     0.872627
  -0.0201915    -0.887431     0.460499
   -0.989359    0.0841149     0.118718
   -0.144089    -0.453201    -0.879686
  0.00644375    -0.930474       0.3663
   -0.987766     0.051154     0.147318
   -0.155813    -0.362768    -0.918761
 -0.00192948    -0.980297    -0.197522
   -0.990501     0.029031    -0.134404
    -0.13749    -0.195387     0.971041
  -0.0334485    -0.956724    -0.289068
   -0.989031    0.0733203    -0.128225
    -0.14387    -0.281608     0.948682
  -0.0550256    -0.946669     0.317473
   -0.989694    0.0938097     0.108193
   -0.132205    -0.308248    -0.942075
   0.0717726     0.975447      0.20821
    0.989414   -0.0432308    -0.138531
    0.126129    -0.215948     0.968224
   0.0910699     0.986279    -0.137697
    0.989909    -0.104732   -0.0954549
    0.108566     0.127615     0.985864
  -0.0786762    -0.953097      0.29226
   -0.990143     0.108786    0.0882187
   -0.115875    -0.282438    -0.952261
    0.043867    -0.500042     0.864889
    0.989181   -0.0995689    -0.107738
    0.139989     0.860258     0.490264
  -0.0022427    -0.899625     0.436658
   -0.990693    0.0614282     0.121469
     -0.1361    -0.432321    -0.891389
   -0.467635    -0.511548    -0.720858
   -0.872296     0.398906     0.282797
    0.142891     0.761047    -0.632763
    0.516085     0.301756    -0.801623
     0.84974    -0.298045     0.434869
   -0.107695    -0.905601    -0.410231
   -0.475319    -0.438167    -0.762942
    -0.87574     0.318968     0.362406
   0.0845596     0.840398    -0.535333
   -0.507276    -0.543431    -0.668845
    -0.85834     0.387915     0.335818
   0.0769611     0.744449    -0.663229
     0.53508     0.276222    -0.798367
    0.838589    -0.288064     0.462372
   -0.102263    -0.916908    -0.385774
   -0.484901    -0.377824    -0.788746
   -0.872866     0.265321     0.409523
   0.0545432     0.887048    -0.458444
     0.53147   -0.0293385    -0.846569
    0.843359   -0.0752097     0.532062
  -0.0792801    -0.996736   -0.0152289
   -0.509471   -0.0122082    -0.860401
   -0.858656     0.072424      0.50741
   0.0561191     0.997299   -0.0473805
    0.512275    -0.188598    -0.837858
    0.855835    0.0308113     0.516331
  -0.0715635    -0.981571     0.177193
    0.547522     -0.36449    -0.753237
    0.831145     0.132491     0.540041
  -0.0970426    -0.921734     0.375486
    0.533103    -0.179506    -0.826788
    0.841024   0.00607293     0.540963
  -0.0920853    -0.983738     0.154207
    0.550645     0.115156    -0.826758
    0.827307    -0.207168     0.522154
   -0.111148    -0.971504    -0.209345
    -0.48431    -0.626919    -0.610259
    -0.87426     0.320174      0.36491
   0.0333802    -0.710254     0.703153
   -0.490744    -0.623489     0.608631
   -0.869767     0.392022    -0.299708
   0.0517322     0.676447     0.734672
    0.474456      0.86169      0.17995
    0.879538    -0.472432   -0.0567491
   -0.036114    -0.185198     0.982037
     0.46253     0.841748     0.278436
    0.886316    -0.446989     -0.12102
  -0.0225898    -0.302758       0.9528
   -0.463359    -0.542063    -0.701046
   -0.885536     0.313155     0.343161
   0.0335206     0.779809     -0.62512
   -0.439034     -0.62515    -0.645319
   -0.898208      0.32276      0.29841
   0.0217321     0.710643    -0.703217
    0.426601     0.864527     0.265716
    0.903646    -0.419726    -0.085171
  -0.0378953    -0.276447     0.960282
   -0.458723    -0.419568    -0.783286
   -0.886747     0.272737     0.373222
   0.0570394     0.865781    -0.497161
    0.397443     0.912806   -0.0939385
    0.914425    -0.385432     0.123566
  -0.0765853      0.13501      0.98788
    0.389202     0.140511    -0.910373
    0.920631   -0.0925914     0.379297
  -0.0309972     -0.98574    -0.165396
    0.363375    -0.094091    -0.926879
    0.929704   -0.0275322     0.367278
  -0.0600765    -0.995183    0.0774723
   -0.336032    -0.422048    -0.841997
   -0.940776     0.193111     0.278657
   0.0449918     0.885767    -0.461943
    0.432327     0.851545    -0.296588
    0.896523    -0.370667     0.242596
  -0.0966462     0.370778     0.923679
    0.542668    -0.143318     -0.82763
    0.829643   -0.0624103     0.554796
   -0.131165    -0.987707    0.0850349
    0.523617     0.186286    -0.831338
    0.844967    -0.238268      0.47881
   -0.108885    -0.953166    -0.282167
    0.509684    -0.069877    -0.857519
    0.849626    -0.116084     0.514452
   -0.135493    -0.990778  0.000203097
   -0.529355     0.538912    -0.655253
   -0.833725    -0.187406     0.519404
    0.157115     0.821251     0.548509
   -0.488783    -0.519389    -0.700946
   -0.864976     0.393155     0.311844
    0.113612     0.758726    -0.641426
    0.499002   -0.0241456    -0.866264
    0.851828    -0.170114     0.495429
   -0.159326    -0.985129   -0.0643193
   -0.480753   0.00933401    -0.876806
   -0.866979     0.144606     0.476904
    0.131243     0.989445   -0.0614274
    0.469423    -0.171309    -0.866196
    0.869495   -0.0810657     0.487244
   -0.153688    -0.981877     0.110898
     0.51866     0.851483   -0.0772548
    0.834683    -0.484704     0.261469
   -0.185191     0.200097     0.962115
    0.487729     0.130253    -0.863223
    0.852883    -0.282117     0.439318
   -0.186307    -0.950497    -0.248688
   -0.509791    -0.675215    -0.533103
   -0.834085     0.236119     0.498548
    0.210751    -0.698808     0.683558
    0.460199    -0.226243    -0.858505
    0.880416  -0.00828888     0.474129
   -0.114384    -0.974036     0.195373
    0.450629    -0.261305    -0.853611
     0.88329  -0.00804174     0.468759
   -0.129354    -0.965223     0.227185
   -0.433132    -0.742665     0.510731
     -0.8948     0.422389    -0.144641
    0.108307     0.519651     0.847486
   -0.445341    -0.582705    -0.679799
   -0.890753     0.365272     0.270437
    0.090727     0.725969    -0.681716
   -0.471536    -0.747792    -0.467398
   -0.876846     0.341223     0.338686
   0.0937793    -0.569539     0.816597
   -0.456404    -0.612315    -0.645574
   -0.886578      0.37438     0.271696
   0.0753266     0.696355    -0.713733
    0.486109     0.234254    -0.841916
    0.871154    -0.206184     0.445622
  -0.0692009     -0.95006    -0.304299
    0.502672     0.144445    -0.852324
    0.859523    -0.188912     0.474903
  -0.0924173    -0.971312    -0.219114
   -0.463374    -0.748623     0.474181
   -0.884341     0.424949    -0.193287
    0.056804     0.508902     0.858948
   -0.415052    -0.750529     0.514235
   -0.907635      0.38053    -0.177189
   0.0626964      0.54028     0.839146
   -0.421968    -0.906545   -0.0109172
   -0.904361     0.420043    0.0754655
   0.0638271   -0.0417172     0.997089
   -0.421071    -0.830292    -0.365123
   -0.904339     0.353334     0.239427
   0.0697839    -0.431011     0.899644
   -0.434286    -0.737363    -0.517389
   -0.898825     0.316955     0.302743
   0.0592425    -0.596519      0.80041
    0.431744     0.898746    0.0764955
    0.900016    -0.434861    0.0294541
  -0.0597367   -0.0561305     0.996635
   -0.437943     0.456475    -0.774491
   -0.896873    -0.162575     0.411325
    0.061847     0.874757     0.480599
   -0.438568    -0.686212      0.58032
   -0.897263     0.370816    -0.239613
   0.0507664     0.625787     0.778341
   -0.441547    -0.772536     0.456317
   -0.895796     0.408389    -0.175405
   0.0508482     0.486217     0.872358
   -0.446832    -0.689065     0.570553
   -0.893903     0.369389    -0.253949
   0.0357688     0.623491     0.781012
   -0.436289    -0.335154    -0.835059
   -0.898024     0.220566     0.380662
   0.0566054     0.915982    -0.397206
    0.442659     0.145872    -0.884746
    0.895646    -0.119531     0.428405
  -0.0432625    -0.982056    -0.183561
   -0.442861     -0.32601     -0.83522
   -0.895133     0.213866     0.391151
   0.0511063     0.920858    -0.386535
    -0.45204    -0.601294    -0.658867
   -0.890414     0.348174     0.293151
   0.0531304      0.71918    -0.692789
   -0.457635     -0.53642    -0.709101
   -0.888482     0.306566     0.341492
   0.0342037     0.786302    -0.616895
   -0.439739    -0.674087    -0.593495
   -0.895364     0.277255       0.3485
   0.0703695    -0.684643     0.725473
   -0.433269     0.350235    -0.830429
   -0.897558   -0.0841934     0.432784
   0.0816595      0.93287     0.350835
    -0.42477     0.615411    -0.663958
    -0.90206    -0.225714     0.367887
   0.0765369     0.755197     0.651014
   -0.413443    -0.730999     0.542868
   -0.906685     0.385257    -0.171755
   0.0835912     0.563221     0.822067
    0.419381     0.113635     -0.90067
    0.902707    -0.157255     0.400489
  -0.0961252    -0.980998    -0.168529
   -0.413975    -0.629754    -0.657293
   -0.907547     0.341528      0.24437
   0.0705915     0.697688    -0.712916
    -0.43413    -0.336687    -0.835567
   -0.899316     0.216086     0.380181
   0.0525526     0.916487    -0.396598
    0.433916     0.274096    -0.858247
    0.900009    -0.175478     0.398989
  -0.0412426    -0.945558    -0.322831
   -0.399009    -0.379469    -0.834743
   -0.915337     0.218769     0.338082
    0.054324     0.898968    -0.434633
    0.399205     0.581505    -0.708863
    0.914163    -0.311717     0.259109
  -0.0702916    -0.751455     -0.65603
    0.400325    0.0850615    -0.912417
     0.91543   -0.0822964     0.393975
  -0.0415765    -0.992971    -0.110813
   -0.355486    -0.468491    -0.808793
    -0.93258      0.23578     0.273319
   0.0626495     0.851425    -0.520721
    0.362102     0.215151    -0.906969
    0.930778    -0.135998     0.339347
  -0.0503355    -0.967065    -0.249503
   -0.320211    -0.314693    -0.893551
   -0.945709     0.161607     0.281987
   0.0556647     0.935335    -0.349356
   -0.361585    -0.528292    -0.768221
   -0.928449     0.279218     0.244988
   0.0850755     0.801839    -0.591453
   -0.315912    -0.439774    -0.840713
    -0.94588     0.215311     0.242802
    0.074236     0.871917    -0.483993
    -0.32262    -0.510102    -0.797316
   -0.941308     0.261261     0.213735
   0.0992813     0.819475    -0.564451
   -0.369836    -0.328996    -0.868898
   -0.928371     0.167833     0.331602
   0.0367339     0.929297    -0.367501
    -0.31682  -0.00530974    -0.948471
   -0.947518    0.0469342     0.316239
   0.0428365     0.998884   -0.0199008
    0.419895   -0.0725282     -0.90467
    0.907133   0.00249874     0.420838
   -0.028262    -0.997363    0.0668419
   -0.450033    -0.784239     0.427129
   -0.892644     0.408779    -0.189963
    0.025625     0.466764      0.88401
   -0.438832    -0.804652     0.399952
   -0.898015     0.408351    -0.163763
   0.0315485     0.431027     0.901787
    -0.50375     0.357878    -0.786231
   -0.832081    0.0435345     0.552943
    0.232115     0.932753     0.275853
    0.478651       0.1098    -0.871113
    0.853633    -0.290342     0.432449
   -0.205438    -0.950603    -0.232702
   -0.477541     0.376314    -0.793941
   -0.850413    0.0291176     0.525309
    0.220799     0.926035     0.306117
   -0.499204     0.478594    -0.722318
   -0.829803   -0.0240741     0.557538
    0.249445     0.877706     0.409157
    0.453786     0.136543    -0.880588
    0.871356    -0.274914     0.406401
   -0.186595    -0.951724    -0.243729
   -0.475199     0.618809    -0.625509
   -0.849054    -0.135974     0.510508
    0.230854     0.773684     0.590017
    0.451985     0.884021    -0.119231
    0.870886    -0.408388     0.273454
   -0.193047     0.227434     0.954467
    0.453706     0.872935     0.179263
    0.868727     -0.47809     0.129397
   -0.198659   -0.0970222     0.975255
    0.504099    -0.077733    -0.860141
     0.82041    -0.268071      0.50504
   -0.269837    -0.960258   -0.0713611
    0.476757     0.804119    -0.355099
     0.84559    -0.309162     0.435196
   -0.240166     0.507751     0.827351
   -0.506296    -0.751116     0.423661
   -0.815208     0.577098    0.0489348
     0.28125     0.320596     0.904498
    0.427446     0.888549    -0.166645
    0.889954     -0.38116     0.250399
   -0.158973     0.255338     0.953693
    0.432201     0.899703   -0.0611299
     0.88981    -0.414477     0.190912
   -0.146428     0.136906     0.979702
    0.420464     0.882531     0.210593
    0.900737    -0.433906    0.0199802
   -0.109011    -0.181288      0.97737
     0.41729     0.867726    -0.270038
    0.899469     -0.35195     0.259013
   -0.129712     0.350974     0.927357
      0.4288     0.198874    -0.881238
    0.890105    -0.259739     0.374497
   -0.154414    -0.944979    -0.288395
    0.417343     0.849669    -0.322317
    0.899501    -0.335766      0.27957
   -0.129319     0.406601     0.904407
   -0.439029     0.543915    -0.715129
   -0.886367    -0.131982     0.443772
    0.146991     0.828696     0.540053
    0.453608    0.0637335     -0.88892
    0.874562    -0.223679     0.430244
   -0.171411    -0.972577    -0.157201
    0.423455     0.881032     0.210876
    0.897662    -0.439423    0.0333227
   -0.122022    -0.175185     0.976945
   -0.511277    -0.324931    -0.795623
    -0.80898     0.494439     0.317933
    0.290081     0.806195    -0.515658
    0.481519    0.0774503    -0.873007
    0.840522    -0.323029     0.434943
    -0.24832    -0.943215    -0.220643
   -0.486396    -0.330828    -0.808685
   -0.836271     0.444396     0.321189
    0.253118     0.832505    -0.492815
   -0.502799    -0.864265   -0.0154799
   -0.814572     0.467745     0.343054
    0.289249    -0.185097     0.939188
   -0.458021    -0.393042     -0.79733
   -0.869812      0.38323     0.310745
    0.183425     0.835855      -0.5174
    0.465354     0.877268    -0.117672
    0.848798    -0.404599     0.340355
   -0.250973     0.258265     0.932905
     -0.4507    -0.814762    -0.364736
   -0.874748     0.321625     0.362455
    0.178007     -0.48241     0.857668
   -0.427106    -0.747328       -0.509
    -0.88267     0.222485     0.413997
    0.196147      -0.6261     0.754669
    0.484563     0.861262    -0.153056
    0.821922    -0.388385     0.416654
   -0.299404     0.327695     0.896088
   -0.451869     -0.84053    -0.298871
   -0.853369     0.309651     0.419379
    0.259955    -0.444552     0.857203
    0.452481     0.856409    -0.248645
    0.835568    -0.309729     0.453755
   -0.311587     0.413076     0.855735
    -0.43596    -0.767448    -0.470067
   -0.890553     0.292533     0.348337
    0.129821    -0.570481     0.810986
   -0.408426    -0.700883    -0.584766
   -0.902496     0.214122     0.373703
    0.136711    -0.680378     0.719997
   -0.399773    -0.719249    -0.568209
   -0.912911     0.256757     0.317285
    0.082315    -0.645566     0.759255
    -0.41876    -0.719574    -0.553944
   -0.905364     0.283534     0.316109
   0.0704017    -0.633894     0.770209
   -0.438889    -0.397216    -0.805975
   -0.889235     0.320773     0.326138
    0.128988      0.85984    -0.494002
    0.425369     0.867224    -0.258811
    0.901949    -0.382683     0.200104
  -0.0744921     0.318552     0.944974
    -0.43925    -0.898346   0.00580346
   -0.887469     0.434916      0.15247
    0.139495   -0.0618218     0.988291
    0.458164     -0.33735    -0.822363
    0.867751   -0.0307124      0.49605
   -0.192599    -0.940878     0.278664
   -0.425349    -0.904849     0.018088
    -0.89985     0.424965    0.0983593
    0.096687   -0.0255606     0.994987
   -0.386281    -0.743769    -0.545523
   -0.921272     0.340105     0.188645
  -0.0452269    -0.575445     0.816589
   -0.400913     0.547977    -0.734159
   -0.914443    -0.287782     0.284563
  -0.0553438     0.785431     0.616469
   -0.400244    -0.703496     -0.58728
   -0.915359     0.337566     0.219471
  -0.0438485    -0.625414      0.77906
   -0.412397    -0.743405    -0.526572
   -0.910231     0.360054      0.20455
  -0.0375308    -0.563658     0.825155
   -0.421212    -0.723173    -0.547359
   -0.905066     0.374163     0.202134
  -0.0586239    -0.580537     0.812121
   -0.411384    -0.784437    -0.464135
   -0.911453     0.356257     0.205752
  -0.0039522     -0.50768     0.861536
    -0.42077    -0.671668    -0.609766
   -0.906858     0.328987     0.263394
  -0.0236913    -0.663799     0.747535
   -0.415273    -0.743773     0.523785
   -0.909614     0.347261    -0.228061
   0.0122649     0.571149     0.820755
    0.412623     0.889406     0.196722
    0.910157    -0.411291   -0.0495444
  -0.0368452    -0.199491     0.979207
    0.432862     0.871574     0.230195
    0.900179    -0.404307    -0.161905
   0.0480427    -0.277299     0.959582
    0.420459     0.897276     -0.13457
    0.907305    -0.415229    0.0662058
 -0.00352737     0.149933      0.98869
    0.431894     0.901505   -0.0275128
    0.901659    -0.432306   -0.0110574
   0.0218622    0.0200315      0.99956
     0.42131     -0.37592    -0.825338
    0.905508     0.123664     0.405909
  -0.0505248    -0.918363     0.392499
    0.415351     0.909159    0.0302285
     0.90645    -0.416446    0.0701522
  -0.0763681   0.00173713     0.997078
   -0.420085    -0.789129    -0.448111
   -0.906798     0.345822     0.241089
   0.0352835    -0.507624     0.860856
    -0.40541     0.510574    -0.758259
   -0.913696    -0.200642     0.353414
   0.0283051     0.836097     0.547852
   -0.394312    -0.771902    -0.498683
   -0.918851     0.340143     0.200041
  -0.0152115    -0.537094     0.843385
   -0.381108     -0.80528    -0.454182
   -0.924518     0.334541     0.182618
   -0.004884    -0.489497     0.871991
   -0.390495     -0.75377     -0.52853
   -0.920083     0.300214     0.251632
   0.0310007    -0.584553     0.810763
    0.375705    -0.589177    -0.715343
    0.926182     0.265469     0.267791
   0.0321249    -0.763149     0.645424
   -0.416546    -0.549141    -0.724523
   -0.909027     0.262623     0.323571
   0.0125901     0.793394    -0.608578
   -0.408878    -0.720843     0.559646
   -0.912102     0.342828    -0.224809
   0.0298105     0.602374     0.797657
   -0.403669    -0.579897    -0.707651
   -0.913289     0.301357      0.27402
   0.0543526     0.756903    -0.651263
   -0.408081    -0.570284    -0.712914
   -0.912145     0.287384     0.292235
   0.0382234     0.769537    -0.637458
    -0.40241    -0.538429    -0.740379
   -0.912076     0.305275     0.273724
   0.0786388     0.785431    -0.613934
    -0.40471    -0.734905     0.544173
   -0.911836     0.369245    -0.179482
   0.0690308     0.568834      0.81955
   -0.405045    -0.460086    -0.790101
   -0.910264     0.283999      0.30127
   0.0857778     0.841228    -0.533833
   -0.407283     -0.78162     0.472431
   -0.911698     0.378594    -0.159604
   0.0541102     0.495718     0.866796
    -0.41173    -0.638924    -0.649811
   -0.905213     0.369056     0.210684
    0.105206     0.674962    -0.730314
   -0.408034    -0.526264    -0.746026
   -0.907172     0.325633     0.266462
    0.102701       0.7855    -0.610281
    0.410061     0.872565     0.265482
    0.907413    -0.419646   -0.0223252
  -0.0919281    -0.250056     0.963857
    0.406865     0.877299     0.254571
    0.911498    -0.408283   -0.0497678
   -0.060276     -0.25229     0.965773
    0.668041      0.74204   -0.0556678
    0.578227    -0.470564       0.6665
   -0.468374     0.477438     0.743423
   -0.684803    -0.586521    -0.432479
   -0.571437    0.0639157     0.818153
    0.452222    -0.807408     0.378929
   -0.671675    -0.570698     0.472395
   -0.622773     0.780309    0.0571967
    0.401256     0.255777     0.879529
   -0.682501    -0.545072     0.486918
   -0.613998     0.788985    0.0225913
    0.396485     0.283548     0.873156
    0.685172     0.727341   -0.0389069
    0.574344    -0.506651     0.642989
    -0.44796     0.462904     0.764887
   -0.661451    -0.482123    -0.574491
   -0.667533     0.727639     0.157929
    0.341881     0.487954     -0.80313
   -0.679696    -0.432897    -0.592126
    -0.61991      0.77054     0.148256
    0.392077     0.467834     -0.79209
    0.665064     0.294697     -0.68618
    0.665838    -0.650066     0.366161
