   -0.011721    -0.848474     0.529107
   -0.997071   -0.0300764   -0.0703179
   0.0755765    -0.528382    -0.845636
  -0.0417735    -0.847634     0.528934
    -0.99727   0.00311008   -0.0737771
    0.060891    -0.530572     -0.84545
  -0.0754765    -0.877953     0.472759
   -0.995992    0.0435628   -0.0781114
   0.0479834     -0.47676    -0.877723
  -0.0911118    -0.941114     0.325582
   -0.995009     0.072672   -0.0683835
   0.0406959    -0.330188    -0.943038
   -0.112951    -0.921992      0.37037
   -0.992947    0.0912198   -0.0757356
   0.0360426    -0.376312    -0.925792
   -0.105081    -0.944438     0.311441
   -0.994238    0.0931083   -0.0531105
   0.0211617    -0.315228     -0.94878
   -0.123334    -0.918127     0.376606
   -0.992247     0.108237   -0.0610763
   0.0153129    -0.381219    -0.924358
   -0.124034    -0.884096     0.450545
   -0.991864    0.0973477   -0.0820339
   0.0286663    -0.457054    -0.888977
   -0.120607    -0.876627     0.465809
   -0.992697     0.105207   -0.0590348
  0.00274537    -0.469527    -0.882914
   -0.121949    -0.879944     0.459158
   -0.992163    0.0953863   -0.0807103
   0.0272232    -0.465402    -0.884681
   -0.115314    -0.895504     0.429855
   -0.993328     0.104557   -0.0486509
 -0.00137745    -0.432597    -0.901586
   -0.106801    -0.835487     0.539032
   -0.994196    0.0826902   -0.0688172
   0.0129231    -0.543254    -0.839469
    0.154852     0.986157    0.0592927
    0.971709    -0.162868     0.171045
   -0.178334   -0.0311285     0.983477
   -0.179754    -0.844164     0.505051
   -0.964383       0.2525     0.078804
    0.194049     0.472897     0.859484
   -0.159515    -0.908984     0.385102
   -0.970323     0.216181     0.108343
    0.181734     0.356391     0.916492
   -0.181088     0.575203    -0.797714
   -0.964491    0.0547007     0.258391
    0.192263      0.81618     0.544872
    0.203633    -0.360243    -0.910362
     0.95796    -0.118634     0.261225
   -0.202104    -0.925284     0.320941
    0.154373     0.243387    -0.957565
    0.971495    -0.213873     0.102258
   -0.179909    -0.946056    -0.269465
    -0.20004     0.531546    -0.823069
   -0.960782     0.058239     0.271121
    0.192048     0.845025      0.49905
   -0.177606     0.583404    -0.792525
   -0.967242    0.0449432     0.249845
    0.181379     0.810937     0.556311
   -0.194158    -0.828235    -0.525671
    -0.96492    0.0647068     0.254445
    0.176725    -0.556633     0.811744
    -0.21594    -0.777586    -0.590533
   -0.955527    0.0438853     0.291621
    0.200845    -0.627243     0.752481
   -0.208494    -0.737667    -0.642166
   -0.959863    0.0283907     0.279028
    0.187599    -0.674567     0.713979
    0.220139     0.699033    -0.680361
    0.956221    -0.016774     0.292163
   -0.192819     0.714892     0.672123
    0.151013    -0.174872    -0.972941
     0.97419    -0.140721       0.1765
   -0.167778    -0.974483     0.149108
    -0.17307    -0.683579     -0.70906
   -0.971245  -0.00105337     0.238081
    0.163494    -0.729876      0.66374
   -0.151695    -0.934698    -0.321446
   -0.978416    0.0958286      0.18308
    0.140321     -0.34228     0.929061
   -0.122704    -0.831315     0.542087
   -0.982561    0.0248697    -0.184269
    0.139704    -0.555244     -0.81987
   -0.125996    -0.857438     0.498924
   -0.979104     0.188408    0.0765348
    0.159625     0.478855      0.86326
  -0.0998284    -0.914634     0.391763
   -0.985965    0.0379793    -0.162573
    0.133816    -0.402494    -0.905589
  -0.0928191    -0.583596    -0.806722
   -0.983898     0.178051   -0.0156004
    0.152742     0.792284    -0.590725
   -0.129062    -0.747417     0.651698
   -0.977328     0.207112     0.043982
    0.167848     0.631247     0.757202
  -0.0986496    -0.408662    -0.907339
   -0.983376     0.179714     0.025974
    0.152447     0.894817    -0.419597
  -0.0577595    -0.890949     0.450415
   -0.991754 -0.000491682    -0.128152
    0.114398    -0.454103    -0.883575
  -0.0638754    -0.516303    -0.854021
   -0.988392     0.150935   -0.0173229
    0.137845     0.843001     -0.51995
  -0.0277656    -0.667197     0.744364
   -0.993989   -0.0604589   -0.0912681
    0.105897    -0.742424    -0.661508
   -0.127684    -0.769499     0.625754
   -0.977901     0.202984     0.050074
     0.16555     0.605531     0.778412
   -0.213009    -0.714592    -0.666322
   -0.961783    0.0332686     0.271783
    0.172046     -0.69875     0.694369
   -0.209717     0.440305    -0.873012
   -0.962443    0.0644722     0.263717
    0.172401     0.895531     0.410247
    0.201986     0.912958    -0.354554
    0.967953    -0.130927     0.214303
   -0.149229     0.386478     0.910146
   -0.200689    -0.772286    -0.602742
   -0.967969    0.0615752       0.2434
    0.150861    -0.632284     0.759907
   -0.196573    -0.887907     -0.41591
   -0.969773     0.113521     0.215995
    0.144569    -0.445797     0.883383
   -0.179653    -0.876846    -0.445943
   -0.977091     0.106474     0.184274
    0.114098    -0.468832     0.875887
   -0.179101    -0.819612    -0.544205
   -0.977345    0.0848126     0.193915
     0.11278    -0.566607     0.816234
   -0.157383    -0.801857    -0.576417
   -0.985235    0.0876605     0.147061
   0.0673928    -0.591051     0.803814
   -0.177216    -0.789174    -0.588046
   -0.977719    0.0728632     0.196865
    0.112514    -0.609832     0.784504
   -0.155407    -0.891745    -0.425018
   -0.984948     0.106919     0.135814
    0.075669    -0.439727     0.894938
    -0.15257    -0.894792     0.419607
   -0.985119     0.171691   0.00793167
     0.07914     0.412153     0.907671
    -0.18385    -0.902631    -0.389174
   -0.976851     0.123724     0.174514
    0.109371     -0.41225     0.904482
   -0.160523     0.545184    -0.822804
   -0.984885   -0.0335123     0.169939
    0.065074     0.837646     0.542323
   -0.160567     0.598714    -0.784704
   -0.985085   -0.0473885     0.165412
   0.0618487      0.79956     0.597393
    -0.17786    -0.744532    -0.643458
   -0.979255    0.0693999     0.190377
   0.0970861     -0.66397      0.74143
    0.190755     0.951902    -0.239783
    0.972165    -0.149338     0.180536
   -0.136043     0.267547     0.953892
     0.18009     0.980775   -0.0751564
    0.976311    -0.168907     0.135232
   -0.119938    0.0977299     0.987959
    0.185757    -0.114292    -0.975926
    0.969891    -0.137874     0.200755
     -0.1575    -0.983833    0.0852395
   -0.200988     0.538192    -0.818507
   -0.964756    0.0361254     0.260653
     0.16985     0.842048     0.511963
    0.170174     0.956478    -0.237045
    0.976056    -0.130536     0.173997
   -0.135481     0.260979      0.95579
   -0.131604    -0.924002     0.359028
   -0.990294      0.10621   -0.0896524
   0.0447064    -0.367342    -0.929011
   -0.136792    -0.910719     0.389716
   -0.989227     0.104882    -0.102127
    0.052135    -0.399487    -0.915255
   -0.150963    -0.900734     0.407293
   -0.985789     0.106456    -0.129953
   0.0736946    -0.421123    -0.904005
    -0.13039    -0.914988     0.381833
   -0.989943    0.0988321    -0.101218
   0.0548755    -0.391191    -0.918672
   -0.141659    -0.892351     0.428536
   -0.986937    0.0937583    -0.131012
   0.0767298    -0.441497    -0.893976
    -0.12079    -0.875344      0.46817
   -0.989922    0.0710941    -0.122478
   0.0739261    -0.478246    -0.875109
   -0.113212    -0.889693       0.4423
   -0.992277    0.0785323   -0.0960163
   0.0506902    -0.449754    -0.891713
   -0.155292    -0.898068     0.411532
   -0.981676    0.0937191    -0.165917
    0.110436    -0.429757    -0.896166
   -0.136578    -0.902472     0.408523
   -0.984537    0.0779922    -0.156859
    0.109699     -0.42363    -0.899169
   -0.164108    -0.890115     0.425164
    -0.98113     0.102615    -0.163871
    0.102236    -0.444034    -0.890158
    -0.16046    -0.834095     0.527767
   -0.984065    0.0936875    -0.151124
   0.0766067    -0.543607    -0.835837
   -0.148427    -0.902783     0.403673
   -0.986925     0.109287    -0.118472
   0.0628385    -0.415979      -0.9072
   -0.137916    -0.883068     0.448519
   -0.989584     0.103996   -0.0995377
   0.0412545    -0.457576    -0.888213
   -0.160596     -0.85131     -0.49948
   -0.986137     0.116985      0.11768
   0.0417509    -0.511454     0.858296
   -0.119433    -0.909137     0.399005
   -0.992471    0.0983304   -0.0730253
   0.0271557    -0.404723    -0.914036
  -0.0994962    -0.896598     0.431523
   -0.993852    0.0683764   -0.0870831
   0.0485725    -0.437535    -0.897889
  -0.0669144    -0.870425     0.487732
   -0.996547    0.0342179   -0.0756547
   0.0491626     -0.49111    -0.869709
  -0.0786037    -0.874167     0.479222
   -0.994627    0.0362796   -0.0969632
    0.067376    -0.484269    -0.872321
  -0.0349526    -0.799416      0.59976
   -0.997289   -0.0109853   -0.0727619
   0.0647556    -0.600677    -0.796865
  -0.0440228    -0.838133     0.543687
   -0.996701 -0.000292278   -0.0811544
   0.0681771    -0.545466    -0.835355
 -0.00889702    -0.775577     0.631191
   -0.997527   -0.0371218   -0.0596742
   0.0697128    -0.630161    -0.773329
 -0.00733571    -0.755352     0.655278
   -0.997506   -0.0404748    -0.057823
   0.0701989    -0.654068    -0.753172
  -0.0442988    -0.832458     0.552315
    -0.99536   -0.0104896   -0.0956437
   0.0854129    -0.553989    -0.828131
  -0.0204239    -0.791947     0.610248
    -0.99679   -0.0311273    -0.073756
   0.0774062    -0.609796    -0.788769
  -0.0864318    -0.891342     0.445015
   -0.991532    0.0335079    -0.125463
    0.096919    -0.452091    -0.886691
   -0.110356    -0.898795     0.424252
   -0.988353     0.054236    -0.142188
    0.104788    -0.435002    -0.894311
   -0.102783    -0.896841     0.430247
   -0.992233    0.0619705    -0.107862
   0.0700727    -0.437991    -0.896244
   -0.125499    -0.818451     0.560704
   -0.991626     0.120837   -0.0455661
   0.0304601     0.561727     0.826762
    0.126657     0.706113      0.69668
    0.991515    -0.110835   -0.0679223
   -0.029256    -0.699371     0.714159
   0.0969578    -0.754893     0.648642
    0.995103    0.0609551   -0.0778063
   0.0191973      0.65301     0.757106
   0.0918359    -0.826443      0.55548
    0.995614    0.0661876    -0.066128
   0.0178851     0.559117     0.828896
   0.0996295    -0.651193     0.752344
    0.994754    0.0475439    -0.090579
   0.0232151     0.757421     0.652514
   0.0714165    -0.751625     0.655713
    0.995329    0.0108914    -0.095921
   0.0649549     0.659501     0.748892
   0.0734514    -0.573107     0.816182
    0.994934   -0.0142116   -0.0995171
   0.0686332     0.819358      0.56916
   -0.050473    -0.534185    -0.843859
   -0.992819   -0.0649156     0.100476
   -0.108452     0.842871    -0.527073
  -0.0712765    -0.897474      0.43527
   -0.995578     0.037242   -0.0862398
  -0.0611877     0.439492      0.89616
  -0.0547007    -0.838281     0.542488
   -0.993981  -0.00593036     -0.10939
  -0.0949168     0.545206     0.832911
   0.0580057     0.960308     0.272845
    0.994293   -0.0310592    -0.102066
   0.0895408    -0.277208     0.956629
   0.0767892     0.764575     0.639944
    0.994594     -0.01374    -0.102929
   0.0699042    -0.644388     0.761497
   0.0439633     -0.70607     0.706776
    0.992016   -0.0528506    -0.114504
    0.118201     0.706167      0.69811
   0.0499061    -0.697354     0.714987
    0.992245   -0.0469796     -0.11508
    0.113841     0.715186     0.689601
   -0.078564    -0.792242     0.605128
   -0.994127     0.016947    -0.106881
  -0.0744202     0.609972     0.788921
   -0.106837     -0.82428     0.556011
   -0.993764    0.0705724   -0.0863276
  -0.0319191     0.561766      0.82668
    0.115194     0.668068     -0.73513
    0.992777   -0.0524423     0.107908
    0.033538     -0.74225    -0.669283
   -0.143511      -0.8055     0.574956
   -0.989314     0.131871   -0.0621877
   0.0257278     0.577737     0.815818
   -0.139709    -0.793444     0.592392
   -0.989609     0.132418   -0.0560278
   0.0339885     0.594064       0.8037
    -0.15026     -0.77423     0.614808
    -0.98826     0.135002   -0.0715237
   0.0276246     0.618338     0.785427
   0.0546815    -0.872837    -0.484939
    0.992199  -0.00699179     0.124465
    0.112028     0.487962    -0.865646
   0.0489057    -0.690201     0.721963
    0.990825   -0.0576541    -0.122236
    0.125992     0.721317     0.681049
  -0.0435633    -0.832894    -0.551716
   -0.986943     0.121594    -0.105634
   -0.155067     -0.53991     0.827316
  -0.0441853    -0.880927    -0.471185
   -0.987816     0.108973    -0.111104
   -0.149221    -0.460535     0.875009
   0.0365923    -0.413285     0.909866
    0.985407     -0.13653    -0.101646
    0.166233     0.900308     0.402258
  -0.0340811    -0.819228     0.572455
   -0.981135     0.136489     0.136915
   -0.190298    -0.556989    -0.808424
   0.0274697    -0.220356    -0.975033
    0.979452     0.200892   -0.0178071
      0.1998    -0.954508     0.221347
  -0.0194229    -0.588489     0.808272
   -0.973789     0.194376     0.118122
   -0.226622    -0.784792    -0.576839
   -0.030072    -0.680753     0.731896
   -0.982497     0.154801     0.103616
   -0.183835    -0.715969    -0.673493
  -0.0182207    -0.672271     0.740081
   -0.974604     0.177179      0.13695
   -0.223194     -0.71879    -0.658426
  -0.0153666    -0.404456     0.914428
   -0.974531     0.210687     0.076811
   -0.223724    -0.889959    -0.397392
  -0.0216043    -0.809053    -0.587339
   -0.978878      0.13658    -0.152132
   -0.203301    -0.571646     0.794915
  -0.0120356    -0.693472     0.720383
   -0.973539     0.172544     0.149833
   -0.228203    -0.699518    -0.677198
 -0.00612783    -0.659414     0.751755
   -0.973486     0.175841     0.146306
   -0.228666    -0.730926    -0.643008
  -0.0170792    -0.554086     0.832284
   -0.978812     0.179141    0.0991755
   -0.204048    -0.812956    -0.545405
   0.0321669     0.727638     0.685207
    0.985023    0.0931116    -0.145119
    0.169395    -0.679613     0.713745
  -0.0271756    -0.282607    -0.958851
   -0.984788    -0.157112     0.074217
   -0.171621     0.946282    -0.274038
   0.0397787    -0.611412     0.790312
    0.989327   -0.0868594    -0.116993
    0.140177     0.786531     0.601431
  -0.0419885    -0.575038    -0.817048
   -0.989944   -0.0866184     0.111836
   -0.135081     0.813528    -0.565619
   0.0306171    -0.731531     0.681121
    0.987479   -0.0833659    -0.133924
    0.154752     0.676693     0.719819
   0.0184772    -0.965494    -0.259769
   -0.979714    0.0343706    -0.197433
   -0.199549    -0.258147     0.945273
  0.00312133     -0.95965     -0.28118
   -0.984871     0.045768    -0.167136
   -0.173261    -0.277448     0.944989
  -0.0107083    -0.579639     0.814803
   -0.982206     0.158892     0.100125
   -0.187502    -0.799232    -0.571026
  -0.0296447    -0.894501    -0.446082
   -0.987205    0.0961539    -0.127206
   -0.156678    -0.436603     0.885906
   -0.019811    -0.974086    -0.225308
   -0.989439    0.0514665    -0.135508
   -0.143592    -0.220244     0.964818
   0.0214795    -0.795148     0.606035
    0.984066   -0.0902007    -0.153226
    0.176502     0.599669     0.780541
  -0.0421587    -0.889597     0.454796
   -0.989885    0.0989099     0.101711
   -0.135466    -0.445907    -0.884769
   0.0458742    -0.633574     0.772321
    0.987823   -0.0862876    -0.129461
    0.148665     0.768855       0.6219
    0.065089     0.982459     0.174753
    0.992153   -0.0449805    -0.116661
    0.106754    -0.180975     0.977677
  -0.0249592    -0.929129     0.368912
    -0.99189    0.0690205     0.106725
   -0.124624    -0.363256    -0.923317
  -0.0595446    -0.901091     0.429523
   -0.993142    0.0968489    0.0654992
    -0.10062    -0.422677    -0.900677
  -0.0487027     -0.88948     0.454372
   -0.995629    0.0795302    0.0489701
  -0.0796942    -0.450001    -0.889465
   0.0318805     0.982438     0.183843
    0.987769  -0.00288069    -0.155896
    0.152629    -0.186565     0.970514
  -0.0583139    -0.575229    -0.815911
   -0.992295   -0.0561004     0.110472
   -0.109319     0.816067    -0.567525
   0.0263294      0.26307    -0.964417
    0.985149     0.156919    0.0696992
    0.169672     -0.95193    -0.255031
   0.0100351   -0.0304214    -0.999487
    0.978485     0.206289   0.00354541
    0.206075    -0.978018     0.031837
 -0.00853162    -0.975406     -0.22025
   -0.979909    0.0520461    -0.192535
   -0.199263    -0.214182     0.956253
  0.00314294    -0.620254     0.784395
   -0.975396     0.171009     0.139133
   -0.220436    -0.765533    -0.604456
  0.00065648    -0.391718     0.920085
    -0.97348      0.21024    0.0902026
   -0.228773    -0.895743    -0.381192
  0.00889523    -0.778337    -0.627783
   -0.977309     0.126103    -0.170193
   -0.211633    -0.615052     0.759554
  -0.0696373     -0.88676     0.456955
   -0.995952    0.0878992    0.0187984
  -0.0568356    -0.453796    -0.889291
  -0.0793634    -0.886785     0.455318
   -0.994984    0.0983749    0.0181677
  -0.0609027    -0.451592    -0.890143
   -0.104628    -0.876626     0.469659
   -0.994068     0.106281   -0.0230774
  -0.0296856    -0.469288    -0.882546
  -0.0958267    -0.909625     0.404227
   -0.995002    0.0989861   -0.0131301
  -0.0280694    -0.403465    -0.914564
   -0.118998    -0.901063    -0.417042
   -0.992495     0.119863     0.024219
  -0.0281652    -0.416794     0.908564
     -0.1173    -0.878413     0.463282
   -0.993086     0.101648   -0.0587116
  0.00448139    -0.466966    -0.884264
   -0.133083    -0.891558     0.432913
   -0.991074     0.116256   -0.0652467
  0.00784239    -0.437732    -0.899071
   -0.101862    -0.836209     0.538869
   -0.994745    0.0912158   -0.0464886
  -0.0102791    -0.540772    -0.841106
   -0.157388     -0.84712      0.50756
   -0.987413      0.14313   -0.0672997
    0.015636     0.511763     0.858984
   -0.126693    -0.601897    -0.788459
   -0.991447    0.0517434      0.11981
  -0.0313158     0.796895    -0.603305
  -0.0904787    -0.523175    -0.847408
   -0.992953       -0.018     0.117132
  -0.0765337     0.852035     -0.51786
   0.0968587     0.993302   -0.0629971
    0.993302    -0.100478   -0.0570609
   0.0630085    0.0570483     0.996381
   -0.105569     -0.88053     0.462085
    -0.99429     0.100751   -0.0351719
  -0.0155855     -0.46316    -0.886138
  -0.0979716    -0.852822     0.512928
   -0.994297     0.105699   -0.0141737
  -0.0421286    -0.511392    -0.858314
   -0.104923    -0.692611    -0.713639
   -0.993332      0.10747    0.0417422
  -0.0477836     -0.71326     0.699269
  -0.0834019    -0.928909     0.360795
   -0.994791    0.0989023    0.0246781
  -0.0586071    -0.356857    -0.932319
  -0.0929341    -0.838842    -0.536384
   -0.993339     0.114968  -0.00769025
   -0.068118    -0.532097     0.843939
  -0.0683241    -0.776498     0.626404
   -0.994331     0.104275    0.0208056
  -0.0814739    -0.621432    -0.779221
  -0.0547743     -0.92761     0.369513
   -0.995126    0.0811058    0.0560933
  -0.0820024     -0.36464    -0.927531
  -0.0861488    -0.346563    -0.934062
    -0.99213   -0.0556681     0.112159
  -0.0908675     0.936373     -0.33904
  -0.0372573     -0.94945     0.311701
   -0.993699    0.0681951    0.0889484
   -0.105708    -0.306423    -0.946008
  -0.0159373    -0.956561     0.291097
   -0.991113    0.0535673     0.121762
   -0.132066     -0.28657    -0.948913
   -0.018856     -0.93442     0.355673
   -0.992343    0.0609212     0.107442
   -0.122064    -0.350923    -0.928414
 -0.00178397     -0.97068    -0.240369
   -0.988216    0.0385006    -0.148142
   -0.153053    -0.237272     0.959311
  0.00526051       -0.892     0.452005
    -0.99017    0.0585322     0.127033
    -0.13977     -0.44823    -0.882924
   0.0199076    -0.895764     0.444085
   -0.986987    0.0532802     0.151717
   -0.159563    -0.441326    -0.883046
   0.0176994    -0.950888     0.309027
   -0.983033    0.0398871     0.179037
   -0.182571    -0.306953    -0.934049
 -0.00331489    -0.901018     0.433768
   -0.991391    0.0597394     0.116514
   -0.130894    -0.429648    -0.893459
   0.0233603    -0.966512    -0.255554
   -0.988715    0.0155013    -0.149005
   -0.147977    -0.256151     0.955243
   0.0194711    -0.977405    -0.210476
   -0.990673   0.00953529    -0.135927
   -0.134862     -0.21116     0.968103
   0.0223303     -0.95526    -0.294922
    0.991511   -0.0166348     0.128954
     0.12809     0.295298     -0.94678
   0.0420457     0.996847   -0.0672945
    0.992241   -0.0495492    -0.114028
    0.117003     0.061978     0.991196
   0.0622627    -0.784638      0.61682
    0.990593   -0.0268743    -0.134178
    0.121858     0.619372     0.775583
  -0.0714787    -0.873167    -0.482152
   -0.991408     0.115284    -0.061801
   -0.109547    -0.473592     0.873905
  -0.0455197    -0.886669     0.460159
   -0.993944    0.0863193    0.0680038
   -0.100017    -0.454277    -0.885228
   0.0320457    -0.717188     0.696143
    0.991189   -0.0667571    -0.114403
    0.128521     0.693675     0.708729
 -0.00332741     -0.97733    -0.211696
    0.991732   -0.0303829      0.12468
    0.128285     0.209531     -0.96935
     0.43374      0.86347    -0.257465
    0.888189    -0.361647     0.283428
    -0.15162     0.351611     0.923786
     -0.4929    -0.581945     -0.64683
   -0.861476     0.430731     0.268942
    0.122101      0.68979    -0.713639
   -0.464056    -0.226043    -0.856479
   -0.880016     0.228011     0.416632
     0.10111     0.947056    -0.304732
   -0.512489    -0.436214    -0.739644
   -0.853872     0.350036     0.385198
   0.0908734      0.82897     -0.55186
   -0.531444    -0.484275    -0.695014
   -0.839718      0.40921     0.356961
    0.111539     0.773321    -0.624127
    -0.48253    -0.412932    -0.772432
   -0.872481      0.30421     0.382403
   0.0770753     0.858454    -0.507066
   -0.536757    -0.487992    -0.688299
   -0.838647     0.398043     0.371797
   0.0925391     0.776805    -0.622905
   -0.511735    -0.257757    -0.819566
   -0.855981     0.234741     0.460645
   0.0736513     0.937261     -0.34076
    -0.52714    -0.298682    -0.795558
   -0.845309     0.280202     0.454907
   0.0870451     0.912292    -0.400184
   -0.556435    -0.548716    -0.623932
   -0.823352     0.465062     0.325284
    0.111679     0.694715    -0.710563
   -0.544062    -0.291246    -0.786875
   -0.832569     0.303689     0.463252
    0.104045     0.907165    -0.407708
   -0.561622    -0.393197    -0.727995
   -0.818389     0.393451     0.418851
    0.121739     0.831019    -0.542759
   -0.482433    -0.369554    -0.794159
   -0.873671     0.268126     0.405965
   0.0629086     0.889684    -0.452222
   -0.502181    -0.270811    -0.821265
   -0.861272     0.241877     0.446885
   0.0776239     0.931749    -0.354708
   -0.477712    -0.387122    -0.788624
   -0.876003     0.277753     0.394298
   0.0664009     0.879198    -0.471806
   -0.453825    -0.384682     -0.80378
   -0.889382     0.251374     0.381851
    0.055158     0.888161     -0.45621
   -0.451484    -0.405124    -0.795007
    -0.89015     0.266005     0.369964
   0.0615945     0.874709    -0.480719
   -0.407437    -0.305229    -0.860715
   -0.911523     0.193579     0.362841
   0.0558671     0.932396    -0.357094
   -0.399445    -0.240412    -0.884673
   -0.914108     0.177763     0.364428
   0.0696491     0.954255    -0.290769
   -0.435826    -0.305403    -0.846632
   -0.896347     0.232305      0.37762
   0.0813506     0.923452    -0.374991
   -0.383418     0.339006    -0.859107
   -0.919545   -0.0533241      0.38935
   0.0861809     0.939272     0.332177
    0.355511     0.135507    -0.924797
    0.932409    -0.120227     0.340821
  -0.0650017    -0.983455     -0.16909
   -0.335982   0.00794666    -0.941835
   -0.939639    0.0659367     0.335755
   0.0647696     0.997792   -0.0146865
   -0.301108     0.435044     -0.84857
   -0.950939   -0.0706749     0.301199
   0.0710625     0.897631     0.434981
   -0.424666    -0.746328    -0.512497
   -0.897817     0.274291     0.344513
    0.116546    -0.606432     0.786548
   -0.550367    -0.409508    -0.727599
   -0.820997     0.423937     0.382415
    0.151854     0.807825    -0.569525
   -0.536275    -0.383134    -0.752075
   -0.834661     0.373206      0.40504
    0.125495     0.844941    -0.519929
    0.496356   -0.0169005    -0.867955
    0.849049     -0.19896     0.489418
   -0.180959    -0.979862   -0.0844054
    -0.51204    -0.211694    -0.832467
   -0.835367     0.348321     0.425247
    0.199943     0.913158    -0.355196
    0.485182    -0.121689    -0.865904
    0.860994    -0.106337     0.497375
   -0.152603    -0.986856    0.0531809
    0.456861    0.0362538    -0.888799
    0.859964    -0.273499     0.430883
   -0.227464    -0.961189    -0.156128
     0.43753    0.0298329    -0.898709
    0.875914    -0.240135     0.418461
   -0.203327    -0.970281    -0.131197
    0.394403   -0.0322469    -0.918372
    0.885745    -0.252835     0.389269
    -0.24475    -0.966972   -0.0711566
   -0.479816  -0.00198658    -0.877367
   -0.838332     0.296005     0.457799
    0.258795     0.955184    -0.143693
    0.421778     0.197062    -0.885025
    0.862487    -0.388283      0.32458
   -0.279678    -0.900224    -0.333733
    0.444391     0.189701    -0.875517
     0.83987     -0.42824      0.33351
   -0.311664     -0.88353     -0.34963
   -0.423462    -0.538301    -0.728637
   -0.889749     0.398401     0.222765
    0.170375     0.742636     -0.64766
    0.378776    -0.292847    -0.877935
    0.899934    -0.104833     0.423235
    -0.21598    -0.950395     0.223835
    -0.36917     -0.74276     0.558588
   -0.912119     0.404814   -0.0645335
    0.178191     0.533322     0.826931
   -0.421359    -0.344517    -0.838907
   -0.894802     0.308488     0.322746
    0.147601     0.886647    -0.438259
    0.467008     0.108235    -0.877604
    0.873752    -0.208982     0.439184
   -0.135869    -0.971911    -0.192167
    0.453436     0.184073    -0.872074
    0.884255    -0.215584     0.414265
    -0.11175    -0.958979    -0.260521
    0.501017     0.213668    -0.838647
    0.860239    -0.229007     0.455571
  -0.0947147    -0.949685    -0.298542
    0.516479     0.188427    -0.835311
    0.848369    -0.245058     0.469273
   -0.116276    -0.951021    -0.286423
   -0.479641    -0.261326    -0.837647
   -0.873618     0.231513     0.428012
   0.0820758     0.937075    -0.339343
   -0.381017    -0.727739     0.570282
   -0.923184     0.333194    -0.191608
   0.0505743     0.599481     0.798789
   -0.393691    -0.732035     0.555996
   -0.916907     0.355804    -0.180787
   0.0654829     0.580971     0.811286
    -0.40083    -0.774141     0.489939
   -0.912244     0.386596    -0.135476
    0.084531     0.501247     0.861166
   -0.430791    -0.659947      0.61554
    -0.89965     0.367759    -0.235338
   0.0710596     0.655152     0.752148
   -0.435381    -0.695638     0.571429
   -0.898203     0.378403    -0.223701
   0.0606153     0.610654     0.789574
    -0.43286    -0.412947    -0.801316
   -0.897358     0.282102     0.339363
   0.0859134     0.865964    -0.492672
   -0.439824    -0.475858    -0.761652
    -0.89544      0.29739     0.331281
   0.0688649     0.827719    -0.556901
    -0.44659    -0.510692    -0.734678
   -0.891955     0.318829     0.320569
   0.0705243     0.798462      -0.5979
    0.438349     0.437189    -0.785313
    0.896403    -0.276483     0.346438
  -0.0656666    -0.855817    -0.513093
   -0.439751     -0.55393    -0.706952
   -0.896021     0.324368     0.303202
   0.0613598     0.766777    -0.638974
   -0.428409    -0.430445     -0.79447
    -0.90117     0.267776     0.340865
   0.0660168     0.861982    -0.502622
    0.421116     0.519232    -0.743679
    0.904519    -0.301097     0.301969
  -0.0671275    -0.799836    -0.596453
   -0.462774    -0.391442     -0.79537
    -0.88322     0.280424     0.375878
   0.0759064     0.876433    -0.475503
     0.45457     0.409449    -0.791023
    0.888587    -0.269755     0.371006
  -0.0614738    -0.871541    -0.486454
    0.438385     0.116074     -0.89126
    0.893005    -0.168551     0.417292
   -0.101785    -0.978835    -0.177545
   -0.407738    -0.386585    -0.827225
   -0.904698     0.293647     0.308695
    0.123575     0.874256    -0.469474
   -0.399787    -0.733222     0.550052
    -0.91089     0.384731    -0.149201
    0.102224     0.560685     0.821695
   -0.364949    -0.810229      0.45863
   -0.924754     0.372548   -0.0777067
    0.107901     0.452478     0.885223
   -0.362031    -0.775066     0.517886
   -0.921831      0.38018   -0.0754336
    0.138424     0.504713     0.852117
   -0.373906    -0.540797     -0.75348
   -0.924237        0.285     0.254089
   0.0773316       0.7914    -0.606388
    0.392624    -0.470577     0.790192
     0.91609     0.276149    -0.290726
  -0.0814016     0.838033     0.539513
   -0.397639     -0.41018     0.820753
   -0.914157     0.253864    -0.316021
   0.0787338      0.87596     0.475916
   -0.334314    -0.428444    -0.839446
   -0.937381     0.243527     0.249023
   0.0977349     0.870132    -0.483029
   -0.345263    -0.476186    -0.808727
   -0.933164     0.265998     0.241766
   0.0999942     0.838148    -0.536199
    -0.35601    -0.369136    -0.858485
   -0.930927     0.220151      0.29139
   0.0814335     0.902924    -0.422015
   -0.294763    -0.418239     -0.85918
   -0.949331     0.230751     0.213365
    0.109019     0.878539    -0.465064
   -0.304893    -0.401267    -0.863728
   -0.946546     0.227958     0.228223
    0.105315     0.887141     -0.44932
   -0.272089     0.391584    -0.878993
   -0.956473  -0.00992337     0.291652
    0.105484     0.920089      0.37724
    -0.30217    -0.534513    -0.789296
   -0.945067     0.276263     0.174718
    0.124664     0.798733    -0.588629
   -0.259718     0.288261    -0.921658
   -0.957469    0.0473623     0.284622
    0.125697      0.95638       0.2637
   -0.269008    -0.465767    -0.843028
   -0.953198     0.254174     0.163733
    0.138014     0.847618    -0.512343
   -0.329904    -0.281824    -0.900965
   -0.940297     0.182712     0.287154
   0.0836907     0.941908    -0.325276
    0.279964    -0.615457    -0.736772
    0.956691     0.115094     0.267387
  -0.0797671    -0.779722     0.621024
   -0.381043    -0.311908    -0.870356
   -0.922146     0.196152     0.333423
   0.0667246     0.929644    -0.362367
   -0.424289    -0.347934     0.836015
   -0.903388     0.226065    -0.364397
   0.0622073     0.909855     0.410236
    0.406936     0.446805     0.796723
    0.910714    -0.265983    -0.315994
  -0.0707271    -0.854177      0.51515
   -0.434752    -0.310273    -0.845412
   -0.837672     0.483962     0.253153
      0.3306     0.818237     -0.47031
   -0.405766    -0.399678    -0.821956
   -0.866615     0.453987     0.207061
    0.290399     0.796338    -0.530579
   -0.412114    -0.463519    -0.784419
   -0.860993     0.479775     0.168841
    0.298084      0.74496    -0.596808
   -0.437183    -0.275286    -0.856206
   -0.830041     0.490034     0.266268
    0.346271     0.827094    -0.442733
   -0.393478    -0.373457    -0.840062
    -0.88362     0.405851     0.233456
    0.253754     0.834155    -0.489688
   -0.432722    -0.293986    -0.852246
    -0.85401      0.43653     0.283035
    0.288823     0.850302    -0.439963
   -0.413418    -0.329113    -0.848982
   -0.879273     0.386544     0.278323
    0.236569      0.86155    -0.449184
    -0.44491     0.588329    -0.675221
   -0.872022    -0.112813     0.476288
     0.20404     0.800713     0.563228
   -0.448233    -0.489784    -0.747796
   -0.823983     0.550739     0.133182
     0.34661     0.675869    -0.650433
   -0.446984    -0.678491    -0.582971
   -0.851179      0.12215     0.510464
    0.275135    -0.724382     0.632116
     0.45765     0.853285     0.249923
    0.823148    -0.512868     0.243708
    -0.33613   -0.0941907     0.937094
   -0.387859    -0.329338    -0.860873
   -0.906585     0.304862     0.291826
    0.166338     0.893642    -0.416816
   -0.423545     0.346818    -0.836856
   -0.896776   -0.0299221     0.441471
     0.12807     0.937455     0.323691
    0.400847     -0.21705    -0.890062
    0.913999     0.028286     0.404729
  -0.0626702    -0.975751     0.209722
   -0.356515    -0.373345    -0.856452
   -0.926797     0.257182     0.273687
    0.118084     0.891331    -0.437704
    0.360924     0.136864    -0.922498
    0.910162    -0.267348     0.316433
    -0.20332    -0.953831    -0.221061
    0.345624     0.170277    -0.922794
     0.92397    -0.233391     0.302999
   -0.163778    -0.957358    -0.237996
    0.359819     0.170791    -0.917257
    0.907131    -0.294029       0.3011
   -0.218275    -0.940414    -0.260727
    -0.38231   -0.0120666    -0.923955
   -0.884954     0.292501     0.362353
    0.265885     0.956189    -0.122504
   -0.348453    -0.309747    -0.884668
   -0.920418     0.291534      0.26046
    0.177235     0.905022    -0.386682
    0.452313      0.87063    -0.193432
    0.827702     -0.32901       0.4546
   -0.332148     0.365726     0.869438
   -0.447929    -0.727451    -0.519783
   -0.856495     0.182369     0.482865
    0.256468    -0.661481     0.704746
   -0.438791    -0.780355    -0.445543
   -0.863761     0.229584     0.448563
    0.247749    -0.581668     0.774779
     0.42639     0.887591    -0.174282
    0.842909    -0.319989     0.432563
   -0.328171     0.331344     0.884599
   -0.435059     0.607092    -0.664953
   -0.884209    -0.148632     0.442813
    0.169995     0.780607      0.60146
    -0.40835    -0.749899    -0.520482
   -0.883074     0.180147     0.433275
    0.231149    -0.636552     0.735779
   -0.421956     0.570623    -0.704516
   -0.894648    -0.136226     0.425496
    0.146824     0.809835     0.567988
    0.395604     0.867173    -0.302505
    0.908618    -0.321547     0.266496
   -0.133828     0.380288     0.915134
     0.40959     0.898701    -0.156754
    0.853524     -0.31685     0.413646
   -0.322076     0.303219     0.896842
    0.381756     0.901231    -0.205048
    0.895189    -0.305327     0.324674
   -0.229999     0.307503     0.923332
    0.384257     0.872831    -0.300853
    0.870373    -0.233808      0.43334
   -0.307891     0.428368     0.849532
   -0.424933    -0.657592    -0.622098
   -0.902851     0.258139     0.343838
   0.0655176    -0.707769     0.703399
   -0.394634    -0.720042    -0.570792
    -0.91802     0.282769     0.277993
   0.0387648    -0.633705     0.772603
   -0.393977     0.419623     -0.81774
   -0.918874    -0.200401     0.339867
  -0.0212599       0.8853     0.464534
   -0.422669      0.61955    -0.661444
   -0.906259    -0.294349     0.303402
 -0.00672268     0.727678     0.685885
   -0.427654     0.565911    -0.704881
   -0.898101    -0.177497     0.402379
    0.102596     0.805133     0.584153
   -0.423467     0.574358    -0.700563
   -0.905911    -0.267617     0.328186
  0.00101339     0.773624     0.633644
   -0.436078     0.451751    -0.778304
   -0.893459    -0.113976     0.434444
    0.107553     0.884834     0.453323
    -0.44057    -0.693766    -0.569724
   -0.876037     0.193621     0.441667
    0.196103    -0.693685     0.693069
   -0.413373     0.493442     -0.76527
   -0.909743    -0.188184     0.370073
   0.0385979     0.849177     0.526696
   -0.440596     -0.69085    -0.573237
   -0.884609       0.4428     0.146269
   -0.152779    -0.571537     0.806228
    -0.43809     0.502403    -0.745431
   -0.887271    -0.374795     0.268846
   -0.144315     0.779179     0.609962
   -0.420226    -0.751818    -0.508114
    -0.89701     0.428744     0.107474
    -0.13705    -0.500947     0.854558
   -0.422581     0.547927    -0.721942
   -0.896729    -0.368376     0.245308
   -0.131535     0.751049     0.647011
   -0.433922     0.538995    -0.721939
   -0.889163    -0.385396     0.246698
   -0.145264     0.748969     0.646486
   -0.418077    -0.663298    -0.620683
   -0.903308      0.37588      0.20676
   -0.096159    -0.647109     0.756309
   -0.413169     0.547631    -0.727593
   -0.903637    -0.345542     0.253061
    -0.11283     0.762038     0.637627
   -0.407146     0.572517    -0.711657
   -0.910346    -0.317642      0.26528
  -0.0741752     0.755862     0.650516
   -0.392453     0.376302    -0.839272
    -0.91857    -0.206995     0.336724
  -0.0470146     0.903078     0.426896
   -0.423118    -0.677719    -0.601388
   -0.897199     0.406054     0.173649
   -0.126511    -0.613039     0.779858
   -0.401185     0.317209    -0.859319
   -0.912867    -0.215942     0.346472
  -0.0756594     0.923443     0.376202
   -0.405351     0.461811    -0.788936
   -0.909618    -0.289686     0.297787
  -0.0910229     0.838339     0.537497
   -0.401999     0.485161    -0.776541
   -0.914983    -0.244964     0.320622
  -0.0346718     0.839411     0.542389
   -0.397622     0.372232    -0.838654
   -0.917549    -0.161081     0.363533
 0.000227479     0.914055      0.40559
   -0.411263     0.607645    -0.679434
    -0.90952    -0.322873     0.261776
  -0.0603042     0.725617     0.685451
   -0.406623     0.611945    -0.678366
   -0.910854    -0.329027     0.249169
  -0.0707228     0.719211     0.691183
   -0.408813     0.430671    -0.804608
   -0.905007    -0.304941     0.296603
    -0.11762     0.849431     0.514424
    0.404681    -0.631977    -0.660937
      0.9071     0.368924     0.202645
    0.115769    -0.681543     0.722563
   -0.393024     0.525931    -0.754273
   -0.915572    -0.299841        0.268
   -0.085212     0.795922     0.599372
    0.421916    -0.605822    -0.674512
    0.895199     0.396166     0.204137
    0.143548    -0.689951      0.70948
    0.378061    -0.357622    -0.853918
    0.924798     0.188371     0.330552
    0.042641    -0.914671     0.401944
   -0.358832     0.287352     -0.88807
   -0.933268    -0.126599     0.336131
  -0.0158405     0.949422     0.313604
   -0.353117     0.014269     -0.93547
   -0.935319    0.0181865     0.353337
   0.0220547     0.999733   0.00692414
    0.371934     0.346597    -0.861125
    0.928248    -0.134375      0.34684
  0.00449997    -0.928339    -0.371707
   -0.344848   0.00519254    -0.938644
   -0.937203    0.0537611     0.344616
    0.052252      0.99854   -0.0136729
   -0.356911    -0.378398    -0.854067
   -0.932588     0.196998     0.302443
   0.0538059     0.904437      -0.4232
   -0.345802    -0.355286    -0.868443
   -0.934081     0.218099     0.282713
   0.0889627     0.908958    -0.407285
   -0.372296    -0.638981    -0.673126
   -0.927685     0.278239     0.248964
   0.0282066     0.717137    -0.696361
   -0.342036    -0.657687     0.671162
   -0.929822     0.340098    -0.140583
    0.135801     0.672146     0.727858
   -0.341836    -0.633795    -0.693868
   -0.934579     0.306693     0.180282
   0.0985431     0.710101     -0.69717
   -0.362272    -0.476103    -0.801302
   -0.930593     0.233175     0.282182
   0.0524957     0.847912    -0.527531
     0.35865     0.264722     -0.89515
    0.933472    -0.101377     0.344024
 0.000322992    -0.958981    -0.283469
   -0.653482  -0.00709412    -0.756909
   -0.574668     0.655483     0.489999
    0.492665     0.755177    -0.432423
   -0.666706     -0.23456    -0.707449
   -0.578914     0.760802     0.293324
    0.469427     0.605113    -0.643022
   -0.664552    -0.287666    -0.689651
   -0.617526     0.731098     0.290098
    0.420752     0.618663    -0.663494
   -0.668817    -0.249089    -0.700456
   -0.621784     0.703897     0.343387
    0.407515     0.665195    -0.625657
   -0.669256     -0.19548    -0.716857
   -0.583549      0.73551     0.344233
    0.459965     0.648701    -0.606316
    0.665831     0.145695    -0.731739
    0.657584    -0.577948      0.48328
   -0.352495    -0.802963    -0.480622
    -0.66999     -0.24297    -0.701484
   -0.617272     0.707275     0.344583
    0.412418     0.663873    -0.623846
   -0.664871    -0.279814    -0.692568
   -0.652931     0.668056     0.356907
