   -0.110309     -0.86265     0.493627
   -0.975273  -0.00174786    -0.220995
    0.191504    -0.505799    -0.841127
   -0.114361    -0.852521      0.51003
   -0.979032   0.00959762     -0.20348
    0.168576    -0.522606    -0.835743
   -0.111038    -0.896301     0.429318
   -0.983454    0.0368798    -0.177362
    0.143137    -0.441909    -0.885567
   -0.102887    -0.883448     0.457092
   -0.986912    0.0332982    -0.157788
    0.124177    -0.467344    -0.875311
   -0.102838    -0.894097     0.435906
   -0.989302    0.0463532    -0.138319
    0.103465    -0.445468    -0.889299
   -0.112071     -0.88957    -0.442837
   -0.989163    0.0573307     0.135166
   0.0948511    -0.453186     0.886355
   -0.102726    -0.891526     0.441168
   -0.991988    0.0590294    -0.111696
   0.0735376    -0.449108    -0.890446
  -0.0973253     -0.86639     0.489792
   -0.991712    0.0429455    -0.121095
   0.0838809    -0.497518    -0.863389
  -0.0901161    -0.821138      0.56357
   -0.994279    0.0415985   -0.0983772
   0.0573377    -0.569211     -0.82019
  -0.0811115    -0.904111     0.419528
     -0.9946    0.0460766   -0.0929975
   0.0647497    -0.424806    -0.902966
  -0.0680617    -0.772969     0.630783
   -0.997007    0.0294623    -0.071474
   0.0366628     -0.63376    -0.772661
   -0.060514    -0.880378     0.470395
   -0.997078    0.0313055   -0.0696786
   0.0466176    -0.473237    -0.879701
    0.139761     0.970114    -0.198358
    0.964613   -0.0881596     0.248493
    -0.22358     0.226069     0.948106
    0.142635     0.956397    -0.254874
    0.966538    -0.079118     0.244019
   -0.213214     0.281151     0.935678
    0.137296     0.954964    -0.263045
    0.968916   -0.0743045     0.235966
   -0.205794     0.287266     0.935482
    0.138313      0.95076    -0.277353
    0.970854   -0.0748134     0.227695
   -0.195734     0.300762     0.933397
    0.142966     0.956552    -0.254105
    0.968764   -0.0826844     0.233794
   -0.202626     0.279593     0.938494
   -0.133903    -0.747805    -0.650275
   -0.973212   -0.0245188     0.228597
     0.18689    -0.663466      0.72449
    0.136827      0.94708    -0.290374
    0.973684   -0.0746506     0.215329
   -0.182257     0.312195     0.932371
   -0.133857    -0.924404    -0.357154
    -0.97543    0.0592643     0.212187
     0.17498    -0.376781     0.909625
   -0.131981    -0.852305    -0.506119
   -0.978066    0.0289652     0.206273
    0.161148    -0.522242     0.837433
    0.140276     0.959867    -0.242852
    0.972051   -0.0868757     0.218103
   -0.188252     0.266659     0.945227
   -0.133135    -0.843225    -0.520814
   -0.976853    0.0228675     0.212688
    0.167434    -0.537075     0.826751
    -0.13514    -0.882584    -0.450315
   -0.975732    0.0395136     0.215374
    0.172292    -0.468492     0.866505
   -0.130866    -0.936274    -0.325983
   -0.977516    0.0670218     0.199928
    0.165339    -0.344818     0.923993
   -0.129686    -0.792611    -0.595776
   -0.979613   0.00944704      0.20067
    0.153425    -0.609654     0.777678
   -0.127241    -0.908691     0.397605
   -0.981861    0.0585846    -0.180324
    0.140566    -0.413338    -0.899663
    -0.13042    -0.932472     0.336879
   -0.979484    0.0685298     -0.18951
    0.153627    -0.354683    -0.922279
   -0.130924    -0.884161    -0.448462
   -0.975066    0.0330821     0.219437
    0.179182    -0.466009     0.866446
   -0.130262    -0.917477     0.375855
   -0.977363    0.0550812    -0.204273
    0.166713    -0.393956    -0.903883
   -0.129688    -0.890368    -0.436378
   -0.973331    0.0303246     0.227394
    0.189231     -0.45423     0.870555
   -0.132494     0.615712    -0.776752
   -0.971449    0.0749337     0.225102
    0.196803       0.7844     0.588205
    0.130608     0.987187     0.091668
    0.969708    -0.146449     0.195498
   -0.206418   -0.0633576     0.976411
   -0.129916    -0.896992     0.422525
    -0.97492    0.0378984    -0.219307
    0.180704     -0.44042    -0.879418
   -0.128094    -0.991586   -0.0187005
   -0.971492     0.121661     0.203476
    0.199488   -0.0442315     0.978901
   -0.129543    -0.799738     0.586206
    -0.97219   -0.0138841    -0.233781
    0.195102    -0.600189    -0.775699
    0.134708     0.975705    -0.172779
     0.96726   -0.0916329     0.236668
   -0.215086     0.199003     0.956105
   -0.127782    -0.910108    -0.394178
   -0.979544    0.0535156     0.193981
    0.155449    -0.410902     0.898329
   -0.126507    -0.848858     -0.51326
   -0.981057    0.0305435     0.191294
    0.146705    -0.527737     0.836643
   -0.121765    -0.924643    -0.360844
   -0.983747    0.0640913     0.167731
    0.131964    -0.375404     0.917419
   -0.119805    -0.894403    -0.430917
   -0.983332    0.0471077     0.175613
    0.136769    -0.444774     0.885139
   -0.121615    -0.849468    -0.513433
   -0.984795    0.0386177     0.169372
    0.124049    -0.526225     0.841249
   -0.107756     0.639059    -0.761573
   -0.988965    0.0094337     0.147846
    0.101667       0.7691      0.63099
   -0.112244     -0.89859     -0.42419
   -0.988577      0.05777     0.139207
    0.100585    -0.434969      0.89481
  -0.0964265    -0.901902      0.42104
   -0.992947      0.11648    0.0221059
   0.0689802     0.415938     0.906773
    -0.10484    -0.798747    -0.592462
   -0.989071    0.0216453     0.145841
    0.103666    -0.601277     0.792287
   0.0923583     0.946789     0.308318
    0.993174    -0.109749    0.0395077
  -0.0712429    -0.302565     0.950463
  -0.0880447    -0.703364     0.705356
   -0.993489     0.113403   -0.0109279
    0.072303     0.701726     0.708769
    0.117076     0.987617     0.104427
    0.988639    -0.125882    0.0821402
  -0.0942686   -0.0936239     0.991135
   -0.104423    -0.847257     0.520817
   -0.992389     0.123132   0.00133708
   0.0652621     0.516714     0.853667
    0.109246     0.985594    -0.129114
    0.992044   -0.0999314    0.0765617
  -0.0625562     0.136451      0.98867
    0.118218     0.972637    -0.200003
    0.988861   -0.0969721     0.112913
  -0.0904289     0.211124     0.973267
   -0.124005     -0.81501    -0.566022
   -0.984983    0.0320435     0.169652
    0.120131     -0.57856     0.806745
   -0.121382    -0.873687     0.471102
   -0.986954    0.0556551    -0.151079
    0.105776    -0.483295    -0.869044
   -0.127054    -0.901948    -0.412731
   -0.982809    0.0582802     0.175185
    0.133954    -0.427893     0.893848
   -0.126064    -0.801892    -0.584018
   -0.981885    0.0169123     0.188724
    0.141459    -0.597229     0.789498
   -0.125635    -0.908563     0.398407
   -0.984013    0.0630267     -0.16657
    0.126229    -0.412965    -0.901957
  -0.0843179    -0.902327     0.422725
   -0.994108    0.0471771   -0.0975859
   0.0681114    -0.428462    -0.900989
  -0.0985187    -0.895361     0.434307
   -0.991372    0.0503894    -0.121002
   0.0864561    -0.442481    -0.892601
   -0.108089    -0.903766     0.414154
   -0.989532    0.0577357    -0.132264
   0.0956242    -0.424115    -0.900546
   -0.109776    -0.892893     0.436682
   -0.988108    0.0504465    -0.145248
    0.107662    -0.447433    -0.887813
   -0.116581    -0.904942     0.409254
   -0.986395    0.0574084    -0.154046
    0.115908    -0.421644    -0.899323
    -0.11883    -0.882602     0.454854
   -0.984231    0.0442524    -0.171262
    0.131028    -0.468033    -0.873943
   -0.112225    -0.894325     0.433114
   -0.985443    0.0441528     -0.16417
    0.127698    -0.445233    -0.886262
   -0.121023    -0.924981     0.360228
   -0.985734    0.0692245    -0.153416
     0.11697    -0.373656    -0.920163
   -0.123481    -0.923399     0.363437
   -0.983788    0.0659136    -0.166782
    0.130051    -0.378139    -0.916568
   -0.114345    -0.878733     0.463414
   -0.988879    0.0560232    -0.137768
    0.095099    -0.474014    -0.875367
   -0.106256    -0.905406     0.411034
   -0.991681      0.06629    -0.110338
   0.0726531    -0.419339    -0.904918
  -0.0969481    -0.912585     0.397228
    -0.99244    0.0584587    -0.107914
   0.0752595    -0.404688    -0.911353
   -0.079181    -0.913001       0.4002
   -0.995661    0.0527496   -0.0766542
    0.048875    -0.404534    -0.913216
  -0.0994978    -0.956642     0.273744
   -0.993606    0.0807702    -0.078882
   0.0533515    -0.279842    -0.958562
  -0.0707938    -0.926466     0.369661
   -0.996204    0.0468474   -0.0733712
   0.0506582    -0.373452    -0.926265
   -0.121654    -0.894708     0.429766
   -0.981964    0.0453537    -0.183545
    0.144728    -0.444344    -0.884089
   -0.122611    -0.886529     0.446131
   -0.978825    0.0337766    -0.201893
    0.163915    -0.461438    -0.871898
   -0.126083    -0.876745     0.464135
    -0.97942    0.0356842    -0.198654
    0.157607     -0.47963    -0.863201
   -0.123117    -0.883168      0.45261
   -0.974247    0.0207462    -0.224528
    0.188906    -0.468597    -0.862978
   -0.125755     -0.85576     0.501857
   -0.976189    0.0166112    -0.216287
    0.176753    -0.517106    -0.837472
   -0.122285    -0.886939     0.445406
   -0.972439    0.0173077    -0.232516
    0.198519    -0.461563     -0.86461
   -0.119395    -0.865901     0.485757
   -0.969988  -0.00264887    -0.243137
    0.211819    -0.500208    -0.839598
   -0.131735    -0.843128     0.521326
   -0.975834    0.0178078    -0.217786
    0.174338    -0.537417    -0.825099
   -0.130566    -0.868886     0.477483
   -0.972655    0.0189533    -0.231478
    0.192078     -0.49465    -0.847601
   -0.132052    -0.853004     0.504923
     -0.9781    0.0294547    -0.206043
    0.160883    -0.521073    -0.838212
   -0.129416    -0.854704     0.502726
   -0.980389    0.0342995    -0.194066
    0.148626    -0.517982    -0.842381
   -0.126341     -0.86369     0.487931
   -0.981718    0.0382708    -0.186455
    0.142366    -0.502568    -0.852736
   0.0702633    -0.764897     0.640309
    0.996443    0.0837589  -0.00928688
  -0.0465281     0.638684     0.768061
  -0.0750133    -0.830208     0.552383
   -0.996324    0.0853776  -0.00698137
   0.0413651     0.550877     0.833561
  -0.0533073    -0.531048    -0.845663
   -0.998512    0.0380638    0.0390395
   0.0114573     0.846486    -0.532287
  -0.0487161    -0.785029      0.61754
    -0.99873    0.0462232   -0.0200275
   0.0128225     0.617732     0.786284
  -0.0585334    -0.606178    -0.793172
   -0.998254    0.0418806    0.0416607
  0.00796471     0.794225    -0.607571
   0.0280952    -0.638094     0.769445
    0.999247  -0.00267735   -0.0387064
   0.0267584     0.769953     0.637539
   0.0357816    -0.546502     0.836693
     0.99904  -0.00160702   -0.0437741
   0.0252672     0.837456      0.54592
   0.0169982    -0.330373     0.943697
     0.99836   -0.0459963   -0.0340854
   0.0546675     0.942729      0.32905
   0.0263287    -0.670159     0.741751
     0.99945   0.00267612    -0.033058
   0.0201691     0.742213     0.669861
  0.00924468     -0.31405     0.949361
    0.998248   -0.0525904   -0.0271177
   0.0584436     0.947949     0.313014
  0.00517428     -0.38297     0.923746
    0.998402   -0.0500114   -0.0263264
     0.05628     0.922406     0.382099
  -0.0453732    -0.669769    -0.741182
   -0.998718    0.0137558    0.0487084
  -0.0224278     0.742443    -0.669534
   0.0258797    -0.353209     0.935187
    0.998173   -0.0419703   -0.0434744
   0.0546056     0.934603     0.351477
   0.0348493    -0.669307     0.742168
    0.997969   -0.0163198   -0.0615783
   0.0533268     0.742807     0.667379
  -0.0535639    -0.485411    -0.872644
   -0.998241    0.0037901    0.0591649
  -0.0254119     0.874278     -0.48476
   0.0618876     0.977658     0.200886
    0.998083   -0.0607302   -0.0119251
-0.000541154    -0.201239     0.979542
  -0.0716131    -0.760914    -0.644889
    -0.99743    0.0561421    0.0445189
 -0.00233031    -0.646419     0.762979
  -0.0854377    -0.890782     0.446328
   -0.995746    0.0918489  -0.00729707
   0.0344946     0.445052      0.89484
    0.079519     0.695872      0.71375
    0.996039   -0.0840379    -0.029036
  -0.0397767    -0.713232     0.699798
   0.0918913     -0.16737    -0.981602
    0.995318    -0.014235    0.0956024
  -0.0299741    -0.985791     0.165278
    0.016438    -0.138814    -0.990182
   -0.995884   -0.0905546  -0.00383775
  -0.0891328      0.98617    -0.139731
 -0.00614961    -0.855849    -0.517189
    0.996704   -0.0470835    0.0660628
   0.0808909     0.515078    -0.853318
  -0.0276563    -0.619543     0.784476
    0.992954    -0.107486   -0.0498813
    0.115224     0.777569      0.61815
   0.0347378    -0.268697    -0.962598
   -0.992589    -0.121507  -0.00190293
   -0.116451      0.95553    -0.270926
   -0.022905    -0.797576     0.602784
    0.992657   -0.0897792    -0.081072
    0.118779       0.5965     0.793775
   0.0481251   -0.0960138    -0.994216
   -0.987556    -0.153779   -0.0329519
   -0.149725     0.983429     -0.10222
   0.0428998     0.125653    -0.991146
   -0.987358    -0.146185   -0.0612685
   -0.152589     0.981245     0.117793
   0.0634957     0.261644    -0.963073
   -0.981971    -0.155786    -0.107065
   -0.178046     0.952509     0.247036
  -0.0531906     0.693759     -0.71824
    0.987543      0.14321    0.0651947
    0.148089    -0.705825    -0.692734
   0.0712311     0.171836    -0.982547
   -0.980637    -0.168086    -0.100489
    -0.18242      0.97068     0.156536
   0.0787613     0.213043    -0.973863
   -0.980244    -0.161244    -0.114551
   -0.181434     0.963646     0.196134
   0.0388997    -0.661456    -0.748975
   -0.987672    -0.139187     0.071626
   -0.151625     0.736955    -0.658716
   0.0576104     0.701775     0.710065
   -0.981894    -0.088734     0.167363
   -0.180458     0.706851    -0.683957
    0.053918     0.269497    -0.961491
   -0.982506    -0.157571   -0.0992621
   -0.178254     0.950023     0.256286
   0.0327439     0.107593    -0.993656
   -0.988132    -0.145798    -0.048349
   -0.150075     0.983446     0.101543
  -0.0199365    -0.446876     0.894374
    0.992169    -0.119162   -0.0374232
    0.123299     0.886624     0.445752
   -0.013455    -0.715484       0.6985
    0.992518   -0.0943389   -0.0775141
    0.121356     0.692231       0.7114
  0.00137428    -0.651109     0.758983
    0.996172   -0.0654441   -0.0579463
   0.0874004     0.756158     0.648527
 -0.00151977    -0.686332     0.727287
    0.996993   -0.0573922    -0.052077
   0.0774827     0.725021     0.684355
  0.00897462    -0.351818     0.936025
    0.995831   -0.0818288   -0.0403046
   0.0907737     0.932485     0.349617
   0.0420937    -0.929506     0.366398
    -0.98599    0.0205963     0.165526
   -0.161404    -0.368232    -0.915617
   0.0233484    -0.939248     0.342444
   -0.990674    0.0242558     0.134074
   -0.134235    -0.342381    -0.929923
   0.0199513    -0.943061    -0.332022
    -0.98914    0.0297491    -0.143936
   -0.145617    -0.331288     0.932225
  0.00252321    -0.929933    -0.367721
   -0.992885     0.041449    -0.111633
   -0.119053    -0.365387     0.923211
  0.00524269    -0.965948     0.258685
   -0.994545    0.0219119     0.101977
   -0.104172    -0.257808    -0.960564
  0.00152941    -0.220255     0.975441
   -0.992351     0.120072    0.0286683
   -0.123438    -0.968024    -0.218387
   -0.016887    -0.926682     0.375466
   -0.996328     0.047119    0.0714829
  -0.0839336     -0.37288    -0.924076
  -0.0177164    -0.984656    -0.173606
    -0.99595    0.0326872   -0.0837585
   -0.088148    -0.171419     0.981247
  -0.0371545    -0.961913     -0.27082
   -0.997515    0.0519318   -0.0476024
  -0.0598536    -0.268379     0.961452
 -0.00262487    -0.936653     0.350249
   -0.996541    0.0315408    0.0768794
  -0.0830564    -0.348836    -0.933496
  -0.0251566    -0.913552     0.405942
   -0.998014    0.0464117    0.0425993
  -0.0577571    -0.404064    -0.912905
 -0.00772057    -0.926877     0.375286
   -0.998697     0.026082    0.0438712
  -0.0504514    -0.374459     -0.92587
   0.0163046    -0.583727     0.811786
    0.995583   -0.0655982   -0.0671655
    0.092458     0.809296     0.580079
   0.0385582    -0.845573     0.532465
    0.997911   0.00494575   -0.0644093
   0.0518294     0.533836     0.843998
 -0.00697632    -0.562648     0.826667
    0.992407    -0.105412   -0.0633709
    0.122796     0.819949     0.559111
   0.0294061    0.0716642    -0.996995
   -0.987904    -0.149844   -0.0399088
   -0.152254     0.986109     0.066391
   0.0219746       0.9915    -0.128238
   -0.988244    0.0409537     0.147299
   -0.151299    -0.123494    -0.980744
   0.0408088    0.0718497     -0.99658
   -0.984143    -0.169424   -0.0525143
   -0.172617     0.982921    0.0637965
    0.048131     0.204964    -0.977585
   -0.983153    -0.163061   -0.0825931
   -0.176335     0.965091     0.193663
   0.0377415    -0.943425     -0.32943
   -0.984501    0.0213968    -0.174067
   -0.171268    -0.330894     0.927996
   -0.029905    -0.942816     0.331971
   -0.999268    0.0361263    0.0125836
  -0.0238569    -0.331351    -0.943206
  -0.0393159    -0.927273     0.372317
   -0.998836     0.046887    0.0112993
  -0.0279344    -0.371439    -0.928037
  -0.0528387    -0.912304     0.406091
   -0.998599    0.0470467   -0.0242401
   0.0030091    -0.406803    -0.913511
  -0.0396043    -0.919107     0.392013
   -0.999195    0.0389512  -0.00962242
 -0.00642536    -0.392079    -0.919909
  -0.0738093    -0.953132     0.293413
   -0.997272     0.070211   -0.0227921
   0.0011231    -0.294294    -0.955714
  -0.0617338    -0.903993     0.423066
   -0.997744    0.0446858   -0.0501075
   0.0263918    -0.425205    -0.904712
  -0.0752392    -0.919218     0.386494
   -0.996834    0.0593409   -0.0529214
   0.0257114    -0.389252    -0.920772
   -0.052239    -0.907475     0.416846
   -0.998357    0.0376143   -0.0432272
   0.0235482     -0.41842    -0.907949
  -0.0899038    -0.927003    -0.364119
   -0.995591    0.0738298    0.0578575
   0.0267513    -0.367715     0.929554
  -0.0745018    -0.794998     0.602019
   -0.997221    0.0595812   -0.0447292
-0.000309362    -0.603678    -0.797228
  -0.0524054     -0.93079    -0.361778
   -0.998233    0.0589817  -0.00715013
  -0.0279936    -0.360765     0.932237
  -0.0532161    -0.959998    -0.274905
   -0.998033    0.0602682   -0.0172639
  -0.0331413    -0.273445     0.961317
  -0.0525302    -0.859123     0.509066
   -0.998564    0.0398384    -0.035808
   0.0104831    -0.510216    -0.859982
  -0.0424319    -0.925835     0.375538
   -0.999071    0.0421597  -0.00894595
  -0.0075501    -0.375569    -0.926764
  -0.0443732    -0.891341    -0.451156
   -0.998834    0.0481853   0.00304088
  -0.0190286    -0.450765      0.89244
  -0.0192746    -0.889063     0.457379
   -0.999134    0.0339999    0.0239848
  -0.0368748    -0.456521    -0.888948
  -0.0322002    -0.955092    -0.294554
    -0.99896     0.040275   -0.0213872
  -0.0322899    -0.293559     0.955396
  -0.0089945    -0.930676     0.365735
   -0.998478    0.0282594    0.0473554
  -0.0544079    -0.364752    -0.929514
-0.000214525    -0.923187     0.384352
   -0.998595    0.0205654    0.0488393
  -0.0529921    -0.383801    -0.921894
  -0.0142005    -0.740952     0.671407
   -0.998592    0.0448339    0.0283573
  -0.0511132    -0.670059    -0.740546
  0.00650748    -0.934631      0.35556
   -0.997071    0.0210296    0.0735273
  -0.0761982    -0.354997    -0.931757
   0.0215429    -0.916944     0.398433
   -0.994061    0.0228752     0.106392
    -0.10667    -0.398359    -0.911006
   0.0190425    -0.914334     0.404514
   -0.994992    0.0223766    0.0974177
   -0.098124    -0.404343    -0.909328
   0.0286357    -0.945909     0.323167
   -0.991451    0.0142944     0.129692
   -0.127296    -0.324118    -0.937413
   0.0358239    -0.932702     0.358863
   -0.992011    0.0102758     0.125736
   -0.120962    -0.360501    -0.924882
   0.0557937    -0.961464      0.26921
   -0.988291   -0.0148292     0.151862
   -0.142017     -0.27453    -0.951033
   0.0469033    -0.941903     0.332594
   -0.987802   0.00575718     0.155607
   -0.148481    -0.335836    -0.930144
   0.0420716    -0.928576     0.368749
   -0.992102   0.00482436      0.12534
   -0.118167     -0.37111     -0.92104
   0.0603805    -0.939897     0.336078
   -0.989074   -0.0109726     0.147012
   -0.134489    -0.341283     -0.93029
   0.0642103    -0.967412    -0.244933
   -0.988528   -0.0280357    -0.148415
   -0.136711    -0.251652     0.958113
   0.0302876    -0.993219    -0.112241
   -0.992836    -0.016909    -0.118284
   -0.115584     -0.11502     0.986616
    0.017139    -0.919835     0.391931
   -0.995353    0.0214515    0.0938716
  -0.0947539    -0.391719    -0.915193
 -0.00752377     0.999803   -0.0183627
     0.99447   0.00940478     0.104602
    0.104754   -0.0174741    -0.994345
 0.000521555    -0.920297      0.39122
   -0.996909    0.0302557    0.0725019
  -0.0785599    -0.390048    -0.917437
  0.00154223     -0.96267    -0.270675
   -0.997202    0.0187479   -0.0723597
  -0.0747331    -0.270029     0.959948
   0.0266541      0.99671   -0.0765378
   -0.992332    0.0356255     0.118354
   -0.120692   -0.0727963    -0.990017
   0.0548419     0.997083   -0.0530784
   -0.990073    0.0611924     0.126537
   -0.129416   -0.0456119    -0.990541
    0.495231    -0.252873    -0.831145
    0.860231   0.00899577     0.509825
   -0.121444    -0.967458     0.221984
   -0.524632       0.5995    -0.604451
   -0.843177    -0.267882     0.466146
    0.117533     0.754214     0.646024
    -0.50447     0.572039    -0.646746
   -0.859275    -0.259224     0.440965
   0.0845972     0.778187     0.622309
    0.523429    -0.194144    -0.829656
    0.848213    0.0261995     0.529006
  -0.0809668    -0.980623     0.178389
   -0.541602     0.528293    -0.653891
    -0.83354    -0.236646     0.499209
    0.108988     0.815417     0.568521
   -0.505026     0.483955    -0.714658
   -0.861096    -0.226065     0.455421
   0.0588441     0.845389     0.530901
    0.537078    -0.184314     -0.82315
    0.839117     0.017026     0.543684
  -0.0861934     -0.98272     0.163805
   -0.519278     0.454541    -0.723701
    -0.85214    -0.211124     0.478835
   0.0648596     0.865344     0.496965
    0.526094    -0.225182    -0.820072
    0.847265    0.0557152      0.52824
  -0.0732597    -0.972722       0.2201
     0.55916    -0.145367    -0.816216
    0.820803   -0.0415351     0.569699
   -0.116717    -0.988506    0.0960928
    0.542799    -0.282323    -0.790988
    0.834771    0.0778131     0.545071
  -0.0923371    -0.956158     0.277912
     0.56733    -0.120274     -0.81466
    0.814379   -0.0648117     0.576703
   -0.122162    -0.990623    0.0611786
    0.499931     0.833007    -0.236998
    0.864648    -0.464414     0.191579
  -0.0495214     0.300697     0.952433
    0.507684     0.420716    -0.751834
    0.859632    -0.305464     0.409542
  -0.0573573    -0.854219     -0.51674
   -0.493062    -0.542678    -0.679993
   -0.868774     0.348508     0.351815
   0.0460603     0.764227      -0.6433
    0.482154     0.829925     0.280629
    0.875204    -0.470664    -0.111775
  -0.0393172    -0.299501     0.953286
    0.484663    -0.265605    -0.833401
     0.87338     0.094596     0.477765
  -0.0480602     -0.95943     0.277821
   -0.467876    -0.883557   -0.0204926
   -0.882947     0.466286    0.0546061
   0.0386921   -0.0436428     0.998298
   -0.461318    -0.764616    -0.450054
   -0.885626     0.366308     0.285455
   0.0534053    -0.530265     0.846148
   -0.479974    -0.646135     -0.59341
   -0.874916     0.302898     0.377856
   0.0644028    -0.700545     0.710697
   -0.455326     0.579395    -0.676003
   -0.887323    -0.233016     0.397946
   0.0730483     0.781028     0.620209
   -0.436263     0.580752    -0.687315
   -0.898546    -0.240548     0.367086
   0.0478533      0.77773     0.626774
   -0.430343    -0.663155    -0.612397
   -0.900363     0.266918      0.34366
   0.0644399    -0.699271     0.711947
   -0.405603     0.628959    -0.663247
   -0.912263    -0.233206     0.336737
   0.0571206     0.741637     0.668365
    -0.47622    -0.780109    -0.405765
   -0.873434     0.366325      0.32081
    0.101625    -0.507185     0.855825
    0.569662     0.191273    -0.799312
    0.810146    -0.294425     0.506929
   -0.138375    -0.936338    -0.322682
   -0.547555    -0.395599     -0.73735
   -0.829669     0.371229      0.41694
    0.108784     0.840054    -0.531484
    0.543123     0.398978    -0.738806
    0.830557    -0.384444     0.402961
   -0.123257    -0.832478    -0.540174
    0.564502    0.0475484    -0.824061
    0.811339    -0.215654     0.543344
   -0.151877    -0.975311    -0.160315
      0.5244    -0.324985    -0.787013
    0.845222    0.0868899     0.527305
   -0.102983    -0.941719      0.32025
    0.534853    -0.270454    -0.800492
    0.832499   0.00666876     0.553986
   -0.144489     -0.96271     0.228719
   -0.511506     0.426241     -0.74611
   -0.850557    -0.127748     0.510131
    0.122124     0.895544     0.427886
   -0.497435     0.590889    -0.635144
   -0.855123    -0.210744     0.473658
    0.146026      0.77874     0.610115
   -0.556449     0.430848    -0.710447
   -0.812338    -0.102465     0.574115
     0.17456     0.896589      0.40701
   -0.521827    -0.613768    -0.592441
   -0.836575     0.232363     0.496134
     0.16685    -0.754517     0.634716
   -0.543905    -0.618759    -0.566837
   -0.815709     0.231323     0.530196
    0.196941    -0.750751     0.630545
   -0.497393     0.369025    -0.785124
   -0.861322    -0.102036     0.497707
    0.103555     0.923801     0.368602
   -0.483832    -0.627778    -0.609755
   -0.866187     0.243991     0.436105
    0.125003    -0.739164     0.661824
   -0.469413    -0.642772    -0.605388
   -0.876629     0.257185     0.406665
    0.105697    -0.721595     0.684199
    0.482488   -0.0725931    -0.872889
    0.871543    -0.059518     0.486694
  -0.0872832    -0.995584    0.0345512
    0.507254   -0.0321164    -0.861198
    0.857671   -0.0788547     0.508117
  -0.0842284    -0.996369   -0.0124541
      0.4924      0.20099    -0.846844
    0.867643    -0.190293     0.459329
   -0.068828    -0.960933    -0.268088
   -0.510927   -0.0185511    -0.859424
   -0.856907    0.0904155     0.507479
   0.0682909     0.995731   -0.0620923
   -0.528647     0.389095    -0.754412
   -0.844684    -0.153281     0.512848
   0.0839097     0.908356     0.409694
   -0.495223    -0.530608    -0.687902
   -0.866959     0.352873     0.351941
    0.055999     0.770672    -0.634767
    -0.44077    -0.767507     0.465462
   -0.895449     0.412013    -0.168571
   0.0623966     0.491098     0.868867
   -0.454125    -0.594152    -0.663893
   -0.889181     0.349029     0.295866
   0.0559284     0.724681    -0.686812
   -0.455711    -0.629807     0.629023
   -0.887999     0.370508    -0.272364
   0.0615215     0.682691     0.728113
   -0.466932    -0.627028     0.623547
   -0.882825     0.371159    -0.287856
   0.0509409     0.684892     0.726862
    -0.46555    -0.595023    -0.655142
   -0.883739     0.352379      0.30795
   0.0476209     0.722341    -0.689896
   -0.472556    -0.471239    -0.744731
   -0.879586     0.304875     0.365211
   0.0549484     0.827638    -0.558566
   -0.472502    -0.685015     0.554524
   -0.880214     0.398438    -0.257818
   0.0443342     0.609919     0.791222
   -0.476101    -0.451265    -0.754777
   -0.878225     0.288176     0.381675
   0.0452718     0.844579    -0.533513
   -0.473811    -0.357479    -0.804805
   -0.879663     0.234865      0.41356
   0.0411815     0.903907    -0.425742
   -0.471044    -0.362021    -0.804399
   -0.880893     0.240938     0.407403
   0.0463218     0.900494    -0.432394
   -0.470856    -0.468359    -0.747619
   -0.881123      0.29173     0.372178
   0.0437897     0.833986    -0.550045
   -0.469505    -0.501897    -0.726405
   -0.881694     0.310035     0.355661
   0.0467058     0.807451    -0.588082
    0.483901     0.186169    -0.855091
    0.873783    -0.156832     0.460334
   -0.048406     -0.96992    -0.238562
   -0.481522   -0.0179012    -0.876251
   -0.875508      0.05577     0.479974
   0.0402764     0.998283   -0.0425271
    -0.48048    -0.348163    -0.804936
   -0.875044     0.251674     0.413471
   0.0586262     0.903019    -0.425583
    0.470993     0.154448    -0.868511
     0.87903    -0.164732     0.447403
  -0.0739714    -0.974171    -0.213352
    0.460748     0.149619    -0.874829
    0.884904     -0.15323     0.439848
  -0.0682406    -0.976798    -0.202998
   -0.447594      0.42443    -0.787095
   -0.890546     -0.13168     0.435417
   0.0811595     0.895835     0.436914
    0.456287    -0.180107    -0.871415
    0.885226  -0.00764553     0.465099
  -0.0904299    -0.983617     0.155947
    0.442451     0.872491     0.207355
    0.893945    -0.447507   -0.0244998
  -0.0714169    -0.196204     0.977959
   -0.463292    -0.450356    -0.763243
   -0.884818      0.28324     0.369962
   0.0495657     0.846732    -0.529706
   -0.463969     -0.44976    -0.763183
   -0.884739      0.27843     0.373783
   0.0443805     0.848642    -0.527103
   -0.452063    -0.504128    -0.735863
   -0.890719     0.299096     0.342289
   0.0475366     0.810183    -0.584246
    0.452294    -0.418729    -0.787462
     0.89015     0.157142     0.427715
  -0.0553531    -0.894412     0.443805
   -0.453581    -0.632143      0.62822
   -0.890309     0.353175    -0.287431
    0.040174     0.689683     0.722996
   -0.428786     -0.79655    -0.426206
   -0.901488     0.346534     0.259295
   0.0588466    -0.495401     0.866669
    -0.42877     0.530481    -0.731264
   -0.902028    -0.206562      0.37905
   0.0500276     0.822145     0.567076
   -0.398176     0.500225    -0.768916
   -0.915201     -0.15984     0.369943
   0.0621513     0.851015      0.52145
    0.430372     0.890102    -0.149996
    0.900119    -0.410759     0.145133
   -0.067571     0.197475     0.977976
    0.399375    -0.149828    -0.904462
    0.913813   -0.0143561     0.405882
  -0.0737971    -0.988608     0.131181
    0.402498      0.91424   -0.0464857
    0.911545    -0.395609      0.11216
   -0.084151     0.087518     0.992602
   -0.433023     0.605528    -0.667703
   -0.900317    -0.254538     0.353043
   0.0438213      0.75402     0.655388
   -0.400652     0.457681    -0.793729
    -0.91455    -0.147323     0.376689
   0.0554687     0.876826     0.477598
     0.46104   -0.0466671    -0.886152
    0.886575   -0.0182862     0.462223
   -0.037775    -0.998743    0.0329432
    0.473042     0.123151    -0.872391
    0.880259    -0.107749     0.462098
  -0.0370915    -0.986521    -0.159375
    0.467316     0.245187    -0.849411
    0.883236    -0.171713     0.436359
  -0.0388655    -0.954148    -0.296802
    0.524053    -0.111768     -0.84432
    0.823565    -0.186139      0.53581
   -0.217047    -0.976146  -0.00549879
   -0.508898    -0.740972     -0.43816
   -0.840085     0.316425     0.440604
     0.18783    -0.592314     0.783507
   -0.493118    -0.620539    -0.609726
   -0.843785     0.170519     0.508871
    0.211804    -0.765411     0.607688
   -0.511877    -0.639785     0.573287
    -0.82441     0.553463    -0.118438
    0.241518     0.533249      0.81075
   -0.471688     0.587831     -0.65724
   -0.861986    -0.150413     0.484102
    0.185713     0.794877     0.577651
    0.473399     0.333107    -0.815435
    0.849449    -0.417608     0.322552
   -0.233088    -0.845366    -0.480653
   -0.454298     0.452109    -0.767601
   -0.866568   -0.0244697     0.498458
    0.206574     0.891627     0.402899
    0.431947     0.808555    -0.399575
    0.871573      -0.2603     0.415458
   -0.231911     0.527715      0.81715
     0.49355    -0.364832    -0.789497
    0.827594   -0.0820755     0.555294
   -0.267387    -0.927449     0.261424
     0.45338     0.845665     0.281597
     0.85374    -0.502791     0.135386
   -0.256076     -0.17903     0.949933
    0.480748     0.873286    0.0790737
    0.829634    -0.482199     0.281409
   -0.283879    0.0696845     0.956325
   -0.434165    -0.645314    -0.628546
   -0.882409      0.16426     0.440878
    0.181259    -0.746048     0.640747
    0.415063     0.853204    -0.315857
    0.887432    -0.303181     0.347198
   -0.200469      0.42441     0.882999
    0.401083     0.816199    -0.415874
    0.900624    -0.268411     0.341806
   -0.167357     0.511639     0.842744
    0.420932      0.90318   -0.0841605
     0.89397    -0.397329     0.207238
   -0.153734      0.16247     0.974664
   -0.454453     0.503493    -0.734825
   -0.875971    -0.102854     0.471271
    0.161702     0.857855     0.487787
   -0.441519    -0.729071    -0.522988
   -0.886417      0.26412     0.380138
    0.139017    -0.631424     0.762875
   -0.470025     0.519739    -0.713406
   -0.870825    -0.141184     0.470883
    0.144015     0.842578     0.518962
   -0.484376     0.573447    -0.660711
   -0.858908    -0.168145      0.48374
    0.166303     0.801802     0.573983
   -0.454244     0.527747    -0.717736
   -0.882266    -0.154741     0.444592
    0.123569     0.835188     0.535903
    0.463928     0.861046    -0.208256
    0.831652    -0.342345     0.437213
   -0.305165     0.376032     0.874914
      0.4447     0.867397    -0.223303
    0.854148    -0.335652     0.397201
   -0.269579     0.367369      0.89015
     0.42391     0.858739    -0.287867
    0.858494      -0.2797     0.429833
   -0.288598     0.429342      0.85579
    0.440313     0.867408    -0.231795
      0.8362    -0.302168     0.457673
   -0.326948     0.395346     0.858374
   -0.403851     -0.82829    -0.388382
   -0.878642      0.23297      0.41679
    0.254742    -0.509569     0.821855
    0.391975     0.879017    -0.271449
     0.86839    -0.256108     0.424626
   -0.303733     0.402166     0.863718
   -0.375746    -0.864975    -0.332616
   -0.885683     0.229553     0.403572
    0.272727    -0.446234     0.852347
   -0.359156    -0.877258    -0.318473
   -0.886877     0.214553     0.409165
    0.290614      -0.4294     0.855078
    0.412329     0.893944    -0.175639
    0.842526    -0.300822     0.446829
   -0.346604     0.332221     0.877209
    0.368817     0.893659    -0.255632
    0.870644    -0.235832     0.431697
   -0.325503     0.381781     0.865038
    0.390879      0.90779    -0.152085
     0.84616    -0.289367     0.447526
   -0.362251     0.303617     0.881244
   -0.362889    -0.873161    -0.325425
   -0.901388     0.240392     0.360153
    0.236242     -0.42403     0.874293
   -0.341593    -0.870493     -0.35434
   -0.904615     0.202263     0.375183
    0.254924    -0.448701     0.856552
   -0.325819    -0.823982    -0.463568
   -0.919293     0.161613     0.358861
    0.220776    -0.543078     0.810138
   -0.351038    -0.868297    -0.350474
   -0.914356     0.237203     0.328159
    0.201806    -0.435654       0.8772
   -0.386546    -0.726307    -0.568384
   -0.895415      0.14791     0.419946
     0.22094    -0.671268      0.70752
   -0.372093    -0.817823    -0.438989
   -0.909464     0.226698     0.348543
    0.185529    -0.528936     0.828134
    0.404025      0.86485    -0.297992
    0.891714    -0.299721     0.339137
   -0.203988     0.402743     0.892293
   -0.426927    -0.830545     -0.35767
   -0.872968     0.275342     0.402633
    0.235923    -0.484129     0.842591
   -0.388277    -0.815928    -0.428372
   -0.904552     0.248589     0.346395
    0.176144    -0.521982     0.834571
   -0.301023     -0.80579     0.509989
   -0.945805     0.183962    -0.267603
    0.121813    -0.562904    -0.817496
   -0.316348    -0.770282    -0.553705
   -0.941599     0.183962     0.282047
    0.115395    -0.610593     0.783493
   -0.320835    -0.785455    -0.529268
   -0.938169      0.18684     0.291426
    0.130014    -0.590043     0.796835
   -0.340285    -0.800311    -0.493668
   -0.932775     0.220911     0.284832
    0.118898    -0.557405     0.821683
    -0.33616    -0.790987     -0.51121
   -0.936441     0.222873     0.270935
    0.100371    -0.569796     0.815634
   -0.350063    -0.820774    -0.451426
   -0.926481     0.232295     0.296096
    0.138164     -0.52189     0.841749
   -0.356223    -0.786473    -0.504544
   -0.927565     0.232437     0.292569
    0.112823    -0.572217     0.812304
   -0.364338    -0.720359    -0.590203
   -0.921899     0.189324     0.338021
    0.131757    -0.667262     0.733077
   -0.379465    -0.816141    -0.435798
   -0.916714     0.267991     0.296337
    0.125063    -0.511952     0.849862
   -0.353829    -0.801781    -0.481614
   -0.930572     0.250016     0.267446
   0.0940217    -0.542807     0.834578
    0.371767     0.876793    -0.304997
    0.922059    -0.310648     0.230878
   -0.107686     0.367058     0.923944
    0.368647     0.893458    -0.256577
    0.925337    -0.326403     0.192908
  -0.0886078     0.308535     0.947077
   -0.374638    -0.771038    -0.514924
   -0.914647     0.216368     0.341475
    0.151878    -0.598903     0.786287
    0.386871     0.880303    -0.274587
    0.910627    -0.317817     0.264104
   -0.145223      0.35222     0.924581
    -0.36205    -0.846417     -0.39051
   -0.918848     0.253512     0.302406
    0.156962    -0.468306     0.869513
    -0.33708    -0.833845    -0.437126
   -0.924828     0.206336     0.319561
     0.17627    -0.511983     0.840715
    -0.33401    -0.785603    -0.520832
   -0.930884     0.188195     0.313111
    0.147963    -0.589416     0.794164
   -0.308143    -0.790899    -0.528703
   -0.936704     0.155124     0.313884
    0.166236    -0.591959     0.788638
   -0.312979    -0.796581    -0.517207
   -0.930775     0.148914      0.33389
    0.188951    -0.585904     0.788045
   -0.298933    -0.763387    -0.572607
   -0.943508      0.14656     0.297174
    0.142938    -0.629095     0.764074
    0.390763     0.896702     0.207919
    0.917037    -0.398786  -0.00361357
  -0.0796752    -0.192082     0.978139
    0.392193     0.915162     0.093074
    0.914651    -0.398737    0.0665005
  -0.0979708   -0.0590492     0.993436
    0.413628     0.909543    0.0405472
    0.906247    -0.415584    0.0775017
  -0.0873419  -0.00468888     0.996167
   -0.411581    -0.788868    -0.456386
   -0.908329     0.314174     0.276102
   0.0744232    -0.528187      0.84586
    0.418171     0.878506    -0.230997
    0.902648    -0.373383     0.214038
   -0.101783     0.298013      0.94912
   -0.429824     0.630228    -0.646578
   -0.899247    -0.234336     0.369379
   0.0812762     0.740202     0.667455
    0.433657     0.885108     0.168893
    0.896464    -0.442734    0.0184119
  -0.0910713    -0.143422     0.985462
    0.426465     0.899563   -0.0944173
    0.901916     -0.41503     0.119575
  -0.0683787     0.136151     0.988326
    0.441712      0.87806     -0.18412
    0.890954    -0.405231     0.204911
   -0.105313     0.254554     0.961307
    0.425686     0.880694    -0.207773
    0.896976     -0.38043     0.225184
   -0.119275     0.282225     0.951905
    0.408147      0.86896     0.279865
    0.903439    -0.428521    0.0129751
   -0.131203    -0.247545     0.959952
    0.398002     0.915122   -0.0643948
    0.909836    -0.384768      0.15541
   -0.117442     0.120442     0.985749
    0.686047    -0.233444    -0.689089
    0.574576    -0.407176     0.709979
    -0.44632    -0.883013    -0.145211
    0.696729    -0.263417    -0.667219
    0.563136    -0.375317     0.736217
    -0.44435    -0.888678    -0.113155
    0.685886       0.1524    -0.711572
    0.603418    -0.665663     0.439067
   -0.406753    -0.730525     -0.54853
    0.689387     0.249653    -0.680014
    0.602228    -0.719216     0.346483
   -0.402577    -0.648384    -0.646166
    0.700813    -0.278958    -0.656539
    0.561149    -0.352653     0.748831
   -0.440423    -0.893207   -0.0906065
    0.677434     0.126867    -0.724561
    0.638355    -0.590825     0.493385
   -0.365494    -0.796763    -0.481231
    0.691339     -0.17339    -0.701417
    0.599753    -0.403647     0.690917
   -0.402923    -0.898335    -0.175066
    0.677393    -0.255366    -0.689874
    0.641178    -0.254745     0.723875
