  -0.0259854    -0.813617      0.58082
   -0.996523   -0.0249237   -0.0794969
   0.0791562    -0.580866    -0.810141
  -0.0511884    -0.854716     0.516566
    -0.99677    0.0116746   -0.0794567
   0.0618822    -0.518965    -0.852553
  -0.0839664    -0.884198     0.459503
   -0.995306    0.0521476   -0.0815303
    0.048127    -0.464192    -0.884426
    -0.10405    -0.905187      0.41208
   -0.993539    0.0757242   -0.0845302
   0.0453112    -0.418213    -0.907218
   -0.121123     -0.92953     0.348287
   -0.991823    0.0991213   -0.0803828
   0.0401956    -0.355175    -0.933935
   -0.118629     -0.92712    -0.355493
   -0.992679      0.10255    0.0638112
   0.0227047    -0.360461     0.932498
   -0.130985     -0.88844     0.439905
   -0.991248     0.110009   -0.0729757
   0.0164409    -0.445614    -0.895074
    -0.12753    -0.889304     0.439174
   -0.991395     0.101115   -0.0831335
   0.0295237    -0.445997    -0.894547
   -0.127215    -0.812257     0.569258
   -0.991866     0.101752     -0.07647
  0.00419013    -0.574356    -0.818595
   -0.126779    -0.900185     0.416647
   -0.991488     0.102451   -0.0803428
   0.0296375    -0.423286    -0.905511
   -0.117074    -0.881859     0.456748
   -0.993123     0.103676   -0.0543878
  0.00060872    -0.459974    -0.887932
   -0.110325    -0.845803     0.521963
   -0.993717    0.0839215   -0.0740489
   0.0188269    -0.526853    -0.849748
    0.150616     0.972903     0.175429
    0.972308     -0.17786     0.151599
   -0.178693    -0.147738      0.97275
   -0.176758    -0.815515     0.551083
   -0.964742     0.254486    0.0671615
    0.195014     0.519781     0.831743
   -0.156233    -0.918146     0.364142
   -0.970795     0.210695     0.114733
    0.182065     0.335582     0.924249
    -0.17935    -0.677189    -0.713616
   -0.964472   -0.0219939     0.263268
    0.193977     -0.73548     0.649185
   -0.200902    -0.803126    -0.560917
   -0.957915    0.0412183     0.284076
    0.205029    -0.594382     0.777607
    0.152783      0.21358    -0.964905
    0.971642     -0.21076     0.107198
   -0.180468     -0.95392    -0.239724
   -0.198316    -0.752629     -0.62787
   -0.960476    0.0215616     0.277526
    0.195336    -0.658092     0.727158
     0.17709    -0.662104    -0.728188
    0.967005   -0.0206251     0.253922
   -0.183142    -0.749128     0.636605
   -0.192464     0.611542    -0.767447
    -0.96434    0.0269225     0.263295
    0.181677     0.790754     0.584552
   -0.215323    -0.795092    -0.566978
   -0.954897     0.049862     0.292721
    0.204469    -0.604435     0.769968
   -0.209316    -0.734452    -0.645575
   -0.958741     0.024269     0.283244
    0.192362    -0.678227     0.709229
     0.21962     0.681363     -0.69822
    0.955442  -0.00553473     0.295127
   -0.197224     0.731925     0.652218
   -0.151197      0.38033    -0.912408
   -0.974075    0.0998029     0.203018
    0.168275      0.91945     0.355381
   -0.173873    -0.840635    -0.512934
   -0.970748    0.0587312     0.232808
    0.165581    -0.538409     0.826256
   -0.155598     -0.92248    -0.353298
    -0.97724    0.0915417     0.191371
    0.144194    -0.375034     0.915728
   -0.129446    -0.872017     0.472049
   -0.981295    0.0442456    -0.187357
    0.142492    -0.487472    -0.861433
    0.124858     0.990016    -0.065411
    0.979416    -0.112446      0.16763
   -0.158601    0.0849945     0.983678
  -0.0952546    -0.863323      0.49558
    -0.98723    0.0180707    -0.158274
    0.127686    -0.504328     -0.85402
  -0.0909728    -0.694374     0.713841
   -0.984398     0.171113    0.0409936
    0.150612     0.698974     0.699107
   -0.126105    -0.779288     0.613847
   -0.977831      0.20192      0.05546
    0.167167     0.593245     0.787474
  -0.0832442    -0.354769    -0.931241
   -0.985692     0.166754    0.0245844
    0.146566     0.919963    -0.363574
  -0.0574446    -0.891348     0.449666
   -0.992093  0.000622749    -0.125505
    0.111588     -0.45332    -0.884335
   0.0505527    -0.608222     0.792155
    0.990302     0.133302    0.0391521
   -0.129409     0.782494     0.609062
  -0.0187373    -0.907038    -0.420631
    -0.99523   -0.0233669     0.094721
   0.0957444      -0.4204     0.902273
   -0.123005    -0.763614     0.633848
   -0.978565     0.199628    0.0505963
     0.16517     0.614038     0.771801
   -0.213274    -0.739766     -0.63817
   -0.960989     0.041099     0.273517
     0.17611    -0.671608     0.719672
    0.209978    -0.664601    -0.717088
    0.961264   0.00638793     0.275557
   -0.178555    -0.747171     0.640198
    0.202064     0.963951    -0.173117
    0.967364    -0.168848     0.188936
   -0.152895     0.205645     0.966609
   -0.200858    -0.808426    -0.553266
   -0.967328    0.0744879     0.242338
    0.154701    -0.583866     0.796975
   -0.197223    -0.850406    -0.487763
    -0.96914    0.0940675     0.227859
     0.14789     -0.51765     0.842714
    0.179261     0.949612    -0.257103
    0.976836    -0.140764     0.161171
   -0.116859     0.280039     0.952849
   -0.179114    -0.682957    -0.708158
   -0.977557     0.042404     0.206357
    0.110905    -0.729227     0.675225
   -0.159656    -0.902912    -0.399074
   -0.984423     0.115466     0.132589
   0.0736365    -0.414026     0.907282
    0.179344     0.906311    -0.382669
    0.976295    -0.116049     0.182706
   -0.121181     0.406365      0.90564
    0.158527     0.946012     0.282721
    0.984343    -0.173775    0.0295291
  -0.0770646    -0.273613     0.958748
   -0.151834    -0.892105     0.425553
   -0.985078     0.171882   0.00885439
   0.0810439     0.417858      0.90489
   -0.185281    -0.852698    -0.488443
   -0.976336     0.103321     0.189982
    0.111531    -0.512085     0.851663
    0.163435    -0.196114    -0.966865
    0.984034   -0.0375992     0.173964
  -0.0704702     -0.97986     0.186838
    0.169793     0.101023    -0.980288
    0.982897    -0.089335     0.161038
  -0.0713055    -0.990865    -0.114464
   -0.179477    -0.798387    -0.574775
    -0.97871    0.0857709     0.186468
   0.0995749    -0.596004     0.796783
   -0.189758    -0.782787    -0.592652
   -0.971891    0.0640848      0.22654
    0.139353    -0.618981     0.772944
   -0.179149    -0.877552    -0.444756
   -0.976131     0.102134     0.191667
    0.122773    -0.468477     0.874903
   -0.186217    -0.676572    -0.712442
   -0.969964    0.0110897     0.242997
    0.156504    -0.736293     0.658315
   -0.201557    -0.647486     -0.73494
   -0.964012  -0.00167239     0.265853
    0.173365    -0.762075     0.623848
    -0.17115    -0.877162    -0.448659
   -0.975458     0.086836     0.202338
    0.138523    -0.472278     0.870497
   -0.132288    -0.925881     0.353899
   -0.990112     0.106619   -0.0911654
    0.046676     -0.36246     -0.93083
   -0.138879    -0.912954     0.383703
   -0.988844     0.106768     -0.10387
    0.053861    -0.393847    -0.917596
   -0.152551     -0.90487     0.397414
   -0.985367     0.108324    -0.131601
   0.0760322    -0.411674    -0.908154
   -0.136247     -0.90455     0.404013
   -0.989003     0.100511    -0.108491
   0.0575276    -0.414352    -0.908297
   -0.146152    -0.913703     0.379192
   -0.986138     0.104122    -0.129193
   0.0785619    -0.392817    -0.916255
   -0.126172    -0.895998     0.425755
   -0.989009    0.0802691    -0.124167
   0.0770783    -0.436742    -0.896278
   -0.127244    -0.882207     0.453343
    -0.99036    0.0877807    -0.107153
   0.0547364    -0.462607    -0.884872
   -0.157692    -0.895827     0.415483
   -0.981362    0.0953746    -0.166828
    0.109823    -0.434047    -0.894171
   -0.137614     -0.90636     0.399468
   -0.984293    0.0801105    -0.157318
    0.110585    -0.414843    -0.903148
   -0.163115    -0.882589     0.440942
   -0.981628      0.10034    -0.162289
   0.0989904    -0.459313    -0.882742
   -0.161676    -0.839831    -0.518213
   -0.983941    0.0969344     0.149882
   0.0756428    -0.534123     0.842016
   -0.149324     -0.90758     0.392429
   -0.986628     0.110539    -0.119777
   0.0653289    -0.405067     -0.91195
    -0.13547    -0.869118     0.475691
   -0.989903    0.0985132     -0.10192
   0.0417182    -0.484695    -0.873688
   -0.160785    -0.874606    -0.457398
   -0.986008     0.121676     0.113943
   0.0440009    -0.469319     0.881932
   -0.118575    -0.912856     0.390683
   -0.992519    0.0974417   -0.0735582
   0.0290793    -0.396483    -0.917582
   -0.105066    -0.899751     0.423567
   -0.993285    0.0741998   -0.0887686
    0.048441    -0.430049    -0.901505
  -0.0742394    -0.873127     0.481807
    -0.99604    0.0412194   -0.0787776
    0.048923    -0.485748    -0.872729
  -0.0866075    -0.858496     0.505454
   -0.994173    0.0417956   -0.0993593
   0.0641738    -0.511114    -0.857114
  -0.0423561    -0.829237      0.55729
   -0.997279   0.00140601   -0.0737048
   0.0603352    -0.558895     -0.82704
  -0.0473542    -0.864226     0.500871
   -0.996877   0.00916178   -0.0784402
   0.0632012    -0.503021     -0.86196
  -0.0142551    -0.759775      0.65003
   -0.997357   -0.0355185    -0.063387
   0.0712479    -0.649215     -0.75726
  -0.0143964    -0.798633     0.601646
   -0.997384   -0.0311594   -0.0652272
   0.0708395    -0.601011    -0.796096
  -0.0462398    -0.838257     0.543311
   -0.995423  -0.00687261   -0.0953215
   0.0836379    -0.545232    -0.834102
   -0.018196    -0.851929     0.523342
   -0.997294   -0.0218212   -0.0701968
   0.0712226    -0.523203    -0.849227
   -0.087006    -0.894742     0.438025
   -0.991614    0.0356062    -0.124235
   0.0955618    -0.445161    -0.890337
   -0.117097    -0.930772     0.346339
   -0.987565    0.0722972      -0.1396
    0.104896     -0.35838    -0.927664
   -0.105179    -0.900484     0.421979
   -0.991971    0.0650367    -0.108465
   0.0702271    -0.429999    -0.900094
   -0.124626    -0.830069     0.543557
   -0.991698     0.121701   -0.0415241
   0.0316839      0.54422     0.838344
   -0.135811    -0.866454     0.480429
   -0.990046     0.136772   -0.0332038
   0.0369398     0.480156     0.876405
   0.0957432    -0.767459     0.633908
    0.995233    0.0619266   -0.0753431
   0.0185669       0.6381      0.76973
   0.0906808    -0.833343     0.545267
    0.995735    0.0665379   -0.0639048
   0.0169737     0.548737     0.835823
    0.104516    -0.769244     0.630349
    0.994429    0.0720863    -0.076912
   0.0137246     0.634876     0.772493
   0.0700423    -0.777816     0.624576
    0.995456    0.0140076   -0.0941898
   0.0645135     0.628335     0.775263
   0.0719491    -0.599138     0.797406
    0.995056   -0.0117577   -0.0986171
   0.0684609     0.800559      0.59533
  -0.0501735    -0.623917    -0.779878
   -0.993152   -0.0513213     0.104953
   -0.105506     0.779804    -0.617069
  -0.0697219    -0.906885     0.415569
   -0.995739    0.0380657   -0.0839899
  -0.0603503     0.419655     0.905675
  -0.0531223    -0.864046     0.500602
   -0.994109  -0.00167116    -0.108376
  -0.0944786      0.50341     0.858867
    0.055662    -0.821014     0.568189
    0.994193  -0.00691548    -0.107388
   0.0920961     0.570867     0.815861
   0.0778437    -0.465935     0.881388
    0.994311   -0.0281927    -0.102721
   0.0727098      0.88437      0.46109
   0.0516367     -0.62868     0.775948
    0.992937   -0.0507857    -0.107224
    0.106816     0.776004     0.621617
   -0.056949    -0.910628     0.409284
   -0.992664   0.00785342    -0.120649
   -0.106652     0.413152     0.904395
   0.0816386    -0.521929     0.849073
    0.993663   -0.0234204    -0.109938
   0.0772652     0.852668     0.516709
    0.103368     0.724623     0.681349
    0.994241   -0.0558058   -0.0914866
     0.02827    -0.686882     0.726219
     0.11331     0.732483     0.671289
    0.992986   -0.0605248    -0.101568
   0.0337674    -0.678089     0.734203
   -0.144397    -0.773516     0.617108
     -0.9892     0.128694   -0.0701513
    0.025155     0.620573     0.783745
   -0.142971    -0.498229    -0.855177
   -0.989033     0.104266     0.104603
   0.0370496     0.860754    -0.507672
    0.152622     0.661975    -0.733823
    0.988047    -0.118499    0.0985991
  -0.0216872      -0.7401    -0.672147
   0.0497918    -0.771899     0.633792
    0.992041   -0.0352573    -0.120877
     0.11565     0.634766        0.764
  -0.0488932    -0.940598     0.335982
   -0.991394   0.00480282    -0.130825
    -0.12144     0.339487     0.932738
  -0.0414971    -0.857996    -0.511978
   -0.987056     0.114652    -0.112136
   -0.154911    -0.500698     0.851648
  -0.0415154     -0.89243    -0.449272
   -0.987957     0.103749    -0.114794
   -0.149057    -0.439096     0.885989
   -0.035007    -0.421753    -0.906035
   -0.985468    -0.136213     0.101483
   -0.166215     0.896421    -0.410856
  -0.0283791     0.593568    -0.804283
   -0.980826    -0.171731   -0.0921307
   -0.192806     0.786247     0.587061
   0.0252578     -0.28826    -0.957219
    0.979328     0.199366   -0.0341968
    0.200695    -0.936568     0.287337
  -0.0138638    -0.662236     0.749167
   -0.973735     0.179231     0.140414
   -0.227261    -0.727544    -0.647327
  -0.0268521    -0.677926      0.73464
   -0.982537     0.153258     0.105513
    -0.18412    -0.718978    -0.670202
  -0.0147735    -0.674435     0.738187
   -0.974444     0.175206     0.140573
   -0.224142    -0.717245    -0.659788
  -0.0117482    -0.380406     0.924745
   -0.974419     0.211925    0.0747987
    -0.22443    -0.900211    -0.373164
   0.0181352    -0.294177    -0.955579
    0.978168     0.203111   -0.0439641
    0.207021     -0.93392     0.291438
 -0.00886956     -0.39433     0.918926
   -0.972964     0.215497     0.083083
   -0.230788    -0.893345     -0.38558
 -0.00450548     -0.73671     0.676194
   -0.973149     0.158846     0.166578
    -0.23013    -0.657287    -0.717644
  -0.0158907    -0.670666     0.741589
   -0.978697     0.162272     0.125781
   -0.204696    -0.723792    -0.658957
   0.0298385     -0.42594     0.904259
    0.984416    -0.144329    -0.100468
    0.173304     0.893165     0.414995
    0.026121     0.224512    -0.974121
    0.984764     0.161809    0.0636995
    0.171923    -0.960943    -0.216864
    0.041055    -0.569631     0.820874
    0.989719   -0.0894692    -0.111585
    0.137005     0.817016     0.560102
   0.0450624     0.752853     0.656644
    0.990909    0.0497232     -0.12501
    0.126764    -0.656308     0.743768
   0.0333224    -0.605983     0.794779
    0.988222   -0.0988599    -0.116809
    0.149356      0.78931     0.595552
   0.0130603    -0.955652    -0.294208
   -0.979778    0.0465209    -0.194604
    -0.19966      -0.2908     0.935719
 -0.00356518    -0.954194    -0.299166
   -0.984925    0.0550911    -0.163977
   -0.172947    -0.294071     0.940006
  -0.0144148    -0.732153     0.680987
   -0.981941     0.138853     0.128501
   -0.188639    -0.666837    -0.720932
  -0.0284696    -0.906711    -0.420791
   -0.986908    0.0923509    -0.132224
   -0.158749    -0.411518      0.89747
  -0.0186493     -0.96827     0.249211
   -0.989121    0.0542447      0.13674
    -0.14592    -0.243949    -0.958747
   0.0243776    -0.702759      0.71101
    0.984427    -0.106981    -0.139491
    0.174093     0.703339     0.689207
  -0.0412265    -0.917271     0.396124
   -0.990698    0.0889871     0.102953
   -0.129686    -0.388195    -0.912407
   0.0487783     0.980713     0.189268
    0.988184   -0.0198183    -0.151985
    0.145303    -0.194445     0.970092
   0.0695391     0.979787     0.187571
    0.991658   -0.0474368    -0.119854
    0.108533     -0.19434     0.974911
  -0.0280953    -0.907654     0.418777
   -0.992097    0.0765709    0.0994004
   -0.122287    -0.412675    -0.902632
  -0.0569954    -0.918228      0.39193
   -0.993932    0.0891789    0.0643917
  -0.0940781    -0.385882    -0.917739
   -0.051896    -0.917277     0.394854
   -0.996045    0.0760961    0.0458661
  -0.0721188    -0.390912    -0.917598
   0.0395683    -0.749981     0.660274
    0.988336   -0.0678766    -0.136327
     0.14706     0.657967     0.738548
   0.0631855     0.702096    -0.709273
    0.991947    0.0339825     0.122006
    0.109763    -0.711271    -0.694295
   0.0275455    0.0427738    -0.998705
    0.984595     0.171416     0.034498
    0.172669     -0.98427   -0.0373931
 -0.00904351    -0.266553     0.963778
    -0.97833     0.201736    0.0466143
   -0.206854    -0.942471    -0.262601
 -0.00907445    -0.638528     0.769545
   -0.978995     0.162429      0.12323
   -0.203682    -0.752263    -0.626589
    0.003919    -0.492541      0.87028
   -0.974673     0.192718     0.113459
   -0.223602    -0.848683    -0.479311
  0.00191892    -0.513787     0.857916
   -0.973131     0.196573       0.1199
   -0.230246    -0.835094    -0.499605
    0.006821    -0.750644     0.660671
   -0.976633     0.136921     0.165651
   -0.214805    -0.646363     -0.73217
  -0.0702125    -0.913321     0.401142
   -0.996004    0.0864377    0.0224695
  -0.0551956    -0.397961     -0.91574
  -0.0796882    -0.916985     0.390882
   -0.995474    0.0935767    0.0165802
  -0.0517812    -0.387791    -0.920292
   -0.101423    -0.870618     0.481391
   -0.994281     0.104974   -0.0196312
  -0.0334425    -0.480629    -0.876286
   -0.092541     -0.91107     0.401731
   -0.995345    0.0955462   -0.0125981
   -0.026906    -0.401026    -0.915671
   -0.120954    -0.916081    -0.382317
   -0.992571     0.116716    0.0343535
   -0.013152    -0.383632     0.923393
   -0.115442    -0.885052      0.45095
   -0.993296     0.100069   -0.0578809
  0.00610149    -0.454608    -0.890671
    -0.13197    -0.899261     0.417031
   -0.991211     0.115821   -0.0639206
  0.00918046    -0.421801    -0.906642
   -0.102554    -0.874475     0.474105
   -0.994706    0.0932522   -0.0431644
 -0.00646513    -0.476022     -0.87941
     0.15706     0.958082     0.239605
    0.987447    -0.156455   -0.0216681
  -0.0167277    -0.240001     0.970629
   -0.125425    -0.732439      0.66918
   -0.991595    0.0709608    -0.108187
  -0.0317551     0.677125     0.735183
   0.0914287     0.708011     0.700258
    0.992635  -0.00867399    -0.120833
    0.079477    -0.706148      0.70359
   0.0957146     0.987275    -0.126989
    0.993354    -0.102929   -0.0515063
   0.0639218     0.121215     0.990566
   -0.105307    -0.849367      0.51719
   -0.994291    0.0989319   -0.0399771
  -0.0172114    -0.518447    -0.854936
  -0.0914452    -0.855481     0.509696
   -0.994858     0.100866  -0.00919388
  -0.0435458    -0.507916    -0.860305
    0.106657     0.966276    -0.234383
    0.993229    -0.114456   -0.0198906
   0.0460464     0.230674     0.971941
  -0.0801811    -0.924281     0.373196
   -0.995155     0.095597    0.0229526
  -0.0568911    -0.369548    -0.927468
  -0.0889683    -0.907625    -0.410246
   -0.993812     0.108387   -0.0242713
  -0.0664946    -0.405548     0.911652
   -0.061726    -0.837157     0.543469
   -0.994777    0.0959472     0.034812
  -0.0812874    -0.538482    -0.838707
  -0.0473711    -0.929663     0.365353
   -0.995338    0.0746954    0.0610128
  -0.0840115     -0.36076    -0.928867
   0.0813375     0.126611    -0.988612
    0.992599    0.0794504    0.0918407
   0.0901737    -0.988766    -0.119211
  -0.0304491    -0.926111     0.376021
   -0.993811    0.0682595    0.0876419
   -0.106833    -0.371025    -0.922457
  -0.0142294    -0.953865     0.299899
   -0.990894    0.0536128     0.123506
   -0.133887    -0.295411    -0.945942
  -0.0163886    -0.933145     0.359125
   -0.992233    0.0594738     0.109255
    -0.12331    -0.354546    -0.926872
-0.000918079    -0.966923    -0.255065
   -0.987847    0.0405213    -0.150056
   -0.155428    -0.251828     0.955209
  0.00394515    -0.895151     0.445746
   -0.989356    0.0613454     0.131951
    -0.14546    -0.441523    -0.885381
    0.020447    -0.902001      0.43125
   -0.986548    0.0517705     0.155058
   -0.162189    -0.428619    -0.888808
    0.019706     -0.90481      0.42536
   -0.982301     0.061742     0.176843
   -0.186272    -0.421316    -0.887578
 -0.00175607    -0.909651     0.415371
   -0.990581    0.0584524     0.123821
   -0.136914    -0.411241    -0.901186
   0.0233632    -0.959772     0.279807
   -0.988176    0.0202537     0.151983
   -0.151536    -0.280049     -0.94795
   0.0185147    -0.970395    -0.240811
   -0.990256    0.0154511    -0.138399
   -0.138022    -0.241027     0.960654
   0.0180611    -0.980177    -0.197297
    0.991064  -0.00853275     0.133116
     0.13216     0.197938    -0.971264
    0.037926     0.996916   -0.0686961
    0.992464    -0.045594    -0.113736
    0.116518    0.0638649     0.991133
   0.0585364    -0.860958     0.505297
    0.990276   -0.0139078    -0.138416
    0.126198     0.508486     0.851772
   0.0683951     0.994789   -0.0756113
    0.991896   -0.0759386    -0.101864
    0.107075    0.0680315     0.991921
  -0.0422901    -0.886566     0.460665
   -0.993631    0.0855197    0.0733681
   -0.104442    -0.454629    -0.884537
   0.0312581    -0.750535     0.660091
     0.99079   -0.0637838    -0.119441
    0.131748     0.657745     0.741629
 -0.00378035    -0.968286    -0.249814
    0.990918    -0.037207      0.12922
    0.134417     0.247057    -0.959633
    0.445233     0.888352    -0.112245
    0.883814    -0.415885      0.21427
   -0.143666     0.194604     0.970304
   -0.488278    -0.414896    -0.767754
   -0.864145     0.352665        0.359
    0.121812     0.838742    -0.530729
    0.470463     0.141183    -0.871052
    0.876363    -0.190209     0.442502
   -0.103208    -0.971539    -0.213214
   -0.504053    -0.337959    -0.794804
    -0.85879      0.29384     0.419688
   0.0917083     0.894115    -0.438347
   -0.529911    -0.378188    -0.759057
   -0.840181     0.355795     0.409276
    0.115285     0.854625    -0.506286
     0.47856     0.200286    -0.854907
    0.874574    -0.195341     0.443805
  -0.0781105    -0.960066    -0.268647
   -0.530783    -0.287692    -0.797184
   -0.842046     0.285629     0.457574
   0.0960589     0.914139    -0.393857
   -0.505809    -0.314893    -0.803119
   -0.858758     0.272091     0.434167
   0.0818054      0.90929    -0.408043
   -0.520118    -0.249251    -0.816915
   -0.848864     0.256547     0.462183
   0.0943776      0.93384    -0.345015
   -0.549544     -0.42043     -0.72197
   -0.827418     0.393529     0.400642
    0.115675     0.817541    -0.564133
   -0.539329    -0.306649    -0.784277
   -0.835384     0.312178     0.452414
    0.106102     0.899172    -0.424537
   -0.554344    -0.308983    -0.772808
   -0.821875     0.349641     0.449747
    0.131241     0.884467    -0.447766
   -0.475221    -0.325714    -0.817359
   -0.877318     0.246068     0.412024
   0.0669238     0.912886    -0.402691
   -0.495296    -0.325596      -0.8054
   -0.864627       0.2747     0.420667
   0.0842757     0.904725    -0.417577
   -0.471429    -0.318859    -0.822243
   -0.879181      0.24313     0.409791
   0.0692462     0.916088    -0.394953
   -0.449633    -0.348109    -0.822588
   -0.891068      0.23861     0.386088
   0.0618769     0.906579    -0.417476
    -0.44916    -0.264605     -0.85337
   -0.891169     0.200913     0.406758
   0.0638225     0.943196     -0.32605
   -0.411609    -0.337192    -0.846687
   -0.909758     0.207097     0.359794
   0.0540269     0.918375    -0.392006
    0.400325     0.100026    -0.910898
    0.914115    -0.113323     0.389296
  -0.0642858     -0.98851    -0.136801
    0.440269    0.0686866    -0.895235
    0.893509    -0.131628     0.429321
  -0.0883494    -0.988917    -0.119324
    -0.39149     0.554006     -0.73472
   -0.915619    -0.155115     0.370919
   0.0915252     0.817935     0.567984
    0.371274    0.0279135    -0.928104
    0.926766   -0.0726126     0.368555
  -0.0571044     -0.99697   -0.0528284
   -0.360115     0.493323    -0.791802
   -0.930028    -0.123204      0.34622
   0.0732447     0.861077     0.503172
   -0.324183     0.501826     -0.80192
   -0.943551    -0.110635     0.312205
   0.0679518     0.857864     0.509365
   -0.420635     0.312604    -0.851672
   -0.900579   -0.0304099     0.433628
    0.109655     0.949397     0.294316
    0.537196    0.0944651    -0.838151
    0.826687    -0.256141      0.50098
   -0.167359    -0.962013    -0.215691
    0.520647    0.0350022    -0.853054
    0.842076    -0.185872      0.50632
   -0.140837     -0.98195    -0.126248
    0.495921   -0.0483472    -0.867021
    0.849379     -0.18065     0.495904
   -0.180603    -0.982358   -0.0485231
   -0.505406    0.0105329    -0.862817
   -0.835527     0.243805     0.492397
    0.215546     0.969767     -0.11442
    0.479726     0.113031    -0.870107
    0.863546    -0.236465     0.445391
   -0.155407    -0.965043    -0.211046
    0.453944    -0.196216    -0.869157
    0.859252    -0.161785     0.485295
   -0.235839    -0.967122    0.0951582
   -0.429447     0.465974    -0.773591
   -0.878199   -0.0157411     0.478037
    0.210576     0.884658     0.415978
    0.401022    -0.214371    -0.890633
    0.884131    -0.163906     0.437546
   -0.239777    -0.962902     0.123802
    0.482035   -0.0727543    -0.873126
    0.837267    -0.255338     0.483515
    -0.25812    -0.964111   -0.0621673
    0.425715    -0.290573    -0.856933
    0.862044    -0.157619     0.481701
   -0.275038    -0.943782     0.183386
    0.449131    0.0837793    -0.889529
     0.83814    -0.384406      0.38698
    -0.30952    -0.919355    -0.242868
   -0.418249    -0.801959    -0.426532
   -0.890937     0.270736     0.364601
    0.176918    -0.532507     0.827729
    0.382975     0.427093    -0.819098
    0.899909    -0.372679     0.226437
   -0.208551    -0.823833    -0.527072
   -0.374888    -0.731687     0.569292
   -0.910531     0.406076   -0.0776865
    0.174334     0.547481     0.818457
   -0.403664    -0.649134    -0.644733
   -0.901245     0.160798     0.402369
     0.15752    -0.743485     0.649937
   -0.465074    0.0153459    -0.885139
   -0.874948     0.144285     0.462221
    0.134805     0.989417   -0.0536762
    0.447957     0.145859    -0.882077
    0.885416    -0.209198      0.41506
   -0.123988    -0.966934    -0.222858
   -0.484129    0.0116403    -0.874919
    -0.86794     0.120346     0.481869
    0.110902     0.992664   -0.0481599
    0.506093    -0.148526    -0.849594
    0.853928   -0.0520795     0.517779
    -0.12115    -0.987536     0.100473
    0.467845     0.175186    -0.866274
    0.878884    -0.195565     0.435106
  -0.0931882    -0.964917    -0.245462
   -0.383629    -0.722795     0.574801
   -0.921962     0.335518    -0.193425
   0.0530499     0.604148     0.795104
   -0.394084    -0.794808     0.461495
    -0.91636     0.378355    -0.130886
   0.0705796     0.474475     0.877435
    0.398938     0.876207      0.27039
    0.912799    -0.407582    -0.025976
  -0.0874456    -0.257174       0.9624
   -0.428844    -0.751416     0.501465
    -0.90006     0.402931    -0.165947
    0.077361     0.522514     0.849114
   -0.423845    -0.605518    -0.673575
    -0.90328     0.337305     0.265162
   0.0666394     0.720814    -0.689918
    0.429181     0.267505    -0.862696
     0.89876    -0.221271      0.37851
  -0.0896358    -0.937806    -0.335388
   -0.435762    -0.447353    -0.781016
   -0.897075     0.286504     0.336411
   0.0732697     0.847225    -0.526157
   -0.441839    -0.319442    -0.838293
   -0.893945     0.235007      0.38162
   0.0750994     0.918002    -0.389399
    -0.43654    -0.306281    -0.845946
   -0.896818     0.223136     0.382004
   0.0717598      0.92542    -0.372086
   -0.427808    -0.460235    -0.777923
   -0.901585      0.27843     0.331089
   0.0642183     0.843007    -0.534056
   -0.426275    -0.446654    -0.786632
   -0.901732     0.278926     0.330272
    0.071895     0.850118    -0.521661
   -0.418892    -0.486086    -0.766975
   -0.905266     0.289482     0.310956
   0.0708742     0.824573    -0.561299
   -0.449735    -0.353916     -0.82005
   -0.889194     0.263867     0.373776
   0.0840985     0.897284     -0.43337
   -0.453123    -0.368284    -0.811817
   -0.888981     0.254387     0.380789
   0.0662768     0.894234    -0.442666
   -0.434898    -0.340182    -0.833751
    -0.89445     0.270165     0.356328
    0.104034     0.900715     -0.42177
   -0.397882    -0.675899     0.620363
     -0.9082     0.385888    -0.162059
    0.129855     0.627895     0.767389
   -0.396538    -0.831464     0.389134
   -0.911862     0.405752   -0.0622392
    0.106142     0.379516     0.919076
   -0.369432    -0.804402     0.465251
   -0.923025      0.37554   -0.0836324
    0.107446     0.460335     0.881219
   -0.367448    -0.769295     0.522653
   -0.919997     0.383032   -0.0830124
    0.136332     0.511342     0.848494
   -0.371849    -0.547456     -0.74968
   -0.925036     0.286119     0.249888
   0.0776952     0.786402     -0.61281
    0.395727     0.453415    -0.798633
    0.914734     -0.27189     0.298893
  -0.0816176    -0.848817    -0.522349
    0.396591     0.417498    -0.817564
    0.915016    -0.251472     0.315447
  -0.0738963    -0.873188    -0.481749
    0.367081     0.435122    -0.822144
     0.92624    -0.252339     0.280009
  -0.0856205    -0.864288    -0.495656
    0.362251     0.479419    -0.799332
    0.927148    -0.273448     0.256169
  -0.0957634    -0.833896     -0.54355
   -0.372107    -0.372666    -0.850092
   -0.925177     0.222647     0.307369
   0.0747245      0.90086    -0.427631
   -0.332334    -0.282799    -0.899766
   -0.938639     0.192483     0.286195
   0.0922537     0.939668    -0.329415
   -0.331249    -0.422224    -0.843802
   -0.940129     0.223704     0.257127
   0.0801969     0.878455    -0.471046
   -0.300258     0.460689    -0.835231
   -0.950092   -0.0667136     0.304753
    0.084675     0.885051     0.457729
   -0.324258    -0.439127    -0.837869
   -0.939201     0.255208     0.229719
    0.112955     0.861416    -0.495181
   -0.299024    -0.662261    -0.687019
   -0.949005     0.131036     0.286739
   0.0998721    -0.737726     0.667672
    0.302258     0.883643     0.357511
    0.946729       -0.322  -0.00454079
   -0.111106    -0.339838     0.933898
   -0.343957     -0.32675      -0.8803
   -0.936669     0.185208     0.297236
   0.0659163     0.926786     -0.36976
   -0.300735    -0.668284    -0.680408
   -0.951062     0.157039     0.266121
   0.0709937    -0.727142     0.682806
   -0.389024    -0.385213    -0.836823
    -0.91914     0.223425     0.324443
   0.0619873     0.895373    -0.440982
    -0.42808     -0.33447     -0.83957
   -0.901492     0.223533     0.370601
   0.0637168     0.915512    -0.397212
   -0.407503    -0.370809    -0.834531
   -0.910595     0.234016     0.340664
   0.0689723     0.898742     -0.43302
   -0.436473    -0.318732    -0.841368
   -0.837687     0.485178     0.250766
    0.328286     0.814256    -0.478765
   -0.409998    -0.352307    -0.841297
    -0.86325     0.447663     0.233231
    0.294449     0.821874     -0.48767
   -0.411311    -0.393383    -0.822237
   -0.864145     0.455256     0.214467
    0.289961     0.798744    -0.527191
    0.436866     0.199111    -0.877213
    0.834173    -0.454596     0.312247
   -0.336606    -0.868157    -0.364691
     0.38868       0.1847     -0.90267
    0.887207    -0.339343     0.312587
    -0.24858    -0.922351    -0.295763
   -0.431707     -0.28378    -0.856212
   -0.854394     0.432989     0.287282
    0.289206     0.855564    -0.429384
    0.410297     0.113852    -0.904817
    0.880715    -0.306922     0.360748
   -0.236637      -0.9449      -0.2262
    0.440907     0.166819    -0.881914
    0.873769    -0.304474     0.379242
   -0.205255    -0.937799    -0.280006
   -0.448294     -0.39776    -0.800512
   -0.826725     0.525061     0.202081
    0.339938     0.752395     -0.56422
    0.445125    -0.424266    -0.788582
    0.854117   -0.0633624     0.516207
   -0.268976    -0.903318     0.334169
    0.457554     0.883859     0.097147
    0.821943    -0.462099     0.332979
   -0.339198    0.0725063     0.937917
     0.38758     0.175752    -0.904927
     0.90574     -0.25525     0.338354
   -0.171516    -0.950767    -0.258115
    0.417443    -0.156159    -0.895185
    0.897838   -0.0810079     0.432811
   -0.140104    -0.984405     0.106389
    0.394095    -0.167043    -0.903762
    0.916323    -0.004552     0.400414
  -0.0710003    -0.985939     0.151271
   -0.363459    -0.369759    -0.855088
   -0.924159     0.258963     0.280836
    0.117594      0.89231    -0.435838
   -0.364809     0.331955    -0.869897
   -0.905829    0.0895853     0.414064
     0.21538     0.939032     0.268012
    0.353329     0.111931    -0.928779
    0.921666    -0.211752     0.325104
   -0.160281    -0.970893    -0.177981
    0.366549     0.130912    -0.921143
     0.90574    -0.276632     0.321106
   -0.212781    -0.952017    -0.219972
     0.38258    -0.136341    -0.913807
    0.887592    -0.220387     0.404487
   -0.256539    -0.965837    0.0366996
   -0.357505    -0.381956    -0.852232
   -0.916984     0.316516     0.242812
    0.177001      0.86829    -0.463404
    0.448771     0.871623    -0.197174
    0.831414    -0.326332     0.449732
   -0.327652      0.36576     0.871128
   -0.443974    -0.706463    -0.551178
   -0.859805     0.162729     0.483998
    0.252234    -0.688788     0.679668
   -0.432428    -0.773805    -0.462853
   -0.867337     0.216676     0.448082
    0.246439    -0.595212     0.764846
    0.422548     0.892921    -0.155389
    0.846127    -0.327186     0.420736
   -0.324843      0.30926     0.893776
   -0.428589     0.581704    -0.691326
   -0.887161    -0.126092       0.4439
    0.171047     0.803568     0.570106
   -0.403262     -0.84888    -0.341734
   -0.883361     0.263641     0.387513
    0.238857    -0.458144     0.856184
   -0.412994     0.547787    -0.727574
   -0.897808    -0.110764     0.426231
    0.152895     0.829253     0.537553
    0.389706     0.877875    -0.278326
    0.909384    -0.319097     0.266829
   -0.145429      0.35709     0.922679
   -0.402239    -0.915294   -0.0209757
   -0.857139     0.368433     0.359957
    0.321739    -0.162768     0.932733
    0.380712      0.89973     -0.21341
    0.897408    -0.303853     0.319894
   -0.222973     0.313303     0.923106
    0.383392     0.911977    -0.145975
    0.872078    -0.305415     0.382364
   -0.304124     0.273897     0.912408
    -0.41314    -0.679456    -0.606346
   -0.908204      0.25847     0.329179
   0.0669404    -0.686682     0.723869
   -0.386873    -0.720763    -0.575178
   -0.920804     0.268478     0.282912
   0.0494895    -0.639077     0.767549
   -0.386333     0.364646    -0.847219
    -0.92231     -0.16221     0.350759
 -0.00952467     0.916909     0.398984
   -0.414714     0.614244    -0.671354
   -0.909938    -0.275955     0.309615
  0.00491541     0.739293     0.673366
   -0.427517     0.610073    -0.667113
   -0.898527    -0.205626     0.387773
   0.0993939     0.765198     0.636076
    -0.41881     0.573497    -0.704059
   -0.907993    -0.254115     0.333129
   0.0121369     0.778799     0.627157
   -0.423117     0.427291    -0.798996
   -0.898864   -0.0869172     0.429521
    0.114084     0.899926     0.420853
   -0.437012    -0.680666    -0.587975
    -0.87855     0.182906     0.441242
    0.192795    -0.709394     0.677931
   -0.412496     0.488574    -0.768858
   -0.909819    -0.178739     0.374542
   0.0455667     0.854019     0.518243
   -0.433865    -0.691394    -0.577698
   -0.890003     0.428659     0.155391
   -0.140199    -0.581572     0.801323
   -0.431768     0.496324    -0.753153
   -0.891966    -0.359049     0.274736
   -0.134061     0.790409      0.59773
   -0.417412     0.536402    -0.733513
   -0.899712     -0.35731     0.250696
   -0.127618     0.764593     0.631752
    -0.41928     0.444279     -0.79172
   -0.899602    -0.320657     0.296472
   -0.122154     0.836537     0.534119
   -0.430067     0.536013    -0.726452
   -0.892793    -0.371972     0.254083
   -0.134028     0.757843     0.638522
   -0.408823     0.575081    -0.708622
     -0.9087    -0.328346     0.257785
  -0.0844254     0.749313     0.656812
   -0.412871     0.543305    -0.730998
   -0.905267    -0.333043     0.263769
   -0.100147      0.77065      0.62934
   -0.404711     0.518159    -0.753472
   -0.912091    -0.287816      0.29198
  -0.0655697     0.805403      0.58909
    0.388929   -0.0750599    -0.918205
    0.920425    0.0742856     0.383797
   0.0394016    -0.994408    0.0979788
   -0.422349    -0.677855    -0.601775
   -0.899005     0.398076     0.182552
   -0.115809      -0.6181     0.777522
    0.397026    0.0892267     -0.91346
     0.91509    0.0380384     0.401451
   0.0705667    -0.995285   -0.0665483
   -0.407156     0.449708    -0.794976
    -0.90968    -0.277708     0.308806
  -0.0818985     0.848905     0.522161
   -0.402526     0.474992    -0.782531
   -0.915117    -0.230362     0.330899
  -0.0230909     0.849303       0.5274
    0.385368     0.118715    -0.915095
    0.922751    -0.054681     0.381498
 -0.00474862    -0.991422    -0.130617
   -0.408594     0.514862    -0.753636
   -0.911616    -0.270736     0.309286
   -0.044797       0.8134     0.579978
   -0.401624     0.609762    -0.683293
   -0.914025    -0.313381     0.257586
  -0.0570645     0.727999     0.683199
   -0.407096     0.344307    -0.846005
   -0.906983    -0.261857     0.329868
   -0.107957       0.9016     0.418882
   -0.399242     0.628101    -0.667903
   -0.911121    -0.353081     0.212586
   -0.102298     0.693414     0.713241
     -0.3873     0.515349     -0.76447
   -0.919146    -0.280497     0.276573
  -0.0718996     0.809776     0.582317
   -0.413614    -0.693899     -0.58943
   -0.901561     0.402414     0.158905
   -0.126931    -0.597132     0.792037
    0.382786    -0.328796    -0.863347
    0.923091      0.17367     0.343134
   0.0371159    -0.928295     0.369987
   -0.364993     0.280572    -0.887727
   -0.930957    -0.120214     0.344773
 -0.00998353     0.952275     0.305078
   -0.359369  -0.00953554    -0.933147
   -0.932846    0.0310307     0.358936
   0.0255336     0.999473   -0.0200467
   -0.376598    -0.410914    -0.830255
   -0.926376     0.165787     0.338145
 -0.00130343     0.896473    -0.443096
    0.347702    -0.128668    -0.928735
    0.935534   -0.0181873     0.352767
  -0.0622811    -0.991521      0.11405
   -0.361941    -0.402019    -0.841059
   -0.930534     0.209752     0.300186
   0.0557332     0.891283     -0.45001
   -0.350668    -0.665698     0.658694
   -0.931942     0.317363    -0.175399
   0.0922818     0.675371     0.731681
    -0.37652    -0.626185    -0.682734
    -0.92588     0.279242     0.254499
   0.0312846     0.727954    -0.684912
   -0.348813    -0.684897     0.639723
    -0.92757     0.349857    -0.131201
    0.133952     0.639152     0.757325
   -0.346986    -0.712225     0.610194
   -0.931333     0.338354     -0.13467
    0.110546     0.615022     0.780722
   -0.362074    -0.670735     0.647316
   -0.929846     0.308682    -0.200257
   0.0654953     0.674411     0.735445
    0.365025     0.311129    -0.877471
    0.930979    -0.128002     0.341898
 -0.00594396    -0.941708    -0.336378
    0.662075   -0.0345932    -0.748638
    0.577324    -0.613408     0.538914
   -0.477864    -0.789008    -0.386151
   -0.675096    -0.232963    -0.699981
   -0.576926     0.758068     0.304122
    0.459784     0.609148    -0.646171
    0.669855     0.161565      -0.7247
    0.621435    -0.656148     0.428123
   -0.406341    -0.737134    -0.539926
     0.67524     0.164014    -0.719132
    0.621157    -0.652212     0.434493
   -0.397763    -0.740081    -0.542278
   -0.676845    -0.194188     -0.71005
   -0.578698     0.736521     0.350208
    0.454961     0.647941    -0.610887
   -0.664894    -0.286723    -0.689715
   -0.657793     0.662235     0.358822
    0.353871     0.692268     -0.62892
   -0.671012    -0.212223    -0.710426
   -0.619074     0.687659     0.379306
    0.408033     0.694325    -0.592809
   -0.664852    -0.354205    -0.657655
   -0.652974     0.703162     0.281405
