  -0.0314387    -0.821247     0.569706
   -0.996469   -0.0186458   -0.0818676
   0.0778561    -0.570268    -0.817761
  -0.0558159    -0.858726     0.509387
   -0.996572    0.0167133   -0.0810238
   0.0610637    -0.512163    -0.856715
  -0.0901112    -0.863808     0.495697
   -0.994945     0.055934   -0.0833966
   0.0443124    -0.500707    -0.864482
   -0.107138    -0.906723     0.407891
   -0.993272    0.0794778   -0.0842213
   0.0439471     -0.41417    -0.909138
   -0.126027    -0.925733     0.356562
   -0.991227     0.103079   -0.0827307
   0.0398326     -0.36386    -0.930602
    -0.12294    -0.906295     0.404371
   -0.992159     0.103014   -0.0707654
   0.0224785      -0.4099    -0.911853
   -0.133413     -0.89251     0.430845
   -0.990943     0.113431   -0.0718727
   0.0152758    -0.436532    -0.899559
   -0.128997    -0.891159     0.434967
   -0.991226     0.103131   -0.0826695
   0.0288129    -0.441815    -0.896643
   -0.128703    -0.852223     0.507101
   -0.991656     0.106805   -0.0721891
     0.00736    -0.512161    -0.858858
   -0.126975    -0.920949     0.368417
   -0.991345     0.105335   -0.0783577
   0.0333563    -0.375178    -0.926353
   -0.119159    -0.799156     0.589196
   -0.992875    0.0952687   -0.0715808
  0.00107227    -0.593527    -0.804814
   -0.110111    -0.853928     0.508608
    -0.99374    0.0848777   -0.0726348
   0.0188554    -0.513422    -0.857929
    0.146052     0.940004      0.30832
    0.973692    -0.191694     0.123196
   -0.174908    -0.282216     0.943272
   -0.172803    -0.776385     0.606107
   -0.966128     0.253353    0.0490822
    0.191666     0.577095     0.793867
   -0.152356    -0.910392     0.384675
   -0.972095     0.208286      0.10793
    0.178381     0.357496      0.91672
   -0.176448    -0.700925    -0.691064
   -0.965475   -0.0134448     0.260149
    0.191636    -0.713108     0.674354
   -0.198001    -0.811512    -0.549767
    -0.95889    0.0440393     0.280341
    0.203289    -0.582674      0.78687
    0.150157     0.231316    -0.961221
    0.972602     -0.20909     0.101617
   -0.177476    -0.950144    -0.256375
   -0.196295    -0.763305    -0.615495
   -0.961139    0.0255188     0.274882
    0.194112    -0.645534     0.738651
   -0.175237    -0.688124    -0.704114
   -0.967682   -0.0113421     0.251917
    0.181336    -0.725504     0.663898
    0.191302    -0.644971    -0.739876
    0.964688   -0.0154969     0.262939
   -0.181054     -0.76405     0.619231
    0.211661    -0.641727    -0.737147
    0.955693   -0.0219766     0.293545
   -0.204576    -0.766618     0.608642
     0.20633    -0.600365    -0.772651
    0.959752   -0.0295889     0.279285
   -0.190535    -0.799178     0.570097
    0.218491     0.685199    -0.694812
    0.955606   -0.0059971     0.294586
   -0.197683     0.728331     0.656091
   -0.149822     0.465145    -0.872464
    -0.97471    0.0785006     0.209232
    0.165812     0.881747      0.44162
   -0.172988    -0.870526    -0.460717
   -0.971079     0.072591     0.227456
    0.164563     -0.48674     0.857907
   -0.155062    -0.924727    -0.347614
   -0.977533    0.0927666     0.189273
    0.142779    -0.369153     0.918336
    -0.12858     -0.87686     0.463233
   -0.981826    0.0468098    -0.183919
    0.139587    -0.478462    -0.866942
    0.124854      0.98805   -0.0903799
    0.980253    -0.108762     0.165151
   -0.153347     0.109215     0.982118
  -0.0940582    -0.866613     0.490036
   -0.987857    0.0201014    -0.154062
    0.123662    -0.498576     -0.85798
  -0.0858217    -0.869378     0.486639
   -0.986604     0.142173    0.0799971
    0.138734     0.473254     0.869933
   -0.122685    -0.788114     0.603179
   -0.978974     0.195903    0.0568464
    0.162966     0.583522     0.795578
  -0.0795672     -0.34637    -0.934718
   -0.986698     0.160717    0.0244365
    0.141761     0.924228     -0.35455
  -0.0565672    -0.891598     0.449281
   -0.992656   0.00202941    -0.120954
    0.106931    -0.452823    -0.885165
   0.0483714     -0.60908     0.791632
    0.991103     0.127659    0.0376612
   -0.123998     0.782767     0.609836
  -0.0186688     -0.90233    -0.430642
   -0.995686   -0.0223747    0.0900462
   0.0908868    -0.430465      0.89802
   -0.118449    -0.745332     0.656087
   -0.979833     0.194818    0.0444198
    0.160925     0.637594     0.753377
    0.213729     0.697146     -0.68433
    0.960687   -0.0229254     0.276686
   -0.177202     0.716563     0.674639
   -0.208866    -0.784909    -0.583347
    -0.96199    0.0575971      0.26694
    0.175925    -0.616929     0.767105
   -0.199618    -0.797665    -0.569107
   -0.968346    0.0717608     0.239073
     0.14986    -0.598816     0.786741
   -0.200962    -0.826216    -0.526291
   -0.967071    0.0816812     0.241042
    0.156165    -0.557401     0.815424
   -0.196522    -0.791662    -0.578489
   -0.969149    0.0673253     0.237101
    0.148757    -0.607238      0.78047
    0.179401     0.973725    -0.140266
    0.976678     -0.15919     0.144078
   -0.117963     0.162843     0.979575
   -0.179099    -0.708886    -0.682205
   -0.977476    0.0495256     0.205153
    0.111644    -0.703582     0.701789
   -0.165029    -0.791983     0.587817
   -0.983164     0.179504   -0.0341711
   0.0784522     0.583559     0.808272
   -0.182529    -0.750898    -0.634693
   -0.975211    0.0561447     0.214034
    0.125083    -0.658027     0.742533
    0.158746     0.940274      0.30114
    0.984237    -0.174794    0.0269324
  -0.0779613    -0.292118       0.9532
   -0.154921     -0.77943     0.607033
   -0.984574     0.172391   -0.0299231
    0.081324     0.602304     0.794113
     -0.1852    -0.872711    -0.451749
    -0.97629     0.110973     0.185858
    0.112069    -0.475459     0.872571
   -0.168914    -0.501654    -0.848417
   -0.982798     0.150936     0.106422
   0.0746698     0.851799     -0.51852
    0.172102    0.0937813    -0.980605
    0.982633   -0.0864551      0.16419
  -0.0693803    -0.991832    -0.107032
   -0.179493    -0.838084    -0.515167
   -0.978657    0.0988541     0.180162
    0.100064     -0.53651      0.83794
   -0.189969    -0.876537    -0.442261
   -0.972086     0.104748     0.209945
    0.137699    -0.469798     0.871968
     -0.1792    -0.893682    -0.411363
   -0.976084     0.109196     0.187979
    0.123074    -0.435211     0.891877
    0.184715    -0.648022    -0.738883
    0.970179  0.000166595     0.242391
   -0.156952    -0.761622     0.628727
   -0.200052    -0.799292    -0.566667
   -0.965406    0.0620825     0.253252
    0.167242    -0.597727     0.784062
   -0.170985     -0.88886    -0.425079
   -0.975539    0.0922343     0.199539
    0.138155    -0.448799     0.882889
   -0.132465     -0.92636     0.352578
   -0.990092     0.106946    -0.090992
   0.0465844    -0.361138    -0.931348
   -0.139602    -0.913606     0.381884
   -0.988765     0.107805    -0.103546
   0.0534313    -0.392049    -0.918391
   -0.157718    -0.915288     0.370639
   -0.984483       0.1165    -0.131232
   0.0769354    -0.385586    -0.919459
     -0.1382    -0.884315     0.445969
   -0.988726    0.0969827    -0.114086
   0.0576364    -0.456708    -0.887748
   -0.150041    -0.914231      0.37639
   -0.985491     0.107744    -0.131145
   0.0793428    -0.390606    -0.917132
   -0.126432    -0.898076     0.421278
   -0.989075    0.0816798    -0.122713
   0.0757961    -0.432191    -0.898591
   -0.128802    -0.885179     0.447067
   -0.990237     0.090573    -0.105959
   0.0533006     -0.45635    -0.888202
   -0.157564    -0.898513     0.409692
   -0.981466    0.0966621    -0.165471
    0.109076    -0.428171    -0.897091
   -0.141107    -0.930431      0.33821
   -0.983699    0.0933083     -0.15372
    0.111468    -0.354388    -0.928431
   -0.163286    -0.886971     0.431996
    -0.98158     0.102033    -0.161524
   0.0991895    -0.450413    -0.887293
   -0.161718    -0.849519    -0.502159
   -0.983897    0.0995492     0.148449
    0.076121     -0.51808     0.851938
   -0.149745    -0.891443     0.427674
   -0.986673     0.106883    -0.122685
   0.0636559    -0.440346    -0.895569
   -0.135149    -0.873529     0.467633
   -0.989928    0.0989549    -0.101249
   0.0421695    -0.476607    -0.878105
   -0.160573    -0.882962    -0.441129
   -0.986016     0.123305     0.112108
   0.0445938    -0.452962     0.890414
   -0.121097    -0.929542     0.348264
   -0.992026     0.100983   -0.0754115
   0.0349293    -0.354619    -0.934358
   -0.107326     -0.90125     0.419797
   -0.993129    0.0773742   -0.0877937
   0.0466427    -0.426335    -0.903362
  -0.0776531    -0.874588     0.478608
   -0.995867    0.0453584   -0.0786911
   0.0471134     -0.48274    -0.874496
  -0.0877344    -0.861186     0.500661
    -0.99423    0.0445629   -0.0975734
    0.061718    -0.506333    -0.860127
  -0.0466565    -0.832183     0.552534
   -0.997171     0.006167   -0.0749138
   0.0589345    -0.554466    -0.830117
  -0.0535584    -0.871281     0.487853
   -0.996726    0.0170122   -0.0790416
    0.060568    -0.490489     -0.86934
   -0.015316    -0.826297     0.563026
    -0.99788    -0.022988   -0.0608825
   0.0632499    -0.562765    -0.824193
  -0.0199631    -0.802226     0.596687
   -0.997355   -0.0257422   -0.0679776
   0.0698934    -0.596465     -0.79959
  -0.0497739    -0.887229     0.458636
   -0.995426   0.00657298   -0.0953141
   0.0815508    -0.461282    -0.883498
  -0.0200876    -0.851529     0.523923
   -0.997513   -0.0183389   -0.0680515
    0.067556    -0.523987    -0.849043
  -0.0897622    -0.866806       0.4905
   -0.991478    0.0310823    -0.126514
   0.0944169    -0.497676    -0.862209
   -0.116344      -0.9314     0.344903
   -0.987928    0.0727589    -0.136767
     0.10229    -0.356651    -0.928621
   -0.105662    -0.902147      0.41829
   -0.992054    0.0667456    -0.106644
   0.0682897    -0.426235    -0.902031
   -0.125208    -0.831362     0.541443
   -0.991598     0.122737   -0.0408487
    0.032495     0.542009     0.839744
   -0.136189    -0.871106     0.471834
   -0.989969     0.137742   -0.0314418
   0.0376021     0.471383     0.881127
   0.0962531    -0.772867     0.627226
    0.995193    0.0632927   -0.0747317
   0.0180588     0.631404     0.775244
   0.0946281    -0.770527     0.630345
    0.995438    0.0654603   -0.0694183
   0.0122261     0.634038     0.773205
    0.107031     0.738822     0.665346
    0.994156   -0.0700593   -0.0821293
   0.0140653    -0.670249     0.742003
   0.0704522    -0.790654     0.608196
    0.995449    0.0165085   -0.0938499
   0.0641624      0.61204      0.78822
   0.0723103     -0.61612     0.784326
    0.995046   -0.0092316   -0.0989892
   0.0682299     0.787598       0.6124
  -0.0541694    -0.590822    -0.804981
    -0.99403   -0.0445602    0.0995964
  -0.0947139      0.80557    -0.584881
  -0.0749157    -0.752857     0.653906
    -0.99576    0.0213749   -0.0894712
  -0.0533818     0.657837     0.751266
   0.0543264     0.716151     0.695827
    0.993919    0.0280602    -0.106479
   0.0957805    -0.697381     0.710272
   0.0555835    -0.827288    -0.559022
    0.994241  -0.00551803     0.107023
   0.0916237     0.561752    -0.822217
   0.0779269     -0.47777     0.875022
    0.994316   -0.0266207    -0.103086
   0.0725452     0.878081      0.47298
  -0.0554098    -0.637524    -0.768435
    -0.99319    -0.043803     0.107957
   -0.102485     0.769184    -0.630756
  -0.0614131     -0.74368     0.665709
   -0.992162   -0.0272344    -0.121953
   -0.108825      0.66798     0.736179
  -0.0857703    -0.465422    -0.880923
   -0.993274    -0.029082     0.112074
  -0.0777808     0.884611    -0.459797
    0.111747    -0.620264     0.776392
    0.993515    0.0532156    -0.100483
   0.0210101     0.782586     0.622188
    0.119786    -0.751531     0.648731
    0.992291    0.0697193    -0.102456
   0.0317696     0.656003     0.754089
    0.148076     0.648413    -0.746749
    0.988449    -0.121686    0.0903424
  -0.0322895    -0.751501    -0.658941
   -0.143072    -0.544882    -0.826217
   -0.988999     0.110395    0.0984555
   0.0375633     0.831214    -0.554682
    0.151199     0.671562    -0.725357
    0.988306     -0.11737    0.0973447
  -0.0197621    -0.731593    -0.681455
   0.0494274    -0.778215      0.62605
    0.992104   -0.0340844    -0.120697
    0.115266     0.627073     0.770385
  -0.0488928    -0.946967     0.317588
   -0.991436     0.007463    -0.130379
   -0.121095     0.321243     0.939223
  -0.0410314     -0.87435    -0.483557
   -0.987084     0.110482    -0.116012
   -0.154859    -0.472552     0.867591
  -0.0405554    -0.901083    -0.431746
   -0.987986     0.100654    -0.117267
   -0.149124    -0.421804      0.89434
  -0.0354882    -0.339445    -0.939956
   -0.985398    -0.144839    0.0895093
   -0.166526     0.929408    -0.329348
  -0.0273179     0.609222    -0.792529
   -0.980738    -0.169728   -0.0966661
   -0.193406     0.774623     0.602125
   -0.024569     0.325476    -0.945231
   -0.979223    -0.198218   -0.0428008
   -0.201292      0.92454     0.323584
  -0.0128367    -0.683563     0.729779
   -0.973513      0.17516     0.146943
   -0.228273    -0.708563    -0.667705
  -0.0251481    -0.677614     0.734987
   -0.981638     0.155803     0.110054
   -0.189087    -0.718724     -0.66909
  -0.0131398    -0.675958     0.736823
   -0.974293     0.174396     0.142616
   -0.224902    -0.716007    -0.660873
   -0.010002    -0.364243      0.93125
   -0.974273     0.213239    0.0729409
   -0.225147    -0.906563    -0.357005
  -0.0179271     -0.38935     0.920915
   -0.978059      0.19803    0.0646851
   -0.207554     -0.89955    -0.384358
 -0.00819806    -0.427355     0.904047
   -0.972728     0.212983    0.0918589
   -0.231803    -0.878639    -0.417447
  -0.0041906    -0.767073     0.641546
   -0.972989     0.151208     0.174438
   -0.230814    -0.623486    -0.746987
  -0.0160103     -0.71523     0.698706
    -0.97865     0.154418     0.135645
    -0.20491    -0.681617    -0.702432
   0.0300535    -0.438881     0.898042
    0.984416    -0.142747    -0.102706
    0.173269     0.887134     0.427752
   0.0265017     0.169083    -0.985245
    0.984756     0.165076    0.0548181
    0.171909    -0.971679    -0.162131
    0.045893    -0.621146      0.78235
    0.990612   -0.0726569    -0.115796
    0.128769      0.78032      0.61198
  -0.0452978    -0.783018     0.620347
   -0.990924   -0.0434518    -0.127203
   -0.126558     0.620479     0.773944
   0.0433513    -0.756752     0.652263
    0.989835   -0.0559814    -0.130737
     0.13545     0.651301     0.746633
    0.012847    -0.951004    -0.308911
   -0.979664    0.0498928    -0.194341
   -0.200231    -0.305126     0.931024
 -0.00393755    -0.951988    -0.306111
   -0.984804    0.0568414    -0.164106
   -0.173627    -0.300813     0.937745
  -0.0145357    -0.782689     0.622243
   -0.981858     0.128838     0.139123
   -0.189058    -0.608932    -0.770363
  -0.0286912    -0.910518    -0.412473
   -0.986812    0.0915656    -0.133486
   -0.159309    -0.403204     0.901137
  -0.0217264    -0.983435    -0.179957
    -0.98929    0.0471341    -0.138142
   -0.144336    -0.175028     0.973926
    0.033326    -0.389372     0.920477
    0.983516    -0.150995   -0.0994807
    0.177722      0.90862     0.377922
  -0.0412471     -0.91857     0.393099
   -0.990636    0.0888459     0.103664
   -0.130148    -0.385143    -0.913634
  -0.0531635    -0.405629     -0.91249
   -0.988974     -0.10509     0.104335
   -0.138215     0.907976     -0.39557
   0.0691935     0.991286     0.112086
    0.991631   -0.0560676    -0.116297
    0.108999    -0.119195      0.98687
  -0.0278471    -0.908855     0.416181
   -0.992049    0.0762461     0.100127
   -0.122733    -0.410083    -0.903752
  -0.0564826    -0.919114     0.389921
   -0.993921    0.0887297     0.065176
  -0.0945018     -0.38387    -0.918539
  -0.0507187    -0.917399     0.394723
    -0.99609    0.0750908    0.0465336
  -0.0723299    -0.390819    -0.917621
   0.0405641    -0.512332     0.857829
     0.98723    -0.111816    -0.113464
     0.15405     0.851477     0.501254
  -0.0664413    -0.749236     0.658962
   -0.991945   -0.0217854    -0.124785
   -0.107849     0.661945     0.741753
   0.0250432    -0.313263     0.949336
    0.983838    -0.160703   -0.0789823
    0.177303      0.93597     0.304176
  -0.0116407    -0.746138      0.66569
   -0.978889     0.144362     0.144691
    -0.20406    -0.649952    -0.732067
  0.00659664    -0.688483     0.725223
    0.978264    -0.145871     -0.14738
    0.207257     0.710432     0.672556
  0.00428531    -0.459839     0.887992
   -0.974868     0.195877     0.106138
   -0.222743     -0.86613    -0.447442
  0.00198672    -0.570469     0.821316
      -0.973     0.188453     0.133249
   -0.230795    -0.799406    -0.554693
  0.00715076    -0.720207     0.693723
   -0.976294     0.145054     0.160655
   -0.216331    -0.678426    -0.702096
  -0.0685023    -0.913685     0.400607
   -0.996128    0.0848232    0.0231267
  -0.0551114    -0.397472    -0.915958
  -0.0787676    -0.917489     0.389884
   -0.995539    0.0927736    0.0171914
  -0.0519438     -0.38679    -0.920704
   -0.099844    -0.886966     0.450913
   -0.994687     0.100403   -0.0227519
   -0.025093    -0.450789    -0.892278
  -0.0915114    -0.915175      0.39253
   -0.995359    0.0958436  -0.00859292
  -0.0297574    -0.391494    -0.919699
   -0.127472    -0.921902    -0.365853
   -0.991787      0.12238    0.0371795
  -0.0104973    -0.367587      0.92993
   -0.114565    -0.887369     0.446599
   -0.993395    0.0994389   -0.0572535
  0.00639574    -0.450208    -0.892901
   -0.131397    -0.902239     0.410731
   -0.991285     0.115633    -0.063114
  0.00944958    -0.415445    -0.909569
   -0.101549     -0.87812      0.46754
   -0.994811     0.092552   -0.0422433
 -0.00617709    -0.469404    -0.882962
   -0.157222    -0.740682    -0.653201
   -0.987344     0.103965     0.119761
    0.020795    -0.663763     0.747654
   -0.130289    -0.894145     0.428403
   -0.991199     0.107251   -0.0775995
  -0.0234384     0.434743     0.900249
  -0.0978259    -0.314889    -0.944074
   -0.992476   -0.0393174     0.115955
  -0.0736316     0.948314    -0.308674
   0.0952605     0.982666    -0.159039
    0.993371    -0.104165   -0.0486083
   0.0643321     0.153355     0.986075
   -0.109066    -0.872576     0.476146
   -0.993903     0.103508   -0.0379774
  -0.0161466    -0.477385    -0.878546
  -0.0894349    -0.863024     0.497183
   -0.995054     0.099084  -0.00700068
  -0.0432211     -0.49535    -0.867618
    0.105235      0.94654    -0.304938
     0.99339    -0.114197   -0.0116507
   0.0458509     0.301696     0.952301
  -0.0754728    -0.903698     0.421467
   -0.995378     0.093451    0.0221309
  -0.0593861    -0.417849    -0.906574
   0.0897828      0.96661    -0.240007
    0.993848    -0.102644   -0.0416068
   0.0648527     0.234795     0.969879
  -0.0585979    -0.850232     0.523136
   -0.995037    0.0919645    0.0380093
  -0.0804267    -0.518312    -0.851401
  -0.0450026    -0.928648     0.368223
   -0.995467    0.0726027    0.0614403
  -0.0837904    -0.363789    -0.927705
  -0.0784869    -0.707816    -0.702023
   -0.992904      0.11861  -0.00858078
  -0.0893403    -0.696368     0.712103
  -0.0320877    -0.937354     0.346898
   -0.993898    0.0665721    0.0879503
   -0.105534    -0.341959     -0.93377
  -0.0127467    -0.933148     0.359265
   -0.990639    0.0606208     0.122308
    -0.13591    -0.354343    -0.925186
  -0.0143166    -0.914745     0.403779
   -0.992413    0.0623169     0.105989
   -0.122115    -0.399198    -0.908696
  0.00117572    -0.974495    -0.224406
   -0.987113    0.0347791    -0.156202
   -0.160022    -0.221698     0.961896
  0.00352743     -0.89785     0.440287
   -0.989267     0.061184     0.132694
   -0.146078     -0.43603    -0.887997
   0.0199749    -0.904569      0.42586
    -0.98643    0.0515974     0.155866
   -0.162965    -0.423194    -0.891263
    0.019257    -0.907401     0.419824
    -0.98219    0.0613253       0.1776
     -0.1869    -0.415767    -0.890059
 -0.00186129     -0.91229     0.409541
   -0.990525    0.0579213     0.124523
   -0.137322    -0.405429    -0.903753
   0.0224971    -0.958111     0.285512
   -0.988055      0.02224     0.152487
   -0.152449    -0.285532    -0.946166
   0.0175965    -0.967197     0.253418
   -0.990153    0.0183484     0.138782
   -0.138879    -0.253365     -0.95735
    0.017629     0.997645    0.0662887
    0.991053    -0.008663    -0.133185
    0.132297   -0.0680435     0.988872
  -0.0364856    -0.993251    -0.110099
   -0.992549    0.0488344    -0.111636
   -0.116259    -0.105206     0.987631
   0.0572995    -0.821763     0.566941
    0.990209   -0.0256262    -0.137223
    0.127293     0.569252     0.812249
   0.0654021     0.984185     -0.16463
    0.992202   -0.0816826   -0.0941422
    0.106101     0.157189     0.981852
  -0.0425017    -0.912022     0.407934
   -0.993701    0.0809623    0.0774767
   -0.103688    -0.402072    -0.909718
   0.0309754    -0.822612     0.567759
    0.990782   -0.0496782    -0.126032
    0.131881     0.566429      0.81349
  -0.0058382    -0.939905    -0.341385
    0.990388   -0.0526132     0.127918
    0.138192     0.337357    -0.931178
   -0.440746    -0.740155    -0.507852
    -0.88622     0.268877     0.377252
    0.142675    -0.616341     0.774447
    0.493576    0.0541591    -0.868014
    0.860501    -0.175213     0.478372
   -0.126179     -0.98304    -0.133085
   -0.465346    -0.340614    -0.816968
   -0.879116     0.285265     0.381811
    0.103002     0.895883    -0.432185
   -0.503142     -0.28694    -0.815177
   -0.859002     0.269391     0.435366
   0.0946771      0.91929    -0.382024
   -0.526857    -0.383052    -0.758744
   -0.841812     0.358434     0.403582
    0.117367      0.85135    -0.511301
   -0.477513    -0.309314    -0.822378
   -0.874903     0.253456     0.412681
   0.0807886     0.916562    -0.391648
    -0.52483    -0.309809    -0.792825
   -0.845505     0.297371       0.4435
   0.0983631       0.9031    -0.418014
   -0.500492    -0.297911     -0.81287
   -0.861816     0.260755     0.435063
   0.0823501      0.91829     -0.38725
    0.510202      0.18352    -0.840247
    0.854727    -0.216762     0.471651
  -0.0955763    -0.958819    -0.267452
    0.545806     0.236671    -0.803793
    0.829507    -0.288147     0.478424
   -0.118381    -0.927878    -0.353593
   -0.530981    -0.386351    -0.754183
   -0.839924     0.357799     0.408054
    0.112194     0.850125     -0.51449
     -0.5494    -0.474793    -0.687555
   -0.823539     0.446773     0.349539
    0.141222     0.758265    -0.636468
   -0.473716      -0.3056    -0.825955
   -0.877644     0.241598     0.413971
   0.0730397     0.920999    -0.382657
   -0.491041     -0.35038    -0.797567
   -0.866961     0.286088     0.408083
   0.0851901     0.891845    -0.444247
   -0.465172     -0.24581    -0.850408
   -0.881951      0.21118     0.421384
    0.076009     0.946034    -0.315027
   -0.448818    -0.290217    -0.845184
   -0.891393     0.212178     0.400499
   0.0630981     0.933142    -0.353927
   -0.443462    -0.293295    -0.846947
   -0.893811     0.214995     0.393548
   0.0666638     0.931534    -0.357492
   -0.408044    -0.334801    -0.849358
   -0.911105     0.208646     0.355464
   0.0582055     0.918899    -0.390175
    0.401887     0.112034     -0.90881
    0.913032    -0.124582     0.388396
  -0.0697078    -0.985864    -0.152359
    -0.43664    -0.261248    -0.860869
   -0.895352     0.219475     0.387526
   0.0876984     0.939989     -0.32974
   -0.400731     0.573261    -0.714693
   -0.912082    -0.175776     0.370416
   0.0867191     0.800296       0.5933
    -0.36804    -0.303353    -0.878933
   -0.927977     0.179166     0.326739
   0.0583573     0.935883    -0.347445
   -0.358526     0.498221    -0.789452
   -0.930291    -0.120413     0.346495
   0.0775707     0.858648     0.506662
   -0.320777     0.266198    -0.908978
   -0.945097   -0.0267286     0.325696
   0.0624039     0.963548     0.260157
   -0.422344     0.548524    -0.721628
   -0.899915    -0.158416     0.406274
    0.108533      0.82099     0.560531
    0.525893    0.0832357    -0.846468
    0.831424    -0.260171     0.490964
    -0.17936    -0.961968    -0.206026
    0.512758    0.0672866    -0.855893
    0.846074    -0.208832     0.490458
   -0.145736    -0.975634     -0.16401
    0.486761    -0.128239    -0.864071
    0.853036    -0.143251     0.501805
    -0.18813    -0.981343    0.0396629
     0.50178    0.0327306    -0.864376
    0.837449    -0.268556      0.47598
   -0.216554    -0.962708    -0.162166
     0.46995   -0.0836449    -0.878721
    0.867371    -0.140917     0.477294
    -0.16375    -0.986482    0.0063273
   -0.451987      0.38822    -0.803114
   -0.859786    0.0502578     0.508176
    0.237647     0.920195      0.31107
   -0.431511     0.427916    -0.794157
   -0.877905   0.00335525     0.478824
    0.207561     0.903812     0.374221
    0.403893    -0.228225     -0.88588
    0.883868     -0.15236     0.442227
     -0.2359    -0.961613     0.140184
    0.482832   -0.0589205    -0.873728
    0.837528    -0.260341     0.480384
   -0.255772    -0.963717   -0.0763536
    0.427824    -0.292069    -0.855373
    0.862224    -0.152047     0.483168
   -0.271175    -0.944234     0.186779
    0.447556   -0.0567335    -0.892454
    0.839485    -0.317242      0.44116
   -0.308152    -0.946646   -0.0943565
   -0.416565    -0.671707    -0.612603
   -0.891064     0.168096     0.421603
    0.180217    -0.721494     0.668557
    0.386375     0.297958    -0.872889
    0.899265    -0.332065     0.284701
   -0.205027     -0.89496    -0.396245
   -0.375584    -0.769544     0.516467
   -0.911076     0.408752    -0.053503
    0.169934     0.490636     0.854634
   -0.405286     0.601594    -0.688352
   -0.900946    -0.135135     0.412353
    0.155049     0.787289     0.596771
   -0.461901     0.343216    -0.817832
   -0.876389   -0.0348716     0.480339
    0.136341     0.938609     0.316898
    0.443095    -0.300096    -0.844754
    0.887673    0.0151466     0.460226
   -0.125317    -0.953789     0.273099
    0.481227    0.0924238     -0.87171
    0.869637    -0.175394     0.461486
    -0.11024     -0.98015    -0.164779
   -0.503515  -0.00154566    -0.863985
   -0.855434     0.141244     0.498279
    0.121263     0.989974    -0.072441
    0.461959     0.108475    -0.880242
    0.881438    -0.166142     0.442113
  -0.0982869    -0.980117    -0.172365
   -0.385056    -0.716992      0.58108
   -0.921248     0.336194    -0.195642
    0.055082     0.610652     0.789981
   -0.394533    -0.781144     0.483899
    -0.91602     0.375882    -0.140075
   0.0724701     0.498525     0.863841
    0.399112     0.867849     0.295886
     0.91263    -0.407114   -0.0369342
  -0.0884058    -0.284775     0.954509
    -0.42227    -0.646626     0.635266
    -0.90263      0.36439    -0.229085
   0.0833526     0.670146     0.737534
   -0.412609    -0.528998    -0.741563
   -0.907977     0.304102      0.28827
   0.0730165     0.792265    -0.605793
   -0.425095     -0.57255    -0.701057
   -0.900431     0.346467      0.26303
   0.0922959     0.743066    -0.662823
   -0.428452    -0.454539    -0.780912
   -0.900532     0.285558     0.327869
   0.0739665     0.843712    -0.531675
    0.440061     0.145587    -0.886087
    0.894386    -0.159117     0.418039
  -0.0801302    -0.976466    -0.200232
   -0.436608    -0.313449    -0.843281
   -0.896973     0.223945     0.381167
   0.0693719     0.922821    -0.378931
   -0.423951       -0.554    -0.716484
   -0.902992     0.319518     0.287251
   0.0697927      0.76876    -0.635718
   -0.424823    -0.433394    -0.794792
   -0.902216     0.274827     0.332381
   0.0743778     0.858277    -0.507768
   -0.417812    -0.448004    -0.790396
   -0.905684     0.274224     0.323321
   0.0718966     0.850937    -0.520325
    0.447102     0.178288    -0.876535
    0.890364    -0.182643     0.417006
  -0.0857457    -0.966879    -0.240401
   -0.448977    -0.327677    -0.831293
   -0.890834     0.236534     0.387899
   0.0695231     0.914702    -0.398104
   -0.430581    -0.673045     0.601341
   -0.896081     0.398428    -0.195689
    0.107883      0.62311     0.774658
   -0.398786    -0.711439     0.578639
   -0.907915     0.395109    -0.139928
    0.129075     0.581157      0.80349
    0.395974     0.892961     0.214067
    0.911678    -0.410169    0.0245946
   -0.109766    -0.185421     0.976509
   -0.371938    -0.800071     0.470689
   -0.922045     0.376999   -0.0877812
    0.107218     0.466646     0.877921
   -0.370502    -0.765712     0.525751
   -0.918986     0.384394   -0.0877823
     0.13488     0.515681     0.846097
    -0.37377    -0.659534     0.652159
   -0.924028     0.325742    -0.200159
    0.080424     0.677427     0.731181
    0.395763     0.501264    -0.769484
    0.914592    -0.290883     0.280906
  -0.0830216    -0.814937    -0.573573
    0.397414     0.439652    -0.805462
     0.91431    -0.264413     0.306793
  -0.0780923    -0.858366     -0.50706
    0.362723      0.46609    -0.806965
    0.928254    -0.257202     0.268685
   -0.082322    -0.846526    -0.525943
     0.36815     0.503157    -0.781856
     0.92506    -0.282724     0.253635
  -0.0934315     -0.81664    -0.569535
   -0.378471    -0.433224    -0.817971
   -0.922582     0.248024     0.295512
    0.074853     0.866488    -0.493555
   -0.331682    -0.351789    -0.875347
   -0.939283     0.209647     0.271654
   0.0879491     0.912301    -0.399965
   -0.343788    -0.375432    -0.860733
   -0.935734     0.213894     0.280449
   0.0788159     0.901832    -0.424838
    0.304601    -0.133279    -0.943109
    0.948673   -0.0459932     0.312897
  -0.0850792    -0.990011     0.112428
   -0.331347    -0.489959    -0.806318
   -0.938256     0.261159     0.226873
   0.0994189     0.831707    -0.546241
   -0.293552    -0.294312     -0.90951
   -0.950879     0.187705     0.246164
   0.0982707     0.937095    -0.334956
    -0.30823    -0.463289    -0.830878
    -0.94516     0.248304     0.212173
    0.108013     0.850711    -0.514417
    0.345231     0.220598    -0.912224
    0.936115    -0.150444     0.317892
  -0.0671121    -0.963693    -0.258443
   -0.306599     0.390937    -0.867851
   -0.949506    -0.061816     0.307601
   0.0666055     0.918339      0.39015
   -0.386315    -0.379896      -0.8405
    -0.92007      0.22298     0.322103
   0.0650488     0.897752    -0.435672
     -0.4256    -0.330295    -0.842479
   -0.902649     0.220755     0.369449
   0.0639539       0.9177    -0.392093
   -0.408838    -0.377852     -0.83071
   -0.909912     0.238681     0.339253
   0.0700872     0.894572    -0.441394
    0.437993     0.281321    -0.853827
    0.838763     -0.46964     0.275527
    -0.32348    -0.836837    -0.441661
    -0.41234    -0.324268    -0.851367
   -0.863811     0.436113     0.252261
    0.289492     0.839438    -0.459933
    0.414209     0.222489     -0.88257
    0.861357    -0.409141     0.301112
   -0.294101    -0.884931    -0.361112
     0.43787     0.181098     -0.88061
    0.835783     -0.44291     0.324497
   -0.331265    -0.878086    -0.345295
     0.39138      0.16922    -0.904537
    0.887407    -0.329585     0.322309
    -0.24358    -0.928837     -0.27916
   -0.432412    -0.328367    -0.839759
   -0.853366     0.449795     0.263537
    0.291182     0.830578    -0.474714
    0.411194     0.102115     -0.90581
    0.881546    -0.297392     0.366653
    -0.23194    -0.949279    -0.212305
   -0.438208    -0.331644    -0.835456
   -0.873509     0.376355     0.308769
    0.212027     0.865083    -0.454616
   -0.447711    -0.263874    -0.854357
   -0.827159      0.48515     0.283616
    0.339652     0.833667    -0.435472
    0.443543     0.374597    -0.814216
    0.853542    -0.453652     0.256254
   -0.273379    -0.808627    -0.520948
     0.45615     0.882536     0.114267
    0.824537    -0.467448     0.318797
   -0.334764    0.0512019      0.94091
    0.389531     0.165961    -0.905937
    0.905352    -0.249621     0.343551
   -0.169125    -0.954016    -0.247488
    0.410661    0.0458509    -0.910634
    0.900582      -0.1765     0.397241
   -0.142513    -0.983232    -0.113774
    0.394948    -0.178291    -0.901237
    0.915739  -0.00234782     0.401768
  -0.0737473    -0.983975      0.16234
   -0.367006    -0.365946    -0.855214
   -0.922774     0.259305     0.285042
    0.117452     0.893781    -0.432852
    -0.36877      0.35347    -0.859691
   -0.905228    0.0734972     0.418522
     0.21112     0.932554     0.292867
    0.357656    0.0560153    -0.932172
    0.920388    -0.190046     0.341714
   -0.158015    -0.980176    -0.119527
   -0.369227    -0.380687    -0.847791
   -0.904985     0.354758     0.234838
    0.211361     0.853946    -0.475502
    0.386026    -0.167571     -0.90714
    0.887449    -0.200991     0.414774
   -0.251831    -0.965154    0.0711232
    0.356902     0.281639    -0.890674
    0.918737    -0.278273     0.280154
   -0.168948    -0.918283    -0.358068
    0.446634     0.871556    -0.202258
    0.833939    -0.323622     0.447006
   -0.324136     0.368319     0.871365
   -0.440592     -0.71503     -0.54278
    -0.85891     0.159937     0.486512
     0.26106    -0.680552     0.684614
    0.434678     0.866299    -0.246132
    0.867614    -0.329546      0.37235
   -0.241455       0.3754      0.89486
    0.420289     0.894562    -0.152043
    0.848269    -0.327855     0.415874
   -0.322177      0.30376     0.896622
   -0.424263     0.594087    -0.683419
   -0.889079    -0.130041     0.438893
    0.171868      0.79382     0.583362
    0.403742     0.909043    -0.103117
    0.883939    -0.358543     0.300165
   -0.235891     0.212339     0.948297
   -0.407368     0.559294    -0.721971
   -0.899726    -0.110163     0.422324
    0.156668     0.821617     0.548088
    0.388388     0.886052    -0.253113
    0.910977    -0.327802     0.250333
   -0.138837     0.327807     0.934488
   -0.399812    -0.916596  -0.00125897
   -0.858661     0.374059     0.350402
    0.320706    -0.141176     0.936599
    0.377575     0.903018    -0.204931
    0.898204    -0.303369     0.318116
   -0.225095     0.304182     0.925638
    0.381133     0.914269    -0.137293
    0.872696    -0.306757     0.379872
   -0.305189     0.264597     0.914794
   -0.408406    -0.685728    -0.602479
   -0.909898     0.253238     0.328568
   0.0727371    -0.682383     0.727367
   -0.386083    -0.742026     -0.54803
   -0.920655     0.272768     0.279269
   0.0577399    -0.612368     0.788461
   -0.381305     0.605584     -0.69848
   -0.924386    -0.258577     0.280442
  -0.0107793     0.752599     0.658391
   -0.409592     0.627015    -0.662636
   -0.912185    -0.271625      0.30682
   0.0123923     0.730118     0.683209
   -0.423849     0.619112    -0.661099
   -0.899915     -0.20526     0.384736
    0.102498     0.758003     0.644148
   -0.415538      0.58327    -0.697943
   -0.909373    -0.250188     0.332336
   0.0192247     0.772788     0.634373
    0.427601     -0.31156     -0.84858
    0.896756    0.0278605     0.441648
   -0.113958    -0.949818     0.291306
   -0.434209    -0.683673     -0.58656
   -0.880346     0.184047     0.437169
    0.190926    -0.706199     0.681784
    -0.40164     0.385631    -0.830647
   -0.914431    -0.119336     0.386749
   0.0500166     0.914903     0.400562
   -0.429495    -0.691555    -0.580763
   -0.893338     0.419509     0.161117
   -0.132214    -0.588017      0.79797
     -0.4277     0.484378    -0.763185
   -0.894928    -0.345711     0.282115
   -0.127191     0.803655     0.581344
   -0.414129     0.531777    -0.738722
   -0.902365    -0.346242     0.256622
   -0.119311     0.772872     0.623245
   -0.416169     0.450376    -0.789914
   -0.901617     -0.31699     0.294285
   -0.117856     0.834673     0.537988
   -0.427594     0.535982    -0.727933
   -0.895089    -0.363645     0.258028
   -0.126411     0.761896     0.635244
   -0.401144     0.472178    -0.784941
   -0.912961    -0.276008     0.300537
  -0.0747431     0.837179     0.541799
   -0.410046     0.425787    -0.806578
   -0.907156    -0.282022       0.3123
  -0.0944997      0.85975     0.501897
   -0.404311     0.522168    -0.750915
   -0.912844    -0.281544     0.295718
  -0.0570004      0.80503     0.590489
    0.387615    -0.214547    -0.896507
    0.921237     0.124789     0.368444
   0.0328254    -0.968709     0.246018
   -0.421534    -0.676226    -0.604175
   -0.900312     0.391725     0.189709
   -0.108384    -0.623915      0.77394
    0.398046    0.0946634    -0.912468
    0.915194    0.0274201     0.402079
   0.0630822    -0.995132   -0.0757209
    -0.40897     0.401844    -0.819307
   -0.909388    -0.254114     0.329301
  -0.0758703     0.879743     0.469357
   -0.402154     0.484846    -0.776657
   -0.915441    -0.227285     0.332128
  -0.0154915     0.844551     0.535251
   -0.381081     -0.39815    -0.834418
   -0.924397     0.180048     0.336263
   0.0163523     0.899477    -0.436662
   -0.408587     0.598082    -0.689459
   -0.911845    -0.300542     0.279668
  -0.0399469     0.742948     0.668156
   -0.398417     0.615178    -0.680308
   -0.915934    -0.305871     0.259821
  -0.0482508     0.726635     0.685327
   -0.403661     0.348598    -0.845894
    -0.90961     -0.25227     0.330105
  -0.0983193     0.902684      0.41892
   -0.394619     0.549972    -0.736076
   -0.913775    -0.318933     0.251589
  -0.0963915     0.771889     0.628407
    -0.38342     0.518837    -0.764066
   -0.921417      -0.2714     0.278087
  -0.0630857     0.810648     0.582126
   -0.409568    -0.693541    -0.592668
   -0.904561     0.393062     0.165142
   -0.118423    -0.603742     0.788335
     0.38534    -0.301585    -0.872101
     0.92219     0.159491     0.352318
   0.0328386    -0.940005     0.339577
    0.368366    -0.278424     -0.88701
    0.929664     0.116098     0.349638
  0.00563228    -0.953416     0.301607
    0.362971    0.0219231    -0.931542
    0.931372   -0.0388332     0.361991
  -0.0282388    -0.999005   -0.0345139
   -0.379331    -0.435401    -0.816416
    -0.92526     0.179988     0.333914
  0.00155862      0.88206    -0.471134
    0.351902    -0.130753     -0.92686
     0.93385   -0.0186072     0.357181
  -0.0639487     -0.99124     0.115556
   -0.364929    -0.411906    -0.834961
   -0.929267      0.21639     0.299396
   0.0573545      0.88516    -0.461738
   -0.354406    -0.672364     0.649864
   -0.930496     0.322397    -0.173891
   0.0925964     0.666323     0.739891
   -0.378815    -0.631549    -0.676495
   -0.924873     0.284636     0.252175
   0.0332938     0.721199    -0.691927
   -0.352853    -0.701293     0.619422
   -0.926219     0.355687    -0.124919
    0.132715     0.617798     0.775056
   -0.350048    -0.492064    -0.797082
   -0.930853     0.277909     0.237233
    0.104782     0.825009    -0.555321
   -0.360165    -0.627848    -0.689992
   -0.930656     0.292952     0.219221
   0.0644972     0.721101    -0.689821
    0.368376     0.327531    -0.870071
    0.929619    -0.140251     0.340791
  -0.0104091    -0.934373    -0.356144
    0.663752    0.0427016    -0.746732
    0.578886    -0.661529     0.476728
   -0.473628    -0.748702    -0.463811
    0.673594    0.0471617    -0.737595
     0.58316    -0.647038     0.491189
   -0.454086    -0.760998    -0.463344
   -0.668586    -0.245354    -0.701993
   -0.624639     0.697525      0.35112
    0.403509     0.673246    -0.619613
   -0.673921    -0.169981    -0.718984
   -0.621194     0.657177     0.426892
    0.399936     0.734319    -0.548476
     0.67738      0.14198    -0.721802
    0.580853    -0.705318     0.406369
   -0.451404    -0.694527    -0.560238
   -0.667515    -0.258821    -0.698166
   -0.652917     0.654203     0.381729
    0.357943     0.710654    -0.605679
   -0.669706     -0.27814    -0.688573
   -0.615988     0.725948     0.305873
    0.414792     0.628998    -0.657502
   -0.662385    -0.311633    -0.681271
   -0.654962     0.682357     0.324675
