  0.00715284    -0.895133     0.445743
   -0.999159   -0.0243901   -0.0329463
    0.040363    -0.445132    -0.894555
  -0.0256006     -0.87258     0.487801
   -0.998707   0.00088246   -0.0508352
   0.0439273    -0.488471    -0.871474
  -0.0743409    -0.859809     0.505175
   -0.996672    0.0470691   -0.0665572
   0.0334484    -0.508442    -0.860447
   -0.115237    -0.835871     0.536694
   -0.992578    0.0757699   -0.0951159
   0.0388394    -0.543671    -0.838399
   -0.148736    -0.937584     0.314347
   -0.987904     0.126787   -0.0892741
   0.0438468    -0.323823    -0.945101
   -0.142009    -0.921311    -0.361967
   -0.989582     0.123395    0.0741631
   0.0236622    -0.368728     0.929236
   -0.170103    -0.822598    -0.542584
   -0.985107     0.127931     0.114884
   0.0250903    -0.554046     0.832108
    -0.16755    -0.890374     0.423274
   -0.985254     0.136136    -0.103638
   0.0346541    -0.434397    -0.900055
   -0.169603    -0.841409    -0.513094
   -0.985427     0.137932    0.0995425
    0.012984      -0.5225     0.852541
   -0.169042    -0.876514      0.45072
    -0.98496     0.133637    -0.109525
   0.0357673    -0.462455    -0.885921
   -0.165309    -0.812424     0.559142
   -0.986213     0.140484   -0.0874506
 -0.00750344     -0.56589    -0.824447
   -0.162501    -0.816161     0.554504
    -0.98658     0.125325     -0.10466
   0.0159267     -0.56407    -0.825574
    0.151914     0.985184   -0.0795902
    0.976759     -0.13732     0.164576
   -0.151209     0.102742     0.983148
    0.202827     0.977836    0.0519334
    0.960573    -0.208985     0.183368
   -0.190157   -0.0126938     0.981672
   -0.158299    -0.927341    -0.339088
   -0.973531    0.0892462     0.210411
     0.16486     -0.36342     0.916923
   -0.208233    -0.888874    -0.408096
   -0.959243     0.104107     0.262705
    0.191026    -0.446167     0.874325
    0.239383     0.943492     0.229169
    0.947255    -0.278748     0.158135
    -0.21308    -0.179227     0.960455
   -0.175877    -0.885266    -0.430548
   -0.969429    0.0797393     0.232053
    0.171097    -0.458198     0.872227
     0.23829     0.946893    -0.215895
    0.947618    -0.178005     0.265205
   -0.212691     0.267782      0.93971
   -0.212838     -0.88716    -0.409447
   -0.957845     0.106689      0.26674
    0.192958    -0.448959     0.872469
   -0.233251      0.51596    -0.824244
   -0.951147    0.0552576     0.303753
     0.20227     0.854828     0.477865
   -0.257477    -0.857317    -0.445772
   -0.940151     0.115699     0.320516
    0.223208    -0.501619     0.835797
    0.255175     0.600869    -0.757524
    0.942358    -0.329933    0.0557344
   -0.216443     -0.72808    -0.650424
    0.264388     0.642221     -0.71948
    0.938788    -0.342223    0.0395027
   -0.220853    -0.685884    -0.693389
   -0.181763    -0.889103    -0.420068
   -0.968319    0.0874443     0.233908
    0.171235    -0.449276     0.876829
    0.210406    -0.268795    -0.939935
     0.96009    -0.124411     0.250496
    -0.18427    -0.955129     0.231891
   -0.177261    -0.809616    -0.559554
   -0.971051     0.051378     0.233281
    0.160119    -0.584707     0.795286
   -0.146026    -0.896155    -0.419027
   -0.978392    0.0681527     0.195203
    0.146374    -0.438477     0.886743
   -0.131255     -0.94438    -0.301528
   -0.980598    0.0790071     0.179404
    0.145603    -0.319226     0.936427
   0.0910306     0.964601    -0.247504
    0.988503   -0.0573942     0.139883
   -0.120726     0.257392     0.958736
   0.0862272     0.994528   -0.0589854
    0.989347   -0.0785073      0.12259
   -0.117289    0.0689277     0.990703
   -0.120428    -0.940692    -0.317169
   -0.982267     0.066668     0.175232
    0.143694    -0.332648     0.932039
   0.0747024     0.992701    0.0946766
    0.991228   -0.0842993     0.101788
   -0.109027   -0.0862423     0.990291
   0.0449056     0.998483    0.0318714
    0.994461    -0.047714    0.0936503
  -0.0950289   -0.0274894     0.995095
   0.0298633     0.995773   -0.0868612
    0.995945    -0.022265    0.0871653
  -0.0848629     0.089112       0.9924
 -0.00562492     0.999933   -0.0100693
    0.997834   0.00495252   -0.0655996
  -0.0655454   -0.0104165    -0.997795
   -0.115788    -0.993054    -0.020885
   -0.984711      0.11201      0.13341
    0.130144   -0.0360131     0.990841
   -0.253189    -0.561574    -0.787737
   -0.946462      0.31235    0.0815333
    0.200263     0.766207    -0.610592
   -0.251461    -0.496407    -0.830871
   -0.946861     0.304053     0.104907
    0.200552       0.8131    -0.546486
   -0.234621    -0.322164     -0.91715
   -0.956726     0.243594     0.159179
     0.17213     0.914807    -0.365374
   -0.230001    -0.401472    -0.886521
   -0.958467     0.251304     0.134861
    0.168643     0.880719    -0.442598
    -0.23604    -0.405492    -0.883098
   -0.956498     0.257295     0.137517
    0.171455      0.87714    -0.448584
    -0.20864    -0.355507     -0.91109
   -0.968684     0.203344     0.142484
     0.13461     0.912286      -0.3868
   -0.216075    -0.564761    -0.796465
   -0.967001     0.236559    0.0945997
    0.134985     0.790623    -0.597238
   -0.191862    -0.500354    -0.844295
    -0.97683     0.180477     0.115024
   0.0948233     0.846802    -0.523388
   -0.200244    -0.490072     -0.84837
   -0.971183      0.21352      0.10589
     0.12925     0.845126    -0.518706
   -0.181373    -0.583144    -0.791863
   -0.979165      0.18186    0.0903475
   0.0913229     0.791751    -0.603979
    0.171788     0.682726     0.710193
     0.98135    -0.181724   -0.0626816
  -0.0862651    -0.707716     0.701211
   -0.219167    -0.549705    -0.806096
   -0.966799     0.233619     0.103547
    0.131399     0.802027    -0.582655
   -0.205463    -0.764417     0.611107
    -0.97479     0.215357   -0.0583542
   0.0869994     0.607691     0.789394
    0.211993     0.645182    -0.734029
    0.973906    -0.201751      0.10394
  -0.0810311     -0.73691    -0.671116
   -0.220018    -0.818625     0.530513
   -0.968359     0.248951    -0.017453
    0.117784     0.517567     0.847497
   -0.232606    -0.330964    -0.914526
   -0.958503     0.237365      0.15789
    0.164821     0.913302    -0.372442
    -0.22278    -0.559823    -0.798102
   -0.963601     0.250566    0.0932188
    0.147791      0.78982    -0.595267
   -0.232778    -0.502661    -0.832554
   -0.955098     0.279513    0.0982832
    0.183306     0.818049    -0.545155
    -0.24512    -0.565607    -0.787404
   -0.949707     0.303331    0.0777576
    0.194863     0.766863    -0.611514
    0.211244     0.195032    -0.957778
    0.963634    -0.205632     0.170663
   -0.163665    -0.958999    -0.231378
   -0.182946    -0.913734     0.362796
   -0.981901     0.151429    -0.113752
   0.0490014     -0.37704      -0.9249
   -0.183275     -0.90402     0.386209
   -0.980867     0.141927    -0.133253
   0.0656499    -0.403242    -0.912735
    -0.19445    -0.922719    -0.332834
   -0.976586     0.150274     0.153941
   0.0920282    -0.354975     0.930335
   -0.172091    -0.868004     0.465782
   -0.982745     0.118736    -0.141822
   0.0677974    -0.482152     -0.87346
    0.171958     0.947629    -0.269129
    0.980319    -0.137717     0.141454
  -0.0969818     0.288156      0.95266
   -0.134544      -0.9588     0.250199
   -0.986854     0.106836    -0.121267
   0.0895401    -0.263226     -0.96057
   -0.139017    -0.900462      0.41212
   -0.988551     0.101531    -0.111619
   0.0586656    -0.422918    -0.904267
    0.187443     0.690833     0.698295
    0.972559    -0.230266   -0.0332581
   -0.137818    -0.685367     0.715037
   -0.146467    -0.412476    -0.899117
   -0.980465     0.181158    0.0766116
    0.131282     0.892774    -0.430953
   -0.208225    -0.562407    -0.800213
   -0.969807     0.224909    0.0942853
    0.126948     0.795685    -0.592258
   -0.217525    -0.673225     0.706718
   -0.970584     0.225746    -0.083694
    0.103194     0.704135     0.702527
    -0.20876    -0.452193    -0.867145
   -0.974782     0.167718     0.147212
   0.0788673     0.876009    -0.475802
     0.20851     0.265777    -0.941215
    0.976758    -0.105474       0.1866
  -0.0496799    -0.958247    -0.281592
   -0.209904    -0.292257     -0.93302
    -0.97518     0.131351     0.178244
   0.0704603     0.947277    -0.312574
   -0.190544    -0.914535     0.356817
   -0.981027     0.164149    -0.103161
   0.0357733    -0.369703    -0.928461
  -0.0938989     -0.88516     0.455714
   -0.994649    0.0636009   -0.0814097
   0.0430767     -0.46092    -0.886395
   -0.045436      -0.9037      0.42575
   -0.998304    0.0255524   -0.0523013
   0.0363857    -0.427404    -0.903328
  -0.0539816    -0.928512     0.367357
   -0.996231    0.0250626   -0.0830451
   0.0679014    -0.370455    -0.926365
   0.0033984    -0.877125     0.480251
    -0.99947   -0.0185245   -0.0267603
   0.0323685    -0.479906    -0.876723
  -0.0112347    -0.811273      0.58456
    -0.99835   -0.0238235   -0.0522504
   0.0563155    -0.584182    -0.809667
   0.0339793    -0.678562     0.733757
   -0.998387   -0.0564661  -0.00598457
   0.0454933     -0.73237    -0.679386
   0.0395016    -0.898895      0.43638
   -0.998725   -0.0492606   -0.0110658
   0.0314434    -0.435387    -0.899694
 -0.00717947      0.99997  -0.00295271
   -0.997636  -0.00696084    0.0683679
   0.0683453   0.00343657     0.997656
   0.0358365    -0.987162    -0.155649
   -0.998423   -0.0421004    0.0371348
    0.043211    -0.154073     0.987114
  -0.0511077    -0.950175      -0.3075
   -0.994568    0.0204677     0.102056
   0.0906773    -0.311045     0.946059
   -0.112105    -0.932971     -0.34205
   -0.987639    0.0666626     0.141865
    0.109554    -0.353725     0.928911
   -0.101448    -0.964453     0.244006
   -0.991291    0.0772964    -0.106619
   0.0839683    -0.252697    -0.963895
   -0.137086    -0.493845    -0.858676
    -0.98986     0.100863     0.100021
   0.0372133      0.86368    -0.502664
   -0.140891    -0.518062     -0.84366
   -0.989213     0.108174    0.0987718
   0.0400925     0.848475    -0.527714
    0.104993     0.219478    -0.969951
    0.994404   -0.0116897     0.104995
   0.0117056    -0.975547    -0.219477
    0.100088     0.275028    -0.956212
    0.994908   -0.0161926    0.0994805
   0.0118764      -0.9613    -0.275248
    0.113256     0.173388     -0.97832
      0.9935  -0.00845851     0.113514
   0.0114069    -0.984817    -0.173219
  -0.0764488    -0.583736    -0.808337
   -0.995229  -0.00461075    0.0974539
  -0.0606144      0.81193    -0.580599
  -0.0841539    -0.876094      0.47474
   -0.994251    0.0421689   -0.0984248
  -0.0662101     0.480293     0.874606
  -0.0595613    -0.578793    -0.813296
   -0.991668   -0.0589194     0.114555
   -0.114223     0.813343    -0.570462
  -0.0770744     0.332892     -0.93981
   -0.995281   -0.0814247     0.052782
   -0.058953     0.939443     0.337597
   0.0595263    -0.790553     0.609494
    0.992057   -0.0209317    -0.124039
    0.110817     0.612036     0.783027
  -0.0626836     0.351547    -0.934069
   -0.993259    -0.113408    0.0239734
  -0.0975031     0.929276     0.356286
  -0.0942308    -0.790011     0.605808
   -0.993309    0.0337977    -0.110431
  -0.0667666      0.61216      0.78791
   0.0606012    -0.555075      0.82959
    0.991361   -0.0633817    -0.114827
    0.116318     0.829382     0.546439
  -0.0664189    -0.872666     0.483779
   -0.990114  -0.00238879    -0.140244
   -0.123542     0.488311     0.863881
    0.108653     0.980156     0.165796
    0.991351   -0.0944877   -0.0910811
    0.073608    -0.174258     0.981945
    0.130953     0.977344      0.16628
    0.991123    -0.125178   -0.0447944
   0.0229649     -0.17067     0.985061
    0.145899      0.93501     0.323218
    0.989012    -0.129975   -0.0704427
   0.0238544    -0.329943     0.943699
   -0.164962    -0.639023     -0.75129
   -0.985641     0.134642     0.101897
   0.0360407     0.757311    -0.652059
    0.157159     0.268175    -0.950465
    0.986638   -0.0845055     0.139297
  -0.0429635    -0.959657    -0.277872
   -0.177632    -0.402885    -0.897848
   -0.983547     0.103172     0.148291
   0.0328889     0.909417    -0.414583
   0.0597378     0.222953    -0.972997
    0.989052     0.118543    0.0878866
    0.134937    -0.967595    -0.213431
  -0.0494623    -0.746992      0.66299
   -0.986535     0.140147    0.0843035
    -0.15589    -0.649893    -0.743866
  -0.0467137     0.414826    -0.908701
   -0.982398    -0.183787   -0.0333976
   -0.180862     0.891146      0.41611
   0.0565954    -0.214541    -0.975074
    0.983755     0.178631     0.017796
    0.170361    -0.960241     0.221165
   0.0288936     -0.73918     0.672888
    0.981392    -0.106862    -0.159531
    0.189828     0.664976     0.722338
   0.0494192     0.995605   -0.0795501
    0.975891   -0.0650864    -0.208329
    0.212591    0.0673367     0.974818
   0.0294593     0.998768    0.0399232
    0.974672   -0.0198445    -0.222756
     0.22169   -0.0454743     0.974056
   0.0394892     0.985704    -0.163794
    0.969219   -0.0776517    -0.233633
    0.243012     0.149527     0.958429
   0.0621472    -0.259154    -0.963834
    0.977581     0.210463    0.0064446
    0.201181    -0.942626     0.266424
   0.0563272     0.981248    -0.184336
    0.970733   -0.0969964    -0.219701
    0.233461     0.166566     0.957994
  -0.0587433    -0.363928     0.929573
   -0.972772     0.229998     0.028571
   -0.224198    -0.902584     -0.36753
   -0.010644    -0.999711    0.0215702
   -0.973208   0.00540224    -0.229862
   -0.229679    0.0234389     0.972984
  -0.0220744    -0.991641    -0.127125
   -0.968533    0.0527416    -0.243233
   -0.247904    -0.117756     0.961601
 -0.00214683    -0.995457   -0.0951831
    0.967207   -0.0262416     0.252629
    0.253979    0.0915195     -0.96287
 -0.00586747    -0.971862    -0.235477
    0.971939   -0.0609192     0.227208
     0.23516     0.227536    -0.944948
   0.0155096     -0.50572     0.862558
    0.980439    -0.161593    -0.112371
    0.196211     0.847429     0.493321
  0.00830427     -0.72682     0.686778
    0.979109    -0.133631    -0.153261
    0.203168     0.673703     0.710526
   0.0281473     0.985898     0.164964
    0.985869 -0.000116401     -0.16752
    0.165139    -0.167348     0.971969
  -0.0333956    -0.999208   -0.0216141
   -0.986351    0.0364393    -0.160574
   -0.161234   -0.0159566     0.986787
   0.0260445    -0.919911     -0.39126
    0.985641   -0.0416892     0.163627
    0.166834     0.389904    -0.905617
   0.0194064    -0.801988     0.597025
   -0.972454     0.123592     0.197632
   -0.232287    -0.584415    -0.777497
   0.0190817     0.997771   -0.0639378
    0.976557   -0.0323136    -0.212819
     0.21441     0.058378     0.974998
  0.00189076     -0.96101    -0.276508
    0.974338   -0.0604668     0.216816
    0.225082     0.269822    -0.936234
    0.039192    -0.797368     0.602219
    0.980416   -0.0857193    -0.177301
    0.192996     0.597375     0.778393
   0.0574003    -0.856785     -0.51247
    0.981038    -0.046776     0.188087
    0.185121     0.513549    -0.837853
   0.0213874    -0.836034     0.548261
    0.979912   -0.0912305    -0.177342
    0.198282      0.54104     0.817288
   0.0794211    -0.888062     0.452811
    0.984531  -0.00128715    -0.175207
    0.156178     0.459721     0.874222
   0.0521384    -0.927182    -0.370966
    0.984138   -0.0153705     0.176735
    0.169567     0.374297    -0.911674
   0.0992835     0.988551     0.113617
     0.98816    -0.084528    -0.128042
    0.116973    -0.124984     0.985239
   0.0835775     0.972764    -0.216208
    0.983282    -0.115727    -0.140583
    0.161775     0.200844     0.966173
   -0.114351    -0.931257     0.345954
   -0.985437    0.0622139    -0.158253
   -0.125851     0.359012     0.924809
   -0.119214    -0.939161     0.322125
   -0.986279     0.149334    0.0703774
     -0.1142    -0.309315    -0.944078
   0.0297096    -0.804646      0.59301
    0.985101   -0.0769695    -0.153792
    0.169392     0.588744     0.790371
   0.0888605      0.98834    -0.123643
    0.989344    -0.101954    -0.103945
    0.115339     0.113089     0.986868
  0.00696917    -0.854589     0.519258
    0.979542   -0.0986031    -0.175427
    0.201118     0.509858     0.836419
  -0.0147498    -0.991649    -0.128123
    0.971708    -0.044424     0.231969
    0.235723     0.121076    -0.964248
  -0.0115422    -0.936468    -0.350564
    0.972682   -0.0918056     0.213216
    0.231854     0.338527    -0.911945
   0.0283849    -0.968139    -0.248798
   -0.967494    0.0359635    -0.250323
   -0.251295    -0.247816     0.935648
   0.0193923     0.998925    0.0421137
   -0.966862    0.0080119     0.255176
   -0.254564    0.0456665    -0.965977
   0.0284547     -0.89571     0.443727
   -0.969371    0.0836075     0.230933
   -0.243948    -0.436708    -0.865896
   -0.147683    -0.917603     0.369044
   -0.986652     0.162574   0.00939266
  -0.0686158    -0.362731    -0.929364
   -0.157245    -0.868449    -0.470181
   -0.984582     0.174809   0.00639704
  -0.0766365    -0.463937     0.882547
     -0.1744    -0.693714    -0.698817
     -0.9841      0.14704    0.0996299
  -0.0336397    -0.705081     0.708328
   -0.161749    -0.855089     0.492605
   -0.986074     0.159609   -0.0467247
  -0.0386703    -0.493303    -0.868998
    0.171914      0.71722     0.675308
    0.984396   -0.0989383    -0.145521
   0.0375566    -0.689787     0.723037
   -0.194633     -0.93185    -0.306226
   -0.980857     0.182953    0.0666889
  0.00611885    -0.313344      0.94962
    0.198027     0.155894     -0.96772
     0.98016   -0.0400708     0.194117
  -0.0085155    -0.986961    -0.160736
   -0.164819    -0.861177     0.480842
   -0.986203     0.151529   -0.0666561
  -0.0154588    -0.485193     -0.87427
    0.191121     0.251585    -0.948777
    0.981269   -0.0727543     0.178374
  -0.0241515    -0.965097    -0.260777
   -0.168826    -0.882365     0.439237
   -0.985366     0.140482   -0.0965297
  -0.0234697     0.449106      0.89317
    0.128656     0.979226     0.156728
    0.988796    -0.114606   -0.0956416
   0.0756928    -0.167277        0.983
   -0.140138    -0.751777     0.644354
   -0.986785    0.0525753    -0.153271
  -0.0813484     0.657318      0.74921
   -0.164023    -0.814923     0.555876
   -0.986314     0.145068   -0.0783617
  -0.0167808    -0.561121    -0.827564
   -0.158474    -0.920616     0.356863
   -0.986235     0.164862   -0.0126582
  -0.0471801    -0.353957    -0.934071
    -0.15754    -0.840103    -0.519045
   -0.986161     0.161334    0.0381916
  -0.0516546    -0.517879     0.853893
   -0.142168    -0.922165     0.359722
   -0.987326     0.158007    0.0148523
  -0.0705349    -0.353052    -0.932941
   -0.142252    -0.792253      0.59338
   -0.987035     0.158561   -0.0249217
  -0.0743425    -0.589232    -0.804536
   -0.117416    -0.894649     0.431064
   -0.988333     0.147673     0.037279
  -0.0970082    -0.421658    -0.901551
    -0.11511    -0.905062     0.409404
   -0.989108     0.142493    0.0369051
  -0.0917387    -0.400697    -0.911606
   -0.120237    -0.885599     0.448617
   -0.987688     0.152267    0.0358681
   -0.100074    -0.438781    -0.893004
  -0.0863381    -0.924859     0.370379
   -0.986705     0.130761    0.0965091
   -0.137688    -0.357123    -0.923853
  -0.0543126    -0.933873    -0.353457
   -0.982759     0.112647    -0.146615
   -0.176735      -0.3394      0.92389
  -0.0618261    -0.926402     0.371426
   -0.986063     0.114283     0.120906
   -0.154456    -0.358775    -0.920556
  -0.0293771    -0.871014     0.490379
   -0.979136     0.123762     0.161169
   -0.201071    -0.475413    -0.856477
  -0.0256986     -0.96511    -0.260581
   -0.983063    0.0717133    -0.168653
   -0.181456    -0.251833     0.950607
 -0.00661091    -0.907893     -0.41915
   -0.980618    0.0879663    -0.175072
   -0.195817    -0.409868     0.890878
  0.00667715    -0.835964     0.548743
   -0.975515     0.115191     0.187354
   -0.219831    -0.536558    -0.814727
  -0.0264255     -0.90893     0.416111
   -0.987103    0.0894721     0.132751
   -0.157892    -0.407237    -0.899571
  0.00426852    -0.905719     0.423857
    -0.98546    0.0681846     0.155625
   -0.169853    -0.418358    -0.892259
  -0.0048736    -0.989468    -0.144673
   -0.987869    0.0272194    -0.152884
   -0.155212    -0.142173     0.977597
  -0.0474316    -0.949236     0.310968
   -0.986658    0.0930637     0.133585
   -0.155743    -0.300483    -0.940986
  -0.0761298    -0.945946     0.315263
   -0.986124      0.11821      0.11656
   -0.147527    -0.302015    -0.941819
   0.0907851       0.9761     0.197452
    0.984987   -0.0587784    -0.162311
    0.146826    -0.209223     0.966782
   -0.109697    -0.891005      0.44054
   -0.985102     0.156512     0.071255
   -0.132439    -0.426161      -0.8949
  -0.0946271    -0.963965     0.248632
   -0.986926      0.12357     0.103473
   -0.130468    -0.235591    -0.963055
    0.060011    -0.783112     0.618978
    0.986821   -0.0468092    -0.154896
    0.150274     0.620116     0.769983
 -0.00972838    -0.838653     0.544579
   -0.988884     0.088875     0.119202
   -0.148369    -0.537366    -0.830196
   -0.441719    -0.726198     0.526803
   -0.887235      0.44067    -0.136474
    0.133039     0.527681      0.83896
   -0.519689    -0.444863    -0.729397
   -0.848494     0.368581     0.379744
   0.0999077     0.816238    -0.569011
    0.481629     0.245093    -0.841406
    0.872861    -0.220053     0.435535
  -0.0784072    -0.944196    -0.319916
     -0.5321     0.592617     -0.60471
   -0.843809    -0.312392     0.436345
   0.0696792     0.742439      0.66628
   -0.552087    -0.655836     0.514858
   -0.828386     0.501609    -0.249329
   0.0947384     0.564152     0.820217
    0.504231     0.319339    -0.802355
    0.861941    -0.243133      0.44491
  -0.0530016     -0.91592    -0.397847
    0.541401    -0.107405    -0.833876
    0.836791   -0.0274742     0.546833
  -0.0816428    -0.993836    0.0750012
   -0.517778    -0.303171    -0.799996
   -0.853184     0.251974     0.456713
   0.0631157     0.919019    -0.389127
    -0.51179    -0.745511     0.426948
   -0.853906     0.496046    -0.157425
   0.0944238     0.445142     0.890468
    0.562285     0.808427    -0.174015
    0.820486    -0.519158     0.239326
   -0.103137     0.277346     0.955218
   -0.527745    -0.535432    -0.659392
   -0.841765     0.433551      0.32166
    0.113653     0.724807    -0.679512
   -0.543351     0.331257    -0.771388
   -0.828962   -0.0665345     0.555333
    0.132634     0.941192     0.310751
    0.503052     0.857234     0.109949
    0.862897    -0.505313  -0.00828393
  -0.0484575   -0.0990421     0.993903
    0.492201   -0.0485184    -0.869128
    0.867324   -0.0576256     0.494396
  -0.0740714    -0.997159    0.0137178
   -0.472982    -0.295932    -0.829887
   -0.879155     0.220621     0.422389
   0.0580927     0.929382     -0.36452
   -0.475745    -0.412954    -0.776618
   -0.878781     0.260847     0.399627
   0.0375505     0.872598    -0.486993
    0.473544      0.18056    -0.862064
    0.879996    -0.138026     0.454485
  -0.0369254    -0.973831    -0.224253
    0.441979     -0.12564    -0.888183
    0.896314    0.0224351     0.442851
  -0.0357133    -0.991822     0.122529
    0.400529     0.107542    -0.909951
    0.914995   -0.0996056     0.390977
  -0.0485896    -0.989198    -0.138296
    0.452986     0.306141    -0.837306
    0.889699    -0.215187     0.402653
  -0.0569088    -0.927347    -0.369851
   -0.375511  -0.00046554    -0.926818
   -0.924275    0.0742081     0.374444
    0.068603     0.997243   -0.0282962
   -0.366599     -0.38864    -0.845319
   -0.929556     0.191202     0.315225
    0.039118     0.901333    -0.431357
   -0.341729     0.423173    -0.839134
   -0.937896   -0.0967708     0.333147
   0.0597752     0.900866     0.429961
    -0.30473      0.51491    -0.801254
   -0.951206    -0.121748      0.28352
   0.0484362     0.848555     0.526886
   -0.420983    -0.329403    -0.845143
   -0.902563      0.24487     0.354144
   0.0902939     0.911884    -0.400393
    0.519345     0.478529    -0.708019
    0.837563    -0.449477      0.31058
   -0.169616    -0.754308    -0.634232
    0.498587     0.417476    -0.759687
    0.853168    -0.391371     0.344866
   -0.153347    -0.820087     -0.55131
    0.462424     0.784511    -0.413167
    0.864004    -0.294031     0.408709
   -0.199153     0.545975     0.813787
    0.487264     0.859201    -0.156036
    0.845851    -0.419966     0.328885
   -0.217048     0.292238      0.93139
   -0.443485    -0.691867     0.569773
   -0.880422     0.455343    -0.132364
    0.167864     0.560342     0.811073
    0.434638    -0.270704    -0.858958
    0.870734    -0.117292     0.477561
   -0.230026     -0.95549     0.184732
    0.413824     0.110733    -0.903597
    0.887197    -0.271518      0.37304
   -0.204035    -0.956042    -0.210603
    -0.38481      0.34135    -0.857555
   -0.891809     0.101972      0.44077
    0.237904     0.934388     0.265179
    0.458494     0.851742    -0.253611
    0.849359    -0.336011     0.407046
   -0.261482     0.402034     0.877494
    0.408134    0.0485682    -0.911629
    0.869997    -0.323294     0.372272
   -0.276644    -0.945051    -0.174201
   -0.435287      0.38648    -0.813117
   -0.847965     0.127426     0.514508
    0.302459     0.913453     0.272254
    0.389937    -0.299086    -0.870917
    0.903548   -0.0581656     0.424522
   -0.177626    -0.952452     0.247558
   -0.362866     0.467938    -0.805831
   -0.908724    0.0137319     0.417172
    0.206276     0.883655     0.420243
     0.35021    -0.442513    -0.825551
     0.92069  0.000514842     0.390293
   -0.172285    -0.896762     0.407598
    0.381261    0.0461515    -0.923315
    0.912767     -0.17719     0.368048
   -0.146616    -0.983094    -0.109681
    0.427422    -0.150056    -0.891512
     0.89331   -0.0814676     0.441996
   -0.138953    -0.985315    0.0992254
    0.421675     0.218675    -0.879984
    0.899836    -0.220508     0.376392
   -0.111736    -0.950556    -0.289754
   -0.467412    -0.655167     0.593534
   -0.877764     0.423801    -0.223436
    0.105153     0.625419     0.773171
   -0.483095    -0.573871     -0.66128
    -0.86666     0.420873     0.267893
    0.124579     0.702523    -0.700672
     0.46042     0.298831    -0.835891
    0.884416    -0.235357     0.403008
  -0.0763018    -0.924828    -0.372654
   -0.351793    -0.586428    -0.729619
   -0.931708     0.294584     0.212462
   0.0903401     0.754535    -0.650012
   -0.375182    -0.506022    -0.776647
   -0.922512     0.285727     0.259482
   0.0906054     0.813819    -0.574011
   -0.370512    -0.772727    -0.515377
   -0.923155     0.245134     0.296131
    0.102492    -0.585493     0.804172
   -0.401543    -0.666345     0.628289
   -0.911703      0.35597    -0.205143
   0.0869566     0.655186     0.750446
     0.40491     0.262512    -0.875863
    0.910183    -0.207138     0.358693
  -0.0872634    -0.942434    -0.322806
   -0.411333    -0.812754    -0.412597
   -0.907019     0.320225     0.273446
   0.0901201    -0.486711     0.868902
   -0.431911    -0.536474    -0.725016
    -0.89947     0.315379     0.302473
   0.0663862     0.782771    -0.618758
    -0.43677    -0.670142     0.600118
    -0.89712     0.373718    -0.235605
   0.0663866     0.641283     0.764427
   -0.448296    -0.522607    -0.725198
   -0.892133     0.312352     0.326397
   0.0559397     0.793295    -0.606262
   -0.424454    -0.429835    -0.796919
   -0.902533     0.271432     0.334303
   0.0726146     0.861142    -0.503151
   -0.434988    -0.461802    -0.772997
   -0.898285     0.281861     0.337102
   0.0622038     0.841007    -0.537436
   -0.435692    -0.380299     -0.81581
   -0.897964     0.245986     0.364899
   0.0619071     0.891551    -0.448669
     0.44465      0.20822    -0.871167
    0.892763    -0.181786     0.412223
  -0.0725331     -0.96104    -0.266722
    0.461555     0.265045    -0.846592
    0.885784    -0.189882     0.423476
  -0.0485118    -0.945355    -0.322414
    0.410001    0.0567609    -0.910317
    0.906143    -0.139091     0.399448
   -0.103943    -0.988652    -0.108461
    0.371573    -0.237905    -0.897404
    0.918734   -0.0449186     0.392313
   -0.133643    -0.970249     0.201881
   -0.372153    -0.853953    -0.363685
    -0.92084     0.290539     0.260079
     0.11643    -0.431685     0.894479
    0.339426     0.885982     0.315952
     0.93168    -0.362896    0.0167225
   -0.129473     -0.28869     0.948628
   -0.340835     0.566571    -0.750219
   -0.927845   -0.0741757     0.365515
    0.151442     0.820668     0.550971
   -0.345239    -0.767312     0.540409
   -0.932235     0.346872    -0.103041
    0.108388     0.539362     0.835069
   -0.426236    -0.558743    -0.711428
   -0.902531     0.315979     0.292566
   0.0613272     0.766788    -0.638965
   -0.430951    -0.407356    -0.805197
   -0.900772     0.247365      0.35696
   0.0537683     0.879131    -0.473537
   -0.385823    -0.530148    -0.755039
   -0.920495     0.276112     0.276499
   0.0618894     0.801689    -0.594529
   -0.393359    -0.721006     0.570455
   -0.916213     0.358918    -0.178136
   0.0763096      0.59273     0.801778
   -0.401056    -0.508646    -0.761862
   -0.914502     0.270692     0.300685
   0.0532878     0.817316    -0.573721
   -0.336412    -0.468372    -0.816979
   -0.938394     0.239526     0.249087
   0.0790222     0.850444    -0.520097
   -0.328454    -0.711033     0.621732
   -0.942576     0.288963    -0.167484
   0.0605712      0.64104     0.765113
   -0.260843     0.529089    -0.807481
   -0.962148   -0.0740767     0.262268
   0.0789475     0.845327     0.528384
   -0.338892    -0.699657     0.628993
   -0.935873     0.319203     -0.14917
   0.0964085      0.63921     0.762965
     0.27045    0.0467212      -0.9616
    0.957356    -0.118478       0.2635
   -0.101617    -0.991857   -0.0767712
    0.273703     0.207842    -0.939089
    0.953386    -0.187599      0.23635
   -0.127049    -0.960004    -0.249501
   -0.336814    -0.548266    -0.765481
   -0.940415     0.236167     0.244633
   0.0466572     0.802265    -0.595142
   -0.276228    -0.466531    -0.840266
    -0.95953     0.183688     0.213448
   0.0547671     0.865221    -0.498391
     0.41727    0.0492197    -0.907449
    0.907828   -0.0683188     0.413739
  -0.0416317    -0.996449   -0.0731904
   -0.451867    -0.327132     -0.82994
   -0.891096     0.209313     0.402661
    0.041994     0.921506    -0.386087
   -0.438336    -0.605174    -0.664549
   -0.897833     0.329292     0.292339
    0.041915     0.724797    -0.687686
   -0.434068     0.472094    -0.767276
   -0.838216     0.100452     0.536007
     0.33012     0.875806     0.352114
    0.397829   -0.0512465    -0.916027
    0.867343    -0.304469     0.393719
   -0.299079    -0.951143   -0.0766783
   -0.403722     0.577491    -0.709586
   -0.859618    0.0260361     0.510273
    0.313153     0.815982     0.485911
    0.435049     0.868804    -0.236458
    0.830259    -0.285453     0.478735
    -0.34843     0.404594     0.845518
   -0.375585    -0.706064    -0.600341
   -0.887233    0.0867022       0.4531
    0.267867     -0.70282     0.659008
   -0.420415    -0.687029    -0.592657
   -0.851364    0.0728412     0.519494
    0.313738     -0.72297     0.615535
    0.390082     0.881521    -0.266001
    0.883089    -0.276356     0.379186
   -0.260749     0.382816     0.886263
   -0.422033     0.620022    -0.661409
   -0.875332   -0.0887871     0.475301
    0.235973     0.779545     0.580196
   -0.449661     -0.73184     -0.51207
   -0.817864     0.106911     0.565392
    0.359031    -0.673038     0.646619
    0.452332    -0.100657    -0.886151
    0.838526    -0.290419      0.46101
   -0.303759    -0.951591   -0.0469619
   -0.482548    -0.269435    -0.833398
   -0.803139     0.515744      0.29829
     0.34945     0.813273    -0.465265
    0.363092     0.915916     -0.17106
    0.911081    -0.310545     0.271097
    -0.19518     0.254282      0.94723
    0.406268     0.911974    -0.057004
    0.900155    -0.388719     0.196515
   -0.157058      0.13115     0.978842
    0.388025     0.920867     0.037947
    0.916914    -0.389872    0.0852506
  -0.0932989  -0.00171482     0.995637
   -0.350175    -0.677726      0.64658
   -0.926363     0.352762    -0.131945
    0.138666     0.645172     0.751349
   -0.344716     0.504851    -0.791389
   -0.911652    0.0208982     0.410432
    0.223746     0.862953     0.453045
   -0.331432    -0.435752    -0.836823
   -0.926582     0.317444     0.201681
    0.177762     0.842229    -0.508971
    0.345376    0.0489287    -0.937188
    0.912116    -0.252476     0.322955
   -0.220816    -0.966365    -0.131828
    0.365307    -0.183502    -0.912621
    0.894792    -0.201134     0.398612
   -0.256705    -0.962223    0.0907207
   -0.329619    -0.700054     0.633463
   -0.926245     0.369706   -0.0733959
    0.182814     0.610935     0.770284
    -0.50125    -0.231736    -0.833695
   -0.798225     0.495775     0.342117
    0.334044     0.836962    -0.433484
    -0.47972    -0.343124    -0.807549
   -0.838999      0.44876     0.307726
    0.256807     0.825155     -0.50316
   -0.503897    -0.313549    -0.804845
   -0.830105     0.433368     0.350881
    0.238775     0.844914    -0.478651
    0.503264     0.248497    -0.827632
    0.802939    -0.488476     0.341584
   -0.319396    -0.836445     -0.44536
   -0.491488    -0.271979    -0.827325
   -0.860325     0.299118     0.412758
    0.135207     0.914634    -0.381003
    0.490858      0.20376    -0.847078
    0.842461    -0.358833     0.401868
   -0.222075     -0.91089    -0.347796
    0.480862     0.830891     0.279985
    0.869135    -0.493825   -0.0272131
   -0.115653    -0.256431     0.959619
   -0.473332    -0.807849    -0.351194
   -0.871887     0.372817     0.317523
     0.12558    -0.456495     0.880819
   -0.491354    -0.870573   -0.0259708
   -0.817829     0.450919     0.357528
    0.299544    -0.196913     0.933541
   -0.472185    -0.815594    -0.334437
   -0.854647     0.330643     0.400317
    0.215917    -0.474849     0.853169
      0.4676     0.867956     -0.16734
    0.834187    -0.370684      0.40832
   -0.292374     0.330524     0.897369
   -0.483157    -0.710672    -0.511375
   -0.874702     0.366361     0.317294
   0.0381441    -0.600603     0.798637
   -0.465105    -0.781547    -0.415766
   -0.884939     0.397906     0.241981
   0.0236837    -0.480474     0.876689
   -0.446339     0.568954    -0.690705
   -0.892341    -0.340899     0.295829
  -0.0671473     0.748385     0.659857
    -0.46321     0.515564    -0.720854
   -0.883967    -0.327095     0.334082
  -0.0635472     0.791962     0.607255
   -0.473736    -0.422425    -0.772743
   -0.879315     0.275494      0.38847
   0.0487868     0.863516    -0.501956
    0.467352     0.281084    -0.838197
    0.883393    -0.111356      0.45521
   0.0346136    -0.953201     -0.30035
   -0.440221    -0.652108      0.61722
   -0.889551     0.410213    -0.201056
    0.122081     0.637558     0.760668
   -0.454661    -0.371653    -0.809418
   -0.871032     0.375294     0.316951
    0.185974     0.849134    -0.494353
     0.42654     0.894199    -0.135913
     0.90376    -0.415418      0.10318
  -0.0358028     0.166843     0.985333
    0.453765    -0.595421    -0.663002
    0.866162     0.469557     0.171115
    0.209431    -0.651913     0.728799
   -0.458161     0.533028    -0.711316
   -0.863804    -0.455697       0.2149
   -0.209597     0.712896     0.669214
   -0.446492     0.614649     -0.65027
   -0.872239    -0.461097     0.163062
   -0.199612     0.639997     0.741997
   -0.451649    -0.668951    -0.590354
   -0.872896     0.468195     0.137279
   -0.184568     -0.57732     0.795385
   -0.475147    -0.734448    -0.484585
   -0.855174     0.515106    0.0578117
   -0.207153    -0.441874     0.872832
   -0.447994     0.434459    -0.781375
   -0.881633    -0.359765     0.305439
   -0.148411     0.825721     0.544205
   -0.439719    -0.658435    -0.610828
   -0.886662     0.426606     0.178429
   -0.143099    -0.620056     0.771397
   -0.420424     0.481048    -0.769309
   -0.902383    -0.310089      0.29925
  -0.0946006     0.820023     0.564458
     0.40093     0.906783    -0.130386
    0.915537    -0.401627    0.0220681
   0.0323557     0.128221     0.991218
    0.463346     0.858682    -0.219035
    0.869585    -0.488169   -0.0742463
     0.17068     0.156068     0.972888
    0.410642     0.910132   -0.0550699
    0.908241    -0.413622   -0.0633602
   0.0804443    0.0239984      0.99647
    0.435695     0.899147    0.0412812
    0.892994    -0.426054    -0.145049
    0.112833    -0.100061     0.988563
    0.417222     0.876038     0.241835
    0.908465    -0.394753    -0.137336
    0.024846    -0.276998     0.960549
    0.392025     0.909491     -0.13836
    0.919313     -0.38168    0.0958319
  -0.0343489     0.164765     0.985735
   -0.448394     0.617587    -0.646165
   -0.889739    -0.377529     0.256586
  -0.0854818      0.68997     0.718773
   -0.450334     0.508423    -0.733966
   -0.885729    -0.358072     0.295411
   -0.112619     0.783129     0.611577
   -0.441953    -0.701725    -0.558802
   -0.881294     0.455858     0.124559
   -0.167328    -0.547518     0.819893
   -0.433702      0.49175    -0.755039
   -0.884998    -0.389968     0.254369
   -0.169355     0.778529     0.604328
   -0.442819    -0.652215    -0.615246
   -0.889044      0.40836     0.206986
   -0.116243    -0.638638     0.760677
    0.434081    -0.494974    -0.752711
    0.877849     0.420098     0.229996
    0.202371    -0.760604     0.616869
   -0.391919    0.0214561     -0.91975
   -0.919338    -0.047054     0.390646
  -0.0348962     0.998662    0.0381667
   -0.372421     -0.80072     0.469202
   -0.927994     0.315101    -0.198841
  -0.0113699      0.50947     0.860414
   -0.344117    -0.580567     -0.73792
   -0.937424      0.25688      0.23505
   0.0530942     0.772629    -0.632634
   -0.364745    -0.675221     0.641122
    -0.93083     0.281217    -0.233392
   0.0227036     0.681904     0.731089
    -0.33149    -0.319411    -0.887745
   -0.939183     0.201197     0.278307
    0.089717     0.926011     -0.36668
   -0.331853    -0.249909    -0.909626
   -0.938805     0.181835     0.292542
   0.0922932     0.951042    -0.294959
   -0.322031    -0.471433    -0.821003
   -0.938653     0.272023     0.211978
    0.123398       0.8389    -0.530112
     0.34221     0.712144    -0.612979
    0.937051    -0.210411     0.278681
  -0.0694835     0.669759      0.73932
    0.324267     0.197842    -0.925046
    0.933974    -0.222169     0.279881
   -0.150144    -0.954725    -0.256822
   -0.329215    -0.467925    -0.820161
    -0.93453     0.285802     0.212066
    0.135172      0.83628     -0.53138
    0.353646     0.930809    0.0923539
    0.930758    -0.359982    0.0640547
  -0.0928684   -0.0633064     0.993664
   -0.357072    0.0304672     -0.93358
   -0.933525    0.0226924     0.357792
   0.0320861     0.999278     0.020339
    0.669033     0.132955    -0.731244
     0.56389    -0.731735     0.382873
   -0.484172    -0.668496    -0.564527
   -0.676046    -0.476086    -0.562408
   -0.577044      0.81671   0.00228243
    0.458238     0.326077    -0.826857
    0.674856     0.159316    -0.720547
    0.621622    -0.648929     0.438723
   -0.397688    -0.743982    -0.536968
    0.678233     0.398673      -0.6173
    0.628925    -0.749397     0.207019
    -0.38007    -0.528643    -0.759002
    0.685789     0.664968    -0.295823
    0.587708    -0.266221      0.76402
   -0.429295     0.697813     0.573378
   -0.667426    -0.449213    -0.593928
   -0.668721     0.712468     0.212605
     0.32765      0.53907    -0.775918
     0.67559     0.231826    -0.699882
    0.630501    -0.673715     0.385458
   -0.382161    -0.701687    -0.601322
   -0.661677    -0.361754    -0.656748
   -0.672853     0.672971     0.307213
