   -0.105379    -0.816496     0.567653
   -0.978527   -0.0165474    -0.205455
    0.177147    -0.577114    -0.797219
   -0.109364    -0.885565     0.451458
   -0.982219    0.0265551    -0.185849
    0.152593    -0.463756    -0.872723
   -0.113533    -0.863715     0.491026
   -0.985136    0.0337412    -0.168428
    0.128906    -0.502849    -0.854708
   -0.108289    -0.878403     0.465491
   -0.987703    0.0419523    -0.150608
    0.112766    -0.476076    -0.872144
   -0.109267    -0.891687     0.439267
   -0.989831    0.0571145    -0.130279
   0.0910796    -0.449035     -0.88886
    0.116372     0.762288    -0.636691
    0.989979   -0.0373963     0.136172
  -0.0799922     0.646157     0.759001
   -0.109993    -0.890962     0.440555
   -0.991979    0.0706282    -0.104831
   0.0622843    -0.448552    -0.891584
    -0.10563    -0.863885     0.492488
   -0.991703    0.0550309    -0.116172
   0.0732575    -0.500674    -0.862531
  -0.0974507    -0.815632     0.570305
   -0.994193     0.053498   -0.0933713
   0.0456464    -0.576093    -0.816109
  -0.0906622    -0.903173     0.419595
   -0.994296    0.0583219   -0.0893012
   0.0561828    -0.425297    -0.903308
   -0.078101    -0.776889     0.624775
   -0.996519    0.0425163   -0.0717038
   0.0291428      -0.6282    -0.777506
  -0.0709909    -0.903418     0.422843
    -0.99659    0.0463706   -0.0682447
    0.042046    -0.426246     -0.90363
    0.139272     0.977364    -0.159255
    0.968124    -0.100578      0.22939
    -0.20818     0.186126     0.960218
    0.145937     0.958006    -0.246833
    0.968561   -0.0875466     0.232864
   -0.201476     0.273056     0.940664
    0.138058     0.957612     -0.25282
    0.971459   -0.0812139     0.222872
   -0.192893     0.276374     0.941493
    0.143085     0.949245    -0.280108
    0.972065    -0.081584     0.220076
   -0.186054     0.303773     0.934401
    0.150136     0.954728    -0.256816
    0.969437   -0.0911814     0.227765
   -0.194037     0.283163     0.939238
    0.136363     0.940827    -0.310243
    0.974712   -0.0714538     0.211733
   -0.177036      0.33127     0.926779
    0.145196     0.942454    -0.301162
    0.973636   -0.0819787     0.212866
   -0.175927      0.32413      0.92951
   -0.139695    -0.917496    -0.372406
     -0.9759    0.0638958     0.208654
    0.167644    -0.392579      0.90431
   -0.140747    -0.838038    -0.527146
   -0.977659    0.0336865     0.207479
    0.156117    -0.544571     0.824057
    0.150805     0.955804    -0.252381
    0.971501   -0.0960627     0.216698
   -0.182877     0.277868     0.943051
   -0.144263    -0.833989    -0.532588
   -0.975966    0.0310785     0.215696
    0.163336    -0.550905     0.818428
    -0.14811    -0.876248    -0.458533
   -0.974427    0.0500755     0.219054
    0.168985    -0.479251     0.861256
   -0.134429    -0.933607    -0.332126
   -0.978377    0.0718829     0.193937
    0.157187    -0.351015     0.923082
   -0.136106    -0.907246    -0.397971
    -0.97984    0.0639764     0.189261
    0.146246    -0.415707     0.897663
    -0.13208    -0.911234     0.390139
    -0.98225    0.0674324    -0.175037
    0.133192    -0.406333    -0.903966
   -0.131263    -0.931303     0.339773
   -0.980914    0.0724211     -0.18045
    0.143447    -0.356974    -0.923034
   -0.129947     -0.87674    -0.463077
   -0.977323    0.0345061     0.208923
    0.167193    -0.479725     0.861343
   -0.128913    -0.916065     0.379745
   -0.979657    0.0582552    -0.192037
    0.153797    -0.396776    -0.904939
    -0.12475    -0.882135    -0.454175
   -0.976762    0.0287842     0.212384
    0.174278    -0.470116     0.865227
   -0.130194    -0.714694    -0.687213
   -0.974384   -0.0359607     0.221998
    0.183373    -0.698512     0.691704
    0.124914     0.988594   -0.0841347
    0.973885    -0.105966     0.200798
   -0.189593      0.10702     0.976013
   -0.124516    -0.894944     0.428452
   -0.978536    0.0392975    -0.202296
    0.164207    -0.444445    -0.880627
    0.119915     0.991233    0.0554758
    0.976119    -0.127913     0.175585
   -0.181142   -0.0330957       0.9829
   -0.120214     -0.79009     0.601088
   -0.977129   -0.0128137    -0.212263
    0.175409    -0.612858    -0.770479
    0.131559     0.984013    -0.120041
    0.971179     -0.10366     0.214629
   -0.198755     0.144818     0.969291
   -0.142822    -0.904957    -0.400817
   -0.977758    0.0661588      0.19903
    0.153596    -0.420328     0.894278
    -0.14009    -0.842216    -0.520622
   -0.979541    0.0411619     0.196988
    0.144477    -0.537567     0.830751
   -0.136873    -0.916768    -0.375236
   -0.981959    0.0756791     0.173288
    0.130467    -0.392185     0.910587
   -0.136063    -0.880558    -0.453987
   -0.981351    0.0569899     0.183579
     0.13578      -0.4705     0.871891
    -0.13504    -0.841554    -0.523021
   -0.983305    0.0488459     0.175287
    0.121966     -0.53796     0.834101
   -0.123898     0.626271    -0.769698
   -0.987191  0.000777002      0.15954
    0.100514     0.779605     0.618152
    -0.12708    -0.877921    -0.461634
   -0.986931    0.0654232     0.147267
   0.0990868    -0.474315     0.874761
   -0.112148    -0.864334     0.490255
   -0.991415     0.130702   0.00364139
   0.0672246     0.485638     0.871571
   -0.121815    -0.794244    -0.595262
   -0.987214    0.0348319     0.155549
    0.102809    -0.606599     0.788332
    0.109012     0.938684      0.32709
    0.991595    -0.125757    0.0304202
   -0.069689    -0.321025     0.944503
   -0.105219    -0.702177     0.704184
   -0.991914     0.124633   -0.0239346
   0.0709581     0.701009     0.709614
    0.130135     0.979822     0.151706
    0.987204    -0.142267    0.0720262
  -0.0921556    -0.140391     0.985798
   -0.118938    -0.819256     0.560957
    -0.99089     0.133886   -0.0145596
   0.0631762     0.557578     0.827717
   -0.118229    -0.706226    -0.698044
   -0.991486    0.0453267     0.122072
   0.0545704    -0.706534     0.705572
    0.129467     0.971985    -0.196171
    0.987731    -0.108992     0.111843
  -0.0873287     0.208245      0.97417
   -0.135356    -0.791751    -0.595659
   -0.983835    0.0362592     0.175368
    0.117249    -0.609767      0.78386
   -0.130969    -0.867517     0.479856
   -0.986133    0.0642328    -0.153025
     0.10193    -0.493243    -0.863899
   -0.136177    -0.893796      -0.4273
   -0.982099    0.0651324     0.176747
    0.130144    -0.443719     0.886665
   -0.137715    -0.791889    -0.594934
   -0.980735    0.0250081     0.193734
    0.138538    -0.610153     0.780078
   -0.131736    -0.876388     0.463238
   -0.984073    0.0593537    -0.167561
    0.119354    -0.477934    -0.870249
  -0.0931471    -0.884152     0.457819
   -0.993995    0.0560558     -0.09398
   0.0574292    -0.463824    -0.884064
   -0.105602    -0.879531     0.463977
   -0.991451    0.0571655    -0.117291
   0.0766377    -0.472396    -0.878048
   -0.116921    -0.901767     0.416108
   -0.989242    0.0686582    -0.129172
   0.0879136    -0.426735    -0.900094
   -0.116423    -0.889669     0.441513
   -0.988482    0.0605166    -0.138709
   0.0966865    -0.452577    -0.886468
   -0.123321    -0.902835     0.411923
   -0.986728    0.0673681     -0.14775
    0.105644    -0.424676     -0.89916
   -0.123116    -0.879684     0.459346
   -0.985339    0.0532719    -0.162075
    0.118105    -0.472566    -0.873346
   -0.119277    -0.894672     0.430505
   -0.986216    0.0566808    -0.155451
    0.114676    -0.443113    -0.889101
   -0.128619    -0.913346     0.386337
   -0.986057    0.0763042    -0.147885
    0.105591    -0.399971    -0.910425
   -0.128504    -0.921536     0.366413
   -0.984354    0.0736097    -0.160092
    0.120559    -0.381252    -0.916576
   -0.123237    -0.875396     0.467434
   -0.988324    0.0657386    -0.137453
   0.0895974    -0.478916    -0.873276
   -0.117097    -0.902719     0.413989
   -0.990764    0.0774844     -0.11128
   0.0683772    -0.423196    -0.903454
   -0.107205    -0.910902     0.398452
   -0.991817    0.0700346    -0.106747
   0.0693304    -0.406635    -0.910956
  -0.0906411    -0.911884     0.400314
   -0.994893    0.0649871    -0.077233
   0.0444123     -0.40527    -0.913118
   -0.111287    -0.955964     0.271565
   -0.992548      0.09327   -0.0784163
   0.0496343    -0.278268     -0.95922
  -0.0817475    -0.925847     0.368951
   -0.995645    0.0592207   -0.0719938
   0.0448057     -0.37323    -0.926656
   -0.123196    -0.891622     0.435697
   -0.984098    0.0531517    -0.169489
    0.127962    -0.449649    -0.883992
   -0.121178    -0.882316     0.454791
   -0.981907    0.0393827    -0.185222
    0.145514    -0.469007    -0.871125
   -0.125182    -0.868508     0.479608
   -0.982105    0.0399141    -0.184058
    0.140713    -0.494066    -0.857962
   -0.117563    -0.878584     0.462891
   -0.978531    0.0230311    -0.204809
    0.169282    -0.477032    -0.862429
   -0.120529    -0.850358     0.512215
   -0.980076    0.0198744    -0.197626
    0.157873     -0.52583    -0.835811
   -0.113348    -0.883485      0.45454
   -0.977467    0.0171639    -0.210388
    0.178073    -0.468146    -0.865523
   -0.111357    -0.859337     0.499139
    -0.97513  -0.00236426     -0.22162
    0.191627    -0.511405    -0.837702
   -0.126032    -0.838008     0.530904
   -0.979655    0.0208824      -0.1996
    0.156179    -0.545259     -0.82359
   -0.121487    -0.865263     0.486375
   -0.977696     0.019739    -0.209094
    0.171321     -0.50093    -0.848362
   -0.129272    -0.848558     0.513067
   -0.980944    0.0337517    -0.191337
    0.145044    -0.528025    -0.836751
   -0.129532    -0.850462      0.50984
   -0.982308    0.0399251     -0.18297
    0.135253     -0.52452    -0.840586
   -0.128253    -0.859613     0.494588
     -0.9835    0.0460821    -0.174942
    0.127591    -0.508864    -0.851339
   -0.087122    -0.891868     0.443826
   -0.995374     0.096041   -0.0023953
   0.0404892     0.441982      0.89611
  -0.0917037    -0.821669     0.562539
   -0.995028    0.0976481   -0.0195779
   0.0388443     0.561538     0.826539
  -0.0698481    -0.879859     0.470073
   -0.997538     0.064581   -0.0273446
  0.00629839     0.470826     0.882204
  -0.0654223    -0.787741     0.612522
   -0.997811     0.057551   -0.0325601
  0.00960234     0.613312     0.789783
  -0.0744663    -0.600545    -0.796116
   -0.997215    0.0481149    0.0569813
  0.00408529     0.798142    -0.602455
    0.044085    -0.640864     0.766387
    0.998522   0.00385067   -0.0542181
   0.0317954     0.767645     0.640086
  -0.0513648     -0.55349     -0.83127
   -0.998216   0.00307795    0.0596311
  -0.0304466      0.83285    -0.552661
   0.0324389    -0.345215     0.937963
    0.997609   -0.0461175   -0.0514751
   0.0610265      0.93739     0.342893
   0.0427209    -0.676816     0.734911
    0.998786     0.010873   -0.0480466
   0.0245281     0.736072     0.676459
   0.0252482    -0.322851     0.946113
    0.997589   -0.0530602   -0.0447281
   0.0646415     0.944961     0.320733
   0.0215541    -0.388585     0.921161
     0.99785   -0.0486726   -0.0438807
   0.0618867     0.920126     0.386701
  -0.0604424    -0.655325    -0.752925
   -0.997792     0.018866    0.0636792
  -0.0275259     0.755111    -0.655018
   0.0396509    -0.476277     0.878401
    0.997589   -0.0312399   -0.0619696
   0.0569558      0.87874      0.47389
   0.0488745    -0.664371     0.745803
    0.997045   -0.0118491   -0.0758944
   0.0592592     0.747309     0.661829
  -0.0678403    -0.496332    -0.865478
   -0.997232     0.007264     0.074002
  -0.0304427     0.868103     -0.49545
  -0.0736649    -0.795146     0.601927
    -0.99727    0.0556927   -0.0484777
 -0.00502394     0.603855     0.797079
   0.0849573     0.955905    -0.281117
    0.996379   -0.0824194    0.0208616
  0.00322781     0.281872     0.959447
   -0.100629    -0.861899     0.496994
   -0.994422     0.102992   -0.0227356
   0.0315906      0.49651     0.867456
   0.0955652     0.680219    -0.726753
    0.994732   -0.0924665    0.0442574
  -0.0370956    -0.727154    -0.685472
     0.10585     0.247136    -0.963182
    0.994021    -0.052394    0.0957962
  -0.0267903    -0.967563    -0.251204
  0.00136444    -0.372441     0.928055
    0.995676   -0.0856964    -0.035855
   0.0928848     0.924091     0.370714
     0.01006    -0.866791    -0.498571
    0.996092   -0.0350652    0.0810616
   0.0877459     0.497438    -0.863051
  -0.0112137     -0.35926      0.93317
    0.992444    -0.118029   -0.0335141
    0.122182     0.925743      0.35787
  -0.0182781    -0.259867     0.965471
     0.99217    -0.124036    -0.014602
    0.123547     0.957645       0.2601
 -0.00704247    -0.802269    -0.596921
    0.991902   -0.0813042    0.0975713
    0.126811       0.5914    -0.796345
   0.0314319   -0.0613516    -0.997621
   -0.986948    -0.159625   -0.0212791
   -0.157939     0.985269   -0.0655682
   0.0266741      0.16083    -0.986622
   -0.986594    -0.154723    -0.051895
      -0.161     0.974779     0.154547
   0.0470862     0.321947    -0.945586
   -0.981303    -0.161947    -0.104003
   -0.186619     0.932804     0.308302
  -0.0365357    -0.744177    -0.666982
    0.987109    -0.130943    0.0920265
    0.155821     0.655022    -0.739369
   0.0546986     0.247968    -0.967223
    -0.98006    -0.171986   -0.0995168
   -0.191026      0.95338     0.233616
  -0.0595526    -0.391831    -0.918108
    0.979861     0.152662    -0.128711
    0.190593    -0.907283     0.374848
  -0.0235303    -0.673777      0.73856
    0.986844    -0.133857    -0.090675
    0.159956      0.72671     0.668062
   0.0391554    -0.473364     0.879996
   -0.981979     0.144721     0.121541
   -0.184887    -0.868897    -0.459168
   0.0390446     0.268037    -0.962617
   -0.981734    -0.169234   -0.0869424
   -0.186211     0.948428     0.256533
   -0.018415   0.00239534    -0.999828
    0.987224     0.158341   -0.0178035
    0.158271    -0.987382  -0.00528059
 -0.00499639    -0.456421      0.88975
    0.991306    -0.119246   -0.0556038
    0.131478     0.881737     0.453048
 0.000251844    -0.714228     0.699913
    0.991606   -0.0903194   -0.0925235
    0.129299     0.694061      0.70821
   0.0183572    -0.643932     0.764862
    0.995597   -0.0585603   -0.0731965
   0.0919242     0.762838     0.640022
   0.0140844    -0.690061     0.723614
    0.996315   -0.0515527   -0.0685545
   0.0846111     0.721913     0.686792
   0.0227295    -0.366805      0.93002
    0.994926   -0.0829007   -0.0570122
   0.0980117     0.926597      0.36306
   0.0309486    -0.934291     0.355165
   -0.985791    0.0301624     0.165245
     -0.1651    -0.355232    -0.920083
   0.0123174    -0.942169     0.334911
   -0.990276     0.034921      0.13466
   -0.138568    -0.333313    -0.932578
  0.00883811    -0.949662     -0.31315
     -0.9885    0.0389795    -0.146108
    -0.15096    -0.310841     0.938397
 -0.00874191    -0.933823    -0.357628
   -0.992175    0.0526461    -0.113214
    -0.12455     -0.35384     0.926976
 -0.00581395    -0.968207    -0.250082
   -0.994055    0.0327857    -0.103822
    -0.10872    -0.247992     0.962642
   0.0104499     -0.12309    -0.992341
    0.991417     0.130609   -0.0057605
    0.130318    -0.983763     0.123398
   -0.028379    -0.928756     0.369604
   -0.995604    0.0592806    0.0725181
   -0.089262    -0.365921    -0.926355
   0.0299527     0.993152    -0.112925
    0.995094   -0.0402855   -0.0903596
   0.0942901     0.109665     0.989486
  -0.0495613    -0.965732    -0.254765
   -0.996634    0.0644952    -0.050598
  -0.0652952      -0.2514     0.965678
   -0.013764    -0.938508     0.344984
   -0.996049    0.0431415    0.0776237
  -0.0877336    -0.342553    -0.935393
  -0.0366838    -0.914669     0.402536
   -0.997351     0.058828    0.0427828
  -0.0628125      -0.3999    -0.914404
   -0.019266    -0.928594     0.370598
   -0.998291    0.0383233    0.0441277
  -0.0551792    -0.369114    -0.927744
   0.0291524    -0.584532     0.810847
    0.994622   -0.0636939    -0.081676
   0.0993883     0.808867     0.579531
   0.0501347    -0.886975    -0.459087
    0.996781    0.0156461    0.0786249
   0.0625554     0.461552    -0.884905
  0.00697087     -0.54947     0.835484
    0.991637    -0.103877   -0.0765905
    0.128872     0.829031     0.544151
   0.0149239    -0.411305     0.911376
   -0.987304     0.138093     0.078489
   -0.158138    -0.900976    -0.404022
  -0.0102338    -0.981123    -0.193116
    0.987389   -0.0404275     0.153066
    0.157984     0.189114    -0.969163
   0.0309916      0.28605    -0.957713
   -0.983407    -0.162628   -0.0803969
   -0.178749     0.944313     0.276263
   0.0350457     0.248809    -0.967918
    -0.98264    -0.167978   -0.0787585
   -0.182185     0.953875     0.238603
   0.0267727    -0.952093    -0.304635
   -0.984064    0.0284876    -0.175518
   -0.175788    -0.304479     0.936158
  -0.0414286    -0.943964     0.327437
   -0.998732    0.0485032     0.013466
  -0.0285932    -0.326464    -0.944777
  -0.0483121    -0.902141     0.428727
   -0.998394    0.0563244   0.00601306
  -0.0295724    -0.427748    -0.903414
   -0.064458    -0.912179     0.404691
   -0.997919    0.0595296   -0.0247652
  -0.0015008    -0.405446    -0.914118
  -0.0510586    -0.919651     0.389403
   -0.998629    0.0515079  -0.00929455
  -0.0115096    -0.389343    -0.921021
   -0.086169    -0.953671     0.288248
   -0.996276    0.0833789   -0.0219673
 -0.00308429    -0.289068    -0.957304
  -0.0728953    -0.903314     0.422741
   -0.997111    0.0569267   -0.0502955
   0.0213674    -0.425186    -0.904854
  -0.0870918    -0.918601      0.38547
   -0.995967    0.0719188    -0.053638
   0.0215494    -0.388587     -0.92116
  -0.0636165    -0.907755     0.414649
   -0.997813    0.0503733    -0.042809
   0.0179728    -0.416465    -0.908974
   -0.102726     -0.92695    -0.360848
   -0.994443    0.0872968    0.0588489
   0.0230492    -0.364888     0.930766
  -0.0877963    -0.784273     0.614172
   -0.996128    0.0719613   -0.0505054
  -0.0045866    -0.616228    -0.787554
  -0.0634899    -0.877098    -0.476097
   -0.997363    0.0725686 -0.000687324
  -0.0351526    -0.474798     0.879392
  -0.0656975    -0.962664    -0.262607
   -0.997117    0.0733509   -0.0194366
  -0.0379734    -0.260572     0.964707
  -0.0638631    -0.857395      0.51068
   -0.997949    0.0526077   -0.0364738
  0.00440671    -0.511962    -0.858997
  -0.0539213     -0.92674     0.371814
   -0.998463    0.0548046  -0.00820005
  -0.0127778    -0.371685    -0.928271
  -0.0543149    -0.766376     0.640092
   -0.998181    0.0584733   -0.0146909
  -0.0261695    -0.639725    -0.768158
  -0.0309583    -0.889842     0.455216
   -0.998667     0.046355    0.0226961
  -0.0412976    -0.453907    -0.890092
  -0.0440144    -0.959037    -0.279841
   -0.998338    0.0526575   -0.0234394
  -0.0372149    -0.278344      0.95976
  -0.0211573    -0.932721     0.359978
   -0.998052    0.0408435    0.0471681
  -0.0586974    -0.358279    -0.931768
  -0.0118685      -0.9246     0.380753
   -0.998293    0.0327332    0.0483697
  -0.0571859    -0.379529    -0.923411
  -0.0259862     -0.71689     0.696702
    -0.99813    0.0571836    0.0216115
   -0.055333    -0.694837    -0.717035
 -0.00689142    -0.928335     0.371681
   -0.996961     0.035223    0.0694904
  -0.0776022    -0.370073    -0.925756
  0.00863667    -0.942748     0.333394
   -0.994125    0.0278798      0.10459
   -0.107897    -0.332338    -0.936968
  0.00736546    -0.915871     0.401405
   -0.994811    0.0340246    0.0958867
   -0.101477    -0.400028    -0.910868
   0.0163029    -0.964101     0.265035
   -0.991494    0.0186436     0.128808
   -0.129125     -0.26488    -0.955597
   0.0241355    -0.934889      0.35412
   -0.992011    0.0214756     0.124308
   -0.123819    -0.354291    -0.926902
   0.0437742    -0.963656     0.263537
   -0.988524  -0.00360237     0.151024
   -0.144586    -0.267123    -0.952754
   0.0355401    -0.944056     0.327864
   -0.987838    0.0165066      0.15461
   -0.151372    -0.329371    -0.931988
   0.0299758    -0.930211     0.365799
   -0.992339    0.0161863     0.122479
   -0.119853    -0.366668      -0.9226
   0.0481597    -0.941721      0.33293
    -0.98961  0.000221169     0.143777
   -0.135471    -0.336395    -0.931926
   0.0518616    -0.971299    -0.232139
   -0.989652   -0.0188445    -0.142248
    -0.13379    -0.237114     0.962225
    0.018185    -0.995536   -0.0926171
   -0.992956  -0.00713502    -0.118269
    -0.11708   -0.0941155     0.988653
  0.00137741     -0.94245    -0.334344
   -0.995655    0.0298395   -0.0882135
  -0.0931135    -0.333012     0.938314
  0.00506223    -0.995153   -0.0982119
    0.994266  -0.00548153     0.106791
    0.106812    0.0981894    -0.989419
   -0.011917    -0.922452    -0.385927
   -0.996579    0.0425238    -0.070868
  -0.0817835    -0.383763     0.919803
  -0.0103381    -0.965382    -0.260635
    -0.99686    0.0304128   -0.0731073
  -0.0785031    -0.259061     0.962665
   0.0151454     0.999284   -0.0346685
   -0.992676    0.0191835     0.119278
   -0.119858   -0.0326081    -0.992255
   0.0426605     0.995292   -0.0870253
   -0.990738    0.0533823     0.124856
   -0.128914   -0.0808928    -0.988351
    0.484434    -0.192745     -0.85333
    0.866785   -0.0262071     0.497992
   -0.118349    -0.980899     0.154373
   -0.513565      0.46188     -0.72313
   -0.850351    -0.161321     0.500878
     0.11469     0.872148     0.475609
   -0.497184    -0.617329    -0.609683
   -0.863352     0.282177      0.41833
   0.0862085    -0.734358     0.673265
   -0.516397     0.345878    -0.783392
   -0.852302     -0.11875     0.509392
   0.0831599     0.930735     0.356115
   -0.537287      0.56618     -0.62511
   -0.835849      -0.2585     0.484288
    0.112603     0.782699     0.612129
    0.493649     0.847552    -0.194849
    0.867435    -0.463846     0.180011
  -0.0621882     0.257881     0.964173
   -0.530406     0.358384    -0.768265
   -0.843074       -0.128     0.522344
   0.0888616     0.924758     0.370036
   -0.512199     0.537525    -0.669865
   -0.856197    -0.258121     0.447549
   0.0676627     0.802771     0.592436
   -0.519478     0.355268    -0.777127
    -0.85107     -0.13391     0.507689
   0.0763005     0.925123     0.371921
    0.553956    -0.194498    -0.809508
    0.824467  -0.00696971     0.565867
   -0.115702    -0.980878     0.156496
    0.536971    -0.165288     -0.82725
     0.83792  -0.00911366     0.545717
  -0.0977401    -0.986203     0.133605
   -0.561613     0.389567    -0.729951
    -0.81795    -0.128448     0.560766
    0.124695     0.911997     0.390785
   -0.492306    -0.757922    -0.428006
   -0.868843     0.398297      0.29406
   0.0524009    -0.516638     0.854599
    -0.50063     0.598611    -0.625327
   -0.863549     -0.29491     0.409038
   0.0604393     0.744777      0.66457
   -0.483716    -0.397323    -0.779841
   -0.873816     0.269779     0.404556
   0.0496447     0.877128    -0.477684
    0.473853     0.875871    0.0911796
     0.87959     -0.47573  -0.00129858
  -0.0422395    -0.080816     0.995834
   -0.476531     0.524618    -0.705474
   -0.877705    -0.237776     0.416049
   0.0505226     0.817458     0.573767
   -0.456656    -0.714952     0.529442
   -0.888609     0.395244    -0.232713
   0.0428801     0.576737     0.815804
   -0.449861     0.582566    -0.676935
   -0.891197    -0.243382     0.382796
     0.05825     0.775488      0.62867
   -0.471328     0.456389    -0.754692
   -0.879468    -0.178952     0.441035
   0.0662297     0.871599     0.485725
   -0.440261    -0.805591    -0.396476
    -0.89493     0.358014     0.266322
   0.0726024     -0.47207     0.878567
    0.424688     0.684294    -0.592775
    0.903829    -0.282647     0.321255
  -0.0522869       0.6722     0.738521
   -0.409391     0.478561    -0.776775
   -0.909668    -0.148758     0.387783
    0.070026     0.865362     0.496231
   -0.388616     0.336013    -0.857947
   -0.919357   -0.0794296     0.385324
   0.0613274     0.938502     0.339783
   -0.462323     0.607991    -0.645449
   -0.881607    -0.237184      0.40806
    0.095006     0.757688     0.645665
    0.563892     0.190566    -0.803561
    0.814135     -0.29157     0.502165
   -0.138599    -0.937375    -0.319561
    0.541843     0.312704    -0.780143
    0.833051    -0.322957     0.449138
   -0.111506    -0.893261     -0.43549
    0.537931    0.0727693    -0.839842
    0.833554    -0.194556     0.517045
   -0.125772    -0.978188    -0.165315
    0.559576    0.0598581    -0.826615
    0.814833    -0.221937     0.535529
     -0.1514    -0.973222    -0.172965
   -0.517048    -0.719625    -0.463466
   -0.849712     0.366239     0.379288
    0.103206    -0.589922     0.800837
   -0.530371     0.434278    -0.728086
   -0.835017     -0.11922     0.537153
    0.146472     0.892854      0.42586
   -0.506874     0.527537     -0.68175
   -0.853076    -0.193345     0.484643
    0.123854     0.827238     0.548031
   -0.494159    -0.639191    -0.589273
    -0.85696      0.24401     0.453959
    0.146378    -0.729311     0.668341
   -0.550598     0.537556    -0.638651
   -0.816659    -0.188366     0.545515
    0.172945     0.821919     0.542714
   -0.518588    -0.642083     -0.56462
   -0.838394     0.252254     0.483181
    0.167815    -0.723946     0.669134
    0.539604     0.755991    -0.370548
    0.819221     -0.36996     0.438185
   -0.194176     0.540007     0.818956
   -0.492494     0.474443    -0.729625
    -0.86394    -0.165221      0.47572
    0.105153     0.864642     0.491261
   -0.480325    -0.650933    -0.587856
   -0.868136     0.257305     0.424422
    0.125012    -0.714199     0.688689
   -0.467856     0.507749    -0.723396
   -0.877782    -0.171558     0.447288
    0.103006      0.84425     0.525957
    0.477558    -0.336625    -0.811555
    0.874126    0.0889347     0.477488
   -0.088559     -0.93743     0.336724
    0.501439    -0.181511    -0.845939
    0.860827   0.00656605     0.508855
  -0.0868084    -0.983367     0.159542
    0.486378    0.0723449    -0.870748
    0.870837    -0.121422      0.47634
  -0.0712675    -0.989961    -0.122058
    0.504471    -0.219335    -0.835105
    0.860478     0.047826     0.507237
  -0.0713153    -0.974477      0.21286
   -0.522528     0.466553    -0.713648
   -0.848173     -0.19904     0.490902
   0.0869871     0.861807     0.499721
    0.488579     0.258126    -0.833463
    0.870582     -0.20784      0.44597
   -0.058111     -0.94349    -0.326267
     0.43911      0.81718     0.373362
    0.896558    -0.425403    -0.123356
  -0.0580255    -0.388907     0.919448
   -0.450048    -0.644034     0.618609
   -0.891361     0.365987     -0.26745
    0.054156     0.671769     0.738778
    0.452987     0.107537    -0.885008
    0.889477    -0.121633     0.440495
  -0.0602763    -0.986733     -0.15075
    0.461474     0.310298    -0.831118
     0.88558    -0.216891     0.410738
   -0.052811    -0.925567    -0.374883
   -0.459275    -0.639748      0.61627
   -0.886983     0.367965     -0.27904
   0.0482503     0.674777     0.736443
    -0.46627     -0.52425    -0.712569
   -0.882828     0.327317     0.336866
   0.0566339     0.786146    -0.615441
   -0.464656    -0.757058     0.459301
   -0.884257      0.42408    -0.195563
   0.0467278      0.49701     0.866486
   -0.468597    -0.459595    -0.754446
   -0.882113     0.289728     0.371395
    0.047893     0.839541    -0.541181
   -0.465282    -0.339157     -0.81761
   -0.884056      0.22423     0.410081
   0.0442505     0.913616    -0.404163
   -0.463213     -0.37239    -0.804213
    -0.88493     0.243796     0.396816
   0.0482935     0.895483    -0.442469
   -0.461871    -0.489509    -0.739633
   -0.885711     0.298558     0.355498
   0.0468035     0.819295    -0.571458
   -0.459622    -0.529953    -0.712669
   -0.886781     0.317804     0.335588
    0.048643     0.786225    -0.616023
    -0.47545    -0.518672    -0.710582
   -0.878368      0.32501     0.350482
   0.0491607     0.790789    -0.610111
    0.472704     0.251522    -0.844564
    0.880122    -0.182619      0.43822
  -0.0440114    -0.950467    -0.307695
    0.474274     0.311862     -0.82329
    0.878274    -0.232203      0.41799
   -0.060815    -0.921317    -0.384028
    0.466005    -0.388314    -0.795017
    0.881604     0.127692     0.454389
  -0.0749278    -0.912638     0.401844
    0.456082    0.0856127     -0.88581
    0.887305    -0.120259     0.445229
   -0.068409    -0.989044    -0.130812
    0.444996     0.819302     0.361557
     0.89225    -0.440159    -0.100746
  -0.0766011    -0.367431     0.926891
    0.452477     0.860307    -0.234812
    0.887327    -0.408063     0.214793
  -0.0889696     0.305544     0.948012
     0.44153   -0.0923512    -0.892481
    0.894567   -0.0315081     0.445822
  -0.0692926    -0.995228    0.0687026
   -0.453179    -0.462093    -0.762298
   -0.889847     0.285282     0.356071
   0.0529319     0.839693    -0.540476
   -0.454132    -0.451272    -0.768191
   -0.889662      0.27576     0.363947
   0.0475973     0.848711    -0.526711
   -0.439163    -0.464247    -0.769163
   -0.896841     0.277081     0.344823
   0.0530372      0.84125    -0.538039
   -0.438069    -0.516017    -0.736086
   -0.897033     0.304256     0.320563
   0.0585425     0.800722    -0.596169
   -0.441017    -0.366056    -0.819455
   -0.896362     0.225589     0.381635
   0.0451605     0.902836    -0.427607
   -0.408813    -0.409887    -0.815392
    -0.91007     0.249821     0.330699
   0.0681528     0.877258    -0.475156
    0.411594    0.0692989    -0.908729
    0.909614   -0.0930583     0.404898
  -0.0565057    -0.993246    -0.101337
    0.379846    0.0648137    -0.922776
    0.922497    -0.100606     0.372664
  -0.0686828    -0.992813   -0.0980051
    -0.41497    -0.397744    -0.818291
   -0.906948     0.252427     0.337233
   0.0724268     0.882089    -0.465482
   -0.381285    -0.294382    -0.876334
    -0.92095     0.203452     0.332353
   0.0804534     0.933781    -0.348684
   -0.385626    -0.642911    -0.661784
   -0.918181     0.337951     0.206716
   0.0907505     0.687353    -0.720632
     0.41353    -0.202515    -0.887683
    0.909029    0.0366127     0.415121
  -0.0515678    -0.978595     0.199232
   -0.380814     0.515536    -0.767596
   -0.922562    -0.156059     0.352882
   0.0621327     0.842537     0.535043
    0.449718     0.761629     0.466556
    0.892251    -0.406789    -0.195987
  -0.0405203    -0.504424     0.862505
    0.464213    -0.155012    -0.872054
    0.884815    0.0365681     0.464506
  -0.0401145    -0.987236     0.154132
    0.458006     0.192901    -0.867767
    0.887956    -0.145409     0.436338
  -0.0420115    -0.970384    -0.237885
   -0.526083    -0.729023     0.437907
   -0.822392     0.567245   -0.0436431
    0.216583     0.383091     0.897961
    -0.50757    -0.735018    -0.449579
   -0.841058      0.30938      0.44374
    0.187066    -0.603351     0.775225
    0.491048     0.148361    -0.858406
    0.845859     -0.31684     0.429111
   -0.208314    -0.936804    -0.281076
    0.513804     0.768162     0.382011
    0.823928    -0.565911    0.0297748
   -0.239056    -0.299452     0.923678
   -0.474558     0.520468    -0.709864
   -0.861478    -0.109074     0.495943
    0.180695     0.846886     0.500133
    0.478083     0.246819    -0.842922
    0.848272     -0.37861     0.370256
   -0.227752     -0.89204    -0.390376
    0.461715   -0.0551985    -0.885309
    0.864107    -0.197434     0.462967
   -0.200345    -0.978761   -0.0434607
    0.439941     0.255107     -0.86103
    0.870773    -0.355601     0.339562
   -0.219558    -0.899149    -0.378584
    0.498787    -0.172625     -0.84936
    0.827293    -0.197396     0.525947
   -0.258452    -0.965005    0.0443525
    0.463356     0.402655    -0.789411
    0.850395    -0.452601     0.268293
   -0.249259    -0.795626    -0.552131
    0.487817     0.811838     0.320863
    0.825994     -0.54819     0.131234
   -0.282435    -0.201013      0.93799
    0.438735     0.164965    -0.883345
    0.882468    -0.264615     0.388882
   -0.169595     -0.95014    -0.261672
   -0.420229    -0.722174    -0.549429
   -0.888051     0.202874     0.412563
    0.186478    -0.661292      0.72658
   -0.408412    -0.608034    -0.680804
   -0.900284     0.391399     0.190515
    0.150626     0.690725    -0.707256
    0.428584     0.881574    -0.197848
    0.892238    -0.378498     0.246275
   -0.142224     0.282077     0.948791
   -0.457496     0.501112    -0.734564
   -0.875659    -0.110215     0.470185
    0.154656     0.858335     0.489226
    -0.44349   -0.0307566    -0.895751
   -0.886839     0.159733     0.433593
    0.129746     0.986681   -0.0981163
    0.470572    -0.185523    -0.862637
    0.871467   -0.0554363     0.487311
   -0.138229    -0.981075      0.13559
   -0.484752    -0.640732     -0.59538
   -0.859427      0.22247     0.460318
    0.162486    -0.734826     0.658505
   -0.457436     0.532442    -0.712221
   -0.881489    -0.165969     0.442077
    0.117174     0.830036     0.545261
    0.467218     0.874666    -0.129099
    0.833117    -0.386649     0.395499
   -0.296014     0.292338     0.909348
    0.447857      0.88083    -0.153504
    0.855832    -0.372627     0.358748
   -0.258796     0.292041     0.920726
     0.43529     0.881884    -0.181115
    0.856688    -0.343891      0.38448
   -0.276783     0.322519     0.905192
     0.44949     0.859172    -0.244505
    0.835081     -0.30697     0.456518
   -0.317172     0.409381     0.855458
   -0.410196    -0.822516    -0.393962
    -0.88062     0.244886     0.405633
    0.237164     -0.51332     0.824776
    0.402024     0.872808    -0.276736
    0.868226    -0.267397      0.41795
   -0.290791     0.408295     0.865295
    -0.38334    -0.838643    -0.386947
   -0.885875     0.215331     0.410923
    0.261296     -0.50031     0.825478
    0.360964     0.896104     -0.25827
     0.89121     -0.24989     0.378549
    -0.27468     0.366815     0.888818
    0.422262     0.885439    -0.194147
    0.841992    -0.303787     0.445827
   -0.335774     0.351726     0.873811
    0.372518     0.908324    -0.190203
    0.872869    -0.273335     0.404212
   -0.315167     0.316599      0.89467
    0.400838     0.899307    -0.174858
    0.846222    -0.290303     0.446802
    -0.35105     0.327064     0.877378
    -0.37018     -0.85101     -0.37249
   -0.903393      0.23636     0.357791
    0.216442    -0.468953     0.856292
   -0.353088    -0.866525    -0.352794
   -0.905336     0.221331     0.362462
    0.235998    -0.447378     0.862646
   -0.333228    -0.805515    -0.490005
   -0.921464     0.168182      0.35017
    0.199657    -0.568208     0.798296
    -0.36092    -0.851388    -0.380625
   -0.914605     0.243353     0.322919
    0.182303     -0.46467     0.866515
   -0.396789    -0.737085     -0.54705
   -0.894629     0.177169     0.410183
    0.205419    -0.652163     0.729716
   -0.382904    -0.818083    -0.429097
   -0.908484     0.249272      0.33544
    0.167456    -0.518269     0.838663
    0.412922     0.857387    -0.307217
    0.890776    -0.309904     0.332381
   -0.189772     0.410909     0.891706
   -0.435274    -0.826425    -0.357152
   -0.871846     0.287987     0.396167
    0.224547    -0.483822     0.845869
    0.396956      0.87317    -0.282841
    0.904402    -0.319576     0.282716
    -0.15647     0.368028     0.916555
   -0.318456    -0.796266     0.514341
   -0.943007     0.210842    -0.257456
   0.0965585    -0.567016    -0.818028
    0.329102     0.703475    -0.629932
    0.939765    -0.178733     0.291371
  -0.0923825     0.687879     0.719922
   -0.335143    -0.731357    -0.593967
   -0.936134     0.187254     0.297641
    0.106459    -0.655785     0.747404
   -0.353811    -0.803867    -0.478137
   -0.930136     0.248668     0.270206
   0.0983124    -0.540335     0.835687
   -0.351063    -0.783846    -0.512191
   -0.933138     0.247595     0.260672
    0.077511    -0.569457     0.818358
   -0.357711    -0.792518    -0.493922
   -0.926787     0.236438     0.291828
    0.114497     -0.56215     0.819071
   -0.369053    -0.784629    -0.498154
   -0.924882     0.257211     0.280064
   0.0916153    -0.564092     0.820614
   -0.376066    -0.725528    -0.576354
   -0.920157     0.219235     0.324417
    0.109017    -0.652339     0.750046
    0.387248     0.914135    -0.119982
    0.915751    -0.366267     0.165071
   -0.106951     0.173797     0.978957
   -0.366335     -0.84856    -0.381764
   -0.927626     0.300932     0.221246
   0.0728556    -0.435185     0.897389
    0.382939     0.876285    -0.292373
    0.919491    -0.331127     0.211876
  -0.0888515      0.34997     0.932538
    0.380984     0.890413     -0.24903
    0.921973    -0.345651     0.174617
   -0.069404     0.296125     0.952624
   -0.383009    -0.649584    -0.656768
    -0.91483     0.168201     0.367143
    0.128021    -0.741451     0.658682
    -0.39644     -0.91765    0.0274524
    -0.90914     0.396571     0.127265
    0.127672   -0.0254949     0.991489
   -0.369424    -0.839126    -0.399242
   -0.919227     0.267023     0.289345
     0.13619    -0.473885     0.869991
   -0.348317    -0.809147     -0.47324
   -0.924891     0.214536     0.313929
    0.152488    -0.547042     0.823099
    0.344965     0.718687    -0.603728
    0.930321     -0.17648     0.321492
   -0.124507     0.672565     0.729489
    -0.32262    -0.785895    -0.527527
   -0.935888     0.181523     0.301933
     0.14153    -0.591116     0.794073
   -0.325394    -0.743578    -0.584132
   -0.930695     0.142681     0.336821
    0.167109    -0.653248     0.738472
   -0.314537    -0.757804    -0.571665
    -0.94194       0.1746     0.286816
    0.117537    -0.628688     0.768724
    0.399364     0.897263     0.188225
    0.914569    -0.404199    -0.013667
  -0.0638175    -0.177603     0.982031
    0.400398     0.914225    0.0622426
    0.912628    -0.403964    0.0626399
  -0.0824107   -0.0317234     0.996093
    0.417726     0.906399    0.0628093
    0.905248    -0.421111    0.0564935
  -0.0776553   -0.0332592     0.996425
   -0.416046    -0.818296    -0.396607
   -0.907136     0.343109     0.243681
   0.0633236    -0.461159     0.885055
    0.421542     0.904143     0.069486
    0.902108    -0.425916    0.0692618
  -0.0922178   -0.0334872     0.995176
   -0.430505    -0.621497    -0.654528
   -0.899594      0.35447      0.25511
   0.0734606     0.698636    -0.711696
   -0.434693    -0.664153     0.608229
   -0.896537     0.383047    -0.222476
    0.085222     0.642009     0.761946
    0.428416     0.879794     0.205968
    0.901529    -0.431546    -0.031838
  -0.0608737    -0.199326     0.978041
    0.441087     0.870834    -0.217005
    0.891725    -0.397958     0.215537
   -0.101338     0.288579     0.952078
    0.429541     0.818946    -0.380554
    0.896282    -0.335134     0.290454
    -0.11033     0.465846     0.877961
    0.413317     0.885271     0.213223
    0.902647    -0.429178     0.032175
   -0.119994    -0.179167     0.976474
   -0.406029    -0.684808     0.605127
   -0.908241     0.375706    -0.184235
    0.101184     0.624406     0.774519
    0.677412    -0.199482     -0.70804
    0.584107    -0.439206     0.682581
   -0.447138    -0.875959    -0.181005
   -0.693364     0.394288    -0.603145
   -0.566086     0.219856     0.794487
    0.445862     0.892301    0.0707605
   -0.679718    0.0223414    -0.733133
   -0.605273     0.547473     0.577857
    0.414281     0.836525    -0.358604
    0.686065     0.528185     0.500336
    0.605076    -0.796095    0.0107214
   -0.403978    -0.295385     0.865765
   -0.697716     0.393773    -0.598444
   -0.563931     0.213271     0.797808
    0.441786     0.894124    0.0732586
    0.672314     0.139701    -0.726965
    0.644492    -0.593575     0.481974
   -0.364176    -0.792561    -0.489105
    0.686957     0.179774    -0.704111
    0.604475    -0.679167     0.416343
   -0.403361    -0.711627    -0.575227
    0.675171   -0.0915802    -0.731954
    0.641344    -0.417358     0.643809
