  -0.0377741    -0.825606     0.562982
    -0.99638   -0.0118175   -0.0841839
   0.0761558    -0.564124    -0.822171
  -0.0574991    -0.898618     0.434947
   -0.996631    0.0261479     -0.07773
   0.0584766    -0.437952    -0.897095
  -0.0959338    -0.844651     0.526651
   -0.994443    0.0582832   -0.0876706
   0.0433563    -0.532135    -0.845549
   -0.111651    -0.919377     0.377199
   -0.992916    0.0876803    -0.080192
   0.0406537    -0.383481    -0.922654
   -0.128132    -0.925047     0.357589
   -0.991088     0.106188   -0.0804293
   0.0364291    -0.364708    -0.930409
   -0.126535    -0.908103     0.399171
   -0.991779     0.108092   -0.0684825
   0.0190421    -0.404555    -0.914315
   -0.137465    -0.856515     0.497479
   -0.990426     0.112469   -0.0800383
   0.0126031    -0.503718    -0.863776
   -0.129917    -0.900197     0.415652
   -0.991111     0.105795   -0.0806596
   0.0286358    -0.422436     -0.90594
   -0.130016    -0.829422     0.543281
   -0.991492      0.10531   -0.0765046
   0.0062417    -0.548606    -0.836058
   -0.129756    -0.910463     0.392709
   -0.991107     0.107315   -0.0786744
   0.0294866    -0.399425    -0.916292
    0.121992     0.769953    -0.626331
    0.992529   -0.0934721    0.0784109
 -0.00182817     0.631218     0.775604
   -0.110824    -0.860178     0.497807
    -0.99369    0.0872083   -0.0705305
   0.0172559    -0.502482    -0.864415
   -0.138426    -0.852352     0.504316
   -0.977204     0.200315    0.0703294
    0.160967     0.483084     0.860651
    0.172379     0.971612     0.162035
    0.967487     -0.19791      0.15748
   -0.185078     -0.12962     0.974138
   -0.147308    -0.893451     0.424317
   -0.974383     0.204793    0.0929441
    0.169938     0.399756     0.900731
   -0.172467    -0.697537    -0.695483
   -0.967527   -0.0124934     0.252459
    0.184789     -0.71644     0.672731
   -0.194011    -0.818684    -0.540477
   -0.960986    0.0478873     0.272421
    0.197145    -0.572243     0.796035
    0.146537     0.257788    -0.955025
    0.974498    -0.203482    0.0945994
   -0.169943    -0.944532    -0.281031
   -0.193471    -0.770407    -0.607488
   -0.962774    0.0299465     0.268643
    0.188773    -0.636848     0.747522
    -0.17256    -0.703236    -0.689697
   -0.969262  -0.00343322     0.246007
    0.175369    -0.710948     0.681028
   -0.189518    -0.665685    -0.721766
   -0.965837  -0.00593938     0.259083
    0.176755    -0.746209     0.641817
     0.20889    -0.635628    -0.743197
    0.957248   -0.0226042     0.288386
   -0.200105    -0.771665     0.603731
   -0.206328    -0.760618    -0.615539
   -0.960155    0.0361966     0.277115
    0.188499    -0.648189      0.73778
    0.217129     0.685957    -0.694491
    0.956509  -0.00753503     0.291606
   -0.194796     0.727603      0.65776
   -0.147645     0.522791    -0.839578
   -0.976135    0.0596626      0.20881
    0.159255     0.850371     0.501505
   -0.171411     -0.88522     -0.43244
   -0.972129    0.0807108     0.220116
    0.159948    -0.458118     0.874382
   -0.155067     -0.87535     0.457948
   -0.978443    0.0720816    -0.193531
    0.136398    -0.478086    -0.867657
    -0.12784    -0.877051     0.463076
   -0.983023    0.0500869    -0.176516
     0.13162     -0.47778    -0.868564
    0.127083     0.982164     -0.13858
    0.980184    -0.102949     0.169233
   -0.151948      0.15734     0.975785
   -0.092611    -0.867319     0.489061
    -0.98896    0.0230625    -0.146375
    0.115675    -0.497217     -0.85988
  -0.0829642    -0.892207     0.443941
   -0.988131      0.13144    0.0794974
     0.12928     0.432077     0.892522
   -0.118332    -0.786946     0.605568
   -0.980948     0.187271    0.0516796
    0.154075     0.587916     0.794114
  -0.0808375    -0.861475     0.501324
   -0.988318     0.134475    0.0717175
    0.129198      0.48967     0.862282
  -0.0568287    -0.898506     0.435268
   -0.993367   0.00723434    -0.114761
   0.0999641    -0.438903    -0.892957
  -0.0463804     -0.59129    -0.805124
   -0.992362     0.119507   -0.0306001
    0.114311     0.797555    -0.592316
  -0.0178574    -0.860038     0.509918
   -0.996723   -0.0249289    -0.076951
   0.0788925    -0.509621    -0.856774
   -0.113681    -0.846376     0.520311
   -0.982321     0.174155    0.0686689
    0.148735     0.503306     0.851211
   -0.213869    -0.700869    -0.680472
   -0.960913    0.0255764     0.275668
    0.175803    -0.712831     0.678944
   -0.208677      -0.7948    -0.569865
   -0.962412    0.0633191     0.264111
    0.173832    -0.603559     0.778138
   -0.203626    -0.864804    -0.458967
   -0.966547     0.102892     0.234946
    0.155958    -0.491454     0.856826
    -0.20376    -0.757192    -0.620598
   -0.966644    0.0551231     0.250122
    0.155181    -0.650862     0.743167
    -0.19671    -0.801747    -0.564363
   -0.969374    0.0727157     0.234576
    0.147033    -0.593223     0.791497
   -0.183262    -0.689248    -0.700965
   -0.976022    0.0423735     0.213508
    0.117458    -0.723286     0.680486
   -0.184476    -0.847314    -0.498024
   -0.975579     0.096396     0.197367
    0.119225    -0.522271     0.844404
   -0.166598    -0.808296     0.564715
   -0.982962     0.181248   -0.0305593
   0.0776528     0.560185      0.82472
   -0.184554    -0.761668     -0.62113
    -0.97486    0.0615858     0.214136
    0.124848    -0.645034     0.753886
   -0.167264    -0.727489     0.665419
   -0.982306     0.180644   -0.0494248
   0.0842479     0.661912     0.744832
   -0.163931    -0.775669     0.609479
   -0.983021     0.180084   -0.0352144
   0.0824424     0.604903      0.79202
   -0.185681    -0.886581    -0.423671
   -0.976381     0.118002     0.180983
    0.110462     -0.44727     0.887552
   -0.171723    -0.653021     0.737615
   -0.982597     0.167357   -0.0805937
   0.0708153     0.738617     0.670395
    -0.17456    -0.786926     0.591841
   -0.982473     0.179117   -0.0516167
   0.0653901     0.590478       0.8044
   -0.179077    -0.719142    -0.671391
   -0.978935     0.062221     0.194461
   0.0980705    -0.692072     0.715136
   -0.189825     -0.88564    -0.423803
   -0.972392     0.109916     0.205846
    0.135723    -0.451177     0.882054
   -0.179061    -0.902347    -0.392055
   -0.976392     0.114053      0.18344
    0.120812    -0.415646     0.901467
   -0.184737    -0.756531    -0.627322
   -0.970836    0.0412339      0.23617
    0.152803    -0.652656     0.742086
   -0.199333    -0.809614    -0.552079
   -0.966005    0.0677028       0.2495
    0.164622    -0.583045     0.795587
    -0.17074    -0.834636    -0.523671
   -0.976559    0.0726434     0.202622
    0.131074    -0.545991     0.827474
   -0.133218    -0.908816     0.395356
   -0.990043     0.103729    -0.095156
   0.0454693    -0.404096    -0.913586
   -0.139412    -0.898707       0.4158
   -0.988854      0.10419    -0.106355
   0.0522597    -0.425993    -0.903216
   -0.158244    -0.915581      0.36969
   -0.984611     0.118198    -0.128726
   0.0741621     -0.38437    -0.920195
    -0.13939    -0.885912     0.442415
   -0.988757       0.1001    -0.111081
   0.0541224    -0.452925    -0.889905
   -0.150289    -0.914336     0.376036
   -0.985725     0.109387    -0.127987
   0.0758893    -0.389903    -0.917723
   -0.126486     -0.89882     0.419671
   -0.989384    0.0837886    -0.118742
   0.0715637    -0.430234    -0.899876
   -0.129987    -0.906317     0.402111
   -0.990015    0.0963334    -0.102909
   0.0545316    -0.411473    -0.909789
   -0.158648    -0.925429     0.344109
   -0.981223      0.10906    -0.159084
    0.109692    -0.362886    -0.925355
    -0.14021    -0.930502     0.338388
   -0.984374     0.094231    -0.148755
     0.10653    -0.353958    -0.929175
   -0.163485    -0.889372     0.426954
   -0.981777     0.104169     -0.15894
   0.0968815    -0.445158    -0.890196
   -0.161843    -0.866319     0.472544
   -0.983728     0.103778    -0.146663
   0.0780174    -0.488591    -0.869018
   -0.150406    -0.892877      0.42444
   -0.986702     0.108817    -0.120736
   0.0616161    -0.436955     -0.89737
   -0.135771    -0.876483     0.461892
   -0.989899     0.100805   -0.0996901
   0.0408158    -0.470762    -0.881316
   -0.160939    -0.888628    -0.429464
   -0.986003     0.125557     0.109702
   0.0435618    -0.441107     0.896396
   -0.121686    -0.928916     0.349726
    -0.99201     0.101996   -0.0742517
   0.0333029    -0.355967    -0.933905
   -0.109517    -0.901708     0.418244
   -0.993078    0.0812883   -0.0847839
    0.042452    -0.424635    -0.904369
  -0.0854696    -0.870975     0.483836
   -0.995386    0.0533905   -0.0797244
   0.0436057    -0.488418     -0.87152
  -0.0890353    -0.862215     0.498656
   -0.994427    0.0485728   -0.0935692
   0.0564557    -0.504208    -0.861735
  -0.0516975    -0.834388     0.548748
   -0.997106    0.0124528   -0.0750024
   0.0557476    -0.551037    -0.832617
  -0.0561234    -0.870756     0.488502
   -0.996888    0.0217407   -0.0757784
   0.0553641    -0.491235    -0.869266
   -0.020701    -0.826511      0.56254
   -0.998026   -0.0162833   -0.0606507
   0.0592885    -0.562685    -0.824542
  -0.0253792    -0.806286     0.590982
   -0.997271   -0.0205813   -0.0709063
   0.0693339    -0.591168    -0.803563
  -0.0509233    -0.885402     0.462029
   -0.995913    0.0104672   -0.0897076
   0.0745912    -0.464709    -0.882316
  -0.0232435    -0.849521     0.527043
   -0.997858   -0.0125351   -0.0642121
    0.061156    -0.527407    -0.847409
  -0.0893145    -0.867521     0.489317
   -0.992141    0.0342696    -0.120337
   0.0876263    -0.496219    -0.863764
   -0.119936    -0.908249     0.400873
   -0.988185    0.0704031    -0.136142
   0.0954279    -0.412465    -0.905961
   -0.113193    -0.896567       0.4282
   -0.991342    0.0730454    -0.109114
   0.0665504    -0.436844    -0.897072
    -0.12866    -0.832705     0.538562
    -0.99115     0.125875   -0.0421576
   0.0326869      0.53922     0.841531
   -0.139139    -0.874663     0.464332
   -0.989567     0.140507   -0.0318545
   0.0373801      0.46392     0.885088
    0.105271    -0.793382     0.599552
    0.994303    0.0738215   -0.0768948
   0.0167471     0.604231     0.796633
    0.103708      0.73056     0.674927
    0.994557   -0.0693499   -0.0777559
  0.00999924    -0.679318     0.733776
    0.110185     0.750805     0.651269
    0.993807   -0.0737672   -0.0830966
    0.014347    -0.656392     0.754283
  -0.0742045     -0.80395     0.590049
    -0.99518    0.0216575   -0.0956451
   -0.064115     0.594302     0.801682
   0.0816254    -0.735056     0.673075
    0.994908    0.0200381   -0.0987715
   0.0591154      0.67771     0.732949
  -0.0578311    -0.696304     0.715413
   -0.993814   -0.0279036    -0.107494
  -0.0948111     0.717204     0.690383
  -0.0784873     -0.76553     0.638595
   -0.995497    0.0260296   -0.0911493
  -0.0531552     0.642873     0.764126
  -0.0598292     -0.66295    -0.746269
   -0.993709   -0.0313472     0.107514
    -0.09467     0.748007    -0.656904
  -0.0629193    -0.551185    -0.832008
   -0.993769   -0.0422479      0.10314
      -0.092     0.833313    -0.545092
  -0.0809624      -0.4907    -0.867559
   -0.994063   -0.0237254     0.106187
  -0.0726893     0.871006    -0.485865
  -0.0620291    -0.504791     -0.86101
   -0.993264   -0.0533769     0.102851
  -0.0978762      0.86159     -0.49808
   0.0641857     0.992616     0.102925
    0.991958   -0.0521866     -0.11531
    0.109087    -0.109499     0.987983
  -0.0880374    -0.486053    -0.869484
   -0.993041   -0.0257213     0.114926
  -0.0782245     0.873551    -0.480406
    0.117872    -0.726996     0.676449
    0.992909    0.0756963   -0.0916636
   0.0154344     0.682456     0.730763
    0.124857     0.764574     0.632327
    0.991952   -0.0826822   -0.0958934
   0.0210354    -0.639211     0.768744
     0.14972     0.673993    -0.723407
    0.988228    -0.125273    0.0878136
  -0.0314373    -0.728039    -0.684815
    -0.14538    -0.583078    -0.799302
   -0.988682     0.115878    0.0952934
   0.0370582     0.804109    -0.593325
   -0.155323    -0.505258    -0.848875
   -0.987546     0.101209     0.120456
   0.0250525     0.857013    -0.514685
   0.0520867    -0.785373     0.616828
    0.991982   -0.0305289    -0.122637
    0.115146      0.61827     0.777485
   0.0521222     0.953213     0.297772
    0.991292    -0.013278    -0.131012
    0.120928    -0.302008     0.945604
  -0.0435346     -0.88913    -0.455579
   -0.986959     0.109012     -0.11844
   -0.154972    -0.444481     0.882281
   -0.042328    -0.909508    -0.413525
   -0.987852     0.100041    -0.118916
   -0.149525    -0.403468     0.902694
    -0.03852    -0.347145     -0.93702
   -0.985281    -0.143094    0.0935169
   -0.166546      0.92683    -0.336523
  -0.0289359     0.629063    -0.776816
    -0.98053    -0.168869    -0.100225
   -0.194228     0.758791     0.621701
   0.0259486     0.951567    -0.306345
    0.978911   -0.0863054    -0.185164
    0.202635      0.29508     0.933738
  -0.0144317    -0.705582     0.708481
   -0.973253     0.172388     0.151858
   -0.229282     -0.68734    -0.689198
   -0.026157    -0.676155     0.736295
   -0.981409     0.157461     0.109735
   -0.190136    -0.719737    -0.667703
  -0.0142284    -0.623727     0.781513
   -0.973129     0.188282     0.132551
    -0.22982    -0.758627    -0.609646
  -0.0104268    -0.595444     0.803329
   -0.974705     0.185416     0.124783
   -0.223252    -0.781708    -0.582315
  -0.0206687    -0.487283     0.872999
   -0.977928     0.191443    0.0837051
   -0.207918       -0.852    -0.480485
  -0.0102707    -0.462209     0.886712
   -0.972519     0.210886    0.0986622
   -0.232598     -0.86133    -0.451673
  -0.0050229    -0.451794     0.892108
   -0.972413     0.210261     0.101008
   -0.233211     -0.86699    -0.440386
  -0.0170119   0.00434584    -0.999846
   -0.978112    -0.207484    0.0157402
   -0.207383     0.978229    0.0077804
  -0.0334242    -0.461546    -0.886486
   -0.984333    -0.138441     0.109192
   -0.173123     0.876247    -0.449688
   0.0295934    -0.573015      0.81901
    0.984041     -0.12713    -0.124502
    0.175462     0.809624     0.560108
   0.0494841    -0.641953     0.765146
    0.990447    -0.067183    -0.120421
    0.128709     0.763795     0.632496
  -0.0488079    -0.815566     0.576601
    -0.99077   -0.0335596    -0.131334
   -0.126462      0.57769     0.806401
   0.0514924    -0.618109     0.784404
    0.990034   -0.0714948    -0.121329
    0.131075     0.782834     0.608268
   0.0102051    -0.948629    -0.316226
   -0.979887    0.0535403    -0.192235
    -0.19929    -0.311828     0.929003
  -0.0061866    -0.962847    -0.269975
   -0.984292       0.0535    -0.168248
   -0.176441    -0.264693     0.948054
  -0.0172061    -0.803663     0.594836
   -0.981449     0.127194     0.143458
   -0.190951    -0.581333    -0.790942
  -0.0313891    -0.915008     0.402213
   -0.986774     0.092399     0.133193
   -0.159036    -0.392712    -0.905806
  -0.0245111    -0.981062     0.192137
    -0.98925    0.0515194     0.136861
   -0.144168    -0.186717    -0.971778
   0.0390773    0.0705974    -0.996739
    0.984442     0.168294    0.0505152
    0.171312    -0.983206   -0.0629226
  -0.0436975    -0.920319      0.38872
   -0.990529    0.0906044     0.103163
   -0.130162     -0.38053    -0.915562
   0.0599521    -0.615548     0.785815
    0.988946   -0.0703242    -0.130536
    0.135613     0.784955     0.604528
   0.0710681     0.996323    0.0478596
    0.991467   -0.0653023    -0.112821
     0.10928   -0.0554692     0.992462
  -0.0300866    -0.910644     0.412095
      -0.992    0.0777721    0.0994351
   -0.122599    -0.405807    -0.905699
  -0.0582171    -0.920236     0.387009
   -0.993786    0.0902603    0.0651287
  -0.0948654    -0.380813    -0.919773
  -0.0517158     -0.91711     0.395266
   -0.996156     0.075395    0.0445989
  -0.0707032     -0.39144    -0.917484
   0.0499649    -0.558391     0.828072
    0.988642   -0.0900105     -0.12035
    0.141738      0.82468     0.547552
   0.0706262     0.943067     0.325019
    0.991187   -0.0297401    -0.129091
    0.112075    -0.331271     0.936856
  -0.0326674    -0.408154    -0.912329
   -0.984496    -0.144256    0.0997882
   -0.172338     0.901444    -0.397113
  -0.0129572    0.0230646     -0.99965
   -0.978305    -0.207019   0.00790403
   -0.206765     0.978065    0.0252466
  0.00972169     0.951682     0.306932
    0.978409    0.0543193    -0.199414
    0.206451    -0.302243     0.930606
  0.00232637    -0.531049     0.847338
   -0.974375     0.189377     0.121363
   -0.224916    -0.825907    -0.517001
-0.000766829    -0.621814     0.783164
   -0.973039     0.181091      0.14283
   -0.230638     -0.76194    -0.605189
  0.00531935    -0.432785     0.901481
   -0.975897     0.194434    0.0991027
   -0.218169     -0.88028    -0.421319
  -0.0715449    -0.922058     0.380382
   -0.996021     0.086358    0.0219958
  -0.0531305    -0.377295    -0.924568
  -0.0798012      -0.9179     0.388705
   -0.995424    0.0939456    0.0174853
  -0.0525669    -0.385531    -0.921196
   -0.100407    -0.888896      0.44697
    -0.99461     0.101351   -0.0218689
  -0.0258618    -0.446757    -0.894282
  -0.0915796    -0.915334     0.392145
   -0.995335    0.0961435  -0.00803038
  -0.0303517    -0.391051    -0.919869
   -0.128342    -0.923586      0.36127
   -0.991663     0.123749   -0.0359284
  -0.0115237     -0.36287    -0.931769
   -0.115004    -0.888875     0.443481
   -0.993351     0.100526    -0.056111
  0.00529409    -0.446985    -0.894526
   -0.132508    -0.923021     0.361212
   -0.991083     0.118228   -0.0614562
   0.0140198    -0.366135    -0.930456
   -0.105274    -0.884416     0.454671
   -0.994431    0.0958775   -0.0437506
 -0.00489905    -0.456745    -0.889584
    -0.15792    -0.874074    -0.459409
   -0.987253     0.130414     0.091238
   0.0198354    -0.467961     0.883527
    0.135129      0.94102     0.310196
    0.990498    -0.120216    -0.066797
   0.0255669    -0.316274     0.948323
    0.104179     0.674462    -0.730922
    0.992435   -0.0224972     0.120694
   0.0649598    -0.737967    -0.671703
   0.0967547     0.978148    -0.184027
    0.993179    -0.106972   -0.0464049
   0.0650766     0.178282     0.981825
   -0.106089    -0.844165     0.525481
    -0.99417     0.100274   -0.0396259
  -0.0192413    -0.526621    -0.849882
  -0.0935186    -0.908729     0.406776
   -0.994902     0.100779  -0.00359256
  -0.0377297    -0.405038    -0.913521
   -0.105992    -0.908723    -0.403717
   -0.993131      0.11698  -0.00257378
  -0.0495659    -0.400671      0.91488
  -0.0747988    -0.905254     0.418236
   -0.995442    0.0926695    0.0225509
   -0.059172    -0.414642    -0.908059
  -0.0875302    -0.945599    -0.313339
   -0.994058     0.103345   -0.0341907
  -0.0647128    -0.308484     0.949026
  -0.0595843    -0.833119     0.549874
   -0.994817    0.0950243    0.0361739
  -0.0823886    -0.544869    -0.834464
  -0.0448524    -0.928246     0.369252
   -0.995505    0.0723931    0.0610636
  -0.0834133    -0.364853    -0.927321
  -0.0774184     0.416505    -0.905831
   -0.993267    -0.110757    0.0339645
  -0.0861811     0.902361     0.422276
  -0.0334664    -0.936856     0.348111
   -0.993887    0.0678623    0.0870854
    -0.10521    -0.343068      -0.9334
  -0.0153659    -0.933381     0.358559
   -0.990642    0.0628499     0.121154
   -0.135618    -0.353342    -0.925612
   -0.017545    -0.921432     0.388143
   -0.991805    0.0651727     0.109885
   -0.126548    -0.383034    -0.915025
 -0.00199217    -0.972686    -0.232116
   -0.987175    0.0389652    -0.154812
   -0.159628    -0.228831     0.960289
 0.000495969    -0.901239     0.433322
   -0.989351    0.0626283     0.131389
   -0.145551    -0.428773     -0.89161
   0.0168786    -0.907854     0.418947
   -0.986579    0.0529388     0.154465
    -0.16241    -0.415932    -0.894776
   0.0166767      -0.9299    -0.367435
   -0.982846    0.0522604    -0.176868
   -0.183672    -0.364082     0.913077
 -0.00192399    -0.945102     0.326768
   -0.990145    0.0475587     0.131723
   -0.140032    -0.323295     -0.93588
   0.0190089    -0.957403     0.288128
   -0.988212    0.0257939     0.150905
   -0.151909      -0.2876    -0.945627
   0.0157087    -0.963996    -0.265453
   -0.989851    0.0225076    -0.140314
   -0.141236    -0.264963     0.953859
   0.0185758    -0.991209    -0.130994
    0.990768  0.000651989     0.135564
    0.134287     0.132303    -0.982071
   -0.035713     -0.99268    -0.115371
   -0.992302     0.048922    -0.113771
   -0.118583    -0.110419     0.986786
   0.0571731    -0.890949     -0.45049
    0.990429  -0.00616346     0.137888
    0.125628     0.454062    -0.882069
   0.0639231     0.996167   -0.0597145
    0.992212   -0.0698516    -0.103134
     0.10691    0.0526568     0.992873
  -0.0460638    -0.936137     0.348605
   -0.993709    0.0786045     0.079777
   -0.102084    -0.342737    -0.933869
   0.0318753    -0.744737     0.666597
     0.99073   -0.0645741    -0.119518
    0.132055     0.664227     0.735775
 -0.00200871     -0.97341    -0.229063
    0.990649   -0.0331858     0.132337
    0.136419     0.226655    -0.964374
    0.428576    -0.248775    -0.868582
    0.892504   -0.0329972      0.44983
   -0.140567    -0.967999     0.207891
     0.47965    -0.328178    -0.813779
    0.867405    0.0373396       0.4962
   -0.132455    -0.943878     0.302573
     0.46312    -0.197909    -0.863917
    0.879997   -0.0133216     0.474792
   -0.105474     -0.98013      0.16799
    0.493019     0.148507     -0.85725
     0.86432    -0.196191     0.463098
  -0.0994116    -0.969255    -0.225084
   -0.513941    -0.393922     -0.76203
   -0.848499     0.364078     0.384053
    0.126151     0.843963    -0.521357
   -0.466102     -0.34402    -0.815107
   -0.880906     0.266029     0.391449
   0.0821759     0.900488    -0.427046
    -0.51265    -0.263217    -0.817256
   -0.852423     0.269976     0.447758
    0.102782     0.926191    -0.362776
    -0.49109    -0.235521    -0.838666
   -0.866742     0.228393     0.443391
   0.0871173     0.944652    -0.316297
    0.495912     0.139745    -0.857054
    0.861604    -0.202169     0.465581
   -0.108207    -0.969329    -0.220663
   -0.536791    -0.286823    -0.793466
   -0.833898     0.323405     0.447239
    0.128333     0.901744    -0.412782
   -0.515422    -0.419796    -0.747069
   -0.847433     0.379171     0.371601
     0.12727     0.824622    -0.551182
   -0.535586    -0.370084    -0.759068
   -0.830881     0.391599     0.395332
    0.150944      0.84243    -0.517231
   -0.465622    -0.350241    -0.812728
   -0.881927     0.259905     0.393262
   0.0734958     0.899878    -0.429904
     0.47929     0.114258    -0.870187
     0.87306    -0.163405     0.459417
  -0.0897013     -0.97992    -0.178072
    0.457136     0.230361    -0.859046
    0.885526    -0.207898     0.415478
  -0.0828839    -0.950638    -0.299028
     -0.4439    -0.426717     -0.78795
   -0.893726     0.274474     0.354848
   0.0648517     0.861729    -0.503207
   -0.440604    -0.407729    -0.799766
   -0.895244     0.265453     0.357873
   0.0663847     0.873666    -0.481976
   -0.403272     -0.25544    -0.878705
   -0.912867     0.179051       0.3669
   0.0636119       0.9501    -0.305389
    0.397629    0.0750967    -0.914468
    0.914981     -0.10693     0.389071
   -0.068566    -0.991426     -0.11123
    0.433916    -0.134913    -0.890795
    0.897394   -0.0230738     0.440626
  -0.0800002    -0.990589     0.111058
   -0.387954    -0.645212    -0.658174
   -0.917047     0.198716     0.345742
   0.0922876    -0.737708     0.668782
    0.364761     0.148364    -0.919205
    0.929094    -0.122781     0.348868
  -0.0611012    -0.981281     -0.18263
   -0.351817      0.54467    -0.761288
   -0.933381    -0.142541     0.329365
   0.0708808     0.826448     0.558533
    -0.31925      0.55669    -0.766926
   -0.945584    -0.133448     0.296753
   0.0628548     0.819931     0.569001
   -0.413222     0.609068    -0.676967
   -0.903651      -0.1824     0.387485
    0.112526     0.771859     0.625757
    0.522697     0.113692    -0.844903
    0.833712    -0.275186     0.478744
   -0.178076    -0.954645    -0.238625
    0.504603     0.169639    -0.846521
    0.850219     -0.26801     0.453099
   -0.150013    -0.948363    -0.279469
    -0.47976     0.271494    -0.834339
   -0.856057    0.0636219     0.512951
    0.192345     0.960335     0.201891
    0.502295    0.0895665    -0.860045
    0.837393    -0.298351     0.457995
   -0.215574    -0.950245    -0.224863
   -0.460775      0.45366     -0.76281
   -0.871435    -0.068381     0.485722
    0.168191     0.888548     0.426843
   -0.454007     0.388042     -0.80206
    -0.86022    0.0436573      0.50805
    0.232161     0.920607     0.313981
    -0.43128     0.352213    -0.830628
   -0.879917    0.0392244     0.473505
    0.199355     0.935098     0.293002
     0.40832    -0.286205    -0.866811
    0.883642    -0.114314     0.453993
   -0.229023    -0.951325     0.206226
   -0.476751     0.363479     -0.80037
   -0.839948    0.0801343     0.536718
    0.259223      0.92815     0.267099
    -0.42668      0.50581    -0.749734
   -0.865219    0.0130737     0.501224
    0.263326     0.862546     0.432058
    0.451318     -0.15267    -0.879206
     0.84012    -0.259474     0.476311
   -0.300849    -0.953606    0.0111554
    -0.41869     0.630281    -0.653792
   -0.891051    -0.146161     0.429727
     0.17529     0.762485     0.622808
    0.391238   -0.0827268    -0.916564
    0.898548    -0.180867     0.399873
   -0.198856    -0.980022   0.00357184
   -0.380094    -0.780771     0.495909
   -0.910117     0.411329   -0.0499622
    0.164972     0.470325     0.866936
   -0.406697     0.555891    -0.724971
   -0.901036    -0.113113     0.418735
    0.150767     0.823523     0.546881
   -0.445667     0.457297    -0.769585
   -0.883009    -0.083175     0.461927
    0.147228     0.885416     0.440866
    0.434518    -0.374676    -0.819031
    0.891671    0.0507752     0.449827
   -0.126953    -0.925764     0.356151
    0.476542    -0.160799    -0.864321
    0.872071   -0.0380617     0.487896
   -0.111351    -0.986253      0.12209
    0.485623   -0.0940953    -0.869089
    0.864017    -0.099406     0.493552
   -0.132834    -0.990588    0.0330261
    0.454739     0.151052    -0.877722
    0.884779    -0.189347      0.42581
   -0.101875    -0.970222    -0.219751
   -0.386671    -0.714936     0.582539
   -0.920517     0.337556    -0.196735
   0.0559864     0.612309     0.788634
   -0.394314    -0.767976     0.504707
   -0.916039     0.372344    -0.149109
   0.0734125     0.521127     0.850316
   -0.398404    -0.858995     0.321562
   -0.912944     0.405157   -0.0488023
   0.0883624     0.313011      0.94563
    0.411956     0.877779     0.244533
    0.907106    -0.420483   -0.0187957
  -0.0863236    -0.229561     0.969459
   -0.405799    -0.298039    -0.864003
   -0.910703     0.211622     0.354733
   0.0771178       0.9308    -0.357301
    0.419671     0.883139     0.209622
     0.90267    -0.430297   0.00566428
   -0.095202    -0.186842     0.977766
   -0.422039    -0.575436     -0.70054
   -0.903393     0.331655      0.27182
   0.0759224     0.747581    -0.659816
   -0.433227    -0.518698    -0.737066
   -0.897542     0.322746     0.300423
   0.0820558     0.791699    -0.605376
   -0.429545     -0.31279    -0.847144
   -0.900022     0.224987     0.373284
   0.0738369     0.922791     -0.37816
   -0.414565    -0.422872    -0.805801
   -0.907086     0.263062     0.328623
   0.0730104     0.867167    -0.492637
   -0.416334    -0.412122    -0.810445
   -0.905939     0.263595     0.331349
   0.0770733     0.872166    -0.483101
    -0.41192    -0.419258    -0.809039
   -0.907906     0.264487     0.325197
   0.0776392     0.868487    -0.489595
   -0.439348    -0.648614     0.621509
   -0.893602     0.386347    -0.228497
   0.0919121     0.655772     0.749344
   -0.441171    -0.283495    -0.851468
   -0.894393     0.216794     0.391231
   0.0736807     0.934147    -0.349199
   -0.423031    -0.482422    -0.767016
   -0.899314     0.327056     0.290292
    0.110814     0.812591    -0.572203
   -0.399402    -0.657256     0.639134
   -0.908083     0.379399    -0.177316
    0.125945     0.651207     0.748376
    0.396025     0.879895      0.26258
    0.911857    -0.410508  0.000324314
   -0.108076    -0.239307      0.96491
    -0.37101    -0.756923     0.537977
   -0.922439     0.367172    -0.119546
    0.107043     0.540604     0.834439
   -0.373816    -0.686084      0.62414
   -0.917735     0.371009    -0.141828
    0.134256     0.625812     0.768332
   -0.376425    -0.660907     0.649235
   -0.922979     0.328111    -0.201131
    0.080092     0.674941     0.733512
    0.390954      0.50878    -0.767006
    0.916508    -0.291845     0.273567
   -0.084661     -0.80992    -0.580399
   -0.397595    -0.459403    -0.794272
   -0.914008     0.274398     0.298822
   0.0806669     0.844781    -0.528998
   -0.358495    -0.416603    -0.835418
   -0.929653     0.240814     0.278845
   0.0850129     0.876613    -0.473627
   -0.360851    -0.407849     0.838716
   -0.927637     0.249829    -0.277623
   0.0963072     0.878205     0.468487
   -0.371942    -0.331821    -0.866922
   -0.925267     0.207416     0.317584
   0.0744327     0.920257     -0.38417
   -0.333054    -0.409799      -0.8492
   -0.938938     0.226696     0.258852
   0.0864333     0.883557    -0.460278
   -0.340778    -0.381223    -0.859383
   -0.936649     0.216415     0.275414
   0.0809891     0.898796    -0.430822
   -0.307525     0.339507    -0.888911
   -0.948385   -0.0333451     0.315365
   0.0774276     0.940012     0.332237
    0.334692      0.50947    -0.792731
    0.936911    -0.269982     0.222054
   -0.100893    -0.817037    -0.567689
    0.300058    0.0513538    -0.952538
     0.94912    -0.116133      0.29272
  -0.0955886    -0.991905   -0.0835874
   -0.309992    -0.558698     -0.76926
   -0.944939     0.270294     0.184476
     0.10486      0.78409    -0.611725
   -0.350752    -0.296101    -0.888424
   -0.934095     0.178119     0.309418
   0.0666264     0.938402    -0.339062
    -0.31497     0.625823     -0.71354
    -0.94672     -0.15394     0.282885
   0.0671938     0.764623     0.640966
   -0.390218    -0.312036    -0.866235
   -0.918289      0.20025     0.341533
   0.0668926     0.928727    -0.364681
    -0.41928    -0.353298    -0.836292
   -0.905493     0.229168     0.357161
   0.0654669     0.907008    -0.415995
   -0.406014    -0.292335    -0.865848
   -0.910706      0.20816     0.356769
   0.0759388     0.933386    -0.350747
     0.44359   -0.0879867      -0.8919
    0.837632    -0.313236       0.4475
   -0.318749    -0.945591   -0.0652478
   -0.417519     -0.29037    -0.861024
   -0.864238     0.419571     0.277583
    0.280659     0.860026    -0.426128
    0.420202     0.176884    -0.890024
    0.860476    -0.389089     0.328924
   -0.288117    -0.904058    -0.315701
     0.44577     0.229785    -0.865152
    0.832658    -0.461218     0.306527
   -0.328589    -0.857016     -0.39693
    0.394876    0.0979347      -0.9135
    0.887625    -0.297222     0.351826
   -0.237056    -0.949773    -0.204295
      -0.436    -0.324803    -0.839289
   -0.854743     0.441308     0.273242
    0.281635     0.836511    -0.470034
    0.415409     0.088629    -0.905307
    0.881676    -0.284084     0.376754
   -0.223791    -0.954694    -0.196153
    0.434352     0.122181    -0.892418
    0.875243    -0.291325     0.386108
   -0.212809     -0.94879    -0.233476
    0.451529     0.252369    -0.855822
     0.82908    -0.473167     0.297891
   -0.329768    -0.844052    -0.422883
   -0.443684    -0.413597    -0.795036
   -0.852707     0.467793     0.232511
    0.275746     0.781094    -0.560229
     0.45857     0.351908    -0.816011
    0.824943    -0.510004     0.243648
   -0.330427    -0.784892    -0.524177
     0.39451     0.157643    -0.905268
    0.904141    -0.242411     0.351805
   -0.163987     -0.95728    -0.238165
    0.412942    0.0319189    -0.910198
     0.89998     -0.16759     0.402429
   -0.139695     -0.98534   -0.0979314
    0.392164    0.0754495    -0.916796
    0.916566    -0.116765     0.382456
   -0.078194    -0.990289    -0.114946
   -0.374621    -0.424713    -0.824183
   -0.921224      0.27108     0.279039
    0.104908     0.863791    -0.492808
     0.37275    -0.165238    -0.913101
    0.905757    -0.149044     0.396724
   -0.201646    -0.974927    0.0941094
    0.364807   -0.0550225    -0.929456
    0.918407    -0.142896      0.36893
   -0.153115    -0.988207   -0.0015965
   -0.375131    -0.448431    -0.811287
   -0.904595     0.368231      0.21474
    0.202445     0.814442    -0.543783
    0.392003    -0.227092    -0.891495
    0.887112    -0.163343     0.431684
   -0.243651    -0.960077     0.137425
    0.363259     0.260116    -0.894641
    0.917172     -0.26868     0.294289
   -0.163823    -0.927443    -0.336171
   -0.454389    -0.805314     0.380788
   -0.831265      0.53698     0.143702
      0.3202     0.251239     0.913428
    -0.44147     -0.73729    -0.511378
   -0.860446     0.186257     0.474279
    0.254433    -0.649394     0.716625
    0.433846     0.871914    -0.227031
    0.868887    -0.338228     0.361438
   -0.238355     0.354073     0.904334
    0.423279     0.865431     0.268076
    0.846853    -0.483087     0.222412
   -0.321986    -0.132879     0.937373
    -0.42286     0.634259    -0.647229
   -0.889929    -0.155936     0.428614
    0.170926     0.757232     0.630384
    0.404896     0.902206     0.148606
    0.882527    -0.428115     0.194585
   -0.239176   -0.0523626     0.969563
   -0.404251     0.596403    -0.693459
   -0.900612    -0.127235     0.415583
    0.159623     0.792537     0.588562
    0.386048     0.891293    -0.237831
    0.911212     -0.32827     0.248862
   -0.143736     0.312787     0.938885
   -0.401371     -0.91589   0.00692978
   -0.859336     0.379184     0.343164
    0.316928    -0.131781      0.93925
    0.377761      0.90616    -0.190187
    0.897928    -0.308425     0.314006
   -0.225881     0.289394     0.930177
    0.387332     0.917995   -0.0852067
    0.867134    -0.331357     0.371861
   -0.313133     0.217919      0.92437
   -0.406024      -0.6996    -0.587966
   -0.910502     0.254564     0.325856
   0.0782941     -0.66765     0.740347
   -0.380754    -0.747281    -0.544607
   -0.922402     0.265671     0.280344
   0.0648098    -0.609089     0.790449
   -0.377904     0.633135    -0.675521
   -0.925844    -0.259511     0.274713
 -0.00137479     0.729242     0.684254
   -0.406268    -0.662517      -0.6293
   -0.913527     0.279136     0.295892
   0.0203733    -0.695094      0.71863
   -0.422794    -0.644325    -0.637252
   -0.900165     0.217406     0.377409
    0.104631    -0.733198     0.671917
   -0.414477     0.606613    -0.678402
   -0.909684    -0.254749     0.327991
   0.0261416     0.753076     0.657414
    0.425857     -0.25207    -0.868969
    0.896739   -0.0102524      0.44244
   -0.120435    -0.967655     0.221675
   -0.426202    -0.656641    -0.622233
   -0.885597     0.162515     0.435094
    0.184578    -0.736486     0.650783
   -0.403477     0.422596    -0.811554
   -0.913418    -0.134058     0.384313
   0.0536142     0.896349     0.440096
   -0.425595    -0.693666    -0.581116
   -0.896411     0.411003     0.165903
   -0.123759    -0.591527     0.796731
    -0.42431     0.490501    -0.761163
   -0.897558    -0.339026     0.281872
   -0.119796     0.802789     0.584105
   -0.411752     0.539074    -0.734751
   -0.904623    -0.339182     0.258096
   -0.110081     0.770944     0.627317
   -0.415146     0.457876    -0.786132
   -0.903317    -0.310083     0.296424
   -0.108041     0.833186     0.542337
   -0.425459     0.572282    -0.701055
   -0.897014    -0.369226     0.242978
   -0.119796     0.732233     0.670435
    -0.40218     0.501691     -0.76587
    -0.91236    -0.289497     0.289467
  -0.0764939     0.815167     0.574153
   -0.405583     0.227084    -0.885401
   -0.909785    -0.193843     0.367036
  -0.0882805     0.954389     0.285217
      0.4019    -0.193729    -0.894955
    0.913633     0.150202     0.377774
   0.0612386    -0.969489     0.237364
    0.391488     0.197779    -0.898677
     0.91949   -0.0461783     0.390392
   0.0357119    -0.979158    -0.199934
   -0.421617    -0.683749    -0.595589
   -0.901165     0.388895     0.191474
   -0.100701    -0.617452     0.780136
   -0.395033    -0.465935    -0.791741
   -0.916329     0.138403     0.375746
  -0.0654943     0.873928    -0.481623
   -0.410693     0.410496    -0.814141
   -0.909117    -0.252484     0.331299
  -0.0695611     0.876211     0.476882
   -0.403837     0.518385    -0.753786
   -0.914795    -0.236107     0.327724
 -0.00808716     0.821906     0.569565
   -0.385135    -0.427575    -0.817833
   -0.922622     0.198533     0.330687
   0.0209734     0.881909    -0.470952
   -0.406799    -0.648859    -0.643037
   -0.912924     0.314121     0.260571
   -0.032918    -0.693044     0.720144
   -0.399756     0.540063    -0.740626
   -0.915549    -0.274343     0.294121
  -0.0443416     0.795656     0.604124
   -0.401376     0.362019    -0.841332
   -0.911725    -0.245661     0.329253
  -0.0874862     0.899218     0.428665
   -0.390549      0.45891    -0.798043
   -0.916151    -0.278702     0.288083
  -0.0902121     0.843639     0.529278
   -0.380765     0.535329     -0.75395
    -0.92316    -0.266688     0.276863
  -0.0528567     0.801436      0.59574
    -0.40621    -0.696589    -0.591402
   -0.907261      0.38462     0.170132
   -0.108953    -0.605665     0.788225
    0.391996     0.298605    -0.870157
    0.919221    -0.089043     0.383542
   0.0370463    -0.950214    -0.309388
   -0.375776    -0.248709    -0.892713
    -0.92648    0.0793266      0.36789
  -0.0206815     0.965324    -0.260233
    0.368331    0.0456474    -0.928574
    0.929222   -0.0499361     0.366133
  -0.0296563    -0.997709   -0.0608095
   -0.383426    -0.488483    -0.783817
   -0.923566     0.205795     0.323534
  0.00326482     0.847958    -0.530054
    0.354896    0.0670252      -0.9325
    0.932714    -0.093639     0.348247
  -0.0639771    -0.993348   -0.0957474
   -0.369159    -0.434746    -0.821412
   -0.927578     0.227149      0.29665
   0.0576152     0.871435    -0.487115
   -0.359743    -0.690518     0.627511
   -0.928582     0.330708    -0.168429
    0.091219     0.643286     0.760172
   -0.382052    -0.653801     0.653131
   -0.923514     0.296141    -0.243769
   0.0340418     0.696308     0.716936
    -0.35603    -0.487447    -0.797269
   -0.925942     0.299052     0.230652
    0.125994     0.820344    -0.557819
    -0.35575    -0.535055    -0.766262
   -0.929054       0.2915     0.227785
    0.101488     0.792934    -0.600796
   -0.366637    -0.652495     0.663195
   -0.928085     0.306369    -0.211651
   0.0650809     0.693101     0.717897
   -0.373818    -0.375065    -0.848284
   -0.927398     0.164836       0.3358
   0.0138804     0.912225    -0.409454
    0.659129   -0.0372536    -0.751106
     0.58321    -0.605233     0.541811
   -0.474778    -0.795177      -0.3772
    0.670864     0.041838      -0.7404
    0.581754     -0.64886     0.490452
   -0.459896    -0.759757    -0.459636
    0.663582     0.162832    -0.730168
    0.626777    -0.653866     0.423803
   -0.408423    -0.738881    -0.535953
    0.669131     0.158052    -0.726143
     0.62088    -0.655851     0.429381
   -0.408377    -0.738159    -0.536981
    0.672245    0.0510384    -0.738567
    0.586292    -0.645855     0.489012
   -0.452049    -0.761752    -0.464096
   -0.659965    -0.260457    -0.704705
   -0.658445     0.652216     0.375585
    0.361796     0.711882    -0.601936
   -0.665419    -0.240078     -0.70681
   -0.619272     0.706236     0.343124
    0.416798     0.666028    -0.618616
    -0.65864    -0.376218    -0.651654
   -0.655069     0.712813     0.250565
