 -0.00312303    -0.891854     0.452313
   -0.999149   -0.0158183   -0.0380885
   0.0411242    -0.452048    -0.891045
  -0.0329757    -0.869494     0.492842
   -0.998566   0.00785303   -0.0529586
   0.0421768    -0.493882    -0.868506
  -0.0780964    -0.857672     0.508232
   -0.996461    0.0512635   -0.0666088
   0.0310747    -0.511636     -0.85864
   -0.114448    -0.850483     0.513401
   -0.992492    0.0754443   -0.0962699
   0.0431428    -0.520564    -0.852732
   -0.146376    -0.927194     0.344799
   -0.988482     0.123546   -0.0874078
   0.0384453    -0.353622    -0.934598
   -0.143154    -0.909267    -0.390819
   -0.989504     0.123618    0.0748427
   0.0197399    -0.397431      0.91742
   -0.169841    -0.827705    -0.534845
   -0.985256     0.131266     0.109727
    0.020615    -0.545595     0.837795
    -0.16399    -0.892632     0.419898
   -0.985903     0.133975    -0.100235
    0.033217    -0.430416    -0.902019
   -0.170176    -0.931353    -0.321902
   -0.985261     0.155056    0.0722431
   0.0173709    -0.329452     0.944013
   -0.170695    -0.819362     0.547275
   -0.984829     0.124263    -0.121125
   0.0312395    -0.559647    -0.828142
   -0.163988    -0.820331     0.547873
   -0.986418     0.141652   -0.0831573
 -0.00939072    -0.554068    -0.832418
   -0.161468    -0.856887     0.489563
   -0.986665     0.129855   -0.0981367
     0.02052     -0.49888    -0.866428
    0.146054     0.987181    -0.064353
    0.979508    -0.135187     0.149294
   -0.138681    0.0848393     0.986696
    0.197755     0.975889   -0.0923779
    0.965298    -0.177474     0.191579
   -0.170566     0.127058      0.97712
   -0.152089    -0.932738    -0.326909
   -0.976746    0.0912695     0.194004
    0.151118    -0.348813     0.924929
   -0.201342    -0.901612    -0.382828
   -0.963381     0.111617     0.243802
    0.177085    -0.417897     0.891069
    0.232591     0.934543     0.269317
    0.951871    -0.275569     0.134172
   -0.199605    -0.225148     0.953659
   -0.169794     -0.89589     -0.41055
   -0.972842    0.0858743     0.214952
    0.157318    -0.435898      0.88614
    0.232418     0.970975   -0.0564686
    0.951864    -0.215147     0.218326
    -0.19984     0.104493     0.974241
   -0.206916      -0.8966    -0.391527
   -0.961756     0.112994     0.249516
    0.179476    -0.428182     0.885691
    0.227313     0.935656    -0.269957
    0.955085    -0.160086     0.249368
   -0.190106     0.314516     0.930021
    0.252199     0.904453    -0.344037
    0.944348    -0.152445     0.291492
   -0.211194     0.398404     0.892565
    0.251424     0.609066    -0.752213
    0.945729    -0.319903    0.0570805
   -0.205869    -0.725742    -0.656443
    0.261819     0.648418    -0.714846
    0.941687    -0.333851    0.0420745
    -0.21137    -0.684177    -0.698015
   -0.176643    -0.893541    -0.412772
   -0.971516    0.0909763     0.218815
    0.157968    -0.439667      0.88416
     0.20369     0.927046    -0.314794
    0.963796     -0.13336     0.230896
    -0.17207     0.350429     0.920647
    0.174938     0.267246    -0.947616
    0.973203    -0.192823     0.125282
   -0.149241    -0.944139    -0.293817
    -0.14279    -0.886031    -0.441089
   -0.980661    0.0663852     0.184111
    0.133847    -0.458848     0.878375
   -0.127559    -0.942357    -0.309341
   -0.982951    0.0784696     0.166282
    0.132424    -0.325277       0.9363
   0.0905914     0.955994    -0.279049
    0.989912   -0.0557894      0.13024
    -0.10894     0.288032     0.951404
   0.0775775     0.969293    -0.233353
    0.990931   -0.0492068     0.125039
   -0.109717     0.240937     0.964319
   -0.116362    -0.941116    -0.317429
   -0.984583    0.0672756     0.161465
    0.130602    -0.331324     0.934434
   0.0734361     0.994593    0.0734286
    0.992456    -0.080129    0.0927927
  -0.0981748   -0.0660603     0.992974
  -0.0400564    -0.946522    -0.320144
   -0.995635    0.0107764    0.0927128
   0.0843047     -0.32246     0.942821
  -0.0331003    -0.993065    -0.112808
   -0.996597    0.0242698     0.078772
   0.0754879    -0.115032     0.990489
 -0.00180787    -0.999203   -0.0398657
   -0.998307 -0.000514311    0.0581629
   0.0581371   -0.0399034     0.997511
   -0.111331    -0.993621   -0.0179615
   -0.986707     0.108367     0.121106
    0.118387   -0.0312056     0.992477
    0.253243     0.573614    -0.778996
    0.947986    -0.307668    0.0816285
   -0.192849    -0.759149    -0.621693
   -0.250746    -0.511273    -0.822026
   -0.949027     0.297352     0.104543
    0.190981     0.806339    -0.559771
   -0.235862    -0.351182    -0.906113
   -0.957601     0.242727     0.155191
    0.165438     0.904298    -0.393542
   -0.232957    -0.427156    -0.873652
   -0.958694     0.251644     0.132597
     0.16321     0.868454    -0.468134
   -0.235618    -0.425877    -0.873563
   -0.957975     0.253104     0.134993
    0.163612     0.868658    -0.467616
   -0.212357    -0.385277    -0.898035
   -0.968544     0.204981     0.141089
    0.129721     0.899747    -0.416687
   -0.217911    -0.577062    -0.787092
   -0.967394     0.234384    0.0959879
    0.129091     0.782345    -0.609321
   -0.195896    -0.509436    -0.837914
   -0.976459     0.180011     0.118843
   0.0902912      0.84147    -0.532707
   -0.205577    -0.511165    -0.834535
   -0.970558     0.215863     0.106865
     0.12552     0.831933    -0.540492
   -0.187303    -0.588928    -0.786181
   -0.978378     0.183318    0.0957688
   0.0877201      0.78712     -0.61053
    0.179145     0.682774     0.708326
    0.980267    -0.185037   -0.0695595
  -0.0835732     -0.70681     0.702449
    0.220884     0.619183     -0.75354
    0.967359    -0.237481    0.0884225
   -0.124201    -0.748475    -0.651428
   -0.206975    -0.768118     0.605934
   -0.974893     0.213918   -0.0618301
   0.0821273     0.603518     0.793108
    0.211572     0.657868    -0.722805
    0.974397    -0.199547     0.103596
  -0.0760808    -0.726217    -0.683243
   -0.218661    -0.827331     0.517408
   -0.969431     0.244666   -0.0184697
    0.111312      0.50563     0.855539
   -0.230757    -0.346883    -0.909078
   -0.960384      0.23123     0.155548
    0.156249     0.908958    -0.386499
   -0.219627    -0.570884     -0.79111
   -0.965592     0.242963    0.0927386
    0.139267     0.784258    -0.604603
   -0.229127    -0.512476    -0.827568
   -0.957905     0.269787    0.0981465
    0.172969      0.81522    -0.552719
    0.242421     0.575184    -0.781278
    0.952333    -0.294797    0.0784643
   -0.185187    -0.763058    -0.619232
   -0.209996    -0.473123    -0.855603
   -0.965344     0.239035     0.104751
    0.154959     0.847949    -0.506923
   -0.185896    -0.937451     0.294327
   -0.981326     0.162069    -0.103602
   0.0494208     -0.30809    -0.950073
   -0.181104    -0.900727     0.394831
   -0.981668     0.141317    -0.127892
   0.0593998    -0.410755    -0.909809
   -0.191311    -0.912563    -0.361426
   -0.977861     0.145399     0.150487
    0.084778    -0.382214     0.920177
   -0.169999    -0.865386     0.471388
    -0.98355     0.119354     -0.13559
   0.0610753    -0.486684     -0.87144
   -0.169093    -0.941948    -0.290071
   -0.981594     0.134439     0.135643
   0.0887718    -0.307668     0.947344
   -0.132898    -0.953212     0.271525
   -0.987787     0.104903    -0.115202
   0.0813281    -0.283519    -0.955512
   -0.137705    -0.897374     0.419234
   -0.989076     0.102112    -0.106309
   0.0525898    -0.429294    -0.901632
    0.183763     0.697864     0.692255
    0.974601    -0.221057   -0.0358651
   -0.127999    -0.681263     0.720762
   -0.144138    -0.329136    -0.933217
   -0.982211     0.162288    0.0944677
    0.120357     0.930232    -0.346673
   -0.204645    -0.564076    -0.799962
   -0.971621     0.216109    0.0961732
     0.11863     0.796941    -0.592294
   -0.214859    -0.694569     0.686592
   -0.971834     0.221742    -0.079804
   0.0968168     0.684401      0.72265
   -0.205883    -0.430077    -0.879003
   -0.975847     0.157271     0.151617
   0.0730348     0.888988    -0.452069
    0.206099     0.224809    -0.952357
    0.977468   -0.0926557     0.189661
  -0.0456037    -0.969987     -0.23884
   -0.212368    -0.533551    -0.818672
   -0.975022     0.171466     0.141177
   0.0650491     0.828205    -0.556638
   -0.188437    -0.911655     0.365209
   -0.981565     0.162731    -0.100241
   0.0319545    -0.377365    -0.925513
  -0.0960191    -0.882172     0.461035
   -0.994641    0.0671999   -0.0785681
    0.038329    -0.466109    -0.883897
   -0.051673      -0.8999     0.433025
   -0.998121    0.0322342   -0.0521179
   0.0329427    -0.434904    -0.899874
  -0.0580968    -0.921847     0.383175
   -0.996452    0.0301334   -0.0785861
   0.0608979    -0.386381    -0.920327
 -0.00559687    -0.881459     0.472227
   -0.999329   -0.0121686    -0.034558
   0.0362078    -0.472104    -0.880799
 -0.00831049    -0.814367      0.58029
   -0.998723   -0.0221626   -0.0454055
   0.0498375    -0.579926    -0.813143
   0.0206692    -0.696964     0.716808
   -0.998881   -0.0448932   -0.0148475
    0.042528    -0.715699    -0.697113
   0.0243296    -0.897182      0.44099
   -0.999171   -0.0362245   -0.0185729
   0.0326379    -0.440173     -0.89732
   -0.014084     -0.99608   -0.0873291
   -0.998051   0.00869426    0.0617936
   0.0607921   -0.0880292     0.994261
   0.0239229    -0.978263    -0.205984
   -0.998957   -0.0314097    0.0331534
   0.0389027    -0.204976     0.977994
  -0.0542796    -0.933083    -0.355542
   -0.995225    0.0216287    0.0951763
   0.0811175     -0.35901     0.929802
   -0.111067    -0.916959    -0.383211
   -0.988861    0.0635229     0.134605
   0.0990845    -0.393893       0.9138
   -0.109624    -0.927046     0.358564
   -0.991048    0.0742852    -0.110933
   0.0762045    -0.367515     -0.92689
   -0.146353    -0.510633    -0.847251
    -0.98859     0.106361     0.106665
    0.035648     0.853195    -0.520373
   -0.154843    -0.370025    -0.916027
   -0.987223    0.0932552     0.129207
   0.0376143      0.92433    -0.379737
    0.115387     0.222797    -0.968012
    0.993239   -0.0134093     0.115307
   0.0127097    -0.974773    -0.222838
    0.110866     0.285818    -0.951849
    0.993758   -0.0199605     0.109754
   0.0123702    -0.958076    -0.286247
    0.122564     0.173506    -0.977176
    0.992378  -0.00872413     0.122921
   0.0128026    -0.984794    -0.173253
  -0.0889386    -0.575833    -0.812715
   -0.994264   0.00265621     0.106924
  -0.0594117     0.817563    -0.572766
  -0.0951033    -0.886021     0.453787
    -0.99328    0.0542568    -0.102232
  -0.0659585      0.46046     0.885227
  -0.0714655    -0.602678    -0.794778
   -0.991084   -0.0469254     0.124701
    -0.11245     0.796603    -0.593951
  -0.0880898     0.350528      -0.9324
   -0.994393   -0.0859199    0.0616458
  -0.0585032     0.932603     0.356131
   0.0714179    -0.804367     0.589825
    0.991475  -0.00736306    -0.130092
    0.108985     0.594088     0.796983
  -0.0759951   0.00801857    -0.997076
   -0.992493    -0.096708     0.074868
  -0.0958249      0.99528    0.0153077
    -0.10368    -0.811496     0.575086
   -0.992375    0.0456536    -0.114491
   -0.066654     0.582572     0.810042
   0.0717933    -0.570937     0.817849
    0.990824   -0.0533203      -0.1242
    0.114518      0.81926      0.56187
  -0.0761994    -0.934566     0.347535
   -0.989653    0.0283902    -0.140643
   -0.121574     0.354656     0.927059
    0.115761     0.985446      0.12448
    0.990575    -0.105298   -0.0876038
   0.0732213    -0.133448     0.988347
    0.137987     0.979826     0.144573
    0.990137    -0.132893   -0.0443651
   0.0242573    -0.149269     0.988499
    0.150538     0.960711      0.23318
    0.988284    -0.140243   -0.0602166
   0.0251489    -0.239513     0.970568
    -0.16975    -0.660201     0.731655
    -0.98494     0.138387    -0.103642
   0.0328271      0.73823      0.67375
    0.163714     0.280979    -0.945647
    0.985694    -0.085514     0.145238
  -0.0400573    -0.955897    -0.290959
   -0.180169    -0.418236    -0.890291
   -0.983188     0.103879     0.150169
   0.0296763     0.902379     -0.42992
   0.0694526     0.220382    -0.972938
    0.988681     0.114813    0.0965828
    0.132991    -0.968633    -0.209913
   0.0601608     0.763473    -0.643032
    0.986333    -0.144461    -0.079239
     0.15339     0.629476     0.761729
   0.0540986    -0.126642    -0.990472
    0.981659     0.188342    0.0295357
    0.182807    -0.973904     0.134509
   0.0639579    -0.225185    -0.972215
    0.983549     0.179144    0.0232102
     0.16894    -0.957705     0.232938
  -0.0392188     0.660699    -0.749626
   -0.980438    -0.170256   -0.0987643
   -0.192882     0.731088     0.654452
   0.0550513     0.987266    -0.149251
    0.975919   -0.0848014    -0.200977
    0.211074     0.134593     0.968159
  -0.0384235    -0.999204    0.0107167
   -0.975037    0.0351427    -0.219243
   -0.218692    0.0188733     0.975611
   0.0446395     0.976249    -0.212005
    0.969324   -0.0936701    -0.227236
    0.241697     0.195358     0.950483
   0.0648703    -0.260801    -0.963211
    0.977434     0.211063   0.00868019
    0.201035    -0.942038     0.268608
  -0.0571836    -0.581018      0.81188
   -0.969885     0.225177    0.0928342
   -0.236755    -0.782121    -0.576397
   -0.060782    -0.793707    -0.605256
   -0.971836     0.185376    -0.145499
   -0.227684    -0.579365     0.782621
   0.0218278     0.998822   -0.0433282
    0.973955   -0.0310278     -0.22461
     0.22569     0.037297     0.973485
  -0.0293175    -0.988336    -0.149439
   -0.969035    0.0647731    -0.238276
   -0.245177    -0.137826     0.959631
  0.00816972     -0.99751   -0.0700456
    0.968257  -0.00960903     0.249773
    0.249824    0.0698627    -0.965768
  0.00647243    -0.980178    -0.198015
    0.973088   -0.0394395     0.227033
    0.230342     0.194156    -0.953544
   0.0279052    -0.517534     0.855208
    0.980973    -0.150259    -0.122939
    0.192128     0.842366     0.503494
   0.0212036    -0.749343     0.661842
    0.979888    -0.115806     -0.16251
    0.198421     0.651977     0.731816
   0.0409532     0.244754     -0.96872
    0.984867     0.153519    0.0804235
    0.168401    -0.957354    -0.234763
   0.0473433   -0.0472779    -0.997759
    0.985313     0.166273     0.038874
    0.164063    -0.984946    0.0544554
  -0.0388843    -0.754685     0.654934
   -0.985964   -0.0775214    -0.147867
   -0.162364     0.651491     0.741078
  0.00955589     -0.69208     0.721757
   -0.974256     0.156142     0.162621
   -0.225244     -0.70473    -0.672771
    0.026074     0.988609    -0.148234
    0.977892   -0.0560003    -0.201471
    0.207477     0.139703     0.968213
   0.0113639    -0.984706    -0.173855
    0.975783   -0.0270619     0.217058
    0.218443     0.172111    -0.960552
   0.0464478    -0.861199    -0.506141
    0.981195   -0.0556963      0.18481
    0.187348     0.505207    -0.842417
  -0.0621892    -0.928417     0.366299
   -0.981855  -0.00896585    -0.189422
   -0.179146     0.371432     0.911013
   0.0311707    -0.869846     0.492337
    0.980714   -0.0684701    -0.183061
    0.192946     0.488548     0.850936
   0.0843144    -0.916455     0.391155
    0.984808    0.0168376    -0.172828
    0.151803     0.399784     0.903952
    0.060105      -0.9526     -0.29823
    0.984451   0.00716774     0.175511
    0.165054     0.304142    -0.938219
   -0.113476    -0.918609    -0.378523
    -0.98691     0.148161   -0.0636994
   -0.114597     -0.36634     0.923397
   0.0840757     0.963011    -0.256011
    0.984835    -0.119434    -0.125836
    0.151757     0.241549     0.958449
   -0.121889    -0.875313    -0.467943
   -0.985442     0.163022   -0.0482542
   -0.118522    -0.455249      0.88244
   -0.120537    -0.939035     0.321999
   -0.986475     0.149596    0.0669878
   -0.111074     -0.30957    -0.944367
  -0.0462064     0.354361    -0.933966
   -0.985763    -0.167487   -0.0147783
   -0.161664     0.919987     0.357055
  -0.0992429    -0.564273    -0.819601
   -0.987421    -0.046043     0.151263
   -0.123091     0.824303    -0.552606
   0.0190287    -0.873961     0.485624
    0.980407   -0.0789359    -0.180475
    0.196061     0.479543     0.855335
  -0.0021683    -0.922065     -0.38703
    0.972805   -0.0915878      0.21275
    0.231616     0.376043    -0.897187
  0.00018491    -0.956103    -0.293032
    0.974218   -0.0659387     0.215759
     0.22561     0.285517     -0.93144
   0.0164474    -0.966092    -0.257676
   -0.969301     0.047826    -0.241182
   -0.245328    -0.253732     0.935647
  0.00767476    -0.997632   -0.0683425
   -0.968365   0.00963229    -0.249353
   -0.249421   -0.0680942     0.965998
   0.0174433    -0.903281     0.428695
   -0.971277    0.0864572      0.22169
   -0.237312    -0.420248    -0.875828
   -0.147824    -0.917734     0.368663
   -0.986719      0.16223   0.00819833
   -0.067332    -0.362555    -0.929527
   -0.157753    -0.883739    -0.440591
   -0.984599     0.174819   0.00188103
  -0.0753613    -0.434102     0.897706
   -0.174069     -0.74596     -0.64284
   -0.984145     0.154351    0.0873779
  -0.0340422    -0.647857     0.761001
   -0.163608    -0.822091     0.545343
   -0.985934     0.155401   -0.0615266
  -0.0341663    -0.547738    -0.835952
   -0.172258    -0.766828     0.618306
   -0.984326     0.109908     -0.13792
  -0.0378042     0.632373     0.773741
   -0.192929    -0.928229    -0.318072
   -0.981205     0.181242    0.0662393
  0.00383716    -0.324874      0.94575
    0.196775    0.0773483    -0.977393
    0.980428   -0.0220084     0.195644
 -0.00637813    -0.996761   -0.0801651
   -0.163832    -0.862249     0.479255
   -0.986345     0.151468   -0.0646663
  -0.0168335    -0.483305     -0.87529
   -0.195525    -0.802864     0.563187
   -0.980547     0.170151   -0.0978598
   0.0172586     0.571365     0.820515
   -0.170593    -0.902871     0.394616
   -0.985032     0.146225   -0.0912703
  -0.0247025      0.40428     0.914302
    0.133069     0.989242    0.0607728
    0.988259    -0.127792    -0.083744
   0.0750769   -0.0712029     0.994632
   -0.142811    -0.844112     0.516798
   -0.986498    0.0791072    -0.143398
  -0.0801615     0.530299     0.844012
   -0.162715    -0.823377     0.543667
   -0.986508     0.145846   -0.0743712
  -0.0180561    -0.548433    -0.835999
   -0.157441    -0.919744      0.35956
   -0.986415     0.163757   -0.0130367
  -0.0468901    -0.356727    -0.933031
   -0.155685    -0.857497    -0.490368
   -0.986493     0.160558    0.0324324
  -0.0509218    -0.488794     0.870912
   -0.141777    -0.921955     0.360415
   -0.987494     0.157088    0.0133857
  -0.0689579    -0.354009    -0.932696
   -0.140862    -0.808715     0.571085
   -0.987387     0.156876   -0.0213924
  -0.0722891    -0.566895    -0.820612
    -0.11691    -0.897171      0.42593
    -0.98871     0.145614    0.0353358
  -0.0937237    -0.416991    -0.904066
   -0.115926     -0.90709     0.404659
   -0.989246     0.142022    0.0349621
  -0.0891844    -0.396254    -0.913799
    -0.12481    -0.944711    -0.303223
   -0.987254     0.148666   -0.0568133
  -0.0987509    -0.292267     0.951225
  -0.0873416    -0.871431     0.482679
   -0.986725     0.142272    0.0783098
   -0.136913    -0.469431    -0.872289
  -0.0593514     -0.93858    -0.339919
   -0.983445     0.113381    -0.141353
   -0.171212    -0.325902     0.929771
  -0.0656478    -0.928855      0.36458
   -0.986572      0.11518     0.115802
   -0.149555    -0.352082    -0.923943
  -0.0350481    -0.893024     0.448642
    -0.98027     0.118102     0.158503
   -0.194532    -0.434235    -0.879544
  -0.0314268    -0.965356    -0.259037
   -0.983983    0.0753796    -0.161539
   -0.175469    -0.249812     0.952263
  -0.0128161      -0.9171     0.398451
   -0.981851    0.0869497     0.168548
    -0.18922    -0.389059     -0.90157
 -0.00056583    -0.861897     0.507082
   -0.977192     0.108159      0.18275
   -0.212357    -0.495413      -0.8423
  -0.0285284    -0.872268     0.488196
   -0.987119       0.1015     0.123668
   -0.157424     -0.47838    -0.863927
 -0.00195481    -0.911823     0.410578
   -0.986477    0.0690481     0.148647
    -0.16389    -0.404735    -0.899628
  -0.0101119    -0.988277    -0.152339
   -0.988688    0.0326801     -0.14638
   -0.149643    -0.149136     0.977428
  -0.0484587    -0.907768     0.416664
   -0.987274     0.106792     0.117841
   -0.151468    -0.405651     -0.90139
  -0.0704718    -0.948127     0.309981
   -0.986721     0.111847     0.117778
   -0.146338    -0.297565    -0.943419
    0.091162     0.992665    0.0794137
    0.985794   -0.0786589      -0.1484
    0.141065    -0.091814     0.985734
    0.112713     0.975694    -0.187931
    0.985608    -0.133767    -0.103361
    0.125988     0.173576     0.976729
  -0.0961406    -0.962662     0.253058
   -0.987335     0.124465    0.0983764
     -0.1262    -0.240395    -0.962436
   0.0621698    -0.860087     0.506345
    0.987566   -0.0203816    -0.155876
    0.144387      0.50974     0.848126
  -0.0141816    -0.864925       0.5017
   -0.989663    0.0837525     0.116414
   -0.142708    -0.494863    -0.857173
    0.450522     0.316868     -0.83464
    0.884634    -0.284338      0.36956
   -0.120219    -0.904846    -0.408413
    0.509742     0.855687    0.0892317
    0.853459    -0.516025    0.0729797
   -0.108494   -0.0389548     0.993334
    0.486412     0.439343    -0.755236
    0.870331    -0.319799     0.374503
  -0.0769889    -0.839468    -0.537928
   -0.514393    -0.344622    -0.785262
   -0.854333     0.285239     0.434458
   0.0742638     0.894357    -0.441146
   -0.537895    -0.312895    -0.782794
   -0.837676     0.302696     0.454614
   0.0947026     0.900262    -0.424923
   -0.486289    -0.411632    -0.770767
   -0.872182      0.28228      0.39952
   0.0531168     0.866532    -0.496287
    -0.52891    -0.614042     0.585839
   -0.844275     0.450919    -0.289606
   0.0863357     0.647784     0.756916
   -0.504375     -0.60665    -0.614477
   -0.860849     0.408829      0.30298
   0.0674133     0.681787    -0.728438
    -0.49973    -0.527234    -0.687237
   -0.861169     0.387648     0.328811
   0.0930453     0.756144    -0.647757
    0.548876    -0.321959    -0.771413
      0.8291    0.0921813     0.551448
   -0.106434    -0.942255     0.317532
   -0.522643    -0.446755    -0.726123
   -0.845526     0.380738     0.374332
    0.109228     0.809598    -0.576733
    0.539826    -0.283149    -0.792726
    0.831771    0.0346551     0.554037
   -0.129403     -0.95845     0.254223
    0.485877     0.147798     -0.86144
    0.872565    -0.139021     0.468299
  -0.0505444    -0.979198     -0.19651
    0.484837    0.0404676    -0.873668
    0.871831    -0.101845     0.479101
  -0.0695909    -0.993977   -0.0846593
   -0.464022    -0.642479      0.60984
   -0.884009     0.379911    -0.272391
   0.0566793     0.665499     0.744243
   -0.458201    -0.346108    -0.818695
   -0.887961      0.21938     0.404224
   0.0397004     0.912185    -0.407851
    -0.46059    -0.403319     -0.79069
   -0.886664     0.250246      0.38885
   0.0410366     0.880177    -0.472869
    0.430392     0.145653    -0.890813
    0.901895    -0.109537     0.417836
  -0.0367181    -0.983253    -0.178508
    0.410396     0.195415    -0.890723
    0.911128    -0.128251     0.391661
  -0.0377002    -0.972299    -0.230682
   -0.459559    -0.473115    -0.751643
   -0.886774      0.29147     0.358715
   0.0493676     0.831389    -0.553494
    0.368985    0.0638169    -0.927242
     0.92612    -0.109428     0.361008
  -0.0784282    -0.991944   -0.0994797
    0.373396   -0.0219423    -0.927412
     0.92668   -0.0373892     0.373986
  -0.0428813     -0.99906   0.00637252
    0.342562    -0.165596    -0.924786
    0.937289  -0.00718142     0.348479
  -0.0643481    -0.986167     0.152752
    0.302514     -0.23246    -0.924364
    0.951632    0.0190474     0.306648
  -0.0536766    -0.972419     0.226979
   -0.405479    -0.633671    -0.658823
   -0.908139     0.361454     0.211269
    0.104259     0.683967    -0.722024
   -0.518826     0.347132    -0.781229
   -0.839016   -0.0315271     0.543193
     0.16393     0.937286     0.307606
    0.500472     0.281593    -0.818677
     0.85384    -0.316874     0.412975
   -0.143127    -0.905702    -0.399023
   -0.471222     0.581919    -0.662812
   -0.862739    -0.147852     0.483551
    0.183389     0.799693     0.571716
   -0.495675     0.610466    -0.617768
   -0.844443    -0.172469      0.50712
    0.203034     0.773036     0.600993
   -0.451889    -0.667069     0.592296
   -0.878801     0.446992    -0.167055
    0.153314     0.596001     0.788212
   -0.448874    -0.350629    -0.821932
    -0.86695     0.393816     0.305461
    0.216586     0.849687    -0.480751
    0.423407     0.903538    0.0659216
    0.886617    -0.428227     0.174735
   -0.186109     0.015537     0.982406
     0.40104   -0.0792336    -0.912628
    0.890222    -0.201239     0.408665
   -0.216036    -0.976332   -0.0101692
   -0.471885    -0.772475    -0.424978
   -0.847784     0.265229     0.459255
    0.242047    -0.577006      0.78005
    0.427482   -0.0328496    -0.903427
    0.867984     -0.26444     0.420326
    -0.25271    -0.963842   -0.0845304
   -0.457741     0.397893    -0.795081
   -0.845059    0.0832152     0.528158
    0.276313      0.91365     0.298152
   -0.405456     0.348998     -0.84487
   -0.899838    0.0103286     0.436102
    0.160925     0.937067     0.309854
   -0.383779     0.518657    -0.764008
   -0.904441    -0.044226     0.424299
    0.186277     0.853838     0.486068
   -0.370219     0.609847    -0.700731
   -0.915872    -0.113522     0.385087
    0.155296     0.784346      0.60057
    0.394579   -0.0960258    -0.913831
    0.909231     -0.10281     0.403396
   -0.132687    -0.990055    0.0467431
   -0.429926     0.374093    -0.821716
   -0.892406   -0.0379516     0.449634
    0.137019     0.926614      0.35016
   -0.418328    -0.641257     0.643266
   -0.901897     0.377175    -0.210524
    0.107623     0.668228     0.736131
    0.462569    -0.152428    -0.873382
    0.880721   -0.0340938     0.472406
   -0.101785    -0.987726     0.118476
   -0.475294    -0.545731    -0.690126
   -0.870487     0.405672     0.278716
     0.12786     0.733217    -0.667865
   -0.445373    -0.709139     0.546594
   -0.891261      0.40938    -0.195093
   0.0854167     0.574048     0.814355
   -0.365735    -0.559095    -0.744077
   -0.927279     0.287559     0.239714
   0.0799435     0.777639    -0.623608
    0.379698      0.92346     0.055236
    0.920894    -0.382987    0.0726322
  -0.0882276   -0.0232883     0.995828
    -0.37889     -0.72211    -0.578791
    -0.92063     0.230413     0.315199
   0.0942471    -0.652278     0.752098
   -0.402564    -0.593434    -0.696978
   -0.911748     0.327809     0.247502
   0.0815997     0.735104    -0.673026
     -0.4047    -0.594939    -0.694453
   -0.910907     0.329055      0.24894
   0.0804095     0.733328    -0.675103
   -0.405016    -0.721641     0.561424
   -0.910279     0.375854     -0.17357
   0.0857584     0.581351     0.809121
   -0.412442    -0.581428    -0.701308
   -0.908143     0.323171     0.266153
   0.0718935     0.746661    -0.661309
    -0.43007    -0.601449    -0.673274
   -0.900583     0.337987     0.273339
    0.063159     0.723895    -0.687013
   -0.435007    -0.483184    -0.759804
   -0.898717     0.284967     0.333318
   0.0554656     0.827845    -0.558208
   -0.413721     -0.26156    -0.872022
   -0.907626      0.19327     0.372642
   0.0710678     0.945639    -0.317359
   -0.427901    -0.355436    -0.831003
   -0.901759     0.230033     0.365945
   0.0610885     0.905953    -0.418949
   -0.425082    -0.256939    -0.867922
   -0.902856     0.188658     0.386341
   0.0644737     0.947835    -0.312174
    0.439138     0.216179    -0.872023
    0.895866    -0.178493     0.406896
  -0.0676873    -0.959899    -0.272051
   -0.444772    -0.554102    -0.703668
    -0.89412     0.320502     0.312774
   0.0522183     0.768277    -0.637984
    0.413096    0.0601115    -0.908701
    0.905735    -0.131038      0.40308
  -0.0948446    -0.989553    -0.108576
    0.383374    -0.249565    -0.889236
    0.915651     -0.02329     0.401299
   -0.120861    -0.968078     0.219586
    -0.38136    -0.826152    -0.414774
   -0.918333     0.287139     0.272426
    0.105967    -0.484793     0.868186
    0.356727     0.883656     0.303148
    0.926894    -0.375309   0.00328563
   -0.116677    -0.279813     0.952938
   -0.359712     0.599156    -0.715275
   -0.923045     -0.11647     0.366638
    0.136365     0.792115     0.594944
   -0.360433    -0.752264     0.551532
   -0.927643     0.351077    -0.127373
   0.0978116     0.557534     0.824372
   -0.411296     -0.51363    -0.753007
   -0.909058     0.291594     0.297635
    0.066698     0.806943    -0.586851
    0.421142     0.184465    -0.888039
    0.905345    -0.144522     0.399329
  -0.0546794    -0.972155    -0.227869
   -0.381258   0.00709787    -0.924441
   -0.922252    0.0662803     0.380864
   0.0639756     0.997776   -0.0187238
   -0.378311    -0.587152    -0.715634
   -0.922083     0.307102     0.235482
   0.0815094      0.74896    -0.657583
   -0.386301     -0.27578     -0.88018
   -0.920981     0.167729     0.351655
    0.050652     0.946474    -0.318782
   -0.331612    -0.438136    -0.835506
   -0.940582     0.222139     0.256828
   0.0730732     0.871029    -0.485766
   -0.340547    -0.265881    -0.901851
   -0.938503       0.1542     0.308926
   0.0569283     0.951593    -0.302042
    -0.27489  -0.00205325    -0.961474
   -0.958995    0.0723688     0.274027
    0.069018     0.997376   -0.0218625
   -0.335305    -0.665635     0.666708
   -0.936755     0.310902    -0.160717
    0.100302     0.678432     0.727784
    0.267319     0.215445    -0.939215
    0.958663    -0.158079     0.236593
  -0.0974975    -0.963636    -0.248796
   -0.274395    -0.511087    -0.814553
   -0.953352     0.255405     0.160899
    0.125808     0.820706    -0.557328
    0.346337     0.221979    -0.911469
    0.936798    -0.133215     0.323518
  -0.0496068    -0.965908    -0.254087
   -0.276069    -0.414799    -0.867022
   -0.959408     0.173026     0.222707
   0.0576382     0.893311    -0.445729
   -0.407568    -0.367651    -0.835896
   -0.912153     0.207208     0.353613
   0.0431982     0.906586    -0.419805
   -0.439953     -0.55768    -0.703871
    -0.89709       0.3086      0.31622
   0.0408649     0.770557    -0.636059
   -0.425046    -0.215155    -0.879229
    -0.90386     0.153171      0.39947
   0.0487245     0.964493    -0.259575
   -0.454023     0.501197    -0.736658
   -0.837886    0.0409935     0.544303
    0.303002     0.864361     0.401335
    0.419948    -0.349483    -0.837559
    0.865926    -0.121983      0.48507
   -0.271692    -0.928968       0.2514
   -0.421796    -0.818128    -0.390837
   -0.861138     0.226563     0.455094
    0.283776    -0.528522     0.800085
   -0.456055     -0.77614    -0.435455
   -0.830656     0.195617     0.521291
    0.319412    -0.599451     0.733917
   -0.399184    -0.711673    -0.578078
   -0.884239     0.132109      0.44796
    0.242431    -0.689977     0.682025
    -0.43662    -0.713968    -0.547369
   -0.850569     0.129394     0.509696
    0.293081    -0.688119     0.663774
    0.411732     0.866174     -0.28323
    0.880043    -0.297211     0.370392
   -0.236645     0.401757     0.884641
   -0.437794     0.617693    -0.653293
   -0.872547    -0.116694     0.474388
    0.216791     0.777713     0.590054
   -0.470129    -0.669208    -0.575447
   -0.818645    0.0869717     0.567676
    0.329845    -0.737968     0.588732
    0.465636    -0.316913    -0.826286
    0.837624    -0.143499     0.527062
   -0.285604    -0.937536     0.198636
   -0.501053     -0.24776    -0.829193
   -0.794685     0.511106     0.327484
    0.342668     0.823034    -0.452982
    0.385537     0.909558    -0.155131
    0.905557     -0.34074     0.252711
   -0.176996     0.237909     0.955024
    0.413566     0.893167     0.176679
     0.89792    -0.432224       0.0832
   -0.150677    -0.124235     0.980746
    0.403695     0.912846    0.0611695
    0.910505    -0.407401    0.0707497
  -0.0895041   -0.0271339     0.995617
   -0.366961    -0.566862    -0.737569
   -0.919573     0.340763     0.195617
    0.140448     0.750032    -0.646318
   -0.369703     -0.65353    -0.660468
   -0.906979    0.0994766     0.409259
    0.201762    -0.750335     0.629515
   -0.354871    -0.442722    -0.823446
   -0.921638     0.313573     0.228596
    0.157006     0.840041    -0.519308
    0.369413     -0.08969    -0.924927
    0.907654    -0.178582     0.379831
   -0.199243    -0.979829    0.0154369
   -0.388856     0.387846    -0.835683
   -0.891497     0.070438     0.447517
    0.232432     0.919029     0.318374
   -0.353833    -0.731402     0.582969
   -0.920698      0.38211   -0.0794156
    0.164674     0.564839     0.808604
   -0.521205    -0.330699    -0.786755
   -0.791102     0.533049     0.300026
    0.320161     0.778779    -0.539444
    0.488606     0.238217    -0.839355
    0.833911    -0.410451     0.368947
   -0.256625    -0.880217    -0.399201
   -0.507394     -0.36432    -0.780911
   -0.830427     0.448706     0.330231
     0.23009     0.816048    -0.530212
   -0.512992    -0.300561    -0.804054
   -0.802708     0.499848     0.325287
    0.304136      0.81229     -0.49768
   -0.490223    -0.303788    -0.816942
   -0.860832     0.315607     0.399199
     0.13656     0.898947    -0.416229
    0.492464     0.334722    -0.803393
    0.842008    -0.416813     0.342476
    -0.22023     -0.84512    -0.487104
    0.493387      0.81151    -0.313083
    0.858696    -0.397079      0.32399
   -0.138603     0.428695     0.892754
   -0.476435    -0.817579    -0.323379
    -0.86693     0.375594      0.32766
    0.146429    -0.436456      0.88773
    0.504792     0.861662    0.0521897
    0.808261    -0.493009     0.321957
   -0.303148     0.120339     0.945315
   -0.471946    -0.821617    -0.319706
   -0.853532     0.334989      0.39908
    0.220793    -0.461224     0.859374
    0.472916     0.868309    -0.149635
    0.831309    -0.383422     0.402383
   -0.292019     0.314687      0.90316
   -0.477872    -0.721869    -0.500544
    -0.87692     0.358634      0.31999
   0.0514784    -0.591851     0.804402
   -0.464352    -0.711746    -0.527062
   -0.884657     0.344563     0.314101
   0.0419542    -0.612122     0.789649
   -0.438332     0.587792    -0.679975
   -0.897946    -0.319609     0.302562
  -0.0394827     0.743203       0.6679
   -0.459114     0.537605    -0.707245
   -0.887503     -0.31287     0.338305
  -0.0394014     0.783003     0.620769
   -0.471358    -0.444191    -0.761916
   -0.879986     0.294383     0.372779
     0.05871     0.846187    -0.529641
    0.457934     0.236414    -0.856974
    0.888613   -0.0937956     0.448965
   0.0257612    -0.967115    -0.253033
   -0.447416    -0.671348     0.590857
    -0.88645     0.420391    -0.193589
    0.118425      0.61038     0.783206
   -0.462367    -0.407849    -0.787322
   -0.869078     0.384539     0.311181
    0.175842     0.828124    -0.532251
    0.434282     0.899347   -0.0507385
    0.899803    -0.430506    0.0708454
  -0.0418714    0.0764216     0.996196
    0.445849    -0.592093      -0.6713
    0.877571     0.436868     0.197524
    0.176318    -0.677179     0.714381
   -0.453271     0.533445     -0.71413
   -0.872194    -0.430721     0.231854
    -0.18391     0.727953     0.660501
   -0.443915     0.619257    -0.647658
   -0.879562    -0.439224     0.182902
   -0.171203     0.650848     0.739653
   -0.456075    -0.731027    -0.507538
   -0.875132     0.472008     0.106546
   -0.161674    -0.492755     0.855017
   -0.470992    -0.733687    -0.489765
   -0.863222      0.49769    0.0845762
   -0.181698     -0.46261     0.867743
   -0.447202     0.471298     -0.76019
   -0.886116    -0.349083     0.304859
    -0.12169      0.80995     0.573735
    0.444375      0.83404     0.326968
    0.887374    -0.359747    -0.288358
    0.122876    -0.418281     0.899968
    0.436122     0.880392     0.186297
    0.896327    -0.406589    -0.176873
   0.0799711    -0.244121     0.966442
   -0.411217    -0.911255   -0.0226742
   -0.911259     0.411579   -0.0145003
  -0.0225457   -0.0146993     0.999638
   -0.469128     0.594535    -0.653029
    -0.86929    -0.441274      0.22274
   -0.155738     0.672165     0.723837
    0.418809      0.90745    0.0336593
    0.905594     -0.41464    -0.089295
   0.0670743   -0.0678791     0.995436
   -0.438624    -0.898613    0.0101922
   -0.892499     0.434257    -0.121927
   -0.105139    0.0625764     0.992487
   -0.430618    -0.654333     0.621623
   -0.902202     0.293401    -0.316144
  -0.0244788     0.696967     0.716685
    0.405327     0.909322   -0.0940351
    0.913405    -0.398627    0.0823872
  -0.0374316     0.119286     0.992154
    0.454306     0.870056    -0.191334
    0.887795    -0.459944    0.0164828
   0.0736619     0.177354     0.981387
   -0.447454     0.529293    -0.720856
   -0.890173    -0.341016      0.30216
  -0.0858923     0.776889     0.623751
   -0.438864    -0.709054    -0.551942
   -0.887908     0.436479     0.145275
   -0.137903     -0.55383      0.82113
   -0.425944    -0.659562    -0.619313
   -0.894361      0.41038     0.178063
    -0.13671    -0.629735     0.764686
   -0.433644     -0.69536    -0.573086
   -0.895502     0.403251     0.188322
   -0.100145    -0.594864     0.797563
   -0.426552     0.584252    -0.690436
   -0.888596    -0.413066     0.199436
   -0.168675     0.698588     0.695358
   -0.404578    -0.563682    -0.720124
   -0.914027     0.223842     0.338302
  -0.0295008     0.795083    -0.605783
   -0.386636     -0.79835     0.461682
   -0.922197     0.330299    -0.201135
 -0.00808305     0.503527     0.863941
    -0.36216     -0.61264    -0.702504
   -0.930886     0.276426     0.238831
   0.0478729     0.740446    -0.670409
   -0.371493    -0.566318    -0.735715
   -0.928079     0.248468     0.277367
   0.0257238     0.785842    -0.617892
   -0.352635    -0.382605    -0.853969
   -0.932207     0.223098     0.284987
   0.0814817     0.896571    -0.435339
   -0.347414    -0.827452     0.441165
   -0.933785     0.348292   -0.0820913
   0.0857275     0.440473     0.893663
   -0.343554    -0.502162    -0.793602
   -0.932542     0.282353     0.225039
     0.11107      0.81738    -0.565291
    0.358793     0.862034     0.358002
    0.931392    -0.355889   -0.0765054
  -0.0614586    -0.360889     0.930581
    0.347174     0.198418     -0.91657
    0.927986    -0.213715     0.305233
   -0.135321    -0.956533    -0.258326
   -0.352608     -0.54241    -0.762535
   -0.927733     0.309208     0.209052
     0.12239     0.781142     -0.61224
    -0.36737    -0.767029     0.526028
   -0.925012     0.360251    -0.120714
   0.0969114     0.530929     0.841857
     -0.3748    -0.665613     0.645356
   -0.926558     0.292851    -0.236068
   0.0318637     0.686438      0.72649
   -0.660091    -0.358515    -0.660111
   -0.571192     0.810279     0.131101
    0.487873     0.463589    -0.739639
   -0.678694    -0.594765    -0.430847
    -0.58109    0.0761296     0.810271
    0.449121    -0.800287     0.397281
    0.666076     0.235907    -0.707595
    0.628275    -0.688755     0.361784
   -0.402012     -0.68554    -0.606977
   -0.672664    -0.433693    -0.599528
   -0.630097     0.760519      0.15681
    0.387945     0.483241    -0.784842
    0.684158     0.726558   -0.0635751
    0.583677    -0.493171     0.645061
   -0.437321     0.478431     0.761482
   -0.661341    -0.446346     -0.60283
   -0.670797     0.711569     0.209046
    0.335648     0.542627    -0.769998
   -0.672898    -0.523448     0.522696
   -0.630058     0.775794   -0.0342015
    0.387602     0.352343     0.851833
    0.660761     0.219739    -0.717711
    0.670829    -0.601838     0.433336
