  0.00400283 -0.000153101 -4.71124e-05
-0.000153101  1.34758e-05  -0.00013534
-4.71124e-05  -0.00013534   0.00442757
  0.00335087  0.000282298  0.000116932
 0.000282298  3.74114e-05  0.000232688
 0.000116932  0.000232688    0.0037364
  0.00358236 -0.000100324 -0.000176864
-0.000100324  3.36415e-06   1.5764e-05
-0.000176864   1.5764e-05   0.00408677
  0.00439755  6.84688e-05 -3.14904e-05
 6.84688e-05  5.08926e-06 -5.75313e-05
-3.14904e-05 -5.75313e-05   0.00508175
  0.00506061  0.000137268 -4.25589e-05
 0.000137268  1.27978e-05 -0.000188476
-4.25589e-05 -0.000188476   0.00450015
  0.00266877 -0.000114614  0.000480294
-0.000114614  5.50605e-06 -4.32743e-05
 0.000480294 -4.32743e-05   0.00373322
  0.00384417  -2.4044e-05  6.79942e-05
 -2.4044e-05  1.03516e-05 -0.000123522
 6.79942e-05 -0.000123522   0.00150063
  0.00213992 -6.12608e-05 -0.000336559
-6.12608e-05  1.87617e-06  1.47412e-05
-0.000336559  1.47412e-05   0.00294019
  0.00234795  6.71789e-05  0.000617307
 6.71789e-05  2.45418e-06 -1.72184e-05
 0.000617307 -1.72184e-05   0.00362681
  0.00335335  9.13268e-05  0.000133536
 9.13268e-05   1.5139e-05 -0.000117016
 0.000133536 -0.000117016   0.00117233
  0.00290483  0.000153346 -0.000884137
 0.000153346  9.49637e-06 -7.10028e-05
-0.000884137 -7.10028e-05   0.00411482
    0.003907  7.75521e-05 -0.000345578
 7.75521e-05  1.79536e-06  1.71883e-05
-0.000345578  1.71883e-05   0.00490634
  0.00347918 -0.000105395  0.000414934
-0.000105395  4.01297e-06 -7.09525e-05
 0.000414934 -7.09525e-05   0.00509366
  0.00527388   5.4179e-05 -6.85517e-05
  5.4179e-05  9.14962e-05 -0.000658823
-6.85517e-05 -0.000658823   0.00529368
  0.00452771  9.85624e-05  0.000182556
 9.85624e-05  3.15595e-06 -5.85463e-05
 0.000182556 -5.85463e-05   0.00455495
  0.00333432 -0.000154083  0.000370253
-0.000154083  7.56795e-06  1.31936e-05
 0.000370253  1.31936e-05   0.00400996
  0.00392382 -3.27338e-05  0.000190315
-3.27338e-05  7.81858e-06 -0.000155481
 0.000190315 -0.000155481   0.00347816
  0.00280978  0.000107375 -0.000245471
 0.000107375  2.21416e-05 -0.000252325
-0.000245471 -0.000252325     0.003714
  0.00353066 -0.000212082  0.000176987
-0.000212082   4.9634e-05 -0.000373859
 0.000176987 -0.000373859   0.00383581
  0.00369361  0.000155487 -0.000268094
 0.000155487  2.36419e-05  -0.00025768
-0.000268094  -0.00025768   0.00399735
  0.00325485 -1.43798e-05  0.000182815
-1.43798e-05  1.77042e-07 -1.25376e-05
 0.000182815 -1.25376e-05     0.003905
  0.00290064 -1.40626e-06  3.71117e-05
-1.40626e-06  4.41155e-09  1.19821e-06
 3.71117e-05  1.19821e-06    0.0036599
  0.00392462  1.93476e-05  0.000581335
 1.93476e-05  1.34083e-07  4.06393e-07
 0.000581335  4.06393e-07   0.00478544
  0.00361121 -8.15835e-05 -0.000315742
-8.15835e-05  2.21221e-06 -1.26234e-05
-0.000315742 -1.26234e-05   0.00390675
  0.00351514  0.000283774  0.000357264
 0.000283774  6.41877e-05 -0.000361005
 0.000357264 -0.000361005   0.00431343
  0.00381524 -0.000547459 -0.000318895
-0.000547459    0.0001012 -0.000218218
-0.000318895 -0.000218218   0.00474257
  0.00288732 -0.000858522  0.000228767
-0.000858522  0.000268574  4.93075e-05
 0.000228767  4.93075e-05   0.00397311
  0.00354819  0.000852488 -0.000235467
 0.000852488  0.000212533  -6.0075e-05
-0.000235467  -6.0075e-05   0.00367863
  0.00566607  0.000162861 -0.000104621
 0.000162861   1.2636e-05 -0.000173941
-0.000104621 -0.000173941   0.00490294
  0.00593854  0.000167971 -3.11435e-05
 0.000167971  1.18245e-05 -0.000148554
-3.11435e-05 -0.000148554   0.00509354
  0.00576565  0.000151162 -1.47429e-06
 0.000151162  9.59624e-06 -0.000119143
-1.47429e-06 -0.000119143   0.00490891
  0.00647369  0.000172597 -6.71185e-05
 0.000172597  9.50234e-06 -8.98341e-05
-6.71185e-05 -8.98341e-05   0.00543953
   0.0068608  0.000168816  -3.3997e-05
 0.000168816  8.63397e-06 -7.49033e-05
 -3.3997e-05 -7.49033e-05   0.00557369
  0.00670161  0.000110625  0.000252509
 0.000110625  5.51742e-06 -2.58133e-05
 0.000252509 -2.58133e-05   0.00517504
  0.00690048  9.92481e-05  0.000268433
 9.92481e-05  6.30473e-06  1.31444e-05
 0.000268433  1.31444e-05   0.00556766
  0.00653991  4.19529e-05  0.000368662
 4.19529e-05  4.17951e-06   1.6593e-05
 0.000368662   1.6593e-05   0.00518694
  0.00654322  7.87733e-06  0.000439429
 7.87733e-06  4.63732e-06   1.8709e-05
 0.000439429   1.8709e-05   0.00514068
  0.00627562 -8.37687e-05  0.000574302
-8.37687e-05  6.13859e-06 -5.12933e-06
 0.000574302 -5.12933e-06   0.00495873
  0.00599581 -0.000124961  0.000538702
-0.000124961  6.78091e-06 -1.86381e-05
 0.000538702 -1.86381e-05   0.00475699
  0.00588949   -0.0001576   0.00054286
  -0.0001576  8.37214e-06 -3.10875e-05
  0.00054286 -3.10875e-05    0.0048238
  0.00595715 -0.000218906  0.000494528
-0.000218906  1.23142e-05 -5.76867e-05
 0.000494528 -5.76867e-05   0.00520946
  0.00567482 -0.000230495  0.000506373
-0.000230495  1.31567e-05 -8.50431e-05
 0.000506373 -8.50431e-05   0.00511143
  0.00595522 -0.000258489  0.000402356
-0.000258489  1.59318e-05 -0.000106963
 0.000402356 -0.000106963   0.00553874
  0.00627407 -0.000246465  0.000361936
-0.000246465  1.66229e-05 -0.000130756
 0.000361936 -0.000130756   0.00575393
  0.00595683  -0.00018513  0.000271553
 -0.00018513   1.2758e-05 -0.000126441
 0.000271553 -0.000126441   0.00545699
  0.00641221  -0.00015004  0.000156967
 -0.00015004  1.19764e-05 -0.000129928
 0.000156967 -0.000129928   0.00557141
  0.00682276 -9.29378e-05  3.09446e-05
-9.29378e-05  1.06461e-05 -0.000136242
 3.09446e-05 -0.000136242   0.00582381
  0.00664372 -3.67634e-05 -4.08406e-05
-3.67634e-05  7.36429e-06 -0.000118951
-4.08406e-05 -0.000118951   0.00542332
  0.00696413 -4.59195e-06 -4.99377e-05
-4.59195e-06  6.94599e-06 -0.000116395
-4.99377e-05 -0.000116395   0.00559329
  0.00708668    1.638e-05 -6.71034e-05
   1.638e-05  6.52656e-06 -0.000113115
-6.71034e-05 -0.000113115   0.00557343
  0.00733784 -1.40348e-06  5.77113e-06
-1.40348e-06  9.09892e-06 -0.000113083
 5.77113e-06 -0.000113083   0.00566189
  0.00728929 -5.88548e-05  4.56285e-05
-5.88548e-05  1.54177e-05 -0.000119652
 4.56285e-05 -0.000119652   0.00548312
  0.00705767 -0.000170991  0.000206227
-0.000170991  2.68863e-05 -0.000112674
 0.000206227 -0.000112674   0.00511819
  0.00714683 -0.000314999  0.000301355
-0.000314999  4.61786e-05 -0.000125112
 0.000301355 -0.000125112   0.00514899
  0.00685498 -0.000482236  0.000429786
-0.000482236  6.86953e-05 -0.000150686
 0.000429786 -0.000150686   0.00482761
  0.00650531  -0.00058908  0.000506919
 -0.00058908  8.31557e-05 -0.000166573
 0.000506919 -0.000166573    0.0045011
  0.00653275 -0.000731258  0.000631099
-0.000731258  0.000105813  -0.00018431
 0.000631099  -0.00018431   0.00473908
  0.00605623 -0.000772102  0.000722773
-0.000772102  0.000114377 -0.000202345
 0.000722773 -0.000202345   0.00458005
  0.00618837 -0.000791903  0.000745385
-0.000791903  0.000118911 -0.000195386
 0.000745385 -0.000195386     0.004675
  0.00627781  -0.00075133  0.000787641
 -0.00075133  0.000118412 -0.000182371
 0.000787641 -0.000182371   0.00477412
  0.00636294 -0.000616838  0.000824035
-0.000616838  0.000110776 -0.000147423
 0.000824035 -0.000147423   0.00495557
  0.00632759 -0.000381969  0.000827094
-0.000381969  0.000100473 -9.03903e-05
 0.000827094 -9.03903e-05   0.00512535
  0.00617643 -0.000207359  0.000830706
-0.000207359  8.65991e-05 -3.69399e-05
 0.000830706 -3.69399e-05   0.00513221
  0.00627696 -4.20768e-05  0.000863277
-4.20768e-05  9.66768e-05  6.56997e-07
 0.000863277  6.56997e-07    0.0052831
  0.00621776  0.000246738  0.000906258
 0.000246738  0.000108442  7.51952e-05
 0.000906258  7.51952e-05   0.00550434
  0.00611675  0.000552985  0.000894789
 0.000552985  0.000129911   0.00016317
 0.000894789   0.00016317   0.00554543
  0.00598946   0.00077968  0.000828714
  0.00077968  0.000158114   0.00023466
 0.000828714   0.00023466   0.00571213
  0.00588164  0.000887272  0.000839718
 0.000887272  0.000172075  0.000272309
 0.000839718  0.000272309   0.00559108
  0.00580918  0.000898097  0.000873399
 0.000898097  0.000172925   0.00027887
 0.000873399   0.00027887   0.00564355
  0.00550357  0.000880006  0.000892276
 0.000880006  0.000169382  0.000293481
 0.000892276  0.000293481   0.00551078
  0.00532841  0.000831458   0.00086971
 0.000831458   0.00016315  0.000278431
  0.00086971  0.000278431   0.00545064
  0.00535853  0.000651559  0.000827651
 0.000651559  0.000126658  0.000231676
 0.000827651  0.000231676   0.00530379
  0.00559472  0.000447499  0.000788336
 0.000447499  9.85786e-05  0.000176442
 0.000788336  0.000176442   0.00539958
  0.00583396  0.000251853  0.000741741
 0.000251853  7.56318e-05  0.000131092
 0.000741741  0.000131092   0.00585052
  0.00583231  9.08397e-05  0.000690308
 9.08397e-05  5.71027e-05  7.91898e-05
 0.000690308  7.91898e-05    0.0057957
  0.00595578  -8.1609e-05  0.000685978
 -8.1609e-05  4.92203e-05  2.39028e-05
 0.000685978  2.39028e-05   0.00603619
   0.0057173 -0.000231914  0.000669793
-0.000231914  4.15215e-05 -3.64734e-05
 0.000669793 -3.64734e-05   0.00556484
  0.00608219 -0.000346012  0.000580366
-0.000346012  4.84455e-05 -6.06895e-05
 0.000580366 -6.06895e-05   0.00609668
  0.00573201 -0.000435297  0.000539526
-0.000435297  4.80332e-05 -0.000108863
 0.000539526 -0.000108863   0.00567854
  0.00602272 -0.000515288  0.000361244
-0.000515288  5.61507e-05 -0.000138035
 0.000361244 -0.000138035    0.0060648
  0.00559894 -0.000464412  0.000379318
-0.000464412  4.78157e-05 -0.000159178
 0.000379318 -0.000159178   0.00550039
  0.00579147 -0.000487023  0.000172282
-0.000487023  5.30749e-05 -0.000175553
 0.000172282 -0.000175553   0.00600328
  0.00543133  -0.00042955   0.00017966
 -0.00042955  4.58649e-05 -0.000179781
  0.00017966 -0.000179781   0.00559542
  0.00502755 -0.000349502  8.51159e-05
-0.000349502  3.69297e-05 -0.000172828
 8.51159e-05 -0.000172828   0.00536419
  0.00502329 -0.000328886  8.19501e-05
-0.000328886  3.46475e-05 -0.000177265
 8.19501e-05 -0.000177265   0.00540679
  0.00452866  -0.00023143  3.54109e-05
 -0.00023143  2.21196e-05 -0.000160691
 3.54109e-05 -0.000160691   0.00505449
  0.00434104 -0.000162638    7.554e-05
-0.000162638  1.52568e-05 -0.000166622
   7.554e-05 -0.000166622   0.00496182
  0.00436702 -0.000147394   8.3224e-05
-0.000147394  1.46367e-05 -0.000175464
  8.3224e-05 -0.000175464   0.00514083
  0.00459674 -0.000150728  0.000109162
-0.000150728  1.68414e-05 -0.000199222
 0.000109162 -0.000199222   0.00549285
  0.00464559 -0.000135795  0.000171361
-0.000135795   1.6463e-05 -0.000206369
 0.000171361 -0.000206369   0.00580541
  0.00489709  -0.00012222  0.000175083
 -0.00012222  1.71184e-05 -0.000218465
 0.000175083 -0.000218465    0.0062798
   0.0046031 -6.29822e-05  0.000174613
-6.29822e-05  1.22108e-05  -0.00019876
 0.000174613  -0.00019876    0.0061818
  0.00458024 -3.09012e-05  0.000180067
-3.09012e-05  1.10063e-05 -0.000181999
 0.000180067 -0.000181999   0.00632237
  0.00466918   -1.871e-05  0.000140501
  -1.871e-05  1.16179e-05 -0.000167303
 0.000140501 -0.000167303   0.00647973
  0.00499464  4.16579e-07  1.52941e-05
 4.16579e-07  1.23451e-05 -0.000132997
 1.52941e-05 -0.000132997   0.00656917
  0.00442104    6.956e-05  0.000143302
   6.956e-05  8.28637e-06 -8.81797e-05
 0.000143302 -8.81797e-05   0.00631581
  0.00475041   8.5492e-05  4.48063e-05
  8.5492e-05  1.04712e-05 -5.67845e-05
 4.48063e-05 -5.67845e-05   0.00647612
  0.00466487  0.000150309 -3.36731e-06
 0.000150309  1.26823e-05  1.20878e-05
-3.36731e-06  1.20878e-05   0.00645073
  0.00520398   0.00014244 -0.000136694
  0.00014244  1.69872e-05  2.16786e-05
-0.000136694  2.16786e-05   0.00663057
  0.00505146  0.000184598 -0.000116774
 0.000184598  2.04529e-05  7.95773e-05
-0.000116774  7.95773e-05      0.00648
  0.00498256  0.000259633 -7.72549e-05
 0.000259633   2.5814e-05  0.000159864
-7.72549e-05  0.000159864   0.00622392
  0.00494251  0.000276991 -4.50455e-05
 0.000276991  2.90294e-05  0.000188364
-4.50455e-05  0.000188364   0.00594428
  0.00509673  0.000291232 -2.52443e-05
 0.000291232  3.18836e-05  0.000205712
-2.52443e-05  0.000205712   0.00578253
  0.00439621  0.000301534  3.54484e-05
 0.000301534  3.44524e-05  0.000233733
 3.54484e-05  0.000233733   0.00509968
  0.00441913  0.000310794 -2.23535e-05
 0.000310794  3.60291e-05  0.000237993
-2.23535e-05  0.000237993    0.0048837
  0.00406669  0.000312101  1.76263e-05
 0.000312101  3.83288e-05  0.000247438
 1.76263e-05  0.000247438   0.00450471
  0.00398922  0.000311175  4.62664e-05
 0.000311175  3.84722e-05  0.000241201
 4.62664e-05  0.000241201   0.00420263
  0.00375306  0.000299512  0.000106165
 0.000299512  3.74086e-05   0.00023094
 0.000106165   0.00023094   0.00390726
   0.0040333  0.000295236   5.7813e-05
 0.000295236   3.5827e-05  0.000221457
  5.7813e-05  0.000221457   0.00404618
  0.00424195  0.000267974   2.1598e-05
 0.000267974  3.38422e-05  0.000204508
  2.1598e-05  0.000204508   0.00410209
  0.00441284  0.000207606 -1.05302e-05
 0.000207606  3.34098e-05  0.000177944
-1.05302e-05  0.000177944   0.00416448
  0.00496702  9.57348e-05 -0.000137131
 9.57348e-05  3.80418e-05   0.00014369
-0.000137131   0.00014369   0.00453492
  0.00514205 -2.16136e-05 -0.000189575
-2.16136e-05   5.0859e-05  0.000115054
-0.000189575  0.000115054   0.00466462
  0.00537459 -0.000232184 -0.000194593
-0.000232184   7.5103e-05  6.79306e-05
-0.000194593  6.79306e-05    0.0048172
  0.00564109 -0.000500978 -0.000209521
-0.000500978  0.000112337  1.60004e-05
-0.000209521  1.60004e-05    0.0052635
  0.00562956 -0.000643404 -0.000154055
-0.000643404  0.000127975  -9.5234e-06
-0.000154055  -9.5234e-06   0.00526851
   0.0057974 -0.000780861 -0.000164983
-0.000780861  0.000147917  -1.2818e-05
-0.000164983  -1.2818e-05   0.00541943
  0.00606365 -0.000813535 -0.000205577
-0.000813535  0.000154306 -3.94884e-07
-0.000205577 -3.94884e-07   0.00560627
  0.00608027  -0.00077008 -0.000121123
 -0.00077008  0.000151476  1.01728e-05
-0.000121123  1.01728e-05   0.00553987
  0.00592919 -0.000664606 -0.000109087
-0.000664606  0.000140266  4.42448e-05
-0.000109087  4.42448e-05   0.00518563
  0.00644214 -0.000538583 -0.000126701
-0.000538583  0.000154235  6.04344e-05
-0.000126701  6.04344e-05   0.00592411
  0.00626596 -0.000204369 -4.04758e-05
-0.000204369  0.000149598  9.86899e-05
-4.04758e-05  9.86899e-05   0.00556474
  0.00613794  1.88131e-06 -1.94676e-05
 1.88131e-06  0.000146107  0.000120287
-1.94676e-05  0.000120287   0.00545444
  0.00612912  0.000255329 -5.01131e-05
 0.000255329  0.000180734  0.000128967
-5.01131e-05  0.000128967   0.00555594
  0.00575151  0.000593785 -0.000130565
 0.000593785  0.000208687  0.000161758
-0.000130565  0.000161758   0.00505065
  0.00570442  0.000852837 -0.000204644
 0.000852837  0.000242664  0.000174015
-0.000204644  0.000174015   0.00490625
  0.00577013   0.00106525 -0.000232699
  0.00106525  0.000274387  0.000181296
-0.000232699  0.000181296   0.00499784
  0.00602487   0.00112689 -0.000220603
  0.00112689  0.000283387  0.000187467
-0.000220603  0.000187467   0.00497036
  0.00631519   0.00104675 -0.000192933
  0.00104675   0.00027057    0.0001786
-0.000192933    0.0001786   0.00509343
  0.00664925  0.000821359 -0.000186971
 0.000821359  0.000242869  0.000176234
-0.000186971  0.000176234   0.00530812
  0.00686274  0.000705322 -0.000169693
 0.000705322  0.000211685  0.000167695
-0.000169693  0.000167695   0.00534182
  0.00706813  0.000432312 -0.000163626
 0.000432312  0.000206078  0.000157198
-0.000163626  0.000157198    0.0056129
  0.00722137  3.14753e-05 -0.000124545
 3.14753e-05  0.000181449    0.0001329
-0.000124545    0.0001329   0.00566682
   0.0072087 -0.000203483 -0.000134074
-0.000203483  0.000158677  0.000107834
-0.000134074  0.000107834   0.00565431
  0.00704382 -0.000396491 -0.000116389
-0.000396491  0.000179659  8.67855e-05
-0.000116389  8.67855e-05    0.0056453
  0.00696031 -0.000782274 -4.25548e-05
-0.000782274  0.000199228  3.27489e-05
-4.25548e-05  3.27489e-05   0.00588368
  0.00682419 -0.000932263 -4.55531e-05
-0.000932263  0.000204193  1.53076e-05
-4.55531e-05  1.53076e-05   0.00579857
  0.00662316 -0.000950623 -5.22617e-05
-0.000950623  0.000196771 -2.10299e-06
-5.22617e-05 -2.10299e-06   0.00552864
  0.00656204 -0.000865838  -3.9975e-05
-0.000865838  0.000190029 -1.29704e-05
 -3.9975e-05 -1.29704e-05   0.00546777
  0.00634741 -0.000653385 -2.72882e-05
-0.000653385   0.00016347  2.76394e-05
-2.72882e-05  2.76394e-05      0.00506
  0.00638522 -0.000444402  1.75557e-06
-0.000444402  0.000156385  1.50499e-05
 1.75557e-06  1.50499e-05   0.00541663
  0.00621498 -0.000224611  5.55214e-05
-0.000224611  0.000131008  3.50066e-05
 5.55214e-05  3.50066e-05   0.00500713
  0.00625726  2.79364e-05  6.05159e-05
 2.79364e-05  0.000119821  3.94222e-05
 6.05159e-05  3.94222e-05   0.00528024
  0.00605404  0.000249894  9.02838e-05
 0.000249894   9.8921e-05  4.92231e-05
 9.02838e-05  4.92231e-05   0.00505321
  0.00615329  0.000403376  0.000126363
 0.000403376  8.86402e-05  3.96398e-05
 0.000126363  3.96398e-05   0.00544109
  0.00595192  0.000435317  0.000103785
 0.000435317  8.49872e-05  1.94362e-05
 0.000103785  1.94362e-05   0.00521034
  0.00595228  0.000353489  4.75042e-05
 0.000353489   9.0873e-05 -1.09215e-05
 4.75042e-05 -1.09215e-05   0.00532269
  0.00598871  0.000182702 -4.66481e-05
 0.000182702  0.000104595 -2.64376e-05
-4.66481e-05 -2.64376e-05   0.00564822
  0.00599452 -0.000127091 -9.44909e-05
-0.000127091  0.000122755 -4.58549e-05
-9.44909e-05 -4.58549e-05   0.00587637
  0.00567614 -0.000295098 -0.000154726
-0.000295098  0.000122578 -7.86625e-05
-0.000154726 -7.86625e-05   0.00535449
  0.00591223  -0.00052361  -0.00014089
 -0.00052361  0.000142638 -8.20784e-05
 -0.00014089 -8.20784e-05   0.00576816
  0.00594358 -0.000643023 -0.000120766
-0.000643023  0.000146519 -6.89207e-05
-0.000120766 -6.89207e-05   0.00591919
  0.00586457 -0.000659157 -0.000198845
-0.000659157  0.000147513 -5.22918e-05
-0.000198845 -5.22918e-05   0.00574997
  0.00590659 -0.000545935 -0.000258526
-0.000545935  0.000145844 -4.11391e-05
-0.000258526 -4.11391e-05    0.0056639
  0.00608234 -0.000300157 -0.000180285
-0.000300157   0.00015475  -2.6594e-05
-0.000180285  -2.6594e-05   0.00582958
  0.00599114  3.29941e-05 -0.000150896
 3.29941e-05   0.00016728  6.28047e-06
-0.000150896  6.28047e-06   0.00555643
  0.00567759    0.0002285 -0.000207909
   0.0002285  0.000164881   4.5759e-05
-0.000207909   4.5759e-05   0.00499793
  0.00582752  0.000625213 -0.000212821
 0.000625213  0.000191289  6.21787e-05
-0.000212821  6.21787e-05   0.00495052
  0.00630241  0.000946254 -0.000194268
 0.000946254  0.000238173  4.15708e-05
-0.000194268  4.15708e-05   0.00543396
  0.00630758  0.000965204 -0.000191287
 0.000965204  0.000235639  2.87562e-05
-0.000191287  2.87562e-05   0.00543318
  0.00633072   0.00104204  -0.00015456
  0.00104204  0.000245031  3.22428e-05
 -0.00015456  3.22428e-05     0.005328
  0.00631395   0.00101965 -8.20146e-05
  0.00101965  0.000251192   2.0441e-05
-8.20146e-05   2.0441e-05    0.0053991
  0.00638125  0.000725573  2.31004e-05
 0.000725573  0.000221154  2.50599e-05
 2.31004e-05  2.50599e-05   0.00575987
  0.00629731  0.000530077  2.84159e-05
 0.000530077  0.000213224  1.57737e-05
 2.84159e-05  1.57737e-05   0.00564507
  0.00590215  0.000149453  0.000108007
 0.000149453  0.000185594  1.54864e-05
 0.000108007  1.54864e-05   0.00506848
  0.00551029 -0.000288845  0.000104276
-0.000288845   0.00017679  1.97859e-05
 0.000104276  1.97859e-05   0.00488788
  0.00548088 -0.000544287  0.000145903
-0.000544287  0.000186433  4.23916e-05
 0.000145903  4.23916e-05   0.00491529
  0.00517168 -0.000735432  0.000119994
-0.000735432  0.000189581  4.75485e-05
 0.000119994  4.75485e-05   0.00452166
  0.00495656 -0.000817864  0.000112708
-0.000817864   0.00019334  5.90479e-05
 0.000112708  5.90479e-05   0.00435171
  0.00505858 -0.000782331  9.82755e-05
-0.000782331  0.000191741   7.1196e-05
 9.82755e-05   7.1196e-05   0.00447473
   0.0050804 -0.000622255  4.66835e-05
-0.000622255   0.00017744  7.68117e-05
 4.66835e-05  7.68117e-05   0.00446177
  0.00532073 -0.000358441 -4.47475e-05
-0.000358441  0.000163106  5.53966e-05
-4.47475e-05  5.53966e-05   0.00469985
  0.00547329 -5.04572e-05 -0.000143546
-5.04572e-05  0.000151264  3.96986e-05
-0.000143546  3.96986e-05   0.00475221
  0.00545088  0.000246428 -0.000244934
 0.000246428  0.000148588  2.70198e-05
-0.000244934  2.70198e-05   0.00467393
  0.00585255  0.000468583 -0.000385159
 0.000468583  0.000174793 -2.71919e-05
-0.000385159 -2.71919e-05   0.00510308
  0.00603179  0.000797404 -0.000388907
 0.000797404  0.000205318 -4.89097e-05
-0.000388907 -4.89097e-05   0.00530102
  0.00569872  0.000944611 -0.000354883
 0.000944611  0.000214473 -4.34907e-05
-0.000354883 -4.34907e-05    0.0049685
  0.00599404   0.00111665 -0.000315462
  0.00111665  0.000247101 -4.84436e-05
-0.000315462 -4.84436e-05   0.00535689
  0.00613636   0.00119206 -0.000305943
  0.00119206  0.000260283 -4.23741e-05
-0.000305943 -4.23741e-05   0.00557679
  0.00642385   0.00116656 -0.000295827
  0.00116656   0.00025042 -2.53732e-05
-0.000295827 -2.53732e-05   0.00571577
   0.0064727  0.000972263 -0.000113177
 0.000972263  0.000202109  5.35713e-05
-0.000113177  5.35713e-05   0.00560955
  0.00652382  0.000800225 -2.48716e-05
 0.000800225  0.000170687  8.28357e-05
-2.48716e-05  8.28357e-05   0.00555472
  0.00674071  0.000565925  0.000122523
 0.000565925   0.00013542  0.000139379
 0.000122523  0.000139379    0.0056332
  0.00667107  0.000217726  0.000267999
 0.000217726  0.000102853  0.000177575
 0.000267999  0.000177575   0.00526692
  0.00656018 -8.76855e-05  0.000356379
-8.76855e-05  0.000105055  0.000213215
 0.000356379  0.000213215     0.005286
  0.00627132 -0.000279934  0.000367773
-0.000279934  0.000102178  0.000209587
 0.000367773  0.000209587   0.00503051
  0.00623276 -0.000493083  0.000370975
-0.000493083  0.000147776  0.000226646
 0.000370975  0.000226646   0.00497306
  0.00600714 -0.000707945  0.000343756
-0.000707945  0.000191377  0.000238744
 0.000343756  0.000238744   0.00485401
  0.00555251 -0.000978363   0.00029438
-0.000978363  0.000270203  0.000220065
  0.00029438  0.000220065   0.00460932
   0.0054504  -0.00120859  0.000300635
 -0.00120859  0.000344916  0.000209365
 0.000300635  0.000209365   0.00465166
  0.00543081   -0.0013194  0.000262964
  -0.0013194   0.00038311  0.000199757
 0.000262964  0.000199757   0.00456846
  0.00564082  -0.00143612  0.000156665
 -0.00143612  0.000425015  0.000224637
 0.000156665  0.000224637   0.00489437
  0.00598742  -0.00143686  9.70074e-05
 -0.00143686  0.000424833  0.000215608
 9.70074e-05  0.000215608   0.00520396
  0.00620393  -0.00126818  4.89677e-05
 -0.00126818  0.000386909  0.000212362
 4.89677e-05  0.000212362   0.00522538
  0.00662441 -0.000970361  8.74291e-05
-0.000970361  0.000332517  0.000203414
 8.74291e-05  0.000203414   0.00552084
  0.00691494 -0.000837504  8.92033e-05
-0.000837504  0.000303498  0.000205012
 8.92033e-05  0.000205012   0.00572546
  0.00676948 -0.000406793  0.000103653
-0.000406793  0.000230609  0.000184245
 0.000103653  0.000184245   0.00520867
  0.00671075  4.76654e-05   8.8732e-05
 4.76654e-05  0.000201343  0.000148764
  8.8732e-05  0.000148764   0.00517567
   0.0067989  0.000316939  0.000144535
 0.000316939  0.000219047  0.000112836
 0.000144535  0.000112836   0.00527833
  0.00668836  0.000647108  0.000222059
 0.000647108  0.000218704  7.51591e-05
 0.000222059  7.51591e-05   0.00533439
  0.00656953  0.000956214  0.000323992
 0.000956214  0.000231415  4.24736e-05
 0.000323992  4.24736e-05    0.0053071
  0.00625185   0.00107339  0.000266804
  0.00107339  0.000241683  1.85182e-05
 0.000266804  1.85182e-05   0.00511329
   0.0063226   0.00112834  0.000197897
  0.00112834  0.000244153 -1.01735e-05
 0.000197897 -1.01735e-05      0.00538
   0.0063816   0.00106823  0.000209231
  0.00106823   0.00022672 -2.21659e-05
 0.000209231 -2.21659e-05   0.00550373
  0.00639329  0.000890041  0.000200916
 0.000890041   0.00018375 -2.06147e-05
 0.000200916 -2.06147e-05   0.00573569
  0.00614705  0.000718523  0.000177256
 0.000718523  0.000143581 -3.61141e-05
 0.000177256 -3.61141e-05   0.00521877
  0.00616027   0.00057734  0.000192532
  0.00057734  0.000116963 -2.56634e-05
 0.000192532 -2.56634e-05   0.00516589
   0.0061154   0.00032362  0.000238463
  0.00032362  6.61979e-05   3.0734e-06
 0.000238463   3.0734e-06   0.00541624
  0.00582089  0.000140682  0.000266137
 0.000140682  3.31817e-05  8.00379e-06
 0.000266137  8.00379e-06   0.00511314
  0.00564685  8.49765e-05  0.000248438
 8.49765e-05  2.70876e-05  1.20734e-05
 0.000248438  1.20734e-05   0.00513732
  0.00525432 -1.87916e-05   0.00017152
-1.87916e-05  1.29449e-05  8.95734e-06
  0.00017152  8.95734e-06   0.00474557
  0.00490811 -7.25287e-05   5.5249e-05
-7.25287e-05  7.58311e-06   2.2079e-05
  5.5249e-05   2.2079e-05    0.0047774
  0.00453927 -0.000109058  9.01085e-06
-0.000109058  5.02359e-06   2.0786e-05
 9.01085e-06   2.0786e-05    0.0045343
  0.00418267 -0.000117101 -4.68086e-05
-0.000117101  4.35554e-06  1.89302e-05
-4.68086e-05  1.89302e-05   0.00438412
   0.0039876 -0.000117431 -7.76269e-05
-0.000117431   4.2361e-06  2.05353e-05
-7.76269e-05  2.05353e-05    0.0043792
  0.00395005  -0.00011916 -1.03235e-05
 -0.00011916  4.42671e-06  2.29509e-05
-1.03235e-05  2.29509e-05   0.00461854
  0.00414148 -0.000133179  1.70216e-07
-0.000133179  5.41533e-06  3.48975e-05
 1.70216e-07  3.48975e-05   0.00502053
  0.00450807 -0.000154209  1.51369e-05
-0.000154209  6.78006e-06  5.05185e-05
 1.51369e-05  5.05185e-05   0.00552326
  0.00456685 -0.000158381  7.08386e-06
-0.000158381  7.09848e-06  5.53807e-05
 7.08386e-06  5.53807e-05   0.00572357
  0.00466638 -0.000166854  6.10025e-05
-0.000166854  7.67003e-06  6.27223e-05
 6.10025e-05  6.27223e-05   0.00590466
  0.00493549 -0.000189577  7.34886e-05
-0.000189577  9.46637e-06  8.92657e-05
 7.34886e-05  8.92657e-05   0.00675024
  0.00522065 -0.000206181  0.000168996
-0.000206181  1.05396e-05  0.000100801
 0.000168996  0.000100801   0.00721681
  0.00527802 -0.000213441  0.000221316
-0.000213441  1.11885e-05  0.000111922
 0.000221316  0.000111922   0.00744618
  0.00505586 -0.000205354  0.000266137
-0.000205354  1.08628e-05   0.00011471
 0.000266137   0.00011471   0.00755748
   0.0053588 -0.000209372  0.000111655
-0.000209372  1.07391e-05  0.000113953
 0.000111655  0.000113953   0.00772743
  0.00536797 -0.000206314  0.000130978
-0.000206314  1.04672e-05  0.000112509
 0.000130978  0.000112509   0.00763878
  0.00506284 -0.000182791  0.000135788
-0.000182791  8.89125e-06  9.75139e-05
 0.000135788  9.75139e-05   0.00724423
  0.00529641 -0.000168335  0.000102375
-0.000168335  8.03899e-06  8.18107e-05
 0.000102375  8.18107e-05   0.00741435
  0.00502999 -0.000148101  0.000150019
-0.000148101  6.78718e-06  6.70375e-05
 0.000150019  6.70375e-05   0.00712022
   0.0051892 -0.000121404  0.000143978
-0.000121404  6.25631e-06  3.92664e-05
 0.000143978  3.92664e-05   0.00718008
  0.00510833 -8.97461e-05  7.77639e-05
-8.97461e-05  5.08311e-06  1.57066e-05
 7.77639e-05  1.57066e-05    0.0069492
  0.00486314 -5.51812e-05  8.97608e-06
-5.51812e-05  4.01066e-06 -5.08514e-06
 8.97608e-06 -5.08514e-06    0.0064769
  0.00483857 -2.42578e-05  8.07462e-05
-2.42578e-05  3.44207e-06 -2.38401e-05
 8.07462e-05 -2.38401e-05   0.00605587
  0.00476057   1.5961e-05  0.000113837
  1.5961e-05  4.09839e-06 -3.93854e-05
 0.000113837 -3.93854e-05   0.00572421
  0.00449742  4.51063e-05  5.49044e-05
 4.51063e-05  4.74142e-06  -4.9656e-05
 5.49044e-05  -4.9656e-05   0.00540483
  0.00435694  6.31145e-05 -2.92059e-05
 6.31145e-05  4.96648e-06 -5.40781e-05
-2.92059e-05 -5.40781e-05   0.00505488
  0.00479444  0.000110799  7.90657e-05
 0.000110799  9.80469e-06 -8.67246e-05
 7.90657e-05 -8.67246e-05   0.00573897
  0.00494128  0.000180432  6.05234e-07
 0.000180432  1.83477e-05  -0.00010943
 6.05234e-07  -0.00010943   0.00573308
  0.00508572  0.000216814  6.27297e-06
 0.000216814  2.27103e-05 -0.000118584
 6.27297e-06 -0.000118584   0.00579219
  0.00511939  0.000277984 -1.24256e-05
 0.000277984  3.37347e-05 -0.000127657
-1.24256e-05 -0.000127657   0.00563187
  0.00547783  0.000452718  3.05417e-05
 0.000452718  6.28912e-05 -0.000165829
 3.05417e-05 -0.000165829    0.0059093
  0.00564388  0.000569369 -3.58102e-05
 0.000569369    8.712e-05 -0.000199735
-3.58102e-05 -0.000199735   0.00605315
  0.00579599  0.000714863 -0.000101072
 0.000714863   0.00011465 -0.000215287
-0.000101072 -0.000215287   0.00592671
  0.00581978  0.000786401 -0.000253977
 0.000786401  0.000127364  -0.00022108
-0.000253977  -0.00022108   0.00568647
  0.00624188  0.000870644 -0.000201645
 0.000870644  0.000144128 -0.000216948
-0.000201645 -0.000216948   0.00595845
  0.00611446  0.000832171 -0.000212557
 0.000832171  0.000135543 -0.000195158
-0.000212557 -0.000195158   0.00555504
  0.00642075  0.000772252 -0.000270865
 0.000772252  0.000128315 -0.000157026
-0.000270865 -0.000157026   0.00567519
  0.00647297  0.000663304   -0.0003156
 0.000663304  0.000119311 -0.000122655
  -0.0003156 -0.000122655   0.00568178
  0.00647619  0.000379138 -0.000424082
 0.000379138  9.83051e-05  -4.1596e-05
-0.000424082  -4.1596e-05    0.0056668
  0.00675421  6.81453e-05  -0.00057857
 6.81453e-05  0.000109669  3.66464e-05
 -0.00057857  3.66464e-05   0.00587296
  0.00669291 -0.000168286 -0.000655983
-0.000168286  0.000102249  8.36699e-05
-0.000655983  8.36699e-05   0.00569516
  0.00673145 -0.000284923 -0.000663076
-0.000284923  0.000116128  0.000105118
-0.000663076  0.000105118   0.00565251
  0.00696434  -0.00065941 -0.000699995
 -0.00065941  0.000162578  0.000222856
-0.000699995  0.000222856   0.00596089
  0.00711961  -0.00090809 -0.000657315
 -0.00090809  0.000205805  0.000270326
-0.000657315  0.000270326   0.00606359
  0.00697115  -0.00107948 -0.000615059
 -0.00107948  0.000231532  0.000287781
-0.000615059  0.000287781   0.00581742
  0.00715727  -0.00131386 -0.000550254
 -0.00131386  0.000282141  0.000304422
-0.000550254  0.000304422   0.00587582
  0.00722046  -0.00135998 -0.000539939
 -0.00135998  0.000290193  0.000314956
-0.000539939  0.000314956   0.00586788
  0.00694327  -0.00129614  -0.00057153
 -0.00129614  0.000272042  0.000277662
 -0.00057153  0.000277662   0.00555977
  0.00686009   -0.0011866 -0.000516612
  -0.0011866  0.000246507   0.00021572
-0.000516612   0.00021572   0.00557351
  0.00662557  -0.00101854 -0.000601872
 -0.00101854  0.000204666   0.00019177
-0.000601872   0.00019177   0.00525417
  0.00668318 -0.000845216 -0.000587084
-0.000845216  0.000175607  0.000132678
-0.000587084  0.000132678   0.00522587
  0.00644285 -0.000570398 -0.000595377
-0.000570398  0.000129188  8.49843e-05
-0.000595377  8.49843e-05    0.0047971
  0.00653615 -0.000283134 -0.000500367
-0.000283134  0.000100505 -6.94239e-07
-0.000500367 -6.94239e-07   0.00493582
  0.00640287 -4.96867e-05 -0.000458334
-4.96867e-05  7.65641e-05 -6.28525e-05
-0.000458334 -6.28525e-05   0.00484583
  0.00658188  0.000294266 -0.000549407
 0.000294266  8.12942e-05 -0.000124911
-0.000549407 -0.000124911   0.00503521
  0.00650398  0.000424001  -0.00054752
 0.000424001  7.74491e-05 -0.000150431
 -0.00054752 -0.000150431   0.00496206
  0.00665492   0.00055487 -0.000564979
  0.00055487  8.69981e-05 -0.000176745
-0.000564979 -0.000176745   0.00505779
  0.00660978  0.000696824 -0.000492872
 0.000696824  9.72555e-05 -0.000173728
-0.000492872 -0.000173728   0.00503962
  0.00672344  0.000771844 -0.000499078
 0.000771844  0.000103849 -0.000163821
-0.000499078 -0.000163821   0.00542639
  0.00661307   0.00079264  -0.00054286
  0.00079264  0.000106285 -0.000157798
 -0.00054286 -0.000157798   0.00548278
  0.00662164  0.000751065 -0.000659604
 0.000751065  9.57552e-05 -0.000113379
-0.000659604 -0.000113379   0.00561457
  0.00652555  0.000697813 -0.000652651
 0.000697813  8.49526e-05 -8.05757e-05
-0.000652651 -8.05757e-05   0.00546992
  0.00653554  0.000649887 -0.000705173
 0.000649887  7.76934e-05 -6.29524e-05
-0.000705173 -6.29524e-05   0.00551108
  0.00651522  0.000573935 -0.000659266
 0.000573935  6.65984e-05 -2.94387e-05
-0.000659266 -2.94387e-05   0.00554173
  0.00651758  0.000429094 -0.000652947
 0.000429094   4.5553e-05  2.70904e-05
-0.000652947  2.70904e-05   0.00560544
  0.00633747  0.000267135 -0.000793648
 0.000267135  2.68127e-05  4.65806e-05
-0.000793648  4.65806e-05   0.00557732
  0.00627246  0.000214537 -0.000820002
 0.000214537  2.08505e-05  5.32291e-05
-0.000820002  5.32291e-05    0.0055133
  0.00642798  0.000126789 -0.000734015
 0.000126789  1.68785e-05  7.32163e-05
-0.000734015  7.32163e-05   0.00585811
  0.00635807  2.47795e-05 -0.000614132
 2.47795e-05  9.61438e-06  5.92963e-05
-0.000614132  5.92963e-05   0.00568698
  0.00637564 -9.17143e-06 -0.000684102
-9.17143e-06  5.78308e-06  1.47026e-05
-0.000684102  1.47026e-05   0.00537765
  0.00637145 -3.34017e-05 -0.000679035
-3.34017e-05  4.80545e-06 -1.68619e-05
-0.000679035 -1.68619e-05   0.00530377
  0.00658003 -5.93121e-05 -0.000643798
-5.93121e-05  6.79913e-06 -5.80651e-05
-0.000643798 -5.80651e-05   0.00573391
  0.00640061 -3.84966e-05 -0.000717613
-3.84966e-05  6.19069e-06 -8.83472e-05
-0.000717613 -8.83472e-05   0.00536484
  0.00653524 -2.12981e-05 -0.000770762
-2.12981e-05  7.74083e-06 -0.000122158
-0.000770762 -0.000122158   0.00556379
  0.00649845   2.2422e-05  -0.00072906
  2.2422e-05   9.0397e-06  -0.00017147
 -0.00072906  -0.00017147   0.00538331
  0.00662982  6.36658e-05 -0.000688877
 6.36658e-05  1.22091e-05 -0.000227153
-0.000688877 -0.000227153   0.00572399
  0.00643545  8.85905e-05 -0.000648306
 8.85905e-05  1.34741e-05 -0.000245831
-0.000648306 -0.000245831   0.00570264
  0.00666194   0.00011538 -0.000597246
  0.00011538  1.54401e-05 -0.000266881
-0.000597246 -0.000266881    0.0059601
  0.00674671   0.00015013 -0.000515703
  0.00015013   1.8069e-05 -0.000290672
-0.000515703 -0.000290672    0.0062695
  0.00633896  0.000169393 -0.000434707
 0.000169393  1.83285e-05 -0.000284483
-0.000434707 -0.000284483   0.00602873
   0.0063171   0.00019287 -0.000404139
  0.00019287  1.94512e-05 -0.000284011
-0.000404139 -0.000284011   0.00607913
  0.00609333  0.000189874 -0.000294856
 0.000189874  1.79291e-05 -0.000256948
-0.000294856 -0.000256948   0.00574788
  0.00578112  0.000174402 -0.000139491
 0.000174402  1.65428e-05 -0.000237386
-0.000139491 -0.000237386   0.00539126
  0.00569427  0.000172064 -7.36376e-05
 0.000172064  1.52868e-05 -0.000214699
-7.36376e-05 -0.000214699   0.00523612
  0.00272865 -8.56836e-05 -0.000310583
-8.56836e-05  2.91168e-06  2.08979e-05
-0.000310583  2.08979e-05   0.00348962
   0.0032274 -0.000108436 -0.000177075
-0.000108436  4.00509e-06  2.49545e-05
-0.000177075  2.49545e-05   0.00397951
  0.00335158 -0.000114869 -0.000115652
-0.000114869  4.31499e-06  2.48477e-05
-0.000115652  2.48477e-05   0.00415347
  0.00373515 -0.000135338 -6.68892e-05
-0.000135338   5.4112e-06  2.88531e-05
-6.68892e-05  2.88531e-05   0.00455669
  0.00445515 -0.000172803 -2.11423e-05
-0.000172803   7.3987e-06  3.75285e-05
-2.11423e-05  3.75285e-05   0.00523375
  0.00455246 -0.000178998  1.24578e-05
-0.000178998  7.64591e-06  3.45196e-05
 1.24578e-05  3.45196e-05   0.00544703
  0.00516056 -0.000217592  4.88812e-05
-0.000217592  9.92697e-06  4.07855e-05
 4.88812e-05  4.07855e-05   0.00603301
  0.00559182 -0.000247104   0.00017076
-0.000247104  1.17322e-05    3.744e-05
  0.00017076    3.744e-05   0.00647336
  0.00601436  -0.00028075  0.000216157
 -0.00028075   1.4025e-05   3.8134e-05
 0.000216157   3.8134e-05   0.00680487
  0.00543382 -0.000254212  0.000232344
-0.000254212   1.2611e-05  2.68669e-05
 0.000232344  2.68669e-05   0.00648797
  0.00583959 -0.000290404  0.000155314
-0.000290404  1.52767e-05  3.09118e-05
 0.000155314  3.09118e-05   0.00659267
   0.0056198 -0.000288779  0.000144746
-0.000288779   1.5631e-05  2.51266e-05
 0.000144746  2.51266e-05   0.00648136
  0.00493751 -0.000258096  0.000120869
-0.000258096  1.41528e-05  1.49257e-05
 0.000120869  1.49257e-05   0.00622908
  0.00461585 -0.000251601  0.000105802
-0.000251601  1.43529e-05  1.18752e-05
 0.000105802  1.18752e-05   0.00605271
  0.00458959 -0.000256077  9.30781e-05
-0.000256077  1.49234e-05  1.19361e-05
 9.30781e-05  1.19361e-05   0.00606346
  0.00425799 -0.000242593  9.53662e-05
-0.000242593  1.43618e-05  8.91209e-06
 9.53662e-05  8.91209e-06   0.00590295
  0.00414656 -0.000240742   0.00012104
-0.000240742   1.4471e-05  6.44195e-06
  0.00012104  6.44195e-06   0.00581257
  0.00438544  -0.00026014  0.000133495
 -0.00026014  1.59255e-05  6.36399e-06
 0.000133495  6.36399e-06   0.00605256
  0.00427048 -0.000253809  9.27285e-05
-0.000253809  1.55558e-05  6.68862e-06
 9.27285e-05  6.68862e-06   0.00606469
  0.00423859 -0.000250609  2.42853e-05
-0.000250609  1.52734e-05  1.00691e-05
 2.42853e-05  1.00691e-05    0.0060922
  0.00446184 -0.000268889 -3.05426e-05
-0.000268889   1.6672e-05  1.14661e-05
-3.05426e-05  1.14661e-05   0.00631982
  0.00444874 -0.000266734 -8.89739e-05
-0.000266734  1.64533e-05  1.15365e-05
-8.89739e-05  1.15365e-05   0.00629503
  0.00423694 -0.000253935 -0.000220872
-0.000253935  1.57034e-05  1.33373e-05
-0.000220872  1.33373e-05   0.00626619
  0.00421575 -0.000254382 -0.000269672
-0.000254382  1.58848e-05  1.02932e-05
-0.000269672  1.02932e-05   0.00627343
  0.00422466 -0.000257064 -0.000275632
-0.000257064  1.62318e-05  6.33446e-06
-0.000275632  6.33446e-06   0.00628852
  0.00411083 -0.000249453 -0.000275826
-0.000249453  1.57268e-05  3.37859e-06
-0.000275826  3.37859e-06   0.00615787
   0.0037903 -0.000228712 -0.000208335
-0.000228712  1.44147e-05 -3.66071e-06
-0.000208335 -3.66071e-06   0.00582015
  0.00376414 -0.000230237 -0.000173011
-0.000230237  1.47426e-05 -3.69128e-06
-0.000173011 -3.69128e-06   0.00568959
  0.00370767 -0.000227666 -0.000147314
-0.000227666   1.4626e-05 -3.29352e-06
-0.000147314 -3.29352e-06   0.00565125
  0.00389636 -0.000245357 -2.26275e-05
-0.000245357  1.61137e-05 -8.17558e-06
-2.26275e-05 -8.17558e-06   0.00582349
  0.00357374 -0.000219433  -1.0386e-06
-0.000219433  1.40697e-05  -6.5804e-06
 -1.0386e-06  -6.5804e-06   0.00555425
  0.00385295 -0.000240495  6.49069e-05
-0.000240495  1.56522e-05 -6.96776e-06
 6.49069e-05 -6.96776e-06   0.00573362
   0.0041215 -0.000256911  0.000115531
-0.000256911  1.67005e-05 -7.42919e-06
 0.000115531 -7.42919e-06   0.00602713
   0.0042714 -0.000262865  8.71761e-05
-0.000262865  1.69143e-05 -4.36358e-06
 8.71761e-05 -4.36358e-06   0.00612017
   0.0046222 -0.000280487 -1.31303e-05
-0.000280487  1.78564e-05 -2.14209e-06
-1.31303e-05 -2.14209e-06   0.00629619
  0.00492228 -0.000293029 -0.000111279
-0.000293029  1.84047e-05 -2.43839e-06
-0.000111279 -2.43839e-06   0.00631894
  0.00493469 -0.000288761  -3.6143e-05
-0.000288761  1.79531e-05 -1.12067e-05
 -3.6143e-05 -1.12067e-05   0.00615597
  0.00479946 -0.000271678  6.86221e-06
-0.000271678  1.65433e-05 -1.98794e-05
 6.86221e-06 -1.98794e-05   0.00578264
  0.00440448 -0.000239363  5.80687e-05
-0.000239363  1.41363e-05 -2.48484e-05
 5.80687e-05 -2.48484e-05   0.00531303
  0.00406024 -0.000207678  0.000103477
-0.000207678  1.16737e-05 -2.96457e-05
 0.000103477 -2.96457e-05   0.00490427
  0.00358153 -0.000168151  0.000178893
-0.000168151  8.69308e-06 -3.10187e-05
 0.000178893 -3.10187e-05    0.0045638
  0.00355964 -0.000167597  0.000201954
-0.000167597  8.71583e-06 -3.32697e-05
 0.000201954 -3.32697e-05    0.0045698
  0.00329048 -0.000150439  0.000305948
-0.000150439  7.69015e-06 -3.97762e-05
 0.000305948 -3.97762e-05   0.00424218
  0.00329434 -0.000152063  0.000276799
-0.000152063   7.8951e-06  -4.0313e-05
 0.000276799  -4.0313e-05   0.00421319
  0.00376998 -0.000188186  0.000194533
-0.000188186  1.05917e-05 -4.27537e-05
 0.000194533 -4.27537e-05    0.0045854
  0.00438439 -0.000243558  0.000117348
-0.000243558  1.50868e-05 -4.44208e-05
 0.000117348 -4.44208e-05   0.00486866
  0.00465245 -0.000272906  0.000115917
-0.000272906  1.76513e-05 -4.62817e-05
 0.000115917 -4.62817e-05   0.00487643
  0.00508583  -0.00031022  7.29231e-05
 -0.00031022  2.05915e-05 -4.82704e-05
