   0.0880622  -0.00336822  -0.00103647  3.03513e-05
 -0.00336822  0.000296467  -0.00297749    0.0810368
 -0.00103647  -0.00297749    0.0974065     0.104698
   0.0636665   0.00536366   0.00222171  4.12561e-06
  0.00536366  0.000710816   0.00442107    0.0565394
  0.00222171   0.00442107    0.0709917    0.0788255
   0.0716472  -0.00200648  -0.00353728  5.10974e-06
 -0.00200648   6.7283e-05   0.00031528    0.0631322
 -0.00353728   0.00031528    0.0817355    0.0903127
    0.109939   0.00171172 -0.000787259  4.01132e-05
  0.00171172  0.000127232  -0.00143828     0.097253
-0.000787259  -0.00143828     0.127044     0.139816
    0.136637   0.00370624  -0.00114909  1.15281e-05
  0.00370624   0.00034554  -0.00508886     0.111675
 -0.00114909  -0.00508886     0.121504       0.1468
   0.0427003  -0.00183382    0.0076847  2.88871e-06
 -0.00183382  8.80968e-05 -0.000692388    0.0382431
   0.0076847 -0.000692388    0.0597316     0.064274
   0.0499742 -0.000312571  0.000883924  5.50067e-07
-0.000312571  0.000134571  -0.00160579    0.0172687
 0.000883924  -0.00160579    0.0195082    0.0523477
   0.0320989 -0.000918911  -0.00504839  7.01064e-07
-0.000918911  2.81426e-05  0.000221118    0.0281741
 -0.00504839  0.000221118    0.0441029    0.0480551
   0.0399152   0.00114204    0.0104942  1.32155e-06
  0.00114204   4.1721e-05 -0.000292714    0.0342818
   0.0104942 -0.000292714    0.0616558    0.0673296
   0.0435935   0.00118725   0.00173596  8.39656e-07
  0.00118725  0.000196807  -0.00152121    0.0148545
  0.00173596  -0.00152121    0.0152403    0.0441753
   0.0464773   0.00245354   -0.0141462  8.71251e-06
  0.00245354  0.000151942  -0.00113604    0.0376407
  -0.0141462  -0.00113604    0.0658371    0.0748168
    0.082047    0.0016286  -0.00725715  1.24168e-06
   0.0016286  3.77025e-05  0.000360954     0.075046
 -0.00725715  0.000360954     0.103033     0.110071
   0.0869796  -0.00263487    0.0103733  2.01918e-06
 -0.00263487  0.000100324  -0.00177381    0.0796272
   0.0103733  -0.00177381     0.127342     0.134792
    0.147669   0.00151701  -0.00191945  0.000116963
  0.00151701   0.00256189   -0.0184471     0.128934
 -0.00191945   -0.0184471     0.148223     0.169402
    0.122248   0.00266119   0.00492902  1.87436e-06
  0.00266119  8.52107e-05  -0.00158075     0.103017
  0.00492902  -0.00158075     0.122984     0.142298
   0.0666864  -0.00308166   0.00740506  2.78197e-06
 -0.00308166  0.000151359  0.000263873    0.0585659
  0.00740506  0.000263873    0.0801992    0.0884682
   0.0784765 -0.000654675    0.0038063  7.38834e-06
-0.000654675  0.000156372  -0.00310961    0.0606021
   0.0038063  -0.00310961    0.0695631    0.0875864
    0.050576   0.00193275  -0.00441848  1.61927e-05
  0.00193275  0.000398549  -0.00454185     0.047384
 -0.00441848  -0.00454185     0.066852    0.0704263
   0.0600213   -0.0036054   0.00300879  2.35369e-05
  -0.0036054  0.000843778   -0.0063556     0.053588
  0.00300879   -0.0063556    0.0652088    0.0724622
   0.0738723   0.00310974  -0.00536188  1.96549e-05
  0.00310974  0.000472839   -0.0051536     0.065535
 -0.00536188   -0.0051536     0.079947    0.0887375
   0.0618422 -0.000273215   0.00347349  8.44378e-07
-0.000273215   3.3638e-06 -0.000238214    0.0579828
  0.00347349 -0.000238214    0.0741949    0.0780569
   0.0551122 -2.67189e-05  0.000705123  3.97829e-08
-2.67189e-05  8.38195e-08  2.27659e-05    0.0502777
 0.000705123  2.27659e-05     0.069538    0.0743726
   0.0863417  0.000425647    0.0127894  3.65158e-07
 0.000425647  2.94982e-06  8.94065e-06    0.0771832
   0.0127894  8.94065e-06      0.10528     0.114441
   0.0722242  -0.00163167  -0.00631484  2.38315e-06
 -0.00163167  4.42441e-05 -0.000252469    0.0636609
 -0.00631484 -0.000252469     0.078135    0.0867402
   0.0703028   0.00567547   0.00714528  4.29038e-05
  0.00567547   0.00128375   -0.0072201    0.0643601
  0.00714528   -0.0072201    0.0862687    0.0934522
   0.0915658    -0.013139  -0.00765348   8.5721e-05
   -0.013139   0.00242881  -0.00523723    0.0848627
 -0.00765348  -0.00523723     0.113822     0.122868
   0.0548591   -0.0163119   0.00434658  9.15488e-05
  -0.0163119   0.00510291  0.000936842    0.0556416
  0.00434658  0.000936842     0.075489    0.0797178
   0.0638674    0.0153448   -0.0042384  6.44417e-05
   0.0153448   0.00382559  -0.00108135    0.0559673
  -0.0042384  -0.00108135    0.0662154    0.0778766
     0.18698   0.00537442  -0.00345249  2.28399e-05
  0.00537442  0.000416989  -0.00574006       0.1493
 -0.00345249  -0.00574006     0.161797     0.199871
    0.231603   0.00655089   -0.0012146  3.08826e-05
  0.00655089  0.000461156  -0.00579362     0.184816
  -0.0012146  -0.00579362     0.198648     0.245866
    0.190267   0.00498835 -4.86515e-05  2.62581e-05
  0.00498835  0.000316676  -0.00393171     0.149657
-4.86515e-05  -0.00393171     0.161994     0.202894
       0.246   0.00655868   -0.0025505  3.98309e-05
  0.00655868  0.000361089   -0.0034137     0.193617
  -0.0025505   -0.0034137     0.206702     0.259407
     0.26071     0.006415  -0.00129188  4.30104e-05
    0.006415  0.000328091  -0.00284633     0.199326
 -0.00129188  -0.00284633       0.2118      0.27347
     0.24796   0.00409311   0.00934283  3.97873e-05
  0.00409311  0.000204145 -0.000955093     0.181234
  0.00934283 -0.000955093     0.191476     0.258367
    0.310522   0.00446616    0.0120795  6.05093e-05
  0.00446616  0.000283713  0.000591497     0.235255
   0.0120795  0.000591497     0.250545     0.326034
    0.241977   0.00155226    0.0136405  4.32265e-05
  0.00155226  0.000154642   0.00061394     0.178832
   0.0136405   0.00061394     0.191917     0.255173
    0.261729  0.000315093    0.0175772   4.8166e-05
 0.000315093  0.000185493  0.000748359     0.192371
   0.0175772  0.000748359     0.205627     0.275123
    0.232198  -0.00309944    0.0212492   4.1959e-05
 -0.00309944  0.000227128 -0.000189785     0.169475
   0.0212492 -0.000189785     0.183473     0.246381
    0.197862   -0.0041237    0.0177772  3.53227e-05
  -0.0041237   0.00022377 -0.000615059     0.144706
   0.0177772 -0.000615059     0.156981     0.210324
    0.206132    -0.005516    0.0190001  3.69669e-05
   -0.005516  0.000293025  -0.00108806     0.154648
   0.0190001  -0.00108806     0.168833     0.220573
    0.226372  -0.00831841    0.0187921  4.45339e-05
 -0.00831841  0.000467939  -0.00219209     0.181633
   0.0187921  -0.00219209     0.197959     0.243122
    0.198619  -0.00806731    0.0177231  3.91883e-05
 -0.00806731  0.000460485  -0.00297651     0.163691
   0.0177231  -0.00297651       0.1789      0.21425
    0.220343  -0.00956409    0.0148872  5.49472e-05
 -0.00956409  0.000589478  -0.00395765     0.189659
   0.0148872  -0.00395765     0.204933     0.236152
    0.244689  -0.00961213    0.0141155  7.27652e-05
 -0.00961213  0.000648292  -0.00509948     0.210296
   0.0141155  -0.00509948     0.224403     0.259371
    0.196576  -0.00610927   0.00896126  5.46205e-05
 -0.00610927  0.000421015  -0.00417254     0.170449
  0.00896126  -0.00417254     0.180081     0.206574
    0.224427  -0.00525139   0.00549384  6.37071e-05
 -0.00525139  0.000419175  -0.00454748     0.186108
  0.00549384  -0.00454748     0.194999     0.233674
    0.252442   -0.0034387   0.00114495  7.32286e-05
  -0.0034387  0.000393905  -0.00504097     0.203807
  0.00114495  -0.00504097     0.215481     0.264437
    0.225886  -0.00124996  -0.00138858  6.38104e-05
 -0.00124996  0.000250386  -0.00404432     0.174113
 -0.00138858  -0.00404432     0.184393     0.236352
    0.257673 -0.000169902  -0.00184769  8.92835e-05
-0.000169902  0.000257002  -0.00430661     0.195968
 -0.00184769  -0.00430661     0.206952     0.268824
     0.23386  0.000540539  -0.00221441  8.33484e-05
 0.000540539  0.000215376  -0.00373278     0.174078
 -0.00221441  -0.00373278     0.183923     0.243838
    0.264162 -5.05253e-05  0.000207761  0.000134469
-5.05253e-05  0.000327561  -0.00407099      0.19315
 0.000207761  -0.00407099     0.203828     0.275033
    0.284282  -0.00229534   0.00177951  0.000176893
 -0.00229534   0.00060129  -0.00466644     0.203229
  0.00177951  -0.00466644     0.213842      0.29532
    0.254076  -0.00615567   0.00742416  0.000212636
 -0.00615567  0.000967906  -0.00405625     0.177557
  0.00742416  -0.00405625     0.184255     0.261529
    0.285873      -0.0126    0.0120542  0.000297464
     -0.0126   0.00184714  -0.00500448     0.197113
   0.0120542  -0.00500448     0.205959     0.296269
    0.260489    -0.018325    0.0163319  0.000293441
   -0.018325   0.00261042  -0.00572608     0.174049
   0.0163319  -0.00572608     0.183449     0.272207
    0.227686   -0.0206178    0.0177422  0.000266396
  -0.0206178   0.00291045  -0.00583005     0.148906
   0.0177422  -0.00583005     0.157538     0.238962
    0.248245   -0.0277878    0.0239818  0.000311739
  -0.0277878   0.00402089  -0.00700379     0.169759
   0.0239818  -0.00700379     0.180085      0.26228
    0.187743   -0.0239352     0.022406  0.000210301
  -0.0239352   0.00354568  -0.00627268     0.131704
    0.022406  -0.00627268     0.141981     0.201356
    0.216593   -0.0277166    0.0260885  0.000301252
  -0.0277166   0.00416187  -0.00683851     0.151965
   0.0260885  -0.00683851     0.163625     0.232114
    0.232279   -0.0277992    0.0291427  0.000436936
  -0.0277992   0.00438124  -0.00674771     0.162793
   0.0291427  -0.00674771     0.176642     0.250073
    0.241792   -0.0234398    0.0313133  0.000621017
  -0.0234398   0.00420949  -0.00560209     0.171871
   0.0313133  -0.00560209     0.188312     0.261821
    0.246776   -0.0148968    0.0322566  0.000811585
  -0.0148968   0.00391845  -0.00352522     0.180268
   0.0322566  -0.00352522     0.199889     0.269503
    0.203822  -0.00684285    0.0274133  0.000787513
 -0.00684285   0.00285777  -0.00121902     0.150709
   0.0274133  -0.00121902     0.169363     0.224547
    0.232247  -0.00155684    0.0319413  0.000878722
 -0.00155684   0.00357704  2.43089e-05     0.173246
   0.0319413  2.43089e-05     0.195475     0.257175
    0.236275   0.00937604    0.0344378  0.000899698
  0.00937604   0.00412078   0.00285742     0.182023
   0.0344378   0.00285742     0.209165     0.266637
    0.220203    0.0199075    0.0322124  0.000745699
   0.0199075   0.00467681   0.00587412     0.173395
   0.0322124   0.00587412     0.199635     0.250375
    0.233589    0.0304075    0.0323199  0.000646304
   0.0304075   0.00616644   0.00915176     0.188818
   0.0323199   0.00915176     0.222773     0.273065
    0.205857    0.0310545    0.0293901  0.000466573
   0.0310545   0.00602261   0.00953081      0.16458
   0.0293901   0.00953081     0.195688     0.242522
    0.232367    0.0359239    0.0349359   0.00054061
   0.0359239   0.00691702    0.0111548     0.187964
   0.0349359    0.0111548     0.225742     0.276521
    0.214639    0.0343202    0.0347988  0.000445784
   0.0343202    0.0066059    0.0114458      0.17469
   0.0347988    0.0114458      0.21492      0.26103
    0.197151    0.0307639    0.0321793   0.00038173
   0.0307639   0.00603656    0.0103019      0.16153
   0.0321793    0.0103019     0.201674     0.242949
    0.176831    0.0215014    0.0273125  0.000427086
   0.0215014    0.0041797   0.00764529     0.144041
   0.0273125   0.00764529     0.175025     0.211568
     0.20141    0.0161099    0.0283801  0.000539158
   0.0161099   0.00354883   0.00635192      0.16329
   0.0283801   0.00635192     0.194385     0.235515
    0.227524   0.00982225    0.0289279  0.000662662
  0.00982225   0.00294964    0.0051126      0.18964
   0.0289279    0.0051126      0.22817     0.268342
    0.215796   0.00336107    0.0255414  0.000617046
  0.00336107    0.0021128   0.00293002      0.17994
   0.0255414   0.00293002     0.214441     0.251792
     0.22632  -0.00310114    0.0260672  0.000591599
 -0.00310114   0.00187037  0.000908307     0.191682
   0.0260672  0.000908307     0.229375     0.265292
    0.194388  -0.00788507     0.022773  0.000392862
 -0.00788507   0.00141173   -0.0012401     0.160658
    0.022773   -0.0012401     0.189205     0.223954
    0.237205   -0.0134945    0.0226343  0.000417126
  -0.0134945   0.00188938  -0.00236689      0.20311
   0.0226343  -0.00236689      0.23777     0.273338
    0.194888   -0.0148001    0.0183439  0.000216832
  -0.0148001   0.00163313  -0.00370135     0.166387
   0.0183439  -0.00370135      0.19307     0.222988
    0.234886   -0.0200962    0.0140885  0.000199191
  -0.0200962   0.00218988  -0.00538337     0.205785
   0.0140885  -0.00538337     0.236527     0.267619
    0.190364     -0.01579    0.0128968    0.0001216
    -0.01579   0.00162573  -0.00541206     0.165174
   0.0128968  -0.00541206     0.187013     0.213707
    0.249033    -0.020942   0.00740814  0.000143437
   -0.020942   0.00228222  -0.00754879     0.223285
  0.00740814  -0.00754879     0.258141     0.286028
    0.200959   -0.0158934   0.00664742  0.000109426
  -0.0158934     0.001697   -0.0066519     0.181618
  0.00664742   -0.0066519      0.20703      0.22796
    0.186019   -0.0129316   0.00314929  0.000100411
  -0.0129316    0.0013664  -0.00639462     0.170898
  0.00314929  -0.00639462     0.198475     0.214862
    0.175815    -0.011511   0.00286825    9.826e-05
   -0.011511   0.00121266  -0.00620426     0.162252
  0.00286825  -0.00620426     0.189238     0.203915
    0.122274   -0.0062486  0.000956095  6.34011e-05
  -0.0062486  0.000597229  -0.00433867     0.113737
 0.000956095  -0.00433867     0.136471     0.145542
    0.112867   -0.0042286   0.00196404  4.48397e-05
  -0.0042286  0.000396676  -0.00433218     0.104239
  0.00196404  -0.00433218     0.129007     0.137987
    0.135378  -0.00456922   0.00257994  5.17642e-05
 -0.00456922  0.000453737  -0.00543938     0.126142
  0.00257994  -0.00543938     0.159366     0.169003
    0.165483  -0.00542621   0.00392983  7.94425e-05
 -0.00542621  0.000606292    -0.007172     0.154708
  0.00392983    -0.007172     0.197743     0.209044
    0.181178    -0.005296   0.00668309  9.12606e-05
   -0.005296  0.000642056   -0.0080484     0.171996
  0.00668309   -0.0080484     0.226411     0.236144
    0.195884   -0.0048888   0.00700332  0.000126788
  -0.0048888  0.000684736   -0.0087386     0.187598
  0.00700332   -0.0087386     0.251192     0.260036
    0.156506   -0.0021414   0.00593686  8.80641e-05
  -0.0021414  0.000415166  -0.00675784     0.151051
  0.00593686  -0.00675784     0.210181     0.215963
    0.155728  -0.00105064   0.00612229    8.975e-05
 -0.00105064  0.000374215  -0.00618797     0.149922
  0.00612229  -0.00618797      0.21496     0.221051
    0.186767   -0.0007484   0.00562004  0.000132877
  -0.0007484  0.000464718  -0.00669212     0.180383
  0.00562004  -0.00669212     0.259189     0.265905
    0.214769  1.79129e-05  0.000657647  0.000211871
 1.79129e-05   0.00053084  -0.00571886     0.205132
 0.000657647  -0.00571886     0.282474      0.29243
    0.141473   0.00222592   0.00458567  7.85897e-05
  0.00222592  0.000265164  -0.00282175     0.137218
  0.00458567  -0.00282175     0.202106     0.206548
    0.175765    0.0031632   0.00165783  0.000143468
   0.0031632  0.000387436  -0.00210103     0.167781
  0.00165783  -0.00210103     0.239616     0.247845
    0.153941   0.00496021 -0.000111121  0.000104955
  0.00496021  0.000418516  0.000398896     0.148696
-0.000111121  0.000398896     0.212874     0.218432
    0.228975   0.00626737  -0.00601455  0.000239171
  0.00626737  0.000747436  0.000953857     0.216972
 -0.00601455  0.000953857     0.291745     0.304257
    0.197007   0.00719932  -0.00455419  0.000192193
  0.00719932  0.000797664   0.00310351     0.188472
 -0.00455419   0.00310351      0.25272     0.261861
    0.179372   0.00934677  -0.00278117  0.000106801
  0.00934677  0.000929304   0.00575512       0.1723
 -0.00278117   0.00575512     0.224061     0.231956
    0.172988    0.0096947  -0.00157659  9.94373e-05
   0.0096947   0.00101603   0.00659274     0.165385
 -0.00157659   0.00659274      0.20805     0.216568
    0.214063    0.0122317  -0.00106026  0.000143482
   0.0122317   0.00133911   0.00863992     0.201924
 -0.00106026   0.00863992     0.242866     0.256201
    0.153867    0.0105537   0.00124069   4.5955e-05
   0.0105537   0.00120584   0.00818067     0.142379
  0.00124069   0.00818067     0.178489     0.191136
    0.163508    0.0114994  -0.00082708  4.74149e-05
   0.0114994   0.00133308   0.00880575     0.147857
 -0.00082708   0.00880575     0.180697     0.197633
    0.113867   0.00873883  0.000493536  1.38381e-05
  0.00873883   0.00107321   0.00692827     0.102062
 0.000493536   0.00692827     0.126132     0.138997
    0.107709   0.00840172   0.00124919  1.22783e-05
  0.00840172   0.00103875   0.00651243    0.0940732
  0.00124919   0.00651243     0.113471     0.128133
   0.0938265   0.00748781   0.00265414  1.22387e-05
  0.00748781  0.000935214   0.00577349    0.0811575
  0.00265414   0.00577349    0.0976815     0.111273
    0.116966   0.00856186   0.00167658  3.85655e-05
  0.00856186   0.00103898   0.00642227     0.100417
  0.00167658   0.00642227     0.117339     0.134888
    0.135742   0.00857517  0.000691136  9.64217e-05
  0.00857517   0.00108295   0.00654425      0.11473
 0.000691136   0.00654425     0.131267     0.153265
    0.145624   0.00685098 -0.000347496  0.000190954
  0.00685098   0.00110252   0.00587214     0.121243
-0.000347496   0.00587214     0.137428      0.16272
    0.173846   0.00335072  -0.00479957  0.000393555
  0.00335072   0.00133146   0.00502913     0.145105
 -0.00479957   0.00502913     0.158722     0.188401
    0.195398 -0.000821318  -0.00720386  0.000503575
-0.000821318   0.00193264   0.00437205     0.164649
 -0.00720386   0.00437205     0.177256     0.209433
    0.204234  -0.00882298  -0.00739453  0.000623408
 -0.00882298   0.00285391   0.00258136     0.169827
 -0.00739453   0.00258136     0.183053     0.219692
    0.220002   -0.0195381  -0.00817132  0.000696324
  -0.0195381   0.00438116  0.000624016     0.183252
 -0.00817132  0.000624016     0.205276     0.245712
    0.197035   -0.0225191  -0.00539191  0.000668897
  -0.0225191   0.00447914 -0.000333319     0.164538
 -0.00539191 -0.000333319     0.184398     0.220705
    0.202909   -0.0273301  -0.00577442  0.000695304
  -0.0273301   0.00517711  -0.00044863     0.169121
 -0.00577442  -0.00044863      0.18968      0.22795
    0.254673   -0.0341685  -0.00863423  0.000981927
  -0.0341685   0.00648085 -1.65851e-05     0.211271
 -0.00863423 -1.65851e-05     0.235463     0.284364
    0.249291   -0.0315733  -0.00496606   0.00117851
  -0.0315733   0.00621051  0.000417083     0.207521
 -0.00496606  0.000417083     0.227135     0.273936
    0.201593   -0.0225966  -0.00370896   0.00106186
  -0.0225966   0.00476904   0.00150432     0.164689
 -0.00370896   0.00150432     0.176311     0.216922
    0.264128   -0.0220819  -0.00519475   0.00162216
  -0.0220819   0.00632365   0.00247781     0.221229
 -0.00519475   0.00247781     0.242888     0.290489
     0.23184  -0.00756167   -0.0014976   0.00162456
 -0.00756167   0.00553514   0.00365153     0.191397
  -0.0014976   0.00365153     0.205896      0.25025
     0.20869  6.39644e-05 -0.000661897   0.00159688
 6.39644e-05   0.00496764   0.00408977     0.172644
-0.000661897   0.00408977     0.185451     0.224868
    0.245165    0.0102131  -0.00200452   0.00181116
   0.0102131   0.00722937   0.00515867     0.204948
 -0.00200452   0.00515867     0.222237     0.267872
    0.195551    0.0201887   -0.0044392   0.00131603
   0.0201887   0.00709537   0.00549978     0.161994
  -0.0044392   0.00549978     0.171722     0.211058
    0.199655    0.0298493  -0.00716254   0.00120266
   0.0298493   0.00849324   0.00609053     0.163293
 -0.00716254   0.00609053     0.171719     0.215371
    0.207725    0.0383491  -0.00837715    0.0011184
   0.0383491   0.00987793   0.00652666     0.170774
 -0.00837715   0.00652666     0.179922     0.225633
    0.216895    0.0405681   -0.0079417    0.0010933
   0.0405681    0.0102019   0.00674882      0.17349
  -0.0079417   0.00674882     0.178933     0.231447
    0.233662    0.0387296  -0.00713854   0.00123708
   0.0387296    0.0100111   0.00660821      0.18372
 -0.00713854   0.00660821     0.188457     0.247173
    0.252672    0.0312117  -0.00710488   0.00147072
   0.0312117   0.00922901    0.0066969     0.195999
 -0.00710488    0.0066969     0.201709     0.266139
    0.219608    0.0225703  -0.00543017   0.00140448
   0.0225703   0.00677392   0.00536622     0.166133
 -0.00543017   0.00536622     0.170938     0.229783
    0.261521    0.0159955  -0.00605418   0.00173154
   0.0159955   0.00762489   0.00581632     0.200978
 -0.00605418   0.00581632     0.207677     0.274113
    0.259969   0.00113311  -0.00448363   0.00173726
  0.00113311   0.00653216    0.0047844     0.197637
 -0.00448363    0.0047844     0.204006     0.271132
    0.230678  -0.00651145  -0.00429038   0.00157635
 -0.00651145   0.00507766    0.0034507     0.174511
 -0.00429038    0.0034507     0.180938     0.240607
    0.274709   -0.0154632  -0.00453917   0.00166426
  -0.0154632   0.00700671   0.00338463     0.212912
 -0.00453917   0.00338463     0.220167     0.287306
    0.299293   -0.0336378  -0.00182986   0.00163734
  -0.0336378    0.0085668    0.0014082     0.241504
 -0.00182986    0.0014082     0.252998     0.317717
    0.272968   -0.0372905  -0.00182212   0.00140559
  -0.0372905   0.00816771  0.000612302     0.221655
 -0.00182212  0.000612302     0.231943     0.290017
     0.25168   -0.0361237  -0.00198594    0.0012476
  -0.0361237   0.00747729 -7.99137e-05     0.201267
 -0.00198594 -7.99137e-05     0.210088     0.266731
    0.242795    -0.032036  -0.00147907   0.00117866
   -0.032036   0.00703107 -0.000479906     0.193645
 -0.00147907 -0.000479906     0.202307      0.25731
    0.203117   -0.0209083 -0.000873223   0.00099918
  -0.0209083   0.00523103  0.000884461     0.157619
-0.000873223  0.000884461      0.16192      0.21165
    0.274564   -0.0191093  7.54894e-05    0.0013943
  -0.0191093   0.00672454  0.000647146     0.224124
 7.54894e-05  0.000647146     0.232915     0.288686
    0.223739  -0.00808601   0.00199877   0.00111852
 -0.00808601   0.00471628   0.00126024      0.17731
  0.00199877   0.00126024     0.180257     0.230283
     0.25029   0.00111746   0.00242063   0.00119214
  0.00111746   0.00479284   0.00157689     0.203478
  0.00242063   0.00157689     0.211209     0.261622
       0.224   0.00924607    0.0033405    0.0010408
  0.00924607   0.00366008   0.00182125     0.179391
   0.0033405   0.00182125     0.186969     0.234196
    0.233825    0.0153283   0.00480178   0.00119428
   0.0153283   0.00336833   0.00150631     0.195318
  0.00480178   0.00150631     0.206761     0.247443
    0.196413    0.0143655   0.00342491    0.0009266
   0.0143655   0.00280458  0.000641394     0.162985
  0.00342491  0.000641394     0.171941     0.207248
     0.20833    0.0123721   0.00166265   0.00104046
   0.0123721   0.00318056 -0.000382252     0.175809
  0.00166265 -0.000382252     0.186294     0.220955
    0.221582   0.00675999  -0.00172598   0.00118718
  0.00675999   0.00387003  -0.00097819      0.19301
 -0.00172598  -0.00097819     0.208984     0.240239
    0.245775  -0.00521074  -0.00387413   0.00150053
 -0.00521074   0.00503294  -0.00188005     0.218464
 -0.00387413  -0.00188005     0.240931     0.271775
    0.181637  -0.00944315  -0.00495124   0.00110659
 -0.00944315   0.00392251   -0.0025172     0.159235
 -0.00495124   -0.0025172     0.171344     0.196561
    0.206928   -0.0183264  -0.00493117   0.00121712
  -0.0183264   0.00499233  -0.00287274     0.186145
 -0.00493117  -0.00287274     0.201886     0.226444
    0.219913   -0.0237918  -0.00446835   0.00142401
  -0.0237918   0.00542119  -0.00255007     0.202572
 -0.00446835  -0.00255007      0.21901     0.240348
    0.216989   -0.0243888  -0.00735726   0.00142491
  -0.0243888     0.005458   -0.0019348     0.197566
 -0.00735726   -0.0019348     0.212749     0.236205
    0.230357   -0.0212915   -0.0100825   0.00157115
  -0.0212915   0.00568791  -0.00160443     0.203894
  -0.0100825  -0.00160443     0.220892     0.251472
    0.267623   -0.0132069  -0.00793254   0.00199274
  -0.0132069   0.00680901  -0.00117014     0.235498
 -0.00793254  -0.00117014     0.256502     0.293443
     0.26361   0.00145174  -0.00663943   0.00194359
  0.00145174    0.0073603  0.000276341     0.226272
 -0.00663943  0.000276341     0.244483     0.287237
    0.204393     0.008226  -0.00748473   0.00145178
    0.008226   0.00593571   0.00164732     0.170175
 -0.00748473   0.00164732     0.179926     0.218627
    0.192308     0.020632  -0.00702311   0.00127541
    0.020632   0.00631255    0.0020519     0.155172
 -0.00702311    0.0020519     0.163367      0.20554
    0.233189    0.0350114  -0.00718792   0.00140607
   0.0350114   0.00881241   0.00153812     0.191533
 -0.00718792   0.00153812     0.201057     0.250119
    0.245996     0.037643   -0.0074602   0.00155231
    0.037643   0.00918993   0.00112149     0.202758
  -0.0074602   0.00112149     0.211894      0.26277
    0.246898    0.0406396  -0.00602786   0.00154342
   0.0406396    0.0095562   0.00125747     0.200439
 -0.00602786   0.00125747     0.207792     0.262264
    0.233616     0.037727  -0.00303454   0.00143233
    0.037727   0.00929411  0.000756316     0.193086
 -0.00303454  0.000756316     0.199767     0.248158
     0.25525    0.0290229  0.000924014   0.00204376
   0.0290229   0.00884616    0.0010024     0.213997
 0.000924014    0.0010024     0.230395      0.27845
    0.251892    0.0212031   0.00113664   0.00205236
   0.0212031   0.00852895  0.000630948     0.210306
  0.00113664  0.000630948     0.225803     0.273866
    0.206575   0.00523086   0.00378025   0.00172526
  0.00523086    0.0064958  0.000542024      0.17058
  0.00378025  0.000542024     0.177397     0.218162
     0.19286   -0.0101096   0.00364968   0.00158649
  -0.0101096   0.00618763  0.000692506     0.165748
  0.00364968  0.000692506     0.171076     0.202789
    0.208274   -0.0206829   0.00554432   0.00162852
  -0.0206829   0.00708444   0.00161088     0.181607
  0.00554432   0.00161088     0.186781     0.218904
    0.186181   -0.0264755   0.00431977   0.00126105
  -0.0264755   0.00682493   0.00171175     0.159531
  0.00431977   0.00171175      0.16278     0.194993
    0.178436   -0.0294431   0.00405748   0.00107618
  -0.0294431   0.00696024   0.00212572     0.153324
  0.00405748   0.00212572     0.156662     0.187658
    0.187168   -0.0289462    0.0036362   0.00117519
  -0.0289462   0.00709442   0.00263425     0.161185
   0.0036362   0.00263425     0.165565     0.197467
    0.177814   -0.0217789   0.00163392   0.00118245
  -0.0217789    0.0062104   0.00268841     0.151518
  0.00163392   0.00268841     0.156162     0.187486
    0.186226   -0.0125454  -0.00156616   0.00136962
  -0.0125454   0.00570873   0.00193888     0.157264
 -0.00156616   0.00193888     0.164495     0.197795
    0.180619  -0.00166509  -0.00473703   0.00138002
 -0.00166509   0.00499173   0.00131005     0.149704
 -0.00473703   0.00131005     0.156823     0.191349
    0.174428   0.00788571   -0.0078379   0.00126717
  0.00788571   0.00475483  0.000864633     0.143021
  -0.0078379  0.000864633     0.149566     0.184461
    0.222397    0.0178062   -0.0146361   0.00150425
   0.0178062   0.00664214  -0.00103329     0.182256
  -0.0146361  -0.00103329     0.193917     0.239196
    0.241272    0.0318962   -0.0155563   0.00133673
   0.0318962   0.00821273  -0.00195639     0.200149
  -0.0155563  -0.00195639     0.212041     0.260039
    0.182359    0.0302276   -0.0113562  0.000729917
   0.0302276   0.00686315   -0.0013917     0.150502
  -0.0113562   -0.0013917     0.158992     0.196983
    0.215785    0.0401993   -0.0113566  0.000707187
   0.0401993   0.00889562  -0.00174397      0.18223
  -0.0113566  -0.00174397     0.192848     0.234592
    0.220909    0.0429143    -0.011014  0.000572395
   0.0429143   0.00937017  -0.00152547     0.189204
   -0.011014  -0.00152547     0.200764     0.241267
     0.25053     0.045496   -0.0115373  0.000651248
    0.045496   0.00976637 -0.000989556     0.209151
  -0.0115373 -0.000989556     0.222915     0.273409
    0.245963     0.036946  -0.00430073  0.000669264
    0.036946   0.00768013   0.00203571      0.19952
 -0.00430073   0.00203571     0.213163     0.266616
    0.241381    0.0296083 -0.000920249  0.000711927
   0.0296083   0.00631543   0.00306492      0.19182
-0.000920249   0.00306492     0.205525     0.260689
    0.256147    0.0215052   0.00465586  0.000842558
   0.0215052   0.00514596   0.00529642     0.199622
  0.00465586   0.00529642     0.214062      0.27489
    0.233488   0.00762043   0.00937998  0.000815147
  0.00762043   0.00359985   0.00621513     0.174771
  0.00937998   0.00621513     0.184342     0.245843
    0.249287  -0.00333205    0.0135424  0.000921916
 -0.00333205   0.00399211   0.00810216     0.189461
   0.0135424   0.00810216     0.200868     0.263763
    0.206954  -0.00923784    0.0121365  0.000759766
 -0.00923784   0.00337187   0.00691636     0.157072
   0.0121365   0.00691636     0.166007       0.2185
    0.230612   -0.0182441    0.0137261   0.00087666
  -0.0182441   0.00546773   0.00838589      0.17514
   0.0137261   0.00838589     0.184003     0.244067
    0.222264   -0.0261939     0.012719  0.000824881
  -0.0261939   0.00708096   0.00883352     0.171126
    0.012719   0.00883352     0.179598     0.236992
    0.210995   -0.0371778    0.0111864  0.000739572
  -0.0371778    0.0102677   0.00836249     0.166134
   0.0111864   0.00836249     0.175154     0.229544
    0.201665    -0.044718    0.0111235  0.000696537
   -0.044718    0.0127619   0.00774649     0.163424
   0.0111235   0.00774649     0.172112     0.222418
    0.179217   -0.0435401   0.00867782  0.000657498
  -0.0435401    0.0126426   0.00659196     0.143998
  0.00867782   0.00659196     0.150759     0.197964
    0.191788   -0.0488282   0.00532661  0.000809768
  -0.0488282    0.0144505   0.00763767     0.158559
  0.00532661   0.00763767     0.166408     0.213278
     0.20956     -0.05029   0.00339526   0.00113328
    -0.05029    0.0148692   0.00754628     0.174338
  0.00339526   0.00754628     0.182139     0.231096
    0.241953   -0.0494589   0.00190974   0.00157673
  -0.0494589    0.0150894   0.00828213     0.195724
  0.00190974   0.00828213      0.20379     0.263532
    0.278225   -0.0407552   0.00367202   0.00220159
  -0.0407552    0.0139657   0.00854337     0.223303
  0.00367202   0.00854337     0.231875     0.298561
    0.255853   -0.0309876   0.00330052   0.00218797
  -0.0309876    0.0112294   0.00758544     0.204547
  0.00330052   0.00758544     0.211842     0.272189
    0.216623   -0.0130174   0.00331689   0.00191116
  -0.0130174   0.00737948   0.00589586     0.162629
  0.00331689   0.00589586     0.166677      0.22614
    0.228166   0.00162062   0.00301689   0.00195965
  0.00162062   0.00684566   0.00505797     0.171925
  0.00301689   0.00505797     0.175973     0.237099
    0.271956    0.0126776   0.00578139   0.00210953
   0.0126776   0.00876189   0.00451343     0.206042
  0.00578139   0.00451343     0.211133       0.2837
    0.280911    0.0271785   0.00932648   0.00195029
   0.0271785   0.00918557   0.00315668     0.217328
  0.00932648   0.00315668     0.224044     0.294863
    0.262781    0.0382486    0.0129597   0.00147855
   0.0382486   0.00925661   0.00169894     0.203885
   0.0129597   0.00169894     0.212284     0.278959
    0.206311    0.0354218   0.00880453  0.000890828
   0.0354218   0.00797554  0.000611099     0.162063
  0.00880453  0.000611099     0.168739     0.220072
    0.221291     0.039492   0.00692639    0.0007863
    0.039492   0.00854534 -0.000356072     0.181299
  0.00692639 -0.000356072       0.1883     0.236051
    0.229738    0.0384564   0.00753231  0.000688409
   0.0384564   0.00816191 -0.000797973     0.189077
  0.00753231 -0.000797973     0.198134     0.246269
    0.249338    0.0347116   0.00783573  0.000745811
   0.0347116   0.00716624 -0.000803973     0.210368
  0.00783573 -0.000803973     0.223692     0.269083
    0.190559    0.0222742   0.00549493  0.000549566
   0.0222742   0.00445102  -0.00111954     0.154657
  0.00549493  -0.00111954     0.161782     0.201585
    0.209449    0.0196295    0.0065461  0.000554834
   0.0196295   0.00397675 -0.000872557     0.168085
   0.0065461 -0.000872557      0.17564     0.220427
    0.232385    0.0122976   0.00906159  0.000540099
   0.0122976   0.00251552  0.000116789     0.190514
  0.00906159  0.000116789     0.205817     0.249663
     0.19791   0.00478318   0.00904867  0.000332902
  0.00478318   0.00112818  0.000272129     0.161491
  0.00904867  0.000272129     0.173847     0.211061
    0.220227   0.00331408   0.00968907  0.000321752
  0.00331408   0.00105642  0.000470862     0.183226
  0.00968907  0.000470862     0.200356     0.238091
    0.178647 -0.000638914   0.00583169  0.000164822
-0.000638914  0.000440126   0.00030455     0.147124
  0.00583169   0.00030455     0.161349     0.193148
    0.186508  -0.00275609   0.00209946  0.000115203
 -0.00275609  0.000288158  0.000839003     0.155811
  0.00209946  0.000839003     0.181541     0.212411
    0.154335  -0.00370797  0.000306369  4.42699e-05
 -0.00370797  0.000170802  0.000706725     0.128814
 0.000306369  0.000706725     0.154166     0.179814
    0.117115  -0.00327884  -0.00131064  1.69652e-05
 -0.00327884  0.000121955  0.000530045    0.0983205
 -0.00131064  0.000530045     0.122755     0.141655
    0.103678   -0.0030532   -0.0020183  1.03453e-05
  -0.0030532  0.000110139  0.000533918    0.0897296
  -0.0020183  0.000533918     0.113859     0.127907
    0.106651  -0.00321731 -0.000278735  1.04259e-05
 -0.00321731  0.000119521  0.000619675    0.0940416
-0.000278735  0.000619675     0.124701      0.13742
    0.132527  -0.00426172   5.4469e-06  1.42806e-05
 -0.00426172  0.000173291   0.00111672     0.119706
  5.4469e-06   0.00111672     0.160657     0.173637
    0.171307  -0.00585995  0.000575201   1.9138e-05
 -0.00585995  0.000257642    0.0019197     0.157552
 0.000575201    0.0019197     0.209884     0.223877
     0.15984  -0.00554334  0.000247935  1.80371e-05
 -0.00554334  0.000248447   0.00193833     0.148681
 0.000247935   0.00193833     0.200325     0.211714
     0.16799  -0.00600674   0.00219609  1.84329e-05
 -0.00600674  0.000276121     0.002258     0.158023
  0.00219609     0.002258     0.212568     0.222792
    0.167807  -0.00644562   0.00249861  1.59645e-05
 -0.00644562  0.000321857   0.00303503     0.162633
  0.00249861   0.00303503     0.229508     0.234988
    0.182723  -0.00721634   0.00591485  1.61025e-05
 -0.00721634  0.000368886   0.00352804     0.178064
  0.00591485   0.00352804     0.252589       0.2576
    0.179453  -0.00725701   0.00752475  1.28246e-05
 -0.00725701  0.000380408   0.00380534     0.176142
  0.00752475   0.00380534      0.25317     0.256849
    0.166843  -0.00677669   0.00878253  9.72293e-06
 -0.00677669  0.000358473   0.00378543     0.163448
  0.00878253   0.00378543     0.249397     0.253141
     0.22507  -0.00879361   0.00468951  2.11094e-05
 -0.00879361  0.000451041   0.00478602     0.220728
  0.00468951   0.00478602     0.324552     0.329324
    0.209351  -0.00804626   0.00510815  1.80718e-05
 -0.00804626  0.000408221   0.00438784     0.205054
  0.00510815   0.00438784     0.297912     0.302599
    0.177199   -0.0063977   0.00475256  1.50874e-05
  -0.0063977  0.000311194   0.00341299     0.173899
  0.00475256   0.00341299     0.253548     0.257145
    0.201264  -0.00639673   0.00389024  2.79969e-05
 -0.00639673  0.000305482   0.00310881     0.197669
  0.00389024   0.00310881     0.281745     0.285618
     0.15593  -0.00459114   0.00465058  2.19499e-05
 -0.00459114  0.000210402   0.00207816     0.152755
  0.00465058   0.00207816     0.220727      0.22409
       0.192  -0.00449197   0.00532719  4.55339e-05
 -0.00449197  0.000231483   0.00145286     0.188135
  0.00532719   0.00145286     0.265663     0.269714
    0.194116  -0.00341035   0.00295503  5.19373e-05
 -0.00341035  0.000193158  0.000596851     0.188839
  0.00295503  0.000596851     0.264069     0.269488
    0.175073  -0.00198652  0.000323139  4.32353e-05
 -0.00198652  0.000144384 -0.000183065     0.167546
 0.000323139 -0.000183065     0.233169     0.240797
     0.16935 -0.000849023   0.00282612  4.53323e-05
-0.000849023  0.000120472 -0.000834402     0.159476
  0.00282612 -0.000834402     0.211956     0.221905
    0.157099  0.000526713   0.00375661   4.7177e-05
 0.000526713  0.000135247  -0.00129972     0.144648
  0.00375661  -0.00129972     0.188899     0.201437
     0.13942   0.00139829   0.00170204  4.72266e-05
  0.00139829  0.000146984  -0.00153934     0.125847
  0.00170204  -0.00153934      0.16755     0.181222
     0.11328   0.00164098 -0.000759353  4.02662e-05
  0.00164098  0.000129129  -0.00140603     0.100595
-0.000759353  -0.00140603     0.131427     0.144201
    0.153422   0.00354556    0.0025301  8.70475e-05
  0.00354556   0.00031375  -0.00277519      0.13824
   0.0025301  -0.00277519     0.183647     0.199056
    0.172945   0.00631512  2.11832e-05  0.000128095
  0.00631512  0.000642168  -0.00383005     0.154853
 2.11832e-05  -0.00383005     0.200658     0.219264
    0.167829   0.00715485  0.000207008  0.000130751
  0.00715485  0.000749441  -0.00391329     0.149805
 0.000207008  -0.00391329     0.191142     0.209784
    0.189417    0.0102854 -0.000459746  0.000143374
   0.0102854   0.00124819   -0.0047233     0.166788
-0.000459746   -0.0047233     0.208379     0.232114
    0.208157    0.0172033   0.00116059  0.000184778
   0.0172033   0.00238986  -0.00630152     0.184585
  0.00116059  -0.00630152     0.224553     0.250331
    0.248331    0.0250523  -0.00157565  0.000207538
   0.0250523   0.00383328  -0.00878836     0.223205
 -0.00157565  -0.00878836     0.266339      0.29509
    0.243431    0.0300242  -0.00424502  0.000196305
   0.0300242    0.0048153  -0.00904207     0.218068
 -0.00424502  -0.00904207     0.248922     0.278904
    0.226971    0.0306697   -0.0099051  0.000195846
   0.0306697   0.00496718  -0.00862213      0.19733
  -0.0099051  -0.00862213     0.221772     0.256185
    0.280885     0.039179  -0.00907404  0.000326955
    0.039179   0.00648577  -0.00976264     0.244794
 -0.00907404  -0.00976264      0.26813     0.310379
    0.214006     0.029126  -0.00743949  0.000254839
    0.029126   0.00474399  -0.00683054     0.181173
 -0.00743949  -0.00683054     0.194427     0.231749
    0.243988    0.0293456   -0.0102929  0.000441373
   0.0293456   0.00487598    -0.005967     0.202906
  -0.0102929    -0.005967     0.215657     0.261174
    0.245973    0.0252056   -0.0119928  0.000539233
   0.0252056   0.00453381  -0.00466089     0.202604
  -0.0119928  -0.00466089     0.215908     0.263271
    0.239619    0.0140281    -0.015691  0.000747048
   0.0140281   0.00363729  -0.00153905     0.195434
   -0.015691  -0.00153905     0.209672     0.256747
    0.276923   0.00279396   -0.0237214  0.000998977
  0.00279396   0.00449644    0.0015025     0.223092
  -0.0237214    0.0015025     0.240791      0.29812
    0.220866  -0.00555343   -0.0216475  0.000879878
 -0.00555343   0.00337423   0.00276111     0.172787
  -0.0216475   0.00276111      0.18794     0.238514
    0.235601  -0.00997232   -0.0232077   0.00090332
 -0.00997232   0.00406448   0.00367914     0.182363
  -0.0232077   0.00367914     0.197838     0.254237
    0.264645   -0.0250576   -0.0265998  0.000989171
  -0.0250576   0.00617797   0.00846853     0.207771
  -0.0265998   0.00846853     0.226514     0.288577
    0.299024   -0.0381398   -0.0276072  0.000990543
  -0.0381398   0.00864382    0.0113537     0.235393
  -0.0276072    0.0113537     0.254671     0.325955
    0.250961   -0.0388613   -0.0221421  0.000693191
  -0.0388613   0.00833516    0.0103601     0.195439
  -0.0221421    0.0103601     0.209427     0.272592
    0.264819   -0.0486128   -0.0203594  0.000543353
  -0.0486128    0.0104392    0.0112636     0.203424
  -0.0203594    0.0112636     0.217405     0.288696
    0.267157   -0.0503192   -0.0199778  0.000519925
