           0            0            0
           0            0            0
           0            0            0
    0.077979  -0.00245008    0.0134385
 -0.00245008  0.000226351 -4.03256e-05
   0.0134385 -4.03256e-05    0.0526638
   0.0713503  -0.00259349    0.0191346
 -0.00259349  0.000293489  0.000102169
   0.0191346  0.000102169    0.0587448
   0.0650301   -0.0031354    0.0252929
  -0.0031354  0.000443542  0.000421192
   0.0252929  0.000421192    0.0672393
   0.0619738  -0.00411061    0.0293294
 -0.00411061   0.00064562  0.000423229
   0.0293294  0.000423229    0.0745223
   0.0608459  -0.00506921     0.031162
 -0.00506921  0.000843632  0.000218321
    0.031162  0.000218321     0.079034
   0.0557926   -0.0049155    0.0267728
  -0.0049155  0.000733445 -0.000341046
   0.0267728 -0.000341046     0.074606
    0.055649  -0.00571995    0.0251875
 -0.00571995  0.000926539  -0.00097199
   0.0251875  -0.00097199    0.0775254
   0.0601302  -0.00591921    0.0293656
 -0.00591921   0.00102605 -0.000484864
   0.0293656 -0.000484864    0.0808424
   0.0553887   -0.0063089    0.0210472
  -0.0063089   0.00109531  -0.00203633
   0.0210472  -0.00203633    0.0786335
   0.0593749  -0.00656116    0.0251982
 -0.00656116   0.00117366  -0.00164964
   0.0251982  -0.00164964    0.0812087
   0.0546858  -0.00651329    0.0165014
 -0.00651329   0.00121907  -0.00336264
   0.0165014  -0.00336264    0.0786195
   0.0602088  -0.00717831    0.0232366
 -0.00717831   0.00129085  -0.00264066
   0.0232366  -0.00264066    0.0819712
    0.119689   0.00167793    0.0369905
  0.00167793   0.00183221   0.00719594
   0.0369905   0.00719594     0.069166
    0.107031 -0.000568712    0.0427318
-0.000568712   0.00236521   0.00881843
   0.0427318   0.00881843    0.0781238
    0.108445   0.00077497    0.0431728
  0.00077497   0.00185661   0.00809921
   0.0431728   0.00809921      0.07854
   0.0985073  -0.00105746    0.0483794
 -0.00105746   0.00230874   0.00931791
   0.0483794   0.00931791    0.0866158
   0.0964057  -0.00249694    0.0475501
 -0.00249694   0.00284096   0.00990192
   0.0475501   0.00990192    0.0859915
    0.098475 -0.000366799    0.0480399
-0.000366799   0.00180467   0.00820062
   0.0480399   0.00820062    0.0866604
    0.091078  -0.00273994    0.0517605
 -0.00273994   0.00267151   0.00974102
   0.0517605   0.00974102    0.0924757
   0.0914865  -0.00195738    0.0516365
 -0.00195738   0.00216172   0.00879784
   0.0516365   0.00879784     0.092578
   0.0857651  -0.00353339    0.0523458
 -0.00353339   0.00241754   0.00849644
   0.0523458   0.00849644    0.0954414
   0.0885862  -0.00403323    0.0506144
 -0.00403323   0.00319564    0.0101836
   0.0506144    0.0101836    0.0917071
   0.0850474  -0.00424685    0.0522796
 -0.00424685   0.00290101   0.00926419
   0.0522796   0.00926419    0.0953229
   0.0824461   -0.0052546    0.0509408
  -0.0052546   0.00336928   0.00961119
   0.0509408   0.00961119    0.0945246
   0.0899274   -0.0018816    0.0503686
  -0.0018816   0.00169973   0.00727543
   0.0503686   0.00727543    0.0921252
    0.084904  -0.00336898    0.0514399
 -0.00336898   0.00197104   0.00717442
   0.0514399   0.00717442    0.0951329
   0.0812502  -0.00346018    0.0482619
 -0.00346018   0.00156568   0.00560684
   0.0482619   0.00560684    0.0927529
   0.0858416   -0.0021343    0.0467245
  -0.0021343   0.00129165   0.00553083
   0.0467245   0.00553083    0.0893798
   0.0961531 -0.000451368    0.0461407
-0.000451368   0.00135783   0.00657171
   0.0461407   0.00657171    0.0858838
   0.0912553 -0.000886129    0.0417514
-0.000886129  0.000981768    0.0047996
   0.0417514    0.0047996     0.082409
    0.104685   0.00083182    0.0398391
  0.00083182  0.000996567   0.00529518
   0.0398391   0.00529518    0.0770952
    0.107707   0.00119122     0.042563
  0.00119122   0.00139073   0.00688067
    0.042563   0.00688067    0.0784591
    0.118428   0.00247466    0.0361564
  0.00247466  0.000993971   0.00518543
   0.0361564   0.00518543    0.0691037
   0.0990636  1.13757e-05    0.0348084
 1.13757e-05  0.000684535   0.00363584
   0.0348084   0.00363584    0.0733485
    0.114723   0.00152568     0.032655
  0.00152568  0.000686579   0.00373955
    0.032655   0.00373955    0.0671886
    0.105385   0.00042329    0.0271153
  0.00042329  0.000456302   0.00236078
   0.0271153   0.00236078    0.0634164
    0.119918   0.00258489    0.0369254
  0.00258489   0.00138375   0.00639138
   0.0369254   0.00639138    0.0692895
   0.0797424  -0.00634005      0.05014
 -0.00634005   0.00330584   0.00829754
     0.05014   0.00829754    0.0956005
    0.082405  -0.00555656    0.0516117
 -0.00555656   0.00292597   0.00802764
   0.0516117   0.00802764    0.0963384
   0.0807728  -0.00684643    0.0494355
 -0.00684643   0.00277372   0.00614093
   0.0494355   0.00614093    0.0957721
   0.0780976  -0.00741826    0.0479147
 -0.00741826   0.00306084     0.006389
   0.0479147     0.006389    0.0951861
   0.0816479  -0.00627675    0.0496382
 -0.00627675   0.00244015   0.00569825
   0.0496382   0.00569825    0.0957006
   0.0793177  -0.00799224    0.0462299
 -0.00799224   0.00253567   0.00378502
   0.0462299   0.00378502    0.0943651
    0.080155  -0.00750201    0.0464118
 -0.00750201   0.00227635   0.00344354
   0.0464118   0.00344354    0.0941321
   0.0788449  -0.00841382     0.043002
 -0.00841382   0.00209349  0.000856559
    0.043002  0.000856559    0.0926229
   0.0766527  -0.00834321    0.0447084
 -0.00834321   0.00273583   0.00405731
   0.0447084   0.00405731    0.0939685
     0.07803  -0.00880296    0.0428209
 -0.00880296   0.00228166   0.00112591
   0.0428209   0.00112591    0.0929815
   0.0753097  -0.00893592    0.0412635
 -0.00893592    0.0024003   0.00144639
   0.0412635   0.00144639    0.0927232
    0.079561  -0.00717381    0.0455248
 -0.00717381   0.00202316   0.00283829
   0.0455248   0.00283829    0.0934503
   0.0781411  -0.00803748    0.0420396
 -0.00803748   0.00189375  0.000458941
   0.0420396  0.000458941     0.091798
   0.0762739  -0.00784273    0.0401396
 -0.00784273    0.0017318 -0.000151439
   0.0401396 -0.000151439    0.0905618
   0.0774119  -0.00705419    0.0434175
 -0.00705419   0.00180547   0.00197658
   0.0434175   0.00197658    0.0920392
   0.0811059  -0.00600692    0.0488217
 -0.00600692   0.00212385   0.00486502
   0.0488217   0.00486502    0.0951886
   0.0786042   -0.0059551    0.0464421
  -0.0059551   0.00183094   0.00375081
   0.0464421   0.00375081    0.0936829
   0.0827064   -0.0047142    0.0510073
  -0.0047142   0.00212354   0.00635293
   0.0510073   0.00635293    0.0960402
   0.0832408  -0.00492139    0.0517766
 -0.00492139   0.00251422   0.00743866
   0.0517766   0.00743866     0.096391
    0.079613  -0.00471872    0.0482145
 -0.00471872   0.00175899   0.00500328
   0.0482145   0.00500328    0.0940918
   0.0642626  -0.00686754    0.0305034
 -0.00686754   0.00128938 -0.000793747
   0.0305034 -0.000793747    0.0843004
   0.0638697  -0.00602719    0.0326154
 -0.00602719   0.00115883  0.000143288
   0.0326154  0.000143288    0.0838053
   0.0683852  -0.00606149      0.03683
 -0.00606149   0.00132539   0.00117497
     0.03683   0.00117497    0.0868911
   0.0648244  -0.00513043    0.0349952
 -0.00513043  0.000994156   0.00096726
   0.0349952   0.00096726    0.0825166
   0.0685623  -0.00508731    0.0381929
 -0.00508731   0.00117335    0.0018983
   0.0381929    0.0018983    0.0856485
   0.0701505  -0.00405223    0.0381723
 -0.00405223  0.000973118   0.00224596
   0.0381723   0.00224596    0.0830337
   0.0663834   -0.0041509    0.0339005
  -0.0041509  0.000790718   0.00122365
   0.0339005   0.00122365    0.0792364
    0.074529  -0.00483339    0.0437799
 -0.00483339   0.00142804   0.00351326
   0.0437799   0.00351326    0.0906503
   0.0759053  -0.00369269    0.0434898
 -0.00369269   0.00121651    0.0039139
   0.0434898    0.0039139    0.0886763
   0.0740612  -0.00596519    0.0423295
 -0.00596519   0.00155367   0.00252369
   0.0423295   0.00252369    0.0908259
   0.0735779  -0.00699536    0.0397811
 -0.00699536   0.00159991   0.00100699
   0.0397811   0.00100699    0.0899542
   0.0684094  -0.00694926    0.0344654
 -0.00694926   0.00142101  -2.9435e-05
   0.0344654  -2.9435e-05    0.0869406
   0.0683398  -0.00756767    0.0320157
 -0.00756767   0.00146588  -0.00158275
   0.0320157  -0.00158275     0.086375
   0.0728546  -0.00770659     0.036929
 -0.00770659   0.00159186 -0.000840081
    0.036929 -0.000840081    0.0883442
   0.0640987  -0.00740538    0.0272332
 -0.00740538    0.0013752  -0.00217907
   0.0272332  -0.00217907    0.0844156
   0.0703927  -0.00318143    0.0309814
 -0.00318143  0.000569759   0.00113679
   0.0309814   0.00113679    0.0735954
   0.0747824  -0.00229664    0.0252528
 -0.00229664  0.000369729  0.000829734
   0.0252528  0.000829734    0.0660838
   0.0794176  -0.00204679    0.0298053
 -0.00204679  0.000494155   0.00164722
   0.0298053   0.00164722    0.0707216
   0.0829207    -0.001978    0.0188735
   -0.001978  0.000249442  0.000375651
   0.0188735  0.000375651    0.0579477
   0.0865485  -0.00142284     0.023336
 -0.00142284  0.000315648   0.00108629
    0.023336   0.00108629    0.0625522
   0.0941859  -0.00176818    0.0173812
 -0.00176818  0.000297664  0.000497128
   0.0173812  0.000497128    0.0547561
   0.0868902  -0.00206152    0.0138992
 -0.00206152   0.00021225  3.13078e-06
   0.0138992  3.13078e-06    0.0521045
   0.0899704 -0.000844698    0.0289251
-0.000844698  0.000455165   0.00211697
   0.0289251   0.00211697    0.0682649
   0.0963242 -0.000584776    0.0223018
-0.000584776  0.000304866   0.00122338
   0.0223018   0.00122338    0.0594626
   0.0851107    -0.001531    0.0359175
   -0.001531  0.000690684   0.00304639
   0.0359175   0.00304639    0.0772667
   0.0801075  -0.00252276    0.0415445
 -0.00252276  0.000955905   0.00372732
   0.0415445   0.00372732    0.0843602
   0.0751123  -0.00300927    0.0359764
 -0.00300927  0.000738923   0.00214457
   0.0359764   0.00214457    0.0788857
   0.0740094   -0.0092057    0.0376393
  -0.0092057   0.00215374   -0.0013203
   0.0376393   -0.0013203    0.0914287
   0.0768826  -0.00926037    0.0392692
 -0.00926037   0.00209511  -0.00169929
   0.0392692  -0.00169929    0.0916124
   0.0757114  -0.00941564    0.0356472
 -0.00941564   0.00204093  -0.00456616
   0.0356472  -0.00456616    0.0902486
   0.0726349  -0.00919245    0.0339378
 -0.00919245   0.00204623  -0.00411942
   0.0339378  -0.00411942    0.0900799
   0.0767838   -0.0092073    0.0359466
  -0.0092073   0.00194004  -0.00474927
   0.0359466  -0.00474927    0.0898083
   0.0745324  -0.00923978    0.0319416
 -0.00923978   0.00217121  -0.00742099
   0.0319416  -0.00742099    0.0888907
   0.0758438  -0.00911339    0.0323217
 -0.00911339   0.00209406  -0.00758243
   0.0323217  -0.00758243    0.0885048
   0.0749464  -0.00868207    0.0285991
 -0.00868207   0.00243032    -0.010381
   0.0285991    -0.010381    0.0872667
   0.0711354  -0.00886597    0.0301583
 -0.00886597   0.00214134  -0.00692182
   0.0301583  -0.00692182     0.088675
   0.0732416  -0.00871763    0.0281424
 -0.00871763   0.00250774    -0.010257
   0.0281424    -0.010257    0.0875372
   0.0694402   -0.0082107    0.0263307
  -0.0082107   0.00246617  -0.00974536
   0.0263307  -0.00974536    0.0872202
   0.0752541  -0.00865206    0.0313162
 -0.00865206   0.00195219  -0.00751453
   0.0313162  -0.00751453    0.0875392
   0.0745656  -0.00821742    0.0276101
 -0.00821742   0.00227039    -0.010198
   0.0276101    -0.010198    0.0863752
   0.0728455  -0.00757303    0.0255533
 -0.00757303    0.0020873   -0.0098579
   0.0255533   -0.0098579      0.08506
   0.0734832  -0.00811971    0.0293493
 -0.00811971   0.00182092  -0.00739048
   0.0293493  -0.00739048    0.0862255
   0.0760574  -0.00877278    0.0349257
 -0.00877278   0.00180616  -0.00481467
   0.0349257  -0.00481467    0.0888328
   0.0743219  -0.00836717    0.0330578
 -0.00836717   0.00169384  -0.00492667
   0.0330578  -0.00492667    0.0875741
   0.0770115  -0.00855927    0.0384792
 -0.00855927   0.00180696  -0.00213595
   0.0384792  -0.00213595    0.0902542
   0.0777849  -0.00896979    0.0394944
 -0.00896979   0.00196345  -0.00191853
   0.0394944  -0.00191853     0.091183
   0.0752587  -0.00826531    0.0366479
 -0.00826531   0.00168251  -0.00249469
   0.0366479  -0.00249469    0.0890447
   0.0674616  -0.00718329    0.0225294
 -0.00718329   0.00309075   -0.0126039
   0.0225294   -0.0126039    0.0857136
   0.0717348  -0.00779414    0.0243131
 -0.00779414   0.00309501   -0.0130624
   0.0243131   -0.0130624    0.0861925
   0.0698246  -0.00648738     0.020528
 -0.00648738   0.00394887   -0.0158441
    0.020528   -0.0158441    0.0848654
   0.0651345  -0.00576304    0.0188623
 -0.00576304   0.00401855   -0.0155084
   0.0188623   -0.0155084    0.0841829
   0.0726897  -0.00664882    0.0210429
 -0.00664882   0.00374367   -0.0157483
   0.0210429   -0.0157483    0.0850062
   0.0675473  -0.00465589     0.016802
 -0.00465589   0.00517152   -0.0187107
    0.016802   -0.0187107    0.0835547
   0.0710124   -0.0049482    0.0172668
  -0.0049482   0.00481742    -0.018418
   0.0172668    -0.018418    0.0839669
   0.0689649  -0.00264527    0.0134919
 -0.00264527   0.00629602    -0.021214
   0.0134919    -0.021214    0.0829757
   0.0625245  -0.00383966    0.0153455
 -0.00383966   0.00538902   -0.0185771
   0.0153455   -0.0185771     0.082665
   0.0649541  -0.00224404    0.0131342
 -0.00224404   0.00687667   -0.0217601
   0.0131342   -0.0217601    0.0823126
   0.0596668  -0.00137906    0.0119243
 -0.00137906   0.00731603    -0.021886
   0.0119243    -0.021886    0.0812597
   0.0723961  -0.00468703     0.016338
 -0.00468703   0.00435646   -0.0177083
    0.016338   -0.0177083    0.0836965
   0.0710663   -0.0025334    0.0125601
  -0.0025334   0.00561065   -0.0202508
   0.0125601   -0.0202508    0.0830042
   0.0712566  -0.00199189    0.0103032
 -0.00199189   0.00488087   -0.0189676
   0.0103032   -0.0189676    0.0823835
   0.0719041  -0.00402607    0.0141129
 -0.00402607   0.00385335   -0.0166996
   0.0141129   -0.0166996    0.0828046
   0.0733924   -0.0062863    0.0201164
  -0.0062863   0.00344475   -0.0152581
   0.0201164   -0.0152581    0.0844663
    0.072257  -0.00555705    0.0179249
 -0.00555705   0.00309182   -0.0144948
   0.0179249   -0.0144948    0.0833612
   0.0740771  -0.00741931    0.0238739
 -0.00741931   0.00277258    -0.012788
   0.0238739    -0.012788    0.0853516
   0.0740003  -0.00785508    0.0248254
 -0.00785508   0.00298285   -0.0131061
   0.0248254   -0.0131061    0.0860978
   0.0724982  -0.00670346    0.0217291
 -0.00670346   0.00252084   -0.0122464
   0.0217291   -0.0122464    0.0841026
   0.0669964  6.11827e-05  -0.00275252
 6.11827e-05   0.00256516     -0.01348
 -0.00275252     -0.01348    0.0778741
   0.0661574  -0.00185687   0.00138078
 -0.00185687   0.00225378   -0.0123817
  0.00138078   -0.0123817    0.0776931
   0.0672084  -0.00207473   0.00454576
 -0.00207473   0.00255799   -0.0133966
  0.00454576   -0.0133966    0.0788654
   0.0668997  -0.00375349     0.008722
 -0.00375349   0.00223187   -0.0120547
    0.008722   -0.0120547    0.0791344
   0.0647681  -0.00346131   0.00515486
 -0.00346131   0.00202058   -0.0112548
  0.00515486   -0.0112548    0.0777712
   0.0683633   -0.0041391    0.0118776
  -0.0041391   0.00245871   -0.0128214
   0.0118776   -0.0128214    0.0805294
   0.0661994  -0.00516327    0.0127488
 -0.00516327   0.00197312   -0.0105708
   0.0127488   -0.0105708    0.0794186
   0.0684573  -0.00551471    0.0160387
 -0.00551471     0.002118   -0.0111169
   0.0160387   -0.0111169    0.0811445
   0.0684361  -0.00665403    0.0200162
 -0.00665403   0.00185051  -0.00925231
   0.0200162  -0.00925231     0.081943
   0.0628904  -0.00482268   0.00875023
 -0.00482268    0.0018209  -0.00991281
  0.00875023  -0.00991281    0.0774844
   0.0650865  -0.00628874    0.0163544
 -0.00628874   0.00175151    -0.008877
   0.0163544    -0.008877    0.0796327
   0.0611011  -0.00590167    0.0114948
 -0.00590167   0.00165092  -0.00843798
   0.0114948  -0.00843798    0.0783677
   0.0704073  -0.00600377    0.0189763
 -0.00600377    0.0022874   -0.0116519
   0.0189763   -0.0116519    0.0826306
    0.070758  -0.00702984    0.0229881
 -0.00702984   0.00194857  -0.00953608
   0.0229881  -0.00953608    0.0835948
   0.0702233  -0.00475772    0.0149842
 -0.00475772    0.0027489   -0.0136388
   0.0149842   -0.0136388    0.0819534
   0.0702486  -0.00320761    0.0110392
 -0.00320761   0.00336079   -0.0155647
   0.0110392   -0.0155647    0.0815426
   0.0683478  -0.00250332   0.00769861
 -0.00250332    0.0029242   -0.0144546
  0.00769861   -0.0144546    0.0802605
   0.0685711 -0.000558085   0.00362179
-0.000558085   0.00355703   -0.0161294
  0.00362179   -0.0161294    0.0802475
   0.0701754  -0.00125806    0.0071289
 -0.00125806   0.00418356   -0.0175428
   0.0071289   -0.0175428    0.0813302
   0.0673325 -8.61542e-05  0.000241585
-8.61542e-05   0.00301705   -0.0147751
 0.000241585   -0.0147751     0.079107
   0.0602269  -0.00666036    0.0141482
 -0.00666036   0.00153478  -0.00692509
   0.0141482  -0.00692509    0.0798079
   0.0639985  -0.00703351    0.0193042
 -0.00703351   0.00159976  -0.00710491
   0.0193042  -0.00710491    0.0802346
   0.0634398  -0.00742569    0.0215457
 -0.00742569   0.00149684  -0.00537909
   0.0215457  -0.00537909    0.0817788
   0.0604236  -0.00718451    0.0170651
 -0.00718451   0.00145136  -0.00542455
   0.0170651  -0.00542455    0.0813428
   0.0680121  -0.00780685    0.0268315
 -0.00780685   0.00156158  -0.00528357
   0.0268315  -0.00528357     0.083455
    0.063962  -0.00757642    0.0242257
 -0.00757642   0.00143726  -0.00373815
   0.0242257  -0.00373815    0.0837239
   0.0679769   -0.0078273    0.0296395
  -0.0078273   0.00150625  -0.00336061
   0.0296395  -0.00336061    0.0844923
   0.0606805  -0.00739678    0.0204522
 -0.00739678   0.00138264  -0.00394851
   0.0204522  -0.00394851     0.082244
   0.0723597  -0.00807358    0.0338228
 -0.00807358   0.00159342  -0.00293904
   0.0338228  -0.00293904    0.0871679
   0.0718149  -0.00808748    0.0304777
 -0.00808748   0.00162563  -0.00513046
   0.0304777  -0.00513046    0.0860016
   0.0713232  -0.00773522    0.0268785
 -0.00773522   0.00173818  -0.00734133
   0.0268785  -0.00734133    0.0847648
   0.0682308  -0.00741231    0.0236422
 -0.00741231   0.00167208  -0.00727451
   0.0236422  -0.00727451    0.0827064
   0.0559602  -0.00686371    0.0148646
 -0.00686371   0.00132116   -0.0042824
   0.0148646   -0.0042824    0.0800364
   0.0569667  -0.00686612    0.0128153
 -0.00686612   0.00141861  -0.00548462
   0.0128153  -0.00548462    0.0804255
   0.0520367  -0.00584954   0.00716119
 -0.00584954   0.00128791  -0.00517943
  0.00716119  -0.00517943    0.0779278
   0.0576199   -0.0064343      0.01024
  -0.0064343   0.00150608  -0.00683349
     0.01024  -0.00683349    0.0798793
   0.0534907  -0.00576844   0.00509466
 -0.00576844   0.00140116    -0.006387
  0.00509466    -0.006387    0.0788534
   0.0552737  -0.00529824   0.00298257
 -0.00529824    0.0015125  -0.00772582
  0.00298257  -0.00772582    0.0787611
   0.0581728  -0.00558959   0.00688705
 -0.00558959   0.00158635  -0.00815791
  0.00688705  -0.00815791    0.0790887
   0.0517107  -0.00463039 -0.000689634
 -0.00463039   0.00134412  -0.00671888
-0.000689634  -0.00671888    0.0776979
   0.0598278  -0.00450064    0.0038568
 -0.00450064   0.00169125  -0.00935551
   0.0038568  -0.00935551    0.0780365
     0.06193  -0.00319779  0.000585696
 -0.00319779   0.00180993    -0.010367
 0.000585696    -0.010367    0.0771459
   0.0591856  -0.00298103  -0.00354694
 -0.00298103   0.00162167   -0.0095087
 -0.00354694   -0.0095087    0.0766888
   0.0642524  -0.00168657   -0.0025928
 -0.00168657   0.00196425    -0.011304
  -0.0025928    -0.011304    0.0769068
     0.06137  -0.00159757  -0.00676669
 -0.00159757   0.00168418   -0.0100992
 -0.00676669   -0.0100992    0.0757904
   0.0645718  9.15828e-05  -0.00992371
 9.15828e-05   0.00180857   -0.0108205
 -0.00992371   -0.0108205    0.0758685
   0.0661085   7.4377e-05  -0.00601912
  7.4377e-05   0.00217246   -0.0121849
 -0.00601912   -0.0121849    0.0768713
   0.0590441  -0.00157291    -0.010018
 -0.00157291   0.00146043  -0.00903373
   -0.010018  -0.00903373    0.0749125
   0.0615563 -0.000115325   -0.0133458
-0.000115325   0.00148527  -0.00934658
  -0.0133458  -0.00934658     0.074394
   0.0590078 -0.000246556   -0.0161693
-0.000246556   0.00123795  -0.00811693
  -0.0161693  -0.00811693    0.0739492
   0.0555146  -0.00170612   -0.0128337
 -0.00170612    0.0012487   -0.0078539
  -0.0128337   -0.0078539    0.0745036
   0.0563696  -0.00287653  -0.00689808
 -0.00287653   0.00145285  -0.00861477
 -0.00689808  -0.00861477    0.0759737
   0.0527467  -0.00307512  -0.00834513
 -0.00307512    0.0012977  -0.00756627
 -0.00834513  -0.00756627    0.0760535
   0.0540398  -0.00410022  -0.00309439
 -0.00410022   0.00145927  -0.00802724
 -0.00309439  -0.00802724    0.0779901
   0.0571615  -0.00419345 -0.000297949
 -0.00419345   0.00157586  -0.00880918
-0.000297949  -0.00880918     0.077833
   0.0527358  -0.00165066   -0.0152038
 -0.00165066   0.00110226  -0.00712651
  -0.0152038  -0.00712651    0.0744037
   0.0567739 -0.000231262   -0.0186745
-0.000231262   0.00104484  -0.00713974
  -0.0186745  -0.00713974    0.0734157
    0.025611   -0.0197575   -0.0128716
  -0.0197575    0.0187149    0.0195343
  -0.0128716    0.0195343     0.085714
   0.0258716   -0.0202213   -0.0108495
  -0.0202213    0.0188242    0.0181305
  -0.0108495    0.0181305    0.0867524
   0.0256528   -0.0180964  -0.00964699
  -0.0180964    0.0147853    0.0137491
 -0.00964699    0.0137491    0.0881724
   0.0263187   -0.0185711  -0.00747669
  -0.0185711    0.0151756    0.0134253
 -0.00747669    0.0134253    0.0894348
   0.0266227   -0.0206205  -0.00852175
  -0.0206205    0.0190505    0.0175174
 -0.00852175    0.0175174    0.0876989
   0.0263991   -0.0169783  -0.00642235
  -0.0169783    0.0123635   0.00998452
 -0.00642235   0.00998452    0.0911464
   0.0274544   -0.0188364  -0.00495345
  -0.0188364    0.0154925    0.0139184
 -0.00495345    0.0139184    0.0906062
   0.0272678   -0.0171922  -0.00398938
  -0.0171922    0.0126596    0.0105966
 -0.00398938    0.0105966     0.092622
   0.0286257   -0.0171855  -0.00132898
  -0.0171855    0.0127831    0.0118428
 -0.00132898    0.0118428     0.094022
   0.0279304   -0.0208966  -0.00600596
  -0.0208966    0.0193209    0.0178472
 -0.00600596    0.0178472    0.0886877
   0.0292047   -0.0189743  -0.00238853
  -0.0189743    0.0157646    0.0152392
 -0.00238853    0.0152392    0.0918789
   0.0296186   -0.0209344  -0.00329763
  -0.0209344    0.0195691    0.0189871
 -0.00329763    0.0189871    0.0895819
   0.0276283   -0.0161054  -0.00327092
  -0.0161054    0.0106809   0.00800349
 -0.00327092   0.00800349    0.0940668
   0.0285802   -0.0159885 -0.000735835
  -0.0159885     0.010693   0.00914721
-0.000735835   0.00914721    0.0954892
   0.0293024   -0.0154494 -0.000781912
  -0.0154494   0.00931293   0.00725809
-0.000781912   0.00725809    0.0960523
   0.0285925   -0.0155912  -0.00301925
  -0.0155912   0.00933254   0.00625841
 -0.00301925   0.00625841    0.0946599
     0.02714   -0.0160076   -0.0055423
  -0.0160076    0.0104665   0.00739695
  -0.0055423   0.00739695    0.0925478
   0.0288875   -0.0157073  -0.00535665
  -0.0157073   0.00915485    0.0058046
 -0.00535665    0.0058046    0.0898286
   0.0270946   -0.0155634  -0.00743848
  -0.0155634   0.00993439   0.00743492
 -0.00743848   0.00743492    0.0886258
    0.025823   -0.0164473  -0.00838063
  -0.0164473    0.0118869    0.0100895
 -0.00838063    0.0100895    0.0895315
   0.0255888   -0.0156969  -0.00990768
  -0.0156969     0.011339    0.0109559
 -0.00990768    0.0109559    0.0866239
   0.0290994   -0.0153224  -0.00736287
  -0.0153224    0.0086735     0.006106
 -0.00736287     0.006106     0.086658
   0.0269876   -0.0148175  -0.00902672
  -0.0148175   0.00936906   0.00831641
 -0.00902672   0.00831641    0.0858438
   0.0290172   -0.0145278  -0.00873426
  -0.0145278   0.00804858   0.00683058
 -0.00873426   0.00683058     0.084235
   0.0254149   -0.0174762   -0.0114523
  -0.0174762    0.0144221     0.014848
  -0.0114523     0.014848    0.0868137
   0.0314483   -0.0207344 -0.000621409
  -0.0207344    0.0200172    0.0207973
-0.000621409    0.0207973    0.0903496
   0.0311324   -0.0188804  0.000171829
  -0.0188804     0.016137    0.0171352
 0.000171829    0.0171352    0.0930369
   0.0329443     -0.01859   0.00245533
    -0.01859    0.0166281    0.0192769
  0.00245533    0.0192769    0.0940424
   0.0331389   -0.0203243   0.00176914
  -0.0203243    0.0206504    0.0229627
  0.00176914    0.0229627    0.0909578
   0.0325434   -0.0170223   0.00321073
  -0.0170223    0.0133896    0.0156743
  0.00321073    0.0156743    0.0969984
   0.0343459   -0.0181364   0.00419979
  -0.0181364    0.0172359    0.0213733
  0.00419979    0.0213733    0.0948276
   0.0340807   -0.0167161   0.00480348
  -0.0167161    0.0138159    0.0175075
  0.00480348    0.0175075    0.0981764
   0.0350026   -0.0163434   0.00568475
  -0.0163434    0.0142834    0.0189173
  0.00568475    0.0189173    0.0990773
   0.0343702   -0.0197147   0.00362047
  -0.0197147    0.0214326    0.0252117
  0.00362047    0.0252117    0.0913481
   0.0350918    -0.017587   0.00523906
   -0.017587    0.0178864    0.0231496
  0.00523906    0.0231496    0.0953501
   0.0349297   -0.0189797   0.00477389
  -0.0189797    0.0222643    0.0272685
  0.00477389    0.0272685     0.091488
   0.0338349   -0.0156022   0.00495148
  -0.0156022    0.0111856    0.0139477
  0.00495148    0.0139477     0.100398
   0.0349945   -0.0154168    0.0055836
  -0.0154168    0.0115173    0.0149764
   0.0055836    0.0149764     0.101741
   0.0356352    -0.015062   0.00470791
   -0.015062    0.0095594    0.0116291
  0.00470791    0.0116291     0.102375
   0.0340837   -0.0150095   0.00433109
  -0.0150095   0.00930883     0.010983
  0.00433109     0.010983     0.100646
   0.0320924   -0.0157369   0.00360027
  -0.0157369     0.010899    0.0124305
  0.00360027    0.0124305    0.0987579
   0.0320056     -0.01493    0.0032534
    -0.01493   0.00911601   0.00981304
   0.0032534   0.00981304    0.0986074
   0.0300164   -0.0157637   0.00171567
  -0.0157637    0.0106816    0.0106771
  0.00171567    0.0106771    0.0968788
   0.0306205   -0.0171889   0.00107321
  -0.0171889    0.0130448    0.0136916
  0.00107321    0.0136916    0.0955873
   0.0304431     -0.01517    0.0014749
    -0.01517   0.00918002   0.00849641
   0.0014749   0.00849641    0.0973164
   0.0512378   -0.0238155  -0.00599412
  -0.0238155    0.0117636   0.00786063
 -0.00599412   0.00786063    0.0811705
   0.0483187   -0.0228898  -0.00509407
  -0.0228898    0.0115195   0.00810644
 -0.00509407   0.00810644    0.0829418
    0.043045   -0.0194926  -0.00166144
  -0.0194926   0.00969938   0.00754841
 -0.00166144   0.00754841    0.0904989
   0.0409495   -0.0194082  -0.00217239
  -0.0194082   0.00997241   0.00747127
 -0.00217239   0.00747127    0.0897718
   0.0473518    -0.023388  -0.00657676
   -0.023388    0.0121493   0.00831054
 -0.00657676   0.00831054    0.0784573
   0.0369402   -0.0170067  0.000474649
  -0.0170067    0.0088443   0.00731463
 0.000474649   0.00731463     0.094927
   0.0404056    -0.020123   -0.0044662
   -0.020123    0.0106471   0.00744901
  -0.0044662   0.00744901    0.0842723
   0.0355016   -0.0172527   -0.0010385
  -0.0172527   0.00919166   0.00676898
  -0.0010385   0.00676898    0.0939266
   0.0352094    -0.017856  -0.00375615
   -0.017856   0.00965834   0.00645646
 -0.00375615   0.00645646    0.0875596
   0.0452035    -0.023193  -0.00754575
   -0.023193    0.0124442   0.00856264
 -0.00754575   0.00856264    0.0763631
   0.0393482   -0.0202451  -0.00603703
  -0.0202451    0.0109474   0.00739148
 -0.00603703   0.00739148    0.0808042
   0.0438139   -0.0229951  -0.00855664
  -0.0229951    0.0126026   0.00881685
 -0.00855664   0.00881685    0.0744497
   0.0323161   -0.0156993  0.000487386
  -0.0156993   0.00872736   0.00718078
 0.000487386   0.00718078    0.0962388
   0.0311904   -0.0159146   -0.0015101
  -0.0159146   0.00892722   0.00626106
  -0.0015101   0.00626106    0.0951023
   0.0337942   -0.0154467   0.00214122
  -0.0154467   0.00849786    0.0080858
  0.00214122    0.0080858    0.0973204
   0.0356325   -0.0154276   0.00302701
  -0.0154276   0.00845234   0.00879406
  0.00302701   0.00879406    0.0983636
   0.0386378   -0.0169205   0.00119591
  -0.0169205   0.00862117   0.00766158
  0.00119591   0.00766158    0.0957412
   0.0409558     -0.01741  0.000798934
    -0.01741   0.00877883   0.00765142
 0.000798934   0.00765142    0.0957825
   0.0378064   -0.0157853   0.00322291
  -0.0157853   0.00867897   0.00906271
  0.00322291   0.00906271     0.100388
   0.0457675   -0.0202512  -0.00238835
  -0.0202512   0.00991707   0.00738656
 -0.00238835   0.00738656    0.0895437
   0.0433234    -0.022964  -0.00903107
   -0.022964    0.0127038   0.00889284
 -0.00903107   0.00889284    0.0750938
   0.0385292   -0.0199765  -0.00717664
  -0.0199765    0.0108489   0.00724324
 -0.00717664   0.00724324    0.0796057
   0.0389819   -0.0199904  -0.00868004
  -0.0199904    0.0108081   0.00779202
 -0.00868004   0.00779202    0.0779695
   0.0426033   -0.0223047  -0.00970656
  -0.0223047    0.0122796   0.00919444
 -0.00970656   0.00919444    0.0751463
   0.0353357   -0.0179393  -0.00749423
  -0.0179393   0.00961931   0.00668879
 -0.00749423   0.00668879    0.0810217
   0.0388379   -0.0188712   -0.0096096
  -0.0188712   0.00999807   0.00849274
  -0.0096096   0.00849274    0.0770973
   0.0353159   -0.0170198  -0.00870435
  -0.0170198   0.00883339   0.00687772
 -0.00870435   0.00687772    0.0801499
   0.0345974   -0.0155229  -0.00932077
  -0.0155229   0.00778272   0.00705066
 -0.00932077   0.00705066    0.0802426
   0.0426127   -0.0211427   -0.0108311
  -0.0211427    0.0114131   0.00996011
  -0.0108311   0.00996011    0.0731387
    0.038142   -0.0171985   -0.0102383
  -0.0171985   0.00882001   0.00875301
  -0.0102383   0.00875301    0.0751544
   0.0418553   -0.0193348   -0.0114278
  -0.0193348    0.0102973    0.0106575
  -0.0114278    0.0106575    0.0709549
   0.0320508   -0.0158975  -0.00775465
  -0.0158975   0.00841591   0.00593308
 -0.00775465   0.00593308    0.0840049
   0.0315087   -0.0146925  -0.00885869
  -0.0146925   0.00751079   0.00637986
 -0.00885869   0.00637986    0.0841602
   0.0317798   -0.0164029  -0.00616389
  -0.0164029   0.00894968    0.0056638
 -0.00616389    0.0056638      0.08598
   0.0310786   -0.0162071  -0.00403598
  -0.0162071   0.00903052   0.00565408
 -0.00403598   0.00565408    0.0893608
   0.0349588   -0.0179854  -0.00560422
  -0.0179854   0.00975426   0.00625714
 -0.00560422   0.00625714    0.0841763
   0.0347447   -0.0181769   0.00517316
  -0.0181769    0.0229875     0.028975
  0.00517316     0.028975    0.0914384
   0.0350785   -0.0169868   0.00550531
  -0.0169868    0.0184354    0.0244789
  0.00550531    0.0244789    0.0956632
    0.034363   -0.0163551   0.00505876
  -0.0163551    0.0188502    0.0252733
  0.00505876    0.0252733    0.0958508
   0.0338963    -0.017339   0.00488434
   -0.017339    0.0235691    0.0302047
  0.00488434    0.0302047    0.0912838
    0.034604   -0.0154922   0.00516638
  -0.0154922    0.0149699    0.0200731
  0.00516638    0.0200731     0.100234
    0.033109   -0.0156866   0.00401881
  -0.0156866    0.0190211    0.0256068
  0.00401881    0.0256068    0.0959362
   0.0334643   -0.0149951   0.00394009
  -0.0149951    0.0150531    0.0198964
  0.00394009    0.0198964     0.100588
   0.0319696   -0.0144077   0.00227519
  -0.0144077    0.0148373    0.0194279
  0.00227519    0.0194279       0.1008
   0.0325485   -0.0164847    0.0040217
  -0.0164847    0.0238996    0.0310154
   0.0040217    0.0310154    0.0910542
   0.0315372   -0.0149723    0.0025444
  -0.0149723     0.018882    0.0256317
   0.0025444    0.0256317    0.0959343
   0.0309294   -0.0156378   0.00274186
  -0.0156378    0.0239185    0.0315092
  0.00274186    0.0315092    0.0907693
   0.0339623   -0.0145583   0.00334811
  -0.0145583    0.0120457    0.0144577
  0.00334811    0.0144577     0.104074
   0.0325708   -0.0140865   0.00152503
  -0.0140865    0.0118282    0.0135326
  0.00152503    0.0135326     0.104449
   0.0339829   -0.0142802   7.4601e-05
  -0.0142802   0.00979539   0.00852417
  7.4601e-05   0.00852417     0.106007
   0.0352444   -0.0146414   0.00200132
  -0.0146414   0.00997549   0.00983563
  0.00200132   0.00983563     0.105502
   0.0349573   -0.0148964   0.00473604
  -0.0148964    0.0120031    0.0151424
  0.00473604    0.0151424     0.103498
   0.0360685   -0.0148552   0.00350184
  -0.0148552   0.00993205    0.0109453
  0.00350184    0.0109453     0.104745
    0.035345   -0.0151693   0.00551907
  -0.0151693    0.0117835    0.0153717
  0.00551907    0.0153717     0.102727
   0.0351657   -0.0159303   0.00578826
  -0.0159303    0.0146739    0.0197875
  0.00578826    0.0197875    0.0997362
   0.0362572   -0.0149912   0.00441975
  -0.0149912   0.00976835    0.0116133
  0.00441975    0.0116133     0.103735
   0.0292428   -0.0147575   0.00118883
  -0.0147575    0.0236603    0.0318109
  0.00118883    0.0318109     0.090467
    0.029857   -0.0141943  0.000791756
  -0.0141943    0.0184488     0.025528
 0.000791756     0.025528    0.0958837
   0.0282613   -0.0133411  -0.00104686
  -0.0133411    0.0178171    0.0254411
 -0.00104686    0.0254411    0.0953131
   0.0276394   -0.0138602 -0.000478963
  -0.0138602    0.0231949     0.032015
-0.000478963     0.032015    0.0899403
     0.02889   -0.0129064  -0.00160609
  -0.0129064    0.0135929    0.0184592
 -0.00160609    0.0184592     0.100498
   0.0273019   -0.0124814  -0.00245624
  -0.0124814    0.0170809    0.0254508
 -0.00245624    0.0254508    0.0947334
   0.0281698   -0.0120822   -0.0032578
  -0.0120822    0.0127656    0.0182808
  -0.0032578    0.0182808    0.0995505
   0.0290534   -0.0112964  -0.00434753
  -0.0112964    0.0119502    0.0184392
 -0.00434753    0.0184392    0.0990357
   0.0270817   -0.0131293   -0.0017674
  -0.0131293    0.0226414    0.0321537
  -0.0017674    0.0321537    0.0890596
   0.0278565   -0.0117894  -0.00338435
  -0.0117894     0.016363    0.0255327
 -0.00338435    0.0255327    0.0934869
   0.0287297   -0.0128233  -0.00233509
  -0.0128233    0.0222459    0.0322943
 -0.00233509    0.0322943    0.0883732
    0.029084   -0.0118223  -0.00434029
  -0.0118223   0.00972242    0.0114373
 -0.00434029    0.0114373     0.103674
   0.0301132   -0.0110071  -0.00586853
  -0.0110071   0.00885696    0.0115227
 -0.00586853    0.0115227     0.102625
   0.0325578    -0.011242  -0.00758727
   -0.011242   0.00699978   0.00568287
 -0.00758727   0.00568287     0.105293
   0.0309456   -0.0120968  -0.00592957
  -0.0120968    0.0078929   0.00564463
 -0.00592957   0.00564463     0.106006
   0.0296335   -0.0126476  -0.00258485
  -0.0126476    0.0105876    0.0118357
 -0.00258485    0.0118357     0.104579
   0.0312815   -0.0129431  -0.00418731
  -0.0129431   0.00871446   0.00625775
 -0.00418731   0.00625775     0.106196
    0.031006   -0.0134344 -0.000550191
  -0.0134344    0.0113218     0.012597
-0.000550191     0.012597     0.104655
   0.0303342   -0.0136928   0.00034103
  -0.0136928    0.0143237    0.0188924
  0.00034103    0.0188924     0.100908
   0.0325011   -0.0136939  -0.00208553
  -0.0136939   0.00938081   0.00726989
 -0.00208553   0.00726989     0.106285
   0.0526953   -0.0216267   -0.0190065
  -0.0216267    0.0103191  0.000274966
  -0.0190065  0.000274966    0.0835301
   0.0525739   -0.0228498   -0.0176512
  -0.0228498    0.0111543  0.000238453
  -0.0176512  0.000238453    0.0830428
   0.0451312   -0.0187749   -0.0144789
  -0.0187749   0.00925715 -0.000886202
  -0.0144789 -0.000886202    0.0928247
   0.0459562   -0.0197748   -0.0125918
  -0.0197748   0.00986822 -0.000236926
  -0.0125918 -0.000236926    0.0927708
   0.0536328   -0.0237812   -0.0158282
  -0.0237812    0.0116328  0.000775328
  -0.0158282  0.000775328    0.0830274
   0.0393342   -0.0164791  -0.00924157
  -0.0164791   0.00858164  4.61152e-05
 -0.00924157  4.61152e-05     0.100564
   0.0471887    -0.020454   -0.0105469
   -0.020454    0.0101538  0.000910301
  -0.0105469  0.000910301    0.0926048
   0.0406365   -0.0172364  -0.00709002
  -0.0172364   0.00902111   0.00124552
 -0.00709002   0.00124552     0.100438
   0.0419047   -0.0176696  -0.00496911
  -0.0176696   0.00916646   0.00280122
 -0.00496911   0.00280122     0.100037
   0.0548227   -0.0244629   -0.0138771
  -0.0244629    0.0118862   0.00174249
  -0.0138771   0.00174249    0.0828319
   0.0482711   -0.0208725  -0.00851054
  -0.0208725    0.0102541   0.00238535
 -0.00851054   0.00238535    0.0921519
   0.0556989   -0.0248848   -0.0118951
  -0.0248848    0.0120001   0.00300154
  -0.0118951   0.00300154    0.0824454
   0.0358126    -0.015014  -0.00409231
   -0.015014   0.00869894    0.0032861
 -0.00409231    0.0032861     0.105168
   0.0372113   -0.0155224  -0.00190534
  -0.0155224   0.00898438   0.00476257
 -0.00190534   0.00476257     0.104836
   0.0345859   -0.0142657  -0.00624308
  -0.0142657   0.00815246    0.0021096
 -0.00624308    0.0021096     0.105327
   0.0342931   -0.0133777   -0.0081468
  -0.0133777    0.0073854   0.00143432
  -0.0081468   0.00143432     0.104962
   0.0388425   -0.0155446   -0.0110778
  -0.0155446   0.00791057  -0.00070956
  -0.0110778  -0.00070956     0.100805
    0.040347   -0.0144763   -0.0125286
  -0.0144763   0.00703293 -0.000751144
  -0.0125286 -0.000751144     0.101158
   0.0360436   -0.0124094  -0.00965084
  -0.0124094    0.0064908   0.00137941
 -0.00965084   0.00137941     0.105637
   0.0462492   -0.0176506    -0.015698
  -0.0176506   0.00841695 -0.000973144
   -0.015698 -0.000973144    0.0941347
   0.0560909   -0.0251395  -0.00999984
  -0.0251395    0.0120854   0.00438253
 -0.00999984   0.00438253    0.0820833
   0.0489782   -0.0211211  -0.00656688
  -0.0211211    0.0102807   0.00396482
 -0.00656688   0.00396482    0.0914937
    0.048807   -0.0210708  -0.00471513
  -0.0210708    0.0102155   0.00537286
 -0.00471513   0.00537286    0.0906871
   0.0550837   -0.0247968  -0.00825792
  -0.0247968    0.0119419   0.00578838
 -0.00825792   0.00578838    0.0818132
   0.0431804    -0.017986  -0.00129038
   -0.017986   0.00913762   0.00594334
 -0.00129038   0.00594334    0.0983416
   0.0475033   -0.0206397  -0.00332845
  -0.0206397    0.0100116   0.00659754
 -0.00332845   0.00659754    0.0899336
   0.0426508   -0.0178496  5.55489e-05
  -0.0178496   0.00900079   0.00703079
 5.55489e-05   0.00703079     0.097138
   0.0534558   -0.0243267  -0.00689111
  -0.0243267    0.0118083   0.00700417
 -0.00689111   0.00700417    0.0814909
   0.0388709     -0.01594   0.00273081
    -0.01594   0.00886636   0.00870164
  0.00273081   0.00870164     0.102044
   0.0389721   -0.0159306   0.00163616
  -0.0159306    0.0090164   0.00773472
  0.00163616   0.00773472     0.103325
   0.0383355    -0.015798  5.95809e-05
   -0.015798   0.00906641   0.00633122
 5.95809e-05   0.00633122     0.104228
   0.0428271   -0.0179134  -0.00302055
  -0.0179134   0.00920232   0.00446044
 -0.00302055   0.00446044    0.0993404
   0.0213535   -0.0314806  -0.00546387
  -0.0314806    0.0952973    0.0540398
 -0.00546387    0.0540398    0.0590921
    0.022106   -0.0311757  -0.00381281
  -0.0311757    0.0918881    0.0524757
 -0.00381281    0.0524757    0.0606634
   0.0228468   -0.0314738  -0.00615264
  -0.0314738    0.0796498    0.0498468
 -0.00615264    0.0498468    0.0655109
   0.0240485   -0.0313401  -0.00408179
  -0.0313401    0.0768566    0.0480382
 -0.00408179    0.0480382    0.0665606
   0.0232548    -0.030924  -0.00199905
   -0.030924    0.0883787    0.0508841
 -0.00199905    0.0508841    0.0619933
   0.0248547   -0.0310172  -0.00598348
  -0.0310172    0.0658147    0.0446279
 -0.00598348    0.0446279    0.0709165
   0.0255192   -0.0311285  -0.00189212
  -0.0311285    0.0744151     0.046629
