           0            0            0
           0            0            0
           0            0            0
   0.0730266  -0.00328013    0.0113934
 -0.00328013  0.000293616  0.000874427
   0.0113934  0.000874427    0.0509047
   0.0669025  -0.00310329    0.0170015
 -0.00310329  0.000324965   0.00086471
   0.0170015   0.00086471    0.0568514
   0.0610609  -0.00326621    0.0230485
 -0.00326621  0.000441242   0.00100633
   0.0230485   0.00100633    0.0651698
   0.0582508  -0.00391237    0.0269798
 -0.00391237  0.000604648  0.000868747
   0.0269798  0.000868747    0.0723113
   0.0572567  -0.00463716    0.0287909
 -0.00463716  0.000766651  0.000520278
   0.0287909  0.000520278    0.0767956
   0.0523745  -0.00449976    0.0245595
 -0.00449976  0.000668063  3.01506e-05
   0.0245595  3.01506e-05    0.0725074
   0.0522882  -0.00516671    0.0230833
 -0.00516671  0.000831619 -0.000732865
   0.0230833 -0.000732865    0.0755092
   0.0566292  -0.00535446    0.0271232
 -0.00535446  0.000919076 -0.000281274
   0.0271232 -0.000281274    0.0787054
   0.0521082    -0.005708    0.0191713
   -0.005708   0.00098249  -0.00184588
   0.0191713  -0.00184588    0.0767622
   0.0559774  -0.00594348    0.0231893
 -0.00594348    0.0010494  -0.00147031
   0.0231893  -0.00147031    0.0792248
   0.0515197  -0.00591376    0.0148867
 -0.00591376   0.00109977  -0.00317122
   0.0148867  -0.00317122    0.0768932
   0.0568463  -0.00652068    0.0213668
 -0.00652068   0.00115238  -0.00244593
   0.0213668  -0.00244593    0.0800677
    0.112254  0.000271137    0.0337593
 0.000271137    0.0015215   0.00688573
   0.0337593   0.00688573    0.0665568
    0.100453   -0.0011853    0.0394091
  -0.0011853   0.00202024   0.00832552
   0.0394091   0.00832552    0.0753824
    0.101693 -0.000116641    0.0397268
-0.000116641   0.00159784   0.00770247
   0.0397268   0.00770247    0.0757221
   0.0923666  -0.00134455    0.0448286
 -0.00134455   0.00200853   0.00878957
   0.0448286   0.00878957    0.0836555
   0.0905848  -0.00252006    0.0442145
 -0.00252006   0.00245174   0.00931518
   0.0442145   0.00931518    0.0831654
   0.0924382 -0.000817745    0.0445178
-0.000817745   0.00158979   0.00780442
   0.0445178   0.00780442    0.0836951
   0.0854443   -0.0025818    0.0482109
  -0.0025818   0.00232448   0.00918201
   0.0482109   0.00918201     0.089464
   0.0858525  -0.00196085    0.0480515
 -0.00196085   0.00190047   0.00832539
   0.0480515   0.00832539    0.0895266
   0.0805159  -0.00320005     0.048851
 -0.00320005   0.00211124   0.00805239
    0.048851   0.00805239    0.0924316
   0.0833609  -0.00365496    0.0473497
 -0.00365496   0.00275891    0.0096011
   0.0473497    0.0096011    0.0888752
    0.079877  -0.00377559    0.0488733
 -0.00377559   0.00251224   0.00877306
   0.0488733   0.00877306    0.0923791
   0.0777216  -0.00462143    0.0478615
 -0.00462143   0.00290065   0.00911965
   0.0478615   0.00911965    0.0917822
   0.0845894  -0.00195219    0.0469243
 -0.00195219   0.00151637   0.00696285
   0.0469243   0.00696285    0.0891274
   0.0798434  -0.00310774    0.0480229
 -0.00310774   0.00174087   0.00684166
   0.0480229   0.00684166    0.0921459
   0.0765682  -0.00322896    0.0450778
 -0.00322896   0.00140144   0.00542227
   0.0450778   0.00542227    0.0899049
   0.0809167  -0.00222308    0.0435478
 -0.00222308   0.00117369   0.00541395
   0.0435478   0.00541395    0.0865455
   0.0904861    -0.000959    0.0428143
   -0.000959     0.001219    0.0063775
   0.0428143    0.0063775     0.083007
   0.0860302  -0.00139503    0.0387258
 -0.00139503  0.000903331   0.00483518
   0.0387258   0.00483518    0.0797276
   0.0985638 -0.000228452    0.0367199
-0.000228452  0.000892306   0.00529399
   0.0367199   0.00529399    0.0744319
    0.101164  0.000161249    0.0392029
 0.000161249   0.00121454    0.0066524
   0.0392029    0.0066524    0.0756677
    0.111324  0.000779903    0.0330278
 0.000779903  0.000847724   0.00519044
   0.0330278   0.00519044    0.0665263
   0.0933861  -0.00100147    0.0319969
 -0.00100147  0.000640614   0.00388332
   0.0319969   0.00388332    0.0708972
    0.108045 -0.000118425    0.0297745
-0.000118425  0.000615632   0.00398477
   0.0297745   0.00398477    0.0647654
   0.0993287  -0.00105701    0.0245757
 -0.00105701  0.000442422   0.00283895
   0.0245757   0.00283895    0.0612176
    0.112505  0.000950014    0.0336767
 0.000950014   0.00115699   0.00620719
   0.0336767   0.00620719    0.0666668
   0.0752915  -0.00555144    0.0472542
 -0.00555144    0.0028451   0.00795447
   0.0472542   0.00795447    0.0929698
   0.0774822  -0.00488712    0.0483679
 -0.00488712   0.00252539   0.00766783
   0.0483679   0.00766783    0.0935012
   0.0760351   -0.0060234    0.0464024
  -0.0060234   0.00239109   0.00596946
   0.0464024   0.00596946    0.0930774
   0.0738492  -0.00651541    0.0452544
 -0.00651541   0.00263746   0.00623686
   0.0452544   0.00623686     0.092687
   0.0767659   -0.0055596    0.0464605
  -0.0055596   0.00211052   0.00551417
   0.0464605   0.00551417    0.0929254
   0.0747555  -0.00705249    0.0434358
 -0.00705249   0.00218476   0.00383011
   0.0434358   0.00383011    0.0918251
   0.0754338  -0.00665068    0.0434635
 -0.00665068     0.001965   0.00346532
   0.0434635   0.00346532     0.091517
   0.0742736  -0.00747004    0.0402772
 -0.00747004   0.00180357   0.00109908
   0.0402772   0.00109908    0.0901543
   0.0725836  -0.00736191    0.0422891
 -0.00736191   0.00236038   0.00411214
   0.0422891   0.00411214    0.0916073
   0.0736252  -0.00778981    0.0402589
 -0.00778981   0.00196351   0.00139192
   0.0402589   0.00139192    0.0905885
   0.0714048  -0.00791685     0.039082
 -0.00791685   0.00207195   0.00170414
    0.039082   0.00170414    0.0905015
    0.074952  -0.00641171    0.0426035
 -0.00641171   0.00175498    0.0028503
   0.0426035    0.0028503    0.0908477
   0.0736828  -0.00718651    0.0393406
 -0.00718651   0.00163923  0.000670317
   0.0393406  0.000670317    0.0893416
   0.0720667  -0.00706904    0.0375726
 -0.00706904   0.00150997  4.10621e-05
   0.0375726  4.10621e-05    0.0881736
   0.0730713  -0.00635584    0.0406405
 -0.00635584   0.00157703   0.00200269
   0.0406405   0.00200269    0.0895171
   0.0763435  -0.00537259    0.0456751
 -0.00537259   0.00184826   0.00470263
   0.0456751   0.00470263    0.0924225
   0.0741329  -0.00537192    0.0434586
 -0.00537192   0.00160534   0.00364167
   0.0434586   0.00364167    0.0910092
   0.0777987  -0.00424008    0.0476832
 -0.00424008    0.0018587   0.00606868
   0.0476832   0.00606868    0.0931332
   0.0781993  -0.00437231    0.0484095
 -0.00437231   0.00218259   0.00709057
   0.0484095   0.00709057    0.0934747
   0.0750393  -0.00428501    0.0450883
 -0.00428501   0.00155464   0.00481823
   0.0450883   0.00481823    0.0913016
   0.0607199  -0.00622552    0.0283221
 -0.00622552   0.00114554 -0.000651826
   0.0283221 -0.000651826    0.0821879
    0.060274  -0.00545801     0.030289
 -0.00545801   0.00103532  0.000283003
    0.030289  0.000283003     0.081592
   0.0646185  -0.00549426    0.0343548
 -0.00549426   0.00117713   0.00123182
   0.0343548   0.00123182    0.0845676
   0.0611351  -0.00468124    0.0325182
 -0.00468124  0.000899013   0.00116313
   0.0325182   0.00116313    0.0801901
   0.0647243  -0.00463835    0.0356014
 -0.00463835   0.00105389   0.00198007
   0.0356014   0.00198007    0.0832363
   0.0661775   -0.0038018    0.0355247
  -0.0038018  0.000890617   0.00241138
   0.0355247   0.00241138    0.0805772
   0.0625433  -0.00392384    0.0314054
 -0.00392384  0.000733221   0.00154297
   0.0314054   0.00154297    0.0768975
   0.0703639  -0.00440522    0.0409276
 -0.00440522   0.00127316   0.00345348
   0.0409276   0.00345348    0.0880405
   0.0716266   -0.0034575      0.04059
  -0.0034575   0.00110212   0.00390266
     0.04059   0.00390266    0.0860221
   0.0699686  -0.00540388    0.0395957
 -0.00540388   0.00137133   0.00248993
   0.0395957   0.00248993    0.0883144
   0.0695775  -0.00633415    0.0372223
 -0.00633415   0.00140616   0.00106317
   0.0372223   0.00106317    0.0875663
   0.0647068  -0.00630057    0.0321477
 -0.00630057   0.00125598  6.90675e-05
   0.0321477  6.90675e-05    0.0847228
   0.0647254  -0.00687643    0.0298707
 -0.00687643   0.00129537  -0.00139865
   0.0298707  -0.00139865    0.0842538
   0.0689695  -0.00698646    0.0345628
 -0.00698646   0.00139791 -0.000654814
   0.0345628 -0.000654814    0.0860778
   0.0606378  -0.00672927    0.0252507
 -0.00672927   0.00122191  -0.00199042
   0.0252507  -0.00199042     0.082415
   0.0662466   -0.0032755     0.028522
  -0.0032755  0.000551893    0.0015957
    0.028522    0.0015957    0.0713288
    0.070317  -0.00276669    0.0229488
 -0.00276669  0.000385405   0.00145057
   0.0229488   0.00145057    0.0639886
   0.0747981  -0.00252307    0.0273343
 -0.00252307  0.000490213   0.00213599
   0.0273343   0.00213599     0.068478
   0.0778441  -0.00285262    0.0166582
 -0.00285262  0.000297133   0.00117419
   0.0166582   0.00117419    0.0560114
   0.0814247  -0.00233497    0.0210101
 -0.00233497  0.000344551    0.0017521
   0.0210101    0.0017521    0.0604845
   0.0884708  -0.00301731    0.0151441
 -0.00301731  0.000366815   0.00134937
   0.0151441   0.00134937    0.0528062
   0.0814796  -0.00315944    0.0117827
 -0.00315944   0.00028212  0.000926381
   0.0117827  0.000926381    0.0503055
   0.0847808  -0.00172936    0.0264127
 -0.00172936  0.000451586   0.00259979
   0.0264127   0.00259979    0.0660282
   0.0906841  -0.00187393    0.0199666
 -0.00187393  0.000327892   0.00189382
   0.0199666   0.00189382    0.0574215
   0.0802425  -0.00200526     0.033184
 -0.00200526  0.000656279   0.00333148
    0.033184   0.00333148    0.0748047
    0.075566  -0.00259833    0.0386565
 -0.00259833  0.000883944   0.00382686
   0.0386565   0.00382686    0.0817349
   0.0708042  -0.00308694    0.0333299
 -0.00308694   0.00069768   0.00245019
   0.0333299   0.00245019    0.0764548
   0.0702664  -0.00817519    0.0356886
 -0.00817519   0.00185876 -0.000878497
   0.0356886 -0.000878497     0.089355
   0.0726218  -0.00820595    0.0369273
 -0.00820595   0.00180044  -0.00122536
   0.0369273  -0.00122536    0.0893641
   0.0715985  -0.00833895    0.0335116
 -0.00833895   0.00175087  -0.00391098
   0.0335116  -0.00391098    0.0881476
   0.0690627  -0.00816558    0.0322049
 -0.00816558   0.00176384  -0.00352444
   0.0322049  -0.00352444    0.0881645
    0.072463  -0.00816941    0.0336195
 -0.00816941   0.00166494  -0.00409455
   0.0336195  -0.00409455      0.08761
   0.0705747  -0.00815394    0.0299989
 -0.00815394   0.00186707  -0.00662327
   0.0299989  -0.00662327    0.0869455
   0.0716444  -0.00805184    0.0301694
 -0.00805184   0.00180043  -0.00676615
   0.0301694  -0.00676615    0.0864414
   0.0708739  -0.00760511    0.0266081
 -0.00760511    0.0021062  -0.00944612
   0.0266081  -0.00944612    0.0853472
   0.0677541  -0.00785195    0.0286299
 -0.00785195   0.00185112  -0.00621141
   0.0286299  -0.00621141    0.0869331
   0.0694616  -0.00763246    0.0263796
 -0.00763246   0.00217557  -0.00935755
   0.0263796  -0.00935755    0.0857614
   0.0662794  -0.00721835    0.0249878
 -0.00721835   0.00215258  -0.00895361
   0.0249878  -0.00895361      0.08567
   0.0711364   -0.0076923    0.0291664
  -0.0076923     0.001688  -0.00673892
   0.0291664  -0.00673892    0.0854558
   0.0705439  -0.00723905    0.0256066
 -0.00723905   0.00197644  -0.00929582
   0.0256066  -0.00929582    0.0844146
   0.0691032  -0.00674261    0.0236945
 -0.00674261   0.00183465  -0.00903411
   0.0236945  -0.00903411    0.0831395
   0.0696416  -0.00729219    0.0273413
 -0.00729219   0.00159139  -0.00668718
   0.0273413  -0.00668718    0.0841909
   0.0718378  -0.00783376    0.0326123
 -0.00783376   0.00155945  -0.00420436
   0.0326123  -0.00420436    0.0866295
   0.0703686  -0.00754054    0.0308809
 -0.00754054   0.00147775  -0.00437827
   0.0308809  -0.00437827    0.0854258
   0.0726813  -0.00765318    0.0359842
 -0.00765318   0.00156245  -0.00171926
   0.0359842  -0.00171926    0.0879291
   0.0733404  -0.00796793    0.0369766
 -0.00796793   0.00168849  -0.00145944
   0.0369766  -0.00145944    0.0888513
    0.071182  -0.00745326    0.0342841
 -0.00745326   0.00146759  -0.00212243
   0.0342841  -0.00212243    0.0867801
   0.0645713  -0.00622743    0.0213479
 -0.00622743   0.00273613   -0.0117515
   0.0213479   -0.0117515    0.0843757
   0.0681752  -0.00672562    0.0227135
 -0.00672562   0.00272368   -0.0120943
   0.0227135   -0.0120943    0.0846031
   0.0665416  -0.00546463    0.0190716
 -0.00546463   0.00352293   -0.0148253
   0.0190716   -0.0148253    0.0834797
   0.0625617  -0.00487565    0.0178115
 -0.00487565   0.00360022   -0.0145982
   0.0178115   -0.0145982    0.0830771
   0.0689703  -0.00558793    0.0193304
 -0.00558793   0.00333634   -0.0146885
   0.0193304   -0.0146885    0.0834118
   0.0645927  -0.00373226    0.0154709
 -0.00373226    0.0046636   -0.0176405
   0.0154709   -0.0176405    0.0823877
   0.0675482  -0.00395426    0.0156747
 -0.00395426   0.00434922   -0.0173251
   0.0156747   -0.0173251    0.0825549
    0.065802  -0.00179015    0.0120163
 -0.00179015   0.00573601   -0.0200841
   0.0120163   -0.0200841    0.0817514
   0.0602954  -0.00307216    0.0143968
 -0.00307216   0.00486633   -0.0175922
   0.0143968   -0.0175922    0.0818038
   0.0623522  -0.00148902    0.0119179
 -0.00148902   0.00624122   -0.0206209
   0.0119179   -0.0206209    0.0813633
   0.0577925 -0.000793613    0.0110665
-0.000793613   0.00662907   -0.0207956
   0.0110665   -0.0207956    0.0806319
   0.0687548   -0.0037258    0.0146777
  -0.0037258   0.00395035   -0.0166641
   0.0146777   -0.0166641    0.0821461
   0.0676322  -0.00166853    0.0109986
 -0.00166853   0.00514652   -0.0191981
   0.0109986   -0.0191981    0.0816028
    0.067874   -0.0012053   0.00884757
  -0.0012053   0.00452271   -0.0180521
  0.00884757   -0.0180521    0.0809218
   0.0683974    -0.003184    0.0125729
   -0.003184   0.00352289    -0.015765
   0.0125729    -0.015765     0.081229
   0.0695835  -0.00529016    0.0183524
 -0.00529016   0.00307957   -0.0142306
   0.0183524   -0.0142306    0.0827711
   0.0686593  -0.00470686    0.0162938
 -0.00470686   0.00278515   -0.0135596
   0.0162938   -0.0135596    0.0816693
   0.0701453  -0.00642514    0.0219967
 -0.00642514   0.00244449   -0.0118038
   0.0219967   -0.0118038    0.0835195
   0.0700781  -0.00677336    0.0229803
 -0.00677336   0.00262085   -0.0120936
   0.0229803   -0.0120936    0.0843343
   0.0688315  -0.00586295     0.019995
 -0.00586295    0.0022411   -0.0113449
    0.019995   -0.0113449    0.0822961
   0.0644968  0.000376184  -0.00332391
 0.000376184   0.00251957    -0.013236
 -0.00332391    -0.013236     0.076614
   0.0635289  -0.00154283  0.000650963
 -0.00154283   0.00216609   -0.0120124
 0.000650963   -0.0120124    0.0763605
   0.0645604  -0.00168422   0.00369472
 -0.00168422   0.00242855   -0.0128999
  0.00369472   -0.0128999    0.0774915
   0.0641244  -0.00334881   0.00772223
 -0.00334881   0.00208556   -0.0114933
  0.00772223   -0.0114933    0.0776664
   0.0620239  -0.00312414    0.0042801
 -0.00312414   0.00191001   -0.0108102
   0.0042801   -0.0108102    0.0763602
   0.0654359  -0.00362081    0.0107075
 -0.00362081   0.00226798   -0.0121385
   0.0107075   -0.0121385    0.0789898
   0.0633013  -0.00472035    0.0115951
 -0.00472035   0.00182141  -0.00999565
   0.0115951  -0.00999565    0.0778538
   0.0654144  -0.00497754    0.0147252
 -0.00497754   0.00193105   -0.0104345
   0.0147252   -0.0104345    0.0794982
    0.065271  -0.00607816    0.0185454
 -0.00607816   0.00167024  -0.00861904
   0.0185454  -0.00861904    0.0801896
    0.060052   -0.0044354   0.00773297
  -0.0044354   0.00169937   -0.0094466
  0.00773297   -0.0094466    0.0760049
   0.0620842  -0.00578899    0.0150483
 -0.00578899   0.00159927  -0.00833987
   0.0150483  -0.00833987    0.0779806
   0.0581722  -0.00544459    0.0103486
 -0.00544459   0.00152275  -0.00800136
   0.0103486  -0.00800136    0.0768201
   0.0670873  -0.00532881    0.0174581
 -0.00532881   0.00205767   -0.0108586
   0.0174581   -0.0108586    0.0808994
   0.0673379  -0.00634278    0.0213273
 -0.00634278   0.00173531  -0.00880668
   0.0213273  -0.00880668    0.0817515
   0.0669799  -0.00408169    0.0135828
 -0.00408169    0.0025036   -0.0128266
   0.0135828   -0.0128266    0.0803289
   0.0670634  -0.00252875   0.00973341
 -0.00252875   0.00310761   -0.0147743
  0.00973341   -0.0147743    0.0800177
   0.0655086  -0.00198689   0.00665116
 -0.00198689   0.00274006   -0.0138175
  0.00665116   -0.0138175    0.0788146
   0.0657874 -4.49787e-05    0.0026747
-4.49787e-05   0.00339128   -0.0155693
   0.0026747   -0.0155693    0.0788786
   0.0670603 -0.000601042   0.00590797
-0.000601042   0.00392776   -0.0167995
  0.00590797   -0.0167995    0.0798962
   0.0647947  0.000304758 -0.000468476
 0.000304758   0.00292206   -0.0143866
-0.000468476   -0.0143866     0.077806
   0.0571866  -0.00612512    0.0128515
 -0.00612512   0.00140204   -0.0065456
   0.0128515   -0.0065456    0.0781841
   0.0608999  -0.00646767    0.0178514
 -0.00646767   0.00144882  -0.00664492
   0.0178514  -0.00664492    0.0785054
   0.0602253  -0.00680034    0.0199439
 -0.00680034   0.00134636  -0.00501812
   0.0199439  -0.00501812    0.0799744
   0.0572489  -0.00657672    0.0155871
 -0.00657672   0.00131332  -0.00511374
   0.0155871  -0.00511374    0.0796324
   0.0646231  -0.00713814    0.0250321
 -0.00713814   0.00139231  -0.00485814
   0.0250321  -0.00485814    0.0815168
   0.0606093  -0.00690791    0.0224403
 -0.00690791   0.00128396   -0.0034722
   0.0224403   -0.0034722    0.0818238
   0.0644829  -0.00713397    0.0276697
 -0.00713397   0.00133658  -0.00306014
   0.0276697  -0.00306014     0.082468
   0.0573831   -0.0067399      0.01876
  -0.0067399   0.00124004    -0.003704
     0.01876    -0.003704     0.080427
   0.0685836  -0.00733144    0.0316448
 -0.00733144   0.00140278  -0.00260465
   0.0316448  -0.00260465    0.0850069
   0.0681598  -0.00735285     0.028483
 -0.00735285   0.00143517  -0.00464419
    0.028483  -0.00464419    0.0839421
   0.0677856  -0.00702353    0.0250556
 -0.00702353   0.00153966  -0.00671799
   0.0250556  -0.00671799    0.0828102
    0.064952  -0.00678836    0.0220091
 -0.00678836   0.00149931  -0.00673229
   0.0220091  -0.00673229    0.0808553
    0.052799  -0.00624959    0.0133613
 -0.00624959   0.00119447  -0.00406772
   0.0133613  -0.00406772    0.0783561
   0.0538454  -0.00627681     0.011457
 -0.00627681   0.00129138  -0.00521719
    0.011457  -0.00521719    0.0788052
   0.0490777  -0.00532404   0.00600232
 -0.00532404   0.00118457  -0.00499085
  0.00600232  -0.00499085    0.0764403
   0.0545856  -0.00590993   0.00904622
 -0.00590993   0.00138416  -0.00650924
  0.00904622  -0.00650924    0.0783262
   0.0505396  -0.00527302   0.00406511
 -0.00527302   0.00129791  -0.00615234
  0.00406511  -0.00615234    0.0774112
   0.0523544  -0.00486751   0.00207695
 -0.00486751   0.00141513  -0.00744506
  0.00207695  -0.00744506    0.0773588
   0.0552397  -0.00515033   0.00586771
 -0.00515033   0.00147535  -0.00780343
  0.00586771  -0.00780343    0.0776082
    0.048866  -0.00420679  -0.00148483
 -0.00420679   0.00126677  -0.00655211
 -0.00148483  -0.00655211    0.0763754
   0.0569823  -0.00413782   0.00298469
 -0.00413782   0.00159416  -0.00899683
  0.00298469  -0.00899683    0.0766244
   0.0591587   -0.0028918 -0.000152137
  -0.0028918   0.00172926   -0.0100435
-0.000152137   -0.0100435    0.0758019
   0.0563941  -0.00268315  -0.00415349
 -0.00268315   0.00156358   -0.0092959
 -0.00415349   -0.0092959    0.0754106
   0.0615697  -0.00140925   -0.0032024
 -0.00140925   0.00190913   -0.0110622
  -0.0032024   -0.0110622    0.0756162
    0.058637  -0.00132695  -0.00724497
 -0.00132695   0.00165427   -0.0099823
 -0.00724497   -0.0099823    0.0745646
   0.0618953  0.000369054   -0.0102787
 0.000369054   0.00182439    -0.010848
  -0.0102787    -0.010848    0.0746707
   0.0635359  0.000354837  -0.00649129
 0.000354837   0.00216185    -0.012076
 -0.00649129    -0.012076     0.075634
   0.0562689  -0.00128342   -0.0103814
 -0.00128342    0.0014485  -0.00904148
  -0.0103814  -0.00904148    0.0737324
    0.058817  0.000186509   -0.0135777
 0.000186509   0.00151593  -0.00950453
  -0.0135777  -0.00950453    0.0732502
   0.0562442  9.50813e-05   -0.0162751
 9.50813e-05   0.00127998    -0.008418
  -0.0162751    -0.008418    0.0728398
   0.0527557  -0.00138124   -0.0130826
 -0.00138124   0.00124593  -0.00797664
  -0.0130826  -0.00797664    0.0733724
   0.0535606  -0.00256639  -0.00739531
 -0.00256639   0.00141107  -0.00850879
 -0.00739531  -0.00850879    0.0747504
   0.0499647  -0.00273449  -0.00880559
 -0.00273449   0.00125976  -0.00752136
 -0.00880559  -0.00752136    0.0748656
   0.0511966  -0.00373966  -0.00376885
 -0.00373966   0.00139087   -0.0078311
 -0.00376885   -0.0078311    0.0767021
   0.0543068  -0.00384237  -0.00104521
 -0.00384237    0.0014978    -0.008541
 -0.00104521    -0.008541    0.0764891
   0.0500154  -0.00131068   -0.0153464
 -0.00131068   0.00110846  -0.00732382
  -0.0153464  -0.00732382    0.0733134
   0.0540045  0.000145734   -0.0186596
 0.000145734   0.00109544  -0.00756212
  -0.0186596  -0.00756212    0.0723438
    0.027345   -0.0200043     -0.01058
  -0.0200043     0.018682    0.0190328
    -0.01058    0.0190328    0.0867007
   0.0273805   -0.0205872  -0.00887143
  -0.0205872    0.0188522    0.0174243
 -0.00887143    0.0174243    0.0875356
    0.027213   -0.0184575  -0.00755551
  -0.0184575    0.0147676    0.0129328
 -0.00755551    0.0129328    0.0889994
   0.0276025   -0.0190447  -0.00576284
  -0.0190447    0.0152173    0.0123302
 -0.00576284    0.0123302    0.0900633
    0.027861   -0.0210868  -0.00690223
  -0.0210868    0.0191243    0.0165544
 -0.00690223    0.0165544    0.0883103
   0.0277367   -0.0174502   -0.0045957
  -0.0174502    0.0123827   0.00877157
  -0.0045957   0.00877157    0.0917267
   0.0284111   -0.0194088   -0.0036563
  -0.0194088    0.0155648    0.0125124
  -0.0036563    0.0125124    0.0910566
   0.0282689    -0.017771   -0.0025927
   -0.017771    0.0127351   0.00906989
  -0.0025927   0.00906989    0.0929971
   0.0292544   -0.0178556 -0.000378772
  -0.0178556     0.012871    0.0100122
-0.000378772    0.0100122    0.0941977
   0.0288506   -0.0214469  -0.00478807
  -0.0214469    0.0193959     0.016586
 -0.00478807     0.016586    0.0891417
   0.0298054   -0.0196284  -0.00152626
  -0.0196284    0.0158078    0.0135152
 -0.00152626    0.0135152    0.0921536
   0.0301853   -0.0215503  -0.00250424
  -0.0215503    0.0195749    0.0174164
 -0.00250424    0.0174164    0.0898941
   0.0286877   -0.0166796  -0.00174772
  -0.0166796    0.0107622   0.00640147
 -0.00174772   0.00640147     0.094317
   0.0292561   -0.0166563  0.000334881
  -0.0166563     0.010819   0.00726476
 0.000334881   0.00726476    0.0955169
   0.0300379   -0.0161042  0.000443093
  -0.0161042   0.00946649   0.00538193
 0.000443093   0.00538193    0.0959089
   0.0297176   -0.0161532  -0.00134611
  -0.0161532   0.00942055   0.00463718
 -0.00134611   0.00463718     0.094758
   0.0285556    -0.016475  -0.00357727
   -0.016475    0.0104728   0.00609624
 -0.00357727   0.00609624    0.0930242
   0.0304339   -0.0161547  -0.00327016
  -0.0161547   0.00914331   0.00450256
 -0.00327016   0.00450256    0.0901338
   0.0288469   -0.0159077  -0.00509305
  -0.0159077   0.00985477    0.0064397
 -0.00509305    0.0064397    0.0893274
   0.0274513   -0.0168006  -0.00615767
  -0.0168006    0.0118351   0.00916904
 -0.00615767   0.00916904    0.0903417
   0.0274774   -0.0159186  -0.00735036
  -0.0159186    0.0112219    0.0102894
 -0.00735036    0.0102894    0.0876926
   0.0309982   -0.0156494  -0.00490265
  -0.0156494   0.00857186   0.00508046
 -0.00490265   0.00508046    0.0871947
   0.0290143   -0.0150299   -0.0063448
  -0.0150299   0.00922411   0.00757436
  -0.0063448   0.00757436    0.0868244
   0.0312034   -0.0147284  -0.00594304
  -0.0147284    0.0078838    0.0060426
 -0.00594304    0.0060426    0.0850603
   0.0272172   -0.0177096  -0.00902176
  -0.0177096     0.014341    0.0142611
 -0.00902176    0.0142611    0.0878727
   0.0316546   -0.0213898 -0.000247321
  -0.0213898    0.0198843    0.0189455
-0.000247321    0.0189455    0.0905305
   0.0313661   -0.0195894  0.000608123
  -0.0195894    0.0160886     0.015135
 0.000608123     0.015135    0.0931428
   0.0328408   -0.0193157   0.00251379
  -0.0193157    0.0164122    0.0170953
  0.00251379    0.0170953    0.0939852
   0.0330197   -0.0209862   0.00176932
  -0.0209862    0.0203004    0.0209051
  0.00176932    0.0209051    0.0910185
    0.032459   -0.0177803   0.00336195
  -0.0177803    0.0133155    0.0134457
  0.00336195    0.0134457    0.0967589
   0.0339787    -0.018831   0.00396377
   -0.018831    0.0167955    0.0191402
  0.00396377    0.0191402    0.0946137
   0.0337205   -0.0174443   0.00466858
  -0.0174443    0.0135635    0.0152867
  0.00466858    0.0152867    0.0977358
   0.0344694   -0.0169844   0.00537457
  -0.0169844    0.0138251    0.0168695
  0.00537457    0.0168695    0.0984432
   0.0340033   -0.0203435   0.00332588
  -0.0203435    0.0208108    0.0230558
  0.00332588    0.0230558    0.0912989
   0.0345671   -0.0182009   0.00481535
  -0.0182009    0.0172022    0.0210103
  0.00481535    0.0210103    0.0949869
   0.0344212   -0.0195377     0.004287
  -0.0195377    0.0213604    0.0251368
    0.004287    0.0251368    0.0913392
   0.0334836   -0.0163373   0.00496045
  -0.0163373    0.0111071    0.0118184
  0.00496045    0.0118184    0.0997083
   0.0344538   -0.0160627   0.00543581
  -0.0160627    0.0112656    0.0130934
  0.00543581    0.0130934     0.100818
   0.0350802   -0.0156947    0.0047572
  -0.0156947   0.00949258   0.00994804
   0.0047572   0.00994804     0.101197
   0.0337347   -0.0157312   0.00451877
  -0.0157312   0.00938103   0.00900402
  0.00451877   0.00900402    0.0997302
   0.0320272   -0.0164999    0.0038801
  -0.0164999    0.0109562    0.0102369
   0.0038801    0.0102369    0.0983103
   0.0319519   -0.0156767   0.00369384
  -0.0156767   0.00928009   0.00772605
  0.00369384   0.00772605    0.0979646
   0.0302995    -0.016498   0.00235664
   -0.016498      0.01081   0.00858491
  0.00235664   0.00858491    0.0966788
   0.0308802   -0.0179236   0.00159797
  -0.0179236    0.0130895     0.011606
  0.00159797     0.011606    0.0955538
   0.0307677   -0.0158922   0.00227655
  -0.0158922   0.00937294   0.00645054
  0.00227655   0.00645054    0.0969301
   0.0506707   -0.0244429  -0.00506681
  -0.0244429    0.0123046   0.00682283
 -0.00506681   0.00682283    0.0798746
   0.0480371   -0.0236169  -0.00405305
  -0.0236169    0.0121026   0.00676453
 -0.00405305   0.00676453     0.081806
    0.042698   -0.0201905 -0.000836439
  -0.0201905    0.0101658   0.00605084
-0.000836439   0.00605084    0.0892986
    0.041015   -0.0201566  -0.00109009
  -0.0201566    0.0104437   0.00579679
 -0.00109009   0.00579679    0.0888207
   0.0474518   -0.0241228  -0.00532283
  -0.0241228    0.0126989   0.00694932
 -0.00532283   0.00694932    0.0775222
   0.0369455   -0.0177468   0.00133565
  -0.0177468    0.0092246   0.00548058
  0.00133565   0.00548058    0.0940098
    0.040918   -0.0208306  -0.00309366
  -0.0208306    0.0110466   0.00586389
 -0.00309366   0.00586389    0.0835249
   0.0359613   -0.0179732  0.000172823
  -0.0179732   0.00952611    0.0049191
 0.000172823    0.0049191    0.0932624
   0.0361573   -0.0184932  -0.00219154
  -0.0184932   0.00988725   0.00481566
 -0.00219154   0.00481566    0.0870955
    0.045842   -0.0239219  -0.00602149
  -0.0239219    0.0128981   0.00717548
 -0.00602149   0.00717548    0.0756133
      0.0404   -0.0208953  -0.00434701
  -0.0208953    0.0112201    0.0059121
 -0.00434701    0.0059121     0.080254
   0.0450324   -0.0236667  -0.00672189
  -0.0236667    0.0129105   0.00750885
 -0.00672189   0.00750885    0.0738766
   0.0326883   -0.0164127   0.00148139
  -0.0164127    0.0089948   0.00522698
  0.00148139   0.00522698    0.0956839
    0.032004   -0.0165606 -0.000105054
  -0.0165606    0.0091202   0.00444399
-0.000105054   0.00444399    0.0947952
   0.0337595   -0.0161838   0.00278164
  -0.0161838   0.00877481   0.00612712
  0.00278164   0.00612712    0.0965067
    0.035269   -0.0161294   0.00341312
  -0.0161294   0.00867012   0.00699656
  0.00341312   0.00699656    0.0972832
   0.0382768   -0.0176142   0.00179693
  -0.0176142   0.00896396   0.00600988
  0.00179693   0.00600988    0.0945602
   0.0403414    -0.018004   0.00128106
   -0.018004   0.00903376   0.00635915
  0.00128106   0.00635915    0.0943508
   0.0372214   -0.0163981   0.00348511
  -0.0163981   0.00878393   0.00758939
  0.00348511   0.00758939    0.0990322
   0.0451457   -0.0208491  -0.00167812
  -0.0208491    0.0103176   0.00623197
 -0.00167812   0.00623197    0.0881305
   0.0449285   -0.0235945  -0.00697429
  -0.0235945    0.0129047   0.00760672
 -0.00697429   0.00760672    0.0746016
   0.0400385   -0.0205426   -0.0051496
  -0.0205426    0.0109951   0.00591245
  -0.0051496   0.00591245    0.0792515
   0.0410037   -0.0204593  -0.00632686
  -0.0204593    0.0108144   0.00661813
 -0.00632686   0.00661813    0.0777309
   0.0445818   -0.0228514  -0.00743415
  -0.0228514    0.0123614   0.00798946
 -0.00743415   0.00798946    0.0747457
   0.0372504   -0.0183723  -0.00516782
  -0.0183723   0.00960251   0.00550947
 -0.00516782   0.00550947    0.0809707
   0.0413776   -0.0192058  -0.00692886
  -0.0192058   0.00989159   0.00749446
 -0.00692886   0.00749446    0.0770518
   0.0376856   -0.0173267  -0.00602573
  -0.0173267   0.00870326   0.00589227
 -0.00602573   0.00589227    0.0802955
   0.0373265   -0.0156993  -0.00631793
  -0.0156993   0.00758973   0.00624578
 -0.00631793   0.00624578    0.0807182
   0.0452407   -0.0215272  -0.00816338
  -0.0215272    0.0113436    0.0089792
 -0.00816338    0.0089792    0.0729401
   0.0410749   -0.0173868  -0.00723999
  -0.0173868   0.00864288   0.00797554
 -0.00723999   0.00797554     0.075397
   0.0449191    -0.019573  -0.00850145
   -0.019573    0.0101726   0.00987616
 -0.00850145   0.00987616    0.0709988
   0.0341702   -0.0162189  -0.00515499
  -0.0162189   0.00830472   0.00491359
 -0.00515499   0.00491359    0.0843744
   0.0339693   -0.0148725  -0.00586339
  -0.0148725   0.00732219   0.00558822
 -0.00586339   0.00558822    0.0848971
   0.0335107   -0.0168374   -0.0039407
  -0.0168374   0.00892917   0.00440716
  -0.0039407   0.00440716    0.0861064
   0.0323569   -0.0167447  -0.00221954
  -0.0167447   0.00911922   0.00413311
 -0.00221954   0.00413311    0.0892751
   0.0363856   -0.0185293  -0.00365895
  -0.0185293   0.00986486   0.00483577
 -0.00365895   0.00483577    0.0839323
    0.034202   -0.0186309   0.00460129
  -0.0186309    0.0218414    0.0269871
  0.00460129    0.0269871    0.0911958
   0.0345075   -0.0174787   0.00500694
  -0.0174787     0.017536    0.0225729
  0.00500694    0.0225729    0.0951559
   0.0338372   -0.0167044   0.00458428
  -0.0167044    0.0177872    0.0237134
  0.00458428    0.0237134    0.0951982
   0.0334057    -0.017675    0.0043205
   -0.017675    0.0222442    0.0284614
   0.0043205    0.0284614    0.0909443
   0.0340486   -0.0158345   0.00484106
  -0.0158345     0.014157    0.0188057
  0.00484106    0.0188057    0.0992301
   0.0326873   -0.0158987   0.00364373
  -0.0158987    0.0178792    0.0244596
  0.00364373    0.0244596    0.0951351
   0.0330084   -0.0151808   0.00373439
  -0.0151808    0.0141499    0.0191475
  0.00373439    0.0191475    0.0994034
   0.0316381   -0.0144698   0.00223957
  -0.0144698    0.0139329    0.0192074
  0.00223957    0.0192074    0.0994421
   0.0321632   -0.0167089   0.00353845
  -0.0167089    0.0224902    0.0295776
  0.00353845    0.0295776    0.0906115
   0.0312412   -0.0150762    0.0023201
  -0.0150762    0.0177595    0.0249131
   0.0023201    0.0249131    0.0949838
    0.030668   -0.0157732   0.00238811
  -0.0157732     0.022529    0.0303972
  0.00238811    0.0303972     0.090217
   0.0334663   -0.0147102    0.0033584
  -0.0147102    0.0113404    0.0141399
   0.0033584    0.0141399     0.102525
   0.0321957   -0.0141027   0.00171964
  -0.0141027     0.011084    0.0138258
  0.00171964    0.0138258     0.102718
   0.0335474   -0.0142423  0.000512761
  -0.0142423   0.00916061   0.00925598
 0.000512761   0.00925598     0.103983
   0.0346914   -0.0147526   0.00224896
  -0.0147526   0.00942352   0.00990048
  0.00224896   0.00990048     0.103658
   0.0343679   -0.0152209   0.00460906
  -0.0152209    0.0114063    0.0142149
  0.00460906    0.0142149     0.102148
    0.035432   -0.0151511   0.00360226
  -0.0151511   0.00952166    0.0103406
  0.00360226    0.0103406     0.103104
   0.0347297   -0.0156695   0.00533053
  -0.0156695    0.0113522     0.013902
  0.00533053     0.013902     0.101585
    0.034573   -0.0164343   0.00541944
  -0.0164343    0.0140194    0.0180687
  0.00541944    0.0180687    0.0989154
   0.0356093   -0.0154737    0.0044453
  -0.0154737   0.00953091    0.0104055
   0.0044453    0.0104055     0.102315
   0.0290967   -0.0148393  0.000993605
  -0.0148393    0.0223711    0.0310165
 0.000993605    0.0310165    0.0897995
   0.0296792   -0.0142312  0.000746182
  -0.0142312    0.0174313    0.0252127
 0.000746182    0.0252127    0.0947854
   0.0281802   -0.0133563 -0.000907855
  -0.0133563    0.0169603    0.0254644
-0.000907855    0.0254644    0.0940843
   0.0275877   -0.0139218 -0.000504834
  -0.0139218    0.0220627    0.0315022
-0.000504834    0.0315022    0.0891612
   0.0287756   -0.0128723  -0.00124757
  -0.0128723    0.0129178    0.0191278
 -0.00124757    0.0191278    0.0988385
   0.0273103   -0.0125035  -0.00212885
  -0.0125035    0.0164183    0.0257423
 -0.00212885    0.0257423    0.0933899
   0.0281417   -0.0120699  -0.00270632
  -0.0120699    0.0122733     0.019244
 -0.00270632     0.019244    0.0977812
   0.0291183   -0.0113427  -0.00359108
  -0.0113427    0.0116572    0.0196177
 -0.00359108    0.0196177    0.0971563
   0.0271179   -0.0131982  -0.00161177
  -0.0131982    0.0217043    0.0318647
 -0.00161177    0.0318647    0.0881884
   0.0279576   -0.0118503  -0.00286038
  -0.0118503    0.0159069    0.0260087
 -0.00286038    0.0260087    0.0920554
   0.0288665   -0.0129261  -0.00196537
  -0.0129261     0.021519    0.0321815
 -0.00196537    0.0321815    0.0874219
   0.0290043   -0.0117747  -0.00354013
  -0.0117747   0.00928434    0.0130737
 -0.00354013    0.0130737     0.101543
   0.0301091   -0.0110488  -0.00487372
  -0.0110488   0.00860029    0.0133759
 -0.00487372    0.0133759     0.100402
   0.0324829   -0.0112548  -0.00636644
  -0.0112548   0.00667355   0.00809208
 -0.00636644   0.00809208     0.102827
   0.0308061   -0.0119953  -0.00489083
  -0.0119953   0.00740868   0.00783212
 -0.00489083   0.00783212     0.103613
   0.0294722    -0.012566  -0.00197749
   -0.012566   0.00999314    0.0131463
 -0.00197749    0.0131463     0.102546
   0.0310613   -0.0127992  -0.00334054
  -0.0127992   0.00812038    0.0080789
 -0.00334054    0.0080789     0.103898
    0.030747   -0.0133713 -0.000150064
  -0.0133713    0.0106191    0.0134463
-0.000150064    0.0134463      0.10276
   0.0301207   -0.0136817  0.000501239
  -0.0136817    0.0135014    0.0191594
 0.000501239    0.0191594    0.0993864
   0.0321818   -0.0135698  -0.00144107
  -0.0135698   0.00873049   0.00860194
 -0.00144107   0.00860194     0.104107
    0.052271   -0.0209534    -0.017621
  -0.0209534   0.00925438   0.00235236
   -0.017621   0.00235236    0.0815424
   0.0520487   -0.0221582   -0.0163201
  -0.0221582    0.0101259   0.00218749
  -0.0163201   0.00218749    0.0810464
   0.0447243   -0.0182679   -0.0131045
  -0.0182679   0.00833014   0.00145734
  -0.0131045   0.00145734    0.0905288
    0.045448    -0.019273    -0.011329
   -0.019273   0.00900718   0.00181343
   -0.011329   0.00181343    0.0904997
   0.0529979   -0.0231466   -0.0145693
  -0.0231466    0.0107353   0.00249373
  -0.0145693   0.00249373    0.0810377
   0.0389472   -0.0161119  -0.00804741
  -0.0161119   0.00780153   0.00226557
 -0.00804741   0.00226557    0.0981314
   0.0465648   -0.0200382   -0.0094172
  -0.0200382   0.00944389   0.00254402
  -0.0094172   0.00254402    0.0903906
   0.0401387   -0.0169189   -0.0060621
  -0.0169189   0.00832211   0.00299263
  -0.0060621   0.00299263    0.0980848
   0.0412866   -0.0174802  -0.00411712
  -0.0174802   0.00862247   0.00396178
 -0.00411712   0.00396178    0.0978004
   0.0540697   -0.0239609    -0.012715
  -0.0239609    0.0112024   0.00311685
   -0.012715   0.00311685    0.0808772
   0.0475297   -0.0206181  -0.00752796
  -0.0206181   0.00976052   0.00349377
 -0.00752796   0.00349377      0.09003
   0.0548333   -0.0245914   -0.0108437
  -0.0245914     0.011592   0.00392648
  -0.0108437   0.00392648    0.0805587
   0.0354208   -0.0147917  -0.00323084
  -0.0147917   0.00802754   0.00494198
 -0.00323084   0.00494198     0.102826
   0.0366985   -0.0154046  -0.00124129
  -0.0154046   0.00839721   0.00580371
 -0.00124129   0.00580371     0.102632
   0.0343006    -0.014015  -0.00518925
   -0.014015   0.00746598   0.00426785
 -0.00518925   0.00426785      0.10288
     0.03409   -0.0131723  -0.00692131
  -0.0131723   0.00676015   0.00394619
 -0.00692131   0.00394619     0.102452
   0.0385493   -0.0152041  -0.00973345
  -0.0152041   0.00712528   0.00185824
 -0.00973345   0.00185824    0.0983214
   0.0401237    -0.014244   -0.0110536
   -0.014244   0.00632795   0.00202163
  -0.0110536   0.00202163    0.0986449
   0.0359071   -0.0123249  -0.00825164
  -0.0123249   0.00598817     0.004141
 -0.00825164     0.004141     0.103053
   0.0459342   -0.0172132     -0.01422
  -0.0172132   0.00751185   0.00156568
    -0.01422   0.00156568    0.0918142
   0.0551506   -0.0251026  -0.00905217
  -0.0251026    0.0119856   0.00478413
 -0.00905217   0.00478413    0.0802971
   0.0481429    -0.021086  -0.00572723
   -0.021086    0.0100455   0.00447274
 -0.00572723   0.00447274    0.0894999
   0.0479414   -0.0212755  -0.00399212
  -0.0212755    0.0102374   0.00526021
 -0.00399212   0.00526021    0.0888606
   0.0541515   -0.0250148  -0.00738952
  -0.0250148    0.0121105   0.00564972
 -0.00738952   0.00564972    0.0801614
   0.0424004   -0.0182054 -0.000747396
  -0.0182054   0.00901809   0.00577151
-0.000747396   0.00577151    0.0964438
   0.0467009    -0.021062  -0.00266089
   -0.021062    0.0102495   0.00591357
 -0.00266089   0.00591357    0.0883013
   0.0418994   -0.0182811  0.000521928
  -0.0182811   0.00909469   0.00623742
 0.000521928   0.00623742    0.0954594
   0.0526378   -0.0247752  -0.00603779
  -0.0247752    0.0121998   0.00637087
 -0.00603779   0.00637087    0.0800027
   0.0381753   -0.0163935   0.00297953
  -0.0163935   0.00880306   0.00773133
  0.00297953   0.00773133     0.100435
   0.0382713   -0.0161837   0.00196683
  -0.0161837   0.00875679   0.00739714
  0.00196683   0.00739714     0.101489
   0.0377084   -0.0158483  0.000538313
  -0.0158483   0.00862622   0.00668645
 0.000538313   0.00668645     0.102194
   0.0421034   -0.0179127  -0.00233867
  -0.0179127   0.00885908   0.00496288
 -0.00233867   0.00496288     0.097255
   0.0224406   -0.0313123  -0.00409512
  -0.0313123    0.0945093    0.0534227
 -0.00409512    0.0534227    0.0594825
   0.0228533    -0.030924  -0.00264179
   -0.030924    0.0911205      0.05173
 -0.00264179      0.05173    0.0606897
   0.0237404   -0.0314278  -0.00495463
  -0.0314278    0.0791916    0.0492257
 -0.00495463    0.0492257    0.0655634
   0.0246288   -0.0312314  -0.00310822
  -0.0312314     0.076394    0.0472983
 -0.00310822    0.0472983     0.066298
   0.0236821   -0.0306069  -0.00104327
  -0.0306069    0.0876173    0.0500014
 -0.00104327    0.0500014    0.0616476
   0.0255884   -0.0310849  -0.00495132
  -0.0310849    0.0656082    0.0439971
 -0.00495132    0.0439971    0.0707636
   0.0258071   -0.0309528   -0.0011406
  -0.0309528    0.0739103    0.0457706
