           0            0            0
           0            0            0
           0            0            0
   0.0767565  -0.00262377     0.012934
 -0.00262377   0.00023266  0.000174842
    0.012934  0.000174842     0.052225
   0.0702561  -0.00269413    0.0186105
 -0.00269413  0.000293208   0.00028028
   0.0186105   0.00028028    0.0582736
   0.0640581  -0.00314854    0.0247435
 -0.00314854  0.000437068  0.000556047
   0.0247435  0.000556047    0.0667246
   0.0610651  -0.00404737    0.0287565
 -0.00404737  0.000630891  0.000523688
   0.0287565  0.000523688     0.073973
   0.0599725  -0.00495188     0.030586
 -0.00495188  0.000821121  0.000283364
    0.030586  0.000283364    0.0784783
   0.0549579  -0.00480186    0.0262345
 -0.00480186  0.000713673 -0.000259983
   0.0262345 -0.000259983    0.0740853
   0.0548297  -0.00557571    0.0246784
 -0.00557571  0.000900576 -0.000924327
   0.0246784 -0.000924327    0.0770257
   0.0592792  -0.00577272    0.0288233
 -0.00577272  0.000997197 -0.000444879
   0.0288233 -0.000444879    0.0803125
   0.0545893   -0.0061567    0.0205967
  -0.0061567   0.00106614  -0.00200211
   0.0205967  -0.00200211     0.078171
    0.058549  -0.00640542    0.0247156
 -0.00640542   0.00114172  -0.00161695
   0.0247156  -0.00161695     0.080718
    0.053915  -0.00636539    0.0161177
 -0.00636539   0.00118955  -0.00332859
   0.0161177  -0.00332859    0.0781944
   0.0593915  -0.00701591      0.02279
 -0.00701591   0.00125638  -0.00260508
     0.02279  -0.00260508    0.0815012
    0.117861   0.00135526    0.0361936
  0.00135526   0.00174548   0.00710569
   0.0361936   0.00710569    0.0685234
    0.105415 -0.000703346    0.0419156
-0.000703346   0.00227301   0.00868647
   0.0419156   0.00868647    0.0774484
    0.106787  0.000575042    0.0423257
 0.000575042   0.00178559   0.00799136
   0.0423257   0.00799136    0.0778436
   0.0970008  -0.00111514    0.0475091
 -0.00111514    0.0022296   0.00918081
   0.0475091   0.00918081    0.0858841
   0.0949758   -0.0024928    0.0467341
  -0.0024928   0.00274008   0.00975036
   0.0467341   0.00975036    0.0852951
   0.0969967  -0.00046205    0.0471764
 -0.00046205   0.00174642   0.00809624
   0.0471764   0.00809624    0.0859257
   0.0896961  -0.00269435    0.0508931
 -0.00269435    0.0025826   0.00959917
   0.0508931   0.00959917     0.091731
   0.0901074  -0.00194828    0.0507595
 -0.00194828   0.00209358   0.00867717
   0.0507595   0.00867717    0.0918216
   0.0844806    -0.003447    0.0514936
   -0.003447    0.0023397   0.00838458
   0.0514936   0.00838458    0.0946955
   0.0873026   -0.0039369    0.0498187
  -0.0039369   0.00308505    0.0100361
   0.0498187    0.0100361     0.091009
   0.0837795  -0.00412986    0.0514506
 -0.00412986   0.00280351   0.00914106
   0.0514506   0.00914106    0.0945953
   0.0812862  -0.00510095    0.0501942
 -0.00510095   0.00325293   0.00948829
   0.0501942   0.00948829    0.0938489
   0.0886257  -0.00188631    0.0495271
 -0.00188631   0.00165048    0.0071938
   0.0495271    0.0071938    0.0913812
   0.0836705  -0.00329716    0.0506069
 -0.00329716   0.00191144   0.00708939
   0.0506069   0.00708939    0.0943914
   0.0801128  -0.00339341    0.0474863
 -0.00339341   0.00152195   0.00555719
   0.0474863   0.00555719    0.0920451
   0.0846443  -0.00214159    0.0459495
 -0.00214159   0.00125827   0.00549654
   0.0459495   0.00549654    0.0886758
   0.0947702 -0.000558253    0.0453267
-0.000558253   0.00131819   0.00651701
   0.0453267   0.00651701    0.0851703
   0.0899831 -0.000991667    0.0410121
-0.000991667   0.00095673   0.00480107
   0.0410121   0.00480107    0.0817432
    0.103189  0.000594559    0.0390741
 0.000594559  0.000963395   0.00528571
   0.0390741   0.00528571    0.0764347
    0.106104  0.000959417    0.0417377
 0.000959417   0.00134003   0.00681498
   0.0417377   0.00681498    0.0777679
    0.116686   0.00208436    0.0353862
  0.00208436  0.000947823   0.00517516
   0.0353862   0.00517516    0.0684656
   0.0976773 -0.000212456      0.03412
-0.000212456  0.000665814   0.00368754
     0.03412   0.00368754    0.0727401
    0.113088   0.00115026    0.0319471
  0.00115026  0.000658656   0.00378919
   0.0319471   0.00378919    0.0665877
    0.103901  8.85048e-05     0.026492
 8.85048e-05  0.000442396   0.00246801
    0.026492   0.00246801    0.0628706
    0.118097   0.00220756    0.0361247
  0.00220756   0.00131773   0.00633317
   0.0361247   0.00633317    0.0686418
   0.0786496  -0.00615222    0.0494439
 -0.00615222   0.00319349   0.00821247
   0.0494439   0.00821247    0.0949524
   0.0811967  -0.00539518    0.0508251
 -0.00539518   0.00282731   0.00793798
   0.0508251   0.00793798    0.0956373
   0.0796094  -0.00665098    0.0487034
 -0.00665098   0.00268113   0.00609776
   0.0487034   0.00609776    0.0951066
   0.0770548  -0.00720564    0.0472767
 -0.00720564   0.00295943   0.00635123
   0.0472767   0.00635123    0.0945706
   0.0804501  -0.00610444    0.0488681
 -0.00610444   0.00235946   0.00565145
   0.0488681   0.00565145     0.095013
    0.078197  -0.00777165    0.0455592
 -0.00777165   0.00245231   0.00379438
   0.0455592   0.00379438    0.0937388
   0.0789952  -0.00730052    0.0457006
 -0.00730052   0.00220158   0.00344663
   0.0457006   0.00344663    0.0934852
   0.0777213  -0.00819336     0.042348
 -0.00819336   0.00202512  0.000912561
    0.042348  0.000912561    0.0920134
   0.0756544  -0.00811441     0.044132
 -0.00811441   0.00264752   0.00406978
    0.044132   0.00406978    0.0933876
   0.0769485  -0.00856773    0.0422096
 -0.00856773   0.00220733   0.00118812
   0.0422096   0.00118812    0.0923926
   0.0743529  -0.00870077    0.0407475
 -0.00870077    0.0023244   0.00150735
   0.0407475   0.00150735    0.0921774
   0.0784315   -0.0069916    0.0448187
  -0.0069916   0.00195796   0.00283822
   0.0448187   0.00283822     0.092805
   0.0770468  -0.00783737    0.0413903
 -0.00783737   0.00183312  0.000506676
   0.0413903  0.000506676    0.0911899
   0.0752443   -0.0076592    0.0395218
  -0.0076592   0.00167837  -0.00010939
   0.0395218  -0.00010939    0.0899697
   0.0763524  -0.00688508    0.0427464
 -0.00688508   0.00174921   0.00197877
   0.0427464   0.00197877     0.091413
   0.0799414  -0.00585216    0.0480582
 -0.00585216   0.00205551   0.00482277
   0.0480582   0.00482277    0.0945018
   0.0775154  -0.00581017    0.0457185
 -0.00581017   0.00177413   0.00372032
   0.0457185   0.00372032    0.0930183
   0.0815088  -0.00459467    0.0501986
 -0.00459467   0.00205656   0.00628066
   0.0501986   0.00628066    0.0953183
   0.0820056   -0.0047865    0.0509577
  -0.0047865   0.00243157   0.00735143
   0.0509577   0.00735143    0.0956682
    0.078501  -0.00460648    0.0474543
 -0.00460648   0.00170628    0.0049541
   0.0474543    0.0049541    0.0933982
   0.0634041  -0.00670621    0.0299792
 -0.00670621   0.00125255 -0.000768743
   0.0299792 -0.000768743    0.0837772
   0.0629985  -0.00588051    0.0320539
 -0.00588051   0.00112609  0.000168665
   0.0320539  0.000168665    0.0832566
   0.0674729  -0.00591627    0.0362318
 -0.00591627   0.00128672   0.00118144
   0.0362318   0.00118144    0.0863141
   0.0639297  -0.00500975    0.0343943
 -0.00500975  0.000967471   0.00100743
   0.0343943   0.00100743    0.0819388
   0.0676327  -0.00496776    0.0375647
 -0.00496776   0.00114093   0.00191145
   0.0375647   0.00191145    0.0850494
   0.0691867  -0.00397793    0.0375284
 -0.00397793  0.000948949   0.00227979
   0.0375284   0.00227979    0.0824234
   0.0654498  -0.00408131    0.0332933
 -0.00408131  0.000772279   0.00129404
   0.0332933   0.00129404    0.0786554
   0.0735193  -0.00472044    0.0430874
 -0.00472044   0.00138713   0.00349325
   0.0430874   0.00349325    0.0900015
   0.0748676  -0.00362324    0.0427844
 -0.00362324   0.00118475   0.00390553
   0.0427844   0.00390553    0.0880167
   0.0730681  -0.00582323    0.0416675
 -0.00582323   0.00150693   0.00250993
   0.0416675   0.00250993    0.0902017
   0.0726057  -0.00683286    0.0391639
 -0.00683286   0.00155152   0.00101474
   0.0391639   0.00101474    0.0893614
    0.067512  -0.00678771    0.0339079
 -0.00678771   0.00137924 -1.35143e-05
   0.0339079 -1.35143e-05    0.0863908
   0.0674625  -0.00739977    0.0315025
 -0.00739977   0.00142398  -0.00154646
   0.0315025  -0.00154646      0.08585
   0.0719077  -0.00753375    0.0363603
 -0.00753375   0.00154466 -0.000801243
   0.0363603 -0.000801243    0.0877821
   0.0632588  -0.00723948    0.0267598
 -0.00723948   0.00133724  -0.00214356
   0.0267598  -0.00214356    0.0839213
   0.0693803  -0.00318637    0.0303804
 -0.00318637  0.000559785   0.00124124
   0.0303804   0.00124124    0.0730318
   0.0736887     -0.00239    0.0246886
    -0.00239   0.00036646  0.000973088
   0.0246886  0.000973088    0.0655628
   0.0782887  -0.00214224     0.029201
 -0.00214224  0.000486366   0.00175863
    0.029201   0.00175863    0.0701639
   0.0816711  -0.00216458    0.0183282
 -0.00216458  0.000251534  0.000562265
   0.0183282  0.000562265    0.0574653
   0.0852914  -0.00162017    0.0227651
 -0.00162017  0.000313733   0.00124038
   0.0227651   0.00124038    0.0620378
   0.0927784   -0.0020435    0.0168296
  -0.0020435  0.000302715  0.000697192
   0.0168296  0.000697192      0.05427
    0.085555  -0.00229921    0.0133767
 -0.00229921  0.000218125  0.000220063
   0.0133767  0.000220063    0.0516556
   0.0887008  -0.00103699    0.0283097
 -0.00103699  0.000446189   0.00222628
   0.0283097   0.00222628    0.0677093
   0.0949401 -0.000872289    0.0217281
-0.000872289  0.000300075   0.00137812
   0.0217281   0.00137812    0.0589552
   0.0839241  -0.00162669    0.0352495
 -0.00162669  0.000676021   0.00310839
   0.0352495   0.00310839     0.076655
   0.0790032   -0.0025253    0.0408398
  -0.0025253  0.000933541   0.00374543
   0.0408398   0.00374543    0.0837076
   0.0740632  -0.00301103    0.0353306
 -0.00301103  0.000723611   0.00221218
   0.0353306   0.00221218    0.0782815
   0.0730943  -0.00896996     0.037181
 -0.00896996    0.0020864  -0.00121589
    0.037181  -0.00121589    0.0909205
   0.0758382  -0.00901791    0.0387139
 -0.00901791   0.00202717  -0.00158778
   0.0387139  -0.00158778    0.0910606
   0.0747059  -0.00916975    0.0351437
 -0.00916975   0.00197441  -0.00441211
   0.0351437  -0.00441211    0.0897348
   0.0717642  -0.00895895    0.0335333
 -0.00895895     0.001982  -0.00397949
   0.0335333  -0.00397949    0.0896121
   0.0757245  -0.00896978    0.0353944
 -0.00896978   0.00187658  -0.00459551
   0.0353944  -0.00459551     0.089269
   0.0735679  -0.00899256    0.0314858
 -0.00899256    0.0021013  -0.00723403
   0.0314858  -0.00723403    0.0884167
    0.074817  -0.00887163    0.0318133
 -0.00887163   0.00202631  -0.00739086
   0.0318133  -0.00739086    0.0880003
   0.0739537  -0.00843693    0.0281305
 -0.00843693   0.00235526   -0.0101622
   0.0281305   -0.0101622     0.086799
   0.0703138  -0.00863599    0.0298035
 -0.00863599   0.00207512  -0.00675584
   0.0298035  -0.00675584     0.088251
   0.0723232  -0.00847038    0.0277302
 -0.00847038   0.00243105   -0.0100472
   0.0277302   -0.0100472     0.087106
   0.0686745  -0.00798552    0.0260199
 -0.00798552    0.0023942  -0.00956174
   0.0260199  -0.00956174    0.0868442
   0.0742449  -0.00843415    0.0308067
 -0.00843415   0.00189113  -0.00733266
   0.0308067  -0.00733266    0.0870279
   0.0735825  -0.00799588     0.027137
 -0.00799588    0.0022023  -0.00998653
    0.027137  -0.00998653    0.0858956
   0.0719292  -0.00738687    0.0251141
 -0.00738687   0.00202892  -0.00966494
   0.0251141  -0.00966494    0.0845881
   0.0725411  -0.00793285     0.028873
 -0.00793285    0.0017679  -0.00722611
    0.028873  -0.00722611    0.0857244
   0.0750215  -0.00855783    0.0343748
 -0.00855783   0.00174899  -0.00467184
   0.0343748  -0.00467184    0.0882904
    0.073352  -0.00817792     0.032539
 -0.00817792   0.00164362  -0.00479932
    0.032539  -0.00479932    0.0870437
   0.0759477  -0.00834928    0.0378819
 -0.00834928    0.0017497  -0.00203918
   0.0378819  -0.00203918    0.0896801
   0.0766931  -0.00873843    0.0388935
 -0.00873843   0.00189953  -0.00181096
   0.0388935  -0.00181096     0.090609
   0.0742593  -0.00807628    0.0360818
 -0.00807628   0.00163179  -0.00240957
   0.0360818  -0.00240957    0.0884844
   0.0667635  -0.00696604    0.0222564
 -0.00696604   0.00300897   -0.0124077
   0.0222564   -0.0124077    0.0853903
   0.0708727  -0.00754999    0.0239397
 -0.00754999   0.00300897   -0.0128378
   0.0239397   -0.0128378    0.0858079
   0.0690316  -0.00625303    0.0201878
 -0.00625303   0.00384993   -0.0156091
   0.0201878   -0.0156091    0.0845312
   0.0645144  -0.00556112     0.018619
 -0.00556112   0.00392165   -0.0153002
    0.018619   -0.0153002    0.0839168
   0.0717888  -0.00640551    0.0206406
 -0.00640551   0.00364887   -0.0155023
   0.0206406   -0.0155023    0.0846202
   0.0668351  -0.00444411    0.0164901
 -0.00444411   0.00505305   -0.0184649
   0.0164901   -0.0184649    0.0832745
   0.0701755  -0.00471951     0.016892
 -0.00471951   0.00470823   -0.0181655
    0.016892   -0.0181655    0.0836262
   0.0682024  -0.00244887    0.0131433
 -0.00244887   0.00616467   -0.0209537
   0.0131433   -0.0209537    0.0826819
   0.0619881  -0.00366547    0.0151248
 -0.00366547   0.00526721   -0.0183527
   0.0151248   -0.0183527    0.0824591
   0.0643281  -0.00207188    0.0128478
 -0.00207188   0.00672741   -0.0214988
   0.0128478   -0.0214988    0.0820864
   0.0592164  -0.00124783    0.0117232
 -0.00124783   0.00715452   -0.0216373
   0.0117232   -0.0216373    0.0811115
   0.0715145  -0.00446647    0.0159463
 -0.00446647    0.0042618   -0.0174661
   0.0159463   -0.0174661    0.0833205
   0.0702369   -0.0023346    0.0121906
  -0.0023346   0.00550208   -0.0200075
   0.0121906   -0.0200075    0.0826659
   0.0704385  -0.00181234   0.00995881
 -0.00181234    0.0047974   -0.0187557
  0.00995881   -0.0187557    0.0820287
   0.0710536  -0.00383482    0.0137497
 -0.00383482   0.00377651   -0.0164823
   0.0137497   -0.0164823    0.0824204
   0.0724675    -0.006059     0.019701
   -0.006059   0.00335972   -0.0150187
    0.019701   -0.0150187    0.0840539
   0.0713814  -0.00536555    0.0175406
 -0.00536555    0.0030206   -0.0142764
   0.0175406   -0.0142764    0.0829474
   0.0731192   -0.0071937    0.0234316
  -0.0071937   0.00269636   -0.0125579
   0.0234316   -0.0125579    0.0849047
   0.0730475  -0.00760806     0.024392
 -0.00760806   0.00289876     -0.01287
    0.024392     -0.01287    0.0856696
   0.0716027  -0.00651512    0.0213203
 -0.00651512   0.00245603   -0.0120354
   0.0213203   -0.0120354    0.0836598
   0.0663917   0.00012379  -0.00288471
  0.00012379   0.00255486   -0.0134239
 -0.00288471   -0.0134239    0.0775654
   0.0655187  -0.00179543   0.00121205
 -0.00179543   0.00223397   -0.0122959
  0.00121205   -0.0122959    0.0773649
   0.0665647  -0.00199464   0.00434792
 -0.00199464   0.00252846   -0.0132811
  0.00434792   -0.0132811    0.0785267
   0.0662231  -0.00367044   0.00848939
 -0.00367044    0.0021986   -0.0119239
  0.00848939   -0.0119239    0.0787718
   0.0640995  -0.00339397   0.00495252
 -0.00339397   0.00199577   -0.0111516
  0.00495252   -0.0111516     0.077423
   0.0676492  -0.00402854    0.0116038
 -0.00402854   0.00241491    -0.012662
   0.0116038    -0.012662    0.0801496
    0.065492   -0.0050701    0.0124799
  -0.0050701   0.00193877   -0.0104375
   0.0124799   -0.0104375     0.079032
   0.0677136  -0.00539946    0.0157309
 -0.00539946   0.00207524   -0.0109577
   0.0157309   -0.0109577    0.0807379
    0.067662  -0.00652795    0.0196704
 -0.00652795   0.00180934  -0.00910547
   0.0196704  -0.00910547      0.08151
   0.0621985  -0.00474185   0.00851479
 -0.00474185   0.00179377  -0.00980591
  0.00851479  -0.00980591    0.0771195
   0.0643539  -0.00617988    0.0160493
 -0.00617988   0.00171703  -0.00875387
   0.0160493  -0.00875387     0.079225
   0.0603867  -0.00580169    0.0112288
 -0.00580169   0.00162227  -0.00834023
   0.0112288  -0.00834023    0.0779865
   0.0695952  -0.00585541    0.0186189
 -0.00585541   0.00223446   -0.0114664
   0.0186189   -0.0114664    0.0822043
   0.0699201  -0.00687781    0.0225961
 -0.00687781   0.00189955   -0.0093658
   0.0225961   -0.0093658    0.0831402
   0.0694324  -0.00460875    0.0146546
 -0.00460875   0.00269218   -0.0134491
   0.0146546   -0.0134491    0.0815542
   0.0694746  -0.00305653    0.0107319
 -0.00305653   0.00330221   -0.0153808
   0.0107319   -0.0153808    0.0811689
   0.0676573   -0.0023922   0.00745335
  -0.0023922   0.00288183   -0.0143064
  0.00745335   -0.0143064    0.0799048
   0.0678967 -0.000446061   0.00339933
-0.000446061   0.00351888       -0.016
  0.00339933       -0.016    0.0799123
   0.0694213  -0.00111045   0.00684073
 -0.00111045   0.00412426   -0.0173708
  0.00684073   -0.0173708    0.0809803
   0.0667181 -4.51455e-06  7.61057e-05
-4.51455e-06   0.00299536   -0.0146856
 7.61057e-05   -0.0146856    0.0787879
    0.059486  -0.00653839    0.0138459
 -0.00653839   0.00150466  -0.00684305
   0.0138459  -0.00684305    0.0794086
   0.0632431  -0.00690564    0.0189633
 -0.00690564   0.00156522  -0.00700167
   0.0189633  -0.00700167    0.0798082
   0.0626575  -0.00727986    0.0211682
 -0.00727986   0.00146173  -0.00530104
   0.0211682  -0.00530104    0.0813341
   0.0596513  -0.00704167    0.0167185
 -0.00704167   0.00141923  -0.00536057
   0.0167185  -0.00536057    0.0809223
   0.0671856  -0.00765244     0.026405
 -0.00765244   0.00152209   -0.0051881
    0.026405   -0.0051881    0.0829761
   0.0631478  -0.00741641    0.0238027
 -0.00741641   0.00140046  -0.00368399
   0.0238027  -0.00368399    0.0832555
   0.0671268  -0.00766304    0.0291702
 -0.00766304   0.00146568  -0.00329577
   0.0291702  -0.00329577    0.0839917
   0.0598789  -0.00723821    0.0200515
 -0.00723821   0.00134829   -0.0039012
   0.0200515   -0.0039012    0.0817967
   0.0714369  -0.00789949    0.0333017
 -0.00789949   0.00154814  -0.00286437
   0.0333017  -0.00286437    0.0866327
     0.07092  -0.00791887    0.0300029
 -0.00791887    0.0015813  -0.00501904
   0.0300029  -0.00501904    0.0854923
   0.0704563  -0.00757515    0.0264466
 -0.00757515   0.00169245  -0.00719673
   0.0264466  -0.00719673    0.0842821
   0.0674297  -0.00727205    0.0232569
 -0.00727205    0.0016324  -0.00715028
   0.0232569  -0.00715028    0.0822492
   0.0551904  -0.00671487    0.0145098
 -0.00671487   0.00129073  -0.00424328
   0.0145098  -0.00424328    0.0796234
   0.0562069  -0.00672672    0.0124979
 -0.00672672   0.00138906  -0.00543242
   0.0124979  -0.00543242     0.080028
   0.0513146  -0.00572407   0.00689069
 -0.00572407   0.00126362  -0.00514572
  0.00689069  -0.00514572    0.0775632
   0.0568802  -0.00631391    0.0099634
 -0.00631391    0.0014786  -0.00676612
   0.0099634  -0.00676612    0.0794984
   0.0527706  -0.00565357   0.00485743
 -0.00565357   0.00137784  -0.00634176
  0.00485743  -0.00634176    0.0785004
   0.0545609  -0.00520232    0.0027759
 -0.00520232   0.00149122  -0.00766766
   0.0027759  -0.00766766    0.0784177
   0.0574572  -0.00549274   0.00665244
 -0.00549274   0.00156184  -0.00808106
  0.00665244  -0.00808106    0.0787251
   0.0510156  -0.00453392 -0.000870849
 -0.00453392   0.00132693  -0.00668842
-0.000870849  -0.00668842    0.0773747
   0.0591336  -0.00442471   0.00365678
 -0.00442471   0.00167001  -0.00927519
  0.00365678  -0.00927519    0.0776891
   0.0612548  -0.00313717    0.0004169
 -0.00313717   0.00179219   -0.0102928
   0.0004169   -0.0102928    0.0768153
   0.0585049   -0.0029216  -0.00368418
  -0.0029216   0.00160928  -0.00946121
 -0.00368418  -0.00946121    0.0763754
   0.0636002  -0.00163359  -0.00273281
 -0.00163359   0.00195193   -0.0112477
 -0.00273281   -0.0112477    0.0765898
   0.0607053  -0.00154554  -0.00687495
 -0.00154554   0.00167774   -0.0100724
 -0.00687495   -0.0100724    0.0754906
   0.0639235  0.000145216   -0.0100051
 0.000145216   0.00181201   -0.0108267
  -0.0100051   -0.0108267    0.0755771
   0.0654857    0.0001285  -0.00612799
   0.0001285   0.00217004   -0.0121597
 -0.00612799   -0.0121597    0.0765692
   0.0583687  -0.00151618   -0.0100994
 -0.00151618   0.00145814  -0.00903651
  -0.0100994  -0.00903651    0.0746254
   0.0608916 -5.56048e-05   -0.0133984
-5.56048e-05   0.00149207   -0.0093833
  -0.0133984   -0.0093833    0.0741171
   0.0583376 -0.000176874   -0.0161923
-0.000176874   0.00124706  -0.00818713
  -0.0161923  -0.00818713    0.0736825
   0.0548428  -0.00163967   -0.0128879
 -0.00163967   0.00124838  -0.00788442
  -0.0128879  -0.00788442    0.0742299
    0.055684  -0.00281352  -0.00700932
 -0.00281352   0.00144432  -0.00859314
 -0.00700932  -0.00859314    0.0756749
   0.0520672  -0.00300259  -0.00844693
 -0.00300259    0.0012899  -0.00756099
 -0.00844693  -0.00756099    0.0757644
    0.053345  -0.00402229  -0.00324596
 -0.00402229   0.00144477   -0.0079878
 -0.00324596   -0.0079878    0.0776752
    0.056465  -0.00411957  -0.00046752
 -0.00411957   0.00155918  -0.00875101
 -0.00046752  -0.00875101    0.0775034
   0.0520728  -0.00157999   -0.0152325
 -0.00157999   0.00110401   -0.0071749
  -0.0152325   -0.0071749    0.0741407
    0.056102 -0.000152831   -0.0186697
-0.000152831   0.00105558  -0.00723805
  -0.0186697  -0.00723805    0.0731595
   0.0260192   -0.0198135   -0.0123404
  -0.0198135    0.0187027    0.0194293
  -0.0123404    0.0194293    0.0859608
   0.0262268   -0.0203073    -0.010396
  -0.0203073     0.018827     0.017976
   -0.010396     0.017976    0.0869473
     0.02602   -0.0181798  -0.00916782
  -0.0181798    0.0147744    0.0135666
 -0.00916782    0.0135666    0.0883766
   0.0266206   -0.0186831  -0.00709025
  -0.0186831    0.0151791    0.0131746
 -0.00709025    0.0131746    0.0895888
   0.0269135    -0.020732  -0.00815613
   -0.020732    0.0190643    0.0173001
 -0.00815613    0.0173001    0.0878501
   0.0267135    -0.017088  -0.00600986
   -0.017088    0.0123592   0.00970387
 -0.00600986   0.00970387    0.0912861
   0.0276789   -0.0189745  -0.00466769
  -0.0189745    0.0155028    0.0135908
 -0.00466769    0.0135908    0.0907169
   0.0275027   -0.0173301  -0.00368073
  -0.0173301    0.0126686    0.0102382
 -0.00368073    0.0102382    0.0927124
   0.0287735   -0.0173486  -0.00112584
  -0.0173486    0.0127944    0.0114082
 -0.00112584    0.0114082    0.0940674
   0.0281465   -0.0210308  -0.00573698
  -0.0210308    0.0193346     0.017556
 -0.00573698     0.017556    0.0888006
   0.0293464   -0.0191353  -0.00220552
  -0.0191353     0.015767     0.014832
 -0.00220552     0.014832    0.0919497
   0.0297525   -0.0210875  -0.00312875
  -0.0210875    0.0195654    0.0186187
 -0.00312875    0.0186187    0.0896626
   0.0278767   -0.0162403  -0.00293204
  -0.0162403    0.0106898   0.00762544
 -0.00293204   0.00762544    0.0941231
    0.028739   -0.0161493 -0.000503618
  -0.0161493    0.0107124   0.00869846
-0.000503618   0.00869846    0.0954959
   0.0294748   -0.0156048 -0.000511786
  -0.0156048   0.00933816   0.00681017
-0.000511786   0.00681017    0.0960135
   0.0288558   -0.0157208  -0.00264338
  -0.0157208   0.00934193   0.00587513
 -0.00264338   0.00587513    0.0946749
   0.0274722   -0.0161141   -0.0050967
  -0.0161141    0.0104574   0.00709374
  -0.0050967   0.00709374    0.0926578
   0.0292487   -0.0158058  -0.00488051
  -0.0158058   0.00913943   0.00550008
 -0.00488051   0.00550008    0.0898925
   0.0275048    -0.015638  -0.00689917
   -0.015638   0.00990425   0.00720634
 -0.00689917   0.00720634    0.0887922
   0.0262055   -0.0165269  -0.00787068
  -0.0165269    0.0118657   0.00988049
 -0.00787068   0.00988049    0.0897289
   0.0260306   -0.0157433  -0.00931523
  -0.0157433     0.011302    0.0108084
 -0.00931523    0.0108084    0.0868862
   0.0295429   -0.0153898  -0.00679477
  -0.0153898    0.0086359   0.00586888
 -0.00679477   0.00586888    0.0867794
   0.0274602   -0.0148588  -0.00840508
  -0.0148588    0.0093231   0.00814946
 -0.00840508   0.00814946    0.0860798
   0.0295261   -0.0145636  -0.00808568
  -0.0145636   0.00799586   0.00665094
 -0.00808568   0.00665094    0.0844279
    0.025838   -0.0175275   -0.0108892
  -0.0175275    0.0143959     0.014721
  -0.0108892     0.014721    0.0870768
   0.0314994      -0.0209  -0.00054956
     -0.0209    0.0199787    0.0203583
 -0.00054956    0.0203583    0.0904028
   0.0311894    -0.019058  0.000256261
   -0.019058    0.0161161    0.0166582
 0.000256261    0.0166582    0.0930722
   0.0329244   -0.0187748    0.0024544
  -0.0187748    0.0165655    0.0187527
   0.0024544    0.0187527    0.0940457
   0.0331156   -0.0204943    0.0017562
  -0.0204943    0.0205583    0.0224711
   0.0017562    0.0224711    0.0909881
   0.0325274   -0.0172138    0.0032312
  -0.0172138    0.0133598    0.0151363
   0.0032312    0.0151363    0.0969579
   0.0342663    -0.018316   0.00413359
   -0.018316    0.0171182    0.0208337
  0.00413359    0.0208337     0.094801
   0.0340024   -0.0169033   0.00476097
  -0.0169033    0.0137422    0.0169679
  0.00476097    0.0169679    0.0980962
   0.0348862    -0.016511   0.00560557
   -0.016511    0.0141595     0.018417
  0.00560557     0.018417    0.0989588
   0.0342906   -0.0198784   0.00354183
  -0.0198784    0.0212739     0.024694
  0.00354183     0.024694    0.0913586
   0.0349775   -0.0177479   0.00513295
  -0.0177479    0.0177093    0.0226307
  0.00513295    0.0226307    0.0952951
   0.0348184   -0.0191266    0.0046539
  -0.0191266    0.0220368    0.0267551
   0.0046539    0.0267551    0.0914815
   0.0337579   -0.0157902   0.00494393
  -0.0157902    0.0111537    0.0134279
  0.00494393    0.0134279     0.100257
   0.0348757   -0.0155853   0.00554402
  -0.0155853    0.0114433    0.0145133
  0.00554402    0.0145133     0.101553
    0.035512   -0.0152266   0.00471706
  -0.0152266   0.00953136    0.0112131
  0.00471706    0.0112131     0.102124
   0.0340063   -0.0151931   0.00436779
  -0.0151931   0.00931442    0.0104982
  0.00436779    0.0104982     0.100448
   0.0320801   -0.0159284   0.00365197
  -0.0159284    0.0109006    0.0118989
  0.00365197    0.0118989    0.0986658
   0.0319952    -0.015116   0.00334493
   -0.015116   0.00914404    0.0093062
  0.00334493    0.0093062     0.098465
   0.0300838   -0.0159443    0.0018486
  -0.0159443     0.010701    0.0101741
   0.0018486    0.0101741    0.0968373
    0.030683   -0.0173711   0.00117788
  -0.0173711    0.0130447    0.0131918
  0.00117788    0.0131918    0.0955882
   0.0305198   -0.0153458   0.00164747
  -0.0153458   0.00921493    0.0080037
  0.00164747    0.0080037    0.0972262
   0.0511077   -0.0239749  -0.00576825
  -0.0239749    0.0118915   0.00760407
 -0.00576825   0.00760407    0.0808695
   0.0482529    -0.023069  -0.00484649
   -0.023069    0.0116549   0.00777953
 -0.00484649   0.00777953    0.0826721
    0.042966   -0.0196671  -0.00146658
  -0.0196671   0.00980578   0.00718168
 -0.00146658   0.00718168    0.0902183
   0.0409641    -0.019589  -0.00192219
   -0.019589    0.0100773   0.00706624
 -0.00192219   0.00706624    0.0895412
   0.0473723   -0.0235633  -0.00628265
  -0.0235633    0.0122742   0.00798262
 -0.00628265   0.00798262    0.0782288
   0.0369422   -0.0171877   0.00067041
  -0.0171877   0.00892649   0.00686948
  0.00067041   0.00686948    0.0947094
   0.0405224   -0.0202881   -0.0041503
  -0.0202881    0.0107325   0.00706911
  -0.0041503   0.00706911    0.0840833
   0.0356081   -0.0174235 -0.000764349
  -0.0174235   0.00926097   0.00632424
-0.000764349   0.00632424    0.0937605
   0.0354279   -0.0180008  -0.00339992
  -0.0180008   0.00970048   0.00606534
 -0.00339992   0.00606534    0.0874354
    0.045347     -0.02336  -0.00719205
    -0.02336    0.0125422   0.00823211
 -0.00719205   0.00823211    0.0761719
   0.0395888   -0.0203902  -0.00564866
  -0.0203902    0.0109995   0.00704025
 -0.00564866   0.00704025    0.0806568
   0.0440906   -0.0231421  -0.00813241
  -0.0231421    0.0126622   0.00850854
 -0.00813241   0.00850854    0.0742953
   0.0324034   -0.0158709  0.000707839
  -0.0158709   0.00878051   0.00671017
 0.000707839   0.00671017    0.0961037
     0.03138   -0.0160653  -0.00119482
  -0.0160653   0.00896151   0.00582712
 -0.00119482   0.00582712    0.0950199
   0.0337877   -0.0156288   0.00228245
  -0.0156288   0.00855415   0.00760975
  0.00228245   0.00760975    0.0971324
    0.035551   -0.0156054   0.00311334
  -0.0156054   0.00849504   0.00835283
  0.00311334   0.00835283    0.0981215
   0.0385564   -0.0170954    0.0013356
  -0.0170954   0.00869597   0.00725611
   0.0013356   0.00725611    0.0954703
   0.0408174   -0.0175642   0.00091622
  -0.0175642   0.00883364   0.00732934
  0.00091622   0.00732934    0.0954607
   0.0376755   -0.0159446   0.00328539
  -0.0159446   0.00869483   0.00869621
  0.00328539   0.00869621     0.100089
   0.0456265   -0.0204055  -0.00221502
  -0.0204055    0.0100095   0.00709932
 -0.00221502   0.00709932    0.0892204
   0.0436897   -0.0230975  -0.00855586
  -0.0230975    0.0127355   0.00859139
 -0.00855586   0.00859139    0.0749547
   0.0388758   -0.0200973  -0.00670882
  -0.0200973    0.0108687   0.00693019
 -0.00670882   0.00693019    0.0795025
    0.039449    -0.020084  -0.00813426
   -0.020084    0.0107922   0.00751822
 -0.00813426   0.00751822    0.0778911
   0.0430581   -0.0224156  -0.00918001
  -0.0224156    0.0122811   0.00891348
 -0.00918001   0.00891348    0.0750274
   0.0357795   -0.0180271   -0.0069556
  -0.0180271   0.00959922   0.00641336
  -0.0069556   0.00641336    0.0809918
   0.0394287   -0.0189305  -0.00898519
  -0.0189305   0.00995428   0.00826197
 -0.00898519   0.00826197    0.0770647
   0.0358669   -0.0170748  -0.00808083
  -0.0170748   0.00878513   0.00664965
 -0.00808083   0.00664965    0.0801668
   0.0352319   -0.0155462  -0.00862036
  -0.0155462   0.00771975   0.00686611
 -0.00862036   0.00686611    0.0803406
   0.0432224   -0.0212117   -0.0102092
  -0.0212117     0.011377   0.00973401
  -0.0102092   0.00973401     0.073067
   0.0388242   -0.0172217  -0.00953739
  -0.0172217   0.00875966   0.00857537
 -0.00953739   0.00857537    0.0751924
   0.0425684    -0.019368   -0.0107439
   -0.019368    0.0102487    0.0104794
  -0.0107439    0.0104794     0.070943
   0.0325442   -0.0159597  -0.00715151
  -0.0159597   0.00837399   0.00569692
 -0.00715151   0.00569692     0.084081
    0.032081     -0.01472  -0.00816047
    -0.01472   0.00745039   0.00619898
 -0.00816047   0.00619898     0.084327
   0.0321825   -0.0164947  -0.00565232
  -0.0164947   0.00893031   0.00536954
 -0.00565232   0.00536954    0.0859967
   0.0313756    -0.016327  -0.00362285
   -0.016327   0.00903869   0.00529436
 -0.00362285   0.00529436    0.0893276
   0.0352884   -0.0181034  -0.00515769
  -0.0181034   0.00976636   0.00592162
 -0.00515769   0.00592162    0.0841018
   0.0346263    -0.018298   0.00503638
   -0.018298    0.0227014    0.0284956
  0.00503638    0.0284956    0.0914151
   0.0349548   -0.0171179   0.00538523
  -0.0171179    0.0182061    0.0240152
  0.00538523    0.0240152    0.0955797
   0.0342505   -0.0164506   0.00494665
  -0.0164506    0.0185817    0.0248927
  0.00494665    0.0248927    0.0957367
   0.0337904   -0.0174302   0.00475144
  -0.0174302    0.0232401    0.0297844
  0.00475144    0.0297844    0.0912416
   0.0344857   -0.0155868   0.00509019
  -0.0155868    0.0147603    0.0197592
  0.00509019    0.0197592     0.100038
   0.0330205   -0.0157473   0.00393114
  -0.0157473    0.0187341     0.025326
  0.00393114     0.025326    0.0957886
   0.0333692   -0.0150504   0.00389323
  -0.0150504    0.0148222    0.0197074
  0.00389323    0.0197074      0.10035
   0.0319025   -0.0144316   0.00226826
  -0.0144316    0.0146066    0.0193661
  0.00226826    0.0193661     0.100521
   0.0324669   -0.0165474   0.00390855
  -0.0165474    0.0235506    0.0306691
  0.00390855    0.0306691    0.0909897
    0.031477   -0.0150053   0.00249203
  -0.0150053    0.0186002    0.0254541
  0.00249203    0.0254541    0.0957513
   0.0308757   -0.0156775   0.00265883
  -0.0156775    0.0235749    0.0312415
  0.00265883    0.0312415    0.0906793
   0.0338585   -0.0146062   0.00335419
  -0.0146062     0.011862    0.0143693
  0.00335419    0.0143693     0.103749
   0.0324946   -0.0141001   0.00157434
  -0.0141001    0.0116354     0.013591
  0.00157434     0.013591     0.104081
   0.0338926   -0.0142813  0.000184208
  -0.0142813   0.00962916   0.00868574
 0.000184208   0.00868574     0.105567
    0.035127   -0.0146798    0.0020663
  -0.0146798   0.00982969   0.00983695
   0.0020663   0.00983695     0.105105
   0.0348312   -0.0149873   0.00470847
  -0.0149873    0.0118456    0.0149073
  0.00470847    0.0149073     0.103219
   0.0359306   -0.0149393   0.00353074
  -0.0149393   0.00982071    0.0107858
  0.00353074    0.0107858     0.104395
   0.0352112   -0.0153031   0.00547418
  -0.0153031     0.011666    0.0150066
  0.00547418    0.0150066     0.102493
   0.0350375   -0.0160648   0.00569919
  -0.0160648    0.0145025    0.0193653
  0.00569919    0.0193653    0.0995795
   0.0361148   -0.0151206   0.00442798
  -0.0151206   0.00969907    0.0113094
  0.00442798    0.0113094     0.103433
   0.0292146    -0.014783    0.0011422
   -0.014783    0.0233414    0.0316194
   0.0011422    0.0316194    0.0903491
   0.0298227   -0.0142098  0.000780552
  -0.0142098    0.0181928     0.025447
 0.000780552     0.025447    0.0956644
   0.0282477   -0.0133504  -0.00101563
  -0.0133504    0.0176002    0.0254408
 -0.00101563    0.0254408    0.0950611
   0.0276319   -0.0138801 -0.000486831
  -0.0138801    0.0229142    0.0318907
-0.000486831    0.0318907    0.0897946
   0.0288695   -0.0129049  -0.00152226
  -0.0129049    0.0134178    0.0186095
 -0.00152226    0.0186095     0.100144
   0.0273076    -0.012492  -0.00238165
   -0.012492    0.0169105    0.0255136
 -0.00238165    0.0255136    0.0944523
   0.0281674   -0.0120855  -0.00312953
  -0.0120855    0.0126344    0.0185005
 -0.00312953    0.0185005    0.0991677
    0.029071   -0.0113137  -0.00417181
  -0.0113137    0.0118662    0.0187087
 -0.00417181    0.0187087    0.0986249
   0.0270933   -0.0131505  -0.00173369
  -0.0131505    0.0224079    0.0320823
 -0.00173369    0.0320823    0.0888903
   0.0278823    -0.011809  -0.00326434
   -0.011809    0.0162418    0.0256384
 -0.00326434    0.0256384    0.0931831
   0.0287635   -0.0128526  -0.00225197
  -0.0128526    0.0220627    0.0322641
 -0.00225197    0.0322641    0.0881833
   0.0290701    -0.011818  -0.00415205
   -0.011818   0.00960282    0.0118149
 -0.00415205    0.0118149     0.103204
    0.030115   -0.0110242   -0.0056354
  -0.0110242   0.00878033    0.0119503
  -0.0056354    0.0119503     0.102131
   0.0325433   -0.0112534  -0.00729929
  -0.0112534   0.00690542   0.00624074
 -0.00729929   0.00624074     0.104739
   0.0309183   -0.0120805  -0.00568329
  -0.0120805    0.0077614   0.00615173
 -0.00568329   0.00615173     0.105471
   0.0296029   -0.0126355  -0.00244086
  -0.0126355    0.0104307    0.0121368
 -0.00244086    0.0121368     0.104135
   0.0312379   -0.0129167  -0.00398467
  -0.0129167   0.00855712   0.00667908
 -0.00398467   0.00667908     0.105686
   0.0309551   -0.0134276 -0.000453621
  -0.0134276     0.011139    0.0127886
-0.000453621    0.0127886     0.104246
   0.0302927   -0.0136976   0.00037925
  -0.0136976    0.0141131    0.0189473
  0.00037925    0.0189473     0.100588
   0.0324365    -0.013673  -0.00192877
   -0.013673   0.00921049   0.00757505
 -0.00192877   0.00757505     0.105807
   0.0526011   -0.0214742   -0.0186727
  -0.0214742    0.0100527   0.00075264
  -0.0186727   0.00075264    0.0830739
   0.0524574   -0.0226934   -0.0173268
  -0.0226934    0.0108983   0.00068778
  -0.0173268   0.00068778     0.082586
   0.0450426   -0.0186622   -0.0141466
  -0.0186622     0.009022 -0.000343144
  -0.0141466 -0.000343144    0.0923013
   0.0458455   -0.0196638   -0.0122826
  -0.0196638    0.0096508  0.000237906
  -0.0122826  0.000237906    0.0922555
   0.0534921   -0.0236394   -0.0155173
  -0.0236394    0.0114107   0.00117112
  -0.0155173   0.00117112    0.0825741
   0.0392522   -0.0163999  -0.00895128
  -0.0163999   0.00838081  0.000561281
 -0.00895128  0.000561281     0.100015
   0.0470522   -0.0203649   -0.0102662
  -0.0203649   0.00997505   0.00128647
  -0.0102662   0.00128647    0.0921051
   0.0405301   -0.0171701  -0.00683628
  -0.0171701   0.00884154   0.00164867
 -0.00683628   0.00164867    0.0999104
    0.041771   -0.0176354  -0.00475499
  -0.0176354   0.00902616    0.0030642
 -0.00475499    0.0030642    0.0995386
   0.0546559   -0.0243545   -0.0135861
  -0.0243545     0.011718   0.00205699
  -0.0135861   0.00205699    0.0823885
    0.048108   -0.0208237  -0.00826255
  -0.0208237    0.0101299   0.00263615
 -0.00826255   0.00263615    0.0916754
   0.0555065   -0.0248282   -0.0116283
  -0.0248282    0.0119008   0.00320897
  -0.0116283   0.00320897    0.0820191
   0.0357313   -0.0149698  -0.00388104
  -0.0149698   0.00852402   0.00366785
 -0.00388104   0.00366785     0.104647
   0.0371029   -0.0155045  -0.00173895
  -0.0155045   0.00883098   0.00499725
 -0.00173895   0.00499725      0.10435
   0.0345278   -0.0142143  -0.00598864
  -0.0142143   0.00797299   0.00261048
 -0.00598864   0.00261048     0.104779
   0.0342516   -0.0133373  -0.00785423
  -0.0133373   0.00722001   0.00201782
 -0.00785423   0.00201782     0.104396
   0.0387806   -0.0154719   -0.0107549
  -0.0154719   0.00770739 -0.000113263
  -0.0107549 -0.000113263     0.100242
    0.040299   -0.0144302   -0.0121773
  -0.0144302   0.00684828 -0.000108767
  -0.0121773 -0.000108767     0.100585
   0.0360153   -0.0123985   -0.0093191
  -0.0123985   0.00635387    0.0020197
  -0.0093191    0.0020197     0.105052
   0.0461805   -0.0175552   -0.0153442
  -0.0175552    0.0081859 -0.000386574
  -0.0153442 -0.000386574    0.0936039
   0.0558806   -0.0251456  -0.00975762
  -0.0251456     0.012062   0.00446517
 -0.00975762   0.00446517    0.0816803
   0.0487931   -0.0211263  -0.00635225
  -0.0211263    0.0102204   0.00407193
 -0.00635225   0.00407193    0.0910474
   0.0486135   -0.0211343  -0.00452983
  -0.0211343    0.0102182   0.00533162
 -0.00452983   0.00533162     0.090278
   0.0548739   -0.0248641  -0.00803673
  -0.0248641    0.0119836   0.00574248
 -0.00803673   0.00574248    0.0814393
   0.0430077   -0.0180524  -0.00115016
  -0.0180524   0.00910235   0.00588696
 -0.00115016   0.00588696    0.0979216
   0.0473227   -0.0207546  -0.00315998
  -0.0207546    0.0100662   0.00642069
 -0.00315998   0.00642069    0.0895657
   0.0424828   -0.0179667  0.000174261
  -0.0179667   0.00901738    0.0068262
 0.000174261    0.0068262    0.0967651
   0.0532704   -0.0244473  -0.00667741
  -0.0244473    0.0119026   0.00684168
 -0.00667741   0.00684168     0.081151
   0.0387168   -0.0160624   0.00279506
  -0.0160624   0.00884175   0.00845404
  0.00279506   0.00845404     0.101693
   0.0388187   -0.0160046   0.00172293
  -0.0160046   0.00894408   0.00763846
  0.00172293   0.00763846     0.102925
   0.0382004    -0.015822  0.000182658
   -0.015822   0.00894948   0.00640131
 0.000182658   0.00640131     0.103783
   0.0426687   -0.0179259  -0.00284606
  -0.0179259   0.00911208   0.00456568
 -0.00284606   0.00456568    0.0988781
   0.0216127   -0.0314438  -0.00514304
  -0.0314438    0.0951255    0.0539121
 -0.00514304    0.0539121    0.0591929
   0.0222862    -0.031121  -0.00353808
   -0.031121    0.0917228    0.0523171
 -0.00353808    0.0523171    0.0606802
   0.0230597   -0.0314658  -0.00587102
  -0.0314658    0.0795565    0.0497171
 -0.00587102    0.0497171    0.0655319
   0.0241886   -0.0313199  -0.00385362
  -0.0313199    0.0767639     0.047879
 -0.00385362     0.047879     0.066507
    0.023361   -0.0308567  -0.00177506
  -0.0308567    0.0882162    0.0506913
 -0.00177506    0.0506913    0.0619226
   0.0250293   -0.0310373  -0.00574201
  -0.0310373    0.0657813    0.0444945
 -0.00574201    0.0444945    0.0708871
   0.0255913   -0.0310952  -0.00171726
  -0.0310952    0.0743138    0.0464398
