           0            0            0
           0            0            0
           0            0            0
   0.0717584   -0.0035375     0.010872
  -0.0035375  0.000331153   0.00113242
    0.010872   0.00113242    0.0504683
     0.06576  -0.00327029    0.0164547
 -0.00327029  0.000348874   0.00108288
   0.0164547   0.00108288    0.0563802
   0.0600358  -0.00332824    0.0224691
 -0.00332824   0.00045216   0.00117817
   0.0224691   0.00117817    0.0646523
   0.0572832  -0.00388374    0.0263689
 -0.00388374  0.000602813    0.0010045
   0.0263689    0.0010045    0.0717558
   0.0563195  -0.00454297    0.0281708
 -0.00454297  0.000753259   0.00061914
   0.0281708   0.00061914    0.0762308
   0.0514859  -0.00441045     0.023981
 -0.00441045  0.000657802  0.000148153
    0.023981  0.000148153    0.0719772
   0.0514115  -0.00503634    0.0225295
 -0.00503634   0.00081153 -0.000647104
   0.0225295 -0.000647104    0.0749978
   0.0557136   -0.0052205    0.0265337
  -0.0052205  0.000895917   -0.0002066
   0.0265337   -0.0002066    0.0781645
   0.0512535  -0.00555968    0.0186747
 -0.00555968  0.000955653  -0.00177093
   0.0186747  -0.00177093    0.0762866
   0.0550899  -0.00578996    0.0226579
 -0.00578996   0.00101963  -0.00140041
   0.0226579  -0.00140041    0.0787212
   0.0506948  -0.00575962    0.0144543
 -0.00575962    0.0010691  -0.00309631
   0.0144543  -0.00309631    0.0764522
   0.0559683  -0.00635168    0.0208686
 -0.00635168   0.00111724  -0.00237135
   0.0208686  -0.00237135     0.079583
    0.110361  -0.00012872     0.032943
 -0.00012872   0.00146347   0.00683728
    0.032943   0.00683728    0.0658934
   0.0987758  -0.00137071    0.0385634
 -0.00137071   0.00194737   0.00822499
   0.0385634   0.00822499    0.0746853
    0.099969 -0.000377161    0.0388518
-0.000377161   0.00154712   0.00762557
   0.0388518   0.00762557    0.0750103
   0.0907965  -0.00143774    0.0439215
 -0.00143774   0.00194278   0.00867343
   0.0439215   0.00867343    0.0829074
   0.0890973  -0.00253962    0.0433588
 -0.00253962   0.00236294   0.00918439
   0.0433588   0.00918439     0.082446
   0.0908895 -0.000958224    0.0436185
-0.000958224   0.00154609   0.00772179
   0.0436185   0.00772179    0.0829499
   0.0840012  -0.00254941    0.0472979
 -0.00254941   0.00224317   0.00905261
   0.0472979   0.00905261    0.0887015
   0.0844056    -0.001976    0.0471319
   -0.001976   0.00184169   0.00821845
   0.0471319   0.00821845    0.0887589
   0.0791678  -0.00311877    0.0479496
 -0.00311877   0.00203817   0.00794911
   0.0479496   0.00794911     0.091672
    0.082023  -0.00355985    0.0465053
 -0.00355985   0.00265396   0.00946537
   0.0465053   0.00946537    0.0881529
   0.0785527  -0.00365275    0.0479915
 -0.00365275   0.00241697   0.00865694
   0.0479915   0.00865694    0.0916316
   0.0765121  -0.00445125    0.0470586
 -0.00445125   0.00278368   0.00900268
   0.0470586   0.00900268    0.0910807
   0.0832105  -0.00198926    0.0460393
 -0.00198926   0.00147799    0.0068979
   0.0460393    0.0068979    0.0883755
   0.0785357  -0.00305051     0.047141
 -0.00305051   0.00168812   0.00676824
    0.047141   0.00676824    0.0913949
   0.0753513  -0.00318391    0.0442544
 -0.00318391    0.0013661   0.00538883
   0.0442544   0.00538883    0.0891903
   0.0796377  -0.00226828    0.0427288
 -0.00226828   0.00115241   0.00540072
   0.0427288   0.00540072    0.0858354
    0.089024    -0.001118    0.0419623
   -0.001118   0.00119501   0.00634689
   0.0419623   0.00634689     0.082286
   0.0846759  -0.00155688    0.0379477
 -0.00155688  0.000895206   0.00486427
   0.0379477   0.00486427    0.0790563
   0.0969878 -0.000539061    0.0359239
-0.000539061  0.000881556   0.00531666
   0.0359239   0.00531666    0.0737645
   0.0994877 -0.000138641    0.0383486
-0.000138641   0.00118507   0.00661728
   0.0383486   0.00661728    0.0749661
    0.109506  0.000300817    0.0322348
 0.000300817  0.000831735   0.00521802
   0.0322348   0.00521802    0.0658779
   0.0919195  -0.00130149    0.0312764
 -0.00130149  0.000645897   0.00396999
   0.0312764   0.00396999    0.0702837
    0.106329 -0.000587238    0.0290417
-0.000587238  0.000619323   0.00407288
   0.0290417   0.00407288    0.0641579
   0.0977689  -0.00148309    0.0239268
 -0.00148309  0.000460563   0.00298653
   0.0239268   0.00298653    0.0606672
    0.110615  0.000488977    0.0328558
 0.000488977   0.00112042   0.00618883
   0.0328558   0.00618883    0.0660039
   0.0741524  -0.00533452    0.0464954
 -0.00533452    0.0027263   0.00787217
   0.0464954   0.00787217    0.0922948
   0.0762222  -0.00470592    0.0475222
 -0.00470592   0.00242385   0.00758238
   0.0475222   0.00758238    0.0927781
   0.0748236  -0.00579647    0.0456052
 -0.00579647     0.002291    0.0059309
   0.0456052    0.0059309    0.0923874
   0.0727617  -0.00626367    0.0445482
 -0.00626367   0.00252487   0.00620176
   0.0445482   0.00620176    0.0920434
   0.0755156  -0.00536512    0.0456305
 -0.00536512   0.00202596   0.00547356
   0.0456305   0.00547356    0.0922195
   0.0735892  -0.00678964    0.0426949
 -0.00678964   0.00209004   0.00384753
   0.0426949   0.00384753    0.0911716
    0.074227  -0.00641524    0.0426877
 -0.00641524   0.00188244   0.00347794
   0.0426877   0.00347794    0.0908486
   0.0731059  -0.00720449    0.0395542
 -0.00720449   0.00172423   0.00117009
   0.0395542   0.00117009    0.0895197
   0.0715411  -0.00708488    0.0416405
 -0.00708488   0.00225752    0.0041304
   0.0416405    0.0041304    0.0909968
    0.072498  -0.00750238    0.0395731
 -0.00750238    0.0018752   0.00146795
   0.0395731   0.00146795    0.0899693
   0.0704023  -0.00762524    0.0384912
 -0.00762524    0.0019794   0.00177631
   0.0384912   0.00177631    0.0899243
   0.0737693  -0.00620421    0.0418373
 -0.00620421   0.00168519   0.00286197
   0.0418373   0.00286197    0.0901863
   0.0725415  -0.00694931    0.0386272
 -0.00694931   0.00157061  0.000734536
   0.0386272  0.000734536    0.0887142
   0.0709845   -0.0068563    0.0368948
  -0.0068563   0.00145108  0.000102326
   0.0368948  0.000102326    0.0875665
   0.0719504  -0.00616958    0.0399123
 -0.00616958   0.00151878   0.00202036
   0.0399123   0.00202036    0.0888785
   0.0751175  -0.00520466    0.0448552
 -0.00520466   0.00177909   0.00466935
   0.0448552   0.00466935    0.0917226
   0.0729742  -0.00522234    0.0426808
 -0.00522234    0.0015502   0.00362459
   0.0426808   0.00362459    0.0903349
   0.0765321  -0.00412036    0.0468217
 -0.00412036   0.00179477   0.00600533
   0.0468217   0.00600533    0.0924003
   0.0769056  -0.00422769     0.047536
 -0.00422769    0.0021003   0.00700922
    0.047536   0.00700922    0.0927363
   0.0738512  -0.00418074    0.0442769
 -0.00418074    0.0015071    0.0047826
   0.0442769    0.0047826       0.0906
   0.0597914  -0.00606498    0.0277449
 -0.00606498   0.00111098 -0.000594194
   0.0277449 -0.000594194    0.0816523
    0.059331  -0.00532132     0.029677
 -0.00532132   0.00100763  0.000339475
    0.029677  0.000339475    0.0810324
   0.0636318  -0.00535639    0.0337054
 -0.00535639   0.00114304   0.00126441
   0.0337054   0.00126441    0.0839816
   0.0601685  -0.00458119    0.0318702
 -0.00458119  0.000880502     0.001233
   0.0318702     0.001233    0.0796036
   0.0637188  -0.00453634    0.0349245
 -0.00453634   0.00102881   0.00201903
   0.0349245   0.00201903    0.0826292
   0.0651386  -0.00375668    0.0348358
 -0.00375668  0.000876832   0.00247235
   0.0348358   0.00247235    0.0799601
   0.0615407  -0.00388649    0.0307556
 -0.00388649  0.000726527    0.0016453
   0.0307556    0.0016453    0.0763096
   0.0692763  -0.00430615    0.0401856
 -0.00430615   0.00123885   0.00345298
   0.0401856   0.00345298    0.0873853
   0.0705103  -0.00341449    0.0398381
 -0.00341449   0.00107989   0.00391614
   0.0398381   0.00391614    0.0853566
   0.0689014  -0.00526448    0.0388814
 -0.00526448   0.00132817   0.00249541
   0.0388814   0.00249541    0.0876819
   0.0685372  -0.00616232    0.0365498
 -0.00616232    0.0013579   0.00109183
   0.0365498   0.00109183    0.0869625
   0.0637385  -0.00613591    0.0315358
 -0.00613591   0.00121569  0.000112553
   0.0315358  0.000112553    0.0841612
    0.063783  -0.00669386    0.0293004
 -0.00669386   0.00125146  -0.00133302
   0.0293004  -0.00133302    0.0837149
   0.0679635  -0.00679227    0.0339371
 -0.00679227   0.00134727 -0.000592851
   0.0339371 -0.000592851    0.0855029
    0.059733   -0.0065538     0.024722
  -0.0065538   0.00118283  -0.00192017
    0.024722  -0.00192017    0.0819059
   0.0651709  -0.00332716    0.0278857
 -0.00332716  0.000558201   0.00173452
   0.0278857   0.00173452    0.0707613
   0.0691645   -0.0029208    0.0223556
  -0.0029208  0.000403702   0.00163249
   0.0223556   0.00163249    0.0634656
   0.0736016  -0.00267838    0.0266969
 -0.00267838  0.000502988   0.00228343
   0.0266969   0.00228343    0.0679171
   0.0765412  -0.00311912    0.0160922
 -0.00311912  0.000328692   0.00140302
   0.0160922   0.00140302    0.0555298
   0.0801049  -0.00260947    0.0204137
 -0.00260947  0.000370321   0.00194686
   0.0204137   0.00194686    0.0599688
   0.0870047   -0.0033852    0.0145743
  -0.0033852  0.000408519   0.00159175
   0.0145743   0.00159175     0.052321
   0.0800941   -0.0034886    0.0112442
  -0.0034886  0.000322666   0.00118757
   0.0112442   0.00118757    0.0498594
   0.0834399  -0.00199576    0.0257672
 -0.00199576  0.000467351   0.00274683
   0.0257672   0.00274683    0.0654688
   0.0892326   -0.0022501    0.0193695
  -0.0022501  0.000355227   0.00209014
   0.0193695   0.00209014    0.0569119
   0.0789796  -0.00215972    0.0324794
 -0.00215972  0.000660166   0.00342573
   0.0324794   0.00342573    0.0741888
   0.0743843  -0.00264271    0.0379104
 -0.00264271  0.000874852   0.00387051
   0.0379104   0.00387051    0.0810778
   0.0696831  -0.00313314    0.0326445
 -0.00313314  0.000697289    0.0025487
   0.0326445    0.0025487    0.0758459
   0.0693016  -0.00787679    0.0351551
 -0.00787679   0.00177393 -0.000756073
   0.0351551 -0.000756073    0.0888132
   0.0715285  -0.00790296     0.036295
 -0.00790296   0.00171691  -0.00109307
    0.036295  -0.00109307    0.0887789
   0.0705386   -0.0080269     0.032931
  -0.0080269   0.00166793  -0.00372867
    0.032931  -0.00372867    0.0875977
   0.0681377  -0.00786569    0.0317272
 -0.00786569     0.001682  -0.00335879
   0.0317272  -0.00335879    0.0876612
   0.0713543  -0.00786938    0.0329925
 -0.00786938   0.00158688  -0.00391196
   0.0329925  -0.00391196    0.0870384
   0.0695499  -0.00783787    0.0294678
 -0.00783787   0.00178019  -0.00640032
   0.0294678  -0.00640032    0.0864336
    0.070562  -0.00774316    0.0295864
 -0.00774316    0.0017171  -0.00653867
   0.0295864  -0.00653867    0.0859023
   0.0698193  -0.00729171    0.0260666
 -0.00729171   0.00201461  -0.00918458
   0.0260666  -0.00918458    0.0848437
   0.0668741  -0.00755466     0.028206
 -0.00755466   0.00176726  -0.00601163
    0.028206  -0.00601163    0.0864728
   0.0684778   -0.0073168    0.0258958
  -0.0073168    0.0020812  -0.00910425
   0.0258958  -0.00910425    0.0852922
   0.0654524  -0.00692738    0.0246137
 -0.00692738   0.00206251  -0.00872823
   0.0246137  -0.00872823    0.0852584
   0.0700788  -0.00741185    0.0285868
 -0.00741185   0.00161308   -0.0065225
   0.0285868   -0.0065225    0.0849158
   0.0695065  -0.00695228    0.0250645
 -0.00695228   0.00189341  -0.00904424
   0.0250645  -0.00904424    0.0839049
   0.0681403   -0.0064956    0.0231921
  -0.0064956   0.00176298  -0.00880411
   0.0231921  -0.00880411    0.0826443
   0.0686561  -0.00704845    0.0268007
 -0.00704845   0.00152623   -0.0064899
   0.0268007   -0.0064899    0.0836677
   0.0707575  -0.00756227    0.0319922
 -0.00756227    0.0014898   -0.0040331
   0.0319922   -0.0040331     0.086061
   0.0693553  -0.00730148    0.0302982
 -0.00730148   0.00141696  -0.00422249
   0.0302982  -0.00422249    0.0848752
   0.0715739  -0.00739548    0.0353198
 -0.00739548   0.00149462  -0.00160023
   0.0353198  -0.00160023    0.0873319
   0.0722037  -0.00768162    0.0363029
 -0.00768162   0.00161146  -0.00133018
   0.0363029  -0.00133018    0.0882484
   0.0701359  -0.00722379    0.0336554
 -0.00722379   0.00140857  -0.00201356
   0.0336554  -0.00201356    0.0862018
   0.0638112  -0.00594789    0.0210184
 -0.00594789   0.00263486   -0.0115059
   0.0210184   -0.0115059    0.0840192
   0.0672439  -0.00641594    0.0222737
 -0.00641594   0.00261862   -0.0118193
   0.0222737   -0.0118193    0.0841819
    0.065678  -0.00516944    0.0186715
 -0.00516944    0.0034028   -0.0145334
   0.0186715   -0.0145334    0.0831116
   0.0618815  -0.00461665    0.0175192
 -0.00461665   0.00348154   -0.0143335
   0.0175192   -0.0143335    0.0827812
   0.0679969  -0.00528246    0.0188639
 -0.00528246   0.00322205   -0.0143884
   0.0188639   -0.0143884     0.082992
   0.0638113  -0.00346589    0.0151067
 -0.00346589   0.00452137   -0.0173323
   0.0151067   -0.0173323    0.0820767
   0.0666365  -0.00366928    0.0152421
 -0.00366928    0.0042183   -0.0170137
   0.0152421   -0.0170137    0.0821825
   0.0649653  -0.00154443    0.0116174
 -0.00154443   0.00558093   -0.0197613
   0.0116174   -0.0197613     0.081427
   0.0597031  -0.00284731    0.0141348
 -0.00284731   0.00471954   -0.0173045
   0.0141348   -0.0173045    0.0815717
   0.0616606   -0.0012696    0.0115873
  -0.0012696   0.00606536   -0.0202924
   0.0115873   -0.0202924    0.0811081
   0.0572918  -0.00061923     0.010832
 -0.00061923    0.0064391   -0.0204778
    0.010832   -0.0204778    0.0804597
   0.0678008  -0.00344933    0.0142286
 -0.00344933   0.00383693    -0.016369
   0.0142286    -0.016369    0.0817415
   0.0667275  -0.00142048    0.0105781
 -0.00142048   0.00501769   -0.0188994
   0.0105781   -0.0188994    0.0812358
   0.0669854 -0.000977425   0.00845594
-0.000977425   0.00442307   -0.0177936
  0.00845594   -0.0177936    0.0805425
   0.0674812  -0.00293817    0.0121567
 -0.00293817   0.00343049   -0.0155023
   0.0121567   -0.0155023    0.0808214
   0.0685909  -0.00500148    0.0178741
 -0.00500148   0.00297734    -0.013942
   0.0178741    -0.013942    0.0823291
   0.0677245   -0.0044559    0.0158519
  -0.0044559    0.0026991   -0.0132979
   0.0158519   -0.0132979     0.081232
   0.0691261  -0.00613479    0.0214877
 -0.00613479   0.00235224   -0.0115285
   0.0214877   -0.0115285    0.0830421
   0.0690571  -0.00646006    0.0224776
 -0.00646006   0.00251901   -0.0118087
   0.0224776   -0.0118087    0.0838706
   0.0678839  -0.00561305    0.0195253
 -0.00561305   0.00216217   -0.0110933
   0.0195253   -0.0110933    0.0818295
   0.0638396  0.000485814  -0.00348183
 0.000485814   0.00250696   -0.0131676
 -0.00348183   -0.0131676    0.0762871
   0.0628436    -0.001432   0.00044899
   -0.001432   0.00214082   -0.0119093
  0.00044899   -0.0119093    0.0760176
   0.0638694  -0.00155371    0.0034606
 -0.00155371   0.00239167   -0.0127609
   0.0034606   -0.0127609    0.0771397
   0.0634045  -0.00321393   0.00744741
 -0.00321393   0.00204331    -0.011336
  0.00744741    -0.011336    0.0772918
   0.0613125  -0.00300809   0.00403828
 -0.00300809    0.0018775   -0.0106849
  0.00403828   -0.0106849    0.0759989
   0.0646768  -0.00345614    0.0103882
 -0.00345614   0.00221366   -0.0119477
   0.0103882   -0.0119477    0.0785968
   0.0625522  -0.00457717    0.0112789
 -0.00457717   0.00177711  -0.00983286
   0.0112789  -0.00983286     0.077455
   0.0646288  -0.00480826    0.0143672
 -0.00480826   0.00187731   -0.0102431
   0.0143672   -0.0102431    0.0790782
   0.0644557  -0.00590127    0.0181459
 -0.00590127   0.00161815  -0.00843958
   0.0181459  -0.00843958    0.0797427
    0.059318  -0.00430911   0.00745238
 -0.00430911   0.00166318   -0.0093126
  0.00745238   -0.0093126    0.0756266
   0.0613089  -0.00563455    0.0146916
 -0.00563455    0.0015547  -0.00818503
   0.0146916  -0.00818503    0.0775595
   0.0574158  -0.00530449    0.0100339
 -0.00530449   0.00148456   -0.0078714
   0.0100339   -0.0078714    0.0764249
   0.0662308  -0.00512271    0.0170462
 -0.00512271   0.00199235    -0.010637
   0.0170462    -0.010637    0.0804556
   0.0664588  -0.00613478    0.0208781
 -0.00613478   0.00167435  -0.00860206
   0.0208781  -0.00860206    0.0812796
   0.0661391  -0.00387597    0.0132025
 -0.00387597   0.00243439   -0.0125998
   0.0132025   -0.0125998    0.0799123
   0.0662328  -0.00232477   0.00937963
 -0.00232477   0.00303652   -0.0145527
  0.00937963   -0.0145527    0.0796262
   0.0647687   -0.0018245   0.00636581
  -0.0018245   0.00268806   -0.0136391
  0.00636581   -0.0136391    0.0784449
   0.0650572  0.000113439   0.00241787
 0.000113439   0.00334482   -0.0154116
  0.00241787   -0.0154116    0.0785266
   0.0662432  -0.00040611   0.00557872
 -0.00040611   0.00385634     -0.01659
  0.00557872     -0.01659    0.0795265
   0.0641279  0.000432789 -0.000663144
 0.000432789   0.00289543   -0.0142772
-0.000663144   -0.0142772    0.0774704
   0.0563998   -0.0059699    0.0124969
  -0.0059699   0.00136323  -0.00642695
   0.0124969  -0.00642695    0.0777691
    0.060099  -0.00630142    0.0174566
 -0.00630142   0.00140521  -0.00650811
   0.0174566  -0.00650811    0.0780645
   0.0593912  -0.00662468    0.0195103
 -0.00662468    0.0013041  -0.00490481
   0.0195103  -0.00490481    0.0795141
   0.0564244  -0.00640839    0.0151856
 -0.00640839   0.00127444  -0.00501032
   0.0151856  -0.00501032    0.0791952
   0.0637475  -0.00694751     0.024548
 -0.00694751   0.00134489  -0.00473125
    0.024548  -0.00473125    0.0810231
   0.0597357  -0.00672758    0.0219603
 -0.00672758   0.00124281  -0.00338205
   0.0219603  -0.00338205    0.0813394
   0.0635759  -0.00694365    0.0271429
 -0.00694365   0.00129083  -0.00296514
   0.0271429  -0.00296514    0.0819529
   0.0565243  -0.00656521    0.0183052
 -0.00656521   0.00120191   -0.0036165
   0.0183052   -0.0036165    0.0799633
   0.0676104   -0.0071244    0.0310651
  -0.0071244   0.00135098  -0.00250366
   0.0310651  -0.00250366    0.0844571
   0.0672201  -0.00714121    0.0279485
 -0.00714121   0.00138172   -0.0045033
   0.0279485   -0.0045033    0.0834167
   0.0668771  -0.00681263    0.0245644
 -0.00681263   0.00148302  -0.00654118
   0.0245644  -0.00654118    0.0823106
   0.0641068  -0.00660344    0.0215671
 -0.00660344   0.00144974   -0.0065757
   0.0215671   -0.0065757    0.0803833
   0.0519766  -0.00608721    0.0129554
 -0.00608721   0.00116027  -0.00398611
   0.0129554  -0.00398611    0.0779257
   0.0530344  -0.00611529    0.0110863
 -0.00611529   0.00125534  -0.00512277
   0.0110863  -0.00512277    0.0783894
   0.0483123  -0.00518141   0.00568617
 -0.00518141   0.00115563   -0.0049182
  0.00568617   -0.0049182    0.0760575
   0.0538004  -0.00575973   0.00871787
 -0.00575973   0.00134816  -0.00640282
  0.00871787  -0.00640282     0.077928
   0.0497775  -0.00513287   0.00378057
 -0.00513287   0.00126743  -0.00606874
  0.00378057  -0.00606874    0.0770396
   0.0516027  -0.00473861   0.00182483
 -0.00473861   0.00138514  -0.00735302
  0.00182483  -0.00735302    0.0769978
   0.0544834  -0.00501707   0.00558576
 -0.00501707   0.00144164   -0.0076933
  0.00558576   -0.0076933    0.0772285
   0.0481332  -0.00408366  -0.00170714
 -0.00408366    0.0012435  -0.00648986
 -0.00170714  -0.00648986    0.0760329
   0.0562483  -0.00402014   0.00274253
 -0.00402014   0.00156443  -0.00889031
  0.00274253  -0.00889031    0.0762619
   0.0584422  -0.00278567 -0.000357546
 -0.00278567   0.00170491  -0.00995107
-0.000357546  -0.00995107    0.0754554
   0.0556742  -0.00258027  -0.00432369
 -0.00258027   0.00154539  -0.00923308
 -0.00432369  -0.00923308     0.075079
   0.0608726  -0.00130873  -0.00337161
 -0.00130873   0.00189313   -0.0109952
 -0.00337161   -0.0109952    0.0752817
   0.0579289  -0.00122914  -0.00737891
 -0.00122914   0.00164535  -0.00994992
 -0.00737891  -0.00994992     0.074244
   0.0611955  0.000469526   -0.0103769
 0.000469526   0.00183001   -0.0108579
  -0.0103769   -0.0108579    0.0743541
   0.0628609   0.00045593  -0.00662208
  0.00045593   0.00215952   -0.0120466
 -0.00662208   -0.0120466    0.0753102
   0.0555509  -0.00118128   -0.0104837
 -0.00118128   0.00144481  -0.00904363
  -0.0104837  -0.00904363     0.073421
   0.0581028  0.000292767    -0.013642
 0.000292767   0.00152606  -0.00955129
   -0.013642  -0.00955129    0.0729446
   0.0555243  0.000211089   -0.0163043
 0.000211089     0.001294  -0.00850467
  -0.0163043  -0.00850467      0.07254
   0.0520426  -0.00127197   -0.0131541
 -0.00127197   0.00124511  -0.00800923
  -0.0131541  -0.00800923    0.0730715
   0.0528369  -0.00246165  -0.00753599
 -0.00246165   0.00139743  -0.00847456
 -0.00753599  -0.00847456     0.074431
   0.0492478   -0.0026257   -0.0089373
  -0.0026257   0.00124738   -0.0075003
  -0.0089373   -0.0075003    0.0745542
   0.0504657   -0.0036272  -0.00395923
  -0.0036272   0.00136903  -0.00776487
 -0.00395923  -0.00776487    0.0763686
   0.0535719  -0.00372909  -0.00125452
 -0.00372909   0.00147317  -0.00845808
 -0.00125452  -0.00845808    0.0761423
   0.0493133  -0.00119857   -0.0153896
 -0.00119857   0.00111025  -0.00737658
  -0.0153896  -0.00737658    0.0730214
   0.0532842  0.000270484   -0.0186551
 0.000270484   0.00111266  -0.00768325
  -0.0186551  -0.00768325    0.0720511
   0.0278232   -0.0200779  -0.00992737
  -0.0200779    0.0186816     0.018864
 -0.00992737     0.018864    0.0869412
   0.0277947    -0.020689  -0.00830007
   -0.020689    0.0188672    0.0172017
 -0.00830007    0.0172017    0.0877236
   0.0276426   -0.0185618  -0.00695169
  -0.0185618    0.0147759    0.0126852
 -0.00695169    0.0126852    0.0892066
   0.0279538   -0.0191749  -0.00525916
  -0.0191749    0.0152413    0.0120111
 -0.00525916    0.0120111    0.0902162
   0.0281988   -0.0212115  -0.00642618
  -0.0212115    0.0191511    0.0162655
 -0.00642618    0.0162655    0.0884518
   0.0281051   -0.0175845  -0.00406129
  -0.0175845    0.0124056   0.00842581
 -0.00406129   0.00842581    0.0918761
   0.0286702     -0.01956  -0.00326552
    -0.01956    0.0155973     0.012115
 -0.00326552     0.012115    0.0911577
   0.0285418    -0.017928  -0.00217492
   -0.017928     0.012773   0.00864566
 -0.00217492   0.00864566    0.0930865
   0.0294227   -0.0180307 -8.44752e-05
  -0.0180307     0.012913   0.00951327
-8.44752e-05   0.00951327    0.0942252
   0.0290984   -0.0215889  -0.00442089
  -0.0215889    0.0194234    0.0162217
 -0.00442089    0.0162217    0.0892379
   0.0299646   -0.0197957  -0.00125546
  -0.0197957    0.0158338    0.0130388
 -0.00125546    0.0130388    0.0922002
    0.030334   -0.0217043  -0.00225407
  -0.0217043    0.0195853    0.0169748
 -0.00225407    0.0169748    0.0899462
   0.0289792   -0.0168404  -0.00129754
  -0.0168404    0.0108053   0.00596143
 -0.00129754   0.00596143    0.0943835
   0.0294391   -0.0168351  0.000659694
  -0.0168351     0.010874   0.00675694
 0.000659694   0.00675694    0.0955142
     0.03024   -0.0162845  0.000806108
  -0.0162845   0.00953071   0.00487879
 0.000806108   0.00487879    0.0958709
   0.0300309    -0.016316 -0.000859029
   -0.016316   0.00946806   0.00419463
-0.000859029   0.00419463    0.0947947
   0.0289486   -0.0166134  -0.00300725
  -0.0166134    0.0104963   0.00573079
 -0.00300725   0.00573079    0.0931569
   0.0308676   -0.0162949  -0.00267157
  -0.0162949   0.00916604   0.00413955
 -0.00267157   0.00413955    0.0902321
   0.0293358   -0.0160185  -0.00442317
  -0.0160185   0.00985614   0.00615218
 -0.00442317   0.00615218    0.0895217
   0.0279021   -0.0169075  -0.00551842
  -0.0169075    0.0118393   0.00889776
 -0.00551842   0.00889776     0.090554
    0.028003   -0.0159939  -0.00662456
  -0.0159939    0.0112087    0.0100839
 -0.00662456    0.0100839    0.0879721
   0.0315308   -0.0157625  -0.00420587
  -0.0157625   0.00857166   0.00478776
 -0.00420587   0.00478776    0.0873557
   0.0295819    -0.015109  -0.00558742
   -0.015109   0.00920801    0.0073521
 -0.00558742    0.0073521    0.0870902
   0.0318179   -0.0148112  -0.00515927
  -0.0148112   0.00786666   0.00581066
 -0.00515927   0.00581066    0.0852959
   0.0277156   -0.0177833  -0.00833015
  -0.0177833    0.0143329    0.0140734
 -0.00833015    0.0140734    0.0881404
   0.0317022   -0.0215491 -0.000114139
  -0.0215491    0.0198599    0.0184344
-0.000114139    0.0184344    0.0905395
   0.0314221   -0.0197653   0.00075962
  -0.0197653    0.0160922    0.0145912
  0.00075962    0.0145912    0.0931342
   0.0328018   -0.0194905   0.00255777
  -0.0194905    0.0163737    0.0165092
  0.00255777    0.0165092    0.0939217
   0.0329756   -0.0211425   0.00179641
  -0.0211425    0.0202207    0.0203446
  0.00179641    0.0203446    0.0909856
   0.0324264   -0.0179663   0.00342996
  -0.0179663    0.0133178    0.0128545
  0.00342996    0.0128545    0.0966507
   0.0338651   -0.0189936   0.00392281
  -0.0189936    0.0166992    0.0185456
  0.00392281    0.0185456    0.0944969
   0.0336099   -0.0176175   0.00465381
  -0.0176175    0.0135199    0.0147034
  0.00465381    0.0147034    0.0975617
   0.0343086   -0.0171318   0.00530749
  -0.0171318     0.013728    0.0163361
  0.00530749    0.0163361    0.0982067
   0.0338892    -0.020488    0.0032681
   -0.020488    0.0206612    0.0224738
   0.0032681    0.0224738    0.0912265
   0.0344079   -0.0183402   0.00471886
  -0.0183402    0.0170429    0.0204445
  0.00471886    0.0204445    0.0948205
   0.0342665   -0.0196623   0.00417259
  -0.0196623    0.0211379    0.0245644
  0.00417259    0.0245644    0.0912313
   0.0333767   -0.0165144   0.00498146
  -0.0165144    0.0111101    0.0112659
  0.00498146    0.0112659    0.0994743
   0.0342926   -0.0162128   0.00540941
  -0.0162128    0.0112234    0.0126107
  0.00540941    0.0126107      0.10051
   0.0349165    -0.015843   0.00477949
   -0.015843   0.00949733   0.00952349
  0.00477949   0.00952349      0.10083
   0.0336298   -0.0159072   0.00458385
  -0.0159072   0.00942257   0.00849562
  0.00458385   0.00849562    0.0994452
   0.0320012   -0.0166899   0.00397991
  -0.0166899    0.0109944   0.00966113
  0.00397991   0.00966113    0.0981541
   0.0319303   -0.0158652   0.00383302
  -0.0158652   0.00934589   0.00718234
  0.00383302   0.00718234     0.097766
   0.0303717   -0.0166871   0.00256013
  -0.0166871     0.010866   0.00802875
  0.00256013   0.00802875    0.0966027
   0.0309448   -0.0181095   0.00177269
  -0.0181095    0.0131215    0.0110461
  0.00177269    0.0110461    0.0955136
   0.0308531   -0.0160821   0.00251981
  -0.0160821   0.00944685    0.0059101
  0.00251981    0.0059101    0.0968142
   0.0505105    -0.024596  -0.00482534
   -0.024596    0.0124534   0.00656233
 -0.00482534   0.00656233    0.0795161
   0.0479589   -0.0238033  -0.00377458
  -0.0238033    0.0122672   0.00641869
 -0.00377458   0.00641869    0.0814987
   0.0425987   -0.0203658 -0.000612939
  -0.0203658    0.0103015   0.00566819
-0.000612939   0.00566819    0.0889663
   0.0410338   -0.0203555  -0.00079013
  -0.0203555    0.0105856   0.00535932
 -0.00079013   0.00535932    0.0885681
   0.0474831   -0.0243214  -0.00498147
  -0.0243214    0.0128594   0.00659119
 -0.00498147   0.00659119     0.077279
   0.0369445   -0.0179398   0.00157962
  -0.0179398   0.00934414   0.00500416
  0.00157962   0.00500416    0.0937576
   0.0410644   -0.0210294   -0.0027102
  -0.0210294    0.0111736    0.0054426
  -0.0027102    0.0054426    0.0833386
   0.0360896   -0.0181712  0.000518134
  -0.0181712   0.00963716   0.00443026
 0.000518134   0.00443026    0.0930919
   0.0364252     -0.01868  -0.00174665
    -0.01868   0.00997365   0.00437493
 -0.00174665   0.00437493    0.0869906
   0.0460264   -0.0241313  -0.00559963
  -0.0241313    0.0130404   0.00680332
 -0.00559963   0.00680332    0.0754314
   0.0406994   -0.0210901  -0.00387165
  -0.0210901     0.011319   0.00551203
 -0.00387165   0.00551203    0.0801319
   0.0453807   -0.0238724  -0.00620918
  -0.0238724    0.0130206   0.00715095
 -0.00620918   0.00715095    0.0737533
   0.0327895   -0.0166045   0.00177225
  -0.0166045   0.00908832   0.00471181
  0.00177225   0.00471181     0.095533
    0.032231   -0.0167437   0.00030217
  -0.0167437   0.00919598   0.00395733
  0.00030217   0.00395733    0.0947233
   0.0337449   -0.0163728   0.00297032
  -0.0163728   0.00886878   0.00561877
  0.00297032   0.00561877    0.0962726
   0.0351614   -0.0163017   0.00352674
  -0.0163017   0.00874679   0.00653809
  0.00352674   0.00653809    0.0969646
   0.0381716   -0.0177862   0.00196398
  -0.0177862   0.00907036    0.0055895
  0.00196398    0.0055895    0.0942241
   0.0401638    -0.018144   0.00140957
   -0.018144   0.00911464   0.00603938
  0.00140957   0.00603938    0.0939369
   0.0370506    -0.016542   0.00355942
   -0.016542   0.00882985   0.00722224
  0.00355942   0.00722224    0.0986281
   0.0449676   -0.0209915  -0.00149235
  -0.0209915    0.0104323   0.00594556
 -0.00149235   0.00594556    0.0877314
   0.0453859   -0.0237969  -0.00639724
  -0.0237969    0.0129909   0.00725087
 -0.00639724   0.00725087    0.0745077
   0.0404678   -0.0207235  -0.00457954
  -0.0207235    0.0110643    0.0055461
 -0.00457954    0.0055461      0.07919
   0.0415757   -0.0206226   -0.0056662
  -0.0206226    0.0108507   0.00628949
  -0.0056662   0.00628949    0.0777087
   0.0451425    -0.023037  -0.00679635
   -0.023037    0.0124191   0.00765272
 -0.00679635   0.00765272    0.0746819
   0.0377907   -0.0185215   -0.0045133
  -0.0185215   0.00963007   0.00517992
  -0.0045133   0.00517992    0.0809919
   0.0420893   -0.0193385   -0.0061793
  -0.0193385   0.00989908   0.00721004
  -0.0061793   0.00721004    0.0770843
   0.0383512   -0.0174477   -0.0052759
  -0.0174477   0.00870218   0.00561177
  -0.0052759   0.00561177    0.0803731
   0.0380918   -0.0157881  -0.00547978
  -0.0157881   0.00757106   0.00601154
 -0.00547978   0.00601154    0.0808816
   0.0459774   -0.0216767  -0.00741826
  -0.0216767    0.0113631   0.00869886
 -0.00741826   0.00869886    0.0729356
   0.0418954   -0.0174836  -0.00640534
  -0.0174836   0.00863046   0.00774845
 -0.00640534   0.00774845    0.0755061
   0.0457756    -0.019687   -0.0076863
   -0.019687    0.0101757   0.00964758
  -0.0076863   0.00964758    0.0710575
    0.034766   -0.0163376  -0.00442428
  -0.0163376   0.00830573   0.00462343
 -0.00442428   0.00462343    0.0845012
   0.0346614   -0.0149567   -0.0050268
  -0.0149567   0.00730229   0.00535559
  -0.0050268   0.00535559    0.0851192
   0.0339981   -0.0169811  -0.00331009
  -0.0169811   0.00895305   0.00405717
 -0.00331009   0.00405717    0.0861667
   0.0327166   -0.0169082   -0.0016993
  -0.0169082   0.00916953   0.00371807
  -0.0016993   0.00371807    0.0892726
   0.0367896   -0.0187003  -0.00310819
  -0.0187003   0.00992312   0.00444682
 -0.00310819   0.00444682     0.083895
   0.0340368   -0.0187288   0.00446007
  -0.0187288    0.0215559    0.0264547
  0.00446007    0.0264547    0.0910553
   0.0343336    -0.017586   0.00488634
   -0.017586    0.0173206    0.0220713
  0.00488634    0.0220713    0.0949434
   0.0336753   -0.0167757   0.00446793
  -0.0167757    0.0175286    0.0233051
  0.00446793    0.0233051     0.094942
   0.0332548   -0.0177436   0.00417937
  -0.0177436    0.0219115    0.0279949
  0.00417937    0.0279949    0.0907728
   0.0338781   -0.0159034   0.00476372
  -0.0159034    0.0139669    0.0184834
  0.00476372    0.0184834    0.0988816
   0.0325546   -0.0159363   0.00355324
  -0.0159363    0.0175995    0.0241617
  0.00355324    0.0241617    0.0948368
   0.0328652   -0.0152106   0.00368845
  -0.0152106    0.0139358    0.0189641
  0.00368845    0.0189641    0.0990043
   0.0315307   -0.0144693   0.00223986
  -0.0144693    0.0137183    0.0191658
  0.00223986    0.0191658    0.0989963
   0.0320423   -0.0167503   0.00341833
  -0.0167503    0.0221347    0.0291926
  0.00341833    0.0291926    0.0904096
    0.031145   -0.0150875   0.00227068
  -0.0150875    0.0174842      0.02473
  0.00227068      0.02473    0.0946452
   0.0305833   -0.0157932   0.00230367
  -0.0157932    0.0221777    0.0300995
  0.00230367    0.0300995    0.0899847
   0.0333122   -0.0147305   0.00336767
  -0.0147305    0.0111791    0.0140779
  0.00336767    0.0140779     0.102034
   0.0320758   -0.0140892    0.0017792
  -0.0140892    0.0109128    0.0139278
   0.0017792    0.0139278     0.102177
   0.0334116   -0.0142141  0.000633574
  -0.0142141   0.00901748   0.00947943
 0.000633574   0.00947943      0.10337
    0.034523   -0.0147622   0.00231743
  -0.0147622   0.00930124   0.00994519
  0.00231743   0.00994519     0.103094
   0.0341889   -0.0152851   0.00458198
  -0.0152851    0.0112735    0.0139899
  0.00458198    0.0139899     0.101712
   0.0352416   -0.0152083   0.00363144
  -0.0152083   0.00943591    0.0102064
  0.00363144    0.0102064     0.102598
   0.0345454   -0.0157797   0.00528904
  -0.0157797    0.0112627    0.0135315
  0.00528904    0.0135315      0.10121
   0.0343935   -0.0165448   0.00533262
  -0.0165448     0.013871    0.0176252
  0.00533262    0.0176252     0.098621
   0.0354177   -0.0155803   0.00445677
  -0.0155803   0.00949054    0.0101095
  0.00445677    0.0101095     0.101874
   0.0290462   -0.0148466  0.000953707
  -0.0148466    0.0220455    0.0308042
 0.000953707    0.0308042    0.0895369
   0.0296184   -0.0142265  0.000746494
  -0.0142265    0.0171833    0.0251386
 0.000746494    0.0251386     0.094408
   0.0281492   -0.0133471 -0.000855912
  -0.0133471    0.0167547    0.0254824
-0.000855912    0.0254824     0.093674
    0.027566   -0.0139247 -0.000496836
  -0.0139247    0.0217779    0.0313664
-0.000496836    0.0313664    0.0888702
   0.0287343   -0.0128492  -0.00113785
  -0.0128492    0.0127643    0.0193277
 -0.00113785    0.0193277     0.098315
   0.0273071   -0.0124962  -0.00202406
  -0.0124962    0.0162641    0.0258347
 -0.00202406    0.0258347    0.0929508
   0.0281279   -0.0120529  -0.00254291
  -0.0120529    0.0121688    0.0195256
 -0.00254291    0.0195256    0.0972305
   0.0291338    -0.011341  -0.00337064
   -0.011341     0.011607    0.0199605
 -0.00337064    0.0199605     0.096578
    0.027123   -0.0132032  -0.00155231
  -0.0132032    0.0214712    0.0317906
 -0.00155231    0.0317906    0.0878748
    0.027983   -0.0118533  -0.00270046
  -0.0118533    0.0158086    0.0261532
 -0.00270046    0.0261532    0.0915949
   0.0289027   -0.0129398  -0.00184541
  -0.0129398    0.0213422    0.0321567
 -0.00184541    0.0321567    0.0870891
   0.0289756   -0.0117475  -0.00331204
  -0.0117475   0.00919697    0.0135431
 -0.00331204    0.0135431     0.100899
   0.0301052   -0.0110451  -0.00459149
  -0.0110451   0.00856282     0.013907
 -0.00459149     0.013907    0.0997359
   0.0324589   -0.0112419  -0.00602598
  -0.0112419   0.00661926    0.0087785
 -0.00602598    0.0087785       0.1021
   0.0307603   -0.0119526  -0.00460149
  -0.0119526   0.00731031   0.00845457
 -0.00460149   0.00845457     0.102903
   0.0294171   -0.0125296  -0.00180308
  -0.0125296   0.00986326     0.013525
 -0.00180308     0.013525     0.101926
   0.0309895   -0.0127452  -0.00310518
  -0.0127452   0.00799102   0.00859871
 -0.00310518   0.00859871     0.103213
   0.0306616   -0.0133387 -3.34549e-05
  -0.0133387    0.0104597    0.0136988
-3.34549e-05    0.0136988     0.102176
   0.0300486   -0.0136638  0.000555786
  -0.0136638    0.0133086    0.0192497
 0.000555786    0.0192497     0.098898
   0.0320798   -0.0135201  -0.00126261
  -0.0135201   0.00858454   0.00898777
 -0.00126261   0.00898777     0.103454
   0.0521489   -0.0207545   -0.0172512
  -0.0207545   0.00899077   0.00294786
  -0.0172512   0.00294786    0.0809768
   0.0518968   -0.0219548   -0.0159693
  -0.0219548   0.00986874    0.0027431
  -0.0159693    0.0027431    0.0804786
   0.0446041   -0.0181146   -0.0127375
  -0.0181146   0.00810699   0.00212204
  -0.0127375   0.00212204    0.0898711
   0.0452978   -0.0191212   -0.0109961
  -0.0191212     0.008798   0.00239484
  -0.0109961   0.00239484    0.0898488
   0.0528139   -0.0229578   -0.0142423
  -0.0229578    0.0105089   0.00298354
  -0.0142423   0.00298354    0.0804715
   0.0388293   -0.0159968  -0.00772811
  -0.0159968   0.00761927   0.00289395
 -0.00772811   0.00289395    0.0974273
   0.0463811   -0.0199085  -0.00912387
  -0.0199085   0.00927068   0.00301088
 -0.00912387   0.00301088    0.0897552
   0.0399885   -0.0168165  -0.00579097
  -0.0168165   0.00815798   0.00349137
 -0.00579097   0.00349137    0.0974021
   0.0411024   -0.0174106  -0.00389612
  -0.0174106   0.00849592   0.00430189
 -0.00389612   0.00430189    0.0971497
   0.0538511    -0.023806   -0.0124179
   -0.023806    0.0110281   0.00351189
  -0.0124179   0.00351189    0.0803209
   0.0473127   -0.0205297  -0.00727705
  -0.0205297   0.00964041   0.00381855
 -0.00727705   0.00381855    0.0894205
   0.0545824   -0.0244901   -0.0105789
  -0.0244901    0.0114865   0.00419969
  -0.0105789   0.00419969    0.0800221
    0.035299   -0.0147153  -0.00299916
  -0.0147153   0.00787444   0.00541642
 -0.00299916   0.00541642     0.102136
    0.036542   -0.0153546  -0.00106515
  -0.0153546   0.00826427   0.00611193
 -0.00106515   0.00611193      0.10198
   0.0342104   -0.0139311  -0.00490281
  -0.0139311   0.00731127   0.00488017
 -0.00490281   0.00488017     0.102163
    0.034026      -0.0131   -0.0065856
     -0.0131   0.00662366   0.00465808
  -0.0065856   0.00465808     0.101718
   0.0384599   -0.0150954  -0.00937005
  -0.0150954   0.00694428   0.00258536
 -0.00937005   0.00258536    0.0976037
   0.0400569   -0.0141627   -0.0106512
  -0.0141627   0.00617058   0.00280985
  -0.0106512   0.00280985    0.0979197
   0.0358654   -0.0122838  -0.00786625
  -0.0122838    0.0058868   0.00492594
 -0.00786625   0.00492594     0.102301
   0.0458418    -0.017077   -0.0138209
   -0.017077    0.0072973   0.00228957
  -0.0138209   0.00228957    0.0911496
   0.0548795   -0.0250685  -0.00881587
  -0.0250685    0.0119592   0.00491645
 -0.00881587   0.00491645    0.0797895
      0.0479   -0.0210546  -0.00551585
  -0.0210546   0.00999087   0.00463615
 -0.00551585   0.00463615     0.088927
   0.0476912   -0.0213074   -0.0038112
  -0.0213074    0.0102493   0.00525736
  -0.0038112   0.00525736    0.0883361
   0.0538846   -0.0250491  -0.00717301
  -0.0250491    0.0121546   0.00563647
 -0.00717301   0.00563647    0.0796934
   0.0421728   -0.0182419 -0.000610311
  -0.0182419    0.0089992   0.00575486
-0.000610311   0.00575486    0.0958896
   0.0464703   -0.0211533  -0.00249171
  -0.0211533    0.0103188   0.00575651
 -0.00249171   0.00575651    0.0878349
   0.0416816   -0.0183747  0.000641225
  -0.0183747   0.00913183   0.00605394
 0.000641225   0.00605394    0.0949703
   0.0524047   -0.0248737   -0.0058219
  -0.0248737    0.0123046   0.00622297
  -0.0058219   0.00622297    0.0795844
   0.0379718   -0.0164926   0.00304557
  -0.0164926    0.0088041   0.00750107
  0.00304557   0.00750107    0.0999534
   0.0380646   -0.0162296   0.00205215
  -0.0162296   0.00870652   0.00733654
  0.00205215   0.00733654      0.10094
   0.0375206   -0.0158418  0.000663105
  -0.0158418   0.00852991   0.00681084
 0.000663105   0.00681084     0.101589
   0.0418905   -0.0178918  -0.00216487
  -0.0178918   0.00878275    0.0051266
 -0.00216487    0.0051266    0.0966466
   0.0227284   -0.0312573  -0.00371202
  -0.0312573    0.0942571    0.0532069
 -0.00371202    0.0532069    0.0595597
   0.0230464    -0.030843  -0.00231437
   -0.030843    0.0908709    0.0514803
 -0.00231437    0.0514803    0.0606646
   0.0239753   -0.0314044   -0.0046186
  -0.0314044    0.0790294    0.0490115
  -0.0046186    0.0490115    0.0655488
   0.0247765   -0.0311876  -0.00283332
  -0.0311876    0.0762281    0.0470537
 -0.00283332    0.0470537    0.0661981
    0.023786   -0.0305041 -0.000775003
  -0.0305041    0.0873669     0.049717
-0.000775003     0.049717    0.0615212
   0.0257795   -0.0310895  -0.00465792
  -0.0310895    0.0655155    0.0437836
 -0.00465792    0.0437836     0.070697
   0.0258736    -0.030887 -0.000925204
   -0.030887    0.0737303    0.0454962
