           0            0            0
           0            0            0
           0            0            0
   0.0584485  -0.00729748   0.00585222
 -0.00729748   0.00174753   0.00510779
  0.00585222   0.00510779    0.0463754
   0.0536864  -0.00584758    0.0110095
 -0.00584758   0.00140681   0.00464842
   0.0110095   0.00464842    0.0519372
   0.0491656  -0.00451452    0.0165245
 -0.00451452    0.0011403   0.00427924
   0.0165245   0.00427924     0.059759
   0.0470351  -0.00390541     0.019992
 -0.00390541   0.00098167   0.00372902
    0.019992   0.00372902    0.0665217
   0.0464069   -0.0036996    0.0216059
  -0.0036996  0.000866208   0.00290935
   0.0216059   0.00290935    0.0709346
   0.0421856  -0.00369143    0.0179147
 -0.00369143  0.000813151   0.00263741
   0.0179147   0.00263741    0.0670354
   0.0423213  -0.00374818    0.0166322
 -0.00374818  0.000742733   0.00142498
   0.0166322   0.00142498    0.0702634
   0.0461045  -0.00382232    0.0202062
 -0.00382232  0.000794387   0.00174533
   0.0202062   0.00174533    0.0731251
    0.042469  -0.00393873    0.0133077
 -0.00393873  0.000730841  0.000126667
   0.0133077  0.000126667     0.071925
   0.0458548  -0.00404718    0.0168785
 -0.00404718  0.000765439   0.00043402
   0.0168785   0.00043402    0.0740731
   0.0422884  -0.00393114   0.00970399
 -0.00393114  0.000734098  -0.00130565
  0.00970399  -0.00130565    0.0724182
   0.0468715  -0.00431988    0.0153811
 -0.00431988  0.000747148 -0.000528904
   0.0153811 -0.000528904    0.0751328
   0.0909564  -0.00491254    0.0248038
 -0.00491254    0.0019997   0.00800351
   0.0248038   0.00800351    0.0590334
   0.0816571   -0.0036264    0.0299171
  -0.0036264   0.00205008   0.00877671
   0.0299171   0.00877671    0.0674617
    0.082258  -0.00347479    0.0299766
 -0.00347479   0.00188341   0.00841119
   0.0299766   0.00841119    0.0677846
   0.0747355  -0.00248687    0.0345412
 -0.00248687   0.00190134   0.00893184
   0.0345412   0.00893184     0.075301
   0.0739506  -0.00273304    0.0344029
 -0.00273304   0.00207714   0.00927513
   0.0344029   0.00927513    0.0749628
   0.0748718  -0.00258319    0.0343531
 -0.00258319    0.0017316   0.00833637
   0.0343531   0.00833637    0.0755106
   0.0692595   -0.0020036    0.0376772
  -0.0020036   0.00186795   0.00900027
   0.0376772   0.00900027    0.0809186
   0.0694995  -0.00202535     0.037508
 -0.00202535   0.00170077   0.00843483
    0.037508   0.00843483    0.0810826
   0.0653071  -0.00193368    0.0383653
 -0.00193368   0.00161231   0.00803235
   0.0383653   0.00803235    0.0840622
   0.0683948  -0.00225251    0.0374744
 -0.00225251   0.00202872   0.00931279
   0.0374744   0.00931279    0.0805983
   0.0650205  -0.00192507    0.0385262
 -0.00192507   0.00175738   0.00855271
   0.0385262   0.00855271     0.083975
   0.0641614  -0.00211127    0.0382913
 -0.00211127   0.00188761   0.00884161
   0.0382913   0.00884161    0.0837136
   0.0687884  -0.00236338    0.0367731
 -0.00236338     0.001542   0.00758655
   0.0367731   0.00758655    0.0809804
   0.0649329  -0.00222219    0.0377995
 -0.00222219   0.00147013   0.00722265
   0.0377995   0.00722265    0.0840143
   0.0625248  -0.00259639    0.0355253
 -0.00259639   0.00132273   0.00630396
   0.0355253   0.00630396    0.0822697
   0.0660585  -0.00283916    0.0341271
 -0.00283916   0.00139196   0.00664582
   0.0341271   0.00664582    0.0789357
   0.0736569  -0.00303107    0.0331611
 -0.00303107   0.00158583   0.00750917
   0.0331611   0.00750917    0.0751926
   0.0702578  -0.00360062    0.0298893
 -0.00360062    0.0014555   0.00663753
   0.0298893   0.00663753    0.0725243
   0.0803525  -0.00432046    0.0278334
 -0.00432046   0.00163995   0.00709056
   0.0278334   0.00709056    0.0671923
   0.0820563  -0.00371872    0.0296939
 -0.00371872    0.0017421    0.0078095
   0.0296939    0.0078095    0.0679653
   0.0904785  -0.00540771    0.0243563
 -0.00540771    0.0017966   0.00707233
   0.0243563   0.00707233    0.0594034
   0.0762818  -0.00508351    0.0239483
 -0.00508351   0.00158546   0.00637525
   0.0239483   0.00637525    0.0643079
   0.0881476  -0.00630181    0.0217492
 -0.00630181   0.00180018   0.00650879
   0.0217492   0.00650879    0.0581672
   0.0811068  -0.00682699    0.0174627
 -0.00682699   0.00177348   0.00598904
   0.0174627   0.00598904     0.055294
   0.0910749  -0.00497128    0.0247052
 -0.00497128   0.00188092   0.00762419
   0.0247052   0.00762419    0.0592742
   0.0624633  -0.00232784    0.0380362
 -0.00232784   0.00168019    0.0078774
   0.0380362    0.0078774    0.0851835
   0.0633164  -0.00218821    0.0382803
 -0.00218821    0.0015792   0.00761378
   0.0382803   0.00761378     0.085349
   0.0623862  -0.00265845    0.0367447
 -0.00265845   0.00135403    0.0063026
   0.0367447    0.0063026    0.0852818
    0.061554  -0.00275079    0.0365195
 -0.00275079   0.00142802   0.00654684
   0.0365195   0.00654684     0.085246
   0.0626666  -0.00267371    0.0365378
 -0.00267371   0.00126915   0.00589697
   0.0365378   0.00589697    0.0851285
   0.0615843  -0.00313827    0.0343249
 -0.00313827   0.00111853   0.00470695
   0.0343249   0.00470695      0.08442
   0.0618263  -0.00315781    0.0340667
 -0.00315781   0.00105927   0.00435813
   0.0340667   0.00435813    0.0841223
   0.0610993  -0.00348496    0.0314216
 -0.00348496  0.000863229   0.00261137
   0.0314216   0.00261137    0.0831147
   0.0607498  -0.00317559    0.0341278
 -0.00317559   0.00116813   0.00493558
   0.0341278   0.00493558    0.0845292
   0.0608589  -0.00345229    0.0317185
 -0.00345229  0.000899041   0.00290034
   0.0317185   0.00290034    0.0835449
   0.0599763  -0.00343097    0.0315345
 -0.00343097  0.000926155   0.00311175
   0.0315345   0.00311175    0.0837804
   0.0615657  -0.00333973    0.0334063
 -0.00333973   0.00100687   0.00381377
   0.0334063   0.00381377    0.0836959
   0.0607893  -0.00362576    0.0306888
 -0.00362576  0.000833345   0.00217416
   0.0306888   0.00217416    0.0825482
   0.0597805  -0.00389311    0.0293968
 -0.00389311  0.000819781   0.00158522
   0.0293968   0.00158522    0.0817418
   0.0602999  -0.00363838    0.0319421
 -0.00363838  0.000966118   0.00311702
   0.0319421   0.00311702      0.08275
   0.0624319  -0.00289573    0.0359459
 -0.00289573   0.00119151   0.00525268
   0.0359459   0.00525268    0.0848527
   0.0608742  -0.00322079    0.0342604
 -0.00322079   0.00111228   0.00446143
   0.0342604   0.00446143    0.0838448
   0.0633939  -0.00246247    0.0375788
 -0.00246247   0.00135548   0.00641128
   0.0375788   0.00641128    0.0852009
   0.0636067  -0.00220189    0.0381049
 -0.00220189   0.00146722   0.00715089
   0.0381049   0.00715089    0.0853264
   0.0613917  -0.00280136    0.0355876
 -0.00280136   0.00123652   0.00554778
   0.0355876   0.00554778    0.0838242
   0.0500357  -0.00417475    0.0214411
 -0.00417475  0.000814548   0.00111254
   0.0214411   0.00111254    0.0766835
    0.049371  -0.00380726    0.0230617
 -0.00380726  0.000851509   0.00208914
   0.0230617   0.00208914    0.0757972
   0.0531729  -0.00372946    0.0266587
 -0.00372946  0.000921047   0.00274832
   0.0266587   0.00274832    0.0784694
   0.0498662  -0.00358356     0.024943
 -0.00358356  0.000916384    0.0031983
    0.024943    0.0031983    0.0740716
   0.0530119  -0.00342419    0.0276647
 -0.00342419  0.000983053   0.00364187
   0.0276647   0.00364187    0.0768823
     0.05403  -0.00339986    0.0275343
 -0.00339986   0.00106092   0.00439868
   0.0275343   0.00439868    0.0740888
   0.0508413  -0.00372111    0.0239076
 -0.00372111   0.00102123   0.00402177
   0.0239076   0.00402177     0.070745
   0.0577375   -0.0031033    0.0322182
  -0.0031033   0.00110326     0.004642
   0.0322182     0.004642    0.0811254
   0.0586037   -0.0029693    0.0318453
  -0.0029693   0.00117228     0.005349
   0.0318453     0.005349    0.0789716
   0.0576381  -0.00349458    0.0311379
 -0.00349458    0.0010172   0.00364509
   0.0311379   0.00364509    0.0816763
   0.0576139  -0.00390665    0.0291825
 -0.00390665   0.00091497   0.00239065
   0.0291825   0.00239065    0.0812599
   0.0535389  -0.00409366    0.0248309
 -0.00409366  0.000856458   0.00163293
   0.0248309   0.00163293    0.0789225
   0.0539043  -0.00430738     0.022981
 -0.00430738  0.000785579  0.000339976
    0.022981  0.000339976    0.0787055
    0.057456  -0.00414101    0.0270162
 -0.00414101  0.000806855  0.000967963
   0.0270162  0.000967963    0.0800859
   0.0503024  -0.00436584    0.0188778
 -0.00436584  0.000769991 -0.000150428
   0.0188778 -0.000150428    0.0772143
   0.0536774  -0.00430405     0.021278
 -0.00430405   0.00116086   0.00452589
    0.021278   0.00452589    0.0653673
   0.0568547  -0.00521495    0.0163107
 -0.00521495   0.00133056   0.00488433
   0.0163107   0.00488433    0.0584886
   0.0607826  -0.00489427    0.0201497
 -0.00489427   0.00134766   0.00521408
   0.0201497   0.00521408    0.0625484
    0.062746  -0.00687005    0.0105244
 -0.00687005   0.00164157   0.00511851
   0.0105244   0.00511851    0.0509717
   0.0660345  -0.00632433    0.0144487
 -0.00632433   0.00158366   0.00536128
   0.0144487   0.00536128    0.0550389
   0.0714512  -0.00832027   0.00905852
 -0.00832027   0.00202035    0.0054243
  0.00905852    0.0054243    0.0476861
   0.0654856  -0.00807896   0.00608099
 -0.00807896   0.00188445   0.00521394
  0.00608099   0.00521394    0.0456544
   0.0690835  -0.00551212    0.0192192
 -0.00551212    0.0015124   0.00572252
   0.0192192   0.00572252    0.0600797
   0.0737507  -0.00713134     0.013468
 -0.00713134   0.00173876   0.00553368
    0.013468   0.00553368    0.0520024
    0.065456   -0.0042528    0.0251916
  -0.0042528   0.00137097   0.00585062
   0.0251916   0.00585062    0.0682491
   0.0617164  -0.00332022    0.0300625
 -0.00332022   0.00124872   0.00570047
   0.0300625   0.00570047    0.0747452
   0.0576628  -0.00394894    0.0254764
 -0.00394894   0.00119485   0.00494321
   0.0254764   0.00494321    0.0700263
   0.0592265  -0.00348818    0.0287931
 -0.00348818  0.000756646   0.00112538
   0.0287931   0.00112538    0.0830087
   0.0601997  -0.00355649    0.0289749
 -0.00355649  0.000743661  0.000935473
   0.0289749  0.000935473    0.0826747
    0.059514  -0.00347537    0.0261597
 -0.00347537  0.000670597  -0.00113119
   0.0261597  -0.00113119    0.0818259
   0.0584384  -0.00336523    0.0259821
 -0.00336523  0.000671463  -0.00096192
   0.0259821  -0.00096192    0.0822279
   0.0599077  -0.00353096    0.0258287
 -0.00353096  0.000659151  -0.00129343
   0.0258287  -0.00129343    0.0812172
   0.0588457  -0.00316959    0.0232518
 -0.00316959  0.000723948  -0.00330444
   0.0232518  -0.00330444    0.0810277
   0.0593486  -0.00322907    0.0229005
 -0.00322907  0.000714708  -0.00340574
   0.0229005  -0.00340574     0.080383
    0.058846  -0.00268222    0.0198509
 -0.00268222  0.000915052  -0.00563269
   0.0198509  -0.00563269    0.0796606
   0.0576021  -0.00302243    0.0230834
 -0.00302243  0.000721085  -0.00316277
   0.0230834  -0.00316277    0.0814639
   0.0581476  -0.00261966    0.0202298
 -0.00261966  0.000933033  -0.00559833
   0.0202298  -0.00559833    0.0803052
    0.056685  -0.00244427    0.0200904
 -0.00244427  0.000935938  -0.00549566
   0.0200904  -0.00549566    0.0807417
   0.0591784  -0.00326899    0.0220146
 -0.00326899  0.000706753  -0.00351547
   0.0220146  -0.00351547     0.079551
   0.0587841  -0.00268666    0.0189073
 -0.00268666  0.000894368  -0.00564133
   0.0189073  -0.00564133    0.0788129
   0.0582073   -0.0027067    0.0174968
  -0.0027067  0.000885295  -0.00566956
   0.0174968  -0.00566956    0.0778285
   0.0585071  -0.00336169    0.0206915
 -0.00336169  0.000721085  -0.00368751
   0.0206915  -0.00368751    0.0786073
   0.0596432  -0.00360644     0.024987
 -0.00360644  0.000657794  -0.00151124
    0.024987  -0.00151124     0.080439
   0.0589191  -0.00376924    0.0237467
 -0.00376924  0.000676314  -0.00183328
   0.0237467  -0.00183328    0.0795728
    0.060183  -0.00370902    0.0278614
 -0.00370902  0.000714792  0.000381822
   0.0278614  0.000381822    0.0814502
    0.060499  -0.00360413    0.0286565
 -0.00360413  0.000726258  0.000708987
   0.0286565  0.000708987    0.0821385
    0.059343  -0.00392918    0.0266374
 -0.00392918  0.000722673 -8.17505e-05
   0.0266374 -8.17505e-05    0.0806482
   0.0556845  -0.00160608    0.0170534
 -0.00160608   0.00137444  -0.00793552
   0.0170534  -0.00793552    0.0800717
   0.0573961  -0.00178787    0.0171374
 -0.00178787   0.00134526  -0.00798313
   0.0171374  -0.00798313    0.0796758
   0.0564578 -0.000737636    0.0140328
-0.000737636    0.0019534   -0.0104221
   0.0140328   -0.0104221    0.0791435
   0.0545258 -0.000549091    0.0140463
-0.000549091   0.00201611   -0.0104403
   0.0140463   -0.0104403    0.0794678
    0.057725 -0.000785138    0.0135459
-0.000785138   0.00186823   -0.0102916
   0.0135459   -0.0102916    0.0786096
   0.0553666  0.000591329    0.0109402
 0.000591329   0.00282327   -0.0129646
   0.0109402   -0.0129646    0.0786801
   0.0569133   0.00055196    0.0103585
  0.00055196   0.00268196    -0.012742
   0.0103585    -0.012742    0.0782485
   0.0559235   0.00218385   0.00719083
  0.00218385   0.00379261    -0.015332
  0.00719083    -0.015332    0.0779328
   0.0532088   0.00077261    0.0110915
  0.00077261   0.00293828   -0.0130642
   0.0110915   -0.0130642    0.0789176
   0.0540796   0.00220004   0.00789193
  0.00220004   0.00400846   -0.0156518
  0.00789193   -0.0156518     0.078257
   0.0517028   0.00235773   0.00820068
  0.00235773   0.00419447    -0.015841
  0.00820068    -0.015841    0.0784096
   0.0577313   0.00064274   0.00920467
  0.00064274   0.00252696   -0.0124194
  0.00920467   -0.0124194     0.077581
   0.0570655   0.00229958    0.0059477
  0.00229958   0.00355927   -0.0149003
   0.0059477   -0.0149003    0.0773843
   0.0575587   0.00250739   0.00415479
  0.00250739   0.00332264   -0.0143974
  0.00415479   -0.0143974    0.0766289
   0.0578668   0.00080227   0.00750503
  0.00080227   0.00237853   -0.0120454
  0.00750503   -0.0120454     0.076717
    0.058207 -0.000728151    0.0124749
-0.000728151   0.00178074    -0.010084
   0.0124749    -0.010084    0.0778456
   0.0579942 -0.000615826    0.0108678
-0.000615826   0.00169411  -0.00984238
   0.0108678  -0.00984238    0.0769032
   0.0585378  -0.00181822    0.0157145
 -0.00181822   0.00125855  -0.00784385
   0.0157145  -0.00784385    0.0782434
   0.0583694  -0.00184774    0.0167168
 -0.00184774   0.00130608  -0.00794112
   0.0167168  -0.00794112    0.0790673
   0.0580743  -0.00176798    0.0142032
 -0.00176798   0.00121753  -0.00773758
   0.0142032  -0.00773758    0.0772597
   0.0567743   0.00276414  -0.00534268
  0.00276414   0.00248944   -0.0124193
 -0.00534268   -0.0124193     0.072817
   0.0555875  0.000860492  -0.00196639
 0.000860492   0.00189053   -0.0106677
 -0.00196639   -0.0106677    0.0725411
   0.0565567  0.000962275  0.000702782
 0.000962275   0.00199842    -0.011011
 0.000702782    -0.011011    0.0736273
   0.0558519 -0.000662846   0.00420495
-0.000662846   0.00152823  -0.00928701
  0.00420495  -0.00928701    0.0736586
   0.0538708 -0.000712258    0.0011499
-0.000712258   0.00147744  -0.00908002
   0.0011499  -0.00908002    0.0724488
   0.0567451 -0.000563911   0.00669103
-0.000563911   0.00156544  -0.00944857
  0.00669103  -0.00944857    0.0748018
   0.0547448  -0.00200015    0.0075736
 -0.00200015   0.00119629  -0.00761617
   0.0075736  -0.00761617    0.0736608
   0.0564568  -0.00189139    0.0102294
 -0.00189139   0.00119732  -0.00765839
   0.0102294  -0.00765839    0.0750864
   0.0559954  -0.00297559    0.0135572
 -0.00297559  0.000934475   -0.0058993
   0.0135572   -0.0058993    0.0755352
   0.0517124  -0.00200682   0.00413696
 -0.00200682   0.00117325  -0.00747037
  0.00413696  -0.00747037    0.0720027
   0.0532625  -0.00304677    0.0105561
 -0.00304677    0.0009484  -0.00594118
   0.0105561  -0.00594118    0.0736064
    0.049623  -0.00298847   0.00634572
 -0.00298847  0.000946431  -0.00591627
  0.00634572  -0.00591627     0.072705
   0.0573617  -0.00177709    0.0123479
 -0.00177709   0.00119347  -0.00766944
   0.0123479  -0.00766944    0.0761949
   0.0573789  -0.00281255     0.015764
 -0.00281255  0.000904311  -0.00576757
    0.015764  -0.00576757    0.0767851
   0.0573972  -0.00053531   0.00887795
 -0.00053531   0.00162066  -0.00962081
  0.00887795  -0.00962081    0.0758598
   0.0575321  0.000961952   0.00539571
 0.000961952   0.00223963   -0.0116741
  0.00539571   -0.0116741    0.0757352
   0.0569854   0.00102371   0.00308792
  0.00102371   0.00211666     -0.01135
  0.00308792     -0.01135    0.0747803
   0.0572968   0.00286841 -0.000462005
  0.00286841    0.0028971    -0.013417
-0.000462005    -0.013417    0.0749131
   0.0575821   0.00272466   0.00194261
  0.00272466   0.00310199   -0.0138857
  0.00194261   -0.0138857    0.0757418
   0.0569837   0.00288582  -0.00290949
  0.00288582   0.00269591   -0.0129461
 -0.00290949   -0.0129461    0.0739763
   0.0483399  -0.00364116   0.00840739
 -0.00364116  0.000821796  -0.00444336
  0.00840739  -0.00444336    0.0739193
   0.0518013  -0.00373002     0.012929
 -0.00373002  0.000812926  -0.00434493
    0.012929  -0.00434493    0.0739654
   0.0507711  -0.00411738    0.0145981
 -0.00411738  0.000752977  -0.00287649
   0.0145981  -0.00287649    0.0752627
   0.0479642  -0.00408965    0.0106235
 -0.00408965  0.000759676  -0.00304879
   0.0106235  -0.00304879    0.0751748
    0.054644  -0.00413626    0.0190867
 -0.00413626  0.000738418  -0.00258736
   0.0190867  -0.00258736    0.0764264
   0.0506688  -0.00433076    0.0165778
 -0.00433076  0.000749231  -0.00148787
   0.0165778  -0.00148787    0.0768759
   0.0541069  -0.00430087    0.0212513
 -0.00430087  0.000746533  -0.00107759
   0.0212513  -0.00107759    0.0771648
   0.0476748  -0.00433048    0.0132255
 -0.00433048  0.000743713  -0.00171005
   0.0132255  -0.00171005    0.0757155
    0.057496  -0.00417196    0.0245959
 -0.00417196  0.000740326 -0.000598218
   0.0245959 -0.000598218    0.0792776
   0.0574932  -0.00398923    0.0219372
 -0.00398923  0.000713437   -0.0022357
   0.0219372   -0.0022357    0.0784601
   0.0574933  -0.00354469    0.0190046
 -0.00354469  0.000760229  -0.00394929
   0.0190046  -0.00394929    0.0775802
   0.0553381  -0.00370599    0.0165365
 -0.00370599  0.000795641  -0.00419551
   0.0165365  -0.00419551     0.075973
   0.0436204  -0.00405759   0.00843821
 -0.00405759  0.000740417  -0.00215863
  0.00843821  -0.00215863    0.0740045
   0.0448187  -0.00396052   0.00688588
 -0.00396052  0.000771743  -0.00324714
  0.00688588  -0.00324714    0.0745826
   0.0406445  -0.00331135   0.00210877
 -0.00331135  0.000785289  -0.00335729
  0.00210877  -0.00335729    0.0725173
   0.0458431  -0.00357748   0.00492478
 -0.00357748  0.000837217  -0.00453776
  0.00492478  -0.00453776    0.0742411
   0.0421567  -0.00315755  0.000483432
 -0.00315755  0.000841517  -0.00448221
 0.000483432  -0.00448221    0.0735748
   0.0440632  -0.00272812  -0.00115628
 -0.00272812  0.000947458  -0.00582708
 -0.00115628  -0.00582708    0.0735819
   0.0468055  -0.00287158   0.00226617
 -0.00287158  0.000955508  -0.00596404
  0.00226617  -0.00596404    0.0736465
   0.0408396  -0.00224217  -0.00432722
 -0.00224217  0.000928543  -0.00530821
 -0.00432722  -0.00530821    0.0727583
    0.048729  -0.00189898 -0.000160264
 -0.00189898   0.00115044   -0.0073854
-0.000160264   -0.0073854    0.0727539
   0.0510335 -0.000670413  -0.00283631
-0.000670413   0.00140468  -0.00878591
 -0.00283631  -0.00878591     0.072002
   0.0482896 -0.000561384  -0.00640488
-0.000561384   0.00132716  -0.00845616
 -0.00640488  -0.00845616    0.0717198
   0.0535511  0.000834188  -0.00541711
 0.000834188   0.00176679   -0.0102743
 -0.00541711   -0.0102743    0.0718172
   0.0505697  0.000828094  -0.00900695
 0.000828094   0.00161447  -0.00970309
 -0.00900695  -0.00970309     0.070858
   0.0537654   0.00262823   -0.0115212
  0.00262823   0.00208388   -0.0112556
  -0.0115212   -0.0112556    0.0708287
   0.0556351   0.00263921  -0.00816569
  0.00263921   0.00228741    -0.011868
 -0.00816569    -0.011868     0.071798
   0.0481317  0.000886686   -0.0117214
 0.000886686   0.00150076  -0.00926847
  -0.0117214  -0.00926847    0.0700456
    0.050596   0.00247345   -0.0143565
  0.00247345   0.00185545    -0.010458
  -0.0143565    -0.010458    0.0694538
    0.047957   0.00246235   -0.0165756
  0.00246235   0.00171216  -0.00994418
  -0.0165756  -0.00994418    0.0690001
   0.0447506   0.00079197   -0.0140012
  0.00079197   0.00135639  -0.00859658
  -0.0140012  -0.00859658    0.0697541
   0.0455133 -0.000484297  -0.00924342
-0.000484297   0.00124906  -0.00806821
 -0.00924342  -0.00806821    0.0711441
   0.0420848 -0.000742062   -0.0105331
-0.000742062   0.00111497  -0.00715913
  -0.0105331  -0.00715913    0.0713779
   0.0431741  -0.00174107  -0.00625799
 -0.00174107   0.00106003  -0.00670476
 -0.00625799  -0.00670476    0.0731189
   0.0461461  -0.00172131  -0.00377066
 -0.00172131   0.00112656   -0.0072592
 -0.00377066   -0.0072592    0.0727555
   0.0421879  0.000849864   -0.0159074
 0.000849864    0.0012653  -0.00822309
  -0.0159074  -0.00822309     0.069755
   0.0457155   0.00258579   -0.0184921
  0.00258579    0.0016138  -0.00959846
  -0.0184921  -0.00959846    0.0684835
    0.033056   -0.0213934  -0.00117315
  -0.0213934    0.0191331    0.0153323
 -0.00117315    0.0153323    0.0884216
    0.032162   -0.0220875 -0.000439674
  -0.0220875    0.0194339    0.0131862
-0.000439674    0.0131862    0.0885229
   0.0323566   -0.0202266     0.001219
  -0.0202266    0.0155172   0.00858846
    0.001219   0.00858846    0.0906219
   0.0316098   -0.0208869   0.00175821
  -0.0208869    0.0161011   0.00728946
  0.00175821   0.00728946    0.0908167
   0.0315508   -0.0226396  0.000341104
  -0.0226396     0.019787    0.0116586
 0.000341104    0.0116586    0.0885618
   0.0321224   -0.0195782   0.00320893
  -0.0195782    0.0134535   0.00357338
  0.00320893   0.00357338    0.0928434
   0.0311246   -0.0212634   0.00242876
  -0.0212634    0.0164936   0.00671996
  0.00242876   0.00671996    0.0909105
   0.0313007   -0.0199093    0.0037134
  -0.0199093    0.0139166    0.0031505
   0.0037134    0.0031505    0.0930734
    0.030851   -0.0199447   0.00434553
  -0.0199447    0.0140386    0.0034483
  0.00434553    0.0034483    0.0931794
   0.0312994   -0.0229922   0.00107912
  -0.0229922    0.0200164      0.01095
  0.00107912      0.01095    0.0886147
   0.0311637   -0.0214471   0.00303683
  -0.0214471    0.0166273   0.00699299
  0.00303683   0.00699299    0.0910378
   0.0313126   -0.0230377   0.00188036
  -0.0230377    0.0199689    0.0110351
  0.00188036    0.0110351    0.0885678
   0.0321018   -0.0190832   0.00483013
  -0.0190832    0.0121527    0.0004206
  0.00483013    0.0004206    0.0945097
   0.0311685   -0.0189802   0.00528492
  -0.0189802     0.012258  0.000755773
  0.00528492  0.000755773    0.0944981
   0.0323137   -0.0186386   0.00571158
  -0.0186386    0.0111081 -0.000981342
  0.00571158 -0.000981342    0.0948372
   0.0335297   -0.0187887   0.00555413
  -0.0187887    0.0109762  -0.00130787
  0.00555413  -0.00130787    0.0949817
   0.0334045   -0.0188929   0.00456034
  -0.0188929    0.0117167  0.000760399
  0.00456034  0.000760399    0.0943691
   0.0359108   -0.0188509   0.00510036
  -0.0188509    0.0105213 -0.000730702
  0.00510036 -0.000730702    0.0914936
   0.0350507   -0.0182691   0.00431957
  -0.0182691    0.0108906   0.00185199
  0.00431957   0.00185199    0.0917112
   0.0330327   -0.0188482   0.00297019
  -0.0188482    0.0127287   0.00467256
  0.00297019   0.00467256    0.0924732
   0.0341233   -0.0178204   0.00282464
  -0.0178204      0.01192   0.00644341
  0.00282464   0.00644341    0.0907914
   0.0378445   -0.0182815   0.00475736
  -0.0182815   0.00972179  0.000504275
  0.00475736  0.000504275    0.0895968
   0.0363087   -0.0172262   0.00415464
  -0.0172262    0.0100388   0.00362396
  0.00415464   0.00362396    0.0902239
   0.0391691   -0.0171974   0.00482313
  -0.0171974   0.00880767   0.00205035
  0.00482313   0.00205035    0.0885174
   0.0333596   -0.0193491  0.000810633
  -0.0193491    0.0149275    0.0105036
 0.000810633    0.0105036    0.0903626
   0.0314842   -0.0227616    0.0026657
  -0.0227616    0.0198652    0.0119097
   0.0026657    0.0119097    0.0884039
   0.0313782   -0.0213009   0.00366897
  -0.0213009    0.0166296   0.00802364
  0.00366897   0.00802364    0.0910417
    0.031654   -0.0208382   0.00424003
  -0.0208382     0.016455   0.00968188
  0.00424003   0.00968188    0.0909182
   0.0317065   -0.0221765   0.00336254
  -0.0221765    0.0196427      0.01344
  0.00336254      0.01344    0.0881191
   0.0314378    -0.019552   0.00524942
   -0.019552    0.0139603   0.00628203
  0.00524942   0.00628203    0.0934189
    0.031877   -0.0200813   0.00465566
  -0.0200813    0.0161749    0.0118023
  0.00465566    0.0118023    0.0906357
   0.0317313   -0.0189091   0.00555101
  -0.0189091    0.0136676   0.00843028
  0.00555101   0.00843028    0.0933037
   0.0318827   -0.0180476   0.00564937
  -0.0180476    0.0133198      0.01078
  0.00564937      0.01078    0.0930098
   0.0318453   -0.0212951   0.00388233
  -0.0212951    0.0193541    0.0154709
  0.00388233    0.0154709    0.0876812
   0.0319339    -0.019104   0.00485578
   -0.019104    0.0158678    0.0141547
  0.00485578    0.0141547    0.0901828
   0.0318055   -0.0202013   0.00417103
  -0.0202013    0.0190734     0.017775
  0.00417103     0.017775    0.0870839
   0.0316348   -0.0179409   0.00610282
  -0.0179409    0.0117875   0.00559877
  0.00610282   0.00559877    0.0948545
   0.0319447    -0.017225    0.0060304
   -0.017225    0.0114205   0.00790535
   0.0060304   0.00790535    0.0948057
   0.0326341   -0.0169023   0.00573188
  -0.0169023    0.0101492   0.00565448
  0.00573188   0.00565448    0.0948046
   0.0320109   -0.0174138   0.00599231
  -0.0174138    0.0104857   0.00348208
  0.00599231   0.00348208    0.0946106
   0.0311924   -0.0184408   0.00598207
  -0.0184408    0.0120707   0.00348861
  0.00598207   0.00348861    0.0947144
   0.0312807   -0.0177202    0.0060806
  -0.0177202    0.0107236   0.00150098
   0.0060806   0.00150098    0.0942174
   0.0307346   -0.0186626   0.00575248
  -0.0186626    0.0121824   0.00178706
  0.00575248   0.00178706    0.0944015
   0.0311013   -0.0199018   0.00481161
  -0.0199018    0.0141051    0.0045711
  0.00481161    0.0045711    0.0933674
   0.0314821   -0.0182275   0.00598513
  -0.0182275    0.0110122 -4.36172e-05
  0.00598513 -4.36172e-05    0.0945354
   0.0485027   -0.0259832  -0.00217229
  -0.0259832    0.0143079   0.00429907
 -0.00217229   0.00429907    0.0749529
   0.0468717   -0.0257997 -0.000629337
  -0.0257997     0.014497   0.00301072
-0.000629337   0.00301072    0.0777011
   0.0412436   -0.0221137   0.00202139
  -0.0221137    0.0122028   0.00200693
  0.00202139   0.00200693    0.0846186
   0.0410505   -0.0226997   0.00280015
  -0.0226997    0.0127943  0.000770694
  0.00280015  0.000770694    0.0854214
   0.0476755   -0.0267624  -0.00104173
  -0.0267624    0.0152636   0.00277538
 -0.00104173   0.00277538    0.0744577
   0.0366884   -0.0200854    0.0046622
  -0.0200854    0.0112891  8.71396e-05
   0.0046622  8.71396e-05    0.0903113
   0.0426074   -0.0237375   0.00192895
  -0.0237375    0.0134429  0.000728243
  0.00192895  0.000728243    0.0812541
   0.0373782   -0.0207318   0.00485283
  -0.0207318    0.0117035 -0.000967427
  0.00485283 -0.000967427    0.0909039
   0.0394116   -0.0215079   0.00383217
  -0.0215079    0.0119736  -0.00080134
  0.00383217  -0.00080134    0.0859186
   0.0480379   -0.0271278 -0.000574209
  -0.0271278    0.0155752   0.00251903
-0.000574209   0.00251903    0.0735877
    0.044086   -0.0241688   0.00197777
  -0.0241688    0.0135455  0.000723525
  0.00197777  0.000723525    0.0790838
   0.0493563   -0.0272635  4.29369e-05
  -0.0272635    0.0154935   0.00271625
 4.29369e-05   0.00271625    0.0728694
   0.0336942   -0.0189273   0.00560998
  -0.0189273    0.0109047 -0.000927667
  0.00560998 -0.000927667    0.0932287
   0.0346834   -0.0193142   0.00556948
  -0.0193142    0.0109801   -0.0017029
  0.00556948   -0.0017029    0.0936791
   0.0332657   -0.0183505   0.00558327
  -0.0183505    0.0105367  0.000382215
  0.00558327  0.000382215    0.0926936
    0.033598   -0.0178426   0.00526383
  -0.0178426    0.0101124   0.00214538
  0.00526383   0.00214538    0.0921227
   0.0367022   -0.0194064   0.00412053
  -0.0194064    0.0106977   0.00160384
  0.00412053   0.00160384    0.0895211
   0.0378778   -0.0192081   0.00310787
  -0.0192081    0.0103543   0.00339974
  0.00310787   0.00339974    0.0881151
   0.0347727   -0.0175992   0.00486493
  -0.0175992   0.00981449   0.00407846
  0.00486493   0.00407846    0.0925483
   0.0427283   -0.0221506  0.000665055
  -0.0221506    0.0119464   0.00357135
 0.000665055   0.00357135     0.082416
   0.0506723   -0.0274359  0.000719181
  -0.0274359    0.0153945   0.00265679
 0.000719181   0.00265679    0.0741522
   0.0454522   -0.0239801   0.00250698
  -0.0239801    0.0131354  0.000859894
  0.00250698  0.000859894    0.0791241
   0.0483108   -0.0240565   0.00262156
  -0.0240565    0.0127362   0.00179767
  0.00262156   0.00179767     0.078405
   0.0516896   -0.0267472   0.00114421
  -0.0267472    0.0146236    0.0031231
  0.00114421    0.0031231     0.074882
   0.0441644   -0.0216471   0.00374599
  -0.0216471    0.0112899  0.000679643
  0.00374599  0.000679643    0.0820414
   0.0504969   -0.0227438   0.00326399
  -0.0227438    0.0114978   0.00303617
  0.00326399   0.00303617    0.0786463
   0.0462664    -0.020557   0.00420658
   -0.020557    0.0100938   0.00146725
  0.00420658   0.00146725    0.0823393
   0.0472261   -0.0187249   0.00510879
  -0.0187249   0.00870042     0.002242
  0.00510879     0.002242    0.0839263
    0.054648   -0.0253892   0.00193258
  -0.0253892    0.0132152   0.00457319
  0.00193258   0.00457319     0.074139
   0.0516429   -0.0207075   0.00411155
  -0.0207075   0.00993593   0.00406811
  0.00411155   0.00406811    0.0781179
    0.055853   -0.0232091   0.00257103
  -0.0232091    0.0117386   0.00599268
  0.00257103   0.00599268    0.0731279
   0.0418531   -0.0191644    0.0048642
  -0.0191644   0.00959047  0.000379322
   0.0048642  0.000379322    0.0867265
   0.0429655   -0.0176062   0.00555717
  -0.0176062    0.0083138   0.00156313
  0.00555717   0.00156313    0.0885719
    0.039727   -0.0198208   0.00474024
  -0.0198208    0.0104475 -0.000650949
  0.00474024 -0.000650949    0.0873757
   0.0368391   -0.0196324   0.00496896
  -0.0196324    0.0108275  -0.00145528
  0.00496896  -0.00145528    0.0894194
   0.0414637   -0.0217107   0.00382398
  -0.0217107    0.0117838 -0.000454999
  0.00382398 -0.000454999    0.0839376
   0.0315194   -0.0189591   0.00419548
  -0.0189591    0.0188352    0.0201921
  0.00419548    0.0201921    0.0863758
   0.0317462   -0.0179754   0.00479845
  -0.0179754    0.0155722    0.0165931
  0.00479845    0.0165931    0.0896085
   0.0312943    -0.016775   0.00448815
   -0.016775    0.0153467    0.0189357
  0.00448815    0.0189357     0.088978
   0.0309842   -0.0176553   0.00396987
  -0.0176553    0.0186948    0.0225292
  0.00396987    0.0225292    0.0856188
   0.0314408    -0.015925   0.00510952
   -0.015925    0.0126455    0.0154681
  0.00510952    0.0154681     0.092078
   0.0305994    -0.015571   0.00394038
   -0.015571    0.0152213    0.0210862
  0.00394038    0.0210862    0.0883023
   0.0308206   -0.0148103   0.00446858
  -0.0148103    0.0124211    0.0175597
  0.00446858    0.0175597    0.0915159
    0.029995    -0.013735   0.00362583
   -0.013735    0.0122723    0.0194075
  0.00362583    0.0194075    0.0908975
   0.0302173   -0.0163646   0.00351511
  -0.0163646    0.0186839    0.0246957
  0.00351511    0.0246957    0.0848267
   0.0297155     -0.01443   0.00320054
    -0.01443     0.015196     0.022999
  0.00320054     0.022999    0.0875909
   0.0292876   -0.0151646   0.00287845
  -0.0151646    0.0187899    0.0266382
  0.00287845    0.0266382    0.0840093
    0.031189    -0.014267   0.00460077
   -0.014267    0.0102872    0.0143376
  0.00460077    0.0143376    0.0937401
   0.0304304   -0.0132556   0.00366896
  -0.0132556    0.0100292    0.0160809
  0.00366896    0.0160809     0.093219
   0.0316284   -0.0132479   0.00300123
  -0.0132479   0.00843927    0.0131987
  0.00300123    0.0131987    0.0938779
   0.0322957   -0.0142081    0.0040012
  -0.0142081   0.00880238    0.0116068
   0.0040012    0.0116068    0.0942857
   0.0317139   -0.0152958     0.005321
  -0.0152958    0.0105977    0.0123686
    0.005321    0.0123686    0.0941808
   0.0327129   -0.0151741   0.00478589
  -0.0151741   0.00921057   0.00980894
  0.00478589   0.00980894      0.09459
   0.0319643   -0.0163027   0.00579452
  -0.0163027    0.0109859     0.010205
  0.00579452     0.010205    0.0945396
   0.0317949   -0.0170225   0.00550449
  -0.0170225     0.012949    0.0131818
  0.00550449    0.0131818    0.0925788
   0.0328411   -0.0161077   0.00533926
  -0.0161077   0.00968311   0.00781636
  0.00533926   0.00781636    0.0947893
   0.0282651   -0.0140562   0.00210632
  -0.0140562    0.0189733     0.028366
  0.00210632     0.028366    0.0831911
   0.0287131   -0.0133748   0.00231603
  -0.0133748    0.0152503    0.0246956
  0.00231603    0.0246956    0.0868721
   0.0277066   -0.0124113   0.00136129
  -0.0124113    0.0153492     0.026134
  0.00136129     0.026134    0.0857447
    0.027234   -0.0130532   0.00126299
  -0.0130532    0.0192021    0.0298508
  0.00126299    0.0298508    0.0821974
   0.0281914   -0.0118135   0.00163304
  -0.0118135    0.0121709     0.022413
  0.00163304     0.022413    0.0892295
   0.0273141   -0.0115298  0.000837087
  -0.0115298    0.0154958    0.0273894
 0.000837087    0.0273894    0.0846862
   0.0280305   -0.0110301  0.000881547
  -0.0110301    0.0122012    0.0235897
 0.000881547    0.0235897    0.0878199
   0.0295195    -0.010411  0.000734047
   -0.010411     0.012338    0.0247748
 0.000734047    0.0247748    0.0868425
   0.0272381   -0.0123045   0.00083875
  -0.0123045    0.0195072     0.031029
  0.00083875     0.031029    0.0809634
   0.0284654   -0.0109351  0.000807004
  -0.0109351    0.0157133    0.0283423
 0.000807004    0.0283423    0.0831158
   0.0295592   -0.0120559   0.00127774
  -0.0120559      0.02004    0.0320072
  0.00127774    0.0320072    0.0799913
   0.0287344   -0.0106527  0.000696075
  -0.0106527   0.00961763    0.0200426
 0.000696075    0.0200426    0.0905854
    0.030289   -0.0101431  6.79487e-05
  -0.0101431   0.00964807     0.021156
 6.79487e-05     0.021156    0.0891519
    0.032446   -0.0102628 -0.000876642
  -0.0102628    0.0076614    0.0180349
-0.000876642    0.0180349    0.0910291
   0.0303521    -0.010711 -8.68612e-05
   -0.010711   0.00772715    0.0169091
-8.68612e-05    0.0169091    0.0920624
   0.0287412   -0.0113901   0.00154525
  -0.0113901    0.0096979    0.0189316
  0.00154525    0.0189316    0.0919234
   0.0301476   -0.0114467  0.000731869
  -0.0114467   0.00790225    0.0157974
 0.000731869    0.0157974    0.0927158
   0.0295161   -0.0122816   0.00258712
  -0.0122816   0.00983496    0.0176077
  0.00258712    0.0176077    0.0926456
     0.02903   -0.0127199   0.00263511
  -0.0127199    0.0121935    0.0210361
  0.00263511    0.0210361    0.0902519
   0.0307758   -0.0123068   0.00184949
  -0.0123068    0.0081476    0.0145951
  0.00184949    0.0145951     0.093395
   0.0510397   -0.0177472   -0.0126579
  -0.0177472   0.00708941    0.0110597
  -0.0126579    0.0110597    0.0731694
   0.0503559   -0.0189294   -0.0116992
  -0.0189294   0.00784672     0.010276
  -0.0116992     0.010276    0.0726854
   0.0433924   -0.0156751  -0.00804656
  -0.0156751   0.00680187    0.0110654
 -0.00804656    0.0110654    0.0806692
   0.0436559   -0.0167287  -0.00679228
  -0.0167287   0.00742189    0.0102843
 -0.00679228    0.0102843       0.0808
   0.0508301    -0.020107   -0.0103471
   -0.020107   0.00860725   0.00967942
  -0.0103471   0.00967942    0.0727544
   0.0375201   -0.0140286  -0.00342533
  -0.0140286   0.00678806    0.0114176
 -0.00342533    0.0114176    0.0873821
   0.0442843   -0.0177713  -0.00547242
  -0.0177713   0.00804994   0.00952897
 -0.00547242   0.00952897    0.0809696
   0.0382252   -0.0150132  -0.00213228
  -0.0150132   0.00729513    0.0104635
 -0.00213228    0.0104635    0.0876978
   0.0388831   -0.0159748  -0.00090887
  -0.0159748   0.00781535   0.00943098
 -0.00090887   0.00943098     0.087919
   0.0514036   -0.0213296  -0.00896724
  -0.0213296    0.0094661   0.00907567
 -0.00896724   0.00907567    0.0727853
   0.0447728    -0.018848  -0.00420882
   -0.018848   0.00877287   0.00868444
 -0.00420882   0.00868444    0.0810316
   0.0517099   -0.0226052  -0.00758834
  -0.0226052    0.0104731   0.00835125
 -0.00758834   0.00835125    0.0727966
   0.0338142   -0.0132041  0.000469729
  -0.0132041    0.0072956    0.0121257
 0.000469729    0.0121257    0.0919865
   0.0345827   -0.0141465   0.00167562
  -0.0141465    0.0077005    0.0108895
  0.00167562    0.0108895    0.0923629
   0.0331881   -0.0123037 -0.000722431
  -0.0123037   0.00693039    0.0132318
-0.000722431    0.0132318    0.0916026
    0.033428   -0.0115467  -0.00176939
  -0.0115467   0.00663451    0.0142368
 -0.00176939    0.0142368    0.0908975
   0.0375846   -0.0131447  -0.00447458
  -0.0131447   0.00634963    0.0123462
 -0.00447458    0.0123462    0.0873162
   0.0395775   -0.0124553  -0.00522448
  -0.0124553   0.00602015     0.013401
 -0.00522448     0.013401      0.08749
   0.0356737   -0.0109973   -0.0024076
  -0.0109973   0.00647119    0.0154604
  -0.0024076    0.0154604    0.0911947
   0.0450693   -0.0147644  -0.00865716
  -0.0147644   0.00629167     0.012067
 -0.00865716     0.012067    0.0818049
   0.0517259   -0.0239381  -0.00621898
  -0.0239381    0.0116769   0.00744601
 -0.00621898   0.00744601    0.0730078
   0.0450191   -0.0200005  -0.00298058
  -0.0200005     0.009661   0.00764935
 -0.00298058   0.00764935    0.0810798
   0.0446899   -0.0209811  -0.00168008
  -0.0209811    0.0105439   0.00634688
 -0.00168008   0.00634688    0.0811933
   0.0507348    -0.024741  -0.00483592
   -0.024741    0.0126035   0.00646345
 -0.00483592   0.00646345    0.0735084
   0.0393713   -0.0179809   0.00125808
  -0.0179809   0.00916882   0.00677952
  0.00125808   0.00677952    0.0880517
   0.0436582   -0.0215752 -0.000521369
  -0.0215752     0.011239   0.00500525
-0.000521369   0.00500525    0.0815436
   0.0389594   -0.0188001    0.0022594
  -0.0188001   0.00986371   0.00510725
   0.0022594   0.00510725    0.0880668
   0.0496022   -0.0254231  -0.00349389
  -0.0254231    0.0134957   0.00541309
 -0.00349389   0.00541309      0.07414
   0.0353416   -0.0169593   0.00429781
  -0.0169593   0.00930832    0.0060441
  0.00429781    0.0060441    0.0927663
   0.0354282   -0.0160754    0.0035878
  -0.0160754   0.00872775   0.00787199
   0.0035878   0.00787199    0.0927964
   0.0351442   -0.0151071   0.00272852
  -0.0151071   0.00818251   0.00947677
  0.00272852   0.00947677    0.0926398
   0.0392907   -0.0169873  0.000195669
  -0.0169873   0.00846066    0.0082279
 0.000195669    0.0082279    0.0880341
   0.0252435   -0.0297482    0.0013953
  -0.0297482    0.0879879    0.0475664
   0.0013953    0.0475664     0.058265
   0.0244757   -0.0289532   0.00205054
  -0.0289532    0.0845917    0.0456202
  0.00205054    0.0456202    0.0582062
   0.0258896   -0.0302246 -2.01825e-05
  -0.0302246    0.0742725    0.0436111
-2.01825e-05    0.0436111    0.0631039
   0.0256856   -0.0296833   0.00102761
  -0.0296833    0.0713745    0.0414667
  0.00102761    0.0414667    0.0628954
   0.0242153   -0.0282988    0.0028654
  -0.0282988    0.0810654    0.0436444
   0.0028654    0.0436444    0.0580277
   0.0271788   -0.0302089 -0.000449611
  -0.0302089    0.0620081    0.0386333
-0.000449611    0.0386333     0.067687
   0.0258696   -0.0290775   0.00224567
  -0.0290775    0.0686673    0.0397104
