           0            0            0
           0            0            0
           0            0            0
   0.0827361   -0.0019775    0.0154269
  -0.0019775  0.000250605 -0.000836978
   0.0154269 -0.000836978    0.0544153
   0.0755891  -0.00236851    0.0211824
 -0.00236851   0.00033308  -0.00055384
   0.0211824  -0.00055384    0.0606166
   0.0687825   -0.0032092    0.0274262
  -0.0032092  0.000497792 -6.91656e-05
   0.0274262 -6.91656e-05    0.0692798
   0.0654707  -0.00445621    0.0315422
 -0.00445621  0.000728336  6.37934e-05
   0.0315422  6.37934e-05    0.0766961
   0.0642085  -0.00560407     0.033374
 -0.00560407  0.000953204 -3.99506e-06
    0.033374 -3.99506e-06    0.0812272
   0.0590163  -0.00543752    0.0288471
 -0.00543752  0.000832994 -0.000620955
   0.0288471 -0.000620955    0.0766677
   0.0588235  -0.00634192     0.027134
 -0.00634192   0.00104585  -0.00111398
    0.027134  -0.00111398    0.0794971
   0.0634116  -0.00654766    0.0314325
 -0.00654766   0.00115596 -0.000602992
   0.0314325 -0.000602992    0.0829285
    0.058492  -0.00694225    0.0227491
 -0.00694225   0.00122134  -0.00211547
   0.0227491  -0.00211547    0.0804489
   0.0625625  -0.00720461    0.0270165
 -0.00720461   0.00130954  -0.00172954
   0.0270165  -0.00172954    0.0831326
   0.0576852  -0.00710639    0.0179364
 -0.00710639   0.00133898  -0.00343627
   0.0179364  -0.00343627     0.080289
   0.0633659  -0.00782957    0.0249059
 -0.00782957   0.00143154  -0.00272572
   0.0249059  -0.00272572     0.083812
    0.126745   0.00276833     0.040079
  0.00276833   0.00220688   0.00759273
    0.040079   0.00759273    0.0716317
    0.113269 -0.000161335    0.0458768
-0.000161335   0.00274915   0.00936012
   0.0458768   0.00936012    0.0807156
     0.11483   0.00141433     0.046444
  0.00141433   0.00216009   0.00854509
    0.046444   0.00854509    0.0812297
    0.104312 -0.000925743    0.0517239
-0.000925743   0.00263517   0.00986221
   0.0517239   0.00986221    0.0894423
    0.101927  -0.00257949    0.0506766
 -0.00257949   0.00324952    0.0105042
   0.0506766    0.0105042     0.088665
    0.104157 -0.000109665    0.0513654
-0.000109665   0.00205231   0.00861745
   0.0513654   0.00861745    0.0895147
   0.0964083  -0.00296773    0.0550784
 -0.00296773   0.00302848    0.0102914
   0.0550784    0.0102914    0.0953521
   0.0967901  -0.00206657    0.0549995
 -0.00206657   0.00244153   0.00926593
   0.0549995   0.00926593    0.0955155
   0.0907072  -0.00390581    0.0555963
 -0.00390581   0.00272883   0.00892467
   0.0555963   0.00892467    0.0983355
   0.0935499  -0.00443011    0.0536459
 -0.00443011   0.00363273    0.0107587
   0.0536459    0.0107587    0.0943895
   0.0899406  -0.00471425    0.0554318
 -0.00471425   0.00328297   0.00973637
   0.0554318   0.00973637    0.0981319
   0.0869306  -0.00583953    0.0537633
 -0.00583953   0.00381788    0.0100842
   0.0537633    0.0100842    0.0971201
   0.0949161  -0.00195502    0.0535998
 -0.00195502   0.00190938   0.00759437
   0.0535998   0.00759437    0.0950289
   0.0896329  -0.00370558    0.0546231
 -0.00370558   0.00221641   0.00750053
   0.0546231   0.00750053    0.0980238
    0.085598  -0.00379256    0.0512273
 -0.00379256   0.00175304   0.00580119
   0.0512273   0.00580119    0.0955224
   0.0904163  -0.00220973    0.0497009
 -0.00220973   0.00144227   0.00567109
   0.0497009   0.00567109    0.0921373
    0.101455  -0.00016275    0.0492782
 -0.00016275   0.00153517   0.00679738
   0.0492782   0.00679738    0.0886695
   0.0961259 -0.000610233    0.0446026
-0.000610233   0.00110455   0.00481242
   0.0446026   0.00481242    0.0850191
    0.110433   0.00159083    0.0427993
  0.00159083   0.00115609   0.00535866
   0.0427993   0.00535866    0.0796754
    0.113872   0.00193899    0.0457545
  0.00193899   0.00161699   0.00716058
   0.0457545   0.00716058    0.0811451
    0.125139   0.00380266    0.0391465
  0.00380266   0.00121406   0.00526243
   0.0391465   0.00526243    0.0715846
    0.104393  0.000712686     0.037476
 0.000712686  0.000790922   0.00346657
    0.037476   0.00346657    0.0757357
    0.121028   0.00278698    0.0354076
  0.00278698  0.000838818   0.00358447
   0.0354076   0.00358447    0.0695375
    0.111109   0.00152943    0.0295419
  0.00152943  0.000555819   0.00198572
   0.0295419   0.00198572    0.0655603
    0.126936   0.00387269    0.0400313
  0.00387269   0.00167962   0.00665904
   0.0400313   0.00665904    0.0717917
   0.0839699  -0.00703295    0.0527522
 -0.00703295   0.00372801   0.00862036
   0.0527522   0.00862036    0.0980894
   0.0870736  -0.00616736    0.0545845
 -0.00616736   0.00330287   0.00836775
   0.0545845   0.00836775    0.0990429
   0.0852715  -0.00756582    0.0521819
 -0.00756582   0.00311783   0.00630272
   0.0521819   0.00630272    0.0983344
    0.082133  -0.00818782    0.0502879
 -0.00818782   0.00343154   0.00652919
   0.0502879   0.00652919    0.0975472
     0.08627  -0.00692632    0.0525424
 -0.00692632   0.00274626   0.00587446
   0.0525424   0.00587446    0.0983606
   0.0836528  -0.00878736    0.0487252
 -0.00878736   0.00283702   0.00374911
   0.0487252   0.00374911    0.0967701
   0.0846349  -0.00824006    0.0490739
 -0.00824006   0.00255192   0.00343292
   0.0490739   0.00343292    0.0966279
   0.0831871  -0.00920224    0.0454299
 -0.00920224   0.00233802  0.000649994
   0.0454299  0.000649994    0.0949649
   0.0805129  -0.00915835    0.0468303
 -0.00915835   0.00304971   0.00400699
   0.0468303   0.00400699    0.0961917
   0.0822098  -0.00963605    0.0450739
 -0.00963605     0.002543  0.000893697
   0.0450739  0.000893697    0.0952333
   0.0790031  -0.00976135    0.0431429
 -0.00976135    0.0026628   0.00121561
   0.0431429   0.00121561    0.0948045
   0.0839091  -0.00785614    0.0481755
 -0.00785614    0.0022692   0.00284212
   0.0481755   0.00284212    0.0959524
    0.082359  -0.00876352    0.0444586
 -0.00876352   0.00211506   0.00028621
   0.0444586   0.00028621    0.0941475
   0.0802285  -0.00852216    0.0424446
 -0.00852216   0.00193158 -0.000298171
   0.0424446 -0.000298171    0.0928617
   0.0814756  -0.00770521    0.0459403
 -0.00770521   0.00202368   0.00197658
   0.0459403   0.00197658    0.0944778
    0.085583  -0.00660954    0.0517085
 -0.00660954   0.00238966   0.00502584
   0.0517085   0.00502584    0.0978582
   0.0827752  -0.00653944      0.04918
 -0.00653944   0.00205841   0.00387156
     0.04918   0.00387156    0.0962752
   0.0873043  -0.00520693     0.054083
 -0.00520693   0.00239145   0.00662758
    0.054083   0.00662758    0.0988509
   0.0880007  -0.00545187    0.0548844
 -0.00545187   0.00283646   0.00776942
   0.0548844   0.00776942    0.0991928
   0.0838684  -0.00520165    0.0511079
 -0.00520165   0.00197667   0.00519385
   0.0511079   0.00519385     0.096803
   0.0675563  -0.00752971    0.0324753
 -0.00752971    0.0014444 -0.000852538
   0.0324753 -0.000852538    0.0863497
   0.0672129  -0.00665098    0.0347454
 -0.00665098   0.00130227  7.64255e-05
   0.0347454  7.64255e-05    0.0859594
   0.0718794   -0.0066741    0.0390972
  -0.0066741   0.00149078   0.00117311
   0.0390972   0.00117311    0.0891537
   0.0682538  -0.00567268    0.0372925
 -0.00567268    0.0011183  0.000835875
   0.0372925  0.000835875    0.0847911
   0.0721188   -0.0056192    0.0405889
  -0.0056192   0.00131821   0.00186638
   0.0405889   0.00186638    0.0880021
   0.0738365  -0.00442945     0.040643
 -0.00442945   0.00108895   0.00213281
    0.040643   0.00213281     0.085437
   0.0699627  -0.00451726    0.0362364
 -0.00451726  0.000886242  0.000975185
   0.0362364  0.000975185    0.0815287
   0.0783869  -0.00533132     0.046418
 -0.00533132    0.0016035    0.0036001
    0.046418    0.0036001    0.0931937
    0.079868  -0.00404472    0.0461902
 -0.00404472   0.00135976   0.00395664
   0.0461902   0.00395664    0.0912653
   0.0778572  -0.00655375     0.044836
 -0.00655375   0.00174704    0.0025892
    0.044836    0.0025892    0.0932683
   0.0772958  -0.00763869     0.042101
 -0.00763869    0.0017932  0.000994644
    0.042101  0.000994644    0.0922695
   0.0718432  -0.00760296    0.0365592
 -0.00760296   0.00159269 -6.12398e-05
   0.0365592 -6.12398e-05    0.0890915
   0.0716977  -0.00821997     0.033926
 -0.00821997   0.00163072  -0.00168802
    0.033926  -0.00168802    0.0884253
   0.0764797  -0.00836206    0.0390499
 -0.00836206   0.00177305 -0.000967203
   0.0390499 -0.000967203    0.0905353
   0.0673225  -0.00806197    0.0289951
 -0.00806197   0.00152763  -0.00227097
   0.0289951  -0.00227097    0.0863485
   0.0742872  -0.00328452    0.0333078
 -0.00328452  0.000635989  0.000758521
   0.0333078  0.000758521    0.0758245
   0.0790053  -0.00208238    0.0274469
 -0.00208238  0.000415556  0.000307637
   0.0274469  0.000307637    0.0681465
   0.0837662  -0.00182017    0.0321504
 -0.00182017  0.000555959    0.0012459
   0.0321504    0.0012459    0.0729246
   0.0877652  -0.00144444    0.0210093
 -0.00144444    0.0002862 -0.000311924
   0.0210093 -0.000311924    0.0598644
   0.0914119  -0.00083367    0.0255646
 -0.00083367  0.000364001  0.000525887
   0.0255646  0.000525887    0.0645891
   0.0996589  -0.00090983    0.0195521
 -0.00090983  0.000334722 -0.000241109
   0.0195521 -0.000241109    0.0566877
   0.0920882  -0.00135505    0.0159615
 -0.00135505  0.000242333 -0.000799172
   0.0159615 -0.000799172    0.0538954
   0.0948648 -0.000264659    0.0313167
-0.000264659  0.000526024   0.00172806
   0.0313167   0.00172806    0.0704556
    0.101682  0.000337406    0.0245447
 0.000337406   0.00037048   0.00066424
   0.0245447   0.00066424    0.0614676
   0.0896659  -0.00129949    0.0385014
 -0.00129949  0.000776126   0.00283066
   0.0385014   0.00283066    0.0796756
   0.0843286  -0.00262318    0.0442561
 -0.00262318   0.00106584   0.00367127
   0.0442561   0.00367127    0.0869268
   0.0791365  -0.00311939      0.03847
 -0.00311939  0.000824153   0.00190416
     0.03847   0.00190416    0.0812696
   0.0775294   -0.0100225    0.0392885
  -0.0100225   0.00238248  -0.00170918
   0.0392885  -0.00170918    0.0933591
   0.0809095   -0.0101063    0.0412954
  -0.0101063   0.00232958  -0.00211204
   0.0412954  -0.00211204    0.0937128
   0.0795746   -0.0102646     0.037467
  -0.0102646   0.00226929  -0.00513116
    0.037467  -0.00513116    0.0921963
    0.075969  -0.00999445    0.0353774
 -0.00999445   0.00226373  -0.00463338
   0.0353774  -0.00463338    0.0918502
   0.0808626   -0.0100283    0.0379604
  -0.0100283   0.00215987  -0.00531234
   0.0379604  -0.00531234    0.0918635
   0.0782196   -0.0100899    0.0335751
  -0.0100899   0.00241272  -0.00810071
   0.0335751  -0.00810071    0.0906801
   0.0797827  -0.00994271     0.034161
 -0.00994271   0.00232942  -0.00828012
    0.034161  -0.00828012    0.0904198
   0.0787337  -0.00952369    0.0302838
 -0.00952369   0.00269313   -0.0111726
   0.0302838   -0.0111726    0.0890367
   0.0742661  -0.00965396    0.0314098
 -0.00965396   0.00236759  -0.00752355
   0.0314098  -0.00752355    0.0902727
   0.0767338  -0.00957017    0.0296109
 -0.00957017   0.00277507   -0.0110121
   0.0296109   -0.0110121    0.0891592
   0.0723444  -0.00898477     0.027419
 -0.00898477   0.00271464   -0.0104011
    0.027419   -0.0104011     0.088631
    0.079132  -0.00939451    0.0331685
 -0.00939451   0.00216478  -0.00817722
   0.0331685  -0.00817722    0.0894953
    0.078328  -0.00896928    0.0293195
 -0.00896928   0.00250884   -0.0109652
   0.0293195   -0.0109652    0.0882055
   0.0763577  -0.00819317     0.027142
 -0.00819317     0.002291    -0.010558
    0.027142    -0.010558    0.0868759
   0.0771038  -0.00875079    0.0310834
 -0.00875079   0.00200563  -0.00798748
   0.0310834  -0.00798748    0.0881572
    0.080047  -0.00951573    0.0369432
 -0.00951573   0.00200566  -0.00533634
   0.0369432  -0.00533634    0.0909138
    0.078054  -0.00902228    0.0349619
 -0.00902228   0.00187052  -0.00538789
   0.0349619  -0.00538789    0.0896232
   0.0811137   -0.0093006    0.0406855
  -0.0093006   0.00201008  -0.00248934
   0.0406855  -0.00248934    0.0924648
   0.0819984  -0.00978132    0.0417045
 -0.00978132   0.00218697  -0.00231442
   0.0417045  -0.00231442     0.093379
   0.0791016   -0.0089409    0.0387423
  -0.0089409   0.00186554  -0.00280035
   0.0387423  -0.00280035    0.0912151
   0.0700988  -0.00793541    0.0234826
 -0.00793541   0.00337534   -0.0132933
   0.0234826   -0.0132933    0.0869205
   0.0749968  -0.00864196    0.0256383
 -0.00864196    0.0033966   -0.0138607
   0.0256383   -0.0138607    0.0876336
   0.0728124  -0.00730877    0.0217355
 -0.00730877   0.00429687   -0.0166695
   0.0217355   -0.0166695    0.0861114
   0.0674704  -0.00646716    0.0197141
 -0.00646716   0.00435736   -0.0162293
   0.0197141   -0.0162293    0.0851689
   0.0760919  -0.00749927    0.0224816
 -0.00749927   0.00407777   -0.0166203
   0.0224816   -0.0166203    0.0864578
   0.0702226  -0.00540303    0.0179139
 -0.00540303   0.00558942    -0.019565
   0.0179139    -0.019565    0.0845911
   0.0741601  -0.00575534    0.0186105
 -0.00575534   0.00520277   -0.0193042
   0.0186105   -0.0193042     0.085241
   0.0718244  -0.00334146    0.0147481
 -0.00334146   0.00676224   -0.0221208
   0.0147481   -0.0221208     0.084065
   0.0645402  -0.00444879     0.016125
 -0.00444879    0.0058185   -0.0193473
    0.016125   -0.0193473    0.0834174
   0.0672998  -0.00285069    0.0141621
 -0.00285069   0.00740857   -0.0226637
   0.0141621   -0.0226637    0.0831384
   0.0613568  -0.00183432    0.0126426
 -0.00183432   0.00789281   -0.0227381
   0.0126426   -0.0227381    0.0817879
   0.0757201  -0.00545937    0.0177471
 -0.00545937   0.00468958   -0.0185635
   0.0177471   -0.0185635    0.0851181
   0.0741822  -0.00323588    0.0138954
 -0.00323588   0.00599386   -0.0211017
   0.0138954   -0.0211017    0.0842742
   0.0743345  -0.00261802    0.0115473
 -0.00261802   0.00517263   -0.0197089
   0.0115473   -0.0197089    0.0837295
   0.0751191  -0.00468323    0.0154199
 -0.00468323   0.00412245   -0.0174691
   0.0154199   -0.0174691    0.0842718
   0.0768966  -0.00707204    0.0216091
 -0.00707204   0.00374443   -0.0161125
   0.0216091   -0.0161125     0.086032
   0.0755835  -0.00620386    0.0193055
 -0.00620386   0.00334199    -0.015277
   0.0193055    -0.015277    0.0849471
   0.0777246  -0.00818959    0.0254649
 -0.00818959   0.00304083   -0.0136171
   0.0254649   -0.0136171    0.0870529
    0.077617  -0.00870921    0.0263774
 -0.00870921    0.0032787   -0.0139522
   0.0263774   -0.0139522     0.087714
   0.0759171  -0.00733093    0.0232004
 -0.00733093   0.00274807   -0.0130084
   0.0232004   -0.0130084    0.0858037
    0.069285 -0.000106005  -0.00229061
-0.000106005   0.00259606   -0.0136682
 -0.00229061   -0.0136682    0.0790632
   0.0685909  -0.00201264   0.00197345
 -0.00201264   0.00231871   -0.0126833
  0.00197345   -0.0126833    0.0789676
   0.0696547   -0.0023007   0.00524421
  -0.0023007   0.00265725   -0.0138037
  0.00524421   -0.0138037     0.080182
   0.0694836  -0.00398716   0.00954715
 -0.00398716   0.00234451   -0.0125206
  0.00954715   -0.0125206    0.0805506
   0.0673284  -0.00363998   0.00587027
 -0.00363998   0.00210279   -0.0116202
  0.00587027   -0.0116202    0.0791305
   0.0710874  -0.00447557    0.0128539
 -0.00447557   0.00260942   -0.0133918
   0.0128539   -0.0133918     0.082008
   0.0689097  -0.00543948    0.0137103
 -0.00543948   0.00208951   -0.0110459
   0.0137103   -0.0110459    0.0809317
   0.0713037  -0.00586897    0.0171423
 -0.00586897   0.00226499   -0.0116883
   0.0171423   -0.0116883    0.0827303
   0.0714032  -0.00705765    0.0212649
 -0.00705765   0.00199224  -0.00977811
   0.0212649  -0.00977811    0.0836334
   0.0655493  -0.00506002    0.0095902
 -0.00506002   0.00191092   -0.0102877
   0.0095902   -0.0102877    0.0789144
   0.0678954  -0.00663626    0.0174536
 -0.00663626   0.00186914  -0.00931082
   0.0174536  -0.00931082    0.0812294
   0.0638518  -0.00622586    0.0124485
 -0.00622586   0.00174738  -0.00876994
   0.0124485  -0.00876994    0.0798611
   0.0735136  -0.00648058    0.0202606
 -0.00648058   0.00247152   -0.0123213
   0.0202606   -0.0123213    0.0842823
   0.0739705    -0.007525    0.0244051
   -0.007525   0.00211879   -0.0101515
   0.0244051   -0.0101515    0.0853578
    0.073235  -0.00524047    0.0161642
 -0.00524047   0.00294659    -0.014319
   0.0161642    -0.014319    0.0834972
   0.0731798  -0.00370853    0.0121404
 -0.00370853    0.0035641   -0.0162163
   0.0121404   -0.0162163    0.0829824
   0.0709678  -0.00284917   0.00857103
 -0.00284917   0.00306946    -0.014979
  0.00857103    -0.014979    0.0816394
   0.0711154 -0.000920282   0.00441576
-0.000920282   0.00368559   -0.0165774
  0.00441576   -0.0165774    0.0815375
   0.0730178  -0.00175884   0.00816596
 -0.00175884   0.00438771   -0.0181425
  0.00816596   -0.0181425    0.0826689
   0.0696522 -0.000328682  0.000824138
-0.000328682   0.00308759   -0.0150812
 0.000824138   -0.0150812    0.0803373
   0.0630859  -0.00708713      0.01524
 -0.00708713   0.00163949  -0.00718953
     0.01524  -0.00718953    0.0813715
   0.0668976  -0.00747189    0.0205403
 -0.00747189   0.00172012   -0.0074595
   0.0205403   -0.0074595    0.0819026
    0.066445  -0.00795522     0.022924
 -0.00795522   0.00162417  -0.00563262
    0.022924  -0.00563262    0.0835167
   0.0634072  -0.00771324    0.0183309
 -0.00771324   0.00156874  -0.00561425
   0.0183309  -0.00561425    0.0829892
   0.0711767   -0.0083553    0.0283933
  -0.0083553   0.00170358   -0.0056138
   0.0283933   -0.0056138     0.085323
   0.0670899  -0.00818512    0.0257844
 -0.00818512   0.00157757  -0.00389838
   0.0257844  -0.00389838    0.0855552
   0.0712305  -0.00843851     0.031372
 -0.00843851   0.00165864   -0.0035744
    0.031372   -0.0035744    0.0864454
   0.0637742  -0.00801035    0.0219325
 -0.00801035   0.00151589  -0.00407406
   0.0219325  -0.00407406    0.0839945
   0.0758961  -0.00870733    0.0357497
 -0.00870733   0.00176016  -0.00319908
   0.0357497  -0.00319908    0.0892506
   0.0752487  -0.00867639    0.0322193
 -0.00867639   0.00178311  -0.00552725
   0.0322193  -0.00552725    0.0879805
   0.0746516  -0.00827272    0.0284513
 -0.00827272   0.00189748  -0.00786188
   0.0284513  -0.00786188    0.0866383
   0.0713009  -0.00788546    0.0250428
 -0.00788546   0.00181029  -0.00771441
   0.0250428  -0.00771441    0.0844904
   0.0589555  -0.00744447    0.0161786
 -0.00744447   0.00143947  -0.00437107
   0.0161786  -0.00437107    0.0816579
   0.0599184  -0.00738987    0.0139756
 -0.00738987   0.00152721  -0.00562252
   0.0139756  -0.00562252     0.081985
   0.0548586  -0.00632783   0.00815302
 -0.00632783   0.00137974  -0.00525039
  0.00815302  -0.00525039    0.0793594
    0.060491   -0.0068627    0.0112385
  -0.0068627   0.00160101  -0.00703448
   0.0112385  -0.00703448    0.0813739
    0.056301  -0.00618665   0.00594991
 -0.00618665   0.00148343    -0.006502
  0.00594991    -0.006502    0.0802383
   0.0580513  -0.00562231   0.00371729
 -0.00562231   0.00158205    -0.007897
  0.00371729    -0.007897    0.0801083
   0.0609448  -0.00590958    0.0077236
 -0.00590958   0.00166745  -0.00840443
   0.0077236  -0.00840443    0.0805139
   0.0544268  -0.00497306 -4.67462e-05
 -0.00497306   0.00140359  -0.00678527
-4.67462e-05  -0.00678527    0.0789614
   0.0625074  -0.00472695   0.00456329
 -0.00472695   0.00175948  -0.00962612
  0.00456329  -0.00962612     0.079395
   0.0645274  -0.00335671   0.00117891
 -0.00335671   0.00186636   -0.0106248
  0.00117891   -0.0106248    0.0784357
    0.061814  -0.00314129  -0.00307064
 -0.00314129   0.00165894  -0.00966635
 -0.00307064  -0.00966635    0.0779077
   0.0667462   -0.0018135   -0.0021039
  -0.0018135   0.00200341   -0.0115011
  -0.0021039   -0.0115011    0.0781335
   0.0639213  -0.00172494  -0.00639333
 -0.00172494   0.00170246   -0.0101893
 -0.00639333   -0.0101893    0.0769485
   0.0670389 -4.31926e-05  -0.00964424
-4.31926e-05   0.00179477   -0.0107931
 -0.00964424   -0.0107931    0.0769804
   0.0684713 -6.02723e-05  -0.00564051
-6.02723e-05   0.00217735    -0.012266
 -0.00564051    -0.012266    0.0780303
   0.0616363  -0.00172166  -0.00974196
 -0.00172166    0.0014648  -0.00901688
 -0.00974196  -0.00901688    0.0760158
    0.064089 -0.000275137   -0.0131697
-0.000275137   0.00146048  -0.00921076
  -0.0131697  -0.00921076    0.0754467
   0.0615618 -0.000447953   -0.0160992
-0.000447953    0.0012071  -0.00786059
  -0.0160992  -0.00786059    0.0749546
   0.0581011  -0.00189963    -0.012657
 -0.00189963   0.00124732  -0.00773225
   -0.012657  -0.00773225      0.07555
   0.0590215  -0.00305566  -0.00651675
 -0.00305566   0.00147681   -0.0086759
 -0.00651675   -0.0086759    0.0771309
   0.0553893  -0.00330354   -0.0079997
 -0.00330354   0.00132039  -0.00755733
  -0.0079997  -0.00755733    0.0771717
   0.0567496  -0.00435099  -0.00256796
 -0.00435099   0.00150397   -0.0081353
 -0.00256796   -0.0081353    0.0792192
   0.0598612  -0.00441733  0.000295147
 -0.00441733   0.00162756  -0.00899477
 0.000295147  -0.00899477    0.0791198
    0.055292  -0.00186392   -0.0151227
 -0.00186392    0.0010939  -0.00693888
  -0.0151227  -0.00693888    0.0754046
   0.0593341 -0.000468235   -0.0187038
-0.000468235   0.00101024  -0.00678359
  -0.0187038  -0.00678359     0.074374
   0.0241923   -0.0195784   -0.0147923
  -0.0195784    0.0187935    0.0198835
  -0.0147923    0.0198835    0.0847733
   0.0246358   -0.0199238   -0.0124686
  -0.0199238    0.0188462    0.0186693
  -0.0124686    0.0186693    0.0860208
   0.0243745   -0.0178125    -0.011343
  -0.0178125    0.0148681    0.0143949
   -0.011343    0.0143949    0.0874147
   0.0252723   -0.0181712  -0.00881646
  -0.0181712    0.0152059     0.014335
 -0.00881646     0.014335    0.0888779
   0.0256137   -0.0202181  -0.00980186
  -0.0202181    0.0190318     0.018298
 -0.00980186     0.018298    0.0871438
    0.025308    -0.016592  -0.00784222
   -0.016592      0.01243    0.0110088
 -0.00784222    0.0110088    0.0906547
   0.0266821   -0.0183254  -0.00591674
  -0.0183254    0.0155014     0.015128
 -0.00591674     0.015128    0.0902123
   0.0264602   -0.0166874   -0.0050213
  -0.0166874    0.0126803    0.0119246
  -0.0050213    0.0119246    0.0923139
   0.0281263   -0.0165699  -0.00197873
  -0.0165699    0.0128014    0.0134716
 -0.00197873    0.0134716    0.0938663
   0.0271864   -0.0203959  -0.00692355
  -0.0203959     0.019307    0.0189153
 -0.00692355    0.0189153    0.0882761
   0.0287249   -0.0183613  -0.00297738
  -0.0183613    0.0158106     0.016761
 -0.00297738     0.016761    0.0916207
   0.0291648   -0.0203486  -0.00384879
  -0.0203486    0.0196284    0.0203566
 -0.00384879    0.0203566    0.0892797
   0.0267753   -0.0156201  -0.00440325
  -0.0156201    0.0107055   0.00940415
 -0.00440325   0.00940415    0.0938988
   0.0280452   -0.0153894  -0.00148193
  -0.0153894    0.0106825    0.0108287
 -0.00148193    0.0108287    0.0954882
   0.0287235     -0.01488  -0.00166124
    -0.01488   0.00928017   0.00893379
 -0.00166124   0.00893379     0.096238
   0.0276918   -0.0151357  -0.00428214
  -0.0151357     0.009357   0.00767515
 -0.00428214   0.00767515    0.0946672
   0.0259881   -0.0156414  -0.00707235
  -0.0156414    0.0105564   0.00850421
 -0.00707235   0.00850421    0.0921832
   0.0276306   -0.0153814   -0.0069981
  -0.0153814   0.00927343   0.00691566
  -0.0069981   0.00691566    0.0896608
   0.0256591   -0.0153244  -0.00932835
  -0.0153244    0.0101042   0.00825464
 -0.00932835   0.00825464    0.0880443
   0.0244892   -0.0161821   -0.0101731
  -0.0161821    0.0120161    0.0108362
  -0.0101731    0.0108362    0.0888137
    0.024046   -0.0155594   -0.0120178
  -0.0155594    0.0115274    0.0114672
  -0.0120178    0.0114672    0.0856508
   0.0275435   -0.0151197  -0.00935603
  -0.0151197   0.00887783   0.00695814
 -0.00935603   0.00695814    0.0862713
   0.0253313   -0.0147057   -0.0112313
  -0.0147057   0.00959884   0.00890238
  -0.0112313   0.00890238    0.0849923
   0.0272283   -0.0144462   -0.0110325
  -0.0144462    0.0083111   0.00746404
  -0.0110325   0.00746404     0.083574
   0.0239425   -0.0173181    -0.013472
  -0.0173181     0.014563    0.0152809
   -0.013472    0.0152809     0.085821
   0.0312867   -0.0200872 -0.000824845
  -0.0200872    0.0202158    0.0224421
-0.000824845    0.0224421    0.0901284
   0.0309506   -0.0181894  -6.6155e-05
  -0.0181894    0.0162795    0.0189312
 -6.6155e-05    0.0189312    0.0928863
   0.0330292    -0.017858   0.00251382
   -0.017858    0.0169369    0.0212593
  0.00251382    0.0212593    0.0939766
   0.0332366   -0.0196492   0.00186283
  -0.0196492    0.0210599     0.024812
  0.00186283     0.024812    0.0907916
   0.0326148   -0.0162663   0.00319682
  -0.0162663    0.0135789    0.0177168
  0.00319682    0.0177168    0.0970958
   0.0346333   -0.0174149   0.00447752
  -0.0174149    0.0177594    0.0234192
  0.00447752    0.0234192    0.0948331
   0.0343629   -0.0159653   0.00499678
  -0.0159653    0.0141775    0.0195633
  0.00499678    0.0195633     0.098378
   0.0354083   -0.0156606   0.00599033
  -0.0156606    0.0148357    0.0208308
  0.00599033    0.0208308     0.099378
   0.0346588   -0.0190561   0.00393746
  -0.0190561    0.0220999    0.0271632
  0.00393746    0.0271632      0.09122
   0.0354908   -0.0169315   0.00564391
  -0.0169315    0.0186359     0.025121
  0.00564391     0.025121    0.0954216
   0.0353181   -0.0183818    0.0052255
  -0.0183818    0.0231939    0.0292057
   0.0052255    0.0292057    0.0913899
   0.0341123     -0.01485   0.00501583
    -0.01485    0.0113867    0.0159358
  0.00501583    0.0159358     0.100827
   0.0354083   -0.0147302   0.00573937
  -0.0147302    0.0118786    0.0167597
  0.00573937    0.0167597     0.102299
   0.0360631   -0.0143903   0.00467739
  -0.0143903   0.00973731    0.0132407
  0.00467739    0.0132407     0.103175
   0.0343618   -0.0142763   0.00423025
  -0.0142763   0.00936007     0.012843
  0.00423025     0.012843     0.101295
   0.0321508   -0.0149856   0.00347521
  -0.0149856    0.0109689    0.0144525
  0.00347521    0.0144525    0.0990514
    0.032058    -0.014204   0.00298336
   -0.014204   0.00907978    0.0117425
  0.00298336    0.0117425    0.0990989
      0.0298   -0.0150712   0.00131652
  -0.0150712    0.0106773    0.0125781
  0.00131652    0.0125781    0.0970253
   0.0304197   -0.0164837  0.000770718
  -0.0164837    0.0131143    0.0155785
 0.000770718    0.0155785    0.0955685
   0.0301968    -0.014503  0.000935202
   -0.014503    0.0091143    0.0103568
 0.000935202    0.0103568     0.097658
   0.0517116   -0.0231751  -0.00684509
  -0.0231751    0.0112975   0.00885441
 -0.00684509   0.00885441    0.0822631
   0.0485904   -0.0221962  -0.00598779
  -0.0221962    0.0110354   0.00934817
 -0.00598779   0.00934817    0.0839573
   0.0433435   -0.0188066   -0.0023584
  -0.0188066   0.00933486   0.00895185
  -0.0023584   0.00895185    0.0915257
   0.0409428   -0.0187258  -0.00303434
  -0.0187258   0.00962052   0.00899841
 -0.00303434   0.00899841    0.0906652
   0.0473366   -0.0227331  -0.00761916
  -0.0227331    0.0117101    0.0095407
 -0.00761916    0.0095407    0.0793593
   0.0369618   -0.0163135 -0.000182284
  -0.0163135   0.00858697   0.00900239
-0.000182284   0.00900239    0.0957433
   0.0400486   -0.0195249  -0.00555337
  -0.0195249    0.0103713   0.00886614
 -0.00555337   0.00886614    0.0850525
   0.0351689   -0.0166241  -0.00195434
  -0.0166241   0.00898549    0.0084373
 -0.00195434    0.0084373    0.0945999
   0.0344797   -0.0173485  -0.00496724
  -0.0173485   0.00955655   0.00790788
 -0.00496724   0.00790788    0.0881127
   0.0447656   -0.0225997  -0.00878379
  -0.0225997    0.0121184   0.00978539
 -0.00878379   0.00978539    0.0771656
   0.0385503   -0.0197468  -0.00737952
  -0.0197468    0.0108062   0.00868637
 -0.00737952   0.00868637    0.0814617
   0.0428973   -0.0225023   -0.0100458
  -0.0225023    0.0124343   0.00994186
  -0.0100458   0.00994186    0.0751433
   0.0320392   -0.0150564 -0.000228688
  -0.0150564   0.00858709   0.00895378
-0.000228688   0.00895378    0.0967687
   0.0305576   -0.0153732  -0.00255596
  -0.0153732   0.00885789   0.00787835
 -0.00255596   0.00787835    0.0954746
    0.033837   -0.0147419    0.0016871
  -0.0147419   0.00834661   0.00989594
   0.0016871   0.00989594    0.0979996
   0.0359242   -0.0147196   0.00273867
  -0.0147196   0.00835239     0.010489
  0.00273867     0.010489    0.0991922
   0.0389336   -0.0162276  0.000707363
  -0.0162276   0.00838822    0.0092181
 0.000707363    0.0092181    0.0967016
    0.041434   -0.0167789  0.000353807
  -0.0167789   0.00861589   0.00890947
 0.000353807   0.00890947    0.0968851
   0.0382576   -0.0151345   0.00298696
  -0.0151345   0.00867786      0.01049
  0.00298696      0.01049     0.101376
   0.0462629   -0.0196229  -0.00304538
  -0.0196229   0.00959695   0.00850706
 -0.00304538   0.00850706    0.0906848
   0.0420825   -0.0225384   -0.0107039
  -0.0225384    0.0126499   0.00998518
  -0.0107039   0.00998518    0.0757522
   0.0373451   -0.0195851  -0.00881112
  -0.0195851    0.0108365   0.00838424
 -0.00881112   0.00838424    0.0801201
   0.0373497   -0.0197145   -0.0106099
  -0.0197145    0.0109409   0.00877995
  -0.0106099   0.00877995    0.0784124
   0.0410279   -0.0219715    -0.011572
  -0.0219715    0.0123479    0.0102074
   -0.011572    0.0102074    0.0757444
   0.0337827    -0.017675  -0.00938808
   -0.017675   0.00976385   0.00768578
 -0.00938808   0.00768578    0.0812613
   0.0367417   -0.0187294   -0.0118326
  -0.0187294    0.0102439   0.00931755
  -0.0118326   0.00931755    0.0773753
   0.0333637   -0.0168836    -0.010917
  -0.0168836   0.00909072    0.0076942
   -0.010917    0.0076942    0.0802211
   0.0323446   -0.0155047   -0.0118126
  -0.0155047   0.00809684   0.00770561
  -0.0118126   0.00770561    0.0800018
   0.0404545   -0.0209736   -0.0130558
  -0.0209736    0.0116333    0.0107651
  -0.0130558    0.0107651    0.0735726
    0.035714   -0.0171911   -0.0127439
  -0.0171911   0.00912934   0.00938013
  -0.0127439   0.00938013    0.0751661
   0.0393152   -0.0192984   -0.0138758
  -0.0192984     0.010565    0.0112847
  -0.0138758    0.0112847    0.0711592
   0.0303152   -0.0157239  -0.00988091
  -0.0157239   0.00864246   0.00678084
 -0.00988091   0.00678084    0.0838198
   0.0294873   -0.0146481   -0.0113389
  -0.0146481   0.00780872   0.00701873
  -0.0113389   0.00701873    0.0836275
   0.0303752   -0.0161132  -0.00794292
  -0.0161132   0.00908768   0.00673398
 -0.00794292   0.00673398    0.0860164
   0.0300588   -0.0157995  -0.00544406
  -0.0157995    0.0090605   0.00697883
 -0.00544406   0.00697883    0.0895734
   0.0338267   -0.0175957  -0.00714938
  -0.0175957   0.00977072   0.00748736
 -0.00714938   0.00748736    0.0845664
   0.0351453   -0.0176785   0.00567204
  -0.0176785    0.0241381    0.0307845
  0.00567204    0.0307845    0.0913735
   0.0354968   -0.0164446   0.00594581
  -0.0164446    0.0193806    0.0262446
  0.00594581    0.0262446    0.0958078
   0.0347294   -0.0159516   0.00545888
  -0.0159516    0.0199404    0.0267277
  0.00545888    0.0267277    0.0960847
   0.0342414   -0.0169585   0.00535812
  -0.0169585    0.0248792    0.0317927
  0.00535812    0.0317927    0.0912666
   0.0349913   -0.0150862   0.00543143
  -0.0150862    0.0158407    0.0212926
  0.00543143    0.0212926     0.100762
   0.0333826   -0.0154203    0.0043232
  -0.0154203    0.0201764    0.0266892
   0.0043232    0.0266892    0.0962797
   0.0337603   -0.0147424   0.00409158
  -0.0147424    0.0159992    0.0206506
  0.00409158    0.0206506     0.101254
   0.0321633   -0.0142787   0.00227955
  -0.0142787    0.0157799    0.0197107
  0.00227955    0.0197107     0.101617
   0.0328009   -0.0162186   0.00441736
  -0.0162186    0.0252801    0.0323262
  0.00441736    0.0323262    0.0911054
   0.0317087   -0.0148168   0.00271831
  -0.0148168    0.0200124    0.0263305
  0.00271831    0.0263305    0.0964052
   0.0310818   -0.0154644   0.00302663
  -0.0154644    0.0252727    0.0325259
  0.00302663    0.0325259    0.0909093
   0.0342911   -0.0143289   0.00329644
  -0.0143289    0.0128119    0.0148488
  0.00329644    0.0148488     0.105058
    0.032798   -0.0139905   0.00131459
  -0.0139905    0.0126264      0.01338
  0.00131459      0.01338     0.105593
   0.0342611   -0.0142273 -0.000370098
  -0.0142273    0.0104891   0.00799709
-0.000370098   0.00799709     0.107422
   0.0356226   -0.0144442   0.00171999
  -0.0144442    0.0105918   0.00990055
  0.00171999   0.00990055     0.106758
    0.035374   -0.0145012   0.00481388
  -0.0145012    0.0126747    0.0160788
  0.00481388    0.0160788     0.104328
    0.036526    -0.014483    0.0033599
   -0.014483    0.0104206    0.0116076
   0.0033599    0.0116076     0.105843
   0.0358001   -0.0146107   0.00567409
  -0.0146107    0.0123075     0.016792
  0.00567409     0.016792     0.103414
   0.0356001   -0.0153709   0.00611227
  -0.0153709    0.0154037    0.0214112
  0.00611227    0.0214112     0.100143
   0.0367414   -0.0144482    0.0043692
  -0.0144482    0.0101009    0.0128115
   0.0043692    0.0128115     0.104681
   0.0293077   -0.0146422   0.00134354
  -0.0146422    0.0249172    0.0325444
  0.00134354    0.0325444    0.0907105
     0.02994   -0.0141098  0.000817486
  -0.0141098    0.0194779    0.0258698
 0.000817486    0.0258698    0.0964908
   0.0282769   -0.0132835  -0.00117121
  -0.0132835    0.0186964    0.0254873
 -0.00117121    0.0254873    0.0960488
   0.0276363   -0.0137689 -0.000460473
  -0.0137689    0.0243045    0.0325005
-0.000460473    0.0325005     0.090292
   0.0289282   -0.0128815   -0.0019268
  -0.0128815    0.0143198    0.0179631
  -0.0019268    0.0179631     0.101607
   0.0272561   -0.0124196  -0.00273334
  -0.0124196    0.0177834    0.0252679
 -0.00273334    0.0252679    0.0955867
   0.0281518   -0.0120412  -0.00373541
  -0.0120412    0.0133264     0.017534
 -0.00373541     0.017534     0.100777
   0.0289719   -0.0112021  -0.00499321
  -0.0112021    0.0123353    0.0175155
 -0.00499321    0.0175155     0.100378
   0.0270165   -0.0130336  -0.00189415
  -0.0130336    0.0235712    0.0324459
 -0.00189415    0.0324459    0.0895063
   0.0277459   -0.0116934  -0.00382148
  -0.0116934    0.0168815    0.0251958
 -0.00382148    0.0251958    0.0944359
   0.0285915   -0.0126953   -0.0026348
  -0.0126953    0.0229856    0.0324394
  -0.0026348    0.0324394    0.0889041
   0.0291067   -0.0118017  -0.00504461
  -0.0118017    0.0102423    0.0101188
 -0.00504461    0.0101188     0.105225
   0.0300887   -0.0109076  -0.00673119
  -0.0109076   0.00921766    0.0100272
 -0.00673119    0.0100272     0.104279
   0.0325915   -0.0111561  -0.00865842
  -0.0111561   0.00742779   0.00371729
 -0.00865842   0.00371729     0.107178
    0.031016   -0.0121154   -0.0068559
  -0.0121154   0.00845889   0.00385643
  -0.0068559   0.00385643     0.107804
   0.0297071   -0.0126553  -0.00313321
  -0.0126553    0.0112488    0.0107931
 -0.00313321    0.0107931     0.106021
   0.0314017   -0.0129989  -0.00496145
  -0.0129989   0.00937669   0.00477782
 -0.00496145   0.00477782     0.107888
   0.0311454   -0.0134193 -0.000930123
  -0.0134193    0.0120819    0.0119541
-0.000930123    0.0119541     0.105955
     0.03044   -0.0136405  0.000182733
  -0.0136405    0.0151872    0.0187454
 0.000182733    0.0187454     0.101878
   0.0326897   -0.0137276  -0.00269857
  -0.0137276    0.0100908   0.00621372
 -0.00269857   0.00621372      0.10785
   0.0529961   -0.0221446   -0.0202815
  -0.0221446    0.0113617  -0.00138065
  -0.0202815  -0.00138065    0.0851489
   0.0529469   -0.0233798   -0.0189095
  -0.0233798    0.0121494  -0.00132113
  -0.0189095  -0.00132113    0.0846573
   0.0454099   -0.0191457   -0.0157538
  -0.0191457    0.0101926  -0.00279383
  -0.0157538  -0.00279383    0.0946527
   0.0463067   -0.0201359   -0.0137973
  -0.0201359    0.0107277  -0.00190099
  -0.0137973  -0.00190099    0.0945587
   0.0540828   -0.0242514   -0.0170545
  -0.0242514    0.0124898 -0.000593131
  -0.0170545 -0.000593131    0.0846204
   0.0395868    -0.016726   -0.0103637
   -0.016726   0.00939441  -0.00177061
  -0.0103637  -0.00177061     0.102443
   0.0476245   -0.0207284   -0.0116616
  -0.0207284    0.0108562 -0.000393618
  -0.0116616 -0.000393618    0.0943247
   0.0409714   -0.0174312  -0.00808945
  -0.0174312   0.00974478 -0.000162606
 -0.00808945 -0.000162606     0.102227
   0.0423326   -0.0177397  -0.00583145
  -0.0177397   0.00973602   0.00190798
 -0.00583145   0.00190798      0.10171
   0.0553574   -0.0247997   -0.0150452
  -0.0247997    0.0125271   0.00067082
  -0.0150452   0.00067082    0.0843777
   0.0487963   -0.0209905   -0.0095143
  -0.0209905    0.0107429   0.00154126
  -0.0095143   0.00154126    0.0937782
   0.0563193   -0.0250209   -0.0129819
  -0.0250209    0.0123719   0.00232106
  -0.0129819   0.00232106     0.083921
   0.0360597   -0.0151301  -0.00491997
  -0.0151301   0.00941925   0.00195284
 -0.00491997   0.00195284     0.106905
   0.0375529   -0.0155359  -0.00257505
  -0.0155359   0.00961935   0.00396995
 -0.00257505   0.00396995     0.106438
   0.0347563   -0.0144114  -0.00722009
  -0.0144114   0.00889342  0.000341996
 -0.00722009  0.000341996     0.107177
   0.0344114   -0.0134822  -0.00925406
  -0.0134822   0.00807641 -0.000628765
 -0.00925406 -0.000628765     0.106891
   0.0390305   -0.0157679   -0.0123074
  -0.0157679   0.00873822  -0.00281572
  -0.0123074  -0.00281572      0.10275
   0.0404927   -0.0145986   -0.0138491
  -0.0145986   0.00779539  -0.00301448
  -0.0138491  -0.00301448     0.103147
    0.036124   -0.0124013   -0.0108909
  -0.0124013   0.00707798 -0.000880526
  -0.0108909 -0.000880526     0.107651
   0.0464642   -0.0179562   -0.0170362
  -0.0179562   0.00934343  -0.00302829
  -0.0170362  -0.00302829     0.095998
   0.0567789   -0.0250369   -0.0109927
  -0.0250369    0.0121673   0.00415697
  -0.0109927   0.00415697    0.0834761
   0.0495816   -0.0210319  -0.00744818
  -0.0210319    0.0105226   0.00364874
 -0.00744818   0.00364874    0.0930097
   0.0494486   -0.0207628  -0.00547599
  -0.0207628    0.0102204   0.00560108
 -0.00547599   0.00560108    0.0920792
   0.0557833   -0.0244685  -0.00915706
  -0.0244685    0.0117819   0.00602946
 -0.00915706   0.00602946     0.083112
   0.0437518   -0.0176729  -0.00187359
  -0.0176729     0.009306   0.00622826
 -0.00187359   0.00622826    0.0997398
   0.0481153   -0.0201445  -0.00400224
  -0.0201445   0.00982664   0.00732051
 -0.00400224   0.00732051    0.0912008
   0.0432176   -0.0173484 -0.000426781
  -0.0173484   0.00897666   0.00786095
-0.000426781   0.00786095    0.0983891
   0.0540935   -0.0238106  -0.00773432
  -0.0238106    0.0114577   0.00766449
 -0.00773432   0.00766449    0.0826899
   0.0393915   -0.0154214   0.00246033
  -0.0154214   0.00901537   0.00969269
  0.00246033   0.00969269     0.103188
   0.0394805    -0.015593    0.0012654
   -0.015593   0.00934347    0.0081668
   0.0012654    0.0081668     0.104623
   0.0387733   -0.0156505 -0.000451917
  -0.0156505    0.0095612   0.00614691
-0.000451917   0.00614691      0.10568
    0.043343    -0.017804  -0.00373848
   -0.017804   0.00957866   0.00414919
 -0.00373848   0.00414919     0.100882
   0.0204195   -0.0316268  -0.00665371
  -0.0316268    0.0959106    0.0544556
 -0.00665371    0.0544556    0.0586697
   0.0214425   -0.0313677  -0.00483648
  -0.0313677    0.0924617    0.0530109
 -0.00483648    0.0530109    0.0605444
   0.0220864   -0.0315195   -0.0072077
  -0.0315195    0.0799741    0.0502783
  -0.0072077    0.0502783     0.065379
   0.0235403   -0.0314096  -0.00493582
  -0.0314096    0.0771645    0.0485883
 -0.00493582    0.0485883    0.0667088
   0.0228506   -0.0311445  -0.00283205
  -0.0311445    0.0889295    0.0515518
 -0.00283205    0.0515518    0.0621997
   0.0242392   -0.0309549  -0.00688655
  -0.0309549    0.0659144    0.0450813
 -0.00688655    0.0450813    0.0709783
   0.0252518    -0.031228  -0.00253993
   -0.031228    0.0747423    0.0472976
