           0            0            0
           0            0            0
           0            0            0
   0.0815687  -0.00206047    0.0149374
 -0.00206047  0.000238255 -0.000645653
   0.0149374 -0.000645653    0.0539825
    0.074552  -0.00239665    0.0206804
 -0.00239665  0.000318223 -0.000396522
   0.0206804 -0.000396522    0.0601551
   0.0678693  -0.00317119    0.0269061
 -0.00317119   0.00048046  4.75624e-05
   0.0269061  4.75624e-05    0.0687782
   0.0646208  -0.00435562    0.0310038
 -0.00435562  0.000704288  0.000148697
   0.0310038  0.000148697    0.0761624
   0.0633911  -0.00546043    0.0328373
 -0.00546043  0.000922896  4.71715e-05
   0.0328373  4.71715e-05    0.0806893
   0.0582307  -0.00529675    0.0283428
 -0.00529675  0.000805055 -0.000556395
   0.0283428 -0.000556395    0.0761618
   0.0580485  -0.00617964    0.0266626
 -0.00617964   0.00101359  -0.00108449
   0.0266626  -0.00108449    0.0790135
   0.0626127  -0.00638411    0.0309328
 -0.00638411   0.00112124  -0.00057842
   0.0309328  -0.00057842    0.0824172
   0.0577312  -0.00677994    0.0223388
 -0.00677994    0.0011882  -0.00210293
   0.0223388  -0.00210293     0.080004
   0.0617836  -0.00704033    0.0265788
 -0.00704033   0.00127413  -0.00171581
   0.0265788  -0.00171581    0.0826616
   0.0569475  -0.00695732    0.0175926
 -0.00695732    0.0013084  -0.00342599
   0.0175926  -0.00342599    0.0798801
   0.0625937  -0.00766608    0.0245059
 -0.00766608   0.00139568  -0.00271172
   0.0245059  -0.00271172    0.0833615
    0.125024   0.00252651    0.0393202
  0.00252651   0.00211088   0.00749039
   0.0393202   0.00749039    0.0710294
    0.111746 -0.000242951    0.0451061
-0.000242951    0.0026524    0.0092249
   0.0451061    0.0092249    0.0800821
    0.113274   0.00127905    0.0456428
  0.00127905   0.00208278   0.00843367
   0.0456428   0.00843367     0.080571
    0.102896 -0.000943259    0.0509066
-0.000943259   0.00255322   0.00972898
   0.0509066   0.00972898    0.0887501
    0.100577  -0.00254841    0.0499129
 -0.00254841   0.00314782    0.0103564
   0.0499129    0.0103564    0.0880116
    0.102775 -0.000155001    0.0505532
-0.000155001   0.00198925   0.00851552
   0.0505532   0.00851552    0.0888148
   0.0951062  -0.00290346    0.0542699
 -0.00290346   0.00293988    0.0101582
   0.0542699    0.0101582    0.0946481
   0.0954982  -0.00202784    0.0541798
 -0.00202784   0.00237122   0.00915307
   0.0541798   0.00915307    0.0947956
   0.0895023  -0.00380819    0.0548066
 -0.00380819   0.00265156   0.00882214
   0.0548066   0.00882214     0.097627
   0.0923348  -0.00432858    0.0529082
 -0.00432858   0.00352513     0.010619
   0.0529082     0.010619     0.093734
   0.0887444  -0.00459704    0.0546667
 -0.00459704   0.00318933   0.00962288
   0.0546667   0.00962288    0.0974452
   0.0858325  -0.00569721    0.0530801
 -0.00569721    0.0037089    0.0099701
   0.0530801    0.0099701    0.0964865
   0.0937046  -0.00192248    0.0528128
 -0.00192248    0.0018557   0.00751775
   0.0528128   0.00751775    0.0943166
   0.0884836  -0.00361357    0.0538497
 -0.00361357   0.00215446   0.00742279
   0.0538497   0.00742279    0.0973151
    0.084544  -0.00369948    0.0505071
 -0.00369948   0.00170463   0.00575483
   0.0505071   0.00575483    0.0948429
   0.0893082  -0.00217514    0.0489766
 -0.00217514   0.00140251   0.00563736
   0.0489766   0.00563736    0.0914603
    0.100168 -0.000213858    0.0485128
-0.000213858   0.00148889   0.00674201
   0.0485128   0.00674201    0.0879859
   0.0949455 -0.000657125    0.0439078
-0.000657125   0.00107118   0.00480833
   0.0439078   0.00480833    0.0843779
    0.109036   0.00143013    0.0420758
  0.00143013   0.00111334   0.00534102
   0.0420758   0.00534102    0.0790419
    0.112372   0.00177941    0.0449736
  0.00177941   0.00155825   0.00709013
   0.0449736   0.00709013    0.0804864
    0.123505   0.00350647    0.0384138
  0.00350647   0.00115543   0.00523974
   0.0384138   0.00523974    0.0709761
    0.103097  0.000566996    0.0368243
 0.000566996  0.000760683   0.00350513
   0.0368243   0.00350513    0.0751488
    0.119492   0.00250867    0.0347334
  0.00250867  0.000796258   0.00361859
   0.0347334   0.00361859    0.0689605
    0.109714   0.00128879    0.0289478
  0.00128879   0.00052588   0.00207309
   0.0289478   0.00207309    0.0650329
    0.125226   0.00358466    0.0392693
  0.00358466   0.00160277   0.00658894
   0.0392693   0.00658894    0.0711791
   0.0829342  -0.00686789    0.0521232
 -0.00686789   0.00362696   0.00854311
   0.0521232   0.00854311    0.0974827
   0.0859315  -0.00601944     0.053866
 -0.00601944   0.00321173   0.00828649
    0.053866   0.00828649    0.0983827
   0.0841705  -0.00739479    0.0515216
 -0.00739479    0.0030359    0.0062645
   0.0515216    0.0062645    0.0977104
   0.0811443  -0.00800676    0.0497201
 -0.00800676   0.00334423   0.00649627
   0.0497201   0.00649627     0.096973
   0.0851408  -0.00676947    0.0518422
 -0.00676947   0.00267241   0.00583277
   0.0518422   0.00583277    0.0977115
   0.0825914  -0.00860088    0.0481286
 -0.00860088   0.00276648   0.00375823
   0.0481286   0.00375823    0.0961862
   0.0835396  -0.00806519    0.0484353
 -0.00806519   0.00248657   0.00343577
   0.0484353   0.00343577    0.0960206
    0.082125  -0.00901836    0.0448507
 -0.00901836   0.00228112  0.000699345
   0.0448507  0.000699345    0.0943973
   0.0795671  -0.00896855    0.0463261
 -0.00896855   0.00297706    0.0040199
   0.0463261    0.0040199     0.095653
   0.0811865  -0.00944295    0.0445385
 -0.00944295   0.00248291  0.000949541
   0.0445385  0.000949541     0.094689
    0.078099  -0.00957099    0.0426997
 -0.00957099   0.00260313   0.00127158
   0.0426997   0.00127158    0.0943025
   0.0828487  -0.00769208    0.0475387
 -0.00769208   0.00220993   0.00284126
   0.0475387   0.00284126    0.0953423
   0.0813294  -0.00859255    0.0438805
 -0.00859255   0.00206282  0.000327131
   0.0438805  0.000327131    0.0935764
   0.0792656  -0.00835998    0.0418934
 -0.00835998   0.00188362 -0.000264069
   0.0418934 -0.000264069    0.0923013
   0.0804872   -0.0075459    0.0453339
  -0.0075459   0.00197016   0.00197608
   0.0453339   0.00197608    0.0938821
   0.0844921  -0.00646097    0.0510116
 -0.00646097   0.00232451    0.0049878
   0.0510116    0.0049878    0.0972056
   0.0817615  -0.00639235     0.048519
 -0.00639235   0.00200159   0.00384257
    0.048519   0.00384257    0.0956409
   0.0861853  -0.00508109    0.0533378
 -0.00508109   0.00232478    0.0065624
   0.0533378    0.0065624    0.0981627
   0.0868389  -0.00532016    0.0541319
 -0.00532016   0.00275756   0.00769068
   0.0541319   0.00769068    0.0985078
   0.0828355  -0.00507552     0.050407
 -0.00507552    0.0019214   0.00514843
    0.050407   0.00514843    0.0961385
   0.0667549  -0.00736147    0.0320011
 -0.00736147   0.00140436 -0.000842828
   0.0320011 -0.000842828     0.085848
   0.0664005  -0.00648938    0.0342312
 -0.00648938   0.00126445  8.92159e-05
   0.0342312  8.92159e-05    0.0854317
   0.0710311  -0.00651595    0.0385498
 -0.00651595   0.00144779   0.00117125
   0.0385498   0.00117125    0.0885991
    0.067422  -0.00552813     0.036736
 -0.00552813   0.00108467  0.000865619
    0.036736  0.000865619    0.0842334
   0.0712564  -0.00547796    0.0400086
 -0.00547796   0.00127976   0.00187265
   0.0400086   0.00187265    0.0874249
   0.0729438  -0.00432296    0.0400433
 -0.00432296   0.00105729   0.00215925
   0.0400433   0.00215925    0.0848472
   0.0690946  -0.00441241     0.035669
 -0.00441241  0.000859261   0.00103367
    0.035669   0.00103367     0.080966
   0.0774524  -0.00519964    0.0457794
 -0.00519964   0.00155795   0.00357873
   0.0457794   0.00357873    0.0925701
    0.078909  -0.00394529    0.0455349
 -0.00394529   0.00132172    0.0039462
   0.0455349    0.0039462    0.0906302
   0.0769366  -0.00640329    0.0442312
 -0.00640329   0.00169776   0.00257235
   0.0442312   0.00257235    0.0926703
   0.0763931  -0.00747856    0.0415434
 -0.00747856   0.00174487  0.000995902
   0.0415434  0.000995902    0.0917034
   0.0710086  -0.00743819    0.0360558
 -0.00743819   0.00154901 -5.69247e-05
   0.0360558 -5.69247e-05     0.088565
   0.0708812  -0.00805943    0.0334693
 -0.00805943   0.00158977  -0.00166661
   0.0334693  -0.00166661    0.0879242
   0.0755992  -0.00820314    0.0385428
 -0.00820314   0.00172876 -0.000938814
   0.0385428 -0.000938814    0.0900003
   0.0665366  -0.00789859    0.0285738
 -0.00789859   0.00148925  -0.00225437
   0.0285738  -0.00225437     0.085876
   0.0733415  -0.00324006    0.0327413
 -0.00324006  0.000615883  0.000848537
   0.0327413  0.000848537    0.0752767
   0.0779766  -0.00211139    0.0269111
 -0.00211139  0.000399948  0.000432005
   0.0269111  0.000432005    0.0676389
   0.0827089  -0.00185301    0.0315783
 -0.00185301  0.000536624   0.00134118
   0.0315783   0.00134118    0.0723828
   0.0865791  -0.00154453    0.0204848
 -0.00154453  0.000271372 -0.000147225
   0.0204848 -0.000147225    0.0593911
   0.0902246  -0.00094984    0.0250187
 -0.00094984  0.000346932   0.00065925
   0.0250187   0.00065925    0.0640871
   0.0983173  -0.00108637    0.0190174
 -0.00108637  0.000318359 -6.41796e-05
   0.0190174 -6.41796e-05      0.05621
   0.0908121  -0.00149322     0.015453
 -0.00149322   0.00022814  -0.00060674
    0.015453  -0.00060674     0.053452
   0.0936733 -0.000380578    0.0307323
-0.000380578    0.0005041   0.00181977
   0.0307323   0.00181977    0.0699169
    0.100373  0.000142307    0.0239944
 0.000142307  0.000348545  0.000796776
   0.0239944  0.000796776    0.0609733
   0.0885608   -0.0013343    0.0378718
  -0.0013343  0.000751413   0.00288159
   0.0378718   0.00288159    0.0790837
   0.0833075  -0.00258125     0.043597
 -0.00258125   0.00103568   0.00368457
    0.043597   0.00368457    0.0862968
   0.0781611  -0.00307411    0.0378634
 -0.00307411  0.000799622   0.00196123
   0.0378634   0.00196123     0.080684
   0.0766694   -0.0098356    0.0389027
  -0.0098356   0.00233111  -0.00161598
   0.0389027  -0.00161598    0.0928956
   0.0799248  -0.00991206    0.0408171
 -0.00991206   0.00227636  -0.00201351
   0.0408171  -0.00201351    0.0932074
   0.0786315   -0.0100709      0.03704
  -0.0100709   0.00221761  -0.00499707
     0.03704  -0.00499707    0.0917296
   0.0751566  -0.00981186    0.0350433
 -0.00981186   0.00221493  -0.00451126
   0.0350433  -0.00451126     0.091427
   0.0798662  -0.00984106    0.0374853
 -0.00984106   0.00210984  -0.00517884
   0.0374853  -0.00517884    0.0913691
   0.0773223  -0.00989631    0.0331941
 -0.00989631    0.0023578  -0.00794039
   0.0331941  -0.00794039    0.0902529
   0.0788223  -0.00975435    0.0337292
 -0.00975435   0.00227572  -0.00811536
   0.0337292  -0.00811536    0.0899606
   0.0778133  -0.00933232    0.0298899
 -0.00933232   0.00263281   -0.0109866
   0.0298899   -0.0109866     0.088613
   0.0735058  -0.00947471    0.0311215
 -0.00947471   0.00231646  -0.00738188
   0.0311215  -0.00738188    0.0898921
    0.075887  -0.00937552      0.02927
 -0.00937552   0.00271387   -0.0108353
     0.02927   -0.0108353    0.0887727
   0.0716414  -0.00880814    0.0271698
 -0.00880814   0.00265802   -0.0102483
   0.0271698   -0.0102483    0.0882959
    0.078186  -0.00922692    0.0327326
 -0.00922692   0.00211621  -0.00802073
   0.0327326  -0.00802073    0.0890241
   0.0774121  -0.00879986    0.0289186
 -0.00879986   0.00245412   -0.0107846
   0.0289186   -0.0107846    0.0877652
   0.0755024  -0.00805555    0.0267694
 -0.00805555    0.0022444   -0.0103933
   0.0267694   -0.0103933    0.0864368
    0.076221  -0.00860944    0.0306751
 -0.00860944   0.00196342  -0.00784687
   0.0306751  -0.00784687    0.0876898
   0.0790728   -0.0093465    0.0364661
  -0.0093465   0.00196003  -0.00521296
   0.0364661  -0.00521296    0.0904113
   0.0771437   -0.0088729    0.0345112
  -0.0088729   0.00182984  -0.00527937
   0.0345112  -0.00527937    0.0891264
   0.0801117  -0.00912924    0.0401611
 -0.00912924   0.00196305  -0.00240569
   0.0401611  -0.00240569    0.0919293
   0.0809681  -0.00959452    0.0411803
 -0.00959452   0.00213577  -0.00222027
   0.0411803  -0.00222027     0.092849
   0.0781648  -0.00878343    0.0382441
 -0.00878343   0.00182258  -0.00272861
   0.0382441  -0.00272861    0.0906876
   0.0694624  -0.00776285    0.0232652
 -0.00776285   0.00331016   -0.0131345
   0.0232652   -0.0131345    0.0866346
   0.0742085   -0.0084472    0.0253316
  -0.0084472   0.00332723   -0.0136753
   0.0253316   -0.0136753    0.0872909
   0.0720926  -0.00711888    0.0214566
 -0.00711888   0.00421672   -0.0164795
   0.0214566   -0.0164795    0.0858158
   0.0669077  -0.00630474    0.0195197
 -0.00630474    0.0042796    -0.016065
   0.0195197    -0.016065    0.0849364
   0.0752709  -0.00730317    0.0221468
 -0.00730317   0.00400075   -0.0164183
   0.0221468   -0.0164183    0.0861112
   0.0695793  -0.00522945    0.0176565
 -0.00522945   0.00549302   -0.0193698
   0.0176565   -0.0193698    0.0843465
   0.0734028  -0.00556791    0.0182977
 -0.00556791   0.00511391   -0.0191004
   0.0182977   -0.0191004    0.0849375
   0.0711375  -0.00317921    0.0144547
 -0.00317921   0.00665441   -0.0219135
   0.0144547   -0.0219135    0.0838068
   0.0640554  -0.00430796    0.0159464
 -0.00430796   0.00571944   -0.0191728
   0.0159464   -0.0191728    0.0832419
   0.0667366  -0.00270974    0.0139232
 -0.00270974   0.00728509    -0.022458
   0.0139232    -0.022458    0.0829453
   0.0609505  -0.00172949    0.0124767
 -0.00172949   0.00775867   -0.0225453
   0.0124767   -0.0225453    0.0816673
   0.0749191  -0.00528096    0.0174179
 -0.00528096   0.00461292    -0.018366
   0.0174179    -0.018366    0.0847769
    0.073433  -0.00307251    0.0135828
 -0.00307251   0.00590559   -0.0209065
   0.0135828   -0.0209065    0.0839703
   0.0735937  -0.00247364    0.0112558
 -0.00247364   0.00510593   -0.0195388
   0.0112558   -0.0195388    0.0834049
   0.0743433  -0.00453339    0.0151144
 -0.00453339   0.00406079   -0.0172911
   0.0151144   -0.0172911    0.0839173
   0.0760494  -0.00689232    0.0212605
 -0.00689232   0.00367539   -0.0159138
   0.0212605   -0.0159138    0.0856558
   0.0747781  -0.00605837     0.018983
 -0.00605837   0.00328454   -0.0150947
    0.018983   -0.0150947    0.0845637
   0.0768397  -0.00801504    0.0250928
 -0.00801504   0.00297905   -0.0134229
   0.0250928   -0.0134229    0.0866439
   0.0767411  -0.00851377    0.0260155
 -0.00851377   0.00321057   -0.0137547
   0.0260155   -0.0137547    0.0873276
   0.0750864  -0.00719136    0.0228563
 -0.00719136   0.00269593   -0.0128298
   0.0228563   -0.0128298    0.0853926
   0.0687339  -7.5383e-05  -0.00239627
 -7.5383e-05   0.00258979   -0.0136262
 -0.00239627   -0.0136262     0.078772
   0.0680019  -0.00198597    0.0018375
 -0.00198597   0.00230448   -0.0126139
   0.0018375   -0.0126139    0.0786552
   0.0690632  -0.00225701   0.00508328
 -0.00225701   0.00263514   -0.0137098
  0.00508328   -0.0137098    0.0798596
   0.0688567  -0.00394229    0.0093566
 -0.00394229   0.00231923   -0.0124122
   0.0093566   -0.0124122     0.080204
   0.0667063   -0.0036078   0.00570559
  -0.0036078   0.00208461   -0.0115356
  0.00570559   -0.0115356    0.0787975
   0.0704269  -0.00440598    0.0126274
 -0.00440598   0.00257527   -0.0132588
   0.0126274   -0.0132588    0.0816472
   0.0682506  -0.00538376    0.0134872
 -0.00538376   0.00206336   -0.0109354
   0.0134872   -0.0109354    0.0805617
   0.0706119   -0.0057952    0.0168856
  -0.0057952   0.00223166   -0.0115547
   0.0168856   -0.0115547    0.0823437
   0.0706812  -0.00697074     0.020973
 -0.00697074   0.00196005  -0.00965536
    0.020973  -0.00965536    0.0832214
    0.064901  -0.00501257   0.00939562
 -0.00501257   0.00189096   -0.0102014
  0.00939562   -0.0102014    0.0785642
   0.0672113   -0.0065615    0.0171971
  -0.0065615   0.00184253  -0.00921051
   0.0171971  -0.00921051    0.0808391
   0.0631792  -0.00615497    0.0122265
 -0.00615497   0.00172568  -0.00869502
   0.0122265  -0.00869502    0.0794959
   0.0727584  -0.00637758    0.0199608
 -0.00637758   0.00242949   -0.0121644
   0.0199608   -0.0121644    0.0838811
   0.0731885  -0.00741702    0.0240733
 -0.00741702   0.00207996    -0.010007
   0.0240733    -0.010007    0.0849296
   0.0725051  -0.00513521    0.0158893
 -0.00513521   0.00290144   -0.0141604
   0.0158893   -0.0141604    0.0831221
   0.0724721  -0.00359715    0.0118838
 -0.00359715   0.00351781   -0.0160655
   0.0118838   -0.0160655    0.0826324
   0.0703348  -0.00277593   0.00836881
 -0.00277593   0.00303667   -0.0148578
  0.00836881   -0.0148578    0.0813027
    0.070503 -0.000841032    0.0042312
-0.000841032   0.00365697   -0.0164753
   0.0042312   -0.0164753    0.0812229
   0.0723335  -0.00164544    0.0079235
 -0.00164544   0.00434152   -0.0180051
   0.0079235   -0.0180051    0.0823439
   0.0690939 -0.000279177  0.000689945
-0.000279177   0.00307232    -0.015012
 0.000689945    -0.015012    0.0800364
   0.0623862  -0.00698863    0.0149843
 -0.00698863   0.00161536  -0.00713211
   0.0149843  -0.00713211    0.0809893
   0.0661904  -0.00737225      0.02025
 -0.00737225    0.0016924  -0.00737883
     0.02025  -0.00737883    0.0814951
    0.065712  -0.00783015    0.0225986
 -0.00783015   0.00159402  -0.00557708
   0.0225986  -0.00557708    0.0830921
   0.0626758  -0.00758661    0.0180318
 -0.00758661   0.00154073  -0.00557555
   0.0180318  -0.00557555    0.0825866
   0.0704068  -0.00822779    0.0280242
 -0.00822779   0.00167026   -0.0055382
   0.0280242   -0.0055382    0.0848674
   0.0663263   -0.0080371    0.0254139
  -0.0080371   0.00154325  -0.00386561
   0.0254139  -0.00386561    0.0851077
   0.0704395  -0.00829207    0.0309602
 -0.00829207   0.00162181  -0.00352685
   0.0309602  -0.00352685    0.0859685
   0.0630162   -0.0078594    0.0215798
  -0.0078594   0.00148289  -0.00405091
   0.0215798  -0.00405091    0.0835663
   0.0750359  -0.00855767    0.0352914
 -0.00855767   0.00172043  -0.00313908
   0.0352914  -0.00313908     0.088743
   0.0744126  -0.00854118    0.0318074
 -0.00854118   0.00174651  -0.00543471
   0.0318074  -0.00543471     0.087499
   0.0738408  -0.00815276    0.0280812
 -0.00815276   0.00186101  -0.00773987
   0.0280812  -0.00773987     0.086183
   0.0705537  -0.00777947    0.0247137
 -0.00777947   0.00177858  -0.00761237
   0.0247137  -0.00761237    0.0840555
   0.0582183  -0.00730082    0.0158656
 -0.00730082   0.00141005  -0.00435783
   0.0158656  -0.00435783    0.0812612
   0.0591918  -0.00726309    0.0137012
 -0.00726309   0.00150112  -0.00559735
   0.0137012  -0.00559735    0.0816034
   0.0541623  -0.00621101   0.00791884
 -0.00621101   0.00135725  -0.00524135
  0.00791884  -0.00524135    0.0790095
   0.0597851  -0.00676253    0.0110048
 -0.00676253   0.00157913  -0.00699346
   0.0110048  -0.00699346    0.0810083
   0.0556072  -0.00608721    0.0057499
 -0.00608721   0.00146417  -0.00648215
   0.0057499  -0.00648215    0.0798995
   0.0573665  -0.00554899   0.00354753
 -0.00554899   0.00156663  -0.00786259
  0.00354753  -0.00786259    0.0797788
   0.0602646  -0.00583853   0.00752991
 -0.00583853   0.00164938  -0.00835113
  0.00752991  -0.00835113    0.0801654
   0.0537559  -0.00489288  -0.00019533
 -0.00489288   0.00138982  -0.00677626
 -0.00019533  -0.00677626    0.0786527
   0.0618514  -0.00468076   0.00440082
 -0.00468076   0.00174462  -0.00956549
  0.00440082  -0.00956549    0.0790626
   0.0638943  -0.00332844   0.00104328
 -0.00332844   0.00185424    -0.010566
  0.00104328    -0.010566    0.0781199
    0.061171  -0.00311161  -0.00317846
 -0.00311161   0.00165123  -0.00963155
 -0.00317846  -0.00963155    0.0776098
   0.0661413   -0.0017934  -0.00221545
  -0.0017934   0.00199505   -0.0114559
 -0.00221545   -0.0114559    0.0778331
   0.0633005  -0.00170417  -0.00647735
 -0.00170417   0.00169893   -0.0101695
 -0.00647735   -0.0101695    0.0766655
   0.0664427   -2.045e-05  -0.00970718
  -2.045e-05   0.00179831   -0.0108007
 -0.00970718   -0.0108007    0.0767092
   0.0679014 -3.76563e-05  -0.00572679
-3.76563e-05   0.00217683   -0.0122486
 -0.00572679   -0.0122486    0.0777468
   0.0610053  -0.00169518  -0.00980296
 -0.00169518   0.00146435  -0.00902223
 -0.00980296  -0.00902223    0.0757471
   0.0634764 -0.000246232   -0.0132078
-0.000246232   0.00146646  -0.00924369
  -0.0132078  -0.00924369    0.0751911
   0.0609435 -0.000408313   -0.0161122
-0.000408313   0.00121415  -0.00792188
  -0.0161122  -0.00792188    0.0747119
   0.0574698  -0.00186115   -0.0126941
 -0.00186115   0.00124804  -0.00776303
  -0.0126941  -0.00776303    0.0752964
   0.0583723  -0.00302076  -0.00660167
 -0.00302076   0.00147216  -0.00866442
 -0.00660167  -0.00866442    0.0768489
   0.0547392  -0.00325473  -0.00807634
 -0.00325473   0.00131582  -0.00756394
 -0.00807634  -0.00756394    0.0768996
   0.0560814   -0.0042963  -0.00268734
  -0.0042963   0.00149446  -0.00811519
 -0.00268734  -0.00811519    0.0789191
   0.0591986  -0.00437091  0.000160007
 -0.00437091    0.0016166  -0.00895497
 0.000160007  -0.00895497    0.0788054
   0.0546675  -0.00182005   -0.0151364
 -0.00182005   0.00109619  -0.00698546
  -0.0151364  -0.00698546     0.075163
   0.0587142 -0.000419631   -0.0186932
-0.000419631   0.00101788  -0.00686821
  -0.0186932  -0.00686821    0.0741441
   0.0245135   -0.0196151   -0.0143378
  -0.0196151    0.0187686    0.0198025
  -0.0143378    0.0198025    0.0850011
   0.0249164   -0.0199906   -0.0120878
  -0.0199906    0.0188356    0.0185418
  -0.0120878    0.0185418    0.0861958
   0.0246659   -0.0178764   -0.0109478
  -0.0178764    0.0148419    0.0142414
  -0.0109478    0.0142414    0.0875929
   0.0255103   -0.0182646  -0.00850787
  -0.0182646    0.0151924    0.0141168
 -0.00850787    0.0141168    0.0890058
   0.0258426    -0.020312  -0.00950408
   -0.020312    0.0190312    0.0181113
 -0.00950408    0.0181113    0.0872737
   0.0255574    -0.016682   -0.0075178
   -0.016682     0.012407    0.0107628
  -0.0075178    0.0107628     0.090764
   0.0268566   -0.0184477  -0.00569918
  -0.0184477    0.0154925    0.0148363
 -0.00569918    0.0148363       0.0903
   0.0266434   -0.0168078  -0.00479006
  -0.0168078    0.0126678    0.0116041
 -0.00479006    0.0116041    0.0923791
   0.0282377   -0.0167194  -0.00183836
  -0.0167194    0.0127884    0.0130771
 -0.00183836    0.0130771    0.0938965
   0.0273542   -0.0205156  -0.00671393
  -0.0205156    0.0193048    0.0186584
 -0.00671393    0.0186584    0.0883699
   0.0288315   -0.0185105  -0.00284934
  -0.0185105    0.0157916    0.0163927
 -0.00284934    0.0163927    0.0916766
   0.0292649   -0.0204912  -0.00372733
  -0.0204912    0.0196075    0.0200258
 -0.00372733    0.0200258    0.0893472
   0.0269697   -0.0157352  -0.00414986
  -0.0157352    0.0106916   0.00906626
 -0.00414986   0.00906626    0.0939286
   0.0281651   -0.0155341  -0.00131986
  -0.0155341    0.0106763    0.0104215
 -0.00131986    0.0104215    0.0954805
   0.0288537   -0.0150165  -0.00146784
  -0.0150165    0.0092795   0.00852826
 -0.00146784   0.00852826    0.0961841
   0.0278974   -0.0152425  -0.00399808
  -0.0152425   0.00934297   0.00733388
 -0.00399808   0.00733388     0.094653
   0.0262524   -0.0157259  -0.00672374
  -0.0157259    0.0105271   0.00823857
 -0.00672374   0.00823857    0.0922593
     0.02792   -0.0154549  -0.00662345
  -0.0154549   0.00923642   0.00664949
 -0.00662345   0.00664949    0.0896869
   0.0259898    -0.015377  -0.00889279
   -0.015377    0.0100553   0.00805935
 -0.00889279   0.00805935    0.0881731
   0.0247949   -0.0162416  -0.00975835
  -0.0162416     0.011978    0.0106583
 -0.00975835    0.0106583    0.0889785
   0.0243991   -0.0155873    -0.011526
  -0.0155873    0.0114747    0.0113468
   -0.011526    0.0113468    0.0858784
   0.0279027   -0.0151623  -0.00889668
  -0.0151623    0.0088195   0.00675531
 -0.00889668   0.00675531    0.0863503
   0.0257124   -0.0147272   -0.0107197
  -0.0147272   0.00953515   0.00876383
  -0.0107197   0.00876383    0.0851872
   0.0276413   -0.0144593   -0.0104999
  -0.0144593   0.00823835   0.00731415
  -0.0104999   0.00731415    0.0837194
   0.0242775   -0.0173505    -0.012998
  -0.0173505    0.0145224    0.0151795
   -0.012998    0.0151795    0.0860576
   0.0313188   -0.0202466 -0.000785493
  -0.0202466    0.0201601    0.0220444
-0.000785493    0.0220444    0.0901789
    0.030988   -0.0183595 -2.05309e-05
  -0.0183595    0.0162359    0.0184959
-2.05309e-05    0.0184959    0.0929194
   0.0330051   -0.0180396   0.00249118
  -0.0180396    0.0168518    0.0207787
  0.00249118    0.0207787    0.0939941
   0.0332092   -0.0198167   0.00183346
  -0.0198167    0.0209522    0.0243649
  0.00183346    0.0243649     0.090833
   0.0325943   -0.0164538   0.00319024
  -0.0164538    0.0135221    0.0172206
  0.00319024    0.0172206    0.0970746
   0.0345636   -0.0175949   0.00440593
  -0.0175949    0.0176217    0.0229235
  0.00440593    0.0229235    0.0948395
   0.0342947   -0.0161527   0.00494448
  -0.0161527    0.0140781    0.0190638
  0.00494448    0.0190638    0.0983385
   0.0353137   -0.0158319   0.00591532
  -0.0158319    0.0146902    0.0203659
  0.00591532    0.0203659    0.0993215
   0.0345885   -0.0192204   0.00385791
  -0.0192204    0.0219294    0.0266918
  0.00385791    0.0266918    0.0912577
   0.0353973   -0.0170958   0.00554575
  -0.0170958    0.0184439    0.0246439
  0.00554575    0.0246439    0.0954184
   0.0352268   -0.0185317   0.00511724
  -0.0185317    0.0229604    0.0287385
  0.00511724    0.0287385    0.0914258
   0.0340456   -0.0150376   0.00499413
  -0.0150376    0.0113264    0.0154515
  0.00499413    0.0154515     0.100734
   0.0353121   -0.0149025    0.0057002
  -0.0149025    0.0117794    0.0163247
   0.0057002    0.0163247     0.102182
   0.0359639    -0.014559    0.0046834
   -0.014559   0.00968349     0.012846
   0.0046834     0.012846        0.103
   0.0342953    -0.014459   0.00424833
   -0.014459   0.00933695     0.012389
  0.00424833     0.012389     0.101149
   0.0321337   -0.0151716    0.0034946
  -0.0151716     0.010941    0.0139606
   0.0034946    0.0139606    0.0989837
   0.0320424   -0.0143833   0.00303747
  -0.0143833   0.00907837    0.0112728
  0.00303747    0.0112728    0.0989836
    0.029846   -0.0152409   0.00139794
  -0.0152409    0.0106685    0.0121164
  0.00139794    0.0121164    0.0969866
   0.0304618   -0.0166571  0.000830033
  -0.0166571    0.0130876    0.0151205
 0.000830033    0.0151205    0.0955696
   0.0302498   -0.0146657   0.00104999
  -0.0146657   0.00912091   0.00990501
  0.00104999   0.00990501    0.0975719
   0.0515979   -0.0233352  -0.00663968
  -0.0233352    0.0114077   0.00861049
 -0.00663968   0.00861049    0.0820059
   0.0485207   -0.0223667  -0.00577664
  -0.0223667    0.0111487   0.00904597
 -0.00577664   0.00904597    0.0837133
     0.04327   -0.0189763  -0.00219475
  -0.0189763   0.00941759   0.00860905
 -0.00219475   0.00860905    0.0912825
   0.0409374   -0.0188915  -0.00283607
  -0.0188915   0.00969957   0.00862777
 -0.00283607   0.00862777    0.0904467
   0.0473323   -0.0228914  -0.00737535
  -0.0228914     0.011812   0.00924299
 -0.00737535   0.00924299    0.0791372
   0.0369516    -0.016483 -3.40744e-05
   -0.016483   0.00864177   0.00859178
-3.40744e-05   0.00859178    0.0955464
   0.0401243   -0.0196671  -0.00530343
  -0.0196671    0.0104315   0.00852379
 -0.00530343   0.00852379    0.0848554
     0.03524    -0.016775  -0.00174829
   -0.016775   0.00902774   0.00803325
 -0.00174829   0.00803325    0.0944301
   0.0346439   -0.0174667  -0.00469194
  -0.0174667   0.00957312   0.00755805
 -0.00469194   0.00755805    0.0879666
    0.044859   -0.0227393  -0.00849616
  -0.0227393    0.0121913   0.00949161
 -0.00849616   0.00949161    0.0769621
   0.0387295   -0.0198614  -0.00707065
  -0.0198614    0.0108326   0.00837557
 -0.00707065   0.00837557    0.0812891
   0.0431036   -0.0226143  -0.00970035
  -0.0226143    0.0124674   0.00967366
 -0.00970035   0.00967366    0.0749611
   0.0320986   -0.0152121 -7.11959e-05
  -0.0152121   0.00861257   0.00852361
-7.11959e-05   0.00852361    0.0966357
   0.0306996   -0.0155014  -0.00232239
  -0.0155014    0.0088664   0.00748772
 -0.00232239   0.00748772    0.0953739
   0.0338233   -0.0149153   0.00178595
  -0.0149153   0.00837437   0.00945521
  0.00178595   0.00945521    0.0978379
   0.0358545   -0.0148958    0.0028026
  -0.0148958   0.00836743    0.0100747
   0.0028026    0.0100747    0.0990022
   0.0388622   -0.0163996  0.000820098
  -0.0163996   0.00843721   0.00883746
 0.000820098   0.00883746    0.0964777
    0.041323   -0.0169376  0.000461304
  -0.0169376   0.00864835   0.00859967
 0.000461304   0.00859967    0.0966339
   0.0381532    -0.015298   0.00304335
   -0.015298   0.00866906    0.0101393
  0.00304335    0.0101393     0.101155
   0.0461466   -0.0197807  -0.00288645
  -0.0197807   0.00966981   0.00823102
 -0.00288645   0.00823102    0.0904203
   0.0423658   -0.0226322   -0.0103155
  -0.0226322    0.0126541   0.00972565
  -0.0103155   0.00972565     0.075575
   0.0376154   -0.0196718  -0.00843387
  -0.0196718    0.0108308   0.00811197
 -0.00843387   0.00811197    0.0799782
   0.0377269   -0.0197714   -0.0101623
  -0.0197714    0.0108985   0.00854562
  -0.0101623   0.00854562    0.0782841
   0.0413912   -0.0220418   -0.0111384
  -0.0220418    0.0123213   0.00996758
  -0.0111384   0.00996758    0.0755791
   0.0341414   -0.0177304  -0.00895061
  -0.0177304   0.00971904   0.00744853
 -0.00895061   0.00744853     0.081184
   0.0372292   -0.0187535   -0.0113164
  -0.0187535    0.0101732   0.00912295
  -0.0113164   0.00912295    0.0772846
    0.033817   -0.0169074   -0.0104042
  -0.0169074    0.0090177    0.0075009
  -0.0104042    0.0075009    0.0801825
   0.0328672      -0.0155   -0.0112348
     -0.0155   0.00800967   0.00755106
  -0.0112348   0.00755106    0.0800387
   0.0409565   -0.0210034   -0.0125376
  -0.0210034    0.0115684     0.010576
  -0.0125376     0.010576    0.0734434
   0.0362785   -0.0171829   -0.0121615
  -0.0171829   0.00904289   0.00923308
  -0.0121615   0.00923308    0.0751392
   0.0399063   -0.0192967   -0.0133067
  -0.0192967    0.0104886    0.0111384
  -0.0133067    0.0111384    0.0710853
   0.0307166    -0.015758  -0.00938957
   -0.015758   0.00857782   0.00657956
 -0.00938957   0.00657956    0.0838467
    0.029955    -0.014651   -0.0107637
   -0.014651   0.00772639   0.00686788
  -0.0107637   0.00686788    0.0837385
   0.0306989   -0.0161762  -0.00753486
  -0.0161762   0.00904513   0.00647835
 -0.00753486   0.00647835    0.0859906
    0.030292   -0.0158928  -0.00512444
  -0.0158928   0.00904484   0.00666051
 -0.00512444   0.00666051    0.0895074
   0.0340856   -0.0176831  -0.00679522
  -0.0176831   0.00975799   0.00719255
 -0.00679522   0.00719255    0.0844557
   0.0350538   -0.0178041   0.00555551
  -0.0178041    0.0238521    0.0303489
  0.00555551    0.0303489    0.0914063
   0.0354014   -0.0165814   0.00584243
  -0.0165814    0.0191423    0.0258177
  0.00584243    0.0258177    0.0957926
   0.0346484   -0.0160546    0.0053673
  -0.0160546    0.0196683    0.0263762
   0.0053673    0.0263762     0.096052
   0.0341649   -0.0170552   0.00524951
  -0.0170552    0.0245556    0.0314111
  0.00524951    0.0314111    0.0912914
   0.0349057   -0.0151902    0.0053721
  -0.0151902    0.0156205    0.0209954
   0.0053721    0.0209954     0.100662
   0.0333247   -0.0154897   0.00425544
  -0.0154897    0.0198899    0.0264275
  0.00425544    0.0264275    0.0962231
   0.0336976   -0.0148091   0.00406046
  -0.0148091    0.0157623    0.0204653
  0.00406046    0.0204653     0.101122
    0.032125   -0.0143154   0.00228334
  -0.0143154    0.0155448    0.0196383
  0.00228334    0.0196383      0.10145
   0.0327476   -0.0162871   0.00432822
  -0.0162871    0.0249408    0.0320117
  0.00432822    0.0320117    0.0911159
   0.0316753    -0.014859   0.00268145
   -0.014859    0.0197331    0.0261606
  0.00268145    0.0261606    0.0963188
   0.0310525     -0.01551   0.00296366
    -0.01551    0.0249409    0.0322821
  0.00296366    0.0322821    0.0908993
    0.034221   -0.0143904   0.00331461
  -0.0143904    0.0126179    0.0147485
  0.00331461    0.0147485     0.104852
   0.0327521   -0.0140197   0.00137052
  -0.0140197    0.0124257    0.0134096
  0.00137052    0.0134096     0.105349
   0.0342035   -0.0142463 -0.000256845
  -0.0142463    0.0103134   0.00811449
-0.000256845   0.00811449     0.107113
    0.035541   -0.0144981   0.00179421
  -0.0144981    0.0104341   0.00987682
  0.00179421   0.00987682     0.106486
   0.0352816    -0.014603    0.0047998
   -0.014603    0.0125022    0.0158477
   0.0047998    0.0158477     0.104157
   0.0364244   -0.0145794   0.00339924
  -0.0145794    0.0102927    0.0114408
  0.00339924    0.0114408     0.105607
   0.0356967   -0.0147521   0.00563888
  -0.0147521    0.0121694    0.0164445
  0.00563888    0.0164445     0.103272
   0.0355013   -0.0155123   0.00603646
  -0.0155123    0.0152162    0.0210165
  0.00603646    0.0210165     0.100067
   0.0366314   -0.0145859   0.00438391
  -0.0145859    0.0100098    0.0125162
  0.00438391    0.0125162     0.104478
   0.0292988   -0.0146732   0.00131063
  -0.0146732    0.0246096    0.0323682
  0.00131063    0.0323682    0.0906756
   0.0299271   -0.0141344  0.000815008
  -0.0141344    0.0192239    0.0257849
 0.000815008    0.0257849    0.0963713
   0.0282792    -0.013301   -0.0011392
   -0.013301    0.0184788    0.0254725
  -0.0011392    0.0254725    0.0958972
   0.0276429   -0.0137936 -0.000462099
  -0.0137936    0.0240328    0.0323832
-0.000462099    0.0323832    0.0902301
   0.0289253   -0.0128923  -0.00184787
  -0.0128923    0.0141381    0.0180753
 -0.00184787    0.0180753     0.101368
    0.027272   -0.0124378  -0.00266616
  -0.0124378    0.0176084    0.0253068
 -0.00266616    0.0253068    0.0954053
   0.0281611   -0.0120554  -0.00362052
  -0.0120554    0.0131845    0.0177049
 -0.00362052    0.0177049     0.100507
   0.0289953   -0.0112289  -0.00483957
  -0.0112289    0.0122352    0.0177271
 -0.00483957    0.0177271     0.100079
    0.027037   -0.0130591  -0.00186234
  -0.0130591    0.0233428    0.0323742
 -0.00186234    0.0323742    0.0894202
   0.0277762   -0.0117196   -0.0037173
  -0.0117196    0.0167504    0.0252704
  -0.0037173    0.0252704    0.0942296
   0.0286283   -0.0127285  -0.00256314
  -0.0127285     0.022803    0.0324017
 -0.00256314    0.0324017    0.0887964
   0.0291062   -0.0118122  -0.00487508
  -0.0118122    0.0101097    0.0104238
 -0.00487508    0.0104238     0.104879
   0.0300983   -0.0109367  -0.00652546
  -0.0109367   0.00912274     0.010373
 -0.00652546     0.010373     0.103906
   0.0325874   -0.0111831  -0.00840238
  -0.0111831   0.00731638   0.00417303
 -0.00840238   0.00417303     0.106749
   0.0310043   -0.0121174  -0.00663257
  -0.0121174   0.00831468    0.0042715
 -0.00663257    0.0042715     0.107398
   0.0296957   -0.0126592   -0.0029993
  -0.0126592    0.0110822    0.0110337
  -0.0029993    0.0110337     0.105703
   0.0313796   -0.0129919  -0.00477245
  -0.0129919   0.00920934   0.00512103
 -0.00477245   0.00512103     0.107509
   0.0311196    -0.013429 -0.000834853
   -0.013429     0.011891    0.0121003
-0.000834853    0.0121003     0.105672
   0.0304219   -0.0136582  0.000224258
  -0.0136582    0.0149722    0.0187751
 0.000224258    0.0187751     0.101673
   0.0326526   -0.0137258   -0.0025463
  -0.0137258   0.00991161    0.0064568
  -0.0025463    0.0064568     0.107503
   0.0529336   -0.0220276   -0.0199719
  -0.0220276    0.0111054  -0.00100225
  -0.0199719  -0.00100225    0.0847694
   0.0528686     -0.02326   -0.0186011
    -0.02326    0.0119053 -0.000964236
  -0.0186011 -0.000964236    0.0842797
   0.0453525   -0.0190639    -0.015443
  -0.0190639   0.00996082  -0.00235361
   -0.015443  -0.00235361    0.0942286
   0.0462336   -0.0200564   -0.0135006
  -0.0200564     0.010515  -0.00151737
  -0.0135006  -0.00151737     0.094146
   0.0539875   -0.0241463   -0.0167514
  -0.0241463    0.0122801 -0.000280438
  -0.0167514 -0.000280438    0.0842493
   0.0395356   -0.0166736   -0.0100883
  -0.0166736   0.00919137  -0.00134966
  -0.0100883  -0.00134966     0.102013
   0.0475321   -0.0206699   -0.0113846
  -0.0206699    0.0106824 -9.46887e-05
  -0.0113846 -9.46887e-05    0.0939302
   0.0409017   -0.0173914  -0.00784137
  -0.0173914   0.00956397  0.000161956
 -0.00784137  0.000161956     0.101821
   0.0422413   -0.0177298  -0.00561504
  -0.0177298    0.0095925   0.00211072
 -0.00561504   0.00211072     0.101333
   0.0552429   -0.0247272    -0.014754
  -0.0247272    0.0123708  0.000913885
   -0.014754  0.000913885    0.0840198
   0.0486831   -0.0209698  -0.00926259
  -0.0209698     0.010621   0.00173172
 -0.00926259   0.00173172    0.0934077
   0.0561846   -0.0249971    -0.012709
  -0.0249971    0.0122812   0.00247222
   -0.012709   0.00247222    0.0835813
   0.0360098   -0.0151088  -0.00471467
  -0.0151088   0.00923801   0.00226063
 -0.00471467   0.00226063     0.106515
   0.0374811   -0.0155393   -0.0024063
  -0.0155393   0.00945859   0.00414952
  -0.0024063   0.00414952     0.106082
   0.0347233   -0.0143831  -0.00698108
  -0.0143831   0.00870707  0.000752333
 -0.00698108  0.000752333     0.106757
   0.0343892   -0.0134641  -0.00898628
  -0.0134641   0.00790195 -0.000149674
 -0.00898628 -0.000149674     0.106451
    0.038993   -0.0157215   -0.0120088
  -0.0157215   0.00853117  -0.00232747
  -0.0120088  -0.00232747     0.102303
   0.0404638   -0.0145766   -0.0135314
  -0.0145766   0.00760372  -0.00249065
  -0.0135314  -0.00249065     0.102687
   0.0361094   -0.0124105   -0.0105937
  -0.0124105   0.00692825 -0.000356598
  -0.0105937 -0.000356598     0.107189
   0.0464205   -0.0178903   -0.0167129
  -0.0178903   0.00911334  -0.00255481
  -0.0167129  -0.00255481    0.0955643
   0.0566269   -0.0250712   -0.0107425
  -0.0250712    0.0121472   0.00420053
  -0.0107425   0.00420053    0.0831567
   0.0494492   -0.0210614  -0.00722573
  -0.0210614    0.0104608   0.00371407
 -0.00722573   0.00371407     0.092666
   0.0493049   -0.0208454  -0.00528414
  -0.0208454    0.0102159   0.00553684
 -0.00528414   0.00553684    0.0917636
   0.0556257   -0.0245569  -0.00893164
  -0.0245569      0.01182   0.00596273
 -0.00893164   0.00596273    0.0828135
   0.0436244   -0.0177557  -0.00172553
  -0.0177557   0.00925928   0.00615058
 -0.00172553   0.00615058    0.0994274
   0.0479755   -0.0202717  -0.00383467
  -0.0202717   0.00986749   0.00713874
 -0.00383467   0.00713874    0.0909115
   0.0430888   -0.0174765 -0.000305885
  -0.0174765   0.00897609   0.00765302
-0.000305885   0.00765302    0.0981081
   0.0539462   -0.0239431  -0.00752607
  -0.0239431    0.0115412   0.00749881
 -0.00752607   0.00749881     0.082412
   0.0392734   -0.0155533   0.00252918
  -0.0155533   0.00897051   0.00944639
  0.00252918   0.00944639     0.102936
   0.0393675   -0.0156812   0.00136106
  -0.0156812   0.00925603   0.00805419
  0.00136106   0.00805419     0.104338
   0.0386784   -0.0156928 -0.000321059
  -0.0156928   0.00943391   0.00618159
-0.000321059   0.00618159      0.10536
   0.0432304   -0.0178374  -0.00355661
  -0.0178374   0.00948186   0.00421358
 -0.00355661   0.00421358     0.100537
   0.0206399   -0.0315934  -0.00637124
  -0.0315934    0.0957704    0.0543639
 -0.00637124    0.0543639    0.0587751
   0.0216002   -0.0313251  -0.00459339
  -0.0313251    0.0923322    0.0528899
 -0.00459339    0.0528899    0.0605783
   0.0222648   -0.0315088  -0.00695581
  -0.0315088    0.0799024    0.0501816
 -0.00695581    0.0501816    0.0654153
   0.0236597   -0.0313953   -0.0047326
  -0.0313953    0.0770978    0.0484622
  -0.0047326    0.0484622    0.0666781
   0.0229477   -0.0310971  -0.00263486
  -0.0310971    0.0888062    0.0513981
 -0.00263486    0.0513981    0.0621561
   0.0243817     -0.03097  -0.00667098
    -0.03097    0.0658962    0.0449779
 -0.00667098    0.0449779    0.0709674
   0.0253146   -0.0312087  -0.00238722
  -0.0312087    0.0746718     0.047142
