           0            0            0
           0            0            0
           0            0            0
   0.0652089  -0.00516165   0.00827129
 -0.00516165  0.000726263    0.0027028
  0.00827129    0.0027028    0.0483388
   0.0598283  -0.00437132    0.0136829
 -0.00437132  0.000629327   0.00244829
   0.0136829   0.00244829    0.0540699
   0.0547024  -0.00381506    0.0194929
 -0.00381506  0.000619027   0.00230912
   0.0194929   0.00230912    0.0621072
   0.0522524  -0.00385069    0.0232099
 -0.00385069  0.000670443   0.00195223
   0.0232099   0.00195223    0.0690262
   0.0514547  -0.00412917    0.0249483
 -0.00412917  0.000734618   0.00137224
   0.0249483   0.00137224    0.0734584
   0.0468995  -0.00403655    0.0209911
 -0.00403655  0.000656879   0.00100352
   0.0209911   0.00100352    0.0693853
   0.0469088  -0.00441601    0.0196462
 -0.00441601  0.000736975  3.07413e-05
   0.0196462  3.07413e-05    0.0725006
   0.0509816  -0.00456732    0.0234509
 -0.00456732  0.000805577  0.000408922
   0.0234509  0.000408922    0.0755138
   0.0468899  -0.00480664    0.0160758
 -0.00480664  0.000828244  -0.00115081
   0.0160758  -0.00115081     0.073976
   0.0505278  -0.00499721    0.0198659
 -0.00499721  0.000877541 -0.000813368
   0.0198659 -0.000813368     0.076266
   0.0465073  -0.00493891    0.0121781
 -0.00493891  0.000905774  -0.00249151
   0.0121781  -0.00249151    0.0743142
   0.0514676  -0.00544714    0.0182362
 -0.00544714  0.000934495  -0.00176341
   0.0182362  -0.00176341    0.0772267
    0.100696   -0.0023914    0.0288387
  -0.0023914   0.00139557   0.00693122
   0.0288387   0.00693122    0.0624959
   0.0902202  -0.00246004    0.0342579
 -0.00246004   0.00174489   0.00802014
   0.0342579   0.00802014    0.0711103
    0.091152  -0.00186376    0.0344095
 -0.00186376   0.00145836   0.00754341
   0.0344095   0.00754341    0.0713947
   0.0827738  -0.00199084    0.0392695
 -0.00199084   0.00173179   0.00835107
   0.0392695   0.00835107    0.0791003
   0.0815138   -0.0026902    0.0389478
  -0.0026902   0.00203225    0.0087802
   0.0389478    0.0087802    0.0787464
   0.0829345  -0.00177267    0.0390106
 -0.00177267   0.00144795   0.00757642
   0.0390106   0.00757642    0.0791882
   0.0766253  -0.00238252     0.042566
 -0.00238252   0.00191666   0.00861655
    0.042566   0.00861655    0.0848082
   0.0769808  -0.00208035    0.0423799
 -0.00208035   0.00163208   0.00790773
   0.0423799   0.00790773    0.0848759
   0.0722517  -0.00266524    0.0432492
 -0.00266524   0.00172665   0.00761821
   0.0432492   0.00761821     0.087822
   0.0751929  -0.00304162    0.0420971
 -0.00304162   0.00220364   0.00898583
   0.0420971   0.00898583     0.084423
    0.071777  -0.00295582    0.0433709
 -0.00295582   0.00198831   0.00824611
   0.0433709   0.00824611    0.0878039
   0.0703257   -0.0034795    0.0428139
  -0.0034795   0.00223843   0.00857398
   0.0428139   0.00857398     0.087447
   0.0760796  -0.00222917    0.0414605
 -0.00222917    0.0013724   0.00681295
   0.0414605   0.00681295    0.0846002
   0.0717904  -0.00274877    0.0425515
 -0.00274877   0.00148241   0.00660584
   0.0425515   0.00660584    0.0876222
    0.069033  -0.00297258    0.0399666
 -0.00297258   0.00124916   0.00544439
   0.0399666   0.00544439    0.0856254
   0.0729716  -0.00257529    0.0384817
 -0.00257529   0.00113404   0.00558833
   0.0384817   0.00558833    0.0822905
    0.081449  -0.00204899     0.037584
 -0.00204899   0.00119824   0.00647198
    0.037584   0.00647198    0.0786693
    0.077614  -0.00252187    0.0339402
 -0.00252187  0.000979816   0.00529607
   0.0339402   0.00529607    0.0757071
   0.0888144  -0.00231463    0.0318648
 -0.00231463  0.000998033   0.00573746
   0.0318648   0.00573746     0.070419
   0.0908633  -0.00184217    0.0340081
 -0.00184217    0.0012046   0.00674465
   0.0340081   0.00674465    0.0714295
    0.100132  -0.00238205    0.0282437
 -0.00238205  0.000975844   0.00568076
   0.0282437   0.00568076    0.0626112
   0.0842765  -0.00304383    0.0275964
 -0.00304383  0.000846627   0.00471228
   0.0275964   0.00471228    0.0672248
   0.0974233  -0.00323968    0.0253415
 -0.00323968   0.00086615   0.00483539
   0.0253415   0.00483539    0.0611131
   0.0896388   -0.0039268    0.0206419
  -0.0039268  0.000776539    0.0040418
   0.0206419    0.0040418    0.0579218
    0.100929  -0.00209131    0.0287324
 -0.00209131   0.00116199   0.00642973
   0.0287324   0.00642973    0.0626392
   0.0683086  -0.00407658    0.0424309
 -0.00407658   0.00214071   0.00758153
   0.0424309   0.00758153    0.0887904
   0.0697636  -0.00365955    0.0430406
 -0.00365955   0.00193511   0.00729135
   0.0430406   0.00729135    0.0890663
   0.0686052  -0.00447657     0.041335
 -0.00447657   0.00178443   0.00585542
    0.041335   0.00585542    0.0888395
   0.0671706  -0.00479019    0.0407179
 -0.00479019   0.00194436   0.00612754
   0.0407179   0.00612754    0.0886968
   0.0690954  -0.00423898    0.0412211
 -0.00423898   0.00160716   0.00540533
   0.0412211   0.00540533    0.0886308
   0.0675943  -0.00524806    0.0386848
 -0.00524806   0.00159007   0.00404805
   0.0386848   0.00404805    0.0878051
   0.0680288  -0.00504003    0.0385283
 -0.00504003   0.00145326   0.00367125
   0.0385283   0.00367125    0.0874464
    0.067107  -0.00563492    0.0356477
 -0.00563492   0.00129454   0.00166293
   0.0356477   0.00166293    0.0862859
   0.0661697   -0.0054479    0.0380803
  -0.0054479    0.0017057   0.00431795
   0.0380803   0.00431795    0.0878178
   0.0666959   -0.0057981    0.0358283
  -0.0057981    0.0013917    0.0019708
   0.0358283    0.0019708    0.0867735
    0.065226  -0.00588064     0.035213
 -0.00588064   0.00146461   0.00224301
    0.035213   0.00224301    0.0869122
   0.0676848  -0.00499879     0.037755
 -0.00499879   0.00132806   0.00306945
    0.037755   0.00306945    0.0868589
   0.0666755  -0.00555025    0.0347996
 -0.00555025   0.00120206    0.0012086
   0.0347996    0.0012086    0.0855566
   0.0654103  -0.00561112     0.033275
 -0.00561112   0.00113693  0.000578128
    0.033275  0.000578128    0.0845459
   0.0661662  -0.00510388    0.0360482
 -0.00510388   0.00122556   0.00227778
   0.0360482   0.00227778    0.0856999
   0.0688026  -0.00424362    0.0405212
 -0.00424362   0.00144519    0.0046584
   0.0405212    0.0046584    0.0882024
   0.0669815  -0.00438705    0.0385806
 -0.00438705   0.00129211   0.00371718
   0.0385806   0.00371718    0.0869746
   0.0700026  -0.00344927    0.0423033
 -0.00344927   0.00150916   0.00586318
   0.0423033   0.00586318    0.0887153
   0.0702632  -0.00339885    0.0429376
 -0.00339885   0.00171659   0.00675615
   0.0429376   0.00675615    0.0889865
   0.0676953  -0.00361963    0.0400267
 -0.00361963   0.00130729   0.00480082
   0.0400267   0.00480082       0.0871
   0.0549939  -0.00522188    0.0247033
 -0.00522188   0.00094625 -7.63091e-05
   0.0247033 -7.63091e-05    0.0790337
   0.0544401  -0.00463494    0.0264638
 -0.00463494  0.000892485  0.000856136
   0.0264638  0.000856136    0.0782833
   0.0585045  -0.00464125    0.0302881
 -0.00464125  0.000995188   0.00165076
   0.0302881   0.00165076    0.0810954
   0.0551273  -0.00411722    0.0284832
 -0.00411722  0.000831285   0.00182938
   0.0284832   0.00182938     0.076713
   0.0584762  -0.00404198    0.0313802
 -0.00404198  0.000943681   0.00244909
   0.0313802   0.00244909    0.0796306
   0.0597075  -0.00359372    0.0312475
 -0.00359372  0.000870644    0.0030289
   0.0312475    0.0030289    0.0769092
   0.0563078  -0.00378761    0.0273804
 -0.00378761  0.000763092   0.00241969
   0.0273804   0.00241969    0.0734127
   0.0636126  -0.00380049    0.0362963
 -0.00380049   0.00110741   0.00366908
   0.0362963   0.00366908     0.084134
   0.0646797  -0.00324097    0.0359164
 -0.00324097    0.0010302   0.00422341
   0.0359164   0.00422341    0.0820514
    0.063359  -0.00451261    0.0351183
 -0.00451261   0.00113403   0.00272469
   0.0351183   0.00272469    0.0845514
   0.0631475  -0.00520302    0.0329853
 -0.00520302   0.00111986   0.00142784
   0.0329853   0.00142784    0.0839809
   0.0587225  -0.00524712    0.0283001
 -0.00524712   0.00102037  0.000544338
   0.0283001  0.000544338    0.0814067
   0.0589121  -0.00567107    0.0262665
 -0.00567107   0.00102158 -0.000797277
   0.0262665 -0.000797277    0.0810767
    0.062765  -0.00567362    0.0306029
 -0.00567362   0.00107972 -9.63165e-05
   0.0306029 -9.63165e-05    0.0826685
   0.0550747  -0.00559702    0.0219184
 -0.00559702  0.000979252  -0.00134552
   0.0219184  -0.00134552    0.0794252
   0.0595522   -0.0037377    0.0245993
  -0.0037377  0.000694534   0.00270198
   0.0245993   0.00270198    0.0679619
   0.0631449  -0.00391667    0.0193145
 -0.00391667  0.000640159   0.00282606
   0.0193145   0.00282606    0.0608864
   0.0673419  -0.00365989    0.0234184
 -0.00365989  0.000706882   0.00330841
   0.0234184   0.00330841    0.0651417
   0.0697861   -0.0047598    0.0132429
  -0.0047598  0.000684249   0.00283501
   0.0132429   0.00283501    0.0531678
   0.0732343  -0.00426182    0.0173873
 -0.00426182  0.000688334   0.00321751
   0.0173873   0.00321751    0.0574239
   0.0793989  -0.00557757     0.011727
 -0.00557757  0.000859036    0.0030954
    0.011727    0.0030954    0.0499288
   0.0729292  -0.00549701   0.00856463
 -0.00549701  0.000756861   0.00278206
  0.00856463   0.00278206    0.0476786
   0.0764326  -0.00358276    0.0224679
 -0.00358276    0.0007205   0.00378477
   0.0224679   0.00378477    0.0626946
   0.0816769  -0.00444953    0.0163563
 -0.00444953  0.000713155   0.00337712
   0.0163563   0.00337712    0.0543883
   0.0723719  -0.00311315    0.0288449
 -0.00311315  0.000810649   0.00418665
   0.0288449   0.00418665    0.0711273
   0.0681929  -0.00296935    0.0340339
 -0.00296935  0.000919932   0.00435192
   0.0340339   0.00435192    0.0778096
   0.0638142  -0.00349327     0.029093
 -0.00349327  0.000792964   0.00331335
    0.029093   0.00331335    0.0728315
   0.0643135  -0.00606747    0.0321695
 -0.00606747   0.00128937 -1.77299e-05
   0.0321695 -1.77299e-05    0.0859766
   0.0658931   -0.0060853    0.0328175
  -0.0060853   0.00124726 -0.000290245
   0.0328175 -0.000290245    0.0857513
    0.065069  -0.00613604    0.0297212
 -0.00613604   0.00119422   -0.0026509
   0.0297212   -0.0026509    0.0847445
   0.0633501   -0.0060263    0.0290374
  -0.0060263   0.00120766  -0.00237671
   0.0290374  -0.00237671    0.0850155
   0.0656517  -0.00605679    0.0295695
 -0.00605679   0.00114408  -0.00282659
   0.0295695  -0.00282659    0.0841162
   0.0642565  -0.00590945    0.0265234
 -0.00590945   0.00128165  -0.00509146
   0.0265234  -0.00509146    0.0837702
   0.0649897   -0.0058657    0.0263947
  -0.0058657    0.0012419   -0.0052065
   0.0263947   -0.0052065    0.0831407
   0.0643846  -0.00538033    0.0230986
 -0.00538033   0.00149318  -0.00765835
   0.0230986  -0.00765835    0.0822592
   0.0623136  -0.00571557    0.0258087
 -0.00571557    0.0012793  -0.00482697
   0.0258087  -0.00482697     0.084043
   0.0633884  -0.00538406    0.0232098
 -0.00538406   0.00153996  -0.00761407
   0.0232098  -0.00761407    0.0828439
   0.0611579  -0.00511803    0.0224936
 -0.00511803   0.00153829  -0.00738159
   0.0224936  -0.00738159    0.0830769
   0.0646482  -0.00569481    0.0254387
 -0.00569481   0.00118483  -0.00524867
   0.0254387  -0.00524867    0.0821917
   0.0641766  -0.00518962    0.0221146
 -0.00518962   0.00142035  -0.00757798
   0.0221146  -0.00757798    0.0813285
   0.0631994  -0.00495089     0.020467
 -0.00495089   0.00135118  -0.00745832
    0.020467  -0.00745832     0.080177
    0.063599  -0.00553705    0.0238759
 -0.00553705   0.00115042  -0.00531535
   0.0238759  -0.00531535    0.0810648
   0.0652107  -0.00591474    0.0286326
 -0.00591474   0.00109431  -0.00300054
   0.0286326  -0.00300054    0.0831968
   0.0641512  -0.00584144    0.0271556
 -0.00584144   0.00106952  -0.00326281
   0.0271556  -0.00326281    0.0821381
   0.0658854  -0.00585119     0.031735
 -0.00585119   0.00111732 -0.000842141
    0.031735 -0.000842141    0.0843264
   0.0663614  -0.00596893    0.0326415
 -0.00596893   0.00118196 -0.000531339
   0.0326415 -0.000531339    0.0851716
   0.0647577  -0.00584967      0.03028
 -0.00584967   0.00108001  -0.00129486
     0.03028  -0.00129486     0.083327
   0.0598505  -0.00420409    0.0191532
 -0.00420409   0.00204835   -0.0100237
   0.0191532   -0.0100237    0.0821239
   0.0624144  -0.00451746    0.0198336
 -0.00451746   0.00201794   -0.0101906
   0.0198336   -0.0101906    0.0819796
   0.0611803  -0.00335844    0.0164591
 -0.00335844   0.00271913   -0.0127932
   0.0164591   -0.0127932    0.0811848
   0.0583178  -0.00299411    0.0158739
 -0.00299411   0.00279929   -0.0127229
   0.0158739   -0.0127229    0.0812046
   0.0629554  -0.00342344    0.0163132
 -0.00342344   0.00257648   -0.0126245
   0.0163132   -0.0126245    0.0808292
   0.0597176  -0.00182238    0.0131062
 -0.00182238   0.00371838   -0.0154861
   0.0131062   -0.0154861    0.0804448
   0.0618915  -0.00193304    0.0128885
 -0.00193304   0.00348332   -0.0151764
   0.0128885   -0.0151764    0.0802593
   0.0605822 -3.23783e-05   0.00946698
-3.23783e-05   0.00471992   -0.0178546
  0.00946698   -0.0178546    0.0797434
   0.0565789  -0.00142275     0.012676
 -0.00142275   0.00388661   -0.0155499
    0.012676   -0.0155499    0.0803286
    0.058012  0.000107784   0.00979385
 0.000107784    0.0050863   -0.0183269
  0.00979385   -0.0183269    0.0797628
    0.054627  0.000518132   0.00954894
 0.000518132   0.00538047   -0.0185485
  0.00954894   -0.0185485    0.0795278
   0.0628613  -0.00176341    0.0118001
 -0.00176341   0.00320304   -0.0146473
   0.0118001   -0.0146473    0.0796803
   0.0620173  9.82523e-05   0.00832299
 9.82523e-05   0.00430524   -0.0171538
  0.00832299   -0.0171538    0.0793551
   0.0623753  0.000432962   0.00635907
 0.000432962   0.00387428   -0.0162941
  0.00635907   -0.0162941     0.078616
   0.0627516   -0.0014158   0.00990849
  -0.0014158   0.00291527   -0.0139805
  0.00990849   -0.0139805    0.0787685
   0.0634709  -0.00323689    0.0152759
 -0.00323689   0.00240236   -0.0122615
   0.0152759   -0.0122615    0.0800853
    0.062916  -0.00289308    0.0134563
 -0.00289308   0.00221454   -0.0117828
   0.0134563   -0.0117828    0.0790415
   0.0638822  -0.00435291    0.0187175
 -0.00435291   0.00183031  -0.00992805
   0.0187175  -0.00992805    0.0806247
   0.0637859  -0.00455046    0.0197224
 -0.00455046   0.00194174   -0.0101421
   0.0197224   -0.0101421    0.0814857
   0.0630167  -0.00404909    0.0169749
 -0.00404909    0.0017131  -0.00963265
   0.0169749  -0.00963265    0.0794995
   0.0604133   0.00129706  -0.00436273
  0.00129706   0.00245156   -0.0127934
 -0.00436273   -0.0127934    0.0746107
   0.0592978 -0.000610015 -0.000676924
-0.000610015   0.00200052   -0.0113297
-0.000676924   -0.0113297    0.0742933
   0.0602934 -0.000627531   0.00216371
-0.000627531   0.00218585   -0.0119681
  0.00216371   -0.0119681    0.0753818
   0.0596933  -0.00226443    0.0059306
 -0.00226443   0.00179729   -0.0104278
   0.0059306   -0.0104278    0.0754409
   0.0576524   -0.0021688   0.00269792
  -0.0021688   0.00168563  -0.00996473
  0.00269792  -0.00996473    0.0742041
   0.0607683  -0.00234705   0.00863861
 -0.00234705   0.00190247   -0.0108457
  0.00863861   -0.0108457    0.0766573
   0.0587003  -0.00359777   0.00954508
 -0.00359777   0.00151266  -0.00887501
  0.00954508  -0.00887501    0.0754982
   0.0605898  -0.00367869    0.0124128
 -0.00367869   0.00156244  -0.00912369
   0.0124128  -0.00912369    0.0770169
   0.0602655  -0.00474879    0.0159757
 -0.00474879    0.0013093  -0.00736761
   0.0159757  -0.00736761    0.0775547
   0.0555604  -0.00344026   0.00591177
 -0.00344026   0.00144292   -0.0085172
  0.00591177   -0.0085172    0.0737654
   0.0573311  -0.00462308    0.0127506
 -0.00462308   0.00128595  -0.00724657
   0.0127506  -0.00724657    0.0755017
   0.0535513  -0.00439583   0.00831548
 -0.00439583   0.00124982  -0.00706408
  0.00831548  -0.00706408    0.0744905
   0.0618334  -0.00379366     0.014807
 -0.00379366   0.00161639  -0.00934754
    0.014807  -0.00934754    0.0782642
   0.0619482  -0.00480498    0.0184422
 -0.00480498   0.00131912  -0.00739463
   0.0184422  -0.00739463    0.0789547
    0.061818  -0.00255163    0.0111351
 -0.00255163   0.00204217   -0.0112893
   0.0111351   -0.0112893    0.0778463
   0.0619518  -0.00102125   0.00746301
 -0.00102125   0.00264046   -0.0132759
  0.00746301   -0.0132759    0.0776696
   0.0609485 -0.000735468    0.0048042
-0.000735468   0.00239817   -0.0126157
   0.0048042   -0.0126157    0.0766019
   0.0612703   0.00116593   0.00102585
  0.00116593   0.00309544   -0.0145083
  0.00102585   -0.0145083     0.076748
   0.0620067  0.000832808   0.00380961
 0.000832808   0.00346628   -0.0153825
  0.00380961   -0.0153825    0.0776583
   0.0606567   0.00133294   -0.0017359
  0.00133294    0.0027588   -0.0136581
  -0.0017359   -0.0136581    0.0757647
    0.052389  -0.00502041    0.0105785
 -0.00502041   0.00112777  -0.00564778
   0.0105785  -0.00564778     0.075747
   0.0559893  -0.00526453    0.0153215
 -0.00526453   0.00114409  -0.00564168
   0.0153215  -0.00564168    0.0759152
   0.0551139  -0.00558185    0.0171809
 -0.00558185   0.00105777  -0.00413848
   0.0171809  -0.00413848    0.0772723
   0.0522193  -0.00543039    0.0130316
 -0.00543039   0.00104645  -0.00428277
   0.0130316  -0.00428277    0.0770705
   0.0592398   -0.0057914    0.0219478
  -0.0057914   0.00107029  -0.00390487
   0.0219478  -0.00390487    0.0786108
   0.0552472  -0.00570364    0.0193958
 -0.00570364    0.0010141  -0.00271627
   0.0193958  -0.00271627    0.0789799
   0.0588959   -0.0058334    0.0243261
  -0.0058334   0.00103669  -0.00229185
   0.0243261  -0.00229185    0.0794338
   0.0521352  -0.00559447     0.015887
 -0.00559447  0.000990298  -0.00295188
    0.015887  -0.00295188    0.0777132
   0.0625953   -0.0058941    0.0279617
  -0.0058941   0.00106256  -0.00181213
   0.0279617  -0.00181213    0.0817503
   0.0623874  -0.00584625    0.0250738
 -0.00584625   0.00107387  -0.00361195
   0.0250738  -0.00361195    0.0808325
   0.0622116  -0.00548891    0.0219117
 -0.00548891   0.00115227  -0.00547082
   0.0219117  -0.00547082    0.0798526
   0.0597624  -0.00543821     0.019181
 -0.00543821    0.0011565   -0.0056079
    0.019181   -0.0056079    0.0780776
   0.0478092  -0.00519545    0.0108081
 -0.00519545  0.000967791   -0.0033495
   0.0108081   -0.0033495    0.0758452
   0.0489288  -0.00519347   0.00910518
 -0.00519347   0.00104219  -0.00443559
  0.00910518  -0.00443559    0.0763739
   0.0444608  -0.00437635   0.00400092
 -0.00437635  0.000987384  -0.00435962
  0.00400092  -0.00435962    0.0741966
   0.0498248  -0.00485888   0.00694569
 -0.00485888   0.00112763  -0.00568092
  0.00694569  -0.00568092    0.0759899
   0.0459436  -0.00430723   0.00224335
 -0.00430723   0.00108118  -0.00547009
  0.00224335  -0.00547009     0.075225
    0.047816  -0.00393275  0.000447927
 -0.00393275    0.0011963  -0.00674142
 0.000447927  -0.00674142    0.0752258
   0.0506484  -0.00416713   0.00404583
 -0.00416713   0.00123138  -0.00698846
  0.00404583  -0.00698846    0.0753677
   0.0444573  -0.00333379  -0.00292005
 -0.00333379   0.00110095  -0.00603835
 -0.00292005  -0.00603835    0.0743426
   0.0525109  -0.00321639   0.00140397
 -0.00321639   0.00137953  -0.00824371
  0.00140397  -0.00824371    0.0744689
   0.0547811  -0.00201507  -0.00150003
 -0.00201507   0.00155866  -0.00941841
 -0.00150003  -0.00941841    0.0737229
   0.0520084  -0.00184015  -0.00527828
 -0.00184015   0.00143471  -0.00886781
 -0.00527828  -0.00886781     0.073407
   0.0572809 -0.000548323  -0.00432024
-0.000548323    0.0018072   -0.0106324
 -0.00432024   -0.0106324    0.0735829
   0.0543011 -0.000494967  -0.00813196
-0.000494967   0.00160065  -0.00978845
 -0.00813196  -0.00978845    0.0726004
    0.057571   0.00123153    -0.010924
  0.00123153   0.00188737     -0.01096
   -0.010924     -0.01096    0.0726938
   0.0593493   0.00122361  -0.00735336
  0.00122361   0.00216612    -0.011909
 -0.00735336    -0.011909    0.0736328
   0.0518826 -0.000431819   -0.0110596
-0.000431819   0.00143371  -0.00908408
  -0.0110596  -0.00908408    0.0718047
   0.0544216   0.00107793   -0.0139943
  0.00107793   0.00161276  -0.00987068
  -0.0139943  -0.00987068    0.0713221
   0.0518129   0.00104072   -0.0164564
  0.00104072   0.00141045  -0.00905612
  -0.0164564  -0.00905612     0.070923
   0.0484151 -0.000503756   -0.0135538
-0.000503756   0.00125414  -0.00821621
  -0.0135538  -0.00821621    0.0714962
   0.0491761  -0.00172609  -0.00832248
 -0.00172609     0.001315  -0.00827142
 -0.00832248  -0.00827142    0.0728077
   0.0456451  -0.00190298  -0.00967058
 -0.00190298   0.00117314  -0.00734885
 -0.00967058  -0.00734885    0.0729764
   0.0467955  -0.00289379  -0.00501238
 -0.00289379   0.00123025  -0.00732631
 -0.00501238  -0.00732631    0.0747116
   0.0498548  -0.00296372  -0.00241267
 -0.00296372   0.00131759  -0.00794319
 -0.00241267  -0.00794319    0.0744192
   0.0457559 -0.000426438   -0.0156343
-0.000426438   0.00113615  -0.00769824
  -0.0156343  -0.00769824    0.0714821
   0.0495719   0.00113933   -0.0186121
  0.00113933   0.00125565    -0.008439
  -0.0186121    -0.008439    0.0704483
   0.0304273   -0.0205753  -0.00610064
  -0.0205753     0.018786    0.0176264
 -0.00610064    0.0176264    0.0879965
   0.0300052   -0.0212867  -0.00489882
  -0.0212867    0.0190395    0.0156911
 -0.00489882    0.0156911    0.0884982
   0.0299849   -0.0192258  -0.00338308
  -0.0192258    0.0149669    0.0110825
 -0.00338308    0.0110825    0.0901732
   0.0298156   -0.0199242   -0.0022338
  -0.0199242    0.0155054    0.0100544
  -0.0022338    0.0100544    0.0908619
    0.029948    -0.021882  -0.00353908
   -0.021882    0.0193736    0.0144227
 -0.00353908    0.0144227     0.088956
   0.0301082   -0.0184117 -0.000890741
  -0.0184117     0.012709   0.00636212
-0.000890741   0.00636212    0.0925935
   0.0299823   -0.0203674 -0.000860042
  -0.0203674    0.0158971   0.00977393
-0.000860042   0.00977393    0.0914784
   0.0299688   -0.0188172  0.000350315
  -0.0188172    0.0131448   0.00620499
 0.000350315   0.00620499    0.0934246
   0.0302344   -0.0189539   0.00175692
  -0.0189539    0.0132967   0.00672565
  0.00175692   0.00672565    0.0941607
   0.0303195   -0.0223027  -0.00212937
  -0.0223027    0.0196396    0.0140059
 -0.00212937    0.0140059     0.089461
   0.0306958   -0.0206351  0.000488414
  -0.0206351    0.0160953    0.0103203
 0.000488414    0.0103203     0.092166
   0.0309871   -0.0224364 -0.000607429
  -0.0224364     0.019709    0.0143818
-0.000607429    0.0143818    0.0898799
   0.0305533   -0.0178033   0.00137318
  -0.0178033    0.0112382   0.00346616
  0.00137318   0.00346616    0.0946857
   0.0303681   -0.0178249   0.00262963
  -0.0178249    0.0113536    0.0039596
  0.00262963    0.0039596    0.0953664
   0.0313119   -0.0173295   0.00294654
  -0.0173295    0.0100791   0.00212913
  0.00294654   0.00212913    0.0956154
    0.031763   -0.0173392   0.00198086
  -0.0173392   0.00994783   0.00170318
  0.00198086   0.00170318    0.0950257
   0.0311351   -0.0175205  0.000332186
  -0.0175205    0.0108404   0.00358475
 0.000332186   0.00358475    0.0938824
   0.0333188   -0.0172704  0.000796047
  -0.0172704   0.00953496   0.00202523
 0.000796047   0.00202523    0.0908699
   0.0321037   -0.0168372  -0.00053399
  -0.0168372     0.010091   0.00438869
 -0.00053399   0.00438869    0.0906251
   0.0304128   -0.0176437  -0.00177523
  -0.0176437    0.0120506   0.00719632
 -0.00177523   0.00719632    0.0916483
   0.0309695   -0.0166109  -0.00242366
  -0.0166109      0.01133    0.0087122
 -0.00242366    0.0087122    0.0894374
    0.034572    -0.016647 -0.000187739
   -0.016647   0.00882429   0.00301485
-0.000187739   0.00301485    0.0883808
   0.0328205   -0.0158025  -0.00122697
  -0.0158025   0.00934506   0.00591276
 -0.00122697   0.00591276    0.0885911
   0.0353427   -0.0155734 -0.000664996
  -0.0155734   0.00802211   0.00433788
-0.000664996   0.00433788    0.0867384
    0.030483   -0.0183368  -0.00429882
  -0.0183368    0.0144447    0.0127696
 -0.00429882    0.0127696    0.0894383
   0.0317903   -0.0222689  0.000887217
  -0.0222689    0.0198029    0.0155072
 0.000887217    0.0155072    0.0901803
   0.0315699   -0.0206024   0.00184509
  -0.0206024    0.0162369     0.011559
  0.00184509     0.011559    0.0927333
   0.0324226   -0.0202817   0.00305209
  -0.0202817    0.0162995    0.0132956
  0.00305209    0.0132956    0.0931538
   0.0325592   -0.0218138   0.00221271
  -0.0218138    0.0198786    0.0171884
  0.00221271    0.0171884    0.0903384
   0.0320986   -0.0188423   0.00402358
  -0.0188423    0.0134884   0.00968399
  0.00402358   0.00968399    0.0957015
    0.033077   -0.0196925   0.00395078
  -0.0196925    0.0163275    0.0153259
  0.00395078    0.0153259    0.0933749
   0.0328512   -0.0183909   0.00479454
  -0.0183909    0.0134516    0.0116217
  0.00479454    0.0116217    0.0961828
   0.0332775   -0.0177484   0.00516436
  -0.0177484    0.0133823    0.0135587
  0.00516436    0.0135587     0.096426
   0.0330934   -0.0210768   0.00321738
  -0.0210768    0.0199583    0.0192327
  0.00321738    0.0192327    0.0903068
   0.0333754   -0.0189026   0.00444397
  -0.0189026    0.0163456    0.0174091
  0.00444397    0.0174091    0.0933712
   0.0332577   -0.0201378   0.00381024
  -0.0201378    0.0200564    0.0213991
  0.00381024    0.0213991    0.0900657
   0.0326588   -0.0173301   0.00527364
  -0.0173301    0.0112946   0.00841007
  0.00527364   0.00841007    0.0978384
   0.0332755   -0.0168581   0.00544511
  -0.0168581    0.0111708    0.0101707
  0.00544511    0.0101707    0.0984073
   0.0339069   -0.0164949   0.00502752
  -0.0164949   0.00967969   0.00743997
  0.00502752   0.00743997    0.0984822
   0.0329468   -0.0167401    0.0050654
  -0.0167401   0.00980301   0.00591474
   0.0050654   0.00591474    0.0976115
   0.0317338   -0.0176169   0.00470406
  -0.0176169    0.0113655   0.00662581
  0.00470406   0.00662581    0.0970167
   0.0317151   -0.0168157   0.00472352
  -0.0168157   0.00986398   0.00435083
  0.00472352   0.00435083    0.0964786
   0.0306609   -0.0176654   0.00385562
  -0.0176654    0.0113385   0.00503517
  0.00385562   0.00503517    0.0959784
   0.0311615   -0.0190335   0.00295334
  -0.0190335    0.0134493   0.00798885
  0.00295334   0.00798885    0.0950088
    0.031247   -0.0171051   0.00398818
  -0.0171051    0.0100264   0.00302867
  0.00398818   0.00302867    0.0960542
   0.0496037   -0.0253459  -0.00355945
  -0.0253459    0.0133041   0.00531636
 -0.00355945   0.00531636    0.0775256
   0.0475067   -0.0247875  -0.00228581
  -0.0247875    0.0132468   0.00467138
 -0.00228581   0.00467138    0.0798365
   0.0420108   -0.0212598  0.000600765
  -0.0212598    0.0111302   0.00375776
 0.000600765   0.00375776     0.087106
    0.041113   -0.0214543  0.000864133
  -0.0214543     0.011497   0.00308441
 0.000864133   0.00308441    0.0872147
    0.047648   -0.0254408  -0.00313159
  -0.0254408    0.0138596   0.00471822
 -0.00313159   0.00471822    0.0760219
   0.0368935   -0.0189751   0.00295792
  -0.0189751    0.0101378   0.00254204
  0.00295792   0.00254204    0.0923367
   0.0418721   -0.0222114 -0.000576734
  -0.0222114    0.0120485   0.00318673
-0.000576734   0.00318673    0.0824154
   0.0367773   -0.0193177   0.00247471
  -0.0193177    0.0104285   0.00182567
  0.00247471   0.00182567    0.0921947
   0.0379171   -0.0198542  0.000779496
  -0.0198542    0.0106705   0.00196139
 0.000779496   0.00196139     0.086531
   0.0470626   -0.0254092  -0.00326769
  -0.0254092    0.0140117   0.00478509
 -0.00326769   0.00478509    0.0745738
   0.0423838   -0.0223438  -0.00119587
  -0.0223438    0.0120963   0.00330239
 -0.00119587   0.00330239    0.0796262
   0.0473485   -0.0252262  -0.00333263
  -0.0252262    0.0138784   0.00514158
 -0.00333263   0.00514158     0.073282
   0.0333009   -0.0176772   0.00345989
  -0.0176772   0.00977809   0.00197557
  0.00345989   0.00197557    0.0946654
   0.0334709   -0.0178483   0.00265012
  -0.0178483   0.00982056    0.0013016
  0.00265012    0.0013016    0.0943688
   0.0335946   -0.0173558   0.00408375
  -0.0173558   0.00953079   0.00299092
  0.00408375   0.00299092    0.0948743
   0.0344858   -0.0171346   0.00422114
  -0.0171346   0.00929333   0.00424181
  0.00422114   0.00424181     0.095031
   0.0375309   -0.0186395   0.00290691
  -0.0186395   0.00975813   0.00349598
  0.00290691   0.00349598    0.0922716
    0.039119   -0.0187775   0.00213192
  -0.0187775   0.00964107   0.00453614
  0.00213192   0.00453614    0.0914996
   0.0360224   -0.0171829   0.00403592
  -0.0171829   0.00920244   0.00546807
  0.00403592   0.00546807    0.0961601
   0.0439426   -0.0216561 -0.000500419
  -0.0216561    0.0111137   0.00459937
-0.000500419   0.00459937    0.0854527
   0.0479696   -0.0251933  -0.00313914
  -0.0251933    0.0137593   0.00521399
 -0.00313914   0.00521399    0.0742416
   0.0429005   -0.0219732   -0.0013479
  -0.0219732    0.0117156   0.00346028
  -0.0013479   0.00346028    0.0790793
   0.0448263   -0.0218547  -0.00189735
  -0.0218547    0.0113602   0.00436051
 -0.00189735   0.00436051    0.0778834
    0.048314    -0.024396  -0.00317384
   -0.024396    0.0130586   0.00568956
 -0.00317384   0.00568956    0.0746288
   0.0408656   -0.0196445 -0.000770849
  -0.0196445    0.0100689   0.00324782
-0.000770849   0.00324782    0.0813668
   0.0461257   -0.0204667  -0.00189391
  -0.0204667    0.0102594   0.00548733
 -0.00189391   0.00548733    0.0776049
   0.0421445   -0.0184783 -0.000981736
  -0.0184783    0.0089957   0.00390756
-0.000981736   0.00390756    0.0811109
   0.0424526   -0.0166792  -0.00068548
  -0.0166792   0.00775574   0.00453375
 -0.00068548   0.00453375    0.0820952
   0.0501456   -0.0229208  -0.00316469
  -0.0229208    0.0118104   0.00699693
 -0.00316469   0.00699693    0.0732736
   0.0465518   -0.0184586  -0.00163287
  -0.0184586   0.00886778   0.00630932
 -0.00163287   0.00630932     0.076474
   0.0506046   -0.0207746  -0.00303057
  -0.0207746    0.0105104   0.00820907
 -0.00303057   0.00820907    0.0717637
   0.0381671   -0.0173019 -0.000234814
  -0.0173019   0.00858587   0.00286985
-0.000234814   0.00286985    0.0854303
   0.0386284    -0.015775 -0.000242272
   -0.015775   0.00746078   0.00387844
-0.000242272   0.00387844    0.0865832
   0.0367687   -0.0180271  0.000313516
  -0.0180271   0.00935002   0.00201943
 0.000313516   0.00201943    0.0866862
   0.0347386   -0.0179906   0.00129339
  -0.0179906   0.00968542    0.0013821
  0.00129339    0.0013821    0.0893793
   0.0390721   -0.0198663  3.21691e-05
  -0.0198663     0.010501   0.00224821
 3.21691e-05   0.00224821    0.0838782
   0.0329841   -0.0190628   0.00395102
  -0.0190628    0.0201449    0.0235233
  0.00395102    0.0235233    0.0896686
   0.0332316   -0.0179771   0.00448223
  -0.0179771    0.0163318    0.0194027
  0.00448223    0.0194027    0.0931945
   0.0326537   -0.0169824   0.00409133
  -0.0169824    0.0163147    0.0211531
  0.00409133    0.0211531     0.092918
   0.0322989   -0.0179275   0.00367305
  -0.0179275    0.0202495    0.0254322
  0.00367305    0.0254322    0.0891845
   0.0328113   -0.0161049    0.0045764
  -0.0161049    0.0131433    0.0168823
   0.0045764    0.0168823    0.0963963
   0.0317133   -0.0159703   0.00332604
  -0.0159703    0.0162734    0.0226183
  0.00332604    0.0226183    0.0925598
   0.0319659   -0.0152118   0.00368303
  -0.0152118    0.0129935    0.0181237
  0.00368303    0.0181237    0.0962134
   0.0308503   -0.0143152   0.00249914
  -0.0143152    0.0127802    0.0191031
  0.00249914    0.0191031    0.0959333
   0.0312727   -0.0167942   0.00303336
  -0.0167942    0.0203484    0.0270825
  0.00303336    0.0270825     0.088634
   0.0305281   -0.0149864   0.00227814
  -0.0149864    0.0161829    0.0238189
  0.00227814    0.0238189    0.0921357
   0.0300373   -0.0157262   0.00212335
  -0.0157262    0.0204106    0.0284724
  0.00212335    0.0284724     0.088034
   0.0323573   -0.0146882   0.00362507
  -0.0146882    0.0105272    0.0139602
  0.00362507    0.0139602    0.0987891
   0.0313279   -0.0138738   0.00232589
  -0.0138738    0.0102256    0.0147066
  0.00232589    0.0147066    0.0986383
   0.0325815    -0.013925   0.00146435
   -0.013925   0.00847785    0.0109597
  0.00146435    0.0109597     0.099501
   0.0334997   -0.0146664   0.00284557
  -0.0146664   0.00884724    0.0104499
  0.00284557    0.0104499    0.0995247
   0.0330838    -0.015468   0.00462836
   -0.015468    0.0107586    0.0129817
  0.00462836    0.0129817    0.0988067
   0.0340897   -0.0153594   0.00393153
  -0.0153594   0.00915384   0.00973504
  0.00393153   0.00973504    0.0993821
   0.0334041   -0.0162039   0.00524753
  -0.0162039    0.0109657     0.011723
  0.00524753     0.011723    0.0986853
   0.0332659   -0.0169618   0.00508621
  -0.0169618    0.0132611    0.0153552
  0.00508621    0.0153552    0.0964723
   0.0342554   -0.0159946   0.00465055
  -0.0159946   0.00943782   0.00874827
  0.00465055   0.00874827    0.0990638
   0.0287148   -0.0147117    0.0010285
  -0.0147117    0.0204163    0.0296528
   0.0010285    0.0296528    0.0874181
   0.0292228   -0.0140415   0.00103755
  -0.0140415    0.0160318    0.0248307
  0.00103755    0.0248307    0.0916824
   0.0279446   -0.0131338 -0.000272398
  -0.0131338    0.0158367    0.0256863
-0.000272398    0.0256863    0.0907694
   0.0274173   -0.0137627 -0.000148793
  -0.0137627     0.020372    0.0306429
-0.000148793    0.0306429    0.0866001
   0.0284714   -0.0125733 -0.000257119
  -0.0125733    0.0121749    0.0205994
-0.000257119    0.0205994    0.0948143
   0.0272824   -0.0122852  -0.00114451
  -0.0122852    0.0156311    0.0264575
 -0.00114451    0.0264575    0.0898929
   0.0280446      -0.0118  -0.00136198
     -0.0118    0.0118537    0.0212536
 -0.00136198    0.0212536    0.0935849
   0.0292396   -0.0111574  -0.00187411
  -0.0111574    0.0115995    0.0220346
 -0.00187411    0.0220346    0.0927872
   0.0271492   -0.0130455 -0.000913735
  -0.0130455    0.0203476    0.0314157
-0.000913735    0.0314157    0.0854892
   0.0281431   -0.0116884  -0.00151671
  -0.0116884    0.0154849    0.0270696
 -0.00151671    0.0270696     0.088432
   0.0291319   -0.0128187 -0.000866435
  -0.0128187    0.0205297    0.0320612
-0.000866435    0.0320612    0.0846101
   0.0288121   -0.0114492  -0.00180769
  -0.0114492   0.00901428    0.0163563
 -0.00180769    0.0163563     0.096772
   0.0301068   -0.0108605   -0.0027862
  -0.0108605   0.00866601     0.017067
  -0.0027862     0.017067    0.0954914
   0.0323534   -0.0110129  -0.00393762
  -0.0110129   0.00665994    0.0128342
 -0.00393762    0.0128342    0.0975624
   0.0305044   -0.0115771  -0.00280206
  -0.0115771   0.00709229    0.0121454
 -0.00280206    0.0121454    0.0984626
   0.0290789   -0.0121917 -0.000600453
  -0.0121917   0.00943526    0.0158311
-0.000600453    0.0158311    0.0979331
   0.0305599   -0.0123207  -0.00161365
  -0.0123207   0.00758106    0.0117118
 -0.00161365    0.0117118    0.0989137
   0.0301278   -0.0130252  0.000840132
  -0.0130252    0.0098538    0.0153048
 0.000840132    0.0153048    0.0983869
   0.0295883   -0.0134185   0.00112419
  -0.0134185    0.0124979    0.0199137
  0.00112419    0.0199137    0.0955922
   0.0314568   -0.0131212  -9.8505e-05
  -0.0131212   0.00805941    0.0113582
 -9.8505e-05    0.0113582    0.0993399
    0.051497   -0.0195336   -0.0151921
  -0.0195336   0.00778749   0.00649274
  -0.0151921   0.00649274    0.0776205
   0.0510625   -0.0207111   -0.0140433
  -0.0207111   0.00866156   0.00604295
  -0.0140433   0.00604295    0.0771186
   0.0439385    -0.017149   -0.0106697
   -0.017149   0.00715259    0.0060488
  -0.0106697    0.0060488    0.0859353
   0.0444484   -0.0181642  -0.00914103
  -0.0181642    0.0078747   0.00584439
 -0.00914103   0.00584439    0.0859666
   0.0517872   -0.0217891   -0.0124741
  -0.0217891   0.00942133   0.00590526
  -0.0124741   0.00590526    0.0771346
   0.0381522   -0.0152429  -0.00588911
  -0.0152429   0.00689185   0.00661872
 -0.00588911   0.00661872    0.0931674
   0.0453332   -0.0190655  -0.00751034
  -0.0190655   0.00849173   0.00582329
 -0.00751034   0.00582329    0.0859779
   0.0391154   -0.0161292  -0.00423881
  -0.0161292   0.00748405   0.00649485
 -0.00423881   0.00649485    0.0932804
   0.0400278   -0.0168944   -0.0026412
  -0.0168944   0.00797802   0.00643599
  -0.0026412   0.00643599    0.0932285
   0.0526212   -0.0228113   -0.0108395
  -0.0228113    0.0101703   0.00590741
  -0.0108395   0.00590741    0.0770542
   0.0460686   -0.0199016  -0.00591892
  -0.0199016   0.00909905   0.00585207
 -0.00591892   0.00585207     0.085809
   0.0531654   -0.0237767  -0.00919884
  -0.0237767    0.0109535   0.00592829
 -0.00919884   0.00592829    0.0768838
   0.0345735   -0.0141704  -0.00160228
  -0.0141704   0.00729476   0.00828991
 -0.00160228   0.00828991    0.0978956
   0.0356085   -0.0149479   6.4177e-06
  -0.0149479   0.00775532   0.00807378
  6.4177e-06   0.00807378    0.0979668
   0.0336814   -0.0133456  -0.00318645
  -0.0133456   0.00676254    0.0085182
 -0.00318645    0.0085182    0.0977524
   0.0336691   -0.0125694  -0.00458231
  -0.0125694   0.00620632   0.00885806
 -0.00458231   0.00885806    0.0972054
   0.0379631   -0.0143692  -0.00726732
  -0.0143692    0.0062654   0.00687175
 -0.00726732   0.00687175    0.0932522
   0.0397137   -0.0135736  -0.00831468
  -0.0135736   0.00565172   0.00745856
 -0.00831468   0.00745856     0.093518
   0.0356627   -0.0119054  -0.00557522
  -0.0119054   0.00569011   0.00955113
 -0.00557522   0.00955113    0.0976738
   0.0453538   -0.0161939   -0.0115505
  -0.0161939   0.00642839   0.00657339
  -0.0115505   0.00657339    0.0871633
    0.053347   -0.0247126  -0.00760457
  -0.0247126    0.0118211   0.00587635
 -0.00760457   0.00587635    0.0768403
    0.046508   -0.0207248   -0.0043897
  -0.0207248   0.00976299   0.00579092
  -0.0043897   0.00579092    0.0855476
   0.0462588   -0.0213195  -0.00285766
  -0.0213195    0.0103568   0.00550295
 -0.00285766   0.00550295    0.0852637
   0.0523767   -0.0250725  -0.00606944
  -0.0250725    0.0123864   0.00579542
 -0.00606944   0.00579542    0.0770031
   0.0408488   -0.0182824  0.000158171
  -0.0182824    0.0089929   0.00594388
 0.000158171   0.00594388    0.0925737
   0.0451483   -0.0215033  -0.00159881
  -0.0215033    0.0107349   0.00514591
 -0.00159881   0.00514591    0.0851329
   0.0404113   -0.0187309   0.00130985
  -0.0187309   0.00941664   0.00532176
  0.00130985   0.00532176    0.0920618
   0.0510902   -0.0252762  -0.00471249
  -0.0252762    0.0128803   0.00562684
 -0.00471249   0.00562684    0.0772139
   0.0367616   -0.0168729   0.00347813
  -0.0168729   0.00893757   0.00651776
  0.00347813   0.00651776    0.0970032
   0.0368383   -0.0163216   0.00259785
  -0.0163216   0.00857986   0.00728716
  0.00259785   0.00728716    0.0975716
   0.0364046   -0.0156585   0.00143687
  -0.0156585   0.00818132   0.00777093
  0.00143687   0.00777093     0.097867
    0.040649   -0.0176275  -0.00118493
  -0.0176275   0.00849581   0.00629944
 -0.00118493   0.00629944    0.0929922
   0.0241373   -0.0307828    -0.001502
  -0.0307828    0.0922712     0.051428
   -0.001502     0.051428    0.0595442
   0.0239302   -0.0302048 -0.000425002
  -0.0302048    0.0888841    0.0495453
-0.000425002    0.0495453    0.0600983
   0.0251017   -0.0311025  -0.00266229
  -0.0311025    0.0776128     0.047279
 -0.00266229     0.047279    0.0650193
   0.0254205    -0.030749  -0.00121121
   -0.030749    0.0747727    0.0451861
 -0.00121121    0.0451861    0.0652389
   0.0241848   -0.0297274  0.000789389
  -0.0297274    0.0853642    0.0476258
 0.000789389    0.0476258     0.060435
   0.0266687    -0.030936  -0.00291096
   -0.030936    0.0645482    0.0420945
 -0.00291096    0.0420945    0.0699017
    0.026076    -0.030312  0.000377971
   -0.030312    0.0721801    0.0434916
