           0            0            0
           0            0            0
           0            0            0
   0.0742792  -0.00303784    0.0119097
 -0.00303784    0.0002651  0.000630529
   0.0119097  0.000630529    0.0513453
     0.06803  -0.00294791    0.0175421
 -0.00294791  0.000307962  0.000659793
   0.0175421  0.000659793    0.0573266
   0.0620704  -0.00321289    0.0236196
 -0.00321289  0.000435166  0.000846766
   0.0236196  0.000846766    0.0656897
   0.0592014   -0.0039472    0.0275803
  -0.0039472  0.000609871  0.000744646
   0.0275803  0.000744646    0.0728675
   0.0581764  -0.00473519    0.0293993
 -0.00473519   0.00078226  0.000432451
   0.0293993  0.000432451    0.0773596
   0.0532476  -0.00459307     0.025127
 -0.00459307  0.000680601 -7.61995e-05
    0.025127 -7.61995e-05    0.0730365
   0.0531484  -0.00529865    0.0236251
 -0.00529865  0.000852921 -0.000806574
   0.0236251 -0.000806574    0.0760179
   0.0575272  -0.00548992    0.0277004
 -0.00548992  0.000943483 -0.000344823
   0.0277004 -0.000344823    0.0792439
   0.0529479  -0.00585597    0.0196571
 -0.00585597   0.00100968  -0.00190856
   0.0196571  -0.00190856    0.0772347
   0.0568486  -0.00609634    0.0237092
 -0.00609634    0.0010795  -0.00152887
   0.0237092  -0.00152887    0.0797251
   0.0523309  -0.00606547    0.0153086
 -0.00606547   0.00112995  -0.00323435
   0.0153086  -0.00323435    0.0773305
   0.0577087  -0.00668698    0.0218533
 -0.00668698   0.00118715  -0.00250915
   0.0218533  -0.00250915    0.0805486
    0.114135  0.000652744    0.0345735
 0.000652744   0.00158905   0.00694856
   0.0345735   0.00694856    0.0672177
    0.102119  -0.00101147    0.0402502
 -0.00101147   0.00209968   0.00843788
   0.0402502   0.00843788    0.0760767
    0.103404  0.000129719     0.040598
 0.000129719   0.00165535   0.00779076
    0.040598   0.00779076    0.0764333
   0.0939244  -0.00125898    0.0457296
 -0.00125898   0.00207877   0.00891438
   0.0457296   0.00891438    0.0844023
   0.0920607  -0.00250475    0.0450631
 -0.00250475   0.00254475   0.00945493
   0.0450631   0.00945493     0.083881
   0.0939723 -0.000687486    0.0454109
-0.000687486   0.00163824    0.0078958
   0.0454109    0.0078958    0.0844414
   0.0868751  -0.00261594    0.0491151
 -0.00261594   0.00240847   0.00931759
   0.0491151   0.00931759    0.0902236
   0.0872854  -0.00195056    0.0489631
 -0.00195056   0.00196231   0.00843865
   0.0489631   0.00843865    0.0902941
   0.0818515   -0.0032812    0.0497429
  -0.0032812   0.00218602   0.00816038
   0.0497429   0.00816038    0.0931889
   0.0846874  -0.00374854    0.0481843
 -0.00374854   0.00286608   0.00974295
   0.0481843   0.00974295    0.0895921
   0.0811907  -0.00389522    0.0497448
 -0.00389522   0.00260862   0.00889354
   0.0497448   0.00889354     0.093122
   0.0789218  -0.00478547     0.048653
 -0.00478547   0.00301813   0.00924083
    0.048653   0.00924083     0.092477
   0.0859515  -0.00192196    0.0478008
 -0.00192196   0.00155814   0.00703502
   0.0478008   0.00703502    0.0898806
   0.0811354  -0.00316725    0.0488949
 -0.00316725    0.0017958   0.00692065
   0.0488949   0.00692065    0.0928964
   0.0777673   -0.0032781     0.045891
  -0.0032781   0.00143928   0.00546254
    0.045891   0.00546254    0.0906199
    0.082177  -0.00218582    0.0443578
 -0.00218582    0.0011986   0.00543561
   0.0443578   0.00543561    0.0872578
   0.0919307 -0.000811629    0.0436594
-0.000811629   0.00124793   0.00641747
   0.0436594   0.00641747    0.0837305
   0.0873657  -0.00124525    0.0394964
 -0.00124525  0.000916638   0.00481643
   0.0394964   0.00481643    0.0804022
    0.100122  6.57257e-05    0.0375108
 6.57257e-05   0.00091021   0.00528291
   0.0375108   0.00528291    0.0751021
    0.102825    0.0004454     0.040053
   0.0004454   0.00125099    0.0066987
    0.040053    0.0066987    0.0763709
    0.113127   0.00123856    0.0338181
  0.00123856  0.000873458   0.00517588
   0.0338181   0.00517588     0.067176
   0.0948339 -0.000717496    0.0327114
-0.000717496  0.000642743   0.00380907
   0.0327114   0.00380907    0.0715144
    0.109743  0.000329924    0.0305035
 0.000329924  0.000621883   0.00390996
   0.0305035   0.00390996    0.0653754
    0.100869 -0.000649916      0.02522
-0.000649916  0.000434129   0.00270527
     0.02522   0.00270527    0.0617712
    0.114382   0.00139128    0.0344957
  0.00139128   0.00120322   0.00623911
   0.0344957   0.00623911    0.0673292
   0.0764224  -0.00575907    0.0479999
 -0.00575907   0.00296277   0.00803959
   0.0479999   0.00803959    0.0936369
   0.0787326  -0.00506161    0.0492014
 -0.00506161   0.00262663    0.0077564
   0.0492014    0.0077564    0.0942179
    0.077238   -0.0062406    0.0471855
  -0.0062406   0.00248955   0.00601073
   0.0471855   0.00601073    0.0937593
   0.0749291  -0.00675535    0.0459458
 -0.00675535   0.00274754   0.00627416
   0.0459458   0.00627416    0.0933215
   0.0780058  -0.00574693    0.0472772
 -0.00574693   0.00219434   0.00555788
   0.0472772   0.00555788    0.0936249
   0.0759137   -0.0073029     0.044161
  -0.0073029   0.00227675   0.00381593
    0.044161   0.00381593    0.0924696
   0.0766314  -0.00687593    0.0442247
 -0.00687593   0.00204571   0.00345629
   0.0442247   0.00345629    0.0921778
   0.0754327   -0.0077225    0.0409842
  -0.0077225   0.00188012   0.00103283
   0.0409842   0.00103283    0.0907802
   0.0736187  -0.00762494    0.0429216
 -0.00762494   0.00245974    0.0040965
   0.0429216    0.0040965    0.0922079
   0.0747441  -0.00806229    0.0409275
 -0.00806229   0.00204828   0.00132034
   0.0409275   0.00132034    0.0911977
   0.0723995   -0.0081924     0.039656
  -0.0081924   0.00216029    0.0016357
    0.039656    0.0016357    0.0910682
   0.0761232  -0.00661146    0.0433557
 -0.00661146   0.00182368   0.00284283
   0.0433557   0.00284283    0.0915032
   0.0748139  -0.00741281    0.0400387
 -0.00741281   0.00170577  0.000611225
   0.0400387  0.000611225    0.0899621
   0.0731368  -0.00727309    0.0382359
 -0.00727309   0.00156739 -1.43554e-05
   0.0382359 -1.43554e-05    0.0887753
   0.0741782  -0.00653663    0.0413553
 -0.00653663   0.00163482   0.00199033
   0.0413553   0.00199033     0.090151
   0.0775563   -0.0055359    0.0464824
  -0.0055359   0.00191743   0.00473983
   0.0464824   0.00473983    0.0931177
    0.075276  -0.00551927    0.0442241
 -0.00551927   0.00166104   0.00366396
   0.0442241   0.00366396    0.0916802
   0.0790507  -0.00435849    0.0485336
 -0.00435849   0.00192372   0.00613643
   0.0485336   0.00613643    0.0938635
   0.0794812  -0.00451299    0.0492716
 -0.00451299   0.00226534   0.00717545
   0.0492716   0.00717545    0.0942089
   0.0762102  -0.00439017    0.0458883
 -0.00439017   0.00160369   0.00485949
   0.0458883   0.00485949    0.0920018
   0.0616305   -0.0063851    0.0288863
  -0.0063851   0.00118051 -0.000699315
   0.0288863 -0.000699315    0.0827201
   0.0611984  -0.00559569    0.0308885
 -0.00559569   0.00106412  0.000236761
   0.0308885  0.000236761    0.0821493
   0.0655869  -0.00563273    0.0349918
 -0.00563273   0.00121234   0.00120805
   0.0349918   0.00120805    0.0851516
   0.0620831  -0.00478471    0.0331542
 -0.00478471  0.000919553   0.00110341
   0.0331542   0.00110341    0.0807757
   0.0657111  -0.00474318    0.0362667
 -0.00474318   0.00108084   0.00195029
   0.0362667   0.00195029    0.0838428
   0.0671973  -0.00385226    0.0362027
 -0.00385226  0.000907214   0.00236028
   0.0362027   0.00236028    0.0811949
   0.0635276  -0.00396703    0.0320443
 -0.00396703   0.00074304   0.00145163
   0.0320443   0.00145163    0.0774862
   0.0714332  -0.00450659    0.0416584
 -0.00450659    0.0013093   0.00346129
   0.0416584   0.00346129    0.0886957
   0.0727244  -0.00350548    0.0413315
 -0.00350548   0.00112703   0.00389761
   0.0413315   0.00389761    0.0866888
   0.0710184   -0.0055429    0.0402978
  -0.0055429   0.00141546   0.00249128
   0.0402978   0.00249128    0.0889447
   0.0706018  -0.00650262    0.0378818
 -0.00650262   0.00145447   0.00104137
   0.0378818   0.00104137    0.0881662
   0.0656579  -0.00646342    0.0327466
 -0.00646342   0.00129656  3.42775e-05
   0.0327466  3.42775e-05    0.0852809
   0.0656521  -0.00705426    0.0304274
 -0.00705426   0.00133866  -0.00145563
   0.0304274  -0.00145563    0.0847884
   0.0699613  -0.00717412    0.0351747
 -0.00717412    0.0014476 -0.000709842
   0.0351747 -0.000709842    0.0866482
   0.0615263  -0.00690135    0.0257664
 -0.00690135   0.00126054  -0.00205053
   0.0257664  -0.00205053      0.08292
   0.0673047  -0.00323238    0.0291493
 -0.00323238  0.000550137   0.00146874
   0.0291493   0.00146874    0.0718987
   0.0714528  -0.00262369    0.0235348
 -0.00262369  0.000373351   0.00128161
   0.0235348   0.00128161    0.0645152
   0.0759761  -0.00237912    0.0279637
 -0.00237912  0.000483467   0.00200102
   0.0279637   0.00200102    0.0690422
   0.0791307  -0.00260068    0.0172187
 -0.00260068  0.000274205  0.000959616
   0.0172187  0.000959616    0.0564974
   0.0827268  -0.00207478    0.0216003
 -0.00207478  0.000327011   0.00157132
   0.0216003   0.00157132    0.0610043
   0.0899187  -0.00266672    0.0157093
 -0.00266672  0.000335958   0.00112149
   0.0157093   0.00112149    0.0532955
   0.0828485   -0.0028471    0.0123169
  -0.0028471   0.00025176  0.000679956
   0.0123169  0.000679956    0.0507566
   0.0861027  -0.00147781    0.0270515
 -0.00147781  0.000443286   0.00246567
   0.0270515   0.00246567     0.066591
   0.0921172   -0.0015152    0.0205587
  -0.0015152  0.000310269   0.00171157
   0.0205587   0.00171157    0.0579349
   0.0814863  -0.00186273    0.0338807
 -0.00186273  0.000657929   0.00324869
   0.0338807   0.00324869    0.0754241
   0.0767286  -0.00256243    0.0393934
 -0.00256243  0.000896882   0.00379287
   0.0393934   0.00379287    0.0823946
   0.0719063  -0.00304912    0.0340057
 -0.00304912  0.000702309   0.00236276
   0.0340057   0.00236276    0.0770662
   0.0712222  -0.00845591    0.0362051
 -0.00845591     0.001939 -0.000995484
   0.0362051 -0.000995484    0.0898858
    0.073706  -0.00849185    0.0375419
 -0.00849185   0.00187992  -0.00135154
   0.0375419  -0.00135154    0.0899387
   0.0726478  -0.00863247    0.0340749
 -0.00863247   0.00182947  -0.00408521
   0.0340749  -0.00408521    0.0886867
   0.0699775  -0.00844676    0.0326662
 -0.00844676   0.00184096  -0.00368253
   0.0326662  -0.00368253    0.0886567
   0.0735615  -0.00845186    0.0342293
 -0.00845186   0.00173914  -0.00426893
   0.0342293  -0.00426893     0.088172
   0.0715875  -0.00845072    0.0305134
 -0.00845072   0.00194937  -0.00683591
   0.0305134  -0.00683591    0.0874466
    0.072715  -0.00834181    0.0307358
 -0.00834181   0.00187959   -0.0069835
   0.0307358   -0.0069835    0.0869711
   0.0719155  -0.00789937    0.0271337
 -0.00789937   0.00219333   -0.0096955
   0.0271337   -0.0096955    0.0858416
   0.0686226   -0.0081302    0.0290386
  -0.0081302   0.00193019  -0.00640128
   0.0290386  -0.00640128    0.0873824
   0.0704318  -0.00792883    0.0268478
 -0.00792883   0.00226512  -0.00959826
   0.0268478  -0.00959826    0.0862205
   0.0670937  -0.00749059    0.0253479
 -0.00749059   0.00223764  -0.00916667
   0.0253479  -0.00916667    0.0860712
   0.0721832   -0.0079552      0.02973
  -0.0079552   0.00175919  -0.00694569
     0.02973  -0.00694569    0.0859883
   0.0715692  -0.00750753    0.0261336
 -0.00750753   0.00205546  -0.00953619
   0.0261336  -0.00953619    0.0849173
   0.0700554  -0.00697246    0.0241827
 -0.00697246   0.00190275   -0.0092538
   0.0241827   -0.0092538    0.0836294
   0.0706171  -0.00751988    0.0278669
 -0.00751988   0.00165329  -0.00687527
   0.0278669  -0.00687527    0.0847085
   0.0729085  -0.00808923    0.0332162
 -0.00808923   0.00162575   -0.0043675
   0.0332162   -0.0043675    0.0871904
   0.0713719  -0.00776538    0.0314484
 -0.00776538    0.0015357  -0.00452597
   0.0314484  -0.00452597    0.0859705
   0.0737793  -0.00789717    0.0366325
 -0.00789717   0.00162748  -0.00183176
   0.0366325  -0.00183176    0.0885186
   0.0744682  -0.00823856    0.0376332
 -0.00823856    0.0017621  -0.00158226
   0.0376332  -0.00158226     0.089445
   0.0722172  -0.00767099    0.0348976
 -0.00767099   0.00152436  -0.00222443
   0.0348976  -0.00222443    0.0873524
   0.0653182  -0.00648923    0.0216649
 -0.00648923   0.00283194   -0.0119825
   0.0216649   -0.0119825    0.0847229
   0.0690916  -0.00701676    0.0231389
 -0.00701676   0.00282352   -0.0123547
   0.0231389   -0.0123547     0.085015
   0.0673894  -0.00574252    0.0194584
 -0.00574252   0.00363725   -0.0151008
   0.0194584   -0.0151008    0.0838397
   0.0632283  -0.00511837    0.0180926
 -0.00511837   0.00371285   -0.0148464
   0.0180926   -0.0148464    0.0833649
   0.0699277  -0.00587578     0.019783
 -0.00587578   0.00344541   -0.0149734
    0.019783   -0.0149734    0.0838243
   0.0653578  -0.00398294    0.0158231
 -0.00398294   0.00479943   -0.0179311
   0.0158231   -0.0179311     0.082692
   0.0684427  -0.00422309    0.0160945
 -0.00422309   0.00447438   -0.0176201
   0.0160945   -0.0176201    0.0829211
    0.066621  -0.00202159    0.0124037
 -0.00202159     0.005885     -0.02039
   0.0124037     -0.02039    0.0820704
   0.0608744  -0.00328244    0.0146492
 -0.00328244   0.00500629   -0.0178616
   0.0146492   -0.0178616    0.0820293
   0.0630278  -0.00169478    0.0122379
 -0.00169478   0.00641016   -0.0209308
   0.0122379   -0.0209308    0.0816125
   0.0582806  -0.00095556    0.0112928
 -0.00095556   0.00681158   -0.0210939
   0.0112928   -0.0210939    0.0807984
   0.0696926  -0.00398633    0.0151145
 -0.00398633   0.00405892   -0.0169448
   0.0151145   -0.0169448     0.082546
   0.0685192  -0.00190241    0.0114081
 -0.00190241   0.00527027   -0.0194822
   0.0114081   -0.0194822    0.0819656
   0.0687464  -0.00141935   0.00922933
 -0.00141935   0.00461849   -0.0182988
  0.00922933   -0.0182988    0.0812981
   0.0692987  -0.00341436     0.012978
 -0.00341436   0.00361141   -0.0160157
    0.012978   -0.0160157    0.0816331
   0.0705611  -0.00556157    0.0188174
 -0.00556157   0.00317727   -0.0145058
   0.0188174   -0.0145058    0.0832075
   0.0695806  -0.00494113    0.0167234
 -0.00494113   0.00286737   -0.0138095
   0.0167234   -0.0138095    0.0821024
   0.0711511  -0.00669741    0.0224915
 -0.00669741   0.00253244   -0.0120665
   0.0224915   -0.0120665    0.0839903
   0.0710844  -0.00706805    0.0234682
 -0.00706805    0.0027179   -0.0123646
   0.0234682   -0.0123646    0.0847896
   0.0697671  -0.00609564    0.0204514
 -0.00609564   0.00231628   -0.0115854
   0.0204514   -0.0115854    0.0827578
   0.0651418  0.000280429   -0.0031716
 0.000280429   0.00253212   -0.0133024
  -0.0031716   -0.0133024    0.0769366
   0.0642038  -0.00163924  0.000845655
 -0.00163924   0.00219024   -0.0121119
 0.000845655   -0.0121119    0.0766999
   0.0652401   -0.0018002   0.00392092
  -0.0018002   0.00246383   -0.0130333
  0.00392092   -0.0130333    0.0778408
   0.0648342  -0.00346887   0.00798773
 -0.00346887   0.00212559    -0.011644
  0.00798773    -0.011644    0.0780387
   0.0627263  -0.00322615   0.00451348
 -0.00322615   0.00194064   -0.0109301
  0.00451348   -0.0109301    0.0767188
   0.0661843  -0.00377014     0.011017
 -0.00377014   0.00231966   -0.0123212
    0.011017   -0.0123212    0.0793806
    0.064041  -0.00484931    0.0119009
 -0.00484931   0.00186309   -0.0101507
   0.0119009   -0.0101507    0.0782502
   0.0661901  -0.00513156     0.015072
 -0.00513156   0.00198192   -0.0106173
    0.015072   -0.0106173    0.0799155
   0.0660767  -0.00624067    0.0189326
 -0.00624067   0.00171939  -0.00878966
   0.0189326  -0.00878966    0.0806337
   0.0607776  -0.00454881   0.00800424
 -0.00454881    0.0017332  -0.00957371
  0.00800424  -0.00957371    0.0763806
   0.0628502  -0.00593053    0.0153939
 -0.00593053   0.00164111  -0.00848626
   0.0153939  -0.00848626    0.0783991
   0.0589199  -0.00557353    0.0106536
 -0.00557353    0.0015584  -0.00812295
   0.0106536  -0.00812295    0.0772128
   0.0679332  -0.00551866    0.0178578
 -0.00551866   0.00211973   -0.0110704
   0.0178578   -0.0110704    0.0813396
   0.0682072  -0.00653498    0.0217635
 -0.00653498   0.00179306  -0.00900186
   0.0217635  -0.00900186    0.0822195
    0.067809  -0.00427143    0.0139521
 -0.00427143   0.00256964   -0.0130436
   0.0139521   -0.0130436    0.0807426
   0.0678808  -0.00271774    0.0100774
 -0.00271774   0.00317569   -0.0149861
   0.0100774   -0.0149861    0.0804068
   0.0662368   -0.0021347   0.00692801
  -0.0021347   0.00278985   -0.0139884
  0.00692801   -0.0139884    0.0791824
   0.0665044 -0.000190104   0.00292439
-0.000190104   0.00343607   -0.0157205
  0.00292439   -0.0157205    0.0792283
   0.0678629 -0.000782414   0.00622874
-0.000782414   0.00399647   -0.0169998
  0.00622874   -0.0169998    0.0802636
   0.0654489  0.000190196 -0.000280154
 0.000190196   0.00294793   -0.0144918
-0.000280154   -0.0144918    0.0781384
   0.0579632  -0.00627106    0.0131956
 -0.00627106   0.00143847  -0.00665448
   0.0131956  -0.00665448     0.078596
   0.0616908  -0.00662311    0.0182346
 -0.00662311   0.00148993  -0.00677268
   0.0182346  -0.00677268     0.078943
   0.0610474  -0.00696746     0.020365
 -0.00696746   0.00138661  -0.00512172
    0.020365  -0.00512172    0.0804309
   0.0580613  -0.00673783    0.0159772
 -0.00673783   0.00135032  -0.00520646
   0.0159772  -0.00520646    0.0800659
   0.0654872  -0.00731844    0.0255027
 -0.00731844   0.00143756  -0.00497635
   0.0255027  -0.00497635    0.0820064
   0.0614687  -0.00708219    0.0229075
 -0.00708219   0.00132385  -0.00355221
   0.0229075  -0.00355221    0.0823041
   0.0653762  -0.00731664    0.0281828
 -0.00731664   0.00138088  -0.00314661
   0.0281828  -0.00314661    0.0829787
    0.058228   -0.0069097    0.0192033
  -0.0069097   0.00127704  -0.00378026
   0.0192033  -0.00378026    0.0808869
   0.0695447  -0.00752886    0.0322102
 -0.00752886   0.00145283  -0.00269818
   0.0322102  -0.00269818    0.0855519
   0.0690888  -0.00755214    0.0290032
 -0.00755214   0.00148617  -0.00477685
   0.0290032  -0.00477685    0.0844628
   0.0686841  -0.00722001    0.0255328
 -0.00722001   0.00159336  -0.00688592
   0.0255328  -0.00688592    0.0833056
    0.065787  -0.00696063    0.0224379
 -0.00696063   0.00154619  -0.00688008
   0.0224379  -0.00688008    0.0813237
   0.0536087  -0.00640781    0.0137565
 -0.00640781   0.00122751   -0.0041374
   0.0137565   -0.0041374    0.0787823
   0.0546444  -0.00643209    0.0118169
 -0.00643209   0.00132559  -0.00530014
   0.0118169  -0.00530014    0.0792169
   0.0498336  -0.00546142   0.00630965
 -0.00546142   0.00121211  -0.00505283
  0.00630965  -0.00505283    0.0768189
    0.055361  -0.00605187   0.00936465
 -0.00605187   0.00141782   -0.0066053
  0.00936465   -0.0066053    0.0787212
   0.0512928  -0.00540594   0.00434092
 -0.00540594   0.00132639  -0.00622582
  0.00434092  -0.00622582     0.077779
   0.0530987  -0.00498713   0.00232094
 -0.00498713   0.00144276  -0.00752852
  0.00232094  -0.00752852    0.0777163
   0.0559882  -0.00527341   0.00614072
 -0.00527341   0.00150656  -0.00790497
  0.00614072  -0.00790497    0.0779847
   0.0495912  -0.00432226  -0.00127011
 -0.00432226   0.00128844  -0.00660638
 -0.00127011  -0.00660638    0.0767137
   0.0577091  -0.00424376   0.00321901
 -0.00424376   0.00162168  -0.00909688
  0.00321901  -0.00909688     0.076984
   0.0598679   -0.0029848  4.61751e-05
  -0.0029848   0.00175202   -0.0101319
 4.61751e-05   -0.0101319    0.0761447
   0.0571075  -0.00277335  -0.00398913
 -0.00277335   0.00158043  -0.00935568
 -0.00398913  -0.00935568    0.0757379
    0.062258   -0.0014957  -0.00303912
  -0.0014957   0.00192448   -0.0111274
 -0.00303912   -0.0111274    0.0759462
   0.0593374  -0.00141104  -0.00711585
 -0.00141104   0.00166289   -0.0100145
 -0.00711585   -0.0100145    0.0748795
   0.0625848  0.000282999   -0.0101838
 0.000282999   0.00181989   -0.0108407
  -0.0101838   -0.0108407    0.0749802
   0.0641993  0.000267838  -0.00636518
 0.000267838   0.00216476   -0.0121057
 -0.00636518   -0.0121057    0.0759522
   0.0569797  -0.00137219   -0.0102829
 -0.00137219   0.00145221  -0.00904068
  -0.0102829  -0.00904068     0.074037
   0.0595215  9.43907e-05   -0.0135157
 9.43907e-05   0.00150727  -0.00946215
  -0.0135157  -0.00946215    0.0735472
   0.0569548  -6.9901e-06   -0.0162467
 -6.9901e-06   0.00126788  -0.00833747
  -0.0162467  -0.00833747    0.0731296
    0.053462  -0.00147797    -0.013014
 -0.00147797   0.00124701   -0.0079461
   -0.013014   -0.0079461    0.0736658
    0.054278  -0.00265899  -0.00725962
 -0.00265899   0.00142357   -0.0085409
 -0.00725962   -0.0085409    0.0750647
   0.0506751  -0.00283262  -0.00867891
 -0.00283262   0.00127107  -0.00753932
 -0.00867891  -0.00753932    0.0751713
   0.0519213  -0.00384234  -0.00358506
 -0.00384234   0.00141081  -0.00789097
 -0.00358506  -0.00789097    0.0770317
   0.0550353   -0.0039445 -0.000842887
  -0.0039445   0.00152039  -0.00861805
-0.000842887  -0.00861805    0.0768323
   0.0507113  -0.00141071   -0.0153055
 -0.00141071    0.0011071  -0.00727382
  -0.0153055  -0.00727382     0.073597
    0.054716  3.47214e-05   -0.0186638
 3.47214e-05   0.00108063  -0.00744889
  -0.0186638  -0.00744889    0.0726252
   0.0268865   -0.0199363   -0.0111969
  -0.0199363    0.0186851    0.0191811
  -0.0111969    0.0191811     0.086456
   0.0269819   -0.0204898  -0.00940882
  -0.0204898      0.01884    0.0176253
 -0.00940882    0.0176253     0.087342
   0.0268004   -0.0183597  -0.00812361
  -0.0183597    0.0147645    0.0131604
 -0.00812361    0.0131604    0.0887921
   0.0272636   -0.0189195   -0.0062342
  -0.0189195    0.0151989    0.0126288
  -0.0062342    0.0126288    0.0899067
    0.027534   -0.0209653  -0.00734763
  -0.0209653    0.0191004    0.0168207
 -0.00734763    0.0168207    0.0881603
   0.0273828   -0.0173233  -0.00509687
  -0.0173233    0.0123678   0.00909868
 -0.00509687   0.00909868    0.0915789
   0.0281589   -0.0192607  -0.00401935
  -0.0192607    0.0155381    0.0128891
 -0.00401935    0.0128891    0.0909474
   0.0280046   -0.0176193  -0.00298195
  -0.0176193    0.0127053   0.00947559
 -0.00298195   0.00947559    0.0929043
   0.0290893   -0.0176835 -0.000649958
  -0.0176835    0.0128373    0.0104932
-0.000649958    0.0104932     0.094161
   0.0286082   -0.0213063  -0.00512897
  -0.0213063    0.0193717    0.0169274
 -0.00512897    0.0169274    0.0890335
   0.0296482   -0.0194624  -0.00177444
  -0.0194624    0.0157879    0.0139712
 -0.00177444    0.0139712    0.0920936
   0.0300375   -0.0213959  -0.00273291
  -0.0213959     0.019568    0.0178353
 -0.00273291    0.0178353    0.0898258
    0.028407   -0.0165268   -0.0021693
  -0.0165268    0.0107294   0.00682491
  -0.0021693   0.00682491    0.0942519
   0.0290781   -0.0164827  3.33124e-05
  -0.0164827    0.0107743   0.00775701
 3.33124e-05   0.00775701    0.0955145
   0.0298433   -0.0159318   0.00010299
  -0.0159318   0.00941398   0.00587125
  0.00010299   0.00587125    0.0959458
   0.0294185   -0.0160011  -0.00180505
  -0.0160011   0.00938483   0.00506457
 -0.00180505   0.00506457    0.0947272
   0.0281799   -0.0163469  -0.00411394
  -0.0163469    0.0104593   0.00644459
 -0.00411394   0.00644459    0.0928983
   0.0300215   -0.0160282   -0.0038364
  -0.0160282   0.00913246   0.00484998
  -0.0038364   0.00484998    0.0900468
   0.0283808    -0.015809  -0.00572677
   -0.015809   0.00986335   0.00671045
 -0.00572677   0.00671045    0.0891437
   0.0270198   -0.0167027  -0.00676017
  -0.0167027    0.0118388   0.00942191
 -0.00676017   0.00942191    0.0901351
   0.0269754   -0.0158532  -0.00803776
  -0.0158532    0.0112425    0.0104772
 -0.00803776    0.0104772    0.0874206
    0.030492   -0.0155517  -0.00556413
  -0.0155517   0.00858383   0.00535771
 -0.00556413   0.00535771    0.0870487
    0.028474   -0.0149637  -0.00706448
  -0.0149637   0.00924961   0.00778055
 -0.00706448   0.00778055    0.0865702
   0.0306196   -0.0146619  -0.00668969
  -0.0146619   0.00791211   0.00625919
 -0.00668969   0.00625919    0.0848411
   0.0267398   -0.0176434  -0.00967579
  -0.0176434    0.0143543    0.0144298
 -0.00967579    0.0144298     0.087607
   0.0316037   -0.0212283 -0.000363638
  -0.0212283    0.0199123    0.0194344
-0.000363638    0.0194344    0.0905009
   0.0313074   -0.0194126  0.000474267
  -0.0194126    0.0160914    0.0156591
 0.000474267    0.0156591    0.0931325
   0.0328733   -0.0191379   0.00248288
  -0.0191379    0.0164572    0.0176631
  0.00248288    0.0176631    0.0940243
   0.0330566   -0.0208259   0.00175458
  -0.0208259    0.0203835    0.0214445
  0.00175458    0.0214445    0.0910262
   0.0324859   -0.0175928     0.003307
  -0.0175928    0.0133219    0.0140219
    0.003307    0.0140219    0.0968444
   0.0340829   -0.0186637     0.004014
  -0.0186637    0.0168978    0.0197184
    0.004014    0.0197184    0.0947004
   0.0338224   -0.0172673   0.00469278
  -0.0172673    0.0136153    0.0158576
  0.00469278    0.0158576    0.0978811
   0.0346191   -0.0168316   0.00544861
  -0.0168316    0.0139297    0.0173932
  0.00544861    0.0173932    0.0986455
   0.0341075   -0.0201935   0.00339216
  -0.0201935    0.0209631    0.0236184
  0.00339216    0.0236184    0.0913413
   0.0347149   -0.0180553   0.00491856
  -0.0180553    0.0173668    0.0215623
  0.00491856    0.0215623    0.0951187
   0.0345643   -0.0194064   0.00440734
  -0.0194064    0.0215848    0.0256916
  0.00440734    0.0256916    0.0914134
   0.0335826   -0.0161574   0.00494856
  -0.0161574    0.0111134    0.0123622
  0.00494856    0.0123622    0.0999161
   0.0346049   -0.0159079    0.0054691
  -0.0159079    0.0113165    0.0135708
   0.0054691    0.0135708     0.101094
   0.0352342   -0.0155425   0.00474144
  -0.0155425   0.00949683    0.0103707
  0.00474144    0.0103707     0.101535
   0.0338323   -0.0155535   0.00446247
  -0.0155535   0.00934935    0.0095068
  0.00446247    0.0095068    0.0999922
   0.0320485   -0.0163096   0.00379297
  -0.0163096    0.0109281    0.0108011
  0.00379297    0.0108011    0.0984469
   0.0319694   -0.0154891   0.00356698
  -0.0154891   0.00922496   0.00826081
  0.00356698   0.00826081    0.0981473
   0.0302267   -0.0163111   0.00217078
  -0.0163111    0.0107641   0.00912719
  0.00217078   0.00912719    0.0967427
   0.0308141   -0.0177383     0.001441
  -0.0177383    0.0130661    0.0121491
    0.001441    0.0121491    0.0955779
   0.0306833   -0.0157066   0.00205066
  -0.0157066   0.00931034   0.00697928
  0.00205066   0.00697928    0.0970375
   0.0508234   -0.0242888  -0.00530334
  -0.0242888     0.012162   0.00708345
 -0.00530334   0.00708345    0.0802206
   0.0481119    -0.023433  -0.00432338
   -0.023433    0.0119466   0.00710669
 -0.00432338   0.00710669    0.0821051
   0.0427924   -0.0200161  -0.00105182
  -0.0200161    0.0100386   0.00643074
 -0.00105182   0.00643074    0.0896188
   0.0409973   -0.0199634   -0.0013776
  -0.0199634    0.0103127   0.00622697
  -0.0013776   0.00622697    0.0890681
   0.0474223   -0.0239312  -0.00565256
  -0.0239312    0.0125492   0.00730051
 -0.00565256   0.00730051     0.077763
   0.0369455   -0.0175578   0.00110387
  -0.0175578   0.00911602   0.00595029
  0.00110387   0.00595029    0.0942532
   0.0407788   -0.0206419  -0.00346066
  -0.0206419     0.010932   0.00627528
 -0.00346066   0.00627528    0.0837123
   0.0358387   -0.0177836  -0.00015527
  -0.0177836   0.00942755   0.00539766
 -0.00015527   0.00539766    0.0934317
   0.0359019    -0.018319  -0.00261465
   -0.018319   0.00981428   0.00524418
 -0.00261465   0.00524418    0.0872062
   0.0456667   -0.0237247  -0.00642673
  -0.0237247    0.0127692   0.00753761
 -0.00642673   0.00753761    0.0757987
   0.0401147   -0.0207151  -0.00480075
  -0.0207151    0.0111355   0.00629996
 -0.00480075   0.00629996     0.080384
   0.0447005   -0.0234777  -0.00721226
  -0.0234777    0.0128158   0.00785424
 -0.00721226   0.00785424    0.0740104
   0.0325903   -0.0162274   0.00120771
  -0.0162274   0.00891337   0.00573163
  0.00120771   0.00573163    0.0958298
   0.0317872   -0.0163879 -0.000489709
  -0.0163879   0.00905712   0.00491772
-0.000489709   0.00491772    0.0948695
   0.0337712   -0.0159973   0.00260509
  -0.0159973   0.00869176    0.0066282
  0.00260509    0.0066282    0.0967284
   0.0353697   -0.0159561   0.00330785
  -0.0159561   0.00860289   0.00745167
  0.00330785   0.00745167    0.0975825
   0.0383761    -0.017442   0.00163803
   -0.017442   0.00886655   0.00642788
  0.00163803   0.00642788    0.0948807
   0.0405098   -0.0178608     0.001158
  -0.0178608   0.00896017   0.00668081
    0.001158   0.00668081    0.0947436
   0.0373827   -0.0162505   0.00341679
  -0.0162505   0.00874622   0.00795723
  0.00341679   0.00795723     0.099411
    0.045315   -0.0207043  -0.00185885
  -0.0207043    0.0102093   0.00651983
 -0.00185885   0.00651983    0.0885125
   0.0444928   -0.0234118    -0.007525
  -0.0234118    0.0128351   0.00794849
   -0.007525   0.00794849    0.0747103
   0.0396303   -0.0203795  -0.00569278
  -0.0203795    0.0109411   0.00626488
 -0.00569278   0.00626488    0.0793272
   0.0404592   -0.0203164  -0.00695593
  -0.0203164    0.0107939   0.00693204
 -0.00695593   0.00693204    0.0777733
   0.0440473   -0.0226873  -0.00804184
  -0.0226873    0.0123207   0.00831151
 -0.00804184   0.00831151    0.0748288
   0.0367359   -0.0182417  -0.00579074
  -0.0182417   0.00958957   0.00582455
 -0.00579074   0.00582455     0.080968
   0.0406977   -0.0190949  -0.00764358
  -0.0190949   0.00989931   0.00776402
 -0.00764358   0.00776402    0.0770434
   0.0370508   -0.0172258  -0.00674037
  -0.0172258   0.00871858    0.0061583
 -0.00674037    0.0061583    0.0802409
   0.0365958   -0.0156313  -0.00711796
  -0.0156313    0.0076217   0.00646568
 -0.00711796   0.00646568    0.0805796
   0.0445361   -0.0214011  -0.00887426
  -0.0214011    0.0113403   0.00924466
 -0.00887426   0.00924466    0.0729692
   0.0402899   -0.0173124  -0.00803735
  -0.0173124    0.0086693   0.00818838
 -0.00803735   0.00818838    0.0753148
    0.044099   -0.0194834  -0.00928009
  -0.0194834    0.0101845    0.0100904
 -0.00928009    0.0100904    0.0709664
   0.0336034   -0.0161184  -0.00585063
  -0.0161184   0.00831707   0.00518875
 -0.00585063   0.00518875    0.0842668
   0.0333113   -0.0148073  -0.00666189
  -0.0148073   0.00735463   0.00580557
 -0.00666189   0.00580557    0.0846961
   0.0330473   -0.0167103  -0.00453934
  -0.0167103   0.00891883   0.00474217
 -0.00453934   0.00474217    0.0860615
   0.0320145    -0.016595  -0.00271256
   -0.016595   0.00908204   0.00453396
 -0.00271256   0.00453396    0.0892871
   0.0360013   -0.0183744  -0.00418266
  -0.0183744   0.00982078   0.00521099
 -0.00418266   0.00521099     0.083982
   0.0343551   -0.0185259   0.00474696
  -0.0185259     0.022128    0.0275038
  0.00474696    0.0275038    0.0912993
   0.0346689   -0.0173644   0.00513292
  -0.0173644    0.0177559    0.0230634
  0.00513292    0.0230634    0.0953301
   0.0339872   -0.0166258   0.00470595
  -0.0166258    0.0180494    0.0241137
  0.00470595    0.0241137    0.0954135
   0.0335451   -0.0175991   0.00446591
  -0.0175991    0.0225771    0.0289145
  0.00446591    0.0289145    0.0910764
   0.0342071   -0.0157582   0.00492435
  -0.0157582     0.014353    0.0191253
  0.00492435    0.0191253    0.0995371
   0.0328094   -0.0158539   0.00374025
  -0.0158539    0.0181622    0.0247527
  0.00374025    0.0247527    0.0953908
   0.0331405   -0.0151435   0.00378719
  -0.0151435    0.0143696    0.0193323
  0.00378719    0.0193323    0.0997591
   0.0317363   -0.0144628    0.0022476
  -0.0144628    0.0141532    0.0192546
   0.0022476    0.0192546    0.0998431
   0.0322744   -0.0166603   0.00366346
  -0.0166603    0.0228452    0.0299515
  0.00366346    0.0299515    0.0907726
    0.031329   -0.0150578   0.00237683
  -0.0150578    0.0180379    0.0250946
  0.00237683    0.0250946     0.095279
   0.0307453   -0.0157461   0.00247881
  -0.0157461    0.0228795    0.0306865
  0.00247881    0.0306865    0.0904076
   0.0336093    -0.014682   0.00335643
   -0.014682    0.0115084    0.0142089
  0.00335643    0.0142089     0.102974
    0.032306   -0.0141082   0.00166896
  -0.0141082    0.0112621    0.0137355
  0.00166896    0.0137355     0.103215
   0.0336735   -0.0142622  0.000400698
  -0.0142622   0.00931063   0.00904899
 0.000400698   0.00904899     0.104553
   0.0348489   -0.0147351   0.00218745
  -0.0147351   0.00955255   0.00986721
  0.00218745   0.00986721      0.10418
   0.0345352   -0.0151494   0.00464226
  -0.0151494    0.0115462    0.0144423
  0.00464226    0.0144423     0.102544
   0.0356109   -0.0150868   0.00357872
  -0.0150868   0.00961444    0.0104816
  0.00357872    0.0104816     0.103572
   0.0349025   -0.0155531   0.00537785
  -0.0155531    0.0114494    0.0142708
  0.00537785    0.0142708     0.101923
   0.0347404    -0.016317   0.00551211
   -0.016317    0.0141745     0.018506
  0.00551211     0.018506    0.0991716
   0.0357898   -0.0153612   0.00443934
  -0.0153612   0.00957919    0.0107038
  0.00443934    0.0107038     0.102722
   0.0291418   -0.0148251    0.0010417
  -0.0148251    0.0226962     0.031223
   0.0010417     0.031223    0.0900201
   0.0297339   -0.0142289  0.000755048
  -0.0142289    0.0176829    0.0252888
 0.000755048    0.0252888    0.0951188
   0.0282073    -0.013359 -0.000948725
   -0.013359    0.0171707    0.0254517
-0.000948725    0.0254517    0.0944507
   0.0276062   -0.0139121 -0.000502634
  -0.0139121    0.0223476    0.0316348
-0.000502634    0.0316348    0.0894102
   0.0288122   -0.0128883  -0.00134525
  -0.0128883    0.0130789    0.0189418
 -0.00134525    0.0189418    0.0993164
   0.0273118   -0.0125042  -0.00222056
  -0.0125042    0.0165783    0.0256584
 -0.00222056    0.0256584    0.0937851
   0.0281532   -0.0120801  -0.00285596
  -0.0120801    0.0123869    0.0189799
 -0.00285596    0.0189799    0.0982862
   0.0291033    -0.011338  -0.00379582
   -0.011338    0.0117184    0.0192958
 -0.00379582    0.0192958    0.0976889
   0.0271115   -0.0131864  -0.00165878
  -0.0131864    0.0219387     0.031938
 -0.00165878     0.031938    0.0884605
   0.0279328   -0.0118409  -0.00300508
  -0.0118409    0.0160127    0.0258754
 -0.00300508    0.0258754    0.0924725
   0.0288317   -0.0129057  -0.00207022
  -0.0129057    0.0216985    0.0322078
 -0.00207022    0.0322078    0.0877138
     0.02903   -0.0117946  -0.00375367
  -0.0117946   0.00938223    0.0126298
 -0.00375367    0.0126298      0.10214
   0.0301126   -0.0110458  -0.00513969
  -0.0110458   0.00865042    0.0128736
 -0.00513969    0.0128736     0.101022
   0.0325054   -0.0112602  -0.00669012
  -0.0112602   0.00674065    0.0074412
 -0.00669012    0.0074412     0.103507
   0.0308481     -0.01203  -0.00516516
    -0.01203   0.00751766   0.00724137
 -0.00516516   0.00724137     0.104275
   0.0295219    -0.012595  -0.00213904
   -0.012595     0.010132     0.012789
 -0.00213904     0.012789     0.103119
    0.031127   -0.0128448  -0.00356284
  -0.0128448   0.00825863   0.00758585
 -0.00356284   0.00758585     0.104537
   0.0308249   -0.0133961 -0.000255774
  -0.0133961    0.0107863    0.0132105
-0.000255774    0.0132105     0.103299
   0.0301858   -0.0136924  0.000456877
  -0.0136924    0.0137005     0.019079
 0.000456877     0.019079    0.0998294
   0.0322758   -0.0136109  -0.00160861
  -0.0136109   0.00888404   0.00823778
 -0.00160861   0.00823778     0.104716
   0.0523868   -0.0211382   -0.0179795
  -0.0211382   0.00951959   0.00178875
  -0.0179795   0.00178875    0.0820782
   0.0521925   -0.0223479   -0.0166615
  -0.0223479    0.0103835    0.0016602
  -0.0166615    0.0016602     0.081585
   0.0448374   -0.0184089   -0.0134597
  -0.0184089   0.00855749   0.00082531
  -0.0134597   0.00082531    0.0911509
   0.0455893   -0.0194131   -0.0116524
  -0.0194131   0.00921945    0.0012603
  -0.0116524    0.0012603    0.0911162
   0.0531721   -0.0233223   -0.0148891
  -0.0233223    0.0109614   0.00202861
  -0.0148891   0.00202861    0.0815752
    0.039057   -0.0162163   -0.0083554
  -0.0162163   0.00798974    0.0016674
  -0.0083554    0.0016674    0.0987956
   0.0467379   -0.0201568  -0.00970336
  -0.0201568   0.00961929   0.00210105
 -0.00970336   0.00210105    0.0909928
   0.0402791   -0.0170112  -0.00632432
  -0.0170112   0.00849108   0.00251921
 -0.00632432   0.00251921    0.0987293
   0.0414597   -0.0175403  -0.00433149
  -0.0175403   0.00875317   0.00364214
 -0.00433149   0.00364214    0.0984149
   0.0542766   -0.0241034   -0.0130073
  -0.0241034    0.0113756   0.00274289
  -0.0130073   0.00274289    0.0814061
   0.0477349    -0.020696  -0.00777386
   -0.020696   0.00988218   0.00318865
 -0.00777386   0.00318865    0.0906084
    0.055071   -0.0246811   -0.0111053
  -0.0246811    0.0116962   0.00367049
  -0.0111053   0.00367049    0.0810701
   0.0355338   -0.0148587  -0.00345237
  -0.0148587   0.00818726   0.00449226
 -0.00345237   0.00449226     0.103473
   0.0368446   -0.0154455  -0.00140947
  -0.0154455    0.0085362   0.00551495
 -0.00140947   0.00551495     0.103244
   0.0343839    -0.014089   -0.0054631
   -0.014089   0.00762843   0.00368552
  -0.0054631   0.00368552     0.103554
   0.0341494   -0.0132347  -0.00724228
  -0.0132347    0.0069058   0.00326935
 -0.00724228   0.00326935      0.10314
   0.0386327   -0.0153019   -0.0100832
  -0.0153019   0.00731346   0.00116653
  -0.0100832   0.00116653    0.0989981
   0.0401865   -0.0143144   -0.0114399
  -0.0143144    0.0064942   0.00127315
  -0.0114399   0.00127315    0.0993281
   0.0359464   -0.0123567  -0.00862012
  -0.0123567   0.00610087   0.00339578
 -0.00862012   0.00339578      0.10376
   0.0460215    -0.017337   -0.0146049
   -0.017337   0.00773217   0.00087909
  -0.0146049   0.00087909    0.0924421
   0.0554079   -0.0251267  -0.00928629
  -0.0251267    0.0120116   0.00466504
 -0.00928629   0.00466504    0.0807817
   0.0483731   -0.0211082  -0.00593497
  -0.0211082    0.0101021   0.00432429
 -0.00593497   0.00432429    0.0900444
   0.0481789    -0.021236  -0.00417002
   -0.021236    0.0102283    0.0052737
 -0.00417002    0.0052737    0.0893597
   0.0544057   -0.0249725  -0.00760413
  -0.0249725    0.0120674   0.00567206
 -0.00760413   0.00567206     0.080609
   0.0426159   -0.0181615 -0.000880573
  -0.0181615   0.00904161   0.00579907
-0.000880573   0.00579907    0.0969677
   0.0469203   -0.0209652  -0.00282662
  -0.0209652    0.0101843    0.0060768
 -0.00282662    0.0060768    0.0887461
   0.0421061   -0.0181818  0.000406796
  -0.0181818   0.00906325    0.0064274
 0.000406796    0.0064274    0.0959225
     0.05286   -0.0246715  -0.00625088
  -0.0246715    0.0120982   0.00652351
 -0.00625088   0.00652351    0.0804043
   0.0383679   -0.0162886    0.0029184
  -0.0162886   0.00880894   0.00796677
   0.0029184   0.00796677     0.100886
   0.0384666   -0.0161306   0.00188625
  -0.0161306    0.0088131   0.00746748
  0.00188625   0.00746748     0.102002
   0.0378848   -0.0158468  0.000419466
  -0.0158468   0.00872837   0.00657647
 0.000419466   0.00657647     0.102761
   0.0423046    -0.017925  -0.00250769
   -0.017925    0.0089395    0.0048148
 -0.00250769    0.0048148    0.0978297
   0.0221568   -0.0313601  -0.00446124
  -0.0313601    0.0947358    0.0536096
 -0.00446124    0.0536096    0.0593917
   0.0226598   -0.0309958  -0.00295533
  -0.0309958    0.0913435      0.05195
 -0.00295533      0.05195    0.0606966
    0.023507   -0.0314439  -0.00527527
  -0.0314439    0.0793314    0.0494121
 -0.00527527    0.0494121    0.0655619
    0.024479   -0.0312665  -0.00337001
  -0.0312665    0.0765365    0.0475146
 -0.00337001    0.0475146    0.0663792
   0.0235743   -0.0306988  -0.00129988
  -0.0306988    0.0878403    0.0502557
 -0.00129988    0.0502557    0.0617528
    0.025397   -0.0310728  -0.00522961
  -0.0310728    0.0656815    0.0441841
 -0.00522961    0.0441841    0.0708142
   0.0257354   -0.0310082  -0.00134445
  -0.0310082    0.0740656    0.0460162
