           0            0            0
           0            0            0
           0            0            0
    0.075522   -0.0028181    0.0124234
  -0.0028181  0.000245163  0.000397965
   0.0124234  0.000397965    0.0517867
   0.0691482   -0.0028109     0.018079
  -0.0028109  0.000297698  0.000465603
    0.018079  0.000465603    0.0578021
   0.0630706  -0.00317333    0.0241854
 -0.00317333  0.000434024  0.000697292
   0.0241854  0.000697292    0.0662092
   0.0601402  -0.00399218    0.0281731
 -0.00399218  0.000618756  0.000630132
   0.0281731  0.000630132    0.0734222
   0.0590821  -0.00483994    0.0299983
 -0.00483994  0.000800478  0.000354134
   0.0299983  0.000354134    0.0779208
   0.0541091  -0.00469385    0.0256857
 -0.00469385   0.00069589 -0.000172456
   0.0256857 -0.000172456    0.0735626
   0.0539955  -0.00543485    0.0241572
 -0.00543485  0.000875908 -0.000870046
   0.0241572 -0.000870046    0.0765231
   0.0584107   -0.0056292    0.0282677
  -0.0056292  0.000969544 -0.000398939
   0.0282677 -0.000398939    0.0797796
   0.0537752  -0.00600541    0.0201328
 -0.00600541   0.00103756   -0.0019605
   0.0201328   -0.0019605     0.077704
   0.0577062  -0.00625011    0.0242186
 -0.00625011   0.00111027  -0.00157756
   0.0242186  -0.00157756    0.0802229
   0.0531296  -0.00621584    0.0157195
 -0.00621584   0.00115986  -0.00328686
   0.0157195  -0.00328686    0.0777639
   0.0585576   -0.0068518    0.0223283
  -0.0068518   0.00122179  -0.00256212
   0.0223283  -0.00256212    0.0810261
    0.116006   0.00101407    0.0353853
  0.00101407   0.00166407   0.00702254
   0.0353853   0.00702254    0.0678728
    0.103775 -0.000850718    0.0410864
-0.000850718   0.00218423   0.00855892
   0.0410864   0.00855892    0.0767654
    0.105104  0.000360444    0.0414651
 0.000360444   0.00171822   0.00788785
   0.0414651   0.00788785    0.0771408
   0.0954709  -0.00118224    0.0466242
 -0.00118224   0.00215268   0.00904561
   0.0466242   0.00904561    0.0851461
   0.0935254  -0.00249542    0.0459037
 -0.00249542   0.00264109   0.00960075
   0.0459037   0.00960075    0.0845915
   0.0954939 -0.000568549    0.0462984
-0.000568549   0.00169069   0.00799401
   0.0462984   0.00799401    0.0851861
   0.0882933  -0.00265298    0.0500102
 -0.00265298    0.0024947   0.00945747
   0.0500102   0.00945747    0.0909804
   0.0887053  -0.00194585    0.0498671
 -0.00194585   0.00202688   0.00855686
   0.0498671   0.00855686    0.0910606
   0.0831744  -0.00336291    0.0506254
 -0.00336291   0.00226233   0.00827199
   0.0506254   0.00827199    0.0939452
   0.0860015  -0.00384199    0.0490079
 -0.00384199   0.00297496   0.00988866
   0.0490079   0.00988866    0.0903041
   0.0824924  -0.00401271    0.0506052
 -0.00401271   0.00270584   0.00901695
   0.0506052   0.00901695     0.093862
   0.0801101   -0.0049447    0.0494315
  -0.0049447   0.00313568   0.00936431
   0.0494315   0.00936431    0.0931669
   0.0872988  -0.00189947      0.04867
 -0.00189947   0.00160306   0.00711308
     0.04867   0.00711308    0.0906336
   0.0824127  -0.00322981     0.049758
 -0.00322981   0.00185282   0.00700425
    0.049758   0.00700425    0.0936466
   0.0789504  -0.00333242    0.0466955
 -0.00333242   0.00147963   0.00550863
   0.0466955   0.00550863     0.091335
   0.0834215   -0.0021582    0.0451599
  -0.0021582   0.00122703   0.00546429
   0.0451599   0.00546429    0.0879696
   0.0933611 -0.000677614    0.0444983
-0.000677614   0.00128128   0.00646505
   0.0444983   0.00646505    0.0844531
   0.0886855  -0.00111017    0.0402596
 -0.00111017  0.000934734   0.00480628
   0.0402596   0.00480628    0.0810754
    0.101666  0.000340524    0.0382966
 0.000340524  0.000934259   0.00528117
   0.0382966   0.00528117    0.0757707
    0.104474  0.000711597     0.040899
 0.000711597   0.00129315   0.00675372
    0.040899   0.00675372    0.0770718
    0.114917   0.00167356    0.0346047
  0.00167356  0.000907244   0.00517156
   0.0346047   0.00517156    0.0678225
   0.0962662 -0.000453823    0.0334201
-0.000453823   0.00065152   0.00374491
   0.0334201   0.00374491    0.0721298
    0.111426  0.000753275    0.0312284
 0.000753275  0.000636672   0.00384572
   0.0312284   0.00384572    0.0659834
    0.102395 -0.000267403    0.0258593
-0.000267403  0.000434576   0.00258263
   0.0258593   0.00258263     0.062323
    0.116249   0.00181043    0.0353123
  0.00181043   0.00125719   0.00628173
   0.0353123   0.00628173    0.0679875
   0.0775419  -0.00595863    0.0487309
 -0.00595863   0.00307896   0.00812605
   0.0487309   0.00812605    0.0942985
   0.0799713  -0.00523026    0.0500217
 -0.00523026   0.00272734   0.00784705
   0.0500217   0.00784705    0.0949309
   0.0784299  -0.00644916    0.0479537
 -0.00644916   0.00258625    0.0060538
   0.0479537    0.0060538    0.0944363
   0.0759978   -0.0069848    0.0466209
  -0.0069848   0.00285485   0.00631245
   0.0466209   0.00631245    0.0939499
   0.0792346  -0.00592791    0.0480811
 -0.00592791   0.00227736   0.00560411
   0.0480811   0.00560411    0.0943216
   0.0770615  -0.00754199    0.0448701
 -0.00754199   0.00236588   0.00380401
   0.0448701   0.00380401    0.0931076
   0.0778193  -0.00709192    0.0449717
 -0.00709192   0.00212456   0.00345023
   0.0449717   0.00345023    0.0928342
   0.0765829  -0.00796302    0.0416757
 -0.00796302   0.00195391  0.000970547
   0.0416757  0.000970547    0.0913998
   0.0746426  -0.00787514     0.043537
 -0.00787514   0.00255539    0.0040823
    0.043537    0.0040823    0.0928015
   0.0758527  -0.00832102     0.041579
 -0.00832102   0.00212948   0.00125216
    0.041579   0.00125216    0.0917989
   0.0733828  -0.00845314    0.0402122
 -0.00845314   0.00224437   0.00156981
   0.0402122   0.00156981    0.0916268
    0.077284  -0.00680413    0.0440955
 -0.00680413   0.00189132   0.00283912
   0.0440955   0.00283912    0.0921561
   0.0759363  -0.00762914    0.0407232
 -0.00762914   0.00177035  0.000556729
   0.0407232  0.000556729    0.0905782
   0.0741971  -0.00746925    0.0388868
 -0.00746925   0.00162346 -6.43956e-05
   0.0388868 -6.43956e-05     0.089374
    0.075273  -0.00671247    0.0420585
 -0.00671247   0.00169219   0.00198274
   0.0420585   0.00198274    0.0907835
   0.0787567  -0.00569514    0.0472782
 -0.00569514   0.00198655    0.0047805
   0.0472782    0.0047805    0.0938118
   0.0764046  -0.00566478    0.0449787
 -0.00566478   0.00171734   0.00369084
   0.0449787   0.00369084    0.0923509
   0.0802886  -0.00447608    0.0493736
 -0.00447608   0.00198977   0.00620793
   0.0493736   0.00620793    0.0945932
    0.080751  -0.00465041    0.0501225
 -0.00465041   0.00234842   0.00726315
   0.0501225   0.00726315    0.0949412
   0.0773653  -0.00449681    0.0466784
 -0.00449681   0.00165434   0.00490569
   0.0466784   0.00490569     0.092702
   0.0625258  -0.00654501    0.0294394
 -0.00654501   0.00121615  -0.00073795
   0.0294394  -0.00073795    0.0832499
    0.062107  -0.00573629    0.0314776
 -0.00573629    0.0010944  0.000199146
   0.0314776  0.000199146    0.0827046
   0.0665392    -0.005773    0.0356186
   -0.005773   0.00124889    0.0011919
   0.0356186    0.0011919    0.0857343
   0.0630151  -0.00489399    0.0337803
 -0.00489399  0.000942441    0.0010523
   0.0337803    0.0010523     0.081359
   0.0666813  -0.00485264    0.0369222
 -0.00485264   0.00110993    0.0019283
   0.0369222    0.0019283    0.0844481
   0.0682013   -0.0039107    0.0368715
  -0.0039107  0.000926802   0.00231741
   0.0368715   0.00231741    0.0818114
   0.0644971   -0.0040193    0.0326744
  -0.0040193   0.00075619    0.0013695
   0.0326744    0.0013695    0.0780731
   0.0724862  -0.00461121    0.0423798
 -0.00461121   0.00134739   0.00347553
   0.0423798   0.00347553    0.0893505
   0.0738061  -0.00356043    0.0420644
 -0.00356043   0.00115475   0.00389965
   0.0420644   0.00389965    0.0873553
   0.0720526  -0.00568222    0.0409898
 -0.00568222   0.00146071   0.00249861
   0.0409898   0.00249861    0.0895748
   0.0716122  -0.00666837    0.0385301
 -0.00666837   0.00150291   0.00102563
   0.0385301   0.00102563    0.0887651
   0.0665937  -0.00662539    0.0333343
 -0.00662539   0.00133762  7.09224e-06
   0.0333343  7.09224e-06    0.0858372
   0.0665654  -0.00722833    0.0309723
 -0.00722833   0.00138148  -0.00150477
   0.0309723  -0.00150477    0.0853204
   0.0709418  -0.00735604    0.0357749
 -0.00735604   0.00149646 -0.000758463
   0.0357749 -0.000758463    0.0872162
   0.0624005   -0.0070711    0.0262701
  -0.0070711   0.00129895  -0.00210146
   0.0262701  -0.00210146    0.0834218
   0.0683503  -0.00320228    0.0297694
 -0.00320228  0.000552998   0.00135138
   0.0297694   0.00135138    0.0724675
   0.0725778  -0.00249756    0.0241155
 -0.00249756   0.00036735   0.00112327
   0.0241155   0.00112327    0.0650414
   0.0771407  -0.00225164    0.0285867
 -0.00225164  0.000482491    0.0018761
   0.0285867    0.0018761    0.0696055
   0.0804066  -0.00237038    0.0177757
 -0.00237038  0.000259384  0.000756513
   0.0177757  0.000756513    0.0569832
   0.0840166   -0.0018357    0.0221858
  -0.0018357  0.000317121   0.00140166
   0.0221858   0.00140166    0.0615232
   0.0913546  -0.00234121    0.0162716
 -0.00234121  0.000315051  0.000905039
   0.0162716  0.000905039    0.0537844
   0.0842065  -0.00255919    0.0128483
 -0.00255919   0.00023084  0.000445287
   0.0128483  0.000445287    0.0512076
   0.0874105  -0.00124641    0.0276845
 -0.00124641  0.000441871   0.00234205
   0.0276845   0.00234205    0.0671525
   0.0935366  -0.00118047    0.0211462
 -0.00118047   0.00030144   0.00154053
   0.0211462   0.00154053    0.0584471
   0.0827152  -0.00173592    0.0345702
 -0.00173592  0.000664811   0.00317543
   0.0345702   0.00317543    0.0760422
    0.077876   -0.0025376    0.0401223
  -0.0025376  0.000913645   0.00376687
   0.0401223   0.00376687    0.0830536
   0.0729939  -0.00302333    0.0346735
 -0.00302333  0.000711174   0.00228445
   0.0346735   0.00228445    0.0776764
   0.0721655  -0.00872033    0.0367035
 -0.00872033   0.00201481  -0.00110837
   0.0367035  -0.00110837    0.0904076
   0.0747791  -0.00876198    0.0381385
 -0.00876198   0.00195543  -0.00147275
   0.0381385  -0.00147275    0.0905039
   0.0736846  -0.00890899    0.0346197
 -0.00890899   0.00190397  -0.00425273
   0.0346197  -0.00425273    0.0892156
   0.0708787  -0.00871075    0.0331098
 -0.00871075   0.00191364  -0.00383471
   0.0331098  -0.00383471    0.0891394
   0.0746498  -0.00871817    0.0348218
 -0.00871817   0.00180965  -0.00443638
   0.0348218  -0.00443638    0.0887245
   0.0725861  -0.00872988    0.0310097
 -0.00872988   0.00202747  -0.00704003
   0.0310097  -0.00704003     0.087937
   0.0737736  -0.00861468    0.0312844
 -0.00861468   0.00195491  -0.00719227
   0.0312844  -0.00719227    0.0874903
    0.072943  -0.00817631    0.0276417
 -0.00817631   0.00227642  -0.00993471
   0.0276417  -0.00993471    0.0863255
   0.0694764  -0.00839108    0.0294304
 -0.00839108   0.00200484  -0.00658321
   0.0294304  -0.00658321    0.0878221
   0.0713864  -0.00820777    0.0272985
 -0.00820777   0.00235033  -0.00982861
   0.0272985  -0.00982861    0.0866689
   0.0678924  -0.00774582    0.0256924
 -0.00774582   0.00231817  -0.00936976
   0.0256924  -0.00936976    0.0864632
   0.0732205  -0.00820198    0.0302775
 -0.00820198    0.0018269  -0.00714404
   0.0302775  -0.00714404    0.0865118
    0.072583  -0.00775944    0.0266443
 -0.00775944   0.00213081  -0.00976693
   0.0266443  -0.00976693    0.0854107
   0.0709982  -0.00718669    0.0246565
 -0.00718669   0.00196754  -0.00946451
   0.0246565  -0.00946451    0.0841119
   0.0715847  -0.00773281    0.0283782
 -0.00773281   0.00171209  -0.00705531
   0.0283782  -0.00705531    0.0852191
   0.0739709  -0.00833001    0.0338047
 -0.00833001   0.00168887  -0.00452373
   0.0338047  -0.00452373    0.0877435
   0.0723674  -0.00797724     0.032002
 -0.00797724   0.00159092  -0.00466664
    0.032002  -0.00466664    0.0865093
   0.0748692   -0.0081286    0.0372662
  -0.0081286   0.00168983  -0.00193859
   0.0372662  -0.00193859    0.0891019
   0.0755869  -0.00849484    0.0382732
 -0.00849484   0.00183237  -0.00169979
   0.0382732  -0.00169979    0.0900304
   0.0732441  -0.00787809    0.0354979
 -0.00787809   0.00157903  -0.00232029
   0.0354979  -0.00232029    0.0879202
    0.066049  -0.00673497    0.0219681
 -0.00673497   0.00292289   -0.0122014
   0.0219681   -0.0122014    0.0850618
   0.0699913   -0.0072912     0.023548
  -0.0072912   0.00291868   -0.0126029
    0.023548   -0.0126029    0.0854171
   0.0682196  -0.00600504    0.0198309
 -0.00600504   0.00374634   -0.0153624
   0.0198309   -0.0153624    0.0841909
    0.063879  -0.00534647    0.0183622
 -0.00534647   0.00381999   -0.0150804
   0.0183622   -0.0150804    0.0836457
   0.0708677  -0.00614819    0.0202201
 -0.00614819   0.00354971    -0.015245
   0.0202201    -0.015245    0.0842275
   0.0661052  -0.00421998    0.0161633
 -0.00421998   0.00492937    -0.018206
   0.0161633    -0.018206    0.0829883
   0.0693186  -0.00447805    0.0165007
 -0.00447805   0.00459421   -0.0179005
   0.0165007   -0.0179005    0.0832788
   0.0674209  -0.00224111      0.01278
 -0.00224111   0.00602799     -0.02068
     0.01278     -0.02068    0.0823813
   0.0614383   -0.0034798    0.0148922
  -0.0034798   0.00513992    -0.018115
   0.0148922    -0.018115    0.0822485
   0.0636861  -0.00188884    0.0125484
 -0.00188884   0.00657226   -0.0212233
   0.0125484   -0.0212233    0.0818542
   0.0587547   -0.0011066    0.0115121
  -0.0011066   0.00698667   -0.0213742
   0.0115121   -0.0213742    0.0809589
   0.0706128  -0.00423322    0.0155377
 -0.00423322   0.00416291   -0.0172125
   0.0155377   -0.0172125     0.082938
   0.0693875  -0.00212452    0.0118059
 -0.00212452   0.00538894   -0.0197523
   0.0118059   -0.0197523    0.0823208
   0.0696014   -0.0016218   0.00960001
  -0.0016218   0.00471019   -0.0185336
  0.00960001   -0.0185336    0.0816678
   0.0701845  -0.00363126    0.0133704
 -0.00363126   0.00369611   -0.0162552
   0.0133704   -0.0162552    0.0820307
   0.0715231  -0.00581778    0.0192672
 -0.00581778    0.0032708   -0.0147689
   0.0192672   -0.0147689    0.0836354
   0.0704885  -0.00516048    0.0171391
 -0.00516048   0.00294599   -0.0140489
   0.0171391   -0.0140489    0.0825286
   0.0721431  -0.00695332    0.0229701
 -0.00695332   0.00261651   -0.0123184
   0.0229701   -0.0123184    0.0844522
    0.072075  -0.00734605    0.0239391
 -0.00734605   0.00281065   -0.0126239
   0.0239391   -0.0126239     0.085235
   0.0706915  -0.00631261    0.0208935
 -0.00631261   0.00238803    -0.011816
   0.0208935    -0.011816    0.0832123
   0.0657738  0.000197002  -0.00302504
 0.000197002   0.00254391   -0.0133651
 -0.00302504   -0.0133651    0.0772536
   0.0648676  -0.00172271   0.00103314
 -0.00172271   0.00221289   -0.0122066
  0.00103314   -0.0122066    0.0770345
   0.0659085  -0.00190297   0.00413887
 -0.00190297   0.00249718   -0.0131606
  0.00413887   -0.0131606    0.0781858
   0.0655343  -0.00357536   0.00824397
 -0.00357536   0.00216331   -0.0117877
  0.00824397   -0.0117877     0.078407
   0.0634189   -0.0033154   0.00473828
  -0.0033154   0.00196924   -0.0110441
  0.00473828   -0.0110441    0.0770728
   0.0669224  -0.00390541     0.011316
 -0.00390541   0.00236869    -0.012496
    0.011316    -0.012496    0.0797672
    0.064772  -0.00496522    0.0121967
 -0.00496522   0.00190222   -0.0102982
   0.0121967   -0.0102982    0.0786426
   0.0669571  -0.00527154    0.0154079
 -0.00527154   0.00203001   -0.0107921
   0.0154079   -0.0107921    0.0803286
   0.0668746  -0.00638994    0.0193085
 -0.00638994   0.00176574   -0.0089521
   0.0193085   -0.0089521    0.0810735
   0.0614939  -0.00465035    0.0082657
 -0.00465035   0.00176467  -0.00969371
   0.0082657  -0.00969371    0.0767517
   0.0636077  -0.00606021    0.0157285
 -0.00606021   0.00168034  -0.00862449
   0.0157285  -0.00862449    0.0788137
   0.0596591  -0.00569214    0.0109479
 -0.00569214   0.00159159  -0.00823621
   0.0109479  -0.00823621    0.0776014
   0.0687697  -0.00569361    0.0182452
 -0.00569361   0.00217871   -0.0112734
   0.0182452   -0.0112734    0.0817745
   0.0690688  -0.00671271    0.0221871
 -0.00671271   0.00184782  -0.00918861
   0.0221871  -0.00918861    0.0826821
    0.068627  -0.00444666    0.0143096
 -0.00444666   0.00263259   -0.0132514
   0.0143096   -0.0132514    0.0811511
   0.0686849  -0.00289339    0.0104102
 -0.00289339   0.00324067   -0.0151886
   0.0104102   -0.0151886    0.0807909
   0.0669534  -0.00226929   0.00719553
 -0.00226929   0.00283718   -0.0141516
  0.00719553   -0.0141516     0.079546
   0.0672077 -0.000323519   0.00316591
-0.000323519   0.00347868   -0.0158643
  0.00316591   -0.0158643    0.0795733
   0.0686502   -0.0009522   0.00653977
  -0.0009522   0.00406206   -0.0171905
  0.00653977   -0.0171905    0.0806256
   0.0660903  8.76437e-05 -9.86499e-05
 8.76437e-05   0.00297242   -0.0145917
-9.86499e-05   -0.0145917    0.0784657
   0.0587308  -0.00640844     0.013528
 -0.00640844   0.00147269  -0.00675385
    0.013528  -0.00675385    0.0790041
   0.0624728  -0.00676861    0.0186062
 -0.00676861   0.00152871  -0.00689183
   0.0186062  -0.00689183    0.0793772
   0.0618591  -0.00712688    0.0207741
 -0.00712688   0.00142503  -0.00521615
   0.0207741  -0.00521615     0.080884
   0.0588631  -0.00689256    0.0163553
 -0.00689256   0.00138563  -0.00528889
   0.0163553  -0.00528889    0.0804958
   0.0663425  -0.00748939    0.0259612
 -0.00748939   0.00148076  -0.00508656
   0.0259612  -0.00508656    0.0824927
   0.0623158  -0.00725138    0.0233626
 -0.00725138   0.00136265  -0.00362285
   0.0233626  -0.00362285    0.0827812
   0.0662586  -0.00749256    0.0286839
 -0.00749256   0.00142385  -0.00322518
   0.0286839  -0.00322518    0.0834864
   0.0590607  -0.00707557    0.0196346
 -0.00707557    0.0013131  -0.00384607
   0.0196346  -0.00384607    0.0813433
   0.0704969  -0.00771772    0.0327635
 -0.00771772   0.00150122  -0.00278484
   0.0327635  -0.00278484    0.0860935
   0.0700098  -0.00774022    0.0295107
 -0.00774022   0.00153481  -0.00490206
   0.0295107  -0.00490206    0.0849792
   0.0695754  -0.00740325    0.0259973
 -0.00740325   0.00164425  -0.00704582
   0.0259973  -0.00704582    0.0837958
   0.0666138  -0.00712124    0.0228548
 -0.00712124    0.0015905  -0.00701969
   0.0228548  -0.00701969    0.0817881
   0.0544063  -0.00656267    0.0141398
 -0.00656267   0.00125956  -0.00419602
   0.0141398  -0.00419602    0.0792043
   0.0554324   -0.0065818    0.0121645
  -0.0065818   0.00135814  -0.00537205
   0.0121645  -0.00537205    0.0796242
   0.0505801  -0.00559457   0.00660615
 -0.00559457   0.00123845  -0.00510459
  0.00660615  -0.00510459    0.0771926
   0.0561268  -0.00618629   0.00967115
 -0.00618629   0.00144932  -0.00669118
  0.00967115  -0.00669118    0.0791118
   0.0520377  -0.00553258   0.00460557
 -0.00553258   0.00135305  -0.00628915
  0.00460557  -0.00628915    0.0781417
   0.0538357   -0.0050986    0.0025547
  -0.0050986   0.00146818  -0.00760306
   0.0025547  -0.00760306    0.0780691
   0.0567287  -0.00538725   0.00640315
 -0.00538725   0.00153542  -0.00799784
  0.00640315  -0.00799784    0.0783569
   0.0503092  -0.00443112  -0.00106492
 -0.00443112   0.00130851  -0.00665198
 -0.00106492  -0.00665198    0.0770462
   0.0584274  -0.00433895   0.00344375
 -0.00433895   0.00164699  -0.00918993
  0.00344375  -0.00918993    0.0773384
   0.0605676  -0.00306602  0.000236592
 -0.00306602   0.00177302   -0.0102151
 0.000236592   -0.0102151     0.076482
   0.0578125  -0.00285243  -0.00383205
 -0.00285243    0.0015957  -0.00941099
 -0.00383205  -0.00941099    0.0760588
   0.0629358  -0.00156984  -0.00288199
 -0.00156984   0.00193877   -0.0111894
 -0.00288199   -0.0111894    0.0762703
    0.060028  -0.00148335  -0.00699193
 -0.00148335   0.00167074   -0.0100447
 -0.00699193   -0.0100447    0.0751874
   0.0632618  0.000209028   -0.0100922
 0.000209028   0.00181584   -0.0108338
  -0.0100922   -0.0108338    0.0752817
   0.0648498   0.00019311  -0.00624377
  0.00019311   0.00216753   -0.0121337
 -0.00624377   -0.0121337    0.0762635
   0.0576808   -0.0014494   -0.0101883
  -0.0014494   0.00145551  -0.00903931
  -0.0101883  -0.00903931    0.0743338
   0.0602139  1.42788e-05   -0.0134557
 1.42788e-05   0.00149943  -0.00942203
  -0.0134557  -0.00942203    0.0738353
   0.0576537 -9.71905e-05   -0.0162188
-9.71905e-05   0.00125706  -0.00826097
  -0.0162188  -0.00826097    0.0734094
   0.0541589  -0.00156388   -0.0129487
 -0.00156388   0.00124793  -0.00791573
  -0.0129487  -0.00791573    0.0739506
   0.0549869  -0.00274118  -0.00713034
 -0.00274118   0.00143472   -0.0085693
 -0.00713034   -0.0085693    0.0753722
   0.0513769  -0.00292197   -0.0085589
 -0.00292197    0.0012812  -0.00755287
  -0.0085589  -0.00755287    0.0754702
    0.052639   -0.0039364  -0.00341011
  -0.0039364   0.00142882  -0.00794346
 -0.00341011  -0.00794346    0.0773555
   0.0557562  -0.00403659 -0.000649692
 -0.00403659   0.00154087  -0.00868829
-0.000649692  -0.00868829    0.0771699
   0.0513982  -0.00150033   -0.0152674
 -0.00150033   0.00110575  -0.00722462
  -0.0152674  -0.00722462    0.0738716
   0.0554162 -6.45492e-05    -0.018667
-6.45492e-05   0.00106752  -0.00734143
   -0.018667  -0.00734143     0.072896
   0.0264453   -0.0198734   -0.0117836
  -0.0198734    0.0186922    0.0193113
  -0.0117836    0.0193113    0.0862086
    0.026598   -0.0203971  -0.00991707
  -0.0203971    0.0188315    0.0178072
 -0.00991707    0.0178072    0.0871446
   0.0264036   -0.0182677  -0.00866126
  -0.0182677    0.0147668    0.0133701
 -0.00866126    0.0133701    0.0885841
   0.0269366   -0.0187995  -0.00667713
  -0.0187995    0.0151862    0.0129087
 -0.00667713    0.0129087    0.0897474
   0.0272182   -0.0208472  -0.00776593
  -0.0208472    0.0190802    0.0170675
 -0.00776593    0.0170675     0.088005
   0.0270422   -0.0172031  -0.00556874
  -0.0172031    0.0123601   0.00940837
 -0.00556874   0.00940837    0.0914319
   0.0279146   -0.0191161   -0.0043573
  -0.0191161    0.0155173    0.0132474
  -0.0043573    0.0132474    0.0908321
   0.0277492   -0.0174725  -0.00334547
  -0.0174725    0.0126833   0.00986423
 -0.00334547   0.00986423    0.0928082
   0.0289287   -0.0175144 -0.000900026
  -0.0175144    0.0128118    0.0109582
-0.000900026    0.0109582    0.0941156
   0.0283732   -0.0211675  -0.00544574
  -0.0211675    0.0193509    0.0172492
 -0.00544574    0.0172492    0.0889171
   0.0294948   -0.0192979  -0.00200167
  -0.0192979    0.0157741    0.0144093
 -0.00200167    0.0144093    0.0920229
   0.0298926   -0.0212414  -0.00294149
  -0.0212414    0.0195644    0.0182348
 -0.00294149    0.0182348    0.0897454
    0.028137   -0.0163808  -0.00256493
  -0.0163808    0.0107056   0.00723246
 -0.00256493   0.00723246    0.0941868
   0.0289057   -0.0163139 -0.000247355
  -0.0163139     0.010739   0.00823481
-0.000247355   0.00823481    0.0955063
   0.0296556   -0.0157656 -0.000216504
  -0.0157656   0.00937156   0.00634735
-0.000216504   0.00634735    0.0959803
   0.0291317   -0.0158576  -0.00223821
  -0.0158576   0.00935919   0.00547685
 -0.00223821   0.00547685    0.0946997
   0.0278195   -0.0162273  -0.00462085
  -0.0162273    0.0104546   0.00677634
 -0.00462085   0.00677634    0.0927765
   0.0296269   -0.0159128  -0.00437345
  -0.0159128   0.00913181   0.00518181
 -0.00437345   0.00518181    0.0899673
   0.0279342     -0.01572  -0.00632892
    -0.01572   0.00988022   0.00696509
 -0.00632892   0.00696509    0.0889663
   0.0266054   -0.0166121  -0.00733136
  -0.0166121    0.0118491   0.00965797
 -0.00733136   0.00965797    0.0899313
   0.0264938   -0.0157955  -0.00869284
  -0.0157955    0.0112693     0.010649
 -0.00869284     0.010649    0.0871526
   0.0300072   -0.0154661   -0.0061948
  -0.0154661   0.00860589   0.00561968
  -0.0061948   0.00561968    0.0869116
   0.0279562   -0.0149076  -0.00775129
  -0.0149076   0.00928306   0.00797115
 -0.00775129   0.00797115    0.0863231
   0.0300603   -0.0146083  -0.00740382
  -0.0146083   0.00795035   0.00646087
 -0.00740382   0.00646087    0.0846315
    0.026281   -0.0175835   -0.0102984
  -0.0175835    0.0143727    0.0145816
  -0.0102984    0.0145816    0.0873418
   0.0315514   -0.0210647 -0.000464584
  -0.0210647    0.0199433    0.0199041
-0.000464584    0.0199041    0.0904551
    0.031248   -0.0192353  0.000356369
  -0.0192353    0.0161004    0.0161661
 0.000356369    0.0161661     0.093106
   0.0329007   -0.0189575   0.00246284
  -0.0189575    0.0165082    0.0182148
  0.00246284    0.0182148    0.0940417
   0.0330882   -0.0206617   0.00175031
  -0.0206617     0.020469    0.0219653
  0.00175031    0.0219653     0.091013
   0.0325082   -0.0174039   0.00326287
  -0.0174039    0.0133368    0.0145851
  0.00326287    0.0145851    0.0969085
   0.0341785   -0.0184919   0.00407083
  -0.0184919    0.0170052    0.0202821
  0.00407083    0.0202821    0.0947606
   0.0339161    -0.017087   0.00472352
   -0.017087    0.0136748    0.0164175
  0.00472352    0.0164175    0.0979995
    0.034758   -0.0166738   0.00552613
  -0.0166738    0.0140413    0.0179084
  0.00552613    0.0179084    0.0988164
   0.0342029   -0.0200383   0.00346459
  -0.0200383    0.0211171    0.0241633
  0.00346459    0.0241633    0.0913587
   0.0348515   -0.0179043   0.00502513
  -0.0179043    0.0175359    0.0221015
  0.00502513    0.0221015      0.09522
   0.0346964   -0.0192693   0.00453043
  -0.0192693    0.0218101    0.0262298
  0.00453043    0.0262298    0.0914591
   0.0336737   -0.0159751   0.00494272
  -0.0159751    0.0111291    0.0128985
  0.00494272    0.0128985     0.100098
   0.0347455   -0.0157488   0.00550544
  -0.0157488    0.0113759    0.0140438
  0.00550544    0.0140438     0.101338
    0.035378   -0.0153864   0.00472811
  -0.0153864    0.0095099    0.0107923
  0.00472811    0.0107923     0.101844
   0.0339225   -0.0153742   0.00441158
  -0.0153742   0.00932732    0.0100049
  0.00441158    0.0100049     0.100231
   0.0320657   -0.0161191   0.00371605
  -0.0161191    0.0109097     0.011355
  0.00371605     0.011355    0.0985639
   0.0319835   -0.0153022   0.00344955
  -0.0153022   0.00917982   0.00878777
  0.00344955   0.00878777    0.0983133
   0.0301544   -0.0161266   0.00200019
  -0.0161266    0.0107279   0.00965695
  0.00200019   0.00965695    0.0967939
   0.0307478   -0.0175541   0.00130004
  -0.0175541    0.0130512    0.0126774
  0.00130004    0.0126774    0.0955871
   0.0306005   -0.0155246    0.0018396
  -0.0155246    0.0092579   0.00749723
   0.0018396   0.00749723    0.0971353
   0.0509689   -0.0241331  -0.00553757
  -0.0241331    0.0120247   0.00734396
 -0.00553757   0.00734396    0.0805534
   0.0481836   -0.0232506  -0.00458874
  -0.0232506    0.0117976   0.00744512
 -0.00458874   0.00744512    0.0823945
   0.0428816   -0.0198419  -0.00126281
  -0.0198419   0.00991891   0.00680775
 -0.00126281   0.00680775    0.0899261
   0.0409802   -0.0197744  -0.00165619
  -0.0197744    0.0101907   0.00665017
 -0.00165619   0.00665017    0.0893085
   0.0473955   -0.0237449  -0.00597346
  -0.0237449    0.0124079   0.00764507
 -0.00597346   0.00764507    0.0779991
   0.0369442   -0.0173716  0.000880855
  -0.0173716    0.0090169    0.0064134
 0.000880855    0.0064134    0.0944865
   0.0406467   -0.0204614  -0.00381382
  -0.0204614    0.0108278   0.00667685
 -0.00381382   0.00667685    0.0838987
   0.0357209   -0.0176007 -0.000468827
  -0.0176007   0.00933954   0.00586601
-0.000468827   0.00586601    0.0935977
   0.0356586   -0.0181553  -0.00301823
  -0.0181553    0.0097525   0.00566052
 -0.00301823   0.00566052    0.0873198
    0.045501   -0.0235378  -0.00681777
  -0.0235378    0.0126511   0.00788962
 -0.00681777   0.00788962    0.0759857
   0.0398439   -0.0205471  -0.00523532
  -0.0205471    0.0110625   0.00667571
 -0.00523532   0.00667571    0.0805187
   0.0443856   -0.0233032  -0.00768306
  -0.0233032    0.0127336   0.00818716
 -0.00768306   0.00818716    0.0741508
   0.0324952   -0.0160471  0.000948582
  -0.0160471   0.00884228   0.00622615
 0.000948582   0.00622615    0.0959695
   0.0315795   -0.0162232 -0.000853869
  -0.0162232   0.00900464   0.00537862
-0.000853869   0.00537862    0.0949444
   0.0337804   -0.0158124   0.00243742
  -0.0158124   0.00861841   0.00712276
  0.00243742   0.00712276    0.0969367
   0.0354634   -0.0157816   0.00320706
  -0.0157816   0.00854487   0.00790396
  0.00320706   0.00790396    0.0978621
    0.038469   -0.0172693   0.00148333
  -0.0172693    0.0087776   0.00684348
  0.00148333   0.00684348    0.0951846
   0.0406683   -0.0177145   0.00103602
  -0.0177145   0.00889387   0.00700424
  0.00103602   0.00700424    0.0951147
    0.037534   -0.0160996      0.00335
  -0.0160996   0.00871681   0.00832611
     0.00335   0.00832611    0.0997643
   0.0454751   -0.0205567   -0.0020382
  -0.0205567     0.010107    0.0068091
  -0.0020382    0.0068091    0.0888771
   0.0440789   -0.0232467  -0.00805253
  -0.0232467    0.0127794    0.0082761
 -0.00805253    0.0082761    0.0748289
   0.0392423   -0.0202317  -0.00621281
  -0.0202317    0.0108996   0.00660359
 -0.00621281   0.00660359    0.0794118
   0.0399404   -0.0201924  -0.00755835
  -0.0201924    0.0107874   0.00723132
 -0.00755835   0.00723132    0.0778279
   0.0435385   -0.0225429  -0.00862401
  -0.0225429    0.0122949   0.00861885
 -0.00862401   0.00861885    0.0749236
   0.0362454   -0.0181276   -0.0063866
  -0.0181276   0.00958927   0.00612514
  -0.0063866   0.00612514    0.0809761
   0.0400476   -0.0190045  -0.00832885
  -0.0190045   0.00992126   0.00801923
 -0.00832885   0.00801923    0.0770489
   0.0364443   -0.0171431  -0.00742512
  -0.0171431   0.00874679   0.00641001
 -0.00742512   0.00641001    0.0801994
    0.035897   -0.0155818   -0.0078853
  -0.0155818   0.00766607   0.00667151
  -0.0078853   0.00667151     0.080455
   0.0438624   -0.0212973   -0.0095562
  -0.0212973    0.0113527   0.00949559
  -0.0095562   0.00949559    0.0730125
   0.0395389    -0.017259  -0.00880301
   -0.017259   0.00870936   0.00838761
 -0.00880301   0.00838761    0.0752479
   0.0433149   -0.0194166   -0.0100276
  -0.0194166     0.010211    0.0102908
  -0.0100276    0.0102908    0.0709488
   0.0330614   -0.0160331  -0.00651589
  -0.0160331   0.00834099   0.00544905
 -0.00651589   0.00544905    0.0841704
   0.0326814    -0.014758  -0.00742736
   -0.014758   0.00739836   0.00600812
 -0.00742736   0.00600812    0.0845076
   0.0326048    -0.016597  -0.00510987
   -0.016597   0.00891992   0.00506228
 -0.00510987   0.00506228    0.0860261
   0.0316877   -0.0164564  -0.00318075
  -0.0164564   0.00905578   0.00492062
 -0.00318075   0.00492062    0.0893053
   0.0356355   -0.0182331  -0.00468258
  -0.0182331   0.00978857   0.00557247
 -0.00468258   0.00557247    0.0840392
   0.0344964   -0.0184148   0.00489297
  -0.0184148    0.0224146    0.0280056
  0.00489297    0.0280056    0.0913712
    0.034818   -0.0172441   0.00526005
  -0.0172441    0.0179794    0.0235432
  0.00526005    0.0235432    0.0954705
   0.0341251    -0.016541   0.00482809
   -0.016541    0.0183143    0.0245061
  0.00482809    0.0245061    0.0955925
   0.0336735   -0.0175172   0.00461078
  -0.0175172     0.022909    0.0293548
  0.00461078    0.0293548    0.0911746
    0.034353   -0.0156756   0.00500873
  -0.0156756    0.0145542    0.0194426
  0.00500873    0.0194426    0.0998064
   0.0329208   -0.0158031   0.00383761
  -0.0158031    0.0184472    0.0250413
  0.00383761    0.0250413    0.0956082
   0.0332612   -0.0150998   0.00384172
  -0.0150998    0.0145937    0.0195188
  0.00384172    0.0195188     0.100075
   0.0318248   -0.0144497   0.00225886
  -0.0144497    0.0143778    0.0193076
  0.00225886    0.0193076     0.100202
   0.0323759    -0.016606   0.00378826
   -0.016606    0.0231986     0.030315
  0.00378826     0.030315    0.0908978
   0.0314079   -0.0150336   0.00243587
  -0.0150336    0.0183183     0.025275
  0.00243587     0.025275    0.0955342
   0.0308148   -0.0157136   0.00257054
  -0.0157136    0.0232281    0.0309679
  0.00257054    0.0309679    0.0905608
   0.0337405   -0.0146472   0.00335652
  -0.0146472    0.0116823    0.0142852
  0.00335652    0.0142852     0.103383
   0.0324061    -0.014107   0.00162217
   -0.014107    0.0114459    0.0136575
  0.00162217    0.0136575     0.103669
   0.0337891   -0.0142748  0.000292749
  -0.0142748   0.00946685   0.00885911
 0.000292749   0.00885911     0.105081
   0.0349946   -0.0147107   0.00212797
  -0.0147107   0.00968811   0.00984598
  0.00212797   0.00984598     0.104664
     0.03469   -0.0150715   0.00467659
  -0.0150715    0.0116928    0.0146727
  0.00467659    0.0146727     0.102902
   0.0357774   -0.0150163   0.00355594
  -0.0150163   0.00971444    0.0106296
  0.00355594    0.0106296     0.104004
   0.0350631    -0.015431   0.00542653
   -0.015431    0.0115542    0.0146385
  0.00542653    0.0146385     0.102226
   0.0348953   -0.0161939   0.00560631
  -0.0161939    0.0143357    0.0189375
  0.00560631    0.0189375    0.0993926
   0.0359584   -0.0152437   0.00443416
  -0.0152437   0.00963549    0.0110048
  0.00443416    0.0110048     0.103095
   0.0291814   -0.0148056   0.00109281
  -0.0148056    0.0230197    0.0314241
  0.00109281    0.0314241    0.0902022
    0.029782   -0.0142211  0.000768293
  -0.0142211    0.0179369    0.0253673
 0.000768293    0.0253673    0.0954109
     0.02823   -0.0133563 -0.000982794
  -0.0133563    0.0173842    0.0254443
-0.000982794    0.0254443    0.0947751
   0.0276212   -0.0138976 -0.000494999
  -0.0138976    0.0226316    0.0317645
-0.000494999    0.0317645      0.08962
   0.0288438   -0.0128985   -0.0014349
  -0.0128985    0.0132458    0.0187699
  -0.0014349    0.0187699    0.0997503
    0.027311   -0.0124997  -0.00230298
  -0.0124997    0.0167427    0.0255828
 -0.00230298    0.0255828    0.0941378
    0.028162   -0.0120846   -0.0029951
  -0.0120846    0.0125076     0.018733
  -0.0029951     0.018733    0.0987469
   0.0290875   -0.0113277  -0.00398744
  -0.0113277    0.0117886    0.0189937
 -0.00398744    0.0189937    0.0981767
   0.0271035   -0.0131697  -0.00169779
  -0.0131697    0.0221735    0.0320108
 -0.00169779    0.0320108    0.0886929
   0.0279078   -0.0118264   -0.0031379
  -0.0118264    0.0161248    0.0257526
  -0.0031379    0.0257526    0.0928467
   0.0287974   -0.0128805    -0.002164
  -0.0128805    0.0218802    0.0322356
   -0.002164    0.0322356    0.0879659
   0.0290522   -0.0118085  -0.00395581
  -0.0118085   0.00948874    0.0122115
 -0.00395581    0.0122115     0.102692
   0.0301146   -0.0110371  -0.00539172
  -0.0110371     0.008711    0.0123997
 -0.00539172    0.0123997     0.101597
   0.0325256   -0.0112593  -0.00699938
  -0.0112593   0.00681837   0.00682564
 -0.00699938   0.00682564     0.104143
   0.0308858   -0.0120577  -0.00542767
  -0.0120577   0.00763543   0.00668267
 -0.00542767   0.00668267     0.104893
   0.0295659   -0.0126175  -0.00229164
  -0.0126175     0.010278    0.0124535
 -0.00229164    0.0124535     0.103648
   0.0311864   -0.0128833  -0.00377588
  -0.0128833   0.00840422   0.00712034
 -0.00377588   0.00712034     0.105132
   0.0308947   -0.0134144 -0.000355213
  -0.0134144    0.0109596    0.0129919
-0.000355213    0.0129919     0.103793
   0.0302435   -0.0136971  0.000418072
  -0.0136971    0.0139046    0.0190089
 0.000418072    0.0190089     0.100229
   0.0323613   -0.0136448  -0.00176952
  -0.0136448   0.00904401   0.00789615
 -0.00176952   0.00789615     0.105283
   0.0524973    -0.021311   -0.0183299
   -0.021311   0.00978549   0.00125644
  -0.0183299   0.00125644    0.0825884
   0.0523291   -0.0225257   -0.0169966
  -0.0225257    0.0106409   0.00116107
  -0.0169966   0.00116107    0.0820982
    0.044944   -0.0185397   -0.0138065
  -0.0185397     0.008788  0.000226155
  -0.0138065  0.000226155    0.0917415
   0.0457224   -0.0195429   -0.0119693
  -0.0195429   0.00943392  0.000735858
  -0.0119693  0.000735858    0.0917019
   0.0533371   -0.0234863   -0.0152043
  -0.0234863    0.0111866   0.00158839
  -0.0152043   0.00158839     0.082088
   0.0391593   -0.0163117  -0.00865564
  -0.0163117   0.00818275   0.00110018
 -0.00865564   0.00110018    0.0994236
   0.0469008   -0.0202656  -0.00998521
  -0.0202656   0.00979643   0.00168234
 -0.00998521   0.00168234    0.0915656
   0.0404102   -0.0170946  -0.00658115
  -0.0170946    0.0086642   0.00207169
 -0.00658115   0.00207169    0.0993389
   0.0416216    -0.017592  -0.00454276
   -0.017592   0.00888781   0.00334309
 -0.00454276   0.00334309    0.0989962
   0.0544722   -0.0242348   -0.0132965
  -0.0242348    0.0115479   0.00238998
  -0.0132965   0.00238998    0.0819111
   0.0479279   -0.0207648   -0.0080174
  -0.0207648    0.0100057   0.00290289
  -0.0080174   0.00290289    0.0911589
   0.0552956   -0.0247604   -0.0113656
  -0.0247604    0.0117996   0.00343164
  -0.0113656   0.00343164    0.0815588
   0.0356379   -0.0149176  -0.00366773
  -0.0149176   0.00835267   0.00406803
 -0.00366773   0.00406803      0.10408
   0.0369799   -0.0154785  -0.00157393
  -0.0154785   0.00868083   0.00524634
 -0.00157393   0.00524634     0.103818
   0.0344602   -0.0141548   -0.0057282
  -0.0141548   0.00779738    0.0031341
  -0.0057282    0.0031341     0.104186
   0.0342036   -0.0132889  -0.00755199
  -0.0132889   0.00705906   0.00262784
 -0.00755199   0.00262784     0.103787
   0.0387103   -0.0153904   -0.0104227
  -0.0153904   0.00750739    0.0005106
  -0.0104227    0.0005106    0.0996378
   0.0402453   -0.0143757   -0.0118137
  -0.0143757    0.0066676   0.00056443
  -0.0118137   0.00056443    0.0999742
   0.0359827   -0.0123806  -0.00897463
  -0.0123806   0.00622296    0.0026902
 -0.00897463    0.0026902     0.104425
    0.046104   -0.0174502   -0.0149792
  -0.0174502   0.00795673  0.000229558
  -0.0149792  0.000229558    0.0930383
   0.0556513   -0.0251415  -0.00952032
  -0.0251415    0.0120376   0.00455889
 -0.00952032   0.00455889     0.081245
   0.0485901   -0.0211219   -0.0061421
  -0.0211219    0.0101607   0.00419073
  -0.0061421   0.00419073    0.0905626
    0.048403   -0.0211893  -0.00434847
  -0.0211893    0.0102224   0.00529742
 -0.00434847   0.00529742    0.0898346
   0.0546465   -0.0249228  -0.00781917
  -0.0249228    0.0120256   0.00570313
 -0.00781917   0.00570313    0.0810369
   0.0428186   -0.0181107  -0.00101394
  -0.0181107   0.00906991   0.00583733
 -0.00101394   0.00583733    0.0974626
   0.0471275   -0.0208631  -0.00299282
  -0.0208631    0.0101237   0.00624584
 -0.00299282   0.00624584    0.0891696
   0.0423006   -0.0180774  0.000291199
  -0.0180774   0.00903787   0.00662349
 0.000291199   0.00662349    0.0963597
   0.0530708   -0.0245626  -0.00646392
  -0.0245626    0.0119995   0.00668068
 -0.00646392   0.00668068    0.0807886
   0.0385485   -0.0161784   0.00285734
  -0.0161784   0.00882205   0.00820744
  0.00285734   0.00820744     0.101307
   0.0386492    -0.016071   0.00180588
   -0.016071   0.00887584   0.00754749
  0.00180588   0.00754749     0.102483
   0.0380492    -0.015838  0.000302232
   -0.015838   0.00883626   0.00648128
 0.000302232   0.00648128     0.103293
   0.0424933   -0.0179296  -0.00267561
  -0.0179296   0.00902413   0.00468216
 -0.00267561   0.00468216     0.098373
   0.0218808   -0.0314035   -0.0048099
  -0.0314035    0.0949393     0.053771
  -0.0048099     0.053771    0.0592935
   0.0224707   -0.0310613  -0.00325367
  -0.0310613    0.0915425    0.0521438
 -0.00325367    0.0521438    0.0606917
   0.0232799    -0.031456   -0.0055801
   -0.031456    0.0794515    0.0495744
  -0.0055801    0.0495744    0.0655497
    0.024332   -0.0312957    -0.003618
  -0.0312957    0.0766583    0.0477064
   -0.003618    0.0477064    0.0664473
   0.0234671   -0.0307819  -0.00154347
  -0.0307819     0.088038    0.0504835
 -0.00154347    0.0504835    0.0618428
   0.0252103   -0.0310564  -0.00549258
  -0.0310564    0.0657379    0.0443484
 -0.00549258    0.0443484    0.0708535
    0.025663   -0.0310554  -0.00153629
  -0.0310554    0.0741984    0.0462372
