           0            0            0
           0            0            0
           0            0            0
   0.0872407  -0.00186632    0.0173404
 -0.00186632  0.000330687  -0.00155826
   0.0173404  -0.00155826     0.056087
   0.0795756  -0.00242283    0.0231304
 -0.00242283  0.000416346  -0.00114434
   0.0231304  -0.00114434    0.0623953
   0.0722817  -0.00347338    0.0294322
 -0.00347338  0.000585726 -0.000504151
   0.0294322 -0.000504151    0.0712101
   0.0687157  -0.00493517     0.033604
 -0.00493517  0.000841882 -0.000250479
    0.033604 -0.000250479    0.0787497
   0.0673219  -0.00622722    0.0354147
 -0.00622722   0.00108984 -0.000187529
   0.0354147 -0.000187529    0.0832964
   0.0620252   -0.0060508    0.0307759
  -0.0060508  0.000960861 -0.000850802
   0.0307759 -0.000850802    0.0786212
   0.0617949  -0.00702055    0.0289215
 -0.00702055   0.00118812  -0.00120324
   0.0289215  -0.00120324    0.0813662
   0.0664567  -0.00723047    0.0333181
 -0.00723047   0.00130721 -0.000679255
   0.0333181 -0.000679255    0.0848981
   0.0614133  -0.00760586    0.0242876
 -0.00760586   0.00136278  -0.00213164
   0.0242876  -0.00213164    0.0821732
   0.0655376  -0.00787498    0.0286517
 -0.00787498   0.00145929  -0.00175649
   0.0286517  -0.00175649    0.0849532
   0.0605293  -0.00770357    0.0192098
 -0.00770357   0.00146527  -0.00343925
   0.0192098  -0.00343925    0.0818788
    0.066321   -0.0084842    0.0263865
  -0.0084842   0.00157912  -0.00274812
   0.0263865  -0.00274812    0.0855567
    0.133279   0.00355241    0.0429673
  0.00355241   0.00258979   0.00798886
   0.0429673   0.00798886    0.0738797
    0.119054  4.52904e-05    0.0487982
 4.52904e-05   0.00312903   0.00987206
   0.0487982   0.00987206    0.0830812
    0.120716   0.00181059    0.0494756
  0.00181059   0.00246693   0.00896473
   0.0494756   0.00896473    0.0836948
    0.109671  -0.00094493    0.0548028
 -0.00094493   0.00295704    0.0103572
   0.0548028    0.0103572    0.0920326
    0.107058  -0.00276624    0.0535528
 -0.00276624   0.00364426    0.0110556
   0.0535528    0.0110556     0.091105
    0.109367 -3.85886e-05    0.0544242
-3.85886e-05   0.00230435   0.00899202
   0.0544242   0.00899202    0.0921416
    0.101342  -0.00326624    0.0581068
 -0.00326624    0.0033728    0.0107813
   0.0581068    0.0107813    0.0979865
    0.101663  -0.00228602    0.0580733
 -0.00228602   0.00271977   0.00967758
   0.0580733   0.00967758    0.0982177
   0.0952564  -0.00432082    0.0585389
 -0.00432082   0.00303072   0.00929718
   0.0585389   0.00929718     0.100993
   0.0981765  -0.00485078    0.0564039
 -0.00485078   0.00404531    0.0112748
   0.0564039    0.0112748    0.0968371
   0.0944811  -0.00518424    0.0582771
 -0.00518424   0.00364149     0.010152
   0.0582771     0.010152       0.1007
   0.0911191  -0.00638679    0.0562951
 -0.00638679   0.00422873    0.0105034
   0.0562951    0.0105034    0.0994846
   0.0994687  -0.00216483    0.0565558
 -0.00216483   0.00212764    0.0078694
   0.0565558    0.0078694    0.0977127
   0.0939539  -0.00411584    0.0575116
 -0.00411584   0.00246502   0.00777954
   0.0575116   0.00777954     0.100692
    0.089549  -0.00421955    0.0539232
 -0.00421955   0.00195372    0.0059641
   0.0539232    0.0059641    0.0980903
    0.094575  -0.00243656    0.0524268
 -0.00243656   0.00161028   0.00578746
   0.0524268   0.00578746    0.0946968
    0.106299 -7.91775e-05    0.0521662
-7.91775e-05   0.00172624   0.00699682
   0.0521662   0.00699682    0.0912467
    0.100568 -0.000549348    0.0472286
-0.000549348   0.00124838   0.00482067
   0.0472286   0.00482067     0.087444
    0.115704   0.00206531    0.0455403
  0.00206531   0.00133541   0.00542093
   0.0455403   0.00542093    0.0820644
    0.119533   0.00241764    0.0487089
  0.00241764   0.00185514   0.00742301
   0.0487089   0.00742301     0.083619
    0.131323   0.00477649    0.0419299
  0.00477649   0.00145703   0.00534937
   0.0419299   0.00534937    0.0738713
    0.109294   0.00112026    0.0399531
  0.00112026  0.000925269   0.00331897
   0.0399531   0.00331897    0.0779578
    0.126854   0.00367745    0.0379766
  0.00367745   0.00102376   0.00345409
   0.0379766   0.00345409    0.0717176
    0.116423   0.00227518     0.031815
  0.00227518  0.000695339   0.00165711
    0.031815   0.00165711    0.0675609
    0.133413   0.00482504    0.0429262
  0.00482504    0.0019908   0.00693038
   0.0429262   0.00693038    0.0740843
   0.0879248  -0.00764675    0.0550596
 -0.00764675   0.00410089   0.00890118
   0.0550596   0.00890118     0.100352
    0.091417  -0.00673175    0.0572348
 -0.00673175   0.00364549   0.00866342
   0.0572348   0.00866342      0.10151
   0.0894668  -0.00819785    0.0545958
 -0.00819785    0.0034182   0.00644023
   0.0545958   0.00644023     0.100663
   0.0859112  -0.00884588    0.0523472
 -0.00884588   0.00374529   0.00664499
   0.0523472   0.00664499    0.0996863
   0.0905567  -0.00752141    0.0551146
 -0.00752141   0.00302356   0.00602451
   0.0551146   0.00602451     0.100792
    0.087701  -0.00945949    0.0508823
 -0.00945949   0.00308799   0.00371294
   0.0508823   0.00371294    0.0989444
   0.0888027  -0.00888195    0.0513984
 -0.00888195   0.00279012   0.00342124
   0.0513984   0.00342124    0.0988989
   0.0872342  -0.00985788     0.047517
 -0.00985788   0.00253852  0.000469411
    0.047517  0.000469411    0.0970837
   0.0841258    -0.009835    0.0486346
   -0.009835   0.00330283   0.00395302
   0.0486346   0.00395302    0.0981957
   0.0861124   -0.0103166    0.0469865
  -0.0103166    0.0027501  0.000686866
   0.0469865  0.000686866    0.0972551
   0.0824522   -0.0104275    0.0447058
  -0.0104275   0.00286439   0.00100399
   0.0447058   0.00100399    0.0966678
    0.087932  -0.00847462    0.0505055
 -0.00847462   0.00249193   0.00284387
   0.0505055   0.00284387    0.0982484
   0.0862758   -0.0093858    0.0465543
  -0.0093858   0.00230479  0.000137138
   0.0465543  0.000137138     0.096294
   0.0838836  -0.00912856     0.044453
 -0.00912856   0.00211168 -0.000421207
    0.044453 -0.000421207    0.0949849
    0.085214  -0.00832318     0.048169
 -0.00832318   0.00223133   0.00197813
    0.048169   0.00197813    0.0967349
   0.0897066  -0.00719108    0.0542785
 -0.00719108   0.00264106    0.0051618
   0.0542785    0.0051618     0.100315
   0.0865941  -0.00713259    0.0516272
 -0.00713259   0.00228459   0.00397484
   0.0516272   0.00397484    0.0986777
   0.0915193  -0.00572377    0.0568494
 -0.00572377   0.00265437   0.00686123
   0.0568494   0.00686123     0.101442
   0.0923984  -0.00597286    0.0576697
 -0.00597286   0.00313943   0.00805452
   0.0576697   0.00805452     0.101761
   0.0877479  -0.00573502    0.0537182
 -0.00573502   0.00220132   0.00535483
   0.0537182   0.00535483    0.0993162
   0.0705979  -0.00821481    0.0342398
 -0.00821481   0.00161196 -0.000871556
   0.0342398 -0.000871556    0.0882808
   0.0702913  -0.00732372    0.0366728
 -0.00732372   0.00146441  4.03852e-05
   0.0366728  4.03852e-05    0.0879855
   0.0750766  -0.00732897    0.0411381
 -0.00732897   0.00167133   0.00118732
   0.0411381   0.00118732    0.0912741
   0.0714043  -0.00629528     0.039396
 -0.00629528   0.00126658  0.000729105
    0.039396  0.000729105    0.0869286
   0.0753698  -0.00622553    0.0427693
 -0.00622553   0.00148392   0.00184459
   0.0427693   0.00184459    0.0902064
   0.0772045  -0.00492014    0.0429122
 -0.00492014   0.00122933   0.00203134
   0.0429122   0.00203134    0.0876884
   0.0732555  -0.00500745    0.0383949
 -0.00500745   0.00101001   0.00075719
   0.0383949   0.00075719    0.0836837
   0.0818952  -0.00589599    0.0488054
 -0.00589599   0.00179441   0.00367552
   0.0488054   0.00367552    0.0955634
   0.0834652  -0.00450441    0.0486522
 -0.00450441   0.00152312   0.00398916
   0.0486522   0.00398916    0.0936765
   0.0813194  -0.00717269    0.0470826
 -0.00717269   0.00194908   0.00265147
   0.0470826   0.00265147    0.0955446
   0.0807015  -0.00827541    0.0441564
 -0.00827541   0.00198668  0.000993746
   0.0441564  0.000993746     0.094428
   0.0749977  -0.00826793    0.0384217
 -0.00826793   0.00177208 -6.57278e-05
   0.0384217 -6.57278e-05    0.0911097
   0.0747953   -0.0088508    0.0356013
  -0.0088508   0.00179412  -0.00175307
   0.0356013  -0.00175307    0.0903498
   0.0798162  -0.00897253    0.0409047
 -0.00897253   0.00194472   -0.0010657
   0.0409047   -0.0010657    0.0925761
   0.0703164  -0.00871233    0.0305471
 -0.00871233   0.00168375  -0.00231017
   0.0305471  -0.00231017    0.0881725
   0.0778905  -0.00356769     0.035478
 -0.00356769  0.000733935  0.000420215
    0.035478  0.000420215    0.0779241
   0.0829435  -0.00211202    0.0295121
 -0.00211202  0.000497269  -0.00015782
   0.0295121  -0.00015782    0.0700937
   0.0877908  -0.00183051     0.034341
 -0.00183051  0.000650889  0.000886421
    0.034341  0.000886421    0.0749947
   0.0923217  -0.00124103    0.0230403
 -0.00124103  0.000371866 -0.000930621
   0.0230403 -0.000930621    0.0616809
   0.0959551 -0.000554326    0.0276655
-0.000554326  0.000454253  2.53819e-05
   0.0276655  2.53819e-05    0.0665077
    0.104816 -0.000448634     0.021631
-0.000448634  0.000433629 -0.000914779
    0.021631 -0.000914779     0.058522
   0.0970143  -0.00103952    0.0179477
 -0.00103952  0.000331479  -0.00152529
   0.0179477  -0.00152529    0.0556041
   0.0993953  2.48266e-05    0.0335518
 2.48266e-05  0.000630897   0.00138283
   0.0335518   0.00138283     0.072507
    0.106691  0.000903149    0.0266635
 0.000903149  0.000481398  0.000166273
   0.0266635  0.000166273    0.0633539
   0.0938429  -0.00129314    0.0408948
 -0.00129314  0.000889338    0.0026353
   0.0408948    0.0026353    0.0819267
   0.0881717   -0.0028837    0.0467491
  -0.0028837   0.00119893   0.00361399
   0.0467491   0.00361399     0.089321
   0.0828289  -0.00340018    0.0407788
 -0.00340018  0.000937768   0.00168654
   0.0407788   0.00168654    0.0835051
   0.0808018   -0.0106671    0.0406286
  -0.0106671   0.00255227  -0.00205513
   0.0406286  -0.00205513    0.0950735
   0.0846597    -0.010778    0.0429843
   -0.010778   0.00250852  -0.00247343
   0.0429843  -0.00247343    0.0955845
   0.0831561    -0.010927    0.0389583
   -0.010927   0.00244219  -0.00561949
   0.0389583  -0.00561949    0.0939187
   0.0790479   -0.0106199    0.0365212
  -0.0106199   0.00242535  -0.00508066
   0.0365212  -0.00508066    0.0934097
    0.084654   -0.0106668    0.0396382
  -0.0106668    0.0023289  -0.00579659
   0.0396382  -0.00579659    0.0936977
   0.0816131   -0.0107512    0.0348933
  -0.0107512   0.00259889  -0.00867974
   0.0348933  -0.00867974    0.0922515
   0.0834256   -0.0105798     0.035673
  -0.0105798   0.00251194  -0.00887475
    0.035673  -0.00887475    0.0921178
   0.0822093   -0.0101744    0.0316542
  -0.0101744   0.00290089   -0.0118392
   0.0316542   -0.0118392     0.090599
   0.0771355   -0.0102697     0.032385
  -0.0102697   0.00253991  -0.00803515
    0.032385  -0.00803515    0.0916697
   0.0799204    -0.010241    0.0307826
   -0.010241   0.00298591   -0.0116442
   0.0307826   -0.0116442    0.0905765
   0.0749852  -0.00959776    0.0282549
 -0.00959776   0.00290903   -0.0109445
   0.0282549   -0.0109445    0.0898575
     0.08273  -0.00995421    0.0347041
 -0.00995421   0.00233053  -0.00874146
   0.0347041  -0.00874146    0.0912512
   0.0817989  -0.00953314    0.0307218
 -0.00953314   0.00269693   -0.0116133
   0.0307218   -0.0116133    0.0898415
   0.0796099  -0.00863836    0.0284472
 -0.00863836   0.00245108   -0.0111498
   0.0284472   -0.0111498    0.0885218
   0.0804695   -0.0092185    0.0325265
  -0.0092185   0.00215099  -0.00849427
   0.0325265  -0.00849427    0.0899154
   0.0837607   -0.0100927     0.038639
  -0.0100927   0.00216215  -0.00578277
    0.038639  -0.00578277    0.0927932
   0.0815262  -0.00953627    0.0365715
 -0.00953627   0.00201288  -0.00577958
   0.0365715  -0.00577958    0.0914986
   0.0849324  -0.00990309    0.0425681
 -0.00990309   0.00217508  -0.00279275
   0.0425681  -0.00279275    0.0944732
   0.0859251   -0.0104304    0.0435737
  -0.0104304   0.00236225  -0.00265732
   0.0435737  -0.00265732    0.0953521
   0.0826681  -0.00950635      0.04054
 -0.00950635   0.00202092  -0.00305914
     0.04054  -0.00305914     0.093211
   0.0724803  -0.00854243    0.0242099
 -0.00854243   0.00360149   -0.0138496
   0.0242099   -0.0138496    0.0879633
   0.0779483  -0.00932292    0.0266888
 -0.00932292   0.00363761   -0.0145158
   0.0266888   -0.0145158    0.0888881
   0.0754953  -0.00798249    0.0226927
 -0.00798249   0.00457657   -0.0173332
   0.0226927   -0.0173332    0.0871901
   0.0695719  -0.00704542    0.0203682
 -0.00704542   0.00462869   -0.0167974
   0.0203682   -0.0167974    0.0860124
   0.0791585  -0.00818804    0.0236418
 -0.00818804   0.00434603   -0.0173309
   0.0236418   -0.0173309    0.0877319
   0.0726142  -0.00602541    0.0188028
 -0.00602541   0.00592719   -0.0202406
   0.0188028   -0.0202406    0.0854794
   0.0769751  -0.00642381    0.0196975
 -0.00642381   0.00551269   -0.0200137
   0.0196975   -0.0200137    0.0863534
   0.0743704  -0.00392513    0.0157744
 -0.00392513    0.0071405   -0.0228371
   0.0157744   -0.0228371    0.0850056
   0.0663505  -0.00495325    0.0167345
 -0.00495325    0.0061669   -0.0199451
   0.0167345   -0.0199451    0.0840474
   0.0693919  -0.00335734    0.0149964
 -0.00335734   0.00784542   -0.0233719
   0.0149964   -0.0233719    0.0838314
   0.0628761  -0.00220769    0.0132197
 -0.00220769   0.00837108   -0.0233981
   0.0132197   -0.0233981    0.0822081
   0.0787047  -0.00608744    0.0188926
 -0.00608744   0.00495513   -0.0192535
   0.0188926   -0.0192535    0.0863792
   0.0769605  -0.00382001    0.0149883
 -0.00382001   0.00629999   -0.0217762
   0.0149883   -0.0217762    0.0853931
   0.0770874    -0.003126    0.0125614
   -0.003126   0.00540012   -0.0202951
   0.0125614   -0.0202951    0.0849348
   0.0780194  -0.00519758    0.0164789
 -0.00519758   0.00433399    -0.018092
   0.0164789    -0.018092    0.0855928
   0.0800721  -0.00769146    0.0228209
 -0.00769146   0.00398394   -0.0168145
   0.0228209   -0.0168145    0.0874254
   0.0786148  -0.00668836    0.0204237
 -0.00668836   0.00354019   -0.0159232
   0.0204237   -0.0159232    0.0863786
   0.0810614  -0.00877839    0.0267603
 -0.00877839   0.00325467   -0.0143094
   0.0267603   -0.0143094    0.0885694
   0.0809066  -0.00938365    0.0276317
 -0.00938365   0.00351528   -0.0146538
   0.0276317   -0.0146538    0.0891366
   0.0790622  -0.00778425    0.0243978
 -0.00778425    0.0029278   -0.0136472
   0.0243978   -0.0136472    0.0873412
   0.0713588 -0.000168449  -0.00195266
-0.000168449   0.00261332    -0.013807
 -0.00195266    -0.013807    0.0801757
   0.0708266  -0.00205179   0.00242032
 -0.00205179   0.00236595   -0.0129282
  0.00242032   -0.0129282    0.0801649
   0.0718916  -0.00240352   0.00577907
 -0.00240352   0.00273098   -0.0141338
  0.00577907   -0.0141338    0.0814117
   0.0718711  -0.00409068    0.0101917
 -0.00409068   0.00243071   -0.0129077
   0.0101917   -0.0129077     0.081876
    0.069706  -0.00370025   0.00642318
 -0.00370025   0.00216445   -0.0119216
  0.00642318   -0.0119216    0.0804096
   0.0735949  -0.00466959     0.013626
 -0.00466959   0.00272622   -0.0138656
    0.013626   -0.0138656    0.0833781
   0.0714325  -0.00558927    0.0144797
 -0.00558927   0.00217953   -0.0114411
   0.0144797   -0.0114411      0.08235
   0.0739437  -0.00607944    0.0180298
 -0.00607944   0.00237978   -0.0121676
   0.0180298   -0.0121676    0.0842021
   0.0741669  -0.00732731    0.0222892
 -0.00732731   0.00210415   -0.0102179
   0.0222892   -0.0102179    0.0852064
   0.0680404  -0.00518803    0.0102586
 -0.00518803   0.00197943   -0.0105924
   0.0102586   -0.0105924    0.0802635
   0.0705223  -0.00687162    0.0183544
 -0.00687162   0.00196224  -0.00966615
   0.0183544  -0.00966615    0.0827301
   0.0664443  -0.00645767    0.0132234
 -0.00645767   0.00182351  -0.00902633
   0.0132234  -0.00902633    0.0812736
   0.0763849  -0.00679629    0.0213003
 -0.00679629   0.00261613   -0.0128833
   0.0213003   -0.0128833    0.0857962
   0.0769555  -0.00786448     0.025569
 -0.00786448    0.0022528   -0.0106706
    0.025569   -0.0106706    0.0869786
   0.0759939  -0.00556949    0.0171104
 -0.00556949   0.00310161   -0.0148828
   0.0171104   -0.0148828      0.08491
    0.075835  -0.00407263    0.0130212
 -0.00407263   0.00372144   -0.0167446
   0.0130212   -0.0167446    0.0842969
   0.0733527  -0.00306529   0.00925419
 -0.00306529   0.00317975    -0.015404
  0.00925419    -0.015404     0.082914
   0.0734035   -0.0011734   0.00503795
  -0.0011734   0.00377819   -0.0169246
  0.00503795   -0.0169246    0.0827238
   0.0755663  -0.00214547   0.00899925
 -0.00214547   0.00454191   -0.0186132
  0.00899925   -0.0186132    0.0838845
    0.071745 -0.000465404   0.00126334
-0.000465404   0.00313449   -0.0153134
  0.00126334   -0.0153134    0.0814804
    0.065784  -0.00744183    0.0161468
 -0.00744183   0.00172744  -0.00737496
   0.0161468  -0.00737496    0.0828532
   0.0696138  -0.00782075    0.0215743
 -0.00782075    0.0018202  -0.00773962
   0.0215743  -0.00773962    0.0834748
   0.0692577  -0.00842102    0.0240967
 -0.00842102   0.00173772  -0.00581558
   0.0240967  -0.00581558    0.0851573
   0.0662212  -0.00819303     0.019407
 -0.00819303   0.00167561  -0.00572543
    0.019407  -0.00572543    0.0845507
   0.0741206  -0.00881763    0.0297229
 -0.00881763   0.00182663  -0.00587954
   0.0297229  -0.00587954    0.0870723
   0.0700096  -0.00875786     0.027134
 -0.00875786    0.0017124  -0.00399496
    0.027134  -0.00399496    0.0872848
   0.0742445  -0.00899438    0.0328708
 -0.00899438   0.00180026  -0.00373603
   0.0328708  -0.00373603    0.0882779
   0.0666845  -0.00860108    0.0232229
 -0.00860108   0.00164734  -0.00412713
   0.0232229  -0.00412713    0.0856564
    0.079168  -0.00925931    0.0374102
 -0.00925931   0.00190846  -0.00341166
   0.0374102  -0.00341166    0.0911866
   0.0784384  -0.00915104    0.0336968
 -0.00915104   0.00191444    -0.005858
   0.0336968    -0.005858    0.0898142
   0.0777499  -0.00867056    0.0297641
 -0.00867056   0.00202475  -0.00829994
   0.0297641  -0.00829994     0.088367
   0.0741621  -0.00824441    0.0262133
 -0.00824441   0.00192292  -0.00807761
   0.0262133  -0.00807761    0.0861557
   0.0618005  -0.00800857    0.0173228
 -0.00800857   0.00155719  -0.00438026
   0.0173228  -0.00438026    0.0832028
   0.0627272  -0.00787557    0.0149633
 -0.00787557   0.00162767  -0.00567655
   0.0149633  -0.00567655    0.0834713
   0.0575568  -0.00677792   0.00899543
 -0.00677792   0.00146808  -0.00524338
  0.00899543  -0.00524338    0.0807244
    0.063223  -0.00723063    0.0120652
 -0.00723063   0.00168113  -0.00715213
   0.0120652  -0.00715213    0.0827959
   0.0589926  -0.00655664   0.00665237
 -0.00655664   0.00155511  -0.00653596
  0.00665237  -0.00653596    0.0815588
   0.0607083  -0.00587702   0.00429943
 -0.00587702   0.00163571  -0.00799171
  0.00429943  -0.00799171    0.0813897
    0.063579  -0.00614993   0.00839492
 -0.00614993   0.00173064  -0.00857485
  0.00839492  -0.00857485    0.0818663
   0.0570341  -0.00526143  0.000460887
 -0.00526143   0.00145403  -0.00678246
 0.000460887  -0.00678246    0.0801636
   0.0650422  -0.00485836   0.00511481
 -0.00485836   0.00180956  -0.00983199
  0.00511481  -0.00983199    0.0806819
   0.0669615  -0.00340916   0.00162848
 -0.00340916   0.00190659   -0.0108312
  0.00162848   -0.0108312    0.0796534
   0.0642918  -0.00320298  -0.00272172
 -0.00320298   0.00168314  -0.00978182
 -0.00272172  -0.00978182    0.0790601
   0.0690536  -0.00183028  -0.00174282
 -0.00183028   0.00203083     -0.01166
 -0.00174282     -0.01166    0.0792887
   0.0662978  -0.00174795  -0.00612988
 -0.00174795   0.00171292    -0.010256
 -0.00612988    -0.010256    0.0780395
   0.0693013 -7.46737e-05    -0.009453
-7.46737e-05   0.00178138   -0.0107608
   -0.009453   -0.0107608    0.0780225
   0.0706254 -9.15547e-05  -0.00536891
-9.15547e-05   0.00217666   -0.0123207
 -0.00536891   -0.0123207    0.0791177
   0.0640562  -0.00176866  -0.00955875
 -0.00176866   0.00146442  -0.00899046
 -0.00955875  -0.00899046    0.0770528
   0.0664199 -0.000331893   -0.0130648
-0.000331893   0.00143911  -0.00908672
  -0.0130648  -0.00908672    0.0764288
   0.0639156 -0.000547798   -0.0160824
-0.000547798   0.00118307  -0.00763234
  -0.0160824  -0.00763234    0.0758845
   0.0605282  -0.00199851   -0.0125588
 -0.00199851   0.00124336  -0.00760877
  -0.0125588  -0.00760877    0.0765293
   0.0615319  -0.00314195  -0.00624741
 -0.00314195   0.00149001  -0.00870336
 -0.00624741  -0.00870336    0.0782245
   0.0579091   -0.0034531  -0.00776077
  -0.0034531   0.00133438  -0.00751054
 -0.00776077  -0.00751054      0.07823
   0.0593463  -0.00452728  -0.00217471
 -0.00452728   0.00153514  -0.00818094
 -0.00217471  -0.00818094    0.0803868
   0.0624314   -0.0045546  0.000748167
  -0.0045546   0.00166354  -0.00912086
 0.000748167  -0.00912086    0.0803409
   0.0576945  -0.00198548   -0.0151113
 -0.00198548   0.00108405  -0.00675569
  -0.0151113  -0.00675569    0.0763376
   0.0616926 -0.000602768   -0.0187702
-0.000602768  0.000985169  -0.00647102
  -0.0187702  -0.00647102    0.0752518
   0.0231103   -0.0194715   -0.0164566
  -0.0194715    0.0189217    0.0201885
  -0.0164566    0.0201885    0.0839712
   0.0236934   -0.0197006   -0.0138435
  -0.0197006    0.0189176    0.0191513
  -0.0138435    0.0191513    0.0854322
   0.0233896   -0.0175952   -0.0127522
  -0.0175952    0.0149987    0.0149686
  -0.0127522    0.0149686    0.0868228
    0.024479   -0.0178361  -0.00988572
  -0.0178361    0.0152892    0.0151584
 -0.00988572    0.0151584    0.0884894
   0.0248546   -0.0198842   -0.0108518
  -0.0198842     0.019066    0.0190108
  -0.0108518    0.0190108    0.0867411
   0.0244704   -0.0162679  -0.00894967
  -0.0162679    0.0125497    0.0119284
 -0.00894967    0.0119284    0.0903397
   0.0261183   -0.0178693   -0.0066378
  -0.0178693    0.0155716    0.0162398
  -0.0066378    0.0162398    0.0899794
   0.0258634   -0.0162372  -0.00577186
  -0.0162372    0.0127634    0.0131357
 -0.00577186    0.0131357     0.092167
   0.0277882   -0.0159944  -0.00239386
  -0.0159944    0.0128934    0.0149741
 -0.00239386    0.0149741    0.0938379
   0.0266476   -0.0199517  -0.00763431
  -0.0199517    0.0193515     0.019904
 -0.00763431     0.019904     0.088017
   0.0284062   -0.0177887   -0.0033648
  -0.0177887    0.0159273    0.0181728
  -0.0033648    0.0181728    0.0914983
   0.0288675   -0.0198024   -0.0042294
  -0.0198024    0.0197519    0.0216338
  -0.0042294    0.0216338    0.0891141
   0.0261354   -0.0151912  -0.00521633
  -0.0151912    0.0107929    0.0106717
 -0.00521633    0.0106717    0.0938859
   0.0276741    -0.014833  -0.00195889
   -0.014833    0.0107463    0.0123694
 -0.00195889    0.0123694    0.0956001
   0.0283131   -0.0143571  -0.00224057
  -0.0143571   0.00931911    0.0104589
 -0.00224057    0.0104589    0.0965214
   0.0270099   -0.0147394  -0.00519426
  -0.0147394   0.00944239   0.00894671
 -0.00519426   0.00894671    0.0948199
   0.0250933    -0.015339  -0.00824952
   -0.015339    0.0107001    0.0094894
 -0.00824952    0.0094894     0.091996
   0.0266361   -0.0151203  -0.00826513
  -0.0151203   0.00944621   0.00789578
 -0.00826513   0.00789578    0.0896548
   0.0245179   -0.0151469   -0.0108507
  -0.0151469    0.0103228   0.00896991
  -0.0108507   0.00896991    0.0876448
   0.0234471   -0.0159786   -0.0116336
  -0.0159786    0.0121926    0.0114935
  -0.0116336    0.0114935    0.0882787
   0.0228361   -0.0154766   -0.0137813
  -0.0154766    0.0117601    0.0119079
  -0.0137813    0.0119079    0.0848695
    0.026289   -0.0149788   -0.0109582
  -0.0149788   0.00913454    0.0076971
  -0.0109582    0.0076971    0.0860555
   0.0240097   -0.0146453    -0.013052
  -0.0146453   0.00987447   0.00940577
   -0.013052   0.00940577    0.0843369
   0.0257803   -0.0144158   -0.0129197
  -0.0144158    0.0086254   0.00800632
  -0.0129197   0.00800632    0.0831041
   0.0228059   -0.0172217   -0.0151884
  -0.0172217      0.01475    0.0156567
  -0.0151884    0.0156567    0.0849981
   0.0312263   -0.0194637 -0.000910155
  -0.0194637    0.0204812      0.02398
-0.000910155      0.02398    0.0900057
    0.030876   -0.0175233 -0.000158592
  -0.0175233    0.0165002    0.0206045
-0.000158592    0.0206045    0.0928244
   0.0331624    -0.017136   0.00265325
   -0.017136    0.0173249     0.023109
  0.00265325     0.023109    0.0939356
   0.0333773   -0.0189836   0.00201441
  -0.0189836    0.0215318      0.02654
  0.00201441      0.02654    0.0906717
   0.0327375   -0.0155201   0.00328875
  -0.0155201    0.0138578    0.0196189
  0.00328875    0.0196189    0.0971866
   0.0349111   -0.0166926   0.00477188
  -0.0166926    0.0183532    0.0253256
  0.00477188    0.0253256    0.0947912
   0.0346384    -0.015212   0.00522765
   -0.015212    0.0146245      0.02148
  0.00522765      0.02148    0.0984887
   0.0357565   -0.0149659   0.00627616
  -0.0149659    0.0154605    0.0226131
  0.00627616    0.0226131    0.0995074
   0.0349349   -0.0183977   0.00425205
  -0.0183977    0.0228151    0.0289805
  0.00425205    0.0289805    0.0910772
   0.0358314   -0.0162678   0.00601087
  -0.0162678    0.0194381    0.0269522
  0.00601087    0.0269522    0.0953744
   0.0356481   -0.0177788   0.00562322
  -0.0177788    0.0241491    0.0310008
  0.00562322    0.0310008    0.0912156
    0.034384   -0.0140935   0.00514067
  -0.0140935    0.0116798     0.017789
  0.00514067     0.017789     0.101123
   0.0357645   -0.0140283   0.00589572
  -0.0140283    0.0123225     0.018425
  0.00589572     0.018425     0.102636
   0.0364292   -0.0136996   0.00466723
  -0.0136996   0.00999889    0.0147488
  0.00466723    0.0147488     0.103719
   0.0346307   -0.0135368   0.00421204
  -0.0135368   0.00950207    0.0145758
  0.00421204    0.0145758     0.101783
   0.0322606   -0.0142437   0.00348157
  -0.0142437    0.0111318    0.0163315
  0.00348157    0.0163315    0.0993064
   0.0321581   -0.0134877   0.00286894
  -0.0134877   0.00913376    0.0135298
  0.00286894    0.0135298    0.0995291
   0.0296916   -0.0144042   0.00112117
  -0.0144042    0.0107589    0.0143348
  0.00112117    0.0143348    0.0972199
   0.0303282   -0.0158039   0.00064294
  -0.0158039    0.0132685    0.0173298
  0.00064294    0.0173298    0.0956192
   0.0300608   -0.0138644  0.000628399
  -0.0138644   0.00913158    0.0120668
 0.000628399    0.0120668    0.0980279
   0.0521349   -0.0225182  -0.00759136
  -0.0225182    0.0108824   0.00977338
 -0.00759136   0.00977338    0.0831687
   0.0488818    -0.021512  -0.00671417
   -0.021512    0.0106126    0.0104789
 -0.00671417    0.0104789    0.0848512
   0.0436355   -0.0181194  -0.00290982
  -0.0181194   0.00903936    0.0102452
 -0.00290982    0.0102452    0.0924017
   0.0410173   -0.0180733  -0.00366987
  -0.0180733   0.00934091    0.0103848
 -0.00366987    0.0103848    0.0914988
   0.0474137   -0.0221135  -0.00844023
  -0.0221135    0.0113314    0.0106444
 -0.00844023    0.0106444    0.0802062
   0.0370438   -0.0156405 -0.000634139
  -0.0156405   0.00840935    0.0105493
-0.000634139    0.0105493    0.0964865
   0.0398449   -0.0189808  -0.00636112
  -0.0189808    0.0101618     0.010135
 -0.00636112     0.010135    0.0858386
   0.0349752   -0.0160409  -0.00258527
  -0.0160409   0.00885403   0.00994815
 -0.00258527   0.00994815    0.0952893
   0.0339526   -0.0169067  -0.00584807
  -0.0169067   0.00952001    0.0092034
 -0.00584807    0.0092034    0.0887362
    0.044512   -0.0220738  -0.00974035
  -0.0220738    0.0118549    0.0108618
 -0.00974035    0.0108618    0.0779735
   0.0379783   -0.0193256  -0.00839451
  -0.0193256    0.0107281   0.00982623
 -0.00839451   0.00982623    0.0821771
   0.0422365   -0.0220987   -0.0112091
  -0.0220987    0.0123279    0.0109114
  -0.0112091    0.0109114    0.0758877
   0.0318804   -0.0144486 -0.000686055
  -0.0144486   0.00852586     0.010573
-0.000686055     0.010573    0.0973139
   0.0301065   -0.0148863  -0.00327534
  -0.0148863   0.00885725   0.00933736
 -0.00327534   0.00933736    0.0959338
   0.0339288   -0.0140507   0.00141226
  -0.0140507   0.00828076     0.011565
  0.00141226     0.011565    0.0986036
   0.0361995   -0.0140046   0.00255137
  -0.0140046    0.0083377    0.0120661
  0.00255137    0.0120661    0.0998473
   0.0392127   -0.0155293   0.00034245
  -0.0155293   0.00823324    0.0106617
  0.00034245    0.0106617    0.0974919
   0.0418331   -0.0161227  -3.6232e-05
  -0.0161227   0.00852265    0.0100907
 -3.6232e-05    0.0100907    0.0977271
   0.0386372   -0.0144617   0.00278665
  -0.0144617   0.00875551    0.0118294
  0.00278665    0.0118294     0.102093
    0.046684   -0.0189707  -0.00362373
  -0.0189707    0.0093363   0.00955447
 -0.00362373   0.00955447    0.0915956
   0.0411432   -0.0222163   -0.0120217
  -0.0222163    0.0126584    0.0109161
  -0.0120217    0.0109161    0.0764882
   0.0364382   -0.0192818   -0.0100843
  -0.0192818    0.0108851   0.00937057
  -0.0100843   0.00937057    0.0807267
     0.03604   -0.0195317   -0.0121585
  -0.0195317    0.0111364   0.00961817
  -0.0121585   0.00961817    0.0789653
   0.0397826    -0.021742   -0.0130661
   -0.021742    0.0124811    0.0110625
  -0.0130661    0.0110625     0.076437
   0.0325324   -0.0174909   -0.0108982
  -0.0174909   0.00996904   0.00854177
  -0.0108982   0.00854177    0.0816267
   0.0350163   -0.0186707   -0.0136504
  -0.0186707    0.0105563    0.0100064
  -0.0136504    0.0100064     0.077783
   0.0317595   -0.0168223   -0.0127223
  -0.0168223   0.00941087   0.00838436
  -0.0127223   0.00838436    0.0804349
   0.0304934    -0.015548   -0.0138614
   -0.015548   0.00847669   0.00825625
  -0.0138614   0.00825625    0.0799336
   0.0386854   -0.0208992   -0.0148861
  -0.0208992    0.0119226    0.0114274
  -0.0148861    0.0114274    0.0741206
   0.0337133    -0.017253   -0.0148162
   -0.017253   0.00950759   0.00989558
  -0.0148162   0.00989558    0.0753309
   0.0372263   -0.0193402   -0.0158962
  -0.0193402    0.0109041    0.0117907
  -0.0158962    0.0117907       0.0715
   0.0289044   -0.0156181   -0.0115986
  -0.0156181   0.00892688   0.00750809
  -0.0115986   0.00750809    0.0837964
   0.0278362   -0.0146578   -0.0133788
  -0.0146578   0.00816621   0.00756005
  -0.0133788   0.00756005    0.0832841
    0.029251    -0.015895  -0.00933519
   -0.015895   0.00928312   0.00766737
 -0.00933519   0.00766737    0.0861984
   0.0292727   -0.0154588  -0.00648962
  -0.0154588   0.00915003   0.00815462
 -0.00648962   0.00815462     0.089911
   0.0329515   -0.0172833  -0.00832946
  -0.0172833   0.00984802   0.00856598
 -0.00832946   0.00856598    0.0850641
   0.0354552    -0.017172   0.00608059
   -0.017172    0.0252891    0.0324513
  0.00608059    0.0324513    0.0911775
   0.0358215   -0.0158892   0.00631002
  -0.0158892    0.0203549    0.0278786
  0.00631002    0.0278786      0.09577
   0.0349835   -0.0155313   0.00576313
  -0.0155313    0.0210351    0.0280685
  0.00576313    0.0280685    0.0960845
     0.03448   -0.0165687   0.00572244
  -0.0165687    0.0261656    0.0332456
  0.00572244    0.0332456    0.0910729
   0.0352625   -0.0146554   0.00561692
  -0.0146554    0.0167397    0.0224293
  0.00561692    0.0224293     0.100993
   0.0335417   -0.0151338   0.00453072
  -0.0151338    0.0213176     0.027685
  0.00453072     0.027685    0.0963514
   0.0339363   -0.0144592   0.00416353
  -0.0144592    0.0169539     0.021361
  0.00416353     0.021361     0.101582
   0.0322463   -0.0141148   0.00222086
  -0.0141148     0.016719    0.0199959
  0.00222086    0.0199959      0.10207
   0.0329462    -0.015943   0.00470219
   -0.015943    0.0266169     0.033518
  0.00470219     0.033518    0.0909467
   0.0317758   -0.0146393   0.00281049
  -0.0146393    0.0211167    0.0269775
  0.00281049    0.0269775    0.0965789
   0.0311369   -0.0152813   0.00321392
  -0.0152813    0.0265732    0.0334461
  0.00321392    0.0334461    0.0908169
   0.0344952   -0.0140596   0.00318357
  -0.0140596    0.0136026    0.0152413
  0.00318357    0.0152413     0.105647
   0.0329088   -0.0138482   0.00106049
  -0.0138482    0.0134355    0.0132857
  0.00106049    0.0132857     0.106318
   0.0344141   -0.0141192 -0.000841189
  -0.0141192    0.0112017   0.00757653
-0.000841189   0.00757653     0.108382
   0.0358682   -0.0141994   0.00139426
  -0.0141994     0.011241    0.0100062
  0.00139426    0.0100062     0.107579
   0.0356714   -0.0140739   0.00483007
  -0.0140739    0.0133901    0.0169662
  0.00483007    0.0169662     0.104803
   0.0368586    -0.014072   0.00317387
   -0.014072    0.0109602    0.0122523
  0.00317387    0.0122523     0.106545
   0.0361587   -0.0140278   0.00578789
  -0.0140278    0.0128976    0.0181229
  0.00578789    0.0181229     0.103805
   0.0359398   -0.0147925   0.00637653
  -0.0147925    0.0161861    0.0229224
  0.00637653    0.0229224     0.100308
   0.0371238   -0.0138755    0.0042955
  -0.0138755    0.0105032     0.013943
   0.0042955     0.013943     0.105292
   0.0292909    -0.014518    0.0014244
   -0.014518    0.0261193     0.033208
   0.0014244     0.033208    0.0907083
   0.0299353   -0.0140028  0.000787415
  -0.0140028    0.0204797    0.0261986
 0.000787415    0.0261986    0.0967862
   0.0282232    -0.013205  -0.00132033
   -0.013205    0.0195559    0.0255579
 -0.00132033    0.0255579    0.0964678
   0.0275684   -0.0136697 -0.000487013
  -0.0136697    0.0253647    0.0329447
-0.000487013    0.0329447     0.090392
   0.0288924   -0.0128208  -0.00224949
  -0.0128208    0.0150447    0.0175677
 -0.00224949    0.0175677     0.102338
   0.0271597   -0.0123386  -0.00300294
  -0.0123386    0.0184778    0.0251449
 -0.00300294    0.0251449    0.0961245
   0.0280789   -0.0119678  -0.00418124
  -0.0119678    0.0138979    0.0169284
 -0.00418124    0.0169284     0.101629
   0.0288545   -0.0110811  -0.00557331
  -0.0110811    0.0127488    0.0167683
 -0.00557331    0.0167683     0.101353
   0.0269039   -0.0129312  -0.00203474
  -0.0129312    0.0244633    0.0327231
 -0.00203474    0.0327231    0.0897019
   0.0276035   -0.0115816  -0.00421879
  -0.0115816    0.0174085    0.0249462
 -0.00421879    0.0249462    0.0950767
   0.0284254    -0.012564  -0.00291252
   -0.012564    0.0237034    0.0325933
 -0.00291252    0.0325933    0.0891877
   0.0290696   -0.0117349  -0.00569391
  -0.0117349    0.0107794    0.0090223
 -0.00569391    0.0090223     0.106358
   0.0300218   -0.0107716  -0.00750483
  -0.0107716   0.00961267   0.00879125
 -0.00750483   0.00879125     0.105525
   0.0325748   -0.0110212  -0.00962048
  -0.0110212   0.00788446   0.00208376
 -0.00962048   0.00208376     0.108632
    0.031019   -0.0120744  -0.00770769
  -0.0120744   0.00903977   0.00235843
 -0.00770769   0.00235843     0.109156
    0.029701   -0.0126134  -0.00366136
  -0.0126134    0.0119168   0.00992526
 -0.00366136   0.00992526     0.107034
   0.0314338   -0.0129934  -0.00569718
  -0.0129934    0.0100489   0.00353255
 -0.00569718   0.00353255     0.109123
    0.031185   -0.0133547  -0.00132471
  -0.0133547    0.0128468    0.0114286
 -0.00132471    0.0114286     0.106826
   0.0304519   -0.0135519  -1.0715e-05
  -0.0135519    0.0160426    0.0186511
 -1.0715e-05    0.0186511     0.102472
   0.0327696   -0.0137018  -0.00330829
  -0.0137018    0.0108116   0.00533019
 -0.00330829   0.00533019     0.108953
   0.0531728   -0.0225371    -0.021462
  -0.0225371    0.0123427  -0.00270402
   -0.021462  -0.00270402    0.0864831
   0.0531727   -0.0237807   -0.0201001
  -0.0237807    0.0130826  -0.00257996
  -0.0201001  -0.00257996    0.0859708
   0.0455669   -0.0194085   -0.0169458
  -0.0194085    0.0110916  -0.00436789
  -0.0169458  -0.00436789    0.0961138
   0.0465121   -0.0203885   -0.0149525
  -0.0203885    0.0115531  -0.00328039
  -0.0149525  -0.00328039    0.0959615
   0.0543599    -0.024594   -0.0182418
   -0.024594    0.0132911  -0.00170213
  -0.0182418  -0.00170213    0.0858947
   0.0397193   -0.0168812   -0.0114319
  -0.0168812    0.0101932  -0.00329414
  -0.0114319  -0.00329414     0.103888
   0.0478922   -0.0208995   -0.0127578
  -0.0208995     0.011533  -0.00147105
  -0.0127578  -0.00147105    0.0956459
   0.0411635    -0.017538  -0.00906977
   -0.017538    0.0104598  -0.00134078
 -0.00906977  -0.00134078     0.103569
   0.0426018   -0.0177298  -0.00670249
  -0.0177298    0.0103087   0.00117559
 -0.00670249   0.00117559     0.102934
   0.0556947   -0.0250149   -0.0162029
  -0.0250149    0.0131221 -0.000190683
  -0.0162029 -0.000190683      0.08559
   0.0491366   -0.0210143   -0.0105253
  -0.0210143     0.011219  0.000860158
  -0.0105253  0.000860158    0.0950015
    0.056726   -0.0250466   -0.0140788
  -0.0250466    0.0127133   0.00179379
  -0.0140788   0.00179379     0.085057
   0.0361839    -0.015172  -0.00573374
   -0.015172    0.0101442  0.000833229
 -0.00573374  0.000833229     0.108171
   0.0377547   -0.0154814  -0.00326087
  -0.0154814    0.0102686    0.0033208
 -0.00326087    0.0033208      0.10757
   0.0348254   -0.0144804  -0.00814725
  -0.0144804   0.00963537  -0.00114688
 -0.00814725  -0.00114688     0.108565
   0.0344487   -0.0135121   -0.0102752
  -0.0135121   0.00877103   -0.0023588
  -0.0102752   -0.0023588     0.108374
   0.0391199   -0.0159004   -0.0134476
  -0.0159004   0.00955163  -0.00457302
  -0.0134476  -0.00457302     0.104277
   0.0405578   -0.0146379   -0.0150466
  -0.0146379   0.00855022  -0.00488529
  -0.0150466  -0.00488529     0.104732
    0.036142    -0.012327   -0.0120089
   -0.012327   0.00767732  -0.00275771
  -0.0120089  -0.00275771      0.10923
    0.046578    -0.018158   -0.0182596
   -0.018158    0.0102361  -0.00470608
  -0.0182596  -0.00470608     0.097508
   0.0572555   -0.0248387   -0.0120009
  -0.0248387    0.0122392   0.00402372
  -0.0120009   0.00402372    0.0845365
   0.0499954   -0.0208605  -0.00834925
  -0.0208605    0.0107691   0.00343021
 -0.00834925   0.00343021    0.0941329
    0.049916   -0.0203875  -0.00624867
  -0.0203875    0.0102496   0.00586385
 -0.00624867   0.00586385    0.0931103
   0.0562993   -0.0240649   -0.0100533
  -0.0240649    0.0116333   0.00630239
  -0.0100533   0.00630239    0.0841083
   0.0441679   -0.0173025  -0.00247885
  -0.0173025   0.00951137   0.00654042
 -0.00247885   0.00654042     0.100737
   0.0485909   -0.0196012   -0.0046545
  -0.0196012   0.00968539   0.00802039
  -0.0046545   0.00802039    0.0921631
   0.0436571   -0.0168045 -0.000905554
  -0.0168045   0.00900838   0.00866117
-0.000905554   0.00866117    0.0992973
   0.0546015   -0.0232461  -0.00853412
  -0.0232461    0.0111403   0.00829955
 -0.00853412   0.00829955    0.0836352
   0.0397986   -0.0148669   0.00217927
  -0.0148669   0.00923003    0.0106384
  0.00217927    0.0106384     0.103977
   0.0398507   -0.0152078  0.000861663
  -0.0152078   0.00971824   0.00860837
 0.000861663   0.00860837     0.105507
   0.0390651   -0.0154444  -0.00099701
  -0.0154444    0.0100855   0.00603628
 -0.00099701   0.00603628      0.10668
   0.0436942   -0.0176251  -0.00448143
  -0.0176251    0.0099736   0.00392977
 -0.00448143   0.00392977     0.101987
   0.0196449   -0.0317692  -0.00769848
  -0.0317692     0.096417    0.0547561
 -0.00769848    0.0547561    0.0582298
   0.0208894   -0.0315349   -0.0057318
  -0.0315349    0.0929267    0.0534225
  -0.0057318    0.0534225     0.060368
   0.0214708   -0.0315838  -0.00814499
  -0.0315838    0.0802361    0.0506124
 -0.00814499    0.0506124    0.0652042
    0.023135   -0.0314742  -0.00568235
  -0.0314742    0.0774049    0.0490383
 -0.00568235    0.0490383     0.066792
   0.0225131   -0.0313149  -0.00355018
  -0.0313149    0.0893689    0.0520927
 -0.00355018    0.0520927     0.062319
   0.0237596   -0.0309191  -0.00768245
  -0.0309191    0.0659838    0.0454614
 -0.00768245    0.0454614    0.0710074
   0.0250484   -0.0312944  -0.00309012
  -0.0312944    0.0749934    0.0478676
