           0            0            0
           0            0            0
           0            0            0
   0.0570843  -0.00778904   0.00541117
 -0.00778904   0.00208334   0.00573396
  0.00541117   0.00573396    0.0460072
   0.0524499  -0.00618473    0.0105058
 -0.00618473   0.00166873   0.00523868
   0.0105058   0.00523868    0.0515413
   0.0480533  -0.00467348    0.0159469
 -0.00467348   0.00132314   0.00482917
   0.0159469   0.00482917    0.0593267
   0.0459883  -0.00391712    0.0193516
 -0.00391712   0.00109966   0.00424098
   0.0193516   0.00424098    0.0660641
   0.0453917  -0.00360009     0.020928
 -0.00360009  0.000928518   0.00336651
    0.020928   0.00336651    0.0704762
   0.0412417  -0.00361699    0.0172929
 -0.00361699  0.000882246   0.00311086
   0.0172929   0.00311086    0.0666105
   0.0414056  -0.00359922    0.0160158
 -0.00359922  0.000765617   0.00183749
   0.0160158   0.00183749    0.0698642
   0.0451274  -0.00364979    0.0195419
 -0.00364979  0.000813429   0.00214926
   0.0195419   0.00214926    0.0726965
   0.0415902  -0.00374117    0.0127355
 -0.00374117  0.000723375  0.000501172
   0.0127355  0.000501172     0.071564
    0.044922  -0.00382556    0.0162607
 -0.00382556  0.000754873  0.000805344
   0.0162607  0.000805344    0.0736838
   0.0414516  -0.00369597   0.00918588
 -0.00369597  0.000704743 -0.000967001
  0.00918588 -0.000967001    0.0720857
   0.0459536  -0.00405427    0.0147844
 -0.00405427  0.000715223 -0.000169427
   0.0147844 -0.000169427    0.0747616
   0.0890532  -0.00541066    0.0240204
 -0.00541066    0.0022536   0.00839785
   0.0240204   0.00839785    0.0583323
   0.0799947  -0.00382832    0.0290577
 -0.00382832   0.00221458   0.00911809
   0.0290577   0.00911809    0.0667227
   0.0805193  -0.00377769     0.029107
 -0.00377769   0.00207434   0.00876973
    0.029107   0.00876973    0.0670663
   0.0731738  -0.00254095     0.033601
 -0.00254095   0.00201582   0.00923533
    0.033601   0.00923533    0.0745461
   0.0724896  -0.00268574    0.0334913
 -0.00268574   0.00216552   0.00956416
   0.0334913   0.00956416    0.0741964
   0.0732905  -0.00271256    0.0334312
 -0.00271256   0.00186974    0.0086722
   0.0334312    0.0086722    0.0747925
   0.0678348  -0.00186198    0.0366969
 -0.00186198   0.00191949   0.00925695
   0.0366969   0.00925695    0.0801468
   0.0680398   -0.0019595    0.0365344
  -0.0019595   0.00177541   0.00871949
   0.0365344   0.00871949    0.0803434
   0.0639581  -0.00171713    0.0373838
 -0.00171713   0.00163503   0.00828146
   0.0373838   0.00828146    0.0833313
   0.0670842  -0.00201767    0.0365389
 -0.00201767   0.00205526   0.00955939
   0.0365389   0.00955939    0.0798226
   0.0637151  -0.00163776    0.0375483
 -0.00163776   0.00175821   0.00877944
   0.0375483   0.00877944    0.0832154
   0.0629709  -0.00174548      0.03737
 -0.00174548   0.00186557   0.00906018
     0.03737   0.00906018    0.0829561
   0.0673496  -0.00234806    0.0358374
 -0.00234806   0.00163642   0.00791918
   0.0358374   0.00791918     0.080287
   0.0635871  -0.00205755    0.0368449
 -0.00205755   0.00151178   0.00751381
   0.0368449   0.00751381    0.0833256
   0.0612339  -0.00247368    0.0346317
 -0.00247368   0.00138086   0.00664347
   0.0346317   0.00664347    0.0816386
     0.06468   -0.0028621    0.0332573
  -0.0028621   0.00150445   0.00703305
   0.0332573   0.00703305    0.0783016
   0.0721114  -0.00320642     0.032287
 -0.00320642   0.00174545   0.00789817
    0.032287   0.00789817    0.0745237
   0.0687844  -0.00381019    0.0290899
 -0.00381019   0.00163505   0.00708249
   0.0290899   0.00708249    0.0719188
   0.0786621  -0.00472741    0.0270486
 -0.00472741   0.00187818   0.00753815
   0.0270486   0.00753815    0.0665673
   0.0803165  -0.00408543    0.0288513
 -0.00408543   0.00195677   0.00820346
   0.0288513   0.00820346    0.0672861
    0.088554  -0.00603047    0.0236108
 -0.00603047   0.00209745   0.00752009
   0.0236108   0.00752009     0.058771
   0.0746712  -0.00551263    0.0232422
 -0.00551263   0.00184693   0.00687954
   0.0232422   0.00687954    0.0637489
   0.0862801  -0.00694765    0.0210647
 -0.00694765    0.0021274   0.00700827
   0.0210647   0.00700827     0.057592
   0.0793772  -0.00745289     0.016861
 -0.00745289   0.00211351   0.00653804
    0.016861   0.00653804    0.0547851
   0.0891323  -0.00555258    0.0239295
 -0.00555258   0.00216022   0.00803783
   0.0239295   0.00803783    0.0586024
   0.0613303  -0.00187325    0.0371372
 -0.00187325   0.00162496   0.00808248
   0.0371372   0.00808248    0.0844522
   0.0620691  -0.00180108    0.0373153
 -0.00180108   0.00154397   0.00782569
   0.0373153   0.00782569    0.0846124
   0.0611795  -0.00219306    0.0358109
 -0.00219306   0.00129474   0.00652079
   0.0358109   0.00652079    0.0845776
   0.0604598  -0.00222865    0.0356574
 -0.00222865   0.00135209   0.00675751
   0.0356574   0.00675751    0.0845468
   0.0614182  -0.00227033    0.0355894
 -0.00227033   0.00122679   0.00612677
   0.0355894   0.00612677    0.0844499
   0.0604131   -0.0026066    0.0334352
  -0.0026066   0.00104379   0.00495114
   0.0334352   0.00495114    0.0837502
   0.0606196  -0.00268342    0.0331605
 -0.00268342  0.000998662   0.00461051
   0.0331605   0.00461051    0.0834789
   0.0599267  -0.00294822     0.030561
 -0.00294822  0.000790045   0.00290371
    0.030561   0.00290371    0.0825004
   0.0596875  -0.00259859    0.0333139
 -0.00259859   0.00108028   0.00516975
   0.0333139   0.00516975     0.083863
   0.0597153  -0.00286441    0.0308776
 -0.00286441  0.000814753    0.0031872
   0.0308776    0.0031872    0.0829053
   0.0589404  -0.00280969    0.0307752
 -0.00280969  0.000832503    0.0033854
   0.0307752    0.0033854    0.0831452
    0.060371  -0.00292044    0.0325236
 -0.00292044  0.000958734   0.00408133
   0.0325236   0.00408133    0.0830962
   0.0596389  -0.00314474    0.0298518
 -0.00314474  0.000770565   0.00247278
   0.0298518   0.00247278    0.0819775
   0.0586746    -0.003463    0.0286044
   -0.003463  0.000765006   0.00189582
   0.0286044   0.00189582    0.0812201
   0.0591466  -0.00326813    0.0311061
 -0.00326813  0.000928306   0.00340755
   0.0311061   0.00340755     0.082201
   0.0611879  -0.00254637      0.03502
 -0.00254637   0.00116383   0.00550649
     0.03502   0.00550649    0.0842166
   0.0596715  -0.00291876    0.0333837
 -0.00291876   0.00109778   0.00474888
   0.0333837   0.00474888    0.0832606
   0.0621015  -0.00219397     0.036626
 -0.00219397   0.00135688   0.00667305
    0.036626   0.00667305     0.084532
   0.0623151  -0.00188059    0.0371295
 -0.00188059   0.00145147    0.0073792
   0.0371295    0.0073792    0.0846161
   0.0601462  -0.00257832    0.0346898
 -0.00257832   0.00125329   0.00585124
   0.0346898   0.00585124    0.0832106
   0.0490436  -0.00392474    0.0207671
 -0.00392474  0.000800559   0.00147733
   0.0207671   0.00147733    0.0762622
   0.0483551  -0.00360954    0.0223643
 -0.00360954  0.000863466   0.00247315
   0.0223643   0.00247315    0.0753492
   0.0521064   -0.0035046    0.0259154
  -0.0035046  0.000926106    0.0031073
   0.0259154    0.0031073    0.0779923
   0.0488074  -0.00345392    0.0242232
 -0.00345392  0.000965819   0.00362166
   0.0242232   0.00362166    0.0735906
   0.0519158  -0.00326791    0.0269093
 -0.00326791   0.00102098   0.00403059
   0.0269093   0.00403059    0.0763799
   0.0528884  -0.00334042    0.0267861
 -0.00334042   0.00114402   0.00483214
   0.0267861   0.00483214    0.0735687
   0.0497404  -0.00369833    0.0232107
 -0.00369833   0.00112371   0.00450175
   0.0232107   0.00450175    0.0702552
   0.0565653  -0.00291713    0.0313905
 -0.00291713   0.00113284   0.00499085
   0.0313905   0.00499085    0.0805695
   0.0573879  -0.00288071    0.0310246
 -0.00288071   0.00124437   0.00573923
   0.0310246   0.00573923    0.0783993
   0.0564998  -0.00323489    0.0303257
 -0.00323489   0.00101451   0.00397003
   0.0303257   0.00397003    0.0811471
   0.0565157  -0.00358253     0.028403
 -0.00358253  0.000886891   0.00270959
    0.028403   0.00270959    0.0807609
   0.0525043  -0.00381191    0.0241156
 -0.00381191  0.000835808   0.00197784
   0.0241156   0.00197784     0.078473
   0.0529059  -0.00397313    0.0222993
 -0.00397313  0.000744035  0.000681362
   0.0222993  0.000681362    0.0782771
    0.056404  -0.00375928    0.0262781
 -0.00375928  0.000759059   0.00129282
   0.0262781   0.00129282    0.0796127
    0.049349  -0.00407004    0.0182433
 -0.00407004  0.000733581  0.000202608
   0.0182433  0.000202608    0.0768189
   0.0524931  -0.00442527    0.0206238
 -0.00442527   0.00132725   0.00505264
   0.0206238   0.00505264    0.0648878
   0.0555857  -0.00550338    0.0157323
 -0.00550338   0.00156689   0.00545564
   0.0157323   0.00545564    0.0580413
   0.0594588  -0.00516161    0.0195143
 -0.00516161   0.00157026   0.00575935
   0.0195143   0.00575935    0.0620624
   0.0613202  -0.00734674    0.0100179
 -0.00734674   0.00195991   0.00572736
   0.0100179   0.00572736    0.0505588
   0.0645749  -0.00678307    0.0138922
 -0.00678307   0.00188508   0.00594718
   0.0138922   0.00594718    0.0545878
   0.0698359  -0.00893531   0.00856969
 -0.00893531   0.00239852   0.00603375
  0.00856969   0.00603375    0.0472582
   0.0639777   -0.0086663   0.00563052
  -0.0086663   0.00225426   0.00584606
  0.00563052   0.00584606    0.0452709
   0.0675976  -0.00592948    0.0185943
 -0.00592948   0.00178526   0.00627527
   0.0185943   0.00627527    0.0595824
   0.0721394   -0.0077226    0.0129261
  -0.0077226   0.00208297   0.00611878
   0.0129261   0.00611878    0.0515441
   0.0640622  -0.00448903     0.024474
 -0.00448903   0.00157208   0.00635546
    0.024474   0.00635546     0.067706
   0.0604156  -0.00337474      0.02927
 -0.00337474   0.00137739   0.00614059
     0.02927   0.00614059    0.0741716
   0.0564229  -0.00403769    0.0247587
 -0.00403769   0.00134322    0.0054355
   0.0247587    0.0054355    0.0695055
   0.0582155  -0.00283281    0.0280944
 -0.00283281   0.00066074   0.00144801
   0.0280944   0.00144801    0.0824052
   0.0590771  -0.00292328    0.0281868
 -0.00292328  0.000654029   0.00127445
   0.0281868   0.00127445    0.0820638
   0.0584118  -0.00280863    0.0254275
 -0.00280863  0.000575352 -0.000736215
   0.0254275 -0.000736215    0.0812445
   0.0574558  -0.00268709    0.0253485
 -0.00268709  0.000573078 -0.000586156
   0.0253485 -0.000586156    0.0816588
   0.0587749  -0.00290221    0.0250633
 -0.00290221  0.000570787 -0.000897589
   0.0250633 -0.000897589    0.0806527
   0.0577656  -0.00248188    0.0225783
 -0.00248188   0.00062136  -0.00285519
   0.0225783  -0.00285519     0.080479
   0.0582301  -0.00257248    0.0221846
 -0.00257248  0.000617704  -0.00295803
   0.0221846  -0.00295803    0.0798439
   0.0577412  -0.00201001    0.0191858
 -0.00201001  0.000808473  -0.00513954
   0.0191858  -0.00513954      0.07915
   0.0566535  -0.00233381    0.0225175
 -0.00233381  0.000617441  -0.00273435
   0.0225175  -0.00273435    0.0809347
   0.0570947  -0.00192457    0.0196166
 -0.00192457  0.000820689  -0.00509997
   0.0196166  -0.00509997    0.0797947
   0.0557774   -0.0017582    0.0195918
  -0.0017582  0.000823275  -0.00501734
   0.0195918  -0.00501734    0.0802595
   0.0580972  -0.00266379    0.0213129
 -0.00266379  0.000617598  -0.00308507
   0.0213129  -0.00308507    0.0790455
   0.0577129  -0.00206213    0.0182504
 -0.00206213  0.000796747  -0.00517301
   0.0182504  -0.00517301    0.0783289
   0.0572155  -0.00214092    0.0168848
 -0.00214092  0.000797247  -0.00523704
   0.0168848  -0.00523704    0.0773847
   0.0575004  -0.00281467    0.0200352
 -0.00281467   0.00063892  -0.00328106
   0.0200352  -0.00328106    0.0781454
   0.0585481  -0.00303125    0.0242408
 -0.00303125  0.000577037  -0.00112512
   0.0242408  -0.00112512     0.079913
   0.0578883   -0.0032501    0.0230455
  -0.0032501  0.000601368  -0.00145896
   0.0230455  -0.00145896    0.0790928
   0.0590657  -0.00317536    0.0270703
 -0.00317536  0.000642284   0.00072198
   0.0270703   0.00072198    0.0809036
   0.0593493  -0.00301532    0.0278428
 -0.00301532  0.000645276   0.00105111
   0.0278428   0.00105111    0.0815496
   0.0582784  -0.00344913    0.0258904
 -0.00344913  0.000656523   0.00025862
   0.0258904   0.00025862    0.0801487
   0.0548304 -0.000936381    0.0166199
-0.000936381   0.00124732   -0.0074099
   0.0166199   -0.0074099    0.0796436
   0.0563794  -0.00109982    0.0165843
 -0.00109982   0.00122059  -0.00744192
   0.0165843  -0.00744192    0.0792088
   0.0554913 -7.35984e-05    0.0135388
-7.35984e-05   0.00181031  -0.00984348
   0.0135388  -0.00984348    0.0787245
    0.053739  8.62861e-05    0.0136736
 8.62861e-05    0.0018666  -0.00986887
   0.0136736  -0.00986887    0.0790994
   0.0566658 -0.000125649    0.0129846
-0.000125649   0.00173864  -0.00973377
   0.0129846  -0.00973377    0.0781654
   0.0544653   0.00120965    0.0105054
  0.00120965   0.00265483   -0.0123524
   0.0105054   -0.0123524    0.0783102
   0.0558945   0.00117753     0.009851
  0.00117753   0.00253532   -0.0121633
    0.009851   -0.0121633    0.0778387
   0.0549582   0.00275116   0.00674241
  0.00275116   0.00362333   -0.0147361
  0.00674241   -0.0147361    0.0775537
   0.0524996   0.00135211    0.0107754
  0.00135211   0.00275554   -0.0124468
   0.0107754   -0.0124468    0.0786094
   0.0532536   0.00274807   0.00751853
  0.00274807   0.00380479   -0.0150074
  0.00751853   -0.0150074    0.0779309
    0.051077   0.00285786   0.00794108
  0.00285786   0.00396448   -0.0151755
  0.00794108   -0.0151755    0.0781535
   0.0566897   0.00124609   0.00868504
  0.00124609   0.00240727   -0.0118988
  0.00868504   -0.0118988     0.077162
   0.0560489   0.00285821   0.00548051
  0.00285821   0.00342948   -0.0143779
  0.00548051   -0.0143779    0.0769805
   0.0565738   0.00303686   0.00372185
  0.00303686   0.00323442   -0.0139655
  0.00372185   -0.0139655    0.0762267
   0.0568779   0.00136373   0.00702293
  0.00136373   0.00228761   -0.0115996
  0.00702293   -0.0115996    0.0763132
   0.0571478 -0.000101604    0.0119075
-0.000101604   0.00166886  -0.00957112
   0.0119075  -0.00957112    0.0774067
   0.0570055 -4.06616e-05    0.0103413
-4.06616e-05   0.00160191  -0.00939004
   0.0103413  -0.00939004    0.0764906
   0.0574698  -0.00118571    0.0151016
 -0.00118571   0.00115414  -0.00734792
   0.0151016  -0.00734792    0.0777819
   0.0572816  -0.00117382    0.0161032
 -0.00117382   0.00118949  -0.00741133
   0.0161032  -0.00741133    0.0785887
   0.0570873   -0.0011924    0.0136344
  -0.0011924   0.00112662  -0.00728918
   0.0136344  -0.00728918    0.0768331
   0.0560189   0.00317069  -0.00553905
  0.00317069   0.00252793   -0.0123579
 -0.00553905   -0.0123579    0.0724476
   0.0548265   0.00126421  -0.00223585
  0.00126421    0.0018867   -0.0105337
 -0.00223585   -0.0105337    0.0721954
   0.0557904   0.00139301    0.0003997
  0.00139301   0.00197818   -0.0108038
   0.0003997   -0.0108038    0.0732837
   0.0550709 -0.000233405   0.00384033
-0.000233405   0.00148286  -0.00902931
  0.00384033  -0.00902931    0.0733201
   0.0531034 -0.000317995  0.000820368
-0.000317995   0.00144434  -0.00888589
 0.000820368  -0.00888589    0.0721138
   0.0559305 -9.41636e-05   0.00628529
-9.41636e-05   0.00150751  -0.00912821
  0.00628529  -0.00912821    0.0744497
   0.0539467  -0.00157818   0.00715412
 -0.00157818   0.00113505  -0.00732095
  0.00715412  -0.00732095    0.0733194
   0.0556247  -0.00142447   0.00977044
 -0.00142447   0.00112804  -0.00731301
  0.00977044  -0.00731301    0.0747267
   0.0551404   -0.0025179    0.0130477
  -0.0025179  0.000859183  -0.00554165
   0.0130477  -0.00554165    0.0751631
   0.0509379  -0.00162687   0.00375648
 -0.00162687   0.00112077  -0.00722697
  0.00375648  -0.00722697    0.0716753
    0.052446  -0.00263822    0.0100888
 -0.00263822  0.000878755  -0.00562261
   0.0100888  -0.00562261    0.0732594
   0.0488373  -0.00262488   0.00592252
 -0.00262488  0.000882801  -0.00563507
  0.00592252  -0.00563507    0.0723805
   0.0564663  -0.00125908    0.0118381
 -0.00125908   0.00111493  -0.00727314
   0.0118381  -0.00727314    0.0758062
   0.0564681  -0.00230353    0.0152065
 -0.00230353  0.000823681  -0.00537278
   0.0152065  -0.00537278    0.0763812
   0.0565075 -1.57812e-05   0.00841437
-1.57812e-05   0.00154715  -0.00923487
  0.00841437  -0.00923487    0.0754808
   0.0566364    0.0014744   0.00497829
   0.0014744   0.00217639   -0.0113102
  0.00497829   -0.0113102    0.0753574
   0.0561774   0.00148975   0.00273692
  0.00148975   0.00207748   -0.0110675
  0.00273692   -0.0110675    0.0744248
   0.0564798   0.00332218 -0.000756029
  0.00332218   0.00288388   -0.0131809
-0.000756029   -0.0131809    0.0745419
    0.056677   0.00321637    0.0015756
  0.00321637   0.00305342   -0.0135518
   0.0015756   -0.0135518    0.0753554
   0.0562229   0.00330978  -0.00314371
  0.00330978   0.00271207   -0.0128019
 -0.00314371   -0.0128019    0.0736114
   0.0475336  -0.00329411   0.00794269
 -0.00329411  0.000756515  -0.00413366
  0.00794269  -0.00413366     0.073592
   0.0509641  -0.00334052    0.0124207
 -0.00334052  0.000743197  -0.00401414
   0.0124207  -0.00401414    0.0736122
   0.0499047  -0.00375348    0.0140517
 -0.00375348    0.0006896  -0.00253841
   0.0140517  -0.00253841    0.0749016
   0.0471168  -0.00376081    0.0101108
 -0.00376081  0.000699509  -0.00271649
   0.0101108  -0.00271649    0.0748379
   0.0537286  -0.00372098    0.0184874
 -0.00372098  0.000670723  -0.00223631
   0.0184874  -0.00223631    0.0760292
    0.049755  -0.00399595    0.0159848
 -0.00399595   0.00069688  -0.00114165
   0.0159848  -0.00114165    0.0764993
   0.0531535   -0.0039212    0.0206106
  -0.0039212  0.000689739 -0.000734804
   0.0206106 -0.000734804    0.0767539
   0.0467864  -0.00402737    0.0126646
 -0.00402737  0.000695071  -0.00136082
   0.0126646  -0.00136082    0.0753619
   0.0564865  -0.00374175    0.0239002
 -0.00374175  0.000678782 -0.000255677
   0.0239002 -0.000255677    0.0788239
    0.056523  -0.00352234     0.021286
 -0.00352234  0.000642192  -0.00187168
    0.021286  -0.00187168    0.0780231
   0.0565564  -0.00305181    0.0183996
 -0.00305181  0.000682437  -0.00356627
   0.0183996  -0.00356627    0.0771596
    0.054455  -0.00326515    0.0159803
 -0.00326515  0.000721505  -0.00383732
   0.0159803  -0.00383732    0.0755881
   0.0427908  -0.00378823   0.00793746
 -0.00378823  0.000695624  -0.00182617
  0.00793746  -0.00182617    0.0736823
   0.0440056  -0.00366237   0.00641264
 -0.00366237  0.000714976  -0.00292681
  0.00641264  -0.00292681    0.0742679
   0.0398925  -0.00305505   0.00170496
 -0.00305505  0.000746281  -0.00308519
  0.00170496  -0.00308519    0.0722215
   0.0450543   -0.0032585   0.00449052
  -0.0032585  0.000774835   -0.0042424
  0.00449052   -0.0042424    0.0739312
   0.0414116  -0.00287461  0.000103843
 -0.00287461  0.000792168  -0.00422486
 0.000103843  -0.00422486    0.0732826
   0.0433227  -0.00242217  -0.00150461
 -0.00242217  0.000895633   -0.0056014
 -0.00150461   -0.0056014    0.0732867
   0.0460436  -0.00253934   0.00188226
 -0.00253934  0.000897524  -0.00571246
  0.00188226  -0.00571246    0.0733361
    0.040128  -0.00196849  -0.00463236
 -0.00196849  0.000897252  -0.00512348
 -0.00463236  -0.00512348    0.0724717
   0.0479736  -0.00155095 -0.000497671
 -0.00155095   0.00110649  -0.00718757
-0.000497671  -0.00718757    0.0724363
   0.0502786 -0.000306071  -0.00312145
-0.000306071    0.0013833  -0.00865397
 -0.00312145  -0.00865397    0.0716727
   0.0475435 -0.000216368  -0.00664637
-0.000216368   0.00131679   -0.0083777
 -0.00664637   -0.0083777    0.0713947
     0.05279    0.0012155  -0.00564587
   0.0012155   0.00177881   -0.0102161
 -0.00564587   -0.0102161    0.0714657
   0.0498134   0.00119147  -0.00918814
  0.00119147   0.00163933  -0.00971132
 -0.00918814  -0.00971132    0.0705085
   0.0529819   0.00301556   -0.0116345
  0.00301556   0.00216103   -0.0113597
  -0.0116345   -0.0113597    0.0704361
    0.054867    0.0030331  -0.00832601
   0.0030331   0.00234552   -0.0118892
 -0.00832601   -0.0118892    0.0714167
   0.0473729   0.00124495   -0.0118557
  0.00124495   0.00153987  -0.00934114
  -0.0118557  -0.00934114    0.0696868
   0.0498123   0.00285528   -0.0144182
  0.00285528   0.00194481   -0.0106316
  -0.0144182   -0.0106316    0.0690558
   0.0471671   0.00284452   -0.0165835
  0.00284452   0.00181869   -0.0101868
  -0.0165835   -0.0101868     0.068583
   0.0440113   0.00113837     -0.01409
  0.00113837   0.00140528  -0.00871158
    -0.01409  -0.00871158    0.0693946
    0.044781 -0.000152388  -0.00944056
-0.000152388   0.00124944  -0.00803892
 -0.00944056  -0.00803892    0.0708201
   0.0413779 -0.000437767   -0.0107188
-0.000437767   0.00111627  -0.00712518
  -0.0107188  -0.00712518    0.0710703
   0.0424593  -0.00144226   -0.0065298
 -0.00144226   0.00102958  -0.00656012
  -0.0065298  -0.00656012    0.0728257
   0.0454092  -0.00139448  -0.00406521
 -0.00139448   0.00109161  -0.00710416
 -0.00406521  -0.00710416    0.0724466
   0.0414692   0.00118828   -0.0159602
  0.00118828   0.00132146  -0.00837111
  -0.0159602  -0.00837111    0.0693953
   0.0449244   0.00296992   -0.0184468
  0.00296992    0.0017375  -0.00990449
  -0.0184468  -0.00990449    0.0680495
    0.033513   -0.0216126 -3.86214e-05
  -0.0216126    0.0192393    0.0146792
-3.86214e-05    0.0146792    0.0883801
    0.032531   -0.0222777  0.000601884
  -0.0222777    0.0195402    0.0125153
 0.000601884    0.0125153    0.0883726
   0.0327765   -0.0204804    0.0022821
  -0.0204804    0.0156816   0.00793853
   0.0022821   0.00793853    0.0905891
   0.0319177   -0.0211067   0.00269863
  -0.0211067    0.0162621   0.00661415
  0.00269863   0.00661415    0.0906526
   0.0318137   -0.0227978   0.00126632
  -0.0227978     0.019886    0.0109619
  0.00126632    0.0109619    0.0882983
   0.0324811   -0.0198592   0.00416259
  -0.0198592    0.0136651   0.00290847
  0.00416259   0.00290847    0.0927703
   0.0313051   -0.0214457   0.00322706
  -0.0214457    0.0166421   0.00601603
  0.00322706   0.00601603    0.0906093
   0.0315252   -0.0201479   0.00451743
  -0.0201479    0.0141181   0.00246488
  0.00451743   0.00246488     0.092846
   0.0309355   -0.0201383   0.00499324
  -0.0201383    0.0142205   0.00274955
  0.00499324   0.00274955    0.0927941
   0.0314407   -0.0231159   0.00186881
  -0.0231159    0.0200983    0.0102212
  0.00186881    0.0102212      0.08823
   0.0312115   -0.0215913   0.00368673
  -0.0215913    0.0167538   0.00626281
  0.00368673   0.00626281    0.0905936
   0.0313255   -0.0231251   0.00252516
  -0.0231251    0.0200208    0.0102732
  0.00252516    0.0102732    0.0880612
   0.0323746   -0.0193766    0.0056425
  -0.0193766    0.0123981 -0.000252326
   0.0056425 -0.000252326    0.0943493
   0.0312945   -0.0192203   0.00593422
  -0.0192203    0.0124837  8.56868e-05
  0.00593422  8.56868e-05    0.0941671
   0.0324835   -0.0189238   0.00637012
  -0.0189238    0.0113699  -0.00162627
  0.00637012  -0.00162627    0.0945562
   0.0338508   -0.0191331   0.00637864
  -0.0191331    0.0112586  -0.00196986
  0.00637864  -0.00196986    0.0948795
   0.0338205   -0.0192365   0.00553096
  -0.0192365    0.0119735  9.55855e-05
  0.00553096  9.55855e-05     0.094376
   0.0363968   -0.0192614   0.00607639
  -0.0192614      0.01082  -0.00137891
  0.00607639  -0.00137891    0.0915643
   0.0356018   -0.0186598    0.0054177
  -0.0186598    0.0111488   0.00121123
   0.0054177   0.00121123    0.0918753
   0.0335106   -0.0191663   0.00405434
  -0.0191663    0.0129409   0.00402817
  0.00405434   0.00402817    0.0925498
   0.0347039   -0.0181699    0.0040076
  -0.0181699    0.0121233   0.00582087
   0.0040076   0.00582087    0.0910051
   0.0384646   -0.0187379   0.00586656
  -0.0187379    0.0100181 -0.000128484
  0.00586656 -0.000128484    0.0898195
   0.0369638   -0.0176453    0.0053584
  -0.0176453     0.010283   0.00300301
   0.0053584   0.00300301    0.0905256
   0.0398974   -0.0176821   0.00604315
  -0.0176821   0.00908735    0.0014323
  0.00604315    0.0014323    0.0888787
   0.0338751   -0.0196337   0.00197408
  -0.0196337    0.0150879   0.00987167
  0.00197408   0.00987167    0.0904561
   0.0313731   -0.0228116   0.00316955
  -0.0228116    0.0198742    0.0111196
  0.00316955    0.0111196    0.0877799
    0.031297   -0.0214046   0.00417526
  -0.0214046    0.0167226   0.00727693
  0.00417526   0.00727693    0.0904582
   0.0314607   -0.0208994   0.00462238
  -0.0208994    0.0164991   0.00894056
  0.00462238   0.00894056    0.0902043
   0.0314886   -0.0221882   0.00374331
  -0.0221882    0.0195926    0.0126378
  0.00374331    0.0126378    0.0873864
   0.0312738   -0.0196531   0.00562948
  -0.0196531    0.0140755    0.0056105
  0.00562948    0.0056105    0.0927228
   0.0316006    -0.020098   0.00494633
   -0.020098    0.0161598     0.011095
  0.00494633     0.011095    0.0898045
   0.0314796   -0.0189596   0.00584214
  -0.0189596    0.0137325    0.0078195
  0.00584214    0.0078195    0.0924705
   0.0315803   -0.0180455   0.00589292
  -0.0180455    0.0133346     0.010265
  0.00589292     0.010265    0.0920562
   0.0315507   -0.0212685   0.00417084
  -0.0212685    0.0192347    0.0146797
  0.00417084    0.0146797    0.0868524
   0.0316127   -0.0190756   0.00509471
  -0.0190756    0.0157943     0.013513
  0.00509471     0.013513    0.0892503
   0.0314733   -0.0201372   0.00440543
  -0.0201372    0.0188854    0.0170214
  0.00440543    0.0170214    0.0861735
     0.03141   -0.0180164   0.00639526
  -0.0180164    0.0119082   0.00508468
  0.00639526   0.00508468    0.0940301
   0.0316636   -0.0172418    0.0062804
  -0.0172418    0.0114972   0.00751533
   0.0062804   0.00751533    0.0938435
    0.032372    -0.016931   0.00598922
   -0.016931    0.0102645    0.0053728
  0.00598922    0.0053728    0.0938579
   0.0318104   -0.0175073   0.00628812
  -0.0175073    0.0106413   0.00305476
  0.00628812   0.00305476    0.0938147
   0.0310592   -0.0185728   0.00635928
  -0.0185728    0.0122354   0.00288857
  0.00635928   0.00288857    0.0940451
   0.0311749   -0.0178757   0.00645766
  -0.0178757    0.0109195  0.000967842
  0.00645766  0.000967842     0.093589
   0.0307201   -0.0188474   0.00624993
  -0.0188474    0.0123821   0.00113868
  0.00624993   0.00113868    0.0939009
   0.0310533   -0.0200508   0.00531462
  -0.0200508    0.0142613   0.00387251
  0.00531462   0.00387251    0.0928222
   0.0315037   -0.0184482   0.00648833
  -0.0184482    0.0112466 -0.000648777
  0.00648833 -0.000648777    0.0940787
   0.0482853   -0.0260762  -0.00184497
  -0.0260762    0.0145056   0.00413702
 -0.00184497   0.00413702    0.0743364
   0.0467365   -0.0259865  -0.00024838
  -0.0259865    0.0147614    0.0027077
 -0.00024838    0.0027077    0.0771796
   0.0410861    -0.022259   0.00236779
   -0.022259    0.0124262    0.0017017
  0.00236779    0.0017017    0.0840069
   0.0410221   -0.0229502   0.00324846
  -0.0229502    0.0130875  0.000328453
  0.00324846  0.000328453    0.0849652
    0.047661   -0.0270368 -0.000575906
  -0.0270368    0.0155846   0.00239369
-0.000575906   0.00239369     0.074068
   0.0366333   -0.0202985   0.00507784
  -0.0202985    0.0115468 -0.000371457
  0.00507784 -0.000371457     0.089786
   0.0427294   -0.0240767   0.00249229
  -0.0240767    0.0137853  0.000228839
  0.00249229  0.000228839    0.0809492
   0.0374756   -0.0210361   0.00540539
  -0.0210361    0.0120122   -0.0015238
  0.00540539   -0.0015238    0.0905481
   0.0396819   -0.0218985   0.00452306
  -0.0218985    0.0123193  -0.00138472
  0.00452306  -0.00138472    0.0857309
   0.0482017   -0.0275202  1.89051e-05
  -0.0275202    0.0159666   0.00204494
 1.89051e-05   0.00204494    0.0733356
   0.0443947   -0.0246086   0.00268365
  -0.0246086    0.0139347  0.000168146
  0.00268365  0.000168146    0.0789305
     0.04972   -0.0277635  0.000784503
  -0.0277635    0.0159335   0.00217741
 0.000784503   0.00217741    0.0727606
     0.03375   -0.0191852   0.00612941
  -0.0191852    0.0111738  -0.00149891
  0.00612941  -0.00149891    0.0928185
    0.034898   -0.0196463   0.00624639
  -0.0196463    0.0112799  -0.00232797
  0.00624639  -0.00232797    0.0934452
   0.0331848   -0.0185318   0.00597264
  -0.0185318    0.0107624 -0.000101309
  0.00597264 -0.000101309    0.0921118
   0.0334131   -0.0179473   0.00556532
  -0.0179473    0.0102894   0.00178712
  0.00556532   0.00178712    0.0913774
   0.0365321   -0.0195277   0.00444039
  -0.0195277    0.0108952   0.00128175
  0.00444039   0.00128175    0.0888333
   0.0376338   -0.0192463   0.00338336
  -0.0192463     0.010499   0.00324468
  0.00338336   0.00324468    0.0872893
   0.0345224   -0.0176318   0.00512909
  -0.0176318   0.00994859   0.00387909
  0.00512909   0.00387909    0.0916466
   0.0424915   -0.0222064  0.000962037
  -0.0222064    0.0121091   0.00342503
 0.000962037   0.00342503    0.0816854
   0.0511701   -0.0280058    0.0015653
  -0.0280058    0.0158639   0.00207188
   0.0015653   0.00207188    0.0741244
   0.0459275   -0.0244933   0.00335993
  -0.0244933    0.0135455  0.000267175
  0.00335993  0.000267175    0.0791169
   0.0489702   -0.0246523   0.00362178
  -0.0246523    0.0131654   0.00118055
  0.00362178   0.00118055    0.0785254
   0.0523207   -0.0273697   0.00209497
  -0.0273697    0.0150969   0.00251441
  0.00209497   0.00251441     0.074944
   0.0447902   -0.0221912   0.00475029
  -0.0221912    0.0116732  6.05338e-05
  0.00475029  6.05338e-05    0.0821807
   0.0513329   -0.0233981   0.00440825
  -0.0233981    0.0119121   0.00241021
  0.00440825   0.00241021    0.0788998
   0.0470563   -0.0211564   0.00535869
  -0.0211564    0.0104669  0.000841498
  0.00535869  0.000841498    0.0826205
   0.0481456   -0.0193478   0.00639236
  -0.0193478   0.00904144   0.00161791
  0.00639236   0.00161791    0.0843469
   0.0555051   -0.0260906   0.00306028
  -0.0260906    0.0136759     0.003954
  0.00306028     0.003954     0.074363
   0.0526234   -0.0213906    0.0053829
  -0.0213906    0.0103159   0.00345496
   0.0053829   0.00345496    0.0785173
   0.0568584   -0.0239376   0.00381011
  -0.0239376    0.0121604   0.00539166
  0.00381011   0.00539166    0.0734726
   0.0425561   -0.0196935   0.00599863
  -0.0196935   0.00992648 -0.000252935
  0.00599863 -0.000252935    0.0869946
   0.0437982    -0.018162   0.00684032
   -0.018162   0.00862282  0.000930533
  0.00684032  0.000930533    0.0890042
   0.0402866      -0.0203   0.00573261
     -0.0203    0.0107878  -0.00128526
  0.00573261  -0.00128526    0.0874917
   0.0372295   -0.0200401   0.00580258
  -0.0200401    0.0111517  -0.00208533
  0.00580258  -0.00208533    0.0893696
   0.0419103   -0.0221796   0.00467225
  -0.0221796    0.0121537  -0.00106362
  0.00467225  -0.00106362    0.0839181
   0.0311883   -0.0188568   0.00441445
  -0.0188568    0.0185902     0.019504
  0.00441445     0.019504    0.0853961
   0.0314198   -0.0179012   0.00502609
  -0.0179012    0.0154516     0.016048
  0.00502609     0.016048    0.0885885
   0.0309971   -0.0166554   0.00473994
  -0.0166554    0.0151948    0.0185142
  0.00473994    0.0185142    0.0878815
   0.0306879   -0.0175153   0.00420764
  -0.0175153    0.0184093    0.0219316
  0.00420764    0.0219316    0.0845801
   0.0311511   -0.0158168   0.00537765
  -0.0158168    0.0125956    0.0152401
  0.00537765    0.0152401    0.0909277
   0.0303568   -0.0154086   0.00424328
  -0.0154086    0.0150642    0.0208048
  0.00424328    0.0208048    0.0871376
   0.0305806   -0.0146531   0.00479419
  -0.0146531    0.0123716     0.017505
  0.00479419     0.017505    0.0902831
   0.0298189   -0.0135366   0.00402588
  -0.0135366    0.0122517    0.0195291
  0.00402588    0.0195291      0.08959
   0.0299795   -0.0161888   0.00379771
  -0.0161888    0.0183854    0.0242048
  0.00379771    0.0242048     0.083736
   0.0295404   -0.0142307   0.00357177
  -0.0142307    0.0150638    0.0228626
  0.00357177    0.0228626    0.0863636
   0.0291199   -0.0149572   0.00322285
  -0.0149572    0.0185089    0.0262612
  0.00322285    0.0262612    0.0828712
   0.0309533   -0.0141102   0.00494906
  -0.0141102    0.0103085    0.0144962
  0.00494906    0.0144962    0.0924607
   0.0302538   -0.0130541   0.00409618
  -0.0130541    0.0100797    0.0164421
  0.00409618    0.0164421    0.0918569
   0.0314484   -0.0130368   0.00344814
  -0.0130368   0.00852165    0.0137495
  0.00344814    0.0137495    0.0925009
   0.0320613   -0.0140457   0.00436719
  -0.0140457   0.00885918    0.0119369
  0.00436719    0.0119369    0.0929953
   0.0314338   -0.0151934   0.00560645
  -0.0151934    0.0106162    0.0123253
  0.00560645    0.0123253    0.0929943
   0.0324398   -0.0150711     0.005086
  -0.0150711   0.00926709   0.00991759
    0.005086   0.00991759    0.0933985
    0.031666   -0.0162593   0.00604397
  -0.0162593    0.0110263   0.00997432
  0.00604397   0.00997432    0.0934579
   0.0314813   -0.0169669    0.0057422
  -0.0169669    0.0129236    0.0127964
   0.0057422    0.0127964    0.0915206
   0.0325558     -0.01607   0.00559999
    -0.01607   0.00976253   0.00771654
  0.00559999   0.00771654    0.0937115
   0.0281676   -0.0138235   0.00252058
  -0.0138235    0.0187371    0.0281019
  0.00252058    0.0281019    0.0820081
   0.0286074   -0.0131471   0.00276358
  -0.0131471     0.015172     0.024699
  0.00276358     0.024699    0.0855852
   0.0276655   -0.0121652   0.00188269
  -0.0121652    0.0153408    0.0262561
  0.00188269    0.0262561    0.0844094
   0.0272017   -0.0128026   0.00174757
  -0.0128026    0.0190292    0.0296885
  0.00174757    0.0296885    0.0809748
   0.0281471    -0.011565   0.00219303
   -0.011565    0.0122839     0.022842
  0.00219303     0.022842    0.0877961
   0.0273416   -0.0112675   0.00142975
  -0.0112675    0.0155687    0.0276115
  0.00142975    0.0276115    0.0833091
   0.0280521   -0.0107703   0.00151342
  -0.0107703    0.0123981    0.0241259
  0.00151342    0.0241259    0.0863446
   0.0296213    -0.010143    0.0014406
   -0.010143    0.0126261    0.0253955
   0.0014406    0.0253955    0.0853258
    0.027278   -0.0120384   0.00139386
  -0.0120384     0.019407    0.0309509
  0.00139386    0.0309509    0.0797131
   0.0285728   -0.0106617   0.00146873
  -0.0106617    0.0158664    0.0286352
  0.00146873    0.0286352    0.0817151
    0.029697   -0.0117712   0.00191489
  -0.0117712    0.0200144    0.0319994
  0.00191489    0.0319994    0.0787211
   0.0287476   -0.0103917   0.00136359
  -0.0103917   0.00988921    0.0208781
  0.00136359    0.0208781    0.0890417
   0.0303722  -0.00988676  0.000807091
 -0.00988676    0.0100103    0.0220752
 0.000807091    0.0220752    0.0875719
   0.0325152   -0.0100033 -0.000113424
  -0.0100033   0.00804705    0.0192008
-0.000113424    0.0192008    0.0894295
   0.0303553   -0.0104385   0.00060379
  -0.0104385   0.00802031     0.017982
  0.00060379     0.017982    0.0904965
   0.0286908   -0.0111373   0.00213958
  -0.0111373   0.00988325     0.019646
  0.00213958     0.019646    0.0904229
    0.030088   -0.0111827   0.00134621
  -0.0111827   0.00810848    0.0167278
  0.00134621    0.0167278    0.0912011
   0.0294029   -0.0120485   0.00309913
  -0.0120485   0.00994283    0.0181584
  0.00309913    0.0181584    0.0912089
   0.0289206   -0.0124912   0.00311655
  -0.0124912    0.0122309    0.0213241
  0.00311655    0.0213241    0.0888751
   0.0306553   -0.0120624   0.00238203
  -0.0120624   0.00828151    0.0153502
  0.00238203    0.0153502    0.0919422
   0.0510047   -0.0172786   -0.0120826
  -0.0172786   0.00705837    0.0120808
  -0.0120826    0.0120808     0.072115
   0.0502639   -0.0184678   -0.0111656
  -0.0184678   0.00776675    0.0112182
  -0.0111656    0.0112182    0.0716405
   0.0433274   -0.0152795  -0.00743803
  -0.0152795   0.00685511    0.0121854
 -0.00743803    0.0121854    0.0794233
   0.0435364   -0.0163468  -0.00624094
  -0.0163468   0.00742527    0.0112787
 -0.00624094    0.0112787     0.079584
   0.0506845   -0.0196706  -0.00985906
  -0.0196706   0.00850073    0.0105205
 -0.00985906    0.0105205    0.0717276
   0.0374268   -0.0136946  -0.00283024
  -0.0136946   0.00689071    0.0124974
 -0.00283024    0.0124974    0.0860088
   0.0441099   -0.0174234  -0.00498554
  -0.0174234   0.00802506    0.0103684
 -0.00498554    0.0103684    0.0797958
    0.038076    -0.014705   -0.0016108
   -0.014705   0.00734896     0.011369
  -0.0016108     0.011369    0.0863771
   0.0386796   -0.0157111 -0.000465069
  -0.0157111    0.0078444    0.0101351
-0.000465069    0.0101351    0.0866644
   0.0512023   -0.0209391  -0.00853234
  -0.0209391   0.00935428   0.00978821
 -0.00853234   0.00978821    0.0717889
   0.0445455   -0.0185538  -0.00379003
  -0.0185538   0.00874292   0.00934254
 -0.00379003   0.00934254    0.0799141
   0.0514568   -0.0222836  -0.00720772
  -0.0222836    0.0103824   0.00890927
 -0.00720772   0.00890927    0.0718444
   0.0336849   -0.0129281   0.00100581
  -0.0129281   0.00740609    0.0130086
  0.00100581    0.0130086    0.0905691
    0.034396    -0.013909   0.00212819
   -0.013909   0.00777031    0.0115625
  0.00212819    0.0115625    0.0910182
   0.0331182   -0.0120052 -0.000105827
  -0.0120052   0.00710442    0.0142979
-0.000105827    0.0142979     0.090124
    0.033418   -0.0112433  -0.00108055
  -0.0112433   0.00688741     0.015444
 -0.00108055     0.015444    0.0893764
   0.0375503   -0.0128004  -0.00381117
  -0.0128004   0.00651988     0.013572
 -0.00381117     0.013572    0.0859005
   0.0396048   -0.0121239  -0.00449619
  -0.0121239    0.0062729    0.0147319
 -0.00449619    0.0147319    0.0860475
   0.0357304   -0.0107057  -0.00164239
  -0.0107057   0.00681973    0.0167843
 -0.00164239    0.0167843     0.089629
   0.0450686   -0.0143687  -0.00798906
  -0.0143687   0.00641564    0.0132976
 -0.00798906    0.0132976    0.0805313
   0.0514339   -0.0237038  -0.00588516
  -0.0237038    0.0116362   0.00782865
 -0.00588516   0.00782865    0.0721142
   0.0447489   -0.0197786  -0.00262476
  -0.0197786   0.00965284   0.00810722
 -0.00262476   0.00810722    0.0800334
   0.0443982   -0.0208442   -0.0013735
  -0.0208442    0.0105779   0.00659596
  -0.0013735   0.00659596    0.0802362
   0.0504315   -0.0246058  -0.00453441
  -0.0246058    0.0126265   0.00666007
 -0.00453441   0.00666007    0.0726904
   0.0390931   -0.0178526    0.0015679
  -0.0178526   0.00921959   0.00703987
   0.0015679   0.00703987    0.0869754
   0.0433754    -0.021531 -0.000238324
   -0.021531    0.0113306   0.00504884
-0.000238324   0.00504884    0.0806924
   0.0386806   -0.0187541   0.00253441
  -0.0187541   0.00995715   0.00514924
  0.00253441   0.00514924    0.0871068
   0.0493203   -0.0253981  -0.00319763
  -0.0253981     0.013601   0.00542475
 -0.00319763   0.00542475    0.0734141
   0.0350634   -0.0169165    0.0045659
  -0.0169165   0.00940072   0.00604012
   0.0045659   0.00604012    0.0917266
   0.0351569   -0.0159593   0.00389561
  -0.0159593   0.00879006   0.00808777
  0.00389561   0.00808777    0.0916385
   0.0349071   -0.0149247   0.00310145
  -0.0149247   0.00823688   0.00992262
  0.00310145   0.00992262     0.091381
   0.0390408    -0.016785  0.000565647
   -0.016785   0.00848919   0.00871288
 0.000565647   0.00871288    0.0868604
   0.0254092    -0.029461     0.002067
   -0.029461     0.086685    0.0464341
    0.002067    0.0464341    0.0578004
   0.0245385   -0.0286179   0.00262329
  -0.0286179    0.0832877    0.0445003
  0.00262329    0.0445003    0.0576135
   0.0259913   -0.0299594  0.000607795
  -0.0299594     0.073231    0.0425459
 0.000607795    0.0425459    0.0624902
   0.0256879    -0.029376   0.00156468
   -0.029376     0.070322     0.040413
  0.00156468     0.040413    0.0621976
   0.0241813   -0.0279263   0.00334681
  -0.0279263    0.0797658    0.0425373
  0.00334681    0.0425373    0.0573355
   0.0272217   -0.0299706  0.000152644
  -0.0299706     0.061196    0.0376401
 0.000152644    0.0376401    0.0670002
   0.0257816   -0.0287364   0.00270019
  -0.0287364    0.0675942    0.0386622
