           0            0            0
           0            0            0
           0            0            0
   0.0791876  -0.00229864    0.0139425
 -0.00229864  0.000225648 -0.000247988
   0.0139425 -0.000247988    0.0531063
   0.0724311  -0.00251065    0.0196564
 -0.00251065  0.000298133 -6.92997e-05
   0.0196564 -6.92997e-05    0.0592193
   0.0659906  -0.00313531    0.0258383
 -0.00313531  0.000453208  0.000292026
   0.0258383  0.000292026    0.0677574
   0.0628704  -0.00418321    0.0298961
 -0.00418321   0.00066286  0.000327865
   0.0298961  0.000327865    0.0750736
    0.061708  -0.00519301    0.0317307
 -0.00519301  0.000868095   0.00015793
   0.0317307   0.00015793    0.0795906
   0.0566173  -0.00503576    0.0273047
 -0.00503576  0.000755268 -0.000416769
   0.0273047 -0.000416769    0.0751282
   0.0564595  -0.00586838    0.0256883
 -0.00586838  0.000953942  -0.00101372
   0.0256883  -0.00101372    0.0780244
   0.0609701  -0.00606963    0.0298984
 -0.00606963   0.00105627 -0.000519687
   0.0298984 -0.000519687    0.0813713
   0.0561789  -0.00646315    0.0214876
 -0.00646315   0.00112526  -0.00206385
   0.0214876  -0.00206385    0.0790936
   0.0601892  -0.00671852    0.0256696
 -0.00671852   0.00120626  -0.00167636
   0.0256696  -0.00167636    0.0816971
   0.0554477  -0.00666065     0.016875
 -0.00666065   0.00124853  -0.00338953
    0.016875  -0.00338953    0.0790424
   0.0610146  -0.00734029    0.0236713
 -0.00734029    0.0013254  -0.00266962
   0.0236713  -0.00266962    0.0824383
    0.121491   0.00198072    0.0377766
  0.00198072    0.0019228   0.00729082
   0.0377766   0.00729082    0.0697975
    0.108624 -0.000447007    0.0435345
-0.000447007   0.00245983   0.00895279
   0.0435345   0.00895279    0.0787872
    0.110077  0.000958961    0.0440075
 0.000958961   0.00193042   0.00820959
   0.0440075   0.00820959    0.0792271
   0.0999911  -0.00100939    0.0492348
 -0.00100939   0.00238955   0.00945571
   0.0492348   0.00945571    0.0873376
   0.0978153   -0.0025076    0.0483506
  -0.0025076   0.00294302     0.010054
   0.0483506     0.010054    0.0866755
   0.0999299 -0.000283841    0.0488905
-0.000283841   0.00186504   0.00830603
   0.0488905   0.00830603    0.0873885
   0.0924399  -0.00278999    0.0526116
 -0.00278999   0.00276102   0.00988197
   0.0526116   0.00988197    0.0932102
   0.0928443   -0.0019736    0.0524987
  -0.0019736   0.00223102   0.00891799
   0.0524987   0.00891799    0.0933272
   0.0870304  -0.00362239    0.0531818
 -0.00362239   0.00249566   0.00860708
   0.0531818   0.00860708    0.0961795
   0.0898525  -0.00413077    0.0513933
 -0.00413077   0.00330616    0.0103303
   0.0513933    0.0103303    0.0923932
   0.0862976  -0.00436381    0.0530911
 -0.00436381   0.00299801   0.00938576
   0.0530911   0.00938576    0.0960403
   0.0835906  -0.00540544    0.0516695
 -0.00540544   0.00348422   0.00973248
   0.0516695   0.00973248    0.0951886
   0.0912075  -0.00188593    0.0511972
 -0.00188593   0.00175062   0.00735735
   0.0511972   0.00735735     0.092865
   0.0861176  -0.00344549    0.0522584
 -0.00344549   0.00203156   0.00725897
   0.0522584   0.00725897    0.0958693
   0.0823682   -0.0035333    0.0490246
  -0.0035333   0.00161083   0.00565707
   0.0490246   0.00565707    0.0934581
   0.0870182  -0.00213738    0.0474884
 -0.00213738   0.00132704   0.00556653
   0.0474884   0.00556653     0.090082
   0.0975132 -0.000358223    0.0469438
-0.000358223   0.00139988   0.00662831
   0.0469438   0.00662831    0.0865938
   0.0925063 -0.000795191    0.0424817
-0.000795191   0.00100954   0.00480125
   0.0424817   0.00480125    0.0830738
    0.106157   0.00105002    0.0405951
  0.00105002   0.00103304   0.00530848
   0.0405951   0.00530848    0.0777528
    0.109285   0.00140504    0.0433777
  0.00140504   0.00144451    0.0069492
   0.0433777    0.0069492    0.0791443
    0.120143   0.00284135    0.0369183
  0.00284135   0.00104454   0.00520046
   0.0369183   0.00520046    0.0697366
    0.100428  0.000215529    0.0354899
 0.000215529  0.000707009   0.00358911
   0.0354899   0.00358911    0.0739564
    0.116334   0.00187661    0.0333565
  0.00187661  0.000719359   0.00369555
   0.0333565   0.00369555     0.067787
    0.106847  0.000734179    0.0277338
 0.000734179  0.000475393   0.00226013
   0.0277338   0.00226013    0.0639621
    0.121711   0.00293995    0.0377164
  0.00293995   0.00145396   0.00645415
   0.0377164   0.00645415     0.069929
   0.0808212  -0.00652201    0.0508177
 -0.00652201   0.00341556    0.0083808
   0.0508177    0.0083808    0.0962376
   0.0835973  -0.00571445      0.05238
 -0.00571445   0.00302302   0.00811562
     0.05238   0.00811562    0.0970297
   0.0819214  -0.00703556    0.0501486
 -0.00703556   0.00286367   0.00618295
   0.0501486   0.00618295    0.0964279
   0.0791275  -0.00762259     0.048534
 -0.00762259   0.00315867   0.00642548
    0.048534   0.00642548    0.0957913
   0.0828294  -0.00644495    0.0503903
 -0.00644495   0.00251919   0.00574412
   0.0503903   0.00574412    0.0963801
   0.0804244  -0.00820388    0.0468812
 -0.00820388   0.00261574   0.00377578
   0.0468812   0.00377578    0.0949818
   0.0812996  -0.00769655    0.0471045
 -0.00769655   0.00234873   0.00344074
   0.0471045   0.00344074    0.0947708
   0.0799542  -0.00862466    0.0436369
 -0.00862466   0.00215887  0.000802497
   0.0436369  0.000802497    0.0932236
   0.0776383  -0.00856169    0.0452657
 -0.00856169   0.00282005   0.00404455
   0.0452657   0.00404455    0.0945397
   0.0790975   -0.0090271    0.0434124
  -0.0090271   0.00235227    0.0010654
   0.0434124    0.0010654    0.0935605
   0.0762536  -0.00915916    0.0417607
 -0.00915916   0.00247194   0.00138659
   0.0417607   0.00138659    0.0932595
    0.080674  -0.00735118    0.0462135
 -0.00735118   0.00208688   0.00283904
   0.0462135   0.00283904    0.0940894
   0.0792202  -0.00822995    0.0426712
 -0.00822995   0.00195221  0.000413372
   0.0426712  0.000413372    0.0923991
   0.0772875  -0.00802055    0.0407409
 -0.00802055   0.00178376 -0.000190864
   0.0407409 -0.000190864    0.0911489
   0.0784542  -0.00722051    0.0440726
 -0.00722051   0.00186103   0.00197575
   0.0440726   0.00197575     0.092661
   0.0822527  -0.00615981    0.0495685
 -0.00615981   0.00219147   0.00490688
   0.0495685   0.00490688    0.0958696
   0.0796748  -0.00610016    0.0471503
 -0.00610016   0.00188778    0.0037818
   0.0471503    0.0037818    0.0943433
   0.0838853  -0.00483489    0.0518003
 -0.00483489   0.00219065   0.00642446
   0.0518003   0.00642446    0.0967565
   0.0844584  -0.00505521    0.0525783
 -0.00505521   0.00259619   0.00752452
   0.0525783   0.00752452     0.097106
   0.0807063  -0.00483403    0.0489605
 -0.00483403   0.00181246    0.0050527
   0.0489605    0.0050527    0.0947821
   0.0651071  -0.00703004    0.0310151
 -0.00703004   0.00132682 -0.000813739
   0.0310151 -0.000813739    0.0848209
   0.0647275  -0.00617722     0.033166
 -0.00617722   0.00119271  0.000122295
    0.033166  0.000122295    0.0843526
   0.0692827   -0.0062094    0.0374162
  -0.0062094   0.00136503    0.0011718
   0.0374162    0.0011718    0.0874661
   0.0657052  -0.00525687    0.0355868
 -0.00525687   0.00102258  0.000930981
   0.0355868  0.000930981    0.0830945
   0.0694765  -0.00521191    0.0388105
 -0.00521191    0.0012073   0.00188822
   0.0388105   0.00188822    0.0862468
   0.0710988  -0.00413444    0.0388072
 -0.00413444  0.000999301   0.00221538
   0.0388072   0.00221538    0.0836445
   0.0673032  -0.00422939    0.0345003
 -0.00422939  0.000811443   0.00115747
   0.0345003   0.00115747    0.0798188
   0.0755217  -0.00495064    0.0444605
 -0.00495064   0.00147016   0.00353483
   0.0444605   0.00353483    0.0912976
   0.0769255  -0.00376945    0.0441846
 -0.00376945   0.00125001    0.0039242
   0.0441846    0.0039242    0.0893352
   0.0750371  -0.00610885     0.042978
 -0.00610885   0.00160102   0.00253924
    0.042978   0.00253924    0.0914476
   0.0745331  -0.00715681    0.0403837
 -0.00715681   0.00164821   0.00100177
   0.0403837   0.00100177    0.0905438
    0.069291  -0.00711103    0.0350091
 -0.00711103   0.00146312 -4.12729e-05
   0.0350091 -4.12729e-05    0.0874873
   0.0692015  -0.00773321    0.0325144
 -0.00773321   0.00150739  -0.00161425
   0.0325144  -0.00161425    0.0868966
   0.0737855  -0.00787555    0.0374824
 -0.00787555   0.00163822 -0.000875506
   0.0374824 -0.000875506    0.0889025
   0.0649242  -0.00756999    0.0276929
 -0.00756999   0.00141304  -0.00220866
   0.0276929  -0.00220866    0.0849066
   0.0713915   -0.0031891    0.0315772
  -0.0031891  0.000582678   0.00103714
   0.0315772   0.00103714    0.0741619
   0.0758621  -0.00221952    0.0258134
 -0.00221952  0.000376756  0.000692479
   0.0258134  0.000692479     0.066608
    0.080531  -0.00196715    0.0304049
 -0.00196715  0.000505463   0.00154123
   0.0304049   0.00154123    0.0712817
   0.0841541  -0.00181287    0.0194165
 -0.00181287  0.000252512  0.000196039
   0.0194165  0.000196039    0.0584334
   0.0877888  -0.00124577    0.0239036
 -0.00124577  0.000322252  0.000938909
   0.0239036  0.000938909    0.0630692
   0.0955769  -0.00151747    0.0179315
 -0.00151747  0.000299129   0.00030456
   0.0179315   0.00030456    0.0552447
   0.0882102  -0.00184822    0.0144215
 -0.00184822  0.000212492 -0.000206011
   0.0144215 -0.000206011    0.0525567
   0.0912219   -0.0006717    0.0295356
  -0.0006717  0.000468227   0.00201357
   0.0295356   0.00201357    0.0688221
   0.0976895 -0.000320508    0.0228722
-0.000320508  0.000315067   0.00107579
   0.0228722   0.00107579    0.0599714
   0.0862795  -0.00145066    0.0365791
 -0.00145066  0.000708446   0.00298872
   0.0365791   0.00298872    0.0778799
   0.0811938  -0.00253128    0.0422406
 -0.00253128  0.000980584   0.00371194
   0.0422406   0.00371194    0.0850136
   0.0761463  -0.00301944     0.036616
 -0.00301944  0.000756906   0.00208089
    0.036616   0.00208089    0.0794921
   0.0749108  -0.00942827    0.0380788
 -0.00942827    0.0022169  -0.00142185
   0.0380788  -0.00142185    0.0919278
   0.0779125  -0.00948998    0.0398044
 -0.00948998   0.00215922  -0.00180736
   0.0398044  -0.00180736    0.0921541
   0.0767012  -0.00964741    0.0361305
 -0.00964741   0.00210357  -0.00471477
   0.0361305  -0.00471477    0.0907523
   0.0734907    -0.009412     0.034324
   -0.009412    0.0021064  -0.00425461
    0.034324  -0.00425461     0.090539
   0.0778278  -0.00943139    0.0364786
 -0.00943139   0.00200003  -0.00489741
   0.0364786  -0.00489741    0.0903378
   0.0754796  -0.00947222    0.0323776
 -0.00947222   0.00223716   -0.0076007
   0.0323776   -0.0076007    0.0893547
   0.0768539  -0.00934057    0.0328096
 -0.00934057   0.00215812  -0.00776657
   0.0328096  -0.00776657    0.0889992
   0.0759203   -0.0089123    0.0290475
  -0.0089123   0.00250149   -0.0105908
   0.0290475   -0.0105908    0.0877245
   0.0719411  -0.00908188     0.030496
 -0.00908188   0.00220355  -0.00708135
    0.030496  -0.00708135    0.0890905
   0.0741412  -0.00895021    0.0285357
 -0.00895021   0.00258035   -0.0104579
   0.0285357   -0.0104579    0.0879587
   0.0701894  -0.00842229    0.0266255
 -0.00842229   0.00253403  -0.00992078
   0.0266255  -0.00992078     0.087588
   0.0762478  -0.00885648    0.0318063
 -0.00885648      0.00201  -0.00768935
   0.0318063  -0.00768935    0.0880419
   0.0755316  -0.00842465    0.0280637
 -0.00842465   0.00233496   -0.0104009
   0.0280637   -0.0104009    0.0868462
   0.0737468  -0.00774617    0.0259748
 -0.00774617   0.00214261   -0.0100431
   0.0259748   -0.0100431    0.0855249
   0.0744111  -0.00829458     0.029808
 -0.00829458   0.00187115  -0.00754818
    0.029808  -0.00754818    0.0867197
   0.0770785  -0.00897571    0.0354574
 -0.00897571   0.00186037  -0.00495203
   0.0354574  -0.00495203    0.0893669
   0.0752777  -0.00854595    0.0335592
 -0.00854595   0.00174159   -0.0050486
   0.0335592   -0.0050486     0.088098
   0.0780607  -0.00875914    0.0390579
 -0.00875914   0.00186155  -0.00222896
   0.0390579  -0.00222896    0.0908208
   0.0788621  -0.00918943    0.0400755
 -0.00918943   0.00202407  -0.00202238
   0.0400755  -0.00202238    0.0917477
    0.076243  -0.00844607     0.037197
 -0.00844607   0.00173114  -0.00257583
    0.037197  -0.00257583    0.0895993
   0.0681433  -0.00738801     0.022788
 -0.00738801   0.00316808   -0.0127901
    0.022788   -0.0127901    0.0860292
   0.0725772  -0.00802434    0.0246686
 -0.00802434   0.00317657   -0.0132763
   0.0246686   -0.0132763    0.0865679
    0.070598  -0.00670925    0.0208519
 -0.00670925    0.0040428   -0.0160671
   0.0208519   -0.0160671    0.0851912
   0.0657392  -0.00595392    0.0190929
 -0.00595392   0.00411031   -0.0157048
   0.0190929   -0.0157048     0.084442
   0.0735692   -0.0068788    0.0214266
  -0.0068788   0.00383375   -0.0159824
   0.0214266   -0.0159824    0.0853834
   0.0682409  -0.00485704    0.0170994
 -0.00485704   0.00528412   -0.0189429
   0.0170994   -0.0189429    0.0838273
   0.0718279  -0.00516531    0.0176246
 -0.00516531   0.00492126   -0.0186575
   0.0176246   -0.0186575    0.0842994
   0.0697068  -0.00283219    0.0138255
 -0.00283219    0.0064213   -0.0214604
   0.0138255   -0.0214604    0.0832618
   0.0630469  -0.00400466    0.0155555
 -0.00400466   0.00550483   -0.0187881
   0.0155555   -0.0187881    0.0828644
    0.065563   -0.0024076    0.0134081
  -0.0024076   0.00701926   -0.0220066
   0.0134081   -0.0220066    0.0825317
    0.060105  -0.00150307    0.0121165
 -0.00150307   0.00747051   -0.0221197
   0.0121165   -0.0221197     0.081402
   0.0732561  -0.00489558    0.0167123
 -0.00489558   0.00444635   -0.0179386
   0.0167123   -0.0179386    0.0840651
   0.0718739  -0.00272214     0.012914
 -0.00272214   0.00571395   -0.0204813
    0.012914   -0.0204813    0.0833351
   0.0720537  -0.00216125    0.0106327
 -0.00216125   0.00495994   -0.0191683
   0.0106327   -0.0191683     0.082732
   0.0727351  -0.00420544      0.01446
 -0.00420544   0.00392619   -0.0169064
     0.01446   -0.0169064    0.0831826
   0.0742969  -0.00650012    0.0205133
 -0.00650012   0.00352557   -0.0154866
   0.0205133   -0.0154866    0.0848706
   0.0731147  -0.00573557     0.018292
 -0.00573557   0.00315942   -0.0147036
    0.018292   -0.0147036    0.0837684
   0.0750161   -0.0076306    0.0242968
  -0.0076306   0.00284495   -0.0130084
   0.0242968   -0.0130084      0.08579
   0.0749327  -0.00808754     0.025239
 -0.00808754   0.00306271   -0.0133317
    0.025239   -0.0133317    0.0865166
   0.0733774   -0.0068783    0.0221201
  -0.0068783   0.00258232   -0.0124486
   0.0221201   -0.0124486    0.0845386
   0.0675887  7.29047e-06  -0.00262754
 7.29047e-06   0.00257435   -0.0135322
 -0.00262754   -0.0135322    0.0781789
   0.0667847  -0.00190906   0.00154091
 -0.00190906   0.00227206   -0.0124631
  0.00154091   -0.0124631     0.078018
   0.0678397  -0.00214481   0.00473363
 -0.00214481   0.00258553   -0.0135063
  0.00473363   -0.0135063    0.0792008
   0.0675647  -0.00382634   0.00894365
 -0.00382634   0.00226297   -0.0121792
  0.00894365   -0.0121792    0.0794941
   0.0654257  -0.00351943   0.00534757
 -0.00351943   0.00204358   -0.0113528
  0.00534757   -0.0113528    0.0781165
   0.0690647  -0.00423848    0.0121388
 -0.00423848   0.00249993   -0.0129736
   0.0121388   -0.0129736    0.0809057
   0.0668952  -0.00524658    0.0130061
 -0.00524658   0.00200526   -0.0106978
   0.0130061   -0.0106978    0.0798023
   0.0691889  -0.00561892    0.0163334
 -0.00561892   0.00215823   -0.0112689
   0.0163334   -0.0112689    0.0815475
   0.0691976   -0.0067698    0.0203484
  -0.0067698   0.00188929  -0.00939235
   0.0203484  -0.00939235    0.0823725
   0.0635713  -0.00489473   0.00897559
 -0.00489473   0.00184605    -0.010014
  0.00897559    -0.010014    0.0778469
   0.0658066  -0.00638859    0.0166474
 -0.00638859   0.00178385   -0.0089936
   0.0166474   -0.0089936    0.0800375
   0.0618039  -0.00599374      0.01175
 -0.00599374   0.00167762  -0.00852925
     0.01175  -0.00852925    0.0787465
   0.0712055  -0.00613991    0.0193182
 -0.00613991   0.00233747   -0.0118296
   0.0193182   -0.0118296    0.0830519
   0.0715825  -0.00717021    0.0233645
 -0.00717021   0.00199493  -0.00969912
   0.0233645  -0.00969912    0.0840442
   0.0709992  -0.00489452    0.0152986
 -0.00489452   0.00280257   -0.0138202
   0.0152986   -0.0138202    0.0823477
    0.071006  -0.00334733    0.0113323
 -0.00334733   0.00341612   -0.0157398
   0.0113323   -0.0157398    0.0819116
   0.0690244  -0.00260373     0.007932
 -0.00260373   0.00296403   -0.0145956
    0.007932   -0.0145956    0.0806126
   0.0692301 -0.000660599   0.00383363
-0.000660599   0.00359264   -0.0162514
  0.00383363   -0.0162514    0.0805787
   0.0709113   -0.0013957   0.00740414
  -0.0013957   0.00423939   -0.0177055
  0.00740414   -0.0177055    0.0816749
   0.0679335 -0.000158697  0.000398293
-0.000158697   0.00303702   -0.0148591
 0.000398293   -0.0148591    0.0794223
   0.0609565  -0.00677577    0.0144386
 -0.00677577   0.00156317  -0.00700016
   0.0144386  -0.00700016    0.0802048
   0.0647409  -0.00715372    0.0196322
 -0.00715372   0.00163239  -0.00720163
   0.0196322  -0.00720163    0.0806578
    0.064209  -0.00756571    0.0219097
 -0.00756571   0.00153048  -0.00545053
   0.0219097  -0.00545053    0.0822202
   0.0611839  -0.00732249    0.0173992
 -0.00732249   0.00148218   -0.0054811
   0.0173992   -0.0054811    0.0817606
   0.0688241    -0.007954    0.0272435
   -0.007954   0.00159937  -0.00537315
   0.0272435  -0.00537315    0.0839302
   0.0647621  -0.00773277    0.0246348
 -0.00773277   0.00147318  -0.00378583
   0.0246348  -0.00378583    0.0841891
   0.0688121  -0.00798664    0.0300941
 -0.00798664    0.0015457  -0.00342018
   0.0300941  -0.00342018    0.0849893
   0.0614693  -0.00755255    0.0208398
 -0.00755255   0.00141635  -0.00398853
   0.0208398  -0.00398853     0.082688
   0.0732671  -0.00824109     0.034328
 -0.00824109   0.00163713   -0.0030092
    0.034328   -0.0030092    0.0876988
   0.0726955  -0.00824725    0.0309366
 -0.00824725   0.00166789  -0.00523629
   0.0309366  -0.00523629     0.086506
   0.0721766  -0.00788475    0.0272947
 -0.00788475   0.00178148  -0.00747943
   0.0272947  -0.00747943    0.0852422
   0.0690184  -0.00754357    0.0240134
 -0.00754357   0.00170962  -0.00739235
   0.0240134  -0.00739235    0.0831599
   0.0567203  -0.00701027    0.0152084
 -0.00701027   0.00135097  -0.00431388
   0.0152084  -0.00431388    0.0804472
    0.057716   -0.0070013    0.0131211
  -0.0070013   0.00144691  -0.00552881
   0.0131211  -0.00552881    0.0808204
   0.0527508  -0.00597181   0.00742241
 -0.00597181   0.00131142  -0.00520614
  0.00742241  -0.00520614    0.0782905
   0.0583494  -0.00654881    0.0105058
 -0.00654881   0.00153185  -0.00689337
   0.0105058  -0.00689337    0.0802583
   0.0542018   -0.0058783   0.00532199
  -0.0058783   0.00142313  -0.00642495
  0.00532199  -0.00642495    0.0792042
   0.0559775  -0.00538755   0.00318016
 -0.00538755   0.00153201  -0.00777734
  0.00318016  -0.00777734    0.0791028
   0.0588784  -0.00567922   0.00711174
 -0.00567922   0.00160897  -0.00822814
  0.00711174  -0.00822814    0.0794503
   0.0523975  -0.00472185 -0.000516988
 -0.00472185   0.00136016  -0.00674325
-0.000516988  -0.00674325    0.0780187
   0.0605115  -0.00456854   0.00404782
 -0.00456854   0.00171066  -0.00943036
  0.00404782  -0.00943036    0.0783815
   0.0625948  -0.00324992  0.000746532
 -0.00324992   0.00182607   -0.0104369
 0.000746532   -0.0104369    0.0774739
    0.059856  -0.00303257  -0.00341671
 -0.00303257    0.0016327  -0.00955275
 -0.00341671  -0.00955275    0.0769996
   0.0648935  -0.00173098  -0.00246009
 -0.00173098   0.00197549   -0.0113572
 -0.00246009   -0.0113572    0.0772201
   0.0620235  -0.00164149  -0.00666445
 -0.00164149    0.0016898   -0.0101241
 -0.00666445   -0.0101241    0.0760867
   0.0652077   4.5813e-05  -0.00984712
  4.5813e-05   0.00180515   -0.0108141
 -0.00984712   -0.0108141    0.0761551
    0.066719  2.85631e-05  -0.00591626
 2.85631e-05   0.00217437    -0.012208
 -0.00591626    -0.012208    0.0771691
   0.0597076  -0.00162188  -0.00994142
 -0.00162188   0.00146219  -0.00903043
 -0.00994142  -0.00903043    0.0751961
   0.0622081 -0.000167316   -0.0132966
-0.000167316   0.00147875  -0.00931114
  -0.0132966  -0.00931114    0.0746663
   0.0596645 -0.000308719   -0.0161481
-0.000308719    0.0012295  -0.00804956
  -0.0161481  -0.00804956    0.0742108
   0.0561748  -0.00176541   -0.0127832
 -0.00176541   0.00124876  -0.00782364
  -0.0127832  -0.00782364    0.0747736
   0.0570452  -0.00293215   -0.0067927
 -0.00293215   0.00146027  -0.00863382
  -0.0067927  -0.00863382    0.0762697
   0.0534169  -0.00314129  -0.00824929
 -0.00314129   0.00130456  -0.00756847
 -0.00824929  -0.00756847    0.0763398
   0.0547261  -0.00417163  -0.00295054
 -0.00417163   0.00147225   -0.0080614
 -0.00295054   -0.0080614     0.078303
   0.0578482  -0.00425982  -0.00013658
 -0.00425982   0.00159089  -0.00886233
 -0.00013658  -0.00886233    0.0781603
   0.0533874  -0.00171445   -0.0151778
 -0.00171445    0.0011004  -0.00707907
  -0.0151778  -0.00707907    0.0746629
   0.0574319 -0.000302281   -0.0186798
-0.000302281   0.00103507  -0.00704568
  -0.0186798  -0.00704568    0.0736662
   0.0252227   -0.0197051   -0.0133809
  -0.0197051    0.0187295    0.0196297
  -0.0133809    0.0196297    0.0854715
    0.025534   -0.0201397   -0.0112816
  -0.0201397    0.0188245    0.0182742
  -0.0112816    0.0182742    0.0865622
    0.025304   -0.0180182   -0.0101027
  -0.0180182    0.0148001    0.0139201
  -0.0101027    0.0139201    0.0879728
   0.0260324   -0.0184644  -0.00784091
  -0.0184644     0.015177    0.0136634
 -0.00784091    0.0136634    0.0892856
   0.0263468   -0.0205135  -0.00886726
  -0.0205135    0.0190405    0.0177226
 -0.00886726    0.0177226    0.0875523
   0.0261013   -0.0168746  -0.00681055
  -0.0168746    0.0123733     0.010252
 -0.00681055     0.010252    0.0910115
    0.027242    -0.018703  -0.00522001
   -0.018703    0.0154877    0.0142327
 -0.00522001    0.0142327    0.0904991
    0.027046   -0.0170597  -0.00427648
  -0.0170597     0.012657    0.0109412
 -0.00427648    0.0109412    0.0925352
   0.0284868   -0.0170269  -0.00151506
  -0.0170269    0.0127789    0.0122636
 -0.00151506    0.0122636    0.0939772
   0.0277259   -0.0207661  -0.00625796
  -0.0207661    0.0193115    0.0181256
 -0.00625796    0.0181256    0.0885777
   0.0290712   -0.0188169   -0.0025567
  -0.0188169    0.0157683    0.0156329
  -0.0025567    0.0156329    0.0918087
   0.0294919   -0.0207844  -0.00345377
  -0.0207844    0.0195777    0.0193424
 -0.00345377    0.0193424    0.0895015
   0.0273942    -0.015977  -0.00358603
   -0.015977    0.0106788   0.00836717
 -0.00358603   0.00836717    0.0940147
   0.0284315    -0.015833 -0.000948646
   -0.015833     0.010681   0.00958163
-0.000948646   0.00958163    0.0954834
   0.0291414   -0.0153003  -0.00103038
  -0.0153003   0.00929527   0.00769161
 -0.00103038   0.00769161     0.096093
   0.0283453   -0.0154691  -0.00336916
  -0.0154691   0.00933016    0.0066271
 -0.00336916    0.0066271    0.0946509
   0.0268261   -0.0159081  -0.00596132
  -0.0159081    0.0104816   0.00768645
 -0.00596132   0.00768645    0.0924432
   0.0285459   -0.0156167  -0.00580487
  -0.0156167   0.00917662   0.00609556
 -0.00580487   0.00609556    0.0897719
   0.0267054   -0.0154957     -0.00795
  -0.0154957   0.00997001   0.00765111
    -0.00795   0.00765111    0.0884651
   0.0254602   -0.0163737  -0.00886479
  -0.0163737    0.0119129    0.0102865
 -0.00886479    0.0102865     0.089339
   0.0251691   -0.0156558   -0.0104734
  -0.0156558    0.0113803    0.0110926
  -0.0104734    0.0110926    0.0863662
   0.0286784   -0.0152626  -0.00790171
  -0.0152626   0.00871695   0.00633087
 -0.00790171   0.00633087    0.0865442
   0.0265388   -0.0147824  -0.00961931
  -0.0147824   0.00941994   0.00847244
 -0.00961931   0.00847244    0.0856138
   0.0285337   -0.0144991  -0.00935208
  -0.0144991   0.00810682   0.00699903
 -0.00935208   0.00699903    0.0840502
   0.0250129   -0.0174296   -0.0119911
  -0.0174296    0.0144518    0.0149647
  -0.0119911    0.0149647    0.0865547
   0.0314001   -0.0205703 -0.000685215
  -0.0205703    0.0200605    0.0212232
-0.000685215    0.0212232    0.0902933
   0.0310792   -0.0187051  9.72431e-05
  -0.0187051    0.0161642    0.0175988
 9.72431e-05    0.0175988    0.0929982
   0.0329634   -0.0184058   0.00246128
  -0.0184058    0.0166968    0.0197881
  0.00246128    0.0197881    0.0940309
    0.033161   -0.0201544   0.00178565
  -0.0201544     0.020747    0.0234414
  0.00178565    0.0234414    0.0909205
   0.0325592   -0.0168318   0.00319685
  -0.0168318    0.0134269    0.0161995
  0.00319685    0.0161995    0.0970293
   0.0344208   -0.0179558   0.00426687
  -0.0179558    0.0173593    0.0219008
  0.00426687    0.0219008    0.0948411
   0.0341546   -0.0165283   0.00484811
  -0.0165283    0.0138965    0.0180355
  0.00484811    0.0180355    0.0982413
   0.0351117   -0.0161736   0.00576287
  -0.0161736    0.0144132    0.0194083
  0.00576287    0.0194083    0.0991747
    0.034445   -0.0195498   0.00369884
  -0.0195498    0.0215952     0.025717
  0.00369884     0.025717    0.0913264
   0.0351987   -0.0174237   0.00534307
  -0.0174237    0.0180682     0.023658
  0.00534307     0.023658     0.095387
   0.0350334   -0.0188307   0.00489083
  -0.0188307    0.0224947    0.0277707
  0.00489083    0.0277707    0.0914795
   0.0339079    -0.015414    0.0049625
   -0.015414    0.0112253    0.0144567
   0.0049625    0.0144567     0.100522
   0.0351062   -0.0152463   0.00562321
  -0.0152463    0.0115981    0.0154318
  0.00562321    0.0154318     0.101906
   0.0357511   -0.0148955   0.00469986
  -0.0148955   0.00959427    0.0120388
  0.00469986    0.0120388     0.102602
   0.0341571   -0.0148261    0.0042994
  -0.0148261   0.00931112    0.0114582
   0.0042994    0.0114582     0.100827
   0.0321049   -0.0155473   0.00355692
  -0.0155473    0.0109057    0.0129494
  0.00355692    0.0129494    0.0988396
   0.0320165   -0.0147464   0.00317217
  -0.0147464   0.00909623    0.0103078
  0.00317217    0.0103078    0.0987397
    0.029954    -0.015587   0.00159657
   -0.015587    0.0106702    0.0111663
  0.00159657    0.0111663    0.0969159
   0.0305623   -0.0170096  0.000980289
  -0.0170096    0.0130524    0.0141776
 0.000980289    0.0141776    0.0955821
   0.0303724   -0.0149988   0.00131846
  -0.0149988   0.00915329    0.0089754
  0.00131846    0.0089754    0.0974029
   0.0513611   -0.0236563  -0.00621364
  -0.0236563    0.0116414   0.00811323
 -0.00621364   0.00811323    0.0814597
   0.0483836   -0.0227137  -0.00533012
  -0.0227137    0.0113911   0.00842535
 -0.00533012   0.00842535    0.0832055
   0.0431207   -0.0193198  -0.00184659
  -0.0193198   0.00960007   0.00790732
 -0.00184659   0.00790732    0.0907695
    0.040939   -0.0192324  -0.00240624
  -0.0192324   0.00987541   0.00786486
 -0.00240624   0.00786486    0.0900002
   0.0473368   -0.0232182  -0.00685498
  -0.0232182    0.0120317   0.00862862
 -0.00685498   0.00862862    0.0786859
   0.0369402   -0.0168295  0.000293356
  -0.0168295   0.00877025   0.00774829
 0.000293356   0.00774829     0.095139
   0.0402992   -0.0199651  -0.00476147
  -0.0199651    0.0105692   0.00781625
 -0.00476147   0.00781625    0.0844651
   0.0354041   -0.0170886  -0.00129215
  -0.0170886   0.00913053   0.00720003
 -0.00129215   0.00720003    0.0940941
   0.0350052   -0.0177194  -0.00408818
  -0.0177194   0.00962382   0.00683356
 -0.00408818   0.00683356    0.0876903
   0.0450731   -0.0230345   -0.0078786
  -0.0230345     0.012354   0.00888113
  -0.0078786   0.00888113    0.0765601
    0.039124   -0.0201092  -0.00640097
  -0.0201092     0.010903   0.00772919
 -0.00640097   0.00772919      0.08096
   0.0435566   -0.0228588   -0.0089568
  -0.0228588    0.0125511   0.00911207
  -0.0089568   0.00911207    0.0746137
   0.0322358   -0.0155331  0.000285178
  -0.0155331   0.00868236   0.00763785
 0.000285178   0.00763785    0.0963721
   0.0310136   -0.0157712  -0.00180173
  -0.0157712   0.00890063   0.00668029
 -0.00180173   0.00668029    0.0951889
   0.0338018   -0.0152677   0.00201224
  -0.0152677   0.00844976   0.00855019
  0.00201224   0.00855019    0.0974996
   0.0357096   -0.0152504   0.00294707
  -0.0152504   0.00841736   0.00922658
  0.00294707   0.00922658     0.098589
    0.038715   -0.0167466    0.0010643
  -0.0167466   0.00855378   0.00805882
   0.0010643   0.00805882    0.0959982
   0.0410853   -0.0172543  0.000684763
  -0.0172543    0.0087301   0.00796952
 0.000684763   0.00796952    0.0960833
   0.0379291   -0.0156244   0.00316244
  -0.0156244   0.00866969   0.00942427
  0.00316244   0.00942427     0.100662
   0.0458999   -0.0200959  -0.00255726
  -0.0200959    0.0098303   0.00767014
 -0.00255726   0.00767014    0.0898502
   0.0429805   -0.0228427  -0.00948001
  -0.0228427    0.0126804    0.0091805
 -0.00948001    0.0091805    0.0752452
   0.0382031   -0.0198659  -0.00761756
  -0.0198659    0.0108366    0.0075425
 -0.00761756    0.0075425    0.0797206
   0.0385391   -0.0199077  -0.00919768
  -0.0199077    0.0108317   0.00805252
 -0.00919768   0.00805252    0.0780621
   0.0421741   -0.0222062   -0.0102059
  -0.0222062    0.0122864   0.00946189
  -0.0102059   0.00946189    0.0752796
   0.0349146   -0.0178613  -0.00800437
  -0.0178613   0.00964646   0.00695113
 -0.00800437   0.00695113    0.0810639
   0.0382749   -0.0188227   -0.0102045
  -0.0188227    0.0100495   0.00871132
  -0.0102045   0.00871132    0.0771454
   0.0347907   -0.0169741  -0.00929775
  -0.0169741   0.00888858   0.00709367
 -0.00929775   0.00709367    0.0801467
   0.0339921   -0.0155079  -0.00998855
  -0.0155079   0.00785219   0.00722445
 -0.00998855   0.00722445    0.0801587
   0.0420325   -0.0210856   -0.0114245
  -0.0210856    0.0114574    0.0101741
  -0.0114245    0.0101741    0.0732261
   0.0374911   -0.0171849   -0.0109078
  -0.0171849   0.00888749   0.00892008
  -0.0109078   0.00892008    0.0751328
   0.0411749   -0.0193126   -0.0120816
  -0.0193126    0.0103537    0.0108252
  -0.0120816    0.0108252    0.0709828
   0.0315819   -0.0158437  -0.00832737
  -0.0158437   0.00846422   0.00615701
 -0.00832737   0.00615701    0.0839395
    0.030964   -0.0146724  -0.00952425
  -0.0146724   0.00757717    0.0065497
 -0.00952425    0.0065497    0.0840047
   0.0313983   -0.0163199  -0.00664679
  -0.0163199   0.00897575   0.00594461
 -0.00664679   0.00594461    0.0859729
    0.030799   -0.0160955  -0.00442235
  -0.0160955   0.00902946   0.00599955
 -0.00442235   0.00599955     0.089402
   0.0346482   -0.0178768  -0.00602389
  -0.0178768   0.00974948   0.00657872
 -0.00602389   0.00657872    0.0842608
    0.034854   -0.0180532    0.0053053
  -0.0180532    0.0232755    0.0294444
   0.0053053    0.0294444    0.0914435
   0.0351929   -0.0168526   0.00562177
  -0.0168526    0.0186684    0.0249342
  0.00562177    0.0249342    0.0957247
   0.0344655   -0.0162564   0.00516658
  -0.0162564    0.0191217    0.0256479
  0.00516658    0.0256479    0.0959398
   0.0339927   -0.0172453   0.00501175
  -0.0172453    0.0238992    0.0306169
  0.00501175    0.0306169    0.0913051
   0.0347124   -0.0153935   0.00523946
  -0.0153935    0.0151836    0.0203839
  0.00523946    0.0203839     0.100401
    0.033188   -0.0156229   0.00410251
  -0.0156229    0.0193106    0.0258846
  0.00410251    0.0258846    0.0960564
   0.0335495   -0.0149356   0.00398431
  -0.0149356    0.0152875     0.020086
  0.00398431     0.020086     0.100794
   0.0320279   -0.0143801   0.00228074
  -0.0143801    0.0150716    0.0194943
  0.00228074    0.0194943     0.101046
   0.0326213   -0.0164201   0.00412954
  -0.0164201    0.0242491    0.0313555
  0.00412954    0.0313555    0.0910959
   0.0315893   -0.0149369   0.00259389
  -0.0149369    0.0191661    0.0258092
  0.00259389    0.0258092    0.0960889
   0.0309759   -0.0155967   0.00282062
  -0.0155967    0.0242621    0.0317725
  0.00282062    0.0317725    0.0908354
   0.0340564   -0.0145055   0.00334065
  -0.0145055    0.0122333    0.0145504
  0.00334065    0.0145504     0.104363
   0.0326381   -0.0140681   0.00147568
  -0.0140681    0.0120249    0.0134831
  0.00147568    0.0134831     0.104781
    0.034064   -0.0142732 -3.39595e-05
  -0.0142732   0.00996519    0.0083752
-3.39595e-05    0.0083752     0.106408
   0.0353519   -0.0145972    0.0019358
  -0.0145972    0.0101249    0.0098417
   0.0019358    0.0098417     0.105861
   0.0350736    -0.014801   0.00476151
   -0.014801    0.0121653    0.0153774
  0.00476151    0.0153774     0.103744
   0.0361961   -0.0147662    0.0034715
  -0.0147662    0.0100477    0.0111074
   0.0034715    0.0111074      0.10506
   0.0354698   -0.0150319   0.00556229
  -0.0150319    0.0119066    0.0157327
  0.00556229    0.0157327     0.102931
   0.0352847   -0.0157922   0.00587464
  -0.0157922    0.0148501    0.0202034
  0.00587464    0.0202034    0.0998672
   0.0363903   -0.0148582   0.00441061
  -0.0148582   0.00984318    0.0119152
  0.00441061    0.0119152     0.104006
   0.0292658   -0.0147309   0.00123285
  -0.0147309    0.0239794    0.0320002
  0.00123285    0.0320002    0.0905602
   0.0298852   -0.0141768  0.000801716
  -0.0141768    0.0187074    0.0256118
 0.000801716    0.0256118    0.0960736
   0.0282709     -0.01333  -0.00107728
    -0.01333    0.0180372    0.0254471
 -0.00107728    0.0254471    0.0955353
   0.0276437   -0.0138394 -0.000471618
  -0.0138394    0.0234761    0.0321391
-0.000471618    0.0321391    0.0900609
   0.0289056    -0.012905  -0.00168771
   -0.012905    0.0137726    0.0183204
 -0.00168771    0.0183204     0.100819
   0.0272942    -0.012469  -0.00252779
   -0.012469    0.0172551    0.0253961
 -0.00252779    0.0253961    0.0949846
   0.0281694   -0.0120762  -0.00338171
  -0.0120762    0.0129022    0.0180755
 -0.00338171    0.0180755    0.0998994
   0.0290352   -0.0112762  -0.00451667
  -0.0112762    0.0120408    0.0181866
 -0.00451667    0.0181866    0.0994125
   0.0270687   -0.0131072   -0.0017992
  -0.0131072    0.0228761     0.032227
  -0.0017992     0.032227    0.0892034
   0.0278306   -0.0117677    -0.003499
  -0.0117677    0.0164893    0.0254372
   -0.003499    0.0254372    0.0937606
   0.0286965   -0.0127926  -0.00241365
  -0.0127926    0.0224316    0.0323284
 -0.00241365    0.0323284     0.088537
   0.0290943   -0.0118227  -0.00452295
  -0.0118227   0.00984796      0.01108
 -0.00452295      0.01108     0.104107
   0.0301098   -0.0109866  -0.00609394
  -0.0109866   0.00894078     0.011118
 -0.00609394     0.011118     0.103083
   0.0325697   -0.0112261  -0.00786655
  -0.0112261    0.0071009   0.00515299
 -0.00786655   0.00515299      0.10581
   0.0309685   -0.0121083  -0.00616933
  -0.0121083   0.00803003    0.0051626
 -0.00616933    0.0051626     0.106502
   0.0296585   -0.0126556   -0.0027253
  -0.0126556    0.0107496    0.0115519
  -0.0027253    0.0115519     0.104986
    0.031319   -0.0129642  -0.00438533
  -0.0129642   0.00887656   0.00585795
 -0.00438533   0.00585795     0.106667
   0.0310495   -0.0134367 -0.000645089
  -0.0134367    0.0115091    0.0124187
-0.000645089    0.0124187     0.105027
   0.0303686   -0.0136846  0.000303081
  -0.0136846    0.0145383    0.0188458
 0.000303081    0.0188458     0.101193
   0.0325577   -0.0137093  -0.00223954
  -0.0137093   0.00955509   0.00698192
 -0.00223954   0.00698192     0.106725
   0.0527821   -0.0217692   -0.0193337
  -0.0217692    0.0105835 -0.000175565
  -0.0193337 -0.000175565     0.083961
   0.0526813   -0.0229957   -0.0179709
  -0.0229957    0.0114074 -0.000185598
  -0.0179709 -0.000185598    0.0834736
   0.0452122    -0.018879   -0.0148046
   -0.018879   0.00949238  -0.00140146
  -0.0148046  -0.00140146    0.0933162
   0.0460577   -0.0198765   -0.0128966
  -0.0198765    0.0100847 -0.000687043
  -0.0128966 -0.000687043    0.0932536
   0.0537622   -0.0239121   -0.0161368
  -0.0239121    0.0118514  0.000402504
  -0.0161368  0.000402504    0.0834541
   0.0394085   -0.0165506  -0.00952642
  -0.0165506     0.008784 -0.000443573
 -0.00952642 -0.000443573     0.101076
   0.0473141   -0.0205336   -0.0108257
  -0.0205336     0.010331  0.000555406
  -0.0108257  0.000555406    0.0930717
   0.0407338   -0.0172946  -0.00734047
  -0.0172946   0.00920136  0.000863801
 -0.00734047  0.000863801     0.100928
   0.0420276   -0.0176956  -0.00518233
  -0.0176956   0.00930729   0.00255512
 -0.00518233   0.00255512     0.100498
    0.054976   -0.0245601   -0.0141683
  -0.0245601    0.0120506   0.00144826
  -0.0141683   0.00144826    0.0832481
   0.0484212   -0.0209121  -0.00875888
  -0.0209121    0.0103768   0.00215179
 -0.00875888   0.00215179    0.0925957
   0.0558756   -0.0249308   -0.0121637
  -0.0249308    0.0120961   0.00281076
  -0.0121637   0.00281076    0.0828446
   0.0358855   -0.0150512  -0.00430007
  -0.0150512   0.00887655   0.00292456
 -0.00430007   0.00292456     0.105649
   0.0373102   -0.0155331  -0.00207028
  -0.0155331   0.00914002   0.00454322
 -0.00207028   0.00454322     0.105283
   0.0346374   -0.0143106  -0.00649205
  -0.0143106   0.00833513   0.00163333
 -0.00649205   0.00163333     0.105835
   0.0343294    -0.013412  -0.00843223
   -0.013412   0.00755496  0.000879153
 -0.00843223  0.000879153     0.105489
   0.0388982   -0.0156101   -0.0113935
  -0.0156101    0.0081162  -0.00127669
  -0.0113935  -0.00127669     0.101332
   0.0403902   -0.0145157   -0.0128708
  -0.0145157   0.00722123  -0.00136127
  -0.0128708  -0.00136127     0.101695
   0.0360685   -0.0124146  -0.00997339
  -0.0124146   0.00663315  0.000770737
 -0.00997339  0.000770737     0.106185
    0.046312   -0.0177378   -0.0160434
  -0.0177378   0.00864912  -0.00152896
  -0.0160434  -0.00152896    0.0946341
   0.0562846   -0.0251245   -0.0102445
  -0.0251245    0.0121073   0.00431174
  -0.0102445   0.00431174    0.0824608
   0.0491489   -0.0211076  -0.00678328
  -0.0211076    0.0103405   0.00387007
 -0.00678328   0.00387007    0.0919088
    0.048986   -0.0210011  -0.00490215
  -0.0210011    0.0102142   0.00542105
 -0.00490215   0.00542105     0.091068
   0.0552776   -0.0247231  -0.00848069
  -0.0247231    0.0119011   0.00584088
 -0.00848069   0.00584088    0.0821643
   0.0433403   -0.0179136  -0.00143223
  -0.0179136   0.00917534   0.00600601
 -0.00143223   0.00600601     0.098729
   0.0476712   -0.0205209   -0.0034966
  -0.0205209    0.0099607   0.00677595
  -0.0034966   0.00677595    0.0902783
   0.0428071   -0.0177286 -6.33558e-05
  -0.0177286   0.00898859   0.00723623
-6.33558e-05   0.00723623    0.0974832
   0.0536286   -0.0242026  -0.00710336
  -0.0242026    0.0117174   0.00716778
 -0.00710336   0.00716778    0.0818127
   0.0390146   -0.0158137   0.00266593
  -0.0158137   0.00889601   0.00894891
  0.00266593   0.00894891     0.102365
   0.0391143   -0.0158511   0.00154805
  -0.0158511   0.00909226   0.00783584
  0.00154805   0.00783584      0.10369
   0.0384599   -0.0157673 -6.38813e-05
  -0.0157673   0.00918587   0.00627124
-6.38813e-05   0.00627124     0.104636
   0.0429734   -0.0178934  -0.00319596
  -0.0178934   0.00929369   0.00436698
 -0.00319596   0.00436698    0.0997671
   0.0211046   -0.0315183  -0.00577627
  -0.0315183    0.0954619    0.0541565
 -0.00577627    0.0541565    0.0589875
   0.0219303   -0.0312278  -0.00408139
  -0.0312278    0.0920443    0.0526228
 -0.00408139    0.0526228    0.0606392
   0.0226427   -0.0314842  -0.00642846
  -0.0314842    0.0797388    0.0499663
 -0.00642846    0.0499663    0.0654826
   0.0239123   -0.0313595  -0.00430569
  -0.0313595     0.076943    0.0481875
 -0.00430569    0.0481875    0.0666053
   0.0231489   -0.0309862   -0.0022182
  -0.0309862    0.0885303    0.0510649
  -0.0022182    0.0510649     0.062054
   0.0246876   -0.0309998  -0.00622007
  -0.0309998    0.0658454    0.0447519
 -0.00622007    0.0447519    0.0709381
   0.0254475   -0.0311585  -0.00206344
  -0.0311585    0.0745079    0.0468083
